[name]
unknown

[dist]
# distance from previous block
# <min> <max>
25	88

[block]
# block no. 0 follows, 34 sequences, length 15
# corresponding to MSA columns:
# 103-117
name=unknown_A
#
# <colnr> <probs for GDERKNQSTAVLIFYWHMCP>
#	G	D	E	R	K	N	Q	S	T	A	V	L	I	F	Y	W	H	M	C	P
0	0.11216	0.00944	0.01095	0.00972	0.01258	0.00936	0.00752	0.06050	0.07416	0.18706	0.20944	0.13871	0.08950	0.03057	0.00749	0.00223	0.00445	0.00988	0.00653	0.00772
1	0.13317	0.01199	0.01396	0.01139	0.01568	0.01210	0.00923	0.08867	0.15691	0.37171	0.08792	0.02269	0.01923	0.00834	0.00627	0.00203	0.00527	0.00667	0.00695	0.00984
2	0.01523	0.00770	0.00991	0.00912	0.01133	0.00703	0.00690	0.01733	0.01540	0.23649	0.16444	0.16901	0.06757	0.10140	0.01012	0.00263	0.00447	0.05131	0.08549	0.00712
3	0.00927	0.00635	0.00795	0.00843	0.00936	0.00598	0.00585	0.01066	0.01310	0.04208	0.12874	0.32800	0.12869	0.18456	0.04164	0.00358	0.00484	0.04990	0.00566	0.00535
4	0.00873	0.00637	0.00835	0.00913	0.00966	0.00636	0.00634	0.00976	0.01237	0.01658	0.08136	0.49711	0.08448	0.08438	0.01211	0.05160	0.04892	0.03569	0.00551	0.00519
5	0.01161	0.00705	0.01001	0.01084	0.05322	0.00701	0.00716	0.01200	0.05311	0.03750	0.07873	0.12304	0.03889	0.01876	0.01753	0.45866	0.00520	0.04071	0.00422	0.00475
6	0.07369	0.01200	0.01418	0.13492	0.08108	0.05584	0.01063	0.02108	0.16726	0.09810	0.06617	0.07241	0.06406	0.08968	0.00931	0.00254	0.00613	0.00794	0.00513	0.00788
7	0.05635	0.01103	0.01216	0.01072	0.01336	0.04166	0.00824	0.14703	0.06498	0.10080	0.08146	0.05608	0.06933	0.12806	0.16527	0.00439	0.00817	0.00804	0.00539	0.00748
8	0.08727	0.01028	0.01241	0.05796	0.03655	0.01111	0.00887	0.13835	0.05517	0.05367	0.11829	0.14956	0.02474	0.07110	0.05453	0.04412	0.02416	0.00895	0.02570	0.00720
9	0.12517	0.01461	0.01708	0.29169	0.06080	0.08577	0.01336	0.16086	0.01752	0.06945	0.04870	0.01858	0.03484	0.00738	0.00616	0.00202	0.00744	0.00589	0.00445	0.00825
10	0.14258	0.01193	0.01487	0.10805	0.06785	0.01204	0.03438	0.08127	0.05985	0.04192	0.03513	0.06915	0.03497	0.00763	0.00577	0.00178	0.00573	0.00634	0.04288	0.21587
11	0.11084	0.06123	0.01824	0.01721	0.13759	0.08892	0.01185	0.22397	0.09789	0.05251	0.01730	0.05569	0.03558	0.00791	0.00605	0.00192	0.00675	0.00625	0.00504	0.03725
12	0.12467	0.03946	0.01670	0.03927	0.11442	0.14273	0.01132	0.12313	0.12147	0.05975	0.01637	0.06258	0.01389	0.05309	0.00758	0.00219	0.00704	0.00630	0.00475	0.03328
13	0.10761	0.03873	0.03837	0.16302	0.08348	0.01533	0.05449	0.19490	0.07848	0.02585	0.04082	0.06300	0.01476	0.04439	0.00758	0.00226	0.00695	0.00679	0.00466	0.00854
14	0.07013	0.01545	0.06162	0.05970	0.24969	0.03577	0.01424	0.15715	0.04294	0.09258	0.07176	0.01904	0.01505	0.00872	0.03368	0.00225	0.00727	0.00610	0.00477	0.03207

[dist]
# distance from previous block
# <min> <max>
2	22

[block]
# block no. 1 follows, 34 sequences, length 42
# corresponding to MSA columns:
# 140-181
name=unknown_B
#
# <colnr> <probs for GDERKNQSTAVLIFYWHMCP>
#	G	D	E	R	K	N	Q	S	T	A	V	L	I	F	Y	W	H	M	C	P
0	0.07703	0.01514	0.04141	0.04265	0.20461	0.03682	0.07947	0.12450	0.05232	0.15104	0.04982	0.01834	0.01378	0.00694	0.00631	0.00193	0.00700	0.00607	0.00497	0.05985
1	0.09223	0.01456	0.02090	0.09203	0.27375	0.05129	0.08233	0.07868	0.03697	0.08930	0.04966	0.04004	0.03511	0.00739	0.00644	0.00201	0.00725	0.00663	0.00442	0.00902
2	0.09772	0.03780	0.06024	0.06363	0.21891	0.04295	0.05959	0.06490	0.01542	0.11378	0.01542	0.01790	0.03399	0.03037	0.00714	0.00202	0.02166	0.00575	0.00422	0.08658
3	0.13171	0.04089	0.01911	0.03383	0.12021	0.12911	0.09012	0.06290	0.10174	0.08994	0.01821	0.04067	0.05275	0.00759	0.00614	0.00195	0.00727	0.00634	0.00463	0.03488
4	0.09527	0.01539	0.14293	0.08613	0.13217	0.01274	0.03685	0.07696	0.03600	0.04376	0.01800	0.09121	0.01691	0.08833	0.00934	0.00261	0.00706	0.07602	0.00430	0.00801
5	0.01808	0.14904	0.09608	0.01781	0.13327	0.08350	0.03483	0.08425	0.04945	0.10642	0.03576	0.03965	0.01328	0.00848	0.02928	0.00209	0.02672	0.00580	0.00436	0.06184
6	0.08882	0.05068	0.14240	0.06434	0.19829	0.03594	0.03594	0.01904	0.04116	0.04241	0.11186	0.04394	0.01783	0.00749	0.00616	0.00191	0.00683	0.00643	0.00411	0.07443
7	0.01690	0.01458	0.06000	0.05105	0.39211	0.01354	0.03517	0.06265	0.03763	0.11718	0.08343	0.02211	0.04969	0.00749	0.00661	0.00198	0.00686	0.00682	0.00459	0.00959
8	0.01547	0.01215	0.03712	0.05923	0.12188	0.01050	0.01079	0.06491	0.01577	0.10860	0.09042	0.07561	0.01831	0.00770	0.00604	0.00163	0.00556	0.00662	0.00483	0.32686
9	0.01384	0.01168	0.05273	0.01720	0.17762	0.01023	0.03262	0.03899	0.01571	0.09917	0.14242	0.09975	0.15418	0.01068	0.00737	0.00203	0.02873	0.00928	0.00525	0.07054
10	0.01604	0.01408	0.07338	0.06732	0.06173	0.03062	0.01117	0.05600	0.01510	0.10678	0.03465	0.01635	0.01193	0.00630	0.00625	0.00152	0.03993	0.00498	0.03054	0.39534
11	0.01051	0.00774	0.01077	0.01195	0.04623	0.00757	0.02777	0.03038	0.04592	0.04055	0.05415	0.43073	0.05832	0.01705	0.00809	0.00257	0.00481	0.17264	0.00591	0.00632
12	0.13069	0.01579	0.01528	0.01314	0.01718	0.06398	0.01042	0.19438	0.41040	0.02987	0.02024	0.01934	0.01511	0.00800	0.00614	0.00207	0.00600	0.00621	0.00598	0.00978
13	0.01048	0.01050	0.07350	0.04057	0.05979	0.00882	0.00968	0.01272	0.01243	0.01757	0.02390	0.39045	0.02672	0.05293	0.03016	0.00265	0.06117	0.01182	0.00466	0.13947
14	0.05122	0.03012	0.61661	0.01885	0.06775	0.01507	0.02196	0.02125	0.05923	0.02133	0.01245	0.01431	0.00899	0.00628	0.00608	0.00205	0.00894	0.00494	0.00306	0.00951
15	0.03115	0.12976	0.43966	0.03687	0.07895	0.04016	0.01933	0.06805	0.01508	0.04485	0.01251	0.01533	0.00957	0.00653	0.00595	0.00195	0.00860	0.02304	0.00334	0.00930
16	0.04136	0.01535	0.02785	0.16791	0.12037	0.01616	0.32282	0.05339	0.07512	0.02134	0.01344	0.01723	0.01034	0.00651	0.00793	0.00217	0.06178	0.00664	0.00361	0.00867
17	0.00768	0.00639	0.00671	0.00696	0.00884	0.00542	0.00509	0.00923	0.01433	0.01729	0.06038	0.18231	0.61314	0.01702	0.00774	0.00226	0.00335	0.01444	0.00600	0.00542
18	0.03341	0.20378	0.35809	0.01789	0.06363	0.01727	0.09015	0.02105	0.01404	0.08571	0.01231	0.01411	0.00920	0.00620	0.00620	0.00191	0.02753	0.00497	0.00334	0.00922
19	0.02328	0.04436	0.01780	0.01598	0.06061	0.40162	0.01175	0.07225	0.01820	0.18228	0.01515	0.03711	0.01180	0.00968	0.04752	0.00228	0.00965	0.00545	0.00467	0.00856
20	0.00907	0.00681	0.00842	0.00798	0.00969	0.00627	0.00600	0.01230	0.03842	0.02435	0.58328	0.05017	0.18586	0.01367	0.00759	0.00207	0.00315	0.01192	0.00689	0.00610
21	0.01336	0.01286	0.08317	0.07176	0.01922	0.01196	0.09549	0.10056	0.01488	0.04722	0.04143	0.13358	0.05906	0.04383	0.13016	0.02873	0.07230	0.00872	0.00444	0.00729
22	0.03651	0.05474	0.07095	0.03674	0.01639	0.05217	0.06825	0.01681	0.04060	0.10679	0.02570	0.37375	0.02692	0.01343	0.00723	0.00230	0.00596	0.03226	0.00529	0.00720
23	0.01331	0.01257	0.02104	0.54760	0.22458	0.01467	0.01822	0.01789	0.03351	0.01802	0.01208	0.01710	0.00936	0.00634	0.00645	0.00209	0.00827	0.00579	0.00306	0.00807
24	0.00932	0.00658	0.00865	0.00865	0.00921	0.00714	0.00592	0.01043	0.00987	0.01372	0.01889	0.03415	0.01996	0.42418	0.37680	0.00825	0.01158	0.00821	0.00370	0.00481
25	0.04764	0.02132	0.22042	0.01672	0.05357	0.14447	0.06895	0.05684	0.05521	0.04153	0.06130	0.08058	0.03639	0.00885	0.00713	0.00209	0.03643	0.02798	0.00424	0.00832
26	0.04037	0.06591	0.04168	0.02113	0.16403	0.35921	0.06269	0.06473	0.08208	0.02015	0.01243	0.01426	0.00998	0.00656	0.00604	0.00182	0.00944	0.00507	0.00375	0.00868
27	0.01296	0.03342	0.73944	0.01842	0.02797	0.01501	0.02387	0.02046	0.01364	0.02046	0.01160	0.01364	0.00818	0.00614	0.00614	0.00205	0.00955	0.00477	0.00273	0.00955
28	0.00914	0.00659	0.00909	0.00925	0.00998	0.00725	0.00663	0.01064	0.01030	0.01442	0.02011	0.10751	0.02109	0.26042	0.45873	0.00836	0.01262	0.00884	0.00386	0.00517
29	0.01480	0.01731	0.13825	0.17033	0.38187	0.01478	0.08753	0.01941	0.01445	0.03656	0.03470	0.01714	0.01127	0.00620	0.00653	0.00201	0.00828	0.00598	0.00330	0.00928
30	0.10607	0.12403	0.12846	0.01594	0.05398	0.03844	0.11194	0.07979	0.08267	0.04653	0.03368	0.01580	0.01168	0.00640	0.00577	0.00180	0.00724	0.00533	0.00412	0.12033
31	0.40325	0.05558	0.01603	0.28727	0.04776	0.01500	0.03170	0.01855	0.01229	0.04445	0.01063	0.01369	0.00812	0.00618	0.00517	0.00202	0.00671	0.00460	0.00359	0.00741
32	0.01166	0.00789	0.00925	0.00883	0.01095	0.00737	0.00660	0.08447	0.01650	0.08744	0.14259	0.26389	0.28706	0.01541	0.00759	0.00225	0.00399	0.01331	0.00639	0.00657
33	0.01558	0.16749	0.19862	0.03234	0.06320	0.05605	0.01424	0.03434	0.09964	0.06824	0.01728	0.12916	0.01557	0.00894	0.00702	0.00203	0.05035	0.00711	0.00420	0.00859
34	0.01727	0.09710	0.08190	0.09266	0.24560	0.10084	0.09841	0.04361	0.01522	0.06281	0.01227	0.01517	0.00970	0.00637	0.00698	0.00192	0.04907	0.00546	0.00351	0.03412
35	0.00797	0.00580	0.00752	0.00869	0.00934	0.00535	0.00591	0.00932	0.01313	0.01745	0.10257	0.63753	0.10712	0.01924	0.00813	0.00253	0.00364	0.01732	0.00610	0.00535
36	0.00929	0.00694	0.00857	0.00952	0.03372	0.00665	0.00653	0.01222	0.06157	0.01953	0.14480	0.34769	0.16918	0.03938	0.00837	0.00244	0.00387	0.03751	0.06624	0.00596
37	0.06908	0.06997	0.36461	0.01724	0.04710	0.09121	0.06084	0.05508	0.03554	0.10994	0.01354	0.01477	0.00972	0.00647	0.00602	0.00196	0.00860	0.00510	0.00386	0.00933
38	0.02007	0.11710	0.01981	0.09131	0.02098	0.18819	0.03446	0.13954	0.09765	0.10750	0.01634	0.06449	0.01327	0.00806	0.00667	0.00194	0.03281	0.00622	0.00481	0.00876
39	0.08428	0.00705	0.00834	0.00825	0.00899	0.00761	0.00553	0.01097	0.00986	0.01484	0.01833	0.03393	0.01961	0.46980	0.25909	0.00719	0.00968	0.00806	0.00378	0.00479
40	0.01838	0.45990	0.07329	0.08201	0.02080	0.16839	0.01287	0.06510	0.01530	0.01743	0.01000	0.01180	0.00850	0.00602	0.00497	0.00159	0.00820	0.00404	0.00312	0.00828
41	0.06702	0.01229	0.01531	0.01407	0.09205	0.01164	0.01001	0.11751	0.01654	0.14937	0.03165	0.08603	0.01491	0.00787	0.00660	0.00171	0.04099	0.00636	0.00510	0.29295

[dist]
# distance from previous block
# <min> <max>
0	1

[block]
# block no. 2 follows, 34 sequences, length 33
# corresponding to MSA columns:
# 183-215
name=unknown_C
#
# <colnr> <probs for GDERKNQSTAVLIFYWHMCP>
#	G	D	E	R	K	N	Q	S	T	A	V	L	I	F	Y	W	H	M	C	P
0	0.01919	0.45240	0.02702	0.03274	0.01824	0.09081	0.01146	0.18590	0.03912	0.02217	0.03804	0.01373	0.01125	0.00658	0.00512	0.00161	0.00725	0.00457	0.00398	0.00881
1	0.01370	0.05168	0.65297	0.01927	0.06461	0.04616	0.02285	0.02063	0.01388	0.02016	0.01149	0.01360	0.00830	0.00612	0.00609	0.00201	0.00947	0.00477	0.00278	0.00947
2	0.01662	0.08790	0.02610	0.03154	0.48959	0.01678	0.06726	0.06602	0.09308	0.02243	0.01369	0.01642	0.01111	0.00617	0.00630	0.00192	0.00752	0.00585	0.00374	0.00999
3	0.01581	0.23132	0.06297	0.01597	0.05294	0.07104	0.10697	0.03809	0.01431	0.04408	0.01537	0.05385	0.01427	0.01019	0.03714	0.00236	0.08873	0.08077	0.03590	0.00791
4	0.01124	0.01358	0.12122	0.04808	0.04823	0.01041	0.17663	0.01529	0.01578	0.02152	0.25763	0.03621	0.17611	0.01041	0.00731	0.00210	0.00632	0.00964	0.00499	0.00729
5	0.00938	0.00680	0.01011	0.01011	0.01113	0.00782	0.00773	0.01122	0.01020	0.01462	0.01698	0.02563	0.01608	0.07528	0.66561	0.06947	0.01600	0.00692	0.00343	0.00548
6	0.01507	0.08911	0.34074	0.02128	0.02881	0.06933	0.30275	0.02085	0.01460	0.01978	0.01186	0.01477	0.00887	0.00584	0.00656	0.00202	0.01003	0.00579	0.00300	0.00895
7	0.01241	0.01088	0.01773	0.54988	0.10777	0.01293	0.01578	0.01637	0.01317	0.01806	0.01379	0.04505	0.01114	0.00704	0.00624	0.00205	0.00754	0.00624	0.11867	0.00725
8	0.02271	0.02736	0.01892	0.08000	0.06157	0.58996	0.01333	0.07646	0.01857	0.01805	0.01065	0.01265	0.00865	0.00667	0.00596	0.00174	0.01083	0.00451	0.00352	0.00788
9	0.00928	0.00674	0.00946	0.00946	0.01030	0.00758	0.00693	0.01095	0.01011	0.01432	0.01815	0.03005	0.01818	0.24866	0.54989	0.00925	0.01426	0.00761	0.00359	0.00526
10	0.01013	0.00651	0.00847	0.00852	0.00962	0.00709	0.00635	0.01235	0.01138	0.01775	0.01953	0.05262	0.01806	0.11838	0.39493	0.00672	0.01086	0.00731	0.26781	0.00562
11	0.02353	0.02965	0.01890	0.01835	0.07264	0.69291	0.01303	0.02536	0.01804	0.01620	0.01015	0.01197	0.00846	0.00659	0.00587	0.00168	0.01136	0.00428	0.00332	0.00769
12	0.01296	0.03342	0.73944	0.01842	0.02797	0.01501	0.02387	0.02046	0.01364	0.02046	0.01160	0.01364	0.00818	0.00614	0.00614	0.00205	0.00955	0.00477	0.00273	0.00955
13	0.01041	0.00744	0.01041	0.01190	0.01339	0.00744	0.01041	0.01339	0.01487	0.01934	0.03421	0.07288	0.03719	0.01785	0.00892	0.00297	0.00595	0.68913	0.00595	0.00595
14	0.00787	0.00562	0.00750	0.00900	0.00937	0.00525	0.00600	0.00900	0.01237	0.01649	0.03561	0.76871	0.04274	0.02024	0.00825	0.00262	0.00375	0.01837	0.00600	0.00525
15	0.00787	0.00562	0.00750	0.00900	0.00937	0.00525	0.00600	0.00900	0.01237	0.01649	0.03561	0.76871	0.04274	0.02024	0.00825	0.00262	0.00375	0.01837	0.00600	0.00525
16	0.01579	0.01522	0.02552	0.03717	0.65411	0.01584	0.01921	0.01936	0.01418	0.02050	0.01175	0.01579	0.01004	0.00637	0.00802	0.00202	0.09032	0.00575	0.00316	0.00989
17	0.00787	0.00562	0.00750	0.00900	0.00937	0.00525	0.00600	0.00900	0.01237	0.01649	0.03561	0.76871	0.04274	0.02024	0.00825	0.00262	0.00375	0.01837	0.00600	0.00525
18	0.00812	0.00580	0.00776	0.00913	0.00965	0.00544	0.00629	0.00949	0.01292	0.01729	0.08061	0.67688	0.04356	0.01963	0.00825	0.00261	0.00385	0.06131	0.00607	0.00535
19	0.00766	0.00644	0.00665	0.00681	0.00880	0.00543	0.00503	0.00924	0.01447	0.01735	0.06218	0.13968	0.65461	0.01679	0.00770	0.00223	0.00332	0.01416	0.00600	0.00543
20	0.01393	0.11353	0.59773	0.01803	0.02682	0.01640	0.06321	0.04169	0.01420	0.02053	0.01152	0.01357	0.00838	0.00608	0.00602	0.00198	0.00926	0.00483	0.00288	0.00941
21	0.00787	0.00562	0.00750	0.00900	0.00937	0.00525	0.00600	0.00900	0.01237	0.01649	0.03561	0.76871	0.04274	0.02024	0.00825	0.00262	0.00375	0.01837	0.00600	0.00525
22	0.01727	0.77681	0.03386	0.01106	0.01658	0.02557	0.01106	0.01935	0.01313	0.01520	0.00898	0.01036	0.00829	0.00553	0.00415	0.00138	0.00691	0.00345	0.00276	0.00829
23	0.68486	0.09092	0.01263	0.00917	0.01341	0.01599	0.00776	0.06424	0.01248	0.02835	0.00942	0.01081	0.00739	0.00606	0.00417	0.00193	0.00533	0.00365	0.00403	0.00739
24	0.00839	0.00658	0.00759	0.00734	0.00919	0.00578	0.00550	0.01074	0.01651	0.02169	0.39818	0.05521	0.39463	0.01478	0.00763	0.00211	0.00316	0.01266	0.00656	0.00578
25	0.01628	0.58845	0.15711	0.01280	0.01862	0.02327	0.01355	0.01926	0.01298	0.01615	0.00941	0.01123	0.00829	0.00607	0.00578	0.00161	0.06412	0.00385	0.00276	0.00842
26	0.00785	0.00570	0.00742	0.00879	0.00932	0.00527	0.00591	0.00902	0.01257	0.01657	0.03812	0.70937	0.10045	0.01992	0.00820	0.00259	0.00371	0.01797	0.00600	0.00527
27	0.07444	0.01012	0.01136	0.01024	0.01307	0.01057	0.00799	0.06665	0.20742	0.08574	0.26048	0.07171	0.10146	0.01145	0.00696	0.00213	0.00437	0.02933	0.00657	0.00791
28	0.09848	0.20402	0.06997	0.01382	0.01851	0.22208	0.04098	0.05859	0.06920	0.09209	0.04462	0.01538	0.01231	0.00687	0.00557	0.00178	0.00796	0.00500	0.00425	0.00850
29	0.00898	0.00902	0.08277	0.00950	0.01149	0.00669	0.00795	0.01165	0.01519	0.02086	0.31188	0.30841	0.11157	0.01553	0.00775	0.00230	0.00411	0.04215	0.00611	0.00607
30	0.01574	0.10950	0.33000	0.01630	0.02336	0.01656	0.07755	0.11871	0.11082	0.02367	0.01394	0.01524	0.01041	0.00646	0.00602	0.00188	0.00797	0.00527	0.00392	0.08668
31	0.46360	0.06410	0.08353	0.01101	0.01593	0.03701	0.03063	0.02112	0.03916	0.10178	0.01200	0.01300	0.00896	0.00621	0.00480	0.00189	0.00598	0.00425	0.00427	0.07078
32	0.01603	0.17961	0.37161	0.01607	0.04749	0.03359	0.01735	0.08724	0.03658	0.04722	0.01235	0.01378	0.00930	0.00619	0.00567	0.00179	0.00805	0.00468	0.00353	0.08187

[dist]
# distance from previous block
# <min> <max>
0	1

[block]
# block no. 3 follows, 34 sequences, length 26
# corresponding to MSA columns:
# 217-242
name=unknown_D
#
# <colnr> <probs for GDERKNQSTAVLIFYWHMCP>
#	G	D	E	R	K	N	Q	S	T	A	V	L	I	F	Y	W	H	M	C	P
0	0.01267	0.04077	0.10234	0.39586	0.14388	0.01384	0.01670	0.01746	0.04800	0.01816	0.01548	0.11756	0.01393	0.00824	0.00658	0.00214	0.00769	0.00732	0.00350	0.00786
1	0.01482	0.01415	0.02410	0.26210	0.51935	0.01504	0.01925	0.01880	0.01416	0.01968	0.01195	0.01637	0.00973	0.00597	0.00642	0.00199	0.00797	0.00575	0.00310	0.00929
2	0.03911	0.04485	0.07318	0.03619	0.20025	0.01226	0.03994	0.02054	0.08549	0.13678	0.05324	0.10252	0.07544	0.00969	0.00676	0.00211	0.00622	0.04161	0.00509	0.00873
3	0.01672	0.05333	0.13234	0.01626	0.05877	0.01332	0.11533	0.08494	0.08374	0.13485	0.08120	0.06468	0.03647	0.00874	0.00674	0.00205	0.00686	0.03562	0.00518	0.04286
4	0.00809	0.00579	0.00773	0.00907	0.00959	0.00542	0.00622	0.00946	0.01295	0.01736	0.08883	0.67917	0.04386	0.01958	0.00823	0.00260	0.00380	0.05081	0.00608	0.00535
5	0.01532	0.01467	0.02502	0.16666	0.61085	0.01518	0.01950	0.01924	0.01440	0.02030	0.01204	0.01621	0.00995	0.00588	0.00641	0.00196	0.00784	0.00575	0.00314	0.00969
6	0.01480	0.11910	0.19073	0.01962	0.12350	0.05664	0.13307	0.04544	0.01484	0.03716	0.01754	0.14940	0.03265	0.00877	0.00658	0.00204	0.00791	0.00790	0.00386	0.00845
7	0.01498	0.01551	0.05158	0.22515	0.31400	0.05481	0.10010	0.04066	0.01484	0.01987	0.01350	0.01979	0.01135	0.00789	0.02627	0.00229	0.00874	0.04660	0.00338	0.00871
8	0.01220	0.01148	0.01938	0.75739	0.04450	0.01436	0.01794	0.01651	0.01292	0.01651	0.01148	0.01723	0.00861	0.00646	0.00646	0.00215	0.00861	0.00574	0.00287	0.00718
9	0.01577	0.01512	0.02582	0.08242	0.69162	0.01529	0.01972	0.01963	0.01461	0.02084	0.01211	0.01607	0.01014	0.00580	0.00640	0.00193	0.00773	0.00576	0.00318	0.01005
10	0.13638	0.15438	0.06253	0.01330	0.01832	0.01470	0.09698	0.04541	0.04953	0.25804	0.03858	0.05448	0.01470	0.00761	0.00594	0.00195	0.00647	0.00629	0.00532	0.00909
11	0.01611	0.00833	0.01063	0.00915	0.01197	0.00748	0.00710	0.01899	0.03690	0.27441	0.31750	0.04011	0.14446	0.05700	0.00870	0.00230	0.00420	0.00990	0.00705	0.00771
12	0.00770	0.00655	0.00663	0.00661	0.00877	0.00548	0.00496	0.00940	0.01488	0.01781	0.09327	0.06160	0.70196	0.01623	0.00764	0.00218	0.00326	0.01355	0.00605	0.00548
13	0.01438	0.01363	0.02344	0.13711	0.48949	0.01394	0.05889	0.01810	0.01429	0.01992	0.01539	0.08582	0.01433	0.00778	0.00678	0.00209	0.00756	0.04447	0.00355	0.00903
14	0.01287	0.05748	0.31170	0.01823	0.10912	0.01292	0.06961	0.01818	0.04333	0.03646	0.06258	0.16072	0.04009	0.00955	0.00675	0.00213	0.00734	0.00844	0.00409	0.00843
15	0.00764	0.00655	0.00655	0.00655	0.00873	0.00545	0.00491	0.00927	0.01473	0.01745	0.06546	0.06218	0.73000	0.01636	0.00764	0.00218	0.00327	0.01364	0.00600	0.00545
16	0.01525	0.01743	0.03813	0.02723	0.03377	0.01634	0.70915	0.02070	0.01525	0.02070	0.01307	0.01743	0.00980	0.00545	0.00763	0.00218	0.01089	0.00763	0.00327	0.00871
17	0.10765	0.03781	0.05257	0.01615	0.06140	0.05942	0.10751	0.06998	0.18334	0.10350	0.01863	0.07600	0.01525	0.02676	0.00754	0.00220	0.03330	0.00706	0.00505	0.00889
18	0.01397	0.13757	0.20593	0.01700	0.02208	0.04433	0.15324	0.01847	0.02892	0.01827	0.01411	0.02068	0.01236	0.01357	0.11441	0.00331	0.08823	0.06220	0.00333	0.00802
19	0.00787	0.00562	0.00750	0.00900	0.00937	0.00525	0.00600	0.00900	0.01237	0.01649	0.03561	0.76871	0.04274	0.02024	0.00825	0.00262	0.00375	0.01837	0.00600	0.00525
20	0.01592	0.01534	0.02489	0.05249	0.60433	0.03648	0.04260	0.04126	0.01540	0.02148	0.03545	0.01833	0.03404	0.00641	0.00650	0.00194	0.00763	0.00620	0.00351	0.00978
21	0.01530	0.01307	0.01949	0.17367	0.29678	0.01403	0.01503	0.09219	0.10401	0.04348	0.03832	0.11238	0.01687	0.00858	0.00671	0.00210	0.00680	0.00772	0.00450	0.00897
22	0.00786	0.00567	0.00745	0.00886	0.00934	0.00526	0.00594	0.00901	0.01250	0.01655	0.03725	0.72995	0.08044	0.02003	0.00821	0.00260	0.00372	0.01811	0.00600	0.00526
23	0.01727	0.77681	0.03386	0.01106	0.01658	0.02557	0.01106	0.01935	0.01313	0.01520	0.00898	0.01036	0.00829	0.00553	0.00415	0.00138	0.00691	0.00345	0.00276	0.00829
24	0.04410	0.01791	0.07486	0.02121	0.20881	0.03866	0.01465	0.32736	0.09336	0.07133	0.01563	0.01648	0.01155	0.00714	0.00634	0.00196	0.00722	0.00579	0.00525	0.01038
25	0.00794	0.00572	0.00755	0.00899	0.00947	0.00532	0.00609	0.00914	0.01255	0.01662	0.03680	0.71789	0.07100	0.02001	0.00824	0.00262	0.00380	0.03898	0.00600	0.00528

[dist]
# distance from previous block
# <min> <max>
0	5

# created by:
# /home/berkeley/.conda/envs/busco_data_prod/bin/msa2prfl.pl pipeline/OGs_align_augustus/4893/41549.fs
