[name]
unknown

[dist]
# distance from previous block
# <min> <max>
0	0

[block]
# block no. 0 follows, 33 sequences, length 10
# corresponding to MSA columns:
# 0-9
name=unknown_A
#
# <colnr> <probs for GDERKNQSTAVLIFYWHMCP>
#	G	D	E	R	K	N	Q	S	T	A	V	L	I	F	Y	W	H	M	C	P
0	0.01061	0.00758	0.01061	0.01212	0.01364	0.00758	0.01061	0.01364	0.01515	0.01970	0.03486	0.07426	0.03789	0.01819	0.00909	0.00303	0.00606	0.68326	0.00606	0.00606
1	0.00932	0.00673	0.00880	0.00828	0.00984	0.00621	0.00621	0.01242	0.01863	0.02640	0.72410	0.04918	0.06212	0.01346	0.00776	0.00207	0.00311	0.01191	0.00725	0.00621
2	0.01645	0.57864	0.21834	0.01323	0.01994	0.02322	0.01469	0.02001	0.01351	0.01690	0.00985	0.01144	0.00842	0.00580	0.00476	0.00159	0.00775	0.00387	0.00281	0.00878
3	0.00913	0.00627	0.00723	0.00753	0.00778	0.00612	0.00448	0.00948	0.01058	0.01394	0.02725	0.18719	0.08021	0.56454	0.02662	0.00534	0.00565	0.01170	0.00457	0.00437
4	0.02442	0.01814	0.01941	0.01502	0.02018	0.02013	0.01237	0.65832	0.07925	0.04051	0.01658	0.01642	0.01182	0.00798	0.00659	0.00199	0.00710	0.00603	0.00659	0.01114
5	0.00817	0.00579	0.00760	0.00898	0.00932	0.00545	0.00591	0.00921	0.01232	0.01642	0.03480	0.69561	0.04167	0.09191	0.01080	0.00303	0.00406	0.01784	0.00591	0.00522
6	0.01501	0.01433	0.02439	0.27806	0.49998	0.01530	0.01956	0.01908	0.01438	0.01994	0.01216	0.01671	0.00988	0.00610	0.00654	0.00203	0.00814	0.00586	0.00315	0.00939
7	0.01728	0.01768	0.02523	0.07276	0.59286	0.11888	0.01904	0.02090	0.01542	0.02051	0.01204	0.01573	0.01007	0.00603	0.00644	0.00193	0.00844	0.00563	0.00326	0.00987
8	0.05381	0.01163	0.01624	0.17108	0.02282	0.01167	0.01168	0.02769	0.04373	0.49218	0.02151	0.02064	0.01413	0.00792	0.00721	0.00212	0.04102	0.00633	0.00658	0.01000
9	0.07725	0.01514	0.01931	0.50925	0.08682	0.11838	0.01652	0.04705	0.01466	0.01906	0.01151	0.01605	0.00882	0.00658	0.00629	0.00208	0.00880	0.00545	0.00326	0.00773

[dist]
# distance from previous block
# <min> <max>
0	1

[block]
# block no. 1 follows, 33 sequences, length 7
# corresponding to MSA columns:
# 11-17
name=unknown_B
#
# <colnr> <probs for GDERKNQSTAVLIFYWHMCP>
#	G	D	E	R	K	N	Q	S	T	A	V	L	I	F	Y	W	H	M	C	P
0	0.02015	0.02086	0.01942	0.05836	0.10039	0.26620	0.01371	0.14136	0.13373	0.02295	0.01398	0.01583	0.01112	0.00795	0.00869	0.00207	0.12436	0.00556	0.00437	0.00893
1	0.02060	0.13901	0.01972	0.01458	0.01826	0.36434	0.01160	0.11541	0.07416	0.02023	0.01324	0.01535	0.01099	0.01341	0.11791	0.00308	0.01084	0.00504	0.00402	0.00820
2	0.10275	0.00804	0.01150	0.01350	0.12007	0.00827	0.00811	0.01159	0.00986	0.01503	0.01133	0.01839	0.01079	0.01836	0.02032	0.59305	0.00597	0.00550	0.00306	0.00451
3	0.08919	0.01556	0.02254	0.12396	0.39700	0.05090	0.01714	0.05189	0.01458	0.02145	0.01148	0.01542	0.00958	0.00699	0.00861	0.00213	0.12349	0.00556	0.00340	0.00913
4	0.11240	0.01738	0.02205	0.08685	0.09995	0.13808	0.14111	0.03932	0.01447	0.02056	0.01106	0.01460	0.00909	0.00707	0.00901	0.00206	0.14894	0.00543	0.00346	0.09712
5	0.09072	0.01202	0.01478	0.14997	0.02080	0.01299	0.01086	0.17420	0.07165	0.14645	0.10282	0.12266	0.02226	0.00999	0.00675	0.00216	0.00595	0.00836	0.00596	0.00867
6	0.01791	0.01586	0.02134	0.16687	0.12496	0.05873	0.09182	0.23595	0.05389	0.02643	0.01589	0.07657	0.01327	0.00796	0.00675	0.00205	0.00786	0.00702	0.00468	0.04419

[dist]
# distance from previous block
# <min> <max>
10	52

[block]
# block no. 2 follows, 33 sequences, length 8
# corresponding to MSA columns:
# 71-78
name=unknown_C
#
# <colnr> <probs for GDERKNQSTAVLIFYWHMCP>
#	G	D	E	R	K	N	Q	S	T	A	V	L	I	F	Y	W	H	M	C	P
0	0.04175	0.01839	0.11466	0.04824	0.17610	0.08252	0.06937	0.10770	0.07996	0.05230	0.04190	0.02223	0.01503	0.00786	0.00667	0.00206	0.00784	0.06047	0.00454	0.04040
1	0.06939	0.04886	0.02149	0.07806	0.24190	0.07112	0.06350	0.02472	0.15081	0.11585	0.01644	0.01787	0.01245	0.00684	0.00631	0.00199	0.00734	0.00597	0.00461	0.03450
2	0.07586	0.01315	0.01587	0.01803	0.17946	0.04635	0.01124	0.03984	0.20842	0.07992	0.04597	0.08880	0.01941	0.08558	0.00924	0.00251	0.00610	0.00777	0.00525	0.04124
3	0.07681	0.01755	0.10063	0.02601	0.35456	0.05791	0.01609	0.06647	0.01600	0.05151	0.04148	0.01654	0.01212	0.00639	0.00611	0.00184	0.00737	0.00550	0.00394	0.11516
4	0.01913	0.01442	0.01930	0.05319	0.22496	0.01453	0.01340	0.18653	0.08337	0.11473	0.04545	0.01866	0.01417	0.00710	0.00634	0.00185	0.00652	0.00604	0.00524	0.14508
5	0.02344	0.02351	0.02075	0.02057	0.14192	0.38295	0.04767	0.12193	0.01964	0.11532	0.01359	0.01487	0.01030	0.00690	0.00631	0.00185	0.00966	0.00525	0.00445	0.00915
6	0.01620	0.07009	0.11092	0.06290	0.01964	0.01144	0.01124	0.01973	0.01442	0.12817	0.01369	0.01505	0.01039	0.00573	0.00539	0.00140	0.00605	0.00455	0.00425	0.46875
7	0.01233	0.00970	0.01187	0.01101	0.01320	0.06195	0.00859	0.01472	0.01209	0.06084	0.01683	0.02302	0.01498	0.03783	0.54563	0.00813	0.01478	0.00641	0.00385	0.11225

[dist]
# distance from previous block
# <min> <max>
2	17

[block]
# block no. 3 follows, 33 sequences, length 29
# corresponding to MSA columns:
# 96-124
name=unknown_D
#
# <colnr> <probs for GDERKNQSTAVLIFYWHMCP>
#	G	D	E	R	K	N	Q	S	T	A	V	L	I	F	Y	W	H	M	C	P
0	0.02002	0.11930	0.10286	0.01606	0.02159	0.11681	0.11200	0.11236	0.12283	0.12453	0.01622	0.01677	0.01195	0.00695	0.00625	0.00190	0.00802	0.00574	0.00485	0.05300
1	0.01556	0.09570	0.01660	0.01354	0.05083	0.05558	0.01040	0.13833	0.05442	0.04813	0.01680	0.02188	0.01447	0.02682	0.34484	0.00587	0.01203	0.02421	0.00439	0.02960
2	0.06066	0.01414	0.01535	0.01265	0.01676	0.05224	0.01013	0.25199	0.08306	0.17048	0.01981	0.08072	0.01586	0.01350	0.09102	0.00297	0.00760	0.00704	0.00603	0.06799
3	0.01562	0.02197	0.22132	0.02323	0.07633	0.04368	0.31275	0.04260	0.09579	0.02194	0.01412	0.01695	0.01064	0.00656	0.00774	0.00217	0.04708	0.00653	0.00364	0.00933
4	0.00802	0.00573	0.00764	0.00917	0.00955	0.00535	0.00611	0.00917	0.01260	0.01681	0.03628	0.76434	0.04354	0.02062	0.00840	0.00267	0.00382	0.01872	0.00611	0.00535
5	0.01365	0.01170	0.01365	0.00975	0.01560	0.00878	0.00780	0.01658	0.01365	0.02145	0.01170	0.01365	0.00975	0.00488	0.00488	0.00098	0.00488	0.00390	0.00390	0.80888
6	0.01606	0.05680	0.10173	0.01890	0.14968	0.01662	0.01389	0.02980	0.46759	0.02501	0.02146	0.02106	0.01633	0.00788	0.00648	0.00212	0.00631	0.00664	0.00540	0.01024
7	0.00852	0.00676	0.00771	0.00783	0.00973	0.00596	0.00603	0.01069	0.01583	0.02010	0.22343	0.08750	0.45164	0.01622	0.00796	0.00230	0.00363	0.09599	0.00639	0.00577
8	0.17584	0.28413	0.02258	0.01324	0.01751	0.26071	0.01119	0.07295	0.01585	0.02040	0.00997	0.01161	0.00842	0.00657	0.00581	0.00174	0.04581	0.00406	0.00354	0.00806
9	0.02427	0.01234	0.01610	0.03720	0.05526	0.01174	0.01076	0.15144	0.02016	0.42164	0.06536	0.02470	0.01843	0.00862	0.00671	0.00202	0.00595	0.04377	0.00702	0.05650
10	0.01599	0.01509	0.02465	0.14052	0.51665	0.01622	0.01891	0.05547	0.01506	0.02129	0.01207	0.01625	0.01004	0.00667	0.00810	0.00209	0.08605	0.00586	0.00335	0.00968
11	0.01595	0.18057	0.40432	0.01807	0.02598	0.01794	0.12311	0.07730	0.01560	0.04418	0.01228	0.01423	0.00910	0.00622	0.00611	0.00196	0.00905	0.00517	0.00335	0.00951
12	0.01387	0.01317	0.02234	0.48813	0.29881	0.01500	0.01900	0.01808	0.01384	0.01856	0.01195	0.01708	0.00939	0.00632	0.00656	0.00211	0.00842	0.00586	0.00305	0.00847
13	0.02140	0.06647	0.02062	0.07848	0.04590	0.38586	0.04952	0.11671	0.11180	0.02149	0.01344	0.01494	0.01055	0.00704	0.00620	0.00187	0.00966	0.00522	0.00418	0.00866
14	0.01563	0.01496	0.02552	0.16339	0.60980	0.01547	0.01987	0.01962	0.01467	0.02070	0.01227	0.01651	0.01014	0.00599	0.00653	0.00200	0.00799	0.00586	0.00320	0.00989
15	0.01547	0.00809	0.01077	0.00933	0.01196	0.00727	0.00727	0.01841	0.01870	0.24131	0.51150	0.04102	0.04816	0.01184	0.00742	0.00206	0.00387	0.01030	0.00752	0.00773
16	0.32752	0.01178	0.01315	0.01055	0.01526	0.01161	0.00871	0.02725	0.01595	0.46564	0.01960	0.01796	0.01282	0.00738	0.00565	0.00204	0.00541	0.00546	0.00660	0.00966
17	0.02022	0.01605	0.01705	0.01418	0.01858	0.01817	0.01135	0.33310	0.41130	0.03374	0.02191	0.02067	0.01614	0.00847	0.00665	0.00212	0.00611	0.00677	0.00665	0.01076
18	0.02193	0.01649	0.01917	0.01520	0.01986	0.01793	0.05184	0.55061	0.02729	0.03652	0.01892	0.06474	0.01589	0.00962	0.00703	0.00215	0.00714	0.08119	0.00631	0.01017
19	0.01061	0.00758	0.01061	0.01212	0.01364	0.00758	0.01061	0.01364	0.01515	0.01970	0.03486	0.07426	0.03789	0.01819	0.00909	0.00303	0.00606	0.68326	0.00606	0.00606
20	0.01556	0.01734	0.03650	0.02857	0.10965	0.01673	0.59117	0.02071	0.01518	0.02085	0.01296	0.01742	0.00996	0.00591	0.00838	0.00223	0.05118	0.00745	0.00330	0.00896
21	0.01243	0.01170	0.01975	0.75282	0.04534	0.01463	0.01828	0.01682	0.01316	0.01682	0.01170	0.01755	0.00878	0.00658	0.00658	0.00219	0.00878	0.00585	0.00293	0.00731
22	0.01243	0.01170	0.01975	0.75282	0.04534	0.01463	0.01828	0.01682	0.01316	0.01682	0.01170	0.01755	0.00878	0.00658	0.00658	0.00219	0.00878	0.00585	0.00293	0.00731
23	0.00817	0.00584	0.00781	0.00934	0.00978	0.00548	0.00637	0.00942	0.01275	0.01697	0.03620	0.72450	0.04321	0.02048	0.00844	0.00269	0.00395	0.05708	0.00611	0.00539
24	0.02503	0.01844	0.01976	0.01515	0.02042	0.02042	0.01251	0.70562	0.03095	0.04149	0.01581	0.01581	0.01120	0.00790	0.00659	0.00198	0.00724	0.00593	0.00659	0.01120
25	0.00897	0.00674	0.00806	0.00797	0.00953	0.00615	0.00594	0.01119	0.01592	0.02114	0.35119	0.05535	0.27061	0.11569	0.01133	0.00279	0.00390	0.07552	0.00633	0.00569
26	0.01393	0.01377	0.01991	0.01700	0.01739	0.01878	0.04133	0.01563	0.01035	0.01599	0.00977	0.01573	0.00951	0.01523	0.09627	0.00366	0.64967	0.00598	0.00297	0.00713
27	0.02257	0.02191	0.01963	0.01641	0.02065	0.32910	0.08766	0.08779	0.17323	0.12913	0.01706	0.01725	0.01262	0.00743	0.00647	0.00195	0.00897	0.00584	0.00511	0.00923
28	0.02109	0.01373	0.01694	0.01305	0.01821	0.01326	0.04653	0.16808	0.14727	0.22697	0.01942	0.01878	0.01380	0.00721	0.00621	0.00178	0.00596	0.00594	0.00614	0.22962

[dist]
# distance from previous block
# <min> <max>
9	13

[block]
# block no. 4 follows, 33 sequences, length 7
# corresponding to MSA columns:
# 139-145
name=unknown_E
#
# <colnr> <probs for GDERKNQSTAVLIFYWHMCP>
#	G	D	E	R	K	N	Q	S	T	A	V	L	I	F	Y	W	H	M	C	P
0	0.01301	0.01097	0.09585	0.01218	0.01511	0.00846	0.01131	0.01638	0.01562	0.11192	0.08268	0.08601	0.06849	0.01517	0.00825	0.00267	0.00599	0.40677	0.00604	0.00711
1	0.01365	0.01170	0.01365	0.00975	0.01560	0.00878	0.00780	0.01658	0.01365	0.02145	0.01170	0.01365	0.00975	0.00488	0.00488	0.00098	0.00488	0.00390	0.00390	0.80888
2	0.01369	0.00862	0.01008	0.01017	0.01193	0.04472	0.00734	0.01600	0.04767	0.16451	0.03383	0.50411	0.06780	0.01660	0.00780	0.00245	0.00464	0.01471	0.00642	0.00692
3	0.01212	0.01002	0.01204	0.00979	0.01405	0.00789	0.00761	0.01464	0.01352	0.02025	0.01909	0.19222	0.01964	0.00950	0.00600	0.00152	0.00472	0.05672	0.00457	0.56410
4	0.04655	0.09149	0.02058	0.01556	0.06101	0.04446	0.10086	0.12809	0.05642	0.02396	0.01459	0.01868	0.01221	0.00922	0.04887	0.00221	0.00758	0.04063	0.00434	0.25270
5	0.09072	0.01629	0.01514	0.01321	0.01696	0.14417	0.01052	0.18283	0.14231	0.11822	0.02227	0.06907	0.03977	0.00987	0.00668	0.00214	0.00686	0.07805	0.00592	0.00900
6	0.04950	0.05771	0.01467	0.01233	0.03862	0.07142	0.00950	0.12710	0.04462	0.08504	0.10035	0.10483	0.08577	0.01100	0.00679	0.00205	0.00582	0.07773	0.00568	0.08947

[dist]
# distance from previous block
# <min> <max>
20	81

[block]
# block no. 5 follows, 33 sequences, length 115
# corresponding to MSA columns:
# 229-343
name=unknown_F
#
# <colnr> <probs for GDERKNQSTAVLIFYWHMCP>
#	G	D	E	R	K	N	Q	S	T	A	V	L	I	F	Y	W	H	M	C	P
0	0.09908	0.04710	0.06511	0.22511	0.06824	0.03159	0.01417	0.16611	0.04194	0.02474	0.03660	0.05008	0.01355	0.00813	0.00705	0.00211	0.04291	0.02503	0.00436	0.02699
1	0.04098	0.04059	0.01706	0.01302	0.01733	0.05117	0.06590	0.13802	0.06331	0.02507	0.09712	0.02359	0.01869	0.02824	0.00760	0.00190	0.03782	0.04963	0.00493	0.25802
2	0.06067	0.05513	0.01377	0.03763	0.04579	0.10585	0.00874	0.03260	0.01452	0.01944	0.02583	0.08986	0.16636	0.04318	0.03604	0.00228	0.00639	0.00788	0.00444	0.22361
3	0.04616	0.09281	0.04573	0.07672	0.02137	0.01550	0.09055	0.16687	0.09554	0.09186	0.05047	0.04256	0.01542	0.02809	0.00705	0.00204	0.00685	0.00657	0.00511	0.09270
4	0.01765	0.22449	0.12103	0.01798	0.13555	0.04511	0.03815	0.02269	0.09029	0.11912	0.01677	0.07762	0.01408	0.00772	0.00603	0.00190	0.00716	0.00638	0.00438	0.02588
5	0.01050	0.00919	0.01178	0.01145	0.03484	0.03964	0.06789	0.01328	0.04575	0.01880	0.11332	0.18354	0.23278	0.11288	0.01117	0.00286	0.00528	0.06334	0.00553	0.00617
6	0.01267	0.01023	0.01218	0.01156	0.01356	0.03948	0.02367	0.11185	0.07037	0.02123	0.04249	0.22084	0.07181	0.05174	0.17105	0.00438	0.02393	0.07468	0.00535	0.00694
7	0.05691	0.04844	0.07991	0.02119	0.06701	0.18694	0.23722	0.10858	0.01725	0.02222	0.01193	0.01484	0.00937	0.00682	0.00805	0.00207	0.08298	0.00583	0.00369	0.00878
8	0.19088	0.01380	0.03967	0.05469	0.01778	0.01326	0.00983	0.13881	0.08535	0.02734	0.06109	0.01707	0.01385	0.00680	0.00552	0.00169	0.00565	0.00521	0.00481	0.28690
9	0.01833	0.01533	0.06050	0.10921	0.15214	0.07926	0.01389	0.06874	0.08802	0.15693	0.07974	0.02638	0.01920	0.00880	0.00686	0.00213	0.00712	0.07295	0.00531	0.00915
10	0.02086	0.01552	0.01705	0.01454	0.04806	0.04617	0.01125	0.36625	0.08338	0.09043	0.06591	0.04812	0.01791	0.00890	0.00667	0.00198	0.00648	0.03887	0.00620	0.08545
11	0.00802	0.00573	0.00764	0.00917	0.00955	0.00535	0.00611	0.00917	0.01260	0.01681	0.03628	0.76434	0.04354	0.02062	0.00840	0.00267	0.00382	0.01872	0.00611	0.00535
12	0.01325	0.01254	0.02122	0.60200	0.18977	0.01484	0.01869	0.01754	0.01355	0.01781	0.01185	0.01729	0.00913	0.00643	0.00657	0.00214	0.00857	0.00585	0.00300	0.00797
13	0.01668	0.10006	0.06076	0.12362	0.20649	0.06187	0.16498	0.06870	0.01583	0.03988	0.01346	0.04731	0.01122	0.00696	0.00709	0.00204	0.03396	0.00643	0.00364	0.00900
14	0.00946	0.00724	0.00872	0.00958	0.04404	0.00645	0.00680	0.01149	0.01517	0.04431	0.11778	0.15722	0.42861	0.01627	0.00791	0.00234	0.00399	0.09038	0.00615	0.00608
15	0.00802	0.00573	0.00764	0.00917	0.00955	0.00535	0.00611	0.00917	0.01260	0.01681	0.03628	0.76434	0.04354	0.02062	0.00840	0.00267	0.00382	0.01872	0.00611	0.00535
16	0.05105	0.01584	0.01772	0.01390	0.01885	0.01691	0.01149	0.46233	0.05582	0.20280	0.01936	0.02035	0.01391	0.00843	0.00664	0.00205	0.00664	0.03825	0.00685	0.01079
17	0.01979	0.54096	0.02959	0.01299	0.01798	0.22814	0.01171	0.04185	0.01539	0.01643	0.00964	0.01109	0.00854	0.00602	0.00478	0.00151	0.00841	0.00379	0.00309	0.00830
18	0.01380	0.01293	0.04503	0.05540	0.05178	0.01004	0.00981	0.01773	0.04357	0.02142	0.01238	0.01448	0.01011	0.00525	0.00519	0.00119	0.00546	0.00430	0.00388	0.65624
19	0.01796	0.09546	0.02522	0.12824	0.17799	0.11611	0.12122	0.05988	0.03431	0.06186	0.01277	0.01586	0.01011	0.00695	0.00801	0.00205	0.08761	0.00577	0.00372	0.00891
20	0.00957	0.00638	0.00718	0.00718	0.00718	0.00638	0.00399	0.00957	0.00957	0.01276	0.02074	0.04308	0.02393	0.76864	0.03351	0.00638	0.00638	0.00957	0.00399	0.00399
21	0.02090	0.02665	0.08208	0.02060	0.08223	0.44577	0.13203	0.05043	0.01771	0.01882	0.01207	0.03718	0.01010	0.00693	0.00643	0.00188	0.01079	0.00555	0.00353	0.00832
22	0.02865	0.01140	0.01525	0.01183	0.01683	0.01012	0.00973	0.03228	0.06554	0.68491	0.02603	0.02255	0.01655	0.00820	0.00663	0.00205	0.00558	0.00668	0.00805	0.01115
23	0.01629	0.01564	0.02672	0.04041	0.72757	0.01564	0.02020	0.02020	0.01499	0.02151	0.01238	0.01629	0.01043	0.00587	0.00652	0.00196	0.00782	0.00587	0.00326	0.01043
24	0.01791	0.17330	0.06716	0.13061	0.12285	0.08891	0.09373	0.08673	0.08508	0.05166	0.01379	0.01593	0.01068	0.00659	0.00616	0.00192	0.00828	0.00557	0.00397	0.00916
25	0.00955	0.00646	0.00758	0.00758	0.00772	0.00660	0.00449	0.00983	0.00969	0.01306	0.02037	0.04103	0.02305	0.68313	0.11780	0.00688	0.00772	0.00927	0.00393	0.00421
26	0.00919	0.00670	0.00850	0.00806	0.00958	0.00616	0.00596	0.01197	0.01774	0.02475	0.61877	0.05015	0.12264	0.05991	0.00934	0.00235	0.00333	0.01195	0.00694	0.00601
27	0.01564	0.01497	0.01930	0.08105	0.04505	0.04324	0.01403	0.06055	0.14413	0.01983	0.01291	0.01664	0.01101	0.01004	0.01557	0.00257	0.45540	0.00605	0.00385	0.00818
28	0.01728	0.21399	0.32942	0.04212	0.02412	0.08340	0.04170	0.08638	0.03325	0.05198	0.01241	0.01396	0.00936	0.00644	0.00584	0.00188	0.00874	0.00485	0.00356	0.00933
29	0.01886	0.01758	0.02005	0.12077	0.22183	0.16793	0.01486	0.07079	0.10734	0.08226	0.01519	0.01747	0.01182	0.00919	0.04204	0.00243	0.04021	0.00585	0.00433	0.00919
30	0.00802	0.00573	0.00764	0.00917	0.00955	0.00535	0.00611	0.00917	0.01260	0.01681	0.03628	0.76434	0.04354	0.02062	0.00840	0.00267	0.00382	0.01872	0.00611	0.00535
31	0.61265	0.01437	0.01203	0.04173	0.01564	0.05011	0.00869	0.11024	0.03805	0.02986	0.01079	0.01218	0.00824	0.00649	0.00469	0.00203	0.00586	0.00414	0.00441	0.00781
32	0.01978	0.36762	0.12981	0.01458	0.01997	0.28686	0.01374	0.04594	0.01599	0.01739	0.01014	0.01171	0.00854	0.00622	0.00523	0.00163	0.00921	0.00406	0.00315	0.00843
33	0.02954	0.01120	0.01528	0.01171	0.01681	0.00968	0.00968	0.03208	0.01884	0.73213	0.02597	0.02241	0.01630	0.00815	0.00662	0.00204	0.00560	0.00662	0.00815	0.01120
34	0.06882	0.01762	0.01763	0.01435	0.01897	0.06384	0.01158	0.42089	0.23535	0.03500	0.01838	0.01790	0.01347	0.00804	0.00643	0.00204	0.00679	0.00614	0.00627	0.01050
35	0.02907	0.01131	0.01526	0.01177	0.01682	0.00991	0.00970	0.03219	0.04338	0.70732	0.02600	0.02248	0.01643	0.00818	0.00662	0.00204	0.00559	0.00665	0.00810	0.01118
36	0.00865	0.00646	0.00810	0.00866	0.00995	0.00591	0.00640	0.01071	0.01524	0.02020	0.24569	0.30827	0.20924	0.01730	0.00815	0.00243	0.00376	0.09271	0.00644	0.00573
37	0.01513	0.28556	0.39462	0.01595	0.02354	0.01915	0.04259	0.02192	0.08618	0.01970	0.01250	0.01399	0.00965	0.00629	0.00566	0.00187	0.00839	0.00477	0.00322	0.00933
38	0.00783	0.00667	0.00674	0.00672	0.00892	0.00558	0.00504	0.00954	0.01512	0.01805	0.08732	0.06291	0.70410	0.01657	0.00778	0.00222	0.00333	0.01383	0.00615	0.00558
39	0.01741	0.74049	0.06493	0.01159	0.01740	0.02558	0.01183	0.01976	0.01340	0.01572	0.00927	0.01071	0.00844	0.00566	0.00431	0.00144	0.00716	0.00358	0.00281	0.00850
40	0.04353	0.01649	0.02657	0.09062	0.23190	0.07316	0.23062	0.04996	0.01578	0.06882	0.01415	0.04584	0.01152	0.00700	0.00759	0.00212	0.04462	0.00680	0.00385	0.00907
41	0.00957	0.00638	0.00718	0.00718	0.00718	0.00638	0.00399	0.00957	0.00957	0.01276	0.02074	0.04308	0.02393	0.76864	0.03351	0.00638	0.00638	0.00957	0.00399	0.00399
42	0.01785	0.01401	0.01507	0.01330	0.01719	0.01589	0.01042	0.05576	0.63036	0.09252	0.02637	0.02409	0.01947	0.00883	0.00669	0.00221	0.00531	0.00732	0.00683	0.01052
43	0.02371	0.01779	0.01902	0.01488	0.01992	0.01980	0.01220	0.60391	0.13480	0.03937	0.01747	0.01713	0.01255	0.00806	0.00660	0.00201	0.00694	0.00616	0.00660	0.01108
44	0.05579	0.05928	0.10334	0.01565	0.02005	0.41809	0.01325	0.08584	0.09500	0.02117	0.04265	0.01531	0.01218	0.00726	0.00604	0.00184	0.00960	0.00508	0.00413	0.00846
45	0.00802	0.00573	0.00764	0.00917	0.00955	0.00535	0.00611	0.00917	0.01260	0.01681	0.03628	0.76434	0.04354	0.02062	0.00840	0.00267	0.00382	0.01872	0.00611	0.00535
46	0.05692	0.02178	0.01701	0.01499	0.01863	0.32750	0.01161	0.09723	0.25603	0.05361	0.01695	0.01709	0.01298	0.00786	0.00689	0.00199	0.04120	0.00564	0.00505	0.00905
47	0.01707	0.42020	0.13558	0.01341	0.01878	0.06621	0.01339	0.07409	0.04000	0.01940	0.03097	0.01751	0.01243	0.00742	0.00616	0.00180	0.04336	0.04998	0.00362	0.00860
48	0.00801	0.00577	0.00759	0.00905	0.00952	0.00536	0.00606	0.00918	0.01272	0.01685	0.03773	0.73104	0.07591	0.02044	0.00837	0.00265	0.00380	0.01849	0.00611	0.00536
49	0.02591	0.01570	0.01793	0.01380	0.01888	0.01646	0.01138	0.46485	0.02663	0.26252	0.04429	0.01911	0.01465	0.00818	0.00664	0.00200	0.00657	0.00636	0.00711	0.01102
50	0.01249	0.06318	0.06044	0.01300	0.01610	0.05507	0.10089	0.03806	0.04242	0.03486	0.06161	0.28718	0.12881	0.01374	0.00750	0.00230	0.00607	0.04395	0.00528	0.00705
51	0.01501	0.09136	0.41349	0.06752	0.02733	0.04657	0.10618	0.04961	0.01486	0.03932	0.01260	0.01531	0.00943	0.00896	0.05218	0.00256	0.00997	0.00538	0.00324	0.00912
52	0.00880	0.00671	0.00808	0.00774	0.00952	0.00599	0.00581	0.01142	0.01742	0.02351	0.50327	0.05394	0.28475	0.01454	0.00777	0.00212	0.00318	0.01257	0.00687	0.00599
53	0.01603	0.01938	0.12018	0.02403	0.03062	0.01672	0.48795	0.07198	0.09968	0.02329	0.01491	0.01795	0.01107	0.00621	0.00737	0.00219	0.00995	0.00724	0.00390	0.00933
54	0.01392	0.22978	0.38231	0.01499	0.02205	0.01689	0.03398	0.01974	0.04761	0.01998	0.07580	0.01989	0.06154	0.00750	0.00599	0.00192	0.00783	0.00589	0.00359	0.00881
55	0.01398	0.14092	0.60146	0.01862	0.05743	0.01687	0.02224	0.02065	0.01387	0.02010	0.01145	0.01352	0.00845	0.00615	0.00597	0.00198	0.00925	0.00471	0.00281	0.00957
56	0.01216	0.00744	0.00919	0.00852	0.01083	0.00659	0.00657	0.01460	0.01705	0.13968	0.33058	0.08186	0.27229	0.01416	0.00767	0.00218	0.00375	0.04117	0.00692	0.00678
57	0.01641	0.01595	0.02632	0.05892	0.69051	0.03486	0.01995	0.02027	0.01504	0.02124	0.01231	0.01621	0.01033	0.00591	0.00650	0.00195	0.00795	0.00582	0.00325	0.01027
58	0.01374	0.08786	0.22686	0.09050	0.02370	0.01396	0.10370	0.05096	0.03677	0.04012	0.04019	0.13051	0.01824	0.03052	0.02932	0.00254	0.00808	0.04007	0.00416	0.00820
59	0.02459	0.03138	0.01866	0.01696	0.02035	0.74221	0.01272	0.02629	0.01866	0.01611	0.01018	0.01187	0.00848	0.00678	0.00594	0.00170	0.01187	0.00424	0.00339	0.00763
60	0.00819	0.00660	0.00731	0.00743	0.00929	0.00572	0.00553	0.01012	0.01544	0.01940	0.18963	0.14121	0.49815	0.01655	0.00789	0.00227	0.00343	0.03386	0.00633	0.00568
61	0.02320	0.08953	0.01972	0.01579	0.01962	0.50180	0.01230	0.14408	0.04487	0.02086	0.01196	0.01345	0.00968	0.00862	0.03470	0.00209	0.01065	0.00470	0.00402	0.00835
62	0.01576	0.08581	0.02589	0.15292	0.47375	0.01654	0.04249	0.02068	0.06408	0.02058	0.01302	0.01660	0.01064	0.00617	0.00637	0.00197	0.00784	0.00582	0.00341	0.00967
63	0.02503	0.01844	0.01976	0.01515	0.02042	0.02042	0.01251	0.70562	0.03095	0.04149	0.01581	0.01581	0.01120	0.00790	0.00659	0.00198	0.00724	0.00593	0.00659	0.01120
64	0.00958	0.00724	0.01061	0.01052	0.01156	0.00847	0.00808	0.01171	0.01048	0.01509	0.01760	0.02693	0.01683	0.10827	0.65952	0.00998	0.04102	0.00722	0.00354	0.00576
65	0.01999	0.02225	0.02082	0.10423	0.20725	0.34108	0.01525	0.06436	0.05825	0.01978	0.01214	0.01479	0.00988	0.00701	0.00722	0.00194	0.05621	0.00523	0.00366	0.00868
66	0.01363	0.05643	0.62877	0.01958	0.02881	0.01580	0.10466	0.02084	0.01408	0.02070	0.01191	0.01425	0.00854	0.00615	0.00637	0.00208	0.00980	0.00517	0.00285	0.00959
67	0.00797	0.00663	0.00697	0.00698	0.00904	0.00563	0.00520	0.00979	0.01532	0.01876	0.14339	0.09517	0.61354	0.01648	0.00781	0.00223	0.00333	0.01389	0.00625	0.00563
68	0.00908	0.00653	0.00883	0.01029	0.01121	0.00628	0.00793	0.01103	0.01375	0.01804	0.03688	0.45163	0.06781	0.01946	0.00866	0.00280	0.00473	0.29330	0.00609	0.00565
69	0.01627	0.04079	0.02198	0.04323	0.02238	0.05555	0.20632	0.02683	0.32919	0.05455	0.05350	0.02442	0.05805	0.00827	0.00698	0.00215	0.00725	0.00770	0.00535	0.00922
70	0.00919	0.00668	0.00866	0.00825	0.00978	0.00615	0.00615	0.01215	0.01821	0.02560	0.66539	0.08112	0.09011	0.01391	0.00779	0.00210	0.00315	0.01229	0.00715	0.00615
71	0.02459	0.03138	0.01866	0.01696	0.02035	0.74221	0.01272	0.02629	0.01866	0.01611	0.01018	0.01187	0.00848	0.00678	0.00594	0.00170	0.01187	0.00424	0.00339	0.00763
72	0.01912	0.07057	0.02154	0.19279	0.19356	0.26686	0.01549	0.05158	0.01659	0.04920	0.01268	0.01673	0.01038	0.00691	0.00627	0.00192	0.00922	0.02644	0.00364	0.00853
73	0.11637	0.51995	0.08458	0.01206	0.01760	0.08554	0.01184	0.02092	0.01387	0.05173	0.01025	0.01152	0.00865	0.00596	0.00463	0.00159	0.00737	0.00384	0.00327	0.00845
74	0.00802	0.00573	0.00764	0.00917	0.00955	0.00535	0.00611	0.00917	0.01260	0.01681	0.03628	0.76434	0.04354	0.02062	0.00840	0.00267	0.00382	0.01872	0.00611	0.00535
75	0.13217	0.05425	0.07763	0.04061	0.01971	0.23777	0.01269	0.15595	0.01797	0.05751	0.01241	0.01444	0.00974	0.01011	0.05645	0.00254	0.07037	0.00498	0.00422	0.00848
76	0.01315	0.01096	0.03970	0.01050	0.01341	0.01049	0.00851	0.15040	0.10802	0.02764	0.34713	0.07409	0.13481	0.01230	0.00737	0.00212	0.00450	0.01050	0.00666	0.00772
77	0.02819	0.01111	0.01498	0.01162	0.01651	0.00976	0.00955	0.03132	0.04344	0.67634	0.05659	0.02366	0.01844	0.00841	0.00667	0.00205	0.00548	0.00688	0.00806	0.01096
78	0.04864	0.01532	0.01626	0.01349	0.01759	0.04172	0.01105	0.40424	0.09168	0.05700	0.07442	0.02711	0.01963	0.00969	0.00685	0.00213	0.00647	0.09561	0.03149	0.00963
79	0.01692	0.04641	0.04055	0.04635	0.05152	0.08272	0.03367	0.10732	0.15271	0.09205	0.08448	0.13650	0.05964	0.01051	0.00691	0.00213	0.00635	0.00892	0.00570	0.00865
80	0.04706	0.03244	0.67354	0.01873	0.02809	0.01533	0.05336	0.02080	0.01386	0.02122	0.01177	0.01393	0.00836	0.00622	0.00623	0.00209	0.00959	0.00494	0.00286	0.00958
81	0.00802	0.00573	0.00764	0.00917	0.00955	0.00535	0.00611	0.00917	0.01260	0.01681	0.03628	0.76434	0.04354	0.02062	0.00840	0.00267	0.00382	0.01872	0.00611	0.00535
82	0.01641	0.07133	0.02625	0.10988	0.57169	0.01653	0.01898	0.05238	0.01544	0.02153	0.01224	0.01598	0.01015	0.00602	0.00636	0.00194	0.00783	0.00569	0.00335	0.01000
83	0.01545	0.05375	0.07654	0.11867	0.02544	0.10755	0.17287	0.02151	0.12108	0.02026	0.07391	0.03938	0.01605	0.00820	0.00862	0.00218	0.09920	0.00698	0.00407	0.00826
84	0.00815	0.00583	0.00776	0.00908	0.00958	0.00544	0.00612	0.00950	0.01323	0.01780	0.10724	0.69056	0.04546	0.01989	0.00834	0.00261	0.00375	0.01801	0.00623	0.00544
85	0.01243	0.01170	0.01975	0.75282	0.04534	0.01463	0.01828	0.01682	0.01316	0.01682	0.01170	0.01755	0.00878	0.00658	0.00658	0.00219	0.00878	0.00585	0.00293	0.00731
86	0.07030	0.01667	0.07155	0.01598	0.08491	0.04744	0.01231	0.23993	0.17421	0.07232	0.02197	0.06624	0.05924	0.00899	0.00658	0.00209	0.00655	0.00727	0.00574	0.00971
87	0.04391	0.02384	0.02095	0.02049	0.13591	0.35631	0.04400	0.22871	0.02141	0.02518	0.01234	0.01400	0.00964	0.00690	0.00626	0.00185	0.00961	0.00515	0.00434	0.00920
88	0.00944	0.00716	0.00810	0.00785	0.00983	0.00648	0.00590	0.01226	0.04654	0.03975	0.25786	0.05538	0.39904	0.06559	0.00948	0.00249	0.00373	0.04070	0.00639	0.00604
89	0.05419	0.05567	0.08399	0.04877	0.20971	0.15956	0.11685	0.06321	0.01656	0.02176	0.07393	0.01773	0.01401	0.00701	0.00688	0.00198	0.02953	0.00605	0.00380	0.00882
90	0.05124	0.18561	0.31629	0.01807	0.02539	0.04803	0.16762	0.02168	0.01461	0.07424	0.01247	0.01445	0.00928	0.00613	0.00607	0.00195	0.00903	0.00526	0.00340	0.00918
91	0.00823	0.00588	0.00788	0.00935	0.00984	0.00552	0.00642	0.00956	0.01295	0.01727	0.05533	0.69699	0.04367	0.02026	0.00843	0.00268	0.00395	0.06422	0.00614	0.00542
92	0.04607	0.01996	0.02426	0.02178	0.11587	0.22044	0.21004	0.07365	0.08742	0.04494	0.01438	0.01686	0.01123	0.00926	0.05214	0.00253	0.01004	0.00613	0.00411	0.00889
93	0.03789	0.10739	0.34938	0.01737	0.08309	0.01590	0.01735	0.10790	0.04701	0.02394	0.08836	0.04478	0.01628	0.00774	0.00629	0.00201	0.00771	0.00625	0.00411	0.00927
94	0.01012	0.00729	0.00905	0.00877	0.01067	0.00680	0.00683	0.01355	0.04707	0.04693	0.43738	0.05365	0.19940	0.01442	0.00786	0.00224	0.00372	0.10102	0.00685	0.00639
95	0.01035	0.00758	0.01015	0.01136	0.01293	0.00753	0.00963	0.01372	0.04240	0.01983	0.05969	0.12739	0.09477	0.01775	0.00879	0.00287	0.00552	0.52547	0.00613	0.00614
96	0.11798	0.22090	0.18752	0.01755	0.05617	0.10423	0.12941	0.04035	0.01490	0.03805	0.01132	0.01339	0.00888	0.00609	0.00569	0.00187	0.00866	0.00488	0.00338	0.00879
97	0.01565	0.05537	0.22974	0.04813	0.03118	0.07868	0.40301	0.02126	0.01518	0.02021	0.01240	0.01587	0.00929	0.00589	0.00700	0.00210	0.01053	0.00641	0.00315	0.00894
98	0.00954	0.00633	0.00725	0.00739	0.00751	0.00632	0.00429	0.00981	0.01004	0.01366	0.02213	0.10811	0.02530	0.65480	0.04445	0.00593	0.00624	0.01022	0.03643	0.00424
99	0.01311	0.06428	0.10266	0.01432	0.07929	0.01243	0.01128	0.04940	0.17239	0.02234	0.12854	0.11839	0.04855	0.06682	0.04085	0.00284	0.00632	0.03288	0.00528	0.00803
100	0.04497	0.04517	0.03164	0.01511	0.07511	0.01420	0.04023	0.08339	0.28962	0.08309	0.12591	0.06148	0.02440	0.00956	0.00681	0.00215	0.00569	0.02612	0.00608	0.00929
101	0.01053	0.00783	0.00985	0.01052	0.01231	0.00763	0.00868	0.05842	0.01599	0.02061	0.06816	0.15342	0.19941	0.01726	0.00848	0.00269	0.00510	0.37073	0.00616	0.00620
102	0.02954	0.01120	0.01528	0.01171	0.01681	0.00968	0.00968	0.03208	0.01884	0.73213	0.02597	0.02241	0.01630	0.00815	0.00662	0.00204	0.00560	0.00662	0.00815	0.01120
103	0.03324	0.14012	0.41418	0.06978	0.11776	0.01687	0.06243	0.02055	0.01406	0.03550	0.01181	0.01429	0.00890	0.00613	0.00605	0.00198	0.00890	0.00504	0.00304	0.00938
104	0.04485	0.01585	0.02467	0.08687	0.57815	0.04031	0.01872	0.04742	0.03964	0.02227	0.01278	0.01630	0.01049	0.00614	0.00642	0.00198	0.00782	0.00579	0.00352	0.01003
105	0.01288	0.01216	0.02056	0.66954	0.12509	0.01475	0.01851	0.01722	0.01338	0.01737	0.01178	0.01740	0.00897	0.00650	0.00657	0.00217	0.00866	0.00585	0.00296	0.00768
106	0.00814	0.00595	0.00768	0.00894	0.00963	0.00549	0.00614	0.00950	0.01324	0.01744	0.06967	0.62732	0.12349	0.01977	0.00833	0.00261	0.00381	0.04126	0.00616	0.00543
107	0.01531	0.06556	0.13753	0.02247	0.05272	0.01565	0.39436	0.02125	0.06193	0.05101	0.01634	0.08547	0.01367	0.00739	0.00721	0.00217	0.00923	0.00793	0.00390	0.00891
108	0.01082	0.00773	0.01028	0.01048	0.01171	0.00767	0.03157	0.05075	0.05564	0.03729	0.03064	0.46492	0.03448	0.09994	0.01166	0.03693	0.00494	0.07072	0.00575	0.00606
109	0.01380	0.05924	0.55872	0.01973	0.02825	0.01621	0.12556	0.02053	0.01389	0.02037	0.01174	0.01438	0.00861	0.00645	0.00734	0.00213	0.05547	0.00530	0.00287	0.00940
110	0.01691	0.03491	0.13745	0.12970	0.15913	0.08370	0.14473	0.03605	0.04513	0.07809	0.01390	0.01688	0.01056	0.00785	0.02815	0.00232	0.03565	0.00602	0.00376	0.00911
111	0.01776	0.06383	0.17651	0.01989	0.02593	0.01608	0.27306	0.06457	0.01593	0.13860	0.01511	0.03615	0.01140	0.00729	0.00844	0.00218	0.08711	0.00668	0.00421	0.00929
112	0.01695	0.01290	0.01813	0.04760	0.08050	0.03778	0.10178	0.10063	0.01706	0.13925	0.02571	0.10373	0.11364	0.01024	0.00775	0.00212	0.04242	0.03789	0.00531	0.07861
113	0.01817	0.06726	0.15623	0.01737	0.07208	0.12990	0.06332	0.13830	0.01755	0.06568	0.01538	0.05064	0.01324	0.06808	0.00912	0.00235	0.03473	0.02556	0.00430	0.03077
114	0.03789	0.04788	0.06161	0.18293	0.07027	0.06531	0.12520	0.09483	0.03963	0.02168	0.01467	0.04534	0.01242	0.00954	0.04194	0.00247	0.02813	0.03273	0.00392	0.06161

[dist]
# distance from previous block
# <min> <max>
0	15

[block]
# block no. 6 follows, 33 sequences, length 13
# corresponding to MSA columns:
# 359-371
name=unknown_G
#
# <colnr> <probs for GDERKNQSTAVLIFYWHMCP>
#	G	D	E	R	K	N	Q	S	T	A	V	L	I	F	Y	W	H	M	C	P
0	0.05500	0.01862	0.04309	0.08481	0.04117	0.09863	0.07287	0.33911	0.02218	0.06263	0.01385	0.01560	0.01027	0.00765	0.00802	0.00209	0.08404	0.00577	0.00500	0.00960
1	0.06731	0.01603	0.05317	0.12867	0.02254	0.09089	0.06295	0.16051	0.04832	0.10861	0.01744	0.03850	0.02864	0.09510	0.01002	0.00258	0.02864	0.00672	0.00487	0.00850
2	0.18033	0.03892	0.02072	0.01777	0.08561	0.12750	0.12966	0.09790	0.04523	0.10868	0.03465	0.01641	0.01194	0.00699	0.00658	0.00199	0.03109	0.00570	0.00465	0.02770
3	0.14756	0.01842	0.01805	0.01459	0.01924	0.15093	0.05783	0.25678	0.10025	0.10816	0.01582	0.01607	0.01151	0.00732	0.00612	0.00196	0.00755	0.00556	0.00549	0.03077
4	0.05745	0.06264	0.01929	0.01494	0.03867	0.15137	0.05237	0.17895	0.04883	0.08155	0.02875	0.01575	0.01168	0.00702	0.00667	0.00177	0.04276	0.00530	0.00479	0.16944
5	0.34619	0.01672	0.05396	0.01321	0.03848	0.04748	0.01091	0.26569	0.04119	0.08780	0.01368	0.01426	0.00992	0.00703	0.00552	0.00201	0.00652	0.00493	0.00525	0.00926
6	0.00875	0.00672	0.00907	0.01010	0.01044	0.00705	0.00706	0.00993	0.01231	0.01670	0.03312	0.67837	0.03954	0.01958	0.00992	0.00270	0.09012	0.01723	0.00574	0.00556
7	0.00815	0.00590	0.00771	0.00891	0.00954	0.00546	0.00605	0.00956	0.01344	0.01797	0.11700	0.63954	0.08728	0.01956	0.00829	0.00258	0.00371	0.01764	0.00624	0.00546
8	0.01365	0.01170	0.01365	0.00975	0.01560	0.00878	0.00780	0.01658	0.01365	0.02145	0.01170	0.01365	0.00975	0.00488	0.00488	0.00098	0.00488	0.00390	0.00390	0.80888
9	0.01681	0.01241	0.01491	0.05466	0.01806	0.01057	0.00919	0.09747	0.01624	0.10978	0.01390	0.01519	0.01065	0.00572	0.00538	0.00129	0.00547	0.00458	0.00467	0.57303
10	0.01178	0.00741	0.01013	0.01091	0.04447	0.00688	0.00769	0.01405	0.01569	0.11053	0.24372	0.32156	0.06664	0.01579	0.00795	0.00240	0.00424	0.08493	0.00657	0.00667
11	0.05872	0.01567	0.02137	0.12773	0.27568	0.08394	0.05616	0.10079	0.01625	0.02224	0.01489	0.10143	0.01359	0.00833	0.00756	0.00213	0.05359	0.00717	0.00397	0.00877
12	0.04616	0.01340	0.01501	0.01183	0.01659	0.04309	0.00955	0.14670	0.08811	0.26679	0.06249	0.02149	0.03746	0.00790	0.00623	0.00180	0.00573	0.00631	0.00634	0.18699

[dist]
# distance from previous block
# <min> <max>
0	14

[block]
# block no. 7 follows, 33 sequences, length 34
# corresponding to MSA columns:
# 386-419
name=unknown_H
#
# <colnr> <probs for GDERKNQSTAVLIFYWHMCP>
#	G	D	E	R	K	N	Q	S	T	A	V	L	I	F	Y	W	H	M	C	P
0	0.01662	0.01487	0.02220	0.07182	0.14255	0.06157	0.16436	0.07085	0.04819	0.07030	0.01598	0.02143	0.01321	0.03271	0.05726	0.00267	0.00869	0.04322	0.00428	0.11721
1	0.07070	0.01649	0.10042	0.22018	0.27440	0.03169	0.06756	0.05118	0.01498	0.02151	0.03609	0.01735	0.01141	0.00780	0.02907	0.00232	0.00854	0.00593	0.00348	0.00887
2	0.01299	0.01414	0.08266	0.59887	0.13030	0.01481	0.01905	0.01760	0.01346	0.01776	0.01180	0.01708	0.00895	0.00646	0.00655	0.00215	0.00874	0.00577	0.00295	0.00792
3	0.01676	0.61762	0.08224	0.01168	0.01721	0.05711	0.01174	0.01921	0.01380	0.01611	0.01439	0.01545	0.07062	0.00669	0.00476	0.00154	0.00714	0.00455	0.00313	0.00825
4	0.01334	0.01300	0.01931	0.62297	0.06653	0.06709	0.01743	0.01742	0.01376	0.01714	0.01318	0.02093	0.01078	0.00735	0.00670	0.00221	0.00878	0.05153	0.00318	0.00737
5	0.02086	0.01637	0.01741	0.01430	0.01883	0.01847	0.01151	0.38267	0.36069	0.03477	0.02110	0.02002	0.01548	0.00840	0.00664	0.00210	0.00626	0.00666	0.00664	0.01082
6	0.02503	0.01844	0.01976	0.01515	0.02042	0.02042	0.01251	0.70562	0.03095	0.04149	0.01581	0.01581	0.01120	0.00790	0.00659	0.00198	0.00724	0.00593	0.00659	0.01120
7	0.00930	0.00687	0.00872	0.00836	0.00995	0.00640	0.00623	0.01261	0.03859	0.02501	0.59801	0.10164	0.11533	0.01412	0.00778	0.00213	0.00324	0.01244	0.00705	0.00622
8	0.01189	0.00726	0.00989	0.01008	0.01152	0.00723	0.00767	0.01379	0.01318	0.11019	0.04406	0.22435	0.04674	0.11928	0.20296	0.00516	0.00836	0.13471	0.00545	0.00624
9	0.00904	0.00735	0.00822	0.00833	0.01043	0.00678	0.00654	0.01224	0.06259	0.01950	0.11879	0.06002	0.47545	0.01718	0.03205	0.00262	0.00437	0.12632	0.00617	0.00604
10	0.00820	0.00585	0.00784	0.00937	0.00983	0.00550	0.00642	0.00947	0.01278	0.01700	0.03619	0.71769	0.04316	0.02046	0.00845	0.00270	0.00397	0.06364	0.00611	0.00540
11	0.13798	0.06375	0.50460	0.01834	0.07597	0.05015	0.02021	0.02078	0.01376	0.02176	0.01125	0.01333	0.00832	0.00620	0.00583	0.00202	0.00885	0.00464	0.00305	0.00922
12	0.01626	0.01781	0.07653	0.13451	0.52179	0.07853	0.01959	0.02031	0.01498	0.02035	0.01206	0.01591	0.00988	0.00607	0.00646	0.00197	0.00844	0.00565	0.00319	0.00971
13	0.00946	0.00716	0.00881	0.00951	0.01109	0.00681	0.00757	0.01215	0.03765	0.01897	0.08814	0.14010	0.25730	0.07115	0.01019	0.00289	0.00476	0.28445	0.00603	0.00583
14	0.01152	0.00624	0.00955	0.07317	0.01177	0.00649	0.00681	0.00929	0.00897	0.01190	0.01146	0.01980	0.01120	0.02146	0.02407	0.73849	0.00598	0.00573	0.00286	0.00325
15	0.02014	0.31147	0.02591	0.01810	0.13885	0.17896	0.01315	0.10751	0.06502	0.04469	0.01251	0.01382	0.01019	0.00651	0.00553	0.00171	0.00808	0.00474	0.00393	0.00917
16	0.01859	0.13719	0.15957	0.01811	0.04912	0.12769	0.13530	0.06546	0.12677	0.07639	0.01513	0.01629	0.01138	0.00677	0.00629	0.00195	0.00864	0.00571	0.00425	0.00940
17	0.01405	0.06428	0.51168	0.02086	0.02956	0.01617	0.20923	0.02086	0.01432	0.02066	0.01210	0.01480	0.00879	0.00603	0.00657	0.00209	0.00998	0.00559	0.00293	0.00944
18	0.00802	0.00573	0.00764	0.00917	0.00955	0.00535	0.00611	0.00917	0.01260	0.01681	0.03628	0.76434	0.04354	0.02062	0.00840	0.00267	0.00382	0.01872	0.00611	0.00535
19	0.01911	0.06693	0.01661	0.01288	0.01674	0.08321	0.01041	0.26602	0.13116	0.07071	0.08922	0.06722	0.06856	0.01013	0.00680	0.00207	0.00635	0.04062	0.00612	0.00913
20	0.01665	0.02112	0.24313	0.01954	0.11012	0.03770	0.07212	0.07140	0.19151	0.07121	0.05029	0.01947	0.01493	0.00752	0.00695	0.00211	0.02329	0.00639	0.00471	0.00984
21	0.00843	0.00602	0.00811	0.00964	0.01020	0.00570	0.00683	0.00988	0.01301	0.01727	0.03606	0.65427	0.04264	0.02024	0.00851	0.00273	0.00418	0.12471	0.00610	0.00546
22	0.01052	0.01110	0.12032	0.00971	0.01164	0.00828	0.00806	0.03503	0.01207	0.01669	0.08604	0.08105	0.02534	0.45639	0.07608	0.00525	0.00728	0.00932	0.00429	0.00555
23	0.01559	0.08595	0.02596	0.19012	0.51478	0.01640	0.01895	0.01943	0.01445	0.01994	0.01193	0.01602	0.00989	0.00600	0.00632	0.00195	0.00795	0.00564	0.00315	0.00958
24	0.04503	0.02457	0.12890	0.01765	0.07205	0.31387	0.01438	0.09517	0.10970	0.07607	0.01447	0.01539	0.01095	0.00723	0.00657	0.00194	0.02727	0.00524	0.00441	0.00913
25	0.00892	0.00671	0.00825	0.00787	0.00959	0.00604	0.00590	0.01166	0.01770	0.02418	0.55460	0.05283	0.23300	0.01429	0.00777	0.00211	0.00316	0.01242	0.00695	0.00604
26	0.01344	0.07404	0.69662	0.01836	0.02787	0.01587	0.02362	0.02079	0.01387	0.02056	0.01167	0.01372	0.00835	0.00622	0.00614	0.00205	0.00958	0.00479	0.00278	0.00966
27	0.81514	0.01273	0.00968	0.00866	0.01273	0.01477	0.00713	0.01935	0.01120	0.02954	0.00917	0.01069	0.00713	0.00611	0.00407	0.00204	0.00509	0.00356	0.00407	0.00713
28	0.02671	0.01324	0.01617	0.01249	0.01746	0.01286	0.01029	0.24675	0.02248	0.46514	0.02530	0.02289	0.05969	0.00861	0.00668	0.00203	0.00598	0.00686	0.00752	0.01084
29	0.01637	0.01687	0.03196	0.04307	0.12863	0.01704	0.43097	0.08080	0.06365	0.02285	0.01391	0.01757	0.01071	0.00652	0.00847	0.00221	0.06824	0.00712	0.00379	0.00924
30	0.01707	0.01712	0.02596	0.03820	0.66110	0.08394	0.01950	0.02078	0.01533	0.02100	0.01218	0.01588	0.01024	0.00595	0.00646	0.00193	0.00820	0.00571	0.00327	0.01017
31	0.00946	0.00678	0.00886	0.00894	0.00957	0.00715	0.00621	0.01081	0.01161	0.01607	0.11569	0.12550	0.02927	0.33173	0.22766	0.00637	0.02823	0.03037	0.00458	0.00513
32	0.00795	0.00644	0.00706	0.00741	0.00912	0.00555	0.00537	0.00959	0.01466	0.01814	0.10522	0.23862	0.50703	0.01744	0.00794	0.00233	0.00344	0.01497	0.00619	0.00555
33	0.11006	0.01829	0.06460	0.07777	0.02031	0.14030	0.01196	0.20352	0.11454	0.07360	0.01610	0.01877	0.01262	0.07895	0.00872	0.00241	0.00763	0.00589	0.00505	0.00891

[dist]
# distance from previous block
# <min> <max>
0	43

[block]
# block no. 8 follows, 33 sequences, length 39
# corresponding to MSA columns:
# 463-501
name=unknown_I
#
# <colnr> <probs for GDERKNQSTAVLIFYWHMCP>
#	G	D	E	R	K	N	Q	S	T	A	V	L	I	F	Y	W	H	M	C	P
0	0.07192	0.04091	0.01763	0.01822	0.15925	0.07297	0.01213	0.06980	0.16087	0.13603	0.04072	0.07840	0.01793	0.00912	0.00721	0.00213	0.03868	0.03136	0.00544	0.00928
1	0.01634	0.01602	0.04815	0.01908	0.17931	0.07525	0.04212	0.09220	0.03546	0.02349	0.04498	0.01642	0.01256	0.00617	0.00588	0.00155	0.00679	0.00526	0.00415	0.34880
2	0.56797	0.01674	0.07364	0.01081	0.01513	0.11474	0.00943	0.02037	0.01281	0.05082	0.01150	0.04994	0.00960	0.00703	0.00483	0.00203	0.00638	0.00465	0.00411	0.00748
3	0.01243	0.01170	0.01975	0.75282	0.04534	0.01463	0.01828	0.01682	0.01316	0.01682	0.01170	0.01755	0.00878	0.00658	0.00658	0.00219	0.00878	0.00585	0.00293	0.00731
4	0.01397	0.01377	0.01950	0.05527	0.01838	0.01908	0.01419	0.01562	0.01028	0.01586	0.00940	0.01533	0.00917	0.01379	0.06895	0.00336	0.66817	0.00585	0.00293	0.00712
5	0.00796	0.00645	0.00707	0.00739	0.00912	0.00556	0.00536	0.00961	0.01472	0.01823	0.11109	0.22892	0.51084	0.01736	0.00793	0.00232	0.00343	0.01488	0.00620	0.00556
6	0.00806	0.00598	0.00753	0.00863	0.00944	0.00545	0.00591	0.00944	0.01347	0.01763	0.08801	0.58273	0.17489	0.01939	0.00824	0.00255	0.00368	0.01734	0.00619	0.00545
7	0.00980	0.00738	0.00939	0.01029	0.01158	0.00741	0.00782	0.01371	0.09725	0.01940	0.07520	0.38333	0.08238	0.01895	0.03425	0.00293	0.00499	0.19157	0.00614	0.00622
