[name]
unknown

[dist]
# distance from previous block
# <min> <max>
0	38

[block]
# block no. 0 follows, 34 sequences, length 19
# corresponding to MSA columns:
# 38-56
name=unknown_A
#
# <colnr> <probs for GDERKNQSTAVLIFYWHMCP>
#	G	D	E	R	K	N	Q	S	T	A	V	L	I	F	Y	W	H	M	C	P
0	0.05455	0.17046	0.11077	0.01504	0.04407	0.21217	0.01311	0.06722	0.01548	0.01959	0.01270	0.01744	0.01110	0.00777	0.00745	0.00192	0.09707	0.05175	0.06239	0.00796
1	0.05066	0.01002	0.01206	0.01068	0.01292	0.01076	0.00811	0.15245	0.09997	0.02110	0.01483	0.01948	0.01273	0.02025	0.13727	0.32712	0.00771	0.00586	0.00422	0.06180
2	0.01265	0.00733	0.00951	0.00855	0.01062	0.00656	0.00643	0.01423	0.01558	0.13275	0.34065	0.03881	0.14213	0.01428	0.01080	0.16270	0.00406	0.00957	0.00606	0.04673
3	0.01036	0.00682	0.00842	0.00808	0.00981	0.00613	0.00594	0.01254	0.01602	0.08391	0.36286	0.14733	0.21440	0.06683	0.00935	0.00244	0.00363	0.01246	0.00655	0.00610
4	0.04209	0.00771	0.00983	0.00925	0.01129	0.00745	0.00700	0.03567	0.01468	0.14443	0.14910	0.17668	0.13900	0.02027	0.13162	0.06449	0.00640	0.01065	0.00582	0.00657
5	0.01101	0.00752	0.00905	0.00871	0.01064	0.00710	0.00646	0.01476	0.08770	0.08450	0.28312	0.18911	0.20280	0.03752	0.00831	0.00233	0.00376	0.01249	0.00656	0.00657
6	0.02073	0.01150	0.01352	0.01109	0.01506	0.01144	0.00892	0.14497	0.13803	0.30509	0.06734	0.02859	0.12134	0.00954	0.00659	0.00202	0.00509	0.00779	0.06190	0.00946
7	0.00806	0.00604	0.00749	0.00824	0.00927	0.00546	0.00576	0.00969	0.01409	0.01856	0.17819	0.45887	0.21084	0.01794	0.00798	0.00240	0.00350	0.01593	0.00622	0.00546
8	0.01241	0.00730	0.00908	0.00858	0.01030	0.00680	0.00624	0.01466	0.03201	0.13651	0.22984	0.14122	0.10875	0.18246	0.01307	0.00309	0.00444	0.03570	0.03123	0.00632
9	0.00912	0.00620	0.00733	0.00754	0.00775	0.00614	0.00453	0.00959	0.01053	0.01418	0.07162	0.16163	0.02901	0.57487	0.04874	0.00550	0.00596	0.01095	0.00446	0.00434
10	0.00902	0.00685	0.00837	0.00845	0.00993	0.00647	0.00615	0.01239	0.06735	0.02182	0.36268	0.25009	0.17541	0.01543	0.00772	0.00224	0.00344	0.01359	0.00656	0.00604
11	0.01268	0.00771	0.00951	0.00857	0.01052	0.00724	0.00631	0.03598	0.03268	0.13068	0.36445	0.04291	0.11394	0.17352	0.01275	0.00294	0.00430	0.01034	0.00642	0.00656
12	0.01079	0.00702	0.00862	0.00842	0.01018	0.00640	0.00617	0.01327	0.03708	0.09679	0.25997	0.22951	0.21508	0.04993	0.00879	0.00241	0.00375	0.01306	0.00649	0.00627
13	0.10959	0.12337	0.05830	0.01247	0.01633	0.12222	0.01048	0.07341	0.19039	0.05697	0.01940	0.14480	0.01743	0.00938	0.00608	0.00202	0.00650	0.00746	0.00501	0.00838
14	0.01565	0.01557	0.02544	0.16906	0.51959	0.05209	0.06951	0.01959	0.01460	0.01997	0.01199	0.01610	0.00981	0.00591	0.00647	0.00197	0.00828	0.00581	0.00315	0.00943
15	0.01087	0.00733	0.00886	0.00871	0.00991	0.00717	0.00601	0.05357	0.03631	0.05385	0.17995	0.25666	0.06847	0.24498	0.01531	0.00349	0.00467	0.01233	0.00575	0.00581
16	0.00987	0.00759	0.00850	0.00921	0.00985	0.05966	0.00627	0.01036	0.01237	0.01590	0.07698	0.45921	0.05688	0.05299	0.01249	0.16325	0.00475	0.01378	0.00515	0.00493
17	0.01598	0.04340	0.09157	0.02226	0.06088	0.05338	0.35616	0.07026	0.01540	0.02107	0.01204	0.01559	0.00945	0.00649	0.00874	0.00207	0.11088	0.00627	0.00342	0.07468
18	0.00947	0.00631	0.00917	0.00947	0.01012	0.00682	0.00686	0.01015	0.01024	0.01424	0.01955	0.17218	0.02052	0.06898	0.38731	0.20980	0.01118	0.00898	0.00382	0.00484

[dist]
# distance from previous block
# <min> <max>
3	7

[block]
# block no. 1 follows, 34 sequences, length 6
# corresponding to MSA columns:
# 64-69
name=unknown_B
#
# <colnr> <probs for GDERKNQSTAVLIFYWHMCP>
#	G	D	E	R	K	N	Q	S	T	A	V	L	I	F	Y	W	H	M	C	P
0	0.00978	0.00595	0.00817	0.00849	0.00910	0.00568	0.00594	0.00946	0.01176	0.01568	0.13570	0.19511	0.09589	0.01970	0.01626	0.38998	0.00459	0.04383	0.00464	0.00427
1	0.03395	0.00891	0.01156	0.04605	0.08603	0.00864	0.00854	0.05588	0.01574	0.11115	0.11910	0.15960	0.19286	0.04044	0.00806	0.00231	0.00475	0.03333	0.04598	0.00712
2	0.02183	0.10579	0.02240	0.01571	0.02065	0.09870	0.11959	0.25172	0.07284	0.15177	0.01701	0.01873	0.01271	0.00752	0.00641	0.00195	0.00771	0.03185	0.00544	0.00968
3	0.05294	0.01423	0.02107	0.20262	0.23797	0.05640	0.06515	0.04870	0.01518	0.13086	0.01418	0.01731	0.01077	0.00909	0.05056	0.00252	0.03165	0.00588	0.00405	0.00887
4	0.00832	0.00608	0.00745	0.00824	0.00904	0.00564	0.00563	0.00957	0.01284	0.01677	0.08759	0.41141	0.17708	0.15495	0.01257	0.00317	0.00417	0.04863	0.00570	0.00514
5	0.06498	0.01164	0.01209	0.01044	0.01339	0.06379	0.00795	0.08591	0.11172	0.16857	0.02255	0.02572	0.07062	0.11426	0.01198	0.09684	0.00576	0.00692	0.06205	0.03281

[dist]
# distance from previous block
# <min> <max>
0	8

[block]
# block no. 2 follows, 34 sequences, length 92
# corresponding to MSA columns:
# 78-169
name=unknown_C
#
# <colnr> <probs for GDERKNQSTAVLIFYWHMCP>
#	G	D	E	R	K	N	Q	S	T	A	V	L	I	F	Y	W	H	M	C	P
0	0.08477	0.03346	0.01387	0.01145	0.01482	0.05309	0.00904	0.19917	0.01897	0.17919	0.06689	0.19445	0.03978	0.01261	0.03625	0.00243	0.00612	0.00913	0.00611	0.00841
1	0.08678	0.04623	0.01558	0.03382	0.01677	0.01391	0.00982	0.23573	0.06157	0.16513	0.05218	0.02023	0.01533	0.04245	0.08571	0.00294	0.00719	0.00612	0.00568	0.07682
2	0.05094	0.06317	0.07339	0.13027	0.15504	0.06521	0.05897	0.11861	0.03578	0.02254	0.03269	0.10291	0.01475	0.00812	0.00638	0.00199	0.00744	0.00703	0.00415	0.04062
3	0.01519	0.07918	0.13660	0.14560	0.36066	0.03591	0.07667	0.01997	0.03252	0.01978	0.01209	0.01558	0.00966	0.00599	0.00628	0.00195	0.00836	0.00557	0.00314	0.00929
4	0.00871	0.00635	0.00893	0.00959	0.01038	0.00670	0.00699	0.01045	0.01161	0.01605	0.05243	0.33914	0.03004	0.07349	0.34755	0.00636	0.01013	0.03487	0.00477	0.00547
5	0.03906	0.01450	0.05732	0.19146	0.17521	0.03445	0.11114	0.04979	0.04258	0.02014	0.01585	0.08725	0.01445	0.02607	0.00834	0.00230	0.05592	0.04225	0.00381	0.00813
6	0.01686	0.06760	0.23001	0.03784	0.09938	0.03268	0.09748	0.12892	0.08818	0.06762	0.03073	0.01865	0.04052	0.00717	0.00642	0.00200	0.00792	0.00615	0.00437	0.00949
7	0.01226	0.01035	0.01504	0.01985	0.25570	0.01042	0.01124	0.04944	0.07617	0.02032	0.04784	0.33368	0.05063	0.04630	0.00842	0.00244	0.00544	0.01175	0.00507	0.00763
8	0.05173	0.00813	0.00983	0.03184	0.01241	0.00815	0.00766	0.08678	0.01531	0.04444	0.06524	0.34576	0.12542	0.04251	0.00859	0.00258	0.00470	0.11671	0.00589	0.00633
9	0.01642	0.01365	0.02086	0.19251	0.20032	0.03883	0.05944	0.03690	0.01428	0.11755	0.01486	0.07000	0.01255	0.00838	0.00946	0.00222	0.15245	0.00680	0.00400	0.00850
10	0.01365	0.02813	0.52685	0.04701	0.12942	0.01520	0.10844	0.02027	0.01397	0.02045	0.01185	0.01457	0.00869	0.00601	0.00637	0.00205	0.00942	0.00530	0.00287	0.00946
11	0.01230	0.01167	0.01968	0.46292	0.08144	0.01389	0.07059	0.01599	0.01276	0.01697	0.01464	0.05737	0.03247	0.01100	0.06450	0.00286	0.08164	0.00685	0.00322	0.00723
12	0.03765	0.01387	0.02423	0.10648	0.10438	0.01512	0.23638	0.01878	0.04182	0.05460	0.03965	0.07787	0.01446	0.00862	0.01019	0.00231	0.17408	0.00758	0.00385	0.00810
13	0.01834	0.09279	0.17449	0.05259	0.15698	0.04087	0.07576	0.09684	0.01674	0.14863	0.01640	0.03661	0.02979	0.00711	0.00632	0.00196	0.00779	0.00610	0.00440	0.00951
14	0.00792	0.00582	0.00749	0.00868	0.00936	0.00539	0.00592	0.00920	0.01278	0.01682	0.05705	0.62882	0.13699	0.02044	0.03198	0.00280	0.00410	0.01718	0.00595	0.00532
15	0.01414	0.01353	0.02477	0.05487	0.15009	0.01370	0.27520	0.03646	0.01492	0.04284	0.08668	0.04372	0.05686	0.01129	0.06572	0.00281	0.07225	0.00793	0.00405	0.00815
16	0.01395	0.02278	0.38934	0.03935	0.02358	0.01351	0.07267	0.05578	0.05092	0.06294	0.01855	0.12896	0.03603	0.00899	0.00718	0.00218	0.03284	0.00763	0.00406	0.00876
17	0.01472	0.02218	0.33152	0.02043	0.08677	0.01393	0.19044	0.04142	0.01495	0.07005	0.05185	0.03634	0.01387	0.05285	0.00830	0.00233	0.00870	0.00667	0.00376	0.00893
18	0.02083	0.02582	0.02569	0.02059	0.02511	0.47477	0.27204	0.02390	0.01717	0.01763	0.01114	0.01380	0.00887	0.00621	0.00650	0.00186	0.01137	0.00545	0.00331	0.00795
19	0.01607	0.01746	0.02301	0.23644	0.11030	0.17601	0.14924	0.02000	0.03494	0.01803	0.01276	0.01850	0.01067	0.00736	0.00821	0.00214	0.08831	0.03931	0.00334	0.00791
20	0.06101	0.01742	0.05979	0.01600	0.04703	0.01770	0.05884	0.45345	0.07934	0.07580	0.01670	0.03864	0.01244	0.00781	0.00646	0.00201	0.00707	0.00629	0.00588	0.01030
21	0.00817	0.00665	0.00726	0.00736	0.00922	0.00585	0.00542	0.01047	0.03682	0.01895	0.16458	0.16134	0.50276	0.01619	0.00769	0.00222	0.00336	0.01382	0.00619	0.00567
22	0.02456	0.01810	0.01939	0.01487	0.02004	0.02004	0.01228	0.71107	0.03038	0.04072	0.01551	0.01551	0.01099	0.00776	0.00646	0.00194	0.00711	0.00582	0.00646	0.01099
23	0.02899	0.01100	0.01499	0.01150	0.01649	0.00950	0.00950	0.03149	0.01849	0.73709	0.02549	0.02199	0.01599	0.00800	0.00650	0.00200	0.00550	0.00650	0.00800	0.01100
24	0.01529	0.01732	0.03753	0.02786	0.06892	0.01629	0.67448	0.02065	0.01522	0.02072	0.01303	0.01736	0.00983	0.00546	0.00756	0.00217	0.01073	0.00753	0.00326	0.00879
25	0.01727	0.77681	0.03386	0.01106	0.01658	0.02557	0.01106	0.01935	0.01313	0.01520	0.00898	0.01036	0.00829	0.00553	0.00415	0.00138	0.00691	0.00345	0.00276	0.00829
26	0.01909	0.09178	0.22060	0.01734	0.02248	0.37845	0.05780	0.02261	0.01569	0.01732	0.01041	0.01265	0.00839	0.00674	0.00718	0.00188	0.07376	0.00461	0.00307	0.00817
27	0.00923	0.00692	0.01038	0.01038	0.01154	0.00808	0.00808	0.01154	0.01038	0.01500	0.01731	0.02538	0.01615	0.04846	0.74732	0.01038	0.01731	0.00692	0.00346	0.00577
28	0.02715	0.01087	0.01459	0.01137	0.01609	0.00961	0.00933	0.03045	0.05293	0.65895	0.06840	0.02370	0.01892	0.00835	0.00657	0.00201	0.00533	0.00685	0.00787	0.01066
29	0.01464	0.01423	0.02507	0.22758	0.45146	0.01486	0.09268	0.01868	0.01422	0.01969	0.01285	0.04137	0.01083	0.00639	0.00661	0.00203	0.00814	0.00637	0.00321	0.00910
30	0.01122	0.00561	0.00842	0.00842	0.00842	0.00561	0.00561	0.00842	0.00842	0.01122	0.01122	0.01964	0.01122	0.02245	0.02525	0.81201	0.00561	0.00561	0.00281	0.00281
31	0.01607	0.01388	0.01461	0.01315	0.01680	0.01607	0.01023	0.03433	0.72094	0.02703	0.02630	0.02411	0.01972	0.00877	0.00657	0.00219	0.00511	0.00731	0.00657	0.01023
32	0.01559	0.01488	0.02531	0.03816	0.69715	0.01486	0.01915	0.01930	0.01460	0.02088	0.01330	0.05291	0.01183	0.00647	0.00649	0.00195	0.00748	0.00638	0.00334	0.00999
33	0.02144	0.02662	0.01652	0.01538	0.01822	0.62408	0.01141	0.02302	0.01733	0.01593	0.01423	0.13709	0.01402	0.00891	0.00623	0.00182	0.01034	0.00652	0.00377	0.00712
34	0.02414	0.03079	0.01831	0.01665	0.01998	0.74698	0.01248	0.02580	0.01831	0.01581	0.00999	0.01165	0.00832	0.00666	0.00583	0.00166	0.01165	0.00416	0.00333	0.00749
35	0.01220	0.01148	0.01938	0.75739	0.04450	0.01436	0.01794	0.01651	0.01292	0.01651	0.01148	0.01723	0.00861	0.00646	0.00646	0.00215	0.00861	0.00574	0.00287	0.00718
36	0.01622	0.01482	0.02570	0.12268	0.46095	0.01506	0.11699	0.02114	0.05782	0.06444	0.01388	0.01721	0.01090	0.00612	0.00660	0.00201	0.00796	0.00616	0.00367	0.00969
37	0.00790	0.00583	0.00739	0.00852	0.00927	0.00533	0.00581	0.00921	0.01308	0.01714	0.07571	0.60898	0.16378	0.01921	0.00811	0.00252	0.00363	0.01721	0.00605	0.00533
38	0.09409	0.35405	0.10714	0.01257	0.01806	0.03974	0.01212	0.10902	0.09461	0.08258	0.01345	0.01395	0.01042	0.00652	0.00517	0.00174	0.00687	0.00461	0.00422	0.00908
39	0.01641	0.01691	0.08275	0.02946	0.36785	0.01545	0.17251	0.09210	0.04302	0.03965	0.03110	0.03642	0.01257	0.00663	0.00674	0.00202	0.00813	0.00664	0.00392	0.00971
40	0.00793	0.00576	0.00750	0.00887	0.00944	0.00534	0.00604	0.00916	0.01266	0.01667	0.03824	0.68371	0.10411	0.01982	0.00821	0.00260	0.00377	0.03889	0.00600	0.00529
41	0.01852	0.43887	0.12710	0.01511	0.06718	0.16200	0.01362	0.02141	0.01458	0.05356	0.01060	0.01205	0.00881	0.00597	0.00502	0.00160	0.00817	0.00409	0.00317	0.00858
42	0.06284	0.01520	0.06051	0.09063	0.43333	0.03678	0.01655	0.02016	0.03657	0.07536	0.01782	0.02017	0.07199	0.00705	0.00635	0.00198	0.00720	0.00630	0.00391	0.00931
43	0.01464	0.14773	0.32955	0.09361	0.05971	0.04121	0.18506	0.02009	0.01407	0.01914	0.01148	0.01441	0.00873	0.00591	0.00620	0.00196	0.00934	0.00536	0.00292	0.00887
44	0.00787	0.00614	0.00715	0.00777	0.00910	0.00542	0.00550	0.00941	0.01400	0.01778	0.11123	0.37389	0.36612	0.01780	0.00791	0.00236	0.00346	0.01556	0.00610	0.00542
45	0.04489	0.08914	0.17509	0.02113	0.17879	0.12429	0.05242	0.09696	0.07206	0.06450	0.01363	0.01518	0.01038	0.00652	0.00607	0.00191	0.00828	0.00530	0.00401	0.00945
46	0.03886	0.10862	0.20101	0.07596	0.08965	0.06120	0.07863	0.11125	0.06561	0.06170	0.03735	0.01646	0.01188	0.00675	0.00616	0.00195	0.00806	0.00561	0.00409	0.00921
47	0.01303	0.01027	0.09176	0.01070	0.01328	0.00771	0.00903	0.03397	0.01474	0.15248	0.07808	0.41989	0.05429	0.01533	0.00761	0.00239	0.00487	0.04743	0.00609	0.00706
48	0.05833	0.03608	0.02631	0.14259	0.43662	0.01572	0.13264	0.03727	0.01469	0.02111	0.01204	0.01596	0.00971	0.00587	0.00642	0.00199	0.00817	0.00588	0.00328	0.00932
49	0.01792	0.05268	0.23524	0.02093	0.16935	0.09340	0.05075	0.07720	0.06999	0.10482	0.01609	0.01727	0.03151	0.00689	0.00629	0.00196	0.00817	0.00573	0.00421	0.00959
50	0.03260	0.06509	0.22354	0.02223	0.10332	0.06824	0.25805	0.04385	0.01535	0.06066	0.01353	0.03970	0.01060	0.00647	0.00660	0.00202	0.00923	0.00630	0.00356	0.00905
51	0.00815	0.00610	0.00781	0.00872	0.00968	0.00576	0.00621	0.00970	0.01304	0.01711	0.07383	0.46383	0.18802	0.02227	0.09482	0.00343	0.00530	0.04503	0.00575	0.00543
52	0.03571	0.01281	0.02080	0.05866	0.23198	0.01309	0.12393	0.05952	0.03620	0.07977	0.06506	0.12555	0.01918	0.03957	0.00871	0.00232	0.04570	0.00841	0.00456	0.00848
53	0.01884	0.01811	0.14973	0.03653	0.06269	0.03454	0.11686	0.18825	0.01892	0.14542	0.03631	0.04131	0.03207	0.00819	0.00734	0.00210	0.03778	0.03055	0.00505	0.00940
54	0.07534	0.01622	0.06587	0.01783	0.04578	0.05807	0.20830	0.07975	0.09259	0.15718	0.01770	0.02149	0.01368	0.03804	0.00812	0.00229	0.02631	0.04148	0.00495	0.00902
55	0.01717	0.04131	0.01720	0.15658	0.04014	0.20465	0.03193	0.11202	0.06473	0.04046	0.13477	0.04757	0.04676	0.00875	0.00656	0.00196	0.00760	0.00714	0.00479	0.00792
56	0.01982	0.14195	0.09975	0.02178	0.20574	0.03526	0.09506	0.10126	0.01710	0.17812	0.01491	0.01613	0.01094	0.00646	0.00616	0.00189	0.00768	0.00562	0.00451	0.00985
57	0.08302	0.01450	0.01927	0.11920	0.08152	0.05302	0.08668	0.16768	0.01896	0.21696	0.06142	0.01921	0.01452	0.00738	0.00644	0.00200	0.00716	0.00628	0.00545	0.00935
58	0.11001	0.01530	0.01572	0.05046	0.04634	0.12049	0.04669	0.11246	0.18070	0.05973	0.02023	0.04298	0.05271	0.08751	0.00902	0.00247	0.00689	0.00691	0.00505	0.00832
59	0.01554	0.04062	0.14691	0.07026	0.23647	0.03936	0.12438	0.03730	0.03295	0.05533	0.01570	0.04205	0.03978	0.00740	0.00774	0.00209	0.06689	0.00655	0.00368	0.00900
60	0.07447	0.04458	0.02216	0.02396	0.29617	0.01450	0.07148	0.08318	0.01684	0.24370	0.01620	0.01728	0.01170	0.00675	0.00669	0.00198	0.02745	0.00590	0.00499	0.01003
61	0.01429	0.01162	0.01599	0.10988	0.04615	0.02910	0.06584	0.09452	0.06368	0.06643	0.02402	0.18787	0.07100	0.05776	0.01025	0.00255	0.08567	0.03089	0.00497	0.00751
62	0.00840	0.00581	0.00752	0.00864	0.00895	0.00554	0.00567	0.00919	0.01165	0.01552	0.03135	0.56413	0.03722	0.18048	0.01419	0.03571	0.00442	0.03528	0.00543	0.00489
63	0.14561	0.01586	0.01997	0.02224	0.25251	0.06360	0.02986	0.15973	0.01744	0.10932	0.01338	0.01529	0.01023	0.00711	0.00764	0.00203	0.08882	0.00543	0.00451	0.00941
64	0.01556	0.01491	0.02297	0.19673	0.44111	0.04112	0.01790	0.03811	0.07180	0.02060	0.01298	0.01667	0.01050	0.00651	0.00713	0.00203	0.04475	0.00582	0.00347	0.00931
65	0.01010	0.00637	0.00827	0.00872	0.00982	0.00588	0.00611	0.01177	0.01412	0.07908	0.18428	0.45902	0.07271	0.06045	0.00926	0.00261	0.00385	0.01489	0.02682	0.00587
66	0.01530	0.01398	0.02344	0.24852	0.46563	0.01505	0.01858	0.01910	0.01409	0.04805	0.01230	0.01650	0.00990	0.00633	0.00716	0.00204	0.04576	0.00578	0.00327	0.00921
67	0.00866	0.00648	0.00855	0.01028	0.03850	0.00624	0.00665	0.01073	0.04807	0.01709	0.03462	0.65055	0.06229	0.04724	0.00899	0.00270	0.00405	0.01682	0.00584	0.00565
68	0.00957	0.00645	0.00817	0.00842	0.00979	0.00583	0.00605	0.01151	0.01516	0.06460	0.27251	0.35337	0.17151	0.01643	0.00782	0.00231	0.00354	0.01454	0.00650	0.00593
69	0.11988	0.01040	0.01164	0.01063	0.01339	0.01095	0.00818	0.09562	0.15261	0.11834	0.10185	0.20239	0.02745	0.05019	0.00814	0.00243	0.00491	0.03695	0.00618	0.00788
70	0.00799	0.00588	0.00749	0.00853	0.00931	0.00538	0.00585	0.00941	0.01342	0.01774	0.12143	0.57892	0.14727	0.01884	0.00808	0.00249	0.00360	0.01688	0.00613	0.00538
71	0.01607	0.01388	0.01461	0.01315	0.01680	0.01607	0.01023	0.03433	0.72094	0.02703	0.02630	0.02411	0.01972	0.00877	0.00657	0.00219	0.00511	0.00731	0.00657	0.01023
72	0.01238	0.00716	0.00942	0.00888	0.01079	0.00648	0.00664	0.01479	0.01672	0.15253	0.40251	0.22039	0.07760	0.01412	0.00757	0.00218	0.00367	0.01246	0.00695	0.00675
73	0.01340	0.01148	0.01340	0.00957	0.01531	0.00861	0.00766	0.01627	0.01340	0.02105	0.01148	0.01340	0.00957	0.00479	0.00479	0.00096	0.00479	0.00383	0.00383	0.81242
74	0.00921	0.00621	0.00718	0.00733	0.00745	0.00614	0.00427	0.00949	0.01019	0.01366	0.05777	0.12641	0.02760	0.64785	0.02877	0.00563	0.00581	0.01055	0.00432	0.00418
75	0.01065	0.00798	0.00945	0.00975	0.01099	0.00836	0.00689	0.01577	0.19306	0.01824	0.02930	0.32611	0.05034	0.15477	0.01368	0.06691	0.00482	0.05129	0.00551	0.00613
76	0.03606	0.00773	0.00956	0.00878	0.01114	0.00696	0.00660	0.01631	0.01545	0.21811	0.16324	0.18926	0.18661	0.06387	0.00894	0.00244	0.00418	0.01153	0.02621	0.00702
77	0.00934	0.00611	0.00777	0.00854	0.00915	0.00575	0.00563	0.01035	0.01223	0.05213	0.05659	0.50537	0.05948	0.20347	0.01415	0.00345	0.00441	0.01519	0.00563	0.00525
78	0.01555	0.01491	0.02544	0.12249	0.65321	0.01524	0.01961	0.01945	0.01451	0.02058	0.01208	0.01613	0.01005	0.00584	0.00640	0.00195	0.00778	0.00576	0.00316	0.00988
79	0.00846	0.00616	0.00726	0.00789	0.00863	0.00576	0.00525	0.00943	0.01206	0.01553	0.03764	0.31455	0.20331	0.27438	0.01649	0.00377	0.00460	0.04866	0.00529	0.00488
80	0.01037	0.00605	0.00889	0.00897	0.00942	0.00626	0.00636	0.00961	0.01007	0.01382	0.07445	0.06696	0.01887	0.02768	0.19515	0.49046	0.00810	0.02097	0.00357	0.00399
81	0.01472	0.01385	0.02365	0.03354	0.56844	0.01396	0.04761	0.01823	0.01389	0.01984	0.01330	0.01862	0.01167	0.04917	0.10847	0.00329	0.00906	0.00618	0.00327	0.00925
82	0.72806	0.01238	0.01061	0.09255	0.01609	0.01448	0.00823	0.01871	0.01121	0.02759	0.00928	0.01125	0.00718	0.00605	0.00427	0.00202	0.00540	0.00375	0.00387	0.00702
83	0.04440	0.01600	0.02569	0.03715	0.65284	0.04737	0.04215	0.02009	0.01476	0.02114	0.01198	0.01566	0.01002	0.00579	0.00633	0.00192	0.00786	0.00567	0.00323	0.00995
84	0.01229	0.01239	0.07091	0.01349	0.03774	0.01272	0.01093	0.01784	0.15615	0.01998	0.11658	0.11354	0.05162	0.07284	0.01302	0.00274	0.20595	0.04708	0.00490	0.00729
85	0.01165	0.00932	0.01101	0.00911	0.01241	0.00831	0.00717	0.03673	0.01537	0.04355	0.19115	0.03600	0.23223	0.01075	0.00753	0.00176	0.05748	0.00877	0.00536	0.28434
86	0.00891	0.00660	0.00832	0.00789	0.00951	0.00600	0.00591	0.01175	0.01774	0.02461	0.62733	0.05040	0.16365	0.01369	0.00762	0.00206	0.00308	0.01198	0.00694	0.00600
87	0.00981	0.00728	0.01042	0.01022	0.01147	0.00831	0.00787	0.03772	0.01147	0.01636	0.05324	0.02725	0.01869	0.09177	0.63630	0.00938	0.01550	0.00728	0.00379	0.00586
88	0.01704	0.07583	0.06341	0.03982	0.07799	0.03367	0.02660	0.18614	0.10188	0.05734	0.01587	0.01886	0.01279	0.03606	0.14909	0.00373	0.06443	0.00606	0.00458	0.00880
89	0.00808	0.00584	0.00754	0.00862	0.00926	0.00541	0.00584	0.00942	0.01314	0.01754	0.12179	0.59573	0.09599	0.05202	0.00920	0.00268	0.00374	0.01680	0.00604	0.00531
90	0.01449	0.01243	0.01429	0.04683	0.01723	0.02507	0.00864	0.07419	0.01489	0.02236	0.01179	0.01373	0.00962	0.00515	0.00503	0.00111	0.00531	0.00409	0.00399	0.68977
91	0.01810	0.01501	0.02260	0.08850	0.24449	0.01606	0.09505	0.17184	0.07333	0.08013	0.01505	0.01797	0.01169	0.03181	0.00861	0.00221	0.06720	0.00627	0.00452	0.00956

[dist]
# distance from previous block
# <min> <max>
0	3

[block]
# block no. 3 follows, 34 sequences, length 29
# corresponding to MSA columns:
# 173-201
name=unknown_D
#
# <colnr> <probs for GDERKNQSTAVLIFYWHMCP>
#	G	D	E	R	K	N	Q	S	T	A	V	L	I	F	Y	W	H	M	C	P
0	0.30701	0.17475	0.06551	0.01560	0.09956	0.07611	0.05831	0.02147	0.07202	0.03875	0.01168	0.01324	0.00927	0.00617	0.00510	0.00187	0.00694	0.00454	0.00377	0.00831
1	0.00973	0.00724	0.00944	0.01036	0.01174	0.00723	0.00824	0.01318	0.06746	0.01921	0.08652	0.26286	0.09733	0.01890	0.04505	0.00305	0.00538	0.30508	0.00598	0.00603
2	0.00940	0.00626	0.00705	0.00705	0.00705	0.00626	0.00392	0.00940	0.00940	0.01253	0.02036	0.04228	0.02349	0.77292	0.03289	0.00626	0.00626	0.00940	0.00392	0.00392
3	0.01340	0.01148	0.01340	0.00957	0.01531	0.00861	0.00766	0.01627	0.01340	0.02105	0.01148	0.01340	0.00957	0.00479	0.00479	0.00096	0.00479	0.00383	0.00383	0.81242
4	0.01592	0.01528	0.02104	0.19406	0.13746	0.08388	0.09719	0.09846	0.09055	0.02182	0.03922	0.02030	0.01357	0.00933	0.03806	0.00246	0.05764	0.03120	0.00409	0.00847
5	0.00921	0.00644	0.00805	0.00832	0.00946	0.00609	0.00589	0.01081	0.01353	0.04099	0.16798	0.25907	0.17265	0.14703	0.08148	0.00376	0.00534	0.03273	0.00568	0.00548
6	0.00867	0.00654	0.00795	0.00822	0.00968	0.00597	0.00618	0.01078	0.01521	0.02000	0.26831	0.16151	0.26686	0.06548	0.00955	0.00258	0.00385	0.11083	0.00622	0.00560
7	0.05208	0.02313	0.21232	0.05359	0.02374	0.15618	0.08048	0.14367	0.12032	0.05034	0.01463	0.01581	0.01078	0.00691	0.00628	0.00199	0.00863	0.00553	0.00435	0.00925
8	0.60214	0.01213	0.01043	0.00925	0.01314	0.01359	0.00746	0.02061	0.09035	0.06285	0.01337	0.05542	0.01100	0.00714	0.00469	0.00200	0.00495	0.00492	0.00459	0.04996
9	0.00978	0.00754	0.00908	0.00883	0.01065	0.00734	0.00668	0.01446	0.11259	0.02333	0.41303	0.11641	0.16948	0.01408	0.00761	0.00219	0.00360	0.05020	0.00667	0.00646
10	0.00982	0.00586	0.00821	0.00880	0.00913	0.00571	0.00606	0.00930	0.01087	0.01454	0.06215	0.27322	0.02731	0.06723	0.01778	0.38285	0.00492	0.06767	0.00443	0.00413
11	0.06269	0.05656	0.09557	0.01587	0.02090	0.04821	0.07846	0.33243	0.06565	0.06527	0.01448	0.01555	0.01069	0.00754	0.00769	0.00204	0.07994	0.00568	0.00507	0.00971
12	0.01560	0.01719	0.03073	0.06232	0.11322	0.06927	0.40521	0.01973	0.01423	0.01917	0.01175	0.01618	0.00943	0.00678	0.00998	0.00224	0.15873	0.00667	0.00316	0.00841
13	0.81856	0.01250	0.00950	0.00850	0.01250	0.01449	0.00700	0.01899	0.01100	0.02899	0.00900	0.01050	0.00700	0.00600	0.00400	0.00200	0.00500	0.00350	0.00400	0.00700
14	0.01074	0.00570	0.00816	0.00827	0.00830	0.00568	0.00541	0.00859	0.00883	0.01178	0.01420	0.07587	0.01514	0.12491	0.02509	0.64442	0.00557	0.00703	0.00318	0.00313
15	0.01264	0.00694	0.00910	0.00924	0.01076	0.00629	0.00657	0.01410	0.01389	0.17518	0.05766	0.48940	0.08085	0.06368	0.00933	0.00266	0.00424	0.01467	0.00635	0.00647
16	0.01355	0.00842	0.01155	0.01060	0.01240	0.00920	0.00819	0.05404	0.01267	0.13434	0.01863	0.02627	0.01659	0.14355	0.45042	0.00763	0.04374	0.00710	0.00441	0.00670
17	0.00961	0.00650	0.00850	0.00890	0.01018	0.00606	0.00654	0.01164	0.01482	0.05760	0.24662	0.34922	0.11602	0.01829	0.04469	0.00278	0.00442	0.06540	0.00631	0.00591
18	0.06224	0.01034	0.01332	0.01050	0.01494	0.00901	0.00853	0.02576	0.01722	0.50649	0.08733	0.04228	0.06314	0.00881	0.00641	0.00192	0.00501	0.00724	0.00713	0.09239
19	0.00844	0.00607	0.00812	0.00956	0.01026	0.00575	0.00696	0.01000	0.01302	0.01717	0.03638	0.58578	0.06652	0.01956	0.00838	0.00269	0.00423	0.16972	0.00599	0.00541
20	0.11230	0.00958	0.01207	0.01099	0.01349	0.00999	0.00864	0.01953	0.04301	0.24956	0.02469	0.24362	0.02332	0.01492	0.05672	0.00288	0.08535	0.04564	0.00592	0.00777
21	0.01340	0.01148	0.01340	0.00957	0.01531	0.00861	0.00766	0.01627	0.01340	0.02105	0.01148	0.01340	0.00957	0.00479	0.00479	0.00096	0.00479	0.00383	0.00383	0.81242
22	0.00987	0.00630	0.00831	0.00919	0.01020	0.00580	0.00651	0.01136	0.01349	0.07848	0.07094	0.58214	0.08402	0.01846	0.00807	0.00254	0.00397	0.05830	0.00622	0.00584
23	0.01782	0.06989	0.02416	0.22758	0.10752	0.27959	0.14377	0.02118	0.01550	0.01745	0.01115	0.01467	0.00889	0.00621	0.00629	0.00191	0.00992	0.00537	0.00314	0.00798
24	0.01025	0.00757	0.00948	0.00950	0.01082	0.00798	0.00701	0.03253	0.08672	0.01714	0.02855	0.13463	0.12226	0.14458	0.22476	0.07043	0.00850	0.05677	0.00476	0.00576
25	0.01112	0.00828	0.01168	0.03817	0.13023	0.00789	0.00881	0.01347	0.01485	0.06991	0.17918	0.21672	0.19254	0.01580	0.04910	0.00266	0.00519	0.01194	0.00566	0.00679
26	0.01423	0.01240	0.02006	0.18439	0.22100	0.01310	0.08617	0.08959	0.03244	0.02093	0.05303	0.09868	0.01639	0.00995	0.00890	0.09198	0.00720	0.00763	0.00402	0.00791
27	0.22132	0.01317	0.01601	0.04344	0.03533	0.03200	0.08311	0.12913	0.05408	0.10558	0.10673	0.02216	0.03773	0.04078	0.00771	0.00223	0.02940	0.00664	0.00522	0.00824
28	0.17059	0.01347	0.01761	0.11934	0.12070	0.01423	0.06346	0.14556	0.05392	0.02579	0.04278	0.01971	0.06276	0.00732	0.00601	0.00192	0.00649	0.00611	0.00450	0.09774

[dist]
# distance from previous block
# <min> <max>
3	28

[block]
# block no. 4 follows, 34 sequences, length 28
# corresponding to MSA columns:
# 230-257
name=unknown_E
#
# <colnr> <probs for GDERKNQSTAVLIFYWHMCP>
#	G	D	E	R	K	N	Q	S	T	A	V	L	I	F	Y	W	H	M	C	P
0	0.06286	0.03223	0.12553	0.01554	0.06801	0.03302	0.02559	0.07542	0.13124	0.05069	0.06272	0.08554	0.01774	0.03395	0.00961	0.00231	0.12599	0.00725	0.00466	0.03011
1	0.01272	0.00888	0.01263	0.01093	0.01349	0.00846	0.06900	0.01720	0.08824	0.10523	0.38569	0.10202	0.04202	0.03502	0.00817	0.00224	0.00455	0.03634	0.00649	0.03069
2	0.32394	0.01364	0.01299	0.01083	0.01522	0.04138	0.00875	0.10399	0.13401	0.06257	0.01487	0.01662	0.01163	0.00692	0.00524	0.00182	0.00553	0.02678	0.00492	0.17834
3	0.00893	0.00660	0.00834	0.00791	0.00952	0.00601	0.00593	0.01178	0.01779	0.02473	0.63620	0.05022	0.15472	0.01365	0.00762	0.00205	0.00308	0.01196	0.00696	0.00601
4	0.02162	0.01540	0.01640	0.01294	0.01728	0.01694	0.01057	0.54030	0.05105	0.03673	0.01707	0.01763	0.01247	0.00774	0.00606	0.00186	0.00617	0.00591	0.17596	0.00991
5	0.00794	0.00565	0.00748	0.00892	0.00927	0.00529	0.00591	0.00901	0.01225	0.01633	0.03497	0.73826	0.04193	0.05179	0.00928	0.00278	0.00385	0.01799	0.00591	0.00519
6	0.66282	0.01265	0.01086	0.00930	0.01351	0.01418	0.00767	0.06479	0.01323	0.12400	0.01161	0.01235	0.00845	0.00638	0.00449	0.00200	0.00520	0.00405	0.00469	0.00778
7	0.00779	0.00655	0.00676	0.00671	0.00882	0.00552	0.00503	0.00957	0.01509	0.01831	0.13286	0.06077	0.66205	0.01604	0.00763	0.00217	0.00325	0.01344	0.00611	0.00552
8	0.01097	0.00569	0.00850	0.00856	0.00864	0.00574	0.00577	0.00863	0.00870	0.01166	0.01259	0.05088	0.01282	0.02390	0.06740	0.73106	0.00623	0.00622	0.00298	0.00308
9	0.00841	0.00613	0.00746	0.00816	0.00932	0.00559	0.00585	0.01017	0.01407	0.01879	0.14403	0.39032	0.22530	0.01720	0.00777	0.00236	0.00358	0.04917	0.06080	0.00552
10	0.01069	0.00594	0.00826	0.00840	0.00854	0.00594	0.00563	0.00912	0.00926	0.01230	0.01564	0.03025	0.01670	0.20958	0.02564	0.53543	0.00581	0.07010	0.00338	0.00338
11	0.07934	0.01109	0.01464	0.01130	0.01624	0.00982	0.00934	0.03069	0.01802	0.69194	0.02444	0.02126	0.01542	0.00787	0.00634	0.00200	0.00547	0.00631	0.00774	0.01074
12	0.00807	0.00572	0.00750	0.00878	0.00917	0.00538	0.00581	0.00917	0.01234	0.01652	0.06306	0.67151	0.04171	0.08959	0.01050	0.00294	0.00395	0.01726	0.00585	0.00516
13	0.01488	0.01340	0.01621	0.01426	0.01745	0.06318	0.09576	0.07804	0.30861	0.02355	0.02549	0.18206	0.02369	0.01149	0.00724	0.00231	0.00623	0.08198	0.00575	0.00842
14	0.01783	0.01734	0.02117	0.20970	0.26831	0.13987	0.01615	0.13442	0.07090	0.02272	0.01324	0.01610	0.01035	0.00664	0.00634	0.00196	0.00830	0.00561	0.00393	0.00913
15	0.00971	0.00720	0.00912	0.00854	0.01024	0.00691	0.00643	0.01400	0.07554	0.02600	0.67194	0.04630	0.05761	0.01285	0.00754	0.00205	0.00322	0.01133	0.00707	0.00643
16	0.00806	0.00622	0.00736	0.00780	0.00917	0.00552	0.00557	0.00983	0.01466	0.01900	0.20320	0.31720	0.32907	0.01707	0.00786	0.00231	0.00340	0.01493	0.00625	0.00552
17	0.07666	0.26892	0.02335	0.01460	0.06035	0.12370	0.01175	0.23805	0.01968	0.08700	0.01279	0.01351	0.00983	0.00665	0.00544	0.00172	0.00744	0.00470	0.00457	0.00928
18	0.08976	0.01594	0.01491	0.01310	0.01696	0.11713	0.01025	0.05811	0.45128	0.10910	0.02198	0.02059	0.01623	0.00810	0.00623	0.00207	0.00614	0.00638	0.00606	0.00968
19	0.01017	0.00670	0.00818	0.00824	0.00980	0.00613	0.00598	0.01250	0.02982	0.07174	0.22984	0.27897	0.19667	0.03138	0.00805	0.00231	0.00361	0.01338	0.06049	0.00607
20	0.04656	0.03243	0.67308	0.01792	0.02693	0.05197	0.02261	0.02067	0.01377	0.02058	0.01141	0.01341	0.00814	0.00616	0.00604	0.00203	0.00947	0.00469	0.00281	0.00934
21	0.04497	0.04749	0.01106	0.00909	0.01022	0.03902	0.04078	0.04094	0.01125	0.01515	0.01860	0.04948	0.02056	0.58573	0.02627	0.00519	0.00669	0.00857	0.00395	0.00498
22	0.00833	0.00639	0.00768	0.00809	0.00955	0.00574	0.00599	0.01030	0.01501	0.01951	0.22315	0.25149	0.31206	0.01675	0.00791	0.00233	0.00358	0.07426	0.00628	0.00561
23	0.01042	0.00694	0.00859	0.00820	0.00992	0.00639	0.00608	0.01274	0.04238	0.06505	0.34078	0.09263	0.22760	0.01525	0.00990	0.10996	0.00373	0.01135	0.00620	0.00589
24	0.01797	0.04609	0.11257	0.10548	0.22573	0.23631	0.06298	0.02163	0.01561	0.04816	0.01270	0.01685	0.01039	0.00668	0.00631	0.00193	0.00925	0.03123	0.00344	0.00868
25	0.01683	0.05341	0.02611	0.01879	0.02369	0.01541	0.33060	0.14768	0.07924	0.06038	0.06407	0.02213	0.01596	0.08452	0.00964	0.00249	0.00822	0.00745	0.00468	0.00870
26	0.00798	0.00573	0.00741	0.00870	0.00915	0.00534	0.00577	0.00904	0.01227	0.01624	0.03617	0.66918	0.08199	0.07969	0.01016	0.00289	0.00392	0.01738	0.00583	0.00515
27	0.01142	0.00801	0.01011	0.09605	0.01391	0.00842	0.00734	0.01500	0.10682	0.04774	0.11850	0.11090	0.06085	0.23770	0.01602	0.06477	0.00530	0.00956	0.04563	0.00596

[dist]
# distance from previous block
# <min> <max>
1	46

# created by:
# /home/berkeley/.conda/envs/busco_data_prod/bin/msa2prfl.pl pipeline/OGs_align_augustus/4893/41571.fs
