[name]
unknown

[dist]
# distance from previous block
# <min> <max>
9	80

[block]
# block no. 0 follows, 34 sequences, length 24
# corresponding to MSA columns:
# 88-111
name=unknown_A
#
# <colnr> <probs for GDERKNQSTAVLIFYWHMCP>
#	G	D	E	R	K	N	Q	S	T	A	V	L	I	F	Y	W	H	M	C	P
0	0.01491	0.14909	0.10669	0.06483	0.08500	0.03508	0.03148	0.08918	0.04385	0.03871	0.05807	0.04466	0.07047	0.09291	0.00909	0.00235	0.00682	0.00693	0.00426	0.04561
1	0.01783	0.14765	0.07722	0.01233	0.01691	0.04006	0.01096	0.21576	0.07332	0.08006	0.11798	0.05048	0.05738	0.00884	0.00624	0.00187	0.00615	0.00704	0.00546	0.04647
2	0.01562	0.01701	0.13394	0.10409	0.02244	0.06731	0.07114	0.13364	0.03557	0.05076	0.01722	0.08989	0.02947	0.03272	0.06699	0.00282	0.03655	0.00715	0.00432	0.06133
3	0.01681	0.03041	0.11553	0.11587	0.14757	0.09624	0.08980	0.14524	0.01715	0.02269	0.01291	0.01669	0.01037	0.04470	0.02863	0.00234	0.00870	0.00569	0.00379	0.06886
4	0.04725	0.06238	0.06202	0.11260	0.11301	0.12130	0.01254	0.08950	0.04068	0.02055	0.01720	0.10430	0.03279	0.05119	0.04779	0.00265	0.00791	0.00716	0.02476	0.02246
5	0.03865	0.11610	0.12514	0.03235	0.04436	0.01491	0.01199	0.17306	0.09158	0.04885	0.06984	0.06447	0.12320	0.00947	0.00639	0.00199	0.00617	0.00767	0.00515	0.00865
6	0.04835	0.04537	0.07299	0.08169	0.14733	0.05433	0.03540	0.02015	0.10705	0.05468	0.06224	0.07241	0.03566	0.00903	0.00763	0.00211	0.06315	0.03895	0.00445	0.03701
7	0.01517	0.18981	0.06877	0.04389	0.12615	0.08663	0.01220	0.07259	0.04940	0.01940	0.01993	0.10824	0.07553	0.03671	0.04607	0.00250	0.00751	0.00742	0.00409	0.00798
8	0.13561	0.10094	0.10900	0.07028	0.12627	0.06974	0.01270	0.03848	0.05622	0.02129	0.07144	0.02104	0.04712	0.06563	0.00786	0.00223	0.00689	0.00606	0.00399	0.02720
9	0.13796	0.06636	0.17621	0.01680	0.09644	0.04364	0.06536	0.05557	0.10201	0.02291	0.02743	0.06177	0.04649	0.00775	0.00603	0.00198	0.00704	0.00642	0.00417	0.04765
10	0.00979	0.00712	0.00968	0.01013	0.04436	0.00721	0.02942	0.01096	0.01095	0.01520	0.05313	0.12559	0.02489	0.42810	0.14828	0.00580	0.00780	0.00980	0.03675	0.00505
11	0.01141	0.04480	0.03345	0.04953	0.09946	0.04344	0.02860	0.01400	0.01515	0.03707	0.19072	0.18343	0.17763	0.01299	0.00728	0.00216	0.00517	0.03157	0.00538	0.00679
12	0.01047	0.00720	0.00926	0.03998	0.01188	0.00670	0.00705	0.01265	0.01491	0.06680	0.22620	0.19077	0.14895	0.08041	0.00985	0.00261	0.00435	0.10029	0.00602	0.04365
13	0.01378	0.01172	0.01404	0.01113	0.04877	0.00928	0.00834	0.04377	0.01434	0.02204	0.04161	0.01506	0.01180	0.00530	0.00505	0.00109	0.00494	0.00432	0.00404	0.70960
14	0.01537	0.05055	0.08604	0.10651	0.06744	0.04767	0.06401	0.08073	0.08810	0.06985	0.07995	0.07651	0.06423	0.00881	0.00657	0.00198	0.00674	0.00761	0.00482	0.06653
15	0.00993	0.00775	0.01013	0.01166	0.06585	0.00749	0.00831	0.01304	0.04994	0.01965	0.14061	0.14109	0.19845	0.05915	0.00942	0.00268	0.00475	0.22807	0.00584	0.00620
16	0.57828	0.15847	0.01548	0.01102	0.04919	0.06188	0.00874	0.01952	0.01203	0.02518	0.00921	0.01081	0.00748	0.00594	0.00426	0.00186	0.00590	0.00364	0.00368	0.00743
17	0.01304	0.05882	0.35043	0.01503	0.02092	0.04897	0.06510	0.05381	0.01467	0.01998	0.04872	0.10287	0.08180	0.06730	0.00861	0.00239	0.00778	0.00784	0.00391	0.00800
18	0.01873	0.07393	0.01980	0.07343	0.15851	0.09453	0.01301	0.23097	0.05814	0.04571	0.01598	0.08657	0.01370	0.00803	0.00627	0.00189	0.00718	0.00660	0.00478	0.06226
19	0.00953	0.04431	0.01008	0.00932	0.01038	0.00770	0.00691	0.01117	0.01156	0.01624	0.06996	0.21969	0.02605	0.09044	0.33847	0.04548	0.01012	0.01012	0.04697	0.00550
20	0.08807	0.05098	0.10085	0.04427	0.11894	0.01453	0.01296	0.05621	0.23531	0.02349	0.04101	0.02328	0.01657	0.01249	0.08587	0.00299	0.00759	0.05104	0.00473	0.00879
21	0.03443	0.13996	0.10323	0.06836	0.14619	0.05201	0.08895	0.13829	0.01697	0.03558	0.01641	0.07191	0.04453	0.00775	0.00627	0.00195	0.00768	0.00665	0.00407	0.00884
22	0.00972	0.00837	0.04290	0.01028	0.01163	0.00845	0.00823	0.01193	0.01149	0.01658	0.05067	0.13726	0.05652	0.07596	0.38539	0.00664	0.07154	0.00902	0.06154	0.00587
23	0.01717	0.04945	0.01591	0.01327	0.04433	0.02894	0.06410	0.08288	0.09623	0.18474	0.13184	0.16652	0.02670	0.01073	0.00689	0.00209	0.00553	0.00942	0.03481	0.00846

[dist]
# distance from previous block
# <min> <max>
0	4

[block]
# block no. 1 follows, 34 sequences, length 14
# corresponding to MSA columns:
# 116-129
name=unknown_B
#
# <colnr> <probs for GDERKNQSTAVLIFYWHMCP>
#	G	D	E	R	K	N	Q	S	T	A	V	L	I	F	Y	W	H	M	C	P
0	0.11596	0.05928	0.07085	0.01600	0.10217	0.01624	0.01233	0.29738	0.03818	0.06192	0.01458	0.04054	0.01142	0.00715	0.00586	0.00183	0.00656	0.00557	0.00502	0.11116
1	0.13414	0.16209	0.12869	0.04276	0.04547	0.05621	0.02516	0.05787	0.04700	0.02100	0.01246	0.01534	0.01031	0.02475	0.10280	0.00294	0.00851	0.00486	0.00361	0.09403
2	0.00896	0.00907	0.08625	0.01028	0.01207	0.00677	0.00864	0.01130	0.01361	0.01824	0.08878	0.44992	0.09240	0.01745	0.00805	0.00255	0.00468	0.13933	0.00573	0.00592
3	0.01915	0.39840	0.05435	0.01314	0.01812	0.25918	0.01171	0.04203	0.01539	0.01701	0.00988	0.01140	0.00852	0.00591	0.00491	0.00147	0.00835	0.00385	0.00317	0.09407
4	0.01381	0.01112	0.04325	0.01427	0.05818	0.01064	0.07443	0.03990	0.04698	0.11173	0.09460	0.18756	0.11320	0.01268	0.00899	0.00233	0.08942	0.05387	0.00550	0.00754
5	0.05573	0.22398	0.35065	0.01662	0.06503	0.07583	0.01730	0.04807	0.01474	0.05965	0.01161	0.01315	0.00883	0.00616	0.00554	0.00183	0.00837	0.00451	0.00331	0.00911
6	0.00941	0.00913	0.08663	0.04754	0.01312	0.00710	0.00862	0.01105	0.01223	0.01653	0.05458	0.41044	0.03217	0.09291	0.01231	0.09283	0.00522	0.06771	0.00497	0.00549
7	0.00818	0.00583	0.00743	0.00851	0.00917	0.00541	0.00576	0.00952	0.01298	0.01745	0.09301	0.58739	0.10438	0.05151	0.00907	0.00265	0.00373	0.01655	0.03617	0.00531
8	0.01709	0.10694	0.27160	0.03744	0.11049	0.08420	0.04134	0.09345	0.01642	0.07713	0.01569	0.01884	0.03618	0.00726	0.00622	0.00196	0.00829	0.03636	0.00393	0.00917
9	0.01366	0.04931	0.08086	0.40953	0.15954	0.01560	0.08339	0.01842	0.03459	0.01824	0.01194	0.01648	0.00929	0.00649	0.00717	0.00211	0.04635	0.00578	0.00306	0.00819
10	0.73421	0.01234	0.01008	0.00882	0.01292	0.01396	0.00726	0.02033	0.01180	0.10464	0.01076	0.01172	0.00796	0.00621	0.00427	0.00200	0.00505	0.00382	0.00443	0.00742
11	0.01397	0.01906	0.25721	0.32779	0.10830	0.01436	0.01902	0.01896	0.01350	0.06683	0.01261	0.01639	0.00941	0.00808	0.03330	0.00240	0.04157	0.00551	0.00322	0.00849
12	0.07807	0.01539	0.11834	0.18507	0.08137	0.07110	0.05447	0.01648	0.01361	0.01902	0.04812	0.17620	0.04197	0.01000	0.00736	0.00219	0.04135	0.00857	0.00397	0.00735
13	0.01553	0.39256	0.24839	0.01566	0.02224	0.02056	0.10283	0.02034	0.04308	0.01801	0.01100	0.01298	0.00894	0.00607	0.00596	0.00178	0.03773	0.00463	0.00298	0.00876

[dist]
# distance from previous block
# <min> <max>
0	3

[block]
# block no. 2 follows, 34 sequences, length 29
# corresponding to MSA columns:
# 133-161
name=unknown_C
#
# <colnr> <probs for GDERKNQSTAVLIFYWHMCP>
#	G	D	E	R	K	N	Q	S	T	A	V	L	I	F	Y	W	H	M	C	P
0	0.00920	0.00802	0.05092	0.00939	0.01059	0.00732	0.00719	0.01086	0.01080	0.01490	0.02324	0.15426	0.05636	0.26734	0.32301	0.00694	0.01049	0.00978	0.00410	0.00531
1	0.01370	0.01306	0.07385	0.04150	0.02102	0.01159	0.23150	0.01720	0.01421	0.08953	0.02432	0.16595	0.08394	0.01078	0.00846	0.00228	0.06950	0.04199	0.05806	0.00755
2	0.05453	0.04816	0.24036	0.04365	0.07304	0.09623	0.07429	0.15842	0.01753	0.02437	0.01264	0.01467	0.00953	0.00641	0.00599	0.00187	0.00830	0.00516	0.04556	0.05929
3	0.04637	0.01430	0.01478	0.01259	0.01636	0.03671	0.00997	0.25968	0.30167	0.03016	0.07750	0.05362	0.07871	0.00966	0.00665	0.00209	0.00562	0.00784	0.00632	0.00940
4	0.00973	0.00819	0.01220	0.01236	0.07146	0.00758	0.07742	0.01214	0.01501	0.02009	0.24763	0.18431	0.21038	0.07056	0.00953	0.00250	0.00465	0.01239	0.00567	0.00622
5	0.02024	0.01841	0.01974	0.02237	0.25025	0.20734	0.01387	0.07509	0.06967	0.12287	0.03150	0.01680	0.01240	0.00699	0.00672	0.00186	0.03421	0.00558	0.00452	0.05955
6	0.60390	0.01293	0.01180	0.06510	0.01605	0.01469	0.00861	0.09775	0.01394	0.08801	0.01128	0.01251	0.00831	0.00640	0.00467	0.00200	0.00555	0.00417	0.00452	0.00779
7	0.01386	0.01444	0.02852	0.06957	0.09975	0.01440	0.40639	0.01805	0.01428	0.01970	0.07257	0.02179	0.01521	0.06562	0.04190	0.00284	0.06195	0.00762	0.00358	0.00796
8	0.00828	0.00592	0.00794	0.00932	0.00991	0.00558	0.00657	0.00976	0.01306	0.01745	0.07860	0.63419	0.04315	0.01950	0.00830	0.00263	0.00399	0.10440	0.00606	0.00539
9	0.01738	0.04186	0.01578	0.01332	0.01702	0.07067	0.01045	0.12578	0.50373	0.02703	0.02356	0.06785	0.01869	0.00907	0.00652	0.00212	0.00586	0.00742	0.00615	0.00975
10	0.01486	0.01917	0.12564	0.02520	0.03153	0.01648	0.55997	0.02021	0.01457	0.02021	0.01247	0.01665	0.00948	0.00606	0.00865	0.00222	0.07772	0.00709	0.00316	0.00867
11	0.01371	0.05625	0.35776	0.05110	0.11939	0.01415	0.07100	0.03447	0.01440	0.02080	0.03863	0.01712	0.03522	0.00646	0.00613	0.00186	0.00807	0.00554	0.00335	0.12461
12	0.01008	0.00873	0.01248	0.01121	0.01366	0.00842	0.09751	0.01421	0.08886	0.01954	0.10723	0.14009	0.28468	0.01715	0.06896	0.00298	0.00591	0.07622	0.00560	0.00649
13	0.00948	0.00678	0.00966	0.00966	0.01071	0.00771	0.00732	0.01159	0.01054	0.01548	0.01796	0.02714	0.01700	0.12493	0.60706	0.00919	0.01491	0.00712	0.07019	0.00559
14	0.01595	0.21360	0.35556	0.01594	0.02311	0.01768	0.06319	0.04394	0.10586	0.06538	0.01393	0.01501	0.01038	0.00645	0.00583	0.00190	0.00808	0.00510	0.00371	0.00940
15	0.00817	0.00586	0.00793	0.00933	0.00985	0.00562	0.00650	0.00953	0.01245	0.01663	0.03428	0.66171	0.04051	0.02192	0.05741	0.00317	0.00483	0.07314	0.00583	0.00534
16	0.00792	0.00631	0.00697	0.00729	0.00885	0.00550	0.00520	0.00943	0.01409	0.01755	0.10565	0.23152	0.46827	0.06431	0.00936	0.00253	0.00356	0.01437	0.00595	0.00536
17	0.01473	0.01351	0.01943	0.31498	0.18057	0.07403	0.03889	0.03289	0.01487	0.05328	0.07642	0.05342	0.01640	0.00816	0.00725	0.00212	0.03597	0.03120	0.00392	0.00795
18	0.01978	0.04900	0.07137	0.01464	0.01913	0.16971	0.01228	0.20705	0.31517	0.02732	0.01834	0.01797	0.01378	0.00775	0.00626	0.00197	0.00739	0.00593	0.00544	0.00973
19	0.08560	0.29475	0.02436	0.01774	0.14871	0.22125	0.01261	0.06631	0.01582	0.01953	0.01063	0.01251	0.00897	0.00613	0.00517	0.00165	0.00810	0.00431	0.02741	0.00843
20	0.02199	0.08790	0.01875	0.01494	0.04871	0.17691	0.01157	0.18850	0.16693	0.14801	0.01809	0.01888	0.01361	0.00779	0.00621	0.00192	0.00738	0.02669	0.00557	0.00963
21	0.00815	0.00580	0.00761	0.00874	0.00923	0.00543	0.00586	0.00944	0.01291	0.01741	0.12387	0.62172	0.04365	0.07542	0.01000	0.00282	0.00385	0.01684	0.00599	0.00526
22	0.01983	0.06156	0.01761	0.01415	0.01821	0.16272	0.01123	0.19805	0.37160	0.02749	0.01943	0.01874	0.01467	0.00792	0.00626	0.00198	0.00700	0.00610	0.00569	0.00976
23	0.01526	0.01284	0.04295	0.01781	0.15094	0.01153	0.07481	0.02042	0.10107	0.10129	0.01895	0.03934	0.03853	0.01158	0.08142	0.00266	0.00740	0.03079	0.00459	0.21580
24	0.01482	0.16733	0.45142	0.01863	0.05589	0.05865	0.08879	0.02088	0.03029	0.01943	0.01153	0.01364	0.00873	0.00603	0.00592	0.00191	0.00913	0.00488	0.00293	0.00916
25	0.01909	0.01942	0.01711	0.01672	0.08269	0.23735	0.01192	0.07703	0.39705	0.02404	0.01934	0.01901	0.01482	0.00779	0.00632	0.00199	0.00746	0.00611	0.00528	0.00945
26	0.00813	0.00597	0.00746	0.00830	0.00913	0.00548	0.00567	0.00954	0.01342	0.01773	0.14024	0.48686	0.16385	0.07463	0.00989	0.00273	0.00375	0.01591	0.00600	0.00531
27	0.01567	0.01273	0.10210	0.06237	0.01870	0.01021	0.06303	0.06362	0.01623	0.18406	0.05592	0.13724	0.09524	0.01185	0.00734	0.00229	0.00621	0.12147	0.00571	0.00801
28	0.01943	0.01760	0.12468	0.14345	0.15749	0.05411	0.08165	0.10139	0.01721	0.19591	0.01555	0.01716	0.01101	0.00672	0.00649	0.00201	0.00803	0.00589	0.00463	0.00961

[dist]
# distance from previous block
# <min> <max>
5	14

[block]
# block no. 3 follows, 34 sequences, length 16
# corresponding to MSA columns:
# 176-191
name=unknown_D
#
# <colnr> <probs for GDERKNQSTAVLIFYWHMCP>
#	G	D	E	R	K	N	Q	S	T	A	V	L	I	F	Y	W	H	M	C	P
0	0.01913	0.05877	0.04825	0.05312	0.08439	0.16245	0.01267	0.11022	0.16696	0.09280	0.06740	0.01923	0.01578	0.00794	0.00717	0.00199	0.05156	0.00610	0.00501	0.00908
1	0.02158	0.01157	0.05225	0.01122	0.01547	0.00977	0.00962	0.08957	0.01883	0.41389	0.14792	0.03138	0.08348	0.00997	0.00689	0.00207	0.00529	0.04274	0.00715	0.00936
2	0.01578	0.04714	0.46745	0.01636	0.02387	0.08383	0.01876	0.08633	0.01582	0.05710	0.01370	0.05375	0.01076	0.00708	0.00614	0.00195	0.00866	0.00553	0.00364	0.05636
3	0.01721	0.01816	0.08181	0.08561	0.06020	0.17546	0.01240	0.07386	0.15812	0.05825	0.04959	0.02206	0.05546	0.04751	0.00770	0.00215	0.00746	0.00644	0.00472	0.05583
4	0.01518	0.01664	0.09652	0.13375	0.57002	0.01518	0.01998	0.01945	0.01437	0.02043	0.01201	0.01592	0.00981	0.00589	0.00638	0.00196	0.00799	0.00566	0.00311	0.00976
5	0.00946	0.00646	0.00860	0.00895	0.00980	0.00688	0.00650	0.01122	0.01122	0.01624	0.02268	0.16693	0.02367	0.18156	0.32854	0.00654	0.01007	0.04599	0.11335	0.00535
6	0.01321	0.00973	0.01126	0.01092	0.01297	0.04757	0.00860	0.11022	0.01705	0.06427	0.15398	0.19936	0.05707	0.01784	0.07821	0.00314	0.00638	0.16536	0.00599	0.00687
7	0.01111	0.00824	0.00939	0.00945	0.01045	0.04010	0.00652	0.06496	0.01294	0.03547	0.02504	0.31437	0.02792	0.26035	0.12918	0.00485	0.00728	0.01188	0.00492	0.00560
8	0.00850	0.00632	0.00788	0.00894	0.00977	0.00603	0.00620	0.01064	0.05001	0.01711	0.03815	0.55305	0.13227	0.06310	0.00956	0.00277	0.00403	0.05428	0.00590	0.00550
9	0.01584	0.01682	0.07759	0.06947	0.35590	0.05128	0.07877	0.05788	0.11314	0.02215	0.01708	0.02033	0.04373	0.00713	0.00661	0.00203	0.00774	0.02308	0.00399	0.00946
10	0.01405	0.05615	0.02143	0.54498	0.06938	0.04385	0.05230	0.05682	0.01420	0.01816	0.01150	0.01636	0.00885	0.00661	0.00697	0.00210	0.03983	0.00565	0.00312	0.00768
11	0.01248	0.01203	0.02110	0.69043	0.04352	0.01454	0.08134	0.01689	0.01313	0.01689	0.01163	0.01725	0.00872	0.00637	0.00657	0.00216	0.00882	0.00591	0.00291	0.00732
12	0.00925	0.00683	0.00991	0.00991	0.01090	0.00782	0.00749	0.01123	0.01024	0.01465	0.01774	0.02778	0.01720	0.15139	0.64582	0.00980	0.01574	0.00727	0.00353	0.00551
13	0.05019	0.00813	0.01141	0.01051	0.01222	0.00878	0.04659	0.04253	0.01234	0.01781	0.07610	0.03058	0.07018	0.14057	0.42449	0.00732	0.01221	0.00795	0.00414	0.00596
14	0.01283	0.00873	0.01216	0.03277	0.11248	0.00835	0.00888	0.04475	0.01641	0.10957	0.26538	0.22367	0.09171	0.01316	0.00739	0.00217	0.00451	0.01168	0.00617	0.00724
15	0.01824	0.45523	0.08942	0.01431	0.04664	0.10096	0.03276	0.08608	0.01556	0.03683	0.01128	0.03163	0.00975	0.00647	0.00538	0.00164	0.02118	0.00458	0.00342	0.00863

[dist]
# distance from previous block
# <min> <max>
1	3

[block]
# block no. 4 follows, 34 sequences, length 31
# corresponding to MSA columns:
# 195-225
name=unknown_E
#
# <colnr> <probs for GDERKNQSTAVLIFYWHMCP>
#	G	D	E	R	K	N	Q	S	T	A	V	L	I	F	Y	W	H	M	C	P
0	0.54846	0.01695	0.01306	0.01210	0.03870	0.18115	0.02687	0.02142	0.05046	0.02542	0.01035	0.01184	0.00815	0.00627	0.00472	0.00194	0.00676	0.00403	0.00394	0.00743
1	0.01447	0.01443	0.01356	0.04247	0.01597	0.21039	0.04757	0.01769	0.05335	0.03683	0.14468	0.14469	0.09065	0.01201	0.00713	0.00214	0.00668	0.08536	0.03312	0.00680
2	0.00863	0.00653	0.00799	0.00788	0.00949	0.00588	0.00589	0.01109	0.01659	0.02235	0.44764	0.11908	0.25365	0.01494	0.00773	0.00216	0.00328	0.03674	0.00665	0.00583
3	0.01203	0.01102	0.01673	0.45572	0.03173	0.01355	0.01441	0.01627	0.05190	0.01785	0.05996	0.02400	0.08975	0.00881	0.00881	0.00223	0.12032	0.00702	0.03087	0.00704
4	0.01727	0.77681	0.03386	0.01106	0.01658	0.02557	0.01106	0.01935	0.01313	0.01520	0.00898	0.01036	0.00829	0.00553	0.00415	0.00138	0.00691	0.00345	0.00276	0.00829
5	0.07232	0.01270	0.01945	0.22326	0.15496	0.01489	0.04269	0.01802	0.01336	0.07685	0.07747	0.01895	0.01419	0.00825	0.01024	0.00225	0.20212	0.00624	0.00382	0.00796
6	0.01314	0.01218	0.01989	0.31526	0.31183	0.01330	0.01634	0.01731	0.04258	0.01881	0.01750	0.11689	0.04080	0.00844	0.00672	0.00212	0.00726	0.00775	0.00368	0.00821
7	0.01617	0.01749	0.01940	0.35928	0.14813	0.23121	0.01586	0.01952	0.01511	0.01755	0.04033	0.01887	0.01202	0.00713	0.00641	0.00200	0.00903	0.03345	0.00335	0.00768
8	0.06631	0.18562	0.09081	0.06638	0.15892	0.16014	0.03637	0.07832	0.01588	0.02054	0.01102	0.01329	0.00896	0.00608	0.00558	0.00174	0.00824	0.00466	0.00343	0.05773
9	0.06734	0.50617	0.02730	0.01222	0.01688	0.19968	0.01099	0.02047	0.01411	0.01618	0.00969	0.01151	0.00865	0.00819	0.04538	0.00198	0.00852	0.00382	0.00302	0.00788
10	0.01526	0.01363	0.01942	0.24108	0.26787	0.06112	0.01536	0.05653	0.04999	0.05308	0.01683	0.12962	0.01528	0.00856	0.00667	0.00210	0.00736	0.00765	0.00410	0.00848
11	0.00867	0.00700	0.00792	0.00763	0.00983	0.00596	0.00574	0.01071	0.01507	0.01954	0.19335	0.13184	0.41864	0.01497	0.00744	0.00210	0.00352	0.03406	0.00600	0.09001
12	0.00882	0.00654	0.00838	0.00816	0.00966	0.00611	0.00608	0.01143	0.01656	0.02289	0.50870	0.10765	0.15661	0.01739	0.07323	0.00284	0.00440	0.01211	0.00653	0.00590
13	0.01084	0.00622	0.00697	0.00698	0.00839	0.00624	0.00519	0.01348	0.01344	0.02186	0.08772	0.05907	0.07165	0.04282	0.10450	0.00299	0.00507	0.00779	0.51290	0.00585
14	0.01364	0.14079	0.55698	0.01638	0.02492	0.01588	0.02023	0.01985	0.01354	0.01975	0.01120	0.01313	0.00835	0.00590	0.00570	0.00183	0.00865	0.00448	0.00285	0.09596
15	0.01340	0.01148	0.01340	0.00957	0.01531	0.00861	0.00766	0.01627	0.01340	0.02105	0.01148	0.01340	0.00957	0.00479	0.00479	0.00096	0.00479	0.00383	0.00383	0.81242
16	0.01704	0.18761	0.05544	0.01565	0.11035	0.17364	0.01163	0.04379	0.01648	0.06754	0.14413	0.03841	0.07536	0.00858	0.00612	0.00181	0.00705	0.00682	0.00451	0.00804
17	0.03609	0.01231	0.03702	0.04217	0.10642	0.03771	0.04931	0.08806	0.01438	0.02052	0.01796	0.11215	0.01754	0.09578	0.07045	0.00330	0.10512	0.04178	0.08471	0.00724
18	0.00907	0.00706	0.00839	0.00872	0.01038	0.00666	0.00663	0.01238	0.06991	0.02002	0.18814	0.21148	0.28407	0.01619	0.00788	0.00237	0.00387	0.11455	0.00627	0.00599
19	0.00926	0.00643	0.00809	0.00817	0.00854	0.00676	0.00530	0.01003	0.00986	0.01349	0.02023	0.07555	0.02226	0.51146	0.25015	0.00733	0.00951	0.00911	0.00389	0.00455
20	0.01711	0.60807	0.09775	0.01250	0.01789	0.07108	0.01255	0.01962	0.01330	0.01576	0.00926	0.01101	0.00830	0.00604	0.00558	0.00156	0.05778	0.00377	0.00280	0.00828
21	0.00904	0.00666	0.00866	0.00967	0.01081	0.00640	0.00738	0.01159	0.03863	0.01887	0.11557	0.37988	0.11229	0.01794	0.00826	0.00260	0.00433	0.21954	0.00613	0.00575
22	0.00828	0.00656	0.00747	0.00743	0.00927	0.00575	0.00559	0.01044	0.01586	0.02041	0.29271	0.09114	0.43781	0.01551	0.00771	0.00218	0.00333	0.04048	0.00638	0.00569
23	0.00945	0.00696	0.00917	0.01037	0.01181	0.00669	0.00861	0.01185	0.01443	0.01850	0.04052	0.18683	0.17283	0.01796	0.00856	0.00276	0.00506	0.44593	0.00597	0.00574
24	0.09579	0.01145	0.01266	0.01059	0.01397	0.01228	0.00853	0.16265	0.09633	0.17619	0.01960	0.02006	0.01430	0.00787	0.00642	0.00189	0.04644	0.00596	0.26831	0.00869
25	0.11509	0.01015	0.01131	0.00983	0.01296	0.01060	0.00777	0.06600	0.13960	0.18572	0.06121	0.02275	0.01783	0.01097	0.05149	0.02800	0.00540	0.00640	0.21872	0.00820
26	0.01414	0.01414	0.01979	0.01696	0.01696	0.01979	0.01414	0.01555	0.00990	0.01555	0.00848	0.01414	0.00848	0.01131	0.02120	0.00283	0.76110	0.00565	0.00283	0.00707
27	0.00813	0.00582	0.00756	0.00866	0.00920	0.00543	0.00581	0.00940	0.01289	0.01729	0.11395	0.60710	0.06677	0.07730	0.01005	0.00282	0.00385	0.01676	0.00596	0.00525
28	0.01084	0.00937	0.01322	0.01629	0.15942	0.02705	0.03370	0.01332	0.01436	0.01859	0.03624	0.20571	0.19901	0.01483	0.00783	0.00243	0.00549	0.20036	0.00525	0.00669
29	0.02315	0.02926	0.01765	0.01618	0.01933	0.70177	0.01209	0.02478	0.01795	0.01586	0.01155	0.05779	0.01042	0.00749	0.00597	0.00172	0.01117	0.00503	0.00349	0.00735
30	0.10913	0.28937	0.07987	0.01736	0.12851	0.12758	0.01351	0.05971	0.01462	0.01968	0.01015	0.01234	0.00861	0.00650	0.00661	0.00180	0.07854	0.00436	0.00327	0.00846

[dist]
# distance from previous block
# <min> <max>
0	2

[block]
# block no. 5 follows, 34 sequences, length 40
# corresponding to MSA columns:
# 228-267
name=unknown_F
#
# <colnr> <probs for GDERKNQSTAVLIFYWHMCP>
#	G	D	E	R	K	N	Q	S	T	A	V	L	I	F	Y	W	H	M	C	P
0	0.08121	0.01370	0.01688	0.11262	0.05189	0.01512	0.03403	0.18299	0.14738	0.05097	0.01847	0.02020	0.05110	0.02949	0.00814	0.00214	0.06621	0.00630	0.00498	0.08618
1	0.11969	0.01103	0.01286	0.01104	0.01387	0.01194	0.00868	0.17387	0.04658	0.06239	0.03471	0.01913	0.01342	0.01880	0.15841	0.17096	0.03448	0.00581	0.00457	0.06774
2	0.03331	0.01355	0.05007	0.28154	0.25810	0.03179	0.01631	0.01867	0.04038	0.05029	0.01428	0.01978	0.01172	0.01176	0.09454	0.00306	0.00901	0.02994	0.00355	0.00834
3	0.06097	0.05522	0.01924	0.13331	0.18775	0.04976	0.02900	0.07029	0.08090	0.06336	0.09557	0.01989	0.01655	0.00736	0.00653	0.00192	0.02384	0.00619	0.00448	0.06787
4	0.00858	0.00620	0.00759	0.00794	0.00920	0.00565	0.00569	0.01064	0.01509	0.02063	0.29005	0.30366	0.19559	0.01596	0.00762	0.00224	0.00334	0.01405	0.06461	0.00565
5	0.01304	0.01189	0.01708	0.01473	0.01569	0.01524	0.04919	0.05375	0.01144	0.01684	0.01258	0.01999	0.01213	0.09099	0.21445	0.00508	0.40937	0.00645	0.00333	0.00674
6	0.01607	0.01661	0.06455	0.18168	0.06279	0.06407	0.19158	0.10734	0.03382	0.03783	0.03645	0.03669	0.01225	0.00759	0.00859	0.00217	0.10096	0.00663	0.00389	0.00842
7	0.05921	0.01442	0.03721	0.05514	0.01683	0.11177	0.03492	0.09616	0.01481	0.04351	0.01684	0.05154	0.03875	0.11235	0.03556	0.00293	0.15064	0.00680	0.09349	0.00713
8	0.00807	0.00579	0.00771	0.00917	0.00968	0.00543	0.00633	0.00936	0.01263	0.01675	0.03626	0.69445	0.05980	0.01995	0.00829	0.00264	0.00391	0.07247	0.00599	0.00531
9	0.05005	0.01492	0.01809	0.13421	0.18660	0.10096	0.01327	0.13081	0.01666	0.08331	0.03166	0.01924	0.01271	0.07841	0.01027	0.04634	0.03391	0.00602	0.00426	0.00829
10	0.05581	0.05676	0.21567	0.01915	0.13974	0.03086	0.04157	0.13030	0.07248	0.02428	0.03984	0.04866	0.01377	0.00764	0.00672	0.00200	0.03089	0.01810	0.00420	0.04153
11	0.01165	0.03364	0.02877	0.03786	0.04063	0.01071	0.02244	0.03940	0.09121	0.01860	0.08598	0.10429	0.06482	0.21327	0.06921	0.00392	0.07583	0.03658	0.00471	0.00649
12	0.00927	0.00675	0.00952	0.00952	0.01037	0.00760	0.00699	0.01098	0.01013	0.01436	0.01810	0.02978	0.01806	0.23712	0.56127	0.00931	0.01443	0.00757	0.00358	0.00529
13	0.02750	0.01338	0.01647	0.01263	0.01769	0.01304	0.01043	0.25994	0.02249	0.50300	0.02214	0.01981	0.01431	0.00792	0.00649	0.00198	0.00604	0.00627	0.00748	0.01099
14	0.02414	0.03079	0.01831	0.01665	0.01998	0.74698	0.01248	0.02580	0.01831	0.01581	0.00999	0.01165	0.00832	0.00666	0.00583	0.00166	0.01165	0.00416	0.00333	0.00749
15	0.04426	0.00745	0.00820	0.00773	0.00999	0.00688	0.00589	0.01345	0.05570	0.06040	0.25834	0.04977	0.38609	0.01370	0.00722	0.00209	0.00349	0.01154	0.04152	0.00631
16	0.09756	0.01467	0.01515	0.01306	0.01708	0.01678	0.01036	0.18108	0.49920	0.03022	0.02222	0.02087	0.01655	0.00827	0.00629	0.00212	0.00554	0.00660	0.00629	0.01007
17	0.01250	0.01201	0.02042	0.54305	0.03774	0.01432	0.08646	0.01643	0.01287	0.01704	0.01268	0.05758	0.01061	0.00748	0.00796	0.00219	0.07770	0.00653	0.00312	0.04132
18	0.01771	0.33071	0.09290	0.01429	0.05674	0.01781	0.05158	0.04283	0.06423	0.13408	0.01559	0.04830	0.01294	0.03928	0.03264	0.00226	0.00729	0.00577	0.00424	0.00880
19	0.00883	0.00624	0.00744	0.00772	0.00825	0.00609	0.00493	0.00962	0.01125	0.01490	0.06746	0.19380	0.11867	0.42098	0.08152	0.00510	0.00609	0.01171	0.00475	0.00466
20	0.01162	0.00839	0.00942	0.00881	0.01112	0.00839	0.00671	0.01778	0.18112	0.05573	0.25058	0.06508	0.21242	0.01222	0.00695	0.00206	0.00372	0.01040	0.11042	0.00709
21	0.01571	0.13000	0.05329	0.07382	0.12479	0.10290	0.15383	0.05616	0.01536	0.01970	0.05799	0.07488	0.01522	0.00916	0.03110	0.00226	0.04500	0.00693	0.00375	0.00817
22	0.01196	0.01021	0.01335	0.07678	0.12811	0.04947	0.01056	0.01557	0.08798	0.01812	0.02513	0.24497	0.04943	0.01624	0.05117	0.07736	0.00654	0.09553	0.00477	0.00674
23	0.01888	0.00984	0.01197	0.01005	0.01341	0.00953	0.00799	0.07322	0.10283	0.28997	0.18682	0.02976	0.05519	0.00952	0.00648	0.00195	0.00450	0.00794	0.14141	0.00873
24	0.01167	0.00878	0.01216	0.01096	0.01324	0.00863	0.07154	0.01685	0.13387	0.06292	0.24716	0.23077	0.08646	0.01331	0.00742	0.00222	0.00446	0.01196	0.03859	0.00704
25	0.07244	0.01476	0.05396	0.20122	0.08917	0.01470	0.22619	0.10495	0.01568	0.02211	0.01471	0.07862	0.01271	0.04087	0.00792	0.00232	0.00832	0.00731	0.00385	0.00817
26	0.00998	0.00757	0.00943	0.00936	0.01026	0.03532	0.00677	0.01158	0.01053	0.01470	0.01817	0.03009	0.01818	0.27178	0.45948	0.00833	0.01294	0.00755	0.04272	0.00527
27	0.01204	0.00602	0.00602	0.00602	0.00753	0.00602	0.00452	0.01506	0.01355	0.02409	0.02108	0.02409	0.01656	0.00753	0.00452	0.00151	0.00301	0.00602	0.80879	0.00602
28	0.02423	0.01850	0.01917	0.01488	0.01991	0.05170	0.01221	0.65585	0.05561	0.03912	0.01567	0.01566	0.01120	0.00775	0.00644	0.00194	0.00723	0.00580	0.00633	0.01081
29	0.03863	0.01274	0.03472	0.05639	0.33214	0.01319	0.01426	0.03396	0.01501	0.02187	0.20369	0.02512	0.02384	0.03543	0.00956	0.00224	0.10729	0.00737	0.00430	0.00825
30	0.01183	0.00605	0.00605	0.00605	0.00759	0.00599	0.00454	0.01477	0.01361	0.02377	0.02323	0.02594	0.05122	0.00796	0.00467	0.00154	0.00302	0.00639	0.76980	0.00599
31	0.02161	0.02680	0.01698	0.01611	0.04488	0.61556	0.01164	0.02326	0.01737	0.01596	0.01530	0.01778	0.06959	0.05102	0.00754	0.00198	0.01050	0.00531	0.00358	0.00722
32	0.01564	0.01384	0.06398	0.01498	0.10799	0.01103	0.02672	0.06990	0.03018	0.07925	0.01527	0.01758	0.02962	0.00618	0.00561	0.00144	0.00583	0.02133	0.00435	0.45927
33	0.05722	0.31402	0.11897	0.01717	0.11224	0.04757	0.03568	0.16954	0.03150	0.02326	0.01166	0.01318	0.00933	0.00625	0.00541	0.00174	0.00757	0.00467	0.00379	0.00925
34	0.20784	0.01690	0.14263	0.13992	0.15520	0.01474	0.07631	0.07824	0.01459	0.02349	0.01314	0.06504	0.01105	0.00711	0.00602	0.00207	0.00748	0.00606	0.00373	0.00844
35	0.01685	0.01946	0.11015	0.05300	0.21493	0.15602	0.01530	0.07778	0.09860	0.02109	0.01459	0.04124	0.01233	0.03306	0.04047	0.00251	0.05380	0.00608	0.00392	0.00881
36	0.01008	0.00945	0.05124	0.01110	0.05912	0.00810	0.00823	0.03740	0.06086	0.02005	0.12684	0.15925	0.30662	0.03468	0.03608	0.00265	0.00494	0.04111	0.00567	0.00655
37	0.06261	0.01400	0.05116	0.16341	0.30183	0.01416	0.03281	0.01912	0.07814	0.02081	0.04196	0.02078	0.06335	0.00748	0.00721	0.00204	0.04989	0.00645	0.00381	0.03894
38	0.01360	0.01196	0.01612	0.16054	0.04212	0.01119	0.03525	0.03849	0.03883	0.02065	0.01339	0.01823	0.01134	0.00639	0.00623	0.00152	0.03456	0.04363	0.00386	0.47210
39	0.01008	0.00831	0.01239	0.01319	0.08308	0.00824	0.06317	0.01191	0.01267	0.01701	0.06719	0.22955	0.11743	0.19096	0.06295	0.00380	0.03272	0.04462	0.00481	0.00592

[dist]
# distance from previous block
# <min> <max>
0	9

[block]
# block no. 6 follows, 34 sequences, length 27
# corresponding to MSA columns:
# 277-303
name=unknown_G
#
# <colnr> <probs for GDERKNQSTAVLIFYWHMCP>
#	G	D	E	R	K	N	Q	S	T	A	V	L	I	F	Y	W	H	M	C	P
0	0.01489	0.01861	0.16136	0.13984	0.41014	0.05600	0.01909	0.01934	0.01465	0.02028	0.05457	0.01740	0.01251	0.00643	0.00640	0.00197	0.00813	0.00583	0.00330	0.00924
1	0.01076	0.00984	0.05290	0.01307	0.06442	0.00928	0.05061	0.03737	0.01225	0.01707	0.04982	0.02983	0.05857	0.18736	0.36029	0.00685	0.01174	0.00782	0.00389	0.00627
2	0.01429	0.01334	0.02117	0.30367	0.32870	0.01431	0.01689	0.01954	0.07964	0.01993	0.01315	0.01693	0.01044	0.00619	0.00626	0.00193	0.00747	0.00568	0.00346	0.09703
3	0.01471	0.01466	0.01969	0.16161	0.09041	0.05910	0.01491	0.01870	0.08637	0.01749	0.01137	0.01582	0.00985	0.00931	0.01454	0.00248	0.42217	0.00577	0.00329	0.00775
4	0.01366	0.01621	0.11662	0.08183	0.09899	0.10106	0.01313	0.01684	0.01319	0.01788	0.03097	0.01983	0.03191	0.05701	0.14248	0.00363	0.07961	0.00587	0.00344	0.13584
5	0.01903	0.09903	0.04274	0.01396	0.01711	0.45308	0.01101	0.02086	0.01568	0.01561	0.01489	0.01889	0.05148	0.08322	0.09359	0.00311	0.01078	0.00545	0.00347	0.00700
6	0.01041	0.00809	0.00919	0.00892	0.01109	0.00781	0.00696	0.07696	0.05539	0.02124	0.13764	0.09546	0.36279	0.01608	0.02552	0.02454	0.00449	0.10504	0.00607	0.00631
7	0.01151	0.05265	0.01271	0.01085	0.01198	0.04460	0.00843	0.01328	0.01094	0.01555	0.01587	0.02483	0.01536	0.16213	0.35004	0.00661	0.14166	0.00673	0.07836	0.00591
8	0.01727	0.18136	0.14880	0.10353	0.19990	0.05055	0.01603	0.07059	0.01536	0.08404	0.01260	0.01497	0.00980	0.00694	0.00666	0.03601	0.00780	0.00508	0.00364	0.00904
9	0.26305	0.01642	0.04695	0.02203	0.27027	0.08067	0.02854	0.05466	0.03307	0.02385	0.01129	0.01380	0.00914	0.00635	0.00636	0.00194	0.04884	0.00485	0.00371	0.05421
10	0.01078	0.00841	0.00909	0.00991	0.01096	0.07468	0.00699	0.01218	0.01359	0.05975	0.04805	0.58900	0.05486	0.01789	0.00792	0.00249	0.00466	0.04704	0.00589	0.00586
11	0.00891	0.00633	0.00827	0.00935	0.01010	0.00609	0.00685	0.01049	0.01298	0.01718	0.07262	0.38526	0.06174	0.14763	0.01259	0.00330	0.00474	0.20462	0.00569	0.00527
12	0.01485	0.01144	0.01355	0.00975	0.01542	0.00870	0.00783	0.01769	0.01387	0.08771	0.01279	0.01420	0.01017	0.00508	0.00494	0.00105	0.00485	0.00408	0.00422	0.73782
13	0.00854	0.00604	0.00796	0.00915	0.00972	0.00577	0.00643	0.00991	0.01271	0.01695	0.07187	0.52655	0.04040	0.11617	0.01148	0.00311	0.00438	0.12184	0.00578	0.00523
14	0.08503	0.03155	0.67414	0.01753	0.02658	0.01496	0.02236	0.02033	0.01340	0.02123	0.01136	0.01336	0.00808	0.00613	0.00595	0.00204	0.00914	0.00466	0.00284	0.00932
15	0.01255	0.01184	0.02002	0.69058	0.10856	0.01445	0.01812	0.01682	0.01309	0.01694	0.01155	0.01711	0.00876	0.00639	0.00645	0.00213	0.00853	0.00574	0.00290	0.00746
16	0.00892	0.00643	0.00723	0.00713	0.00888	0.00576	0.00531	0.01125	0.01565	0.02147	0.28782	0.08625	0.34228	0.01397	0.00714	0.00204	0.00317	0.01191	0.14162	0.00576
17	0.01431	0.01431	0.02052	0.01732	0.01791	0.01937	0.05328	0.01696	0.05259	0.01653	0.00980	0.01492	0.00923	0.01083	0.01956	0.00275	0.67352	0.00586	0.00308	0.00735
18	0.00830	0.00648	0.00736	0.00729	0.00896	0.00572	0.00531	0.01025	0.01537	0.01988	0.28489	0.10385	0.40368	0.07243	0.00957	0.00247	0.00345	0.01298	0.00622	0.00554
19	0.01296	0.03342	0.73944	0.01842	0.02797	0.01501	0.02387	0.02046	0.01364	0.02046	0.01160	0.01364	0.00818	0.00614	0.00614	0.00205	0.00955	0.00477	0.00273	0.00955
20	0.00800	0.00648	0.00710	0.00711	0.00899	0.00558	0.00527	0.00992	0.01534	0.01930	0.21427	0.11777	0.52034	0.01597	0.00768	0.00218	0.00326	0.01359	0.00625	0.00558
21	0.00899	0.00628	0.00709	0.00718	0.00764	0.00605	0.00435	0.00950	0.01095	0.01434	0.06758	0.10338	0.13663	0.55403	0.02562	0.00511	0.00542	0.01089	0.00458	0.00438
22	0.01797	0.02281	0.31138	0.05556	0.06509	0.05592	0.09565	0.06668	0.06434	0.15799	0.01559	0.01669	0.01096	0.00672	0.00644	0.00203	0.00844	0.00573	0.00435	0.00967
23	0.01326	0.01133	0.01325	0.00952	0.01513	0.00853	0.00761	0.01614	0.01355	0.02121	0.03439	0.01451	0.01121	0.00505	0.00488	0.00099	0.00473	0.00408	0.00393	0.78669
24	0.00929	0.00628	0.00734	0.00744	0.00755	0.00635	0.00438	0.00954	0.00966	0.01297	0.02107	0.08625	0.02410	0.66801	0.08851	0.00637	0.00699	0.00976	0.00401	0.00415
25	0.06451	0.22544	0.19151	0.01439	0.05439	0.07761	0.01363	0.03498	0.04252	0.04431	0.01175	0.01321	0.00933	0.00591	0.00522	0.00160	0.00730	0.00433	0.00352	0.17455
26	0.26520	0.23863	0.04476	0.03527	0.06045	0.13451	0.01109	0.04397	0.05332	0.02180	0.01075	0.01229	0.00878	0.00615	0.00487	0.00175	0.00711	0.00414	0.00363	0.03153

[dist]
# distance from previous block
# <min> <max>
0	15

[block]
# block no. 7 follows, 34 sequences, length 28
# corresponding to MSA columns:
# 319-346
name=unknown_H
#
# <colnr> <probs for GDERKNQSTAVLIFYWHMCP>
#	G	D	E	R	K	N	Q	S	T	A	V	L	I	F	Y	W	H	M	C	P
0	0.03242	0.01313	0.01978	0.02607	0.39822	0.01286	0.01439	0.04842	0.05714	0.08941	0.03570	0.08823	0.03679	0.00797	0.00644	0.00192	0.00633	0.00722	0.00450	0.09304
1	0.00792	0.00650	0.00689	0.00689	0.00881	0.00556	0.00508	0.00966	0.01488	0.01835	0.15137	0.09185	0.57985	0.04701	0.00869	0.00235	0.00339	0.01342	0.00606	0.00547
2	0.07844	0.02732	0.50938	0.01776	0.02595	0.01479	0.09315	0.04992	0.01476	0.09016	0.01303	0.01467	0.00912	0.00630	0.00618	0.00205	0.00885	0.00518	0.00354	0.00946
3	0.49127	0.03294	0.01387	0.03694	0.04876	0.21405	0.00973	0.04922	0.01405	0.02485	0.00976	0.01148	0.00775	0.00624	0.00479	0.00190	0.00717	0.00395	0.00382	0.00747
4	0.01523	0.01440	0.02378	0.08428	0.59211	0.01470	0.01816	0.01992	0.06255	0.02093	0.01519	0.04853	0.02773	0.00683	0.00652	0.00199	0.00731	0.00655	0.00358	0.00972
5	0.00926	0.00680	0.00979	0.00979	0.01073	0.00775	0.00733	0.01115	0.01021	0.01456	0.01785	0.02841	0.01747	0.17827	0.61930	0.00965	0.01533	0.00737	0.00354	0.00544
6	0.02145	0.01632	0.01896	0.01435	0.01965	0.01700	0.05302	0.47951	0.05413	0.05311	0.01524	0.01571	0.01111	0.00705	0.00619	0.00176	0.00673	0.00559	0.00577	0.17734
7	0.01512	0.01537	0.01953	0.06109	0.01951	0.11504	0.06923	0.01718	0.01190	0.03344	0.01096	0.01637	0.00999	0.02922	0.10589	0.00355	0.43045	0.00587	0.00316	0.00714
8	0.00870	0.00654	0.00801	0.00809	0.00960	0.00595	0.00606	0.01099	0.01591	0.02125	0.36627	0.13797	0.24507	0.04654	0.00886	0.00241	0.00360	0.07608	0.00643	0.00571
9	0.00813	0.00587	0.00762	0.00876	0.00940	0.00546	0.00600	0.00949	0.01307	0.01739	0.10184	0.59432	0.09499	0.04960	0.00916	0.00270	0.00383	0.04105	0.00602	0.00531
10	0.00915	0.00677	0.00984	0.00999	0.01108	0.00754	0.00765	0.01136	0.01144	0.01624	0.08612	0.09810	0.02384	0.06674	0.55691	0.00846	0.01391	0.03502	0.00415	0.00569
11	0.01209	0.00656	0.00730	0.00721	0.00878	0.00633	0.00540	0.01430	0.01341	0.06786	0.02757	0.03544	0.10593	0.11321	0.00994	0.02891	0.00400	0.07110	0.44876	0.00589
12	0.01256	0.01184	0.02002	0.69048	0.10865	0.01445	0.01812	0.01682	0.01309	0.01694	0.01155	0.01711	0.00876	0.00639	0.00645	0.00213	0.00853	0.00574	0.00290	0.00746
13	0.01727	0.77681	0.03386	0.01106	0.01658	0.02557	0.01106	0.01935	0.01313	0.01520	0.00898	0.01036	0.00829	0.00553	0.00415	0.00138	0.00691	0.00345	0.00276	0.00829
14	0.00925	0.00683	0.00994	0.00994	0.01094	0.00783	0.00752	0.01125	0.01025	0.01467	0.01771	0.02764	0.01713	0.14524	0.65187	0.00983	0.01583	0.00725	0.00352	0.00552
15	0.01243	0.01115	0.01612	0.17101	0.02085	0.01376	0.03464	0.05585	0.01268	0.01759	0.03876	0.02459	0.08000	0.07660	0.13868	0.00407	0.25361	0.00718	0.00368	0.00673
16	0.09657	0.01658	0.01734	0.01387	0.01857	0.01858	0.01130	0.48628	0.19212	0.03638	0.01746	0.01708	0.01269	0.00783	0.00626	0.00200	0.00644	0.00595	0.00626	0.01044
17	0.01348	0.01224	0.01965	0.66142	0.06900	0.01492	0.01750	0.08032	0.01459	0.01891	0.01188	0.01702	0.00889	0.00655	0.00646	0.00212	0.00844	0.00575	0.00321	0.00765
18	0.00933	0.00654	0.00847	0.00847	0.00896	0.00704	0.00569	0.01031	0.00982	0.01358	0.01906	0.03508	0.02037	0.46431	0.33723	0.00802	0.01097	0.00834	0.00372	0.00470
19	0.00932	0.00935	0.07676	0.03811	0.01280	0.00719	0.00828	0.01243	0.01634	0.02208	0.38610	0.04996	0.23790	0.01359	0.00756	0.00217	0.00420	0.07346	0.00612	0.00627
20	0.01120	0.00567	0.00849	0.00854	0.00859	0.00567	0.00578	0.00859	0.00864	0.01150	0.01201	0.02146	0.01211	0.02229	0.02469	0.78438	0.00562	0.02896	0.00291	0.00291
21	0.01060	0.00701	0.00911	0.00998	0.01127	0.00681	0.00757	0.01344	0.05615	0.06573	0.03455	0.43085	0.06305	0.01744	0.00804	0.00259	0.00449	0.19662	0.03856	0.00615
22	0.01067	0.01210	0.14087	0.01235	0.01520	0.00859	0.07396	0.01347	0.01289	0.04721	0.05730	0.35648	0.02878	0.09389	0.08210	0.00355	0.00705	0.01216	0.00484	0.00652
23	0.01356	0.01163	0.01347	0.00979	0.01540	0.00906	0.00781	0.01735	0.05590	0.02141	0.01237	0.01404	0.01018	0.00502	0.00489	0.00103	0.00480	0.00404	0.00399	0.76424
24	0.00796	0.00569	0.00757	0.00894	0.00939	0.00530	0.00600	0.00921	0.01276	0.01711	0.08133	0.72122	0.04394	0.01978	0.00821	0.00259	0.00370	0.01793	0.00607	0.00530
25	0.01534	0.01794	0.13244	0.06889	0.56987	0.01529	0.04643	0.01980	0.01449	0.02079	0.01207	0.01575	0.00984	0.00583	0.00641	0.00196	0.00812	0.00568	0.00312	0.00994
26	0.10420	0.07163	0.01961	0.01766	0.10557	0.31387	0.01262	0.21884	0.03509	0.02508	0.01200	0.01334	0.00942	0.00676	0.00580	0.00180	0.00875	0.00478	0.00430	0.00888
27	0.01404	0.12426	0.01613	0.02967	0.01561	0.01376	0.03359	0.05345	0.27321	0.03992	0.06466	0.12356	0.12231	0.01115	0.00675	0.00213	0.00527	0.03665	0.00568	0.00819

[dist]
# distance from previous block
# <min> <max>
0	2

[block]
# block no. 8 follows, 34 sequences, length 14
# corresponding to MSA columns:
# 349-362
name=unknown_I
#
# <colnr> <probs for GDERKNQSTAVLIFYWHMCP>
#	G	D	E	R	K	N	Q	S	T	A	V	L	I	F	Y	W	H	M	C	P
0	0.08119	0.01626	0.05033	0.10194	0.48602	0.04151	0.01776	0.08829	0.01588	0.02304	0.01207	0.01538	0.00975	0.00609	0.00619	0.00195	0.00771	0.00549	0.00354	0.00963
1	0.01587	0.15714	0.10087	0.04814	0.09109	0.08124	0.01446	0.01994	0.07158	0.03758	0.01194	0.01511	0.01012	0.01011	0.04843	0.00257	0.24693	0.00526	0.00337	0.00823
2	0.00782	0.00583	0.00729	0.00845	0.00923	0.00529	0.00576	0.00906	0.01290	0.01671	0.04225	0.61146	0.19570	0.01938	0.00811	0.00253	0.00364	0.01732	0.00600	0.00529
3	0.01179	0.00836	0.01031	0.01026	0.03461	0.00822	0.00738	0.01701	0.14239	0.08098	0.31059	0.17147	0.13419	0.01343	0.00742	0.00218	0.00392	0.01174	0.00661	0.00713
4	0.04785	0.09708	0.03917	0.03452	0.07083	0.08835	0.06025	0.14739	0.03683	0.02386	0.01230	0.01406	0.00976	0.00595	0.00555	0.00154	0.00701	0.00475	0.00410	0.28887
5	0.01926	0.01168	0.01360	0.01230	0.04432	0.05276	0.00921	0.05189	0.14468	0.28406	0.18704	0.06486	0.05581	0.01007	0.00685	0.00205	0.00520	0.00849	0.00683	0.00900
6	0.00852	0.00637	0.00786	0.00848	0.00971	0.00586	0.00625	0.01035	0.01429	0.01865	0.16909	0.29009	0.23304	0.06609	0.00966	0.00268	0.00399	0.11746	0.00606	0.00548
7	0.04986	0.01392	0.01613	0.01274	0.01742	0.01438	0.01041	0.28931	0.11647	0.31943	0.05601	0.02074	0.01652	0.00820	0.00647	0.00200	0.00592	0.00651	0.00705	0.01052
8	0.06762	0.01745	0.10657	0.03465	0.14956	0.03616	0.06527	0.09406	0.29197	0.04276	0.01806	0.01864	0.01358	0.00726	0.00637	0.00207	0.00699	0.00622	0.00495	0.00979
9	0.00921	0.00666	0.00852	0.00902	0.00937	0.00695	0.00616	0.01013	0.01105	0.01492	0.02614	0.30512	0.03019	0.33488	0.07447	0.00476	0.05179	0.07101	0.00475	0.00490
10	0.00826	0.00588	0.00729	0.00826	0.00869	0.00554	0.00534	0.00913	0.01177	0.01550	0.03406	0.51091	0.09694	0.22373	0.01487	0.00357	0.00439	0.01553	0.00543	0.00491
11	0.00884	0.00594	0.00740	0.00835	0.00879	0.00573	0.00554	0.00994	0.01182	0.01630	0.02997	0.45862	0.03465	0.22454	0.01466	0.00353	0.00449	0.05345	0.08245	0.00500
12	0.06647	0.01613	0.01622	0.01365	0.01769	0.06936	0.01100	0.37137	0.18015	0.03199	0.01988	0.06706	0.01656	0.00938	0.00661	0.00210	0.00657	0.06219	0.00605	0.00958
13	0.00990	0.00715	0.00901	0.00968	0.01086	0.00700	0.00732	0.05302	0.01435	0.01889	0.07459	0.31165	0.09888	0.12098	0.01162	0.00311	0.00487	0.21564	0.00579	0.00569

[dist]
# distance from previous block
# <min> <max>
0	1

[block]
# block no. 9 follows, 34 sequences, length 38
# corresponding to MSA columns:
# 364-401
name=unknown_J
#
# <colnr> <probs for GDERKNQSTAVLIFYWHMCP>
#	G	D	E	R	K	N	Q	S	T	A	V	L	I	F	Y	W	H	M	C	P
0	0.01327	0.00967	0.01141	0.00970	0.01334	0.00860	0.00761	0.01776	0.10768	0.09463	0.07387	0.08788	0.15343	0.01199	0.03668	0.00214	0.00500	0.04476	0.00550	0.28508
1	0.01305	0.04358	0.02013	0.60560	0.08628	0.04043	0.01717	0.01699	0.01306	0.01666	0.01145	0.01682	0.00892	0.00783	0.02949	0.00236	0.03425	0.00563	0.00292	0.00739
2	0.00967	0.00808	0.01076	0.00987	0.01222	0.00745	0.06029	0.01316	0.06219	0.02048	0.19960	0.12803	0.30133	0.01441	0.00765	0.00223	0.00432	0.08316	0.00599	0.03911
3	0.01340	0.01148	0.01340	0.00957	0.01531	0.00861	0.00766	0.01627	0.01340	0.02105	0.01148	0.01340	0.00957	0.00479	0.00479	0.00096	0.00479	0.00383	0.00383	0.81242
4	0.00810	0.00667	0.00719	0.00736	0.00941	0.00576	0.00572	0.01000	0.01496	0.01820	0.09999	0.06281	0.59794	0.01638	0.00781	0.00228	0.00362	0.10421	0.00606	0.00556
5	0.00943	0.00639	0.00784	0.00784	0.00810	0.00664	0.00491	0.00984	0.00958	0.01303	0.01933	0.03766	0.02139	0.58305	0.19173	0.03779	0.00870	0.00870	0.00377	0.00429
6	0.00818	0.00638	0.00738	0.00776	0.00926	0.00567	0.00568	0.00994	0.01452	0.01850	0.16039	0.23139	0.38372	0.04691	0.00887	0.00248	0.00364	0.05776	0.00609	0.00548
