[name]
unknown

[dist]
# distance from previous block
# <min> <max>
0	46

[block]
# block no. 0 follows, 33 sequences, length 58
# corresponding to MSA columns:
# 46-103
name=unknown_A
#
# <colnr> <probs for GDERKNQSTAVLIFYWHMCP>
#	G	D	E	R	K	N	Q	S	T	A	V	L	I	F	Y	W	H	M	C	P
0	0.01750	0.01579	0.04872	0.04339	0.02145	0.01738	0.11101	0.21824	0.01787	0.04647	0.01432	0.03994	0.01219	0.01057	0.03406	0.00261	0.25615	0.03200	0.00445	0.03587
1	0.01860	0.01168	0.01500	0.03898	0.01752	0.00994	0.02807	0.04342	0.03675	0.23540	0.04165	0.02046	0.01489	0.00696	0.00591	0.00156	0.00548	0.03142	0.00549	0.41084
2	0.01504	0.01479	0.02168	0.01782	0.01989	0.03863	0.13917	0.04512	0.08095	0.01945	0.01507	0.02112	0.03174	0.01032	0.01500	0.00258	0.41099	0.04614	0.02664	0.00784
3	0.00940	0.00705	0.01058	0.01058	0.01176	0.00823	0.00823	0.01176	0.01058	0.01528	0.01763	0.02586	0.01646	0.04937	0.74255	0.01058	0.01763	0.00705	0.00353	0.00588
4	0.01637	0.01414	0.01489	0.01340	0.01712	0.01637	0.01042	0.03498	0.71568	0.02754	0.02679	0.02456	0.02010	0.00893	0.00670	0.00223	0.00521	0.00744	0.00670	0.01042
5	0.00802	0.00573	0.00764	0.00917	0.00955	0.00535	0.00611	0.00917	0.01260	0.01681	0.03628	0.76434	0.04354	0.02062	0.00840	0.00267	0.00382	0.01872	0.00611	0.00535
6	0.01365	0.01170	0.01365	0.00975	0.01560	0.00878	0.00780	0.01658	0.01365	0.02145	0.01170	0.01365	0.00975	0.00488	0.00488	0.00098	0.00488	0.00390	0.00390	0.80888
7	0.81514	0.01273	0.00968	0.00866	0.01273	0.01477	0.00713	0.01935	0.01120	0.02954	0.00917	0.01069	0.00713	0.00611	0.00407	0.00204	0.00509	0.00356	0.00407	0.00713
8	0.00917	0.00672	0.00860	0.00813	0.00975	0.00615	0.00610	0.01214	0.01829	0.02558	0.66194	0.05052	0.12478	0.01376	0.00777	0.00208	0.00313	0.01209	0.00714	0.00615
9	0.01061	0.00758	0.01061	0.01212	0.01364	0.00758	0.01061	0.01364	0.01515	0.01970	0.03486	0.07426	0.03789	0.01819	0.00909	0.00303	0.00606	0.68326	0.00606	0.00606
10	0.01440	0.01440	0.02016	0.01728	0.01728	0.02016	0.01440	0.01584	0.01008	0.01584	0.00864	0.01440	0.00864	0.01152	0.02160	0.00288	0.75659	0.00576	0.00288	0.00720
11	0.00940	0.00705	0.01058	0.01058	0.01176	0.00823	0.00823	0.01176	0.01058	0.01528	0.01763	0.02586	0.01646	0.04937	0.74255	0.01058	0.01763	0.00705	0.00353	0.00588
12	0.00802	0.00573	0.00764	0.00917	0.00955	0.00535	0.00611	0.00917	0.01260	0.01681	0.03628	0.76434	0.04354	0.02062	0.00840	0.00267	0.00382	0.01872	0.00611	0.00535
13	0.01554	0.01776	0.03885	0.02775	0.03441	0.01665	0.70366	0.02109	0.01554	0.02109	0.01332	0.01776	0.00999	0.00555	0.00777	0.00222	0.01110	0.00777	0.00333	0.00888
14	0.01672	0.01431	0.01508	0.01347	0.01725	0.01653	0.01050	0.06148	0.68863	0.02809	0.02636	0.02422	0.01974	0.00889	0.00669	0.00222	0.00529	0.00738	0.00669	0.01045
15	0.01328	0.03349	0.71057	0.01907	0.02870	0.01534	0.04772	0.02086	0.01396	0.02086	0.01187	0.01403	0.00840	0.00623	0.00631	0.00209	0.00978	0.00496	0.00280	0.00970
16	0.00956	0.00644	0.00749	0.00749	0.00760	0.00655	0.00438	0.00978	0.00967	0.01300	0.02046	0.04149	0.02324	0.70208	0.09912	0.00677	0.00742	0.00934	0.00395	0.00416
17	0.01637	0.01414	0.01489	0.01340	0.01712	0.01637	0.01042	0.03498	0.71568	0.02754	0.02679	0.02456	0.02010	0.00893	0.00670	0.00223	0.00521	0.00744	0.00670	0.01042
18	0.01555	0.01488	0.02538	0.17744	0.59634	0.01545	0.01983	0.01955	0.01464	0.02061	0.01225	0.01654	0.01011	0.00600	0.00653	0.00200	0.00800	0.00586	0.00319	0.00983
19	0.02461	0.03092	0.01869	0.01690	0.02035	0.71704	0.01271	0.04998	0.01908	0.01700	0.01037	0.01201	0.00857	0.00682	0.00596	0.00171	0.01171	0.00430	0.00350	0.00776
20	0.01320	0.03405	0.73453	0.01876	0.02849	0.01529	0.02432	0.02085	0.01390	0.02085	0.01181	0.01390	0.00834	0.00625	0.00625	0.00208	0.00973	0.00486	0.00278	0.00973
21	0.01243	0.01170	0.01975	0.75282	0.04534	0.01463	0.01828	0.01682	0.01316	0.01682	0.01170	0.01755	0.00878	0.00658	0.00658	0.00219	0.00878	0.00585	0.00293	0.00731
22	0.01760	0.77260	0.03450	0.01126	0.01690	0.02605	0.01126	0.01971	0.01338	0.01549	0.00915	0.01056	0.00845	0.00563	0.00422	0.00141	0.00704	0.00352	0.00282	0.00845
23	0.01243	0.01170	0.01975	0.75282	0.04534	0.01463	0.01828	0.01682	0.01316	0.01682	0.01170	0.01755	0.00878	0.00658	0.00658	0.00219	0.00878	0.00585	0.00293	0.00731
24	0.00780	0.00661	0.00673	0.00683	0.00893	0.00554	0.00507	0.00943	0.01485	0.01772	0.06471	0.10905	0.68049	0.01693	0.00782	0.00225	0.00337	0.01421	0.00611	0.00554
25	0.11824	0.01771	0.01569	0.01358	0.01763	0.16368	0.01067	0.11749	0.32300	0.10450	0.01975	0.01892	0.01458	0.00793	0.00620	0.00205	0.00686	0.00603	0.00585	0.00964
26	0.01144	0.00572	0.00858	0.00858	0.00858	0.00572	0.00572	0.00858	0.00858	0.01144	0.01144	0.02001	0.01144	0.02287	0.02573	0.80846	0.00572	0.00572	0.00286	0.00286
27	0.01339	0.06497	0.70522	0.01845	0.02801	0.01574	0.02378	0.02080	0.01388	0.02062	0.01170	0.01376	0.00834	0.00623	0.00617	0.00206	0.00962	0.00481	0.00278	0.00968
28	0.00802	0.00573	0.00764	0.00917	0.00955	0.00535	0.00611	0.00917	0.01260	0.01681	0.03628	0.76434	0.04354	0.02062	0.00840	0.00267	0.00382	0.01872	0.00611	0.00535
29	0.01320	0.03405	0.73453	0.01876	0.02849	0.01529	0.02432	0.02085	0.01390	0.02085	0.01181	0.01390	0.00834	0.00625	0.00625	0.00208	0.00973	0.00486	0.00278	0.00973
30	0.01285	0.01212	0.02049	0.67651	0.11842	0.01474	0.01849	0.01718	0.01336	0.01732	0.01177	0.01742	0.00895	0.00651	0.00657	0.00217	0.00867	0.00585	0.00296	0.00765
31	0.02176	0.01409	0.01549	0.01236	0.01647	0.01506	0.00999	0.42808	0.02445	0.12244	0.01926	0.05067	0.01478	0.03426	0.00718	0.00207	0.00602	0.00672	0.16919	0.00968
32	0.01320	0.03405	0.73453	0.01876	0.02849	0.01529	0.02432	0.02085	0.01390	0.02085	0.01181	0.01390	0.00834	0.00625	0.00625	0.00208	0.00973	0.00486	0.00278	0.00973
33	0.01061	0.00758	0.01061	0.01212	0.01364	0.00758	0.01061	0.01364	0.01515	0.01970	0.03486	0.07426	0.03789	0.01819	0.00909	0.00303	0.00606	0.68326	0.00606	0.00606
34	0.01588	0.01522	0.02598	0.11618	0.65501	0.01553	0.02000	0.01984	0.01480	0.02101	0.01231	0.01643	0.01025	0.00594	0.00652	0.00198	0.00792	0.00586	0.00322	0.01010
35	0.02624	0.01357	0.01639	0.01288	0.01780	0.01356	0.01054	0.20879	0.13395	0.43824	0.02344	0.02103	0.01557	0.00821	0.00662	0.00205	0.00597	0.00657	0.00751	0.01108
36	0.01203	0.01102	0.01838	0.60300	0.06033	0.01355	0.01661	0.01605	0.01277	0.01670	0.01275	0.01895	0.01015	0.01395	0.13361	0.00363	0.01028	0.00606	0.00304	0.00716
37	0.00778	0.00667	0.00667	0.00667	0.00889	0.00556	0.00500	0.00945	0.01501	0.01778	0.06669	0.06336	0.72490	0.01667	0.00778	0.00222	0.00333	0.01389	0.00611	0.00556
38	0.02597	0.01206	0.01487	0.01194	0.01648	0.04084	0.00979	0.07381	0.03908	0.54100	0.04882	0.02734	0.04532	0.00924	0.00683	0.00210	0.00583	0.05079	0.00756	0.01033
39	0.01487	0.01869	0.12610	0.02772	0.16381	0.01552	0.43711	0.02008	0.01502	0.02085	0.01449	0.06730	0.01212	0.00672	0.00737	0.00218	0.00980	0.00776	0.00343	0.00905
40	0.00802	0.00573	0.00764	0.00917	0.00955	0.00535	0.00611	0.00917	0.01260	0.01681	0.03628	0.76434	0.04354	0.02062	0.00840	0.00267	0.00382	0.01872	0.00611	0.00535
41	0.01320	0.03405	0.73453	0.01876	0.02849	0.01529	0.02432	0.02085	0.01390	0.02085	0.01181	0.01390	0.00834	0.00625	0.00625	0.00208	0.00973	0.00486	0.00278	0.00973
42	0.72405	0.01388	0.01080	0.00947	0.01361	0.04265	0.00776	0.07283	0.01302	0.02996	0.00972	0.01114	0.00750	0.00628	0.00434	0.00202	0.00552	0.00377	0.00424	0.00746
43	0.01320	0.03405	0.73453	0.01876	0.02849	0.01529	0.02432	0.02085	0.01390	0.02085	0.01181	0.01390	0.00834	0.00625	0.00625	0.00208	0.00973	0.00486	0.00278	0.00973
44	0.02459	0.03138	0.01866	0.01696	0.02035	0.74221	0.01272	0.02629	0.01866	0.01611	0.01018	0.01187	0.00848	0.00678	0.00594	0.00170	0.01187	0.00424	0.00339	0.00763
45	0.01341	0.01270	0.02151	0.57242	0.21810	0.01488	0.01877	0.01768	0.01363	0.01801	0.01187	0.01723	0.00919	0.00640	0.00657	0.00213	0.00853	0.00585	0.00301	0.00810
46	0.01812	0.60302	0.03138	0.01248	0.01788	0.04482	0.03602	0.06796	0.07990	0.01859	0.01142	0.01251	0.00977	0.00612	0.00479	0.00156	0.00717	0.00422	0.00347	0.00881
47	0.00802	0.00573	0.00764	0.00917	0.00955	0.00535	0.00611	0.00917	0.01260	0.01681	0.03628	0.76434	0.04354	0.02062	0.00840	0.00267	0.00382	0.01872	0.00611	0.00535
48	0.01374	0.01316	0.02242	0.49131	0.24446	0.01521	0.04044	0.01791	0.01365	0.01830	0.01183	0.01706	0.00929	0.00653	0.00719	0.00215	0.03811	0.00591	0.00303	0.00827
49	0.01212	0.01022	0.01437	0.05074	0.01569	0.01282	0.01076	0.05799	0.03222	0.01754	0.01503	0.02163	0.01370	0.03306	0.44022	0.00726	0.21766	0.00658	0.00361	0.00678
50	0.03783	0.02303	0.29717	0.07027	0.22361	0.04252	0.14681	0.02029	0.01452	0.02079	0.01282	0.03716	0.01025	0.00647	0.00661	0.00208	0.00917	0.00608	0.00318	0.00934
51	0.00822	0.00585	0.00764	0.00892	0.00949	0.00544	0.00603	0.00958	0.01315	0.01773	0.08498	0.66711	0.06960	0.01961	0.00823	0.00258	0.00373	0.01770	0.02897	0.00544
52	0.02014	0.01229	0.01352	0.01197	0.01527	0.09597	0.00968	0.06909	0.01848	0.29427	0.13762	0.07733	0.02851	0.01167	0.00735	0.00225	0.00606	0.15320	0.00677	0.00855
53	0.01729	0.01683	0.05232	0.06931	0.38609	0.06091	0.12802	0.04675	0.01584	0.07250	0.01427	0.04533	0.01175	0.00687	0.00713	0.00206	0.02671	0.00658	0.00382	0.00962
54	0.00958	0.00653	0.00804	0.00869	0.00976	0.00612	0.00606	0.01157	0.03397	0.04559	0.09129	0.43474	0.14003	0.08491	0.01021	0.00280	0.00405	0.03156	0.04874	0.00576
55	0.01668	0.08317	0.11234	0.07240	0.15355	0.05835	0.24859	0.06832	0.03465	0.04067	0.01399	0.04196	0.01125	0.00668	0.00676	0.00205	0.00908	0.00661	0.00372	0.00919
56	0.01691	0.10813	0.01944	0.01378	0.01800	0.10910	0.08675	0.15045	0.06596	0.02346	0.04508	0.04780	0.08616	0.04070	0.00760	0.00208	0.00709	0.03944	0.00485	0.10722
57	0.17651	0.01713	0.05895	0.02057	0.15388	0.08081	0.14274	0.08445	0.05972	0.04665	0.01482	0.06302	0.01234	0.00732	0.00629	0.00204	0.00773	0.00645	0.00430	0.03429

[dist]
# distance from previous block
# <min> <max>
3	23

[block]
# block no. 1 follows, 33 sequences, length 44
# corresponding to MSA columns:
# 127-170
name=unknown_B
#
# <colnr> <probs for GDERKNQSTAVLIFYWHMCP>
#	G	D	E	R	K	N	Q	S	T	A	V	L	I	F	Y	W	H	M	C	P
0	0.03361	0.01847	0.09638	0.04388	0.14381	0.08486	0.06325	0.18173	0.03471	0.06417	0.01485	0.04667	0.01186	0.00714	0.00634	0.00187	0.00771	0.00603	0.00457	0.12809
1	0.06207	0.06175	0.24947	0.06715	0.09931	0.03381	0.01591	0.06341	0.06204	0.06406	0.04682	0.05044	0.01408	0.00745	0.00618	0.00196	0.00743	0.00607	0.00419	0.07640
2	0.03504	0.11381	0.17219	0.06021	0.07065	0.03983	0.10604	0.01767	0.01402	0.03298	0.04005	0.14242	0.01814	0.04840	0.00801	0.00230	0.00760	0.02783	0.00396	0.03883
3	0.10791	0.10387	0.06401	0.01657	0.10178	0.08565	0.01271	0.20002	0.06770	0.05870	0.05286	0.01891	0.02793	0.00786	0.00659	0.00198	0.03180	0.01899	0.00492	0.00925
4	0.06801	0.04738	0.05224	0.01954	0.13617	0.03508	0.11065	0.20903	0.04589	0.07437	0.01611	0.06851	0.01329	0.00892	0.00793	0.05858	0.00744	0.00682	0.00483	0.00920
5	0.06937	0.19301	0.05328	0.01224	0.04626	0.03845	0.01016	0.08334	0.04102	0.05239	0.07542	0.02645	0.14714	0.02467	0.02139	0.00211	0.02423	0.00703	0.00472	0.06730
6	0.04571	0.25076	0.12785	0.01651	0.04853	0.04145	0.13618	0.08140	0.01650	0.06442	0.09509	0.01825	0.01569	0.00703	0.00605	0.00187	0.00774	0.00596	0.00415	0.00886
7	0.01495	0.01666	0.20875	0.01306	0.01784	0.01133	0.01278	0.12778	0.01706	0.09560	0.04734	0.21752	0.05348	0.01167	0.00707	0.00219	0.00631	0.04443	0.00536	0.06883
8	0.05871	0.11260	0.17180	0.01494	0.02125	0.01633	0.07889	0.15972	0.07302	0.05091	0.01397	0.01517	0.01053	0.00644	0.00587	0.00178	0.00730	0.00519	0.00440	0.17119
9	0.03796	0.01621	0.11157	0.05309	0.04961	0.01400	0.04461	0.24413	0.01988	0.05870	0.06633	0.11299	0.01817	0.00899	0.00662	0.00198	0.00669	0.00760	0.00524	0.11563
10	0.00813	0.00577	0.00761	0.00903	0.00938	0.00542	0.00596	0.00919	0.01239	0.01652	0.03521	0.71425	0.04218	0.07258	0.01015	0.00293	0.00400	0.01808	0.00596	0.00525
11	0.05717	0.00791	0.00910	0.00968	0.01132	0.00800	0.00718	0.01454	0.12758	0.01983	0.03893	0.38142	0.17038	0.01681	0.00783	0.00252	0.00429	0.09304	0.00608	0.00640
12	0.01672	0.06897	0.02603	0.10017	0.51902	0.08229	0.03505	0.02033	0.01494	0.02003	0.01183	0.01560	0.00991	0.00612	0.00670	0.00194	0.02589	0.00560	0.00320	0.00964
13	0.02600	0.01688	0.01879	0.01441	0.01964	0.01810	0.01190	0.56071	0.02835	0.19008	0.01799	0.01723	0.01229	0.00796	0.00659	0.00199	0.00689	0.00608	0.00692	0.01120
14	0.01526	0.01458	0.02485	0.23147	0.54461	0.01537	0.01969	0.01930	0.01450	0.02025	0.01220	0.01663	0.00998	0.00606	0.00653	0.00202	0.00808	0.00586	0.00317	0.00959
15	0.01287	0.00965	0.04205	0.01306	0.05066	0.00866	0.03420	0.01673	0.07765	0.10799	0.04908	0.36246	0.03312	0.01548	0.00793	0.00253	0.00527	0.13728	0.00605	0.00726
16	0.02410	0.01284	0.01534	0.04440	0.01780	0.04197	0.01016	0.14405	0.06150	0.41073	0.09105	0.02521	0.05266	0.00893	0.00675	0.00204	0.00592	0.00726	0.00719	0.01010
17	0.00920	0.00669	0.00866	0.00825	0.00978	0.00615	0.00616	0.01217	0.01825	0.02566	0.66924	0.07737	0.08996	0.01387	0.00779	0.00210	0.00314	0.01225	0.00715	0.00615
18	0.01529	0.01948	0.11253	0.02680	0.03378	0.01650	0.63171	0.02106	0.01536	0.02106	0.01316	0.01735	0.00981	0.00562	0.00761	0.00221	0.01095	0.00746	0.00327	0.00897
19	0.01417	0.19655	0.58051	0.01711	0.02594	0.01766	0.02145	0.02060	0.01378	0.01967	0.01123	0.01316	0.00836	0.00612	0.00581	0.00194	0.00914	0.00457	0.00279	0.00945
20	0.02463	0.03024	0.01875	0.01680	0.02036	0.67893	0.01270	0.08584	0.01973	0.01834	0.01067	0.01222	0.00872	0.00688	0.00599	0.00172	0.01147	0.00439	0.00367	0.00794
21	0.00921	0.00673	0.00865	0.00817	0.00977	0.00617	0.00613	0.01221	0.01838	0.02580	0.67802	0.05017	0.10857	0.01368	0.00777	0.00208	0.00312	0.01205	0.00717	0.00617
22	0.01609	0.01544	0.02636	0.07721	0.69233	0.01559	0.02010	0.02003	0.01490	0.02127	0.01235	0.01636	0.01034	0.00590	0.00652	0.00197	0.00787	0.00586	0.00324	0.01027
23	0.01367	0.11228	0.66038	0.01797	0.02726	0.01643	0.02294	0.02073	0.01384	0.02028	0.01153	0.01355	0.00835	0.00619	0.00604	0.00201	0.00944	0.00472	0.00278	0.00959
24	0.00778	0.00667	0.00667	0.00667	0.00889	0.00556	0.00500	0.00945	0.01501	0.01778	0.06669	0.06336	0.72490	0.01667	0.00778	0.00222	0.00333	0.01389	0.00611	0.00556
25	0.00832	0.00669	0.00742	0.00724	0.00922	0.00579	0.00543	0.01049	0.01628	0.02081	0.29740	0.05838	0.49231	0.01554	0.00777	0.00217	0.00325	0.01320	0.00651	0.00579
26	0.00993	0.00783	0.01160	0.01129	0.01234	0.00949	0.00888	0.01219	0.01053	0.01534	0.01668	0.02465	0.01563	0.04536	0.66619	0.00976	0.09590	0.00692	0.00346	0.00602
27	0.00802	0.00573	0.00764	0.00917	0.00955	0.00535	0.00611	0.00917	0.01260	0.01681	0.03628	0.76434	0.04354	0.02062	0.00840	0.00267	0.00382	0.01872	0.00611	0.00535
28	0.00830	0.00585	0.00756	0.00881	0.00912	0.00553	0.00573	0.00924	0.01206	0.01608	0.03349	0.63472	0.04002	0.15505	0.01291	0.00334	0.00428	0.01707	0.00573	0.00510
29	0.01797	0.01911	0.02415	0.09770	0.49565	0.19185	0.01822	0.02138	0.01572	0.01978	0.01179	0.01533	0.00981	0.00615	0.00638	0.00191	0.00889	0.00547	0.00326	0.00947
30	0.11068	0.02003	0.01816	0.01468	0.01937	0.15724	0.01184	0.46163	0.06677	0.03452	0.01465	0.01501	0.01076	0.00755	0.00619	0.00194	0.00777	0.00544	0.00571	0.01003
31	0.01557	0.01218	0.01441	0.03909	0.01719	0.01020	0.00877	0.05462	0.06367	0.07609	0.01403	0.01533	0.01100	0.00563	0.00529	0.00124	0.00523	0.00453	0.00451	0.62142
32	0.02097	0.10163	0.06568	0.01651	0.02096	0.38000	0.06477	0.09589	0.04066	0.02013	0.01157	0.01339	0.00934	0.00685	0.00678	0.00179	0.04997	0.00481	0.00374	0.06455
33	0.01191	0.00770	0.00946	0.00868	0.01093	0.00709	0.00662	0.01548	0.05979	0.11380	0.41706	0.07116	0.20789	0.01350	0.00758	0.00213	0.00363	0.01165	0.00703	0.00692
34	0.04249	0.06539	0.01481	0.01197	0.01542	0.03983	0.00946	0.05533	0.34432	0.07781	0.09011	0.10442	0.03751	0.01034	0.00670	0.00214	0.00532	0.02556	0.00620	0.03486
35	0.04095	0.12355	0.14308	0.01533	0.04279	0.12041	0.01373	0.21186	0.08580	0.06316	0.06388	0.01757	0.01445	0.00753	0.00614	0.00191	0.00770	0.00571	0.00493	0.00951
36	0.04573	0.04907	0.03295	0.06968	0.05316	0.01620	0.50288	0.01960	0.01466	0.02039	0.01423	0.06881	0.01202	0.00697	0.00803	0.00223	0.04357	0.00791	0.00348	0.00842
37	0.00955	0.00784	0.00853	0.00952	0.01036	0.05686	0.00665	0.01083	0.01317	0.01669	0.03566	0.50436	0.10492	0.09828	0.01089	0.00299	0.00481	0.07695	0.00569	0.00545
38	0.08825	0.24659	0.19447	0.03513	0.02185	0.15097	0.06019	0.02144	0.01443	0.04825	0.01098	0.01299	0.00876	0.00652	0.00646	0.00187	0.05446	0.00458	0.00329	0.00852
39	0.09206	0.01418	0.01555	0.01265	0.01694	0.01523	0.01022	0.31520	0.13453	0.16041	0.06908	0.05280	0.01830	0.00888	0.00648	0.00206	0.00586	0.00706	0.03256	0.00995
40	0.00960	0.00762	0.00854	0.00947	0.01019	0.05664	0.00649	0.01055	0.01317	0.01697	0.08381	0.55425	0.06898	0.01919	0.00990	0.08344	0.00450	0.01569	0.00568	0.00533
41	0.02155	0.02463	0.01821	0.08175	0.04686	0.46346	0.01285	0.11044	0.04959	0.02020	0.01572	0.01721	0.05919	0.00775	0.00656	0.00187	0.02445	0.00549	0.00407	0.00813
42	0.15742	0.25446	0.16612	0.01373	0.01946	0.14669	0.01349	0.08927	0.01600	0.05256	0.01125	0.01252	0.00881	0.00638	0.00524	0.00179	0.00805	0.00430	0.00373	0.00872
43	0.01547	0.01548	0.06646	0.28903	0.32917	0.01557	0.01836	0.08256	0.04615	0.02189	0.01303	0.01685	0.01018	0.00644	0.00650	0.00204	0.00805	0.00583	0.00358	0.02735

[dist]
# distance from previous block
# <min> <max>
0	2

[block]
# block no. 2 follows, 33 sequences, length 20
# corresponding to MSA columns:
# 173-192
name=unknown_C
#
# <colnr> <probs for GDERKNQSTAVLIFYWHMCP>
#	G	D	E	R	K	N	Q	S	T	A	V	L	I	F	Y	W	H	M	C	P
0	0.19696	0.15913	0.04544	0.10518	0.14668	0.04148	0.05497	0.11182	0.01585	0.02418	0.01167	0.01415	0.00926	0.00631	0.00554	0.00190	0.00734	0.00495	0.02850	0.00871
1	0.01816	0.30133	0.07181	0.01273	0.01744	0.12589	0.01154	0.10489	0.03042	0.05439	0.03783	0.03639	0.03707	0.02678	0.02772	0.00212	0.00771	0.03097	0.00423	0.04057
2	0.01840	0.03073	0.03479	0.01449	0.05075	0.01418	0.03883	0.19188	0.07690	0.09859	0.04137	0.01933	0.01425	0.00756	0.00717	0.00179	0.05532	0.02593	0.00525	0.25248
3	0.00957	0.00723	0.00887	0.00906	0.01044	0.00707	0.00650	0.01359	0.09980	0.02178	0.30567	0.31344	0.10237	0.04278	0.00879	0.00248	0.00376	0.01398	0.00655	0.00626
4	0.01416	0.01391	0.01998	0.01888	0.08301	0.01875	0.01443	0.01591	0.01058	0.01632	0.00974	0.01553	0.00946	0.01414	0.08005	0.00343	0.62548	0.00588	0.00297	0.00739
5	0.03406	0.10283	0.22029	0.08070	0.09554	0.07062	0.09281	0.04422	0.04117	0.02041	0.01505	0.10044	0.01337	0.00789	0.00641	0.00203	0.00829	0.00683	0.00368	0.03337
6	0.00867	0.00633	0.00827	0.00944	0.01039	0.00593	0.00697	0.01045	0.01396	0.01836	0.09675	0.46870	0.12631	0.01902	0.00843	0.00265	0.00419	0.16340	0.00619	0.00560
7	0.01505	0.02945	0.54423	0.02019	0.05627	0.01573	0.10298	0.07801	0.01569	0.04278	0.01275	0.01485	0.00908	0.00635	0.00648	0.00209	0.00949	0.00539	0.00333	0.00982
8	0.01911	0.04256	0.04970	0.11857	0.22845	0.10059	0.06922	0.13165	0.07169	0.08220	0.01475	0.01684	0.01116	0.00679	0.00650	0.00199	0.00824	0.00590	0.00440	0.00967
9	0.00882	0.00630	0.00856	0.01008	0.01081	0.00604	0.00750	0.01055	0.01339	0.01770	0.03584	0.55120	0.04180	0.01987	0.00862	0.00278	0.00451	0.22397	0.00610	0.00557
10	0.08090	0.02717	0.01784	0.01577	0.01953	0.56232	0.01205	0.08999	0.01930	0.07888	0.01194	0.01303	0.00929	0.00695	0.00592	0.00177	0.01044	0.00455	0.00413	0.00823
11	0.00928	0.00626	0.00814	0.00911	0.01000	0.00579	0.00637	0.01074	0.01355	0.05047	0.08323	0.55632	0.10287	0.04439	0.00911	0.00271	0.00403	0.05574	0.00621	0.00569
12	0.05202	0.02636	0.01718	0.01553	0.01855	0.55689	0.01166	0.04476	0.04957	0.01758	0.01198	0.01556	0.01049	0.07811	0.00924	0.00223	0.04613	0.00498	0.00370	0.00749
13	0.01909	0.01702	0.02068	0.01832	0.08303	0.10971	0.12624	0.16949	0.19242	0.06322	0.05211	0.04236	0.01659	0.00809	0.00677	0.00206	0.00752	0.00709	0.02865	0.00953
14	0.01838	0.10065	0.02153	0.06079	0.21952	0.15746	0.01389	0.12503	0.04026	0.02275	0.03366	0.04326	0.01279	0.00712	0.00610	0.00179	0.00780	0.00578	0.00413	0.09732
15	0.04649	0.01668	0.04511	0.04850	0.21911	0.11909	0.01358	0.14389	0.05451	0.02479	0.09568	0.07540	0.05109	0.00897	0.00669	0.00203	0.00716	0.00756	0.00483	0.00885
16	0.04468	0.16126	0.15374	0.01655	0.04464	0.12707	0.08733	0.05824	0.05833	0.09311	0.01362	0.01496	0.01036	0.00661	0.00632	0.00185	0.02823	0.00517	0.00405	0.06388
17	0.07718	0.06021	0.06745	0.03369	0.01958	0.03870	0.09418	0.11479	0.08252	0.08513	0.08482	0.02035	0.01674	0.01090	0.06737	0.00261	0.00774	0.00633	0.00495	0.10477
18	0.07942	0.07904	0.09318	0.01700	0.09209	0.05532	0.03662	0.19821	0.05951	0.06236	0.03073	0.03793	0.01357	0.00811	0.00730	0.00205	0.05997	0.02404	0.03429	0.00925
19	0.07887	0.06280	0.03794	0.01527	0.07665	0.13868	0.01148	0.19426	0.07137	0.02600	0.05666	0.06852	0.05993	0.00928	0.00644	0.00200	0.00703	0.03808	0.00511	0.03361

[dist]
# distance from previous block
# <min> <max>
11	134

[block]
# block no. 3 follows, 33 sequences, length 19
# corresponding to MSA columns:
# 373-391
name=unknown_D
#
# <colnr> <probs for GDERKNQSTAVLIFYWHMCP>
#	G	D	E	R	K	N	Q	S	T	A	V	L	I	F	Y	W	H	M	C	P
0	0.01698	0.16982	0.10128	0.01534	0.04634	0.01754	0.04408	0.15579	0.01687	0.05893	0.01790	0.07860	0.05930	0.00926	0.00897	0.00209	0.13990	0.00691	0.00440	0.02971
1	0.01436	0.01070	0.01382	0.04704	0.01624	0.01093	0.04035	0.12230	0.08095	0.07343	0.02739	0.29752	0.06130	0.01320	0.00789	0.00227	0.03471	0.03517	0.00577	0.08467
2	0.06735	0.01621	0.10987	0.01343	0.01827	0.03556	0.03413	0.17624	0.04448	0.16715	0.08143	0.05361	0.01780	0.00852	0.00700	0.00200	0.03603	0.00680	0.03118	0.07293
3	0.10695	0.01602	0.01880	0.01783	0.11972	0.13047	0.08206	0.05847	0.01610	0.14864	0.01557	0.05034	0.01260	0.02531	0.02657	0.00223	0.03162	0.00612	0.00465	0.10991
4	0.00944	0.00808	0.01050	0.03630	0.05642	0.00725	0.03413	0.01192	0.01584	0.02051	0.22747	0.05112	0.42318	0.01385	0.00752	0.00211	0.00412	0.01191	0.00591	0.04242
5	0.04102	0.13929	0.13039	0.04211	0.15505	0.01694	0.11578	0.11499	0.04224	0.02342	0.03680	0.01891	0.05256	0.00707	0.00629	0.00193	0.00773	0.00618	0.00403	0.03727
6	0.03604	0.05913	0.01718	0.06688	0.18951	0.11329	0.03181	0.01644	0.01464	0.01861	0.06300	0.09177	0.12897	0.08944	0.00960	0.00252	0.00692	0.03259	0.00433	0.00734
7	0.00823	0.00615	0.00762	0.00870	0.00964	0.00563	0.00613	0.00963	0.01334	0.01717	0.04356	0.49835	0.22010	0.04526	0.00917	0.00271	0.00397	0.07320	0.00603	0.00542
8	0.01769	0.01563	0.02127	0.02681	0.37190	0.03877	0.01537	0.16742	0.13063	0.02668	0.05862	0.02112	0.04310	0.00768	0.00666	0.00201	0.00696	0.00674	0.00486	0.01007
9	0.04325	0.00896	0.01086	0.00962	0.01225	0.00861	0.00744	0.09497	0.01856	0.15687	0.31838	0.13264	0.10310	0.01264	0.00728	0.00213	0.00422	0.01085	0.02979	0.00756
10	0.01280	0.00935	0.01136	0.01052	0.01193	0.01037	0.00779	0.14150	0.01466	0.02037	0.02080	0.13176	0.02149	0.25073	0.16374	0.00522	0.06866	0.02776	0.05284	0.00635
11	0.24716	0.05490	0.02463	0.06675	0.18091	0.01658	0.21011	0.05481	0.01448	0.02391	0.01154	0.01477	0.00912	0.00620	0.00665	0.00208	0.03751	0.00562	0.00363	0.00865
12	0.02141	0.16987	0.02135	0.01666	0.07549	0.40313	0.01231	0.04812	0.01699	0.06028	0.01211	0.01452	0.01015	0.02779	0.06041	0.00245	0.01036	0.00477	0.00370	0.00815
13	0.01989	0.02304	0.02123	0.03996	0.07438	0.39421	0.11127	0.04592	0.01693	0.01854	0.01319	0.04118	0.01167	0.00799	0.00789	0.00201	0.07821	0.03611	0.02849	0.00790
14	0.00984	0.00745	0.00905	0.00942	0.01123	0.00704	0.00751	0.04677	0.01613	0.02083	0.15233	0.15140	0.27851	0.01671	0.00822	0.00250	0.00443	0.22824	0.00630	0.00608
15	0.01114	0.00671	0.00866	0.00912	0.01051	0.00605	0.00647	0.01268	0.01420	0.11979	0.08053	0.51508	0.13814	0.01785	0.00802	0.00248	0.00396	0.01589	0.00647	0.00627
16	0.01837	0.01247	0.01417	0.01213	0.01569	0.01313	0.00963	0.24495	0.15279	0.12888	0.07664	0.13446	0.08475	0.01156	0.00717	0.00221	0.00546	0.03964	0.00674	0.00915
17	0.01165	0.00952	0.01091	0.01057	0.01220	0.04228	0.00782	0.03776	0.13971	0.01820	0.02382	0.10324	0.05682	0.16370	0.31459	0.00643	0.01066	0.00893	0.00467	0.00654
18	0.08321	0.12201	0.01755	0.01234	0.01638	0.01626	0.01009	0.24007	0.14559	0.09686	0.02100	0.15261	0.01844	0.00995	0.00640	0.00208	0.00590	0.00805	0.00593	0.00928

[dist]
# distance from previous block
# <min> <max>
0	1

[block]
# block no. 4 follows, 33 sequences, length 8
# corresponding to MSA columns:
# 393-400
name=unknown_E
#
# <colnr> <probs for GDERKNQSTAVLIFYWHMCP>
#	G	D	E	R	K	N	Q	S	T	A	V	L	I	F	Y	W	H	M	C	P
0	0.01947	0.41874	0.02755	0.01575	0.08521	0.18315	0.01245	0.07193	0.07428	0.01907	0.01163	0.01294	0.00981	0.00635	0.00520	0.00163	0.00805	0.00440	0.00358	0.00882
1	0.40744	0.05503	0.01437	0.01190	0.01578	0.22337	0.00946	0.05213	0.08581	0.02522	0.03671	0.01400	0.01100	0.00690	0.00512	0.00193	0.00716	0.00454	0.00430	0.00781
2	0.01556	0.08887	0.12761	0.09487	0.16407	0.01670	0.05842	0.10644	0.04355	0.02194	0.01496	0.09198	0.01338	0.00856	0.00847	0.00217	0.10266	0.00698	0.00392	0.00890
3	0.01079	0.00792	0.00967	0.01014	0.01159	0.00784	0.00751	0.11013	0.01586	0.02086	0.03662	0.48387	0.11609	0.01801	0.00816	0.00257	0.00456	0.10532	0.00617	0.00631
4	0.01447	0.01600	0.10035	0.05809	0.30888	0.07279	0.01510	0.04189	0.01522	0.02066	0.02146	0.12851	0.08285	0.00937	0.00670	0.00206	0.00706	0.00825	0.06180	0.00850
5	0.01147	0.01412	0.14739	0.01541	0.05628	0.01159	0.06215	0.01459	0.01262	0.01816	0.02187	0.25234	0.04295	0.01720	0.09861	0.00342	0.14105	0.01022	0.04145	0.00713
6	0.03608	0.00735	0.00982	0.09383	0.01354	0.00771	0.00734	0.01167	0.03459	0.01624	0.09009	0.06201	0.12221	0.11471	0.08767	0.26067	0.00660	0.00862	0.00425	0.00499
7	0.01433	0.08501	0.01928	0.01761	0.11396	0.05509	0.05678	0.04678	0.06535	0.01962	0.03636	0.14608	0.04767	0.01275	0.03595	0.00262	0.15595	0.05660	0.00443	0.00778

[dist]
# distance from previous block
# <min> <max>
16	30

[block]
# block no. 5 follows, 33 sequences, length 6
# corresponding to MSA columns:
# 434-439
name=unknown_F
#
# <colnr> <probs for GDERKNQSTAVLIFYWHMCP>
#	G	D	E	R	K	N	Q	S	T	A	V	L	I	F	Y	W	H	M	C	P
0	0.01658	0.11437	0.07081	0.01782	0.11620	0.14881	0.05561	0.06163	0.01623	0.04368	0.05254	0.05009	0.07182	0.01137	0.04698	0.00250	0.03473	0.05581	0.00428	0.00816
1	0.00885	0.00645	0.00776	0.00791	0.00929	0.00594	0.00570	0.01092	0.01510	0.02053	0.27144	0.20332	0.23373	0.06114	0.04248	0.00284	0.00417	0.01315	0.06359	0.00570
2	0.01102	0.00982	0.06257	0.01288	0.08036	0.00812	0.00922	0.04520	0.01504	0.04842	0.09930	0.38013	0.13652	0.01575	0.00779	0.00240	0.00480	0.03806	0.00581	0.00679
3	0.21584	0.24715	0.02296	0.01763	0.16734	0.05440	0.01229	0.11177	0.01607	0.06252	0.01169	0.01321	0.00933	0.00629	0.00520	0.00180	0.00691	0.00455	0.00404	0.00902
4	0.00877	0.00643	0.00776	0.00834	0.00928	0.00607	0.00583	0.01007	0.01286	0.01666	0.07104	0.26124	0.20625	0.22167	0.04314	0.00387	0.00512	0.08494	0.00549	0.00517
5	0.01005	0.00735	0.00913	0.00899	0.00946	0.00804	0.00603	0.01163	0.04378	0.01450	0.02065	0.08565	0.02248	0.47404	0.18874	0.00666	0.05442	0.00930	0.00409	0.00501

[dist]
# distance from previous block
# <min> <max>
0	1

[block]
# block no. 6 follows, 33 sequences, length 11
# corresponding to MSA columns:
# 441-451
name=unknown_G
#
# <colnr> <probs for GDERKNQSTAVLIFYWHMCP>
#	G	D	E	R	K	N	Q	S	T	A	V	L	I	F	Y	W	H	M	C	P
0	0.01028	0.00646	0.00852	0.00881	0.00986	0.00599	0.00617	0.01162	0.01426	0.06701	0.23094	0.36088	0.07093	0.05952	0.01130	0.08775	0.00406	0.01386	0.00611	0.00566
1	0.05260	0.41657	0.02664	0.01290	0.01801	0.13738	0.01148	0.16404	0.01815	0.06984	0.01183	0.01266	0.00950	0.00648	0.00514	0.00164	0.00768	0.00435	0.00410	0.00902
2	0.04559	0.03583	0.10688	0.01783	0.10570	0.13810	0.01393	0.18185	0.07343	0.08838	0.01686	0.03517	0.03319	0.00795	0.00718	0.00200	0.04956	0.00604	0.00486	0.02964
3	0.01852	0.10297	0.09053	0.11750	0.12715	0.12101	0.05875	0.17274	0.04894	0.02387	0.01346	0.01667	0.01070	0.00710	0.00669	0.00198	0.02632	0.02176	0.00409	0.00922
4	0.01496	0.01573	0.06562	0.18359	0.16384	0.06327	0.10150	0.04821	0.09939	0.02087	0.01854	0.02525	0.04357	0.04122	0.00810	0.00236	0.00810	0.06328	0.00411	0.00850
5	0.01016	0.00675	0.00762	0.00738	0.00837	0.00633	0.00475	0.01100	0.01226	0.05420	0.09191	0.04779	0.21055	0.46704	0.02315	0.00470	0.00527	0.01074	0.00504	0.00498
6	0.00906	0.00661	0.00860	0.00981	0.01088	0.00629	0.00754	0.01093	0.01376	0.01782	0.03933	0.35815	0.14042	0.06122	0.00999	0.00295	0.00475	0.27035	0.00597	0.00557
7	0.01351	0.01086	0.01178	0.01057	0.01339	0.01158	0.00809	0.10141	0.28123	0.02557	0.17502	0.03858	0.18258	0.07498	0.00938	0.00251	0.00471	0.00976	0.00644	0.00805
8	0.00845	0.00630	0.00767	0.00811	0.00925	0.00573	0.00566	0.01016	0.01460	0.01932	0.23068	0.32439	0.22263	0.08376	0.01029	0.00272	0.00373	0.01480	0.00623	0.00552
9	0.04826	0.52116	0.06955	0.01195	0.01701	0.06226	0.01144	0.02071	0.08085	0.01766	0.01333	0.07523	0.01244	0.00732	0.00502	0.00167	0.00695	0.00529	0.00354	0.00836
10	0.01917	0.10682	0.13665	0.01836	0.08035	0.29411	0.05382	0.04302	0.03414	0.04167	0.01475	0.01649	0.04816	0.00740	0.00714	0.00192	0.05843	0.00543	0.00366	0.00852

[dist]
# distance from previous block
# <min> <max>
0	1

[block]
# block no. 7 follows, 33 sequences, length 11
# corresponding to MSA columns:
# 453-463
name=unknown_H
#
# <colnr> <probs for GDERKNQSTAVLIFYWHMCP>
#	G	D	E	R	K	N	Q	S	T	A	V	L	I	F	Y	W	H	M	C	P
0	0.01565	0.05982	0.19145	0.01624	0.07359	0.05377	0.03880	0.10646	0.10271	0.03989	0.05424	0.06011	0.01806	0.10637	0.01009	0.00264	0.00745	0.02943	0.00462	0.00862
1	0.52634	0.01641	0.06830	0.01164	0.01580	0.06340	0.01021	0.09628	0.01398	0.02784	0.01012	0.01199	0.00793	0.00696	0.00655	0.00210	0.08802	0.00421	0.00408	0.00782
2	0.00828	0.00628	0.00763	0.00815	0.00941	0.00564	0.00578	0.01009	0.01491	0.01958	0.22248	0.35837	0.26448	0.01753	0.00804	0.00238	0.00348	0.01544	0.00640	0.00564
3	0.01584	0.01532	0.02652	0.03537	0.55722	0.01531	0.10660	0.02062	0.05631	0.02134	0.01381	0.01843	0.01168	0.04744	0.00816	0.00225	0.00801	0.00641	0.00351	0.00988
4	0.00879	0.00666	0.00816	0.00878	0.00998	0.00628	0.00620	0.01157	0.06009	0.01966	0.18264	0.43580	0.17566	0.01764	0.00804	0.00244	0.00367	0.01566	0.00638	0.00590
5	0.01119	0.00666	0.00975	0.04175	0.01086	0.00723	0.00683	0.00980	0.00920	0.01250	0.01306	0.02284	0.01314	0.10635	0.11101	0.54860	0.04610	0.00631	0.00307	0.00376
6	0.02064	0.05278	0.05129	0.03024	0.02016	0.17301	0.04580	0.26814	0.09800	0.05120	0.04029	0.06578	0.01514	0.00858	0.00697	0.00202	0.02863	0.00672	0.00528	0.00931
7	0.01238	0.00978	0.01124	0.01070	0.03619	0.00989	0.00788	0.11398	0.12644	0.02568	0.27366	0.07561	0.23469	0.01295	0.00742	0.00215	0.00428	0.01104	0.00656	0.00749
8	0.05423	0.04420	0.10756	0.06011	0.02129	0.13400	0.05383	0.18304	0.08097	0.05136	0.07157	0.02072	0.04592	0.00943	0.03104	0.00229	0.00815	0.00644	0.00493	0.00891
9	0.06358	0.07578	0.12351	0.01711	0.07502	0.04614	0.08004	0.15101	0.03652	0.02448	0.06707	0.09454	0.03243	0.00918	0.00790	0.00213	0.07286	0.00748	0.00456	0.00866
10	0.01878	0.01890	0.11547	0.07502	0.04891	0.07213	0.16542	0.14444	0.06117	0.10190	0.01518	0.01684	0.01107	0.00666	0.00656	0.00195	0.00834	0.00599	0.00461	0.10064

[dist]
# distance from previous block
# <min> <max>
0	1

[block]
# block no. 8 follows, 33 sequences, length 11
# corresponding to MSA columns:
# 465-475
name=unknown_I
#
# <colnr> <probs for GDERKNQSTAVLIFYWHMCP>
#	G	D	E	R	K	N	Q	S	T	A	V	L	I	F	Y	W	H	M	C	P
0	0.01817	0.15151	0.11009	0.07616	0.08466	0.01746	0.05387	0.11908	0.16916	0.09110	0.01684	0.01767	0.01257	0.00712	0.00617	0.00197	0.00722	0.00586	0.02359	0.00973
1	0.01119	0.00905	0.01065	0.00912	0.01270	0.00731	0.00703	0.01355	0.01378	0.01987	0.02828	0.18436	0.14021	0.01127	0.00640	0.00172	0.00440	0.05819	0.04082	0.41010
2	0.01092	0.00740	0.00886	0.00861	0.01046	0.00690	0.00638	0.05572	0.01660	0.06324	0.24745	0.23937	0.21440	0.01518	0.00761	0.00223	0.00376	0.01320	0.05529	0.00641
3	0.06399	0.04626	0.01543	0.01329	0.05133	0.05081	0.01012	0.25530	0.05005	0.05374	0.11498	0.04894	0.04188	0.03452	0.00748	0.00219	0.00604	0.06105	0.06401	0.00859
4	0.01928	0.09333	0.07186	0.05494	0.08545	0.01727	0.07544	0.21056	0.11298	0.09947	0.01718	0.04921	0.01340	0.00796	0.00719	0.00207	0.04088	0.00658	0.00515	0.00981
5	0.01026	0.00772	0.01049	0.01239	0.08790	0.00764	0.00778	0.01258	0.06379	0.01772	0.07472	0.29750	0.12082	0.05714	0.05801	0.12464	0.00553	0.01229	0.00516	0.00594
6	0.01950	0.37450	0.08740	0.04000	0.03904	0.13959	0.01296	0.09180	0.01650	0.06620	0.01164	0.01293	0.00937	0.00627	0.00526	0.00163	0.00796	0.00437	0.00371	0.04934
7	0.04972	0.00690	0.00776	0.00789	0.00957	0.00635	0.00569	0.01186	0.01423	0.05787	0.11222	0.24763	0.28746	0.07042	0.00932	0.00256	0.00386	0.01320	0.06960	0.00588
8	0.00951	0.00659	0.00770	0.00777	0.00823	0.00632	0.00469	0.00995	0.01048	0.01419	0.02345	0.19415	0.02716	0.55991	0.02631	0.00524	0.00574	0.01114	0.00443	0.05703
9	0.03832	0.20706	0.05471	0.07134	0.20029	0.06342	0.15672	0.06402	0.01583	0.05047	0.01226	0.01496	0.00975	0.00609	0.00610	0.00188	0.00848	0.00551	0.00357	0.00921
10	0.06862	0.34157	0.15647	0.06783	0.02202	0.09200	0.03933	0.06424	0.01534	0.06072	0.01147	0.01309	0.00905	0.00624	0.00534	0.00176	0.00809	0.00450	0.00352	0.00878

[dist]
# distance from previous block
# <min> <max>
0	38

[block]
# block no. 9 follows, 33 sequences, length 21
# corresponding to MSA columns:
# 514-534
name=unknown_J
#
# <colnr> <probs for GDERKNQSTAVLIFYWHMCP>
#	G	D	E	R	K	N	Q	S	T	A	V	L	I	F	Y	W	H	M	C	P
0	0.00987	0.00731	0.00908	0.00959	0.04131	0.00715	0.00609	0.02341	0.01212	0.01632	0.06959	0.12523	0.11793	0.36465	0.11386	0.00518	0.00695	0.01055	0.00466	0.03914
1	0.04497	0.11209	0.15957	0.01748	0.08488	0.08694	0.04367	0.22085	0.01974	0.06292	0.03611	0.01569	0.01163	0.00690	0.00609	0.00187	0.00795	0.00539	0.00454	0.05073
2	0.03720	0.33478	0.11793	0.01647	0.07251	0.15658	0.04889	0.05612	0.04674	0.01924	0.01195	0.03213	0.01019	0.00660	0.00549	0.00174	0.00836	0.00490	0.00346	0.00874
3	0.01019	0.00702	0.00793	0.00769	0.00989	0.00603	0.00576	0.01207	0.01557	0.09039	0.14501	0.14229	0.48457	0.01588	0.00774	0.00224	0.00359	0.01349	0.00647	0.00618
4	0.01405	0.09527	0.04434	0.09600	0.12002	0.01367	0.16537	0.01839	0.04936	0.05665	0.07867	0.02963	0.17242	0.00908	0.00693	0.00207	0.00704	0.00834	0.00452	0.00817
5	0.01963	0.03835	0.12105	0.03044	0.01962	0.10186	0.01312	0.27022	0.04341	0.07123	0.03939	0.02197	0.03031	0.00864	0.00711	0.00204	0.03907	0.04831	0.06500	0.00924
6	0.01028	0.00856	0.01079	0.01000	0.01135	0.00937	0.00775	0.01269	0.03972	0.02013	0.26534	0.07338	0.25092	0.01474	0.01189	0.05146	0.16897	0.01092	0.00560	0.00614
7	0.01862	0.64803	0.03212	0.01322	0.05970	0.04571	0.01173	0.02086	0.01404	0.06935	0.01063	0.01183	0.00915	0.00587	0.00459	0.00150	0.00712	0.00391	0.00326	0.00875
8	0.00942	0.00637	0.00744	0.00757	0.00768	0.00641	0.00445	0.00967	0.00991	0.01329	0.02195	0.10690	0.02523	0.65593	0.07600	0.00631	0.00686	0.01024	0.00415	0.00423
9	0.01530	0.01453	0.02392	0.06244	0.59820	0.01463	0.01817	0.01966	0.04633	0.02123	0.01845	0.02143	0.08241	0.00711	0.00665	0.00200	0.00729	0.00674	0.00369	0.00982
10	0.02356	0.02894	0.01937	0.01865	0.07301	0.62712	0.01334	0.05398	0.01854	0.01757	0.01051	0.01247	0.00875	0.00696	0.00667	0.00178	0.04283	0.00450	0.00349	0.00797
11	0.04537	0.02045	0.02238	0.07173	0.35520	0.23650	0.01638	0.11292	0.01799	0.02250	0.01202	0.01478	0.00973	0.00647	0.00628	0.00190	0.00894	0.00531	0.00375	0.00939
12	0.01291	0.00718	0.01097	0.13756	0.01551	0.00757	0.00814	0.01178	0.01016	0.06619	0.01282	0.02039	0.01168	0.03932	0.02120	0.58685	0.00626	0.00591	0.00330	0.00428
13	0.00834	0.00590	0.00766	0.00881	0.00923	0.00556	0.00581	0.00947	0.01261	0.01694	0.08536	0.60635	0.04208	0.12859	0.01200	0.00317	0.00414	0.01688	0.00589	0.00521
14	0.00832	0.00607	0.00786	0.00893	0.00974	0.00561	0.00624	0.00991	0.01389	0.01848	0.14129	0.54791	0.11836	0.01902	0.00828	0.00256	0.00378	0.05194	0.00628	0.00553
15	0.00855	0.00623	0.00775	0.00875	0.00953	0.00583	0.00611	0.00983	0.01284	0.01666	0.03898	0.43394	0.16199	0.14443	0.01256	0.00326	0.00443	0.09733	0.00575	0.00525
16	0.04179	0.01210	0.01451	0.01409	0.07549	0.01283	0.01009	0.04794	0.32847	0.14893	0.18951	0.02862	0.02789	0.00949	0.00684	0.00212	0.00506	0.00806	0.00670	0.00948
17	0.03892	0.01245	0.01288	0.01155	0.01448	0.04344	0.00877	0.12441	0.27619	0.05656	0.05772	0.11432	0.06680	0.10261	0.01009	0.00269	0.00553	0.00908	0.02312	0.00840
18	0.04990	0.05973	0.13839	0.09033	0.12847	0.12613	0.01503	0.08518	0.08703	0.06885	0.05465	0.03826	0.01460	0.00761	0.00632	0.00200	0.00787	0.00613	0.00444	0.00909
19	0.09841	0.14293	0.08629	0.11011	0.09928	0.22866	0.01406	0.02122	0.03992	0.01893	0.01262	0.05865	0.01110	0.00737	0.00617	0.00191	0.02522	0.00551	0.00351	0.00812
20	0.04571	0.04871	0.10576	0.06222	0.25491	0.03102	0.03698	0.05570	0.09188	0.09154	0.03144	0.02117	0.01419	0.00770	0.00703	0.00210	0.03131	0.04666	0.00445	0.00953

[dist]
# distance from previous block
# <min> <max>
0	2

[block]
# block no. 10 follows, 33 sequences, length 10
# corresponding to MSA columns:
# 537-546
name=unknown_K
#
# <colnr> <probs for GDERKNQSTAVLIFYWHMCP>
#	G	D	E	R	K	N	Q	S	T	A	V	L	I	F	Y	W	H	M	C	P
0	0.00906	0.00736	0.00814	0.00796	0.01010	0.00675	0.00609	0.01260	0.07477	0.02095	0.23222	0.05704	0.45463	0.01527	0.00776	0.00223	0.00359	0.05085	0.00645	0.00616
1	0.01316	0.01284	0.01884	0.06511	0.10217	0.06241	0.09701	0.01582	0.01292	0.01770	0.04606	0.12396	0.01782	0.01883	0.16576	0.00413	0.18615	0.00827	0.00379	0.00724
2	0.00831	0.00652	0.00752	0.00764	0.00931	0.00573	0.00559	0.01034	0.01572	0.02034	0.26972	0.18787	0.38916	0.01638	0.00789	0.00226	0.00335	0.01415	0.00647	0.00573
3	0.01037	0.00677	0.00960	0.01117	0.07213	0.00647	0.00696	0.00990	0.01129	0.01479	0.02765	0.20822	0.14964	0.01970	0.01655	0.39452	0.00501	0.01038	0.00428	0.00462
4	0.08101	0.02934	0.56133	0.02135	0.13814	0.01530	0.02223	0.02062	0.01385	0.02168	0.01168	0.01401	0.00857	0.00618	0.00611	0.00206	0.00904	0.00491	0.00296	0.00962
5	0.00835	0.00632	0.00747	0.00787	0.00925	0.00562	0.00562	0.00984	0.01450	0.01863	0.17077	0.28412	0.34521	0.01774	0.00904	0.04988	0.00359	0.01461	0.00612	0.00545
6	0.04948	0.10736	0.04700	0.01572	0.07847	0.14087	0.04263	0.17116	0.01869	0.04148	0.04768	0.10615	0.03606	0.00899	0.00630	0.00194	0.00726	0.00730	0.05698	0.00848
7	0.01308	0.07455	0.01202	0.00945	0.01220	0.08119	0.00737	0.04052	0.06151	0.06172	0.09316	0.07326	0.36049	0.01374	0.00820	0.04963	0.00503	0.01051	0.00564	0.00674
8	0.05594	0.06702	0.01766	0.01356	0.01740	0.08894	0.03588	0.21091	0.10075	0.04567	0.02176	0.05651	0.08399	0.00955	0.00775	0.00207	0.06963	0.03337	0.00527	0.05637
9	0.04850	0.12511	0.14341	0.01906	0.13740	0.05148	0.04400	0.13405	0.11121	0.07131	0.04100	0.01735	0.01325	0.00710	0.00617	0.00195	0.00750	0.00577	0.00462	0.00973

[dist]
# distance from previous block
# <min> <max>
1	8

[block]
# block no. 11 follows, 33 sequences, length 9
# corresponding to MSA columns:
# 555-563
name=unknown_L
#
# <colnr> <probs for GDERKNQSTAVLIFYWHMCP>
#	G	D	E	R	K	N	Q	S	T	A	V	L	I	F	Y	W	H	M	C	P
0	0.00932	0.00807	0.00824	0.00861	0.01035	0.04541	0.00634	0.01167	0.04326	0.01824	0.07573	0.26665	0.39084	0.01697	0.00790	0.00237	0.00416	0.05398	0.00603	0.00586
1	0.01766	0.09127	0.09684	0.01725	0.11105	0.06183	0.03538	0.22707	0.06768	0.02636	0.04712	0.02377	0.10373	0.03514	0.00745	0.00213	0.00717	0.00698	0.00495	0.00917
2	0.00959	0.00911	0.04931	0.01196	0.08414	0.00746	0.00862	0.01218	0.01537	0.01998	0.16579	0.11955	0.34910	0.01500	0.00779	0.00230	0.00449	0.09599	0.00583	0.00644
3	0.16239	0.03859	0.08061	0.01600	0.12749	0.04258	0.01175	0.09413	0.01681	0.06208	0.17022	0.04557	0.06003	0.00916	0.00689	0.00205	0.03294	0.00735	0.00506	0.00828
4	0.01929	0.06257	0.11797	0.05351	0.18913	0.19915	0.01585	0.14132	0.07117	0.02345	0.01321	0.01506	0.01032	0.00672	0.00619	0.00188	0.00870	0.00526	0.00405	0.03519
5	0.01728	0.06258	0.17313	0.08473	0.19377	0.05422	0.01677	0.17016	0.06852	0.02544	0.05840	0.01789	0.01374	0.00718	0.00641	0.00199	0.00787	0.00594	0.00433	0.00966
6	0.01170	0.01009	0.01345	0.01233	0.01385	0.05208	0.04353	0.04036	0.01194	0.01647	0.01631	0.02470	0.01538	0.10485	0.49900	0.00817	0.08891	0.00699	0.00361	0.00629
7	0.03542	0.06073	0.10685	0.04342	0.12028	0.03884	0.04708	0.04633	0.12318	0.02196	0.08726	0.06699	0.10925	0.01190	0.04949	0.00258	0.00721	0.00816	0.00475	0.00833
