[name]
unknown

[dist]
# distance from previous block
# <min> <max>
0	24

[block]
# block no. 0 follows, 34 sequences, length 22
# corresponding to MSA columns:
# 24-45
name=unknown_A
#
# <colnr> <probs for GDERKNQSTAVLIFYWHMCP>
#	G	D	E	R	K	N	Q	S	T	A	V	L	I	F	Y	W	H	M	C	P
0	0.01581	0.04827	0.05602	0.02864	0.43432	0.10767	0.01646	0.01930	0.01530	0.02031	0.06532	0.02325	0.01623	0.00765	0.00653	0.00196	0.00766	0.07674	0.00376	0.02882
1	0.02137	0.01782	0.01961	0.01961	0.16838	0.10289	0.01326	0.33794	0.10111	0.06585	0.01564	0.01632	0.01166	0.00717	0.00630	0.00188	0.00733	0.00570	0.00535	0.05480
2	0.01813	0.01466	0.01586	0.04815	0.04018	0.05195	0.01119	0.19460	0.34523	0.06159	0.02275	0.07081	0.01851	0.00943	0.00674	0.00216	0.00614	0.04619	0.00611	0.00961
3	0.01472	0.21977	0.49753	0.01727	0.05398	0.01793	0.01992	0.05279	0.01435	0.02012	0.01114	0.01300	0.00843	0.00604	0.00566	0.00187	0.00869	0.00453	0.00293	0.00933
4	0.02497	0.01324	0.07903	0.01222	0.01730	0.01081	0.01075	0.03020	0.11920	0.54475	0.05057	0.02253	0.01751	0.00814	0.00652	0.00203	0.00571	0.00665	0.00729	0.01057
5	0.01652	0.64753	0.15656	0.01234	0.01856	0.02373	0.01328	0.01954	0.01322	0.01612	0.00944	0.01093	0.00827	0.00563	0.00449	0.00150	0.00737	0.00368	0.00276	0.00851
6	0.01649	0.56312	0.20705	0.01310	0.01953	0.05251	0.01427	0.01989	0.01347	0.01652	0.00967	0.01122	0.00827	0.00572	0.00471	0.00156	0.00775	0.00381	0.00278	0.00857
7	0.00909	0.00653	0.00847	0.00811	0.00947	0.00606	0.00595	0.01183	0.01739	0.02452	0.64465	0.08894	0.05755	0.06187	0.00926	0.00233	0.00329	0.01192	0.00685	0.00591
8	0.00900	0.00619	0.00761	0.00830	0.00861	0.00606	0.00541	0.00974	0.01108	0.01471	0.02726	0.29503	0.03174	0.42386	0.02155	0.00462	0.00536	0.09439	0.00487	0.00462
9	0.01341	0.09586	0.65486	0.01810	0.02721	0.01595	0.04701	0.02038	0.01366	0.02002	0.01143	0.01350	0.00825	0.00606	0.00602	0.00199	0.00937	0.00476	0.00275	0.00941
10	0.00940	0.00626	0.00705	0.00705	0.00705	0.00626	0.00392	0.00940	0.00940	0.01253	0.02036	0.04228	0.02349	0.77292	0.03289	0.00626	0.00626	0.00940	0.00392	0.00392
11	0.00787	0.00562	0.00750	0.00900	0.00937	0.00525	0.00600	0.00900	0.01237	0.01649	0.03561	0.76871	0.04274	0.02024	0.00825	0.00262	0.00375	0.01837	0.00600	0.00525
12	0.05294	0.48111	0.24412	0.01343	0.01999	0.05791	0.01480	0.01999	0.01344	0.01744	0.00982	0.01142	0.00820	0.00579	0.00482	0.00162	0.00785	0.00389	0.00284	0.00857
13	0.02451	0.01963	0.01926	0.01508	0.02003	0.10765	0.01231	0.62848	0.02892	0.03772	0.01485	0.01505	0.01067	0.00762	0.00639	0.00191	0.00766	0.00562	0.00609	0.01057
14	0.00787	0.00562	0.00750	0.00900	0.00937	0.00525	0.00600	0.00900	0.01237	0.01649	0.03561	0.76871	0.04274	0.02024	0.00825	0.00262	0.00375	0.01837	0.00600	0.00525
15	0.01340	0.01148	0.01340	0.00957	0.01531	0.00861	0.00766	0.01627	0.01340	0.02105	0.01148	0.01340	0.00957	0.00479	0.00479	0.00096	0.00479	0.00383	0.00383	0.81242
16	0.01640	0.06310	0.40560	0.01908	0.04906	0.03335	0.13456	0.06647	0.03603	0.09479	0.01379	0.01541	0.00984	0.00636	0.00636	0.00201	0.00893	0.00552	0.00374	0.00958
17	0.24215	0.06696	0.04309	0.09199	0.03874	0.03890	0.01114	0.10499	0.10536	0.17297	0.01583	0.01619	0.01137	0.00700	0.00561	0.00198	0.00634	0.00524	0.00514	0.00901
18	0.11519	0.01584	0.01996	0.02541	0.35605	0.07961	0.01460	0.04077	0.18253	0.06319	0.01575	0.01719	0.01226	0.00675	0.00610	0.00198	0.00696	0.00575	0.00445	0.00966
19	0.06536	0.06137	0.06304	0.03574	0.13908	0.08190	0.02766	0.11334	0.01803	0.23042	0.07043	0.01894	0.01520	0.00733	0.00619	0.00190	0.00694	0.00596	0.00532	0.02584
20	0.18532	0.03593	0.05048	0.04855	0.16507	0.13836	0.01271	0.06642	0.06712	0.10028	0.03554	0.01603	0.01191	0.00678	0.00575	0.00190	0.00721	0.00523	0.00445	0.03496
21	0.26798	0.14712	0.08168	0.01785	0.16282	0.05066	0.04450	0.03903	0.01421	0.10157	0.01207	0.01362	0.00926	0.00615	0.00528	0.00187	0.00695	0.00467	0.00396	0.00874

[dist]
# distance from previous block
# <min> <max>
4	27

[block]
# block no. 1 follows, 34 sequences, length 38
# corresponding to MSA columns:
# 73-110
name=unknown_B
#
# <colnr> <probs for GDERKNQSTAVLIFYWHMCP>
#	G	D	E	R	K	N	Q	S	T	A	V	L	I	F	Y	W	H	M	C	P
0	0.09866	0.15539	0.08393	0.01650	0.07044	0.10552	0.08650	0.13084	0.04472	0.09289	0.01340	0.01457	0.01013	0.00645	0.00575	0.00182	0.00773	0.00510	0.00432	0.04535
1	0.21515	0.10563	0.01913	0.01822	0.18907	0.10193	0.01196	0.09122	0.01586	0.07000	0.02916	0.01436	0.01060	0.00634	0.00538	0.00177	0.00684	0.00477	0.00415	0.07846
2	0.27691	0.03197	0.01759	0.04663	0.13132	0.05974	0.05807	0.07823	0.08188	0.09322	0.01380	0.01512	0.01040	0.00650	0.00556	0.00192	0.00663	0.00511	0.00452	0.05486
3	0.07226	0.05587	0.17152	0.05387	0.41025	0.03784	0.04645	0.02030	0.01433	0.04063	0.01198	0.01498	0.00952	0.00594	0.00610	0.00194	0.00806	0.00533	0.00327	0.00955
4	0.21842	0.07323	0.05001	0.02211	0.23870	0.18887	0.06134	0.02097	0.01439	0.02121	0.01057	0.01315	0.00868	0.00615	0.00596	0.00189	0.02782	0.00474	0.00337	0.00843
5	0.01824	0.56494	0.06510	0.01395	0.05579	0.15516	0.01241	0.02060	0.01418	0.01588	0.00946	0.01106	0.00840	0.00577	0.00467	0.00149	0.00794	0.00377	0.00289	0.00831
6	0.04354	0.16602	0.45246	0.01586	0.02350	0.01738	0.01857	0.06590	0.09784	0.02187	0.01300	0.01428	0.00970	0.00643	0.00577	0.00193	0.00822	0.00485	0.00347	0.00940
7	0.04265	0.65870	0.12171	0.01190	0.01788	0.02388	0.01253	0.01948	0.01312	0.01631	0.00931	0.01078	0.00824	0.00562	0.00439	0.00149	0.00718	0.00362	0.00280	0.00841
8	0.00776	0.00655	0.00672	0.00668	0.00881	0.00551	0.00501	0.00952	0.01503	0.01817	0.12151	0.06101	0.67350	0.01610	0.00764	0.00217	0.00325	0.01347	0.00609	0.00551
9	0.00917	0.00643	0.00841	0.00952	0.01019	0.00629	0.00702	0.01065	0.01248	0.01647	0.03115	0.33352	0.03576	0.21529	0.01490	0.00370	0.00518	0.25329	0.00544	0.00515
10	0.01568	0.38240	0.30989	0.01704	0.09373	0.04462	0.01703	0.02005	0.01366	0.01789	0.01036	0.01227	0.00845	0.00583	0.00521	0.00171	0.00818	0.00423	0.00281	0.00896
11	0.00940	0.00626	0.00705	0.00705	0.00705	0.00626	0.00392	0.00940	0.00940	0.01253	0.02036	0.04228	0.02349	0.77292	0.03289	0.00626	0.00626	0.00940	0.00392	0.00392
12	0.00787	0.00562	0.00750	0.00900	0.00937	0.00525	0.00600	0.00900	0.01237	0.01649	0.03561	0.76871	0.04274	0.02024	0.00825	0.00262	0.00375	0.01837	0.00600	0.00525
13	0.01628	0.60597	0.19601	0.01275	0.01920	0.02314	0.01400	0.01960	0.01325	0.01641	0.00958	0.01112	0.00827	0.00567	0.00460	0.00153	0.00752	0.00376	0.00276	0.00858
14	0.01340	0.10875	0.66795	0.01767	0.02681	0.01608	0.02257	0.02035	0.01359	0.01993	0.01133	0.01331	0.00820	0.00608	0.00594	0.00198	0.00928	0.00464	0.00273	0.00942
15	0.00787	0.00562	0.00750	0.00900	0.00937	0.00525	0.00600	0.00900	0.01237	0.01649	0.03561	0.76871	0.04274	0.02024	0.00825	0.00262	0.00375	0.01837	0.00600	0.00525
16	0.01296	0.03342	0.73944	0.01842	0.02797	0.01501	0.02387	0.02046	0.01364	0.02046	0.01160	0.01364	0.00818	0.00614	0.00614	0.00205	0.00955	0.00477	0.00273	0.00955
17	0.01634	0.01708	0.02934	0.03421	0.46722	0.06705	0.23171	0.02052	0.01513	0.02061	0.01228	0.01613	0.00997	0.00572	0.00674	0.00198	0.00895	0.00622	0.00323	0.00957
18	0.02350	0.09482	0.02068	0.01442	0.01957	0.02045	0.01208	0.61544	0.05470	0.03762	0.01526	0.01532	0.01104	0.00757	0.00623	0.00189	0.00701	0.00563	0.00609	0.01069
19	0.02267	0.02726	0.01824	0.01723	0.05436	0.58435	0.01253	0.05333	0.11339	0.01855	0.01251	0.01369	0.01006	0.00694	0.00598	0.00176	0.01040	0.00473	0.00388	0.00813
20	0.00983	0.00729	0.01048	0.01343	0.11122	0.00692	0.00823	0.01150	0.01312	0.04151	0.03306	0.57694	0.06341	0.01753	0.00794	0.00250	0.00445	0.04878	0.00567	0.00618
21	0.06606	0.13354	0.04243	0.01897	0.16659	0.04682	0.01345	0.32190	0.05520	0.02927	0.01351	0.01468	0.01039	0.00677	0.00587	0.00183	0.00715	0.00523	0.00478	0.03556
22	0.05342	0.03860	0.04545	0.01064	0.03917	0.00822	0.00798	0.03380	0.01456	0.04718	0.15099	0.37408	0.10478	0.01520	0.00742	0.00231	0.00442	0.02958	0.00578	0.00643
23	0.08682	0.05573	0.12839	0.01919	0.15954	0.13205	0.01444	0.11662	0.09475	0.08339	0.01440	0.01546	0.01086	0.00672	0.00594	0.00189	0.00769	0.00523	0.00443	0.03645
24	0.16945	0.09564	0.04541	0.06626	0.33334	0.01542	0.01467	0.02099	0.04114	0.09047	0.01295	0.01513	0.01014	0.00612	0.00565	0.00188	0.00679	0.00511	0.00388	0.03956
25	0.01674	0.06168	0.09834	0.03083	0.48469	0.07486	0.01792	0.02056	0.01486	0.04777	0.01220	0.01513	0.00993	0.00588	0.00609	0.00182	0.00787	0.00529	0.00336	0.06417
26	0.06812	0.01500	0.06693	0.10037	0.38514	0.01390	0.01612	0.05345	0.01516	0.05019	0.04702	0.01705	0.01236	0.00629	0.00610	0.00185	0.00702	0.00562	0.00380	0.10851
27	0.15005	0.04047	0.06089	0.05110	0.20195	0.01464	0.06719	0.09958	0.05204	0.06285	0.05237	0.01966	0.01413	0.00719	0.00612	0.00197	0.00682	0.03560	0.00445	0.05096
28	0.09084	0.05099	0.13181	0.01874	0.16227	0.08695	0.01412	0.09684	0.04499	0.10170	0.05912	0.01827	0.02970	0.00738	0.00663	0.00194	0.03565	0.00578	0.00452	0.03175
29	0.13543	0.01673	0.10467	0.05911	0.18858	0.03795	0.03748	0.13132	0.04542	0.06821	0.07050	0.01795	0.01421	0.00703	0.00610	0.00195	0.00699	0.00583	0.00453	0.04003
30	0.04019	0.08049	0.14418	0.02198	0.22936	0.05377	0.05511	0.03674	0.07608	0.11360	0.04965	0.01778	0.01354	0.00676	0.00618	0.00191	0.00742	0.00582	0.00430	0.03514
31	0.06783	0.05556	0.08020	0.04704	0.31136	0.01471	0.05733	0.04388	0.06741	0.10953	0.04159	0.01772	0.01300	0.00660	0.00619	0.00193	0.00708	0.00588	0.00429	0.04087
32	0.04481	0.03936	0.18402	0.01902	0.17313	0.01389	0.01480	0.08101	0.09283	0.08173	0.04732	0.03823	0.01423	0.00712	0.00610	0.00186	0.00676	0.00596	0.00449	0.12334
33	0.05417	0.04894	0.17211	0.03620	0.17172	0.01493	0.09967	0.07146	0.08518	0.08026	0.01502	0.03243	0.01159	0.00667	0.00623	0.00194	0.00754	0.00591	0.00418	0.07385
34	0.06514	0.01584	0.06940	0.01986	0.20287	0.05021	0.04206	0.11580	0.07358	0.02502	0.09803	0.01926	0.01652	0.00705	0.00613	0.00180	0.00662	0.00603	0.00452	0.15425
35	0.04182	0.01816	0.15904	0.01910	0.12801	0.05459	0.10892	0.09280	0.05956	0.05923	0.07004	0.04299	0.06986	0.00807	0.00660	0.00200	0.00740	0.00710	0.00454	0.04017
36	0.01629	0.04455	0.10048	0.03569	0.20169	0.03440	0.03611	0.06803	0.07700	0.08716	0.05853	0.07056	0.01637	0.00788	0.00668	0.00192	0.02341	0.00678	0.00457	0.10189
37	0.01824	0.10580	0.15556	0.04122	0.10336	0.01426	0.01385	0.04527	0.08790	0.20047	0.04700	0.04131	0.01502	0.00762	0.00658	0.00194	0.02863	0.00617	0.00497	0.05483

[dist]
# distance from previous block
# <min> <max>
0	60

[block]
# block no. 2 follows, 34 sequences, length 51
# corresponding to MSA columns:
# 175-225
name=unknown_C
#
# <colnr> <probs for GDERKNQSTAVLIFYWHMCP>
#	G	D	E	R	K	N	Q	S	T	A	V	L	I	F	Y	W	H	M	C	P
0	0.01653	0.02187	0.31261	0.03950	0.10140	0.01452	0.08149	0.08893	0.04994	0.10897	0.05111	0.01780	0.01307	0.00699	0.00680	0.00203	0.02556	0.00595	0.00427	0.03068
1	0.16605	0.04181	0.30910	0.01775	0.09213	0.04078	0.05337	0.05876	0.06297	0.05817	0.01301	0.01455	0.00962	0.00636	0.00581	0.00197	0.00783	0.00502	0.00381	0.03115
2	0.01540	0.02082	0.28358	0.04943	0.04345	0.01410	0.10021	0.06800	0.09157	0.07491	0.01647	0.03796	0.02840	0.00720	0.00678	0.00198	0.02809	0.00615	0.00416	0.10134
3	0.03739	0.11014	0.21576	0.01851	0.08845	0.10182	0.10824	0.03816	0.03097	0.04220	0.04508	0.01579	0.01172	0.00651	0.00647	0.00185	0.03100	0.00538	0.00360	0.08094
4	0.03768	0.02359	0.36264	0.01725	0.04218	0.03326	0.08330	0.12010	0.03486	0.05600	0.03684	0.03667	0.02881	0.00837	0.02637	0.00224	0.00850	0.00611	0.00406	0.03116
5	0.03421	0.05644	0.28143	0.01690	0.06199	0.07457	0.07368	0.05738	0.03224	0.05927	0.09006	0.01819	0.01509	0.00693	0.00617	0.00186	0.00784	0.00578	0.00404	0.09593
6	0.09805	0.04396	0.30683	0.01510	0.02171	0.08053	0.03576	0.07705	0.07006	0.09771	0.01404	0.01497	0.01018	0.00653	0.00586	0.00189	0.00786	0.00501	0.00417	0.08275
7	0.01723	0.03988	0.21535	0.12819	0.06821	0.01482	0.08447	0.09356	0.08229	0.13509	0.01589	0.01757	0.01146	0.00853	0.03695	0.00239	0.00837	0.00593	0.00444	0.00940
8	0.03948	0.10367	0.31957	0.01557	0.05708	0.04466	0.01588	0.05629	0.01523	0.06774	0.06721	0.01892	0.05064	0.00736	0.00639	0.00188	0.02817	0.00570	0.00394	0.07462
9	0.15456	0.16663	0.34676	0.01534	0.02235	0.01688	0.07050	0.05655	0.01436	0.04300	0.03033	0.01403	0.00989	0.00627	0.00557	0.00192	0.00795	0.00481	0.00346	0.00883
10	0.05687	0.02430	0.38772	0.01613	0.02312	0.01565	0.03612	0.10188	0.19823	0.05219	0.01627	0.01681	0.01176	0.00704	0.00623	0.00207	0.00778	0.00562	0.00442	0.00979
11	0.01656	0.01396	0.07283	0.01327	0.04742	0.01072	0.05477	0.03942	0.05101	0.13779	0.01476	0.01578	0.01110	0.00578	0.00555	0.00142	0.00586	0.00489	0.00457	0.47255
12	0.01033	0.00813	0.00926	0.00969	0.01084	0.04450	0.00686	0.06796	0.01535	0.02036	0.17409	0.52151	0.04210	0.01709	0.00785	0.00240	0.00428	0.01525	0.00613	0.00601
13	0.05006	0.06000	0.02013	0.01596	0.01922	0.30606	0.06779	0.04909	0.01517	0.01834	0.01018	0.01304	0.00871	0.00748	0.00969	0.00192	0.20438	0.00479	0.00339	0.11461
14	0.01823	0.71415	0.03231	0.01109	0.01658	0.02425	0.01093	0.02034	0.01357	0.07427	0.01033	0.01132	0.00892	0.00573	0.00434	0.00143	0.00679	0.00370	0.00319	0.00851
15	0.07928	0.01157	0.01308	0.00948	0.01508	0.00909	0.00760	0.01649	0.01320	0.02170	0.01128	0.01316	0.00936	0.00488	0.00472	0.00104	0.00480	0.00380	0.00384	0.74652
16	0.00939	0.00688	0.00727	0.00702	0.00938	0.00578	0.00532	0.01108	0.01496	0.07631	0.06129	0.08018	0.65087	0.01580	0.00756	0.00218	0.00347	0.01320	0.00616	0.00590
17	0.01861	0.01345	0.01533	0.01411	0.05671	0.01474	0.01041	0.11915	0.42540	0.13608	0.02349	0.02369	0.01779	0.07088	0.00869	0.00245	0.00567	0.00707	0.00637	0.00993
18	0.02423	0.01793	0.01920	0.01480	0.01991	0.01988	0.01220	0.68467	0.05732	0.04019	0.01593	0.01585	0.01133	0.00780	0.00647	0.00195	0.00703	0.00588	0.00647	0.01096
19	0.00803	0.00630	0.00684	0.00715	0.00854	0.00557	0.00494	0.00924	0.01321	0.01630	0.05054	0.20473	0.45084	0.16360	0.01265	0.00306	0.00395	0.01380	0.00560	0.00511
20	0.02456	0.01810	0.01939	0.01487	0.02004	0.02004	0.01228	0.71107	0.03038	0.04072	0.01551	0.01551	0.01099	0.00776	0.00646	0.00194	0.00711	0.00582	0.00646	0.01099
21	0.02357	0.02848	0.01900	0.01819	0.07273	0.62577	0.01301	0.08857	0.01916	0.01850	0.01066	0.01233	0.00871	0.00669	0.00593	0.00171	0.01094	0.00443	0.00361	0.00802
22	0.01122	0.00561	0.00842	0.00842	0.00842	0.00561	0.00561	0.00842	0.00842	0.01122	0.01122	0.01964	0.01122	0.02245	0.02525	0.81201	0.00561	0.00561	0.00281	0.00281
23	0.01122	0.00561	0.00842	0.00842	0.00842	0.00561	0.00561	0.00842	0.00842	0.01122	0.01122	0.01964	0.01122	0.02245	0.02525	0.81201	0.00561	0.00561	0.00281	0.00281
24	0.02405	0.01784	0.01910	0.01476	0.01984	0.01980	0.01216	0.67023	0.07205	0.03990	0.01616	0.01603	0.01152	0.00782	0.00647	0.00195	0.00699	0.00591	0.00647	0.01094
25	0.02492	0.01752	0.01903	0.01459	0.01975	0.01917	0.01205	0.65546	0.02941	0.09770	0.01633	0.01604	0.01140	0.00778	0.00647	0.00194	0.00698	0.00587	0.00659	0.01099
26	0.02479	0.01774	0.01917	0.01469	0.01986	0.01950	0.01214	0.67637	0.02977	0.07628	0.01602	0.01584	0.01124	0.00777	0.00647	0.00194	0.00703	0.00585	0.00654	0.01099
27	0.81856	0.01250	0.00950	0.00850	0.01250	0.01449	0.00700	0.01899	0.01100	0.02899	0.00900	0.01050	0.00700	0.00600	0.00400	0.00200	0.00500	0.00350	0.00400	0.00700
28	0.02320	0.01762	0.02237	0.01681	0.02220	0.01886	0.13126	0.55809	0.02718	0.07314	0.01561	0.01617	0.01104	0.00737	0.00666	0.00198	0.00767	0.00616	0.00600	0.01060
29	0.02760	0.01316	0.01540	0.01216	0.01693	0.07591	0.00989	0.05180	0.06354	0.60653	0.02386	0.02101	0.01540	0.00792	0.00644	0.00198	0.00607	0.00632	0.00744	0.01063
30	0.01728	0.01365	0.01579	0.03438	0.08038	0.01530	0.01119	0.03231	0.56933	0.09842	0.02459	0.02300	0.01823	0.00836	0.00655	0.00215	0.00547	0.00705	0.00633	0.01023
31	0.00914	0.00660	0.00864	0.00813	0.00965	0.00610	0.00610	0.01219	0.01829	0.02591	0.72921	0.04827	0.06097	0.01321	0.00762	0.00203	0.00305	0.01169	0.00711	0.00610
32	0.02359	0.01928	0.01873	0.01491	0.01968	0.11320	0.01208	0.54952	0.10364	0.03603	0.01597	0.01595	0.01159	0.00772	0.00639	0.00193	0.00748	0.00577	0.00607	0.01046
33	0.02329	0.02127	0.02041	0.01628	0.02100	0.21516	0.06926	0.43902	0.05769	0.03175	0.01432	0.01503	0.01058	0.00732	0.00639	0.00190	0.00855	0.00559	0.00536	0.00983
34	0.00825	0.00609	0.00708	0.00768	0.00849	0.00561	0.00506	0.00920	0.01222	0.01562	0.04024	0.34044	0.24659	0.23966	0.01528	0.00356	0.00434	0.01430	0.00539	0.00492
35	0.01095	0.00568	0.00825	0.00829	0.00830	0.00567	0.00545	0.00853	0.00862	0.01150	0.01281	0.04230	0.01333	0.09861	0.02557	0.70817	0.00563	0.00634	0.00301	0.00298
36	0.02400	0.05990	0.01947	0.01565	0.01984	0.41302	0.01233	0.30900	0.02306	0.02609	0.01223	0.01319	0.00942	0.00706	0.00601	0.00177	0.00955	0.00481	0.00460	0.00897
37	0.01557	0.01492	0.02547	0.11897	0.65658	0.01524	0.01962	0.01946	0.01451	0.02060	0.01208	0.01613	0.01006	0.00583	0.00640	0.00194	0.00778	0.00576	0.00316	0.00990
38	0.01607	0.01388	0.01461	0.01315	0.01680	0.01607	0.01023	0.03433	0.72094	0.02703	0.02630	0.02411	0.01972	0.00877	0.00657	0.00219	0.00511	0.00731	0.00657	0.01023
39	0.01882	0.01347	0.01615	0.01366	0.01779	0.01466	0.05337	0.03287	0.52506	0.18045	0.02530	0.02324	0.01830	0.00839	0.00662	0.00215	0.00555	0.00715	0.00668	0.01030
40	0.01330	0.03127	0.65181	0.02053	0.08625	0.01509	0.05176	0.02042	0.01380	0.02053	0.01170	0.01399	0.00842	0.00608	0.00622	0.00204	0.00945	0.00497	0.00279	0.00957
41	0.01489	0.01663	0.03487	0.08740	0.03312	0.01649	0.58718	0.01987	0.01456	0.01987	0.01252	0.01711	0.00958	0.00607	0.00878	0.00224	0.07991	0.00729	0.00319	0.00843
42	0.02899	0.01100	0.01499	0.01150	0.01649	0.00950	0.00950	0.03149	0.01849	0.73709	0.02549	0.02199	0.01599	0.00800	0.00650	0.00200	0.00550	0.00650	0.00800	0.01100
43	0.02148	0.01896	0.01750	0.01459	0.01888	0.15339	0.01159	0.34492	0.27216	0.03127	0.01830	0.01783	0.01358	0.00791	0.00638	0.00198	0.00725	0.00604	0.00592	0.01007
44	0.01642	0.01784	0.05581	0.02296	0.05229	0.05082	0.40723	0.08390	0.10037	0.02248	0.01415	0.01725	0.01084	0.00677	0.00867	0.00219	0.09030	0.00688	0.00388	0.00895
45	0.00839	0.00692	0.00900	0.00905	0.01051	0.00642	0.03822	0.01001	0.01364	0.01740	0.07072	0.37494	0.33786	0.01730	0.00842	0.00240	0.03231	0.01512	0.00579	0.00560
46	0.01526	0.01460	0.02444	0.03401	0.56810	0.01464	0.06264	0.02018	0.07245	0.02123	0.01671	0.04717	0.04535	0.00702	0.00662	0.00200	0.00733	0.00684	0.00371	0.00973
47	0.01860	0.26126	0.10362	0.01810	0.12534	0.24632	0.01412	0.02328	0.09673	0.01822	0.01205	0.01355	0.00990	0.00636	0.00550	0.00172	0.00858	0.00461	0.00344	0.00869
48	0.01370	0.01304	0.02197	0.45885	0.30196	0.01494	0.01850	0.01772	0.01348	0.01820	0.01162	0.01664	0.00922	0.00639	0.00701	0.00209	0.03762	0.00574	0.00299	0.00832
49	0.00781	0.00610	0.00708	0.00778	0.00907	0.00538	0.00548	0.00925	0.01373	0.01731	0.07604	0.40171	0.37407	0.01811	0.00793	0.00239	0.00349	0.01584	0.00604	0.00538
50	0.06171	0.01209	0.01663	0.01292	0.01772	0.01140	0.06964	0.05614	0.10352	0.50374	0.04893	0.02203	0.01694	0.00796	0.00653	0.00204	0.00587	0.00672	0.00714	0.01034

[dist]
# distance from previous block
# <min> <max>
0	4

[block]
# block no. 3 follows, 34 sequences, length 6
# corresponding to MSA columns:
# 230-235
name=unknown_D
#
# <colnr> <probs for GDERKNQSTAVLIFYWHMCP>
#	G	D	E	R	K	N	Q	S	T	A	V	L	I	F	Y	W	H	M	C	P
0	0.01615	0.06348	0.07100	0.02079	0.04973	0.01618	0.33352	0.02344	0.15940	0.07402	0.01662	0.03955	0.01295	0.00724	0.00802	0.00216	0.06529	0.00714	0.00427	0.00905
1	0.01415	0.12452	0.45324	0.01993	0.02812	0.01674	0.21326	0.02038	0.01402	0.01985	0.01167	0.01428	0.00865	0.00587	0.00630	0.00200	0.00958	0.00540	0.00288	0.00915
2	0.01503	0.07896	0.12477	0.02398	0.03027	0.01719	0.50926	0.02013	0.01443	0.01980	0.01218	0.01612	0.00937	0.00603	0.00831	0.00215	0.07348	0.00677	0.00312	0.00865
3	0.12589	0.01335	0.01886	0.01649	0.06167	0.06232	0.17201	0.06136	0.01521	0.11244	0.02013	0.22650	0.01937	0.01043	0.00735	0.00221	0.03221	0.00940	0.00492	0.00789
4	0.07802	0.16923	0.06205	0.01592	0.06152	0.16685	0.05531	0.04006	0.09130	0.03882	0.01475	0.05656	0.01303	0.00812	0.00719	0.00198	0.07115	0.03591	0.00400	0.00823
5	0.01051	0.07341	0.04437	0.01049	0.01269	0.00913	0.04446	0.06287	0.01429	0.01862	0.03440	0.42968	0.15430	0.03951	0.00831	0.00246	0.00489	0.01391	0.00541	0.00630

[dist]
# distance from previous block
# <min> <max>
4	28

[block]
# block no. 4 follows, 34 sequences, length 35
# corresponding to MSA columns:
# 268-302
name=unknown_E
#
# <colnr> <probs for GDERKNQSTAVLIFYWHMCP>
#	G	D	E	R	K	N	Q	S	T	A	V	L	I	F	Y	W	H	M	C	P
0	0.05036	0.01398	0.01615	0.01344	0.03288	0.01460	0.01071	0.25869	0.17037	0.24956	0.02138	0.02203	0.01552	0.00835	0.00648	0.00203	0.00599	0.04130	0.00668	0.03952
1	0.02114	0.01821	0.01896	0.01538	0.01949	0.20937	0.10126	0.14292	0.07771	0.16261	0.05338	0.02121	0.06048	0.00826	0.00721	0.00199	0.03946	0.00664	0.00537	0.00895
2	0.01467	0.01173	0.01490	0.03258	0.13297	0.01255	0.01114	0.02448	0.32726	0.06671	0.11769	0.03401	0.06184	0.01034	0.00704	0.00222	0.00538	0.09764	0.00598	0.00886
3	0.00820	0.00676	0.00714	0.00730	0.00916	0.00601	0.00530	0.01052	0.05038	0.01754	0.05641	0.17133	0.54852	0.05505	0.00896	0.00246	0.00359	0.01385	0.00592	0.00559
4	0.02113	0.05510	0.01807	0.01384	0.01843	0.01825	0.01128	0.37970	0.29550	0.06953	0.01985	0.01890	0.01448	0.00804	0.00639	0.00201	0.00625	0.00630	0.00639	0.01056
5	0.11911	0.19424	0.34951	0.01526	0.02226	0.01767	0.05220	0.04570	0.08769	0.02179	0.01242	0.01385	0.00944	0.00628	0.00555	0.00191	0.00789	0.00476	0.00346	0.00901
6	0.00790	0.00581	0.00731	0.00848	0.00915	0.00533	0.00571	0.00906	0.01264	0.01648	0.04006	0.61267	0.16069	0.05466	0.00929	0.00272	0.00378	0.01713	0.00590	0.00522
7	0.02562	0.01175	0.01489	0.01193	0.01657	0.01121	0.00969	0.03223	0.20197	0.55163	0.02570	0.02254	0.01697	0.00820	0.00652	0.00205	0.00540	0.00671	0.00763	0.01080
8	0.01702	0.01570	0.02122	0.26877	0.26298	0.07304	0.01652	0.15252	0.06668	0.02334	0.01339	0.01654	0.01036	0.00665	0.00640	0.00200	0.00801	0.00575	0.00396	0.00915
9	0.02100	0.02481	0.02332	0.06712	0.06087	0.44335	0.16982	0.07619	0.01802	0.01913	0.01131	0.01382	0.00898	0.00641	0.00635	0.00185	0.01074	0.00525	0.00352	0.00815
10	0.00786	0.00566	0.00746	0.00889	0.00934	0.00526	0.00595	0.00901	0.01247	0.01653	0.03687	0.73904	0.07159	0.02008	0.00822	0.00261	0.00373	0.01817	0.00600	0.00526
11	0.01733	0.01634	0.02644	0.02001	0.02530	0.01696	0.33485	0.15888	0.26003	0.02674	0.01808	0.01935	0.01343	0.00703	0.00704	0.00214	0.00818	0.00717	0.00502	0.00967
12	0.01515	0.01615	0.08077	0.15212	0.56824	0.01517	0.01985	0.01935	0.01434	0.02033	0.01200	0.01600	0.00982	0.00590	0.00639	0.00197	0.00797	0.00568	0.00311	0.00970
13	0.00820	0.00658	0.00699	0.00713	0.00887	0.00578	0.00525	0.00967	0.01382	0.01678	0.05480	0.05975	0.54421	0.14682	0.01211	0.00296	0.00404	0.07540	0.00564	0.00524
14	0.00914	0.00660	0.00864	0.00813	0.00965	0.00610	0.00610	0.01219	0.01829	0.02591	0.72921	0.04827	0.06097	0.01321	0.00762	0.00203	0.00305	0.01169	0.00711	0.00610
15	0.01111	0.00709	0.00899	0.00823	0.01026	0.00637	0.00627	0.01386	0.01770	0.10432	0.53599	0.04771	0.17101	0.01317	0.00750	0.00205	0.00336	0.01144	0.00702	0.00654
16	0.78739	0.01246	0.00988	0.03745	0.01373	0.01449	0.00742	0.01890	0.01107	0.02851	0.00909	0.01076	0.00706	0.00602	0.00409	0.00201	0.00514	0.00359	0.00396	0.00700
17	0.01368	0.15727	0.62189	0.01719	0.02607	0.01677	0.02174	0.02028	0.01356	0.01959	0.01116	0.01310	0.00820	0.00604	0.00581	0.00194	0.00911	0.00455	0.00273	0.00934
18	0.01607	0.01388	0.01461	0.01315	0.01680	0.01607	0.01023	0.03433	0.72094	0.02703	0.02630	0.02411	0.01972	0.00877	0.00657	0.00219	0.00511	0.00731	0.00657	0.01023
19	0.01491	0.36903	0.42090	0.01509	0.02283	0.01977	0.01809	0.01996	0.01341	0.01809	0.01042	0.01216	0.00823	0.00586	0.00524	0.00175	0.00836	0.00418	0.00274	0.00898
20	0.01296	0.03342	0.73944	0.01842	0.02797	0.01501	0.02387	0.02046	0.01364	0.02046	0.01160	0.01364	0.00818	0.00614	0.00614	0.00205	0.00955	0.00477	0.00273	0.00955
21	0.00905	0.00660	0.00850	0.00803	0.00959	0.00606	0.00602	0.01200	0.01806	0.02537	0.68638	0.04916	0.10413	0.01341	0.00762	0.00204	0.00306	0.01181	0.00704	0.00606
22	0.00784	0.00574	0.00737	0.00868	0.00929	0.00527	0.00586	0.00903	0.01268	0.01662	0.03948	0.67720	0.13174	0.01974	0.00817	0.00257	0.00369	0.01776	0.00600	0.00527
23	0.01220	0.01148	0.01938	0.75739	0.04450	0.01436	0.01794	0.01651	0.01292	0.01651	0.01148	0.01723	0.00861	0.00646	0.00646	0.00215	0.00861	0.00574	0.00287	0.00718
24	0.00779	0.00655	0.00676	0.00671	0.00882	0.00552	0.00503	0.00957	0.01509	0.01832	0.13341	0.06076	0.66150	0.01604	0.00763	0.00217	0.00325	0.01344	0.00611	0.00552
25	0.01414	0.01414	0.01979	0.01696	0.01696	0.01979	0.01414	0.01555	0.00990	0.01555	0.00848	0.01414	0.00848	0.01131	0.02120	0.00283	0.76110	0.00565	0.00283	0.00707
26	0.00797	0.00570	0.00759	0.00893	0.00939	0.00532	0.00601	0.00925	0.01284	0.01724	0.09033	0.71187	0.04417	0.01969	0.00820	0.00258	0.00369	0.01784	0.00609	0.00532
27	0.00914	0.00660	0.00864	0.00813	0.00965	0.00610	0.00610	0.01219	0.01829	0.02591	0.72921	0.04827	0.06097	0.01321	0.00762	0.00203	0.00305	0.01169	0.00711	0.00610
28	0.01414	0.01414	0.01979	0.01696	0.01696	0.01979	0.01414	0.01555	0.00990	0.01555	0.00848	0.01414	0.00848	0.01131	0.02120	0.00283	0.76110	0.00565	0.00283	0.00707
29	0.01773	0.72892	0.03295	0.01130	0.01680	0.02522	0.01113	0.06301	0.01422	0.01681	0.00940	0.01069	0.00846	0.00567	0.00429	0.00142	0.00692	0.00360	0.00300	0.00846
30	0.00800	0.00568	0.00746	0.00883	0.00917	0.00534	0.00582	0.00903	0.01212	0.01616	0.03431	0.70657	0.04109	0.08462	0.01035	0.00294	0.00396	0.01760	0.00582	0.00513
31	0.00956	0.00770	0.01044	0.00940	0.01112	0.00761	0.03543	0.01229	0.01676	0.02320	0.51219	0.04658	0.17907	0.01331	0.00883	0.00214	0.07049	0.01135	0.00637	0.00617
32	0.04774	0.02959	0.01838	0.01737	0.04967	0.69419	0.01263	0.02535	0.01794	0.01643	0.01005	0.01180	0.00836	0.00660	0.00579	0.00169	0.01128	0.00421	0.00334	0.00759
33	0.00910	0.00651	0.00877	0.00892	0.00963	0.00695	0.00628	0.01057	0.01100	0.01533	0.08196	0.12914	0.02585	0.27833	0.35463	0.00731	0.01072	0.00962	0.00425	0.00512
34	0.01635	0.08104	0.01774	0.01301	0.04157	0.04487	0.01029	0.13599	0.03506	0.02311	0.01192	0.01389	0.00980	0.00644	0.00733	0.00150	0.10536	0.00455	0.00408	0.41609

[dist]
# distance from previous block
# <min> <max>
0	2

[block]
# block no. 5 follows, 34 sequences, length 34
# corresponding to MSA columns:
# 305-338
name=unknown_F
#
# <colnr> <probs for GDERKNQSTAVLIFYWHMCP>
#	G	D	E	R	K	N	Q	S	T	A	V	L	I	F	Y	W	H	M	C	P
0	0.01499	0.05363	0.03347	0.01278	0.01552	0.10650	0.03643	0.11904	0.10726	0.02098	0.02017	0.13963	0.01956	0.09082	0.12744	0.00386	0.02819	0.03753	0.00475	0.00745
1	0.00784	0.00574	0.00737	0.00868	0.00929	0.00527	0.00586	0.00903	0.01268	0.01662	0.03948	0.67710	0.13185	0.01974	0.00817	0.00257	0.00369	0.01776	0.00600	0.00527
2	0.01724	0.01671	0.02942	0.04091	0.02804	0.01673	0.41748	0.17370	0.10993	0.02582	0.01521	0.01770	0.01131	0.00638	0.00708	0.00207	0.00899	0.00697	0.00441	0.04388
3	0.01082	0.00816	0.01156	0.03586	0.01347	0.00945	0.00882	0.07970	0.01241	0.01755	0.01694	0.02415	0.01540	0.04310	0.65047	0.00929	0.01602	0.00678	0.00373	0.00632
4	0.01483	0.01722	0.05818	0.01711	0.01990	0.14544	0.15207	0.01749	0.01342	0.01714	0.01895	0.02223	0.11853	0.01182	0.05241	0.00276	0.28266	0.00702	0.00352	0.00729
5	0.00875	0.00663	0.00809	0.00783	0.00956	0.00597	0.00595	0.01136	0.01703	0.02301	0.49222	0.05374	0.26370	0.01440	0.00769	0.00212	0.00326	0.04608	0.00672	0.00589
6	0.01344	0.10464	0.63168	0.01762	0.02626	0.01629	0.02210	0.02009	0.01339	0.01968	0.01117	0.01335	0.00821	0.00636	0.00677	0.00202	0.05020	0.00469	0.00274	0.00929
7	0.01766	0.10517	0.15916	0.02012	0.02658	0.04164	0.29674	0.19104	0.03504	0.02497	0.01316	0.01545	0.00982	0.00627	0.00660	0.00199	0.00916	0.00608	0.00398	0.00937
8	0.01542	0.01577	0.02985	0.09371	0.43121	0.01562	0.26174	0.01986	0.01476	0.02059	0.01242	0.01660	0.00995	0.00571	0.00683	0.00203	0.00888	0.00641	0.00320	0.00945
9	0.00932	0.00623	0.00707	0.00714	0.00716	0.00621	0.00402	0.00938	0.00954	0.01273	0.02112	0.07852	0.02445	0.73537	0.03166	0.00608	0.00614	0.00984	0.00402	0.00398
10	0.01666	0.53478	0.12256	0.01313	0.01830	0.06267	0.01322	0.01932	0.01303	0.01597	0.00931	0.01138	0.00831	0.00646	0.00685	0.00168	0.11138	0.00397	0.00280	0.00824
11	0.01611	0.05624	0.03104	0.15207	0.10347	0.01686	0.39346	0.10905	0.01664	0.02231	0.01281	0.01663	0.00972	0.00596	0.00697	0.00208	0.00948	0.00666	0.00358	0.00887
12	0.00889	0.00651	0.00834	0.00806	0.00954	0.00596	0.00598	0.01164	0.01744	0.02430	0.60695	0.11346	0.12055	0.01412	0.00768	0.00210	0.00313	0.01246	0.00691	0.00596
13	0.00818	0.00580	0.00764	0.00899	0.00940	0.00548	0.00607	0.00931	0.01224	0.01629	0.03404	0.65421	0.04051	0.09326	0.01069	0.00300	0.00413	0.05979	0.00579	0.00516
14	0.02358	0.01876	0.01929	0.07155	0.02189	0.08611	0.01273	0.59551	0.02795	0.03660	0.01470	0.01529	0.01056	0.00756	0.00641	0.00193	0.00764	0.00566	0.00590	0.01038
15	0.02237	0.05607	0.06172	0.01648	0.02208	0.01956	0.10321	0.55003	0.02666	0.03577	0.01466	0.01541	0.01055	0.00726	0.00648	0.00195	0.00772	0.00588	0.00566	0.01048
16	0.01525	0.01743	0.03813	0.02723	0.03377	0.01634	0.70915	0.02070	0.01525	0.02070	0.01307	0.01743	0.00980	0.00545	0.00763	0.00218	0.01089	0.00763	0.00327	0.00871
17	0.00914	0.00660	0.00864	0.00813	0.00965	0.00610	0.00610	0.01219	0.01829	0.02591	0.72921	0.04827	0.06097	0.01321	0.00762	0.00203	0.00305	0.01169	0.00711	0.00610
18	0.01489	0.01996	0.14922	0.02584	0.03285	0.01613	0.60060	0.02066	0.01500	0.02066	0.01284	0.01683	0.00955	0.00556	0.00739	0.00216	0.01068	0.00717	0.00318	0.00885
19	0.78447	0.01274	0.00992	0.00877	0.01282	0.01473	0.00722	0.04871	0.01183	0.02949	0.00928	0.01071	0.00717	0.00607	0.00410	0.00200	0.00509	0.00360	0.00410	0.00717
20	0.81856	0.01250	0.00950	0.00850	0.01250	0.01449	0.00700	0.01899	0.01100	0.02899	0.00900	0.01050	0.00700	0.00600	0.00400	0.00200	0.00500	0.00350	0.00400	0.00700
21	0.00804	0.00656	0.00710	0.00697	0.00897	0.00563	0.00523	0.01005	0.01568	0.01971	0.24213	0.05848	0.55191	0.01552	0.00763	0.00214	0.00321	0.01312	0.00630	0.00563
22	0.01220	0.01148	0.01938	0.75739	0.04450	0.01436	0.01794	0.01651	0.01292	0.01651	0.01148	0.01723	0.00861	0.00646	0.00646	0.00215	0.00861	0.00574	0.00287	0.00718
23	0.00778	0.00655	0.00675	0.00670	0.00882	0.00552	0.00502	0.00956	0.01507	0.01828	0.12998	0.06083	0.66496	0.01606	0.00763	0.00217	0.00325	0.01345	0.00611	0.00552
24	0.00940	0.00626	0.00705	0.00705	0.00705	0.00626	0.00392	0.00940	0.00940	0.01253	0.02036	0.04228	0.02349	0.77292	0.03289	0.00626	0.00626	0.00940	0.00392	0.00392
25	0.01239	0.00768	0.00992	0.00893	0.01102	0.00716	0.00683	0.04805	0.01860	0.11837	0.56958	0.07878	0.05184	0.01262	0.00745	0.00205	0.00360	0.01106	0.00714	0.00692
26	0.01727	0.77681	0.03386	0.01106	0.01658	0.02557	0.01106	0.01935	0.01313	0.01520	0.00898	0.01036	0.00829	0.00553	0.00415	0.00138	0.00691	0.00345	0.00276	0.00829
27	0.01355	0.02931	0.55906	0.02068	0.02946	0.01535	0.20013	0.02052	0.01406	0.02052	0.01198	0.01462	0.00860	0.00596	0.00652	0.00208	0.00989	0.00551	0.00287	0.00933
28	0.01122	0.00561	0.00842	0.00842	0.00842	0.00561	0.00561	0.00842	0.00842	0.01122	0.01122	0.01964	0.01122	0.02245	0.02525	0.81201	0.00561	0.00561	0.00281	0.00281
29	0.45357	0.31227	0.01937	0.00979	0.01437	0.01894	0.00879	0.02010	0.05678	0.02346	0.01009	0.01131	0.00831	0.00599	0.00422	0.00177	0.00576	0.00372	0.00368	0.00771
30	0.01509	0.01556	0.02056	0.18293	0.13634	0.09716	0.01569	0.01755	0.01224	0.01667	0.00988	0.01484	0.00877	0.00886	0.01396	0.00241	0.39538	0.00553	0.00295	0.00764
31	0.11780	0.01162	0.01289	0.00943	0.01495	0.00938	0.00757	0.01662	0.01309	0.02208	0.01116	0.01302	0.00924	0.00494	0.00468	0.00109	0.00481	0.00379	0.00385	0.70799
32	0.04622	0.02161	0.01869	0.05117	0.08015	0.36274	0.03856	0.03779	0.05614	0.03439	0.01503	0.01710	0.05557	0.00804	0.00854	0.00200	0.12904	0.00559	0.00377	0.00785
33	0.04128	0.02236	0.25579	0.08396	0.23027	0.08520	0.03501	0.07570	0.01570	0.05094	0.01233	0.01492	0.00938	0.00646	0.00672	0.00200	0.03385	0.00529	0.00350	0.00935

[dist]
# distance from previous block
# <min> <max>
0	31

[block]
# block no. 6 follows, 34 sequences, length 41
# corresponding to MSA columns:
# 370-410
name=unknown_G
#
# <colnr> <probs for GDERKNQSTAVLIFYWHMCP>
#	G	D	E	R	K	N	Q	S	T	A	V	L	I	F	Y	W	H	M	C	P
0	0.01731	0.13141	0.06791	0.01463	0.05470	0.06324	0.05940	0.13634	0.05823	0.08912	0.09434	0.02424	0.09863	0.00863	0.00680	0.00192	0.03000	0.00699	0.00503	0.03111
1	0.07634	0.26087	0.04586	0.05297	0.07070	0.01879	0.01186	0.20340	0.05055	0.04453	0.01316	0.01540	0.01067	0.04608	0.00680	0.00196	0.00678	0.00501	0.00431	0.05396
2	0.14585	0.11406	0.01963	0.01727	0.13792	0.07943	0.04002	0.12771	0.01631	0.02367	0.05362	0.08577	0.01512	0.00829	0.00699	0.00196	0.06126	0.00648	0.00428	0.03436
3	0.01518	0.01462	0.02304	0.04660	0.41367	0.04058	0.09489	0.04255	0.05103	0.02181	0.07081	0.02208	0.06645	0.00728	0.00664	0.00195	0.00728	0.00693	0.00401	0.04261
4	0.01194	0.01015	0.01550	0.35341	0.02743	0.01137	0.03314	0.01518	0.01372	0.04252	0.09970	0.09674	0.07989	0.00966	0.00777	0.00211	0.06100	0.00823	0.02740	0.07315
5	0.09672	0.01868	0.02453	0.04424	0.18088	0.16773	0.19121	0.06052	0.01544	0.02095	0.01132	0.01468	0.00918	0.00676	0.00833	0.00207	0.10915	0.00567	0.00345	0.00850
6	0.00827	0.00583	0.00757	0.00882	0.00919	0.00554	0.00587	0.00930	0.01199	0.01596	0.03292	0.60735	0.03914	0.14920	0.01251	0.00327	0.00430	0.05229	0.00564	0.00506
7	0.02415	0.03029	0.01835	0.01657	0.01998	0.71780	0.01248	0.05331	0.01880	0.01681	0.01021	0.01181	0.00843	0.00670	0.00585	0.00168	0.01147	0.00423	0.00346	0.00763
8	0.00908	0.00647	0.00826	0.00903	0.01029	0.00597	0.00679	0.01100	0.01436	0.03765	0.13840	0.35913	0.18531	0.01764	0.00813	0.00251	0.00405	0.15404	0.00620	0.00571
9	0.00940	0.00626	0.00705	0.00705	0.00705	0.00626	0.00392	0.00940	0.00940	0.01253	0.02036	0.04228	0.02349	0.77292	0.03289	0.00626	0.00626	0.00940	0.00392	0.00392
10	0.01740	0.09138	0.02486	0.04011	0.02320	0.16211	0.23227	0.08920	0.09228	0.02171	0.06972	0.01866	0.01467	0.00860	0.03210	0.00227	0.04040	0.00648	0.00417	0.00840
11	0.81856	0.01250	0.00950	0.00850	0.01250	0.01449	0.00700	0.01899	0.01100	0.02899	0.00900	0.01050	0.00700	0.00600	0.00400	0.00200	0.00500	0.00350	0.00400	0.00700
12	0.01599	0.01535	0.02623	0.03966	0.73262	0.01535	0.01983	0.01983	0.01471	0.02111	0.01215	0.01599	0.01023	0.00576	0.00640	0.00192	0.00768	0.00576	0.00320	0.01023
13	0.01204	0.00805	0.00959	0.00845	0.01122	0.00697	0.00645	0.01479	0.03677	0.11399	0.23909	0.08294	0.25290	0.03751	0.00789	0.00209	0.00391	0.01060	0.00620	0.12857
14	0.01817	0.01266	0.01347	0.01164	0.01525	0.05416	0.00915	0.06726	0.30577	0.19119	0.10725	0.03008	0.11592	0.00990	0.00676	0.00208	0.00522	0.00817	0.00670	0.00921
15	0.01660	0.66099	0.14379	0.01220	0.01836	0.02392	0.01305	0.01952	0.01321	0.01602	0.00939	0.01088	0.00828	0.00562	0.00446	0.00149	0.00732	0.00366	0.00276	0.00849
16	0.77896	0.01242	0.00977	0.00865	0.01270	0.01424	0.00712	0.01962	0.01137	0.06451	0.00982	0.01107	0.00745	0.00610	0.00412	0.00200	0.00502	0.00365	0.00420	0.00720
17	0.01377	0.17225	0.60767	0.01704	0.02584	0.01698	0.02148	0.02025	0.01355	0.01948	0.01111	0.01303	0.00820	0.00602	0.00577	0.00192	0.00906	0.00453	0.00273	0.00931
18	0.01599	0.01535	0.02623	0.03966	0.73262	0.01535	0.01983	0.01983	0.01471	0.02111	0.01215	0.01599	0.01023	0.00576	0.00640	0.00192	0.00768	0.00576	0.00320	0.01023
19	0.00787	0.00562	0.00750	0.00900	0.00937	0.00525	0.00600	0.00900	0.01237	0.01649	0.03561	0.76871	0.04274	0.02024	0.00825	0.00262	0.00375	0.01837	0.00600	0.00525
20	0.02422	0.00960	0.01247	0.00996	0.01397	0.00852	0.00810	0.02687	0.01710	0.53656	0.02425	0.02258	0.01615	0.00787	0.00594	0.00186	0.00480	0.00636	0.23322	0.00960
21	0.00936	0.00668	0.00849	0.08348	0.01146	0.00693	0.00590	0.01010	0.01041	0.01384	0.02257	0.19167	0.02580	0.51498	0.04718	0.00521	0.00632	0.01083	0.00423	0.00458
22	0.02899	0.01100	0.01499	0.01150	0.01649	0.00950	0.00950	0.03149	0.01849	0.73709	0.02549	0.02199	0.01599	0.00800	0.00650	0.00200	0.00550	0.00650	0.00800	0.01100
23	0.02414	0.03079	0.01831	0.01665	0.01998	0.74698	0.01248	0.02580	0.01831	0.01581	0.00999	0.01165	0.00832	0.00666	0.00583	0.00166	0.01165	0.00416	0.00333	0.00749
24	0.00786	0.00568	0.00744	0.00884	0.00933	0.00526	0.00593	0.00901	0.01252	0.01656	0.03756	0.72255	0.08763	0.01999	0.00821	0.00260	0.00372	0.01806	0.00600	0.00526
25	0.01678	0.47059	0.22786	0.01375	0.02012	0.09953	0.01475	0.02074	0.03218	0.01704	0.01027	0.01177	0.00856	0.00590	0.00494	0.00162	0.00810	0.00400	0.00291	0.00861
26	0.02339	0.05190	0.01885	0.01650	0.01971	0.68635	0.01253	0.02506	0.01770	0.01578	0.00988	0.01175	0.00833	0.00688	0.00661	0.00172	0.05207	0.00422	0.00329	0.00749
27	0.02836	0.01200	0.01562	0.01197	0.01699	0.01099	0.00989	0.12750	0.02017	0.63871	0.02408	0.02108	0.01529	0.00796	0.00649	0.00199	0.00573	0.00640	0.00778	0.01100
28	0.00871	0.00699	0.00786	0.00779	0.00977	0.00634	0.00595	0.01171	0.05302	0.02046	0.24751	0.07353	0.43769	0.01527	0.00768	0.00221	0.00351	0.06174	0.00634	0.00592
29	0.01576	0.01600	0.05570	0.05813	0.68476	0.01531	0.01995	0.01977	0.01462	0.02096	0.01211	0.01593	0.01011	0.00579	0.00639	0.00193	0.00778	0.00572	0.00317	0.01012
30	0.00894	0.00670	0.00842	0.00954	0.01034	0.00665	0.00655	0.01229	0.10442	0.01786	0.03440	0.67198	0.03975	0.01875	0.00803	0.00257	0.00393	0.01693	0.00607	0.00589
31	0.00963	0.00618	0.00723	0.00723	0.00723	0.00618	0.00414	0.00927	0.00927	0.01236	0.01917	0.03934	0.02190	0.67543	0.03190	0.11093	0.00618	0.00890	0.00377	0.00377
32	0.01919	0.10098	0.11709	0.01796	0.02292	0.32005	0.14747	0.04700	0.08431	0.01920	0.01239	0.01430	0.00978	0.00664	0.00665	0.00188	0.03491	0.00524	0.00358	0.00844
33	0.01653	0.01528	0.02225	0.05825	0.45149	0.04524	0.01660	0.02348	0.17855	0.04538	0.01558	0.01785	0.01240	0.00687	0.00716	0.00203	0.04500	0.00607	0.00411	0.00987
34	0.02843	0.01189	0.01555	0.01192	0.01694	0.01083	0.00985	0.11731	0.01999	0.64915	0.02423	0.02117	0.01536	0.00797	0.00649	0.00199	0.00570	0.00641	0.00780	0.01100
35	0.01387	0.01343	0.02138	0.16509	0.18006	0.01629	0.06148	0.01679	0.01239	0.01768	0.01277	0.02130	0.01188	0.00943	0.01297	0.00247	0.32469	0.07498	0.00326	0.00778
36	0.01490	0.15453	0.46029	0.02005	0.11790	0.04673	0.03955	0.03850	0.01437	0.02001	0.01131	0.01347	0.00860	0.00603	0.00588	0.00190	0.00892	0.00476	0.00293	0.00936
37	0.01438	0.02972	0.57000	0.01998	0.05295	0.03933	0.11179	0.02109	0.01424	0.04913	0.01231	0.01449	0.00879	0.00613	0.00634	0.00204	0.00956	0.00523	0.00305	0.00945
38	0.01254	0.00882	0.01076	0.01015	0.01229	0.00902	0.00787	0.13649	0.01642	0.05948	0.07556	0.17906	0.15999	0.04180	0.16798	0.00415	0.00749	0.06769	0.00565	0.00680
39	0.01418	0.01196	0.04164	0.15925	0.08620	0.01162	0.10819	0.05267	0.04391	0.09223	0.07024	0.11368	0.08642	0.01046	0.00721	0.00223	0.00671	0.06836	0.00498	0.00788
40	0.01496	0.01548	0.04953	0.27004	0.41987	0.04549	0.05363	0.01907	0.01427	0.01935	0.01187	0.01620	0.00954	0.00602	0.00645	0.00200	0.00837	0.00574	0.00308	0.00903

[dist]
# distance from previous block
# <min> <max>
1	29

[block]
# block no. 7 follows, 34 sequences, length 24
# corresponding to MSA columns:
# 440-463
name=unknown_H
#
# <colnr> <probs for GDERKNQSTAVLIFYWHMCP>
#	G	D	E	R	K	N	Q	S	T	A	V	L	I	F	Y	W	H	M	C	P
0	0.08292	0.06138	0.15368	0.01548	0.05732	0.07603	0.01367	0.22604	0.07864	0.11493	0.01523	0.01562	0.01103	0.00698	0.00597	0.00189	0.00732	0.00529	0.00502	0.04554
1	0.01919	0.16229	0.18346	0.03235	0.04296	0.16125	0.07719	0.11215	0.04977	0.08030	0.01327	0.01454	0.00998	0.00655	0.00595	0.00185	0.00867	0.00511	0.00401	0.00914
2	0.01670	0.09873	0.21638	0.01799	0.06678	0.09057	0.11146	0.07414	0.09720	0.03878	0.01371	0.01529	0.01044	0.00633	0.00606	0.00183	0.00824	0.00534	0.00387	0.10016
3	0.04195	0.05275	0.25412	0.01893	0.13538	0.06660	0.05619	0.05507	0.04145	0.02208	0.09630	0.02089	0.05464	0.00751	0.00630	0.00193	0.00760	0.00632	0.00399	0.04999
4	0.02174	0.20681	0.04985	0.01549	0.02070	0.16120	0.10200	0.19150	0.01945	0.13066	0.01387	0.01464	0.01030	0.00667	0.00591	0.00179	0.00828	0.00521	0.00463	0.00930
5	0.08341	0.01850	0.01927	0.16873	0.20670	0.22528	0.01459	0.08686	0.03526	0.02111	0.01307	0.05432	0.01113	0.00721	0.00616	0.00195	0.00846	0.00582	0.00379	0.00838
