[name]
unknown

[dist]
# distance from previous block
# <min> <max>
0	29

[block]
# block no. 0 follows, 33 sequences, length 14
# corresponding to MSA columns:
# 29-42
name=unknown_A
#
# <colnr> <probs for GDERKNQSTAVLIFYWHMCP>
#	G	D	E	R	K	N	Q	S	T	A	V	L	I	F	Y	W	H	M	C	P
0	0.20230	0.00881	0.01039	0.01130	0.01342	0.00929	0.00978	0.01500	0.01421	0.02204	0.02874	0.05911	0.03056	0.01531	0.00790	0.00279	0.00583	0.52131	0.00559	0.00632
1	0.01999	0.01116	0.01400	0.01047	0.01572	0.00898	0.00848	0.02277	0.01615	0.31837	0.06563	0.01970	0.01601	0.00682	0.00580	0.00149	0.00506	0.00557	0.00590	0.42194
2	0.01098	0.00914	0.01222	0.01431	0.14144	0.00887	0.00893	0.01555	0.09192	0.02357	0.36223	0.04392	0.20653	0.01235	0.00743	0.00210	0.00425	0.01080	0.00619	0.00728
3	0.00808	0.00663	0.00715	0.00735	0.00929	0.00570	0.00552	0.00988	0.01505	0.01847	0.11358	0.13510	0.56509	0.01691	0.00791	0.00230	0.00351	0.05066	0.00620	0.00561
4	0.01543	0.01476	0.02516	0.19993	0.57481	0.01541	0.01977	0.01945	0.01458	0.02046	0.01223	0.01658	0.01006	0.00603	0.00653	0.00201	0.00803	0.00586	0.00318	0.00973
5	0.00783	0.00647	0.00687	0.00719	0.00903	0.00551	0.00523	0.00939	0.01450	0.01758	0.06031	0.21039	0.58199	0.01750	0.00791	0.00232	0.00344	0.01491	0.00611	0.00551
6	0.01736	0.01657	0.02581	0.03735	0.63977	0.04887	0.01926	0.07459	0.01642	0.02284	0.01255	0.01606	0.01040	0.00607	0.00650	0.00195	0.00796	0.00580	0.00353	0.01036
7	0.01608	0.01556	0.02411	0.22990	0.47514	0.05550	0.01895	0.04855	0.01537	0.02079	0.01222	0.01637	0.00991	0.00619	0.00651	0.00201	0.00828	0.00577	0.00332	0.00947
8	0.01544	0.01213	0.01505	0.12630	0.02048	0.01106	0.01005	0.11088	0.01614	0.06177	0.01495	0.07352	0.01278	0.00696	0.00574	0.00149	0.00576	0.00578	0.00452	0.46919
9	0.01599	0.04826	0.02472	0.25709	0.37579	0.06493	0.05380	0.04478	0.01522	0.02014	0.01206	0.01620	0.00970	0.00620	0.00647	0.00200	0.00850	0.00575	0.00327	0.00914
10	0.13326	0.13809	0.20177	0.01613	0.08149	0.13778	0.01444	0.02139	0.01462	0.07127	0.01249	0.03479	0.01009	0.00661	0.00556	0.00181	0.00793	0.00488	0.00370	0.08190
11	0.05164	0.03719	0.04881	0.01174	0.01720	0.03066	0.00994	0.16239	0.04312	0.08319	0.01480	0.03824	0.01176	0.00659	0.00558	0.00149	0.00588	0.00516	0.00488	0.40973
12	0.13832	0.03854	0.28576	0.03582	0.10983	0.07562	0.01640	0.06774	0.01548	0.02351	0.05894	0.01601	0.01233	0.00670	0.00590	0.00192	0.00787	0.00520	0.00375	0.07436
13	0.05240	0.08395	0.18438	0.05574	0.08711	0.06876	0.05375	0.09487	0.08808	0.05063	0.01690	0.01827	0.04949	0.00734	0.00659	0.00198	0.02649	0.00587	0.00422	0.04318

[dist]
# distance from previous block
# <min> <max>
2	7

[block]
# block no. 1 follows, 33 sequences, length 16
# corresponding to MSA columns:
# 50-65
name=unknown_B
#
# <colnr> <probs for GDERKNQSTAVLIFYWHMCP>
#	G	D	E	R	K	N	Q	S	T	A	V	L	I	F	Y	W	H	M	C	P
0	0.11710	0.15566	0.17589	0.01410	0.03057	0.09540	0.03917	0.03958	0.05714	0.06147	0.07080	0.01790	0.02951	0.00717	0.00576	0.00185	0.00735	0.00549	0.00419	0.06390
1	0.10258	0.02654	0.41153	0.01755	0.02480	0.07285	0.08007	0.05001	0.01501	0.07820	0.01264	0.01452	0.00913	0.00673	0.00703	0.00210	0.05070	0.00517	0.00360	0.00924
2	0.04803	0.01299	0.01507	0.01128	0.01646	0.03694	0.04374	0.09062	0.01579	0.02364	0.05212	0.01710	0.01327	0.03728	0.00655	0.00150	0.00567	0.00499	0.00434	0.54262
3	0.01639	0.01548	0.02598	0.11771	0.44452	0.03361	0.11676	0.02099	0.04170	0.05032	0.01346	0.01700	0.01070	0.00610	0.00663	0.00199	0.00819	0.00611	0.00359	0.04275
4	0.01428	0.01111	0.01347	0.03713	0.04487	0.01070	0.00913	0.10481	0.11040	0.04788	0.06083	0.22444	0.02373	0.01082	0.00665	0.00192	0.00511	0.00939	0.00550	0.24786
5	0.01599	0.01525	0.02557	0.09531	0.63740	0.01560	0.01955	0.02069	0.05063	0.02145	0.01307	0.01682	0.01079	0.00608	0.00653	0.00199	0.00776	0.00595	0.00341	0.01018
6	0.01456	0.01387	0.02359	0.35981	0.42170	0.01519	0.01934	0.01869	0.01417	0.01941	0.01208	0.01686	0.00969	0.00619	0.00655	0.00206	0.00825	0.00586	0.00311	0.00903
7	0.00853	0.00702	0.00769	0.00761	0.00983	0.00595	0.00574	0.01040	0.01484	0.01858	0.09546	0.14096	0.51015	0.01607	0.00769	0.00221	0.00365	0.05082	0.00600	0.07079
8	0.01409	0.01333	0.02227	0.44680	0.30947	0.01509	0.01872	0.01885	0.04147	0.01906	0.01256	0.01734	0.00986	0.00640	0.00656	0.00210	0.00826	0.00592	0.00320	0.00865
9	0.01074	0.00851	0.00917	0.00955	0.03578	0.04037	0.00671	0.03274	0.01558	0.05874	0.09873	0.21345	0.40411	0.01577	0.00769	0.00226	0.00422	0.01347	0.00610	0.00631
10	0.01671	0.01597	0.02559	0.06007	0.63493	0.03429	0.01930	0.04654	0.04210	0.02220	0.01298	0.01651	0.01072	0.00610	0.00651	0.00197	0.00783	0.00589	0.00351	0.01029
11	0.07599	0.01406	0.01618	0.04161	0.01881	0.03553	0.04225	0.05531	0.39584	0.19638	0.02330	0.02182	0.01673	0.00820	0.00651	0.00215	0.00596	0.00678	0.00647	0.01014
12	0.07702	0.01693	0.02387	0.03315	0.53509	0.08047	0.01766	0.07667	0.01644	0.04263	0.01260	0.01561	0.01023	0.00619	0.00629	0.00194	0.00787	0.00558	0.00373	0.01002
13	0.16480	0.01218	0.01282	0.03585	0.07495	0.07540	0.00916	0.03121	0.05816	0.05954	0.19734	0.10134	0.05400	0.01010	0.00644	0.00201	0.00540	0.00839	0.00539	0.07551
14	0.03569	0.01761	0.07091	0.04906	0.18883	0.09683	0.06268	0.13669	0.05630	0.07458	0.07660	0.02142	0.01641	0.00799	0.00721	0.00207	0.03305	0.03199	0.00478	0.00931
15	0.06478	0.28689	0.14146	0.07229	0.06192	0.06460	0.04951	0.09394	0.01611	0.04189	0.04094	0.01492	0.01131	0.00656	0.00561	0.00181	0.00787	0.00501	0.00372	0.00886

[dist]
# distance from previous block
# <min> <max>
2	21

[block]
# block no. 2 follows, 33 sequences, length 8
# corresponding to MSA columns:
# 87-94
name=unknown_C
#
# <colnr> <probs for GDERKNQSTAVLIFYWHMCP>
#	G	D	E	R	K	N	Q	S	T	A	V	L	I	F	Y	W	H	M	C	P
0	0.08340	0.01564	0.02387	0.13863	0.53332	0.05273	0.01844	0.01996	0.01460	0.02123	0.01190	0.01578	0.00981	0.00604	0.00629	0.00198	0.00794	0.00559	0.00329	0.00956
1	0.00859	0.00681	0.00827	0.04517	0.01143	0.00626	0.00660	0.01067	0.01510	0.01932	0.17957	0.21023	0.35880	0.01654	0.00796	0.00236	0.00390	0.07049	0.00616	0.00577
2	0.02139	0.04323	0.02090	0.02157	0.19440	0.23272	0.01423	0.24582	0.06040	0.02649	0.01457	0.01773	0.01182	0.00752	0.00643	0.00193	0.00859	0.03597	0.00469	0.00959
3	0.00797	0.00593	0.00743	0.00862	0.00940	0.00539	0.00587	0.00923	0.01313	0.01702	0.04294	0.61096	0.19262	0.01976	0.00827	0.00258	0.00371	0.01766	0.00611	0.00539
4	0.04672	0.01660	0.05389	0.08727	0.50742	0.03665	0.01841	0.07440	0.05336	0.02316	0.01316	0.01635	0.01061	0.00629	0.00642	0.00199	0.00780	0.00578	0.00369	0.01002
5	0.01653	0.01615	0.04832	0.07387	0.53801	0.01567	0.05436	0.07602	0.01612	0.02284	0.01262	0.01618	0.01028	0.00602	0.00650	0.00194	0.00790	0.00584	0.00353	0.05131
6	0.04782	0.01682	0.04529	0.09267	0.37742	0.04850	0.01676	0.16793	0.03583	0.02558	0.01315	0.01588	0.01038	0.00645	0.00633	0.00193	0.00769	0.00562	0.00409	0.05385
7	0.07182	0.17468	0.11849	0.03259	0.11217	0.07866	0.01363	0.06127	0.12517	0.08512	0.01531	0.01725	0.01209	0.04603	0.00723	0.00213	0.00739	0.00546	0.00436	0.00918

[dist]
# distance from previous block
# <min> <max>
0	17

[block]
# block no. 3 follows, 33 sequences, length 15
# corresponding to MSA columns:
# 112-126
name=unknown_D
#
# <colnr> <probs for GDERKNQSTAVLIFYWHMCP>
#	G	D	E	R	K	N	Q	S	T	A	V	L	I	F	Y	W	H	M	C	P
0	0.05772	0.13711	0.23134	0.01745	0.10666	0.08730	0.01553	0.04078	0.03998	0.07850	0.01295	0.01440	0.00990	0.00626	0.00570	0.00177	0.00783	0.00478	0.00380	0.12025
1	0.15791	0.04120	0.01820	0.04596	0.17277	0.01539	0.01225	0.22197	0.01911	0.06142	0.05593	0.03890	0.01417	0.00741	0.00600	0.00190	0.00638	0.00596	0.00497	0.09221
2	0.26045	0.04210	0.01797	0.01744	0.14207	0.07895	0.01202	0.24227	0.04515	0.06277	0.01338	0.01447	0.01008	0.00688	0.00569	0.00196	0.00694	0.00507	0.00492	0.00942
3	0.10616	0.01847	0.02008	0.05486	0.07796	0.18949	0.09562	0.11759	0.04551	0.18697	0.01573	0.01654	0.01130	0.00703	0.00632	0.00198	0.00826	0.00570	0.00507	0.00935
4	0.17611	0.05762	0.01538	0.01182	0.04540	0.01328	0.00915	0.13095	0.03870	0.02650	0.05516	0.01583	0.01290	0.00635	0.00526	0.00152	0.00546	0.00482	0.00458	0.36321
5	0.00930	0.00675	0.00900	0.01006	0.01126	0.00644	0.00793	0.01160	0.01485	0.01964	0.14823	0.29937	0.10190	0.01811	0.00854	0.00269	0.00461	0.29763	0.00627	0.00580
6	0.01629	0.01564	0.02672	0.04041	0.72757	0.01564	0.02020	0.02020	0.01499	0.02151	0.01238	0.01629	0.01043	0.00587	0.00652	0.00196	0.00782	0.00587	0.00326	0.01043
7	0.00828	0.00593	0.00787	0.00899	0.00961	0.00552	0.00613	0.00982	0.01382	0.01873	0.17453	0.62060	0.04727	0.01918	0.00827	0.00255	0.00368	0.01735	0.00634	0.00552
8	0.01629	0.01564	0.02672	0.04041	0.72757	0.01564	0.02020	0.02020	0.01499	0.02151	0.01238	0.01629	0.01043	0.00587	0.00652	0.00196	0.00782	0.00587	0.00326	0.01043
9	0.00796	0.00596	0.00740	0.00856	0.00939	0.00540	0.00584	0.00923	0.01318	0.01704	0.04363	0.59491	0.20823	0.01967	0.00825	0.00256	0.00370	0.01755	0.00611	0.00540
10	0.07168	0.02802	0.01831	0.01631	0.01972	0.58691	0.01246	0.09007	0.01887	0.01933	0.01056	0.01233	0.00867	0.00713	0.00681	0.00181	0.05495	0.00445	0.00371	0.00792
11	0.00935	0.00696	0.00898	0.05309	0.01216	0.00686	0.00703	0.05163	0.01382	0.01821	0.03557	0.58467	0.09735	0.05000	0.00918	0.00272	0.00438	0.01639	0.00586	0.00578
12	0.01687	0.01685	0.02496	0.07865	0.58486	0.08560	0.01889	0.02131	0.04930	0.02101	0.01283	0.01634	0.01061	0.00615	0.00647	0.00196	0.00814	0.00578	0.00342	0.00998
13	0.01738	0.01590	0.02339	0.08606	0.46642	0.05611	0.01735	0.07571	0.01621	0.04911	0.01281	0.01604	0.01036	0.00633	0.00688	0.00191	0.03350	0.00563	0.00374	0.07916
14	0.09010	0.09109	0.09358	0.13656	0.11890	0.11481	0.01484	0.15747	0.05178	0.02438	0.01268	0.01482	0.00980	0.00666	0.00595	0.00191	0.00805	0.00513	0.00406	0.03743

[dist]
# distance from previous block
# <min> <max>
0	23

[block]
# block no. 4 follows, 33 sequences, length 121
# corresponding to MSA columns:
# 150-270
name=unknown_E
#
# <colnr> <probs for GDERKNQSTAVLIFYWHMCP>
#	G	D	E	R	K	N	Q	S	T	A	V	L	I	F	Y	W	H	M	C	P
0	0.09155	0.01945	0.18808	0.02275	0.24677	0.01568	0.01659	0.15925	0.05523	0.05037	0.03229	0.01691	0.01206	0.00689	0.00621	0.00200	0.00739	0.00570	0.03496	0.00987
1	0.01940	0.04488	0.02187	0.02474	0.30916	0.09729	0.04784	0.06605	0.03914	0.14610	0.07908	0.01981	0.01611	0.00722	0.00651	0.00192	0.00739	0.00635	0.00481	0.03433
2	0.03275	0.01173	0.05928	0.01508	0.11764	0.01035	0.03691	0.01801	0.12014	0.04106	0.23294	0.07382	0.14194	0.01106	0.00710	0.00208	0.00511	0.00969	0.00569	0.04761
3	0.01433	0.01224	0.01510	0.04822	0.01697	0.01324	0.01029	0.08709	0.11948	0.02305	0.09692	0.06251	0.01929	0.01070	0.03557	0.00228	0.16309	0.00698	0.00482	0.23784
4	0.01596	0.01533	0.02596	0.08455	0.64983	0.01580	0.01980	0.01978	0.01464	0.02094	0.01216	0.01628	0.01024	0.00619	0.00725	0.00202	0.04414	0.00586	0.00322	0.01007
5	0.02301	0.01347	0.04989	0.01264	0.01745	0.01252	0.01060	0.03208	0.28988	0.39605	0.02506	0.02250	0.01714	0.00824	0.00657	0.00208	0.00562	0.00675	0.00716	0.04129
6	0.01365	0.01170	0.01365	0.00975	0.01560	0.00878	0.00780	0.01658	0.01365	0.02145	0.01170	0.01365	0.00975	0.00488	0.00488	0.00098	0.00488	0.00390	0.00390	0.80888
7	0.01349	0.01278	0.02166	0.55774	0.23216	0.01490	0.01881	0.01775	0.01366	0.01810	0.01189	0.01721	0.00923	0.00639	0.00656	0.00213	0.00851	0.00585	0.00302	0.00817
8	0.00840	0.00610	0.00741	0.00820	0.00889	0.00567	0.00542	0.00947	0.01263	0.01651	0.07158	0.43313	0.16527	0.19334	0.01409	0.00342	0.00429	0.01537	0.00567	0.00511
9	0.01243	0.01170	0.01975	0.75282	0.04534	0.01463	0.01828	0.01682	0.01316	0.01682	0.01170	0.01755	0.00878	0.00658	0.00658	0.00219	0.00878	0.00585	0.00293	0.00731
10	0.00836	0.00626	0.00777	0.00831	0.00948	0.00566	0.00588	0.01024	0.01502	0.01999	0.25546	0.38093	0.20758	0.01750	0.00806	0.00238	0.00349	0.01550	0.00646	0.00566
11	0.01629	0.01564	0.02672	0.04041	0.72757	0.01564	0.02020	0.02020	0.01499	0.02151	0.01238	0.01629	0.01043	0.00587	0.00652	0.00196	0.00782	0.00587	0.00326	0.01043
12	0.01442	0.01168	0.01373	0.00985	0.01566	0.00882	0.00789	0.01733	0.01390	0.05587	0.01239	0.01408	0.01007	0.00503	0.00496	0.00103	0.00491	0.00403	0.00411	0.77025
13	0.00885	0.00729	0.00801	0.00742	0.00992	0.00610	0.00562	0.01100	0.01568	0.02023	0.21278	0.05405	0.48443	0.01450	0.00743	0.00204	0.00347	0.01222	0.00611	0.10286
14	0.01243	0.01170	0.01975	0.75282	0.04534	0.01463	0.01828	0.01682	0.01316	0.01682	0.01170	0.01755	0.00878	0.00658	0.00658	0.00219	0.00878	0.00585	0.00293	0.00731
15	0.00871	0.00671	0.00796	0.00765	0.00946	0.00595	0.00574	0.01126	0.01721	0.02302	0.46606	0.05474	0.32227	0.01472	0.00777	0.00213	0.00320	0.01269	0.00680	0.00595
16	0.01365	0.01170	0.01365	0.00975	0.01560	0.00878	0.00780	0.01658	0.01365	0.02145	0.01170	0.01365	0.00975	0.00488	0.00488	0.00098	0.00488	0.00390	0.00390	0.80888
17	0.81514	0.01273	0.00968	0.00866	0.01273	0.01477	0.00713	0.01935	0.01120	0.02954	0.00917	0.01069	0.00713	0.00611	0.00407	0.00204	0.00509	0.00356	0.00407	0.00713
18	0.01348	0.07976	0.69121	0.01830	0.02778	0.01595	0.02352	0.02078	0.01387	0.02052	0.01165	0.01369	0.00835	0.00622	0.00613	0.00204	0.00956	0.00478	0.00278	0.00965
19	0.72083	0.01255	0.01035	0.00902	0.01322	0.01416	0.00744	0.02088	0.01212	0.11389	0.01118	0.01210	0.00823	0.00636	0.00438	0.00204	0.00515	0.00393	0.00456	0.00762
20	0.00940	0.00705	0.01058	0.01058	0.01176	0.00823	0.00823	0.01176	0.01058	0.01528	0.01763	0.02586	0.01646	0.04937	0.74255	0.01058	0.01763	0.00705	0.00353	0.00588
21	0.01760	0.77260	0.03450	0.01126	0.01690	0.02605	0.01126	0.01971	0.01338	0.01549	0.00915	0.01056	0.00845	0.00563	0.00422	0.00141	0.00704	0.00352	0.00282	0.00845
22	0.02503	0.01844	0.01976	0.01515	0.02042	0.02042	0.01251	0.70562	0.03095	0.04149	0.01581	0.01581	0.01120	0.00790	0.00659	0.00198	0.00724	0.00593	0.00659	0.01120
23	0.01320	0.03405	0.73453	0.01876	0.02849	0.01529	0.02432	0.02085	0.01390	0.02085	0.01181	0.01390	0.00834	0.00625	0.00625	0.00208	0.00973	0.00486	0.00278	0.00973
24	0.02896	0.04808	0.01621	0.01169	0.01681	0.01047	0.00975	0.03148	0.01858	0.69743	0.02516	0.02183	0.01592	0.00803	0.00650	0.00201	0.00567	0.00647	0.00789	0.01107
25	0.02503	0.01844	0.01976	0.01515	0.02042	0.02042	0.01251	0.70562	0.03095	0.04149	0.01581	0.01581	0.01120	0.00790	0.00659	0.00198	0.00724	0.00593	0.00659	0.01120
26	0.01760	0.77260	0.03450	0.01126	0.01690	0.02605	0.01126	0.01971	0.01338	0.01549	0.00915	0.01056	0.00845	0.00563	0.00422	0.00141	0.00704	0.00352	0.00282	0.00845
27	0.00827	0.00665	0.00737	0.00727	0.00921	0.00575	0.00542	0.01036	0.01604	0.02041	0.26913	0.08601	0.49334	0.01583	0.00780	0.00219	0.00328	0.01346	0.00646	0.00575
28	0.01320	0.03405	0.73453	0.01876	0.02849	0.01529	0.02432	0.02085	0.01390	0.02085	0.01181	0.01390	0.00834	0.00625	0.00625	0.00208	0.00973	0.00486	0.00278	0.00973
29	0.01734	0.68113	0.05723	0.01171	0.01732	0.02484	0.01165	0.02107	0.07422	0.01672	0.01077	0.01189	0.00945	0.00594	0.00451	0.00150	0.00698	0.00391	0.00315	0.00866
30	0.01760	0.77260	0.03450	0.01126	0.01690	0.02605	0.01126	0.01971	0.01338	0.01549	0.00915	0.01056	0.00845	0.00563	0.00422	0.00141	0.00704	0.00352	0.00282	0.00845
31	0.01365	0.01170	0.01365	0.00975	0.01560	0.00878	0.00780	0.01658	0.01365	0.02145	0.01170	0.01365	0.00975	0.00488	0.00488	0.00098	0.00488	0.00390	0.00390	0.80888
32	0.00802	0.00573	0.00764	0.00917	0.00955	0.00535	0.00611	0.00917	0.01260	0.01681	0.03628	0.76434	0.04354	0.02062	0.00840	0.00267	0.00382	0.01872	0.00611	0.00535
33	0.00835	0.00682	0.00746	0.00768	0.00974	0.00593	0.00601	0.01034	0.01528	0.01868	0.10586	0.06419	0.56699	0.01670	0.00800	0.00235	0.00377	0.12399	0.00618	0.00568
34	0.01320	0.03405	0.73453	0.01876	0.02849	0.01529	0.02432	0.02085	0.01390	0.02085	0.01181	0.01390	0.00834	0.00625	0.00625	0.00208	0.00973	0.00486	0.00278	0.00973
35	0.01738	0.08912	0.39430	0.01659	0.02403	0.03585	0.01839	0.20858	0.08663	0.02655	0.01409	0.01512	0.01027	0.00692	0.00621	0.00200	0.00845	0.00528	0.00421	0.01004
36	0.77615	0.01266	0.00995	0.00881	0.01293	0.01452	0.00726	0.01998	0.01158	0.06441	0.01000	0.01128	0.00758	0.00621	0.00420	0.00204	0.00512	0.00372	0.00428	0.00733
37	0.00794	0.00668	0.00689	0.00683	0.00899	0.00562	0.00513	0.00975	0.01538	0.01866	0.13372	0.06191	0.65732	0.01634	0.00778	0.00221	0.00331	0.01369	0.00623	0.00562
38	0.00823	0.00669	0.00729	0.00714	0.00917	0.00575	0.00535	0.01032	0.01606	0.02030	0.25857	0.05922	0.53145	0.01573	0.00778	0.00218	0.00327	0.01331	0.00644	0.00575
39	0.00818	0.00585	0.00783	0.00935	0.00981	0.00549	0.00639	0.00945	0.01277	0.01699	0.03619	0.72080	0.04318	0.02047	0.00845	0.00270	0.00396	0.06064	0.00611	0.00539
40	0.01243	0.01170	0.01975	0.75282	0.04534	0.01463	0.01828	0.01682	0.01316	0.01682	0.01170	0.01755	0.00878	0.00658	0.00658	0.00219	0.00878	0.00585	0.00293	0.00731
41	0.00905	0.00672	0.00843	0.00800	0.00967	0.00610	0.00600	0.01190	0.01800	0.02489	0.60925	0.05165	0.17791	0.01402	0.00777	0.00210	0.00315	0.01225	0.00705	0.00610
42	0.00909	0.00737	0.01165	0.01145	0.01277	0.00688	0.09339	0.01096	0.01342	0.01793	0.06776	0.59095	0.06422	0.01818	0.00829	0.00258	0.00474	0.03670	0.00582	0.00586
43	0.01444	0.01217	0.01408	0.01013	0.01594	0.00959	0.00813	0.06464	0.01486	0.02285	0.01199	0.01380	0.00985	0.00509	0.00499	0.00104	0.00504	0.00404	0.00409	0.75324
44	0.01740	0.72476	0.03359	0.01164	0.01692	0.02568	0.01146	0.01947	0.01317	0.01551	0.00912	0.01080	0.00846	0.00600	0.00532	0.00150	0.05433	0.00366	0.00282	0.00837
45	0.01033	0.00742	0.00867	0.00863	0.01059	0.00689	0.00644	0.01370	0.07603	0.06508	0.17034	0.21953	0.31673	0.01587	0.00780	0.00232	0.00381	0.03691	0.00649	0.00642
46	0.01630	0.01727	0.03497	0.09362	0.03388	0.01688	0.56390	0.09615	0.01702	0.02294	0.01344	0.01752	0.01001	0.00590	0.00753	0.00219	0.01046	0.00739	0.00365	0.00899
47	0.01908	0.01018	0.01270	0.01092	0.01426	0.00983	0.00855	0.06667	0.12223	0.30384	0.17334	0.14449	0.05210	0.01155	0.00718	0.00217	0.00478	0.00990	0.00727	0.00897
48	0.01391	0.15309	0.62170	0.01755	0.02662	0.01702	0.02222	0.02067	0.01381	0.01998	0.01139	0.01336	0.00836	0.00615	0.00593	0.00198	0.00930	0.00465	0.00279	0.00952
49	0.00957	0.00638	0.00718	0.00718	0.00718	0.00638	0.00399	0.00957	0.00957	0.01276	0.02074	0.04308	0.02393	0.76864	0.03351	0.00638	0.00638	0.00957	0.00399	0.00399
50	0.00892	0.00671	0.00825	0.00786	0.00959	0.00604	0.00590	0.01165	0.01769	0.02416	0.55319	0.05286	0.23442	0.01429	0.00777	0.00211	0.00317	0.01242	0.00695	0.00604
51	0.01605	0.01540	0.02629	0.08450	0.68535	0.01558	0.02009	0.01999	0.01488	0.02122	0.01234	0.01637	0.01033	0.00591	0.00652	0.00197	0.00788	0.00586	0.00324	0.01024
52	0.02387	0.02885	0.01888	0.01681	0.02013	0.61784	0.01283	0.09169	0.01921	0.01856	0.01061	0.01244	0.00876	0.00725	0.00717	0.00181	0.06716	0.00452	0.00366	0.00795
53	0.02232	0.01583	0.01687	0.01324	0.01771	0.01739	0.01084	0.55929	0.02732	0.03790	0.01701	0.01766	0.01240	0.00785	0.00617	0.00188	0.00636	0.00597	0.17587	0.01012
54	0.00808	0.00676	0.00706	0.00719	0.00921	0.00584	0.00531	0.01017	0.03332	0.01816	0.08031	0.14609	0.60602	0.01685	0.00783	0.00227	0.00344	0.01425	0.00616	0.00568
55	0.01384	0.14011	0.63401	0.01769	0.02683	0.01683	0.02245	0.02069	0.01382	0.02008	0.01143	0.01342	0.00836	0.00617	0.00596	0.00199	0.00934	0.00467	0.00279	0.00955
56	0.02487	0.01754	0.01906	0.01474	0.01989	0.01923	0.01214	0.60497	0.07311	0.10043	0.01738	0.01693	0.01220	0.00799	0.00660	0.00200	0.00697	0.00608	0.00673	0.01115
57	0.81514	0.01273	0.00968	0.00866	0.01273	0.01477	0.00713	0.01935	0.01120	0.02954	0.00917	0.01069	0.00713	0.00611	0.00407	0.00204	0.00509	0.00356	0.00407	0.00713
58	0.01760	0.77260	0.03450	0.01126	0.01690	0.02605	0.01126	0.01971	0.01338	0.01549	0.00915	0.01056	0.00845	0.00563	0.00422	0.00141	0.00704	0.00352	0.00282	0.00845
59	0.00943	0.00695	0.01007	0.01007	0.01107	0.00795	0.00760	0.01143	0.01043	0.01491	0.01810	0.02843	0.01757	0.15646	0.63698	0.00996	0.01596	0.00743	0.00360	0.00560
60	0.02438	0.01812	0.01939	0.01502	0.02017	0.02011	0.01236	0.65561	0.08201	0.04045	0.01663	0.01646	0.01186	0.00798	0.00659	0.00199	0.00709	0.00604	0.00659	0.01114
61	0.70107	0.03584	0.05656	0.00980	0.01424	0.05345	0.00862	0.01982	0.01183	0.02790	0.00939	0.01095	0.00731	0.00614	0.00431	0.00200	0.00580	0.00368	0.00392	0.00736
62	0.00802	0.00649	0.00705	0.00729	0.00903	0.00560	0.00527	0.00965	0.01467	0.01814	0.11424	0.19251	0.51737	0.04378	0.00881	0.00244	0.00351	0.01448	0.00613	0.00552
63	0.02409	0.01919	0.01925	0.01516	0.01998	0.09057	0.01236	0.58657	0.04702	0.03761	0.03336	0.01646	0.01239	0.00805	0.00693	0.00198	0.02627	0.00595	0.00620	0.01060
64	0.00802	0.00660	0.00708	0.00727	0.00921	0.00566	0.00542	0.00979	0.01501	0.01839	0.11133	0.14183	0.57363	0.01693	0.00790	0.00229	0.00347	0.03838	0.00620	0.00560
65	0.01630	0.01558	0.02627	0.03938	0.70044	0.01567	0.01983	0.02077	0.04175	0.02174	0.01293	0.01661	0.01080	0.00598	0.00652	0.00197	0.00772	0.00593	0.00339	0.01043
66	0.01144	0.00572	0.00858	0.00858	0.00858	0.00572	0.00572	0.00858	0.00858	0.01144	0.01144	0.02001	0.01144	0.02287	0.02573	0.80846	0.00572	0.00572	0.00286	0.00286
67	0.01547	0.01461	0.02472	0.03707	0.64852	0.01459	0.01881	0.01915	0.01482	0.02109	0.01497	0.07435	0.01388	0.00741	0.00675	0.00205	0.00746	0.03082	0.00357	0.00989
68	0.58169	0.04392	0.01245	0.01025	0.01438	0.10216	0.00834	0.02208	0.04697	0.08936	0.01163	0.01254	0.00878	0.00649	0.00466	0.00198	0.00603	0.00410	0.00443	0.00776
69	0.01492	0.07431	0.48672	0.01888	0.02672	0.01625	0.10960	0.02103	0.01402	0.06494	0.01243	0.01478	0.00909	0.00675	0.00783	0.00213	0.08164	0.00535	0.00320	0.00939
70	0.04043	0.01184	0.01958	0.70788	0.06248	0.01466	0.01795	0.01700	0.01314	0.01739	0.01163	0.01728	0.00876	0.00655	0.00649	0.00218	0.00862	0.00577	0.00297	0.00739
71	0.01440	0.01440	0.02016	0.01728	0.01728	0.02016	0.01440	0.01584	0.01008	0.01584	0.00864	0.01440	0.00864	0.01152	0.02160	0.00288	0.75659	0.00576	0.00288	0.00720
72	0.02954	0.01120	0.01528	0.01171	0.01681	0.00968	0.00968	0.03208	0.01884	0.73213	0.02597	0.02241	0.01630	0.00815	0.00662	0.00204	0.00560	0.00662	0.00815	0.01120
73	0.00864	0.00670	0.00786	0.00757	0.00942	0.00592	0.00568	0.01111	0.01703	0.02258	0.43294	0.05546	0.35566	0.01488	0.00777	0.00214	0.00321	0.01279	0.00674	0.00592
74	0.00912	0.00665	0.00858	0.00825	0.00975	0.00611	0.00613	0.01199	0.01796	0.02514	0.63133	0.10340	0.10255	0.01420	0.00781	0.00213	0.00317	0.01254	0.00709	0.00611
75	0.01771	0.01819	0.01917	0.09198	0.19273	0.19988	0.01413	0.06232	0.15597	0.02121	0.01689	0.01909	0.03735	0.01032	0.05368	0.00257	0.04762	0.00612	0.00424	0.00883
76	0.00802	0.00664	0.00702	0.00701	0.00906	0.00565	0.00523	0.00988	0.01545	0.01903	0.16368	0.08828	0.59965	0.01635	0.00780	0.00222	0.00332	0.01378	0.00628	0.00565
77	0.02459	0.03138	0.01866	0.01696	0.02035	0.74221	0.01272	0.02629	0.01866	0.01611	0.01018	0.01187	0.00848	0.00678	0.00594	0.00170	0.01187	0.00424	0.00339	0.00763
78	0.33923	0.28382	0.03879	0.01149	0.01629	0.10895	0.01024	0.08752	0.01489	0.02388	0.01000	0.01137	0.00819	0.00620	0.00466	0.00177	0.00694	0.00390	0.00376	0.00812
79	0.01075	0.00911	0.01132	0.01050	0.01198	0.02883	0.00819	0.01405	0.05328	0.02114	0.32356	0.03858	0.13183	0.02001	0.15017	0.00385	0.13103	0.00979	0.00553	0.00649
80	0.01583	0.01392	0.02281	0.04421	0.02349	0.01392	0.24677	0.17439	0.01873	0.02515	0.02090	0.03588	0.01950	0.01029	0.00772	0.00235	0.00807	0.23215	0.00501	0.05889
81	0.00942	0.00701	0.01037	0.01037	0.01147	0.00811	0.00796	0.01162	0.01052	0.01512	0.01783	0.02695	0.01693	0.09476	0.69781	0.01032	0.01692	0.00721	0.00356	0.00576
82	0.81514	0.01273	0.00968	0.00866	0.01273	0.01477	0.00713	0.01935	0.01120	0.02954	0.00917	0.01069	0.00713	0.00611	0.00407	0.00204	0.00509	0.00356	0.00407	0.00713
83	0.02954	0.01120	0.01528	0.01171	0.01681	0.00968	0.00968	0.03208	0.01884	0.73213	0.02597	0.02241	0.01630	0.00815	0.00662	0.00204	0.00560	0.00662	0.00815	0.01120
84	0.00862	0.00670	0.00783	0.00755	0.00941	0.00591	0.00566	0.01107	0.01698	0.02247	0.42451	0.05564	0.36415	0.01492	0.00777	0.00214	0.00321	0.01281	0.00673	0.00591
85	0.00810	0.00579	0.00771	0.00911	0.00957	0.00540	0.00612	0.00936	0.01296	0.01738	0.07736	0.72163	0.04465	0.02020	0.00836	0.00264	0.00378	0.01831	0.00618	0.00540
86	0.00927	0.00670	0.00876	0.00831	0.00983	0.00618	0.00621	0.01231	0.01843	0.02608	0.70118	0.07301	0.06150	0.01370	0.00779	0.00209	0.00313	0.01213	0.00721	0.00618
87	0.02120	0.39115	0.02635	0.01420	0.01867	0.39460	0.01201	0.02310	0.01609	0.01581	0.00968	0.01124	0.00846	0.00622	0.00511	0.00156	0.00953	0.00389	0.00311	0.00803
88	0.00801	0.00576	0.00760	0.00908	0.00953	0.00535	0.00607	0.00918	0.01269	0.01684	0.03735	0.73988	0.06732	0.02049	0.00838	0.00266	0.00380	0.01855	0.00611	0.00535
89	0.01365	0.01170	0.01365	0.00975	0.01560	0.00878	0.00780	0.01658	0.01365	0.02145	0.01170	0.01365	0.00975	0.00488	0.00488	0.00098	0.00488	0.00390	0.00390	0.80888
90	0.01741	0.01466	0.01547	0.01361	0.01751	0.01686	0.01067	0.11508	0.63389	0.02921	0.02548	0.02352	0.01903	0.00881	0.00669	0.00220	0.00545	0.00726	0.00669	0.01051
91	0.00916	0.00773	0.00811	0.00792	0.00989	0.03258	0.00590	0.01175	0.03574	0.02084	0.28310	0.09791	0.41519	0.01526	0.00772	0.00218	0.00365	0.01299	0.00641	0.00598
92	0.00874	0.00717	0.00777	0.00766	0.00974	0.00648	0.00572	0.01192	0.06779	0.02015	0.19175	0.10548	0.49471	0.01573	0.00774	0.00222	0.00346	0.01335	0.00638	0.00604
93	0.01320	0.03405	0.73453	0.01876	0.02849	0.01529	0.02432	0.02085	0.01390	0.02085	0.01181	0.01390	0.00834	0.00625	0.00625	0.00208	0.00973	0.00486	0.00278	0.00973
94	0.01002	0.00688	0.00902	0.00840	0.01008	0.00633	0.00633	0.01311	0.01864	0.05092	0.69984	0.04825	0.06052	0.01327	0.00772	0.00207	0.00319	0.01172	0.00728	0.00639
95	0.02359	0.02972	0.01880	0.01699	0.02005	0.67156	0.01288	0.02527	0.01782	0.01609	0.01003	0.01212	0.00850	0.00725	0.00747	0.00181	0.08474	0.00439	0.00334	0.00759
96	0.01629	0.01564	0.02672	0.04041	0.72757	0.01564	0.02020	0.02020	0.01499	0.02151	0.01238	0.01629	0.01043	0.00587	0.00652	0.00196	0.00782	0.00587	0.00326	0.01043
97	0.02503	0.01844	0.01976	0.01515	0.02042	0.02042	0.01251	0.70562	0.03095	0.04149	0.01581	0.01581	0.01120	0.00790	0.00659	0.00198	0.00724	0.00593	0.00659	0.01120
98	0.00923	0.00670	0.00870	0.00826	0.00980	0.00616	0.00617	0.01223	0.01834	0.02584	0.68275	0.07217	0.08133	0.01378	0.00779	0.00209	0.00314	0.01218	0.00718	0.00616
99	0.01760	0.77260	0.03450	0.01126	0.01690	0.02605	0.01126	0.01971	0.01338	0.01549	0.00915	0.01056	0.00845	0.00563	0.00422	0.00141	0.00704	0.00352	0.00282	0.00845
100	0.04045	0.01174	0.01939	0.72684	0.04420	0.01463	0.01789	0.01691	0.01310	0.01726	0.01161	0.01731	0.00872	0.00657	0.00649	0.00219	0.00865	0.00577	0.00297	0.00731
101	0.01618	0.01552	0.02651	0.06178	0.70710	0.01561	0.02015	0.02010	0.01494	0.02137	0.01236	0.01633	0.01038	0.00589	0.00652	0.00196	0.00785	0.00587	0.00325	0.01033
102	0.02459	0.03138	0.01866	0.01696	0.02035	0.74221	0.01272	0.02629	0.01866	0.01611	0.01018	0.01187	0.00848	0.00678	0.00594	0.00170	0.01187	0.00424	0.00339	0.00763
103	0.00816	0.00583	0.00780	0.00932	0.00976	0.00546	0.00635	0.00940	0.01274	0.01696	0.03621	0.72797	0.04324	0.02050	0.00844	0.00269	0.00394	0.05374	0.00611	0.00538
104	0.00834	0.00600	0.00787	0.00920	0.00979	0.00562	0.00637	0.00969	0.01302	0.01725	0.05852	0.61713	0.07792	0.04884	0.00938	0.00281	0.00407	0.07671	0.00606	0.00540
105	0.01629	0.01564	0.02672	0.04041	0.72757	0.01564	0.02020	0.02020	0.01499	0.02151	0.01238	0.01629	0.01043	0.00587	0.00652	0.00196	0.00782	0.00587	0.00326	0.01043
106	0.01855	0.01366	0.01495	0.01312	0.01707	0.01527	0.01030	0.03450	0.60028	0.14422	0.02666	0.02420	0.01947	0.00880	0.00669	0.00220	0.00527	0.00731	0.00694	0.01055
107	0.00925	0.00639	0.00736	0.00743	0.00784	0.00620	0.00451	0.00985	0.01135	0.01510	0.10553	0.10746	0.09353	0.55113	0.02612	0.00520	0.00552	0.01101	0.00473	0.00450
108	0.01760	0.77260	0.03450	0.01126	0.01690	0.02605	0.01126	0.01971	0.01338	0.01549	0.00915	0.01056	0.00845	0.00563	0.00422	0.00141	0.00704	0.00352	0.00282	0.00845
109	0.00924	0.00667	0.00873	0.00834	0.00982	0.00616	0.00621	0.01222	0.01825	0.02579	0.68070	0.09430	0.06094	0.01391	0.00780	0.00211	0.00315	0.01234	0.00718	0.00616
110	0.02198	0.06277	0.01807	0.01325	0.01782	0.01809	0.01096	0.51534	0.05325	0.03635	0.01682	0.01736	0.01237	0.00776	0.00609	0.00187	0.00642	0.00587	0.14746	0.01010
111	0.01554	0.01776	0.03885	0.02775	0.03441	0.01665	0.70366	0.02109	0.01554	0.02109	0.01332	0.01776	0.00999	0.00555	0.00777	0.00222	0.01110	0.00777	0.00333	0.00888
112	0.01051	0.00755	0.01048	0.01194	0.01348	0.00751	0.01042	0.01350	0.01515	0.01964	0.03592	0.07390	0.06078	0.01814	0.00905	0.00300	0.00597	0.66095	0.00606	0.00605
113	0.00802	0.00573	0.00764	0.00917	0.00955	0.00535	0.00611	0.00917	0.01260	0.01681	0.03628	0.76434	0.04354	0.02062	0.00840	0.00267	0.00382	0.01872	0.00611	0.00535
114	0.00809	0.00594	0.00759	0.00873	0.00947	0.00544	0.00596	0.00946	0.01342	0.01768	0.09352	0.60718	0.14437	0.01950	0.00826	0.00256	0.00369	0.01749	0.00620	0.00544
115	0.01209	0.00617	0.00630	0.00627	0.00781	0.00614	0.00470	0.01516	0.01411	0.02466	0.06581	0.02610	0.01973	0.00804	0.00480	0.00157	0.00307	0.00650	0.75484	0.00614
116	0.00853	0.00670	0.00771	0.00746	0.00935	0.00588	0.00559	0.01090	0.01678	0.02199	0.38751	0.05644	0.40146	0.01510	0.00777	0.00215	0.00322	0.01292	0.00667	0.00588
117	0.01708	0.03748	0.02655	0.16590	0.36349	0.01523	0.14668	0.02116	0.01517	0.10631	0.01398	0.01737	0.01069	0.00621	0.00671	0.00204	0.00832	0.00624	0.00379	0.00959
118	0.01415	0.03804	0.01470	0.01187	0.01547	0.01141	0.05239	0.05476	0.19192	0.05795	0.14436	0.09448	0.07166	0.01063	0.00689	0.00202	0.00516	0.04936	0.00589	0.14687
119	0.00800	0.00664	0.00700	0.00698	0.00905	0.00564	0.00521	0.00985	0.01542	0.01894	0.15625	0.08623	0.60939	0.01637	0.00780	0.00222	0.00332	0.01379	0.00627	0.00564
120	0.01778	0.07377	0.28901	0.02004	0.07255	0.14562	0.11854	0.11555	0.04442	0.02282	0.01274	0.01473	0.00960	0.00651	0.00637	0.00198	0.00950	0.00541	0.00367	0.00943

[dist]
# distance from previous block
# <min> <max>
0	4

[block]
# block no. 5 follows, 33 sequences, length 43
# corresponding to MSA columns:
# 275-317
name=unknown_F
#
# <colnr> <probs for GDERKNQSTAVLIFYWHMCP>
#	G	D	E	R	K	N	Q	S	T	A	V	L	I	F	Y	W	H	M	C	P
0	0.01793	0.10910	0.10490	0.08166	0.16482	0.11016	0.03022	0.14022	0.01716	0.02235	0.01239	0.01628	0.01027	0.00751	0.00824	0.00205	0.10681	0.02513	0.00376	0.00905
1	0.01367	0.11183	0.66081	0.01797	0.02727	0.01642	0.02295	0.02073	0.01384	0.02028	0.01153	0.01355	0.00835	0.00619	0.00604	0.00201	0.00945	0.00472	0.00278	0.00959
2	0.01412	0.18721	0.58935	0.01721	0.02609	0.01752	0.02162	0.02061	0.01379	0.01974	0.01126	0.01321	0.00836	0.00613	0.00583	0.00194	0.00917	0.00459	0.00279	0.00946
3	0.01521	0.26093	0.45280	0.01620	0.02404	0.01907	0.01928	0.05467	0.01444	0.02002	0.01106	0.01298	0.00853	0.00636	0.00627	0.00190	0.03940	0.00454	0.00299	0.00930
4	0.00925	0.00668	0.00874	0.00833	0.00982	0.00617	0.00621	0.01225	0.01832	0.02590	0.68836	0.08634	0.06115	0.01383	0.00780	0.00210	0.00314	0.01226	0.00719	0.00617
5	0.00956	0.00645	0.00754	0.00754	0.00766	0.00658	0.00444	0.00980	0.00968	0.01303	0.02042	0.04127	0.02315	0.69287	0.10820	0.00682	0.00757	0.00931	0.00394	0.00419
6	0.05214	0.13563	0.04148	0.01646	0.09461	0.01727	0.04039	0.15104	0.22753	0.06135	0.01940	0.06506	0.01593	0.00845	0.00634	0.00205	0.00648	0.02340	0.00534	0.00965
7	0.00815	0.00583	0.00776	0.00908	0.00958	0.00543	0.00612	0.00949	0.01321	0.01777	0.10562	0.69225	0.04541	0.01990	0.00834	0.00261	0.00375	0.01803	0.00623	0.00543
8	0.01488	0.03430	0.16315	0.08536	0.12045	0.07109	0.12905	0.04016	0.06391	0.02079	0.04417	0.02297	0.07310	0.00822	0.00786	0.00216	0.05968	0.02616	0.00393	0.00862
9	0.01820	0.01093	0.01353	0.01030	0.01513	0.00906	0.00828	0.04808	0.01683	0.24102	0.14376	0.02278	0.02119	0.00754	0.00600	0.00154	0.00488	0.00625	0.00591	0.38883
10	0.01456	0.01224	0.01414	0.01018	0.01599	0.00971	0.00818	0.07185	0.01504	0.02306	0.01203	0.01382	0.00987	0.00512	0.00501	0.00106	0.00507	0.00406	0.00412	0.74489
11	0.01758	0.61982	0.12318	0.01267	0.01866	0.08062	0.01306	0.02037	0.01386	0.01623	0.00957	0.01109	0.00844	0.00580	0.00462	0.00152	0.00776	0.00375	0.00286	0.00855
12	0.01959	0.01456	0.01576	0.01339	0.01754	0.01627	0.01064	0.18588	0.46614	0.10453	0.02406	0.02235	0.01758	0.00858	0.00660	0.00213	0.00565	0.00697	0.03122	0.01055
13	0.01320	0.03405	0.73453	0.01876	0.02849	0.01529	0.02432	0.02085	0.01390	0.02085	0.01181	0.01390	0.00834	0.00625	0.00625	0.00208	0.00973	0.00486	0.00278	0.00973
14	0.01760	0.77260	0.03450	0.01126	0.01690	0.02605	0.01126	0.01971	0.01338	0.01549	0.00915	0.01056	0.00845	0.00563	0.00422	0.00141	0.00704	0.00352	0.00282	0.00845
15	0.00917	0.00609	0.00805	0.00916	0.00991	0.00562	0.00626	0.01051	0.01334	0.05329	0.07538	0.66304	0.06649	0.01946	0.00826	0.00259	0.00385	0.01756	0.00628	0.00570
16	0.01100	0.00763	0.00929	0.00859	0.01072	0.00713	0.00653	0.01500	0.07377	0.07550	0.47350	0.04838	0.20092	0.01342	0.00760	0.00211	0.00350	0.01160	0.00702	0.00677
17	0.01813	0.01442	0.01790	0.04161	0.15408	0.01555	0.01247	0.29882	0.12765	0.03098	0.13786	0.06019	0.02256	0.00920	0.00688	0.00207	0.00622	0.00779	0.00594	0.00967
18	0.01648	0.01624	0.02576	0.09125	0.63796	0.05631	0.01964	0.02030	0.01506	0.02086	0.01221	0.01614	0.01020	0.00597	0.00649	0.00196	0.00812	0.00577	0.00324	0.01004
19	0.01440	0.01440	0.02016	0.01728	0.01728	0.02016	0.01440	0.01584	0.01008	0.01584	0.00864	0.01440	0.00864	0.01152	0.02160	0.00288	0.75659	0.00576	0.00288	0.00720
20	0.00951	0.00664	0.00848	0.00848	0.00893	0.00709	0.00561	0.01041	0.00996	0.01373	0.01955	0.03649	0.02107	0.49319	0.30505	0.00799	0.01069	0.00861	0.00381	0.00471
21	0.04452	0.14028	0.50324	0.01679	0.02496	0.04326	0.02004	0.07303	0.03662	0.02197	0.01203	0.01369	0.00889	0.00638	0.00590	0.00197	0.00891	0.00476	0.00326	0.00950
22	0.06504	0.20768	0.31929	0.05885	0.05163	0.03765	0.01723	0.06641	0.01513	0.04702	0.01292	0.01661	0.01037	0.00689	0.00582	0.00195	0.00822	0.03873	0.00353	0.00906
23	0.00906	0.00726	0.00963	0.00949	0.01099	0.00783	0.00736	0.01112	0.01215	0.01621	0.03485	0.03880	0.27080	0.03584	0.44445	0.00721	0.04727	0.00945	0.00443	0.00582
24	0.01500	0.01961	0.21969	0.02373	0.19947	0.01423	0.15581	0.07184	0.01589	0.04454	0.01878	0.10094	0.05372	0.00837	0.00698	0.00214	0.00820	0.00787	0.00403	0.00918
25	0.01754	0.48806	0.08917	0.01623	0.11356	0.04850	0.01349	0.02192	0.08060	0.03848	0.01200	0.01333	0.01004	0.00614	0.00507	0.00165	0.00733	0.00444	0.00341	0.00906
26	0.01320	0.03405	0.73453	0.01876	0.02849	0.01529	0.02432	0.02085	0.01390	0.02085	0.01181	0.01390	0.00834	0.00625	0.00625	0.00208	0.00973	0.00486	0.00278	0.00973
27	0.00778	0.00667	0.00667	0.00667	0.00889	0.00556	0.00500	0.00945	0.01501	0.01778	0.06669	0.06336	0.72490	0.01667	0.00778	0.00222	0.00333	0.01389	0.00611	0.00556
28	0.03408	0.05313	0.17739	0.02979	0.01977	0.24032	0.03370	0.03876	0.05298	0.03968	0.03608	0.09273	0.01502	0.00974	0.00798	0.06987	0.00847	0.00664	0.02608	0.00778
29	0.08318	0.15464	0.37390	0.04976	0.09902	0.01706	0.01860	0.02103	0.03596	0.04900	0.01213	0.01415	0.00919	0.00642	0.00624	0.00198	0.03030	0.00485	0.00329	0.00926
30	0.01829	0.01908	0.05672	0.01450	0.01777	0.26323	0.06637	0.07342	0.01650	0.05820	0.01602	0.04708	0.01390	0.06265	0.05991	0.00284	0.04806	0.02006	0.11782	0.00760
31	0.01539	0.01472	0.02510	0.20633	0.56867	0.01541	0.01976	0.01942	0.01456	0.02042	0.01222	0.01659	0.01004	0.00603	0.00653	0.00201	0.00804	0.00586	0.00318	0.00970
32	0.01435	0.01674	0.13319	0.03081	0.47697	0.01371	0.01821	0.01852	0.01492	0.02116	0.05440	0.05494	0.05556	0.00814	0.00681	0.00208	0.00737	0.03890	0.00381	0.00940
33	0.01518	0.01395	0.03971	0.02051	0.18356	0.04266	0.09798	0.04824	0.13621	0.05618	0.05598	0.07843	0.08425	0.01028	0.00727	0.00223	0.00680	0.08672	0.00516	0.00871
34	0.01114	0.00785	0.01095	0.01018	0.01173	0.00745	0.06198	0.02601	0.01355	0.06341	0.08593	0.21342	0.10757	0.26403	0.01643	0.00374	0.00551	0.06788	0.00541	0.00582
35	0.00934	0.00678	0.00814	0.00871	0.00948	0.00666	0.00589	0.01152	0.05934	0.01680	0.05963	0.32087	0.09926	0.27832	0.01696	0.00389	0.00489	0.06275	0.00546	0.00532
36	0.01490	0.01426	0.02424	0.23263	0.42873	0.01528	0.05552	0.01933	0.03445	0.02010	0.01342	0.01920	0.01126	0.00683	0.00725	0.00212	0.03488	0.03303	0.00337	0.00920
37	0.53928	0.01635	0.04534	0.01190	0.01617	0.08343	0.03915	0.09642	0.01434	0.02811	0.01026	0.01202	0.00797	0.00666	0.00576	0.00206	0.04857	0.00425	0.00413	0.00782
38	0.01208	0.00965	0.01533	0.01312	0.01482	0.01064	0.11079	0.01412	0.01139	0.05275	0.01710	0.02782	0.01656	0.23981	0.29698	0.00667	0.11266	0.00768	0.00378	0.00624
39	0.04592	0.02488	0.01978	0.01727	0.02044	0.48491	0.08944	0.02283	0.01668	0.01730	0.01303	0.05403	0.01203	0.00845	0.00801	0.00201	0.08825	0.04358	0.00364	0.00751
40	0.52020	0.11430	0.01473	0.01039	0.01427	0.01674	0.00877	0.02023	0.07133	0.02567	0.01071	0.01238	0.00868	0.00682	0.00625	0.00202	0.08655	0.00414	0.00399	0.04183
41	0.49550	0.04763	0.01250	0.01027	0.01414	0.09931	0.00829	0.02141	0.04350	0.10058	0.05007	0.04555	0.01322	0.00748	0.00505	0.00201	0.00588	0.00518	0.00473	0.00770
42	0.06107	0.01402	0.01712	0.01297	0.01805	0.04980	0.08121	0.09493	0.01589	0.05227	0.01361	0.04746	0.01142	0.00661	0.00644	0.00153	0.04389	0.00538	0.00434	0.44199

[dist]
# distance from previous block
# <min> <max>
0	7

[block]
# block no. 6 follows, 33 sequences, length 79
# corresponding to MSA columns:
# 325-403
name=unknown_G
#
# <colnr> <probs for GDERKNQSTAVLIFYWHMCP>
#	G	D	E	R	K	N	Q	S	T	A	V	L	I	F	Y	W	H	M	C	P
0	0.00974	0.00830	0.00928	0.01007	0.01093	0.06035	0.00706	0.01106	0.01302	0.01684	0.03335	0.58995	0.07404	0.01939	0.03157	0.00279	0.04247	0.01597	0.00561	0.02819
1	0.02037	0.01658	0.01669	0.01411	0.01836	0.07053	0.01120	0.24224	0.41467	0.06889	0.02212	0.02080	0.01628	0.00841	0.00660	0.00210	0.00635	0.00669	0.00650	0.01050
2	0.01572	0.44113	0.29490	0.01451	0.02126	0.02160	0.01637	0.01985	0.01333	0.01752	0.01011	0.01209	0.00842	0.00630	0.00626	0.00177	0.06305	0.00419	0.00281	0.00884
3	0.02028	0.01070	0.01406	0.01179	0.01556	0.01020	0.03554	0.04669	0.12880	0.34868	0.09478	0.10073	0.07645	0.01098	0.00716	0.00220	0.00526	0.04370	0.00715	0.00929
4	0.01404	0.03386	0.68200	0.01863	0.02790	0.06863	0.02347	0.02125	0.01425	0.02050	0.01169	0.01375	0.00835	0.00629	0.00623	0.00206	0.00989	0.00482	0.00282	0.00958
5	0.04841	0.01479	0.02022	0.01613	0.04200	0.01498	0.11842	0.27190	0.05036	0.25324	0.02008	0.06645	0.01490	0.00835	0.00682	0.00209	0.00697	0.00724	0.00637	0.01028
6	0.04102	0.01565	0.02438	0.05205	0.52331	0.03341	0.03880	0.05767	0.05370	0.07498	0.01420	0.01697	0.01122	0.00634	0.00649	0.00199	0.00763	0.00596	0.00400	0.01023
7	0.01382	0.01539	0.06822	0.01441	0.01610	0.12685	0.01213	0.01604	0.01186	0.01592	0.01299	0.01943	0.01215	0.05448	0.29090	0.00569	0.27748	0.00610	0.00324	0.00683
8	0.00887	0.00665	0.00814	0.00903	0.01019	0.00620	0.00650	0.03680	0.01419	0.01830	0.04334	0.48500	0.22075	0.01886	0.00823	0.00256	0.00404	0.08052	0.00613	0.00570
9	0.01664	0.32781	0.19900	0.02074	0.16742	0.07316	0.07010	0.02067	0.01439	0.01849	0.01085	0.01319	0.00895	0.00591	0.00558	0.00177	0.00851	0.00471	0.00298	0.00913
10	0.04808	0.10600	0.21966	0.02312	0.15285	0.03890	0.20326	0.02188	0.01501	0.09012	0.01325	0.01564	0.00991	0.00612	0.00642	0.00200	0.00894	0.00578	0.00361	0.00946
11	0.00797	0.00665	0.00697	0.00704	0.00910	0.00564	0.00528	0.00975	0.01516	0.01841	0.11267	0.09761	0.62623	0.01667	0.00784	0.00225	0.00341	0.02956	0.00620	0.00561
12	0.02017	0.01009	0.01273	0.01059	0.01423	0.00941	0.00843	0.06961	0.06791	0.35850	0.19437	0.06803	0.10526	0.01095	0.00710	0.00210	0.00477	0.00924	0.00741	0.00908
13	0.01453	0.01565	0.08636	0.01676	0.09249	0.08817	0.06049	0.04690	0.16604	0.02157	0.02254	0.22970	0.02177	0.01117	0.00747	0.00223	0.03023	0.00973	0.04798	0.00822
14	0.01674	0.01649	0.02629	0.03915	0.68957	0.05468	0.01980	0.02053	0.01519	0.02122	0.01226	0.01606	0.01032	0.00592	0.00649	0.00194	0.00804	0.00578	0.00327	0.01028
15	0.28260	0.01446	0.03744	0.05798	0.10365	0.03300	0.01109	0.09315	0.08031	0.06871	0.01387	0.01526	0.01054	0.00657	0.00542	0.00187	0.00613	0.00495	0.02796	0.12504
16	0.00941	0.00703	0.01047	0.01047	0.01161	0.00817	0.00810	0.01169	0.01055	0.01520	0.01773	0.02640	0.01669	0.07176	0.72048	0.01045	0.01728	0.00713	0.00354	0.00582
