[name]
unknown

[dist]
# distance from previous block
# <min> <max>
0	22

[block]
# block no. 0 follows, 32 sequences, length 10
# corresponding to MSA columns:
# 22-31
name=unknown_A
#
# <colnr> <probs for GDERKNQSTAVLIFYWHMCP>
#	G	D	E	R	K	N	Q	S	T	A	V	L	I	F	Y	W	H	M	C	P
0	0.03962	0.01368	0.05932	0.01336	0.03333	0.09081	0.01109	0.04192	0.09834	0.03986	0.07640	0.06954	0.06134	0.01573	0.06197	0.00306	0.00743	0.23108	0.00552	0.02660
1	0.06912	0.07196	0.19636	0.01925	0.10242	0.04769	0.09596	0.07845	0.07986	0.09841	0.01510	0.01642	0.01116	0.00671	0.00630	0.00198	0.00805	0.00566	0.00441	0.06472
2	0.01480	0.03130	0.07212	0.06861	0.12902	0.04787	0.08170	0.04619	0.05328	0.04322	0.05815	0.10605	0.06615	0.00948	0.00735	0.00208	0.03246	0.00830	0.05239	0.06949
3	0.05749	0.00741	0.00864	0.00883	0.01045	0.00713	0.00643	0.04438	0.01556	0.02148	0.19186	0.31950	0.21304	0.01801	0.03600	0.00271	0.00440	0.01429	0.00628	0.00612
4	0.01491	0.09310	0.14494	0.08584	0.05191	0.05847	0.10848	0.07424	0.03678	0.02082	0.01832	0.18819	0.01782	0.01014	0.00773	0.00223	0.04474	0.00882	0.00422	0.00832
5	0.05828	0.15216	0.11016	0.07575	0.11192	0.04127	0.04733	0.08096	0.01622	0.10437	0.01763	0.06250	0.04672	0.00820	0.00693	0.00204	0.03752	0.00661	0.00439	0.00906
6	0.01028	0.00770	0.00793	0.00791	0.00847	0.04140	0.00490	0.01046	0.01117	0.01409	0.02835	0.07232	0.14024	0.51275	0.02674	0.07006	0.00609	0.01029	0.00439	0.00447
7	0.01225	0.01134	0.01203	0.08339	0.04977	0.08745	0.00910	0.03774	0.07462	0.02085	0.14453	0.15361	0.25037	0.01354	0.00751	0.00223	0.00543	0.01154	0.00572	0.00698
8	0.01866	0.14697	0.04963	0.01474	0.03799	0.09622	0.07304	0.08001	0.04520	0.12928	0.06199	0.07599	0.05149	0.00914	0.00716	0.00202	0.03983	0.00744	0.04448	0.00873
9	0.05716	0.01709	0.10768	0.14321	0.14962	0.07634	0.01493	0.05163	0.03997	0.13339	0.05721	0.02115	0.04806	0.00773	0.00652	0.00203	0.00750	0.00641	0.00471	0.04768

[dist]
# distance from previous block
# <min> <max>
7	14

[block]
# block no. 1 follows, 32 sequences, length 7
# corresponding to MSA columns:
# 46-52
name=unknown_B
#
# <colnr> <probs for GDERKNQSTAVLIFYWHMCP>
#	G	D	E	R	K	N	Q	S	T	A	V	L	I	F	Y	W	H	M	C	P
0	0.01853	0.28441	0.11565	0.01751	0.12476	0.05540	0.01413	0.08212	0.04971	0.08383	0.03586	0.03875	0.01324	0.00720	0.00582	0.00182	0.00740	0.00560	0.00425	0.03400
1	0.01414	0.11265	0.22109	0.08495	0.02344	0.01499	0.08341	0.08221	0.04401	0.02230	0.08046	0.07601	0.09368	0.00932	0.00681	0.00212	0.00750	0.00798	0.00442	0.00852
2	0.00832	0.00613	0.00780	0.00883	0.00967	0.00560	0.00607	0.00984	0.01407	0.01863	0.13563	0.55618	0.14980	0.01940	0.00838	0.00257	0.00372	0.01737	0.00639	0.00560
3	0.05688	0.08004	0.08311	0.09113	0.06184	0.11876	0.07040	0.08495	0.03818	0.04380	0.04714	0.07081	0.05318	0.00972	0.02373	0.00225	0.00810	0.01977	0.00446	0.03174
4	0.05346	0.11838	0.22529	0.07948	0.05968	0.01634	0.08461	0.02179	0.09107	0.06420	0.01605	0.07334	0.01336	0.00804	0.00723	0.00215	0.04577	0.00668	0.00404	0.00906
5	0.01185	0.00769	0.00944	0.00932	0.01136	0.00712	0.00706	0.01502	0.05897	0.10852	0.18237	0.23281	0.22470	0.01592	0.00799	0.00240	0.00412	0.06978	0.00676	0.00681
6	0.01279	0.04485	0.03716	0.00848	0.01079	0.00877	0.00694	0.07146	0.01577	0.02416	0.08182	0.07703	0.07966	0.04833	0.00735	0.00210	0.00431	0.03648	0.41501	0.00673

[dist]
# distance from previous block
# <min> <max>
5	14

[block]
# block no. 2 follows, 32 sequences, length 17
# corresponding to MSA columns:
# 67-83
name=unknown_C
#
# <colnr> <probs for GDERKNQSTAVLIFYWHMCP>
#	G	D	E	R	K	N	Q	S	T	A	V	L	I	F	Y	W	H	M	C	P
0	0.01741	0.22689	0.04907	0.01376	0.05479	0.03614	0.01128	0.10107	0.13439	0.05381	0.04647	0.04365	0.03954	0.00785	0.00589	0.00176	0.00634	0.00618	0.00485	0.13887
1	0.01597	0.08820	0.08804	0.10539	0.15605	0.03103	0.03012	0.05946	0.05907	0.07893	0.11775	0.06318	0.02196	0.00919	0.00687	0.00212	0.00699	0.04593	0.00490	0.00886
2	0.01750	0.11502	0.18366	0.01578	0.03890	0.04706	0.06256	0.10910	0.07989	0.09650	0.02002	0.05523	0.05458	0.01148	0.06060	0.00270	0.00846	0.00692	0.00476	0.00928
3	0.01409	0.20268	0.06235	0.01227	0.01587	0.01361	0.06767	0.01744	0.05668	0.05567	0.11927	0.11624	0.04777	0.01218	0.00889	0.09167	0.00610	0.04535	0.02685	0.00736
4	0.01326	0.01384	0.08230	0.21065	0.12102	0.04151	0.03667	0.04951	0.01494	0.01984	0.08737	0.07928	0.05942	0.09159	0.01089	0.04062	0.00737	0.00829	0.00420	0.00744
5	0.01096	0.00870	0.01145	0.04629	0.05437	0.00883	0.00854	0.01452	0.06244	0.03869	0.17281	0.12558	0.19694	0.01944	0.12306	0.00358	0.03593	0.01097	0.00559	0.04130
6	0.01856	0.09391	0.04951	0.06733	0.29254	0.15576	0.09295	0.04172	0.01644	0.05652	0.01498	0.01757	0.03904	0.00678	0.00649	0.00195	0.00887	0.00598	0.00375	0.00936
7	0.07731	0.00910	0.01065	0.00992	0.01234	0.00902	0.00747	0.07302	0.05487	0.13448	0.14798	0.25860	0.08396	0.03576	0.00811	0.00241	0.00453	0.01184	0.04118	0.00747
8	0.00986	0.00685	0.00807	0.00820	0.01000	0.00600	0.00598	0.01168	0.01538	0.07078	0.15361	0.27363	0.36125	0.01711	0.00804	0.00237	0.00368	0.01483	0.00656	0.00612
9	0.01331	0.01632	0.12583	0.04997	0.15961	0.05210	0.15048	0.01720	0.01493	0.02008	0.05936	0.21150	0.05832	0.01090	0.00746	0.00227	0.00765	0.01024	0.00437	0.00811
10	0.06219	0.01568	0.01351	0.03697	0.01580	0.17411	0.00931	0.17419	0.01891	0.04908	0.01947	0.02206	0.05215	0.04263	0.03585	0.00239	0.00725	0.00626	0.23428	0.00790
11	0.00881	0.00650	0.00818	0.00911	0.01000	0.00615	0.00632	0.01097	0.04103	0.01869	0.11915	0.50795	0.12010	0.06015	0.00978	0.00280	0.00403	0.03830	0.00627	0.00573
12	0.08992	0.01587	0.01705	0.01353	0.01820	0.01727	0.01104	0.47024	0.04865	0.10704	0.01853	0.06037	0.01416	0.00870	0.00648	0.00205	0.00649	0.00673	0.05731	0.01036
13	0.00986	0.00736	0.01024	0.01031	0.01140	0.00829	0.00768	0.01271	0.04942	0.01605	0.02081	0.10122	0.02079	0.14640	0.52552	0.00891	0.01426	0.00875	0.00410	0.00592
14	0.01025	0.00747	0.01009	0.05760	0.03594	0.00808	0.00741	0.01178	0.01139	0.01611	0.02210	0.16823	0.02370	0.28997	0.19051	0.00583	0.03457	0.01008	0.07336	0.00552
15	0.01900	0.01272	0.01411	0.01191	0.01555	0.01353	0.00955	0.27671	0.11729	0.10104	0.05546	0.06917	0.06083	0.01022	0.00673	0.00209	0.00550	0.04226	0.14708	0.00923
16	0.00977	0.00662	0.00872	0.00964	0.01066	0.00628	0.00702	0.01146	0.01381	0.04861	0.07645	0.44540	0.09337	0.06404	0.04450	0.00329	0.00508	0.12333	0.00613	0.00584

[dist]
# distance from previous block
# <min> <max>
15	27

[block]
# block no. 3 follows, 32 sequences, length 23
# corresponding to MSA columns:
# 116-138
name=unknown_D
#
# <colnr> <probs for GDERKNQSTAVLIFYWHMCP>
#	G	D	E	R	K	N	Q	S	T	A	V	L	I	F	Y	W	H	M	C	P
0	0.04525	0.08510	0.05620	0.05755	0.10694	0.11459	0.01295	0.10483	0.06046	0.05683	0.02082	0.07252	0.05907	0.01010	0.00757	0.02211	0.02497	0.06884	0.00478	0.00854
1	0.04276	0.15987	0.08038	0.13220	0.05149	0.08257	0.03826	0.07901	0.04111	0.02028	0.01556	0.01911	0.04575	0.03488	0.06907	0.00290	0.06687	0.00596	0.00377	0.00823
2	0.03585	0.28245	0.12910	0.04147	0.06383	0.06373	0.01408	0.08863	0.06574	0.02142	0.03887	0.05218	0.01358	0.00785	0.00681	0.00193	0.05379	0.00581	0.00396	0.00891
3	0.04477	0.08637	0.32483	0.05516	0.05701	0.07312	0.04903	0.04399	0.01488	0.02043	0.01749	0.04221	0.07364	0.00856	0.00761	0.03043	0.03197	0.00634	0.00355	0.00861
4	0.01063	0.00826	0.00986	0.05524	0.01326	0.00810	0.00754	0.09353	0.01650	0.02123	0.08599	0.30189	0.28621	0.01656	0.00798	0.00242	0.00448	0.03769	0.00615	0.00645
5	0.00983	0.00895	0.05379	0.01065	0.01258	0.00748	0.02972	0.01308	0.04895	0.02009	0.12075	0.35483	0.12513	0.01682	0.00813	0.00253	0.00472	0.11097	0.03465	0.00636
6	0.03780	0.20177	0.10539	0.03265	0.05543	0.05502	0.02649	0.12106	0.03214	0.05995	0.01441	0.01856	0.01200	0.00796	0.00736	0.01680	0.05653	0.04624	0.02157	0.07087
7	0.10962	0.07506	0.01507	0.01145	0.01439	0.01284	0.03883	0.09186	0.07813	0.08292	0.04978	0.07034	0.06353	0.09833	0.04389	0.08947	0.03414	0.00784	0.00507	0.00744
8	0.00837	0.00608	0.00757	0.00866	0.00928	0.00564	0.00574	0.00945	0.01277	0.01668	0.03937	0.55000	0.14383	0.12880	0.01220	0.00321	0.00420	0.01697	0.00591	0.00528
9	0.00813	0.00681	0.00707	0.00701	0.00918	0.00575	0.00525	0.01001	0.01576	0.01924	0.15024	0.06275	0.63665	0.01658	0.00793	0.00225	0.00337	0.01390	0.00638	0.00575
10	0.01964	0.19639	0.10749	0.01765	0.04528	0.02015	0.11968	0.23294	0.05408	0.05525	0.01406	0.01557	0.01070	0.00717	0.00725	0.00200	0.05449	0.00572	0.00458	0.00990
11	0.01873	0.18923	0.10700	0.08170	0.09629	0.06317	0.05566	0.12514	0.03450	0.07914	0.01396	0.01682	0.01108	0.04388	0.00804	0.00217	0.03441	0.00562	0.00417	0.00929
12	0.00833	0.00609	0.00783	0.00892	0.00969	0.00560	0.00611	0.00984	0.01399	0.01861	0.13571	0.57857	0.12695	0.01953	0.00840	0.00258	0.00373	0.01753	0.00639	0.00560
13	0.01455	0.01496	0.02723	0.23250	0.16957	0.03815	0.26701	0.01899	0.01515	0.02023	0.05567	0.06491	0.01509	0.00747	0.00730	0.00220	0.00908	0.00780	0.00367	0.00848
14	0.01676	0.01482	0.01531	0.05650	0.01866	0.10713	0.00957	0.04407	0.01554	0.06554	0.01278	0.01455	0.01017	0.00566	0.00539	0.00127	0.00630	0.00439	0.00421	0.57137
15	0.01111	0.00894	0.01087	0.01218	0.03468	0.04343	0.00905	0.04280	0.01492	0.01934	0.03363	0.39286	0.05892	0.01804	0.00893	0.00274	0.02871	0.23664	0.00590	0.00630
16	0.00818	0.00584	0.00779	0.00934	0.00973	0.00545	0.00623	0.00934	0.01285	0.01713	0.03698	0.75981	0.04438	0.02102	0.00856	0.00273	0.00389	0.01908	0.00623	0.00545
17	0.00969	0.00767	0.01042	0.01017	0.01210	0.00685	0.03731	0.01171	0.01392	0.01897	0.08232	0.41189	0.11267	0.01793	0.03753	0.00269	0.00500	0.05575	0.00573	0.12968
18	0.01537	0.01518	0.02509	0.22525	0.34183	0.05065	0.12101	0.01941	0.01474	0.01997	0.01321	0.01858	0.01091	0.04326	0.00810	0.00229	0.00870	0.00638	0.03114	0.00892
19	0.08285	0.01183	0.01228	0.02775	0.04899	0.05459	0.00871	0.09497	0.09007	0.04753	0.07135	0.10718	0.23173	0.01197	0.00693	0.00213	0.00525	0.00990	0.03390	0.04010
20	0.05237	0.04266	0.07207	0.07506	0.43288	0.04530	0.01798	0.09223	0.03812	0.02400	0.03525	0.01715	0.01213	0.00665	0.00647	0.00201	0.00788	0.00591	0.00389	0.01000
21	0.11089	0.08289	0.03510	0.06075	0.02063	0.26047	0.04561	0.08279	0.05326	0.04280	0.07050	0.01722	0.01418	0.00785	0.00736	0.00200	0.06743	0.00563	0.00433	0.00830
22	0.01947	0.06675	0.10304	0.10061	0.04888	0.16843	0.04605	0.17473	0.03277	0.05907	0.04060	0.01964	0.05604	0.00801	0.00694	0.00202	0.02703	0.00625	0.00462	0.00907

[dist]
# distance from previous block
# <min> <max>
2	18

[block]
# block no. 4 follows, 32 sequences, length 6
# corresponding to MSA columns:
# 157-162
name=unknown_E
#
# <colnr> <probs for GDERKNQSTAVLIFYWHMCP>
#	G	D	E	R	K	N	Q	S	T	A	V	L	I	F	Y	W	H	M	C	P
0	0.04138	0.15081	0.02268	0.08201	0.10469	0.12373	0.06094	0.09507	0.07835	0.06456	0.01679	0.04230	0.01439	0.00827	0.00647	0.00204	0.00798	0.06400	0.00456	0.00896
1	0.01653	0.01666	0.03485	0.01347	0.03384	0.20839	0.01013	0.07218	0.07706	0.03961	0.03926	0.17773	0.04877	0.06006	0.03808	0.00271	0.00770	0.02707	0.00505	0.07086
2	0.47331	0.01219	0.01203	0.01166	0.05565	0.01318	0.00882	0.05453	0.01456	0.12124	0.04263	0.02344	0.05734	0.00858	0.00559	0.00217	0.00544	0.06443	0.00520	0.00800
3	0.00814	0.00599	0.00763	0.00895	0.00963	0.00548	0.00606	0.00939	0.01322	0.01728	0.04172	0.65359	0.14754	0.02041	0.00847	0.00265	0.00382	0.01832	0.00623	0.00548
4	0.01839	0.02021	0.02352	0.12992	0.31380	0.24707	0.06449	0.02178	0.01627	0.01935	0.01318	0.01883	0.01133	0.00708	0.00670	0.00202	0.00956	0.04410	0.00349	0.00890
5	0.01533	0.01313	0.01649	0.01519	0.12426	0.01104	0.01030	0.07654	0.01565	0.02364	0.01239	0.01452	0.01017	0.00539	0.00538	0.00123	0.00564	0.00446	0.00411	0.61515

[dist]
# distance from previous block
# <min> <max>
0	8

[block]
# block no. 5 follows, 32 sequences, length 8
# corresponding to MSA columns:
# 171-178
name=unknown_F
#
# <colnr> <probs for GDERKNQSTAVLIFYWHMCP>
#	G	D	E	R	K	N	Q	S	T	A	V	L	I	F	Y	W	H	M	C	P
0	0.05204	0.01628	0.02427	0.19656	0.20338	0.07295	0.14434	0.07577	0.06088	0.04773	0.03161	0.01814	0.01206	0.00681	0.00679	0.00211	0.00862	0.00639	0.00407	0.00919
1	0.00992	0.00787	0.01074	0.03661	0.08200	0.00774	0.00854	0.01290	0.05919	0.01899	0.06122	0.46214	0.11384	0.01740	0.00816	0.00256	0.00463	0.06315	0.00591	0.00647
2	0.72347	0.01511	0.01089	0.00977	0.01385	0.09596	0.00791	0.02052	0.01227	0.02857	0.00946	0.01103	0.00742	0.00631	0.00437	0.00204	0.00596	0.00371	0.00407	0.00732
3	0.00965	0.00677	0.00844	0.00904	0.00971	0.00673	0.00639	0.01085	0.01202	0.01584	0.02985	0.15380	0.07765	0.37568	0.07331	0.00516	0.00667	0.17244	0.00500	0.00502
4	0.07147	0.01868	0.09336	0.01412	0.01902	0.06534	0.01230	0.38910	0.02380	0.08141	0.04275	0.02017	0.01443	0.09263	0.00959	0.00252	0.00746	0.00635	0.00576	0.00973
5	0.01288	0.01129	0.06964	0.03793	0.01677	0.00961	0.10674	0.03496	0.01388	0.08072	0.02585	0.18686	0.06255	0.20033	0.06130	0.00396	0.00749	0.04548	0.00495	0.00682
6	0.04916	0.10241	0.13425	0.07743	0.29122	0.01691	0.01725	0.05495	0.10373	0.06700	0.01487	0.01687	0.01147	0.00672	0.00628	0.00201	0.00764	0.00571	0.00412	0.01001
7	0.04999	0.28756	0.28499	0.01442	0.02080	0.08132	0.01560	0.04953	0.01457	0.01932	0.01198	0.01593	0.01033	0.08760	0.00852	0.00231	0.00847	0.00493	0.00326	0.00860

[dist]
# distance from previous block
# <min> <max>
0	1

[block]
# block no. 6 follows, 32 sequences, length 50
# corresponding to MSA columns:
# 180-229
name=unknown_G
#
# <colnr> <probs for GDERKNQSTAVLIFYWHMCP>
#	G	D	E	R	K	N	Q	S	T	A	V	L	I	F	Y	W	H	M	C	P
0	0.01676	0.57455	0.21847	0.01350	0.02034	0.02365	0.01500	0.02040	0.01377	0.01723	0.01004	0.01166	0.00858	0.00591	0.00485	0.00162	0.00790	0.00395	0.00286	0.00896
1	0.01834	0.14461	0.19170	0.04282	0.11871	0.14326	0.07215	0.08041	0.04813	0.03573	0.01274	0.01487	0.00994	0.00674	0.00671	0.00196	0.03278	0.00531	0.00369	0.00939
2	0.01345	0.01323	0.08836	0.03650	0.05536	0.04273	0.06810	0.05170	0.01611	0.07709	0.07989	0.19259	0.19635	0.02763	0.00806	0.00235	0.00610	0.01136	0.00548	0.00754
3	0.01165	0.01001	0.01543	0.36020	0.07564	0.01132	0.01336	0.01506	0.03362	0.01791	0.04753	0.06436	0.12847	0.01337	0.04156	0.07110	0.00743	0.05101	0.00415	0.00681
4	0.01696	0.09840	0.15725	0.10816	0.06673	0.04690	0.07945	0.14941	0.08103	0.02454	0.01614	0.04769	0.01325	0.00790	0.00659	0.00209	0.00813	0.03039	0.02973	0.00927
5	0.01842	0.10408	0.17102	0.02013	0.16586	0.03893	0.04634	0.02403	0.08460	0.16674	0.03460	0.02127	0.05912	0.00771	0.00651	0.00203	0.00745	0.00650	0.00482	0.00984
6	0.01166	0.00583	0.00874	0.00874	0.00874	0.00583	0.00583	0.00874	0.00874	0.01166	0.01166	0.02040	0.01166	0.02331	0.02622	0.80478	0.00583	0.00583	0.00291	0.00291
7	0.01507	0.01259	0.02028	0.17698	0.34000	0.01316	0.01585	0.01857	0.01503	0.07947	0.06644	0.04501	0.07390	0.01067	0.04591	0.00259	0.02780	0.00756	0.00427	0.00886
8	0.03444	0.05630	0.07901	0.06760	0.17352	0.05927	0.14244	0.07832	0.03816	0.10007	0.01707	0.07506	0.01433	0.00805	0.00689	0.00213	0.00822	0.02524	0.00451	0.00937
9	0.04246	0.02513	0.04603	0.04850	0.02457	0.40526	0.17645	0.06766	0.01834	0.02041	0.03248	0.01553	0.01099	0.00687	0.00654	0.00192	0.01071	0.00564	0.02624	0.00827
10	0.74727	0.03568	0.01107	0.00935	0.01351	0.05350	0.00769	0.02011	0.01188	0.02897	0.00940	0.01096	0.00738	0.00625	0.00426	0.00204	0.00561	0.00367	0.00408	0.00733
11	0.74904	0.01468	0.06625	0.00963	0.01424	0.01509	0.00864	0.01984	0.01163	0.02941	0.00955	0.01116	0.00736	0.00624	0.00433	0.00208	0.00556	0.00374	0.00405	0.00747
12	0.01008	0.00758	0.01024	0.03192	0.07089	0.00732	0.00806	0.01235	0.03667	0.03619	0.03722	0.44690	0.13537	0.05712	0.00956	0.00278	0.00469	0.06293	0.00585	0.00627
13	0.01455	0.01406	0.02262	0.33858	0.31771	0.04293	0.03736	0.01855	0.01421	0.01904	0.01279	0.01797	0.01042	0.01065	0.07804	0.00295	0.00962	0.00608	0.00321	0.00867
14	0.08567	0.05079	0.01825	0.01388	0.01849	0.04838	0.01139	0.45805	0.06860	0.03556	0.05275	0.01836	0.01453	0.01034	0.04498	0.00246	0.00751	0.00615	0.02379	0.01009
15	0.00803	0.00680	0.00694	0.00691	0.00913	0.00571	0.00518	0.00983	0.01554	0.01871	0.11090	0.06362	0.67632	0.01678	0.00793	0.00226	0.00338	0.01403	0.00631	0.00571
16	0.12586	0.01316	0.01434	0.01066	0.01628	0.01167	0.00862	0.12577	0.01637	0.02625	0.01223	0.01385	0.00980	0.00563	0.00513	0.00131	0.00538	0.00426	0.00443	0.56899
17	0.00883	0.00647	0.00827	0.00951	0.01021	0.00622	0.00654	0.01100	0.04975	0.01770	0.03701	0.61864	0.07220	0.05670	0.00974	0.00289	0.00419	0.05226	0.00615	0.00570
18	0.00983	0.00655	0.00751	0.00768	0.00793	0.00650	0.00466	0.01027	0.01062	0.01434	0.02410	0.07811	0.04467	0.62735	0.02933	0.00577	0.00613	0.05419	0.04005	0.00441
19	0.01108	0.00941	0.01226	0.01176	0.01269	0.04285	0.00906	0.01297	0.01105	0.01549	0.01731	0.05856	0.01717	0.12005	0.47496	0.00824	0.13772	0.00766	0.00365	0.00606
20	0.04251	0.00852	0.01008	0.00962	0.01170	0.00857	0.00736	0.01695	0.13504	0.04362	0.37273	0.07626	0.10446	0.05312	0.00908	0.00249	0.00417	0.06997	0.00676	0.00701
21	0.00975	0.00707	0.00816	0.00775	0.00989	0.00616	0.00586	0.01210	0.01704	0.05892	0.33751	0.05635	0.40879	0.01517	0.00786	0.00219	0.00342	0.01293	0.00682	0.00624
22	0.00830	0.00599	0.00788	0.00929	0.00986	0.00557	0.00634	0.00962	0.01326	0.01759	0.05952	0.67703	0.08012	0.02050	0.00854	0.00270	0.00393	0.04221	0.00626	0.00551
23	0.08087	0.01172	0.01521	0.20706	0.05022	0.01343	0.01195	0.11057	0.09960	0.02300	0.02118	0.22364	0.02081	0.03178	0.00856	0.00247	0.04539	0.00970	0.00499	0.00783
24	0.01558	0.01629	0.01923	0.01741	0.05512	0.15598	0.08790	0.01839	0.04232	0.01758	0.03734	0.04968	0.01517	0.09824	0.08174	0.00363	0.25020	0.00715	0.00373	0.00733
25	0.00848	0.00613	0.00809	0.00955	0.01020	0.00574	0.00672	0.00992	0.01332	0.01755	0.03881	0.63135	0.08729	0.02046	0.00861	0.00274	0.00414	0.09913	0.00622	0.00555
26	0.04061	0.05042	0.07708	0.12421	0.34492	0.01579	0.06724	0.03842	0.01505	0.04469	0.01264	0.01614	0.01011	0.00634	0.00700	0.00198	0.03703	0.00571	0.00355	0.08107
27	0.01468	0.01493	0.01912	0.25668	0.08643	0.09866	0.01511	0.01789	0.03352	0.01753	0.01648	0.04650	0.06592	0.00972	0.01186	0.00241	0.25451	0.00690	0.00353	0.00760
28	0.03406	0.10284	0.07038	0.19572	0.18549	0.09816	0.07333	0.06070	0.01553	0.02030	0.01197	0.01575	0.00967	0.00802	0.02951	0.00231	0.04846	0.00560	0.00339	0.00881
29	0.01714	0.29513	0.11542	0.03875	0.05563	0.07287	0.17734	0.04301	0.01494	0.01906	0.01113	0.01403	0.00918	0.00659	0.00755	0.00195	0.08293	0.00531	0.00319	0.00884
30	0.00849	0.00670	0.00755	0.00756	0.00933	0.00587	0.00552	0.01048	0.01585	0.02031	0.24936	0.13272	0.42869	0.05028	0.00918	0.00246	0.00352	0.01390	0.00646	0.00576
31	0.02551	0.01879	0.02014	0.01544	0.02081	0.02081	0.01275	0.69996	0.03155	0.04229	0.01611	0.01611	0.01141	0.00805	0.00671	0.00201	0.00738	0.00604	0.00671	0.01141
32	0.10517	0.01636	0.04862	0.01367	0.01848	0.01695	0.01151	0.33849	0.17300	0.10396	0.06933	0.02052	0.01706	0.00845	0.00654	0.00210	0.00635	0.00658	0.00650	0.01037
33	0.02506	0.03198	0.01901	0.01729	0.02074	0.73725	0.01296	0.02679	0.01901	0.01642	0.01037	0.01210	0.00864	0.00691	0.00605	0.00173	0.01210	0.00432	0.00346	0.00778
34	0.00815	0.00593	0.00769	0.00909	0.00967	0.00547	0.00612	0.00937	0.01309	0.01723	0.04001	0.69194	0.11030	0.02063	0.00850	0.00268	0.00384	0.01860	0.00623	0.00547
35	0.06479	0.01156	0.01186	0.01069	0.01251	0.09947	0.00779	0.09290	0.01328	0.01783	0.01189	0.01772	0.01083	0.01687	0.01826	0.49292	0.00668	0.00537	0.00359	0.07317
36	0.01166	0.00583	0.00874	0.00874	0.00874	0.00583	0.00583	0.00874	0.00874	0.01166	0.01166	0.02040	0.01166	0.02331	0.02622	0.80478	0.00583	0.00583	0.00291	0.00291
37	0.00793	0.00680	0.00680	0.00680	0.00906	0.00566	0.00510	0.00963	0.01529	0.01813	0.06797	0.06457	0.71961	0.01699	0.00793	0.00227	0.00340	0.01416	0.00623	0.00566
38	0.01565	0.01314	0.01383	0.04496	0.01667	0.04169	0.00969	0.15503	0.27291	0.02754	0.12620	0.03459	0.17783	0.01107	0.00716	0.00218	0.00543	0.00915	0.00644	0.00885
39	0.01391	0.01193	0.01391	0.00994	0.01590	0.00894	0.00795	0.01690	0.01391	0.02186	0.01193	0.01391	0.00994	0.00497	0.00497	0.00099	0.00497	0.00398	0.00398	0.80521
40	0.70986	0.01256	0.01023	0.00902	0.01307	0.01423	0.00734	0.02037	0.01200	0.08805	0.01131	0.01338	0.00882	0.04033	0.00571	0.00227	0.00529	0.00417	0.00450	0.00747
41	0.00793	0.00680	0.00680	0.00680	0.00906	0.00566	0.00510	0.00963	0.01529	0.01813	0.06797	0.06457	0.71961	0.01699	0.00793	0.00227	0.00340	0.01416	0.00623	0.00566
42	0.00836	0.00600	0.00798	0.00949	0.01001	0.00562	0.00653	0.00968	0.01310	0.01737	0.03777	0.69051	0.06335	0.02073	0.00860	0.00274	0.00404	0.06639	0.00623	0.00551
43	0.02508	0.03139	0.01907	0.01720	0.02075	0.70503	0.01296	0.05707	0.01958	0.01759	0.01063	0.01228	0.00877	0.00697	0.00608	0.00174	0.01189	0.00440	0.00360	0.00794
44	0.00844	0.00638	0.00778	0.00872	0.00985	0.00580	0.00624	0.00999	0.01399	0.01792	0.06873	0.42417	0.26097	0.04319	0.00923	0.00271	0.00401	0.08010	0.00619	0.00557
45	0.00853	0.00620	0.00812	0.00953	0.01026	0.00579	0.00677	0.01002	0.01345	0.01764	0.03970	0.59717	0.10725	0.02029	0.00860	0.00273	0.00417	0.11199	0.00622	0.00557
46	0.01794	0.76823	0.03516	0.01148	0.01722	0.02655	0.01148	0.02009	0.01363	0.01579	0.00933	0.01076	0.00861	0.00574	0.00431	0.00144	0.00718	0.00359	0.00287	0.00861
47	0.01891	0.61260	0.07763	0.01258	0.01834	0.09675	0.01242	0.02141	0.01446	0.04803	0.01038	0.01166	0.00896	0.00601	0.00472	0.00154	0.00778	0.00389	0.00317	0.00874
48	0.01776	0.03877	0.01611	0.01350	0.01759	0.01671	0.01066	0.07740	0.59011	0.05741	0.02542	0.02351	0.01897	0.00875	0.00667	0.00218	0.00551	0.00719	0.00665	0.03914
49	0.01994	0.04266	0.04116	0.01505	0.01966	0.07087	0.03408	0.23913	0.38227	0.03078	0.02109	0.02029	0.01571	0.00831	0.00667	0.00212	0.00685	0.00666	0.00618	0.01052

[dist]
# distance from previous block
# <min> <max>
0	3

[block]
# block no. 7 follows, 32 sequences, length 20
# corresponding to MSA columns:
# 233-252
name=unknown_H
#
# <colnr> <probs for GDERKNQSTAVLIFYWHMCP>
#	G	D	E	R	K	N	Q	S	T	A	V	L	I	F	Y	W	H	M	C	P
0	0.01349	0.04928	0.26952	0.11979	0.07066	0.01431	0.09634	0.01842	0.01413	0.03649	0.05442	0.08710	0.01602	0.01130	0.05599	0.00279	0.05036	0.00740	0.00370	0.00849
1	0.24004	0.07933	0.03955	0.05715	0.11578	0.25280	0.01277	0.02150	0.01496	0.02127	0.01203	0.03472	0.01060	0.00742	0.00617	0.00199	0.03045	0.02978	0.00370	0.00801
2	0.00855	0.00672	0.00773	0.00770	0.00950	0.00590	0.00569	0.01075	0.01644	0.02136	0.31250	0.13363	0.39727	0.01618	0.00799	0.00226	0.00336	0.01392	0.00667	0.00590
3	0.01536	0.01478	0.02564	0.19731	0.49352	0.01535	0.06424	0.01952	0.01506	0.02105	0.04413	0.01849	0.01258	0.00647	0.00680	0.00207	0.00819	0.00638	0.00343	0.00962
4	0.00859	0.00610	0.00773	0.00890	0.00969	0.00565	0.00616	0.01011	0.01359	0.01831	0.06927	0.56926	0.12668	0.01924	0.00823	0.00258	0.00383	0.04171	0.05879	0.00559
5	0.04647	0.01494	0.02091	0.13651	0.18142	0.07446	0.08141	0.03884	0.01455	0.02039	0.01270	0.01699	0.01059	0.01205	0.10027	0.00305	0.05855	0.00574	0.00354	0.14663
6	0.70789	0.01335	0.01098	0.00951	0.01381	0.01523	0.00784	0.07396	0.01342	0.06836	0.01079	0.01195	0.00809	0.00648	0.00449	0.00207	0.00539	0.00399	0.00458	0.00782
7	0.00998	0.00702	0.00878	0.00824	0.01011	0.00633	0.00622	0.01282	0.01824	0.05255	0.55769	0.05203	0.19656	0.01418	0.00787	0.00214	0.00331	0.01234	0.00718	0.00639
8	0.01239	0.01235	0.07240	0.01951	0.18993	0.01071	0.05739	0.04142	0.03202	0.02126	0.10698	0.27580	0.03023	0.04673	0.00886	0.00254	0.00616	0.04045	0.00513	0.00775
9	0.00939	0.00615	0.00822	0.00949	0.01014	0.00569	0.00643	0.01064	0.01320	0.05649	0.03640	0.71894	0.04284	0.02032	0.00846	0.00269	0.00399	0.01839	0.00634	0.00578
10	0.00834	0.00592	0.00779	0.00915	0.00955	0.00556	0.00606	0.00948	0.01280	0.01711	0.05733	0.68098	0.04341	0.07929	0.01056	0.00300	0.00408	0.01812	0.00610	0.00537
11	0.08805	0.01626	0.05143	0.16701	0.10595	0.07508	0.19117	0.01928	0.01408	0.02021	0.01268	0.01721	0.01022	0.01027	0.06561	0.00286	0.08042	0.00618	0.03787	0.00815
12	0.01516	0.01554	0.07552	0.09905	0.05593	0.01497	0.15659	0.02581	0.30139	0.03996	0.07711	0.02527	0.05025	0.00846	0.00713	0.00223	0.00720	0.00783	0.00527	0.00934
13	0.00969	0.00641	0.00790	0.00853	0.00890	0.00620	0.00544	0.01040	0.01159	0.03520	0.02870	0.35265	0.03336	0.39239	0.02134	0.00461	0.00535	0.04118	0.00520	0.00496
14	0.00824	0.00589	0.00784	0.00930	0.00975	0.00549	0.00623	0.00950	0.01313	0.01758	0.06876	0.72674	0.04526	0.02068	0.00853	0.00270	0.00386	0.01875	0.00628	0.00549
15	0.01608	0.15285	0.27477	0.04672	0.06338	0.04002	0.08927	0.07544	0.08435	0.02242	0.01456	0.03542	0.01152	0.00704	0.00626	0.00201	0.00844	0.00587	0.03415	0.00941
16	0.01523	0.01444	0.07914	0.04965	0.07811	0.05766	0.03605	0.08390	0.01566	0.05352	0.04000	0.07140	0.04329	0.04137	0.07982	0.00313	0.09312	0.00754	0.12908	0.00789
17	0.01444	0.01053	0.01154	0.01033	0.01307	0.01112	0.00782	0.08219	0.23908	0.04206	0.10596	0.06336	0.05211	0.10313	0.00993	0.00257	0.00484	0.00855	0.15515	0.05222
18	0.01201	0.00916	0.04147	0.00928	0.01101	0.00825	0.00683	0.04035	0.06843	0.06528	0.10034	0.13227	0.09580	0.34789	0.01940	0.00417	0.00557	0.01089	0.00544	0.00617
19	0.06183	0.20928	0.05699	0.01706	0.11709	0.08001	0.05928	0.02068	0.07261	0.03524	0.03242	0.02484	0.07617	0.00845	0.00616	0.00196	0.00714	0.05590	0.04844	0.00845

[dist]
# distance from previous block
# <min> <max>
0	5

[block]
# block no. 8 follows, 32 sequences, length 59
# corresponding to MSA columns:
# 259-317
name=unknown_I
#
# <colnr> <probs for GDERKNQSTAVLIFYWHMCP>
#	G	D	E	R	K	N	Q	S	T	A	V	L	I	F	Y	W	H	M	C	P
0	0.01793	0.15284	0.06367	0.04528	0.09442	0.09488	0.04451	0.13979	0.09130	0.02401	0.07417	0.01900	0.01566	0.00960	0.03735	0.00236	0.05348	0.00615	0.00451	0.00911
1	0.01924	0.30163	0.08199	0.01555	0.04826	0.09995	0.05891	0.12675	0.01738	0.05537	0.01297	0.01480	0.01040	0.00813	0.02943	0.00207	0.03061	0.00504	0.05248	0.00904
2	0.05555	0.11211	0.05701	0.03622	0.09177	0.11374	0.07163	0.09367	0.16725	0.04999	0.01578	0.01684	0.01215	0.00699	0.00617	0.00191	0.00775	0.00569	0.00463	0.07316
3	0.01737	0.01471	0.02017	0.04335	0.25355	0.06438	0.03464	0.08864	0.01670	0.08561	0.06263	0.04546	0.01618	0.01247	0.08232	0.00295	0.07423	0.00687	0.00452	0.05325
4	0.01315	0.01015	0.01542	0.05854	0.04161	0.03747	0.09131	0.01341	0.03008	0.01483	0.01319	0.04240	0.01264	0.04749	0.02022	0.44392	0.07910	0.00665	0.00327	0.00515
5	0.00889	0.00663	0.00736	0.00749	0.00861	0.00610	0.00501	0.00999	0.01309	0.01663	0.09156	0.11228	0.31432	0.32293	0.01875	0.00405	0.00477	0.03105	0.00543	0.00505
6	0.02257	0.10728	0.02335	0.01731	0.05025	0.12341	0.07476	0.37819	0.08357	0.03156	0.01508	0.01588	0.01132	0.00741	0.00645	0.00195	0.00824	0.00581	0.00537	0.01025
7	0.00967	0.00652	0.00729	0.00729	0.00740	0.00647	0.00411	0.00975	0.01002	0.01325	0.02336	0.04489	0.05740	0.72872	0.03291	0.00630	0.00636	0.00997	0.00417	0.00414
8	0.02090	0.04835	0.06002	0.02324	0.21506	0.04324	0.07856	0.22018	0.04157	0.11647	0.01555	0.01699	0.01154	0.00712	0.00705	0.00202	0.02847	0.00605	0.00502	0.03259
9	0.11270	0.25486	0.11657	0.01742	0.06457	0.06559	0.12468	0.08199	0.01620	0.06897	0.01237	0.01412	0.00960	0.00633	0.00576	0.00188	0.00824	0.00509	0.00387	0.00919
10	0.01641	0.01381	0.01470	0.01325	0.01682	0.01574	0.01026	0.08412	0.57903	0.02796	0.02824	0.09147	0.03780	0.01028	0.00700	0.00230	0.00530	0.00865	0.00675	0.01010
11	0.78401	0.01294	0.01022	0.03434	0.01412	0.01505	0.00766	0.01963	0.01149	0.02966	0.00943	0.01114	0.00732	0.00625	0.00424	0.00208	0.00532	0.00371	0.00411	0.00727
12	0.00823	0.00599	0.00777	0.00905	0.00969	0.00552	0.00613	0.00957	0.01344	0.01782	0.08133	0.65295	0.10736	0.02021	0.00847	0.00265	0.00380	0.01820	0.00630	0.00552
13	0.01094	0.00780	0.01064	0.00959	0.01039	0.00790	0.05635	0.01176	0.01088	0.03612	0.04241	0.03943	0.02334	0.58670	0.08307	0.00614	0.02806	0.00931	0.00418	0.00497
14	0.04104	0.17177	0.16522	0.02289	0.21752	0.01691	0.09004	0.02149	0.01492	0.08695	0.01308	0.01527	0.01015	0.00611	0.00604	0.00185	0.00798	0.00532	0.00369	0.08175
15	0.00950	0.00769	0.03803	0.00956	0.01108	0.00639	0.00736	0.01156	0.01470	0.04191	0.14816	0.42064	0.15150	0.01799	0.00828	0.00254	0.00421	0.07648	0.00633	0.00606
16	0.00992	0.00720	0.00949	0.00941	0.01030	0.00782	0.00668	0.01223	0.04243	0.01628	0.08414	0.05149	0.02459	0.30332	0.36655	0.00788	0.01157	0.00886	0.00432	0.00552
17	0.01411	0.06576	0.59092	0.03723	0.02821	0.01657	0.04788	0.03729	0.01436	0.02108	0.01186	0.01433	0.00867	0.00672	0.00737	0.00215	0.05779	0.00511	0.00296	0.00963
18	0.01481	0.01271	0.01575	0.04347	0.08135	0.01055	0.00983	0.05882	0.01509	0.02292	0.01224	0.01445	0.01005	0.00532	0.00530	0.00120	0.00555	0.00436	0.00404	0.65219
19	0.01002	0.00826	0.00876	0.00836	0.01093	0.00757	0.00641	0.05393	0.06314	0.02047	0.05580	0.10531	0.51816	0.01569	0.00774	0.00226	0.00400	0.04267	0.00619	0.04432
20	0.00823	0.00588	0.00784	0.00930	0.00975	0.00549	0.00623	0.00949	0.01312	0.01757	0.06742	0.72813	0.04522	0.02070	0.00854	0.00270	0.00386	0.01877	0.00628	0.00549
21	0.01301	0.01087	0.01420	0.04880	0.13900	0.01137	0.01059	0.04686	0.18820	0.02285	0.11255	0.14536	0.12262	0.03338	0.00863	0.02194	0.00536	0.03062	0.00574	0.00803
22	0.14636	0.02689	0.01805	0.01670	0.04706	0.51435	0.01236	0.10344	0.01915	0.02175	0.01097	0.01256	0.00883	0.00690	0.00586	0.00183	0.01032	0.00448	0.00394	0.00823
23	0.00969	0.00694	0.00940	0.01083	0.01191	0.00676	0.00863	0.01189	0.01424	0.01862	0.03665	0.32775	0.06489	0.05008	0.00998	0.00306	0.00524	0.38152	0.00611	0.00580
24	0.01181	0.00663	0.00736	0.00751	0.00873	0.00671	0.00535	0.01464	0.05320	0.02162	0.02321	0.13533	0.02131	0.06528	0.00997	0.09517	0.00392	0.00844	0.48796	0.00584
25	0.00993	0.00766	0.01129	0.01109	0.01216	0.00912	0.00863	0.01217	0.01071	0.01551	0.01750	0.02631	0.01656	0.07714	0.66126	0.01009	0.06611	0.00721	0.00357	0.00600
26	0.01310	0.01198	0.01626	0.01518	0.05804	0.06125	0.08010	0.03361	0.01231	0.01670	0.01594	0.02683	0.01588	0.24528	0.21094	0.00584	0.14307	0.00750	0.00366	0.00652
27	0.00906	0.00663	0.00821	0.00918	0.00996	0.00639	0.00633	0.01109	0.04589	0.01728	0.03687	0.46618	0.11042	0.15115	0.01300	0.00335	0.00457	0.07305	0.00587	0.00554
28	0.01391	0.01193	0.01391	0.00994	0.01590	0.00894	0.00795	0.01690	0.01391	0.02186	0.01193	0.01391	0.00994	0.00497	0.00497	0.00099	0.00497	0.00398	0.00398	0.80521
29	0.06258	0.01233	0.01509	0.01089	0.01679	0.00976	0.04615	0.01732	0.01387	0.02235	0.01186	0.01396	0.00979	0.00508	0.00508	0.00113	0.00533	0.00417	0.00395	0.71251
30	0.04329	0.01524	0.01672	0.01366	0.01798	0.01654	0.01112	0.43406	0.08784	0.07765	0.05230	0.07208	0.04475	0.01024	0.00705	0.00218	0.00640	0.05415	0.00669	0.01005
31	0.01319	0.05679	0.01392	0.01169	0.01389	0.04058	0.00917	0.06215	0.13924	0.01986	0.04102	0.02702	0.04385	0.09156	0.34665	0.00649	0.04367	0.00742	0.00455	0.00730
32	0.02048	0.28744	0.05094	0.01490	0.04673	0.12728	0.01257	0.21021	0.06495	0.02493	0.01296	0.01397	0.01034	0.00675	0.00561	0.00171	0.00780	0.00481	0.00438	0.07122
33	0.02116	0.01677	0.13182	0.01410	0.02003	0.01297	0.04508	0.16226	0.01958	0.25019	0.04295	0.02145	0.01526	0.00783	0.00655	0.00192	0.00679	0.03595	0.00592	0.16143
34	0.01587	0.07629	0.25615	0.06997	0.11930	0.10046	0.11265	0.03708	0.01527	0.02035	0.03470	0.01658	0.01128	0.00881	0.04104	0.00247	0.04357	0.00580	0.00334	0.00901
35	0.01413	0.12783	0.28527	0.01610	0.02218	0.04497	0.09328	0.02061	0.09416	0.02083	0.06170	0.10590	0.04650	0.00911	0.00671	0.00212	0.00788	0.00782	0.00419	0.00872
36	0.01867	0.01464	0.01563	0.01318	0.01720	0.01630	0.01049	0.27493	0.33735	0.03246	0.07744	0.02606	0.06280	0.00949	0.00684	0.00214	0.00570	0.00770	0.04089	0.01010
37	0.03406	0.00879	0.03263	0.01240	0.07234	0.00789	0.03334	0.01303	0.03794	0.01969	0.04979	0.38128	0.16794	0.01574	0.00763	0.00238	0.00461	0.01399	0.07801	0.00653
38	0.01698	0.04944	0.09414	0.08220	0.16052	0.01312	0.04061	0.07117	0.03152	0.13897	0.02378	0.07685	0.08682	0.00931	0.00681	0.00212	0.00679	0.02643	0.05336	0.00905
39	0.00898	0.00738	0.00798	0.00773	0.00993	0.00665	0.00583	0.01234	0.06775	0.02113	0.23307	0.05791	0.49828	0.01556	0.00784	0.00223	0.00348	0.01315	0.00657	0.00620
40	0.01128	0.00655	0.01009	0.00978	0.01023	0.00650	0.03738	0.00975	0.00985	0.01317	0.01598	0.09511	0.01685	0.07659	0.04494	0.57858	0.00632	0.03384	0.00348	0.00374
41	0.03583	0.04698	0.22194	0.15544	0.12957	0.11641	0.05203	0.09435	0.04401	0.02249	0.01283	0.01556	0.00975	0.00668	0.00644	0.00205	0.00918	0.00549	0.00365	0.00931
42	0.01528	0.04040	0.06038	0.01417	0.01800	0.05679	0.09758	0.07391	0.16147	0.05605	0.17957	0.10371	0.05358	0.01091	0.00732	0.00220	0.00634	0.02800	0.00589	0.00845
43	0.01198	0.00778	0.00994	0.00913	0.01120	0.00731	0.00693	0.01599	0.06376	0.09811	0.55543	0.07499	0.07464	0.01326	0.00775	0.00215	0.00360	0.01163	0.00736	0.00708
44	0.01022	0.00742	0.00932	0.00914	0.00977	0.00802	0.00625	0.03133	0.01117	0.01526	0.02256	0.08114	0.05332	0.42059	0.23528	0.00704	0.04336	0.00948	0.00418	0.00515
45	0.05121	0.01329	0.04637	0.01058	0.01656	0.01012	0.00891	0.03825	0.03556	0.02302	0.01241	0.01419	0.01012	0.00531	0.00510	0.00116	0.00529	0.00418	0.00410	0.68428
46	0.01824	0.01312	0.01461	0.01278	0.01658	0.01441	0.01003	0.05073	0.49349	0.14254	0.11191	0.02751	0.02487	0.00951	0.00694	0.00222	0.00517	0.00797	0.00713	0.01025
47	0.00831	0.00617	0.00777	0.00891	0.00980	0.00564	0.00621	0.00976	0.01376	0.01792	0.07429	0.55062	0.18618	0.01973	0.00843	0.00262	0.00386	0.04817	0.00628	0.00557
48	0.01256	0.04541	0.03539	0.04559	0.01712	0.10043	0.09095	0.01563	0.03615	0.01872	0.06790	0.12171	0.26203	0.01444	0.03808	0.00260	0.03594	0.02744	0.00500	0.00690
49	0.01922	0.01317	0.05926	0.01496	0.07581	0.01169	0.03788	0.14648	0.01926	0.21815	0.10564	0.14410	0.02434	0.01045	0.00705	0.00212	0.00595	0.00904	0.04189	0.03355
50	0.00817	0.00588	0.00775	0.00925	0.00971	0.00546	0.00619	0.00935	0.01294	0.01717	0.03815	0.73353	0.06990	0.02087	0.00854	0.00271	0.00387	0.01889	0.00623	0.00546
51	0.00964	0.00703	0.01025	0.01035	0.01147	0.00803	0.00791	0.01190	0.01104	0.01603	0.01951	0.07480	0.01887	0.07231	0.62969	0.00966	0.01593	0.00801	0.04166	0.00590
52	0.01386	0.01693	0.14092	0.30471	0.20980	0.01485	0.08479	0.01891	0.02649	0.01959	0.01387	0.04926	0.01145	0.00873	0.03549	0.00252	0.00916	0.00663	0.00331	0.00873
53	0.01258	0.00870	0.01230	0.08635	0.01605	0.00852	0.04013	0.01641	0.05736	0.10460	0.32740	0.16071	0.09555	0.01320	0.00770	0.00225	0.00470	0.01173	0.00654	0.00721
54	0.01585	0.02438	0.29906	0.02416	0.05943	0.01675	0.35224	0.08348	0.01662	0.02332	0.01319	0.01636	0.00967	0.00616	0.00717	0.00218	0.01029	0.00654	0.00348	0.00966
55	0.01191	0.00749	0.00984	0.00945	0.01074	0.00762	0.00676	0.01334	0.01166	0.08731	0.02156	0.06820	0.02186	0.33382	0.27871	0.00703	0.01032	0.03959	0.00452	0.03825
56	0.06028	0.14830	0.06740	0.01423	0.07804	0.06899	0.01108	0.11096	0.01679	0.06909	0.05829	0.03811	0.10239	0.06855	0.00964	0.05117	0.00676	0.00714	0.00472	0.00807
57	0.08499	0.25199	0.06698	0.04234	0.01914	0.12410	0.03293	0.04234	0.05208	0.03297	0.01472	0.01682	0.04186	0.01067	0.06330	0.00256	0.05949	0.00528	0.00377	0.03166
58	0.03895	0.22649	0.07116	0.07014	0.06823	0.19884	0.04518	0.09365	0.01715	0.02066	0.01388	0.01573	0.04139	0.00689	0.00582	0.00178	0.00866	0.00515	0.00372	0.04651

[dist]
# distance from previous block
# <min> <max>
0	6

[block]
# block no. 9 follows, 32 sequences, length 33
# corresponding to MSA columns:
# 324-356
name=unknown_J
#
# <colnr> <probs for GDERKNQSTAVLIFYWHMCP>
#	G	D	E	R	K	N	Q	S	T	A	V	L	I	F	Y	W	H	M	C	P
0	0.01058	0.00814	0.01213	0.04860	0.09760	0.00886	0.00934	0.01288	0.01182	0.01692	0.02024	0.12723	0.02031	0.11459	0.39298	0.00718	0.01224	0.00884	0.05317	0.00635
1	0.01599	0.04689	0.02506	0.23288	0.22201	0.09079	0.12194	0.03632	0.01499	0.01946	0.01237	0.01693	0.01006	0.00919	0.04988	0.00262	0.05458	0.00607	0.00331	0.00866
2	0.05889	0.03655	0.05814	0.11567	0.12050	0.03650	0.03286	0.01932	0.08220	0.04778	0.06651	0.05272	0.03662	0.01398	0.09017	0.00322	0.08130	0.03449	0.00440	0.00816
3	0.01430	0.01470	0.04439	0.08979	0.05844	0.09943	0.04133	0.03421	0.01433	0.01889	0.04033	0.05674	0.07459	0.03649	0.03614	0.00283	0.19588	0.08167	0.03820	0.00730
4	0.10474	0.00742	0.00902	0.00928	0.01086	0.00713	0.02916	0.01143	0.01399	0.02015	0.11726	0.41997	0.18116	0.01707	0.00781	0.00247	0.00411	0.01504	0.00602	0.00593
5	0.33387	0.03894	0.07792	0.04312	0.01862	0.01523	0.06430	0.10821	0.04180	0.05578	0.01695	0.04618	0.05071	0.00803	0.00626	0.00213	0.03022	0.00610	0.02730	0.00834
6	0.01707	0.05447	0.05938	0.08796	0.38852	0.05648	0.08353	0.04900	0.01594	0.04802	0.01518	0.01833	0.03960	0.00687	0.00713	0.00205	0.03081	0.00627	0.00370	0.00969
7	0.00903	0.00640	0.00776	0.00837	0.00897	0.00609	0.00553	0.01006	0.01250	0.01650	0.08333	0.30376	0.11484	0.31433	0.01863	0.00415	0.00496	0.05431	0.00545	0.00503
8	0.01005	0.00662	0.00855	0.00938	0.01032	0.00622	0.00666	0.01151	0.01355	0.05712	0.06828	0.43643	0.08518	0.13172	0.01235	0.00325	0.00463	0.10637	0.00607	0.00573
9	0.02548	0.01953	0.02007	0.01554	0.02080	0.06085	0.01277	0.66233	0.03085	0.04084	0.01579	0.01589	0.01126	0.00799	0.00668	0.00200	0.00765	0.00594	0.00653	0.01121
10	0.03128	0.14457	0.53803	0.01794	0.02660	0.01701	0.06476	0.02075	0.01430	0.02082	0.03667	0.01510	0.01054	0.00649	0.00616	0.00203	0.00925	0.00516	0.00306	0.00948
11	0.01088	0.00956	0.00956	0.00936	0.01138	0.06072	0.00690	0.01522	0.11447	0.02108	0.19983	0.16940	0.28060	0.03995	0.00861	0.00241	0.00444	0.01274	0.00630	0.00658
12	0.00817	0.00647	0.00723	0.00773	0.00922	0.00567	0.00546	0.00966	0.01433	0.01786	0.08026	0.29174	0.43391	0.05921	0.00958	0.00264	0.00372	0.01546	0.00616	0.00553
13	0.00823	0.00588	0.00784	0.00931	0.00974	0.00549	0.00623	0.00948	0.01310	0.01754	0.06546	0.73017	0.04517	0.02072	0.00854	0.00270	0.00386	0.01879	0.00628	0.00549
14	0.01579	0.01762	0.03730	0.05539	0.06310	0.01684	0.61496	0.02190	0.04540	0.02163	0.01406	0.01833	0.01059	0.00586	0.00777	0.00225	0.01083	0.00775	0.00352	0.00912
15	0.01738	0.01755	0.01725	0.01518	0.01761	0.23718	0.06766	0.05239	0.01624	0.05975	0.05952	0.20240	0.03553	0.01188	0.00985	0.00230	0.13867	0.00941	0.00476	0.00749
16	0.01410	0.01005	0.01127	0.01032	0.01324	0.01021	0.00805	0.05860	0.21058	0.09393	0.12417	0.07517	0.23834	0.01295	0.00742	0.00226	0.00453	0.04928	0.03749	0.00806
17	0.00824	0.00659	0.00731	0.00781	0.00945	0.00576	0.00568	0.00981	0.01443	0.01776	0.05601	0.24535	0.47435	0.05007	0.00929	0.00261	0.00382	0.05395	0.00613	0.00557
18	0.01391	0.01193	0.01391	0.00994	0.01590	0.00894	0.00795	0.01690	0.01391	0.02186	0.01193	0.01391	0.00994	0.00497	0.00497	0.00099	0.00497	0.00398	0.00398	0.80521
19	0.01331	0.01258	0.02128	0.63319	0.15609	0.01508	0.01895	0.01770	0.01372	0.01792	0.01204	0.01768	0.00922	0.00659	0.00670	0.00220	0.00879	0.00597	0.00304	0.00797
20	0.01016	0.00696	0.00786	0.00767	0.00974	0.00611	0.00573	0.01229	0.01592	0.06705	0.18766	0.12641	0.40678	0.01531	0.00761	0.00220	0.00353	0.01302	0.08176	0.00621
21	0.21666	0.05275	0.01656	0.01281	0.01736	0.12470	0.01042	0.20597	0.04476	0.17812	0.04590	0.01718	0.01349	0.00766	0.00594	0.00199	0.00694	0.00554	0.00579	0.00948
22	0.01122	0.00821	0.00991	0.01000	0.01164	0.00829	0.00753	0.09143	0.03355	0.02121	0.06904	0.26578	0.13750	0.08001	0.07601	0.00357	0.00600	0.10602	0.03666	0.00642
23	0.01674	0.17269	0.14645	0.05088	0.18741	0.01789	0.04014	0.04578	0.16554	0.04847	0.01703	0.01832	0.02973	0.00712	0.00624	0.00199	0.00751	0.00596	0.00426	0.00984
24	0.01382	0.02965	0.01564	0.01364	0.01517	0.05368	0.01100	0.08830	0.01339	0.01867	0.01450	0.02073	0.01325	0.03118	0.39455	0.00685	0.22870	0.00644	0.00372	0.00712
25	0.01467	0.06649	0.37539	0.01680	0.06110	0.04823	0.01753	0.02041	0.03680	0.04314	0.03602	0.06478	0.01356	0.00743	0.00622	0.00190	0.00799	0.00602	0.00376	0.15175
26	0.04172	0.13294	0.17585	0.01778	0.08336	0.09661	0.06274	0.09298	0.08224	0.04452	0.01695	0.01812	0.05030	0.00726	0.00620	0.00193	0.00809	0.00582	0.00422	0.05035
27	0.00818	0.00584	0.00779	0.00934	0.00973	0.00545	0.00623	0.00934	0.01285	0.01713	0.03698	0.75981	0.04438	0.02102	0.00856	0.00273	0.00389	0.01908	0.00623	0.00545
28	0.01821	0.01297	0.01451	0.01284	0.01642	0.01417	0.00998	0.11470	0.39638	0.12950	0.02753	0.15766	0.02313	0.01103	0.00712	0.00230	0.00537	0.00936	0.00692	0.00989
29	0.01145	0.01261	0.11087	0.01148	0.01454	0.03675	0.03062	0.04080	0.04639	0.03754	0.06003	0.30116	0.21015	0.01526	0.00778	0.00240	0.00543	0.03206	0.00569	0.00699
