[name]
unknown

[dist]
# distance from previous block
# <min> <max>
1	20

[block]
# block no. 0 follows, 31 sequences, length 49
# corresponding to MSA columns:
# 20-68
name=unknown_A
#
# <colnr> <probs for GDERKNQSTAVLIFYWHMCP>
#	G	D	E	R	K	N	Q	S	T	A	V	L	I	F	Y	W	H	M	C	P
0	0.03953	0.07163	0.06874	0.01248	0.01865	0.01284	0.04435	0.06919	0.04719	0.04484	0.01345	0.01504	0.01066	0.00583	0.00552	0.00140	0.00615	0.00469	0.00433	0.50351
1	0.01480	0.01389	0.01981	0.20573	0.30542	0.06743	0.01565	0.01838	0.01538	0.02083	0.06829	0.02461	0.06684	0.03021	0.00757	0.00220	0.00748	0.00717	0.07981	0.00850
2	0.01095	0.00997	0.06219	0.00985	0.01243	0.00816	0.00827	0.06449	0.01902	0.02621	0.46334	0.08104	0.15176	0.01398	0.00793	0.00223	0.00421	0.03014	0.00687	0.00697
3	0.07383	0.01689	0.08645	0.19297	0.42846	0.01596	0.04704	0.02025	0.01479	0.02180	0.01245	0.01664	0.00999	0.00630	0.00663	0.00212	0.00845	0.00591	0.00333	0.00974
4	0.00853	0.00614	0.00813	0.00964	0.01021	0.00574	0.00665	0.00989	0.01341	0.01774	0.03905	0.67217	0.07552	0.02105	0.00876	0.00279	0.00412	0.06848	0.00635	0.00562
5	0.01799	0.01612	0.01621	0.01572	0.06870	0.09240	0.01135	0.07924	0.45406	0.02764	0.04464	0.02361	0.01925	0.00877	0.00671	0.00216	0.00625	0.00718	0.07193	0.01007
6	0.01153	0.00838	0.01238	0.09962	0.05619	0.00853	0.05743	0.01419	0.01371	0.02041	0.02518	0.27609	0.02571	0.06904	0.00901	0.00254	0.00532	0.01121	0.26699	0.00654
7	0.00970	0.00990	0.06871	0.00973	0.01249	0.00764	0.02867	0.01323	0.04648	0.02187	0.25065	0.12627	0.33884	0.01515	0.00797	0.00230	0.00433	0.01308	0.00636	0.00664
8	0.01736	0.01632	0.03704	0.13231	0.34100	0.05917	0.03081	0.08447	0.01659	0.04796	0.01491	0.07001	0.01302	0.00822	0.00843	0.00221	0.07960	0.00700	0.00403	0.00955
9	0.01756	0.04388	0.20353	0.09512	0.08264	0.08603	0.05551	0.04388	0.11244	0.08825	0.01853	0.02001	0.04690	0.00795	0.00759	0.00218	0.04762	0.00642	0.00444	0.00954
10	0.09207	0.00810	0.00910	0.00862	0.00988	0.00845	0.00589	0.04047	0.01265	0.04464	0.08063	0.03620	0.02419	0.41084	0.11891	0.00566	0.00753	0.00866	0.06182	0.00568
11	0.01560	0.01542	0.08646	0.04940	0.06885	0.01336	0.12752	0.06784	0.05972	0.06213	0.02064	0.09644	0.04821	0.00929	0.00786	0.00211	0.04642	0.03467	0.00476	0.16330
12	0.06871	0.14350	0.10618	0.10209	0.05126	0.20903	0.01436	0.07400	0.07395	0.03470	0.01360	0.01545	0.01063	0.00703	0.00596	0.00192	0.00874	0.00514	0.04489	0.00888
13	0.01067	0.00822	0.00949	0.00913	0.01114	0.00793	0.00678	0.06208	0.06809	0.02374	0.27590	0.17638	0.25291	0.03545	0.00874	0.00244	0.00399	0.01341	0.00678	0.00672
14	0.01703	0.07441	0.16812	0.03875	0.14037	0.01645	0.11636	0.13476	0.04885	0.04060	0.01664	0.08955	0.01423	0.00815	0.00687	0.00211	0.00817	0.00732	0.00444	0.04679
15	0.03529	0.22125	0.22499	0.02136	0.06413	0.01958	0.24612	0.05074	0.01564	0.02146	0.01222	0.01502	0.00949	0.00613	0.00645	0.00201	0.00952	0.00578	0.00332	0.00950
16	0.00875	0.00642	0.00821	0.00889	0.00993	0.00588	0.00624	0.01068	0.01549	0.02090	0.26545	0.43368	0.13734	0.01844	0.00843	0.00251	0.00366	0.01646	0.00674	0.00588
17	0.01290	0.01006	0.04786	0.01047	0.01347	0.00850	0.04197	0.01686	0.07766	0.10334	0.13869	0.11446	0.27166	0.01416	0.00849	0.03807	0.00477	0.01155	0.04777	0.00729
18	0.01896	0.10608	0.09146	0.06229	0.30890	0.08220	0.06850	0.02289	0.01611	0.11291	0.01484	0.01847	0.01178	0.00692	0.00661	0.00203	0.00855	0.02650	0.00405	0.00995
19	0.01043	0.00815	0.01166	0.01130	0.01218	0.00976	0.00865	0.01238	0.01077	0.01555	0.01769	0.02819	0.01732	0.15585	0.53847	0.00935	0.10510	0.00757	0.00366	0.00597
20	0.00937	0.00658	0.00795	0.00838	0.00897	0.00630	0.00547	0.01044	0.01287	0.01720	0.13123	0.24387	0.08873	0.35972	0.02063	0.00444	0.00515	0.04212	0.00551	0.00509
21	0.12057	0.01423	0.01830	0.01649	0.04902	0.05410	0.06156	0.04750	0.01279	0.01977	0.01332	0.07331	0.01319	0.06655	0.01686	0.06042	0.32394	0.00707	0.00375	0.00725
22	0.11968	0.13026	0.07788	0.13269	0.04617	0.08058	0.01417	0.23240	0.02018	0.06468	0.01345	0.01511	0.01005	0.00712	0.00606	0.00200	0.00802	0.00526	0.00469	0.00956
23	0.00889	0.00695	0.00815	0.00869	0.01028	0.00632	0.00641	0.01130	0.03688	0.01969	0.13027	0.28883	0.33867	0.01816	0.00838	0.00252	0.00391	0.07320	0.00650	0.00599
24	0.01615	0.01845	0.04037	0.02884	0.03576	0.01730	0.69204	0.02191	0.01615	0.02191	0.01384	0.01845	0.01038	0.00577	0.00807	0.00231	0.01153	0.00807	0.00346	0.00923
25	0.01726	0.50825	0.22248	0.01527	0.04923	0.04940	0.01584	0.02108	0.01432	0.01789	0.01044	0.01221	0.00883	0.00608	0.00513	0.00169	0.00829	0.00416	0.00296	0.00919
26	0.01447	0.01611	0.12048	0.09144	0.05756	0.04466	0.01316	0.07022	0.19937	0.02378	0.06594	0.15580	0.07562	0.01131	0.00729	0.00231	0.00657	0.00968	0.00547	0.00874
27	0.01005	0.00747	0.01064	0.06270	0.01332	0.00846	0.00800	0.01192	0.01088	0.01522	0.01884	0.03155	0.01883	0.25779	0.47363	0.00908	0.01420	0.00802	0.00376	0.00563
28	0.09775	0.01706	0.01884	0.01589	0.01951	0.15059	0.10674	0.14050	0.05329	0.02430	0.01695	0.04201	0.01488	0.01754	0.15502	0.00401	0.03775	0.05441	0.00464	0.00830
29	0.00965	0.00687	0.00866	0.00912	0.01058	0.00627	0.00678	0.01183	0.01599	0.04178	0.24219	0.29623	0.19713	0.01767	0.00842	0.00251	0.00397	0.09148	0.00675	0.00613
30	0.01415	0.02770	0.45674	0.06019	0.10517	0.01560	0.13796	0.02079	0.01488	0.02140	0.01562	0.01832	0.04658	0.00692	0.00690	0.00219	0.00974	0.00624	0.00323	0.00968
31	0.00900	0.00623	0.00774	0.00868	0.00891	0.00600	0.00544	0.00970	0.01180	0.01574	0.03107	0.46312	0.03687	0.32484	0.01946	0.00436	0.00506	0.01554	0.00544	0.00498
32	0.09844	0.03360	0.13832	0.09047	0.11678	0.01634	0.20632	0.09308	0.03775	0.02505	0.01410	0.01720	0.01069	0.00662	0.00666	0.00213	0.00868	0.00626	0.06219	0.00932
33	0.01651	0.01212	0.01330	0.01184	0.01510	0.01312	0.00919	0.13078	0.29838	0.06843	0.08642	0.11207	0.07555	0.01128	0.00708	0.00223	0.00504	0.00949	0.09287	0.00919
34	0.01753	0.01635	0.07728	0.01235	0.01630	0.09472	0.01060	0.22928	0.04038	0.02912	0.12068	0.02894	0.11042	0.00989	0.00668	0.00200	0.00631	0.00788	0.15467	0.00859
35	0.07361	0.03080	0.58728	0.07156	0.02898	0.01545	0.02284	0.02091	0.01423	0.02199	0.01311	0.01721	0.00995	0.00706	0.00648	0.00221	0.00951	0.03412	0.00315	0.00956
36	0.01636	0.01413	0.01484	0.01341	0.01716	0.01619	0.01042	0.03440	0.65392	0.02787	0.03089	0.02849	0.07180	0.00987	0.00704	0.00232	0.00527	0.00823	0.00692	0.01046
37	0.00960	0.06311	0.00982	0.00790	0.01055	0.00823	0.00617	0.01277	0.06777	0.01955	0.09588	0.05798	0.57547	0.01570	0.00773	0.00224	0.00388	0.01303	0.00621	0.00641
38	0.01845	0.01461	0.01577	0.01364	0.01790	0.01623	0.01073	0.08300	0.55358	0.07914	0.02576	0.02384	0.01911	0.00883	0.00680	0.00219	0.00557	0.00728	0.00684	0.07074
39	0.16843	0.15031	0.30015	0.01673	0.02367	0.06998	0.10128	0.02106	0.01433	0.02194	0.01252	0.04758	0.01035	0.00700	0.00598	0.00205	0.00877	0.00555	0.00343	0.00889
40	0.02491	0.03125	0.01909	0.01735	0.02090	0.67802	0.01304	0.02800	0.07120	0.01764	0.01188	0.01333	0.00973	0.00722	0.00623	0.00180	0.01181	0.00466	0.00378	0.00815
41	0.00834	0.00595	0.00794	0.00953	0.00992	0.00556	0.00635	0.00953	0.01310	0.01746	0.03771	0.75510	0.04525	0.02143	0.00873	0.00278	0.00397	0.01945	0.00635	0.00556
42	0.01682	0.01614	0.02756	0.06252	0.69728	0.01622	0.02094	0.02089	0.01552	0.02221	0.01285	0.01697	0.01079	0.00612	0.00677	0.00204	0.00816	0.00610	0.00338	0.01074
43	0.00855	0.00680	0.00770	0.00799	0.00977	0.00595	0.00591	0.01051	0.01578	0.01996	0.17542	0.19705	0.43925	0.01760	0.00827	0.00241	0.00365	0.04499	0.00656	0.00588
44	0.05651	0.07808	0.12807	0.15460	0.10396	0.01554	0.01504	0.09977	0.05535	0.03591	0.01523	0.01956	0.01238	0.05215	0.09443	0.00337	0.00908	0.00609	0.03612	0.00878
45	0.01546	0.00947	0.00995	0.00885	0.01135	0.00997	0.00690	0.15514	0.05490	0.02940	0.07119	0.02550	0.01990	0.00852	0.00556	0.00177	0.00419	0.00684	0.53745	0.00769
46	0.04484	0.09384	0.01696	0.01240	0.01625	0.11921	0.00994	0.18306	0.05504	0.11220	0.10835	0.02683	0.07320	0.06337	0.00862	0.00232	0.00677	0.00742	0.03054	0.00883
47	0.06236	0.01538	0.01660	0.01353	0.01803	0.01655	0.01098	0.39028	0.10487	0.03459	0.02000	0.07440	0.01676	0.00953	0.00674	0.00208	0.00638	0.04823	0.04268	0.09004
48	0.07194	0.01268	0.03829	0.04692	0.04968	0.01394	0.03231	0.03546	0.01408	0.07865	0.10439	0.04545	0.01934	0.01664	0.12497	0.00373	0.22511	0.00728	0.00452	0.05461

[dist]
# distance from previous block
# <min> <max>
1	8

[block]
# block no. 1 follows, 31 sequences, length 20
# corresponding to MSA columns:
# 77-96
name=unknown_B
#
# <colnr> <probs for GDERKNQSTAVLIFYWHMCP>
#	G	D	E	R	K	N	Q	S	T	A	V	L	I	F	Y	W	H	M	C	P
0	0.01311	0.04385	0.01237	0.01175	0.07209	0.00956	0.00818	0.03830	0.04759	0.04047	0.09907	0.03575	0.15346	0.04217	0.03003	0.03241	0.00519	0.03791	0.17812	0.08862
1	0.01400	0.01216	0.01459	0.01091	0.01610	0.01017	0.00873	0.01679	0.01376	0.02147	0.01301	0.04835	0.01163	0.00653	0.00702	0.00130	0.08114	0.00496	0.00405	0.68333
2	0.00988	0.00692	0.00821	0.00835	0.00879	0.00706	0.00525	0.01106	0.03360	0.01485	0.02548	0.12693	0.05823	0.52123	0.11984	0.00640	0.00764	0.01087	0.00454	0.00486
3	0.00969	0.00712	0.01026	0.01038	0.01137	0.00805	0.00776	0.01169	0.01101	0.01564	0.02030	0.08653	0.02041	0.14900	0.57714	0.00973	0.01555	0.00865	0.00394	0.00579
4	0.00817	0.00685	0.00711	0.00722	0.00934	0.00578	0.00535	0.00992	0.01553	0.01875	0.09220	0.12515	0.63013	0.01755	0.00814	0.00234	0.00350	0.01479	0.00640	0.00578
5	0.00842	0.00635	0.00780	0.00870	0.00977	0.00572	0.00604	0.01000	0.01452	0.01891	0.12538	0.48137	0.23335	0.01942	0.00848	0.00258	0.00374	0.01723	0.00649	0.00572
6	0.01402	0.05891	0.56673	0.09417	0.03149	0.01636	0.08206	0.02121	0.01449	0.02105	0.01230	0.01505	0.00887	0.00645	0.00659	0.00216	0.01003	0.00537	0.00296	0.00973
7	0.00982	0.00714	0.01004	0.01004	0.01093	0.00803	0.00736	0.01160	0.01071	0.01517	0.01920	0.03173	0.01921	0.24352	0.54313	0.00981	0.01515	0.00804	0.00380	0.00558
8	0.02129	0.22699	0.09499	0.01526	0.01992	0.40702	0.01333	0.02393	0.01697	0.01783	0.01147	0.01332	0.00954	0.00675	0.00561	0.00171	0.00998	0.00444	0.07141	0.00825
9	0.01675	0.08495	0.42588	0.01872	0.02645	0.15221	0.07609	0.04605	0.01633	0.02137	0.04406	0.01587	0.01150	0.00690	0.00650	0.00205	0.01004	0.00545	0.00341	0.00941
10	0.04637	0.07614	0.01378	0.01122	0.03797	0.05369	0.00854	0.06407	0.01847	0.08667	0.29127	0.04148	0.17776	0.01224	0.00729	0.00212	0.00507	0.03188	0.00636	0.00762
11	0.01795	0.10904	0.15225	0.01706	0.08018	0.14774	0.01438	0.09607	0.06721	0.04193	0.01675	0.07846	0.01449	0.01221	0.07065	0.00280	0.00921	0.00668	0.03594	0.00900
12	0.11777	0.24973	0.05647	0.07376	0.07757	0.18387	0.05214	0.02250	0.04533	0.01982	0.01139	0.01371	0.00943	0.00668	0.00621	0.00189	0.03486	0.00479	0.00348	0.00861
13	0.04240	0.04230	0.10489	0.04380	0.02049	0.11924	0.01301	0.25287	0.11938	0.02822	0.01912	0.02186	0.04593	0.08523	0.00950	0.00254	0.00795	0.00662	0.00525	0.00939
14	0.01048	0.00810	0.01222	0.01116	0.01237	0.00839	0.07651	0.01209	0.01129	0.01550	0.02086	0.06953	0.02208	0.37502	0.27513	0.00743	0.01111	0.03116	0.00408	0.00549
15	0.01703	0.01145	0.01579	0.01330	0.01639	0.01195	0.06852	0.17306	0.01770	0.12648	0.02109	0.09966	0.01891	0.10070	0.24947	0.00558	0.01073	0.00857	0.00541	0.00821
16	0.00872	0.00637	0.00796	0.00873	0.00962	0.00587	0.00596	0.01026	0.01436	0.01909	0.16916	0.43982	0.15259	0.09501	0.01118	0.00298	0.00402	0.01634	0.00635	0.00562
17	0.01207	0.00896	0.08220	0.01000	0.01103	0.00696	0.00792	0.01022	0.00948	0.01289	0.01192	0.02015	0.01155	0.02200	0.02466	0.71910	0.00637	0.00585	0.00296	0.00370
18	0.01738	0.01616	0.02653	0.09902	0.59979	0.01660	0.02013	0.07919	0.01686	0.02374	0.01312	0.01700	0.01076	0.00634	0.00678	0.00205	0.00816	0.00610	0.00366	0.01063
19	0.02443	0.02028	0.01900	0.01545	0.02013	0.15413	0.01237	0.44893	0.08034	0.06532	0.01787	0.05852	0.01396	0.00884	0.00683	0.00206	0.00800	0.00673	0.00627	0.01053

[dist]
# distance from previous block
# <min> <max>
0	1

[block]
# block no. 2 follows, 31 sequences, length 19
# corresponding to MSA columns:
# 98-116
name=unknown_C
#
# <colnr> <probs for GDERKNQSTAVLIFYWHMCP>
#	G	D	E	R	K	N	Q	S	T	A	V	L	I	F	Y	W	H	M	C	P
0	0.11909	0.27107	0.19024	0.04857	0.02179	0.07713	0.01477	0.06690	0.04177	0.07193	0.01277	0.01405	0.00982	0.00668	0.00556	0.00189	0.00805	0.00472	0.00394	0.00927
1	0.60339	0.01337	0.01167	0.01006	0.01428	0.01510	0.00824	0.10134	0.01490	0.07384	0.04176	0.01477	0.01129	0.00866	0.03120	0.00243	0.00598	0.00470	0.00493	0.00809
2	0.05018	0.10035	0.17187	0.10161	0.13237	0.13365	0.12075	0.04348	0.04339	0.02129	0.01266	0.01551	0.00987	0.00654	0.00648	0.00204	0.00952	0.00562	0.00352	0.00928
3	0.01170	0.00601	0.00877	0.00877	0.00877	0.00601	0.00577	0.00901	0.00901	0.01202	0.01281	0.02310	0.01313	0.09444	0.02751	0.72466	0.00601	0.00633	0.00308	0.00308
4	0.07381	0.13138	0.14032	0.06527	0.12827	0.04885	0.13339	0.02252	0.04384	0.09014	0.01668	0.01860	0.04326	0.00706	0.00647	0.00206	0.00842	0.00619	0.00408	0.00940
5	0.01264	0.00970	0.01090	0.01187	0.04456	0.06388	0.00812	0.03858	0.01523	0.06893	0.05557	0.39874	0.09708	0.07349	0.01019	0.00285	0.00537	0.05965	0.00603	0.00663
6	0.20881	0.15318	0.01886	0.01320	0.01729	0.23414	0.01081	0.09822	0.04466	0.02442	0.06753	0.01903	0.01513	0.00802	0.00581	0.00195	0.00793	0.03818	0.00455	0.00829
7	0.04803	0.08751	0.07386	0.05038	0.24331	0.01793	0.04624	0.16276	0.10698	0.07260	0.01598	0.01751	0.01213	0.00712	0.00655	0.00206	0.00766	0.00607	0.00483	0.01050
8	0.01373	0.00861	0.01025	0.00960	0.01225	0.00801	0.00742	0.01781	0.09215	0.15156	0.15100	0.13417	0.28572	0.01487	0.00790	0.00236	0.00432	0.05376	0.00699	0.00753
9	0.01068	0.00813	0.00923	0.00877	0.01079	0.00769	0.00649	0.08553	0.01769	0.02316	0.23776	0.15087	0.30616	0.07382	0.01012	0.00264	0.00416	0.01330	0.00657	0.00645
10	0.02510	0.01332	0.01657	0.01403	0.04878	0.01314	0.01084	0.18191	0.09047	0.38303	0.08821	0.02536	0.03907	0.00913	0.00702	0.00213	0.00597	0.00747	0.00757	0.01089
11	0.01806	0.01565	0.01979	0.09745	0.07703	0.07349	0.08747	0.16158	0.14953	0.05099	0.02006	0.10014	0.01700	0.01133	0.04316	0.00264	0.00814	0.00806	0.02912	0.00931
12	0.06561	0.00683	0.00807	0.00899	0.00990	0.00661	0.00618	0.01067	0.01292	0.01798	0.03671	0.45014	0.12195	0.14924	0.01295	0.00337	0.00461	0.05594	0.00581	0.00551
13	0.00985	0.00704	0.01012	0.01023	0.01113	0.00788	0.00757	0.01147	0.01084	0.01532	0.01966	0.07883	0.01979	0.15071	0.53096	0.06597	0.01476	0.00844	0.00387	0.00556
14	0.08393	0.03432	0.10665	0.03998	0.01967	0.07501	0.04254	0.07739	0.11082	0.12196	0.07594	0.04966	0.04168	0.01195	0.05831	0.00275	0.00789	0.00730	0.00543	0.02683
15	0.06664	0.18469	0.02067	0.08421	0.04326	0.09977	0.01169	0.08921	0.11242	0.05286	0.04162	0.07854	0.01622	0.00848	0.00615	0.00194	0.00709	0.00666	0.00481	0.06306
16	0.05223	0.01755	0.03519	0.09101	0.06327	0.14464	0.04033	0.03718	0.06383	0.09151	0.01432	0.01818	0.01172	0.04018	0.03992	0.00285	0.21730	0.00611	0.00419	0.00847
17	0.12295	0.09581	0.01686	0.01217	0.01624	0.04696	0.03212	0.16296	0.07761	0.02732	0.07078	0.10677	0.04013	0.00956	0.00630	0.00198	0.00603	0.00772	0.04480	0.09493
18	0.11769	0.01483	0.01621	0.04725	0.01843	0.08702	0.05269	0.11100	0.09310	0.05231	0.10129	0.06732	0.03212	0.00947	0.00772	0.00213	0.05919	0.00754	0.03917	0.06355

[dist]
# distance from previous block
# <min> <max>
0	13

[block]
# block no. 3 follows, 31 sequences, length 7
# corresponding to MSA columns:
# 130-136
name=unknown_D
#
# <colnr> <probs for GDERKNQSTAVLIFYWHMCP>
#	G	D	E	R	K	N	Q	S	T	A	V	L	I	F	Y	W	H	M	C	P
0	0.07121	0.05253	0.05384	0.04927	0.04271	0.14365	0.01281	0.09630	0.10358	0.13281	0.04597	0.01995	0.03432	0.00870	0.00850	0.00217	0.10088	0.00629	0.00521	0.00928
1	0.04764	0.12711	0.13119	0.02040	0.15988	0.08485	0.01566	0.14728	0.03991	0.08807	0.01422	0.01565	0.01083	0.00706	0.00668	0.00196	0.03040	0.00540	0.00451	0.04132
2	0.01200	0.00785	0.00980	0.00983	0.01089	0.00810	0.00695	0.04516	0.09592	0.01877	0.05455	0.20685	0.02642	0.09692	0.01694	0.26845	0.00527	0.04046	0.05328	0.00559
3	0.06175	0.04767	0.13739	0.09560	0.10559	0.01266	0.04677	0.01783	0.01516	0.02260	0.14138	0.05822	0.02132	0.00821	0.00650	0.00191	0.00676	0.00713	0.00435	0.18118
4	0.05406	0.10414	0.17746	0.11445	0.13547	0.01597	0.01612	0.05133	0.09020	0.02300	0.06636	0.05533	0.01645	0.00800	0.00646	0.00207	0.00745	0.00667	0.00424	0.04478
5	0.01456	0.01409	0.08736	0.10923	0.03869	0.04048	0.05477	0.06517	0.01567	0.06971	0.07704	0.02912	0.06122	0.05342	0.17318	0.00445	0.04153	0.03783	0.00463	0.00785
6	0.00914	0.00642	0.00780	0.00839	0.00889	0.00612	0.00537	0.01010	0.01267	0.01691	0.10825	0.33405	0.08639	0.32585	0.01941	0.00427	0.00495	0.01438	0.00557	0.00509

[dist]
# distance from previous block
# <min> <max>
0	5

[block]
# block no. 4 follows, 31 sequences, length 21
# corresponding to MSA columns:
# 142-162
name=unknown_E
#
# <colnr> <probs for GDERKNQSTAVLIFYWHMCP>
#	G	D	E	R	K	N	Q	S	T	A	V	L	I	F	Y	W	H	M	C	P
0	0.01844	0.04572	0.15187	0.08120	0.11802	0.01602	0.12451	0.13356	0.04039	0.09355	0.01540	0.01746	0.01134	0.00682	0.00668	0.00203	0.00828	0.00612	0.02757	0.07502
1	0.07060	0.04099	0.07455	0.21838	0.07177	0.05616	0.14193	0.02014	0.01497	0.07247	0.01676	0.03553	0.03460	0.02641	0.00736	0.00224	0.00834	0.00677	0.07168	0.00835
2	0.01034	0.00790	0.00878	0.00912	0.00995	0.04269	0.00622	0.01167	0.01277	0.01708	0.07371	0.23154	0.07126	0.27148	0.11502	0.00501	0.00716	0.03043	0.05244	0.00542
3	0.06487	0.05300	0.06229	0.09127	0.23389	0.05205	0.08953	0.10499	0.05291	0.04270	0.01784	0.02106	0.05266	0.00765	0.00677	0.00212	0.00811	0.02235	0.00436	0.00959
4	0.01977	0.08850	0.11244	0.02076	0.16375	0.15217	0.01535	0.12992	0.08356	0.04484	0.01478	0.01640	0.01150	0.00720	0.00666	0.00195	0.02585	0.00555	0.04237	0.03668
5	0.10777	0.01418	0.04187	0.04260	0.11572	0.01602	0.01337	0.08242	0.01393	0.02183	0.01277	0.01812	0.01135	0.04289	0.13883	0.00404	0.24359	0.00600	0.00378	0.04894
6	0.03189	0.05975	0.05713	0.03241	0.04153	0.01255	0.03674	0.01585	0.01340	0.01966	0.02099	0.11762	0.07360	0.04687	0.01059	0.00229	0.13486	0.02383	0.04504	0.20340
7	0.01668	0.27806	0.02623	0.09302	0.13572	0.07383	0.04855	0.04182	0.01487	0.01859	0.01480	0.04285	0.03193	0.05522	0.00906	0.00227	0.06269	0.02183	0.00359	0.00842
8	0.01450	0.01342	0.02138	0.31330	0.25478	0.01452	0.03677	0.04061	0.04829	0.02096	0.01917	0.02394	0.07465	0.00794	0.00696	0.00216	0.00785	0.02657	0.00392	0.04831
9	0.06700	0.14184	0.23457	0.01759	0.09350	0.08083	0.01596	0.05723	0.04898	0.08259	0.01574	0.01774	0.03057	0.03595	0.00718	0.00214	0.00816	0.00556	0.00415	0.03271
10	0.01335	0.01284	0.09915	0.01265	0.03715	0.04460	0.01036	0.01680	0.06985	0.05332	0.02272	0.10691	0.03893	0.11104	0.09817	0.11425	0.00797	0.06940	0.03156	0.02897
11	0.00893	0.00644	0.00823	0.00891	0.00995	0.00592	0.00630	0.01055	0.01496	0.01995	0.21482	0.39249	0.16198	0.01889	0.00955	0.05022	0.00388	0.03588	0.00645	0.00569
12	0.01410	0.07099	0.05584	0.15440	0.06397	0.03148	0.09019	0.05180	0.05322	0.01975	0.04213	0.10897	0.05776	0.01218	0.01041	0.13537	0.00738	0.00837	0.00424	0.00744
13	0.01709	0.10847	0.12544	0.03683	0.05422	0.21680	0.04913	0.04167	0.01626	0.01967	0.03784	0.15669	0.01808	0.00985	0.00704	0.00208	0.02585	0.00803	0.04086	0.00810
14	0.01623	0.01041	0.01168	0.01032	0.01298	0.01087	0.00787	0.15083	0.10411	0.08451	0.11665	0.09465	0.02637	0.09173	0.00968	0.00254	0.00498	0.00891	0.21658	0.00808
15	0.00835	0.00616	0.00782	0.00906	0.00982	0.00563	0.00617	0.00971	0.01376	0.01802	0.06952	0.61402	0.15599	0.02046	0.00860	0.00268	0.00386	0.01835	0.00640	0.00563
16	0.01791	0.09894	0.14126	0.14091	0.13554	0.15825	0.13400	0.05540	0.01659	0.02066	0.01221	0.01546	0.00956	0.00649	0.00660	0.00203	0.00991	0.00569	0.00341	0.00917
17	0.06366	0.04371	0.13015	0.12967	0.37810	0.05917	0.05726	0.02097	0.01512	0.02152	0.01229	0.01601	0.00986	0.00630	0.00655	0.00207	0.00881	0.00573	0.00331	0.00975
18	0.00882	0.00636	0.00812	0.00934	0.01003	0.00598	0.00648	0.01014	0.01328	0.01739	0.03894	0.51359	0.11454	0.11331	0.01202	0.00325	0.00452	0.09234	0.00607	0.00549
19	0.02354	0.10922	0.02064	0.05252	0.02143	0.56530	0.01293	0.04422	0.01863	0.01787	0.01126	0.01323	0.00932	0.00699	0.00596	0.00176	0.01106	0.00455	0.04154	0.00804
20	0.00968	0.00981	0.07703	0.04812	0.01342	0.00755	0.00830	0.01244	0.01587	0.02126	0.28250	0.12063	0.23492	0.09543	0.01083	0.00275	0.00471	0.01238	0.00603	0.00633

[dist]
# distance from previous block
# <min> <max>
7	15

[block]
# block no. 5 follows, 31 sequences, length 9
# corresponding to MSA columns:
# 179-187
name=unknown_F
#
# <colnr> <probs for GDERKNQSTAVLIFYWHMCP>
#	G	D	E	R	K	N	Q	S	T	A	V	L	I	F	Y	W	H	M	C	P
0	0.03828	0.18348	0.15700	0.01812	0.06538	0.07526	0.11385	0.10366	0.01758	0.02318	0.05802	0.02215	0.04272	0.00805	0.00656	0.00204	0.00843	0.04299	0.00419	0.00907
1	0.04321	0.03496	0.09514	0.01845	0.10415	0.01361	0.12659	0.11539	0.01864	0.08843	0.13519	0.05327	0.10364	0.00972	0.00726	0.00217	0.00702	0.00870	0.00543	0.00903
2	0.01015	0.00687	0.00814	0.00844	0.00874	0.00687	0.00546	0.01075	0.01105	0.01464	0.02435	0.05094	0.02763	0.61850	0.02999	0.00597	0.00657	0.13582	0.00456	0.00456
3	0.01084	0.00676	0.00991	0.00963	0.01018	0.00656	0.03989	0.00993	0.01063	0.01406	0.02187	0.16538	0.05930	0.16580	0.02298	0.41238	0.00585	0.00983	0.00404	0.00415
4	0.09970	0.14143	0.14657	0.01670	0.09317	0.05028	0.01412	0.09662	0.09271	0.09465	0.01912	0.03718	0.05343	0.00805	0.00621	0.00204	0.00729	0.00627	0.00484	0.00963
5	0.01731	0.05991	0.16358	0.04163	0.02602	0.01536	0.23845	0.02350	0.08449	0.13032	0.01818	0.06041	0.01448	0.03972	0.00888	0.00244	0.03373	0.00759	0.00461	0.00939
6	0.01109	0.00907	0.01319	0.05631	0.14659	0.00948	0.00988	0.01281	0.01265	0.01725	0.02597	0.29274	0.05146	0.20238	0.05068	0.00396	0.05108	0.01223	0.00472	0.00647
7	0.05743	0.27596	0.10263	0.05141	0.02134	0.14796	0.04703	0.02161	0.04919	0.01900	0.01259	0.04503	0.01104	0.00739	0.00677	0.00188	0.05663	0.00534	0.00355	0.05622
8	0.03968	0.04121	0.08855	0.05784	0.15310	0.06469	0.08222	0.04737	0.03997	0.02314	0.16711	0.09005	0.02548	0.01129	0.03619	0.00251	0.00776	0.00857	0.00479	0.00847

[dist]
# distance from previous block
# <min> <max>
1	39

[block]
# block no. 6 follows, 31 sequences, length 43
# corresponding to MSA columns:
# 227-269
name=unknown_G
#
# <colnr> <probs for GDERKNQSTAVLIFYWHMCP>
#	G	D	E	R	K	N	Q	S	T	A	V	L	I	F	Y	W	H	M	C	P
0	0.04345	0.05602	0.09188	0.01425	0.06131	0.04875	0.01162	0.06354	0.05859	0.02252	0.07512	0.13006	0.05977	0.04723	0.00861	0.00250	0.00646	0.13212	0.00526	0.06094
1	0.07662	0.20894	0.18344	0.01291	0.01827	0.01525	0.04480	0.01853	0.01510	0.06399	0.11254	0.04815	0.11144	0.03341	0.00727	0.00216	0.00675	0.00762	0.00458	0.00823
2	0.04546	0.31066	0.02474	0.01428	0.04077	0.17252	0.01177	0.15049	0.01900	0.02329	0.06918	0.03103	0.01470	0.00753	0.00573	0.00175	0.00790	0.00543	0.00435	0.03943
3	0.01323	0.01769	0.21190	0.03515	0.04683	0.03432	0.01316	0.04088	0.05738	0.02150	0.04787	0.10009	0.08530	0.08610	0.00958	0.00250	0.00679	0.00836	0.04869	0.11268
4	0.01565	0.06166	0.05827	0.01262	0.01553	0.13200	0.01029	0.08319	0.04458	0.04807	0.08682	0.17914	0.04716	0.06214	0.08726	0.00343	0.02968	0.00973	0.00520	0.00759
5	0.06700	0.01729	0.04537	0.01633	0.02108	0.07431	0.14126	0.19823	0.15126	0.02896	0.08045	0.02545	0.08435	0.00904	0.00710	0.00217	0.00749	0.00781	0.00566	0.00941
6	0.00945	0.00655	0.00848	0.00905	0.00958	0.00672	0.00609	0.01064	0.01155	0.01601	0.02661	0.29624	0.02994	0.27911	0.20045	0.00611	0.00847	0.01256	0.04113	0.00525
7	0.01676	0.01651	0.02603	0.12508	0.55621	0.05311	0.01998	0.02061	0.01523	0.02110	0.01242	0.01674	0.01041	0.00660	0.00772	0.00211	0.05396	0.00600	0.00333	0.01009
8	0.12826	0.01946	0.01826	0.01499	0.01944	0.12544	0.01209	0.36790	0.12380	0.03380	0.01584	0.01634	0.01183	0.00818	0.00737	0.00212	0.05317	0.00579	0.00578	0.01015
9	0.01074	0.00742	0.00912	0.00941	0.01058	0.00716	0.00659	0.05680	0.01514	0.04046	0.12851	0.37379	0.09521	0.15623	0.01329	0.00332	0.00470	0.03927	0.00620	0.00605
10	0.00889	0.00702	0.00804	0.00794	0.00994	0.00617	0.00606	0.01128	0.01703	0.02200	0.31088	0.06102	0.42303	0.01617	0.00817	0.00231	0.00357	0.05761	0.00680	0.00607
11	0.02112	0.01387	0.01569	0.01292	0.01708	0.01457	0.01033	0.29871	0.12345	0.16244	0.08227	0.09505	0.08015	0.01088	0.00725	0.00220	0.00588	0.00896	0.00713	0.01005
12	0.00925	0.00679	0.00885	0.01004	0.01120	0.00639	0.00767	0.01129	0.01477	0.01928	0.08915	0.38296	0.14788	0.01947	0.00882	0.00278	0.00459	0.22650	0.00642	0.00589
13	0.02667	0.01363	0.01659	0.01311	0.01808	0.01351	0.01070	0.17925	0.13282	0.43393	0.05032	0.02316	0.01817	0.00875	0.00693	0.00214	0.00604	0.00706	0.00783	0.01132
14	0.01169	0.00728	0.00914	0.00896	0.01086	0.00650	0.00660	0.01387	0.01659	0.11487	0.26244	0.26338	0.20916	0.01630	0.00811	0.00237	0.00385	0.01427	0.00702	0.00671
15	0.00837	0.00612	0.00777	0.00906	0.00971	0.00564	0.00608	0.00959	0.01331	0.01742	0.04149	0.62400	0.13998	0.05463	0.00983	0.00289	0.00402	0.01830	0.00625	0.00552
16	0.01589	0.01559	0.02775	0.20457	0.46904	0.01615	0.11004	0.02029	0.01521	0.02115	0.01283	0.01744	0.01037	0.00623	0.00696	0.00213	0.00881	0.00636	0.00332	0.00986
17	0.02027	0.01271	0.01434	0.01224	0.01617	0.01344	0.00969	0.11052	0.30266	0.20472	0.02804	0.05239	0.05476	0.00964	0.00678	0.00216	0.00534	0.00793	0.10610	0.01013
18	0.01744	0.01752	0.06457	0.16411	0.22597	0.10966	0.03368	0.02271	0.07975	0.07157	0.01693	0.02343	0.01414	0.00831	0.00761	0.00224	0.03694	0.06992	0.00427	0.00923
19	0.00924	0.00683	0.00862	0.00848	0.01002	0.00622	0.00624	0.01194	0.01787	0.02459	0.51442	0.15536	0.16367	0.01559	0.00817	0.00227	0.00337	0.01372	0.00718	0.00622
20	0.01446	0.03945	0.04267	0.03316	0.06566	0.03666	0.06216	0.10277	0.03483	0.04554	0.09475	0.15741	0.13892	0.02902	0.00867	0.00243	0.02782	0.05012	0.00560	0.00791
21	0.01709	0.01758	0.09892	0.08407	0.18261	0.01637	0.09432	0.14157	0.15240	0.02659	0.03639	0.04755	0.01603	0.00831	0.00714	0.00222	0.00785	0.02807	0.00492	0.00999
22	0.02530	0.02934	0.01945	0.01712	0.02103	0.56856	0.01308	0.15389	0.04958	0.02222	0.01238	0.01365	0.00984	0.00736	0.00633	0.00184	0.01115	0.00487	0.00429	0.00875
23	0.01639	0.01819	0.09570	0.06336	0.55047	0.01630	0.09684	0.02104	0.01547	0.02206	0.01290	0.01691	0.01052	0.00612	0.00690	0.00208	0.00874	0.00622	0.00333	0.01047
24	0.01415	0.01354	0.04609	0.30167	0.12763	0.01427	0.07368	0.05480	0.01520	0.03705	0.02061	0.06111	0.08840	0.01113	0.04374	0.00273	0.05407	0.00789	0.00402	0.00822
25	0.01529	0.03858	0.06646	0.03451	0.07642	0.10813	0.06450	0.01813	0.01527	0.07852	0.06556	0.18155	0.05198	0.03850	0.05859	0.00304	0.04323	0.02907	0.00490	0.00776
26	0.00863	0.00629	0.00816	0.00930	0.01011	0.00582	0.00649	0.01025	0.01433	0.01906	0.13169	0.55665	0.11448	0.01989	0.00862	0.00267	0.00394	0.05139	0.00651	0.00574
27	0.04470	0.03737	0.17956	0.06399	0.17425	0.01615	0.14139	0.04758	0.11830	0.05787	0.01766	0.01964	0.03594	0.00722	0.00689	0.00217	0.00843	0.00666	0.00430	0.00992
28	0.02097	0.04676	0.04557	0.08081	0.10831	0.15647	0.08572	0.12964	0.06292	0.10420	0.01511	0.01703	0.01141	0.00766	0.00818	0.00213	0.07672	0.00605	0.00468	0.00965
29	0.01739	0.14882	0.07718	0.05128	0.07940	0.01648	0.09253	0.04818	0.16486	0.10032	0.04820	0.05605	0.05245	0.00868	0.00674	0.00211	0.00710	0.00753	0.00516	0.00952
30	0.00848	0.00635	0.00771	0.00860	0.00959	0.00576	0.00589	0.00989	0.01404	0.01819	0.09522	0.46280	0.23115	0.07047	0.01030	0.00287	0.00396	0.01688	0.00629	0.00559
31	0.01338	0.05921	0.06831	0.10144	0.10909	0.01307	0.04370	0.06836	0.01594	0.02140	0.06739	0.17297	0.09165	0.01237	0.00846	0.00238	0.05198	0.06611	0.00490	0.00789
32	0.01972	0.09213	0.14436	0.04448	0.07468	0.08288	0.14663	0.08840	0.04243	0.13641	0.01821	0.01943	0.04427	0.00742	0.00679	0.00208	0.00873	0.00649	0.00470	0.00979
33	0.01009	0.00777	0.01198	0.01144	0.01279	0.00875	0.04005	0.01242	0.01112	0.01587	0.01847	0.02846	0.01765	0.12756	0.62135	0.01011	0.01671	0.00765	0.00371	0.00604
34	0.05269	0.23983	0.04954	0.01389	0.01715	0.06279	0.01227	0.05375	0.04610	0.01952	0.01258	0.01613	0.01105	0.01423	0.10910	0.00333	0.21003	0.00535	0.04254	0.00812
35	0.01962	0.09056	0.05526	0.06097	0.11364	0.12391	0.09064	0.08285	0.03984	0.11422	0.06252	0.04651	0.01606	0.00823	0.00755	0.00209	0.04457	0.00685	0.00479	0.00932
36	0.01667	0.01559	0.02178	0.29010	0.20649	0.07519	0.04009	0.10946	0.01721	0.02255	0.01493	0.04161	0.01265	0.00799	0.00734	0.00220	0.02710	0.03905	0.02310	0.00889
37	0.01038	0.00730	0.00959	0.01042	0.01196	0.00704	0.00855	0.01325	0.01620	0.02204	0.19140	0.12617	0.10095	0.01696	0.00856	0.00269	0.00489	0.35215	0.07327	0.00623
38	0.01708	0.01641	0.05738	0.22087	0.24936	0.04255	0.03556	0.06268	0.05107	0.06186	0.01388	0.01755	0.01085	0.00754	0.00885	0.00225	0.10474	0.00615	0.00391	0.00944
39	0.04500	0.01656	0.02182	0.09353	0.14845	0.08483	0.10733	0.15133	0.04723	0.09577	0.02205	0.02336	0.09537	0.00834	0.00701	0.00213	0.00800	0.00728	0.00508	0.00953
40	0.01775	0.06684	0.03864	0.05013	0.23065	0.10443	0.05746	0.06196	0.04307	0.06070	0.01725	0.11181	0.01560	0.00877	0.00727	0.00208	0.03147	0.00757	0.02521	0.04133
41	0.04355	0.05343	0.07871	0.05151	0.02147	0.11456	0.09939	0.12174	0.01766	0.06726	0.04089	0.02287	0.06296	0.04769	0.07813	0.00319	0.05491	0.00697	0.00459	0.00850
42	0.06392	0.03272	0.06945	0.08806	0.05329	0.07486	0.03802	0.19129	0.13324	0.05119	0.01970	0.03968	0.04776	0.01015	0.03307	0.00248	0.02951	0.00688	0.00522	0.00951

[dist]
# distance from previous block
# <min> <max>
18	94

[block]
# block no. 7 follows, 31 sequences, length 28
# corresponding to MSA columns:
# 388-415
name=unknown_H
#
# <colnr> <probs for GDERKNQSTAVLIFYWHMCP>
#	G	D	E	R	K	N	Q	S	T	A	V	L	I	F	Y	W	H	M	C	P
0	0.01876	0.06106	0.03310	0.01812	0.12395	0.05514	0.03989	0.14597	0.13558	0.07204	0.04152	0.02328	0.04082	0.00829	0.00666	0.00197	0.00692	0.03684	0.00539	0.12469
1	0.04126	0.03904	0.04426	0.01586	0.02048	0.33647	0.01283	0.20583	0.06709	0.12791	0.01568	0.01591	0.01150	0.00765	0.00644	0.00194	0.00933	0.00545	0.00533	0.00973
2	0.01962	0.17815	0.05284	0.08893	0.08173	0.21526	0.01408	0.06643	0.17486	0.02168	0.01508	0.01638	0.01194	0.00725	0.00615	0.00194	0.00864	0.00545	0.00430	0.00930
3	0.01696	0.01930	0.03296	0.02461	0.03028	0.12403	0.49058	0.02255	0.05791	0.02116	0.01621	0.08032	0.01373	0.00750	0.00778	0.00227	0.01065	0.00846	0.00393	0.00882
4	0.00840	0.00638	0.00774	0.00860	0.00974	0.00572	0.00599	0.00998	0.01455	0.01884	0.11880	0.46072	0.26116	0.01934	0.00846	0.00256	0.00373	0.01710	0.00648	0.00572
5	0.01347	0.08164	0.01699	0.01553	0.10583	0.01090	0.06313	0.01643	0.01641	0.07200	0.24018	0.09783	0.06500	0.05879	0.00936	0.00254	0.00577	0.09485	0.00579	0.00757
6	0.02031	0.07929	0.15746	0.01492	0.02064	0.03357	0.01405	0.20878	0.19736	0.11145	0.05772	0.02057	0.01669	0.00829	0.00667	0.00210	0.00715	0.00654	0.00594	0.01053
7	0.02476	0.03143	0.01882	0.01714	0.02061	0.69890	0.01285	0.02652	0.01921	0.01682	0.01326	0.01478	0.04105	0.00752	0.00626	0.00179	0.01193	0.00486	0.00365	0.00783
8	0.00966	0.00670	0.00751	0.00751	0.00790	0.00657	0.00446	0.01001	0.01084	0.01415	0.02864	0.04731	0.12848	0.62236	0.05574	0.00614	0.00657	0.01053	0.00446	0.00446
9	0.02028	0.02535	0.08070	0.02078	0.10965	0.38937	0.07357	0.04248	0.01731	0.01895	0.01263	0.01594	0.01052	0.01348	0.11593	0.00328	0.01231	0.00548	0.00356	0.00843
10	0.01971	0.01835	0.07399	0.08758	0.14253	0.05641	0.11764	0.19675	0.07570	0.07677	0.01716	0.02110	0.01333	0.00786	0.00711	0.00219	0.00847	0.04223	0.00504	0.01011
11	0.01489	0.01508	0.01700	0.01521	0.01592	0.12387	0.01203	0.01634	0.01196	0.01608	0.01359	0.05977	0.01399	0.11143	0.11447	0.00431	0.40657	0.00715	0.00349	0.00684
12	0.00971	0.00653	0.00753	0.00777	0.00783	0.00647	0.00448	0.00989	0.01042	0.01390	0.02399	0.15184	0.02794	0.64831	0.03089	0.00605	0.00623	0.01138	0.00448	0.00436
13	0.01769	0.01640	0.02710	0.12861	0.44983	0.01698	0.09274	0.12209	0.01789	0.02479	0.01342	0.01719	0.01068	0.00648	0.00693	0.00210	0.00854	0.00632	0.00387	0.01036
14	0.09298	0.01347	0.05396	0.01626	0.12066	0.03434	0.01133	0.13337	0.01695	0.02475	0.04211	0.20220	0.02184	0.01433	0.05154	0.03672	0.00695	0.02202	0.03344	0.05077
15	0.01073	0.00757	0.00981	0.01058	0.01224	0.00725	0.00851	0.01375	0.03729	0.04580	0.12849	0.20533	0.15129	0.01785	0.00874	0.00275	0.00493	0.30410	0.00658	0.00642
16	0.02414	0.12424	0.01745	0.01140	0.01605	0.01219	0.00957	0.02745	0.04760	0.45284	0.11645	0.02772	0.06414	0.00936	0.00674	0.00204	0.00555	0.00760	0.00732	0.01015
17	0.01598	0.10990	0.54708	0.01842	0.02710	0.12499	0.02206	0.02240	0.01513	0.02035	0.01174	0.01377	0.00870	0.00652	0.00623	0.00203	0.01016	0.00481	0.00299	0.00965
18	0.02003	0.28680	0.13122	0.01553	0.02075	0.26726	0.01442	0.04157	0.06602	0.01879	0.01177	0.01338	0.00973	0.00701	0.00657	0.00183	0.05033	0.00462	0.00352	0.00884
19	0.00986	0.00697	0.00918	0.00918	0.00978	0.00757	0.00629	0.01105	0.01046	0.01454	0.01998	0.03605	0.02108	0.41423	0.37498	0.00876	0.01233	0.00867	0.00391	0.00510
20	0.01360	0.03189	0.61806	0.12857	0.03225	0.01578	0.02433	0.02104	0.01433	0.02104	0.01226	0.01502	0.00873	0.00655	0.00655	0.00218	0.00996	0.00521	0.00291	0.00973
21	0.01487	0.05361	0.01546	0.01323	0.01562	0.05455	0.01025	0.02440	0.32578	0.02236	0.04601	0.17823	0.02445	0.04638	0.01080	0.00263	0.11737	0.00979	0.00572	0.00850
22	0.01086	0.00822	0.01107	0.01319	0.11530	0.00829	0.00748	0.01208	0.01176	0.01605	0.05970	0.03960	0.06201	0.46658	0.12434	0.00606	0.00812	0.00938	0.00427	0.00564
23	0.04482	0.37613	0.14590	0.01876	0.12556	0.02126	0.05293	0.02014	0.01392	0.01882	0.01116	0.01396	0.00957	0.00883	0.04560	0.00234	0.05328	0.00484	0.00311	0.00906
24	0.00963	0.00973	0.07682	0.01026	0.01233	0.00757	0.00831	0.01320	0.06844	0.01999	0.11247	0.42940	0.16085	0.01753	0.00819	0.00253	0.00450	0.01551	0.00619	0.00654
25	0.01586	0.17036	0.10170	0.14485	0.24627	0.01769	0.09437	0.02013	0.01473	0.02014	0.01205	0.01558	0.00978	0.00608	0.00625	0.00190	0.00843	0.00552	0.00325	0.08506
26	0.02132	0.01887	0.02029	0.04128	0.18673	0.17975	0.03135	0.10988	0.12998	0.11622	0.01760	0.01980	0.01369	0.05287	0.00842	0.00232	0.00830	0.00637	0.00514	0.00984
27	0.01477	0.01288	0.01748	0.05869	0.15208	0.05524	0.06461	0.06544	0.06413	0.02079	0.02355	0.04433	0.11889	0.01424	0.04966	0.14592	0.00758	0.00783	0.02587	0.03604

[dist]
# distance from previous block
# <min> <max>
0	41

# created by:
# /home/berkeley/.conda/envs/busco_data_prod/bin/msa2prfl.pl pipeline/OGs_align_augustus/4893/41795.fs
