[name]
unknown

[dist]
# distance from previous block
# <min> <max>
0	0

[block]
# block no. 0 follows, 30 sequences, length 13
# corresponding to MSA columns:
# 0-12
name=unknown_A
#
# <colnr> <probs for GDERKNQSTAVLIFYWHMCP>
#	G	D	E	R	K	N	Q	S	T	A	V	L	I	F	Y	W	H	M	C	P
0	0.01124	0.00803	0.01124	0.01285	0.01446	0.00803	0.01124	0.01446	0.01606	0.02088	0.03695	0.07871	0.04016	0.01928	0.00964	0.00321	0.00643	0.66426	0.00643	0.00643
1	0.01015	0.00677	0.00761	0.00761	0.00761	0.00677	0.00423	0.01015	0.01015	0.01353	0.02199	0.04567	0.02537	0.75476	0.03552	0.00677	0.00677	0.01015	0.00423	0.00423
2	0.05155	0.23727	0.34861	0.01848	0.04949	0.01941	0.09012	0.02191	0.03860	0.02101	0.01253	0.01489	0.00979	0.00787	0.02860	0.00230	0.00945	0.00522	0.00327	0.00963
3	0.00844	0.00694	0.00742	0.00759	0.00962	0.00593	0.00558	0.01027	0.01593	0.01958	0.12698	0.15834	0.55740	0.01792	0.00834	0.00241	0.00358	0.01522	0.00659	0.00593
4	0.01867	0.01814	0.10960	0.02813	0.31671	0.01574	0.08191	0.10132	0.05087	0.09655	0.07699	0.02120	0.01678	0.00760	0.00715	0.00215	0.00799	0.00701	0.00489	0.01059
5	0.00879	0.00652	0.00807	0.00907	0.01003	0.00598	0.00631	0.01028	0.01425	0.01853	0.08482	0.46547	0.19816	0.07179	0.01062	0.00298	0.00420	0.05202	0.00639	0.00571
6	0.10357	0.06465	0.06813	0.01644	0.02061	0.54047	0.01330	0.02588	0.01813	0.01923	0.01126	0.01312	0.00921	0.00706	0.00597	0.00184	0.01105	0.00452	0.03739	0.00816
7	0.01667	0.18482	0.28216	0.05676	0.07993	0.01889	0.01802	0.09263	0.05840	0.02355	0.03239	0.01677	0.01207	0.00733	0.00692	0.00206	0.03904	0.00557	0.03623	0.00978
8	0.14504	0.01709	0.02157	0.07800	0.14767	0.10409	0.10951	0.08266	0.01748	0.09492	0.01619	0.01833	0.03217	0.00719	0.00651	0.00206	0.00816	0.00614	0.03095	0.05428
9	0.00914	0.00695	0.00833	0.00922	0.01037	0.00653	0.00644	0.01149	0.05060	0.01853	0.04543	0.44923	0.22242	0.07144	0.01053	0.00297	0.00428	0.04381	0.00635	0.00595
10	0.01365	0.01295	0.05067	0.21030	0.16862	0.01300	0.01463	0.03568	0.09744	0.02211	0.06143	0.14188	0.05934	0.01084	0.00739	0.00233	0.00684	0.02521	0.03720	0.00848
11	0.05547	0.08816	0.14376	0.12602	0.09155	0.03550	0.04383	0.12959	0.04130	0.13067	0.01743	0.01883	0.03233	0.00757	0.00664	0.00212	0.00815	0.00617	0.00488	0.01003
12	0.01657	0.04929	0.05884	0.01789	0.06913	0.01327	0.17754	0.04026	0.03925	0.11878	0.02168	0.05835	0.04802	0.20319	0.01516	0.00344	0.02750	0.00868	0.00485	0.00833

[dist]
# distance from previous block
# <min> <max>
10	23

[block]
# block no. 1 follows, 30 sequences, length 23
# corresponding to MSA columns:
# 39-61
name=unknown_B
#
# <colnr> <probs for GDERKNQSTAVLIFYWHMCP>
#	G	D	E	R	K	N	Q	S	T	A	V	L	I	F	Y	W	H	M	C	P
0	0.01901	0.15695	0.16613	0.01855	0.07238	0.06941	0.08396	0.14503	0.04462	0.06076	0.01793	0.05883	0.03966	0.00825	0.00669	0.00208	0.00845	0.00683	0.00463	0.00983
1	0.01519	0.03256	0.11796	0.06825	0.07949	0.01349	0.01343	0.09766	0.13344	0.04948	0.06888	0.18637	0.05150	0.01200	0.00752	0.00237	0.00652	0.02922	0.00570	0.00898
2	0.01350	0.00910	0.01059	0.00974	0.01185	0.00901	0.00713	0.10880	0.01664	0.07867	0.06874	0.12468	0.20627	0.20012	0.08976	0.00435	0.00674	0.01150	0.00595	0.00687
3	0.00872	0.00767	0.04177	0.00975	0.01096	0.00621	0.00720	0.01036	0.01386	0.01819	0.04271	0.59892	0.15709	0.02042	0.00869	0.00272	0.00426	0.01827	0.00631	0.00593
4	0.01764	0.08367	0.21682	0.07727	0.12828	0.08984	0.19551	0.04760	0.01660	0.04207	0.01321	0.01630	0.01004	0.00653	0.00694	0.00213	0.01011	0.00611	0.00357	0.00976
5	0.04030	0.08671	0.05092	0.10770	0.11030	0.07930	0.12553	0.05678	0.08476	0.04916	0.04391	0.05223	0.03989	0.00846	0.00752	0.00219	0.03326	0.00738	0.00453	0.00917
6	0.35716	0.09362	0.09254	0.04476	0.11312	0.08968	0.01353	0.02116	0.01373	0.02447	0.01064	0.01323	0.00866	0.00699	0.00684	0.00213	0.07090	0.00462	0.00369	0.00853
7	0.02170	0.01485	0.01788	0.01606	0.07393	0.01618	0.01196	0.33738	0.02340	0.11198	0.04120	0.02063	0.01511	0.01242	0.05861	0.03775	0.06137	0.00666	0.09099	0.00996
8	0.00868	0.00705	0.00772	0.00782	0.00988	0.00609	0.00588	0.01074	0.01638	0.02043	0.17556	0.11514	0.51940	0.01747	0.00836	0.00240	0.00366	0.04462	0.00668	0.00602
9	0.02126	0.01643	0.01812	0.01356	0.01941	0.01625	0.01108	0.39532	0.02480	0.03471	0.01485	0.01576	0.01120	0.00698	0.00619	0.00163	0.00658	0.00534	0.00574	0.35478
10	0.01031	0.00750	0.00912	0.00954	0.01118	0.00702	0.00743	0.01247	0.01488	0.01969	0.08607	0.09301	0.20306	0.15630	0.01359	0.00340	0.00522	0.24062	0.04991	0.03967
11	0.06185	0.15748	0.15121	0.09318	0.11475	0.11130	0.07075	0.06047	0.01605	0.02144	0.01179	0.01483	0.00949	0.00706	0.00764	0.00209	0.07050	0.00537	0.00349	0.00926
12	0.02246	0.04894	0.05673	0.03401	0.01938	0.08867	0.01194	0.24119	0.04351	0.17902	0.04429	0.09991	0.01893	0.04854	0.00853	0.00240	0.00733	0.00802	0.00632	0.00988
13	0.00867	0.00624	0.00826	0.00980	0.01037	0.00583	0.00673	0.01004	0.01364	0.01806	0.03976	0.67733	0.07439	0.02151	0.00893	0.00284	0.00418	0.06122	0.00647	0.00573
14	0.01252	0.00958	0.04176	0.01176	0.03906	0.00828	0.00874	0.06226	0.01616	0.08312	0.04004	0.40346	0.16731	0.01749	0.00833	0.00259	0.00494	0.04902	0.00644	0.00716
15	0.01724	0.16180	0.22532	0.04932	0.07999	0.01647	0.04500	0.04372	0.01535	0.10945	0.01628	0.05087	0.01384	0.09385	0.01027	0.00264	0.02850	0.00666	0.00420	0.00924
16	0.00943	0.00728	0.00964	0.01016	0.01102	0.00762	0.00734	0.01104	0.01312	0.01769	0.06133	0.37381	0.13068	0.06636	0.17122	0.00484	0.06140	0.01456	0.00554	0.00593
17	0.01169	0.00961	0.01281	0.06448	0.04186	0.04137	0.00994	0.01439	0.01297	0.01841	0.06411	0.04850	0.03415	0.03482	0.42558	0.00743	0.05687	0.00788	0.07640	0.00671
18	0.01781	0.07812	0.16143	0.11797	0.25224	0.13323	0.03880	0.04281	0.01620	0.02096	0.01222	0.01565	0.00982	0.00690	0.00745	0.00210	0.04765	0.00560	0.00339	0.00965
19	0.01868	0.06091	0.21788	0.02058	0.08398	0.06091	0.12257	0.09170	0.05298	0.09412	0.01611	0.04223	0.01254	0.00839	0.00831	0.03205	0.03513	0.00663	0.00446	0.00986
20	0.01282	0.01133	0.01493	0.01589	0.09472	0.07031	0.03448	0.01488	0.01238	0.01672	0.01679	0.02609	0.01606	0.12958	0.39146	0.05187	0.05203	0.00731	0.00367	0.00669
21	0.05737	0.03137	0.01381	0.07182	0.09431	0.01032	0.00967	0.04475	0.03291	0.01870	0.04343	0.12168	0.01894	0.04904	0.01636	0.31908	0.00626	0.00823	0.00419	0.02779
22	0.09275	0.01776	0.07793	0.08481	0.30372	0.01718	0.01721	0.15939	0.07816	0.06104	0.01545	0.01759	0.01176	0.00718	0.00669	0.00215	0.00779	0.00610	0.00475	0.01061

[dist]
# distance from previous block
# <min> <max>
2	7

[block]
# block no. 2 follows, 30 sequences, length 12
# corresponding to MSA columns:
# 69-80
name=unknown_C
#
# <colnr> <probs for GDERKNQSTAVLIFYWHMCP>
#	G	D	E	R	K	N	Q	S	T	A	V	L	I	F	Y	W	H	M	C	P
0	0.04434	0.03535	0.05485	0.08901	0.07717	0.06059	0.05562	0.28103	0.05361	0.03078	0.01551	0.01735	0.01168	0.00739	0.00654	0.00199	0.00785	0.00599	0.06190	0.08147
1	0.07668	0.00734	0.00862	0.00944	0.01094	0.00702	0.00704	0.01173	0.01479	0.02052	0.09779	0.35977	0.20424	0.01852	0.00842	0.00267	0.00435	0.11766	0.00638	0.00608
2	0.08487	0.01791	0.09975	0.14482	0.31925	0.01662	0.03628	0.09770	0.03897	0.05697	0.01424	0.01726	0.01092	0.00686	0.00672	0.00216	0.00826	0.00604	0.00417	0.01022
3	0.05270	0.10608	0.20173	0.04585	0.10368	0.01852	0.22724	0.06036	0.04338	0.02321	0.01337	0.01644	0.01028	0.00673	0.00756	0.00220	0.04099	0.00626	0.00366	0.00976
4	0.01058	0.00671	0.00888	0.00974	0.01075	0.00639	0.00690	0.01238	0.01432	0.06204	0.08835	0.51498	0.04129	0.02139	0.06012	0.00325	0.00517	0.03702	0.07347	0.00626
5	0.00883	0.00641	0.00841	0.00988	0.01061	0.00599	0.00698	0.01034	0.01393	0.01830	0.04113	0.60444	0.10411	0.02116	0.00894	0.00284	0.00430	0.10115	0.00647	0.00578
6	0.06378	0.01543	0.01952	0.10702	0.08409	0.05182	0.07021	0.12620	0.16545	0.06901	0.02038	0.02344	0.03060	0.00865	0.00741	0.00224	0.03018	0.03429	0.06069	0.00959
7	0.15367	0.01601	0.01524	0.01181	0.01729	0.09655	0.00943	0.10972	0.01712	0.02642	0.01234	0.01402	0.00990	0.00606	0.00540	0.00146	0.00642	0.00441	0.00449	0.46225
8	0.06942	0.00830	0.00956	0.01004	0.01142	0.00845	0.00708	0.05398	0.06360	0.02084	0.03420	0.44396	0.07895	0.11243	0.01171	0.00319	0.00486	0.03548	0.00610	0.00643
9	0.01665	0.15334	0.27602	0.08315	0.12178	0.07022	0.07119	0.03794	0.01538	0.02066	0.01197	0.01504	0.00945	0.00692	0.00760	0.00212	0.06234	0.00543	0.00324	0.00958
10	0.00983	0.00663	0.00770	0.00802	0.00809	0.00655	0.00466	0.01007	0.01077	0.01435	0.02516	0.18114	0.02937	0.61383	0.03040	0.00601	0.00624	0.01201	0.00466	0.00451
11	0.01681	0.01739	0.06847	0.18259	0.19063	0.05697	0.11055	0.09269	0.03843	0.02398	0.06392	0.02027	0.01483	0.00764	0.00777	0.00221	0.03937	0.00685	0.02929	0.00936

[dist]
# distance from previous block
# <min> <max>
0	1

[block]
# block no. 3 follows, 30 sequences, length 7
# corresponding to MSA columns:
# 82-88
name=unknown_D
#
# <colnr> <probs for GDERKNQSTAVLIFYWHMCP>
#	G	D	E	R	K	N	Q	S	T	A	V	L	I	F	Y	W	H	M	C	P
0	0.01113	0.00775	0.01047	0.00969	0.01067	0.00754	0.04972	0.01218	0.01229	0.04383	0.07854	0.12072	0.05183	0.48268	0.05702	0.00556	0.00691	0.01119	0.00493	0.00536
1	0.01736	0.01691	0.07896	0.03414	0.50142	0.01537	0.01903	0.06442	0.01683	0.05817	0.01681	0.09773	0.01509	0.00823	0.00712	0.00217	0.00783	0.00767	0.00424	0.01050
2	0.04087	0.01885	0.18916	0.03557	0.09685	0.01292	0.01463	0.05515	0.03432	0.06193	0.05017	0.01775	0.01358	0.00667	0.00614	0.00172	0.00697	0.00547	0.00440	0.32686
3	0.01581	0.01511	0.02546	0.22702	0.42051	0.01555	0.05366	0.02007	0.01524	0.02142	0.01290	0.01741	0.01048	0.00629	0.00680	0.00204	0.00840	0.00609	0.00344	0.09630
4	0.01463	0.01398	0.04223	0.26670	0.08768	0.03242	0.01516	0.01880	0.03881	0.03736	0.04140	0.01948	0.01318	0.01164	0.06971	0.00292	0.12154	0.00621	0.00383	0.14234
5	0.01462	0.01172	0.01553	0.01500	0.08390	0.03141	0.06808	0.05388	0.09441	0.08009	0.21872	0.04174	0.21778	0.01218	0.00776	0.00224	0.00554	0.01064	0.00643	0.00832
6	0.01452	0.01323	0.01970	0.29817	0.16547	0.01313	0.01515	0.01843	0.01455	0.02085	0.01255	0.01662	0.01008	0.00607	0.00621	0.00174	0.00738	0.00534	0.00360	0.33720

[dist]
# distance from previous block
# <min> <max>
0	2

[block]
# block no. 4 follows, 30 sequences, length 32
# corresponding to MSA columns:
# 91-122
name=unknown_E
#
# <colnr> <probs for GDERKNQSTAVLIFYWHMCP>
#	G	D	E	R	K	N	Q	S	T	A	V	L	I	F	Y	W	H	M	C	P
0	0.13570	0.09565	0.06821	0.08721	0.11285	0.08711	0.09113	0.06619	0.03582	0.02298	0.01212	0.01535	0.00982	0.00756	0.00885	0.00223	0.12281	0.00563	0.00377	0.00901
1	0.01024	0.00778	0.01141	0.01116	0.01271	0.00876	0.00869	0.01277	0.01141	0.01660	0.01831	0.02662	0.01701	0.04944	0.68283	0.01059	0.01786	0.00727	0.00376	0.05475
2	0.02354	0.01806	0.01926	0.01545	0.02050	0.02025	0.01254	0.47619	0.24944	0.03917	0.02054	0.01977	0.01494	0.00873	0.00702	0.00218	0.00698	0.00681	0.00702	0.01160
3	0.01475	0.07366	0.29259	0.01536	0.04436	0.01376	0.01590	0.02030	0.03549	0.02225	0.01277	0.01479	0.01001	0.00596	0.00581	0.00160	0.00746	0.00469	0.00366	0.38485
4	0.03997	0.15064	0.47732	0.01841	0.04673	0.01861	0.02120	0.08528	0.03779	0.02376	0.01289	0.01467	0.00956	0.00676	0.00626	0.00208	0.00924	0.00511	0.00352	0.01020
5	0.01015	0.00677	0.00761	0.00761	0.00761	0.00677	0.00423	0.01015	0.01015	0.01353	0.02199	0.04567	0.02537	0.75476	0.03552	0.00677	0.00677	0.01015	0.00423	0.00423
6	0.01628	0.01568	0.02721	0.16647	0.52700	0.01617	0.06146	0.02060	0.01558	0.02181	0.01385	0.01965	0.01168	0.00677	0.00709	0.00217	0.00862	0.02821	0.00349	0.01020
7	0.01903	0.01820	0.10046	0.12069	0.29936	0.05528	0.04489	0.05211	0.04087	0.12711	0.01668	0.04554	0.01308	0.00756	0.00701	0.00217	0.00839	0.00677	0.00454	0.01027
8	0.01722	0.07199	0.14621	0.02395	0.06040	0.08335	0.30489	0.04180	0.01581	0.02116	0.01244	0.01633	0.00986	0.00730	0.00995	0.00232	0.13579	0.00657	0.00342	0.00926
9	0.00873	0.00623	0.00835	0.00997	0.01048	0.00586	0.00687	0.01010	0.01358	0.01806	0.03834	0.69525	0.04566	0.02165	0.00897	0.00287	0.00424	0.07258	0.00647	0.00573
10	0.03582	0.10477	0.42081	0.01973	0.05105	0.10712	0.07634	0.02340	0.01576	0.06371	0.01303	0.01501	0.00958	0.00668	0.00648	0.00209	0.00998	0.00530	0.00348	0.00988
11	0.01511	0.01473	0.05745	0.21620	0.11999	0.05707	0.07057	0.04162	0.03524	0.04765	0.01778	0.08828	0.01627	0.10245	0.06637	0.00351	0.00927	0.00811	0.00417	0.00817
12	0.00850	0.00607	0.00810	0.00972	0.01012	0.00567	0.00648	0.00972	0.01336	0.01781	0.03846	0.75020	0.04615	0.02186	0.00891	0.00283	0.00405	0.01984	0.00648	0.00567
13	0.04083	0.04345	0.02428	0.34948	0.32049	0.01683	0.01917	0.06393	0.01595	0.02200	0.01280	0.01741	0.01013	0.00670	0.00677	0.00217	0.00858	0.00604	0.00354	0.00944
14	0.01383	0.00854	0.01121	0.01089	0.01272	0.00860	0.00811	0.04282	0.04474	0.12866	0.08975	0.33176	0.05889	0.02242	0.12104	0.02928	0.02999	0.01317	0.00632	0.00727
15	0.01412	0.01713	0.12879	0.05293	0.19510	0.01383	0.20575	0.01883	0.01601	0.02242	0.11642	0.12469	0.02328	0.00955	0.00771	0.00231	0.00830	0.00945	0.00441	0.00896
16	0.01508	0.01927	0.12091	0.05093	0.03134	0.03983	0.44471	0.02032	0.01585	0.02127	0.01859	0.11503	0.03563	0.00850	0.00800	0.00238	0.01026	0.00935	0.00391	0.00883
17	0.01617	0.15999	0.17831	0.07219	0.05404	0.01903	0.35796	0.02170	0.01550	0.02090	0.01282	0.01649	0.00985	0.00614	0.00708	0.00215	0.01039	0.00656	0.00328	0.00945
18	0.01400	0.03610	0.71860	0.01989	0.03020	0.01621	0.02578	0.02210	0.01473	0.02210	0.01252	0.01473	0.00884	0.00663	0.00663	0.00221	0.01031	0.00516	0.00295	0.01031
19	0.01654	0.04219	0.05257	0.06121	0.16264	0.10216	0.12862	0.04540	0.01650	0.05296	0.02132	0.15969	0.04129	0.01160	0.02715	0.00254	0.00866	0.03367	0.00459	0.00870
20	0.01608	0.19942	0.50631	0.01777	0.02670	0.01925	0.02161	0.07615	0.01608	0.02259	0.01223	0.01409	0.00911	0.00662	0.00617	0.00204	0.00945	0.00492	0.00328	0.01013
21	0.00997	0.00748	0.01121	0.01121	0.01246	0.00872	0.00872	0.01246	0.01121	0.01620	0.01869	0.02741	0.01745	0.05234	0.72710	0.01121	0.01869	0.00748	0.00374	0.00623
22	0.01624	0.01813	0.03944	0.02831	0.03499	0.01702	0.64908	0.02164	0.01607	0.02180	0.01401	0.01895	0.01067	0.00688	0.00927	0.04537	0.01146	0.00812	0.00350	0.00907
23	0.04206	0.09157	0.25428	0.08190	0.07999	0.12828	0.05925	0.05238	0.07070	0.05428	0.01418	0.01616	0.01066	0.00700	0.00653	0.00209	0.00942	0.00560	0.00394	0.00974
24	0.01017	0.00737	0.00994	0.01141	0.01273	0.00714	0.00930	0.01266	0.01525	0.01979	0.04039	0.27689	0.10115	0.01990	0.00930	0.00302	0.00546	0.41553	0.00645	0.00615
25	0.00899	0.00691	0.00823	0.00829	0.00998	0.00615	0.00607	0.01132	0.01709	0.02258	0.33842	0.18618	0.31064	0.01698	0.00836	0.00237	0.00352	0.01476	0.00700	0.00615
26	0.09144	0.01640	0.02492	0.19658	0.36809	0.04722	0.06456	0.06705	0.01644	0.02364	0.01286	0.01689	0.01025	0.00659	0.00675	0.00215	0.00863	0.00605	0.00371	0.00978
27	0.01679	0.01812	0.04734	0.34215	0.28637	0.13082	0.01939	0.02091	0.01563	0.01968	0.01241	0.01701	0.00988	0.00672	0.00683	0.00214	0.00950	0.00590	0.00331	0.00911
28	0.02040	0.32396	0.12432	0.06033	0.04529	0.12211	0.01514	0.16843	0.01918	0.02365	0.01207	0.01375	0.00967	0.00683	0.00581	0.00184	0.00877	0.00483	0.00397	0.00966
29	0.15629	0.08832	0.05938	0.12129	0.16980	0.11335	0.01526	0.08117	0.01658	0.04260	0.01229	0.01503	0.00974	0.00696	0.00673	0.00205	0.03774	0.00522	0.00397	0.03623
30	0.01194	0.01173	0.07372	0.06881	0.03787	0.00973	0.03385	0.06259	0.01529	0.02085	0.02950	0.36368	0.07660	0.04896	0.00909	0.00259	0.00587	0.01309	0.00538	0.09886
31	0.03974	0.08489	0.01890	0.03854	0.07366	0.09002	0.03468	0.02384	0.12479	0.13381	0.09776	0.05346	0.07544	0.01008	0.00828	0.00221	0.06716	0.00806	0.00563	0.00904

[dist]
# distance from previous block
# <min> <max>
3	13

[block]
# block no. 5 follows, 30 sequences, length 38
# corresponding to MSA columns:
# 136-173
name=unknown_F
#
# <colnr> <probs for GDERKNQSTAVLIFYWHMCP>
#	G	D	E	R	K	N	Q	S	T	A	V	L	I	F	Y	W	H	M	C	P
0	0.06588	0.27244	0.22946	0.05324	0.05509	0.05627	0.01635	0.04128	0.01515	0.02071	0.03184	0.03548	0.03097	0.00764	0.00666	0.00200	0.04133	0.00559	0.00356	0.00906
1	0.01946	0.13505	0.20634	0.06074	0.02308	0.11487	0.01561	0.07076	0.07320	0.11137	0.01559	0.01725	0.01175	0.00999	0.03309	0.05341	0.00901	0.00560	0.00445	0.00940
2	0.01140	0.05598	0.01346	0.01076	0.01385	0.00886	0.04241	0.01374	0.01477	0.02038	0.08590	0.30440	0.10933	0.01415	0.00743	0.00212	0.00492	0.03053	0.00554	0.23008
3	0.02070	0.01665	0.01766	0.01488	0.01942	0.01892	0.01185	0.27448	0.45577	0.03458	0.02415	0.02265	0.01786	0.00907	0.00706	0.00227	0.00631	0.00730	0.00706	0.01135
4	0.01222	0.01010	0.01185	0.00973	0.01389	0.00802	0.00746	0.01465	0.01433	0.02080	0.02667	0.15015	0.11846	0.04892	0.00799	0.00191	0.00488	0.03635	0.00497	0.47665
5	0.02856	0.01363	0.01700	0.01325	0.01839	0.01311	0.01085	0.21280	0.02310	0.48697	0.02524	0.06737	0.01759	0.00939	0.00713	0.00218	0.00630	0.00762	0.00804	0.01148
6	0.01625	0.02065	0.12234	0.02803	0.06312	0.01741	0.54236	0.02304	0.05132	0.02269	0.01462	0.01863	0.01094	0.00617	0.00792	0.00232	0.01112	0.00776	0.00364	0.00968
7	0.00965	0.00746	0.00905	0.00988	0.01179	0.00687	0.00811	0.01206	0.01585	0.01974	0.05342	0.10764	0.36516	0.01863	0.00892	0.00278	0.00490	0.31551	0.00645	0.00613
8	0.02603	0.02971	0.01965	0.01740	0.02113	0.58441	0.01329	0.07813	0.02037	0.07464	0.01250	0.01391	0.00987	0.00762	0.00715	0.00191	0.04449	0.00490	0.00423	0.00866
9	0.01653	0.01582	0.02698	0.16919	0.59068	0.01638	0.02105	0.02076	0.01554	0.02189	0.01299	0.01751	0.01074	0.00636	0.00692	0.00212	0.00847	0.00621	0.00339	0.01045
10	0.01623	0.02545	0.31396	0.02469	0.03298	0.01668	0.38408	0.02285	0.01595	0.05793	0.01416	0.01742	0.01022	0.00633	0.00752	0.00229	0.01088	0.00693	0.00356	0.00990
11	0.00864	0.00708	0.00762	0.00748	0.00967	0.00606	0.00561	0.01078	0.01684	0.02107	0.22530	0.06351	0.55240	0.01685	0.00824	0.00232	0.00348	0.01422	0.00677	0.00606
12	0.01636	0.01565	0.02667	0.19795	0.56325	0.01634	0.02096	0.02062	0.01546	0.02169	0.01296	0.01757	0.01066	0.00639	0.00692	0.00213	0.00852	0.00621	0.00338	0.01032
13	0.01400	0.03610	0.71860	0.01989	0.03020	0.01621	0.02578	0.02210	0.01473	0.02210	0.01252	0.01473	0.00884	0.00663	0.00663	0.00221	0.01031	0.00516	0.00295	0.01031
14	0.01647	0.01882	0.04118	0.02941	0.03647	0.01765	0.68588	0.02235	0.01647	0.02235	0.01412	0.01882	0.01059	0.00588	0.00824	0.00235	0.01176	0.00824	0.00353	0.00941
15	0.00942	0.00716	0.00869	0.00844	0.01032	0.00644	0.00642	0.01220	0.01829	0.02461	0.46242	0.05850	0.27506	0.01565	0.00831	0.00230	0.00354	0.04867	0.00722	0.00635
16	0.01976	0.01510	0.01633	0.01419	0.01845	0.01701	0.01118	0.10076	0.56004	0.10464	0.02716	0.02488	0.01994	0.00927	0.00708	0.00232	0.00578	0.00764	0.00725	0.01122
17	0.02023	0.01435	0.01586	0.01383	0.01808	0.01589	0.01088	0.03645	0.55878	0.17073	0.02822	0.02556	0.02047	0.00930	0.00708	0.00232	0.00561	0.00771	0.00742	0.01122
18	0.00962	0.00715	0.00898	0.00861	0.01038	0.00651	0.00651	0.01263	0.01890	0.02602	0.56411	0.05590	0.18507	0.01509	0.00828	0.00226	0.00345	0.03666	0.00741	0.00645
19	0.01010	0.00683	0.00793	0.00783	0.00814	0.00673	0.00467	0.01072	0.01196	0.01626	0.15128	0.04688	0.03300	0.61510	0.03037	0.00590	0.00611	0.01061	0.00488	0.00467
20	0.02607	0.03326	0.01978	0.01798	0.02157	0.72674	0.01348	0.02787	0.01978	0.01708	0.01079	0.01258	0.00899	0.00719	0.00629	0.00180	0.01258	0.00449	0.00360	0.00809
21	0.00896	0.00710	0.00806	0.00782	0.00986	0.00619	0.00586	0.01140	0.01759	0.02285	0.34987	0.06057	0.42672	0.01618	0.00824	0.00229	0.00343	0.01380	0.00701	0.00619
22	0.00853	0.00620	0.00798	0.00938	0.00997	0.00572	0.00629	0.00976	0.01352	0.01779	0.04125	0.65845	0.11336	0.04408	0.00966	0.00291	0.00408	0.01902	0.00641	0.00565
23	0.00925	0.00682	0.00865	0.00880	0.01019	0.00622	0.00637	0.01174	0.01739	0.02379	0.42622	0.25181	0.15311	0.01691	0.00842	0.00240	0.00354	0.01497	0.00717	0.00622
24	0.02390	0.01824	0.01946	0.01552	0.02064	0.02041	0.01263	0.50164	0.22340	0.03975	0.02009	0.01941	0.01457	0.00869	0.00702	0.00217	0.00706	0.00674	0.00702	0.01163
25	0.01004	0.00710	0.00918	0.00866	0.01031	0.00658	0.00650	0.01333	0.01949	0.02788	0.67219	0.05078	0.06337	0.01395	0.00806	0.00217	0.00329	0.01230	0.04826	0.00658
26	0.01202	0.00741	0.00922	0.00884	0.01038	0.00683	0.00623	0.01389	0.01583	0.10131	0.27090	0.15733	0.12299	0.20775	0.01529	0.00350	0.00465	0.01270	0.00656	0.00636
27	0.22870	0.01797	0.01816	0.01427	0.01952	0.02008	0.01178	0.51440	0.02737	0.04068	0.01492	0.01535	0.01075	0.00788	0.00629	0.00211	0.00709	0.00563	0.00629	0.01075
28	0.01086	0.00826	0.01013	0.00946	0.01148	0.00809	0.00715	0.01643	0.11687	0.02766	0.57581	0.04920	0.09414	0.01376	0.00807	0.00223	0.00363	0.01206	0.00753	0.00719
29	0.01117	0.00860	0.01015	0.00939	0.01163	0.00838	0.00715	0.04567	0.09877	0.02700	0.46861	0.05053	0.18800	0.01413	0.00805	0.00224	0.00380	0.01221	0.00734	0.00720
30	0.01113	0.00748	0.00961	0.00929	0.01033	0.00771	0.00648	0.01322	0.03779	0.04285	0.18152	0.03992	0.03179	0.31505	0.20659	0.03974	0.00895	0.00967	0.00512	0.00576
31	0.12146	0.01206	0.01550	0.01204	0.01731	0.01089	0.00994	0.03243	0.01903	0.63617	0.02545	0.02230	0.01614	0.00839	0.00670	0.00216	0.00587	0.00664	0.00813	0.01137
32	0.01178	0.00767	0.00905	0.00845	0.01087	0.00668	0.00642	0.01415	0.01761	0.11171	0.27807	0.08722	0.37326	0.01555	0.00811	0.00230	0.00379	0.01325	0.00716	0.00689
33	0.01212	0.00606	0.00909	0.00909	0.00909	0.00606	0.00606	0.00909	0.00909	0.01212	0.01212	0.02121	0.01212	0.02424	0.02727	0.79697	0.00606	0.00606	0.00303	0.00303
34	0.00997	0.00748	0.01121	0.01121	0.01246	0.00872	0.00872	0.01246	0.01121	0.01620	0.01869	0.02741	0.01745	0.05234	0.72710	0.01121	0.01869	0.00748	0.00374	0.00623
35	0.01154	0.00634	0.00915	0.00901	0.00944	0.00620	0.00620	0.01015	0.01186	0.01625	0.19295	0.02925	0.02609	0.02165	0.02232	0.59031	0.00534	0.00777	0.00424	0.00395
36	0.02168	0.01714	0.01821	0.01508	0.01979	0.01938	0.01209	0.34389	0.38477	0.03616	0.02291	0.02166	0.01685	0.00895	0.00704	0.00224	0.00654	0.00713	0.00704	0.01143
37	0.48664	0.01537	0.01526	0.14094	0.09408	0.06747	0.01181	0.05513	0.01431	0.02768	0.01099	0.01360	0.00856	0.00669	0.00534	0.00215	0.00702	0.00464	0.00410	0.00822

[dist]
# distance from previous block
# <min> <max>
1	4

[block]
# block no. 6 follows, 30 sequences, length 52
# corresponding to MSA columns:
# 178-229
name=unknown_G
#
# <colnr> <probs for GDERKNQSTAVLIFYWHMCP>
#	G	D	E	R	K	N	Q	S	T	A	V	L	I	F	Y	W	H	M	C	P
0	0.01000	0.00684	0.00874	0.00950	0.01028	0.00659	0.00681	0.01099	0.01315	0.01722	0.05909	0.23193	0.10671	0.20867	0.01798	0.09825	0.00544	0.16107	0.00552	0.00522
1	0.02002	0.16118	0.02353	0.01611	0.07559	0.01587	0.07549	0.09858	0.01777	0.14431	0.01522	0.01634	0.01153	0.00645	0.00599	0.00165	0.00692	0.00536	0.00490	0.27720
2	0.01100	0.00823	0.00983	0.00923	0.01177	0.00711	0.00682	0.01369	0.03549	0.04906	0.16191	0.25765	0.21020	0.01531	0.00777	0.00221	0.00411	0.01334	0.00635	0.15890
3	0.01509	0.01852	0.12967	0.01868	0.02065	0.02015	0.03663	0.01780	0.01158	0.01794	0.00991	0.01527	0.00918	0.01098	0.01948	0.00285	0.58766	0.00597	0.00308	0.02892
4	0.01180	0.01066	0.01161	0.01107	0.01271	0.08644	0.00847	0.01409	0.01474	0.01928	0.17904	0.03783	0.14228	0.06031	0.28888	0.00593	0.06383	0.00952	0.00503	0.00647
5	0.01318	0.01240	0.02093	0.73798	0.04806	0.01550	0.01938	0.01783	0.01395	0.01783	0.01240	0.01860	0.00930	0.00698	0.00698	0.00233	0.00930	0.00620	0.00310	0.00775
6	0.00893	0.00691	0.00814	0.00822	0.00994	0.00612	0.00602	0.01119	0.01695	0.02223	0.31358	0.18545	0.33704	0.01710	0.00836	0.00238	0.00353	0.01483	0.00695	0.00612
7	0.00871	0.00633	0.00786	0.00898	0.00963	0.00587	0.00595	0.00983	0.01326	0.01732	0.04095	0.53586	0.14600	0.13363	0.01289	0.00336	0.00439	0.01756	0.00613	0.00548
8	0.00935	0.00636	0.00831	0.00960	0.01028	0.00588	0.00648	0.01061	0.01364	0.04253	0.03934	0.66510	0.08096	0.04373	0.00962	0.00290	0.00417	0.01880	0.00649	0.00586
9	0.01375	0.00722	0.00730	0.00703	0.00887	0.00734	0.00534	0.05325	0.01564	0.02701	0.02243	0.02551	0.01755	0.00814	0.00499	0.00165	0.00350	0.00649	0.75018	0.00680
10	0.00861	0.00624	0.00816	0.00966	0.01026	0.00579	0.00660	0.00995	0.01367	0.01803	0.04079	0.66915	0.09518	0.02143	0.00889	0.00282	0.00412	0.04845	0.00648	0.00572
11	0.01086	0.00734	0.00826	0.00809	0.00837	0.00742	0.00474	0.04208	0.01134	0.01513	0.02237	0.07132	0.02553	0.69147	0.03315	0.00639	0.00670	0.01034	0.00444	0.00464
12	0.03850	0.01047	0.01158	0.01013	0.01218	0.01095	0.00713	0.14934	0.05941	0.08502	0.02154	0.03480	0.02084	0.43539	0.02314	0.00477	0.00659	0.00860	0.04256	0.00707
13	0.80405	0.01350	0.01026	0.00918	0.01350	0.01565	0.00756	0.02051	0.01188	0.03131	0.00972	0.01134	0.00756	0.00648	0.00432	0.00216	0.00540	0.00378	0.00432	0.00756
14	0.00843	0.00693	0.00742	0.00761	0.00962	0.00592	0.00559	0.01026	0.01589	0.01953	0.12373	0.16418	0.55480	0.01797	0.00834	0.00241	0.00359	0.01527	0.00659	0.00592
15	0.00891	0.00647	0.00846	0.00984	0.01044	0.00616	0.00666	0.01094	0.03997	0.01878	0.07275	0.68626	0.04622	0.02099	0.00880	0.00278	0.00407	0.01901	0.00656	0.00592
16	0.00973	0.00713	0.00913	0.00863	0.01034	0.00652	0.00647	0.01289	0.01941	0.02717	0.65075	0.05347	0.12314	0.01457	0.00823	0.00221	0.00331	0.01281	0.00757	0.00652
17	0.00850	0.00607	0.00810	0.00972	0.01012	0.00567	0.00648	0.00972	0.01336	0.01781	0.03846	0.75020	0.04615	0.02186	0.00891	0.00283	0.00405	0.01984	0.00648	0.00567
18	0.00949	0.00736	0.00867	0.00837	0.01032	0.00669	0.00626	0.01273	0.04322	0.02419	0.41621	0.08293	0.30679	0.01566	0.00822	0.00229	0.00349	0.01351	0.00716	0.00645
19	0.03131	0.01188	0.01619	0.01242	0.01781	0.01026	0.01026	0.03401	0.01997	0.71606	0.02753	0.02375	0.01727	0.00864	0.00702	0.00216	0.00594	0.00702	0.00864	0.01188
20	0.01586	0.32592	0.44514	0.01670	0.02527	0.02078	0.02023	0.02162	0.01451	0.01982	0.01139	0.01331	0.00889	0.00637	0.00577	0.00192	0.00917	0.00459	0.00296	0.00977
21	0.01061	0.00728	0.00947	0.00888	0.01066	0.00667	0.00667	0.01375	0.01942	0.05420	0.63530	0.07251	0.08924	0.01441	0.00820	0.00222	0.00343	0.01270	0.00763	0.00674
22	0.01454	0.00817	0.01082	0.00957	0.01203	0.00738	0.00738	0.01771	0.01980	0.17786	0.55942	0.04595	0.05526	0.01304	0.00797	0.00219	0.00387	0.01140	0.00789	0.00774
23	0.01012	0.00729	0.00970	0.00970	0.01129	0.00686	0.00760	0.01332	0.01871	0.02605	0.53597	0.08452	0.05950	0.01565	0.00856	0.00244	0.00400	0.15484	0.00736	0.00651
24	0.00997	0.00748	0.01121	0.01121	0.01246	0.00872	0.00872	0.01246	0.01121	0.01620	0.01869	0.02741	0.01745	0.05234	0.72710	0.01121	0.01869	0.00748	0.00374	0.00623
25	0.02577	0.03146	0.02020	0.01876	0.04786	0.63981	0.01377	0.08366	0.02073	0.01958	0.01138	0.01312	0.00931	0.00725	0.00637	0.00183	0.01200	0.00471	0.00388	0.00852
26	0.07453	0.01649	0.01780	0.01423	0.01887	0.01804	0.01167	0.49678	0.02839	0.03929	0.13200	0.02548	0.02201	0.00979	0.00715	0.00217	0.00673	0.04127	0.00689	0.01042
27	0.00997	0.00748	0.01121	0.01121	0.01246	0.00872	0.00872	0.01246	0.01121	0.01620	0.01869	0.02741	0.01745	0.05234	0.72710	0.01121	0.01869	0.00748	0.00374	0.00623
28	0.05200	0.01002	0.00976	0.01065	0.01180	0.09783	0.00745	0.01270	0.01415	0.01841	0.03446	0.55243	0.07478	0.02016	0.03637	0.00297	0.00575	0.01629	0.00589	0.00611
29	0.01732	0.01824	0.02544	0.33149	0.11521	0.14124	0.15105	0.05175	0.04126	0.02076	0.01332	0.01762	0.01025	0.00686	0.00710	0.00220	0.01004	0.00637	0.00363	0.00883
30	0.01705	0.01635	0.02792	0.08111	0.67471	0.01652	0.02130	0.02122	0.01578	0.02252	0.01309	0.01734	0.01096	0.00626	0.00691	0.00209	0.00835	0.00622	0.00343	0.01087
31	0.00851	0.00691	0.00755	0.00775	0.00968	0.00595	0.00568	0.01038	0.01598	0.01989	0.15004	0.18260	0.50887	0.01794	0.00836	0.00242	0.00359	0.01533	0.00664	0.00595
32	0.01712	0.21460	0.37440	0.01854	0.04990	0.04180	0.04535	0.09185	0.01660	0.02265	0.01216	0.01425	0.00935	0.00683	0.00680	0.00204	0.03726	0.00509	0.00345	0.00996
33	0.01515	0.22446	0.48732	0.01722	0.02579	0.01887	0.02089	0.02189	0.03998	0.02071	0.01331	0.04077	0.01068	0.00711	0.00616	0.00205	0.00916	0.00541	0.00324	0.00982
34	0.03113	0.01216	0.01637	0.01255	0.01796	0.01068	0.01037	0.05843	0.02045	0.69096	0.02713	0.02349	0.01707	0.00863	0.00702	0.00216	0.00600	0.00699	0.00858	0.01188
35	0.01580	0.01507	0.02566	0.29345	0.47215	0.01619	0.02068	0.02012	0.01519	0.02101	0.01287	0.01775	0.01042	0.00649	0.00693	0.00216	0.00866	0.00621	0.00333	0.00986
36	0.03833	0.01381	0.07089	0.03106	0.03475	0.04027	0.01067	0.05948	0.16764	0.08380	0.19953	0.10218	0.06421	0.04160	0.00859	0.00246	0.00576	0.00993	0.00641	0.00863
37	0.01656	0.01578	0.02268	0.13901	0.33364	0.06387	0.04101	0.05181	0.09651	0.02320	0.05283	0.07791	0.01747	0.00852	0.00718	0.00220	0.00792	0.00778	0.00446	0.00966
38	0.01400	0.03610	0.71860	0.01989	0.03020	0.01621	0.02578	0.02210	0.01473	0.02210	0.01252	0.01473	0.00884	0.00663	0.00663	0.00221	0.01031	0.00516	0.00295	0.01031
39	0.01469	0.01395	0.02366	0.48108	0.29314	0.01590	0.02013	0.01915	0.01467	0.01967	0.01267	0.01811	0.00995	0.00670	0.00695	0.00223	0.00893	0.00621	0.00323	0.00897
40	0.02222	0.01783	0.01942	0.08293	0.09964	0.09812	0.01359	0.25659	0.15078	0.09585	0.01882	0.01942	0.01383	0.00809	0.00680	0.00211	0.00764	0.00645	0.04934	0.01053
41	0.01681	0.01601	0.02663	0.03963	0.64219	0.01606	0.02009	0.02156	0.04807	0.02289	0.01683	0.02027	0.04767	0.00696	0.00699	0.00210	0.00791	0.00674	0.00378	0.01079
42	0.01391	0.01270	0.02027	0.11473	0.38200	0.01280	0.01561	0.01744	0.01604	0.02203	0.13258	0.03188	0.12893	0.03924	0.00848	0.00235	0.00682	0.00872	0.00459	0.00887
43	0.01351	0.03265	0.63429	0.01857	0.02785	0.01506	0.02350	0.02104	0.01533	0.02280	0.09514	0.01918	0.01562	0.00754	0.00682	0.00221	0.00948	0.00604	0.00351	0.00987
44	0.01560	0.01673	0.07909	0.10280	0.33830	0.04344	0.04174	0.02096	0.06572	0.02303	0.12860	0.02338	0.02030	0.00819	0.00787	0.00219	0.04084	0.00731	0.00433	0.00958
45	0.01668	0.01630	0.02604	0.14684	0.55414	0.04636	0.02017	0.02072	0.01576	0.02165	0.01506	0.01913	0.03664	0.00680	0.00694	0.00211	0.00845	0.00646	0.00352	0.01023
46	0.01695	0.01663	0.04540	0.13190	0.49636	0.01672	0.04666	0.04702	0.06998	0.02338	0.01439	0.01811	0.01158	0.00665	0.00698	0.00215	0.00838	0.00640	0.00381	0.01055
47	0.00944	0.00703	0.00878	0.00853	0.01020	0.00637	0.00633	0.01226	0.01846	0.02533	0.52626	0.11458	0.18951	0.01558	0.00829	0.00228	0.00340	0.01365	0.00734	0.00637
48	0.01093	0.00774	0.00928	0.00888	0.01083	0.00713	0.00658	0.04435	0.01798	0.05349	0.34070	0.15340	0.24005	0.04563	0.00932	0.00251	0.00393	0.01362	0.00703	0.00664
49	0.06055	0.01853	0.10054	0.03524	0.51852	0.01677	0.02001	0.05155	0.06649	0.02458	0.01415	0.01729	0.01141	0.00661	0.00675	0.00211	0.00812	0.00609	0.00387	0.01082
50	0.01687	0.01854	0.08191	0.14074	0.29831	0.06301	0.08933	0.02453	0.15096	0.02281	0.01594	0.01887	0.01244	0.00704	0.00703	0.00219	0.00871	0.00656	0.00410	0.01011
51	0.00861	0.00670	0.00761	0.00819	0.00976	0.00596	0.00587	0.01027	0.01472	0.01864	0.05472	0.31167	0.40909	0.02037	0.04069	0.00290	0.00439	0.01593	0.03805	0.00585

[dist]
# distance from previous block
# <min> <max>
0	24

# created by:
# /home/berkeley/.conda/envs/busco_data_prod/bin/msa2prfl.pl pipeline/OGs_align_augustus/4893/41798.fs
