[name]
unknown

[dist]
# distance from previous block
# <min> <max>
0	1

[block]
# block no. 0 follows, 33 sequences, length 25
# corresponding to MSA columns:
# 1-25
name=unknown_A
#
# <colnr> <probs for GDERKNQSTAVLIFYWHMCP>
#	G	D	E	R	K	N	Q	S	T	A	V	L	I	F	Y	W	H	M	C	P
0	0.01987	0.01495	0.01653	0.01287	0.01781	0.01524	0.01059	0.41300	0.02375	0.03300	0.01650	0.02053	0.01331	0.00788	0.00620	0.00175	0.00625	0.06224	0.04624	0.24149
1	0.01915	0.09158	0.06950	0.01411	0.01870	0.12745	0.01196	0.10181	0.35868	0.06754	0.01988	0.01917	0.01492	0.00783	0.00625	0.00199	0.00695	0.00609	0.00554	0.03091
2	0.00792	0.00667	0.00686	0.00681	0.00898	0.00562	0.00511	0.00972	0.01533	0.01856	0.12572	0.06208	0.66539	0.01638	0.00778	0.00221	0.00331	0.01372	0.00622	0.00562
3	0.01000	0.00671	0.00938	0.08282	0.01361	0.00657	0.00757	0.01157	0.01311	0.06814	0.03312	0.63732	0.03815	0.01834	0.00809	0.00258	0.00444	0.01658	0.00594	0.00596
4	0.00940	0.00705	0.01058	0.01058	0.01176	0.00823	0.00823	0.01176	0.01058	0.01528	0.01763	0.02586	0.01646	0.04937	0.74255	0.01058	0.01763	0.00705	0.00353	0.00588
5	0.02464	0.02996	0.01878	0.01676	0.02036	0.66309	0.01270	0.10075	0.02000	0.01889	0.01079	0.01230	0.00878	0.00691	0.00601	0.00173	0.01136	0.00442	0.00374	0.00802
6	0.02132	0.01457	0.01574	0.01315	0.01753	0.04784	0.01046	0.12034	0.36964	0.21996	0.02361	0.02170	0.01685	0.00828	0.00654	0.00206	0.00587	0.00670	0.00678	0.05107
7	0.02390	0.02859	0.01906	0.01789	0.05772	0.60344	0.01301	0.09634	0.04452	0.01942	0.01146	0.01296	0.00928	0.00693	0.00606	0.00176	0.01094	0.00461	0.00383	0.00825
8	0.02503	0.01844	0.01976	0.01515	0.02042	0.02042	0.01251	0.70562	0.03095	0.04149	0.01581	0.01581	0.01120	0.00790	0.00659	0.00198	0.00724	0.00593	0.00659	0.01120
9	0.02082	0.01791	0.02043	0.09706	0.16450	0.08955	0.01441	0.34434	0.11139	0.03064	0.01553	0.01681	0.01165	0.00738	0.00652	0.00200	0.00772	0.00593	0.00524	0.01019
10	0.00898	0.00709	0.01047	0.01062	0.01160	0.00693	0.05674	0.01057	0.01293	0.01737	0.06845	0.55439	0.07008	0.05274	0.03755	0.00306	0.03307	0.01603	0.00566	0.00569
11	0.00838	0.00655	0.00760	0.00763	0.00934	0.00577	0.00561	0.01051	0.01599	0.02083	0.30531	0.16135	0.37946	0.01607	0.00787	0.00223	0.00332	0.01387	0.00653	0.00577
12	0.01959	0.01621	0.02191	0.05008	0.02301	0.01665	0.15025	0.35788	0.05670	0.03148	0.03521	0.01726	0.01247	0.00702	0.00655	0.00187	0.00743	0.00617	0.00530	0.15695
13	0.01474	0.01406	0.02392	0.32677	0.45334	0.01523	0.01943	0.01884	0.01426	0.01962	0.01211	0.01680	0.00976	0.00615	0.00654	0.00205	0.00820	0.00586	0.00312	0.00918
14	0.00929	0.00666	0.00877	0.00888	0.00958	0.00713	0.00618	0.01056	0.01055	0.01450	0.02284	0.08786	0.05900	0.33898	0.36170	0.00786	0.01129	0.00928	0.00404	0.00505
15	0.01520	0.01710	0.03678	0.10622	0.03559	0.01643	0.62948	0.02063	0.01528	0.02063	0.01314	0.01774	0.00986	0.00566	0.00764	0.00222	0.01085	0.00756	0.00329	0.00871
16	0.01349	0.01299	0.02262	0.54717	0.19167	0.01499	0.06788	0.01786	0.01373	0.01814	0.01196	0.01730	0.00922	0.00635	0.00665	0.00214	0.00874	0.00599	0.00303	0.00810
17	0.01846	0.01862	0.02216	0.02463	0.26541	0.17469	0.06423	0.11834	0.01720	0.02203	0.01264	0.01661	0.01070	0.04319	0.03358	0.00245	0.07772	0.00576	0.00381	0.04777
18	0.01826	0.03919	0.07010	0.03959	0.01981	0.21620	0.06147	0.13118	0.06895	0.04934	0.07215	0.10549	0.01882	0.01141	0.04613	0.00249	0.00866	0.00759	0.00486	0.00832
19	0.01534	0.01322	0.03806	0.02101	0.18729	0.01273	0.12541	0.06375	0.04791	0.08481	0.05380	0.17120	0.04715	0.01029	0.00796	0.00220	0.04644	0.00939	0.00494	0.03710
20	0.01404	0.01205	0.01352	0.04466	0.01563	0.07167	0.02970	0.14479	0.03478	0.02173	0.02548	0.28341	0.06701	0.06890	0.03768	0.00288	0.04807	0.01104	0.00523	0.04773
21	0.01735	0.01519	0.02020	0.21487	0.18704	0.09621	0.04534	0.06517	0.07779	0.09167	0.03640	0.01916	0.01321	0.01012	0.05941	0.00266	0.00875	0.00625	0.00433	0.00890
22	0.03666	0.01775	0.05988	0.01809	0.08477	0.11286	0.10469	0.12998	0.08735	0.08494	0.01629	0.01957	0.01286	0.00902	0.03437	0.00229	0.02799	0.03687	0.00476	0.09902
23	0.01728	0.04694	0.09826	0.01769	0.08354	0.02752	0.10263	0.12923	0.03540	0.11059	0.08100	0.04564	0.01747	0.01286	0.08750	0.00303	0.06247	0.00712	0.00488	0.00896
24	0.04637	0.09308	0.02218	0.10955	0.19932	0.04738	0.07871	0.09513	0.03462	0.03824	0.03475	0.07971	0.03554	0.00799	0.00644	0.00197	0.00732	0.00706	0.00424	0.05039

[dist]
# distance from previous block
# <min> <max>
1	84

[block]
# block no. 1 follows, 33 sequences, length 41
# corresponding to MSA columns:
# 110-150
name=unknown_B
#
# <colnr> <probs for GDERKNQSTAVLIFYWHMCP>
#	G	D	E	R	K	N	Q	S	T	A	V	L	I	F	Y	W	H	M	C	P
0	0.04011	0.17892	0.04896	0.01189	0.01601	0.11456	0.01022	0.10246	0.04730	0.08230	0.07677	0.05333	0.11076	0.01111	0.04018	0.00227	0.00709	0.00719	0.00498	0.03359
1	0.04975	0.11252	0.07202	0.01366	0.01811	0.08425	0.05414	0.18256	0.01826	0.07291	0.01738	0.12241	0.01553	0.01157	0.05502	0.00251	0.00783	0.00724	0.02856	0.05377
2	0.11804	0.07002	0.05240	0.06471	0.05205	0.13268	0.04998	0.09642	0.07836	0.04482	0.06304	0.02204	0.08461	0.00839	0.00679	0.00202	0.03410	0.00654	0.00465	0.00834
3	0.05830	0.17571	0.06529	0.01434	0.01841	0.12228	0.11501	0.04734	0.01543	0.01978	0.06881	0.14104	0.07225	0.00991	0.00688	0.00202	0.02695	0.00834	0.00430	0.00761
4	0.06670	0.52207	0.06541	0.01170	0.01692	0.07248	0.01123	0.01971	0.01377	0.03906	0.01191	0.06451	0.01114	0.00688	0.00484	0.00159	0.00703	0.00483	0.00338	0.04484
5	0.01537	0.08714	0.11313	0.03112	0.07240	0.06282	0.03391	0.06736	0.05960	0.06548	0.13541	0.04762	0.09876	0.00919	0.00655	0.00193	0.00646	0.00767	0.00499	0.07309
6	0.01578	0.01371	0.04930	0.03496	0.04004	0.01141	0.06129	0.11175	0.01648	0.05573	0.01564	0.01730	0.03762	0.00622	0.00566	0.00144	0.00597	0.00524	0.04677	0.44767
7	0.00957	0.00638	0.00718	0.00718	0.00718	0.00638	0.00399	0.00957	0.00957	0.01276	0.02074	0.04308	0.02393	0.76864	0.03351	0.00638	0.00638	0.00957	0.00399	0.00399
8	0.01543	0.04195	0.15156	0.08825	0.07915	0.06256	0.18110	0.05572	0.01565	0.04417	0.06631	0.04955	0.03548	0.00811	0.00822	0.00216	0.07497	0.00717	0.00394	0.00853
9	0.02300	0.01649	0.01759	0.01372	0.01839	0.01815	0.01126	0.59599	0.02823	0.03880	0.01671	0.01719	0.01210	0.00787	0.00627	0.00191	0.00658	0.00596	0.13342	0.01039
10	0.04885	0.04930	0.13550	0.02242	0.22910	0.06799	0.04926	0.09517	0.05293	0.04395	0.04112	0.01673	0.01241	0.00660	0.00618	0.00186	0.00765	0.00561	0.00412	0.10326
11	0.01375	0.01248	0.04030	0.01591	0.06250	0.01460	0.03196	0.03720	0.01174	0.04752	0.01382	0.02192	0.01322	0.14227	0.15948	0.00477	0.33922	0.00671	0.00357	0.00706
12	0.07121	0.06618	0.18523	0.01495	0.08337	0.03364	0.01319	0.02025	0.01462	0.12127	0.01747	0.01839	0.06273	0.00681	0.00574	0.00169	0.00663	0.00539	0.00427	0.24697
13	0.01578	0.01503	0.02557	0.09139	0.64909	0.01524	0.01968	0.01969	0.01486	0.02109	0.01323	0.01871	0.01141	0.00641	0.00663	0.00202	0.00782	0.03298	0.00335	0.01003
14	0.02063	0.45107	0.02763	0.01374	0.01840	0.33670	0.01190	0.02256	0.01567	0.01576	0.00960	0.01113	0.00846	0.00613	0.00497	0.00153	0.00914	0.00383	0.00307	0.00809
15	0.02465	0.01826	0.01955	0.01507	0.02027	0.02024	0.01242	0.67680	0.06037	0.04089	0.01628	0.01618	0.01158	0.00795	0.00659	0.00199	0.00716	0.00599	0.00659	0.01116
16	0.01463	0.14651	0.05933	0.15143	0.06633	0.06467	0.01239	0.01932	0.07718	0.02020	0.09653	0.02002	0.03089	0.00720	0.00589	0.00172	0.00671	0.00585	0.00408	0.18916
17	0.06082	0.02635	0.48172	0.01857	0.07283	0.01403	0.05561	0.02038	0.01432	0.06006	0.04403	0.04289	0.01256	0.00705	0.00633	0.00205	0.00848	0.00586	0.00357	0.04247
18	0.00940	0.00705	0.01058	0.01058	0.01176	0.00823	0.00823	0.01176	0.01058	0.01528	0.01763	0.02586	0.01646	0.04937	0.74255	0.01058	0.01763	0.00705	0.00353	0.00588
19	0.00801	0.00577	0.00759	0.00905	0.00952	0.00536	0.00606	0.00918	0.01272	0.01685	0.03769	0.73196	0.07502	0.02044	0.00837	0.00265	0.00380	0.01849	0.00611	0.00536
20	0.03838	0.01265	0.02230	0.19874	0.15719	0.01303	0.19033	0.01720	0.03012	0.01963	0.02214	0.11454	0.09001	0.00943	0.00724	0.00225	0.00772	0.03514	0.00405	0.00788
21	0.01601	0.29308	0.38384	0.01631	0.02403	0.01917	0.06517	0.04679	0.01466	0.04751	0.01168	0.01338	0.00891	0.00612	0.00567	0.00185	0.00862	0.00470	0.00318	0.00933
22	0.00802	0.00573	0.00764	0.00917	0.00955	0.00535	0.00611	0.00917	0.01260	0.01681	0.03628	0.76434	0.04354	0.02062	0.00840	0.00267	0.00382	0.01872	0.00611	0.00535
23	0.01308	0.00645	0.00668	0.00648	0.00824	0.00631	0.00491	0.01606	0.01414	0.06482	0.02361	0.02603	0.04619	0.00807	0.00485	0.00159	0.00322	0.00649	0.72638	0.00640
24	0.01384	0.03096	0.01468	0.07642	0.12547	0.01074	0.05275	0.07876	0.01547	0.02337	0.02099	0.08149	0.04669	0.02379	0.00645	0.00195	0.00541	0.00748	0.35583	0.00746
25	0.02366	0.04827	0.03773	0.01513	0.02021	0.03982	0.01273	0.58826	0.06008	0.03772	0.01554	0.01580	0.01126	0.00792	0.00701	0.00199	0.03414	0.00582	0.00613	0.01078
26	0.00939	0.00777	0.00821	0.00797	0.00984	0.03955	0.00594	0.01173	0.01667	0.02177	0.35922	0.08578	0.33865	0.01467	0.00762	0.00213	0.00364	0.01254	0.03096	0.00596
27	0.00951	0.00690	0.01027	0.01031	0.01135	0.00792	0.00788	0.01139	0.01047	0.01499	0.01782	0.04842	0.01709	0.06286	0.65154	0.06864	0.01608	0.00737	0.00357	0.00560
28	0.01408	0.01196	0.01388	0.00996	0.01578	0.00922	0.00798	0.04264	0.01431	0.02221	0.01186	0.01373	0.00981	0.00499	0.00494	0.00101	0.00497	0.00398	0.00400	0.77871
29	0.01878	0.09634	0.07480	0.04180	0.14162	0.04702	0.03316	0.16053	0.09477	0.09879	0.04284	0.03849	0.03025	0.00776	0.00636	0.00194	0.00704	0.00643	0.00504	0.04626
30	0.01984	0.03752	0.13753	0.01615	0.05094	0.01706	0.03852	0.34428	0.07876	0.05875	0.01659	0.03807	0.01260	0.00785	0.00682	0.00200	0.02744	0.00621	0.04769	0.03537
31	0.00857	0.00628	0.00811	0.00913	0.00996	0.00592	0.00638	0.01066	0.03507	0.01880	0.14426	0.55834	0.08754	0.01881	0.00824	0.00255	0.00382	0.04559	0.00630	0.00568
32	0.01559	0.01430	0.01884	0.04025	0.05036	0.04894	0.01350	0.05644	0.01238	0.04123	0.01092	0.01587	0.00985	0.01221	0.04365	0.03337	0.51247	0.00580	0.03658	0.00748
33	0.05597	0.04878	0.02299	0.01869	0.08285	0.06689	0.17454	0.17342	0.05781	0.09853	0.01560	0.01735	0.01170	0.00872	0.04044	0.00233	0.00834	0.00611	0.03021	0.05874
34	0.01501	0.01660	0.10371	0.35053	0.07500	0.04664	0.08082	0.08537	0.08381	0.02125	0.01397	0.01773	0.01061	0.00873	0.04029	0.00251	0.00909	0.00606	0.00373	0.00854
35	0.00807	0.00659	0.00692	0.00697	0.00883	0.00567	0.00505	0.00965	0.01459	0.01784	0.10555	0.10091	0.57300	0.08874	0.01028	0.00264	0.00364	0.01362	0.00599	0.00544
36	0.05155	0.04614	0.10932	0.11503	0.06365	0.11318	0.08646	0.04054	0.03687	0.04825	0.01624	0.05313	0.03557	0.03066	0.00876	0.03686	0.04608	0.00657	0.04726	0.00791
37	0.06694	0.06796	0.04392	0.11093	0.22939	0.05191	0.07816	0.11812	0.04799	0.05050	0.01615	0.01934	0.03901	0.00722	0.00643	0.00202	0.00777	0.02276	0.00423	0.00926
38	0.00947	0.00715	0.00963	0.01003	0.01139	0.00689	0.03574	0.01202	0.04011	0.01844	0.05117	0.35566	0.14087	0.05301	0.03865	0.00305	0.00512	0.13581	0.04993	0.00587
39	0.01824	0.15785	0.11772	0.04929	0.09154	0.09483	0.04646	0.16266	0.04704	0.02390	0.01271	0.01445	0.00995	0.00640	0.00585	0.00174	0.00791	0.00502	0.00404	0.12238
40	0.04718	0.12459	0.10426	0.04767	0.03863	0.07413	0.04162	0.09927	0.01601	0.03598	0.05199	0.05472	0.01508	0.05028	0.05330	0.00257	0.00790	0.00623	0.00416	0.12444

[dist]
# distance from previous block
# <min> <max>
0	3

[block]
# block no. 2 follows, 33 sequences, length 17
# corresponding to MSA columns:
# 154-170
name=unknown_C
#
# <colnr> <probs for GDERKNQSTAVLIFYWHMCP>
#	G	D	E	R	K	N	Q	S	T	A	V	L	I	F	Y	W	H	M	C	P
0	0.07947	0.04299	0.01325	0.01044	0.01381	0.01115	0.00815	0.05155	0.12278	0.05938	0.08768	0.04794	0.01863	0.03058	0.01037	0.13645	0.02678	0.00649	0.00487	0.21725
1	0.01763	0.26257	0.16753	0.03919	0.10009	0.01909	0.06846	0.08620	0.08966	0.06859	0.01401	0.01535	0.01077	0.00653	0.00586	0.00187	0.00775	0.00528	0.00401	0.00957
2	0.00800	0.00580	0.00757	0.00898	0.00950	0.00536	0.00603	0.00919	0.01279	0.01688	0.03859	0.71113	0.09526	0.02032	0.00836	0.00264	0.00378	0.01835	0.00611	0.00536
3	0.01929	0.01658	0.10608	0.01739	0.04753	0.01402	0.16018	0.09889	0.06075	0.19188	0.01691	0.01794	0.01212	0.00702	0.00737	0.00197	0.04979	0.00616	0.02382	0.12433
4	0.01008	0.00687	0.00818	0.00803	0.00975	0.00621	0.00596	0.01220	0.01563	0.06116	0.26766	0.11345	0.27149	0.08738	0.01016	0.00261	0.00387	0.05031	0.04302	0.00598
5	0.01687	0.01867	0.02098	0.01777	0.01926	0.20072	0.07340	0.01879	0.01303	0.01676	0.03607	0.01535	0.01071	0.00989	0.01595	0.00250	0.47686	0.00578	0.00321	0.00742
6	0.02823	0.01164	0.01537	0.01189	0.01685	0.01049	0.00978	0.07601	0.04156	0.64375	0.04578	0.02282	0.01742	0.00831	0.00665	0.00204	0.00562	0.00676	0.00797	0.01103
7	0.00872	0.00619	0.00727	0.00782	0.00831	0.00587	0.00492	0.00941	0.01154	0.01503	0.03372	0.30851	0.14290	0.37674	0.02028	0.00437	0.00496	0.01359	0.00510	0.00473
8	0.01166	0.00706	0.00875	0.00860	0.01017	0.00659	0.00637	0.01369	0.01488	0.09714	0.20211	0.13491	0.11932	0.15746	0.01245	0.00304	0.00446	0.09040	0.08484	0.00612
9	0.02536	0.01145	0.01470	0.01154	0.01602	0.01064	0.00942	0.12811	0.02044	0.50406	0.12633	0.02541	0.02226	0.00887	0.00672	0.00202	0.00540	0.00727	0.03367	0.01031
10	0.00816	0.00583	0.00779	0.00932	0.00976	0.00546	0.00634	0.00940	0.01274	0.01696	0.03621	0.72847	0.04325	0.02050	0.00844	0.00269	0.00394	0.05326	0.00611	0.00538
11	0.00854	0.00652	0.00759	0.00789	0.00928	0.00588	0.00568	0.01024	0.01449	0.01865	0.17539	0.19605	0.32745	0.11850	0.01146	0.00290	0.00398	0.05802	0.00603	0.00546
12	0.00933	0.00628	0.00787	0.00810	0.00871	0.00607	0.00536	0.01027	0.01261	0.01730	0.18704	0.20898	0.06082	0.27867	0.04576	0.07867	0.00520	0.01184	0.02621	0.00489
13	0.01621	0.01646	0.02758	0.11490	0.49430	0.05677	0.13652	0.02033	0.01509	0.02062	0.01234	0.01643	0.01006	0.00594	0.00671	0.00201	0.00872	0.00610	0.00324	0.00966
14	0.02462	0.03064	0.01872	0.01686	0.02036	0.70107	0.01271	0.06501	0.01936	0.01756	0.01050	0.01210	0.00863	0.00685	0.00597	0.00171	0.01161	0.00434	0.00357	0.00784
15	0.00955	0.00647	0.00763	0.00763	0.00779	0.00663	0.00455	0.00986	0.00971	0.01310	0.02033	0.04079	0.02294	0.67298	0.12781	0.00694	0.00788	0.00924	0.00393	0.00424
16	0.00885	0.00672	0.00818	0.00806	0.00977	0.00605	0.00611	0.01141	0.01698	0.02277	0.43737	0.08652	0.27278	0.01512	0.00789	0.00221	0.00341	0.05711	0.00675	0.00595

[dist]
# distance from previous block
# <min> <max>
0	1

[block]
# block no. 3 follows, 33 sequences, length 9
# corresponding to MSA columns:
# 172-180
name=unknown_D
#
# <colnr> <probs for GDERKNQSTAVLIFYWHMCP>
#	G	D	E	R	K	N	Q	S	T	A	V	L	I	F	Y	W	H	M	C	P
0	0.06932	0.01747	0.01831	0.01452	0.01915	0.04347	0.01189	0.54008	0.06456	0.03669	0.01570	0.01642	0.01159	0.01050	0.05243	0.00255	0.03311	0.00588	0.00602	0.01033
1	0.01144	0.00572	0.00858	0.00858	0.00858	0.00572	0.00572	0.00858	0.00858	0.01144	0.01144	0.02001	0.01144	0.02287	0.02573	0.80846	0.00572	0.00572	0.00286	0.00286
2	0.00944	0.00692	0.00992	0.00992	0.01086	0.00787	0.00740	0.01133	0.01038	0.01479	0.01824	0.02921	0.01791	0.18940	0.60451	0.00976	0.01544	0.00754	0.00362	0.00551
3	0.81514	0.01273	0.00968	0.00866	0.01273	0.01477	0.00713	0.01935	0.01120	0.02954	0.00917	0.01069	0.00713	0.00611	0.00407	0.00204	0.00509	0.00356	0.00407	0.00713
4	0.04456	0.03331	0.09297	0.03670	0.01693	0.03672	0.01062	0.03925	0.21944	0.04257	0.21486	0.02808	0.04501	0.00922	0.00656	0.00197	0.00549	0.00767	0.00567	0.10240
5	0.01703	0.01588	0.02613	0.03828	0.66800	0.01604	0.01956	0.07794	0.01633	0.02319	0.01267	0.01625	0.01049	0.00604	0.00652	0.00196	0.00777	0.00587	0.00354	0.01049
6	0.00803	0.00668	0.00701	0.00693	0.00904	0.00566	0.00520	0.00993	0.01559	0.01917	0.17213	0.06108	0.61860	0.01616	0.00778	0.00220	0.00330	0.01358	0.00630	0.00566
7	0.01465	0.01098	0.01323	0.01003	0.01517	0.00859	0.00810	0.01756	0.01462	0.09071	0.06361	0.02182	0.01623	0.00685	0.00558	0.00132	0.00492	0.05951	0.00472	0.61180
8	0.01887	0.01497	0.01689	0.01575	0.07496	0.01669	0.01155	0.21344	0.41658	0.05718	0.05452	0.02258	0.01870	0.00858	0.00670	0.00213	0.00589	0.00708	0.00647	0.01047

[dist]
# distance from previous block
# <min> <max>
0	3

[block]
# block no. 4 follows, 33 sequences, length 22
# corresponding to MSA columns:
# 184-205
name=unknown_E
#
# <colnr> <probs for GDERKNQSTAVLIFYWHMCP>
#	G	D	E	R	K	N	Q	S	T	A	V	L	I	F	Y	W	H	M	C	P
0	0.01742	0.06815	0.08387	0.03978	0.15413	0.06527	0.03209	0.12293	0.19348	0.02472	0.01638	0.01786	0.01274	0.00757	0.00742	0.00204	0.06431	0.00598	0.05435	0.00952
1	0.01837	0.63259	0.03160	0.01235	0.01738	0.12216	0.01163	0.02039	0.01391	0.01559	0.00926	0.01094	0.00846	0.00610	0.00538	0.00152	0.04744	0.00374	0.00290	0.00827
2	0.01813	0.29897	0.07638	0.01324	0.01855	0.07760	0.03738	0.08093	0.11054	0.06312	0.04463	0.01622	0.01322	0.00680	0.00555	0.00169	0.00705	0.00516	0.00435	0.10049
3	0.01508	0.05273	0.38588	0.04214	0.10421	0.01531	0.14844	0.02147	0.03883	0.06552	0.01430	0.04138	0.01100	0.00677	0.00661	0.00210	0.00903	0.00617	0.00353	0.00950
4	0.00911	0.00619	0.00732	0.00777	0.00788	0.00607	0.00462	0.00945	0.01048	0.01397	0.02537	0.25763	0.02977	0.54613	0.02604	0.00528	0.00562	0.01229	0.00462	0.00439
5	0.01000	0.00739	0.00959	0.01014	0.01132	0.00740	0.00757	0.01249	0.04400	0.03797	0.08957	0.42791	0.09255	0.01753	0.00903	0.00258	0.05209	0.11686	0.00601	0.02801
6	0.01533	0.01346	0.08372	0.01141	0.01510	0.03361	0.00987	0.10628	0.15683	0.08801	0.21533	0.03302	0.11111	0.01044	0.00687	0.00206	0.00520	0.00869	0.06525	0.00841
7	0.01534	0.04945	0.27471	0.01815	0.06689	0.05220	0.10227	0.07921	0.01587	0.05909	0.01867	0.14404	0.03668	0.00928	0.00723	0.00216	0.02775	0.00804	0.00420	0.00878
8	0.00818	0.00617	0.00759	0.00846	0.00953	0.00558	0.00596	0.00974	0.01402	0.01820	0.11731	0.46385	0.24107	0.01865	0.00818	0.00249	0.00368	0.03960	0.00623	0.00552
9	0.00978	0.00697	0.00872	0.00857	0.00887	0.00757	0.00561	0.01045	0.00986	0.01356	0.01932	0.03722	0.02124	0.54691	0.21242	0.00726	0.04847	0.00874	0.00381	0.00464
10	0.01941	0.17846	0.12369	0.01772	0.05072	0.23548	0.10934	0.06905	0.03340	0.05292	0.01324	0.04329	0.01093	0.00700	0.00610	0.00186	0.00923	0.00560	0.00380	0.00876
11	0.01060	0.00691	0.00858	0.00897	0.01029	0.00645	0.00634	0.01271	0.04117	0.08225	0.08728	0.40011	0.15018	0.10076	0.01084	0.00291	0.00426	0.03719	0.00616	0.00604
12	0.01028	0.00748	0.00861	0.00834	0.00994	0.00729	0.00602	0.03757	0.06965	0.02194	0.26250	0.13043	0.17279	0.13082	0.01141	0.00280	0.00405	0.01164	0.08029	0.00613
13	0.01627	0.24714	0.12999	0.02012	0.05573	0.06590	0.28605	0.02061	0.01474	0.01927	0.01209	0.01501	0.00962	0.00589	0.00613	0.00187	0.00913	0.00568	0.05008	0.00869
14	0.03929	0.20921	0.06180	0.13453	0.04864	0.10423	0.09150	0.03863	0.07506	0.01924	0.03375	0.04311	0.01339	0.05175	0.00763	0.00217	0.00806	0.00613	0.00375	0.00813
15	0.01126	0.00807	0.00941	0.00935	0.01123	0.00794	0.00688	0.01592	0.13970	0.06659	0.10764	0.24151	0.20643	0.08280	0.01004	0.00273	0.00433	0.04520	0.00627	0.00669
16	0.01047	0.00811	0.01018	0.00935	0.01182	0.00748	0.04703	0.01382	0.07121	0.06332	0.08279	0.13869	0.42930	0.01694	0.04666	0.00270	0.00489	0.01270	0.00604	0.00652
17	0.06780	0.15794	0.08746	0.01715	0.10743	0.01646	0.07379	0.05761	0.16898	0.05002	0.05691	0.04965	0.04503	0.00813	0.00625	0.00200	0.00669	0.00688	0.00474	0.00909
18	0.05720	0.07080	0.01684	0.12584	0.01967	0.09844	0.01155	0.07759	0.01381	0.01863	0.01334	0.01948	0.01204	0.07524	0.21215	0.00477	0.13594	0.00596	0.00359	0.00712
19	0.03286	0.00759	0.00893	0.00883	0.01056	0.00722	0.00652	0.05247	0.01541	0.05759	0.15432	0.21470	0.21420	0.11187	0.01108	0.00287	0.00441	0.06636	0.00610	0.00613
20	0.01682	0.04003	0.10179	0.16202	0.19429	0.04763	0.06771	0.07632	0.08338	0.06022	0.01415	0.01694	0.01087	0.00711	0.00781	0.00212	0.07157	0.00594	0.00397	0.00930
21	0.01982	0.05071	0.06387	0.12969	0.15806	0.17725	0.01528	0.17965	0.07671	0.04531	0.01400	0.01588	0.01069	0.00697	0.00632	0.00195	0.00853	0.00552	0.00438	0.00942

[dist]
# distance from previous block
# <min> <max>
0	7

[block]
# block no. 5 follows, 33 sequences, length 28
# corresponding to MSA columns:
# 213-240
name=unknown_F
#
# <colnr> <probs for GDERKNQSTAVLIFYWHMCP>
#	G	D	E	R	K	N	Q	S	T	A	V	L	I	F	Y	W	H	M	C	P
0	0.09760	0.03095	0.03914	0.01411	0.01771	0.03717	0.05498	0.19918	0.08237	0.06630	0.05474	0.02075	0.05180	0.00931	0.00957	0.02114	0.14243	0.00656	0.03551	0.00870
1	0.05695	0.06154	0.18043	0.01938	0.14320	0.09462	0.01555	0.08231	0.11856	0.02311	0.03471	0.04025	0.01442	0.00816	0.00718	0.00209	0.04744	0.03669	0.00427	0.00913
2	0.00964	0.00703	0.00824	0.00812	0.00983	0.00645	0.00604	0.01151	0.01506	0.05150	0.19721	0.12086	0.35581	0.09341	0.01088	0.00271	0.02406	0.04966	0.00614	0.00585
3	0.01764	0.35874	0.06481	0.03420	0.06971	0.18302	0.01285	0.02006	0.01443	0.01670	0.01194	0.06958	0.01133	0.00749	0.00645	0.00175	0.05844	0.00531	0.00327	0.03228
4	0.01117	0.00686	0.00907	0.00892	0.00967	0.00723	0.00626	0.01235	0.06919	0.01575	0.05777	0.02676	0.01827	0.12715	0.15439	0.36277	0.00757	0.00704	0.07713	0.00470
5	0.01555	0.02766	0.42704	0.01868	0.05179	0.10593	0.05768	0.07045	0.03722	0.02186	0.03919	0.04063	0.01224	0.00742	0.00708	0.00209	0.03882	0.00589	0.00358	0.00920
6	0.01793	0.03122	0.02431	0.04988	0.02399	0.03126	0.25906	0.15241	0.01813	0.10300	0.01881	0.06966	0.04558	0.00824	0.00782	0.00210	0.04976	0.00768	0.02630	0.05288
7	0.00829	0.00606	0.00743	0.00833	0.00904	0.00560	0.00555	0.00942	0.01279	0.01670	0.06756	0.48154	0.16861	0.14629	0.01251	0.00319	0.00413	0.01598	0.00580	0.00519
8	0.00800	0.00609	0.00736	0.00828	0.00934	0.00546	0.00574	0.00940	0.01368	0.01755	0.07625	0.49662	0.27456	0.01898	0.00816	0.00250	0.00362	0.01679	0.00616	0.00546
9	0.01265	0.00714	0.00908	0.00923	0.01065	0.00688	0.00658	0.01495	0.05010	0.12522	0.02903	0.39327	0.03030	0.06000	0.03678	0.05024	0.00481	0.01274	0.12396	0.00640
10	0.01871	0.65612	0.03205	0.01210	0.01744	0.11423	0.01149	0.04328	0.01461	0.01643	0.00950	0.01090	0.00854	0.00585	0.00451	0.00146	0.00764	0.00369	0.00301	0.00844
11	0.01625	0.59412	0.09854	0.01253	0.01813	0.02281	0.03848	0.01904	0.01322	0.01619	0.01045	0.01275	0.00933	0.01025	0.08151	0.00246	0.00855	0.00418	0.00291	0.00832
12	0.00819	0.00628	0.00736	0.00791	0.00915	0.00561	0.00553	0.00971	0.01412	0.01811	0.13220	0.34165	0.32195	0.06923	0.00979	0.00267	0.00371	0.01529	0.00611	0.00545
13	0.01477	0.01199	0.01399	0.01007	0.01587	0.00934	0.00809	0.04841	0.01463	0.04935	0.01243	0.01408	0.01006	0.00514	0.00502	0.00106	0.00501	0.00410	0.00418	0.74242
14	0.01090	0.00767	0.01089	0.01036	0.01187	0.00777	0.04774	0.03249	0.01333	0.04373	0.08315	0.19881	0.04462	0.13296	0.20648	0.00510	0.00842	0.04342	0.07424	0.00605
15	0.00866	0.00661	0.00781	0.00814	0.00948	0.00608	0.00576	0.01095	0.03874	0.01947	0.20858	0.28589	0.26675	0.07439	0.00991	0.00265	0.00374	0.01444	0.00624	0.00569
16	0.00826	0.00623	0.00768	0.00851	0.00963	0.00564	0.00606	0.00992	0.01421	0.01848	0.13352	0.43459	0.23910	0.01844	0.00818	0.00249	0.00371	0.05354	0.00626	0.00556
17	0.02052	0.11449	0.08958	0.01351	0.01856	0.01762	0.01209	0.39456	0.02348	0.07349	0.05720	0.02108	0.04537	0.05928	0.00818	0.00223	0.00691	0.00648	0.00566	0.00969
18	0.01592	0.04175	0.14735	0.09011	0.06147	0.05385	0.13445	0.11812	0.10045	0.02333	0.01849	0.06235	0.04098	0.00848	0.00728	0.00217	0.02828	0.03185	0.00439	0.00892
19	0.01449	0.01466	0.02159	0.01808	0.01859	0.01990	0.06707	0.01624	0.01050	0.01624	0.00900	0.01466	0.00874	0.01107	0.02055	0.00283	0.69962	0.00591	0.00291	0.00733
20	0.00983	0.00739	0.00847	0.00840	0.01002	0.00713	0.00611	0.04984	0.03568	0.01958	0.11792	0.16363	0.28406	0.12978	0.06090	0.00344	0.00514	0.03178	0.03501	0.00588
21	0.03894	0.04025	0.07883	0.09836	0.29882	0.08007	0.11244	0.02044	0.04051	0.02077	0.02899	0.01869	0.01220	0.00684	0.00688	0.00204	0.02616	0.02570	0.03409	0.00899
22	0.03668	0.01050	0.01197	0.01037	0.01377	0.02919	0.00821	0.05620	0.10863	0.25031	0.12017	0.06204	0.20813	0.01177	0.00713	0.00216	0.00485	0.03256	0.00688	0.00846
23	0.01002	0.00733	0.00935	0.01009	0.01150	0.00705	0.00789	0.03535	0.01448	0.01900	0.05714	0.25534	0.11729	0.09199	0.01089	0.00303	0.00507	0.28817	0.00586	0.03316
24	0.05054	0.03057	0.02103	0.34371	0.17505	0.05418	0.03626	0.12506	0.01644	0.02213	0.01261	0.01675	0.00986	0.00897	0.04746	0.00253	0.00887	0.00576	0.00368	0.00855
25	0.01520	0.12858	0.08964	0.16727	0.09114	0.01571	0.10023	0.08907	0.03926	0.04177	0.03784	0.06283	0.07692	0.00833	0.00659	0.00205	0.00753	0.00733	0.00420	0.00851
26	0.04859	0.00957	0.01023	0.00918	0.01174	0.03382	0.00707	0.10328	0.01774	0.08146	0.20617	0.09962	0.13411	0.01153	0.00665	0.00198	0.00435	0.00965	0.16891	0.02433
27	0.06767	0.01160	0.01534	0.08348	0.09591	0.03919	0.04982	0.10124	0.01650	0.02284	0.11115	0.10182	0.06577	0.03049	0.04168	0.02436	0.00688	0.10185	0.00505	0.00737

[dist]
# distance from previous block
# <min> <max>
5	25

[block]
# block no. 6 follows, 33 sequences, length 7
# corresponding to MSA columns:
# 266-272
name=unknown_G
#
# <colnr> <probs for GDERKNQSTAVLIFYWHMCP>
#	G	D	E	R	K	N	Q	S	T	A	V	L	I	F	Y	W	H	M	C	P
0	0.18409	0.20038	0.15099	0.05978	0.11397	0.05837	0.01468	0.02010	0.01336	0.04128	0.01071	0.01314	0.00868	0.00663	0.00681	0.00195	0.07866	0.00456	0.00333	0.00852
1	0.01463	0.12507	0.03800	0.14098	0.05958	0.07135	0.07324	0.02002	0.11435	0.01917	0.01631	0.08279	0.01444	0.01204	0.08081	0.00279	0.00847	0.00680	0.00398	0.09517
2	0.06493	0.00994	0.01142	0.01078	0.01272	0.07286	0.00832	0.01565	0.01272	0.09486	0.06627	0.02589	0.01872	0.07755	0.45855	0.00749	0.01336	0.00702	0.00434	0.00661
3	0.01338	0.01084	0.01260	0.00986	0.01422	0.00903	0.00755	0.07509	0.01457	0.02158	0.01665	0.12730	0.01638	0.09052	0.00866	0.00190	0.00509	0.00687	0.00447	0.53345
4	0.15065	0.03325	0.05222	0.03108	0.01650	0.01203	0.08189	0.08406	0.03070	0.02235	0.02570	0.15887	0.11489	0.03161	0.07125	0.00308	0.02636	0.04147	0.00483	0.00721
5	0.01664	0.07266	0.01651	0.01499	0.09119	0.10615	0.03214	0.05435	0.10550	0.10104	0.08593	0.14726	0.06596	0.01057	0.00674	0.00206	0.00618	0.00899	0.04688	0.00825
6	0.01220	0.00878	0.01156	0.01044	0.01284	0.00838	0.06082	0.01627	0.10802	0.09656	0.06278	0.20896	0.24377	0.09536	0.01041	0.00275	0.00487	0.01234	0.00601	0.00688

[dist]
# distance from previous block
# <min> <max>
0	2

[block]
# block no. 7 follows, 33 sequences, length 9
# corresponding to MSA columns:
# 275-283
name=unknown_H
#
# <colnr> <probs for GDERKNQSTAVLIFYWHMCP>
#	G	D	E	R	K	N	Q	S	T	A	V	L	I	F	Y	W	H	M	C	P
0	0.01639	0.01211	0.01380	0.05051	0.01684	0.01315	0.00971	0.08593	0.35790	0.10607	0.14245	0.03106	0.09531	0.01014	0.00696	0.00216	0.00509	0.00850	0.00669	0.00924
1	0.01968	0.13994	0.10227	0.04284	0.02002	0.16087	0.04131	0.08394	0.01727	0.15186	0.02121	0.02155	0.10462	0.00831	0.00681	0.00194	0.03578	0.00633	0.00472	0.00874
2	0.01175	0.00903	0.01282	0.03646	0.12805	0.00930	0.00952	0.01395	0.01367	0.06360	0.09430	0.11845	0.17011	0.08456	0.13978	0.00408	0.05869	0.01012	0.00493	0.00683
3	0.00804	0.00633	0.00727	0.00777	0.00924	0.00555	0.00555	0.00968	0.01453	0.01840	0.13038	0.32020	0.39817	0.01776	0.00801	0.00237	0.00349	0.01544	0.00624	0.00555
4	0.01369	0.04407	0.05750	0.02116	0.20722	0.03949	0.12247	0.01784	0.04411	0.02098	0.07069	0.13053	0.05040	0.00979	0.00692	0.00211	0.00679	0.03771	0.08844	0.00810
5	0.04098	0.05027	0.10564	0.06485	0.09184	0.05036	0.07646	0.21875	0.04946	0.07890	0.01571	0.04558	0.01229	0.00878	0.02983	0.00227	0.00809	0.00628	0.00481	0.03885
6	0.01474	0.01296	0.04176	0.04490	0.12091	0.04194	0.01106	0.10433	0.06052	0.04922	0.02369	0.18229	0.07196	0.06752	0.00932	0.00241	0.02992	0.00930	0.00500	0.09625
7	0.01088	0.00751	0.00922	0.00939	0.01076	0.00727	0.00675	0.07453	0.01537	0.04784	0.12712	0.38160	0.10758	0.10135	0.01087	0.00290	0.00447	0.05231	0.00614	0.00613
8	0.07196	0.10676	0.13466	0.13014	0.04203	0.12541	0.01458	0.06723	0.01512	0.02050	0.01188	0.01598	0.00989	0.00719	0.00732	0.00193	0.08050	0.02957	0.00353	0.10383

[dist]
# distance from previous block
# <min> <max>
0	2

[block]
# block no. 8 follows, 33 sequences, length 47
# corresponding to MSA columns:
# 286-332
name=unknown_I
#
# <colnr> <probs for GDERKNQSTAVLIFYWHMCP>
#	G	D	E	R	K	N	Q	S	T	A	V	L	I	F	Y	W	H	M	C	P
0	0.07471	0.03856	0.05398	0.01449	0.01839	0.29521	0.01185	0.14808	0.10839	0.04192	0.01465	0.01574	0.01132	0.00751	0.00669	0.00191	0.04590	0.00523	0.07679	0.00866
1	0.18075	0.20589	0.09121	0.05410	0.11007	0.04407	0.03369	0.05301	0.05539	0.02217	0.01182	0.01402	0.00957	0.00667	0.00640	0.00193	0.05748	0.00481	0.02838	0.00857
2	0.02521	0.01815	0.01958	0.01501	0.02027	0.01998	0.01240	0.67829	0.03046	0.06951	0.01622	0.01607	0.01140	0.00791	0.00659	0.00198	0.00718	0.00596	0.00665	0.01120
3	0.01361	0.01456	0.10641	0.17989	0.10384	0.01324	0.04891	0.05697	0.13722	0.02169	0.02063	0.15321	0.01903	0.01002	0.00700	0.00226	0.00698	0.04402	0.03219	0.00834
4	0.00802	0.00573	0.00764	0.00917	0.00955	0.00535	0.00611	0.00917	0.01260	0.01681	0.03628	0.76434	0.04354	0.02062	0.00840	0.00267	0.00382	0.01872	0.00611	0.00535
5	0.01497	0.02092	0.18236	0.02516	0.03201	0.01661	0.51520	0.02068	0.01482	0.02068	0.01269	0.01673	0.00955	0.00610	0.00840	0.00224	0.06174	0.00703	0.00318	0.00894
6	0.03448	0.01600	0.05433	0.14046	0.04244	0.08441	0.05857	0.14202	0.07586	0.09385	0.01784	0.05254	0.03209	0.01150	0.06273	0.00278	0.05777	0.00682	0.00477	0.00873
7	0.02268	0.04004	0.01661	0.01283	0.01726	0.01498	0.01039	0.25182	0.18195	0.24987	0.05328	0.02259	0.01767	0.04770	0.00799	0.00227	0.00603	0.00686	0.00686	0.01033
8	0.00955	0.00639	0.00730	0.00740	0.00746	0.00638	0.00426	0.00968	0.00985	0.01312	0.02174	0.07110	0.02508	0.71845	0.03185	0.00614	0.00628	0.02974	0.00413	0.00410
9	0.00832	0.00597	0.00777	0.00893	0.00953	0.00558	0.00608	0.00968	0.01324	0.01769	0.10815	0.59258	0.07639	0.06483	0.00984	0.00282	0.00394	0.03717	0.00610	0.00539
10	0.01668	0.34593	0.10508	0.04278	0.11632	0.03687	0.11731	0.06804	0.01529	0.01966	0.01247	0.05234	0.01095	0.00671	0.00577	0.00181	0.00805	0.00566	0.00340	0.00889
11	0.12606	0.09000	0.01877	0.01305	0.01816	0.01748	0.01097	0.37705	0.02359	0.21558	0.01693	0.01634	0.01172	0.00751	0.00604	0.00194	0.00653	0.00557	0.00630	0.01041
12	0.00845	0.00596	0.00747	0.00849	0.00885	0.00565	0.00546	0.00929	0.01186	0.01571	0.03326	0.52912	0.06856	0.23179	0.01547	0.00370	0.00452	0.01592	0.00551	0.00497
13	0.00967	0.00672	0.00833	0.00861	0.00941	0.00669	0.00591	0.03134	0.01299	0.01787	0.12084	0.24598	0.05465	0.26798	0.09223	0.00456	0.00614	0.03939	0.04538	0.00532
14	0.19910	0.12507	0.11511	0.04789	0.02094	0.25900	0.04865	0.04048	0.05049	0.02121	0.01124	0.01300	0.00890	0.00647	0.00551	0.00187	0.00877	0.00453	0.00361	0.00819
15	0.04766	0.30389	0.15158	0.01553	0.02118	0.13673	0.09949	0.04482	0.01524	0.01909	0.03340	0.01538	0.03315	0.00678	0.00612	0.00181	0.03119	0.00513	0.00339	0.00845
16	0.00831	0.00596	0.00755	0.00861	0.00914	0.00557	0.00570	0.00942	0.01264	0.01674	0.07090	0.55895	0.09792	0.13549	0.01220	0.00318	0.00414	0.01656	0.00584	0.00520
17	0.00814	0.00610	0.00756	0.00842	0.00943	0.00552	0.00585	0.00969	0.01404	0.01838	0.13957	0.49050	0.21556	0.01864	0.00816	0.00248	0.00360	0.01657	0.00627	0.00552
18	0.00939	0.00614	0.00759	0.00840	0.00890	0.00597	0.00564	0.01047	0.01193	0.01668	0.02866	0.36418	0.03250	0.24391	0.01611	0.03143	0.00475	0.07051	0.11185	0.00502
19	0.61215	0.13188	0.03715	0.00981	0.01427	0.03800	0.00861	0.02025	0.03865	0.02661	0.00995	0.01134	0.00791	0.00617	0.00432	0.00194	0.00575	0.00377	0.00392	0.00756
20	0.01503	0.01395	0.02258	0.27523	0.36275	0.01564	0.01800	0.04915	0.01452	0.02033	0.01225	0.01681	0.00996	0.00687	0.00809	0.00212	0.08820	0.00586	0.03377	0.00891
21	0.00833	0.00650	0.00756	0.00769	0.00933	0.00573	0.00562	0.01036	0.01571	0.02040	0.27539	0.19845	0.37257	0.01641	0.00790	0.00226	0.00336	0.01421	0.00648	0.00573
22	0.01134	0.00726	0.00925	0.00953	0.01090	0.00698	0.00695	0.01399	0.05922	0.08618	0.12128	0.32852	0.07653	0.10296	0.01150	0.02785	0.00458	0.09284	0.00614	0.00620
23	0.09958	0.45509	0.10834	0.01266	0.01793	0.08351	0.01247	0.04055	0.01400	0.01868	0.01009	0.01189	0.00866	0.00634	0.00572	0.00168	0.05256	0.00403	0.02791	0.00833
24	0.04107	0.01730	0.02131	0.10955	0.22581	0.06213	0.01520	0.35121	0.02271	0.04891	0.01409	0.01595	0.01055	0.00706	0.00646	0.00198	0.00778	0.00576	0.00498	0.01020
25	0.01286	0.00775	0.00897	0.00827	0.01090	0.00680	0.00633	0.01533	0.03687	0.16859	0.10862	0.11318	0.42146	0.01450	0.00748	0.00219	0.00388	0.01224	0.02683	0.00694
26	0.01908	0.01112	0.01340	0.01146	0.01489	0.01115	0.00917	0.17781	0.07051	0.22495	0.13335	0.11657	0.04998	0.01148	0.00716	0.00218	0.00523	0.06419	0.03740	0.00891
27	0.01652	0.07422	0.52025	0.01723	0.02530	0.07528	0.02042	0.02251	0.01477	0.11055	0.01323	0.01463	0.00938	0.00667	0.00663	0.00203	0.03230	0.00498	0.00352	0.00959
28	0.01422	0.01204	0.01396	0.01002	0.01584	0.00936	0.00804	0.05113	0.01452	0.02246	0.01191	0.01376	0.00982	0.00503	0.00496	0.00103	0.00499	0.00400	0.00404	0.76888
29	0.01079	0.03588	0.01091	0.00984	0.01114	0.00850	0.00741	0.01264	0.01113	0.05211	0.03965	0.02964	0.01918	0.20438	0.49713	0.00861	0.01368	0.00760	0.00395	0.00584
30	0.00893	0.00667	0.00892	0.00911	0.01023	0.00694	0.00669	0.01077	0.01221	0.01661	0.09081	0.15423	0.14118	0.12111	0.35735	0.00671	0.01049	0.01076	0.00474	0.00555
31	0.01020	0.00684	0.00847	0.00845	0.01018	0.00613	0.00627	0.01234	0.01594	0.07741	0.27868	0.23496	0.24383	0.01596	0.00789	0.00230	0.00366	0.03763	0.00666	0.00619
32	0.00810	0.00608	0.00752	0.00843	0.00941	0.00550	0.00584	0.00959	0.01388	0.01810	0.11919	0.50742	0.21934	0.01883	0.00817	0.00249	0.00362	0.01674	0.00624	0.00550
33	0.01641	0.21257	0.19242	0.10960	0.11510	0.04703	0.05246	0.05733	0.01482	0.04028	0.01156	0.01432	0.00919	0.00667	0.00724	0.00196	0.07367	0.00508	0.00329	0.00897
34	0.24692	0.00950	0.00995	0.00906	0.01203	0.00956	0.00699	0.01815	0.04272	0.16794	0.07745	0.14238	0.15893	0.05080	0.00785	0.00240	0.00460	0.00952	0.00593	0.00730
35	0.00874	0.00696	0.00794	0.00838	0.01002	0.00643	0.00614	0.01166	0.06625	0.01886	0.09693	0.29337	0.36631	0.01727	0.00797	0.00240	0.00376	0.04846	0.00623	0.00592
36	0.01880	0.04169	0.01845	0.13814	0.04599	0.27699	0.03343	0.07644	0.12187	0.03940	0.01946	0.02076	0.08184	0.00821	0.00689	0.00199	0.03060	0.00632	0.00442	0.00830
37	0.01888	0.01832	0.04897	0.04566	0.43801	0.08684	0.01754	0.17588	0.04126	0.02557	0.01337	0.01596	0.01061	0.00654	0.00647	0.00195	0.00809	0.00574	0.00411	0.01024
38	0.01224	0.00839	0.00980	0.00931	0.01167	0.00802	0.00712	0.05100	0.08684	0.09545	0.15221	0.17501	0.27980	0.01483	0.00767	0.00229	0.00416	0.05056	0.00658	0.00702
39	0.01489	0.00923	0.00993	0.00885	0.01138	0.00950	0.00686	0.14832	0.05362	0.04824	0.04804	0.08551	0.04097	0.00926	0.00568	0.00179	0.00418	0.00759	0.44507	0.03110
40	0.03851	0.19899	0.10863	0.08328	0.04041	0.06921	0.09010	0.03905	0.04124	0.01975	0.07299	0.02323	0.04086	0.04326	0.03020	0.00242	0.00804	0.03793	0.00393	0.00798
41	0.04312	0.05050	0.02315	0.05247	0.35370	0.04166	0.06122	0.13308	0.01751	0.05109	0.03533	0.05527	0.01400	0.03038	0.00736	0.00213	0.00753	0.00672	0.00428	0.00950
42	0.00920	0.00734	0.00972	0.07959	0.03494	0.00727	0.00770	0.01184	0.03835	0.01895	0.14579	0.32102	0.20548	0.01808	0.05118	0.00286	0.00504	0.01381	0.00577	0.00608
43	0.03675	0.01422	0.07401	0.01515	0.10541	0.11201	0.01081	0.03929	0.01516	0.04074	0.05426	0.27332	0.13400	0.01321	0.00766	0.00225	0.02820	0.01126	0.00505	0.00723
44	0.01651	0.06079	0.05414	0.10529	0.10554	0.03140	0.10705	0.07845	0.05741	0.09589	0.03857	0.11709	0.01694	0.00903	0.00774	0.00214	0.05395	0.00790	0.00467	0.02950
45	0.01450	0.01548	0.06454	0.22951	0.23428	0.07288	0.03408	0.03826	0.01519	0.01996	0.03774	0.02260	0.09834	0.00767	0.00657	0.00198	0.00772	0.00671	0.00375	0.06825
46	0.04159	0.03647	0.02086	0.07275	0.19628	0.08084	0.04215	0.16168	0.06361	0.04288	0.01535	0.05602	0.01304	0.00822	0.00798	0.00209	0.07975	0.02146	0.00449	0.03249

[dist]
# distance from previous block
# <min> <max>
23	58

[block]
# block no. 9 follows, 33 sequences, length 17
# corresponding to MSA columns:
# 392-408
name=unknown_J
#
# <colnr> <probs for GDERKNQSTAVLIFYWHMCP>
#	G	D	E	R	K	N	Q	S	T	A	V	L	I	F	Y	W	H	M	C	P
0	0.01746	0.04040	0.01910	0.12631	0.12691	0.03147	0.03007	0.13076	0.09169	0.08733	0.01632	0.04248	0.01317	0.02813	0.03026	0.00234	0.04673	0.00634	0.00472	0.10803
1	0.01707	0.03680	0.02012	0.03939	0.20128	0.05425	0.05043	0.07464	0.15545	0.06541	0.01990	0.02110	0.06597	0.00790	0.00748	0.00199	0.05740	0.00657	0.00473	0.09213
2	0.05151	0.12677	0.07051	0.10007	0.04040	0.04661	0.02914	0.07963	0.06851	0.02154	0.06633	0.05510	0.09016	0.01079	0.03291	0.00236	0.04908	0.02670	0.00448	0.02741
3	0.01741	0.03781	0.02188	0.05287	0.16906	0.07654	0.12128	0.11251	0.07065	0.06085	0.03564	0.02308	0.06663	0.00789	0.00671	0.00198	0.00756	0.03140	0.00467	0.07355
4	0.01673	0.06161	0.04626	0.01547	0.07423	0.11046	0.06348	0.10109	0.04566	0.06244	0.02148	0.13559	0.06704	0.00945	0.00651	0.00192	0.00686	0.00804	0.02823	0.11747
5	0.04547	0.04220	0.14619	0.06298	0.09156	0.01445	0.08683	0.10455	0.04491	0.08489	0.01691	0.07634	0.01428	0.01077	0.05188	0.00262	0.03258	0.02433	0.00448	0.04179
6	0.01453	0.05913	0.01730	0.16349	0.07497	0.06852	0.03516	0.05834	0.09951	0.03949	0.10141	0.08459	0.10636	0.01013	0.00745	0.00213	0.03619	0.00852	0.00490	0.00790
7	0.04445	0.01700	0.05386	0.01293	0.01813	0.12191	0.03148	0.12635	0.05788	0.05505	0.01447	0.04214	0.01174	0.00672	0.00574	0.00155	0.00676	0.00529	0.00460	0.36198
8	0.00931	0.00655	0.00746	0.00764	0.00849	0.00629	0.00500	0.01086	0.03207	0.01698	0.10001	0.17428	0.16384	0.34596	0.01892	0.00407	0.00477	0.01195	0.06047	0.00507
9	0.03826	0.04955	0.01339	0.01092	0.01358	0.01003	0.03633	0.05624	0.05231	0.15204	0.06368	0.18533	0.02600	0.14698	0.04082	0.00328	0.00606	0.05086	0.00570	0.03868
10	0.01542	0.09794	0.07379	0.01653	0.03651	0.15364	0.09027	0.01813	0.01318	0.01672	0.01236	0.01754	0.01111	0.04194	0.18524	0.00428	0.17892	0.00583	0.00321	0.00745
11	0.01420	0.01250	0.01796	0.34940	0.07244	0.01490	0.01465	0.10108	0.08893	0.02108	0.01760	0.07137	0.04108	0.01071	0.04040	0.00263	0.08963	0.00727	0.00415	0.00802
12	0.04203	0.00909	0.01234	0.01163	0.01328	0.04745	0.04489	0.01323	0.01126	0.01610	0.01679	0.02469	0.01559	0.06741	0.61234	0.00920	0.01612	0.00689	0.00355	0.00611
13	0.01010	0.00683	0.00795	0.00793	0.00970	0.00602	0.00572	0.01173	0.01469	0.08135	0.12593	0.22126	0.36246	0.08562	0.01019	0.00268	0.00390	0.01376	0.00623	0.00594
14	0.01067	0.00752	0.00851	0.00818	0.00899	0.00753	0.00516	0.03990	0.05399	0.01568	0.02320	0.09493	0.05133	0.54485	0.02631	0.03325	0.00594	0.00979	0.00446	0.03980
15	0.05183	0.01636	0.01656	0.03148	0.01849	0.07317	0.01128	0.22805	0.34807	0.02936	0.01990	0.02031	0.01523	0.03493	0.00834	0.00229	0.05215	0.00653	0.00589	0.00981
16	0.01197	0.00717	0.00857	0.00854	0.00958	0.00702	0.00568	0.01401	0.05483	0.09451	0.02631	0.24925	0.02794	0.34735	0.01882	0.00410	0.00516	0.01147	0.08196	0.00577

[dist]
# distance from previous block
# <min> <max>
0	1

[block]
# block no. 10 follows, 33 sequences, length 24
# corresponding to MSA columns:
# 410-433
name=unknown_K
#
# <colnr> <probs for GDERKNQSTAVLIFYWHMCP>
#	G	D	E	R	K	N	Q	S	T	A	V	L	I	F	Y	W	H	M	C	P
0	0.01116	0.00835	0.00924	0.00939	0.01077	0.03130	0.00660	0.03984	0.07544	0.04477	0.03462	0.32126	0.13974	0.18601	0.01362	0.00333	0.00498	0.03782	0.00569	0.00606
1	0.01366	0.05483	0.07185	0.07498	0.15427	0.08825	0.03455	0.03519	0.01560	0.02026	0.12526	0.07721	0.12671	0.04565	0.00806	0.00224	0.00670	0.00864	0.02848	0.00761
2	0.01725	0.48557	0.07602	0.09142	0.04267	0.11992	0.01312	0.01992	0.01412	0.01631	0.01104	0.04528	0.01010	0.00660	0.00510	0.00165	0.00794	0.00470	0.00306	0.00823
3	0.00991	0.00729	0.00831	0.00841	0.01003	0.00698	0.00616	0.04253	0.04616	0.02031	0.12053	0.21056	0.26001	0.08687	0.01003	0.00267	0.00410	0.05209	0.08108	0.00599
4	0.01025	0.00737	0.00868	0.00905	0.01005	0.00746	0.00616	0.03531	0.09374	0.01878	0.06093	0.37650	0.05138	0.20531	0.01416	0.00342	0.00464	0.01347	0.05749	0.00587
5	0.01658	0.01742	0.06959	0.07540	0.21893	0.07336	0.12050	0.11665	0.01684	0.02251	0.01625	0.04365	0.04347	0.00821	0.00847	0.00217	0.08844	0.02863	0.00397	0.00895
