[name]
unknown

[dist]
# distance from previous block
# <min> <max>
15	33

[block]
# block no. 0 follows, 29 sequences, length 14
# corresponding to MSA columns:
# 35-48
name=unknown_A
#
# <colnr> <probs for GDERKNQSTAVLIFYWHMCP>
#	G	D	E	R	K	N	Q	S	T	A	V	L	I	F	Y	W	H	M	C	P
0	0.01719	0.01443	0.01721	0.04621	0.01872	0.05572	0.06398	0.16675	0.06671	0.02576	0.04292	0.04877	0.01848	0.16623	0.01431	0.00314	0.05944	0.00787	0.05937	0.08678
1	0.01719	0.01423	0.01895	0.07881	0.22930	0.04288	0.01401	0.09996	0.08968	0.05230	0.11839	0.02694	0.04765	0.01105	0.03911	0.00257	0.00738	0.00784	0.07221	0.00955
2	0.01413	0.01369	0.02418	0.60400	0.09707	0.01614	0.09210	0.01897	0.01467	0.01908	0.01290	0.01891	0.00977	0.00694	0.00725	0.00236	0.00969	0.00656	0.00324	0.00835
3	0.01697	0.01401	0.01813	0.04457	0.01937	0.06833	0.08632	0.11689	0.03671	0.07140	0.01934	0.07533	0.01761	0.10943	0.18940	0.00518	0.06959	0.00833	0.00490	0.00818
4	0.01050	0.00840	0.01251	0.01163	0.01344	0.00844	0.06776	0.01290	0.01402	0.01888	0.10107	0.09336	0.14051	0.14143	0.25122	0.00621	0.01030	0.06595	0.00517	0.00629
5	0.02503	0.01914	0.02160	0.01844	0.07298	0.02138	0.01412	0.54836	0.07641	0.04057	0.01718	0.01770	0.01255	0.00869	0.00808	0.00221	0.05068	0.00651	0.00663	0.01173
6	0.10703	0.01867	0.01973	0.01577	0.02065	0.08774	0.06670	0.35883	0.08053	0.03501	0.01873	0.01960	0.03552	0.00963	0.02628	0.00239	0.00814	0.00659	0.05219	0.01030
7	0.10424	0.01637	0.02031	0.04889	0.25246	0.05569	0.01465	0.17849	0.02009	0.05325	0.01979	0.02289	0.06425	0.00840	0.00679	0.00212	0.00744	0.02728	0.03457	0.04200
8	0.08539	0.01843	0.02066	0.13307	0.14534	0.10897	0.01496	0.25314	0.02255	0.05423	0.06207	0.01923	0.01481	0.00804	0.00689	0.00215	0.00829	0.00641	0.00530	0.01007
9	0.13566	0.11099	0.04597	0.07534	0.13097	0.06371	0.01310	0.08941	0.06390	0.02526	0.01993	0.06319	0.06130	0.00884	0.00637	0.00212	0.00714	0.00705	0.06075	0.00903
10	0.10068	0.06733	0.07208	0.08844	0.15199	0.07889	0.03013	0.04476	0.04381	0.04748	0.06163	0.02180	0.01612	0.08145	0.00946	0.00253	0.00788	0.00652	0.00442	0.06262
11	0.10697	0.01669	0.04147	0.09465	0.14128	0.06596	0.07503	0.05390	0.17422	0.02525	0.01909	0.08897	0.01633	0.00888	0.00700	0.00226	0.00769	0.00774	0.00495	0.04167
12	0.05429	0.11194	0.07324	0.04701	0.11577	0.09844	0.08894	0.06638	0.01740	0.09163	0.03593	0.04216	0.03796	0.02868	0.00809	0.00224	0.03088	0.00688	0.00460	0.03754
13	0.06744	0.06712	0.13748	0.03584	0.04605	0.08538	0.03811	0.12080	0.08660	0.13433	0.02207	0.04877	0.06131	0.00897	0.00689	0.00219	0.00792	0.00718	0.00552	0.01004

[dist]
# distance from previous block
# <min> <max>
10	60

[block]
# block no. 1 follows, 29 sequences, length 48
# corresponding to MSA columns:
# 142-165,177-200
name=unknown_B
#
# <colnr> <probs for GDERKNQSTAVLIFYWHMCP>
#	G	D	E	R	K	N	Q	S	T	A	V	L	I	F	Y	W	H	M	C	P
0	0.01956	0.04238	0.05820	0.07653	0.05245	0.11874	0.04828	0.19804	0.06935	0.02707	0.06915	0.02215	0.01692	0.06689	0.01095	0.00261	0.07929	0.00701	0.00507	0.00935
1	0.15532	0.04331	0.04377	0.03687	0.13186	0.14820	0.03408	0.07379	0.01764	0.07992	0.04933	0.07545	0.04121	0.00918	0.00719	0.00219	0.02946	0.00728	0.00491	0.00906
2	0.04302	0.01801	0.05213	0.10725	0.14705	0.10378	0.03924	0.08645	0.11268	0.06440	0.02143	0.04187	0.06756	0.00894	0.00769	0.00223	0.03473	0.00736	0.00500	0.02919
3	0.09150	0.01877	0.07468	0.17994	0.29148	0.08343	0.04646	0.03856	0.04017	0.02314	0.01330	0.01697	0.01054	0.00678	0.00674	0.00215	0.00889	0.00593	0.00376	0.03681
4	0.01626	0.05520	0.02412	0.10895	0.31711	0.01459	0.07092	0.01990	0.01563	0.06246	0.01833	0.13922	0.01721	0.00911	0.00722	0.00217	0.00767	0.00855	0.00436	0.08105
5	0.08664	0.01526	0.01750	0.09091	0.02123	0.03897	0.01243	0.24675	0.05777	0.02909	0.01741	0.07839	0.01509	0.01534	0.09867	0.00347	0.09624	0.00738	0.00529	0.04615
6	0.01106	0.00859	0.01061	0.01152	0.03632	0.00886	0.00788	0.01566	0.12680	0.01963	0.03523	0.28894	0.11096	0.14651	0.09436	0.00440	0.00676	0.04325	0.00590	0.00677
7	0.00959	0.00700	0.00872	0.00966	0.01060	0.00660	0.00668	0.03354	0.01489	0.01963	0.08201	0.51002	0.13145	0.07914	0.01110	0.00310	0.00445	0.03931	0.00652	0.00600
8	0.00985	0.00710	0.00932	0.00911	0.01059	0.00657	0.00670	0.01287	0.01911	0.02688	0.59492	0.16461	0.06395	0.01581	0.00851	0.00234	0.00348	0.01406	0.00764	0.00657
9	0.01477	0.01266	0.01477	0.01055	0.01687	0.00949	0.00844	0.01793	0.01477	0.02320	0.01266	0.01477	0.01055	0.00527	0.00527	0.00105	0.00527	0.00422	0.00422	0.79328
10	0.01673	0.01581	0.02646	0.26294	0.35810	0.01699	0.07727	0.05829	0.05424	0.02314	0.01432	0.01867	0.01129	0.00687	0.00720	0.00224	0.00891	0.00662	0.00382	0.01009
11	0.01008	0.00728	0.00952	0.00896	0.01064	0.00672	0.00672	0.01344	0.02016	0.02855	0.70158	0.05319	0.06719	0.01456	0.00840	0.00224	0.00336	0.01288	0.00784	0.00672
12	0.11184	0.01440	0.01720	0.04676	0.02005	0.03768	0.04470	0.08228	0.01778	0.19388	0.01654	0.01728	0.01200	0.00679	0.00609	0.00173	0.00654	0.00542	0.00552	0.33553
13	0.02516	0.02115	0.04377	0.01632	0.02181	0.09008	0.01358	0.50183	0.10567	0.03905	0.01756	0.01761	0.01276	0.00840	0.00700	0.00211	0.00809	0.00631	0.00657	0.03518
14	0.01771	0.01530	0.01610	0.01449	0.01852	0.01771	0.01127	0.03784	0.69247	0.02979	0.02898	0.02657	0.02174	0.00966	0.00725	0.00242	0.00564	0.00805	0.00725	0.01127
15	0.01808	0.61010	0.17289	0.01381	0.02079	0.02584	0.01502	0.02157	0.01458	0.01792	0.01048	0.01215	0.00911	0.00623	0.00501	0.00167	0.00820	0.00410	0.00304	0.00942
16	0.01396	0.07885	0.01781	0.01436	0.01578	0.06020	0.01173	0.01611	0.01216	0.01706	0.01445	0.02119	0.01355	0.03093	0.35208	0.00682	0.26706	0.00658	0.02209	0.00723
17	0.00860	0.00708	0.00756	0.00774	0.00980	0.00604	0.00569	0.01046	0.01621	0.01990	0.12221	0.16068	0.55678	0.01832	0.00851	0.00246	0.00366	0.01556	0.00672	0.00604
18	0.05461	0.01529	0.02007	0.01594	0.05208	0.01420	0.09797	0.13916	0.07597	0.02800	0.01497	0.01675	0.01171	0.00644	0.00622	0.00164	0.00680	0.00556	0.00489	0.41171
19	0.01851	0.09208	0.02286	0.11617	0.04273	0.08826	0.11377	0.12921	0.04384	0.06574	0.07014	0.06528	0.08141	0.00965	0.00731	0.00220	0.00811	0.00837	0.00525	0.00910
20	0.01842	0.10739	0.16265	0.08190	0.16521	0.04116	0.05444	0.06610	0.03815	0.08632	0.01579	0.04864	0.01275	0.00787	0.00751	0.00216	0.03944	0.00655	0.00432	0.03322
21	0.01544	0.21199	0.54788	0.01831	0.02776	0.01938	0.02286	0.02225	0.01490	0.02113	0.01208	0.01415	0.00905	0.00660	0.00623	0.00208	0.00981	0.00491	0.00302	0.01019
22	0.00937	0.00705	0.00870	0.00889	0.01047	0.00638	0.00655	0.01182	0.01743	0.02334	0.35085	0.21873	0.23149	0.01751	0.00863	0.00248	0.00374	0.04311	0.00717	0.00631
23	0.01701	0.02178	0.17385	0.02331	0.02885	0.03694	0.28862	0.02186	0.01495	0.05918	0.01322	0.01736	0.01033	0.00830	0.01245	0.00256	0.22955	0.00692	0.00362	0.00935
24	0.01642	0.01398	0.01498	0.01377	0.01730	0.01597	0.01058	0.03381	0.59118	0.02849	0.05859	0.10474	0.02638	0.01122	0.00749	0.00246	0.00538	0.00956	0.00720	0.01049
25	0.01505	0.15267	0.60375	0.01899	0.02879	0.01842	0.02403	0.02235	0.01494	0.02161	0.01231	0.01445	0.00904	0.00666	0.00641	0.00214	0.01005	0.00503	0.00301	0.01030
26	0.71570	0.01625	0.08587	0.01054	0.01560	0.01603	0.00971	0.02111	0.01243	0.03094	0.01022	0.01194	0.00785	0.00663	0.00466	0.00221	0.00605	0.00401	0.00426	0.00801
27	0.00868	0.00620	0.00826	0.00991	0.01033	0.00578	0.00661	0.00991	0.01363	0.01818	0.03925	0.74510	0.04710	0.02231	0.00909	0.00289	0.00413	0.02024	0.00661	0.00578
28	0.01035	0.00693	0.00790	0.00790	0.00794	0.00698	0.00448	0.01044	0.01039	0.01390	0.02231	0.04593	0.02560	0.72465	0.06094	0.00707	0.00734	0.01026	0.00430	0.00439
29	0.03098	0.01183	0.01601	0.01236	0.01767	0.01027	0.01018	0.03377	0.02010	0.67494	0.02784	0.02436	0.01766	0.00879	0.00705	0.00218	0.00592	0.00713	0.04914	0.01183
30	0.75625	0.01371	0.01107	0.04964	0.01573	0.01597	0.00838	0.02078	0.01224	0.03118	0.01007	0.01198	0.00781	0.00664	0.00456	0.00221	0.00573	0.00399	0.00434	0.00772
31	0.01244	0.01036	0.01349	0.01280	0.01430	0.04372	0.01009	0.05107	0.01301	0.01821	0.01756	0.02536	0.01619	0.04446	0.57502	0.00960	0.09420	0.00727	0.00392	0.00692
32	0.01505	0.01429	0.02425	0.46882	0.30036	0.01624	0.02057	0.01959	0.01499	0.02013	0.01294	0.01846	0.01018	0.00682	0.00709	0.00227	0.00910	0.00633	0.00330	0.00920
33	0.01477	0.01266	0.01477	0.01055	0.01687	0.00949	0.00844	0.01793	0.01477	0.02320	0.01266	0.01477	0.01055	0.00527	0.00527	0.00105	0.00527	0.00422	0.00422	0.79328
34	0.00868	0.00620	0.00826	0.00991	0.01033	0.00578	0.00661	0.00991	0.01363	0.01818	0.03925	0.74510	0.04710	0.02231	0.00909	0.00289	0.00413	0.02024	0.00661	0.00578
35	0.01036	0.00690	0.00777	0.00777	0.00777	0.00690	0.00431	0.01036	0.01036	0.01381	0.02244	0.04660	0.02589	0.74975	0.03624	0.00690	0.00690	0.01036	0.00431	0.00431
36	0.00868	0.00620	0.00826	0.00991	0.01033	0.00578	0.00661	0.00991	0.01363	0.01818	0.03925	0.74510	0.04710	0.02231	0.00909	0.00289	0.00413	0.02024	0.00661	0.00578
37	0.80005	0.01377	0.01047	0.00936	0.01377	0.01597	0.00771	0.02093	0.01212	0.03195	0.00991	0.01157	0.00771	0.00661	0.00441	0.00220	0.00551	0.00386	0.00441	0.00771
38	0.02426	0.05632	0.07587	0.02147	0.10836	0.55442	0.01570	0.02691	0.01909	0.01854	0.01141	0.01356	0.00942	0.00713	0.00646	0.00189	0.01193	0.00483	0.00358	0.00884
39	0.02479	0.01737	0.01926	0.01523	0.02004	0.01906	0.01243	0.51383	0.02893	0.09550	0.01991	0.08433	0.01586	0.00998	0.00793	0.00224	0.03879	0.00773	0.03564	0.01115
40	0.03776	0.01507	0.01676	0.01317	0.01835	0.01504	0.01072	0.29092	0.07049	0.07082	0.05077	0.02475	0.05471	0.00894	0.00678	0.00191	0.00628	0.03729	0.00628	0.24319
41	0.01150	0.00938	0.00983	0.00983	0.01150	0.04155	0.00695	0.05048	0.06341	0.02072	0.08939	0.26777	0.21607	0.14306	0.01315	0.00328	0.00513	0.01425	0.00624	0.00651
42	0.04009	0.12199	0.15006	0.10266	0.07816	0.07358	0.03933	0.07762	0.01704	0.02295	0.01705	0.02161	0.04739	0.00794	0.00656	0.00201	0.00838	0.04198	0.00410	0.11950
43	0.07484	0.04286	0.03945	0.04752	0.09353	0.01678	0.01302	0.19284	0.14398	0.08991	0.04894	0.05459	0.01749	0.00900	0.00736	0.00218	0.02880	0.00724	0.00597	0.06371
44	0.05562	0.17552	0.11413	0.07481	0.09404	0.05649	0.03767	0.12601	0.03806	0.07444	0.01519	0.04065	0.01216	0.00756	0.00639	0.00202	0.00819	0.00600	0.00457	0.05049
45	0.04719	0.01795	0.09200	0.19297	0.05668	0.09911	0.01532	0.06393	0.09776	0.10413	0.06896	0.02621	0.01867	0.00917	0.00722	0.00231	0.00817	0.05766	0.00526	0.00932
46	0.01818	0.03568	0.02126	0.17713	0.09869	0.07784	0.04360	0.17582	0.01942	0.02565	0.04670	0.01995	0.01410	0.01350	0.09482	0.00329	0.05048	0.00657	0.00455	0.05278
47	0.09033	0.07893	0.01931	0.07713	0.13400	0.05219	0.01280	0.14184	0.03968	0.05479	0.03701	0.07459	0.04171	0.06157	0.03463	0.00286	0.00774	0.02472	0.00513	0.00906

[dist]
# distance from previous block
# <min> <max>
0	3

[block]
# block no. 2 follows, 29 sequences, length 15
# corresponding to MSA columns:
# 204-218
name=unknown_C
#
# <colnr> <probs for GDERKNQSTAVLIFYWHMCP>
#	G	D	E	R	K	N	Q	S	T	A	V	L	I	F	Y	W	H	M	C	P
0	0.04761	0.13644	0.08232	0.06071	0.02012	0.17372	0.01220	0.02116	0.01595	0.07110	0.03449	0.09051	0.01650	0.06445	0.00858	0.00228	0.00814	0.00696	0.00442	0.12235
1	0.01247	0.01031	0.01055	0.01075	0.01202	0.06749	0.00739	0.05784	0.06639	0.01969	0.03161	0.38172	0.05785	0.20215	0.01541	0.00371	0.00589	0.01443	0.00587	0.00646
2	0.01832	0.34953	0.08631	0.04492	0.09915	0.09869	0.01516	0.02132	0.01483	0.01858	0.01086	0.01368	0.00951	0.00721	0.00808	0.00192	0.11321	0.00477	0.00326	0.06069
3	0.10982	0.07263	0.07090	0.04589	0.10573	0.16395	0.01406	0.11761	0.06024	0.08373	0.01705	0.07684	0.01432	0.00868	0.00663	0.00214	0.00835	0.00677	0.00501	0.00964
4	0.06944	0.00796	0.00941	0.00978	0.01062	0.00834	0.00681	0.01171	0.01274	0.01809	0.03338	0.31615	0.11145	0.23498	0.01791	0.00400	0.06596	0.04008	0.00547	0.00572
5	0.03495	0.09453	0.01256	0.00956	0.01128	0.04723	0.00676	0.01351	0.01326	0.01763	0.07549	0.17686	0.05096	0.33179	0.01971	0.00421	0.00623	0.01100	0.00493	0.05755
6	0.04848	0.09405	0.04641	0.01671	0.07549	0.01824	0.01281	0.17743	0.19302	0.05455	0.02040	0.07524	0.01727	0.04875	0.00975	0.00254	0.06541	0.00768	0.00572	0.01005
7	0.04349	0.01387	0.01521	0.01311	0.01670	0.01501	0.01026	0.30199	0.12610	0.03301	0.10289	0.18827	0.06387	0.01291	0.00771	0.00238	0.00587	0.01085	0.00699	0.00950
8	0.01042	0.00761	0.00909	0.00951	0.01068	0.00732	0.00655	0.06092	0.01552	0.02044	0.09325	0.40335	0.15023	0.14502	0.01344	0.00339	0.00474	0.01605	0.00635	0.00612
9	0.01886	0.01563	0.07375	0.08005	0.10323	0.01353	0.01345	0.09858	0.07384	0.13199	0.07396	0.02137	0.01729	0.00773	0.00669	0.00190	0.00673	0.00648	0.00553	0.22941
10	0.02114	0.08299	0.02607	0.02662	0.24525	0.23701	0.07143	0.07809	0.07280	0.02291	0.01385	0.01636	0.01124	0.00728	0.00741	0.00207	0.03752	0.00590	0.00411	0.00996
11	0.01185	0.00871	0.01050	0.01019	0.01187	0.00876	0.00752	0.06317	0.01641	0.05149	0.11304	0.27931	0.22894	0.07263	0.01178	0.00292	0.06326	0.01447	0.00642	0.00676
12	0.05276	0.01689	0.02662	0.13045	0.31620	0.01781	0.11319	0.13394	0.07302	0.02703	0.01516	0.01841	0.01178	0.00705	0.00717	0.00222	0.00865	0.00668	0.00443	0.01055
13	0.01341	0.07358	0.01638	0.11074	0.10026	0.08151	0.01133	0.01625	0.01673	0.02162	0.21893	0.19929	0.06603	0.01314	0.00772	0.00230	0.00627	0.01147	0.00555	0.00752
14	0.01372	0.01091	0.01127	0.01071	0.01323	0.06575	0.00818	0.03533	0.09399	0.07207	0.21024	0.13394	0.22053	0.01508	0.00817	0.00241	0.00506	0.05493	0.00692	0.00756

[dist]
# distance from previous block
# <min> <max>
3	22

[block]
# block no. 3 follows, 29 sequences, length 21
# corresponding to MSA columns:
# 241-261
name=unknown_D
#
# <colnr> <probs for GDERKNQSTAVLIFYWHMCP>
#	G	D	E	R	K	N	Q	S	T	A	V	L	I	F	Y	W	H	M	C	P
0	0.14801	0.08652	0.02080	0.06397	0.15395	0.08127	0.01346	0.15285	0.03970	0.02765	0.03126	0.04672	0.01346	0.00780	0.00629	0.00201	0.00753	0.00613	0.00475	0.08584
1	0.10281	0.08540	0.05513	0.01539	0.04289	0.09417	0.01257	0.25112	0.09781	0.03139	0.08961	0.02089	0.01813	0.01064	0.03927	0.00253	0.00806	0.00658	0.00570	0.00992
2	0.30337	0.01738	0.07655	0.01913	0.15137	0.04787	0.04094	0.09422	0.01737	0.06822	0.08481	0.01907	0.01594	0.00774	0.00625	0.00218	0.00717	0.00609	0.00496	0.00937
3	0.01852	0.04757	0.29643	0.02329	0.17255	0.01786	0.01990	0.13711	0.11878	0.05419	0.01655	0.01790	0.01225	0.00746	0.00691	0.00220	0.00863	0.00613	0.00467	0.01109
4	0.04948	0.06948	0.03308	0.01216	0.05404	0.04007	0.00893	0.04597	0.01708	0.05813	0.18244	0.12922	0.18110	0.07577	0.01003	0.00266	0.00548	0.01140	0.00604	0.00744
5	0.04783	0.30288	0.04769	0.01912	0.11118	0.16302	0.04453	0.08910	0.07110	0.02250	0.01308	0.01474	0.01073	0.00693	0.00596	0.00188	0.00885	0.00514	0.00404	0.00971
6	0.01015	0.00775	0.00914	0.00924	0.01089	0.00738	0.00677	0.01364	0.06943	0.02206	0.23596	0.16487	0.22709	0.10909	0.01203	0.00307	0.00442	0.06388	0.00672	0.00642
7	0.01889	0.12310	0.09335	0.02644	0.13346	0.07891	0.30637	0.08995	0.01822	0.02381	0.01348	0.01678	0.01049	0.00650	0.00723	0.00215	0.01037	0.00666	0.00383	0.01002
8	0.10087	0.26933	0.22766	0.01762	0.07988	0.09556	0.01669	0.02350	0.01561	0.07522	0.01259	0.01418	0.00981	0.00671	0.00581	0.00194	0.00875	0.00480	0.00374	0.00971
9	0.00953	0.00746	0.00856	0.00866	0.01052	0.00681	0.00643	0.01235	0.04290	0.02164	0.21790	0.14498	0.35637	0.06087	0.01019	0.00275	0.00407	0.05492	0.00680	0.00630
10	0.01015	0.00777	0.00880	0.00908	0.01073	0.00726	0.00645	0.06293	0.01603	0.02036	0.05019	0.33856	0.32372	0.08082	0.01094	0.00296	0.00443	0.01608	0.00646	0.00625
11	0.01785	0.15211	0.36393	0.02151	0.09708	0.07361	0.07650	0.04061	0.01637	0.05730	0.01326	0.01540	0.00996	0.00674	0.00657	0.00209	0.00983	0.00547	0.00358	0.01024
12	0.01940	0.34878	0.16437	0.05942	0.02331	0.10185	0.01559	0.11678	0.01818	0.02259	0.04028	0.01530	0.01196	0.00713	0.00589	0.00187	0.00875	0.00509	0.00390	0.00956
13	0.01134	0.00917	0.01351	0.01428	0.06785	0.00882	0.06486	0.05365	0.01579	0.02112	0.07511	0.45028	0.09587	0.05121	0.00989	0.00285	0.00540	0.01596	0.00611	0.00694
14	0.01670	0.06354	0.08280	0.13056	0.34608	0.01779	0.11498	0.02273	0.07279	0.02242	0.01438	0.01816	0.01148	0.00686	0.00753	0.00222	0.02843	0.00654	0.00372	0.01028
15	0.02112	0.06577	0.08097	0.17006	0.12502	0.19269	0.01679	0.12573	0.04734	0.06630	0.01451	0.01683	0.01102	0.00740	0.00676	0.00210	0.00953	0.00579	0.00445	0.00981
16	0.12814	0.32687	0.09967	0.01385	0.01961	0.09078	0.01311	0.06188	0.11253	0.05182	0.01419	0.01497	0.01124	0.00712	0.00560	0.00192	0.00782	0.00494	0.00436	0.00960
17	0.01953	0.16178	0.10812	0.01502	0.01990	0.13243	0.01360	0.17852	0.04863	0.02626	0.09069	0.05427	0.04247	0.00952	0.00764	0.00211	0.04788	0.00716	0.00509	0.00937
18	0.01434	0.01357	0.09041	0.05320	0.01790	0.03073	0.03866	0.03153	0.04158	0.07483	0.10503	0.09588	0.07069	0.11060	0.05030	0.05030	0.05238	0.00949	0.00520	0.04339
19	0.01764	0.11567	0.09029	0.06823	0.02347	0.08354	0.08581	0.12427	0.01792	0.02334	0.01679	0.02382	0.02635	0.03289	0.06508	0.00305	0.05900	0.06118	0.00435	0.05730
20	0.01621	0.06675	0.18432	0.03244	0.03477	0.01462	0.01436	0.15683	0.03799	0.04998	0.06303	0.10547	0.08953	0.01405	0.05228	0.00290	0.00797	0.04189	0.00545	0.00916

[dist]
# distance from previous block
# <min> <max>
1	14

[block]
# block no. 4 follows, 29 sequences, length 29
# corresponding to MSA columns:
# 276-304
name=unknown_E
#
# <colnr> <probs for GDERKNQSTAVLIFYWHMCP>
#	G	D	E	R	K	N	Q	S	T	A	V	L	I	F	Y	W	H	M	C	P
0	0.12094	0.10317	0.05668	0.03674	0.02992	0.06453	0.01122	0.15326	0.04220	0.02506	0.04088	0.06973	0.01564	0.01260	0.01123	0.17952	0.00719	0.00680	0.00471	0.00797
1	0.13149	0.01749	0.09181	0.08871	0.31397	0.01701	0.01803	0.04261	0.01510	0.03880	0.01354	0.04294	0.01156	0.00812	0.00917	0.00235	0.11735	0.00638	0.00386	0.00971
2	0.01776	0.09259	0.11856	0.06479	0.07626	0.11661	0.01555	0.02213	0.05783	0.05814	0.01727	0.03409	0.05067	0.00921	0.01038	0.00227	0.17188	0.00648	0.00411	0.05343
3	0.01936	0.03864	0.02343	0.32132	0.16766	0.01537	0.06319	0.02411	0.04223	0.18853	0.01722	0.02005	0.01237	0.00736	0.00712	0.00226	0.00842	0.00666	0.00479	0.00989
4	0.04482	0.18173	0.02719	0.04111	0.35512	0.01930	0.01665	0.08732	0.06155	0.04047	0.03213	0.01880	0.02935	0.00728	0.00649	0.00202	0.00765	0.00619	0.00434	0.01048
5	0.01813	0.01483	0.01745	0.01436	0.06607	0.01325	0.01068	0.18922	0.01969	0.02879	0.01385	0.01556	0.01100	0.00619	0.00587	0.00141	0.00616	0.00493	0.00492	0.53763
6	0.01122	0.01488	0.16807	0.01352	0.06438	0.00980	0.01187	0.01580	0.04295	0.02337	0.23569	0.04686	0.28743	0.01335	0.00790	0.00230	0.00551	0.01133	0.00596	0.00780
7	0.00876	0.00696	0.00763	0.00797	0.00965	0.00609	0.00565	0.01035	0.01529	0.01900	0.09574	0.21729	0.45273	0.09070	0.01130	0.00295	0.00403	0.01562	0.00646	0.00583
8	0.01753	0.01429	0.01625	0.01186	0.01804	0.01232	0.00958	0.16682	0.01896	0.02807	0.01365	0.01529	0.01090	0.00601	0.00569	0.00130	0.00585	0.00471	0.00487	0.61803
9	0.01237	0.00618	0.00928	0.00928	0.00928	0.00618	0.00618	0.00928	0.00928	0.01237	0.01237	0.02165	0.01237	0.02474	0.02783	0.79283	0.00618	0.00618	0.00309	0.00309
10	0.01810	0.46711	0.10214	0.02129	0.17497	0.02380	0.06212	0.02167	0.01508	0.01920	0.01128	0.01371	0.00972	0.00621	0.00561	0.00179	0.00840	0.00484	0.00319	0.00979
11	0.02452	0.01054	0.01375	0.01108	0.01552	0.00910	0.00896	0.02712	0.01943	0.48824	0.10415	0.03702	0.17614	0.01145	0.00756	0.00225	0.00524	0.00949	0.00822	0.01022
12	0.02294	0.01686	0.01843	0.01493	0.01945	0.01843	0.01198	0.53090	0.02903	0.03889	0.02207	0.18042	0.01996	0.01164	0.00756	0.00231	0.00700	0.00951	0.00701	0.01069
13	0.01071	0.00940	0.01239	0.01564	0.16584	0.00855	0.00928	0.01327	0.01676	0.02140	0.14428	0.05503	0.46127	0.01494	0.00811	0.00232	0.00466	0.01279	0.00609	0.00729
14	0.09997	0.01836	0.02040	0.01622	0.02051	0.02142	0.01342	0.46801	0.02633	0.03739	0.01466	0.01622	0.01106	0.00924	0.01050	0.00236	0.17113	0.00612	0.00596	0.01071
15	0.62653	0.01830	0.01264	0.01138	0.01562	0.17418	0.00907	0.02261	0.01393	0.02869	0.01016	0.01185	0.00804	0.00677	0.00486	0.00212	0.00715	0.00402	0.00424	0.00783
16	0.01110	0.00853	0.01084	0.01091	0.01336	0.00756	0.00869	0.01366	0.01542	0.02095	0.06037	0.23863	0.10736	0.01677	0.00841	0.00255	0.00520	0.25078	0.00610	0.18280
17	0.01216	0.01210	0.05963	0.01148	0.01390	0.07786	0.00966	0.01539	0.01810	0.02388	0.34660	0.07983	0.08929	0.04238	0.00948	0.00264	0.00568	0.15646	0.00655	0.00693
18	0.01019	0.00756	0.01108	0.01108	0.01223	0.00870	0.00845	0.01248	0.01134	0.01626	0.01940	0.02980	0.01860	0.12183	0.65419	0.01100	0.01788	0.00790	0.00386	0.00616
19	0.02094	0.04230	0.07024	0.01928	0.07432	0.30500	0.07925	0.06804	0.01857	0.02205	0.01245	0.01472	0.01003	0.00662	0.00640	0.00175	0.00988	0.00515	0.00396	0.20906
20	0.01823	0.56818	0.18828	0.01422	0.02122	0.04958	0.01541	0.02184	0.01479	0.01808	0.01058	0.01228	0.00911	0.00629	0.00513	0.00170	0.00845	0.00416	0.00306	0.00942
21	0.01524	0.09729	0.19803	0.07866	0.09517	0.01599	0.07361	0.01998	0.01494	0.02135	0.01437	0.02074	0.01235	0.00770	0.00779	0.00206	0.05880	0.05697	0.00369	0.18527
22	0.09443	0.01364	0.01526	0.01128	0.01729	0.01175	0.00911	0.10158	0.01715	0.06559	0.01381	0.01528	0.01086	0.00601	0.00552	0.00137	0.00566	0.00462	0.00486	0.57493
23	0.00992	0.00697	0.00764	0.00764	0.00818	0.00670	0.00456	0.01032	0.01167	0.01502	0.03359	0.05152	0.17767	0.58559	0.03000	0.00589	0.00616	0.01140	0.00483	0.00470
24	0.01830	0.18219	0.02972	0.08440	0.45639	0.01972	0.01896	0.06733	0.01688	0.02294	0.01281	0.01629	0.01073	0.00650	0.00650	0.00200	0.00830	0.00578	0.00364	0.01061
25	0.05779	0.14619	0.17736	0.01663	0.02198	0.26956	0.01571	0.02439	0.01653	0.07237	0.01272	0.01485	0.01013	0.00965	0.04054	0.00248	0.07319	0.00506	0.00381	0.00905
26	0.01351	0.00997	0.01174	0.01054	0.01304	0.00996	0.00808	0.16250	0.02183	0.02976	0.38700	0.13743	0.12725	0.01463	0.00820	0.00232	0.00449	0.01264	0.00737	0.00772
27	0.01340	0.01121	0.01331	0.01041	0.01541	0.00866	0.00803	0.01613	0.01451	0.02208	0.01862	0.17862	0.01875	0.00910	0.00613	0.00147	0.00502	0.00781	0.00476	0.61661
28	0.04398	0.01487	0.01996	0.15613	0.26823	0.08284	0.01542	0.01873	0.01537	0.02092	0.01862	0.18011	0.01858	0.01007	0.00719	0.00221	0.00769	0.00899	0.00426	0.08584

[dist]
# distance from previous block
# <min> <max>
0	1

[block]
# block no. 5 follows, 29 sequences, length 20
# corresponding to MSA columns:
# 306-325
name=unknown_F
#
# <colnr> <probs for GDERKNQSTAVLIFYWHMCP>
#	G	D	E	R	K	N	Q	S	T	A	V	L	I	F	Y	W	H	M	C	P
0	0.01997	0.04943	0.04883	0.06079	0.15748	0.13008	0.10411	0.13222	0.08938	0.02522	0.01469	0.01741	0.01162	0.00796	0.00906	0.00226	0.09868	0.00638	0.00443	0.01000
1	0.01191	0.00894	0.01051	0.00950	0.01190	0.00857	0.00729	0.10112	0.02093	0.02836	0.45192	0.05228	0.22035	0.01464	0.00823	0.00227	0.00401	0.01256	0.00743	0.00725
2	0.01116	0.10621	0.01309	0.00966	0.01193	0.00958	0.00776	0.01410	0.01830	0.02480	0.44736	0.08854	0.11983	0.01469	0.00807	0.00230	0.00430	0.07452	0.00689	0.00690
3	0.04207	0.06812	0.02028	0.01529	0.02018	0.06911	0.01244	0.42351	0.13416	0.03638	0.01957	0.07222	0.01575	0.00946	0.00701	0.00218	0.00749	0.00734	0.00653	0.01093
4	0.01683	0.01723	0.06306	0.22773	0.37356	0.01705	0.09327	0.06346	0.01679	0.02318	0.01351	0.01800	0.01067	0.00668	0.00721	0.00223	0.00920	0.00651	0.00364	0.01019
5	0.01139	0.00822	0.01032	0.01109	0.01232	0.00818	0.00801	0.09936	0.01653	0.02202	0.03616	0.58300	0.04186	0.02023	0.00890	0.00283	0.00486	0.08136	0.00667	0.00670
6	0.01743	0.01703	0.02621	0.21515	0.47486	0.06213	0.02055	0.04146	0.01650	0.02227	0.01317	0.01764	0.01072	0.00667	0.00703	0.00216	0.00898	0.00623	0.00355	0.01026
7	0.01640	0.01362	0.01564	0.01132	0.01756	0.01116	0.00911	0.10583	0.01724	0.02607	0.01324	0.01507	0.01075	0.00571	0.00552	0.00120	0.00561	0.00451	0.00460	0.68981
8	0.01007	0.00707	0.00832	0.00832	0.00885	0.00712	0.00524	0.01074	0.01132	0.01499	0.02845	0.04634	0.11413	0.53463	0.14888	0.00708	0.00853	0.01051	0.00453	0.00489
9	0.01726	0.01911	0.10409	0.04113	0.63119	0.01688	0.02234	0.02193	0.01608	0.02318	0.01333	0.01734	0.01103	0.00639	0.00702	0.00213	0.00869	0.00623	0.00347	0.01120
10	0.01122	0.00950	0.01423	0.01261	0.01545	0.00839	0.09635	0.01382	0.01519	0.02083	0.07997	0.34333	0.09933	0.01569	0.00820	0.00241	0.00548	0.06286	0.00583	0.15933
11	0.11429	0.00812	0.00929	0.00954	0.01153	0.00800	0.00739	0.01320	0.01584	0.02299	0.19144	0.16561	0.21050	0.01914	0.05787	0.00319	0.00543	0.11377	0.00639	0.00647
12	0.01708	0.01354	0.02001	0.25337	0.18460	0.01487	0.01588	0.02468	0.16968	0.10289	0.04342	0.07273	0.01819	0.00903	0.00732	0.00234	0.00740	0.00801	0.00523	0.00975
13	0.05261	0.01050	0.01188	0.05819	0.05055	0.05003	0.00881	0.03864	0.01628	0.02204	0.13411	0.24560	0.16401	0.03969	0.00881	0.00251	0.00537	0.01281	0.00590	0.06165
14	0.11836	0.02485	0.36509	0.01995	0.12013	0.01480	0.01906	0.02108	0.03766	0.02434	0.06252	0.06023	0.01594	0.00813	0.00666	0.00219	0.00820	0.00665	0.00403	0.06012
15	0.01572	0.08511	0.02348	0.38675	0.16281	0.06567	0.01799	0.01964	0.01500	0.01923	0.01358	0.02053	0.01147	0.00777	0.00774	0.00225	0.04656	0.04045	0.00347	0.03479
16	0.01894	0.01461	0.02061	0.02586	0.31605	0.03286	0.01485	0.07688	0.05719	0.12904	0.02469	0.09711	0.07920	0.00974	0.00730	0.00219	0.00695	0.00861	0.00548	0.05186
17	0.06419	0.02206	0.15839	0.02288	0.16979	0.06902	0.05270	0.17824	0.06719	0.04646	0.01718	0.01880	0.03480	0.00781	0.00724	0.00218	0.02326	0.00637	0.00484	0.02659
18	0.01905	0.07452	0.10147	0.02249	0.15006	0.03296	0.10000	0.17759	0.12027	0.02817	0.01932	0.02077	0.04913	0.00810	0.00746	0.00218	0.02577	0.00694	0.00501	0.02874
19	0.12555	0.04271	0.05432	0.04048	0.09114	0.01551	0.01286	0.17134	0.03716	0.17150	0.05568	0.06806	0.01823	0.00941	0.00725	0.00224	0.02372	0.02257	0.00609	0.02418

[dist]
# distance from previous block
# <min> <max>
1	4

[block]
# block no. 6 follows, 29 sequences, length 13
# corresponding to MSA columns:
# 330-342
name=unknown_G
#
# <colnr> <probs for GDERKNQSTAVLIFYWHMCP>
#	G	D	E	R	K	N	Q	S	T	A	V	L	I	F	Y	W	H	M	C	P
0	0.03476	0.08454	0.09081	0.06795	0.05781	0.05717	0.06406	0.08017	0.03403	0.12941	0.10699	0.03985	0.05983	0.03439	0.02520	0.00255	0.00785	0.00791	0.00546	0.00926
1	0.01645	0.01670	0.04855	0.12616	0.22593	0.11663	0.01521	0.01987	0.01629	0.04068	0.06963	0.05887	0.03941	0.05045	0.00874	0.00237	0.00806	0.02776	0.00440	0.08784
2	0.09952	0.03673	0.02054	0.04642	0.18057	0.01400	0.06845	0.04333	0.05816	0.16520	0.02061	0.11441	0.01758	0.01066	0.02949	0.00252	0.00738	0.00821	0.00547	0.05076
3	0.05164	0.05774	0.01844	0.01531	0.05423	0.19504	0.01149	0.06915	0.03829	0.02265	0.01327	0.01587	0.01110	0.01095	0.07051	0.00252	0.04208	0.00506	0.00421	0.29045
4	0.01839	0.16895	0.11768	0.06132	0.23626	0.01855	0.01733	0.10495	0.03486	0.05457	0.03729	0.02216	0.01498	0.00808	0.00677	0.00213	0.00807	0.05296	0.00447	0.01022
5	0.01500	0.01096	0.01483	0.01687	0.11705	0.01112	0.01164	0.11245	0.01807	0.06009	0.03142	0.14384	0.07760	0.05582	0.05093	0.00343	0.00719	0.22757	0.00604	0.00808
6	0.01012	0.00862	0.00975	0.01064	0.06058	0.00794	0.00714	0.01373	0.07648	0.02075	0.10079	0.05892	0.51395	0.05729	0.00977	0.00263	0.00431	0.01338	0.00639	0.00681
7	0.01661	0.01623	0.02438	0.09021	0.49077	0.06595	0.01856	0.02048	0.01676	0.02277	0.08958	0.02408	0.05661	0.00802	0.00723	0.00214	0.00804	0.00741	0.00414	0.01001
8	0.01121	0.00776	0.00995	0.01089	0.01242	0.00745	0.00835	0.01427	0.05328	0.05639	0.04227	0.37305	0.13500	0.01950	0.00901	0.00288	0.00497	0.20793	0.00675	0.00669
9	0.01750	0.01793	0.02766	0.19858	0.41252	0.08914	0.09063	0.02179	0.01623	0.02145	0.01309	0.01762	0.01060	0.00659	0.00715	0.00218	0.00953	0.00638	0.00346	0.01001
10	0.01023	0.00711	0.00877	0.00856	0.00932	0.00701	0.00566	0.01176	0.01426	0.01977	0.28578	0.04750	0.04120	0.40222	0.08658	0.00550	0.00661	0.01109	0.00564	0.00543
11	0.01558	0.01558	0.02181	0.01869	0.01869	0.02181	0.01558	0.01714	0.01091	0.01714	0.00935	0.01558	0.00935	0.01246	0.02337	0.00312	0.73672	0.00623	0.00312	0.00779
12	0.10541	0.02927	0.01916	0.01694	0.02100	0.53666	0.01296	0.10231	0.02088	0.05454	0.01239	0.01373	0.00976	0.00747	0.00633	0.00192	0.01121	0.00484	0.00438	0.00882

[dist]
# distance from previous block
# <min> <max>
0	1

[block]
# block no. 7 follows, 29 sequences, length 21
# corresponding to MSA columns:
# 344-364
name=unknown_H
#
# <colnr> <probs for GDERKNQSTAVLIFYWHMCP>
#	G	D	E	R	K	N	Q	S	T	A	V	L	I	F	Y	W	H	M	C	P
0	0.01800	0.01685	0.02481	0.26628	0.38083	0.08390	0.01968	0.02208	0.01620	0.06361	0.01383	0.01802	0.01088	0.00685	0.00702	0.00218	0.00907	0.00622	0.00375	0.00993
1	0.00906	0.00729	0.00811	0.00806	0.01022	0.00634	0.00615	0.01139	0.01732	0.02194	0.24370	0.06503	0.48615	0.01718	0.00850	0.00241	0.00372	0.05425	0.00695	0.00624
2	0.02474	0.12204	0.02345	0.01999	0.09419	0.46304	0.01439	0.11549	0.02083	0.02169	0.01195	0.01375	0.00979	0.00724	0.00635	0.00187	0.01103	0.00492	0.00404	0.00921
3	0.01904	0.75404	0.03731	0.01218	0.01828	0.02818	0.01218	0.02132	0.01447	0.01675	0.00990	0.01142	0.00914	0.00609	0.00457	0.00152	0.00761	0.00381	0.00305	0.00914
4	0.01610	0.19010	0.36846	0.05261	0.10651	0.01927	0.02056	0.02382	0.09574	0.02201	0.01414	0.01609	0.01085	0.00693	0.00638	0.00210	0.00901	0.00545	0.00359	0.01028
5	0.01723	0.01290	0.01546	0.01274	0.01718	0.01235	0.03053	0.13174	0.12236	0.08161	0.02566	0.14750	0.05471	0.01091	0.00712	0.00205	0.00581	0.03483	0.00614	0.25119
6	0.01549	0.06142	0.43364	0.05456	0.02857	0.01740	0.07331	0.05170	0.08756	0.02326	0.01487	0.01789	0.01131	0.03453	0.00873	0.00246	0.04343	0.00607	0.00374	0.01005
7	0.00995	0.00718	0.00935	0.01052	0.01161	0.00688	0.00803	0.01197	0.01487	0.01946	0.07291	0.31183	0.11261	0.10472	0.01240	0.00342	0.00526	0.25466	0.00639	0.00597
8	0.00964	0.00724	0.00880	0.00842	0.01022	0.00653	0.00624	0.01240	0.01859	0.02527	0.49567	0.05704	0.23847	0.05246	0.00980	0.00252	0.00361	0.01334	0.00733	0.00640
9	0.02264	0.41054	0.02914	0.01512	0.02006	0.35874	0.01293	0.02471	0.01719	0.01707	0.01043	0.01210	0.00915	0.00669	0.00545	0.00167	0.01011	0.00418	0.00334	0.00872
10	0.00870	0.00667	0.00779	0.00863	0.00983	0.00597	0.00593	0.01007	0.01444	0.01827	0.05146	0.41144	0.31526	0.07791	0.01095	0.00301	0.00413	0.01732	0.00643	0.00576
11	0.04492	0.01074	0.01219	0.04063	0.01434	0.03828	0.00854	0.10855	0.03662	0.02166	0.05226	0.09151	0.04448	0.23058	0.20725	0.00606	0.01006	0.00942	0.00502	0.00690
12	0.05412	0.16403	0.02888	0.17518	0.03035	0.13150	0.20070	0.02210	0.03694	0.02006	0.01379	0.04775	0.01166	0.00748	0.00721	0.00216	0.02706	0.00667	0.00368	0.00868
13	0.01610	0.01628	0.08992	0.04632	0.11038	0.08205	0.01285	0.05266	0.04738	0.06989	0.17583	0.06531	0.09722	0.01065	0.00737	0.00214	0.00672	0.00902	0.00565	0.07627
14	0.01846	0.07374	0.02190	0.10570	0.13680	0.08067	0.03743	0.05553	0.06757	0.08616	0.04523	0.07426	0.01683	0.00936	0.00909	0.00226	0.10094	0.00747	0.00480	0.04578
15	0.02010	0.01881	0.02009	0.05041	0.10008	0.14134	0.01404	0.14078	0.11983	0.04367	0.01585	0.01817	0.01264	0.01082	0.04553	0.00267	0.13344	0.00618	0.00488	0.08065
16	0.01818	0.01608	0.05294	0.11651	0.23128	0.03959	0.01592	0.11051	0.05367	0.07793	0.06036	0.08304	0.01847	0.00915	0.00765	0.00222	0.02628	0.00789	0.00510	0.04725
17	0.09170	0.05106	0.05429	0.19122	0.14154	0.04113	0.01516	0.09907	0.01685	0.02381	0.01808	0.12386	0.01705	0.01206	0.04236	0.00278	0.00839	0.03636	0.00451	0.00874
18	0.01644	0.05058	0.02586	0.12696	0.21763	0.04909	0.10838	0.02077	0.04411	0.02083	0.01401	0.04558	0.01219	0.00828	0.01015	0.00230	0.14699	0.00686	0.00372	0.06924
19	0.04886	0.04817	0.11110	0.06289	0.10373	0.01429	0.07439	0.05109	0.06554	0.04772	0.02503	0.11757	0.09270	0.01419	0.06561	0.00310	0.03115	0.00917	0.00484	0.00885
20	0.02103	0.04100	0.02280	0.07702	0.17018	0.13812	0.04665	0.18255	0.02061	0.05829	0.01515	0.03615	0.01224	0.00934	0.03210	0.00238	0.03004	0.00635	0.00477	0.07323

[dist]
# distance from previous block
# <min> <max>
1	18

[block]
# block no. 8 follows, 29 sequences, length 15
# corresponding to MSA columns:
# 383-397
name=unknown_I
#
# <colnr> <probs for GDERKNQSTAVLIFYWHMCP>
#	G	D	E	R	K	N	Q	S	T	A	V	L	I	F	Y	W	H	M	C	P
0	0.01891	0.05472	0.07308	0.06801	0.02165	0.07134	0.04689	0.13612	0.12755	0.09636	0.08168	0.12811	0.02325	0.01069	0.00740	0.00229	0.00731	0.00906	0.00602	0.00956
1	0.12873	0.09055	0.03192	0.04284	0.06258	0.01630	0.03125	0.14628	0.06533	0.06178	0.02064	0.02681	0.05048	0.05131	0.04168	0.02733	0.03051	0.05951	0.00523	0.00895
2	0.04656	0.06818	0.02080	0.13103	0.07547	0.12364	0.04878	0.10388	0.04448	0.02343	0.01591	0.06643	0.01400	0.03843	0.00889	0.00231	0.05366	0.00693	0.03975	0.06744
3	0.01963	0.20908	0.09262	0.02553	0.23000	0.09281	0.09751	0.05020	0.04031	0.05728	0.01376	0.01613	0.01097	0.00671	0.00650	0.00200	0.00907	0.00577	0.00392	0.01022
4	0.01754	0.01597	0.07016	0.05930	0.15865	0.03750	0.06343	0.04351	0.08664	0.10435	0.04559	0.04800	0.05852	0.01055	0.02867	0.00249	0.03288	0.02984	0.00519	0.08122
5	0.01677	0.01101	0.01435	0.01281	0.01576	0.01121	0.03709	0.12917	0.05354	0.12551	0.08331	0.13546	0.05638	0.06646	0.09503	0.00389	0.00768	0.10967	0.00654	0.00838
6	0.01610	0.06259	0.04182	0.03747	0.01792	0.01253	0.05947	0.11246	0.04901	0.10165	0.03733	0.15437	0.20364	0.01358	0.00786	0.00241	0.00618	0.04887	0.00625	0.00851
7	0.07562	0.04069	0.06100	0.08070	0.23896	0.03617	0.13023	0.07182	0.04164	0.04565	0.01713	0.02175	0.03539	0.00795	0.00781	0.00228	0.03781	0.03321	0.00432	0.00987
8	0.02722	0.04156	0.02090	0.01561	0.02113	0.04441	0.06025	0.26308	0.08350	0.31388	0.02199	0.02066	0.01491	0.00844	0.00713	0.00218	0.00740	0.00685	0.00730	0.01161
9	0.01541	0.01456	0.05068	0.42612	0.23531	0.01536	0.01938	0.01989	0.01528	0.05676	0.01689	0.02137	0.04761	0.00756	0.00716	0.00229	0.00874	0.00680	0.00375	0.00912
10	0.03379	0.01851	0.08616	0.10146	0.17539	0.07292	0.09405	0.11493	0.01836	0.02477	0.04067	0.08366	0.01718	0.00946	0.00820	0.00235	0.04153	0.04264	0.00455	0.00941
11	0.01828	0.09156	0.16625	0.05394	0.23394	0.10405	0.05216	0.05758	0.01726	0.05004	0.01741	0.04234	0.04852	0.00790	0.00690	0.00212	0.00904	0.00672	0.00405	0.00995
12	0.01101	0.00860	0.01201	0.01155	0.01231	0.01027	0.00869	0.01275	0.01108	0.01592	0.01852	0.03097	0.01866	0.22696	0.44322	0.00906	0.12042	0.00813	0.00384	0.00604
13	0.01788	0.13233	0.29366	0.01835	0.02526	0.08424	0.09265	0.05687	0.04335	0.05725	0.01447	0.01754	0.01134	0.03922	0.03067	0.00264	0.04275	0.00594	0.00390	0.00969
14	0.01888	0.01784	0.08741	0.06692	0.11823	0.04032	0.09908	0.05137	0.13143	0.11757	0.05446	0.02151	0.01621	0.00875	0.00971	0.00239	0.11556	0.00718	0.00513	0.01007

[dist]
# distance from previous block
# <min> <max>
0	1

[block]
# block no. 9 follows, 29 sequences, length 124
# corresponding to MSA columns:
# 399-522
name=unknown_J
#
# <colnr> <probs for GDERKNQSTAVLIFYWHMCP>
#	G	D	E	R	K	N	Q	S	T	A	V	L	I	F	Y	W	H	M	C	P
0	0.01320	0.01076	0.01351	0.06602	0.08547	0.03991	0.01046	0.04968	0.01622	0.04561	0.05573	0.20945	0.16699	0.06483	0.01080	0.00287	0.03621	0.08919	0.00576	0.00731
1	0.01661	0.01665	0.02002	0.06556	0.28058	0.13223	0.01510	0.03624	0.04518	0.02221	0.07495	0.03211	0.13119	0.01028	0.00792	0.00225	0.02842	0.04874	0.00477	0.00900
2	0.04118	0.10983	0.05647	0.02034	0.12576	0.19700	0.03661	0.05892	0.07174	0.02129	0.01419	0.01820	0.01219	0.05280	0.05463	0.00298	0.08684	0.00598	0.00402	0.00903
3	0.01203	0.03547	0.01180	0.01084	0.01239	0.00974	0.00805	0.08785	0.01486	0.02002	0.02757	0.22494	0.05602	0.16425	0.23658	0.00617	0.00995	0.03967	0.00524	0.00657
4	0.02185	0.01139	0.01383	0.01199	0.01564	0.03516	0.00936	0.05355	0.06524	0.34844	0.03272	0.19518	0.08048	0.01549	0.05236	0.00296	0.00651	0.01082	0.00744	0.00959
5	0.01591	0.04052	0.04634	0.05459	0.01851	0.05627	0.01180	0.15358	0.05019	0.02346	0.01867	0.07346	0.01704	0.05986	0.27542	0.00592	0.05769	0.00783	0.00473	0.00822
6	0.01715	0.07917	0.05767	0.11615	0.35825	0.04756	0.09398	0.04812	0.01655	0.02231	0.01496	0.06811	0.01319	0.00765	0.00711	0.00218	0.00886	0.00722	0.00380	0.00999
7	0.01350	0.01224	0.01489	0.01345	0.01379	0.05410	0.01017	0.01454	0.01126	0.01573	0.01581	0.02940	0.01698	0.31757	0.10135	0.00547	0.32182	0.00797	0.00371	0.00625
8	0.06631	0.01657	0.02424	0.10583	0.36379	0.04448	0.05520	0.02467	0.14777	0.02428	0.01607	0.01891	0.01276	0.00706	0.00691	0.00217	0.00807	0.00648	0.00431	0.04411
9	0.01028	0.00692	0.00774	0.00774	0.00784	0.00687	0.00436	0.01035	0.01058	0.01402	0.02438	0.04746	0.05236	0.72113	0.03515	0.00673	0.00677	0.01054	0.00440	0.00438
10	0.00872	0.00703	0.00779	0.00822	0.01009	0.00611	0.00605	0.01056	0.01588	0.01964	0.09955	0.22165	0.48469	0.01888	0.00864	0.00255	0.00386	0.04740	0.00668	0.00603
11	0.03862	0.01781	0.07100	0.18921	0.34038	0.07446	0.04496	0.02067	0.01594	0.02151	0.01732	0.02285	0.05099	0.00786	0.00717	0.00224	0.00889	0.03481	0.00376	0.00955
12	0.06799	0.08316	0.08851	0.01803	0.07772	0.11776	0.01462	0.29226	0.02386	0.12472	0.01602	0.01654	0.01159	0.00775	0.00662	0.00207	0.00846	0.00578	0.00569	0.01086
13	0.01904	0.75404	0.03731	0.01218	0.01828	0.02818	0.01218	0.02132	0.01447	0.01675	0.00990	0.01142	0.00914	0.00609	0.00457	0.00152	0.00761	0.00381	0.00305	0.00914
14	0.01587	0.01811	0.06577	0.08459	0.03499	0.01655	0.52753	0.02150	0.01627	0.02246	0.01577	0.04935	0.01258	0.00694	0.00804	0.00237	0.01087	0.00848	0.05280	0.00916
15	0.01538	0.06265	0.09111	0.27652	0.13193	0.01775	0.01808	0.04695	0.04391	0.02068	0.01437	0.05877	0.01243	0.00896	0.01015	0.00243	0.14836	0.00692	0.00372	0.00892
16	0.01099	0.00904	0.01234	0.01248	0.05218	0.00850	0.04977	0.03948	0.03366	0.02302	0.20329	0.20380	0.25627	0.01621	0.00846	0.00248	0.00479	0.03963	0.00657	0.00704
17	0.01002	0.00713	0.00883	0.00927	0.00984	0.00727	0.00608	0.01161	0.03595	0.01634	0.02878	0.25253	0.05326	0.36020	0.14527	0.00618	0.00803	0.01292	0.00510	0.00541
18	0.01604	0.01520	0.02505	0.19533	0.47484	0.01594	0.01972	0.02099	0.04874	0.02215	0.01811	0.02194	0.05984	0.00750	0.00717	0.00221	0.00821	0.00703	0.00384	0.01015
19	0.02255	0.02381	0.02047	0.01747	0.02161	0.30888	0.05874	0.13761	0.21264	0.02615	0.03771	0.01918	0.01506	0.00852	0.00764	0.00215	0.03824	0.00644	0.00535	0.00978
20	0.01737	0.27224	0.21881	0.01636	0.04847	0.08833	0.01611	0.04966	0.01564	0.03289	0.01327	0.01631	0.01105	0.01515	0.13568	0.00362	0.01103	0.00526	0.00354	0.00920
21	0.01062	0.00770	0.00926	0.00913	0.01099	0.00708	0.00672	0.04255	0.01797	0.04300	0.30029	0.23072	0.24327	0.01710	0.00849	0.00245	0.00391	0.01492	0.00716	0.00667
22	0.01989	0.26942	0.15716	0.01851	0.07962	0.11534	0.04196	0.08826	0.08656	0.03894	0.01412	0.01550	0.01113	0.00707	0.00617	0.00195	0.00889	0.00534	0.00414	0.01005
23	0.01838	0.01772	0.02678	0.06364	0.55875	0.05717	0.02011	0.05066	0.07204	0.02417	0.01465	0.01811	0.01198	0.00679	0.00704	0.00213	0.00849	0.00639	0.00397	0.01102
24	0.00917	0.00708	0.01030	0.01097	0.01196	0.00656	0.04860	0.01074	0.01402	0.01854	0.04009	0.65037	0.09261	0.02098	0.00900	0.00283	0.00459	0.01912	0.00642	0.00604
25	0.05018	0.05861	0.01857	0.01566	0.01947	0.31170	0.01225	0.14034	0.13492	0.02511	0.01924	0.08165	0.01715	0.00997	0.00698	0.00217	0.00906	0.05250	0.00532	0.00913
26	0.01835	0.01632	0.02265	0.31707	0.20590	0.06757	0.01801	0.09593	0.05437	0.06232	0.01485	0.01856	0.01134	0.00755	0.00773	0.00227	0.03894	0.00635	0.00427	0.00968
27	0.00970	0.00691	0.00846	0.00903	0.00971	0.00673	0.00606	0.01081	0.01277	0.01684	0.05005	0.24722	0.11749	0.32482	0.07975	0.00522	0.00662	0.06103	0.00545	0.00533
28	0.01034	0.00674	0.00873	0.00969	0.01054	0.00624	0.00657	0.01168	0.01417	0.06155	0.06747	0.56428	0.08132	0.09103	0.01152	0.00318	0.00446	0.01786	0.00658	0.00609
29	0.02482	0.01497	0.06643	0.01428	0.01961	0.01301	0.05333	0.15942	0.02185	0.35773	0.07012	0.02758	0.05280	0.00955	0.00733	0.00223	0.00670	0.02616	0.04129	0.01080
30	0.01690	0.10770	0.06752	0.15508	0.47173	0.01809	0.02057	0.02121	0.01560	0.02157	0.01281	0.01695	0.01059	0.00647	0.00674	0.00209	0.00865	0.00597	0.00338	0.01040
31	0.01399	0.03175	0.56772	0.06043	0.03058	0.01575	0.07004	0.02143	0.01538	0.02244	0.04437	0.01937	0.04028	0.00753	0.00704	0.00228	0.00998	0.00627	0.00341	0.00996
32	0.01002	0.00684	0.00779	0.00798	0.00820	0.00671	0.00466	0.01029	0.01115	0.01470	0.02790	0.13031	0.07582	0.61288	0.03110	0.00612	0.00635	0.01185	0.00475	0.00461
33	0.01371	0.01289	0.01983	0.01895	0.08634	0.04387	0.11401	0.01656	0.01333	0.01849	0.01770	0.04792	0.01710	0.07747	0.26315	0.00604	0.14926	0.05192	0.00392	0.00755
