[name]
unknown

[dist]
# distance from previous block
# <min> <max>
0	7

[block]
# block no. 0 follows, 33 sequences, length 9
# corresponding to MSA columns:
# 7-15
name=unknown_A
#
# <colnr> <probs for GDERKNQSTAVLIFYWHMCP>
#	G	D	E	R	K	N	Q	S	T	A	V	L	I	F	Y	W	H	M	C	P
0	0.11402	0.00994	0.01107	0.03536	0.01367	0.01039	0.00804	0.13743	0.04888	0.04809	0.11067	0.23074	0.11638	0.01317	0.00704	0.00225	0.00477	0.03020	0.04062	0.00728
1	0.04983	0.01077	0.01208	0.06778	0.01539	0.03779	0.00857	0.14249	0.01843	0.09147	0.17968	0.10841	0.17067	0.04702	0.00837	0.00233	0.00523	0.01015	0.00610	0.00746
2	0.05087	0.01143	0.01537	0.07036	0.01807	0.01157	0.07207	0.12561	0.06007	0.12766	0.14283	0.08929	0.04766	0.07712	0.00929	0.00247	0.00594	0.00875	0.00582	0.04774
3	0.01710	0.01375	0.01788	0.27870	0.07649	0.07408	0.03507	0.06582	0.10610	0.11797	0.04272	0.05794	0.01556	0.00812	0.00663	0.00210	0.00734	0.00697	0.04107	0.00859
4	0.07623	0.01570	0.01562	0.03955	0.01767	0.14636	0.04587	0.16617	0.08815	0.06115	0.08478	0.13871	0.02178	0.04294	0.00792	0.00229	0.00694	0.00846	0.00548	0.00821
5	0.01587	0.01156	0.01711	0.26541	0.06202	0.01243	0.04838	0.11386	0.01679	0.12203	0.05582	0.12159	0.05364	0.04423	0.00823	0.00238	0.00687	0.00863	0.00505	0.00809
6	0.05446	0.01171	0.01691	0.28373	0.13265	0.01324	0.01364	0.05173	0.05831	0.02193	0.08790	0.04648	0.01727	0.00815	0.00716	0.00207	0.04545	0.00685	0.08238	0.03799
7	0.05556	0.01226	0.01626	0.09897	0.01985	0.04507	0.08855	0.09685	0.06146	0.11093	0.06690	0.07759	0.02027	0.07570	0.05267	0.00301	0.00741	0.04129	0.04147	0.00793
8	0.01616	0.01080	0.01297	0.07538	0.04715	0.05707	0.00935	0.05673	0.04271	0.17931	0.11762	0.22028	0.05247	0.06051	0.00893	0.00248	0.00564	0.01064	0.00605	0.00774

[dist]
# distance from previous block
# <min> <max>
19	96

[block]
# block no. 1 follows, 33 sequences, length 24
# corresponding to MSA columns:
# 117-140
name=unknown_B
#
# <colnr> <probs for GDERKNQSTAVLIFYWHMCP>
#	G	D	E	R	K	N	Q	S	T	A	V	L	I	F	Y	W	H	M	C	P
0	0.06662	0.01656	0.01797	0.06225	0.07877	0.11847	0.04464	0.15423	0.15594	0.07920	0.01838	0.01923	0.03689	0.00905	0.03256	0.00226	0.00764	0.00614	0.00514	0.06806
1	0.05905	0.05722	0.02028	0.09306	0.07700	0.12457	0.06963	0.11765	0.01652	0.02187	0.01568	0.02127	0.04149	0.00961	0.02758	0.00234	0.11942	0.05553	0.00406	0.04617
2	0.06675	0.07713	0.08685	0.04711	0.01778	0.11702	0.01133	0.11835	0.01745	0.07491	0.07981	0.15705	0.04363	0.01082	0.00671	0.00212	0.00681	0.04525	0.00516	0.00796
3	0.05944	0.08522	0.07077	0.07636	0.24211	0.15782	0.03403	0.09080	0.01652	0.02174	0.01159	0.01437	0.00940	0.00654	0.00674	0.00190	0.04341	0.00513	0.00358	0.04253
4	0.01318	0.01155	0.01592	0.01978	0.24121	0.01146	0.01165	0.01914	0.15800	0.02141	0.04539	0.12898	0.11311	0.03328	0.00772	0.00220	0.00558	0.03316	0.00503	0.10224
5	0.01646	0.01076	0.01249	0.01135	0.03436	0.04656	0.00845	0.03887	0.04398	0.18720	0.05913	0.12693	0.06794	0.09250	0.00972	0.00248	0.00552	0.06496	0.00582	0.15453
6	0.20119	0.01143	0.01383	0.01202	0.04467	0.01137	0.00930	0.04689	0.01657	0.39295	0.07148	0.02115	0.01693	0.00902	0.02329	0.00224	0.03567	0.00622	0.04443	0.00937
7	0.07006	0.00808	0.01048	0.01216	0.08344	0.00806	0.00772	0.01321	0.03981	0.04228	0.05015	0.25412	0.07328	0.13761	0.01405	0.10792	0.00518	0.05141	0.00503	0.00594
8	0.04168	0.01022	0.01176	0.01049	0.01364	0.01013	0.00821	0.10656	0.11056	0.18096	0.03733	0.16739	0.21072	0.01307	0.00727	0.00226	0.00484	0.03806	0.00664	0.00821
9	0.00851	0.00614	0.00812	0.00928	0.01005	0.00575	0.00662	0.01018	0.01388	0.01856	0.13508	0.54672	0.07725	0.01913	0.00837	0.00261	0.00397	0.09795	0.00627	0.00557
10	0.31673	0.01272	0.01336	0.01109	0.01555	0.01343	0.00903	0.06272	0.15355	0.29868	0.01940	0.01817	0.01340	0.00754	0.00569	0.00207	0.00542	0.00562	0.00628	0.00955
11	0.16126	0.01074	0.01283	0.01046	0.01467	0.01009	0.00848	0.04768	0.01715	0.44172	0.05505	0.06416	0.09836	0.00961	0.00645	0.00209	0.00512	0.00773	0.00702	0.00936
12	0.16606	0.00908	0.01016	0.00929	0.01176	0.00916	0.00703	0.03979	0.04891	0.12594	0.24672	0.13764	0.05498	0.08378	0.00935	0.00256	0.00450	0.00996	0.00622	0.00711
13	0.11253	0.01178	0.01354	0.01113	0.01513	0.01189	0.00897	0.14007	0.09632	0.27459	0.15509	0.02805	0.07352	0.00955	0.00662	0.00207	0.00515	0.00774	0.00694	0.00932
14	0.01675	0.01083	0.01272	0.01158	0.01464	0.01130	0.00905	0.04328	0.28748	0.17617	0.06222	0.12376	0.05545	0.05092	0.00862	0.00253	0.00515	0.08202	0.00673	0.00879
15	0.01334	0.00714	0.00947	0.00947	0.01115	0.00650	0.00686	0.01519	0.01495	0.18204	0.13141	0.45444	0.03859	0.01608	0.00771	0.00238	0.00409	0.01433	0.04799	0.00685
16	0.58602	0.01315	0.01131	0.00990	0.01384	0.01505	0.00799	0.10999	0.07667	0.02994	0.01294	0.04048	0.01065	0.03130	0.00573	0.00221	0.00538	0.00495	0.00471	0.00779
17	0.10420	0.01126	0.01400	0.01117	0.01552	0.01058	0.00899	0.06778	0.03902	0.51220	0.02361	0.04743	0.01679	0.07645	0.00883	0.00245	0.00565	0.00697	0.00717	0.00994
18	0.06260	0.00679	0.00754	0.00783	0.00937	0.00628	0.00559	0.01052	0.01423	0.01931	0.15641	0.26209	0.31805	0.07182	0.00960	0.00262	0.00378	0.01398	0.00600	0.00559
19	0.01085	0.00712	0.01003	0.00990	0.01137	0.00768	0.00761	0.01315	0.01221	0.06847	0.05572	0.09907	0.05705	0.03726	0.49368	0.00772	0.01298	0.00864	0.06327	0.00623
20	0.01156	0.00825	0.00979	0.00944	0.01072	0.00847	0.00673	0.09680	0.03884	0.02041	0.14214	0.13630	0.03234	0.32314	0.04525	0.00431	0.00594	0.07824	0.00542	0.00592
21	0.10952	0.00810	0.00911	0.00847	0.01075	0.00781	0.00647	0.04148	0.01692	0.06310	0.36200	0.09754	0.20781	0.01334	0.00725	0.00214	0.00376	0.01133	0.00653	0.00658
22	0.01811	0.03450	0.04497	0.01487	0.07274	0.08799	0.01115	0.15854	0.11747	0.10066	0.02095	0.06890	0.04032	0.04595	0.10335	0.00332	0.00822	0.00732	0.03185	0.00881
23	0.09007	0.01230	0.01357	0.01055	0.01521	0.03348	0.00838	0.03842	0.01377	0.02186	0.01352	0.08065	0.01245	0.00705	0.00643	0.00142	0.06029	0.00541	0.00411	0.55105

[dist]
# distance from previous block
# <min> <max>
0	2

[block]
# block no. 2 follows, 33 sequences, length 9
# corresponding to MSA columns:
# 143-151
name=unknown_C
#
# <colnr> <probs for GDERKNQSTAVLIFYWHMCP>
#	G	D	E	R	K	N	Q	S	T	A	V	L	I	F	Y	W	H	M	C	P
0	0.01404	0.01183	0.01572	0.01940	0.22999	0.04584	0.01152	0.01790	0.07878	0.05543	0.04927	0.14683	0.10110	0.01155	0.00798	0.04481	0.00587	0.04090	0.00492	0.08632
1	0.10722	0.01571	0.01863	0.06434	0.29459	0.12390	0.01377	0.05170	0.01534	0.02189	0.01495	0.10148	0.01378	0.00788	0.00616	0.00193	0.00723	0.00670	0.04266	0.07014
2	0.01437	0.04668	0.01506	0.05127	0.11251	0.03901	0.01012	0.07765	0.01597	0.06871	0.05825	0.22521	0.08738	0.01146	0.00683	0.00201	0.00559	0.00995	0.00518	0.13678
3	0.01438	0.04168	0.17558	0.02558	0.33909	0.04827	0.01685	0.01837	0.01431	0.01987	0.04002	0.02162	0.05294	0.06782	0.04750	0.00274	0.00831	0.00644	0.00353	0.03510
4	0.04164	0.01449	0.06027	0.06291	0.29414	0.01376	0.06347	0.04208	0.10599	0.07657	0.01906	0.08728	0.03087	0.04852	0.00818	0.00234	0.00706	0.00766	0.00453	0.00919
5	0.01723	0.05100	0.05465	0.06019	0.21588	0.03355	0.05781	0.10907	0.05120	0.08349	0.05328	0.02125	0.06063	0.00750	0.00646	0.00190	0.00700	0.00655	0.00467	0.09672
6	0.01782	0.01859	0.18096	0.11236	0.14687	0.03921	0.01599	0.08185	0.04927	0.13959	0.03882	0.01791	0.01280	0.00692	0.00634	0.00193	0.00751	0.00577	0.00457	0.09490
7	0.04480	0.04438	0.08390	0.06035	0.18647	0.04679	0.01362	0.05466	0.04042	0.12571	0.14813	0.02545	0.02198	0.00849	0.00662	0.00201	0.00662	0.03901	0.00510	0.03550
8	0.03754	0.01578	0.08871	0.05365	0.16183	0.03491	0.04481	0.12673	0.06108	0.08716	0.09572	0.02401	0.07380	0.00828	0.00664	0.00199	0.00676	0.00709	0.00508	0.05845

[dist]
# distance from previous block
# <min> <max>
9	183

[block]
# block no. 3 follows, 33 sequences, length 115
# corresponding to MSA columns:
# 405-519
name=unknown_D
#
# <colnr> <probs for GDERKNQSTAVLIFYWHMCP>
#	G	D	E	R	K	N	Q	S	T	A	V	L	I	F	Y	W	H	M	C	P
0	0.04171	0.09347	0.12550	0.01991	0.19650	0.03473	0.01444	0.13307	0.03814	0.06962	0.08978	0.04958	0.04892	0.00832	0.00644	0.00198	0.00690	0.00694	0.00478	0.00928
1	0.04058	0.04940	0.25462	0.01857	0.07435	0.03569	0.11758	0.02405	0.10761	0.13593	0.01694	0.04281	0.01279	0.00722	0.00650	0.00205	0.00801	0.00633	0.00448	0.03450
2	0.03930	0.03969	0.23054	0.01664	0.08407	0.01358	0.03633	0.10461	0.01719	0.16950	0.03940	0.01888	0.03815	0.00718	0.00624	0.00189	0.00716	0.00588	0.00485	0.11892
3	0.04114	0.03593	0.06484	0.01314	0.03939	0.01158	0.03176	0.08296	0.06045	0.12864	0.02766	0.27376	0.08051	0.01289	0.00826	0.00232	0.06017	0.01091	0.00568	0.00800
4	0.01558	0.04302	0.18880	0.10277	0.05761	0.03883	0.15005	0.07242	0.12269	0.04205	0.06507	0.02083	0.03547	0.00751	0.00677	0.00210	0.00817	0.00679	0.00437	0.00910
5	0.05120	0.09527	0.06780	0.03768	0.20519	0.03885	0.03556	0.10738	0.04150	0.17923	0.03737	0.04465	0.01425	0.00752	0.00633	0.00197	0.00708	0.00634	0.00503	0.00979
6	0.04218	0.04467	0.13028	0.01674	0.05982	0.03980	0.11761	0.04660	0.12336	0.13775	0.06408	0.04519	0.01818	0.05355	0.00835	0.00237	0.00731	0.02803	0.00511	0.00902
7	0.04965	0.05051	0.30552	0.01607	0.04592	0.03650	0.03752	0.04843	0.06332	0.19645	0.03963	0.05119	0.01452	0.00778	0.00641	0.00206	0.00761	0.00635	0.00489	0.00967
8	0.01828	0.04704	0.32035	0.04211	0.06587	0.07759	0.01714	0.04574	0.08561	0.16411	0.01691	0.04238	0.01256	0.00746	0.00639	0.00205	0.00813	0.00598	0.00457	0.00973
9	0.04410	0.08844	0.20094	0.03669	0.13118	0.03695	0.01527	0.04272	0.03602	0.17259	0.01722	0.01914	0.03097	0.00720	0.00615	0.00192	0.00732	0.02533	0.00457	0.07529
10	0.01794	0.07087	0.11947	0.02365	0.16605	0.10742	0.21362	0.02318	0.05993	0.08587	0.01422	0.01645	0.01078	0.00629	0.00658	0.00197	0.00900	0.00602	0.00389	0.03679
11	0.08337	0.12160	0.04414	0.01326	0.05972	0.01200	0.03162	0.03938	0.01457	0.06375	0.04915	0.19439	0.02566	0.04124	0.00799	0.00243	0.00592	0.15239	0.00508	0.03232
12	0.27145	0.03962	0.13717	0.01179	0.01678	0.01371	0.01117	0.08935	0.06160	0.11699	0.12447	0.02020	0.01840	0.00784	0.00579	0.00200	0.00592	0.00596	0.00524	0.03454
13	0.04835	0.11919	0.22452	0.01665	0.06227	0.01514	0.08738	0.06573	0.01578	0.10784	0.03573	0.01609	0.01166	0.00640	0.00596	0.00180	0.00756	0.00534	0.00414	0.14249
14	0.16173	0.06608	0.04116	0.01579	0.10545	0.06683	0.01137	0.09199	0.21523	0.02558	0.04382	0.09307	0.01750	0.00880	0.00616	0.00208	0.00625	0.00710	0.00511	0.00889
15	0.11966	0.13744	0.44267	0.01605	0.02367	0.08737	0.01863	0.04674	0.01457	0.02152	0.01108	0.01287	0.00832	0.00626	0.00566	0.00194	0.00885	0.00448	0.00316	0.00906
16	0.07859	0.07417	0.41980	0.01867	0.06366	0.09322	0.07310	0.02132	0.01465	0.04300	0.03319	0.01498	0.01037	0.00646	0.00611	0.00200	0.00910	0.00516	0.00332	0.00913
17	0.01503	0.02855	0.52829	0.02028	0.11088	0.03723	0.02136	0.02183	0.03533	0.07117	0.03952	0.01634	0.01148	0.00670	0.00637	0.00206	0.00890	0.00542	0.00351	0.00974
18	0.04893	0.06819	0.08123	0.01290	0.01716	0.05781	0.03240	0.11056	0.13414	0.12170	0.19434	0.02733	0.02604	0.00929	0.00668	0.00205	0.00615	0.02825	0.00596	0.00890
19	0.04069	0.02081	0.19911	0.04752	0.23404	0.04340	0.17800	0.06508	0.03698	0.02281	0.03914	0.01717	0.01184	0.00645	0.00670	0.00206	0.00885	0.00620	0.00364	0.00949
20	0.03845	0.01492	0.02540	0.04460	0.17061	0.01511	0.22588	0.01867	0.01375	0.02040	0.01169	0.01563	0.00965	0.00662	0.00927	0.00199	0.14866	0.00590	0.00338	0.19941
21	0.01505	0.02740	0.46991	0.02148	0.05110	0.01530	0.21310	0.02165	0.01472	0.06857	0.01320	0.01562	0.00940	0.00617	0.00671	0.00212	0.00978	0.00583	0.00331	0.00961
22	0.40726	0.01467	0.01398	0.01156	0.01605	0.01648	0.00946	0.24652	0.10477	0.07908	0.01460	0.01484	0.01065	0.00718	0.00538	0.00204	0.00584	0.00501	0.00548	0.00913
23	0.02954	0.01120	0.01528	0.01171	0.01681	0.00968	0.00968	0.03208	0.01884	0.73213	0.02597	0.02241	0.01630	0.00815	0.00662	0.00204	0.00560	0.00662	0.00815	0.01120
24	0.00940	0.00704	0.01052	0.01050	0.01169	0.00816	0.00816	0.01178	0.01086	0.01566	0.04181	0.02666	0.01802	0.04815	0.71741	0.01029	0.01714	0.00722	0.00365	0.00589
25	0.02321	0.17805	0.02179	0.01583	0.01967	0.60050	0.01243	0.02499	0.01761	0.01599	0.00997	0.01161	0.00847	0.00656	0.00560	0.00164	0.01092	0.00410	0.00328	0.00779
26	0.01363	0.01255	0.04112	0.01009	0.01609	0.00902	0.00843	0.01674	0.01366	0.02143	0.01171	0.01366	0.00970	0.00493	0.00493	0.00102	0.00506	0.00394	0.00386	0.77844
27	0.04562	0.51288	0.25321	0.01352	0.02038	0.02226	0.01521	0.02006	0.01346	0.01769	0.00999	0.01161	0.00837	0.00585	0.00486	0.00164	0.00781	0.00394	0.00285	0.00880
28	0.01637	0.01414	0.01489	0.01340	0.01712	0.01637	0.01042	0.03498	0.71568	0.02754	0.02679	0.02456	0.02010	0.00893	0.00670	0.00223	0.00521	0.00744	0.00670	0.01042
29	0.81514	0.01273	0.00968	0.00866	0.01273	0.01477	0.00713	0.01935	0.01120	0.02954	0.00917	0.01069	0.00713	0.00611	0.00407	0.00204	0.00509	0.00356	0.00407	0.00713
30	0.01265	0.03049	0.63999	0.01734	0.02603	0.01409	0.02192	0.01965	0.01439	0.02128	0.08230	0.01897	0.03775	0.00730	0.00645	0.00209	0.00887	0.00585	0.00332	0.00925
31	0.00778	0.00667	0.00667	0.00667	0.00889	0.00556	0.00500	0.00945	0.01501	0.01778	0.06669	0.06336	0.72490	0.01667	0.00778	0.00222	0.00333	0.01389	0.00611	0.00556
32	0.02459	0.03138	0.01866	0.01696	0.02035	0.74221	0.01272	0.02629	0.01866	0.01611	0.01018	0.01187	0.00848	0.00678	0.00594	0.00170	0.01187	0.00424	0.00339	0.00763
33	0.01144	0.00572	0.00858	0.00858	0.00858	0.00572	0.00572	0.00858	0.00858	0.01144	0.01144	0.02001	0.01144	0.02287	0.02573	0.80846	0.00572	0.00572	0.00286	0.00286
34	0.01760	0.77260	0.03450	0.01126	0.01690	0.02605	0.01126	0.01971	0.01338	0.01549	0.00915	0.01056	0.00845	0.00563	0.00422	0.00141	0.00704	0.00352	0.00282	0.00845
35	0.01227	0.00614	0.00614	0.00614	0.00767	0.00614	0.00460	0.01534	0.01381	0.02454	0.02148	0.02454	0.01687	0.00767	0.00460	0.00153	0.00307	0.00614	0.80518	0.00614
36	0.01464	0.01195	0.01395	0.01003	0.01583	0.00926	0.00805	0.04413	0.01451	0.04655	0.01235	0.01404	0.01003	0.00511	0.00500	0.00105	0.00499	0.00407	0.00415	0.75030
37	0.01227	0.00614	0.00614	0.00614	0.00767	0.00614	0.00460	0.01534	0.01381	0.02454	0.02148	0.02454	0.01687	0.00767	0.00460	0.00153	0.00307	0.00614	0.80518	0.00614
38	0.00802	0.00573	0.00764	0.00917	0.00955	0.00535	0.00611	0.00917	0.01260	0.01681	0.03628	0.76434	0.04354	0.02062	0.00840	0.00267	0.00382	0.01872	0.00611	0.00535
39	0.81514	0.01273	0.00968	0.00866	0.01273	0.01477	0.00713	0.01935	0.01120	0.02954	0.00917	0.01069	0.00713	0.00611	0.00407	0.00204	0.00509	0.00356	0.00407	0.00713
40	0.81514	0.01273	0.00968	0.00866	0.01273	0.01477	0.00713	0.01935	0.01120	0.02954	0.00917	0.01069	0.00713	0.00611	0.00407	0.00204	0.00509	0.00356	0.00407	0.00713
41	0.01061	0.00758	0.01061	0.01212	0.01364	0.00758	0.01061	0.01364	0.01515	0.01970	0.03486	0.07426	0.03789	0.01819	0.00909	0.00303	0.00606	0.68326	0.00606	0.00606
42	0.02954	0.01120	0.01528	0.01171	0.01681	0.00968	0.00968	0.03208	0.01884	0.73213	0.02597	0.02241	0.01630	0.00815	0.00662	0.00204	0.00560	0.00662	0.00815	0.01120
43	0.01449	0.10067	0.02274	0.01694	0.01874	0.04194	0.10279	0.01669	0.01152	0.01641	0.01071	0.01604	0.00997	0.01562	0.12582	0.00375	0.43885	0.00591	0.00305	0.00738
44	0.81514	0.01273	0.00968	0.00866	0.01273	0.01477	0.00713	0.01935	0.01120	0.02954	0.00917	0.01069	0.00713	0.00611	0.00407	0.00204	0.00509	0.00356	0.00407	0.00713
45	0.01365	0.01170	0.01365	0.00975	0.01560	0.00878	0.00780	0.01658	0.01365	0.02145	0.01170	0.01365	0.00975	0.00488	0.00488	0.00098	0.00488	0.00390	0.00390	0.80888
46	0.01227	0.00614	0.00614	0.00614	0.00767	0.00614	0.00460	0.01534	0.01381	0.02454	0.02148	0.02454	0.01687	0.00767	0.00460	0.00153	0.00307	0.00614	0.80518	0.00614
47	0.81514	0.01273	0.00968	0.00866	0.01273	0.01477	0.00713	0.01935	0.01120	0.02954	0.00917	0.01069	0.00713	0.00611	0.00407	0.00204	0.00509	0.00356	0.00407	0.00713
48	0.01320	0.03405	0.73453	0.01876	0.02849	0.01529	0.02432	0.02085	0.01390	0.02085	0.01181	0.01390	0.00834	0.00625	0.00625	0.00208	0.00973	0.00486	0.00278	0.00973
49	0.01320	0.03405	0.73453	0.01876	0.02849	0.01529	0.02432	0.02085	0.01390	0.02085	0.01181	0.01390	0.00834	0.00625	0.00625	0.00208	0.00973	0.00486	0.00278	0.00973
50	0.00957	0.00638	0.00718	0.00718	0.00718	0.00638	0.00399	0.00957	0.00957	0.01276	0.02074	0.04308	0.02393	0.76864	0.03351	0.00638	0.00638	0.00957	0.00399	0.00399
51	0.01629	0.01564	0.02672	0.04041	0.72757	0.01564	0.02020	0.02020	0.01499	0.02151	0.01238	0.01629	0.01043	0.00587	0.00652	0.00196	0.00782	0.00587	0.00326	0.01043
52	0.02229	0.03649	0.17402	0.01373	0.01941	0.01321	0.01317	0.14492	0.05856	0.33685	0.02158	0.08201	0.01598	0.00873	0.00663	0.00209	0.00666	0.00711	0.00631	0.01027
53	0.02954	0.01120	0.01528	0.01171	0.01681	0.00968	0.00968	0.03208	0.01884	0.73213	0.02597	0.02241	0.01630	0.00815	0.00662	0.00204	0.00560	0.00662	0.00815	0.01120
54	0.00957	0.00638	0.00718	0.00718	0.00718	0.00638	0.00399	0.00957	0.00957	0.01276	0.02074	0.04308	0.02393	0.76864	0.03351	0.00638	0.00638	0.00957	0.00399	0.00399
55	0.02577	0.01725	0.01902	0.01458	0.01982	0.01865	0.01205	0.59480	0.02896	0.15513	0.01748	0.01689	0.01203	0.00794	0.00659	0.00199	0.00697	0.00604	0.00684	0.01120
56	0.01227	0.00614	0.00614	0.00614	0.00767	0.00614	0.00460	0.01534	0.01381	0.02454	0.02148	0.02454	0.01687	0.00767	0.00460	0.00153	0.00307	0.00614	0.80518	0.00614
57	0.00957	0.00638	0.00718	0.00718	0.00718	0.00638	0.00399	0.00957	0.00957	0.01276	0.02074	0.04308	0.02393	0.76864	0.03351	0.00638	0.00638	0.00957	0.00399	0.00399
58	0.00910	0.00672	0.00850	0.00805	0.00970	0.00612	0.00604	0.01200	0.01812	0.02518	0.63121	0.05118	0.15577	0.01391	0.00777	0.00209	0.00314	0.01219	0.00709	0.00612
59	0.00941	0.00702	0.01040	0.01040	0.01152	0.00813	0.00801	0.01164	0.01053	0.01515	0.01780	0.02676	0.01685	0.08700	0.70546	0.01036	0.01705	0.00719	0.00355	0.00578
60	0.02503	0.01844	0.01976	0.01515	0.02042	0.02042	0.01251	0.70562	0.03095	0.04149	0.01581	0.01581	0.01120	0.00790	0.00659	0.00198	0.00724	0.00593	0.00659	0.01120
61	0.01428	0.09575	0.63141	0.01802	0.02702	0.06136	0.02251	0.02109	0.01415	0.02011	0.01149	0.01349	0.00836	0.00624	0.00606	0.00200	0.00964	0.00471	0.00282	0.00949
62	0.02705	0.03933	0.08480	0.01229	0.01775	0.01069	0.01105	0.03008	0.01818	0.62144	0.04176	0.02187	0.01643	0.00802	0.00653	0.00202	0.00598	0.00648	0.00743	0.01084
63	0.01494	0.32561	0.45818	0.01580	0.02392	0.01954	0.01917	0.02040	0.01369	0.01873	0.01076	0.01258	0.00838	0.00601	0.00545	0.00182	0.00867	0.00433	0.00279	0.00922
64	0.01365	0.01170	0.01365	0.00975	0.01560	0.00878	0.00780	0.01658	0.01365	0.02145	0.01170	0.01365	0.00975	0.00488	0.00488	0.00098	0.00488	0.00390	0.00390	0.80888
65	0.01629	0.01564	0.02672	0.04041	0.72757	0.01564	0.02020	0.02020	0.01499	0.02151	0.01238	0.01629	0.01043	0.00587	0.00652	0.00196	0.00782	0.00587	0.00326	0.01043
66	0.81514	0.01273	0.00968	0.00866	0.01273	0.01477	0.00713	0.01935	0.01120	0.02954	0.00917	0.01069	0.00713	0.00611	0.00407	0.00204	0.00509	0.00356	0.00407	0.00713
67	0.00788	0.00667	0.00681	0.00677	0.00895	0.00560	0.00508	0.00964	0.01524	0.01834	0.10933	0.06244	0.68191	0.01646	0.00778	0.00221	0.00332	0.01376	0.00619	0.00560
68	0.01803	0.72757	0.03353	0.01161	0.01711	0.06956	0.01135	0.02011	0.01370	0.01553	0.00921	0.01064	0.00845	0.00570	0.00433	0.00143	0.00733	0.00356	0.00285	0.00840
69	0.01227	0.00614	0.00614	0.00614	0.00767	0.00614	0.00460	0.01534	0.01381	0.02454	0.02148	0.02454	0.01687	0.00767	0.00460	0.00153	0.00307	0.00614	0.80518	0.00614
70	0.00906	0.00672	0.00844	0.00801	0.00968	0.00610	0.00601	0.01192	0.01803	0.02495	0.61382	0.05155	0.17330	0.01400	0.00777	0.00210	0.00314	0.01224	0.00706	0.00610
71	0.01350	0.08458	0.68663	0.01825	0.02770	0.01603	0.02343	0.02077	0.01386	0.02048	0.01163	0.01367	0.00835	0.00621	0.00612	0.00204	0.00955	0.00477	0.00278	0.00964
72	0.01615	0.01549	0.02646	0.06718	0.70194	0.01560	0.02013	0.02008	0.01492	0.02133	0.01236	0.01634	0.01037	0.00589	0.00652	0.00196	0.00786	0.00587	0.00325	0.01031
73	0.00957	0.00638	0.00718	0.00718	0.00718	0.00638	0.00399	0.00957	0.00957	0.01276	0.02074	0.04308	0.02393	0.76864	0.03351	0.00638	0.00638	0.00957	0.00399	0.00399
74	0.01651	0.01741	0.03483	0.02910	0.16748	0.01678	0.51108	0.08052	0.01677	0.02295	0.01335	0.01730	0.01018	0.00582	0.00742	0.00215	0.01013	0.00724	0.00360	0.00938
75	0.25832	0.01446	0.01487	0.01299	0.01540	0.08876	0.01051	0.02022	0.05230	0.09452	0.05648	0.04595	0.01422	0.00940	0.01100	0.00233	0.26016	0.00601	0.00444	0.00768
76	0.01061	0.00758	0.01061	0.01212	0.01364	0.00758	0.01061	0.01364	0.01515	0.01970	0.03486	0.07426	0.03789	0.01819	0.00909	0.00303	0.00606	0.68326	0.00606	0.00606
77	0.01554	0.01776	0.03885	0.02775	0.03441	0.01665	0.70366	0.02109	0.01554	0.02109	0.01332	0.01776	0.00999	0.00555	0.00777	0.00222	0.01110	0.00777	0.00333	0.00888
78	0.01745	0.47360	0.13372	0.01327	0.01899	0.09377	0.01322	0.02287	0.12159	0.01819	0.01235	0.01333	0.01022	0.00634	0.00507	0.00166	0.00764	0.00439	0.00346	0.00886
79	0.01227	0.00614	0.00614	0.00614	0.00767	0.00614	0.00460	0.01534	0.01381	0.02454	0.02148	0.02454	0.01687	0.00767	0.00460	0.00153	0.00307	0.00614	0.80518	0.00614
80	0.00957	0.00638	0.00718	0.00718	0.00718	0.00638	0.00399	0.00957	0.00957	0.01276	0.02074	0.04308	0.02393	0.76864	0.03351	0.00638	0.00638	0.00957	0.00399	0.00399
81	0.01243	0.01170	0.01975	0.75282	0.04534	0.01463	0.01828	0.01682	0.01316	0.01682	0.01170	0.01755	0.00878	0.00658	0.00658	0.00219	0.00878	0.00585	0.00293	0.00731
82	0.01553	0.01532	0.02748	0.15745	0.50380	0.01563	0.12811	0.01978	0.01477	0.02066	0.01242	0.01674	0.01008	0.00594	0.00673	0.00204	0.00850	0.00616	0.00321	0.00966
83	0.01040	0.00852	0.01250	0.01192	0.01286	0.01061	0.00946	0.01257	0.01048	0.01539	0.01584	0.02357	0.01490	0.04181	0.59843	0.00904	0.16535	0.00680	0.00340	0.00614
84	0.01365	0.01170	0.01365	0.00975	0.01560	0.00878	0.00780	0.01658	0.01365	0.02145	0.01170	0.01365	0.00975	0.00488	0.00488	0.00098	0.00488	0.00390	0.00390	0.80888
85	0.01413	0.18964	0.58705	0.01718	0.02605	0.01756	0.02157	0.02061	0.01379	0.01972	0.01125	0.01320	0.00836	0.00612	0.00583	0.00194	0.00916	0.00458	0.00279	0.00946
86	0.01269	0.01176	0.01653	0.01473	0.01530	0.01575	0.01204	0.01513	0.03794	0.01610	0.01257	0.01890	0.01189	0.02496	0.27893	0.00561	0.46276	0.00629	0.00326	0.00685
87	0.00940	0.00705	0.01058	0.01058	0.01176	0.00823	0.00823	0.01176	0.01058	0.01528	0.01763	0.02586	0.01646	0.04937	0.74255	0.01058	0.01763	0.00705	0.00353	0.00588
88	0.02807	0.01330	0.07127	0.01241	0.01787	0.01059	0.01094	0.06121	0.01900	0.64620	0.02442	0.02145	0.01545	0.00799	0.00659	0.00204	0.00600	0.00645	0.00766	0.01109
89	0.01416	0.19442	0.58252	0.01714	0.02597	0.01763	0.02149	0.02060	0.01379	0.01968	0.01124	0.01317	0.00836	0.00612	0.00581	0.00194	0.00915	0.00457	0.00279	0.00945
90	0.01526	0.01727	0.03751	0.02688	0.03331	0.01618	0.67260	0.02070	0.01568	0.02132	0.04498	0.01916	0.01231	0.00590	0.00777	0.00221	0.01074	0.00795	0.00350	0.00876
91	0.00793	0.00609	0.00727	0.00821	0.00930	0.00543	0.00569	0.00927	0.01352	0.01718	0.04788	0.49708	0.30332	0.01912	0.00817	0.00250	0.00363	0.01688	0.00611	0.00543
92	0.01644	0.01743	0.10102	0.03709	0.62824	0.01539	0.02026	0.02070	0.01501	0.04697	0.01281	0.01626	0.01042	0.00599	0.00649	0.00197	0.00794	0.00579	0.00338	0.01038
93	0.01791	0.50737	0.15450	0.01383	0.02004	0.07079	0.04446	0.04220	0.01468	0.04563	0.01074	0.01218	0.00889	0.00598	0.00502	0.00162	0.00796	0.00419	0.00320	0.00883
94	0.01374	0.05820	0.60055	0.01755	0.02630	0.01558	0.02166	0.02227	0.09410	0.02144	0.01342	0.01499	0.00974	0.00649	0.00618	0.00204	0.00894	0.00508	0.00327	0.03847
95	0.01616	0.16278	0.44309	0.01805	0.05643	0.01768	0.04580	0.09931	0.01604	0.04784	0.01238	0.01408	0.00913	0.00635	0.00601	0.00195	0.00878	0.00496	0.00346	0.00972
96	0.01524	0.26233	0.44227	0.01682	0.02488	0.01895	0.06118	0.05101	0.01460	0.02011	0.01125	0.01318	0.00860	0.00609	0.00573	0.00188	0.00886	0.00467	0.00299	0.00934
97	0.04388	0.10992	0.07590	0.01203	0.01741	0.01220	0.01088	0.02855	0.01756	0.53999	0.04889	0.02096	0.01618	0.00783	0.00627	0.00196	0.00601	0.00621	0.00690	0.01045
98	0.01788	0.04100	0.19493	0.01310	0.01845	0.01291	0.01289	0.12889	0.08074	0.18030	0.12782	0.02741	0.09639	0.00932	0.00675	0.00206	0.00629	0.00761	0.00591	0.00933
99	0.02097	0.01898	0.18819	0.06152	0.04510	0.04034	0.06090	0.08969	0.05646	0.27453	0.01789	0.01820	0.01231	0.00755	0.00755	0.00212	0.05628	0.00605	0.00535	0.01001
100	0.01848	0.01758	0.22714	0.01322	0.01880	0.01155	0.01334	0.08575	0.03436	0.24902	0.14366	0.04882	0.05377	0.00920	0.00678	0.00206	0.00636	0.00762	0.00598	0.02650
101	0.01808	0.07699	0.13951	0.04301	0.02144	0.01372	0.11072	0.02323	0.07763	0.21832	0.02270	0.04636	0.06396	0.00896	0.00759	0.00217	0.04637	0.04488	0.00522	0.00913
102	0.01748	0.13148	0.17537	0.01828	0.02423	0.10769	0.19003	0.08183	0.06792	0.04454	0.01549	0.01727	0.03747	0.00704	0.00699	0.00201	0.03586	0.00604	0.00392	0.00904
103	0.06768	0.08305	0.13920	0.02327	0.27880	0.01550	0.01594	0.10487	0.01675	0.10562	0.01710	0.04537	0.04352	0.00746	0.00627	0.00198	0.00722	0.00628	0.00440	0.00972
104	0.01686	0.04030	0.15562	0.01710	0.10541	0.05709	0.04773	0.02099	0.03753	0.17155	0.04445	0.10834	0.06260	0.01025	0.00702	0.00219	0.00700	0.07402	0.00519	0.00874
105	0.04263	0.06688	0.26668	0.02028	0.15698	0.06975	0.01722	0.12645	0.04127	0.06718	0.01563	0.03580	0.02990	0.00729	0.00628	0.00199	0.00811	0.00585	0.00418	0.00967
106	0.04160	0.08222	0.14546	0.04366	0.06393	0.01417	0.01306	0.13158	0.05812	0.10618	0.08757	0.05048	0.01934	0.05112	0.00800	0.00228	0.00669	0.03698	0.00513	0.03244
107	0.04297	0.01974	0.10318	0.04251	0.13027	0.13792	0.06220	0.12790	0.06061	0.10423	0.03558	0.01716	0.01247	0.00722	0.00697	0.00198	0.03575	0.00583	0.00464	0.04086
108	0.04516	0.04493	0.10600	0.01687	0.04802	0.11004	0.09399	0.11356	0.11654	0.16737	0.03584	0.01838	0.01365	0.00753	0.00698	0.00204	0.03206	0.00614	0.00523	0.00967
109	0.10566	0.11323	0.06239	0.01569	0.11497	0.03600	0.01167	0.04490	0.15182	0.10060	0.02132	0.02260	0.07773	0.00873	0.00683	0.03360	0.00624	0.02215	0.00492	0.03895
110	0.01782	0.06037	0.14630	0.01823	0.04834	0.08542	0.15166	0.13737	0.13749	0.04743	0.06939	0.01945	0.01556	0.00745	0.00668	0.00204	0.00818	0.00655	0.00477	0.00946
111	0.09162	0.17917	0.06155	0.01400	0.04933	0.09054	0.01168	0.14285	0.06380	0.13898	0.05926	0.01739	0.01431	0.00732	0.00580	0.00184	0.00692	0.00549	0.00508	0.03307
112	0.04792	0.03930	0.23242	0.01490	0.02079	0.03385	0.08230	0.02298	0.07176	0.19204	0.04172	0.04924	0.05498	0.03041	0.00734	0.00218	0.00729	0.00701	0.00502	0.03654
113	0.09484	0.03764	0.10259	0.01437	0.06183	0.04513	0.01210	0.09848	0.03856	0.11560	0.01863	0.04689	0.01617	0.00885	0.00636	0.00199	0.00658	0.11565	0.00505	0.15269
114	0.04938	0.05808	0.10452	0.03566	0.01891	0.09644	0.03423	0.04947	0.09654	0.19047	0.11158	0.04695	0.02006	0.00865	0.00695	0.00203	0.03009	0.00695	0.00552	0.02754

[dist]
# distance from previous block
# <min> <max>
0	65

# created by:
# /home/berkeley/.conda/envs/busco_data_prod/bin/msa2prfl.pl pipeline/OGs_align_augustus/4893/41817.fs
