[name]
unknown

[dist]
# distance from previous block
# <min> <max>
13	67

[block]
# block no. 0 follows, 32 sequences, length 17
# corresponding to MSA columns:
# 141-157
name=unknown_A
#
# <colnr> <probs for GDERKNQSTAVLIFYWHMCP>
#	G	D	E	R	K	N	Q	S	T	A	V	L	I	F	Y	W	H	M	C	P
0	0.01587	0.06148	0.26254	0.07015	0.02643	0.06887	0.14067	0.02163	0.05422	0.05520	0.04887	0.01774	0.01274	0.00760	0.00871	0.00220	0.10623	0.00617	0.00373	0.00896
1	0.04378	0.12969	0.08409	0.03997	0.05880	0.01373	0.03693	0.02168	0.01561	0.23861	0.06402	0.09823	0.05675	0.00972	0.00764	0.00213	0.05634	0.00791	0.00544	0.00894
2	0.04764	0.07234	0.07986	0.01685	0.06926	0.15703	0.06257	0.07334	0.08489	0.11518	0.04216	0.01997	0.01461	0.00973	0.04248	0.00239	0.00855	0.02625	0.00484	0.05005
3	0.01737	0.32365	0.18939	0.02005	0.14674	0.10911	0.04150	0.02119	0.01468	0.01842	0.01080	0.01314	0.00901	0.00627	0.00614	0.00181	0.03391	0.00465	0.00304	0.00914
4	0.01598	0.28406	0.17117	0.14702	0.02730	0.04888	0.10567	0.02175	0.08094	0.01909	0.01266	0.01511	0.00999	0.00640	0.00594	0.00192	0.00861	0.00527	0.00335	0.00889
5	0.35601	0.06837	0.01892	0.01398	0.01845	0.04254	0.10394	0.11035	0.04100	0.05570	0.01224	0.01405	0.00945	0.00703	0.00693	0.00209	0.07451	0.00504	0.00442	0.03499
6	0.02342	0.02950	0.02268	0.01925	0.02330	0.60882	0.13510	0.02585	0.01845	0.01733	0.01094	0.01317	0.00892	0.00669	0.00638	0.00182	0.01196	0.00496	0.00345	0.00801
7	0.00844	0.00696	0.00751	0.00779	0.00993	0.00603	0.00612	0.01039	0.01532	0.01847	0.06219	0.06656	0.59818	0.01727	0.00817	0.00241	0.00389	0.13238	0.00622	0.00576
8	0.01643	0.63247	0.03049	0.01094	0.01594	0.02294	0.01056	0.01877	0.01459	0.01777	0.13583	0.01778	0.01836	0.00716	0.00495	0.00156	0.00646	0.00511	0.00368	0.00820
9	0.02438	0.18822	0.06660	0.01374	0.01942	0.01857	0.01237	0.30637	0.02275	0.23641	0.01736	0.01675	0.01212	0.00750	0.00615	0.00191	0.00700	0.00562	0.00606	0.01068
10	0.02255	0.01829	0.19781	0.01515	0.02139	0.01300	0.05936	0.02959	0.14092	0.37696	0.02211	0.02072	0.01482	0.00778	0.00675	0.00214	0.00707	0.00652	0.00633	0.01074
11	0.00818	0.00584	0.00779	0.00934	0.00973	0.00545	0.00623	0.00934	0.01285	0.01713	0.03698	0.75981	0.04438	0.02102	0.00856	0.00273	0.00389	0.01908	0.00623	0.00545
12	0.00818	0.00584	0.00779	0.00934	0.00973	0.00545	0.00623	0.00934	0.01285	0.01713	0.03698	0.75981	0.04438	0.02102	0.00856	0.00273	0.00389	0.01908	0.00623	0.00545
13	0.07667	0.04736	0.10767	0.21987	0.09693	0.19008	0.06202	0.08336	0.01672	0.02143	0.01185	0.01501	0.00915	0.00663	0.00631	0.00202	0.00940	0.00533	0.00356	0.00863
14	0.15826	0.07989	0.42923	0.01630	0.02416	0.01564	0.05208	0.02232	0.01434	0.10938	0.01322	0.01460	0.00937	0.00651	0.00595	0.00207	0.00843	0.00499	0.00377	0.00949
15	0.17610	0.07170	0.06222	0.01630	0.10969	0.08440	0.01213	0.14245	0.06890	0.05193	0.12198	0.02035	0.01864	0.00799	0.00613	0.00200	0.00676	0.00622	0.00509	0.00901
16	0.08920	0.05156	0.26523	0.01723	0.02356	0.12113	0.09821	0.02379	0.07503	0.08609	0.01411	0.01567	0.01046	0.00696	0.00705	0.00206	0.04637	0.00545	0.00400	0.03683

[dist]
# distance from previous block
# <min> <max>
2	64

[block]
# block no. 1 follows, 32 sequences, length 18
# corresponding to MSA columns:
# 222-239
name=unknown_B
#
# <colnr> <probs for GDERKNQSTAVLIFYWHMCP>
#	G	D	E	R	K	N	Q	S	T	A	V	L	I	F	Y	W	H	M	C	P
0	0.02555	0.09225	0.06412	0.01283	0.01810	0.04182	0.01124	0.03086	0.12208	0.47456	0.02325	0.02093	0.01552	0.00798	0.00646	0.00203	0.00633	0.00634	0.00697	0.01077
1	0.10366	0.01107	0.01344	0.01106	0.01506	0.01074	0.00889	0.05899	0.09247	0.36453	0.20509	0.02864	0.02800	0.00958	0.00679	0.00210	0.00503	0.00789	0.00740	0.00958
2	0.02484	0.05145	0.01661	0.04962	0.01829	0.01236	0.01040	0.10799	0.06763	0.44740	0.10019	0.02433	0.02062	0.00871	0.00675	0.00206	0.00584	0.00711	0.00736	0.01045
3	0.06403	0.01280	0.01595	0.01518	0.09933	0.04890	0.01074	0.07696	0.01898	0.39360	0.11941	0.05346	0.02224	0.00909	0.00680	0.00207	0.00598	0.00756	0.00692	0.00998
4	0.02417	0.08932	0.01798	0.01482	0.09931	0.01177	0.01077	0.02696	0.01814	0.46540	0.12692	0.02495	0.02208	0.00858	0.00666	0.00201	0.00575	0.00714	0.00702	0.01027
5	0.02297	0.01921	0.10101	0.01468	0.01966	0.13077	0.01282	0.11164	0.18856	0.25122	0.02052	0.01953	0.01442	0.00814	0.00713	0.00210	0.03293	0.00624	0.00614	0.01032
6	0.11844	0.01346	0.06379	0.01204	0.01705	0.01161	0.01049	0.09698	0.01919	0.44815	0.09891	0.02315	0.01957	0.00850	0.00654	0.00208	0.00583	0.00678	0.00717	0.01026
7	0.01926	0.01493	0.01606	0.07233	0.01905	0.10816	0.01129	0.08345	0.15920	0.16141	0.14946	0.02503	0.02308	0.00955	0.00869	0.00219	0.09446	0.00738	0.00600	0.00903
8	0.01254	0.01021	0.01218	0.01150	0.01325	0.05988	0.00887	0.09402	0.01372	0.01858	0.01748	0.02558	0.01619	0.09958	0.54457	0.00878	0.01540	0.00706	0.00399	0.00660
9	0.25739	0.18936	0.01909	0.03584	0.01757	0.09404	0.01047	0.07436	0.19563	0.02533	0.01469	0.01527	0.01151	0.00708	0.00535	0.00194	0.00668	0.00497	0.00463	0.00881
10	0.17850	0.27049	0.14828	0.04445	0.02079	0.12631	0.03713	0.02197	0.01451	0.06626	0.01134	0.01293	0.00891	0.00633	0.00528	0.00183	0.00811	0.00440	0.00359	0.00860
11	0.01044	0.00830	0.01259	0.01219	0.01376	0.00801	0.08862	0.05862	0.01466	0.01957	0.03269	0.57655	0.03770	0.01815	0.00841	0.00265	0.00516	0.05969	0.00592	0.00633
12	0.01105	0.01031	0.00964	0.01003	0.01165	0.11490	0.00740	0.01288	0.01542	0.01875	0.12180	0.30498	0.22512	0.01670	0.00801	0.00242	0.00513	0.08182	0.00595	0.00603
13	0.01821	0.08005	0.02891	0.05664	0.02712	0.17421	0.30973	0.08147	0.01693	0.02082	0.01269	0.01637	0.01014	0.00966	0.05818	0.00269	0.05767	0.00635	0.00362	0.00855
14	0.04798	0.26821	0.05532	0.04432	0.02052	0.02084	0.05768	0.12514	0.01612	0.08039	0.01217	0.01446	0.00982	0.00785	0.00962	0.00208	0.18929	0.00522	0.00402	0.00895
15	0.04297	0.15799	0.09271	0.03843	0.02167	0.07788	0.10639	0.01928	0.01358	0.01891	0.01070	0.01398	0.00908	0.00726	0.00966	0.00197	0.18999	0.00508	0.00326	0.15921
16	0.13808	0.29293	0.26122	0.01402	0.02078	0.04538	0.01526	0.04474	0.01474	0.07999	0.01194	0.01316	0.00913	0.00636	0.00532	0.00185	0.00786	0.00443	0.00366	0.00914
17	0.05648	0.22554	0.24712	0.01573	0.02180	0.14227	0.03657	0.04972	0.01554	0.03678	0.03693	0.01449	0.01087	0.00700	0.00680	0.00192	0.05720	0.00491	0.00349	0.00884

[dist]
# distance from previous block
# <min> <max>
32	185

[block]
# block no. 2 follows, 32 sequences, length 21
# corresponding to MSA columns:
# 447-467
name=unknown_C
#
# <colnr> <probs for GDERKNQSTAVLIFYWHMCP>
#	G	D	E	R	K	N	Q	S	T	A	V	L	I	F	Y	W	H	M	C	P
0	0.07464	0.24674	0.06719	0.02879	0.07185	0.05267	0.01159	0.04358	0.05193	0.02098	0.07543	0.12183	0.02008	0.00937	0.00608	0.00194	0.00651	0.03145	0.00440	0.05297
1	0.09154	0.12895	0.12258	0.02069	0.20236	0.08283	0.01492	0.07395	0.01583	0.04771	0.01516	0.04437	0.03056	0.01093	0.06734	0.00269	0.00869	0.00595	0.00394	0.00903
2	0.07523	0.18659	0.01952	0.01484	0.08904	0.06227	0.01096	0.11486	0.01695	0.06518	0.04155	0.14080	0.02055	0.03850	0.00753	0.00226	0.00660	0.07355	0.00497	0.00825
3	0.13257	0.19818	0.16623	0.03896	0.04190	0.07926	0.01342	0.04731	0.01504	0.08227	0.01505	0.01711	0.04052	0.03791	0.00673	0.00204	0.00754	0.00519	0.00399	0.04876
4	0.12612	0.01808	0.12436	0.03421	0.05075	0.03610	0.05159	0.22124	0.04346	0.12078	0.02117	0.02142	0.08500	0.00827	0.00650	0.00209	0.00719	0.00660	0.00543	0.00964
5	0.10178	0.10426	0.05574	0.09001	0.11668	0.03912	0.01357	0.10987	0.05605	0.10448	0.05263	0.02014	0.01475	0.00809	0.00734	0.00210	0.05861	0.03081	0.00480	0.00917
6	0.05766	0.01314	0.01960	0.13286	0.28899	0.01374	0.01524	0.05710	0.06325	0.10329	0.04476	0.04232	0.01780	0.00888	0.00697	0.00222	0.00701	0.09103	0.00487	0.00928
7	0.13392	0.01170	0.01601	0.03405	0.06610	0.01139	0.08123	0.02180	0.07231	0.19861	0.02708	0.09441	0.10777	0.01005	0.00679	0.00217	0.00594	0.03420	0.00577	0.05870
8	0.01542	0.01073	0.01176	0.01084	0.01352	0.06188	0.00809	0.01935	0.09982	0.14951	0.05774	0.26476	0.04591	0.07130	0.00937	0.00254	0.00536	0.03362	0.00609	0.10238
9	0.36569	0.01255	0.01187	0.01017	0.01413	0.04333	0.00815	0.05725	0.03550	0.16018	0.08396	0.04842	0.06564	0.00873	0.00575	0.00205	0.00534	0.00658	0.00563	0.04908
10	0.01330	0.01211	0.02013	0.57036	0.15351	0.01435	0.01779	0.01758	0.01378	0.01858	0.01287	0.01828	0.00991	0.00668	0.00653	0.00214	0.00830	0.00599	0.06994	0.00787
11	0.01327	0.01254	0.02121	0.63989	0.14968	0.01507	0.01893	0.01767	0.01370	0.01787	0.01203	0.01769	0.00920	0.00660	0.00670	0.00220	0.00880	0.00597	0.00303	0.00794
12	0.65451	0.01449	0.01140	0.01002	0.01421	0.06506	0.00814	0.04779	0.04022	0.06652	0.01128	0.01237	0.00853	0.00657	0.00462	0.00206	0.00579	0.00409	0.00453	0.00781
13	0.01300	0.01227	0.02073	0.68835	0.10332	0.01499	0.01880	0.01744	0.01357	0.01755	0.01198	0.01778	0.00909	0.00665	0.00670	0.00222	0.00886	0.00596	0.00301	0.00772
14	0.01656	0.01518	0.02574	0.14368	0.59575	0.01555	0.01989	0.02056	0.01516	0.04868	0.01306	0.01704	0.01061	0.00618	0.00666	0.00203	0.00803	0.00601	0.00347	0.01019
15	0.01658	0.01159	0.01381	0.01043	0.01558	0.00955	0.00833	0.07029	0.01643	0.13359	0.06636	0.05025	0.04010	0.00739	0.00583	0.00143	0.00505	0.00609	0.00526	0.50605
16	0.06028	0.01271	0.01353	0.01183	0.01551	0.07170	0.00937	0.02585	0.18106	0.24634	0.07852	0.07175	0.07140	0.01062	0.00696	0.00218	0.00568	0.05804	0.00668	0.03999
17	0.06245	0.01282	0.01512	0.01190	0.01689	0.01203	0.02802	0.08019	0.15382	0.12899	0.04209	0.02100	0.01582	0.00741	0.00603	0.00170	0.00552	0.02994	0.00559	0.34266
18	0.01607	0.09877	0.05144	0.01120	0.01486	0.01214	0.00955	0.07752	0.10576	0.14085	0.14869	0.11018	0.12479	0.01187	0.00711	0.00217	0.00526	0.03704	0.00633	0.00841
19	0.02123	0.01323	0.01509	0.01269	0.01697	0.01393	0.01012	0.09839	0.35788	0.25803	0.02933	0.02674	0.07690	0.00940	0.00688	0.00218	0.00549	0.00771	0.00725	0.01055
20	0.61890	0.01353	0.01160	0.01006	0.01433	0.01541	0.00822	0.07911	0.08640	0.07010	0.01275	0.01348	0.00952	0.00680	0.00479	0.00209	0.00542	0.00442	0.00488	0.00820

[dist]
# distance from previous block
# <min> <max>
0	5

[block]
# block no. 3 follows, 32 sequences, length 101
# corresponding to MSA columns:
# 473-573
name=unknown_D
#
# <colnr> <probs for GDERKNQSTAVLIFYWHMCP>
#	G	D	E	R	K	N	Q	S	T	A	V	L	I	F	Y	W	H	M	C	P
0	0.01504	0.01830	0.11338	0.12946	0.18425	0.01592	0.35566	0.02027	0.01509	0.02081	0.01372	0.04149	0.01103	0.00646	0.00731	0.00220	0.00985	0.00725	0.00335	0.00915
1	0.01569	0.01911	0.08160	0.02772	0.03470	0.01688	0.65697	0.02148	0.01574	0.02148	0.01348	0.01786	0.01008	0.00570	0.00782	0.00225	0.01123	0.00774	0.00336	0.00910
2	0.01267	0.01193	0.02013	0.74806	0.04621	0.01491	0.01863	0.01714	0.01342	0.01714	0.01193	0.01789	0.00894	0.00671	0.00671	0.00224	0.00894	0.00596	0.00298	0.00745
3	0.01618	0.01551	0.02647	0.11733	0.64950	0.01583	0.02038	0.02022	0.01508	0.02141	0.01255	0.01674	0.01045	0.00606	0.00665	0.00202	0.00808	0.00598	0.00328	0.01029
4	0.01698	0.61043	0.18451	0.01313	0.01976	0.02419	0.01434	0.02034	0.01375	0.01696	0.00991	0.01150	0.00859	0.00588	0.00475	0.00158	0.00777	0.00388	0.00286	0.00889
5	0.02551	0.01879	0.02014	0.01544	0.02081	0.02081	0.01275	0.69996	0.03155	0.04229	0.01611	0.01611	0.01141	0.00805	0.00671	0.00201	0.00738	0.00604	0.00671	0.01141
6	0.01468	0.01468	0.02055	0.01762	0.01762	0.02055	0.01468	0.01615	0.01028	0.01615	0.00881	0.01468	0.00881	0.01174	0.02202	0.00294	0.75191	0.00587	0.00294	0.00734
7	0.01661	0.01594	0.02724	0.04119	0.72233	0.01594	0.02059	0.02059	0.01528	0.02192	0.01262	0.01661	0.01063	0.00598	0.00664	0.00199	0.00797	0.00598	0.00332	0.01063
8	0.01346	0.03471	0.72942	0.01912	0.02904	0.01558	0.02479	0.02125	0.01417	0.02125	0.01204	0.01417	0.00850	0.00637	0.00637	0.00212	0.00992	0.00496	0.00283	0.00992
9	0.00950	0.00686	0.00897	0.00844	0.01002	0.00633	0.00633	0.01266	0.01899	0.02691	0.71879	0.05012	0.06331	0.01372	0.00791	0.00211	0.00317	0.01213	0.00739	0.00633
10	0.01346	0.03471	0.72942	0.01912	0.02904	0.01558	0.02479	0.02125	0.01417	0.02125	0.01204	0.01417	0.00850	0.00637	0.00637	0.00212	0.00992	0.00496	0.00283	0.00992
11	0.01291	0.01217	0.02056	0.70501	0.08739	0.01497	0.01875	0.01735	0.01353	0.01743	0.01197	0.01781	0.00905	0.00666	0.00670	0.00222	0.00889	0.00596	0.00300	0.00765
12	0.01267	0.01193	0.02013	0.74806	0.04621	0.01491	0.01863	0.01714	0.01342	0.01714	0.01193	0.01789	0.00894	0.00671	0.00671	0.00224	0.00894	0.00596	0.00298	0.00745
13	0.01267	0.01193	0.02013	0.74806	0.04621	0.01491	0.01863	0.01714	0.01342	0.01714	0.01193	0.01789	0.00894	0.00671	0.00671	0.00224	0.00894	0.00596	0.00298	0.00745
14	0.01267	0.01193	0.02013	0.74806	0.04621	0.01491	0.01863	0.01714	0.01342	0.01714	0.01193	0.01789	0.00894	0.00671	0.00671	0.00224	0.00894	0.00596	0.00298	0.00745
15	0.01394	0.03155	0.60279	0.02158	0.07200	0.01577	0.10638	0.02124	0.01444	0.02132	0.01226	0.01479	0.00883	0.00626	0.00658	0.00213	0.00997	0.00538	0.00293	0.00985
16	0.02510	0.03082	0.01911	0.01712	0.02075	0.67402	0.01295	0.08620	0.02012	0.01870	0.01088	0.01245	0.00889	0.00702	0.00611	0.00175	0.01168	0.00447	0.00374	0.00810
17	0.00793	0.00680	0.00680	0.00680	0.00906	0.00566	0.00510	0.00963	0.01529	0.01813	0.06797	0.06457	0.71961	0.01699	0.00793	0.00227	0.00340	0.01416	0.00623	0.00566
18	0.02506	0.03198	0.01901	0.01729	0.02074	0.73725	0.01296	0.02679	0.01901	0.01642	0.01037	0.01210	0.00864	0.00691	0.00605	0.00173	0.01210	0.00432	0.00346	0.00778
19	0.01622	0.05980	0.01736	0.01414	0.01775	0.01651	0.04195	0.06631	0.47744	0.02593	0.02449	0.04982	0.01985	0.01141	0.03790	0.00265	0.04129	0.04339	0.00605	0.00972
20	0.02874	0.01171	0.01601	0.01244	0.01717	0.01081	0.01029	0.03124	0.01842	0.66425	0.02491	0.02212	0.01592	0.00861	0.00810	0.00215	0.07156	0.00667	0.00783	0.01106
21	0.00793	0.00680	0.00680	0.00680	0.00906	0.00566	0.00510	0.00963	0.01529	0.01813	0.06797	0.06457	0.71961	0.01699	0.00793	0.00227	0.00340	0.01416	0.00623	0.00566
22	0.02315	0.09626	0.06720	0.01650	0.02062	0.56598	0.01338	0.05844	0.01883	0.01831	0.03484	0.01361	0.01063	0.00706	0.00601	0.00176	0.01098	0.00465	0.00366	0.00812
23	0.01640	0.01427	0.02059	0.10826	0.34990	0.04770	0.01553	0.04340	0.08388	0.06777	0.12596	0.02409	0.03679	0.00809	0.00688	0.00207	0.00700	0.00726	0.00476	0.00943
24	0.00831	0.00594	0.00790	0.00925	0.00976	0.00554	0.00624	0.00967	0.01346	0.01811	0.10507	0.68894	0.04627	0.02029	0.00850	0.00266	0.00382	0.01838	0.00634	0.00554
25	0.02622	0.01765	0.01943	0.01489	0.02024	0.01911	0.01230	0.59638	0.02963	0.14858	0.01772	0.01715	0.01222	0.00809	0.00672	0.00202	0.00712	0.00615	0.00696	0.01141
26	0.04072	0.33275	0.26302	0.01489	0.02171	0.01978	0.04401	0.07451	0.01553	0.05982	0.01319	0.04837	0.01094	0.00700	0.00567	0.00186	0.00799	0.00532	0.00368	0.00925
27	0.00818	0.00584	0.00779	0.00934	0.00973	0.00545	0.00623	0.00934	0.01285	0.01713	0.03698	0.75981	0.04438	0.02102	0.00856	0.00273	0.00389	0.01908	0.00623	0.00545
28	0.00818	0.00584	0.00779	0.00934	0.00973	0.00545	0.00623	0.00934	0.01285	0.01713	0.03698	0.75981	0.04438	0.02102	0.00856	0.00273	0.00389	0.01908	0.00623	0.00545
29	0.01391	0.01193	0.01391	0.00994	0.01590	0.00894	0.00795	0.01690	0.01391	0.02186	0.01193	0.01391	0.00994	0.00497	0.00497	0.00099	0.00497	0.00398	0.00398	0.80521
30	0.00952	0.00690	0.00900	0.00860	0.01021	0.00639	0.00654	0.01263	0.01867	0.02623	0.65900	0.05202	0.08408	0.01409	0.00799	0.00217	0.00334	0.04903	0.00728	0.00630
31	0.01559	0.01480	0.02465	0.22372	0.50321	0.01572	0.01947	0.02061	0.05711	0.02105	0.01333	0.01745	0.01079	0.00636	0.00667	0.00207	0.00806	0.00607	0.00345	0.00980
32	0.01346	0.03471	0.72942	0.01912	0.02904	0.01558	0.02479	0.02125	0.01417	0.02125	0.01204	0.01417	0.00850	0.00637	0.00637	0.00212	0.00992	0.00496	0.00283	0.00992
33	0.02390	0.01844	0.01920	0.01518	0.02020	0.04364	0.01237	0.55757	0.15397	0.03886	0.01795	0.01759	0.01296	0.00821	0.00671	0.00205	0.00716	0.00626	0.00663	0.01115
34	0.02548	0.01960	0.02007	0.01555	0.02080	0.06444	0.01277	0.65896	0.03078	0.04071	0.01576	0.01587	0.01124	0.00799	0.00667	0.00200	0.00767	0.00594	0.00651	0.01119
35	0.01661	0.01594	0.02724	0.04119	0.72233	0.01594	0.02059	0.02059	0.01528	0.02192	0.01262	0.01661	0.01063	0.00598	0.00664	0.00199	0.00797	0.00598	0.00332	0.01063
36	0.03010	0.01142	0.01557	0.01194	0.01713	0.00986	0.00986	0.03270	0.01920	0.72698	0.02647	0.02284	0.01661	0.00830	0.00675	0.00208	0.00571	0.00675	0.00830	0.01142
37	0.02703	0.01277	0.01598	0.01264	0.01758	0.01233	0.01031	0.10355	0.15393	0.51991	0.02554	0.02255	0.01681	0.00843	0.00676	0.00211	0.00581	0.00684	0.00785	0.01126
38	0.00850	0.00718	0.00740	0.00728	0.00956	0.00626	0.00548	0.01117	0.04978	0.01937	0.12191	0.06139	0.62883	0.01632	0.00787	0.00225	0.00347	0.01366	0.00636	0.00597
39	0.00818	0.00584	0.00779	0.00934	0.00973	0.00545	0.00623	0.00934	0.01285	0.01713	0.03698	0.75981	0.04438	0.02102	0.00856	0.00273	0.00389	0.01908	0.00623	0.00545
40	0.02382	0.01293	0.01563	0.01282	0.01717	0.01300	0.01038	0.20375	0.10949	0.34540	0.02548	0.10191	0.01989	0.01025	0.00708	0.00221	0.00593	0.04510	0.00736	0.01040
41	0.01267	0.01193	0.02013	0.74806	0.04621	0.01491	0.01863	0.01714	0.01342	0.01714	0.01193	0.01789	0.00894	0.00671	0.00671	0.00224	0.00894	0.00596	0.00298	0.00745
42	0.02985	0.01183	0.01582	0.01213	0.01733	0.01047	0.01002	0.06965	0.01989	0.68906	0.02590	0.02247	0.01632	0.00829	0.00675	0.00207	0.00580	0.00671	0.00822	0.01142
43	0.02989	0.01176	0.01579	0.01210	0.01730	0.01037	0.01000	0.06394	0.01978	0.69492	0.02599	0.02252	0.01637	0.00829	0.00675	0.00207	0.00579	0.00671	0.00823	0.01142
44	0.01346	0.03471	0.72942	0.01912	0.02904	0.01558	0.02479	0.02125	0.01417	0.02125	0.01204	0.01417	0.00850	0.00637	0.00637	0.00212	0.00992	0.00496	0.00283	0.00992
45	0.00959	0.00719	0.01078	0.01078	0.01198	0.00839	0.00839	0.01198	0.01078	0.01558	0.01797	0.02636	0.01677	0.05032	0.73760	0.01078	0.01797	0.00719	0.00359	0.00599
46	0.00793	0.00680	0.00680	0.00680	0.00906	0.00566	0.00510	0.00963	0.01529	0.01813	0.06797	0.06457	0.71961	0.01699	0.00793	0.00227	0.00340	0.01416	0.00623	0.00566
47	0.06432	0.02076	0.15925	0.02489	0.03201	0.01678	0.50540	0.05214	0.01598	0.02292	0.01316	0.01687	0.00976	0.00593	0.00736	0.00222	0.01051	0.00705	0.00349	0.00920
48	0.01708	0.01683	0.02678	0.03986	0.68348	0.05589	0.02017	0.02094	0.01549	0.02162	0.01250	0.01636	0.01052	0.00603	0.00661	0.00198	0.00820	0.00589	0.00333	0.01047
49	0.00844	0.00603	0.00808	0.00964	0.01014	0.00567	0.00668	0.00979	0.01310	0.01742	0.03684	0.69219	0.04381	0.02078	0.00863	0.00276	0.00412	0.08412	0.00622	0.00552
50	0.01606	0.01538	0.02624	0.13976	0.62805	0.01580	0.02032	0.02011	0.01502	0.02125	0.01252	0.01679	0.01039	0.00608	0.00665	0.00203	0.00811	0.00598	0.00327	0.01019
51	0.01392	0.13584	0.60276	0.01762	0.02660	0.01673	0.02217	0.02073	0.01429	0.02072	0.04095	0.01518	0.01079	0.00659	0.00615	0.00203	0.00925	0.00506	0.00303	0.00959
52	0.01669	0.01441	0.01517	0.01365	0.01745	0.01669	0.01062	0.03565	0.71021	0.02807	0.02731	0.02503	0.02048	0.00910	0.00683	0.00228	0.00531	0.00759	0.00683	0.01062
53	0.01399	0.12155	0.64723	0.01822	0.02764	0.01688	0.02322	0.02111	0.01410	0.02060	0.01172	0.01376	0.00851	0.00630	0.00613	0.00204	0.00959	0.00480	0.00284	0.00976
54	0.02253	0.02670	0.10422	0.01972	0.10321	0.37258	0.01512	0.18635	0.04441	0.02420	0.01277	0.01426	0.00992	0.00709	0.00634	0.00189	0.01001	0.00511	0.00426	0.00933
55	0.02813	0.04609	0.01642	0.01210	0.01717	0.01134	0.01002	0.03244	0.09235	0.62046	0.02578	0.02252	0.01666	0.00827	0.00665	0.00207	0.00573	0.00669	0.00790	0.01121
56	0.02506	0.03198	0.01901	0.01729	0.02074	0.73725	0.01296	0.02679	0.01901	0.01642	0.01037	0.01210	0.00864	0.00691	0.00605	0.00173	0.01210	0.00432	0.00346	0.00778
57	0.00793	0.00680	0.00680	0.00680	0.00906	0.00566	0.00510	0.00963	0.01529	0.01813	0.06797	0.06457	0.71961	0.01699	0.00793	0.00227	0.00340	0.01416	0.00623	0.00566
58	0.01416	0.14996	0.62034	0.01792	0.02718	0.01731	0.02270	0.02107	0.01408	0.02039	0.01162	0.01363	0.00852	0.00628	0.00605	0.00202	0.00949	0.00474	0.00284	0.00971
59	0.01661	0.01594	0.02724	0.04119	0.72233	0.01594	0.02059	0.02059	0.01528	0.02192	0.01262	0.01661	0.01063	0.00598	0.00664	0.00199	0.00797	0.00598	0.00332	0.01063
60	0.01155	0.00587	0.00866	0.00866	0.00866	0.00587	0.00573	0.00880	0.00880	0.01173	0.01218	0.02170	0.01236	0.06434	0.02666	0.76057	0.00587	0.00605	0.00298	0.00298
61	0.01669	0.01441	0.01517	0.01365	0.01745	0.01669	0.01062	0.03565	0.71021	0.02807	0.02731	0.02503	0.02048	0.00910	0.00683	0.00228	0.00531	0.00759	0.00683	0.01062
62	0.00818	0.00584	0.00779	0.00934	0.00973	0.00545	0.00623	0.00934	0.01285	0.01713	0.03698	0.75981	0.04438	0.02102	0.00856	0.00273	0.00389	0.01908	0.00623	0.00545
63	0.01584	0.01810	0.03959	0.02828	0.03507	0.01697	0.69796	0.02149	0.01584	0.02149	0.01357	0.01810	0.01018	0.00566	0.00792	0.00226	0.01131	0.00792	0.00339	0.00905
64	0.01661	0.01594	0.02724	0.04119	0.72233	0.01594	0.02059	0.02059	0.01528	0.02192	0.01262	0.01661	0.01063	0.00598	0.00664	0.00199	0.00797	0.00598	0.00332	0.01063
65	0.00818	0.00584	0.00779	0.00934	0.00973	0.00545	0.00623	0.00934	0.01285	0.01713	0.03698	0.75981	0.04438	0.02102	0.00856	0.00273	0.00389	0.01908	0.00623	0.00545
66	0.00824	0.00589	0.00784	0.00930	0.00975	0.00549	0.00623	0.00951	0.01315	0.01761	0.07050	0.72492	0.04531	0.02066	0.00853	0.00269	0.00386	0.01873	0.00629	0.00549
67	0.12134	0.01829	0.01855	0.01451	0.01963	0.05467	0.01192	0.54352	0.02773	0.08123	0.01564	0.01569	0.01109	0.00779	0.00637	0.00201	0.00725	0.00571	0.00634	0.01073
68	0.01368	0.07077	0.69529	0.01875	0.02846	0.01612	0.02414	0.02119	0.01414	0.02098	0.01191	0.01400	0.00851	0.00634	0.00627	0.00209	0.00978	0.00489	0.00284	0.00985
69	0.01584	0.01810	0.03959	0.02828	0.03507	0.01697	0.69796	0.02149	0.01584	0.02149	0.01357	0.01810	0.01018	0.00566	0.00792	0.00226	0.01131	0.00792	0.00339	0.00905
70	0.02037	0.02387	0.02627	0.02090	0.02552	0.34299	0.26379	0.04798	0.08851	0.02033	0.01340	0.01587	0.01052	0.00693	0.00756	0.00204	0.04454	0.00610	0.00386	0.00864
71	0.02073	0.01157	0.01753	0.01369	0.01797	0.01075	0.11707	0.05776	0.05059	0.33686	0.23549	0.03020	0.02979	0.00957	0.00729	0.00212	0.00588	0.00858	0.00711	0.00946
72	0.02574	0.01903	0.01983	0.01534	0.02060	0.05543	0.01260	0.62991	0.03025	0.07893	0.01640	0.01629	0.01156	0.00801	0.00668	0.00200	0.00752	0.00600	0.00664	0.01123
73	0.01617	0.01604	0.02900	0.21320	0.03399	0.01680	0.35060	0.09536	0.11373	0.02351	0.01533	0.01880	0.01143	0.00667	0.00732	0.00223	0.00943	0.00716	0.00412	0.00911
74	0.00818	0.00584	0.00779	0.00934	0.00973	0.00545	0.00623	0.00934	0.01285	0.01713	0.03698	0.75981	0.04438	0.02102	0.00856	0.00273	0.00389	0.01908	0.00623	0.00545
75	0.02078	0.01357	0.01532	0.01292	0.01715	0.01452	0.01029	0.12168	0.37707	0.21643	0.05091	0.02604	0.05405	0.00929	0.00688	0.00218	0.00553	0.00763	0.00720	0.01055
76	0.02210	0.01699	0.01967	0.01844	0.11763	0.01868	0.01319	0.40782	0.20754	0.05880	0.01892	0.01876	0.01387	0.00805	0.00673	0.00208	0.00686	0.00646	0.00632	0.01109
77	0.02597	0.01376	0.05625	0.01349	0.01876	0.01205	0.04214	0.05071	0.14483	0.50962	0.02495	0.02235	0.01643	0.00822	0.00679	0.00212	0.00617	0.00683	0.00747	0.01108
78	0.02467	0.03123	0.01940	0.01840	0.05359	0.70348	0.01332	0.02650	0.01884	0.01668	0.01048	0.01231	0.00874	0.00687	0.00608	0.00174	0.01191	0.00440	0.00345	0.00791
79	0.04694	0.10077	0.63623	0.01800	0.02730	0.01656	0.02285	0.02108	0.01400	0.02112	0.01168	0.01372	0.00846	0.00631	0.00609	0.00206	0.00947	0.00478	0.00289	0.00969
80	0.01693	0.01556	0.02496	0.14860	0.51816	0.01632	0.01912	0.09212	0.04041	0.02353	0.01338	0.01704	0.01078	0.00642	0.00667	0.00204	0.00797	0.00604	0.00374	0.01021
81	0.00827	0.00590	0.00789	0.00945	0.00987	0.00553	0.00638	0.00950	0.01294	0.01723	0.03693	0.73647	0.04418	0.02094	0.00859	0.00274	0.00397	0.04153	0.00623	0.00547
82	0.01537	0.02147	0.18534	0.02567	0.03299	0.01666	0.52346	0.02208	0.04700	0.02174	0.01387	0.01758	0.01029	0.00597	0.00754	0.00223	0.01074	0.00727	0.00343	0.00931
83	0.01465	0.15257	0.42189	0.01663	0.02402	0.01577	0.06361	0.02011	0.01431	0.06274	0.01604	0.11836	0.01413	0.00838	0.00645	0.00210	0.00845	0.00700	0.00368	0.00911
84	0.01436	0.03348	0.68509	0.01878	0.02841	0.01555	0.02395	0.04176	0.01485	0.04490	0.01263	0.01451	0.00885	0.00649	0.00640	0.00212	0.00970	0.00505	0.00313	0.01001
85	0.00818	0.00584	0.00779	0.00934	0.00973	0.00545	0.00623	0.00934	0.01285	0.01713	0.03698	0.75981	0.04438	0.02102	0.00856	0.00273	0.00389	0.01908	0.00623	0.00545
86	0.63261	0.01478	0.01257	0.01198	0.05747	0.05170	0.00900	0.09926	0.01437	0.03034	0.01038	0.01191	0.00802	0.00646	0.00470	0.00205	0.00596	0.00409	0.00437	0.00798
87	0.02146	0.02554	0.02119	0.08507	0.19457	0.46585	0.01539	0.02396	0.01722	0.01782	0.01098	0.01382	0.00916	0.00689	0.00700	0.00189	0.04546	0.00494	0.00336	0.00843
88	0.03010	0.01142	0.01557	0.01194	0.01713	0.00986	0.00986	0.03270	0.01920	0.72698	0.02647	0.02284	0.01661	0.00830	0.00675	0.00208	0.00571	0.00675	0.00830	0.01142
89	0.00965	0.00695	0.00958	0.00958	0.01036	0.00773	0.00688	0.01121	0.01043	0.01468	0.01908	0.03247	0.01943	0.29905	0.49250	0.00929	0.01398	0.00808	0.00376	0.00532
90	0.01661	0.01594	0.02724	0.04119	0.72233	0.01594	0.02059	0.02059	0.01528	0.02192	0.01262	0.01661	0.01063	0.00598	0.00664	0.00199	0.00797	0.00598	0.00332	0.01063
91	0.01491	0.06450	0.51267	0.02049	0.02916	0.06414	0.15827	0.02161	0.01480	0.02073	0.01211	0.01466	0.00885	0.00624	0.00657	0.00209	0.01022	0.00545	0.00299	0.00954
92	0.00882	0.00778	0.00760	0.00757	0.00969	0.03603	0.00563	0.01064	0.01568	0.01891	0.13209	0.10691	0.57632	0.01650	0.00789	0.00226	0.00377	0.01387	0.00624	0.00581
93	0.01484	0.22411	0.49655	0.01841	0.05762	0.01849	0.04111	0.02093	0.01413	0.01987	0.01141	0.01351	0.00868	0.00617	0.00589	0.00194	0.00916	0.00474	0.00288	0.00958
94	0.01444	0.01367	0.07973	0.01310	0.01659	0.01287	0.04316	0.16501	0.09173	0.02410	0.04188	0.03049	0.11489	0.07372	0.18726	0.00461	0.03452	0.02511	0.00507	0.00804
95	0.00841	0.00604	0.00804	0.00956	0.01010	0.00567	0.00663	0.00977	0.01315	0.01743	0.03763	0.67853	0.06093	0.02069	0.00861	0.00275	0.00409	0.08021	0.00622	0.00552
96	0.01587	0.01653	0.06901	0.13785	0.58637	0.01578	0.02058	0.02015	0.01495	0.02122	0.01249	0.01664	0.01027	0.00610	0.00664	0.00203	0.00822	0.00591	0.00324	0.01014
97	0.01628	0.01710	0.05481	0.35473	0.16647	0.10807	0.07010	0.04282	0.03199	0.03703	0.01278	0.01691	0.00984	0.00676	0.00706	0.00213	0.02708	0.00592	0.00348	0.00863
98	0.01486	0.01322	0.02253	0.06188	0.23653	0.01303	0.16311	0.05182	0.03344	0.05507	0.04031	0.13665	0.08548	0.01014	0.00747	0.00225	0.00733	0.03146	0.00471	0.00870
99	0.00839	0.00600	0.00774	0.00898	0.00964	0.00556	0.00610	0.00981	0.01353	0.01818	0.08870	0.62957	0.09774	0.01974	0.00834	0.00261	0.00378	0.01777	0.03226	0.00556
100	0.04153	0.01621	0.08575	0.28838	0.36278	0.01575	0.01944	0.05280	0.01519	0.02143	0.01239	0.01664	0.00977	0.00638	0.00656	0.00209	0.00837	0.00581	0.00335	0.00936

[dist]
# distance from previous block
# <min> <max>
3	36

# created by:
# /home/berkeley/.conda/envs/busco_data_prod/bin/msa2prfl.pl pipeline/OGs_align_augustus/4893/41887.fs
