[name]
unknown

[dist]
# distance from previous block
# <min> <max>
0	208

[block]
# block no. 0 follows, 33 sequences, length 17
# corresponding to MSA columns:
# 218-234
name=unknown_A
#
# <colnr> <probs for GDERKNQSTAVLIFYWHMCP>
#	G	D	E	R	K	N	Q	S	T	A	V	L	I	F	Y	W	H	M	C	P
0	0.09207	0.04052	0.19792	0.01809	0.10940	0.08621	0.04147	0.08840	0.05761	0.05166	0.01825	0.06399	0.03722	0.00868	0.00652	0.00212	0.00774	0.05883	0.00442	0.00887
1	0.04622	0.08833	0.15523	0.01636	0.09896	0.06096	0.01343	0.03972	0.12563	0.04869	0.01928	0.12045	0.03619	0.00958	0.00738	0.02665	0.02802	0.00744	0.00447	0.04700
2	0.01610	0.21881	0.21948	0.03852	0.06326	0.05709	0.01504	0.07729	0.05547	0.02162	0.05886	0.01621	0.01309	0.00671	0.00573	0.00176	0.00756	0.00516	0.00381	0.09844
3	0.09344	0.07111	0.14118	0.03099	0.08336	0.10271	0.01302	0.04141	0.11641	0.06152	0.06181	0.02289	0.09176	0.00828	0.00620	0.00197	0.00698	0.00654	0.00466	0.03376
4	0.01846	0.01628	0.06861	0.04083	0.05155	0.04428	0.06472	0.15874	0.15626	0.09604	0.04445	0.01896	0.01460	0.00725	0.00635	0.00185	0.00678	0.00610	0.00532	0.17256
5	0.05013	0.01272	0.01333	0.01250	0.04191	0.09266	0.00914	0.07802	0.07869	0.15498	0.06531	0.22592	0.04709	0.01160	0.00688	0.00210	0.00571	0.00984	0.00596	0.07551
6	0.01629	0.01564	0.02672	0.04041	0.72757	0.01564	0.02020	0.02020	0.01499	0.02151	0.01238	0.01629	0.01043	0.00587	0.00652	0.00196	0.00782	0.00587	0.00326	0.01043
7	0.01287	0.01215	0.02054	0.67118	0.12352	0.01474	0.01850	0.01721	0.01337	0.01736	0.01178	0.01741	0.00897	0.00650	0.00657	0.00217	0.00867	0.00585	0.00296	0.00767
8	0.01800	0.01369	0.04229	0.01294	0.04395	0.03151	0.01021	0.13677	0.14346	0.14429	0.06501	0.02568	0.09886	0.01009	0.03017	0.00216	0.00607	0.00717	0.00591	0.15177
9	0.01306	0.01234	0.02088	0.63700	0.15625	0.01479	0.01860	0.01737	0.01346	0.01758	0.01181	0.01735	0.00904	0.00647	0.00657	0.00216	0.00862	0.00585	0.00298	0.00782
10	0.01751	0.14683	0.17709	0.01394	0.01930	0.01712	0.01354	0.27154	0.04922	0.02784	0.07777	0.10351	0.01857	0.00914	0.00643	0.00200	0.00692	0.00733	0.00512	0.00928
11	0.05204	0.18640	0.21577	0.01656	0.03773	0.14566	0.08462	0.04045	0.05489	0.02013	0.01270	0.03677	0.01045	0.00669	0.00584	0.00184	0.00864	0.00527	0.00351	0.05405
12	0.06387	0.31312	0.17014	0.01578	0.06099	0.03613	0.04737	0.07000	0.10749	0.03762	0.01326	0.01442	0.01044	0.00647	0.00551	0.00182	0.00756	0.00490	0.00384	0.00926
13	0.01774	0.17507	0.21824	0.01807	0.08457	0.03876	0.07644	0.14251	0.03732	0.05761	0.01473	0.01612	0.02983	0.00674	0.00607	0.00188	0.00806	0.00548	0.00407	0.04070
14	0.11457	0.16053	0.16203	0.01603	0.08537	0.15234	0.01379	0.04268	0.05523	0.04272	0.01569	0.01693	0.05109	0.00710	0.00565	0.00186	0.00781	0.00524	0.03474	0.00860
15	0.07053	0.12048	0.22132	0.02063	0.20033	0.01587	0.01630	0.08530	0.01578	0.02303	0.06781	0.04049	0.01464	0.00867	0.03137	0.00223	0.00779	0.00598	0.00386	0.02760
16	0.06587	0.03914	0.10101	0.01742	0.07673	0.07373	0.10388	0.13368	0.05933	0.12153	0.04415	0.02165	0.07325	0.00812	0.00704	0.00206	0.03036	0.00676	0.00504	0.00924

[dist]
# distance from previous block
# <min> <max>
10	120

[block]
# block no. 1 follows, 33 sequences, length 37
# corresponding to MSA columns:
# 373-409
name=unknown_B
#
# <colnr> <probs for GDERKNQSTAVLIFYWHMCP>
#	G	D	E	R	K	N	Q	S	T	A	V	L	I	F	Y	W	H	M	C	P
0	0.01879	0.05020	0.22464	0.01854	0.12378	0.08387	0.01578	0.06390	0.08705	0.15150	0.03744	0.01770	0.01317	0.00706	0.00627	0.00193	0.00770	0.00569	0.00470	0.06028
1	0.06943	0.02209	0.23001	0.01878	0.12553	0.11567	0.01589	0.09451	0.05286	0.05338	0.08657	0.01851	0.01541	0.00750	0.00670	0.00200	0.02737	0.00589	0.00434	0.02757
2	0.06217	0.10753	0.08992	0.01455	0.07432	0.01428	0.01186	0.09116	0.09888	0.19635	0.06497	0.06947	0.01797	0.00843	0.00625	0.00196	0.00614	0.00688	0.00560	0.05130
3	0.05863	0.07295	0.13165	0.02140	0.15515	0.01624	0.14530	0.07972	0.12741	0.05985	0.03680	0.01801	0.01315	0.00683	0.00646	0.00202	0.00774	0.00621	0.00441	0.03007
4	0.07933	0.08937	0.19332	0.01606	0.08729	0.04035	0.01420	0.07943	0.05646	0.11511	0.03839	0.01652	0.01243	0.00674	0.00585	0.00182	0.00706	0.00527	0.00451	0.13051
5	0.01698	0.06867	0.16742	0.04108	0.19763	0.03783	0.08402	0.13926	0.01788	0.04222	0.07015	0.01805	0.01413	0.00691	0.00645	0.00193	0.00794	0.00606	0.00419	0.05120
6	0.01626	0.06196	0.19213	0.02032	0.15367	0.06070	0.08097	0.09856	0.01754	0.05111	0.14220	0.02135	0.01934	0.00765	0.00661	0.00197	0.00772	0.00666	0.00445	0.02885
7	0.03697	0.06004	0.23767	0.02408	0.23481	0.01507	0.10777	0.02024	0.03989	0.02127	0.01405	0.01661	0.03002	0.00623	0.00625	0.00190	0.00811	0.00567	0.00341	0.10995
8	0.09506	0.17300	0.03965	0.05653	0.13935	0.04268	0.01241	0.08804	0.05001	0.11489	0.01558	0.05708	0.01275	0.00738	0.00578	0.00186	0.00668	0.00587	0.02450	0.05092
9	0.01789	0.14133	0.10283	0.01749	0.11982	0.01562	0.05579	0.09756	0.08964	0.12823	0.10611	0.02244	0.04075	0.00801	0.00642	0.00196	0.00672	0.00677	0.00516	0.00944
10	0.13984	0.08915	0.14877	0.01612	0.07437	0.06384	0.06390	0.07090	0.07920	0.04885	0.07016	0.03634	0.03512	0.00770	0.00609	0.00198	0.00717	0.00625	0.00447	0.02979
11	0.05858	0.18860	0.25162	0.03627	0.12379	0.01781	0.01658	0.06657	0.09633	0.06330	0.01397	0.01527	0.01061	0.00659	0.00583	0.00192	0.00767	0.00514	0.00394	0.00961
12	0.01715	0.06641	0.06643	0.03264	0.53170	0.01525	0.01796	0.02082	0.01491	0.09049	0.01391	0.01777	0.01146	0.04595	0.00777	0.00217	0.00759	0.00592	0.00372	0.00999
13	0.05717	0.09035	0.01758	0.01220	0.04408	0.01250	0.03499	0.08177	0.01523	0.02313	0.01178	0.01364	0.00965	0.00536	0.00510	0.00125	0.00567	0.00425	0.00400	0.55028
14	0.01690	0.01545	0.02567	0.07652	0.63519	0.01566	0.01942	0.05510	0.01581	0.04223	0.01290	0.01651	0.01054	0.00607	0.00653	0.00197	0.00778	0.00589	0.00355	0.01032
15	0.01207	0.00833	0.00993	0.00922	0.01021	0.00883	0.00623	0.01442	0.07998	0.06314	0.02080	0.06202	0.02169	0.49784	0.05254	0.00521	0.06776	0.00888	0.00450	0.03640
16	0.01600	0.00959	0.01191	0.01018	0.01308	0.00934	0.00799	0.10074	0.06755	0.17953	0.44268	0.03779	0.04337	0.01135	0.00731	0.00206	0.00428	0.00976	0.00732	0.00816
17	0.00957	0.00638	0.00718	0.00718	0.00718	0.00638	0.00399	0.00957	0.00957	0.01276	0.02074	0.04308	0.02393	0.76864	0.03351	0.00638	0.00638	0.00957	0.00399	0.00399
18	0.77409	0.01265	0.00997	0.00882	0.01294	0.01450	0.00726	0.02002	0.01160	0.06625	0.01004	0.01131	0.00761	0.00622	0.00421	0.00204	0.00512	0.00372	0.00429	0.00734
19	0.02298	0.01774	0.11119	0.01625	0.02213	0.01555	0.11442	0.26108	0.06849	0.25299	0.01888	0.01852	0.01286	0.00750	0.00674	0.00206	0.00747	0.00638	0.00613	0.01062
20	0.04996	0.01681	0.01818	0.08828	0.06168	0.08122	0.01258	0.29838	0.15811	0.12050	0.01791	0.01802	0.01291	0.00773	0.00646	0.00203	0.00716	0.00607	0.00589	0.01016
21	0.02081	0.01632	0.01784	0.01428	0.01882	0.01814	0.01160	0.40656	0.21693	0.03395	0.01796	0.01792	0.01334	0.00813	0.00745	0.00201	0.05655	0.00614	0.00611	0.08916
22	0.03699	0.01520	0.01766	0.01729	0.13782	0.06758	0.01182	0.23232	0.02079	0.15419	0.06512	0.04150	0.03293	0.00804	0.00642	0.00187	0.00657	0.00657	0.00568	0.11365
23	0.00957	0.00638	0.00718	0.00718	0.00718	0.00638	0.00399	0.00957	0.00957	0.01276	0.02074	0.04308	0.02393	0.76864	0.03351	0.00638	0.00638	0.00957	0.00399	0.00399
24	0.42392	0.01373	0.01299	0.01084	0.01499	0.01533	0.00885	0.22827	0.04213	0.05485	0.10023	0.01782	0.01585	0.00772	0.00546	0.00203	0.00552	0.00554	0.00545	0.00849
25	0.05172	0.01484	0.01697	0.01342	0.01827	0.01555	0.01104	0.34697	0.10216	0.27845	0.02107	0.02115	0.01485	0.00844	0.00662	0.00207	0.00633	0.03227	0.00704	0.01078
26	0.71297	0.01276	0.01054	0.00916	0.01337	0.01445	0.00755	0.04225	0.01258	0.09900	0.01103	0.01201	0.00816	0.00637	0.00440	0.00204	0.00521	0.00394	0.00455	0.00766
27	0.06410	0.00772	0.00927	0.01055	0.07839	0.00785	0.00579	0.01127	0.01022	0.01475	0.01915	0.03828	0.02148	0.64265	0.02889	0.00566	0.00644	0.00881	0.00392	0.00483
28	0.45446	0.01444	0.01366	0.06246	0.07955	0.08018	0.00990	0.02108	0.03312	0.08218	0.01181	0.01338	0.00901	0.00630	0.00498	0.00191	0.00622	0.00437	0.00425	0.08674
29	0.01220	0.00836	0.03234	0.00918	0.01128	0.00726	0.00711	0.03852	0.01686	0.11053	0.36648	0.15391	0.09590	0.08798	0.01016	0.00259	0.00422	0.01179	0.00661	0.00671
30	0.14883	0.01264	0.01562	0.01411	0.07951	0.01245	0.01038	0.10418	0.05586	0.41848	0.02086	0.02014	0.01425	0.03441	0.00716	0.00219	0.00591	0.00615	0.00668	0.01020
31	0.04832	0.01675	0.04027	0.02389	0.26950	0.08688	0.06140	0.10490	0.09110	0.11440	0.06331	0.01947	0.01533	0.00731	0.00657	0.00200	0.00746	0.00640	0.00493	0.00981
32	0.06510	0.01594	0.04147	0.06768	0.35971	0.05198	0.01583	0.10008	0.04332	0.11028	0.03526	0.01763	0.01263	0.00680	0.00636	0.00196	0.00733	0.00590	0.00451	0.03022
33	0.12159	0.12715	0.01852	0.03341	0.07962	0.03821	0.01067	0.13678	0.05029	0.07102	0.01564	0.04313	0.02976	0.00714	0.00559	0.00171	0.00620	0.00552	0.00467	0.19338
34	0.01540	0.04026	0.03854	0.01294	0.05028	0.07314	0.00951	0.10714	0.10865	0.03804	0.01910	0.06928	0.01830	0.24329	0.01521	0.00333	0.02848	0.02442	0.00475	0.07997
35	0.22138	0.07927	0.08438	0.01500	0.08926	0.05454	0.01181	0.12499	0.07944	0.06546	0.03870	0.04546	0.04817	0.00800	0.00585	0.00200	0.00651	0.00614	0.00484	0.00881
36	0.06149	0.16303	0.03735	0.01587	0.09993	0.05770	0.01199	0.19258	0.07464	0.12607	0.05554	0.01950	0.04092	0.00777	0.00607	0.00190	0.00672	0.00605	0.00532	0.00959

[dist]
# distance from previous block
# <min> <max>
3	64

[block]
# block no. 2 follows, 33 sequences, length 34
# corresponding to MSA columns:
# 474-507
name=unknown_C
#
# <colnr> <probs for GDERKNQSTAVLIFYWHMCP>
#	G	D	E	R	K	N	Q	S	T	A	V	L	I	F	Y	W	H	M	C	P
0	0.07482	0.01710	0.08439	0.01901	0.15301	0.08643	0.04969	0.11481	0.05454	0.10125	0.06835	0.02328	0.04323	0.00821	0.00656	0.00202	0.00722	0.04050	0.00501	0.04056
1	0.09774	0.08622	0.10581	0.01874	0.16929	0.03520	0.01371	0.11804	0.07426	0.04640	0.01593	0.07158	0.01369	0.00783	0.00608	0.00194	0.00684	0.02164	0.00449	0.08459
2	0.10089	0.05634	0.01660	0.01421	0.06691	0.04757	0.01057	0.10084	0.26435	0.09069	0.04673	0.01958	0.01589	0.00760	0.00602	0.00190	0.00591	0.00604	0.00559	0.11574
3	0.06834	0.01685	0.10560	0.01708	0.10785	0.03678	0.05248	0.15982	0.03791	0.06504	0.06138	0.04338	0.01502	0.00736	0.00621	0.00182	0.00681	0.00617	0.00480	0.17931
4	0.01667	0.01507	0.02487	0.03437	0.56390	0.01485	0.04612	0.05306	0.01574	0.04722	0.01387	0.04303	0.01179	0.00649	0.00653	0.00193	0.00750	0.00629	0.00374	0.06697
5	0.11071	0.01247	0.01417	0.01137	0.04357	0.01081	0.00867	0.06005	0.04344	0.04882	0.01279	0.01429	0.01021	0.00553	0.00508	0.00129	0.00520	0.00430	0.00432	0.57293
6	0.01455	0.00878	0.01028	0.00922	0.01078	0.00889	0.00635	0.09419	0.03461	0.12354	0.02143	0.03663	0.02137	0.49885	0.04929	0.00515	0.00671	0.02817	0.00503	0.00621
7	0.02777	0.01404	0.01703	0.01306	0.01822	0.01388	0.01079	0.29576	0.02358	0.46175	0.02199	0.01982	0.01430	0.00805	0.00661	0.00201	0.00624	0.00635	0.00754	0.01120
8	0.00957	0.00638	0.00718	0.00718	0.00718	0.00638	0.00399	0.00957	0.00957	0.01276	0.02074	0.04308	0.02393	0.76864	0.03351	0.00638	0.00638	0.00957	0.00399	0.00399
9	0.81514	0.01273	0.00968	0.00866	0.01273	0.01477	0.00713	0.01935	0.01120	0.02954	0.00917	0.01069	0.00713	0.00611	0.00407	0.00204	0.00509	0.00356	0.00407	0.00713
10	0.02480	0.01795	0.01989	0.01625	0.05586	0.01966	0.01276	0.63861	0.02956	0.07379	0.01612	0.01615	0.01140	0.00781	0.00658	0.00198	0.00719	0.00596	0.00649	0.01116
11	0.78476	0.01284	0.01032	0.00986	0.03992	0.01480	0.00763	0.01938	0.01135	0.02923	0.00929	0.01091	0.00726	0.00610	0.00417	0.00203	0.00520	0.00365	0.00404	0.00726
12	0.00862	0.00598	0.00746	0.00840	0.00863	0.00575	0.00529	0.00932	0.01143	0.01524	0.03027	0.48519	0.03595	0.31013	0.01812	0.00411	0.00481	0.01518	0.00529	0.00482
13	0.02639	0.01625	0.01840	0.01411	0.01933	0.01717	0.01166	0.50223	0.02730	0.25005	0.01888	0.01780	0.01274	0.00798	0.00660	0.00199	0.00675	0.00614	0.00706	0.01120
14	0.00957	0.00638	0.00718	0.00718	0.00718	0.00638	0.00399	0.00957	0.00957	0.01276	0.02074	0.04308	0.02393	0.76864	0.03351	0.00638	0.00638	0.00957	0.00399	0.00399
15	0.81514	0.01273	0.00968	0.00866	0.01273	0.01477	0.00713	0.01935	0.01120	0.02954	0.00917	0.01069	0.00713	0.00611	0.00407	0.00204	0.00509	0.00356	0.00407	0.00713
16	0.19847	0.01579	0.01632	0.01289	0.01777	0.04592	0.01059	0.34787	0.02290	0.22268	0.01685	0.01630	0.01156	0.00753	0.00602	0.00199	0.00653	0.00553	0.00633	0.01017
17	0.81514	0.01273	0.00968	0.00866	0.01273	0.01477	0.00713	0.01935	0.01120	0.02954	0.00917	0.01069	0.00713	0.00611	0.00407	0.00204	0.00509	0.00356	0.00407	0.00713
18	0.00957	0.00638	0.00718	0.00718	0.00718	0.00638	0.00399	0.00957	0.00957	0.01276	0.02074	0.04308	0.02393	0.76864	0.03351	0.00638	0.00638	0.00957	0.00399	0.00399
19	0.29685	0.04292	0.01747	0.01864	0.17894	0.14314	0.01217	0.05333	0.05413	0.02409	0.01173	0.01393	0.00951	0.00687	0.00661	0.00199	0.06532	0.00479	0.02919	0.00837
20	0.01453	0.00796	0.01026	0.00913	0.01175	0.00710	0.00717	0.01722	0.01785	0.21337	0.38151	0.04595	0.16628	0.01288	0.00754	0.00214	0.00398	0.04874	0.00722	0.00742
21	0.01059	0.00638	0.00855	0.00947	0.01041	0.00586	0.00654	0.01190	0.01335	0.10212	0.03505	0.67585	0.04029	0.01914	0.00819	0.00260	0.00403	0.01727	0.00635	0.00605
22	0.01796	0.01812	0.02517	0.03566	0.58703	0.12368	0.01871	0.05563	0.01634	0.02171	0.01223	0.01561	0.01018	0.00610	0.00643	0.00192	0.00839	0.00563	0.00345	0.01005
23	0.01783	0.01806	0.07217	0.02538	0.32670	0.12767	0.01555	0.06504	0.06171	0.06680	0.09884	0.02015	0.01714	0.00738	0.00653	0.00193	0.00760	0.00635	0.00447	0.03270
24	0.02008	0.17345	0.07897	0.02095	0.21281	0.07704	0.01467	0.14708	0.01819	0.11109	0.01376	0.01509	0.01053	0.00652	0.00591	0.00179	0.00760	0.00517	0.00439	0.05491
25	0.01931	0.21317	0.08432	0.01944	0.17517	0.07724	0.01422	0.10788	0.08556	0.09682	0.03574	0.01661	0.01277	0.00693	0.00593	0.00185	0.00741	0.00546	0.00449	0.00968
26	0.01700	0.19221	0.16574	0.01978	0.18005	0.01754	0.01545	0.08126	0.10994	0.05818	0.01632	0.01742	0.03626	0.00693	0.00595	0.00187	0.00724	0.00559	0.00418	0.04107
27	0.01944	0.13483	0.11744	0.01573	0.04208	0.12091	0.05216	0.10611	0.15817	0.10036	0.03515	0.01761	0.01356	0.00727	0.00616	0.00191	0.00768	0.00576	0.00489	0.03278
28	0.06433	0.13094	0.09386	0.01539	0.07453	0.08344	0.01266	0.17061	0.03724	0.13698	0.01738	0.04275	0.03645	0.00768	0.00602	0.00188	0.00714	0.00593	0.00501	0.04978
29	0.04325	0.05499	0.08645	0.01650	0.08432	0.08152	0.01311	0.25067	0.11497	0.09095	0.04447	0.01789	0.01396	0.00752	0.00628	0.00192	0.00717	0.00588	0.00542	0.05277
30	0.03840	0.08791	0.10376	0.02094	0.21617	0.01626	0.01467	0.10866	0.16085	0.05311	0.01579	0.01691	0.01216	0.00676	0.00607	0.00187	0.00686	0.00560	0.00457	0.10266
31	0.01755	0.05586	0.11147	0.04696	0.29646	0.05362	0.01612	0.12419	0.03378	0.06366	0.01816	0.01982	0.07040	0.00735	0.00641	0.00194	0.00751	0.00623	0.00429	0.03822
32	0.07188	0.08334	0.10887	0.01632	0.11920	0.01407	0.03589	0.05704	0.14187	0.02336	0.12442	0.02675	0.06658	0.07227	0.00871	0.00239	0.00630	0.00744	0.00486	0.00843
33	0.01624	0.12642	0.12211	0.02000	0.19753	0.10619	0.01425	0.06378	0.05272	0.02053	0.03761	0.02076	0.04252	0.09020	0.00907	0.00234	0.00771	0.00612	0.00389	0.04002

[dist]
# distance from previous block
# <min> <max>
7	35

[block]
# block no. 3 follows, 33 sequences, length 61
# corresponding to MSA columns:
# 543-603
name=unknown_D
#
# <colnr> <probs for GDERKNQSTAVLIFYWHMCP>
#	G	D	E	R	K	N	Q	S	T	A	V	L	I	F	Y	W	H	M	C	P
0	0.01782	0.11513	0.26892	0.01634	0.06126	0.06383	0.01585	0.11437	0.06104	0.10127	0.06547	0.03951	0.01528	0.00771	0.00628	0.00197	0.00773	0.00611	0.00461	0.00950
1	0.04846	0.04093	0.09074	0.01876	0.13788	0.08517	0.01407	0.23553	0.06978	0.16852	0.01667	0.01692	0.01195	0.00729	0.00634	0.00197	0.00748	0.00575	0.00547	0.01032
2	0.10871	0.01996	0.21247	0.01790	0.12311	0.04738	0.01506	0.10047	0.10830	0.05146	0.08439	0.01916	0.01600	0.00746	0.00623	0.00200	0.00714	0.00601	0.00465	0.04214
3	0.05831	0.07149	0.13426	0.01441	0.05581	0.03179	0.01254	0.14977	0.06629	0.11840	0.09636	0.05572	0.01864	0.00831	0.00629	0.00193	0.00647	0.00671	0.00533	0.08115
4	0.08203	0.01455	0.01616	0.01433	0.06499	0.05963	0.03213	0.18767	0.10009	0.06655	0.08742	0.04013	0.04463	0.00825	0.00629	0.00186	0.00613	0.00674	0.00550	0.15492
5	0.01863	0.07508	0.14903	0.01787	0.09582	0.11224	0.04699	0.15696	0.09332	0.06407	0.01887	0.01956	0.06537	0.00767	0.00638	0.00195	0.00786	0.00617	0.00469	0.03147
6	0.06051	0.15548	0.24351	0.01458	0.02099	0.03921	0.03973	0.10162	0.03707	0.13830	0.03460	0.01740	0.03145	0.00714	0.00597	0.00191	0.00754	0.00553	0.00456	0.03291
7	0.04263	0.09672	0.11317	0.10647	0.08379	0.08161	0.01446	0.15623	0.10276	0.08741	0.01518	0.01633	0.01129	0.00700	0.00611	0.00193	0.00765	0.00548	0.00466	0.03912
8	0.04770	0.15582	0.17662	0.01563	0.04677	0.10940	0.05226	0.08300	0.04884	0.03759	0.04166	0.01549	0.01189	0.00656	0.00578	0.00175	0.00785	0.00509	0.00395	0.12636
9	0.20949	0.04681	0.06055	0.01627	0.09593	0.12002	0.03749	0.11989	0.05895	0.07681	0.01344	0.01462	0.01019	0.00660	0.00566	0.00186	0.00727	0.00497	0.00453	0.08864
10	0.05825	0.01211	0.04028	0.01281	0.06171	0.01114	0.03120	0.12576	0.05423	0.02520	0.15121	0.03294	0.14900	0.04209	0.00782	0.00211	0.00536	0.02776	0.00544	0.14359
11	0.00865	0.00654	0.00788	0.00786	0.00937	0.00589	0.00571	0.01087	0.01616	0.02161	0.38120	0.16093	0.26484	0.05177	0.00910	0.00242	0.00344	0.01344	0.00657	0.00577
12	0.01637	0.01540	0.02387	0.08489	0.51583	0.04489	0.03693	0.04552	0.05239	0.02220	0.01381	0.01726	0.01122	0.00631	0.00641	0.00195	0.00765	0.00596	0.06138	0.00977
13	0.00802	0.00573	0.00764	0.00917	0.00955	0.00535	0.00611	0.00917	0.01260	0.01681	0.03628	0.76434	0.04354	0.02062	0.00840	0.00267	0.00382	0.01872	0.00611	0.00535
14	0.01526	0.01678	0.07625	0.02067	0.04998	0.01672	0.27251	0.02414	0.23118	0.02233	0.03898	0.01994	0.01442	0.00796	0.00972	0.00232	0.14020	0.00717	0.00438	0.00909
15	0.01611	0.01546	0.02640	0.07349	0.69589	0.01559	0.02011	0.02005	0.01491	0.02129	0.01235	0.01635	0.01035	0.00590	0.00652	0.00197	0.00787	0.00586	0.00324	0.01028
16	0.01546	0.01746	0.03767	0.05402	0.06319	0.01654	0.65132	0.02090	0.01543	0.02095	0.01322	0.01769	0.00996	0.00560	0.00768	0.00221	0.01088	0.00762	0.00331	0.00889
17	0.01478	0.28970	0.34464	0.01450	0.02126	0.05600	0.01647	0.01950	0.01466	0.01952	0.11481	0.01777	0.01624	0.00712	0.00574	0.00182	0.00793	0.00539	0.00348	0.00865
18	0.00932	0.00720	0.00856	0.00821	0.01007	0.00672	0.00615	0.01304	0.06758	0.02354	0.45086	0.08181	0.25376	0.01438	0.00772	0.00215	0.00336	0.01246	0.00683	0.00629
19	0.01606	0.05630	0.05204	0.05289	0.55099	0.01630	0.11871	0.02025	0.01491	0.02100	0.01231	0.01615	0.01015	0.00584	0.00657	0.00197	0.00834	0.00598	0.00322	0.01000
20	0.02440	0.01813	0.01941	0.01502	0.02018	0.02012	0.01236	0.65725	0.08034	0.04048	0.01660	0.01644	0.01184	0.00798	0.00659	0.00199	0.00710	0.00604	0.00659	0.01114
21	0.81514	0.01273	0.00968	0.00866	0.01273	0.01477	0.00713	0.01935	0.01120	0.02954	0.00917	0.01069	0.00713	0.00611	0.00407	0.00204	0.00509	0.00356	0.00407	0.00713
22	0.01320	0.03405	0.73453	0.01876	0.02849	0.01529	0.02432	0.02085	0.01390	0.02085	0.01181	0.01390	0.00834	0.00625	0.00625	0.00208	0.00973	0.00486	0.00278	0.00973
23	0.01320	0.03405	0.73453	0.01876	0.02849	0.01529	0.02432	0.02085	0.01390	0.02085	0.01181	0.01390	0.00834	0.00625	0.00625	0.00208	0.00973	0.00486	0.00278	0.00973
24	0.02091	0.05435	0.04271	0.01306	0.01738	0.01508	0.01086	0.29615	0.10957	0.17301	0.02251	0.15533	0.01904	0.01024	0.00680	0.00212	0.00611	0.00844	0.00649	0.00983
25	0.01341	0.06835	0.70202	0.01842	0.02795	0.01579	0.02372	0.02080	0.01387	0.02060	0.01169	0.01374	0.00834	0.00623	0.00616	0.00205	0.00960	0.00480	0.00278	0.00967
26	0.01482	0.21907	0.45333	0.01639	0.02428	0.01798	0.03936	0.04616	0.04428	0.02073	0.03727	0.01494	0.01093	0.00651	0.00587	0.00192	0.00857	0.00501	0.00327	0.00934
27	0.01763	0.01186	0.01289	0.01096	0.01424	0.01276	0.00868	0.24355	0.14494	0.06765	0.08063	0.05494	0.02051	0.00903	0.00615	0.00192	0.00497	0.00734	0.26057	0.00878
28	0.00877	0.00708	0.00793	0.00829	0.00971	0.02738	0.00594	0.01064	0.01523	0.01968	0.22915	0.30620	0.28627	0.01693	0.00794	0.00233	0.00370	0.01479	0.00633	0.00572
29	0.00968	0.00712	0.00976	0.00963	0.01034	0.00807	0.00696	0.01114	0.01020	0.01440	0.01838	0.03160	0.01883	0.30770	0.45584	0.00874	0.04480	0.00791	0.00367	0.00525
30	0.01519	0.01720	0.03740	0.02688	0.03325	0.01612	0.67127	0.02053	0.01540	0.02089	0.01439	0.05243	0.01155	0.00625	0.00780	0.00224	0.01076	0.00828	0.00346	0.00871
31	0.01988	0.00991	0.01271	0.01055	0.01409	0.00924	0.00840	0.05176	0.07813	0.35359	0.29800	0.03366	0.05032	0.01046	0.00710	0.00207	0.00461	0.00888	0.00756	0.00907
32	0.02459	0.03138	0.01866	0.01696	0.02035	0.74221	0.01272	0.02629	0.01866	0.01611	0.01018	0.01187	0.00848	0.00678	0.00594	0.00170	0.01187	0.00424	0.00339	0.00763
33	0.02640	0.01071	0.01439	0.01139	0.01598	0.00943	0.00935	0.02945	0.03871	0.61495	0.07779	0.02744	0.03997	0.00916	0.00683	0.00209	0.00537	0.03222	0.00791	0.01048
34	0.01629	0.01564	0.02672	0.04041	0.72757	0.01564	0.02020	0.02020	0.01499	0.02151	0.01238	0.01629	0.01043	0.00587	0.00652	0.00196	0.00782	0.00587	0.00326	0.01043
35	0.00869	0.00590	0.00788	0.00925	0.00978	0.00548	0.00622	0.00988	0.01280	0.03918	0.03596	0.74114	0.04269	0.02023	0.00835	0.00265	0.00388	0.01834	0.00617	0.00553
36	0.00941	0.00703	0.01047	0.01047	0.01160	0.00817	0.00809	0.01168	0.01055	0.01520	0.01774	0.02644	0.01671	0.07363	0.71864	0.01044	0.01725	0.00714	0.00354	0.00581
37	0.01557	0.01768	0.03838	0.02823	0.06080	0.01661	0.67764	0.02105	0.01552	0.02110	0.01328	0.01770	0.01001	0.00556	0.00772	0.00221	0.01097	0.00770	0.00333	0.00894
38	0.00821	0.00581	0.00758	0.00892	0.00926	0.00547	0.00585	0.00922	0.01223	0.01631	0.03437	0.67570	0.04113	0.11256	0.01149	0.00313	0.00413	0.01759	0.00585	0.00518
39	0.01844	0.01541	0.05433	0.01381	0.01804	0.01578	0.03628	0.29261	0.19687	0.04912	0.11512	0.02464	0.04744	0.00920	0.00733	0.00210	0.03381	0.00744	0.03258	0.00965
40	0.06110	0.51552	0.02925	0.01412	0.06424	0.10630	0.01194	0.09529	0.01589	0.01953	0.01021	0.01167	0.00881	0.00605	0.00482	0.00157	0.00757	0.00402	0.00339	0.00872
41	0.00945	0.00683	0.00794	0.00825	0.01006	0.00604	0.00624	0.01125	0.01471	0.05561	0.07660	0.20820	0.41153	0.03688	0.00870	0.00252	0.00399	0.10314	0.00620	0.00586
42	0.01652	0.05036	0.10879	0.05727	0.51300	0.04597	0.01931	0.04590	0.04046	0.02174	0.01271	0.01591	0.01034	0.00615	0.00638	0.00196	0.00809	0.00564	0.00342	0.01007
43	0.01509	0.07725	0.48215	0.01670	0.02435	0.01610	0.01957	0.08374	0.05978	0.04486	0.03268	0.01708	0.03098	0.00732	0.00701	0.00208	0.04439	0.00556	0.00375	0.00954
44	0.81514	0.01273	0.00968	0.00866	0.01273	0.01477	0.00713	0.01935	0.01120	0.02954	0.00917	0.01069	0.00713	0.00611	0.00407	0.00204	0.00509	0.00356	0.00407	0.00713
45	0.01144	0.00572	0.00858	0.00858	0.00858	0.00572	0.00572	0.00858	0.00858	0.01144	0.01144	0.02001	0.01144	0.02287	0.02573	0.80846	0.00572	0.00572	0.00286	0.00286
46	0.01629	0.01564	0.02672	0.04041	0.72757	0.01564	0.02020	0.02020	0.01499	0.02151	0.01238	0.01629	0.01043	0.00587	0.00652	0.00196	0.00782	0.00587	0.00326	0.01043
47	0.01320	0.03405	0.73453	0.01876	0.02849	0.01529	0.02432	0.02085	0.01390	0.02085	0.01181	0.01390	0.00834	0.00625	0.00625	0.00208	0.00973	0.00486	0.00278	0.00973
48	0.01243	0.01170	0.01975	0.75282	0.04534	0.01463	0.01828	0.01682	0.01316	0.01682	0.01170	0.01755	0.00878	0.00658	0.00658	0.00219	0.00878	0.00585	0.00293	0.00731
49	0.81514	0.01273	0.00968	0.00866	0.01273	0.01477	0.00713	0.01935	0.01120	0.02954	0.00917	0.01069	0.00713	0.00611	0.00407	0.00204	0.00509	0.00356	0.00407	0.00713
50	0.00985	0.00745	0.00918	0.00867	0.01048	0.00716	0.00652	0.01434	0.08889	0.02542	0.57097	0.06726	0.12173	0.01350	0.00768	0.00212	0.00336	0.01183	0.00705	0.00655
51	0.81514	0.01273	0.00968	0.00866	0.01273	0.01477	0.00713	0.01935	0.01120	0.02954	0.00917	0.01069	0.00713	0.00611	0.00407	0.00204	0.00509	0.00356	0.00407	0.00713
52	0.01566	0.01013	0.01194	0.01027	0.01324	0.03489	0.00795	0.01977	0.08717	0.18196	0.26986	0.06474	0.06826	0.04723	0.00877	0.00221	0.03191	0.00915	0.00646	0.09844
53	0.00822	0.00648	0.00745	0.00785	0.00945	0.00570	0.00577	0.01003	0.01491	0.01889	0.15351	0.24680	0.41168	0.01732	0.00801	0.00236	0.00357	0.05010	0.00628	0.00562
54	0.01581	0.01505	0.02364	0.09157	0.40205	0.01728	0.01775	0.05457	0.01408	0.02032	0.01129	0.01576	0.00975	0.00787	0.01143	0.00228	0.25122	0.00583	0.00328	0.00916
55	0.00873	0.00656	0.00809	0.00802	0.00956	0.00591	0.00590	0.01117	0.01679	0.02275	0.45283	0.16503	0.22376	0.01538	0.00787	0.00220	0.00327	0.01347	0.00679	0.00591
56	0.02459	0.03138	0.01866	0.01696	0.02035	0.74221	0.01272	0.02629	0.01866	0.01611	0.01018	0.01187	0.00848	0.00678	0.00594	0.00170	0.01187	0.00424	0.00339	0.00763
57	0.01563	0.01566	0.05048	0.06053	0.59410	0.01513	0.03708	0.02024	0.04353	0.02159	0.03451	0.03562	0.01300	0.00660	0.00663	0.00201	0.00767	0.00643	0.00356	0.01001
58	0.02141	0.37192	0.02608	0.01413	0.01876	0.33278	0.01203	0.09764	0.01757	0.01860	0.01032	0.01170	0.00876	0.00638	0.00522	0.00159	0.00914	0.00409	0.00348	0.00840
59	0.01594	0.04365	0.06243	0.23574	0.26392	0.03512	0.01678	0.11146	0.03856	0.02268	0.03509	0.01844	0.02957	0.00694	0.00645	0.00199	0.00777	0.00604	0.00389	0.03756
60	0.01828	0.05242	0.11298	0.02153	0.18858	0.11433	0.05496	0.11045	0.05766	0.07077	0.05636	0.01937	0.03723	0.00770	0.00732	0.00202	0.04797	0.00628	0.00446	0.00936

[dist]
# distance from previous block
# <min> <max>
0	1

[block]
# block no. 4 follows, 33 sequences, length 77
# corresponding to MSA columns:
# 605-681
name=unknown_E
#
# <colnr> <probs for GDERKNQSTAVLIFYWHMCP>
#	G	D	E	R	K	N	Q	S	T	A	V	L	I	F	Y	W	H	M	C	P
0	0.01876	0.05021	0.01725	0.01462	0.03706	0.09340	0.01126	0.15915	0.44742	0.02825	0.03769	0.02130	0.01738	0.00839	0.00651	0.00208	0.00640	0.00671	0.00608	0.01009
1	0.40905	0.06950	0.18192	0.05126	0.03645	0.03830	0.01299	0.04762	0.01338	0.04646	0.01077	0.01263	0.00819	0.00646	0.00558	0.00203	0.03110	0.00432	0.00377	0.00821
2	0.01606	0.01541	0.02631	0.08280	0.68698	0.01558	0.02009	0.02000	0.01488	0.02123	0.01234	0.01637	0.01033	0.00591	0.00652	0.00197	0.00788	0.00586	0.00324	0.01024
3	0.12957	0.01327	0.01498	0.01232	0.01656	0.01416	0.00999	0.15824	0.18443	0.26641	0.02095	0.02003	0.01477	0.00976	0.03624	0.00243	0.02928	0.00625	0.03037	0.00998
4	0.01243	0.01170	0.01975	0.75282	0.04534	0.01463	0.01828	0.01682	0.01316	0.01682	0.01170	0.01755	0.00878	0.00658	0.00658	0.00219	0.00878	0.00585	0.00293	0.00731
5	0.00816	0.00638	0.00743	0.00800	0.00946	0.00565	0.00580	0.00985	0.01451	0.01839	0.12063	0.31680	0.37710	0.01786	0.00807	0.00241	0.00362	0.04809	0.00622	0.00557
6	0.00896	0.00669	0.00833	0.00798	0.00963	0.00605	0.00596	0.01172	0.01771	0.02434	0.56859	0.07408	0.19699	0.01434	0.00779	0.00212	0.00317	0.01252	0.00698	0.00605
7	0.01061	0.00758	0.01061	0.01212	0.01364	0.00758	0.01061	0.01364	0.01515	0.01970	0.03486	0.07426	0.03789	0.01819	0.00909	0.00303	0.00606	0.68326	0.00606	0.00606
8	0.01243	0.01170	0.01975	0.75282	0.04534	0.01463	0.01828	0.01682	0.01316	0.01682	0.01170	0.01755	0.00878	0.00658	0.00658	0.00219	0.00878	0.00585	0.00293	0.00731
9	0.02382	0.01768	0.01890	0.01473	0.01974	0.01963	0.01209	0.61998	0.09893	0.03964	0.01706	0.01692	0.01224	0.00800	0.00654	0.00199	0.00693	0.00608	0.02813	0.01098
10	0.01243	0.01170	0.01975	0.75282	0.04534	0.01463	0.01828	0.01682	0.01316	0.01682	0.01170	0.01755	0.00878	0.00658	0.00658	0.00219	0.00878	0.00585	0.00293	0.00731
11	0.62531	0.01243	0.01064	0.00938	0.01338	0.01404	0.00763	0.02166	0.08266	0.09034	0.04930	0.01509	0.01206	0.00695	0.00475	0.00206	0.00505	0.00465	0.00485	0.00777
12	0.00824	0.00635	0.00757	0.00822	0.00957	0.00568	0.00595	0.00996	0.01448	0.01854	0.13053	0.34553	0.32665	0.01798	0.00811	0.00244	0.00368	0.05867	0.00624	0.00558
13	0.00811	0.00579	0.00774	0.00926	0.00968	0.00542	0.00626	0.00931	0.01269	0.01690	0.03624	0.74168	0.04336	0.02054	0.00843	0.00269	0.00389	0.04054	0.00611	0.00537
14	0.01630	0.01557	0.02614	0.03909	0.69292	0.01568	0.01973	0.02092	0.04917	0.02180	0.01309	0.01670	0.01090	0.00602	0.00653	0.00197	0.00769	0.00594	0.00343	0.01043
15	0.00932	0.00673	0.00880	0.00828	0.00984	0.00621	0.00621	0.01242	0.01863	0.02640	0.72410	0.04918	0.06212	0.01346	0.00776	0.00207	0.00311	0.01191	0.00725	0.00621
16	0.00785	0.00663	0.00679	0.00683	0.00895	0.00557	0.00509	0.00955	0.01504	0.01806	0.08972	0.09098	0.67309	0.01671	0.00780	0.00224	0.00335	0.01401	0.00616	0.00557
17	0.00810	0.00579	0.00773	0.00926	0.00968	0.00542	0.00625	0.00931	0.01268	0.01690	0.03624	0.74281	0.04336	0.02055	0.00842	0.00268	0.00389	0.03945	0.00611	0.00537
18	0.02459	0.03138	0.01866	0.01696	0.02035	0.74221	0.01272	0.02629	0.01866	0.01611	0.01018	0.01187	0.00848	0.00678	0.00594	0.00170	0.01187	0.00424	0.00339	0.00763
19	0.00807	0.00600	0.00753	0.00859	0.00944	0.00546	0.00589	0.00948	0.01357	0.01776	0.09660	0.56477	0.18432	0.01925	0.00823	0.00253	0.00366	0.01719	0.00620	0.00546
20	0.01713	0.01434	0.01836	0.01341	0.01919	0.01303	0.09085	0.21423	0.01882	0.02714	0.01307	0.01475	0.01019	0.00582	0.00570	0.00141	0.00628	0.00493	0.00460	0.48675
21	0.00801	0.00576	0.00760	0.00907	0.00952	0.00536	0.00607	0.00918	0.01269	0.01684	0.03742	0.73820	0.06895	0.02048	0.00838	0.00266	0.00380	0.01854	0.00611	0.00536
22	0.00893	0.00667	0.00833	0.00821	0.00980	0.00606	0.00617	0.01155	0.01713	0.02333	0.48464	0.11624	0.20401	0.01503	0.00789	0.00221	0.00337	0.04760	0.00684	0.00599
23	0.01629	0.01564	0.02672	0.04041	0.72757	0.01564	0.02020	0.02020	0.01499	0.02151	0.01238	0.01629	0.01043	0.00587	0.00652	0.00196	0.00782	0.00587	0.00326	0.01043
24	0.74771	0.01452	0.07062	0.00951	0.01406	0.01481	0.00858	0.01948	0.01143	0.02881	0.00939	0.01096	0.00723	0.00612	0.00426	0.00204	0.00548	0.00367	0.00397	0.00735
25	0.00968	0.00678	0.00774	0.00766	0.00820	0.00673	0.00474	0.01112	0.04437	0.01575	0.11764	0.07329	0.07492	0.55447	0.02617	0.00520	0.00559	0.01043	0.00477	0.00474
26	0.01886	0.01436	0.01735	0.01784	0.14709	0.01545	0.01203	0.19969	0.27141	0.08992	0.02427	0.02373	0.07178	0.00861	0.00664	0.00207	0.00601	0.00716	0.03557	0.01014
27	0.00851	0.00660	0.00774	0.00765	0.00939	0.00584	0.00567	0.01078	0.01642	0.02162	0.36408	0.12666	0.35420	0.01560	0.00784	0.00220	0.00328	0.01347	0.00663	0.00584
28	0.01536	0.01619	0.05684	0.02375	0.10440	0.01589	0.34190	0.08174	0.01576	0.02181	0.01541	0.05588	0.01356	0.00961	0.03329	0.00260	0.11071	0.05282	0.00386	0.00862
29	0.01608	0.01529	0.02591	0.12773	0.60373	0.01569	0.03570	0.04205	0.01529	0.02156	0.01243	0.01647	0.01024	0.00601	0.00656	0.00199	0.00800	0.00591	0.00333	0.01003
30	0.81514	0.01273	0.00968	0.00866	0.01273	0.01477	0.00713	0.01935	0.01120	0.02954	0.00917	0.01069	0.00713	0.00611	0.00407	0.00204	0.00509	0.00356	0.00407	0.00713
31	0.00957	0.00638	0.00718	0.00718	0.00718	0.00638	0.00399	0.00957	0.00957	0.01276	0.02074	0.04308	0.02393	0.76864	0.03351	0.00638	0.00638	0.00957	0.00399	0.00399
32	0.01369	0.01167	0.01348	0.01008	0.01541	0.00950	0.00801	0.01847	0.09639	0.02248	0.05931	0.01722	0.01433	0.00590	0.00528	0.00119	0.00480	0.00483	0.00444	0.66350
33	0.69781	0.01250	0.01051	0.00911	0.01334	0.01401	0.00751	0.02125	0.01234	0.13447	0.01168	0.01244	0.00850	0.00642	0.00445	0.00204	0.00517	0.00402	0.00468	0.00774
34	0.02503	0.01844	0.01976	0.01515	0.02042	0.02042	0.01251	0.70562	0.03095	0.04149	0.01581	0.01581	0.01120	0.00790	0.00659	0.00198	0.00724	0.00593	0.00659	0.01120
35	0.00818	0.00588	0.00780	0.00928	0.00979	0.00550	0.00636	0.00946	0.01285	0.01702	0.03717	0.69734	0.06515	0.02034	0.00843	0.00268	0.00395	0.06132	0.00611	0.00540
36	0.01705	0.01989	0.03370	0.02496	0.03048	0.14563	0.52336	0.02157	0.01563	0.01977	0.01237	0.01643	0.00961	0.00627	0.00860	0.00218	0.07370	0.00697	0.00330	0.00852
37	0.37114	0.01571	0.01508	0.01221	0.01687	0.01773	0.01004	0.36998	0.05764	0.03553	0.01346	0.01402	0.00987	0.00717	0.00549	0.00202	0.00620	0.00497	0.00549	0.00937
38	0.01367	0.09528	0.64797	0.01850	0.02776	0.01625	0.05047	0.02076	0.01392	0.02041	0.01165	0.01377	0.00841	0.00617	0.00615	0.00203	0.00956	0.00487	0.00280	0.00959
39	0.01629	0.01564	0.02672	0.04041	0.72757	0.01564	0.02020	0.02020	0.01499	0.02151	0.01238	0.01629	0.01043	0.00587	0.00652	0.00196	0.00782	0.00587	0.00326	0.01043
40	0.00957	0.00641	0.00732	0.00732	0.00736	0.00646	0.00416	0.00966	0.00961	0.01287	0.02062	0.04239	0.02363	0.73980	0.06194	0.00655	0.00683	0.00947	0.00397	0.00406
41	0.00837	0.00665	0.00751	0.00739	0.00928	0.00579	0.00551	0.01055	0.01625	0.02096	0.31101	0.09224	0.44385	0.01566	0.00780	0.00219	0.00327	0.01339	0.00654	0.00579
42	0.01243	0.01170	0.01975	0.75282	0.04534	0.01463	0.01828	0.01682	0.01316	0.01682	0.01170	0.01755	0.00878	0.00658	0.00658	0.00219	0.00878	0.00585	0.00293	0.00731
43	0.00809	0.00662	0.00717	0.00742	0.00934	0.00570	0.00557	0.00988	0.01497	0.01835	0.10331	0.14545	0.55812	0.01703	0.00794	0.00232	0.00355	0.05740	0.00618	0.00561
44	0.00872	0.00687	0.00794	0.00821	0.00982	0.00632	0.00594	0.01161	0.05993	0.01988	0.19015	0.27660	0.33057	0.01675	0.00790	0.00233	0.00356	0.01457	0.00638	0.00594
45	0.09669	0.01268	0.01500	0.01215	0.01679	0.01277	0.00986	0.08175	0.20960	0.42458	0.02392	0.02145	0.01613	0.00816	0.00641	0.00209	0.00557	0.00652	0.00727	0.01062
46	0.01068	0.00763	0.01078	0.00984	0.01182	0.00701	0.05132	0.01339	0.01675	0.06496	0.40859	0.12833	0.13132	0.04445	0.00889	0.00240	0.00419	0.05468	0.00658	0.00641
47	0.04235	0.63103	0.03108	0.01195	0.01719	0.11061	0.01128	0.02110	0.04214	0.01647	0.00998	0.01128	0.00888	0.00592	0.00452	0.00149	0.00748	0.00376	0.00308	0.00839
48	0.01656	0.37045	0.28073	0.01490	0.02142	0.05529	0.01630	0.06093	0.01460	0.01900	0.01050	0.01242	0.00859	0.00651	0.00653	0.00181	0.06710	0.00435	0.00306	0.00893
49	0.02177	0.02685	0.13047	0.01935	0.08570	0.40772	0.04739	0.06521	0.01793	0.07550	0.01231	0.01400	0.00949	0.00688	0.00670	0.00188	0.03329	0.00498	0.00383	0.00875
50	0.13747	0.01949	0.05696	0.02956	0.43441	0.17174	0.01684	0.02142	0.01516	0.02152	0.01140	0.01439	0.00941	0.00612	0.00601	0.00192	0.00838	0.00512	0.00339	0.00930
51	0.06538	0.10426	0.09208	0.01690	0.12246	0.03346	0.01291	0.02285	0.10294	0.16521	0.02038	0.07162	0.05117	0.00890	0.00775	0.00211	0.07862	0.00696	0.00495	0.00910
52	0.01365	0.01170	0.01365	0.00975	0.01560	0.00878	0.00780	0.01658	0.01365	0.02145	0.01170	0.01365	0.00975	0.00488	0.00488	0.00098	0.00488	0.00390	0.00390	0.80888
53	0.01174	0.00744	0.00958	0.00907	0.01100	0.00692	0.00687	0.01503	0.04539	0.10713	0.44734	0.14768	0.09411	0.01406	0.00773	0.00221	0.00372	0.03915	0.00705	0.00680
54	0.01566	0.01723	0.03533	0.02564	0.03187	0.01661	0.60200	0.02313	0.11822	0.02203	0.01529	0.01876	0.01147	0.00605	0.00761	0.00222	0.01024	0.00772	0.00382	0.00911
55	0.00985	0.00751	0.01086	0.01076	0.01210	0.00875	0.00837	0.01325	0.05594	0.01607	0.01822	0.02578	0.01669	0.04677	0.69521	0.01004	0.01683	0.00708	0.00373	0.00617
56	0.02954	0.01120	0.01528	0.01171	0.01681	0.00968	0.00968	0.03208	0.01884	0.73213	0.02597	0.02241	0.01630	0.00815	0.00662	0.00204	0.00560	0.00662	0.00815	0.01120
57	0.00843	0.00612	0.00771	0.00847	0.00927	0.00567	0.00577	0.00992	0.01379	0.01845	0.18020	0.45394	0.12519	0.10204	0.01100	0.00291	0.00390	0.01572	0.00611	0.00540
58	0.01553	0.01486	0.02533	0.18205	0.59193	0.01544	0.01982	0.01953	0.01463	0.02058	0.01225	0.01654	0.01010	0.00601	0.00653	0.00200	0.00801	0.00586	0.00319	0.00981
59	0.01583	0.01339	0.01427	0.01286	0.01635	0.01526	0.00997	0.06468	0.59635	0.02738	0.06042	0.06442	0.03988	0.00988	0.00686	0.00224	0.00509	0.00832	0.00667	0.00988
60	0.59975	0.01265	0.01142	0.00966	0.01402	0.01388	0.00796	0.05443	0.01386	0.18958	0.01329	0.01359	0.00940	0.00666	0.00477	0.00203	0.00531	0.00437	0.00512	0.00825
61	0.01817	0.01745	0.02498	0.03561	0.59211	0.11100	0.01859	0.02171	0.01570	0.06308	0.01290	0.01607	0.01052	0.00612	0.00645	0.00193	0.00822	0.00570	0.00357	0.01011
62	0.04134	0.01884	0.23378	0.04308	0.15482	0.01246	0.01576	0.02181	0.01524	0.17983	0.03909	0.01840	0.02745	0.00682	0.00618	0.00187	0.00710	0.00569	0.00451	0.14592
63	0.01381	0.13069	0.59878	0.01723	0.02619	0.01633	0.02161	0.02044	0.01381	0.02017	0.01145	0.01344	0.00844	0.00609	0.00590	0.00193	0.00908	0.00463	0.00285	0.05711
64	0.01379	0.03596	0.01294	0.01117	0.01431	0.01287	0.00869	0.05978	0.39355	0.02506	0.10918	0.07098	0.18147	0.01154	0.00705	0.00220	0.00467	0.00970	0.00647	0.00862
65	0.02411	0.01151	0.01468	0.03449	0.01704	0.01101	0.00973	0.05489	0.14439	0.47741	0.07205	0.02611	0.05406	0.00899	0.00676	0.00209	0.00542	0.00741	0.00751	0.01035
66	0.01638	0.26929	0.23403	0.01509	0.02134	0.05418	0.05915	0.08887	0.07740	0.02123	0.01604	0.04075	0.04456	0.00738	0.00588	0.00188	0.00791	0.00578	0.00384	0.00902
67	0.06677	0.12084	0.53467	0.01805	0.02662	0.01669	0.08708	0.02063	0.01382	0.02079	0.01146	0.01365	0.00843	0.00610	0.00601	0.00201	0.00923	0.00490	0.00292	0.00932
68	0.00802	0.00573	0.00764	0.00917	0.00955	0.00535	0.00611	0.00917	0.01260	0.01681	0.03628	0.76434	0.04354	0.02062	0.00840	0.00267	0.00382	0.01872	0.00611	0.00535
69	0.00981	0.00759	0.01112	0.01089	0.01190	0.00905	0.00845	0.01194	0.01048	0.01517	0.01712	0.02604	0.01631	0.09122	0.64207	0.00972	0.07465	0.00711	0.00351	0.00586
70	0.01796	0.40281	0.12599	0.01866	0.15331	0.10640	0.01497	0.05615	0.01528	0.01877	0.01059	0.01252	0.00895	0.00601	0.00526	0.00167	0.00813	0.00436	0.00316	0.00904
71	0.01780	0.01708	0.01730	0.01847	0.14965	0.17574	0.01231	0.10984	0.11405	0.04585	0.02436	0.05298	0.12277	0.00980	0.00784	0.00211	0.06067	0.02780	0.00495	0.00864
72	0.00828	0.00681	0.00736	0.00756	0.00965	0.00589	0.00590	0.01022	0.01521	0.01851	0.09532	0.06426	0.58909	0.01673	0.00797	0.00234	0.00373	0.11334	0.00616	0.00567
73	0.01567	0.01512	0.07558	0.01883	0.17676	0.07935	0.04026	0.05236	0.06486	0.08190	0.23504	0.02952	0.06777	0.00940	0.00697	0.00203	0.00640	0.00818	0.00541	0.00858
74	0.04887	0.20486	0.14912	0.02548	0.32783	0.05380	0.01724	0.02124	0.03727	0.03837	0.01207	0.01446	0.00982	0.00609	0.00579	0.00185	0.00791	0.00502	0.00334	0.00957
75	0.01481	0.01448	0.07579	0.01397	0.01704	0.05986	0.06594	0.18744	0.01779	0.02358	0.02382	0.35776	0.02531	0.01355	0.00838	0.00236	0.05333	0.01171	0.00535	0.00773
76	0.00925	0.00717	0.00848	0.00895	0.03847	0.00633	0.00638	0.01143	0.01589	0.03963	0.22043	0.09034	0.44798	0.01549	0.00779	0.00223	0.00368	0.04767	0.00633	0.00608

[dist]
# distance from previous block
# <min> <max>
0	6

# created by:
# /home/berkeley/.conda/envs/busco_data_prod/bin/msa2prfl.pl pipeline/OGs_align_augustus/4893/41926.fs
