[name]
unknown

[dist]
# distance from previous block
# <min> <max>
0	102

[block]
# block no. 0 follows, 32 sequences, length 28
# corresponding to MSA columns:
# 117-144
name=unknown_A
#
# <colnr> <probs for GDERKNQSTAVLIFYWHMCP>
#	G	D	E	R	K	N	Q	S	T	A	V	L	I	F	Y	W	H	M	C	P
0	0.12997	0.01596	0.04569	0.01452	0.06659	0.10585	0.03602	0.09997	0.05887	0.02461	0.01976	0.06775	0.06539	0.00862	0.00617	0.00190	0.00666	0.02796	0.03936	0.15839
1	0.06975	0.02071	0.06293	0.01520	0.01983	0.20285	0.04671	0.22097	0.09780	0.08455	0.01856	0.01960	0.04570	0.03598	0.00751	0.00218	0.00824	0.00623	0.00532	0.00937
2	0.11051	0.01635	0.01672	0.01496	0.06198	0.06952	0.01111	0.29182	0.13529	0.03087	0.01740	0.05320	0.01426	0.04636	0.00770	0.00221	0.00675	0.00651	0.00558	0.08089
3	0.03799	0.01422	0.01450	0.01246	0.01586	0.10624	0.00993	0.11571	0.08986	0.16536	0.14781	0.03144	0.08959	0.01061	0.00799	0.00216	0.05315	0.04524	0.00631	0.02358
4	0.27096	0.01756	0.01392	0.01228	0.01597	0.20310	0.00960	0.09913	0.07380	0.06803	0.08114	0.05081	0.04033	0.00865	0.00597	0.00203	0.00699	0.00638	0.00518	0.00817
5	0.01572	0.01290	0.01405	0.01385	0.05928	0.07047	0.00976	0.22339	0.01959	0.02579	0.06020	0.35431	0.02863	0.01385	0.00747	0.00227	0.00590	0.01201	0.00592	0.04465
6	0.01591	0.01807	0.08745	0.02303	0.02943	0.01579	0.45578	0.07649	0.04618	0.02382	0.05859	0.01957	0.01391	0.00650	0.00739	0.00211	0.00956	0.00744	0.00407	0.07892
7	0.00930	0.00695	0.00876	0.00983	0.01070	0.00689	0.00678	0.01277	0.09938	0.01901	0.07234	0.63093	0.04244	0.01916	0.00831	0.00264	0.00403	0.01728	0.00636	0.00614
8	0.01383	0.09589	0.67152	0.01849	0.02806	0.01650	0.02368	0.02115	0.01412	0.02079	0.01182	0.01388	0.00851	0.00632	0.00620	0.00207	0.00969	0.00484	0.00284	0.00981
9	0.01560	0.01596	0.03361	0.02456	0.03035	0.01512	0.55076	0.02053	0.01530	0.05992	0.01564	0.04471	0.01252	0.01185	0.09808	0.00332	0.01157	0.00814	0.00379	0.00868
10	0.00837	0.00592	0.00773	0.00909	0.00943	0.00558	0.00596	0.00939	0.01246	0.01662	0.03502	0.67131	0.04191	0.11289	0.01173	0.00319	0.00422	0.01792	0.00596	0.00528
11	0.02796	0.01369	0.06444	0.01277	0.01822	0.01139	0.01113	0.08076	0.05468	0.59370	0.02478	0.02187	0.01587	0.00820	0.00672	0.00209	0.00610	0.00662	0.00774	0.01128
12	0.06728	0.02952	0.01865	0.01663	0.02033	0.62034	0.01264	0.09988	0.01998	0.01998	0.01094	0.01247	0.00887	0.00700	0.00602	0.00178	0.01122	0.00447	0.00385	0.00815
13	0.01714	0.01382	0.01531	0.03361	0.03991	0.01560	0.01083	0.03324	0.58648	0.07811	0.02831	0.02629	0.05274	0.00926	0.00687	0.00225	0.00543	0.00774	0.00669	0.01036
14	0.02406	0.03016	0.01967	0.01904	0.07182	0.65768	0.01359	0.02594	0.01841	0.01681	0.01048	0.01253	0.00879	0.00703	0.00669	0.00179	0.03960	0.00450	0.00343	0.00797
15	0.00993	0.00800	0.01207	0.01280	0.05705	0.00764	0.06183	0.01275	0.04048	0.02044	0.19094	0.46311	0.04305	0.01673	0.00818	0.00248	0.00462	0.01534	0.00611	0.00646
16	0.00989	0.00643	0.00841	0.00944	0.01042	0.00591	0.00662	0.01130	0.01367	0.06917	0.03908	0.60549	0.10614	0.01959	0.00841	0.00265	0.00409	0.05097	0.00638	0.00594
17	0.01568	0.01349	0.01424	0.01297	0.01650	0.01540	0.01003	0.03261	0.62919	0.02687	0.03070	0.05986	0.07253	0.01020	0.00698	0.00229	0.00511	0.00857	0.00676	0.01003
18	0.00907	0.00672	0.00786	0.00772	0.00947	0.00602	0.00573	0.01155	0.01680	0.02283	0.37424	0.10212	0.30117	0.01495	0.00770	0.00217	0.00330	0.01288	0.07169	0.00602
19	0.01267	0.01193	0.02013	0.74806	0.04621	0.01491	0.01863	0.01714	0.01342	0.01714	0.01193	0.01789	0.00894	0.00671	0.00671	0.00224	0.00894	0.00596	0.00298	0.00745
20	0.00870	0.00689	0.00776	0.00799	0.00964	0.00624	0.00574	0.01115	0.04517	0.01936	0.15393	0.22821	0.38959	0.05719	0.00944	0.00258	0.00373	0.01453	0.00631	0.00584
21	0.05532	0.01776	0.02447	0.06170	0.53537	0.11404	0.01839	0.02196	0.04752	0.02166	0.01281	0.01616	0.01059	0.00629	0.00645	0.00198	0.00832	0.00572	0.00353	0.00996
22	0.01133	0.00594	0.00840	0.00844	0.00860	0.00590	0.00560	0.00924	0.00941	0.01283	0.01533	0.04456	0.03374	0.08855	0.02478	0.64557	0.00562	0.00680	0.04601	0.00334
23	0.01713	0.01527	0.04368	0.03525	0.14256	0.11769	0.04223	0.07521	0.01808	0.09997	0.15659	0.08835	0.02689	0.01061	0.00730	0.00219	0.00707	0.08000	0.00547	0.00847
24	0.01753	0.20345	0.06532	0.01713	0.10350	0.12894	0.05717	0.04158	0.01587	0.06338	0.04814	0.04905	0.03842	0.01036	0.05223	0.00237	0.00846	0.00628	0.00409	0.06672
25	0.01852	0.09179	0.09999	0.05545	0.02148	0.14924	0.06084	0.07801	0.01697	0.09143	0.01626	0.05185	0.03405	0.00744	0.00616	0.00178	0.00792	0.00599	0.00438	0.18045
26	0.05245	0.19469	0.12834	0.04750	0.01997	0.04195	0.07871	0.03979	0.01516	0.05086	0.05715	0.12008	0.08059	0.00956	0.00642	0.00201	0.00704	0.00804	0.00438	0.03531
27	0.08125	0.12187	0.10506	0.06264	0.02054	0.09910	0.03589	0.06508	0.12033	0.03953	0.05594	0.01937	0.03071	0.00981	0.04527	0.00239	0.00798	0.00593	0.00448	0.06684

[dist]
# distance from previous block
# <min> <max>
0	29

[block]
# block no. 1 follows, 32 sequences, length 41
# corresponding to MSA columns:
# 174-214
name=unknown_B
#
# <colnr> <probs for GDERKNQSTAVLIFYWHMCP>
#	G	D	E	R	K	N	Q	S	T	A	V	L	I	F	Y	W	H	M	C	P
0	0.07585	0.10961	0.11229	0.10434	0.05671	0.06949	0.12668	0.14826	0.03610	0.05315	0.01418	0.03853	0.01115	0.00715	0.00640	0.00204	0.00848	0.00608	0.00427	0.00923
1	0.00868	0.00757	0.03648	0.00854	0.01016	0.00618	0.00645	0.01061	0.01474	0.01928	0.18099	0.29903	0.27663	0.07127	0.00998	0.00269	0.00401	0.01477	0.00617	0.00578
2	0.01154	0.04428	0.05135	0.01158	0.04575	0.00949	0.00877	0.03261	0.09719	0.04016	0.17580	0.26362	0.15264	0.01459	0.00762	0.00231	0.00463	0.01274	0.00613	0.00721
3	0.04247	0.10986	0.02071	0.01631	0.05810	0.20909	0.04300	0.13933	0.12692	0.08982	0.01673	0.04065	0.01328	0.00935	0.03312	0.00227	0.00856	0.00607	0.00501	0.00933
4	0.04042	0.05045	0.23892	0.11607	0.08403	0.09258	0.14798	0.03820	0.04880	0.02123	0.03038	0.01663	0.01105	0.00678	0.00703	0.00211	0.02884	0.00593	0.00351	0.00905
5	0.00927	0.00759	0.00824	0.00884	0.00998	0.03876	0.00618	0.01069	0.01390	0.01772	0.07495	0.39827	0.24541	0.07188	0.01027	0.00276	0.01998	0.01536	0.02433	0.00562
6	0.01860	0.02187	0.19368	0.05789	0.05460	0.11751	0.01611	0.17302	0.05031	0.05879	0.01670	0.02297	0.01387	0.00891	0.00800	0.00223	0.06467	0.08632	0.00467	0.00930
7	0.01970	0.24148	0.08864	0.01882	0.11404	0.12951	0.06542	0.08028	0.08634	0.07345	0.01410	0.01535	0.01100	0.00672	0.00597	0.00186	0.00831	0.00530	0.00417	0.00954
8	0.01193	0.00820	0.01028	0.01010	0.01177	0.00834	0.00749	0.01592	0.09854	0.08378	0.17163	0.31661	0.09771	0.01668	0.03204	0.00269	0.04589	0.01328	0.03017	0.00694
9	0.01152	0.00771	0.00879	0.00825	0.01061	0.00693	0.00626	0.04505	0.01689	0.09186	0.18629	0.11823	0.38759	0.01498	0.00765	0.00221	0.00380	0.01271	0.04601	0.00665
10	0.01386	0.01305	0.01898	0.05112	0.04423	0.04725	0.09439	0.01598	0.01261	0.04002	0.01819	0.21311	0.01924	0.04028	0.01473	0.00278	0.31912	0.00971	0.00411	0.00720
11	0.01859	0.04509	0.09102	0.01763	0.08211	0.08808	0.04692	0.10763	0.01659	0.11472	0.01580	0.05236	0.01315	0.02839	0.04742	0.00274	0.15613	0.00658	0.04021	0.00885
12	0.01721	0.01773	0.01767	0.04245	0.05547	0.22294	0.03261	0.07385	0.01532	0.01899	0.01339	0.01857	0.01186	0.04824	0.17039	0.00422	0.16654	0.00597	0.03905	0.00755
13	0.05075	0.01491	0.02277	0.22487	0.40560	0.04904	0.01794	0.01912	0.01425	0.01999	0.01248	0.01791	0.01062	0.04848	0.00874	0.00234	0.04191	0.00600	0.00330	0.00898
14	0.81159	0.01298	0.00986	0.00882	0.01298	0.01505	0.00727	0.01972	0.01142	0.03010	0.00934	0.01090	0.00727	0.00623	0.00415	0.00208	0.00519	0.00363	0.00415	0.00727
15	0.01429	0.01227	0.01236	0.01127	0.01337	0.08848	0.00849	0.13003	0.05125	0.02202	0.09296	0.08957	0.12203	0.16439	0.06906	0.00374	0.04839	0.03373	0.00534	0.00697
16	0.01361	0.01079	0.05085	0.01041	0.01370	0.00907	0.00859	0.09685	0.01698	0.08484	0.09375	0.16209	0.17997	0.05037	0.00869	0.00237	0.00508	0.05937	0.00596	0.11667
17	0.00915	0.00706	0.00834	0.00812	0.00990	0.00646	0.00601	0.01222	0.04464	0.02285	0.39869	0.10605	0.28526	0.03480	0.00861	0.00233	0.00347	0.01310	0.00679	0.00615
18	0.02317	0.02808	0.08387	0.01650	0.02112	0.47506	0.01360	0.15364	0.02054	0.02223	0.01174	0.01320	0.00926	0.00692	0.00612	0.00176	0.01042	0.00468	0.00406	0.07402
19	0.01568	0.01426	0.03614	0.04079	0.01740	0.09683	0.00950	0.01902	0.03996	0.07161	0.01679	0.11735	0.01529	0.00791	0.00590	0.00153	0.00606	0.00653	0.00456	0.45689
20	0.02027	0.05027	0.03966	0.05580	0.07172	0.04746	0.01198	0.26204	0.02174	0.14256	0.08075	0.09526	0.05140	0.00982	0.00690	0.00209	0.00664	0.00809	0.00605	0.00951
21	0.01570	0.10725	0.10206	0.01358	0.03754	0.12810	0.01159	0.08032	0.01635	0.04585	0.05902	0.09603	0.08151	0.04575	0.10301	0.00337	0.00876	0.03179	0.00464	0.00776
22	0.00953	0.00790	0.00838	0.00820	0.01059	0.00729	0.00633	0.02986	0.08221	0.02045	0.10689	0.05940	0.53739	0.01590	0.00789	0.00231	0.00387	0.06286	0.00638	0.00637
23	0.01346	0.03471	0.72942	0.01912	0.02904	0.01558	0.02479	0.02125	0.01417	0.02125	0.01204	0.01417	0.00850	0.00637	0.00637	0.00212	0.00992	0.00496	0.00283	0.00992
24	0.02155	0.07813	0.02010	0.04489	0.02077	0.27786	0.04387	0.11502	0.03426	0.09081	0.01346	0.01482	0.01039	0.00691	0.00658	0.00175	0.03513	0.00504	0.00445	0.15419
25	0.00960	0.00712	0.01044	0.01044	0.01152	0.00820	0.00796	0.01176	0.01068	0.01532	0.01829	0.02811	0.01753	0.12153	0.66743	0.01036	0.01683	0.00745	0.00364	0.00580
26	0.01418	0.06541	0.54779	0.02075	0.02979	0.01640	0.16974	0.02125	0.01450	0.02105	0.01225	0.01486	0.00887	0.00619	0.00661	0.00212	0.01009	0.00553	0.00296	0.00967
27	0.00986	0.00738	0.01041	0.01028	0.01113	0.00851	0.00765	0.01165	0.01052	0.01499	0.01830	0.03000	0.01822	0.21866	0.53648	0.00940	0.04956	0.00774	0.00368	0.00560
28	0.00875	0.00605	0.00788	0.00907	0.00942	0.00577	0.00601	0.00959	0.01219	0.01624	0.03278	0.56147	0.03887	0.15955	0.01419	0.04091	0.00457	0.04592	0.00567	0.00511
29	0.02057	0.05080	0.01822	0.04406	0.05805	0.10816	0.01148	0.25500	0.03636	0.08043	0.04377	0.01800	0.01366	0.02391	0.00677	0.00186	0.00711	0.00572	0.03085	0.16523
30	0.01794	0.76823	0.03516	0.01148	0.01722	0.02655	0.01148	0.02009	0.01363	0.01579	0.00933	0.01076	0.00861	0.00574	0.00431	0.00144	0.00718	0.00359	0.00287	0.00861
31	0.05404	0.08663	0.11481	0.05383	0.19571	0.04947	0.01548	0.11918	0.06419	0.02420	0.05206	0.01988	0.04975	0.00800	0.00756	0.00208	0.06324	0.00629	0.00430	0.00931
32	0.01686	0.01971	0.18257	0.10823	0.35863	0.01583	0.04472	0.07189	0.03484	0.06196	0.01387	0.01679	0.01061	0.00650	0.00665	0.00207	0.00839	0.00591	0.00380	0.01017
33	0.01267	0.01193	0.02013	0.74806	0.04621	0.01491	0.01863	0.01714	0.01342	0.01714	0.01193	0.01789	0.00894	0.00671	0.00671	0.00224	0.00894	0.00596	0.00298	0.00745
34	0.00888	0.00696	0.00943	0.01009	0.01094	0.00688	0.02411	0.01036	0.01331	0.01762	0.05439	0.55619	0.13702	0.01920	0.00938	0.00266	0.05511	0.03578	0.00596	0.00574
35	0.01634	0.06737	0.22561	0.07361	0.08771	0.05077	0.18809	0.02130	0.01549	0.09214	0.03525	0.03667	0.04439	0.00738	0.00686	0.00211	0.00893	0.00686	0.00397	0.00916
36	0.00944	0.00766	0.00903	0.00870	0.01040	0.00751	0.00653	0.01228	0.04720	0.02107	0.27324	0.11262	0.33442	0.04255	0.00993	0.00246	0.05964	0.01283	0.00632	0.00616
37	0.00818	0.00611	0.00761	0.00871	0.00959	0.00554	0.00597	0.00956	0.01369	0.01780	0.07500	0.56647	0.20184	0.01976	0.00839	0.00259	0.00375	0.01762	0.00628	0.00554
38	0.01479	0.05252	0.38770	0.04760	0.19773	0.01629	0.14633	0.02097	0.01470	0.02114	0.01236	0.01547	0.00934	0.00613	0.00666	0.00210	0.00958	0.00573	0.00306	0.00981
39	0.01478	0.08879	0.52365	0.01977	0.05245	0.01685	0.08580	0.04941	0.04650	0.02203	0.01285	0.01493	0.00940	0.00643	0.00640	0.00208	0.00945	0.00533	0.00324	0.00985
40	0.02146	0.02466	0.01868	0.01844	0.09051	0.45618	0.01295	0.06173	0.01757	0.01886	0.01203	0.01542	0.01033	0.04180	0.00918	0.00212	0.09619	0.00515	0.05877	0.00795

[dist]
# distance from previous block
# <min> <max>
0	2

[block]
# block no. 2 follows, 32 sequences, length 17
# corresponding to MSA columns:
# 217-233
name=unknown_C
#
# <colnr> <probs for GDERKNQSTAVLIFYWHMCP>
#	G	D	E	R	K	N	Q	S	T	A	V	L	I	F	Y	W	H	M	C	P
0	0.01135	0.08613	0.01329	0.01132	0.05814	0.01068	0.00822	0.01581	0.10261	0.02182	0.23848	0.04468	0.29334	0.01297	0.00795	0.00215	0.03712	0.01078	0.00596	0.00717
1	0.00951	0.00700	0.01010	0.01021	0.01119	0.00792	0.00765	0.01149	0.01079	0.01534	0.01975	0.08083	0.01977	0.14477	0.59069	0.00963	0.01542	0.00838	0.00385	0.00569
2	0.01227	0.01112	0.04441	0.01391	0.07674	0.01030	0.03070	0.06506	0.12348	0.02249	0.08460	0.25428	0.14697	0.01401	0.00764	0.00234	0.00519	0.03650	0.00588	0.03212
3	0.01063	0.00808	0.01017	0.00963	0.00978	0.00931	0.00655	0.01120	0.00998	0.01391	0.01849	0.03637	0.02059	0.53705	0.12044	0.00639	0.14399	0.00873	0.00380	0.00491
4	0.01346	0.03471	0.72942	0.01912	0.02904	0.01558	0.02479	0.02125	0.01417	0.02125	0.01204	0.01417	0.00850	0.00637	0.00637	0.00212	0.00992	0.00496	0.00283	0.00992
5	0.04323	0.01802	0.01978	0.07908	0.06050	0.16226	0.06739	0.15141	0.06325	0.03958	0.03582	0.01933	0.01335	0.07049	0.01126	0.00253	0.12337	0.00634	0.00447	0.00854
6	0.70508	0.01276	0.01064	0.00925	0.01354	0.01434	0.00762	0.02149	0.01248	0.12508	0.01168	0.01253	0.00854	0.00651	0.00451	0.00208	0.00526	0.00406	0.00472	0.00783
7	0.02105	0.01951	0.01728	0.01485	0.01889	0.18751	0.01162	0.24754	0.28826	0.02932	0.02022	0.05984	0.01607	0.00891	0.00670	0.00209	0.00751	0.00695	0.00596	0.00992
8	0.01531	0.01861	0.19903	0.02132	0.14810	0.01373	0.12476	0.02213	0.10405	0.07563	0.11903	0.02646	0.02116	0.00853	0.00716	0.00220	0.00767	0.05098	0.00480	0.00935
9	0.01420	0.14658	0.58965	0.01788	0.02669	0.01750	0.02227	0.02083	0.01390	0.02017	0.01147	0.01367	0.00853	0.00653	0.00678	0.00206	0.04404	0.00479	0.00284	0.00960
10	0.00969	0.00733	0.00957	0.00939	0.01030	0.00786	0.00679	0.01136	0.01262	0.01740	0.15343	0.09485	0.10336	0.22489	0.23271	0.00598	0.06172	0.01034	0.00485	0.00556
11	0.04503	0.08848	0.15853	0.01609	0.06629	0.01380	0.04845	0.05229	0.01738	0.36799	0.01994	0.02076	0.01393	0.00772	0.00652	0.00206	0.00717	0.03131	0.00589	0.01037
12	0.01760	0.01674	0.02538	0.11428	0.26253	0.05653	0.14822	0.14475	0.04315	0.02457	0.01648	0.01940	0.04673	0.00725	0.00732	0.00211	0.02643	0.00674	0.00419	0.00959
13	0.02135	0.01513	0.01629	0.01318	0.01689	0.04322	0.01042	0.44050	0.02392	0.05596	0.01574	0.01885	0.01240	0.04953	0.01226	0.17765	0.00697	0.00615	0.03473	0.00886
14	0.01524	0.02901	0.01533	0.01249	0.01568	0.01127	0.05878	0.08911	0.05000	0.10601	0.01832	0.02377	0.01553	0.08351	0.33100	0.00613	0.01169	0.00684	0.00470	0.09557
15	0.04380	0.10768	0.12238	0.11432	0.05757	0.09095	0.03362	0.12202	0.04390	0.11139	0.01448	0.01593	0.01071	0.00683	0.00612	0.00190	0.00799	0.00535	0.00450	0.07853
16	0.09940	0.25126	0.10463	0.01606	0.09507	0.08117	0.01322	0.04643	0.11342	0.05753	0.01670	0.01745	0.04677	0.00724	0.00568	0.00188	0.00728	0.00542	0.00423	0.00915

[dist]
# distance from previous block
# <min> <max>
0	24

[block]
# block no. 3 follows, 32 sequences, length 33
# corresponding to MSA columns:
# 258-290
name=unknown_D
#
# <colnr> <probs for GDERKNQSTAVLIFYWHMCP>
#	G	D	E	R	K	N	Q	S	T	A	V	L	I	F	Y	W	H	M	C	P
0	0.11692	0.14260	0.14287	0.03321	0.08550	0.04080	0.01366	0.12211	0.01695	0.05337	0.04696	0.08253	0.01593	0.00853	0.00615	0.00201	0.00710	0.02791	0.00452	0.03034
1	0.18737	0.08320	0.10655	0.01556	0.07436	0.06751	0.01284	0.17763	0.09340	0.04523	0.01560	0.01666	0.02974	0.00797	0.00667	0.03314	0.00716	0.00545	0.00475	0.00922
2	0.04041	0.24055	0.10975	0.01474	0.02011	0.15190	0.04759	0.02587	0.16835	0.07614	0.01544	0.01597	0.01192	0.00697	0.00582	0.00186	0.00800	0.00525	0.00436	0.02903
3	0.04648	0.00756	0.01074	0.04324	0.04423	0.00799	0.00760	0.03734	0.01053	0.01485	0.01296	0.02139	0.01250	0.06093	0.10191	0.53853	0.00748	0.00610	0.00327	0.00438
4	0.01442	0.04869	0.04007	0.03974	0.14615	0.09296	0.01179	0.04495	0.05589	0.01959	0.02129	0.18895	0.02209	0.10372	0.01081	0.00275	0.02685	0.06142	0.00461	0.04325
5	0.00982	0.00747	0.01094	0.01081	0.01187	0.00878	0.00833	0.01199	0.01068	0.01540	0.01782	0.02722	0.01702	0.10435	0.65115	0.01010	0.04942	0.00733	0.00360	0.00590
6	0.01838	0.62315	0.03296	0.01296	0.01827	0.06152	0.03808	0.05159	0.01462	0.01728	0.00983	0.01159	0.00881	0.00626	0.00569	0.00160	0.05165	0.00404	0.00310	0.00864
7	0.01144	0.00879	0.01119	0.01246	0.08396	0.00871	0.00803	0.04371	0.07678	0.03538	0.15105	0.20006	0.15777	0.12163	0.03580	0.00318	0.00525	0.01212	0.00585	0.00683
8	0.00938	0.00685	0.00880	0.00832	0.00995	0.00628	0.00624	0.01243	0.01871	0.02624	0.66929	0.05122	0.11323	0.01397	0.00792	0.00212	0.00318	0.01229	0.00730	0.00628
9	0.00942	0.00796	0.01098	0.01037	0.01195	0.00778	0.05900	0.01124	0.01407	0.01834	0.10293	0.29515	0.27339	0.06242	0.01090	0.00272	0.06548	0.01426	0.00572	0.00595
10	0.05658	0.01772	0.03739	0.02690	0.03331	0.01700	0.63826	0.02121	0.01541	0.02174	0.01319	0.01761	0.00998	0.00590	0.00823	0.00228	0.03734	0.00763	0.00342	0.00890
11	0.06927	0.01145	0.01380	0.01113	0.01517	0.01109	0.00896	0.14927	0.02023	0.34537	0.14637	0.02871	0.05962	0.03910	0.00785	0.00223	0.00536	0.00785	0.03769	0.00950
12	0.01568	0.01765	0.03708	0.02687	0.03277	0.01744	0.60788	0.02079	0.01510	0.02079	0.01295	0.01765	0.01000	0.00646	0.00978	0.00235	0.10895	0.00765	0.00333	0.00882
13	0.01009	0.00694	0.00781	0.00780	0.00804	0.00705	0.00456	0.01127	0.05135	0.01411	0.02231	0.07901	0.02517	0.68193	0.03124	0.00606	0.00630	0.01010	0.00434	0.00452
14	0.01640	0.01591	0.02711	0.03857	0.63244	0.01640	0.04633	0.02023	0.01485	0.02139	0.01232	0.01649	0.01045	0.00648	0.00807	0.00209	0.07486	0.00604	0.00329	0.01027
15	0.01714	0.01709	0.02068	0.18610	0.15429	0.16217	0.05655	0.03811	0.05092	0.04545	0.03860	0.01832	0.01270	0.01022	0.05735	0.00264	0.05593	0.00607	0.00389	0.04579
16	0.04830	0.04172	0.07946	0.04806	0.07253	0.01318	0.01131	0.17647	0.01655	0.02333	0.01559	0.04608	0.01426	0.13552	0.07417	0.08830	0.00789	0.00668	0.00433	0.07628
17	0.01861	0.02016	0.12373	0.03182	0.10715	0.15771	0.05230	0.07766	0.05185	0.09553	0.01632	0.06557	0.01360	0.01169	0.06499	0.00281	0.06835	0.00671	0.00443	0.00900
18	0.01907	0.24127	0.02317	0.01440	0.04555	0.07773	0.06487	0.10779	0.04751	0.11781	0.03939	0.02316	0.10484	0.00993	0.03318	0.00221	0.00750	0.00672	0.00495	0.00894
19	0.00853	0.00606	0.00805	0.00952	0.01000	0.00573	0.00655	0.00981	0.01292	0.01717	0.03590	0.65086	0.04264	0.06474	0.01015	0.00298	0.00427	0.08259	0.00610	0.00544
20	0.01606	0.09346	0.19862	0.01880	0.09378	0.06757	0.08892	0.04875	0.06608	0.04482	0.08777	0.02233	0.01747	0.00814	0.00730	0.00209	0.03993	0.03594	0.03318	0.00900
21	0.02181	0.01849	0.04163	0.05228	0.12501	0.14696	0.01349	0.19117	0.10485	0.14157	0.06092	0.01976	0.01575	0.00794	0.00666	0.00202	0.00770	0.00636	0.00563	0.00999
22	0.01820	0.00929	0.01148	0.00996	0.01301	0.00885	0.00774	0.02288	0.10616	0.27706	0.17368	0.07527	0.05591	0.04116	0.00793	0.00225	0.00454	0.00904	0.13708	0.00853
23	0.01805	0.01111	0.01517	0.21145	0.05577	0.01173	0.01163	0.09583	0.03481	0.19342	0.04531	0.05197	0.04892	0.00873	0.00651	0.00205	0.00612	0.00734	0.15543	0.00865
24	0.11796	0.24350	0.10953	0.01475	0.04753	0.13836	0.01307	0.09244	0.05307	0.07822	0.02564	0.01460	0.01103	0.00684	0.00556	0.00184	0.00785	0.00484	0.00425	0.00912
25	0.10172	0.12587	0.08080	0.01719	0.11424	0.04180	0.06354	0.06633	0.02949	0.13756	0.05534	0.02182	0.06795	0.00965	0.03638	0.00235	0.00749	0.00653	0.00486	0.00909
26	0.01188	0.00840	0.00978	0.00914	0.01135	0.00813	0.00684	0.03908	0.10398	0.07300	0.26939	0.11415	0.22479	0.06813	0.00961	0.00254	0.00413	0.01200	0.00670	0.00698
27	0.01555	0.04450	0.05804	0.02030	0.14060	0.01482	0.13942	0.10703	0.14600	0.02487	0.07254	0.12201	0.04485	0.00973	0.00721	0.00220	0.00704	0.00899	0.00516	0.00914
28	0.08069	0.07209	0.21416	0.04542	0.05203	0.09634	0.05067	0.10566	0.09487	0.10176	0.01534	0.01630	0.01120	0.00706	0.00626	0.00204	0.00828	0.00555	0.00457	0.00970
29	0.01091	0.01137	0.09405	0.04213	0.04465	0.03444	0.00973	0.01346	0.01435	0.04288	0.09974	0.31640	0.14483	0.04616	0.04096	0.00291	0.00591	0.01302	0.00546	0.00665
30	0.00861	0.00627	0.00805	0.00934	0.00992	0.00599	0.00627	0.01050	0.04270	0.01742	0.03675	0.66935	0.06392	0.05847	0.00978	0.00288	0.00407	0.01795	0.00614	0.00561
31	0.01586	0.05053	0.11473	0.09762	0.34572	0.01602	0.03624	0.08150	0.03235	0.02280	0.03872	0.02018	0.05394	0.00747	0.00728	0.00208	0.03696	0.00651	0.00388	0.00961
32	0.01915	0.13929	0.20689	0.03482	0.10037	0.06384	0.04004	0.23341	0.03613	0.02671	0.01318	0.01487	0.01002	0.00696	0.00661	0.00197	0.02613	0.00536	0.00426	0.01000

[dist]
# distance from previous block
# <min> <max>
0	31

[block]
# block no. 4 follows, 32 sequences, length 55
# corresponding to MSA columns:
# 322-376
name=unknown_E
#
# <colnr> <probs for GDERKNQSTAVLIFYWHMCP>
#	G	D	E	R	K	N	Q	S	T	A	V	L	I	F	Y	W	H	M	C	P
0	0.14029	0.01883	0.06376	0.04899	0.02013	0.14391	0.03131	0.20964	0.05586	0.07136	0.06047	0.03836	0.01494	0.00798	0.00627	0.00199	0.00755	0.00613	0.00522	0.04701
1	0.01846	0.11196	0.13579	0.02479	0.22236	0.06966	0.13447	0.09534	0.01723	0.06509	0.01332	0.01569	0.01026	0.00636	0.00646	0.00195	0.00876	0.00574	0.00390	0.03240
2	0.03440	0.01171	0.05898	0.02956	0.04468	0.03842	0.03241	0.01482	0.02951	0.01984	0.12151	0.16423	0.07716	0.08508	0.04718	0.00307	0.08448	0.01005	0.04275	0.05014
3	0.00874	0.00692	0.00790	0.00804	0.00979	0.00624	0.00588	0.01140	0.04412	0.02054	0.22396	0.20825	0.38070	0.01671	0.00802	0.00233	0.00352	0.01443	0.00655	0.00599
4	0.04293	0.18830	0.27295	0.01593	0.03684	0.03071	0.05989	0.04906	0.05095	0.11660	0.01793	0.01863	0.05635	0.00734	0.00613	0.00198	0.00793	0.00582	0.00425	0.00948
5	0.01737	0.01576	0.04149	0.17316	0.32820	0.06439	0.08369	0.02135	0.01552	0.09491	0.01453	0.01790	0.01116	0.00655	0.00660	0.00203	0.00824	0.00613	0.06163	0.00939
6	0.01166	0.00583	0.00874	0.00874	0.00874	0.00583	0.00583	0.00874	0.00874	0.01166	0.01166	0.02040	0.01166	0.02331	0.02622	0.80478	0.00583	0.00583	0.00291	0.00291
7	0.02551	0.01879	0.02014	0.01544	0.02081	0.02081	0.01275	0.69996	0.03155	0.04229	0.01611	0.01611	0.01141	0.00805	0.00671	0.00201	0.00738	0.00604	0.00671	0.01141
8	0.00825	0.00674	0.00729	0.00730	0.00930	0.00578	0.00542	0.01019	0.01582	0.01974	0.19083	0.11366	0.54301	0.01666	0.00797	0.00227	0.00339	0.01414	0.00645	0.00578
9	0.11614	0.01753	0.01828	0.01443	0.01945	0.01959	0.01183	0.53238	0.11925	0.03898	0.01681	0.01669	0.01213	0.00798	0.00643	0.00206	0.00685	0.00596	0.00643	0.01082
10	0.01282	0.01368	0.13388	0.01278	0.01664	0.01036	0.06759	0.04348	0.06709	0.06108	0.15219	0.06258	0.14988	0.01675	0.09460	0.05500	0.00743	0.00935	0.00528	0.00755
11	0.02455	0.03093	0.01849	0.01683	0.02021	0.70736	0.01263	0.02634	0.01881	0.01677	0.01084	0.01263	0.00899	0.00695	0.00599	0.00172	0.01173	0.00440	0.03609	0.00772
12	0.04287	0.04726	0.12091	0.04726	0.22656	0.08604	0.01568	0.02106	0.01494	0.08820	0.01360	0.03428	0.01106	0.00704	0.00737	0.00191	0.06602	0.00558	0.00389	0.13845
13	0.01493	0.01520	0.02106	0.09015	0.02112	0.04817	0.03684	0.01684	0.01111	0.01643	0.00933	0.01500	0.00886	0.01086	0.01943	0.00280	0.62559	0.00589	0.00298	0.00742
14	0.07219	0.01217	0.01567	0.01208	0.01723	0.01113	0.00998	0.09215	0.01989	0.62736	0.02461	0.02158	0.01563	0.00817	0.00660	0.00207	0.00583	0.00651	0.00794	0.01119
15	0.00818	0.00584	0.00779	0.00934	0.00973	0.00545	0.00623	0.00934	0.01285	0.01713	0.03698	0.75981	0.04438	0.02102	0.00856	0.00273	0.00389	0.01908	0.00623	0.00545
16	0.01937	0.01580	0.01650	0.01530	0.05423	0.06850	0.01139	0.08607	0.49957	0.10031	0.02436	0.02273	0.01800	0.00862	0.00674	0.00218	0.00614	0.00706	0.00655	0.01056
17	0.01429	0.01442	0.02281	0.01872	0.02008	0.01849	0.13601	0.01662	0.01133	0.01704	0.01073	0.01665	0.00998	0.01516	0.10307	0.00373	0.53390	0.00639	0.00309	0.00749
18	0.01391	0.01193	0.01391	0.00994	0.01590	0.00894	0.00795	0.01690	0.01391	0.02186	0.01193	0.01391	0.00994	0.00497	0.00497	0.00099	0.00497	0.00398	0.00398	0.80521
19	0.76083	0.01420	0.01045	0.00937	0.01348	0.06166	0.00763	0.02018	0.01191	0.02922	0.00941	0.01098	0.00736	0.00627	0.00427	0.00205	0.00564	0.00368	0.00411	0.00730
20	0.02479	0.06011	0.01963	0.01706	0.02061	0.71009	0.01291	0.02654	0.01881	0.01640	0.01033	0.01205	0.00864	0.00687	0.00598	0.00172	0.01191	0.00429	0.00343	0.00781
21	0.00811	0.00609	0.00753	0.00867	0.00956	0.00551	0.00593	0.00942	0.01349	0.01739	0.04514	0.57670	0.22222	0.01996	0.00840	0.00260	0.00376	0.01778	0.00623	0.00551
22	0.00966	0.00688	0.00924	0.00924	0.00990	0.00755	0.00646	0.01099	0.01033	0.01443	0.01939	0.03418	0.02017	0.36849	0.42408	0.00888	0.01286	0.00833	0.00380	0.00513
23	0.00918	0.00698	0.00778	0.00749	0.00964	0.00602	0.00565	0.01137	0.01659	0.04521	0.27087	0.05860	0.48945	0.01567	0.00788	0.00221	0.00340	0.01327	0.00666	0.00607
24	0.36942	0.01308	0.01676	0.29789	0.14684	0.01515	0.01390	0.01888	0.01284	0.02374	0.01089	0.01456	0.00848	0.00637	0.00556	0.00212	0.00711	0.00493	0.00356	0.00791
25	0.73370	0.01486	0.01077	0.00966	0.01375	0.08657	0.00783	0.02042	0.01217	0.02875	0.00944	0.01102	0.00740	0.00630	0.00434	0.00204	0.00587	0.00370	0.00408	0.00732
26	0.00827	0.00681	0.00727	0.00715	0.00927	0.00581	0.00536	0.01028	0.01609	0.02002	0.20821	0.06146	0.57820	0.01629	0.00793	0.00223	0.00335	0.01372	0.00648	0.00581
27	0.01871	0.04498	0.01664	0.01214	0.01735	0.09348	0.00983	0.10588	0.01712	0.10563	0.01371	0.01494	0.01065	0.00634	0.00637	0.00145	0.04472	0.00468	0.00467	0.45069
28	0.01590	0.01519	0.02537	0.12451	0.57010	0.01568	0.01942	0.01977	0.01474	0.02106	0.01232	0.01653	0.01030	0.00629	0.00730	0.00202	0.04333	0.00587	0.00330	0.05102
29	0.04070	0.33762	0.05430	0.01704	0.10173	0.17796	0.01340	0.11671	0.01768	0.04898	0.01167	0.01310	0.00952	0.00648	0.00547	0.00171	0.00837	0.00455	0.00383	0.00918
30	0.00927	0.00685	0.00869	0.00968	0.01083	0.00655	0.00719	0.01173	0.04710	0.01874	0.07560	0.40641	0.15356	0.01898	0.00910	0.03019	0.00438	0.15312	0.00619	0.00584
31	0.01984	0.05253	0.01773	0.01410	0.01846	0.06638	0.01128	0.25139	0.35823	0.03079	0.02135	0.04366	0.01650	0.00867	0.00660	0.00208	0.00648	0.00690	0.00625	0.04079
32	0.00952	0.00869	0.04378	0.01148	0.06267	0.00721	0.00838	0.01198	0.01531	0.02006	0.15997	0.22113	0.27539	0.01628	0.00808	0.00243	0.00448	0.10074	0.00605	0.00636
33	0.11057	0.31329	0.18637	0.01377	0.01977	0.02033	0.01416	0.08111	0.06970	0.05578	0.01274	0.01392	0.00999	0.00684	0.00620	0.00189	0.04574	0.00470	0.00392	0.00922
34	0.01659	0.30379	0.18283	0.05061	0.08311	0.06672	0.13730	0.02078	0.01448	0.01860	0.01110	0.01383	0.00906	0.00624	0.00653	0.00189	0.03941	0.00509	0.00304	0.00898
35	0.00848	0.00624	0.00798	0.00902	0.00993	0.00574	0.00636	0.01011	0.01420	0.01874	0.12963	0.51364	0.15389	0.01928	0.00843	0.00260	0.00387	0.05987	0.00637	0.00564
36	0.01460	0.01162	0.01276	0.04696	0.03293	0.06437	0.00930	0.08257	0.12262	0.06757	0.15626	0.15197	0.09831	0.04360	0.00860	0.00246	0.00558	0.05401	0.00618	0.00774
37	0.01484	0.12165	0.08716	0.01100	0.01651	0.01218	0.00987	0.01844	0.04115	0.05369	0.01394	0.01786	0.01203	0.09420	0.00858	0.00191	0.00600	0.00497	0.00403	0.44998
38	0.00849	0.00662	0.00787	0.00834	0.00988	0.00600	0.00616	0.01036	0.01478	0.01888	0.13310	0.25537	0.35974	0.01998	0.05528	0.00298	0.00464	0.05959	0.00620	0.00574
39	0.00990	0.00637	0.00724	0.00748	0.00776	0.00631	0.00449	0.01053	0.01085	0.01535	0.02370	0.15190	0.02646	0.54216	0.02602	0.00522	0.00562	0.01070	0.11736	0.00459
40	0.03718	0.03720	0.14603	0.01533	0.04940	0.01615	0.01354	0.31782	0.06443	0.06217	0.03824	0.08737	0.01639	0.00899	0.00662	0.00208	0.00689	0.00726	0.05705	0.00986
41	0.05401	0.01569	0.02475	0.03326	0.50507	0.04329	0.07088	0.02094	0.05265	0.02284	0.07749	0.01978	0.01567	0.00687	0.00673	0.00203	0.00768	0.00660	0.00393	0.00984
42	0.00969	0.00677	0.00867	0.00867	0.00914	0.00724	0.00576	0.01063	0.01016	0.01401	0.01990	0.03704	0.02141	0.48471	0.30955	0.00818	0.01099	0.00875	0.00388	0.00482
43	0.81159	0.01298	0.00986	0.00882	0.01298	0.01505	0.00727	0.01972	0.01142	0.03010	0.00934	0.01090	0.00727	0.00623	0.00415	0.00208	0.00519	0.00363	0.00415	0.00727
44	0.01544	0.03453	0.01642	0.01324	0.06180	0.01226	0.00991	0.07556	0.07207	0.02353	0.01330	0.01514	0.01086	0.00609	0.00645	0.00139	0.05365	0.00468	0.00430	0.54937
45	0.00852	0.00676	0.00766	0.00756	0.00946	0.00590	0.00562	0.01073	0.01651	0.02130	0.30550	0.10166	0.43700	0.01603	0.00796	0.00224	0.00334	0.01372	0.00666	0.00590
46	0.01374	0.01159	0.04233	0.01149	0.01408	0.03093	0.00917	0.19619	0.01883	0.02474	0.05778	0.34055	0.12045	0.01555	0.00785	0.00243	0.00540	0.06333	0.00617	0.00742
47	0.02437	0.01682	0.01844	0.01430	0.01926	0.01824	0.01175	0.56421	0.02889	0.10631	0.06822	0.01951	0.01586	0.00848	0.00674	0.00201	0.00678	0.00656	0.03237	0.01088
48	0.00863	0.00645	0.00804	0.00914	0.01021	0.00594	0.00667	0.01024	0.01385	0.01778	0.04439	0.43113	0.22121	0.04418	0.00937	0.00279	0.00425	0.13398	0.00615	0.00559
49	0.01661	0.01594	0.02724	0.04119	0.72233	0.01594	0.02059	0.02059	0.01528	0.02192	0.01262	0.01661	0.01063	0.00598	0.00664	0.00199	0.00797	0.00598	0.00332	0.01063
50	0.00810	0.00634	0.00734	0.00807	0.00941	0.00558	0.00568	0.00959	0.01424	0.01793	0.07393	0.39705	0.37528	0.01882	0.00823	0.00248	0.00363	0.01645	0.00627	0.00558
51	0.00837	0.00708	0.00768	0.00833	0.03685	0.00609	0.00573	0.01004	0.01487	0.01797	0.06159	0.10658	0.61530	0.05237	0.00917	0.00249	0.00376	0.01395	0.00601	0.00577
52	0.01420	0.04744	0.01567	0.03686	0.01594	0.04955	0.07288	0.06317	0.04215	0.02210	0.05190	0.05614	0.04319	0.01415	0.09354	0.00306	0.10114	0.00740	0.24218	0.00732
53	0.01910	0.64781	0.03252	0.01243	0.01780	0.14279	0.01172	0.02119	0.01451	0.01589	0.00950	0.01098	0.00862	0.00593	0.00459	0.00148	0.00798	0.00371	0.00297	0.00847
54	0.04638	0.04789	0.06602	0.07245	0.17467	0.07557	0.04075	0.13489	0.06088	0.02470	0.03532	0.03818	0.05476	0.00778	0.00645	0.00194	0.00743	0.00653	0.00450	0.09291

[dist]
# distance from previous block
# <min> <max>
0	17

[block]
# block no. 5 follows, 32 sequences, length 58
# corresponding to MSA columns:
# 394-425,431-456
name=unknown_F
#
# <colnr> <probs for GDERKNQSTAVLIFYWHMCP>
#	G	D	E	R	K	N	Q	S	T	A	V	L	I	F	Y	W	H	M	C	P
0	0.01702	0.05524	0.01978	0.02083	0.20110	0.01717	0.01346	0.08279	0.37220	0.02593	0.02208	0.02223	0.04165	0.00846	0.00752	0.00217	0.04773	0.00697	0.00545	0.01021
1	0.48271	0.04856	0.05362	0.04138	0.01697	0.11787	0.01029	0.05085	0.01372	0.02588	0.01104	0.03956	0.00929	0.00726	0.00589	0.00208	0.04668	0.00469	0.00401	0.00767
2	0.05975	0.07375	0.33160	0.01807	0.06225	0.18442	0.03075	0.04764	0.05462	0.02132	0.01494	0.01648	0.04173	0.00711	0.00621	0.00199	0.00928	0.00537	0.00361	0.00912
3	0.02314	0.05219	0.06612	0.01453	0.02007	0.07432	0.01253	0.39485	0.04356	0.10945	0.01600	0.01613	0.01151	0.00742	0.00632	0.00186	0.00737	0.00558	0.00586	0.11121
4	0.01202	0.01088	0.01137	0.01254	0.05059	0.08745	0.00871	0.01647	0.12473	0.01945	0.03519	0.36706	0.12295	0.01603	0.00790	0.00248	0.00538	0.07603	0.00586	0.00690
5	0.67382	0.01630	0.01147	0.01031	0.01434	0.14155	0.00826	0.02096	0.01275	0.02771	0.00952	0.01111	0.00751	0.00635	0.00448	0.00202	0.00640	0.00375	0.00403	0.00736
6	0.00962	0.00706	0.01014	0.01014	0.01112	0.00804	0.00759	0.01157	0.01059	0.01510	0.01856	0.02960	0.01818	0.18204	0.60780	0.00999	0.01586	0.00766	0.00368	0.00564
7	0.81159	0.01298	0.00986	0.00882	0.01298	0.01505	0.00727	0.01972	0.01142	0.03010	0.00934	0.01090	0.00727	0.00623	0.00415	0.00208	0.00519	0.00363	0.00415	0.00727
8	0.00976	0.00651	0.00732	0.00732	0.00732	0.00651	0.00407	0.00976	0.00976	0.01301	0.02114	0.04391	0.02439	0.76419	0.03415	0.00651	0.00651	0.00976	0.00407	0.00407
9	0.00871	0.00657	0.00794	0.00812	0.00953	0.00592	0.00583	0.01079	0.01590	0.02116	0.32010	0.23095	0.25255	0.05369	0.00938	0.00253	0.00358	0.01435	0.00659	0.00580
10	0.02551	0.01879	0.02014	0.01544	0.02081	0.02081	0.01275	0.69996	0.03155	0.04229	0.01611	0.01611	0.01141	0.00805	0.00671	0.00201	0.00738	0.00604	0.00671	0.01141
11	0.00964	0.00699	0.00976	0.00976	0.01060	0.00783	0.00711	0.01132	0.01048	0.01482	0.01891	0.03155	0.01903	0.26143	0.52958	0.00952	0.01458	0.00795	0.00373	0.00542
12	0.01529	0.01402	0.02368	0.05133	0.05374	0.01227	0.25225	0.01931	0.01513	0.05817	0.04519	0.01778	0.01276	0.00590	0.00638	0.00165	0.00747	0.00605	0.00407	0.37756
13	0.00840	0.00597	0.00789	0.00934	0.00976	0.00562	0.00629	0.00957	0.01276	0.01699	0.03587	0.68234	0.04280	0.06997	0.01028	0.00299	0.00417	0.04752	0.00608	0.00539
14	0.81159	0.01298	0.00986	0.00882	0.01298	0.01505	0.00727	0.01972	0.01142	0.03010	0.00934	0.01090	0.00727	0.00623	0.00415	0.00208	0.00519	0.00363	0.00415	0.00727
15	0.02551	0.01879	0.02014	0.01544	0.02081	0.02081	0.01275	0.69996	0.03155	0.04229	0.01611	0.01611	0.01141	0.00805	0.00671	0.00201	0.00738	0.00604	0.00671	0.01141
16	0.01565	0.01853	0.06730	0.02705	0.03344	0.01719	0.61569	0.02106	0.01533	0.02106	0.01313	0.01766	0.01000	0.00617	0.00896	0.00231	0.06954	0.00763	0.00333	0.00895
17	0.02990	0.01175	0.01578	0.01210	0.01730	0.01036	0.00999	0.06304	0.01977	0.69584	0.02600	0.02253	0.01637	0.00829	0.00675	0.00207	0.00579	0.00672	0.00823	0.01142
18	0.02644	0.01730	0.01921	0.01473	0.02006	0.01858	0.01217	0.56443	0.02904	0.18136	0.01821	0.01748	0.01247	0.00811	0.00672	0.00203	0.00704	0.00618	0.00704	0.01141
19	0.01643	0.01805	0.04989	0.21288	0.11789	0.21513	0.01435	0.04999	0.01607	0.01927	0.03537	0.13009	0.01665	0.02895	0.00748	0.00221	0.00853	0.00773	0.02524	0.00780
20	0.01251	0.00625	0.00625	0.00625	0.00782	0.00625	0.00469	0.01563	0.01407	0.02502	0.02189	0.02502	0.01720	0.00782	0.00469	0.00156	0.00313	0.00625	0.80144	0.00625
21	0.00837	0.00717	0.00772	0.00829	0.03500	0.00613	0.00592	0.01022	0.01530	0.01835	0.06450	0.06335	0.66308	0.01667	0.00794	0.00229	0.00369	0.04402	0.00612	0.00587
22	0.02075	0.02210	0.02408	0.02745	0.30146	0.28433	0.07489	0.07411	0.01790	0.04552	0.01248	0.01517	0.01006	0.00673	0.00707	0.00195	0.03520	0.00556	0.00379	0.00941
23	0.01380	0.07916	0.56009	0.01997	0.08784	0.01566	0.02234	0.02048	0.01434	0.02085	0.01393	0.01945	0.01129	0.00734	0.00651	0.00215	0.00924	0.06280	0.00317	0.00957
24	0.00834	0.00594	0.00787	0.00936	0.00977	0.00558	0.00630	0.00953	0.01280	0.01705	0.03621	0.70287	0.04327	0.05448	0.00974	0.00291	0.00409	0.04234	0.00613	0.00541
25	0.02506	0.03198	0.01901	0.01729	0.02074	0.73725	0.01296	0.02679	0.01901	0.01642	0.01037	0.01210	0.00864	0.00691	0.00605	0.00173	0.01210	0.00432	0.00346	0.00778
26	0.81159	0.01298	0.00986	0.00882	0.01298	0.01505	0.00727	0.01972	0.01142	0.03010	0.00934	0.01090	0.00727	0.00623	0.00415	0.00208	0.00519	0.00363	0.00415	0.00727
27	0.01877	0.01990	0.02412	0.07326	0.39574	0.20227	0.04832	0.04174	0.07108	0.02124	0.01329	0.01623	0.01079	0.00655	0.00657	0.00197	0.00902	0.00577	0.00371	0.00965
28	0.01378	0.01334	0.07558	0.05653	0.10951	0.03743	0.01170	0.05508	0.12455	0.05153	0.04406	0.24363	0.11014	0.01273	0.00739	0.00231	0.00593	0.01111	0.00551	0.00814
29	0.00947	0.00704	0.00886	0.00951	0.01103	0.00661	0.00754	0.01180	0.01539	0.02003	0.16940	0.13520	0.22130	0.07055	0.01037	0.00290	0.00468	0.26620	0.00627	0.00585
30	0.10075	0.05077	0.08354	0.01866	0.07612	0.43306	0.03762	0.03899	0.01695	0.01936	0.01070	0.01294	0.00877	0.00699	0.00701	0.00191	0.05944	0.00468	0.00348	0.00827
31	0.65298	0.08908	0.01320	0.00955	0.01401	0.01635	0.00806	0.06316	0.01302	0.02915	0.00987	0.01133	0.00776	0.00625	0.00436	0.00197	0.00552	0.00380	0.00418	0.03639
32	0.02391	0.01763	0.01895	0.01474	0.01974	0.01947	0.01210	0.61526	0.06105	0.04037	0.05437	0.01857	0.01475	0.00840	0.00673	0.00202	0.00695	0.00644	0.02757	0.01097
33	0.04209	0.05746	0.01727	0.01603	0.10011	0.10078	0.01126	0.02554	0.28082	0.02326	0.01932	0.05073	0.01613	0.00811	0.00624	0.00189	0.00643	0.02932	0.00504	0.18215
34	0.00823	0.00586	0.00777	0.00928	0.00965	0.00548	0.00616	0.00936	0.01275	0.01700	0.03647	0.73685	0.04374	0.04486	0.00939	0.00285	0.00398	0.01878	0.00616	0.00541
35	0.00958	0.00643	0.00737	0.00754	0.00758	0.00639	0.00430	0.00971	0.01009	0.01346	0.02287	0.12205	0.02658	0.68308	0.03136	0.00609	0.00622	0.01077	0.00430	0.00422
36	0.00835	0.00673	0.00744	0.00743	0.00937	0.00582	0.00551	0.01039	0.01605	0.02031	0.23307	0.11785	0.49520	0.01648	0.00798	0.00226	0.00338	0.01404	0.00653	0.00582
37	0.02506	0.03198	0.01901	0.01729	0.02074	0.73725	0.01296	0.02679	0.01901	0.01642	0.01037	0.01210	0.00864	0.00691	0.00605	0.00173	0.01210	0.00432	0.00346	0.00778
38	0.00960	0.00712	0.01044	0.01044	0.01152	0.00820	0.00796	0.01176	0.01068	0.01532	0.01829	0.02811	0.01754	0.12167	0.66729	0.01036	0.01683	0.00745	0.00364	0.00580
39	0.01468	0.01468	0.02055	0.01762	0.01762	0.02055	0.01468	0.01615	0.01028	0.01615	0.00881	0.01468	0.00881	0.01174	0.02202	0.00294	0.75191	0.00587	0.00294	0.00734
40	0.00929	0.00685	0.00868	0.00822	0.00990	0.00624	0.00617	0.01226	0.01850	0.02573	0.63142	0.05206	0.15142	0.01416	0.00792	0.00213	0.00320	0.01241	0.00723	0.00624
41	0.01414	0.14625	0.62385	0.01796	0.02724	0.01725	0.02277	0.02107	0.01409	0.02042	0.01163	0.01365	0.00852	0.00628	0.00606	0.00202	0.00950	0.00475	0.00284	0.00972
42	0.01246	0.01159	0.01939	0.69924	0.04382	0.01434	0.01782	0.01685	0.01378	0.01779	0.05859	0.02002	0.01253	0.00717	0.00679	0.00223	0.00856	0.00637	0.00327	0.00738
43	0.01661	0.01594	0.02724	0.04119	0.72233	0.01594	0.02059	0.02059	0.01528	0.02192	0.01262	0.01661	0.01063	0.00598	0.00664	0.00199	0.00797	0.00598	0.00332	0.01063
44	0.01346	0.03471	0.72942	0.01912	0.02904	0.01558	0.02479	0.02125	0.01417	0.02125	0.01204	0.01417	0.00850	0.00637	0.00637	0.00212	0.00992	0.00496	0.00283	0.00992
45	0.01267	0.01193	0.02013	0.74806	0.04621	0.01491	0.01863	0.01714	0.01342	0.01714	0.01193	0.01789	0.00894	0.00671	0.00671	0.00224	0.00894	0.00596	0.00298	0.00745
46	0.01346	0.03471	0.72942	0.01912	0.02904	0.01558	0.02479	0.02125	0.01417	0.02125	0.01204	0.01417	0.00850	0.00637	0.00637	0.00212	0.00992	0.00496	0.00283	0.00992
47	0.01412	0.01405	0.02073	0.61593	0.11026	0.07717	0.01834	0.01831	0.01408	0.01755	0.01186	0.01727	0.00908	0.00665	0.00665	0.00217	0.00912	0.00582	0.00306	0.00779
48	0.00808	0.00661	0.00713	0.00740	0.00925	0.00566	0.00540	0.00976	0.01505	0.01848	0.10271	0.19938	0.54668	0.01757	0.00805	0.00235	0.00348	0.01499	0.00630	0.00566
49	0.01299	0.01241	0.01964	0.01654	0.01793	0.01547	0.11331	0.01531	0.01124	0.01662	0.01301	0.02022	0.01226	0.05524	0.25296	0.00554	0.37227	0.00677	0.00327	0.00702
50	0.01140	0.00689	0.01045	0.13166	0.01495	0.00736	0.00786	0.01026	0.00993	0.01312	0.01448	0.08199	0.01483	0.07620	0.02214	0.54578	0.00624	0.00723	0.00328	0.00396
51	0.01921	0.52243	0.02919	0.01271	0.01766	0.14873	0.01151	0.08126	0.01612	0.01835	0.01194	0.06092	0.01123	0.00716	0.00511	0.00162	0.00784	0.00496	0.00354	0.00851
52	0.01753	0.06823	0.02694	0.02016	0.02361	0.12279	0.22401	0.06581	0.03890	0.01996	0.01165	0.01555	0.00977	0.00845	0.01268	0.00237	0.29348	0.00620	0.00353	0.00840
53	0.01047	0.00686	0.00833	0.00826	0.00965	0.00628	0.00584	0.01180	0.01435	0.06511	0.17879	0.15909	0.22707	0.16405	0.01453	0.06364	0.00445	0.02989	0.00593	0.00564
54	0.01628	0.06610	0.05666	0.08983	0.59745	0.01655	0.02002	0.02034	0.01499	0.02114	0.01233	0.01621	0.01028	0.00603	0.00648	0.00198	0.00807	0.00578	0.00325	0.01023
55	0.01408	0.03183	0.59945	0.01927	0.02812	0.05545	0.07399	0.02108	0.01438	0.02070	0.01238	0.01500	0.00908	0.00870	0.04560	0.00258	0.01057	0.00527	0.00295	0.00952
56	0.02273	0.16350	0.02182	0.04200	0.02075	0.47776	0.01260	0.08395	0.01865	0.01891	0.01083	0.01252	0.00896	0.00668	0.00575	0.00168	0.01027	0.00438	0.00365	0.05260
57	0.06595	0.02778	0.10938	0.01624	0.02064	0.46200	0.01367	0.06991	0.08074	0.02098	0.04210	0.01531	0.01208	0.00736	0.00618	0.00188	0.01014	0.00510	0.00410	0.00846

[dist]
# distance from previous block
# <min> <max>
0	38

[block]
# block no. 6 follows, 32 sequences, length 17
# corresponding to MSA columns:
# 495-511
name=unknown_G
#
# <colnr> <probs for GDERKNQSTAVLIFYWHMCP>
#	G	D	E	R	K	N	Q	S	T	A	V	L	I	F	Y	W	H	M	C	P
0	0.01906	0.39573	0.14441	0.01474	0.02020	0.22747	0.01428	0.02198	0.01508	0.01689	0.01005	0.01192	0.00861	0.00651	0.00611	0.00171	0.04955	0.00415	0.00304	0.00852
1	0.01956	0.49401	0.08424	0.01320	0.01877	0.06723	0.01279	0.09834	0.01625	0.06747	0.01151	0.01272	0.00947	0.00658	0.00586	0.00169	0.04315	0.00434	0.00371	0.00911
