[name]
unknown

[dist]
# distance from previous block
# <min> <max>
0	8

[block]
# block no. 0 follows, 21 sequences, length 19
# corresponding to MSA columns:
# 8-26
name=unknown_A
#
# <colnr> <probs for GDERKNQSTAVLIFYWHMCP>
#	G	D	E	R	K	N	Q	S	T	A	V	L	I	F	Y	W	H	M	C	P
0	0.01988	0.01855	0.03120	0.04637	0.54667	0.01855	0.02413	0.02476	0.01941	0.02743	0.02067	0.03309	0.01918	0.01014	0.00896	0.00275	0.00974	0.10117	0.00479	0.01257
1	0.32457	0.42414	0.03148	0.01318	0.01964	0.02771	0.01238	0.02529	0.01614	0.02745	0.01184	0.01372	0.01022	0.00753	0.00538	0.00215	0.00807	0.00457	0.00431	0.01022
2	0.02875	0.02237	0.02598	0.02446	0.12548	0.02457	0.01734	0.43257	0.13124	0.04661	0.02199	0.02234	0.01615	0.01001	0.00852	0.00260	0.00906	0.00796	0.00785	0.01415
3	0.01006	0.00862	0.00862	0.00862	0.01149	0.00718	0.00647	0.01221	0.01940	0.02299	0.08621	0.08190	0.64438	0.02155	0.01006	0.00287	0.00431	0.01796	0.00790	0.00718
4	0.10362	0.01536	0.02092	0.02446	0.18527	0.01577	0.01554	0.02924	0.11398	0.15106	0.07712	0.03704	0.02679	0.01566	0.05672	0.00361	0.00879	0.08027	0.00713	0.01163
5	0.03299	0.02281	0.02490	0.01909	0.02588	0.02486	0.01577	0.55579	0.03829	0.11974	0.02188	0.02137	0.01520	0.01025	0.00852	0.00256	0.00913	0.00776	0.00874	0.01447
6	0.76103	0.01646	0.01251	0.01119	0.01646	0.01909	0.00922	0.02502	0.01448	0.03818	0.01185	0.01382	0.00922	0.00790	0.00527	0.00263	0.00658	0.00461	0.00527	0.00922
7	0.01037	0.00741	0.00987	0.01185	0.01234	0.00691	0.00790	0.01185	0.01629	0.02172	0.04690	0.69537	0.05629	0.02666	0.01086	0.00346	0.00494	0.02419	0.00790	0.00691
8	0.02376	0.01758	0.02719	0.03575	0.37300	0.01734	0.01977	0.08080	0.02262	0.14739	0.09709	0.05397	0.02477	0.01031	0.00875	0.00260	0.00857	0.00937	0.00655	0.01284
9	0.02465	0.02001	0.02120	0.01802	0.02345	0.02279	0.01431	0.22385	0.44816	0.04121	0.03022	0.02823	0.02240	0.01113	0.00861	0.00278	0.00755	0.00901	0.00861	0.01378
10	0.03066	0.01403	0.01813	0.01468	0.02014	0.01308	0.01184	0.03742	0.12193	0.44106	0.14538	0.03575	0.03270	0.01195	0.00885	0.00268	0.00657	0.00998	0.01002	0.01314
11	0.64499	0.01614	0.01367	0.01183	0.01730	0.01803	0.00974	0.02766	0.01607	0.13700	0.01534	0.01626	0.01112	0.00832	0.00579	0.00263	0.00669	0.00524	0.00611	0.01006
12	0.02106	0.02022	0.03454	0.05223	0.64784	0.02022	0.02612	0.02612	0.01938	0.02780	0.01601	0.02106	0.01348	0.00758	0.00842	0.00253	0.01011	0.00758	0.00421	0.01348
13	0.01412	0.00952	0.01402	0.01375	0.01568	0.01062	0.01080	0.01726	0.01517	0.06686	0.05130	0.03724	0.02506	0.05611	0.56112	0.01195	0.02017	0.03575	0.00535	0.00813
14	0.58934	0.01820	0.01558	0.01317	0.01880	0.02081	0.01086	0.16508	0.02050	0.04182	0.01387	0.01538	0.01045	0.00845	0.00603	0.00261	0.00724	0.00533	0.00603	0.01045
15	0.01634	0.00998	0.01465	0.01391	0.01624	0.01094	0.01094	0.01941	0.01539	0.12153	0.02453	0.03272	0.02124	0.05527	0.56146	0.01190	0.02030	0.00903	0.00552	0.00870
16	0.02131	0.02321	0.04243	0.04099	0.26955	0.06808	0.35145	0.02732	0.02011	0.02699	0.01647	0.02169	0.01298	0.00744	0.00926	0.00269	0.01283	0.00879	0.00428	0.01211
17	0.68076	0.01727	0.01394	0.01212	0.01755	0.01990	0.00998	0.09050	0.01730	0.03988	0.01279	0.01455	0.00980	0.00815	0.00562	0.00262	0.00689	0.00494	0.00562	0.00980
18	0.02451	0.01798	0.01967	0.01709	0.02230	0.02006	0.01346	0.07627	0.50219	0.13583	0.03368	0.03068	0.02456	0.01131	0.00863	0.00283	0.00696	0.00934	0.00895	0.01369

[dist]
# distance from previous block
# <min> <max>
0	4

[block]
# block no. 1 follows, 21 sequences, length 22
# corresponding to MSA columns:
# 31-52
name=unknown_B
#
# <colnr> <probs for GDERKNQSTAVLIFYWHMCP>
#	G	D	E	R	K	N	Q	S	T	A	V	L	I	F	Y	W	H	M	C	P
0	0.02106	0.02022	0.03454	0.05223	0.64784	0.02022	0.02612	0.02612	0.01938	0.02780	0.01601	0.02106	0.01348	0.00758	0.00842	0.00253	0.01011	0.00758	0.00421	0.01348
1	0.02605	0.01842	0.02030	0.01726	0.02270	0.02035	0.01370	0.13207	0.42851	0.15384	0.03227	0.02950	0.02331	0.01115	0.00862	0.00279	0.00723	0.00912	0.00899	0.01381
2	0.76103	0.01646	0.01251	0.01119	0.01646	0.01909	0.00922	0.02502	0.01448	0.03818	0.01185	0.01382	0.00922	0.00790	0.00527	0.00263	0.00658	0.00461	0.00527	0.00922
3	0.01216	0.00912	0.01368	0.01368	0.01520	0.01064	0.01064	0.01520	0.01368	0.01976	0.02279	0.03343	0.02127	0.06382	0.66720	0.01368	0.02279	0.00912	0.00456	0.00760
4	0.02273	0.02344	0.03647	0.03992	0.32459	0.09376	0.18672	0.07366	0.02134	0.02846	0.01607	0.02075	0.01298	0.00826	0.00999	0.00266	0.05327	0.00802	0.00457	0.01235
5	0.03564	0.01392	0.01893	0.01471	0.02085	0.01207	0.01207	0.03900	0.02433	0.59347	0.09288	0.03233	0.02683	0.01120	0.00870	0.00264	0.00693	0.00922	0.01042	0.01386
6	0.55503	0.01854	0.01619	0.01356	0.01927	0.02115	0.01118	0.19307	0.02170	0.04255	0.01428	0.01569	0.01070	0.00855	0.00618	0.00261	0.00737	0.00547	0.00618	0.01070
7	0.02106	0.02022	0.03454	0.05223	0.64784	0.02022	0.02612	0.02612	0.01938	0.02780	0.01601	0.02106	0.01348	0.00758	0.00842	0.00253	0.01011	0.00758	0.00421	0.01348
8	0.02456	0.02334	0.03169	0.03474	0.27246	0.09153	0.10778	0.15940	0.10696	0.03367	0.01935	0.02202	0.01502	0.00876	0.00863	0.00260	0.01068	0.00801	0.00578	0.01301
9	0.02065	0.01947	0.03221	0.02548	0.02840	0.02369	0.18338	0.02409	0.01592	0.07488	0.01470	0.02067	0.01247	0.01240	0.02138	0.00340	0.44375	0.00826	0.00445	0.01034
10	0.01384	0.01029	0.01441	0.01392	0.01579	0.01181	0.01079	0.06516	0.01579	0.02238	0.02283	0.03361	0.02126	0.09539	0.57730	0.01245	0.02086	0.00918	0.00492	0.00803
11	0.02735	0.03277	0.03043	0.03187	0.19389	0.40748	0.10046	0.03098	0.02231	0.02355	0.01446	0.01790	0.01190	0.00824	0.00819	0.00237	0.01382	0.00666	0.00433	0.01104
12	0.03013	0.03331	0.08264	0.02255	0.06109	0.36650	0.01781	0.13922	0.05085	0.08983	0.01767	0.01881	0.01331	0.00918	0.00803	0.00239	0.01259	0.00653	0.00582	0.01174
13	0.03161	0.02512	0.02501	0.01967	0.02612	0.08836	0.01603	0.52725	0.07484	0.04933	0.02060	0.02063	0.01484	0.01016	0.00844	0.00254	0.00978	0.00757	0.00812	0.01396
14	0.02147	0.02101	0.03353	0.17059	0.36323	0.05675	0.10372	0.07506	0.02098	0.02828	0.01620	0.02127	0.01292	0.00800	0.00862	0.00262	0.01116	0.00780	0.00451	0.01229
15	0.23818	0.07127	0.05840	0.02152	0.11855	0.07420	0.01582	0.13291	0.02263	0.14378	0.01809	0.01909	0.01322	0.00876	0.00727	0.00251	0.00897	0.00645	0.00631	0.01208
16	0.01940	0.01841	0.02621	0.20024	0.19967	0.08005	0.06901	0.02373	0.01934	0.05924	0.03038	0.03355	0.13846	0.01110	0.00952	0.00272	0.03353	0.00969	0.00519	0.01057
17	0.01832	0.01704	0.02771	0.46035	0.14031	0.01983	0.05588	0.05599	0.07114	0.02580	0.01731	0.02312	0.01316	0.00864	0.00859	0.00278	0.01083	0.00788	0.00454	0.01077
18	0.02175	0.18620	0.15597	0.08072	0.15428	0.11319	0.02109	0.02967	0.10892	0.02550	0.01715	0.01963	0.01365	0.00843	0.00761	0.00243	0.01070	0.00663	0.00460	0.01187
19	0.15121	0.09736	0.11257	0.04556	0.13029	0.15098	0.01826	0.05414	0.07724	0.02920	0.04484	0.02043	0.01580	0.00888	0.00747	0.00248	0.01020	0.00670	0.00511	0.01128
20	0.12697	0.12756	0.11167	0.18138	0.21547	0.02181	0.02145	0.02577	0.04401	0.02692	0.01526	0.01930	0.01215	0.00803	0.00749	0.00254	0.00991	0.00660	0.00429	0.01141
21	0.09539	0.13134	0.10980	0.07664	0.02977	0.14134	0.07112	0.09548	0.08518	0.02904	0.01659	0.01902	0.01294	0.00895	0.00860	0.00254	0.04319	0.00671	0.00507	0.01129

[dist]
# distance from previous block
# <min> <max>
8	54

[block]
# block no. 2 follows, 21 sequences, length 32
# corresponding to MSA columns:
# 112-143
name=unknown_C
#
# <colnr> <probs for GDERKNQSTAVLIFYWHMCP>
#	G	D	E	R	K	N	Q	S	T	A	V	L	I	F	Y	W	H	M	C	P
0	0.02028	0.05709	0.13442	0.08336	0.12217	0.02042	0.11606	0.08991	0.11186	0.03003	0.01938	0.02264	0.01500	0.01187	0.04864	0.00324	0.01116	0.00782	0.00526	0.06939
1	0.09200	0.01637	0.01915	0.01478	0.02130	0.01535	0.01203	0.12615	0.06126	0.26883	0.04455	0.02439	0.01884	0.00934	0.00768	0.00225	0.00712	0.00737	0.00804	0.22318
2	0.02278	0.01857	0.02281	0.09952	0.02747	0.05646	0.04083	0.09168	0.17629	0.10043	0.02273	0.02503	0.01744	0.01532	0.06849	0.00374	0.11886	0.00816	0.00647	0.05693
3	0.08399	0.13498	0.02411	0.06702	0.02364	0.04391	0.01393	0.06850	0.01893	0.02770	0.05093	0.02310	0.01710	0.00988	0.01037	0.00232	0.11683	0.03004	0.00512	0.22762
4	0.01740	0.01374	0.01645	0.07116	0.02068	0.01434	0.01170	0.16258	0.02438	0.03265	0.16631	0.11600	0.18248	0.01604	0.01042	0.00276	0.04502	0.01330	0.00758	0.05500
5	0.02128	0.02670	0.17737	0.22324	0.03847	0.09126	0.04677	0.14146	0.05318	0.03009	0.02107	0.02413	0.04857	0.00960	0.00848	0.00268	0.01119	0.00784	0.00522	0.01138
6	0.02408	0.02128	0.02464	0.11413	0.02955	0.09373	0.04344	0.16333	0.08506	0.06360	0.01838	0.02118	0.01419	0.01021	0.01191	0.00266	0.13836	0.00738	0.00595	0.10694
7	0.01390	0.18039	0.01886	0.01255	0.01487	0.01402	0.00976	0.01588	0.01655	0.02146	0.05940	0.38734	0.04177	0.07555	0.04937	0.00399	0.00733	0.04262	0.00650	0.00789
8	0.13984	0.02102	0.03067	0.08755	0.20226	0.07947	0.16357	0.02591	0.01876	0.02815	0.01517	0.01948	0.01211	0.00754	0.00795	0.00244	0.01063	0.00715	0.00450	0.11582
9	0.02327	0.52686	0.04336	0.01875	0.02595	0.09775	0.11156	0.02665	0.01845	0.02127	0.01283	0.01532	0.01125	0.00742	0.00643	0.00203	0.01060	0.00553	0.00382	0.01090
10	0.01992	0.01385	0.01684	0.01266	0.01905	0.01092	0.01010	0.02367	0.01990	0.12951	0.13305	0.02787	0.02635	0.00901	0.00735	0.00174	0.00603	0.00750	0.00672	0.49795
11	0.02600	0.02373	0.02957	0.12599	0.09326	0.12782	0.11465	0.19467	0.04836	0.07108	0.01837	0.02126	0.01374	0.00927	0.00957	0.00266	0.04420	0.00778	0.00592	0.01209
12	0.06722	0.02374	0.02245	0.01853	0.02411	0.13487	0.01506	0.36456	0.03219	0.07742	0.04719	0.02954	0.02032	0.01158	0.00861	0.00265	0.00977	0.07007	0.00770	0.01242
13	0.01209	0.00813	0.00937	0.00964	0.00971	0.00806	0.00554	0.01230	0.01293	0.01724	0.02964	0.14582	0.03451	0.60592	0.03874	0.00757	0.00778	0.01404	0.00554	0.00540
14	0.13712	0.01534	0.01682	0.01238	0.01957	0.01259	0.00994	0.02200	0.01714	0.02941	0.01460	0.01703	0.01206	0.00656	0.00614	0.00148	0.00635	0.00497	0.00508	0.63342
15	0.01990	0.01506	0.01788	0.01288	0.02034	0.01147	0.01035	0.02363	0.01838	0.09647	0.01715	0.01889	0.01353	0.00677	0.00655	0.00141	0.00641	0.00543	0.00564	0.67186
16	0.01804	0.01638	0.02288	0.01634	0.02407	0.01298	0.10761	0.02237	0.01804	0.02765	0.01546	0.01850	0.01265	0.00644	0.00690	0.00152	0.00760	0.00585	0.00492	0.63379
17	0.01676	0.01416	0.01701	0.01278	0.01937	0.01123	0.01017	0.02043	0.01701	0.02645	0.01636	0.02018	0.01400	0.01555	0.11251	0.00326	0.00895	0.00570	0.00496	0.63316
18	0.01208	0.01011	0.01643	0.01540	0.01749	0.00939	0.10570	0.01476	0.01786	0.02392	0.10357	0.48727	0.08764	0.02230	0.01060	0.00325	0.00632	0.02067	0.00747	0.00777
19	0.02071	0.02127	0.03413	0.18860	0.36432	0.07602	0.11967	0.02599	0.01937	0.02575	0.01576	0.02124	0.01269	0.00783	0.00864	0.00262	0.01152	0.00779	0.00414	0.01194
20	0.02095	0.01425	0.01928	0.07182	0.02355	0.01237	0.04090	0.02439	0.03677	0.13733	0.01907	0.02212	0.01479	0.01119	0.01148	0.12249	0.00749	0.00665	0.00577	0.37733
21	0.55066	0.07813	0.04514	0.01593	0.02218	0.02077	0.10816	0.02549	0.01575	0.03444	0.01284	0.01543	0.01002	0.00774	0.00615	0.00260	0.00827	0.00554	0.00491	0.00985
22	0.01901	0.02050	0.04182	0.03021	0.03804	0.01894	0.46700	0.02528	0.01914	0.02669	0.01736	0.02301	0.01359	0.01193	0.06624	0.00355	0.01378	0.00916	0.00444	0.13030
23	0.02494	0.01907	0.02360	0.08237	0.16447	0.07411	0.01727	0.15217	0.04746	0.13176	0.05669	0.06943	0.02398	0.01194	0.00893	0.00274	0.00912	0.06085	0.00706	0.01203
24	0.02197	0.02240	0.04223	0.03088	0.03868	0.02216	0.44452	0.11332	0.11195	0.03219	0.02020	0.02388	0.01503	0.00824	0.00963	0.00283	0.01254	0.00965	0.00553	0.01219
25	0.01322	0.01126	0.01888	0.01658	0.01932	0.01195	0.10746	0.01673	0.01525	0.02119	0.02857	0.03748	0.08446	0.07156	0.47312	0.01065	0.01905	0.01029	0.00488	0.00810
26	0.09798	0.01784	0.02228	0.04989	0.07742	0.01990	0.01545	0.09170	0.10652	0.10471	0.01943	0.02165	0.01503	0.01040	0.01250	0.00270	0.17028	0.00725	0.00615	0.13093
27	0.32630	0.01902	0.07184	0.01488	0.02065	0.01857	0.01310	0.14093	0.04795	0.06145	0.01768	0.02027	0.01375	0.01753	0.11287	0.00433	0.01027	0.00649	0.00599	0.05614
28	0.14359	0.16485	0.03569	0.02628	0.11205	0.05483	0.19965	0.07941	0.02035	0.02968	0.01504	0.01840	0.01200	0.00768	0.00765	0.00243	0.01062	0.00699	0.00473	0.04810
29	0.27100	0.02123	0.05375	0.04768	0.02906	0.04197	0.17628	0.11274	0.05241	0.06540	0.01706	0.01966	0.01269	0.00867	0.00852	0.00274	0.03492	0.00728	0.00569	0.01123
30	0.08846	0.05815	0.05695	0.05637	0.03207	0.07415	0.21419	0.08063	0.19058	0.03152	0.02103	0.02306	0.01590	0.00893	0.00853	0.00271	0.01073	0.00832	0.00586	0.01186
31	0.13668	0.01625	0.02131	0.01729	0.02217	0.05158	0.12816	0.04190	0.05123	0.03004	0.13181	0.08945	0.07272	0.01476	0.04060	0.00312	0.00871	0.01080	0.00636	0.10506

[dist]
# distance from previous block
# <min> <max>
145	337

[block]
# block no. 3 follows, 21 sequences, length 18
# corresponding to MSA columns:
# 652-669
name=unknown_D
#
# <colnr> <probs for GDERKNQSTAVLIFYWHMCP>
#	G	D	E	R	K	N	Q	S	T	A	V	L	I	F	Y	W	H	M	C	P
0	0.06935	0.01957	0.04264	0.01813	0.02419	0.05111	0.07378	0.17060	0.10175	0.19879	0.05960	0.03131	0.07815	0.01127	0.00867	0.00267	0.00851	0.00936	0.00807	0.01248
1	0.09253	0.01880	0.01997	0.01745	0.05049	0.05956	0.01327	0.23286	0.04839	0.07510	0.07371	0.02802	0.05230	0.01583	0.07301	0.00352	0.00957	0.00834	0.00711	0.10019
2	0.25148	0.02065	0.01830	0.01543	0.02108	0.10798	0.01226	0.09524	0.15831	0.07460	0.01998	0.02034	0.01508	0.00900	0.00708	0.00240	0.00812	0.00650	0.00656	0.12960
3	0.06757	0.01760	0.01943	0.01492	0.02170	0.01674	0.01203	0.15861	0.11887	0.06596	0.02005	0.02079	0.01532	0.00829	0.00721	0.00195	0.00711	0.00648	0.00666	0.39272
4	0.02318	0.05699	0.02811	0.02107	0.02533	0.02191	0.11150	0.15908	0.02322	0.09342	0.10722	0.02692	0.02308	0.01210	0.01493	0.00296	0.22235	0.00900	0.00638	0.01124
5	0.01216	0.00917	0.01078	0.01021	0.01220	0.00852	0.00714	0.01413	0.01682	0.02257	0.14141	0.05764	0.20120	0.26060	0.10595	0.00595	0.00820	0.01327	0.00649	0.07556
6	0.06252	0.03443	0.30716	0.02448	0.06304	0.14367	0.07973	0.03115	0.11922	0.02789	0.01805	0.02011	0.01354	0.00866	0.00815	0.00263	0.01186	0.00701	0.00476	0.01196
7	0.01185	0.00869	0.01110	0.01050	0.01259	0.00795	0.00788	0.01568	0.02363	0.03303	0.58844	0.06537	0.13588	0.01781	0.01004	0.00270	0.00404	0.01564	0.00922	0.00795
8	0.02028	0.01776	0.02595	0.09731	0.28470	0.01931	0.01952	0.03053	0.19701	0.05419	0.07965	0.02840	0.02321	0.01031	0.00990	0.00276	0.05178	0.00892	0.00615	0.01235
9	0.01765	0.01513	0.01765	0.01260	0.02017	0.01134	0.01008	0.02143	0.01765	0.02773	0.01513	0.01765	0.01260	0.00630	0.00630	0.00126	0.00630	0.00504	0.00504	0.75295
10	0.01224	0.00879	0.01202	0.01202	0.01296	0.00974	0.00857	0.01413	0.01318	0.01853	0.02431	0.04184	0.02493	0.30462	0.43139	0.01163	0.01730	0.01035	0.00478	0.00668
11	0.02060	0.31813	0.10256	0.01770	0.02408	0.11012	0.07082	0.02476	0.02012	0.02484	0.15955	0.02681	0.02721	0.00991	0.00754	0.00226	0.00963	0.00789	0.00513	0.01034
12	0.01665	0.01333	0.02068	0.12720	0.10301	0.01284	0.05468	0.01854	0.01568	0.02213	0.01693	0.05748	0.01554	0.01565	0.01635	0.25061	0.00844	0.00789	0.00439	0.20199
13	0.02167	0.13674	0.20243	0.02660	0.16827	0.02120	0.02170	0.08578	0.05317	0.07169	0.02110	0.02872	0.01770	0.01018	0.00827	0.00265	0.00992	0.07442	0.00546	0.01233
14	0.02746	0.17958	0.14530	0.01933	0.02714	0.05504	0.07274	0.06594	0.05896	0.23335	0.02205	0.02191	0.01553	0.00899	0.00786	0.00247	0.00981	0.00722	0.00658	0.01274
15	0.02172	0.01712	0.02032	0.01564	0.02197	0.04759	0.04112	0.11146	0.02141	0.08780	0.01877	0.02163	0.01491	0.01615	0.10717	0.00358	0.01019	0.00664	0.00592	0.38888
16	0.09183	0.06722	0.42886	0.02190	0.06048	0.01878	0.02463	0.02655	0.01851	0.07251	0.05439	0.02307	0.03716	0.00917	0.00791	0.00264	0.01055	0.00718	0.00476	0.01190
17	0.02002	0.06823	0.29057	0.05740	0.07222	0.05293	0.08137	0.02768	0.04865	0.05843	0.01705	0.01970	0.01277	0.00798	0.00792	0.00241	0.01091	0.00674	0.00459	0.13244

[dist]
# distance from previous block
# <min> <max>
0	5

[block]
# block no. 4 follows, 21 sequences, length 11
# corresponding to MSA columns:
# 676-686
name=unknown_E
#
# <colnr> <probs for GDERKNQSTAVLIFYWHMCP>
#	G	D	E	R	K	N	Q	S	T	A	V	L	I	F	Y	W	H	M	C	P
0	0.02226	0.02183	0.07679	0.07823	0.24678	0.08303	0.01966	0.07129	0.03741	0.07668	0.02048	0.08196	0.01762	0.00992	0.00832	0.00248	0.00963	0.00860	0.00552	0.10152
1	0.02099	0.01826	0.03059	0.15808	0.45942	0.01878	0.02392	0.02595	0.01934	0.07246	0.01892	0.02652	0.01583	0.00894	0.00865	0.00267	0.00998	0.04337	0.00482	0.01250
2	0.01518	0.01382	0.05131	0.01374	0.04610	0.03791	0.01054	0.01840	0.01994	0.06922	0.12880	0.11311	0.29803	0.01668	0.00923	0.00261	0.00604	0.01410	0.00731	0.10794
3	0.01917	0.12447	0.20366	0.02761	0.19783	0.05475	0.02130	0.02553	0.04655	0.02645	0.06396	0.06919	0.02061	0.00989	0.00804	0.00247	0.00975	0.00834	0.00485	0.05556
4	0.01081	0.00881	0.01048	0.05666	0.01531	0.00808	0.00841	0.01321	0.01869	0.02329	0.10046	0.23782	0.39132	0.02183	0.01023	0.00305	0.00509	0.04141	0.00769	0.00734
5	0.02181	0.01869	0.02464	0.02098	0.09096	0.05142	0.08841	0.07122	0.02074	0.07713	0.01719	0.01962	0.01344	0.00731	0.00741	0.00185	0.00852	0.00643	0.00551	0.42671
6	0.01899	0.02365	0.17924	0.02446	0.06275	0.01732	0.18210	0.05778	0.05532	0.05652	0.06734	0.07055	0.04005	0.01115	0.00917	0.00276	0.01022	0.04489	0.00580	0.05992
7	0.01375	0.00945	0.01221	0.01253	0.04319	0.00864	0.00877	0.01722	0.02212	0.06864	0.39805	0.11035	0.17425	0.01766	0.00975	0.00273	0.00463	0.01542	0.04219	0.00844
8	0.02301	0.47394	0.11429	0.01651	0.02420	0.08038	0.01653	0.06489	0.01943	0.02373	0.01317	0.01507	0.01127	0.00761	0.00622	0.00196	0.00982	0.00508	0.00412	0.06876
9	0.01640	0.01110	0.01352	0.01195	0.01575	0.00968	0.00908	0.02057	0.05336	0.10579	0.18953	0.17738	0.13578	0.01625	0.00912	0.00255	0.00530	0.01408	0.00799	0.17481
10	0.11263	0.02304	0.07096	0.01754	0.02350	0.08542	0.01493	0.19505	0.21537	0.07017	0.02768	0.02693	0.05834	0.01080	0.00816	0.00267	0.00863	0.00830	0.00743	0.01245

[dist]
# distance from previous block
# <min> <max>
2	5

[block]
# block no. 5 follows, 21 sequences, length 17
# corresponding to MSA columns:
# 692-708
name=unknown_F
#
# <colnr> <probs for GDERKNQSTAVLIFYWHMCP>
#	G	D	E	R	K	N	Q	S	T	A	V	L	I	F	Y	W	H	M	C	P
0	0.01740	0.01637	0.05029	0.01336	0.02072	0.01196	0.01122	0.02221	0.04246	0.02772	0.01747	0.05134	0.01519	0.00760	0.00671	0.00151	0.00658	0.00623	0.00525	0.64842
1	0.01756	0.01941	0.11244	0.01433	0.02264	0.01259	0.01325	0.02225	0.01769	0.02761	0.01515	0.01769	0.01233	0.00657	0.00657	0.00147	0.00723	0.00523	0.00483	0.64315
2	0.01682	0.01417	0.01672	0.01232	0.01906	0.01085	0.00978	0.02063	0.01860	0.02868	0.10829	0.02446	0.02264	0.00795	0.00686	0.00147	0.00596	0.00658	0.00568	0.64248
3	0.01819	0.01561	0.01942	0.20601	0.03077	0.01795	0.01529	0.06923	0.29101	0.03006	0.03391	0.11384	0.07617	0.01327	0.00899	0.00292	0.00781	0.01138	0.00710	0.01106
4	0.02115	0.01749	0.02505	0.11793	0.02758	0.02300	0.01845	0.02378	0.01530	0.11458	0.01507	0.02075	0.01266	0.01331	0.02220	0.00343	0.48580	0.00763	0.00474	0.01010
5	0.01912	0.01904	0.03477	0.26698	0.31389	0.02004	0.15182	0.02484	0.01871	0.02558	0.01596	0.02203	0.01262	0.00782	0.00880	0.00271	0.01145	0.00810	0.00408	0.01165
6	0.02144	0.54442	0.04275	0.01764	0.02462	0.02988	0.10355	0.02486	0.01739	0.02107	0.01358	0.01674	0.01211	0.01216	0.06341	0.00300	0.01106	0.00576	0.00382	0.01072
7	0.01748	0.01453	0.02362	0.56701	0.05150	0.01738	0.02124	0.02266	0.01785	0.07655	0.02263	0.02816	0.06483	0.00977	0.00864	0.00282	0.01040	0.00851	0.00471	0.00970
8	0.30635	0.02238	0.06004	0.01635	0.02276	0.05173	0.01408	0.27050	0.05765	0.04237	0.01699	0.01798	0.01258	0.00901	0.00712	0.00253	0.00851	0.00629	0.00662	0.04817
9	0.02670	0.02321	0.11555	0.01932	0.05353	0.07151	0.01652	0.15841	0.07361	0.18082	0.04434	0.05124	0.01974	0.01029	0.00828	0.00248	0.00894	0.00826	0.00732	0.09992
10	0.02383	0.04713	0.02005	0.01582	0.02074	0.14072	0.01256	0.15564	0.02574	0.08707	0.17475	0.03111	0.03082	0.01448	0.05025	0.00301	0.00939	0.00883	0.00715	0.12091
11	0.02263	0.01606	0.04318	0.04624	0.02213	0.01581	0.01339	0.10356	0.19290	0.15840	0.13857	0.07087	0.05425	0.01371	0.00918	0.00284	0.00705	0.04887	0.00860	0.01177
12	0.02465	0.02153	0.02637	0.16465	0.10110	0.07548	0.04594	0.25748	0.05144	0.03633	0.04351	0.02270	0.01628	0.00961	0.00906	0.00259	0.03070	0.00783	0.00623	0.04653
13	0.14079	0.01669	0.01992	0.05792	0.02356	0.04188	0.06927	0.09726	0.02026	0.03160	0.02032	0.10226	0.01828	0.01018	0.00750	0.00227	0.00783	0.00854	0.06749	0.23619
14	0.02612	0.04374	0.07537	0.05129	0.20253	0.01981	0.03891	0.16926	0.04960	0.15915	0.06108	0.02526	0.01960	0.00962	0.00852	0.00259	0.00918	0.00826	0.00692	0.01320
15	0.08849	0.06960	0.11824	0.11886	0.03102	0.10534	0.01827	0.21450	0.02524	0.03446	0.01608	0.01846	0.01212	0.00866	0.00764	0.00240	0.01034	0.00643	0.00558	0.08826
16	0.03010	0.02261	0.02498	0.01968	0.02604	0.10020	0.06675	0.26147	0.12015	0.16979	0.02389	0.02338	0.01692	0.00986	0.00847	0.00254	0.00955	0.00796	0.00793	0.04772

[dist]
# distance from previous block
# <min> <max>
0	71

[block]
# block no. 6 follows, 21 sequences, length 20
# corresponding to MSA columns:
# 795-814
name=unknown_G
#
# <colnr> <probs for GDERKNQSTAVLIFYWHMCP>
#	G	D	E	R	K	N	Q	S	T	A	V	L	I	F	Y	W	H	M	C	P
0	0.04478	0.02152	0.10566	0.05489	0.05415	0.05154	0.06985	0.12311	0.05384	0.12096	0.02476	0.10026	0.02113	0.01163	0.00871	0.00269	0.00933	0.04006	0.00665	0.07450
1	0.06311	0.04768	0.08694	0.02260	0.10061	0.11153	0.04279	0.17046	0.02485	0.07170	0.05201	0.05730	0.01893	0.01001	0.00812	0.00244	0.00974	0.00812	0.00620	0.08486
2	0.02114	0.08940	0.16213	0.04449	0.11611	0.02010	0.01936	0.17710	0.02434	0.03351	0.07896	0.06166	0.02323	0.01108	0.00844	0.00258	0.00923	0.04063	0.00604	0.05046
3	0.14554	0.06014	0.13742	0.08393	0.05625	0.06909	0.09455	0.08734	0.04647	0.08047	0.04667	0.02188	0.01603	0.00895	0.00795	0.00262	0.01023	0.00739	0.00559	0.01150
4	0.02483	0.09107	0.16773	0.02316	0.08007	0.19977	0.01985	0.11351	0.14107	0.03006	0.01889	0.02013	0.01450	0.00912	0.00794	0.00248	0.01126	0.00685	0.00552	0.01220
5	0.02341	0.18418	0.14422	0.02274	0.06257	0.13247	0.08080	0.08125	0.13344	0.02827	0.01836	0.01996	0.01431	0.00871	0.00778	0.00244	0.01096	0.00694	0.00519	0.01201
6	0.04819	0.10387	0.30838	0.02060	0.02869	0.09660	0.05015	0.02525	0.01867	0.02588	0.06565	0.05664	0.01886	0.01008	0.00918	0.00258	0.05235	0.00780	0.00455	0.04603
7	0.02117	0.08978	0.19438	0.05344	0.11859	0.02111	0.05393	0.10680	0.06822	0.05744	0.07723	0.02467	0.02000	0.00980	0.00937	0.00265	0.04561	0.00803	0.00563	0.01216
8	0.02011	0.02069	0.05269	0.05465	0.08915	0.06895	0.11076	0.03050	0.19197	0.02931	0.05058	0.02504	0.01943	0.00894	0.00823	0.00237	0.00919	0.00807	0.00589	0.19347
9	0.01946	0.01747	0.08067	0.01732	0.06827	0.01346	0.01365	0.06598	0.03963	0.08784	0.04945	0.11676	0.04421	0.01117	0.00798	0.00218	0.00718	0.00950	0.00638	0.32144
10	0.02225	0.02570	0.13611	0.13165	0.26090	0.10154	0.06003	0.02883	0.05169	0.07360	0.01776	0.02133	0.01357	0.00836	0.00841	0.00261	0.01124	0.00743	0.00478	0.01222
11	0.02653	0.02114	0.11555	0.07749	0.09880	0.01768	0.01805	0.13030	0.07231	0.22497	0.02673	0.02662	0.04617	0.00999	0.00842	0.00259	0.00882	0.00822	0.00732	0.05230
12	0.37781	0.01699	0.01693	0.01389	0.01955	0.01827	0.01140	0.15594	0.02302	0.18595	0.06658	0.02257	0.01851	0.00974	0.00710	0.00262	0.00714	0.00701	0.00751	0.01149
13	0.01057	0.00864	0.00932	0.00915	0.01181	0.00740	0.00687	0.01320	0.02060	0.02584	0.22857	0.07722	0.50025	0.02049	0.01005	0.00282	0.00423	0.01730	0.00828	0.00740
14	0.07673	0.01329	0.01532	0.01401	0.01766	0.01364	0.01069	0.09372	0.12785	0.14599	0.07153	0.26316	0.06730	0.01701	0.00928	0.00297	0.00622	0.01462	0.00847	0.01056
15	0.76103	0.01646	0.01251	0.01119	0.01646	0.01909	0.00922	0.02502	0.01448	0.03818	0.01185	0.01382	0.00922	0.00790	0.00527	0.00263	0.00658	0.00461	0.00527	0.00922
16	0.02237	0.01940	0.05584	0.08886	0.07523	0.04714	0.01677	0.15580	0.04934	0.08538	0.12266	0.03108	0.05419	0.01221	0.01202	0.00282	0.12156	0.00933	0.00673	0.01129
17	0.01217	0.00905	0.01333	0.01333	0.01473	0.01045	0.01020	0.01497	0.01357	0.01950	0.02311	0.03519	0.02204	0.11417	0.61790	0.01325	0.02165	0.00938	0.00461	0.00741
18	0.02248	0.29666	0.03458	0.05025	0.02639	0.07618	0.07122	0.06439	0.10317	0.02512	0.01612	0.01888	0.01346	0.00962	0.01099	0.00254	0.13539	0.00669	0.00477	0.01109
19	0.02079	0.06216	0.19282	0.01772	0.02408	0.13530	0.01731	0.02575	0.02009	0.09274	0.12270	0.02842	0.02527	0.01850	0.11008	0.00416	0.01210	0.00817	0.00569	0.05615

[dist]
# distance from previous block
# <min> <max>
1	3

[block]
# block no. 7 follows, 21 sequences, length 13
# corresponding to MSA columns:
# 818-830
name=unknown_H
#
# <colnr> <probs for GDERKNQSTAVLIFYWHMCP>
#	G	D	E	R	K	N	Q	S	T	A	V	L	I	F	Y	W	H	M	C	P
0	0.01337	0.01038	0.01240	0.01189	0.01435	0.01033	0.00889	0.02074	0.14016	0.03161	0.38852	0.13794	0.13075	0.01789	0.00988	0.00284	0.00469	0.01566	0.00888	0.00885
1	0.06706	0.07305	0.02483	0.02010	0.02535	0.42266	0.01572	0.16307	0.02678	0.06186	0.01569	0.01701	0.01218	0.00905	0.00766	0.00230	0.01281	0.00603	0.00562	0.01116
2	0.01198	0.00840	0.01010	0.01042	0.01106	0.00841	0.00677	0.01297	0.01404	0.01860	0.03517	0.12489	0.09284	0.44279	0.11705	0.00770	0.00941	0.04562	0.00578	0.00601
3	0.02762	0.01385	0.01788	0.01395	0.02012	0.01150	0.01132	0.03105	0.02150	0.35668	0.05743	0.06388	0.02414	0.01088	0.00815	0.00228	0.00669	0.03535	0.00841	0.25734
4	0.01765	0.01513	0.01765	0.01260	0.02017	0.01134	0.01008	0.02143	0.01765	0.02773	0.01513	0.01765	0.01260	0.00630	0.00630	0.00126	0.00630	0.00504	0.00504	0.75295
5	0.01765	0.01513	0.01765	0.01260	0.02017	0.01134	0.01008	0.02143	0.01765	0.02773	0.01513	0.01765	0.01260	0.00630	0.00630	0.00126	0.00630	0.00504	0.00504	0.75295
6	0.01765	0.01513	0.01765	0.01260	0.02017	0.01134	0.01008	0.02143	0.01765	0.02773	0.01513	0.01765	0.01260	0.00630	0.00630	0.00126	0.00630	0.00504	0.00504	0.75295
7	0.02047	0.01949	0.03249	0.12537	0.53738	0.02012	0.02502	0.02681	0.05807	0.02757	0.01709	0.02194	0.01402	0.00795	0.00845	0.00259	0.01004	0.00771	0.00444	0.01300
8	0.02060	0.01503	0.01795	0.01297	0.02039	0.01151	0.01043	0.02431	0.01861	0.11776	0.01778	0.01927	0.01382	0.00691	0.00663	0.00146	0.00644	0.00555	0.00583	0.64674
9	0.01767	0.01418	0.01791	0.11689	0.02320	0.01657	0.01288	0.10663	0.09679	0.02594	0.02277	0.03551	0.02146	0.25266	0.09661	0.00597	0.09207	0.00965	0.00564	0.00900
10	0.13248	0.01768	0.02348	0.45129	0.04565	0.06111	0.02019	0.05484	0.01801	0.02582	0.01448	0.02044	0.01115	0.00900	0.00941	0.00282	0.06120	0.00697	0.00430	0.00970
11	0.05165	0.01952	0.02188	0.12604	0.02761	0.09420	0.01606	0.11090	0.08131	0.06875	0.05055	0.05671	0.04729	0.01255	0.01326	0.00294	0.17305	0.00904	0.00611	0.01061
12	0.24870	0.09184	0.05434	0.01434	0.01990	0.09658	0.01230	0.05660	0.01959	0.06358	0.09986	0.02309	0.02089	0.01018	0.00801	0.03322	0.00808	0.00680	0.00581	0.10629

[dist]
# distance from previous block
# <min> <max>
19	41

[block]
# block no. 8 follows, 21 sequences, length 12
# corresponding to MSA columns:
# 879-890
name=unknown_I
#
# <colnr> <probs for GDERKNQSTAVLIFYWHMCP>
#	G	D	E	R	K	N	Q	S	T	A	V	L	I	F	Y	W	H	M	C	P
0	0.01228	0.00990	0.01140	0.01198	0.01365	0.03839	0.00843	0.01453	0.01852	0.02476	0.16705	0.44878	0.08588	0.02205	0.01014	0.00303	0.00531	0.01967	0.00781	0.06645
1	0.01720	0.01500	0.01915	0.01408	0.02112	0.01165	0.05002	0.02101	0.01770	0.02720	0.01791	0.07453	0.01627	0.00806	0.00693	0.00155	0.00672	0.00697	0.00523	0.64169
2	0.06276	0.01922	0.02533	0.08427	0.08941	0.01964	0.07491	0.18849	0.09813	0.03570	0.01904	0.02124	0.01454	0.00851	0.00792	0.00232	0.00885	0.00727	0.00616	0.20630
3	0.01859	0.01897	0.02605	0.54160	0.10082	0.10676	0.02286	0.02375	0.01816	0.02210	0.01493	0.02157	0.01146	0.00847	0.00839	0.00272	0.01179	0.00728	0.00390	0.00983
4	0.05602	0.07892	0.08665	0.05561	0.07912	0.13831	0.01750	0.20762	0.02563	0.03385	0.01609	0.01819	0.01244	0.00848	0.00758	0.00225	0.01028	0.00633	0.00561	0.13353
5	0.05447	0.02443	0.02257	0.02092	0.07309	0.17666	0.01525	0.15712	0.20768	0.06639	0.02247	0.02259	0.01696	0.00965	0.00804	0.00246	0.00961	0.00742	0.00691	0.07531
6	0.10848	0.01794	0.01825	0.01536	0.02010	0.10575	0.03968	0.08191	0.06380	0.16217	0.14044	0.03882	0.12646	0.01280	0.00862	0.00264	0.00777	0.01040	0.00785	0.01075
7	0.02326	0.02769	0.24180	0.01908	0.02740	0.01970	0.01960	0.25655	0.02726	0.06664	0.05627	0.02671	0.06532	0.01040	0.00837	0.00253	0.00945	0.00819	0.00659	0.07717
8	0.02371	0.01882	0.02547	0.14690	0.07960	0.01983	0.06416	0.24163	0.04780	0.06519	0.02121	0.07183	0.01726	0.01022	0.00852	0.00254	0.00926	0.00882	0.00654	0.11067
9	0.11902	0.01589	0.01832	0.01739	0.07212	0.01613	0.01238	0.19072	0.02422	0.03602	0.09472	0.16374	0.02955	0.01323	0.00835	0.00254	0.00699	0.01110	0.00708	0.14047
10	0.05239	0.04643	0.04843	0.01534	0.02069	0.13660	0.01260	0.11669	0.02305	0.03044	0.09463	0.08106	0.08560	0.01188	0.00805	0.00227	0.00833	0.00946	0.00634	0.18972
11	0.02605	0.02321	0.06013	0.05500	0.02903	0.07143	0.08603	0.23069	0.17762	0.07878	0.02302	0.02352	0.01682	0.00968	0.00852	0.00260	0.00973	0.00809	0.00718	0.05284

[dist]
# distance from previous block
# <min> <max>
8	41

[block]
# block no. 9 follows, 21 sequences, length 27
# corresponding to MSA columns:
# 941-967
name=unknown_J
#
# <colnr> <probs for GDERKNQSTAVLIFYWHMCP>
#	G	D	E	R	K	N	Q	S	T	A	V	L	I	F	Y	W	H	M	C	P
0	0.01924	0.01390	0.01836	0.01710	0.08412	0.01230	0.01198	0.02304	0.02036	0.11483	0.20057	0.03299	0.03350	0.01074	0.00915	0.00213	0.04468	0.00894	0.00689	0.31519
1	0.01724	0.09921	0.08339	0.01876	0.05164	0.01718	0.09318	0.02557	0.13535	0.02841	0.12861	0.03825	0.12698	0.01194	0.00859	0.00252	0.00786	0.01044	0.00643	0.08847
2	0.01942	0.04828	0.01833	0.01586	0.05343	0.01527	0.01175	0.14818	0.08327	0.06762	0.32763	0.04588	0.08175	0.01416	0.00920	0.00263	0.00617	0.01204	0.00852	0.01062
3	0.22065	0.15712	0.02431	0.01661	0.02195	0.25135	0.01350	0.08892	0.02143	0.05994	0.01488	0.01748	0.01218	0.03700	0.00822	0.00254	0.01055	0.00573	0.00523	0.01040
4	0.01221	0.00818	0.00933	0.00949	0.00953	0.00814	0.00538	0.01233	0.01269	0.01692	0.02842	0.10689	0.03297	0.64695	0.04072	0.00787	0.00799	0.01332	0.00538	0.00530
5	0.02299	0.01510	0.02235	0.01797	0.02293	0.04472	0.12784	0.02669	0.02106	0.22686	0.10620	0.18632	0.03385	0.01407	0.00934	0.00274	0.00801	0.01291	0.00782	0.07022
6	0.01765	0.01513	0.01765	0.01260	0.02017	0.01134	0.01008	0.02143	0.01765	0.02773	0.01513	0.01765	0.01260	0.00630	0.00630	0.00126	0.00630	0.00504	0.00504	0.75295
7	0.01765	0.01513	0.01765	0.01260	0.02017	0.01134	0.01008	0.02143	0.01765	0.02773	0.01513	0.01765	0.01260	0.00630	0.00630	0.00126	0.00630	0.00504	0.00504	0.75295
8	0.01765	0.01513	0.01765	0.01260	0.02017	0.01134	0.01008	0.02143	0.01765	0.02773	0.01513	0.01765	0.01260	0.00630	0.00630	0.00126	0.00630	0.00504	0.00504	0.75295
9	0.02121	0.01968	0.03477	0.12241	0.46862	0.01985	0.10171	0.02652	0.01944	0.05848	0.01694	0.02190	0.01354	0.00779	0.00865	0.00261	0.01066	0.00795	0.00449	0.01280
10	0.01765	0.01513	0.01765	0.01260	0.02017	0.01134	0.01008	0.02143	0.01765	0.02773	0.01513	0.01765	0.01260	0.00630	0.00630	0.00126	0.00630	0.00504	0.00504	0.75295
11	0.01479	0.01113	0.01326	0.01224	0.01343	0.01216	0.00840	0.04553	0.05740	0.02090	0.02454	0.04450	0.02596	0.45117	0.10278	0.00741	0.07527	0.01077	0.00535	0.04301
12	0.01580	0.01471	0.02470	0.63398	0.05559	0.01833	0.02273	0.02129	0.01678	0.02160	0.01566	0.02344	0.01204	0.01236	0.05443	0.00359	0.01214	0.00767	0.00384	0.00932
13	0.08150	0.01785	0.02486	0.22897	0.09072	0.02140	0.01913	0.11292	0.02014	0.09236	0.01656	0.02105	0.01278	0.01053	0.01340	0.00296	0.18911	0.00741	0.00531	0.01102
14	0.02050	0.17371	0.02549	0.01825	0.06417	0.04216	0.01413	0.08923	0.14183	0.02996	0.10716	0.03320	0.05767	0.01191	0.00968	0.00256	0.06192	0.03683	0.00647	0.05317
15	0.05998	0.02968	0.32219	0.02211	0.05041	0.01910	0.05222	0.02802	0.11648	0.02883	0.04956	0.02573	0.01839	0.01009	0.00986	0.00278	0.06419	0.03134	0.00510	0.05393
16	0.01954	0.06928	0.11234	0.08006	0.02941	0.03968	0.10088	0.08733	0.10886	0.03035	0.08569	0.05317	0.02472	0.01098	0.00867	0.00263	0.00942	0.04206	0.00608	0.07885
17	0.06489	0.06197	0.07902	0.05599	0.06694	0.08213	0.13159	0.11041	0.09576	0.06259	0.02422	0.02840	0.04900	0.01022	0.00859	0.00270	0.01035	0.03755	0.00602	0.01167
18	0.09778	0.02398	0.10552	0.07441	0.03116	0.05392	0.12041	0.16734	0.05367	0.03375	0.01699	0.01994	0.01290	0.00902	0.00968	0.00261	0.06445	0.00728	0.00552	0.08968
19	0.12381	0.06356	0.05985	0.01948	0.04981	0.16713	0.04215	0.08550	0.02157	0.10304	0.01666	0.01844	0.01273	0.00867	0.00844	0.00231	0.04667	0.00625	0.00560	0.13832
20	0.02604	0.05974	0.06456	0.02750	0.09694	0.20313	0.16898	0.15961	0.02520	0.03102	0.01622	0.01915	0.01256	0.00835	0.00839	0.00244	0.01238	0.00731	0.00521	0.04525
21	0.10430	0.07164	0.02069	0.05440	0.05536	0.04993	0.01314	0.07489	0.07524	0.02954	0.07829	0.06536	0.04111	0.04591	0.01113	0.00278	0.06191	0.00887	0.00598	0.12955
22	0.04779	0.05551	0.02304	0.05001	0.02443	0.01650	0.07284	0.13327	0.02333	0.12136	0.07441	0.05852	0.05716	0.01062	0.00815	0.00232	0.00787	0.00905	0.00689	0.19694
23	0.10416	0.01918	0.02221	0.07409	0.10983	0.09428	0.04378	0.05510	0.05354	0.07449	0.05183	0.06061	0.01948	0.00968	0.00785	0.00235	0.00877	0.00809	0.00589	0.17479
24	0.02559	0.02131	0.02109	0.06487	0.05027	0.13930	0.01466	0.17461	0.10695	0.10757	0.02852	0.10523	0.05492	0.01237	0.00867	0.00264	0.00915	0.01004	0.00728	0.03495
25	0.02344	0.05490	0.02442	0.02180	0.12404	0.01969	0.01518	0.21238	0.08936	0.03629	0.01881	0.02034	0.01465	0.00834	0.00754	0.00207	0.00807	0.00673	0.00630	0.28564
26	0.05697	0.01582	0.01901	0.04541	0.02215	0.01616	0.03951	0.13807	0.13583	0.03367	0.08212	0.12782	0.02855	0.03603	0.00966	0.00272	0.00723	0.01076	0.00712	0.16538

[dist]
# distance from previous block
# <min> <max>
30	166

[block]
# block no. 10 follows, 21 sequences, length 9
# corresponding to MSA columns:
# 1144-1152
name=unknown_K
#
# <colnr> <probs for GDERKNQSTAVLIFYWHMCP>
#	G	D	E	R	K	N	Q	S	T	A	V	L	I	F	Y	W	H	M	C	P
0	0.06795	0.01727	0.01950	0.03873	0.02174	0.07103	0.04526	0.13097	0.05171	0.07604	0.08709	0.09322	0.10075	0.01423	0.01070	0.00285	0.07034	0.03751	0.03282	0.01028
1	0.06176	0.01665	0.01824	0.01623	0.02040	0.06987	0.01334	0.13259	0.02246	0.09003	0.02653	0.04222	0.02443	0.02188	0.11533	0.00458	0.03933	0.16217	0.00677	0.09519
2	0.08746	0.02846	0.10296	0.10383	0.02924	0.25508	0.01768	0.05508	0.04494	0.08771	0.02103	0.02288	0.05080	0.01002	0.00903	0.00259	0.04790	0.00719	0.00541	0.01071
3	0.02256	0.12401	0.05188	0.01823	0.02339	0.09307	0.04738	0.11713	0.12100	0.06044	0.02785	0.08453	0.02563	0.01352	0.00889	0.00283	0.00925	0.13052	0.00681	0.01109
4	0.06651	0.06724	0.02589	0.08753	0.07959	0.07681	0.10418	0.08064	0.06136	0.02799	0.02980	0.10515	0.10372	0.01253	0.00937	0.00275	0.03196	0.01078	0.00583	0.01036
5	0.05977	0.12899	0.06506	0.01670	0.06518	0.01696	0.01349	0.02521	0.05736	0.06584	0.07326	0.02275	0.01952	0.00834	0.00700	0.00192	0.00733	0.00663	0.00562	0.33308
6	0.01504	0.07659	0.06202	0.02114	0.15911	0.01374	0.01399	0.01861	0.01890	0.02533	0.09991	0.15271	0.19739	0.01538	0.00896	0.00263	0.00685	0.01334	0.00630	0.07208
7	0.02439	0.05223	0.07826	0.02038	0.04766	0.01950	0.09615	0.23202	0.02720	0.09845	0.08041	0.02907	0.06459	0.01051	0.00858	0.00249	0.00897	0.00898	0.00707	0.08309
8	0.09152	0.11909	0.08765	0.02491	0.12341	0.13395	0.05604	0.15253	0.07525	0.03241	0.01708	0.01903	0.01329	0.00868	0.00772	0.00246	0.01061	0.00677	0.00548	0.01213

[dist]
# distance from previous block
# <min> <max>
11	296

[block]
# block no. 11 follows, 21 sequences, length 14
# corresponding to MSA columns:
# 1454-1467
name=unknown_L
#
# <colnr> <probs for GDERKNQSTAVLIFYWHMCP>
#	G	D	E	R	K	N	Q	S	T	A	V	L	I	F	Y	W	H	M	C	P
0	0.02170	0.01420	0.01960	0.02188	0.14757	0.01392	0.01431	0.07112	0.06564	0.16533	0.15266	0.07711	0.07807	0.01443	0.00943	0.00285	0.00710	0.08372	0.00808	0.01127
1	0.01631	0.01296	0.01505	0.01297	0.01703	0.01252	0.01002	0.06807	0.13877	0.03330	0.28707	0.07565	0.08151	0.01406	0.00891	0.00245	0.00548	0.01208	0.00810	0.16768
2	0.02559	0.02084	0.03135	0.03511	0.29761	0.02141	0.09199	0.18978	0.07632	0.09323	0.02052	0.02274	0.01542	0.00885	0.00867	0.00262	0.00987	0.00816	0.00634	0.01360
3	0.01943	0.02056	0.06429	0.10434	0.02739	0.09551	0.01444	0.02523	0.06501	0.02661	0.01637	0.01913	0.01312	0.00743	0.00707	0.00181	0.00858	0.00587	0.00496	0.45285
4	0.02509	0.02014	0.03331	0.03979	0.38129	0.01994	0.10876	0.10283	0.02286	0.13198	0.01957	0.02254	0.01475	0.00833	0.00869	0.00260	0.01017	0.00811	0.00578	0.01347
5	0.01990	0.01659	0.01882	0.01404	0.02118	0.01440	0.01125	0.09894	0.09418	0.03191	0.01813	0.01969	0.01444	0.00742	0.00686	0.00162	0.00674	0.00592	0.00591	0.57206
6	0.02194	0.02239	0.08140	0.13397	0.25617	0.04652	0.14943	0.05885	0.02045	0.07125	0.01722	0.02166	0.01322	0.00838	0.00956	0.00270	0.03994	0.00799	0.00478	0.01218
7	0.02036	0.04466	0.09884	0.01841	0.05158	0.17762	0.01497	0.07162	0.02194	0.02755	0.11383	0.14444	0.04482	0.01311	0.00856	0.00249	0.00925	0.01080	0.00610	0.09906
8	0.01412	0.01159	0.01444	0.01282	0.01579	0.01101	0.00960	0.01658	0.01704	0.02453	0.10401	0.21882	0.07038	0.08460	0.01463	0.00314	0.09050	0.01336	0.00636	0.24668
9	0.10740	0.02139	0.02273	0.09745	0.02824	0.05347	0.01570	0.33187	0.12884	0.07596	0.02153	0.02204	0.01558	0.00993	0.00815	0.00264	0.00905	0.00758	0.00753	0.01292
10	0.01704	0.09035	0.02119	0.16906	0.05676	0.01722	0.01449	0.06023	0.13136	0.02801	0.10956	0.11868	0.10435	0.01391	0.00886	0.00276	0.00753	0.01190	0.00666	0.01008
11	0.02171	0.10563	0.04665	0.01965	0.07986	0.09223	0.01482	0.07053	0.16434	0.05973	0.09913	0.06766	0.02840	0.01199	0.00843	0.00258	0.00836	0.04225	0.00684	0.04920
12	0.10764	0.01661	0.01532	0.01424	0.01725	0.11548	0.01080	0.09177	0.02131	0.05800	0.11783	0.11161	0.03491	0.14336	0.01537	0.00385	0.00823	0.08066	0.00693	0.00885
13	0.02078	0.12592	0.12637	0.01975	0.05663	0.18064	0.01690	0.02552	0.04629	0.02457	0.11254	0.02937	0.05531	0.04402	0.01168	0.00281	0.07716	0.00841	0.00522	0.01012

[dist]
# distance from previous block
# <min> <max>
36	363

[block]
# block no. 12 follows, 21 sequences, length 28
# corresponding to MSA columns:
# 1836-1863
name=unknown_M
#
# <colnr> <probs for GDERKNQSTAVLIFYWHMCP>
#	G	D	E	R	K	N	Q	S	T	A	V	L	I	F	Y	W	H	M	C	P
0	0.02483	0.19992	0.07441	0.01895	0.02558	0.05353	0.07986	0.16262	0.09436	0.08548	0.04911	0.02416	0.01865	0.04063	0.00948	0.00270	0.00955	0.00779	0.00634	0.01205
1	0.07405	0.17723	0.02699	0.01959	0.09227	0.09352	0.01451	0.11725	0.05135	0.03011	0.01857	0.02023	0.03763	0.00851	0.00703	0.00207	0.00881	0.00636	0.00539	0.18852
2	0.06584	0.16275	0.08395	0.01918	0.06605	0.07433	0.01590	0.13757	0.08910	0.03095	0.02139	0.02317	0.04522	0.01378	0.06115	0.00326	0.01032	0.00719	0.00567	0.06321
3	0.05895	0.34454	0.08936	0.01565	0.02215	0.09413	0.01478	0.02631	0.01890	0.08480	0.04680	0.07505	0.01890	0.00990	0.00694	0.00221	0.00907	0.00737	0.00516	0.04901
4	0.09567	0.28650	0.09140	0.01641	0.02287	0.08532	0.01540	0.06803	0.04905	0.05110	0.01932	0.02069	0.04929	0.00935	0.00808	0.00231	0.05047	0.00642	0.00504	0.04728
5	0.17372	0.30834	0.09239	0.01676	0.02375	0.07911	0.04163	0.09859	0.02033	0.02899	0.01622	0.01792	0.03368	0.00847	0.00660	0.00227	0.00953	0.00591	0.00481	0.01097
6	0.17519	0.33984	0.09089	0.01679	0.02380	0.08075	0.04314	0.05810	0.05466	0.02745	0.01429	0.01607	0.01172	0.00800	0.00641	0.00225	0.00955	0.00551	0.00461	0.01099
7	0.02300	0.35169	0.23111	0.01910	0.02751	0.13952	0.02023	0.05499	0.01975	0.02388	0.01353	0.01561	0.01105	0.00793	0.00681	0.00219	0.01129	0.00540	0.00398	0.01142
8	0.10793	0.05402	0.10808	0.01579	0.02050	0.04675	0.04137	0.07535	0.02023	0.02903	0.09760	0.17185	0.07506	0.04631	0.01048	0.00311	0.00800	0.05265	0.00650	0.00939
9	0.03179	0.04056	0.02412	0.02192	0.02631	0.66676	0.01644	0.03398	0.02412	0.02083	0.01315	0.01535	0.01096	0.00877	0.00767	0.00219	0.01535	0.00548	0.00438	0.00987
10	0.02047	0.01680	0.01916	0.01394	0.02136	0.01423	0.01125	0.13632	0.02194	0.03271	0.01615	0.01818	0.01296	0.00705	0.00673	0.00151	0.00689	0.00555	0.00571	0.61108
