[name]
unknown

[dist]
# distance from previous block
# <min> <max>
0	30

[block]
# block no. 0 follows, 28 sequences, length 17
# corresponding to MSA columns:
# 30-46
name=unknown_A
#
# <colnr> <probs for GDERKNQSTAVLIFYWHMCP>
#	G	D	E	R	K	N	Q	S	T	A	V	L	I	F	Y	W	H	M	C	P
0	0.02324	0.09098	0.02061	0.01711	0.02065	0.46681	0.01353	0.05582	0.01967	0.01977	0.01639	0.02597	0.01549	0.00995	0.00770	0.00218	0.03776	0.12364	0.00438	0.00835
1	0.02621	0.14693	0.02464	0.01598	0.02187	0.02362	0.01358	0.56148	0.03081	0.04082	0.01618	0.01645	0.01183	0.00829	0.00682	0.00207	0.00796	0.00608	0.00655	0.01183
2	0.02517	0.01971	0.02040	0.01617	0.02159	0.05082	0.01314	0.49216	0.16316	0.04059	0.01942	0.01910	0.01413	0.00876	0.00719	0.00218	0.00766	0.00670	0.00702	0.04493
3	0.01057	0.00705	0.00793	0.00793	0.00793	0.00705	0.00440	0.01057	0.01057	0.01409	0.02290	0.04757	0.02643	0.74454	0.03700	0.00705	0.00705	0.01057	0.00440	0.00440
4	0.01040	0.00773	0.01138	0.01138	0.01257	0.00892	0.00871	0.01279	0.01159	0.01665	0.01975	0.03010	0.01884	0.11039	0.66077	0.01131	0.01846	0.00801	0.00394	0.00632
5	0.02671	0.02258	0.02112	0.01692	0.02221	0.14972	0.01366	0.50030	0.08875	0.03930	0.01737	0.01750	0.01267	0.00860	0.00715	0.00215	0.00874	0.00635	0.00663	0.01156
6	0.16909	0.01920	0.01977	0.01541	0.02098	0.02139	0.01272	0.55461	0.03016	0.04338	0.01610	0.01641	0.01154	0.00836	0.00676	0.00219	0.00756	0.00606	0.00676	0.01154
7	0.02122	0.08805	0.07596	0.01643	0.02101	0.25413	0.01382	0.08067	0.23656	0.02453	0.02034	0.02063	0.04323	0.00892	0.00765	0.00218	0.04308	0.00650	0.00520	0.00988
8	0.02493	0.15392	0.02414	0.01569	0.02137	0.02313	0.01327	0.47545	0.11177	0.03861	0.01761	0.01759	0.01303	0.00841	0.00681	0.00210	0.00768	0.00626	0.00652	0.01170
9	0.03292	0.00964	0.01257	0.01556	0.13787	0.00911	0.00976	0.01451	0.03632	0.02198	0.10303	0.11623	0.35071	0.01592	0.00841	0.00252	0.00507	0.08420	0.00622	0.00743
10	0.16696	0.19470	0.02292	0.01541	0.02005	0.36728	0.01252	0.08249	0.01893	0.02281	0.01131	0.01291	0.00934	0.00717	0.00580	0.00190	0.01005	0.00452	0.00405	0.00888
11	0.02357	0.01690	0.01699	0.01447	0.01891	0.10700	0.01141	0.08506	0.30224	0.22299	0.07986	0.02603	0.02228	0.00962	0.00735	0.00229	0.00683	0.00776	0.00741	0.01104
12	0.01392	0.01474	0.13968	0.01307	0.01678	0.01092	0.01197	0.10791	0.01834	0.05010	0.10578	0.24978	0.08750	0.03364	0.03243	0.00300	0.00668	0.06942	0.00621	0.00812
13	0.16143	0.47142	0.16672	0.01356	0.02037	0.02409	0.01448	0.02194	0.01444	0.02114	0.01070	0.01242	0.00904	0.00645	0.00508	0.00183	0.00797	0.00419	0.00336	0.00934
14	0.01655	0.15088	0.02518	0.01786	0.01901	0.02346	0.01527	0.01828	0.01180	0.01742	0.00965	0.01512	0.00950	0.01153	0.02032	0.00288	0.59802	0.00591	0.00317	0.00821
15	0.02706	0.01363	0.01699	0.01299	0.01856	0.01243	0.01064	0.14821	0.02219	0.41553	0.06580	0.02349	0.01882	0.00865	0.00703	0.00202	0.00620	0.00698	0.00775	0.15502
16	0.01476	0.01398	0.02367	0.56122	0.20781	0.01642	0.02070	0.01948	0.01502	0.01983	0.01310	0.01904	0.01013	0.00708	0.00725	0.00236	0.00943	0.00646	0.00332	0.00891

[dist]
# distance from previous block
# <min> <max>
0	11

[block]
# block no. 1 follows, 28 sequences, length 24
# corresponding to MSA columns:
# 58-81
name=unknown_B
#
# <colnr> <probs for GDERKNQSTAVLIFYWHMCP>
#	G	D	E	R	K	N	Q	S	T	A	V	L	I	F	Y	W	H	M	C	P
0	0.02252	0.02803	0.10554	0.01757	0.02240	0.36512	0.01479	0.05591	0.24591	0.02378	0.01792	0.01830	0.01380	0.00827	0.00691	0.00214	0.01013	0.00604	0.00503	0.00991
1	0.01136	0.00806	0.00905	0.00900	0.00955	0.00833	0.00552	0.01406	0.09583	0.01656	0.02534	0.10940	0.02791	0.58500	0.03070	0.00609	0.00662	0.01121	0.00500	0.00544
2	0.01373	0.01292	0.02180	0.72707	0.05006	0.01615	0.02019	0.01857	0.01453	0.01857	0.01292	0.01938	0.00969	0.00727	0.00727	0.00242	0.00969	0.00646	0.00323	0.00807
3	0.02600	0.03246	0.02172	0.02198	0.10757	0.62757	0.01508	0.02818	0.02009	0.01854	0.01154	0.01372	0.00963	0.00736	0.00664	0.00191	0.01255	0.00491	0.00373	0.00882
4	0.02643	0.01976	0.02114	0.01648	0.02208	0.02198	0.01353	0.59494	0.11615	0.04387	0.01898	0.01867	0.01360	0.00887	0.00729	0.00222	0.00772	0.00675	0.00729	0.01225
5	0.01020	0.00771	0.00956	0.01040	0.01160	0.00758	0.00729	0.01423	0.09954	0.02161	0.13333	0.51273	0.08704	0.01977	0.00890	0.00277	0.00427	0.01771	0.00701	0.00676
6	0.01008	0.00830	0.00899	0.00888	0.01120	0.00772	0.00662	0.01445	0.10108	0.02234	0.16039	0.13723	0.44186	0.01728	0.00852	0.00249	0.00396	0.01470	0.00702	0.00690
7	0.00949	0.00685	0.00883	0.00987	0.01065	0.00630	0.00659	0.01081	0.01385	0.01875	0.06162	0.58834	0.04407	0.10599	0.01226	0.00329	0.00459	0.01820	0.00637	0.05327
8	0.02027	0.09446	0.08872	0.08933	0.28192	0.06557	0.01789	0.06337	0.01784	0.10892	0.01507	0.01746	0.01157	0.00700	0.00674	0.00204	0.00854	0.00592	0.00443	0.07294
9	0.16275	0.22393	0.33075	0.01576	0.02351	0.02001	0.01794	0.06161	0.01595	0.02480	0.03452	0.01510	0.01114	0.00706	0.00593	0.00208	0.00857	0.00503	0.00377	0.00979
10	0.01291	0.10198	0.01433	0.01139	0.01393	0.01117	0.00927	0.07172	0.01696	0.02187	0.03781	0.22680	0.14617	0.04723	0.00962	0.00283	0.00577	0.19485	0.00613	0.03723
11	0.02628	0.07645	0.02263	0.01616	0.02194	0.05624	0.01343	0.55669	0.03096	0.04101	0.01633	0.01666	0.01189	0.00829	0.00693	0.00206	0.00809	0.00612	0.00661	0.05521
12	0.05075	0.30153	0.14076	0.11643	0.02716	0.07407	0.06437	0.10430	0.01778	0.02302	0.01233	0.01477	0.00981	0.00690	0.00614	0.00199	0.00919	0.00523	0.00379	0.00967
13	0.11691	0.14552	0.06761	0.05983	0.02481	0.12010	0.15180	0.04891	0.01649	0.04706	0.01352	0.01723	0.01102	0.03661	0.03532	0.00264	0.02741	0.00595	0.00402	0.04722
14	0.08101	0.04466	0.01814	0.01440	0.01913	0.07327	0.01159	0.24717	0.20474	0.05279	0.02272	0.02264	0.05281	0.01128	0.04160	0.00263	0.00771	0.00699	0.00633	0.05839
15	0.01476	0.01610	0.12524	0.01354	0.01725	0.05100	0.01200	0.14788	0.01862	0.02465	0.03062	0.27319	0.09989	0.02002	0.09698	0.00367	0.00839	0.01224	0.00573	0.00823
16	0.07926	0.03571	0.07099	0.01354	0.01777	0.13308	0.01147	0.07313	0.05567	0.09865	0.01773	0.02095	0.01419	0.05635	0.06546	0.00308	0.03861	0.00619	0.10310	0.08506
17	0.05887	0.17166	0.12591	0.04434	0.02156	0.09414	0.01417	0.08111	0.06011	0.13065	0.01878	0.06071	0.01561	0.00955	0.00729	0.02293	0.00813	0.03959	0.00519	0.00971
18	0.04854	0.01493	0.01729	0.09265	0.02159	0.01633	0.01210	0.35612	0.02471	0.05854	0.02489	0.16728	0.05769	0.01379	0.03705	0.00278	0.00750	0.00987	0.00651	0.00983
19	0.12272	0.01229	0.03685	0.05123	0.01567	0.05403	0.00941	0.01763	0.08787	0.02178	0.04839	0.19859	0.08551	0.13319	0.01290	0.00332	0.02540	0.05053	0.00555	0.00715
20	0.09352	0.08596	0.17540	0.03572	0.08386	0.07988	0.05809	0.04022	0.05712	0.02329	0.01840	0.14389	0.01727	0.00977	0.00697	0.00225	0.00827	0.00823	0.00446	0.04742
21	0.01851	0.17793	0.08888	0.11763	0.04948	0.01897	0.10492	0.12877	0.01841	0.04619	0.01423	0.01720	0.01117	0.00979	0.05009	0.00257	0.00936	0.00595	0.00428	0.10566
22	0.01790	0.25601	0.07875	0.01531	0.03362	0.05635	0.05317	0.09118	0.08409	0.02350	0.01908	0.11980	0.01782	0.00972	0.00664	0.00208	0.00761	0.02605	0.02986	0.05147
23	0.04618	0.20544	0.15962	0.04640	0.06445	0.03725	0.12218	0.07290	0.05793	0.02360	0.01384	0.01641	0.01096	0.00809	0.02287	0.00230	0.03093	0.00585	0.00395	0.04886

[dist]
# distance from previous block
# <min> <max>
7	42

[block]
# block no. 2 follows, 28 sequences, length 43
# corresponding to MSA columns:
# 124-166
name=unknown_C
#
# <colnr> <probs for GDERKNQSTAVLIFYWHMCP>
#	G	D	E	R	K	N	Q	S	T	A	V	L	I	F	Y	W	H	M	C	P
0	0.01917	0.06851	0.05464	0.06506	0.04275	0.05799	0.04194	0.22845	0.02164	0.02907	0.06341	0.02268	0.01694	0.01379	0.08944	0.00315	0.00935	0.02867	0.00524	0.11812
1	0.01579	0.07057	0.01601	0.04244	0.06144	0.07949	0.01010	0.11559	0.01801	0.02276	0.05004	0.08999	0.13926	0.16585	0.01368	0.00324	0.00704	0.03367	0.00535	0.03967
2	0.05566	0.10319	0.06367	0.04370	0.07687	0.04361	0.09766	0.06497	0.01790	0.14086	0.04148	0.07163	0.01740	0.00888	0.00702	0.00213	0.00781	0.03085	0.00528	0.09943
3	0.04255	0.09242	0.09327	0.04290	0.04914	0.01667	0.06151	0.13014	0.11686	0.02627	0.02080	0.05534	0.03587	0.05659	0.05080	0.00308	0.00838	0.03303	0.00514	0.05926
4	0.09238	0.05803	0.05436	0.04541	0.04617	0.04218	0.06682	0.16792	0.12199	0.02951	0.06404	0.04770	0.01817	0.03088	0.00782	0.00230	0.00745	0.00732	0.00553	0.08402
5	0.04615	0.16888	0.13772	0.04643	0.04165	0.06004	0.01440	0.06134	0.08301	0.06618	0.02195	0.07873	0.06925	0.00977	0.00758	0.00221	0.04349	0.00757	0.00487	0.02878
6	0.04225	0.06006	0.12160	0.07244	0.09809	0.01449	0.01454	0.06825	0.07419	0.16630	0.05390	0.09335	0.06888	0.01034	0.00733	0.00232	0.00709	0.00869	0.00590	0.01001
7	0.05541	0.09056	0.10115	0.15826	0.14165	0.04221	0.03779	0.06553	0.06600	0.02364	0.04038	0.05468	0.01516	0.00899	0.00785	0.03645	0.00826	0.00697	0.00432	0.03475
8	0.04658	0.15434	0.22839	0.02111	0.13875	0.08604	0.01806	0.06474	0.01713	0.02355	0.03960	0.01647	0.01229	0.00725	0.00692	0.00202	0.03129	0.00550	0.00386	0.07609
9	0.10370	0.04730	0.04653	0.04280	0.11004	0.13977	0.01392	0.13135	0.16890	0.02851	0.05056	0.01980	0.01583	0.00820	0.00674	0.00214	0.00804	0.00639	0.00536	0.04412
10	0.01494	0.03516	0.62213	0.02127	0.03145	0.01706	0.07919	0.02373	0.04488	0.02337	0.01391	0.01621	0.00993	0.00697	0.00706	0.00232	0.01065	0.00576	0.00331	0.01070
11	0.01487	0.01249	0.01354	0.01239	0.01569	0.01371	0.00955	0.02868	0.43221	0.02857	0.19398	0.03971	0.12970	0.01227	0.00785	0.00242	0.00490	0.01041	0.00745	0.00963
12	0.01756	0.04684	0.08655	0.05710	0.25070	0.01625	0.17008	0.04607	0.03747	0.06841	0.04666	0.02550	0.06297	0.00835	0.00764	0.00230	0.00879	0.02592	0.00462	0.01021
13	0.01816	0.05906	0.01836	0.01613	0.05257	0.01867	0.01210	0.03682	0.61322	0.02929	0.02765	0.02575	0.02090	0.00948	0.00722	0.00240	0.00602	0.00788	0.00695	0.01138
14	0.00996	0.00728	0.00948	0.01011	0.01151	0.00680	0.00767	0.01255	0.01736	0.02343	0.29716	0.26779	0.12482	0.01869	0.00909	0.00272	0.00436	0.14554	0.00722	0.00646
15	0.02235	0.02551	0.02740	0.02961	0.26091	0.32805	0.12445	0.05388	0.01922	0.02198	0.01292	0.01606	0.01052	0.00697	0.00714	0.00208	0.01119	0.00602	0.00384	0.00990
16	0.01108	0.00810	0.01083	0.01198	0.01378	0.00785	0.01021	0.01422	0.01718	0.02235	0.12440	0.07683	0.14100	0.01919	0.00965	0.00309	0.00585	0.47891	0.00686	0.00663
17	0.02104	0.01675	0.01868	0.01727	0.06734	0.01879	0.01279	0.19292	0.45090	0.06306	0.02547	0.02401	0.01886	0.00931	0.00735	0.00237	0.00652	0.00765	0.00717	0.01175
18	0.02294	0.01602	0.01700	0.01453	0.01911	0.06447	0.01157	0.08643	0.35482	0.20972	0.02698	0.02705	0.01998	0.00973	0.00737	0.00234	0.00660	0.03925	0.00742	0.03666
19	0.02763	0.02036	0.02182	0.01672	0.02254	0.02254	0.01382	0.67496	0.03418	0.04581	0.01745	0.01745	0.01236	0.00873	0.00727	0.00218	0.00800	0.00654	0.00727	0.01236
20	0.01507	0.01292	0.01507	0.01077	0.01723	0.00969	0.00861	0.01830	0.01507	0.02369	0.01292	0.01507	0.01077	0.00538	0.00538	0.00108	0.00538	0.00431	0.00431	0.78898
21	0.02763	0.02036	0.02182	0.01672	0.02254	0.02254	0.01382	0.67496	0.03418	0.04581	0.01745	0.01745	0.01236	0.00873	0.00727	0.00218	0.00800	0.00654	0.00727	0.01236
22	0.00886	0.00633	0.00843	0.01012	0.01054	0.00590	0.00675	0.01012	0.01392	0.01856	0.04006	0.73979	0.04808	0.02277	0.00928	0.00295	0.00422	0.02066	0.00675	0.00590
23	0.02725	0.02017	0.02160	0.01665	0.02240	0.02237	0.01372	0.64970	0.06005	0.04520	0.01793	0.01784	0.01275	0.00877	0.00728	0.00219	0.00791	0.00661	0.00728	0.01233
24	0.03261	0.01237	0.01687	0.01293	0.01856	0.01068	0.01068	0.03543	0.02081	0.70423	0.02868	0.02474	0.01799	0.00900	0.00731	0.00225	0.00619	0.00731	0.00900	0.01237
25	0.00886	0.00633	0.00843	0.01012	0.01054	0.00590	0.00675	0.01012	0.01392	0.01856	0.04006	0.73979	0.04808	0.02277	0.00928	0.00295	0.00422	0.02066	0.00675	0.00590
26	0.03024	0.01452	0.01803	0.01389	0.01941	0.01401	0.01145	0.22259	0.02473	0.48301	0.05265	0.02381	0.01841	0.00916	0.00735	0.00223	0.00661	0.00732	0.00845	0.01214
27	0.43338	0.17294	0.11448	0.01281	0.01844	0.10259	0.01220	0.02260	0.01427	0.02627	0.01066	0.01243	0.00854	0.00675	0.00511	0.00207	0.00768	0.00421	0.00392	0.00864
28	0.00874	0.00728	0.00765	0.00790	0.01009	0.00619	0.00589	0.01057	0.01627	0.01959	0.06850	0.14733	0.59794	0.01897	0.00872	0.00254	0.00385	0.03909	0.00675	0.00613
29	0.00886	0.00633	0.00843	0.01012	0.01054	0.00590	0.00675	0.01012	0.01392	0.01856	0.04006	0.73979	0.04808	0.02277	0.00928	0.00295	0.00422	0.02066	0.00675	0.00590
30	0.02619	0.02920	0.02136	0.01837	0.02277	0.47044	0.03756	0.18294	0.07644	0.02564	0.01429	0.01549	0.01115	0.00792	0.00686	0.00201	0.01128	0.00554	0.00487	0.00965
31	0.01498	0.09645	0.65154	0.02003	0.03040	0.01786	0.02566	0.02292	0.01530	0.02253	0.01280	0.01504	0.00922	0.00685	0.00672	0.00224	0.01050	0.00525	0.00307	0.01063
32	0.01719	0.01646	0.02806	0.17260	0.57746	0.01706	0.02191	0.02161	0.01617	0.02278	0.01353	0.01825	0.01117	0.00662	0.00721	0.00221	0.00883	0.00647	0.00353	0.01087
33	0.02686	0.01894	0.02061	0.01609	0.02166	0.02077	0.01320	0.52727	0.11906	0.10919	0.02017	0.01945	0.01422	0.00890	0.00729	0.00223	0.00752	0.00684	0.00746	0.01225
34	0.01677	0.01602	0.02729	0.24042	0.51295	0.01695	0.02170	0.02124	0.01597	0.02226	0.01346	0.01839	0.01099	0.00670	0.00722	0.00223	0.00894	0.00647	0.00349	0.01053
35	0.01739	0.01871	0.02436	0.13239	0.10134	0.16735	0.16581	0.02248	0.06832	0.02079	0.01889	0.04988	0.04375	0.01433	0.09852	0.00350	0.01138	0.00781	0.00418	0.00882
36	0.02855	0.01147	0.01557	0.01224	0.01715	0.00999	0.00999	0.03147	0.02076	0.58130	0.15007	0.03012	0.02721	0.01006	0.00754	0.00226	0.00568	0.00837	0.00882	0.01137
37	0.06439	0.37415	0.25598	0.01631	0.02373	0.08901	0.04273	0.02291	0.01547	0.02028	0.01136	0.01333	0.00927	0.00659	0.00573	0.00191	0.00931	0.00464	0.00326	0.00964
38	0.01660	0.02355	0.19929	0.14143	0.09913	0.07480	0.26859	0.02240	0.01640	0.02189	0.01445	0.04131	0.01148	0.00719	0.00768	0.00235	0.01093	0.00731	0.00355	0.00968
39	0.01663	0.01601	0.02784	0.21391	0.46455	0.01674	0.06674	0.02117	0.01609	0.02234	0.01448	0.02084	0.01215	0.00716	0.00742	0.00229	0.00908	0.03059	0.00363	0.01035
40	0.01533	0.01106	0.01294	0.01330	0.01575	0.05136	0.01101	0.02049	0.10307	0.09647	0.03610	0.12678	0.05933	0.01701	0.00907	0.00296	0.00655	0.37662	0.00687	0.00794
41	0.01647	0.01595	0.02412	0.42207	0.24623	0.05831	0.02007	0.04670	0.01619	0.02118	0.01312	0.01838	0.01033	0.00728	0.00777	0.00233	0.03427	0.00636	0.00353	0.00932
42	0.02201	0.02112	0.02052	0.08247	0.08841	0.22129	0.03543	0.20029	0.04738	0.04844	0.04431	0.07119	0.04599	0.00961	0.00735	0.00220	0.00909	0.00775	0.00543	0.00971

[dist]
# distance from previous block
# <min> <max>
6	9

[block]
# block no. 3 follows, 28 sequences, length 8
# corresponding to MSA columns:
# 176-183
name=unknown_D
#
# <colnr> <probs for GDERKNQSTAVLIFYWHMCP>
#	G	D	E	R	K	N	Q	S	T	A	V	L	I	F	Y	W	H	M	C	P
0	0.01025	0.01246	0.11371	0.01002	0.01376	0.00858	0.00925	0.01442	0.05921	0.02171	0.11939	0.05755	0.49159	0.01580	0.00826	0.00242	0.00486	0.01318	0.00635	0.00724
1	0.01448	0.12486	0.10214	0.04584	0.05614	0.01320	0.05521	0.01800	0.01664	0.07559	0.10495	0.09954	0.19596	0.01255	0.00767	0.00232	0.00658	0.03442	0.00554	0.00837
2	0.01765	0.03440	0.50768	0.05311	0.03015	0.12277	0.02340	0.08421	0.01785	0.02414	0.01317	0.01539	0.00955	0.00718	0.00690	0.00223	0.01080	0.00543	0.00357	0.01042
3	0.01626	0.03096	0.49643	0.01824	0.02669	0.07054	0.02163	0.02300	0.01695	0.07348	0.11700	0.02173	0.01882	0.00831	0.00716	0.00226	0.00949	0.00663	0.00430	0.01009
4	0.01567	0.17263	0.29243	0.01538	0.02217	0.01708	0.01673	0.06975	0.04840	0.02449	0.11847	0.07428	0.02197	0.00932	0.00684	0.00213	0.00782	0.00752	0.00467	0.05223
5	0.01504	0.04008	0.23863	0.01582	0.02157	0.06489	0.05110	0.04141	0.07907	0.02403	0.12131	0.11568	0.02524	0.03425	0.00837	0.00240	0.00784	0.00895	0.00505	0.07927
6	0.05889	0.26329	0.27056	0.01671	0.04217	0.02111	0.01751	0.09461	0.07049	0.02472	0.01374	0.01518	0.01069	0.00702	0.00606	0.00199	0.00849	0.00515	0.00403	0.04757
7	0.09363	0.05830	0.19681	0.01506	0.02043	0.12053	0.01444	0.05498	0.08483	0.08275	0.03459	0.08571	0.01780	0.07757	0.00966	0.00270	0.00833	0.00761	0.00503	0.00923

[dist]
# distance from previous block
# <min> <max>
1	48

[block]
# block no. 4 follows, 28 sequences, length 20
# corresponding to MSA columns:
# 239-258
name=unknown_E
#
# <colnr> <probs for GDERKNQSTAVLIFYWHMCP>
#	G	D	E	R	K	N	Q	S	T	A	V	L	I	F	Y	W	H	M	C	P
0	0.06486	0.01991	0.13417	0.10802	0.13572	0.06731	0.04417	0.08311	0.04015	0.07790	0.03959	0.02236	0.03632	0.00821	0.00706	0.00220	0.00844	0.02565	0.00480	0.07004
1	0.02259	0.03886	0.01836	0.01592	0.05321	0.19870	0.01186	0.09247	0.11821	0.13645	0.04325	0.02205	0.04417	0.00911	0.00755	0.02744	0.00799	0.00662	0.00580	0.11940
2	0.01829	0.08034	0.01873	0.01446	0.01767	0.12552	0.05719	0.06288	0.04690	0.09637	0.08489	0.14091	0.04833	0.05922	0.04270	0.00306	0.05871	0.00978	0.00563	0.00842
3	0.11182	0.01544	0.01724	0.01452	0.01831	0.12791	0.09226	0.03992	0.01842	0.11613	0.17565	0.11345	0.02994	0.01128	0.00753	0.00228	0.00719	0.02989	0.00609	0.04474
4	0.07747	0.01563	0.04559	0.03750	0.06195	0.07994	0.01161	0.08238	0.10253	0.09362	0.12599	0.03387	0.11838	0.01093	0.00740	0.00226	0.00662	0.03546	0.00623	0.04464
5	0.05520	0.09416	0.08728	0.01714	0.06799	0.07849	0.01405	0.15167	0.11948	0.15095	0.02075	0.04690	0.01632	0.00918	0.00701	0.00224	0.00778	0.03668	0.00604	0.01069
6	0.02763	0.02036	0.02182	0.01672	0.02254	0.02254	0.01382	0.67496	0.03418	0.04581	0.01745	0.01745	0.01236	0.00873	0.00727	0.00218	0.00800	0.00654	0.00727	0.01236
7	0.01507	0.01292	0.01507	0.01077	0.01723	0.00969	0.00861	0.01830	0.01507	0.02369	0.01292	0.01507	0.01077	0.00538	0.00538	0.00108	0.00538	0.00431	0.00431	0.78898
8	0.02715	0.03464	0.02060	0.01873	0.02247	0.71536	0.01404	0.02903	0.02060	0.01779	0.01124	0.01311	0.00936	0.00749	0.00655	0.00187	0.01311	0.00468	0.00375	0.00843
9	0.00886	0.00633	0.00843	0.01012	0.01054	0.00590	0.00675	0.01012	0.01392	0.01856	0.04006	0.73979	0.04808	0.02277	0.00928	0.00295	0.00422	0.02066	0.00675	0.00590
10	0.00896	0.00728	0.00765	0.00770	0.00970	0.00628	0.00554	0.01066	0.01600	0.01958	0.10938	0.09990	0.53928	0.10554	0.01203	0.00302	0.00410	0.01488	0.00656	0.00597
11	0.01939	0.61354	0.11714	0.01387	0.02046	0.07539	0.01428	0.02242	0.01525	0.01786	0.01054	0.01220	0.00932	0.00639	0.00507	0.00167	0.00850	0.00412	0.00315	0.00944
12	0.00910	0.00722	0.00815	0.00867	0.01048	0.00637	0.00643	0.01097	0.01599	0.01987	0.09001	0.21815	0.43759	0.04303	0.00981	0.00279	0.00419	0.07835	0.00673	0.00612
13	0.12067	0.43731	0.02906	0.01369	0.01856	0.15232	0.01226	0.02237	0.01514	0.01926	0.01066	0.01296	0.00953	0.00899	0.03562	0.00224	0.06278	0.00438	0.00344	0.00875
14	0.34739	0.43853	0.02651	0.01122	0.01671	0.02350	0.01051	0.02160	0.01376	0.02365	0.01011	0.01172	0.00871	0.00644	0.00459	0.00185	0.00687	0.00391	0.00370	0.00871
15	0.02249	0.07844	0.09187	0.01627	0.02130	0.13575	0.01413	0.30769	0.06530	0.03109	0.01725	0.05476	0.01442	0.05285	0.00954	0.00249	0.04159	0.00695	0.00556	0.01025
16	0.02215	0.11802	0.12886	0.01804	0.02340	0.31926	0.04320	0.09019	0.01913	0.02193	0.01212	0.01435	0.00982	0.00760	0.00788	0.00201	0.07047	0.00515	0.00391	0.06251
17	0.04580	0.07183	0.12594	0.04899	0.08514	0.21534	0.01581	0.13913	0.04813	0.02540	0.01566	0.06633	0.01334	0.00849	0.00681	0.00210	0.00943	0.00653	0.00460	0.04520
18	0.09114	0.01457	0.04546	0.06671	0.04576	0.08061	0.01102	0.08569	0.01871	0.02565	0.17992	0.03907	0.17429	0.03555	0.00910	0.00249	0.03185	0.02866	0.00581	0.00794
19	0.01940	0.07020	0.02269	0.01728	0.02143	0.16711	0.12499	0.09116	0.08640	0.04296	0.01869	0.02285	0.03666	0.06864	0.09517	0.00367	0.04423	0.00716	0.00474	0.03458

[dist]
# distance from previous block
# <min> <max>
4	17

[block]
# block no. 5 follows, 28 sequences, length 20
# corresponding to MSA columns:
# 276-295
name=unknown_F
#
# <colnr> <probs for GDERKNQSTAVLIFYWHMCP>
#	G	D	E	R	K	N	Q	S	T	A	V	L	I	F	Y	W	H	M	C	P
0	0.02077	0.08493	0.02041	0.01601	0.04935	0.03939	0.04575	0.22916	0.11630	0.09210	0.02443	0.12506	0.04309	0.04894	0.00896	0.00254	0.00717	0.00916	0.00635	0.01011
1	0.01712	0.01390	0.03165	0.07014	0.03775	0.05733	0.02738	0.09700	0.07558	0.08749	0.04732	0.13419	0.05745	0.09936	0.03749	0.00318	0.00742	0.00974	0.00578	0.08274
2	0.01749	0.06450	0.01928	0.05274	0.02013	0.01548	0.06716	0.23187	0.04371	0.02985	0.12260	0.05534	0.11893	0.01463	0.06529	0.00300	0.00782	0.00928	0.00610	0.03479
3	0.01481	0.01265	0.05216	0.01293	0.01623	0.01163	0.06372	0.11582	0.04955	0.04879	0.08498	0.06167	0.12030	0.18233	0.09479	0.00445	0.00821	0.01004	0.00567	0.02926
4	0.01538	0.12356	0.46577	0.01817	0.02654	0.01828	0.02149	0.02376	0.09482	0.02266	0.01758	0.01913	0.04631	0.00808	0.00768	0.00228	0.04838	0.00609	0.00379	0.01026
5	0.01653	0.02400	0.20516	0.02821	0.03639	0.01802	0.51494	0.02322	0.01671	0.02322	0.01430	0.01857	0.01058	0.00632	0.00817	0.00241	0.01189	0.00779	0.00353	0.01003
6	0.01507	0.01292	0.01507	0.01077	0.01723	0.00969	0.00861	0.01830	0.01507	0.02369	0.01292	0.01507	0.01077	0.00538	0.00538	0.00108	0.00538	0.00431	0.00431	0.78898
7	0.01943	0.74891	0.03809	0.01244	0.01866	0.02876	0.01244	0.02177	0.01477	0.01710	0.01011	0.01166	0.00933	0.00622	0.00466	0.00155	0.00777	0.00389	0.00311	0.00933
8	0.01055	0.00711	0.00825	0.00825	0.00836	0.00722	0.00480	0.01078	0.01067	0.01433	0.02261	0.04595	0.02572	0.68576	0.09481	0.00744	0.00811	0.01033	0.00436	0.00458
9	0.00900	0.00643	0.00860	0.01029	0.01078	0.00603	0.00701	0.01038	0.01406	0.01872	0.03998	0.70564	0.04775	0.02263	0.00932	0.00297	0.00435	0.05336	0.00674	0.00595
10	0.02303	0.01862	0.01910	0.01590	0.02071	0.05749	0.01282	0.35866	0.28068	0.03701	0.02298	0.02471	0.01768	0.00976	0.00744	0.00234	0.00734	0.04513	0.00709	0.01149
11	0.02005	0.01659	0.01755	0.01519	0.01965	0.01900	0.01198	0.16983	0.55165	0.03358	0.02708	0.02513	0.02016	0.00963	0.00737	0.00241	0.00622	0.00787	0.00737	0.01168
12	0.01507	0.01292	0.01507	0.01077	0.01723	0.00969	0.00861	0.01830	0.01507	0.02369	0.01292	0.01507	0.01077	0.00538	0.00538	0.00108	0.00538	0.00431	0.00431	0.78898
13	0.01803	0.05152	0.02723	0.10134	0.51048	0.08149	0.02003	0.02195	0.01666	0.02221	0.01632	0.02006	0.04645	0.00725	0.00710	0.00214	0.00885	0.00665	0.00372	0.01054
14	0.01174	0.01049	0.04184	0.01121	0.01440	0.00873	0.03265	0.01597	0.05389	0.02520	0.31056	0.12218	0.10948	0.01385	0.00806	0.00225	0.00485	0.05301	0.00661	0.14301
15	0.01876	0.12601	0.13312	0.04208	0.11534	0.09794	0.15038	0.02510	0.09187	0.05458	0.01725	0.01943	0.03375	0.00768	0.00768	0.00221	0.03588	0.00668	0.00424	0.01003
16	0.05165	0.01488	0.02189	0.07159	0.07905	0.01375	0.13334	0.06558	0.04208	0.04794	0.01754	0.01988	0.04409	0.00695	0.00664	0.00180	0.00739	0.00634	0.00465	0.34295
17	0.08686	0.10640	0.08998	0.04538	0.11697	0.07679	0.06741	0.04292	0.01657	0.04826	0.01449	0.01905	0.01207	0.00721	0.00642	0.00193	0.00823	0.03866	0.00421	0.19020
18	0.01729	0.07456	0.01787	0.04094	0.06363	0.07869	0.01123	0.04195	0.16085	0.05234	0.05882	0.04922	0.02048	0.07217	0.03586	0.00279	0.00741	0.02884	0.00538	0.15967
19	0.04242	0.01536	0.01969	0.01657	0.05232	0.06242	0.10081	0.07051	0.07073	0.04828	0.04915	0.04570	0.04122	0.01216	0.06516	0.00274	0.03141	0.00727	0.00505	0.24103

[dist]
# distance from previous block
# <min> <max>
31	236

[block]
# block no. 6 follows, 28 sequences, length 9
# corresponding to MSA columns:
# 552-560
name=unknown_G
#
# <colnr> <probs for GDERKNQSTAVLIFYWHMCP>
#	G	D	E	R	K	N	Q	S	T	A	V	L	I	F	Y	W	H	M	C	P
0	0.01601	0.04294	0.02428	0.06045	0.30195	0.01504	0.09182	0.04903	0.04561	0.02423	0.09791	0.05879	0.04565	0.04464	0.00894	0.00244	0.00769	0.00854	0.00474	0.04931
1	0.02049	0.04359	0.08399	0.01886	0.12514	0.01509	0.01411	0.10194	0.09788	0.18432	0.02496	0.02572	0.07306	0.01482	0.09368	0.00343	0.03492	0.00759	0.00596	0.01046
2	0.02148	0.08127	0.02156	0.01951	0.12958	0.13177	0.01351	0.10884	0.17249	0.07814	0.01810	0.01872	0.01390	0.00769	0.00665	0.00197	0.00785	0.00608	0.00543	0.13547
3	0.02024	0.10063	0.05269	0.10544	0.14082	0.09853	0.07787	0.18632	0.02100	0.02719	0.03551	0.04378	0.01391	0.00801	0.00704	0.00212	0.00900	0.00679	0.00470	0.03840
4	0.08616	0.01593	0.01827	0.01702	0.09944	0.01634	0.01210	0.27313	0.07407	0.03300	0.02151	0.05011	0.06580	0.00895	0.00681	0.00202	0.00665	0.00719	0.00590	0.17960
5	0.01860	0.05555	0.07820	0.18600	0.05813	0.08986	0.01520	0.12653	0.09866	0.05726	0.05361	0.04031	0.07245	0.00941	0.00726	0.00226	0.00819	0.00767	0.00528	0.00958
6	0.02183	0.01526	0.01955	0.07261	0.07195	0.01540	0.04057	0.18891	0.10885	0.16340	0.02351	0.02354	0.05970	0.00864	0.00713	0.00210	0.00700	0.00721	0.00638	0.13646
7	0.01706	0.01708	0.05414	0.02365	0.11485	0.01675	0.23756	0.07922	0.14364	0.02555	0.05287	0.02529	0.01788	0.09361	0.01201	0.00295	0.04294	0.00829	0.00493	0.00974
8	0.01712	0.09558	0.05676	0.31758	0.09156	0.05246	0.04669	0.09587	0.01714	0.02231	0.01419	0.05113	0.01192	0.00839	0.00849	0.00234	0.07063	0.00681	0.00392	0.00911

[dist]
# distance from previous block
# <min> <max>
7	20

[block]
# block no. 7 follows, 28 sequences, length 22
# corresponding to MSA columns:
# 582-603
name=unknown_H
#
# <colnr> <probs for GDERKNQSTAVLIFYWHMCP>
#	G	D	E	R	K	N	Q	S	T	A	V	L	I	F	Y	W	H	M	C	P
0	0.06292	0.10499	0.08973	0.02079	0.11392	0.01808	0.11469	0.12197	0.07279	0.02727	0.08269	0.02492	0.04690	0.00902	0.00792	0.00228	0.03826	0.02592	0.00504	0.00988
1	0.02091	0.01839	0.06143	0.02056	0.05760	0.01833	0.15726	0.23636	0.03824	0.07958	0.01641	0.01899	0.01245	0.01127	0.05585	0.00293	0.09886	0.00693	0.00530	0.06235
2	0.01855	0.01816	0.02776	0.14988	0.47167	0.06902	0.05136	0.06304	0.01766	0.02383	0.01366	0.01790	0.01109	0.00680	0.00723	0.00220	0.00927	0.00644	0.00378	0.01071
3	0.01777	0.01860	0.07385	0.04305	0.65548	0.01725	0.02261	0.02236	0.01647	0.02370	0.01363	0.01782	0.01136	0.00650	0.00718	0.00217	0.00877	0.00640	0.00356	0.01146
4	0.01598	0.01522	0.02588	0.36599	0.39352	0.01674	0.02131	0.02055	0.01560	0.02131	0.01332	0.01864	0.01066	0.00685	0.00723	0.00228	0.00913	0.00647	0.00342	0.00989
5	0.01748	0.01639	0.02725	0.20688	0.50768	0.01728	0.02135	0.05591	0.01700	0.02367	0.01369	0.01830	0.01112	0.00679	0.00722	0.00222	0.00885	0.00648	0.00370	0.01073
6	0.11046	0.02280	0.02035	0.01639	0.02161	0.17305	0.01322	0.46346	0.02886	0.03827	0.01530	0.01590	0.01122	0.00824	0.00682	0.00212	0.00886	0.00586	0.00620	0.01102
7	0.00929	0.00710	0.00786	0.00812	0.00950	0.00639	0.00552	0.01064	0.01476	0.01859	0.09595	0.17952	0.36039	0.21485	0.01637	0.00377	0.00467	0.01483	0.00620	0.00568
8	0.01049	0.00701	0.00795	0.00804	0.00806	0.00699	0.00452	0.01055	0.01073	0.01431	0.02374	0.08136	0.02748	0.70931	0.03564	0.00685	0.00691	0.01106	0.00452	0.00448
9	0.02763	0.02036	0.02182	0.01672	0.02254	0.02254	0.01382	0.67496	0.03418	0.04581	0.01745	0.01745	0.01236	0.00873	0.00727	0.00218	0.00800	0.00654	0.00727	0.01236
10	0.01042	0.00698	0.00797	0.00813	0.00816	0.00694	0.00462	0.01053	0.01087	0.01450	0.02445	0.11011	0.02838	0.67933	0.03449	0.00668	0.00679	0.01148	0.00462	0.00454
11	0.00924	0.00649	0.00832	0.00963	0.00996	0.00616	0.00622	0.01022	0.01317	0.01756	0.03623	0.58495	0.04323	0.18422	0.01548	0.00387	0.00485	0.01841	0.00622	0.00557
12	0.01721	0.01663	0.02883	0.16167	0.55505	0.01713	0.05358	0.02171	0.01623	0.02283	0.01359	0.01831	0.01118	0.00660	0.00728	0.00222	0.00899	0.00658	0.00354	0.01084
13	0.01592	0.01516	0.02577	0.37551	0.38446	0.01673	0.02128	0.02050	0.01557	0.02124	0.01331	0.01866	0.01063	0.00686	0.00723	0.00229	0.00915	0.00647	0.00342	0.00985
14	0.01673	0.01597	0.02689	0.14208	0.55771	0.01636	0.02087	0.02096	0.01626	0.02271	0.01760	0.02169	0.05733	0.00740	0.00730	0.00222	0.00846	0.00707	0.00376	0.01065
15	0.02038	0.02176	0.10432	0.01721	0.05024	0.12179	0.01444	0.17818	0.11239	0.02839	0.01582	0.01722	0.01225	0.00790	0.00795	0.00200	0.06323	0.00581	0.00508	0.19366
16	0.02130	0.01739	0.02163	0.01790	0.06610	0.04078	0.07528	0.24427	0.06714	0.06711	0.01643	0.01779	0.01243	0.00753	0.00750	0.00192	0.03816	0.00613	0.00559	0.24759
17	0.05232	0.01807	0.02583	0.09446	0.39586	0.06455	0.04652	0.09436	0.06449	0.05059	0.01538	0.01841	0.01209	0.00718	0.00713	0.00221	0.00870	0.00649	0.00447	0.01090
18	0.02127	0.20349	0.15290	0.01575	0.02231	0.04933	0.03885	0.19317	0.02125	0.09230	0.06084	0.01853	0.01506	0.00784	0.00654	0.00199	0.00819	0.00604	0.00520	0.05915
19	0.01833	0.07209	0.01799	0.08383	0.06340	0.06098	0.01158	0.10635	0.04805	0.10326	0.12796	0.03160	0.12673	0.01033	0.00723	0.00210	0.00661	0.00849	0.00601	0.08707
20	0.01906	0.05123	0.04150	0.01563	0.05448	0.03654	0.03582	0.20875	0.08221	0.07368	0.05096	0.10025	0.12099	0.01167	0.00762	0.00230	0.00679	0.03143	0.00637	0.04274
21	0.04052	0.07908	0.05503	0.01688	0.08030	0.03902	0.03450	0.11436	0.20258	0.02666	0.01934	0.02339	0.01614	0.11388	0.01105	0.00278	0.00734	0.00696	0.00532	0.10489

[dist]
# distance from previous block
# <min> <max>
18	47

[block]
# block no. 8 follows, 28 sequences, length 7
# corresponding to MSA columns:
# 655-661
name=unknown_I
#
# <colnr> <probs for GDERKNQSTAVLIFYWHMCP>
#	G	D	E	R	K	N	Q	S	T	A	V	L	I	F	Y	W	H	M	C	P
0	0.01582	0.01304	0.01551	0.09222	0.02015	0.01231	0.01011	0.08631	0.09784	0.02460	0.01705	0.02261	0.01477	0.12812	0.01124	0.00249	0.00645	0.00628	0.00488	0.39818
1	0.01982	0.02526	0.25909	0.02046	0.10048	0.08599	0.01833	0.09213	0.16449	0.09058	0.03882	0.02024	0.01522	0.00817	0.00713	0.00226	0.00874	0.00658	0.00526	0.01096
2	0.01897	0.01459	0.02333	0.14950	0.36354	0.01451	0.01767	0.02282	0.01665	0.14097	0.01774	0.06429	0.01455	0.00797	0.00719	0.00217	0.00781	0.00730	0.00474	0.08372
3	0.01098	0.01181	0.09119	0.08320	0.01878	0.00937	0.05745	0.01403	0.01512	0.02033	0.09538	0.32707	0.08929	0.07144	0.01078	0.00302	0.00630	0.05178	0.00571	0.00698
4	0.01929	0.02106	0.13234	0.01850	0.07635	0.08542	0.03288	0.05827	0.29519	0.06682	0.02092	0.02095	0.01567	0.00816	0.00701	0.00217	0.00779	0.00670	0.00566	0.09885
5	0.01734	0.01739	0.02503	0.10914	0.41464	0.08485	0.04557	0.02229	0.05866	0.02253	0.02116	0.02416	0.08902	0.00821	0.00737	0.00222	0.00860	0.00749	0.00417	0.01016
6	0.01748	0.01675	0.02859	0.12590	0.62188	0.01714	0.02206	0.02186	0.01631	0.02313	0.01358	0.01816	0.01130	0.00657	0.00720	0.00219	0.00876	0.00647	0.00355	0.01110

[dist]
# distance from previous block
# <min> <max>
0	1

[block]
# block no. 9 follows, 28 sequences, length 22
# corresponding to MSA columns:
# 663-684
name=unknown_J
#
# <colnr> <probs for GDERKNQSTAVLIFYWHMCP>
#	G	D	E	R	K	N	Q	S	T	A	V	L	I	F	Y	W	H	M	C	P
0	0.02451	0.01828	0.02004	0.01576	0.02037	0.02050	0.01275	0.53765	0.02932	0.03949	0.01755	0.02125	0.01397	0.10477	0.01242	0.00289	0.06384	0.00705	0.00658	0.01099
1	0.01791	0.01634	0.02403	0.01937	0.02231	0.01954	0.13162	0.15554	0.05641	0.02507	0.01467	0.01931	0.01234	0.01641	0.11370	0.00399	0.31068	0.00710	0.00446	0.00920
2	0.02704	0.02119	0.02141	0.01677	0.02232	0.07589	0.01370	0.58788	0.07112	0.04275	0.01768	0.01768	0.01270	0.00870	0.00722	0.00217	0.00826	0.00650	0.00701	0.01201
3	0.07161	0.02154	0.02059	0.01643	0.02176	0.11470	0.01332	0.50111	0.08145	0.04010	0.01713	0.01729	0.01246	0.00853	0.00702	0.00217	0.00837	0.00627	0.00665	0.01151
4	0.14838	0.02335	0.01750	0.01547	0.01941	0.31320	0.01192	0.17832	0.05365	0.02750	0.01716	0.10914	0.01549	0.00977	0.00679	0.00218	0.00918	0.00725	0.00527	0.00909
5	0.05321	0.02226	0.02056	0.01662	0.02180	0.15225	0.01338	0.45470	0.10853	0.03824	0.01747	0.01759	0.01281	0.00856	0.00705	0.00216	0.00861	0.00630	0.00653	0.01136
6	0.00869	0.00698	0.00776	0.00840	0.01009	0.00605	0.00598	0.01032	0.01558	0.01923	0.06108	0.32048	0.45382	0.02004	0.00885	0.00264	0.00388	0.01733	0.00675	0.00605
7	0.01057	0.00705	0.00793	0.00793	0.00793	0.00705	0.00440	0.01057	0.01057	0.01409	0.02290	0.04757	0.02643	0.74454	0.03700	0.00705	0.00705	0.01057	0.00440	0.00440
8	0.12708	0.05266	0.02048	0.01645	0.02126	0.30412	0.01308	0.30239	0.02508	0.03161	0.01369	0.01473	0.01044	0.00787	0.00652	0.00204	0.00976	0.00535	0.00532	0.01006
9	0.02452	0.11374	0.02168	0.01526	0.02048	0.06836	0.01259	0.28164	0.21174	0.12362	0.02097	0.02008	0.01527	0.00867	0.00692	0.00217	0.00745	0.00664	0.00675	0.01146
10	0.01033	0.00701	0.00822	0.00835	0.00862	0.00689	0.00501	0.01093	0.01228	0.01659	0.11246	0.13179	0.03452	0.56271	0.02996	0.00593	0.00624	0.01212	0.00515	0.00490
11	0.01396	0.01310	0.02132	0.49537	0.10768	0.01605	0.01852	0.01798	0.01423	0.01895	0.01523	0.08981	0.01364	0.00943	0.00962	0.00255	0.10292	0.00785	0.00361	0.00819
12	0.01673	0.01908	0.11615	0.17296	0.48729	0.01700	0.02249	0.02168	0.01601	0.02266	0.01345	0.01791	0.01086	0.00668	0.00717	0.00223	0.00911	0.00633	0.00346	0.01075
13	0.12152	0.02588	0.11066	0.02086	0.10019	0.26142	0.04747	0.10544	0.06215	0.02554	0.01364	0.01566	0.01068	0.00767	0.00741	0.00217	0.04193	0.00560	0.00437	0.00973
14	0.01880	0.11323	0.02797	0.16151	0.39041	0.07296	0.01938	0.06923	0.01754	0.02307	0.01316	0.01701	0.01079	0.00683	0.00684	0.00211	0.00902	0.00600	0.00374	0.01042
15	0.14711	0.13347	0.09488	0.01476	0.02023	0.07158	0.06709	0.11864	0.05845	0.04644	0.02472	0.02514	0.13005	0.00926	0.00666	0.00217	0.00768	0.00725	0.00511	0.00932
16	0.08942	0.07397	0.30222	0.04960	0.04816	0.05726	0.06890	0.03820	0.01660	0.05712	0.06032	0.02108	0.04960	0.00804	0.00685	0.00220	0.00893	0.00654	0.00425	0.03072
17	0.01887	0.04140	0.05087	0.05035	0.16763	0.03657	0.01440	0.19308	0.08689	0.02901	0.02368	0.02468	0.10145	0.00887	0.00704	0.00207	0.00731	0.00732	0.00540	0.12313
18	0.01911	0.26610	0.04899	0.05749	0.09488	0.08748	0.08278	0.07396	0.08405	0.02270	0.01539	0.05103	0.01321	0.00775	0.00646	0.00199	0.00856	0.00637	0.00427	0.04745
19	0.05605	0.11740	0.14411	0.01597	0.02126	0.01870	0.04216	0.12946	0.10803	0.06425	0.02163	0.04875	0.06664	0.00982	0.00913	0.00236	0.10174	0.00739	0.00520	0.00993
20	0.14434	0.01705	0.01756	0.03390	0.01978	0.11689	0.05183	0.14675	0.04920	0.10314	0.02070	0.07243	0.04369	0.01284	0.06171	0.00292	0.00863	0.00747	0.00565	0.06353
21	0.01632	0.07001	0.03581	0.03177	0.01707	0.03912	0.01038	0.08324	0.12359	0.06943	0.12351	0.18355	0.04774	0.01274	0.00760	0.00229	0.00594	0.02775	0.00639	0.08574

[dist]
# distance from previous block
# <min> <max>
5	27

[block]
# block no. 10 follows, 28 sequences, length 7
# corresponding to MSA columns:
# 712-718
name=unknown_K
#
# <colnr> <probs for GDERKNQSTAVLIFYWHMCP>
#	G	D	E	R	K	N	Q	S	T	A	V	L	I	F	Y	W	H	M	C	P
0	0.01916	0.01867	0.05888	0.05021	0.09592	0.06874	0.13126	0.17957	0.08653	0.02813	0.02066	0.02658	0.04231	0.04632	0.00910	0.00254	0.00875	0.05317	0.00526	0.04822
1	0.01708	0.11877	0.09268	0.22312	0.14386	0.10821	0.01735	0.02271	0.07747	0.02120	0.04769	0.02130	0.04253	0.00804	0.00690	0.00218	0.00890	0.00661	0.00407	0.00932
2	0.07316	0.07985	0.12162	0.07610	0.10999	0.06520	0.05153	0.17637	0.04982	0.02772	0.01405	0.01662	0.01092	0.00800	0.00864	0.00228	0.08735	0.00601	0.00452	0.01024
3	0.01816	0.08572	0.07615	0.14405	0.12212	0.01955	0.16559	0.11346	0.07953	0.02529	0.01507	0.01843	0.01168	0.00764	0.00859	0.00233	0.06541	0.00679	0.00430	0.01013
4	0.01689	0.08053	0.02273	0.02027	0.12700	0.04994	0.11226	0.07733	0.12392	0.02619	0.12675	0.09897	0.02599	0.01026	0.00751	0.00226	0.00728	0.00928	0.04521	0.00943
5	0.01756	0.07086	0.01988	0.01783	0.10175	0.05073	0.06811	0.10534	0.04263	0.08361	0.10846	0.14575	0.08338	0.01235	0.00786	0.00236	0.00688	0.03948	0.00609	0.00909
6	0.09490	0.18706	0.02403	0.01596	0.04923	0.04953	0.05729	0.13225	0.01889	0.13301	0.01693	0.05451	0.01382	0.01085	0.04452	0.00260	0.04087	0.00655	0.00524	0.04199

[dist]
# distance from previous block
# <min> <max>
0	60

[block]
# block no. 11 follows, 28 sequences, length 27
# corresponding to MSA columns:
# 784-810
name=unknown_L
#
# <colnr> <probs for GDERKNQSTAVLIFYWHMCP>
#	G	D	E	R	K	N	Q	S	T	A	V	L	I	F	Y	W	H	M	C	P
0	0.04326	0.26050	0.07591	0.03995	0.07410	0.01921	0.01341	0.06699	0.04907	0.08557	0.03982	0.01954	0.02788	0.03402	0.00787	0.00211	0.03576	0.00594	0.00465	0.09443
1	0.01989	0.10856	0.10715	0.02004	0.12019	0.12186	0.03623	0.12185	0.07958	0.04955	0.05162	0.04548	0.04380	0.00878	0.00697	0.00211	0.00843	0.00712	0.00505	0.03572
2	0.07168	0.01565	0.01888	0.01836	0.11767	0.03775	0.02467	0.15269	0.09234	0.05493	0.01888	0.03868	0.03325	0.01190	0.06063	0.00278	0.04710	0.00678	0.00534	0.17003
3	0.01792	0.07727	0.04355	0.04670	0.10280	0.04909	0.03877	0.12172	0.11241	0.05077	0.10448	0.05084	0.08815	0.01006	0.00731	0.00218	0.00702	0.00849	0.00578	0.05470
4	0.01857	0.09269	0.07028	0.07022	0.10881	0.07306	0.01502	0.12212	0.13545	0.02538	0.01887	0.02582	0.01634	0.06409	0.01045	0.00269	0.05491	0.06049	0.00501	0.00971
5	0.05329	0.02261	0.04236	0.10866	0.12006	0.24075	0.05997	0.08257	0.06703	0.05618	0.01472	0.01712	0.01141	0.00763	0.00751	0.00215	0.03511	0.00599	0.00449	0.04038
6	0.01984	0.19668	0.07295	0.02051	0.14537	0.06490	0.01531	0.13921	0.04606	0.02540	0.01349	0.01566	0.01101	0.00742	0.00769	0.00196	0.06866	0.00543	0.00433	0.11813
7	0.07202	0.01522	0.04127	0.01244	0.01635	0.08885	0.03077	0.14734	0.02064	0.02723	0.12152	0.04201	0.26225	0.01279	0.00769	0.00228	0.00639	0.03284	0.00620	0.03389
8	0.02086	0.09118	0.02458	0.09354	0.11715	0.09266	0.09086	0.13626	0.02011	0.10285	0.01924	0.05877	0.01652	0.00944	0.00745	0.00230	0.00876	0.07230	0.00525	0.00990
9	0.01844	0.01626	0.02458	0.07519	0.16123	0.06531	0.16035	0.05474	0.07350	0.08972	0.02107	0.04751	0.04014	0.03633	0.06147	0.00320	0.00971	0.02662	0.00497	0.00967
10	0.01533	0.01391	0.02094	0.51017	0.04072	0.01678	0.01786	0.06711	0.06574	0.02170	0.01420	0.01921	0.01088	0.00788	0.00852	0.00237	0.06935	0.00643	0.00391	0.06699
11	0.02040	0.08484	0.07823	0.03296	0.40475	0.21185	0.01953	0.02418	0.01744	0.02148	0.01265	0.01591	0.01056	0.00677	0.00678	0.00204	0.00996	0.00568	0.00356	0.01042
12	0.01556	0.01669	0.11999	0.01388	0.02037	0.01164	0.06686	0.05033	0.01656	0.05077	0.02152	0.04259	0.08913	0.00793	0.00651	0.00168	0.00669	0.00675	0.00474	0.42980
13	0.01647	0.01587	0.06686	0.01442	0.01854	0.01614	0.01191	0.03322	0.53009	0.02877	0.07884	0.08792	0.02684	0.01109	0.00760	0.00248	0.00582	0.00941	0.00706	0.01063
14	0.01622	0.01379	0.01661	0.01364	0.06662	0.01120	0.00999	0.06766	0.01661	0.02534	0.01331	0.01546	0.01094	0.00571	0.00565	0.00124	0.00581	0.00463	0.00448	0.67508
15	0.00990	0.00957	0.06810	0.06276	0.01547	0.00774	0.00977	0.01218	0.01429	0.01917	0.03573	0.57824	0.04160	0.02013	0.00899	0.00289	0.00534	0.06541	0.00618	0.00652
16	0.04890	0.14679	0.07309	0.01588	0.02088	0.31090	0.01352	0.08217	0.03974	0.04974	0.01369	0.01553	0.01104	0.01067	0.05718	0.00257	0.01071	0.00515	0.00430	0.06752
17	0.01213	0.01176	0.06174	0.01078	0.01227	0.06720	0.00820	0.01361	0.01299	0.01665	0.02595	0.11021	0.05065	0.41444	0.07197	0.00565	0.00825	0.07502	0.00475	0.00579
18	0.01918	0.20128	0.31469	0.01717	0.02499	0.09497	0.01864	0.12630	0.01874	0.02472	0.01284	0.01455	0.00987	0.00698	0.00628	0.00197	0.00946	0.00505	0.00391	0.06841
19	0.01743	0.01878	0.06914	0.06414	0.05463	0.12383	0.05570	0.09160	0.04112	0.02294	0.01986	0.14671	0.03674	0.01129	0.01032	0.00242	0.13264	0.00891	0.00473	0.06708
20	0.01543	0.01316	0.04737	0.08824	0.04052	0.06085	0.03442	0.01945	0.06142	0.11634	0.05434	0.16810	0.22320	0.01393	0.00805	0.00245	0.00637	0.01198	0.00617	0.00823
21	0.01313	0.08989	0.03315	0.01421	0.06518	0.01205	0.01029	0.01759	0.09985	0.03811	0.03293	0.36000	0.07855	0.01615	0.00879	0.00259	0.03614	0.03979	0.00596	0.02566
22	0.09791	0.05074	0.07915	0.02220	0.17205	0.10887	0.04708	0.11311	0.03977	0.04759	0.01894	0.04000	0.03770	0.00898	0.00706	0.00224	0.00845	0.05842	0.00489	0.03484
23	0.15175	0.02389	0.18031	0.01909	0.08872	0.12818	0.01627	0.10800	0.08282	0.04837	0.01576	0.04203	0.01255	0.00835	0.00747	0.00227	0.04323	0.00620	0.00475	0.00999
24	0.02087	0.09688	0.07477	0.14763	0.06951	0.22290	0.04729	0.08015	0.03408	0.05104	0.01437	0.01794	0.01145	0.00756	0.00678	0.00206	0.00991	0.02201	0.00424	0.05856
25	0.01755	0.04312	0.15439	0.07660	0.03882	0.04827	0.09073	0.11147	0.01871	0.06644	0.02330	0.07084	0.09161	0.00939	0.00728	0.00217	0.00823	0.00807	0.00496	0.10805
26	0.01737	0.08146	0.14897	0.03817	0.05541	0.05217	0.07679	0.10258	0.11605	0.02523	0.04230	0.04777	0.03760	0.04782	0.02123	0.00266	0.03931	0.00758	0.00488	0.03465

[dist]
# distance from previous block
# <min> <max>
11	103

[block]
# block no. 12 follows, 28 sequences, length 40
# corresponding to MSA columns:
# 914-953
