[name]
unknown

[dist]
# distance from previous block
# <min> <max>
12	399

[block]
# block no. 0 follows, 34 sequences, length 17
# corresponding to MSA columns:
# 532-548
name=unknown_A
#
# <colnr> <probs for GDERKNQSTAVLIFYWHMCP>
#	G	D	E	R	K	N	Q	S	T	A	V	L	I	F	Y	W	H	M	C	P
0	0.16574	0.11998	0.03257	0.01334	0.01770	0.18256	0.04799	0.07819	0.07722	0.14472	0.01557	0.05064	0.01229	0.00745	0.00572	0.00189	0.00738	0.00562	0.00481	0.00862
1	0.09796	0.01679	0.01623	0.01318	0.01774	0.12763	0.01060	0.23995	0.11418	0.21610	0.01791	0.01719	0.01261	0.00748	0.00608	0.00191	0.00681	0.00563	0.00604	0.04796
2	0.00800	0.00592	0.00750	0.00859	0.00941	0.00542	0.00596	0.00942	0.01329	0.01742	0.08979	0.56917	0.16619	0.01898	0.00812	0.00252	0.00369	0.03918	0.00608	0.00537
3	0.02187	0.01676	0.01787	0.01432	0.01901	0.01878	0.01163	0.49636	0.24947	0.03638	0.01893	0.01824	0.01376	0.00808	0.00650	0.00202	0.00648	0.00629	0.00650	0.01075
4	0.01340	0.01148	0.01340	0.00957	0.01531	0.00861	0.00766	0.01627	0.01340	0.02105	0.01148	0.01340	0.00957	0.00479	0.00479	0.00096	0.00479	0.00383	0.00383	0.81242
5	0.01506	0.01706	0.03697	0.07233	0.03443	0.01622	0.66646	0.02044	0.01511	0.02044	0.01297	0.01742	0.00973	0.00551	0.00755	0.00218	0.01075	0.00751	0.00324	0.00862
6	0.02600	0.15031	0.01816	0.01127	0.01621	0.01228	0.00963	0.02844	0.01751	0.57481	0.05294	0.02101	0.01654	0.00777	0.00612	0.00189	0.00565	0.00617	0.00701	0.01029
7	0.11656	0.00731	0.00697	0.00689	0.00925	0.00666	0.00523	0.01057	0.01415	0.01897	0.05688	0.07877	0.61000	0.01510	0.00717	0.00217	0.00352	0.01243	0.00573	0.00565
8	0.00821	0.00587	0.00789	0.00939	0.00991	0.00554	0.00659	0.00959	0.01271	0.01688	0.03542	0.67525	0.04199	0.01992	0.00834	0.00267	0.00404	0.10846	0.00599	0.00534
9	0.02504	0.01082	0.01436	0.01162	0.01597	0.00984	0.00964	0.08032	0.01891	0.54714	0.06539	0.02980	0.02098	0.00959	0.00688	0.00213	0.00555	0.09842	0.00755	0.01004
10	0.01364	0.01365	0.02275	0.53172	0.13268	0.04738	0.11078	0.01792	0.01371	0.01765	0.01172	0.01684	0.00897	0.00624	0.00658	0.00210	0.00893	0.00593	0.00299	0.00780
11	0.08453	0.02497	0.01800	0.01652	0.05299	0.45983	0.01223	0.16779	0.06348	0.02294	0.01217	0.01334	0.00957	0.00692	0.00589	0.00179	0.00960	0.00472	0.00423	0.00848
12	0.02374	0.01891	0.01845	0.01470	0.01938	0.11657	0.01189	0.53602	0.06073	0.06464	0.01635	0.03994	0.01228	0.00807	0.00644	0.00194	0.00745	0.00610	0.00610	0.01030
13	0.04870	0.00874	0.01243	0.01114	0.01362	0.00823	0.10096	0.01324	0.03690	0.01934	0.08767	0.14785	0.23688	0.06759	0.00939	0.00259	0.00521	0.12474	0.00539	0.03937
14	0.01748	0.01332	0.01627	0.11291	0.02030	0.01468	0.02895	0.31106	0.05143	0.06179	0.04087	0.09688	0.11658	0.01036	0.00781	0.00215	0.05444	0.00840	0.00565	0.00869
15	0.09762	0.20177	0.09056	0.01541	0.03451	0.09199	0.10576	0.12668	0.06651	0.05295	0.04729	0.01591	0.01245	0.00677	0.00579	0.00185	0.00766	0.00541	0.00427	0.00885
16	0.08706	0.01288	0.01352	0.01130	0.01510	0.06325	0.02101	0.14740	0.07265	0.08796	0.10977	0.07224	0.08459	0.00962	0.00639	0.00190	0.00554	0.02906	0.00566	0.14309

[dist]
# distance from previous block
# <min> <max>
15	241

[block]
# block no. 1 follows, 34 sequences, length 13
# corresponding to MSA columns:
# 839-851
name=unknown_B
#
# <colnr> <probs for GDERKNQSTAVLIFYWHMCP>
#	G	D	E	R	K	N	Q	S	T	A	V	L	I	F	Y	W	H	M	C	P
0	0.02185	0.01402	0.01486	0.01199	0.01654	0.09889	0.00954	0.06451	0.11838	0.31785	0.02062	0.05555	0.01524	0.00783	0.00614	0.00179	0.00603	0.00629	0.00614	0.18594
1	0.16737	0.01505	0.03930	0.01154	0.01595	0.10608	0.00946	0.07263	0.09073	0.15051	0.01882	0.05752	0.04446	0.00783	0.00574	0.00181	0.00608	0.00603	0.00519	0.16791
2	0.06069	0.01438	0.01562	0.01411	0.04524	0.01617	0.01071	0.17263	0.45826	0.06516	0.02279	0.04078	0.01728	0.00856	0.00645	0.00212	0.00561	0.00698	0.00634	0.01012
3	0.01408	0.01306	0.01364	0.01063	0.01535	0.08243	0.00832	0.01711	0.03612	0.02009	0.01387	0.08191	0.01273	0.00675	0.00591	0.00129	0.03518	0.00536	0.00402	0.60215
4	0.01620	0.01880	0.03503	0.05419	0.03253	0.10371	0.59905	0.02115	0.01553	0.01995	0.01264	0.01673	0.00958	0.00563	0.00736	0.00212	0.01090	0.00714	0.00326	0.00851
5	0.01763	0.01808	0.03146	0.02324	0.02884	0.10324	0.49169	0.02299	0.05904	0.08844	0.01453	0.01746	0.01078	0.00625	0.00772	0.00212	0.03674	0.00701	0.00391	0.00882
6	0.00851	0.00666	0.00753	0.00788	0.00954	0.00599	0.00601	0.01024	0.01409	0.01744	0.07344	0.08815	0.44389	0.11600	0.01124	0.00290	0.00424	0.15514	0.00575	0.00537
7	0.00982	0.00864	0.00879	0.00991	0.01064	0.09402	0.00677	0.01101	0.01308	0.01641	0.03255	0.67810	0.03862	0.01862	0.00796	0.00251	0.00469	0.01667	0.00568	0.00552
8	0.05329	0.01594	0.01507	0.01313	0.01681	0.14595	0.01063	0.25387	0.02026	0.02646	0.01945	0.07564	0.01843	0.01030	0.00672	0.00205	0.00704	0.16987	0.00529	0.11377
9	0.01301	0.01235	0.01705	0.05079	0.04938	0.08702	0.14836	0.01650	0.05699	0.01776	0.02174	0.10228	0.02232	0.19453	0.01368	0.00331	0.00756	0.15433	0.00443	0.00662
10	0.06329	0.02391	0.01832	0.10802	0.04191	0.44859	0.03041	0.06706	0.10079	0.01972	0.01252	0.01425	0.00989	0.00686	0.00600	0.00184	0.00975	0.00493	0.00388	0.00807
11	0.11593	0.05473	0.04319	0.01530	0.01920	0.51264	0.02736	0.02522	0.05225	0.06020	0.01168	0.01289	0.00921	0.00668	0.00568	0.00176	0.00992	0.00445	0.00380	0.00790
12	0.16656	0.01639	0.01544	0.01343	0.01711	0.15931	0.04704	0.11753	0.15775	0.05951	0.06174	0.02482	0.01784	0.00885	0.00633	0.00209	0.00696	0.08763	0.00529	0.00838

[dist]
# distance from previous block
# <min> <max>
8	152

[block]
# block no. 2 follows, 34 sequences, length 12
# corresponding to MSA columns:
# 1045-1056
name=unknown_C
#
# <colnr> <probs for GDERKNQSTAVLIFYWHMCP>
#	G	D	E	R	K	N	Q	S	T	A	V	L	I	F	Y	W	H	M	C	P
0	0.01942	0.04105	0.03816	0.01510	0.05810	0.17271	0.02772	0.10812	0.08209	0.12951	0.05866	0.03665	0.03149	0.00846	0.00709	0.00193	0.04419	0.03547	0.00513	0.07895
1	0.10674	0.01504	0.01571	0.01284	0.01698	0.09511	0.04951	0.18006	0.10832	0.06412	0.09188	0.06178	0.01842	0.00829	0.00617	0.00187	0.00630	0.00674	0.00540	0.12874
2	0.19834	0.05667	0.08027	0.03872	0.01898	0.17209	0.01170	0.15832	0.05131	0.09382	0.01333	0.01413	0.00989	0.00675	0.00556	0.00185	0.00750	0.00477	0.00462	0.05139
3	0.07895	0.01623	0.01608	0.18132	0.06299	0.19424	0.01201	0.03216	0.05238	0.03888	0.03955	0.05981	0.03286	0.00777	0.00641	0.00186	0.02666	0.00612	0.00404	0.12969
4	0.03967	0.01631	0.02167	0.04215	0.10755	0.07395	0.13710	0.21747	0.04186	0.12948	0.03862	0.01764	0.01281	0.00695	0.00647	0.00191	0.00762	0.00613	0.00512	0.06953
5	0.11349	0.02560	0.05818	0.01531	0.01943	0.44701	0.01236	0.15657	0.05398	0.02290	0.01183	0.01298	0.00923	0.00687	0.00580	0.00180	0.00958	0.00459	0.00413	0.00836
6	0.11682	0.05471	0.01800	0.03867	0.04112	0.14332	0.02689	0.18742	0.10566	0.08749	0.01469	0.01550	0.01106	0.00723	0.00668	0.00190	0.04885	0.00527	0.00492	0.06381
7	0.06854	0.01043	0.01462	0.01202	0.01549	0.01003	0.09105	0.05917	0.05938	0.21912	0.19596	0.11931	0.07542	0.01088	0.00703	0.00212	0.00523	0.00960	0.00642	0.00818
8	0.01024	0.00791	0.00888	0.00872	0.00959	0.03868	0.00581	0.01166	0.03276	0.01460	0.02080	0.12267	0.02272	0.43075	0.17577	0.00606	0.00838	0.00935	0.00412	0.05051
9	0.08743	0.01506	0.01691	0.01394	0.01803	0.12081	0.08387	0.09466	0.09563	0.22033	0.08055	0.02550	0.01914	0.00877	0.00663	0.00208	0.00689	0.06892	0.00590	0.00894
10	0.05876	0.50109	0.16635	0.01259	0.01859	0.02180	0.01321	0.02135	0.09831	0.01837	0.01157	0.01266	0.00958	0.00606	0.00481	0.00164	0.00710	0.00418	0.00328	0.00870
11	0.01364	0.01381	0.01925	0.66823	0.04155	0.10254	0.01729	0.01763	0.01357	0.01643	0.01130	0.01656	0.00858	0.00648	0.00638	0.00209	0.00898	0.00555	0.00293	0.00722

[dist]
# distance from previous block
# <min> <max>
0	1

[block]
# block no. 3 follows, 34 sequences, length 11
# corresponding to MSA columns:
# 1058-1068
name=unknown_D
#
# <colnr> <probs for GDERKNQSTAVLIFYWHMCP>
#	G	D	E	R	K	N	Q	S	T	A	V	L	I	F	Y	W	H	M	C	P
0	0.05233	0.01141	0.01494	0.01160	0.01650	0.01032	0.00954	0.05206	0.05628	0.65605	0.02472	0.02156	0.01577	0.00797	0.00642	0.00201	0.00551	0.00643	0.00775	0.01083
1	0.01071	0.00730	0.00971	0.01060	0.01230	0.00699	0.00891	0.01328	0.01498	0.05828	0.06589	0.12357	0.15395	0.01708	0.00847	0.00272	0.00519	0.45787	0.00612	0.00609
2	0.00894	0.00636	0.00748	0.00774	0.00835	0.00622	0.00505	0.00972	0.01107	0.01444	0.03064	0.13111	0.15216	0.44495	0.08956	0.00532	0.00643	0.04525	0.00459	0.00462
3	0.16397	0.01484	0.01475	0.01196	0.01651	0.13576	0.00966	0.05052	0.01756	0.47017	0.01970	0.01805	0.01298	0.00742	0.00595	0.00194	0.00651	0.00556	0.00647	0.00971
4	0.09724	0.01191	0.01450	0.01161	0.01612	0.01142	0.00953	0.14766	0.01909	0.42716	0.02255	0.06252	0.01670	0.00887	0.00642	0.00203	0.00563	0.04919	0.00690	0.05296
5	0.00861	0.00651	0.00857	0.00964	0.01036	0.00648	0.00703	0.01009	0.01287	0.01698	0.03714	0.53806	0.11737	0.01891	0.00906	0.00264	0.04952	0.11888	0.00580	0.00549
6	0.15337	0.01600	0.03109	0.08177	0.06839	0.01581	0.49727	0.02003	0.01431	0.02182	0.01220	0.01614	0.00925	0.00564	0.00684	0.00213	0.00953	0.00667	0.00336	0.00838
7	0.08177	0.01641	0.02795	0.02346	0.12563	0.06297	0.36081	0.02106	0.01493	0.08031	0.01312	0.01617	0.00998	0.00599	0.00721	0.00199	0.03792	0.00628	0.00375	0.08229
8	0.01406	0.01405	0.02555	0.36282	0.18149	0.01521	0.20507	0.01950	0.06049	0.01928	0.01303	0.01748	0.01000	0.00619	0.00677	0.00211	0.00881	0.00636	0.00329	0.00842
9	0.01790	0.01658	0.03064	0.08823	0.03034	0.06315	0.46118	0.02237	0.01565	0.14320	0.01473	0.01772	0.01063	0.00623	0.00761	0.00213	0.03185	0.00698	0.00404	0.00884
10	0.01549	0.01415	0.02698	0.04468	0.04669	0.01295	0.39054	0.01970	0.01516	0.09515	0.05456	0.06573	0.01523	0.00699	0.00698	0.00196	0.00824	0.00763	0.00422	0.14697

[dist]
# distance from previous block
# <min> <max>
4	192

[block]
# block no. 4 follows, 34 sequences, length 58
# corresponding to MSA columns:
# 1331-1388
name=unknown_E
#
# <colnr> <probs for GDERKNQSTAVLIFYWHMCP>
#	G	D	E	R	K	N	Q	S	T	A	V	L	I	F	Y	W	H	M	C	P
0	0.01887	0.01736	0.04307	0.01671	0.02105	0.11959	0.16489	0.19891	0.01905	0.08278	0.03896	0.07988	0.01489	0.02267	0.00837	0.00212	0.06725	0.00718	0.00483	0.05157
1	0.01564	0.01414	0.02416	0.08834	0.02527	0.01397	0.28804	0.12013	0.01648	0.04946	0.03769	0.03936	0.01355	0.05441	0.02756	0.00244	0.03197	0.00703	0.00419	0.12616
2	0.08981	0.01497	0.02162	0.03906	0.02207	0.07328	0.22273	0.06222	0.01602	0.16364	0.01741	0.04657	0.03822	0.00738	0.00705	0.00196	0.03783	0.00667	0.00471	0.10678
3	0.04576	0.04117	0.02116	0.01644	0.02031	0.07186	0.22180	0.02024	0.08315	0.07810	0.08464	0.05771	0.02051	0.01164	0.05256	0.00268	0.03573	0.08475	0.00476	0.02503
4	0.01752	0.02052	0.02999	0.06776	0.02940	0.21827	0.42477	0.02226	0.04475	0.01920	0.01253	0.01599	0.00969	0.00616	0.00743	0.00206	0.03357	0.00648	0.00338	0.00829
5	0.06360	0.01517	0.02857	0.02164	0.04505	0.01494	0.42595	0.04388	0.01444	0.02094	0.01331	0.05228	0.01117	0.00741	0.00902	0.03276	0.07977	0.00713	0.00356	0.08942
6	0.09342	0.01289	0.02115	0.42987	0.16454	0.01473	0.07755	0.01831	0.01338	0.04849	0.01197	0.01644	0.00915	0.00644	0.00685	0.00212	0.03570	0.00572	0.00329	0.00801
7	0.02109	0.01984	0.02370	0.03501	0.02390	0.20415	0.21623	0.18830	0.05369	0.09883	0.01469	0.01613	0.01079	0.00673	0.00659	0.00193	0.00907	0.00599	0.00471	0.03863
8	0.01156	0.00750	0.00892	0.00852	0.01076	0.00676	0.00655	0.03867	0.01615	0.11387	0.17545	0.14735	0.34296	0.01500	0.00762	0.00224	0.00393	0.06319	0.00648	0.00651
9	0.00847	0.00621	0.00782	0.00889	0.00969	0.00583	0.00609	0.03540	0.01336	0.01753	0.03883	0.64638	0.13302	0.01926	0.00810	0.00254	0.00381	0.01727	0.00602	0.00549
10	0.01555	0.01733	0.03675	0.02639	0.03263	0.01661	0.65734	0.04577	0.01560	0.02124	0.01299	0.01723	0.00980	0.00575	0.00810	0.00219	0.03915	0.00748	0.00337	0.00874
11	0.02408	0.04834	0.01912	0.01590	0.01990	0.48583	0.01238	0.25198	0.02215	0.02402	0.01178	0.01289	0.00920	0.00699	0.00599	0.00175	0.01001	0.00469	0.00435	0.00867
12	0.00800	0.00569	0.00752	0.00887	0.00927	0.00533	0.00590	0.00915	0.01247	0.01669	0.06333	0.70330	0.04253	0.05709	0.00944	0.00278	0.00384	0.01765	0.00594	0.00522
13	0.01990	0.31108	0.05996	0.01385	0.01867	0.17725	0.01233	0.18737	0.01823	0.02206	0.01099	0.01243	0.00902	0.00668	0.00630	0.00168	0.05668	0.00440	0.00383	0.04730
14	0.01319	0.01125	0.01317	0.00950	0.01504	0.00849	0.00758	0.01607	0.01363	0.02129	0.04589	0.01507	0.01203	0.00519	0.00492	0.00101	0.00470	0.00420	0.00399	0.77377
15	0.01749	0.10853	0.31019	0.01469	0.02122	0.01409	0.04810	0.06569	0.01638	0.18927	0.09234	0.02065	0.03783	0.00763	0.00629	0.00196	0.00733	0.00623	0.00479	0.00931
16	0.00924	0.00780	0.04245	0.00903	0.01070	0.00649	0.00692	0.01178	0.04226	0.04146	0.12481	0.40697	0.20499	0.01757	0.02402	0.00255	0.00423	0.01471	0.00601	0.00600
17	0.01525	0.01743	0.03813	0.02723	0.03377	0.01634	0.70915	0.02070	0.01525	0.02070	0.01307	0.01743	0.00980	0.00545	0.00763	0.00218	0.01089	0.00763	0.00327	0.00871
18	0.01493	0.01614	0.09345	0.23658	0.27797	0.01517	0.15200	0.01941	0.01416	0.04812	0.01247	0.01656	0.00966	0.00625	0.00724	0.00209	0.03957	0.00605	0.00325	0.00891
19	0.01369	0.01301	0.02208	0.47483	0.31540	0.01475	0.01869	0.01782	0.01363	0.01832	0.01175	0.01674	0.00925	0.00618	0.00644	0.00206	0.00824	0.00575	0.00300	0.00838
20	0.00831	0.00657	0.00748	0.00725	0.00914	0.00574	0.00544	0.01058	0.01632	0.02123	0.36156	0.05597	0.43153	0.01496	0.00763	0.00212	0.00317	0.01277	0.00650	0.00574
21	0.11606	0.01716	0.01894	0.04434	0.02066	0.01903	0.03806	0.57683	0.02686	0.03763	0.01450	0.01507	0.01038	0.00741	0.00622	0.00196	0.00707	0.00561	0.00591	0.01029
22	0.04946	0.01440	0.02035	0.01619	0.02054	0.05254	0.20285	0.05693	0.22274	0.11899	0.02309	0.02623	0.05926	0.03739	0.00790	0.00231	0.00718	0.04733	0.00540	0.00889
23	0.01323	0.08077	0.69451	0.01795	0.02724	0.01568	0.02306	0.02039	0.01361	0.02013	0.01143	0.01343	0.00819	0.00610	0.00601	0.00200	0.00938	0.00469	0.00273	0.00947
24	0.00797	0.00570	0.00759	0.00893	0.00939	0.00532	0.00601	0.00925	0.01284	0.01725	0.09101	0.71116	0.04419	0.01968	0.00820	0.00258	0.00369	0.01783	0.00609	0.00532
25	0.02420	0.02896	0.01847	0.01639	0.01998	0.64167	0.01245	0.12508	0.02006	0.01942	0.01079	0.01221	0.00871	0.00682	0.00592	0.00170	0.01099	0.00440	0.00378	0.00800
26	0.09963	0.02531	0.01705	0.01518	0.01881	0.49674	0.01161	0.09812	0.11835	0.02128	0.01278	0.01371	0.01009	0.00701	0.00582	0.00180	0.00961	0.00472	0.00418	0.00820
27	0.01599	0.01535	0.02623	0.03966	0.73262	0.01535	0.01983	0.01983	0.01471	0.02111	0.01215	0.01599	0.01023	0.00576	0.00640	0.00192	0.00768	0.00576	0.00320	0.01023
28	0.01521	0.01731	0.03744	0.02685	0.03314	0.01647	0.68305	0.02050	0.01505	0.02050	0.01290	0.01731	0.00975	0.00567	0.00814	0.00220	0.03907	0.00755	0.00325	0.00865
29	0.00927	0.00677	0.00960	0.00960	0.01048	0.00765	0.00710	0.01104	0.01015	0.01442	0.01802	0.02935	0.01787	0.21844	0.57970	0.00942	0.01472	0.00750	0.00357	0.00533
30	0.01296	0.03342	0.73944	0.01842	0.02797	0.01501	0.02387	0.02046	0.01364	0.02046	0.01160	0.01364	0.00818	0.00614	0.00614	0.00205	0.00955	0.00477	0.00273	0.00955
31	0.00787	0.00562	0.00750	0.00900	0.00937	0.00525	0.00600	0.00900	0.01237	0.01649	0.03561	0.76871	0.04274	0.02024	0.00825	0.00262	0.00375	0.01837	0.00600	0.00525
32	0.00940	0.00626	0.00705	0.00705	0.00705	0.00626	0.00392	0.00940	0.00940	0.01253	0.02036	0.04228	0.02349	0.77292	0.03289	0.00626	0.00626	0.00940	0.00392	0.00392
33	0.01069	0.00808	0.01137	0.09806	0.01657	0.00844	0.01059	0.01456	0.04904	0.02043	0.14246	0.06013	0.03683	0.01535	0.00832	0.00269	0.00575	0.46851	0.00581	0.00632
34	0.01599	0.01535	0.02623	0.03966	0.73262	0.01535	0.01983	0.01983	0.01471	0.02111	0.01215	0.01599	0.01023	0.00576	0.00640	0.00192	0.00768	0.00576	0.00320	0.01023
35	0.02381	0.01755	0.01895	0.01465	0.01962	0.01945	0.01207	0.67656	0.02939	0.03945	0.01560	0.01600	0.01124	0.00976	0.04302	0.00236	0.00761	0.00587	0.00632	0.01073
36	0.00835	0.00588	0.00758	0.00857	0.00895	0.00565	0.00562	0.00936	0.01188	0.01597	0.06450	0.53259	0.03794	0.19385	0.04866	0.00380	0.00493	0.01545	0.00545	0.00501
37	0.00851	0.00661	0.00785	0.00826	0.00993	0.00595	0.00640	0.01062	0.01510	0.01928	0.17855	0.15736	0.37168	0.01660	0.00798	0.00238	0.00384	0.15126	0.00620	0.00565
38	0.01309	0.05645	0.71759	0.01819	0.02761	0.01533	0.02348	0.02043	0.01363	0.02030	0.01151	0.01354	0.00819	0.00612	0.00608	0.00203	0.00947	0.00473	0.00273	0.00951
39	0.02104	0.04070	0.01917	0.01647	0.01901	0.45413	0.01293	0.07927	0.01668	0.01778	0.00997	0.01269	0.00859	0.00811	0.01044	0.00203	0.23516	0.00473	0.00343	0.00767
40	0.01244	0.00641	0.00645	0.00630	0.00793	0.00647	0.00476	0.03729	0.01409	0.02462	0.02090	0.02382	0.01638	0.00754	0.00458	0.00152	0.00314	0.00602	0.78317	0.00618
41	0.01544	0.01479	0.02523	0.14404	0.63254	0.01521	0.01956	0.01935	0.01445	0.02044	0.01206	0.01617	0.01000	0.00586	0.00641	0.00195	0.00781	0.00575	0.00315	0.00979
42	0.01268	0.01194	0.01998	0.66656	0.11494	0.01450	0.01797	0.01725	0.02900	0.01722	0.01189	0.01725	0.00903	0.00644	0.00646	0.00213	0.00844	0.00578	0.00299	0.00756
43	0.01437	0.01520	0.05706	0.27087	0.10877	0.13883	0.01414	0.01837	0.04114	0.01865	0.01753	0.06442	0.03345	0.00853	0.00644	0.00206	0.00769	0.06031	0.09471	0.00746
44	0.05572	0.02899	0.01805	0.01624	0.01960	0.66236	0.01230	0.05907	0.01839	0.01756	0.01018	0.01186	0.00841	0.00681	0.00619	0.00172	0.03116	0.00426	0.00350	0.00763
45	0.01375	0.00905	0.01153	0.01071	0.01347	0.00868	0.03423	0.04973	0.08005	0.13873	0.04050	0.10689	0.25218	0.01418	0.00768	0.00238	0.00501	0.18766	0.00629	0.00730
46	0.01420	0.01153	0.01386	0.01036	0.01548	0.00944	0.02565	0.04722	0.04807	0.04783	0.01442	0.05116	0.01249	0.03749	0.00639	0.00142	0.00509	0.00519	0.00432	0.61838
47	0.01081	0.00651	0.00841	0.00896	0.00989	0.00610	0.00616	0.01196	0.01261	0.09960	0.03161	0.46481	0.05024	0.18662	0.01357	0.00337	0.00463	0.05271	0.00576	0.00566
48	0.01675	0.10717	0.03068	0.04307	0.02717	0.13468	0.38461	0.02147	0.05466	0.01898	0.01232	0.01571	0.00978	0.00648	0.00825	0.00207	0.08816	0.00631	0.00335	0.00834
49	0.02072	0.01455	0.01578	0.04288	0.01811	0.05502	0.01028	0.28501	0.05602	0.16791	0.02268	0.02214	0.09554	0.00826	0.00631	0.00183	0.00620	0.00652	0.00597	0.13827
50	0.01301	0.01021	0.00965	0.00897	0.01136	0.08885	0.00668	0.04837	0.01571	0.10178	0.06201	0.11310	0.38499	0.08456	0.00965	0.00251	0.00497	0.01137	0.00579	0.00645
51	0.01357	0.01203	0.01548	0.01118	0.01673	0.00966	0.05919	0.01656	0.01338	0.02079	0.01147	0.01372	0.00954	0.00512	0.00570	0.00113	0.03793	0.00418	0.00374	0.71888
52	0.01267	0.02900	0.60592	0.01779	0.02605	0.01395	0.04784	0.01943	0.01388	0.02031	0.01497	0.02248	0.01250	0.00783	0.00660	0.00219	0.00907	0.10531	0.00322	0.00899
53	0.00771	0.00655	0.00664	0.00662	0.00877	0.00548	0.00497	0.00941	0.01490	0.01785	0.09670	0.06153	0.69850	0.01622	0.00764	0.00217	0.00326	0.01354	0.00605	0.00548
54	0.14115	0.01720	0.02273	0.04740	0.02307	0.15941	0.26143	0.02141	0.01492	0.08640	0.01340	0.01607	0.01017	0.00660	0.00708	0.00201	0.05424	0.00585	0.08145	0.00800
55	0.66112	0.01612	0.01124	0.01011	0.01398	0.15966	0.00808	0.02034	0.01245	0.02638	0.00919	0.01073	0.00726	0.00613	0.00436	0.00193	0.00632	0.00363	0.00387	0.00710
56	0.01306	0.01211	0.01895	0.37696	0.18648	0.01364	0.03106	0.01888	0.11060	0.01955	0.04993	0.02358	0.08233	0.00785	0.00665	0.00211	0.00722	0.00702	0.00394	0.00809
57	0.01460	0.01426	0.02524	0.28642	0.41338	0.01512	0.09935	0.01878	0.01416	0.01947	0.01203	0.01659	0.00962	0.00596	0.00656	0.00203	0.00837	0.00597	0.00309	0.00900

[dist]
# distance from previous block
# <min> <max>
0	2

[block]
# block no. 5 follows, 34 sequences, length 18
# corresponding to MSA columns:
# 1391-1408
name=unknown_F
#
# <colnr> <probs for GDERKNQSTAVLIFYWHMCP>
#	G	D	E	R	K	N	Q	S	T	A	V	L	I	F	Y	W	H	M	C	P
0	0.00820	0.00590	0.00770	0.00888	0.00944	0.00545	0.00591	0.00931	0.01220	0.01639	0.03356	0.68652	0.04003	0.07369	0.00988	0.00282	0.00397	0.01715	0.00576	0.03723
1	0.00938	0.00635	0.00747	0.00747	0.00762	0.00650	0.00445	0.00967	0.00952	0.01285	0.01997	0.04012	0.02255	0.68008	0.12444	0.00679	0.00768	0.00908	0.00386	0.00415
2	0.00856	0.00654	0.00816	0.00832	0.00965	0.00641	0.00611	0.01032	0.01289	0.01692	0.10732	0.13276	0.27032	0.11450	0.22918	0.00514	0.00787	0.02848	0.00512	0.00542
3	0.00792	0.00571	0.00750	0.00883	0.00935	0.00530	0.00594	0.00915	0.01276	0.01696	0.06772	0.69971	0.07980	0.01973	0.00819	0.00257	0.00369	0.01782	0.00605	0.00530
4	0.01010	0.00761	0.01062	0.01030	0.01134	0.00882	0.00781	0.03783	0.01094	0.01556	0.01732	0.02746	0.01687	0.17539	0.55236	0.00892	0.05418	0.00726	0.00362	0.00570
5	0.01353	0.00855	0.01087	0.01088	0.01325	0.00831	0.00907	0.05252	0.04904	0.12783	0.03744	0.10087	0.16078	0.01529	0.00804	0.00257	0.00527	0.35253	0.00632	0.00703
6	0.00905	0.00653	0.00881	0.00999	0.01093	0.00643	0.00769	0.01095	0.01305	0.01722	0.03376	0.35041	0.07053	0.06973	0.08326	0.00374	0.00606	0.27076	0.00560	0.00549
7	0.01113	0.00728	0.00929	0.00850	0.01048	0.00673	0.00647	0.01458	0.04403	0.09152	0.58546	0.04602	0.10786	0.01281	0.00748	0.00205	0.00337	0.01119	0.00709	0.00666
8	0.01525	0.01743	0.03813	0.02723	0.03377	0.01634	0.70915	0.02070	0.01525	0.02070	0.01307	0.01743	0.00980	0.00545	0.00763	0.00218	0.01089	0.00763	0.00327	0.00871
9	0.01417	0.01349	0.02294	0.38449	0.40202	0.01487	0.01892	0.01823	0.01385	0.01890	0.01183	0.01659	0.00946	0.00609	0.00643	0.00203	0.00813	0.00575	0.00304	0.00877
10	0.01053	0.00751	0.00921	0.00960	0.01065	0.00753	0.00678	0.09948	0.01451	0.01938	0.05004	0.46492	0.03527	0.15419	0.01250	0.00320	0.00479	0.06837	0.00571	0.00582
11	0.73985	0.01431	0.01037	0.00930	0.01324	0.08707	0.00754	0.01967	0.01172	0.02768	0.00910	0.01061	0.00713	0.00606	0.00418	0.00197	0.00566	0.00356	0.00393	0.00705
12	0.81856	0.01250	0.00950	0.00850	0.01250	0.01449	0.00700	0.01899	0.01100	0.02899	0.00900	0.01050	0.00700	0.00600	0.00400	0.00200	0.00500	0.00350	0.00400	0.00700
13	0.38959	0.01172	0.01130	0.00958	0.01345	0.01256	0.00780	0.11964	0.01572	0.15033	0.02102	0.02111	0.10265	0.00920	0.02584	0.00221	0.00538	0.00591	0.05704	0.00797
14	0.01553	0.20898	0.44489	0.01687	0.02452	0.11139	0.05302	0.02089	0.01420	0.01863	0.01084	0.01279	0.00831	0.00603	0.00570	0.00185	0.00926	0.00452	0.00284	0.00895
15	0.01996	0.01943	0.02883	0.02155	0.02707	0.16584	0.39242	0.10645	0.01812	0.11392	0.01433	0.01660	0.01044	0.00630	0.00697	0.00202	0.00990	0.00655	0.00427	0.00903
16	0.00904	0.00670	0.00849	0.00833	0.00997	0.00615	0.00644	0.01183	0.01722	0.02356	0.52182	0.05390	0.17718	0.01437	0.00779	0.00218	0.00346	0.09885	0.00677	0.00596
17	0.01848	0.01778	0.10908	0.01439	0.01930	0.01725	0.01265	0.25623	0.40205	0.03071	0.02085	0.01993	0.01536	0.00810	0.00648	0.00209	0.00634	0.00649	0.00605	0.01039

[dist]
# distance from previous block
# <min> <max>
0	1

[block]
# block no. 6 follows, 34 sequences, length 16
# corresponding to MSA columns:
# 1410-1425
name=unknown_G
#
# <colnr> <probs for GDERKNQSTAVLIFYWHMCP>
#	G	D	E	R	K	N	Q	S	T	A	V	L	I	F	Y	W	H	M	C	P
0	0.01528	0.01330	0.02002	0.51726	0.14747	0.05324	0.01704	0.04223	0.01455	0.07944	0.01284	0.01709	0.00956	0.00654	0.00642	0.00207	0.00831	0.00573	0.00350	0.00813
1	0.01966	0.02064	0.01555	0.01395	0.01693	0.39897	0.03610	0.02254	0.06671	0.09268	0.02038	0.09925	0.06625	0.07154	0.00861	0.00227	0.00865	0.00735	0.00457	0.00743
2	0.04108	0.01882	0.03355	0.06235	0.03175	0.11732	0.55591	0.02114	0.01542	0.02006	0.01244	0.01641	0.00945	0.00568	0.00721	0.00210	0.01070	0.00692	0.00328	0.00841
3	0.01359	0.01444	0.02993	0.06133	0.02863	0.01378	0.50231	0.01803	0.01449	0.01950	0.01759	0.10445	0.01631	0.04631	0.00900	0.00250	0.00935	0.06688	0.00380	0.00779
4	0.01122	0.00561	0.00842	0.00842	0.00842	0.00561	0.00561	0.00842	0.00842	0.01122	0.01122	0.01964	0.01122	0.02245	0.02525	0.81201	0.00561	0.00561	0.00281	0.00281
5	0.27745	0.05602	0.03663	0.05733	0.01835	0.03793	0.03763	0.11164	0.03254	0.08493	0.01240	0.01395	0.00943	0.00669	0.00642	0.00188	0.06301	0.00471	0.00439	0.12666
6	0.06167	0.01286	0.07684	0.01368	0.01695	0.04774	0.11987	0.05091	0.01535	0.04558	0.09974	0.18878	0.05563	0.03627	0.00823	0.00246	0.00645	0.12877	0.00517	0.00705
7	0.00795	0.00604	0.00733	0.00810	0.00920	0.00542	0.00566	0.00947	0.01385	0.01795	0.12920	0.45197	0.26827	0.01813	0.00797	0.00241	0.00351	0.01602	0.00613	0.00542
8	0.09473	0.01210	0.01494	0.01173	0.01654	0.01157	0.00963	0.09979	0.08008	0.54422	0.02314	0.02054	0.01504	0.00787	0.00629	0.00201	0.00559	0.00624	0.00738	0.01059
9	0.01593	0.01930	0.11188	0.02399	0.08175	0.06757	0.42160	0.07816	0.01640	0.02178	0.01558	0.04169	0.03887	0.00672	0.00716	0.00210	0.00971	0.00734	0.00367	0.00879
10	0.01533	0.01468	0.02503	0.16465	0.61278	0.01518	0.01950	0.01925	0.01440	0.02031	0.01204	0.01621	0.00995	0.00588	0.00641	0.00196	0.00784	0.00575	0.00314	0.00970
11	0.00820	0.00592	0.00770	0.00900	0.00962	0.00555	0.00627	0.00950	0.01269	0.01668	0.03725	0.59907	0.09979	0.05709	0.00949	0.00280	0.00406	0.08816	0.00589	0.00527
12	0.01639	0.01820	0.03220	0.07089	0.03075	0.09367	0.49228	0.05721	0.01575	0.02052	0.01236	0.01641	0.00952	0.00629	0.00852	0.00217	0.07816	0.00687	0.00338	0.00846
13	0.00779	0.00635	0.00683	0.00711	0.00884	0.00546	0.00514	0.00933	0.01423	0.01744	0.08324	0.20347	0.54566	0.03900	0.00849	0.00238	0.00345	0.01439	0.00598	0.00539
14	0.04480	0.01455	0.01842	0.07758	0.02101	0.07419	0.11181	0.13959	0.04016	0.07964	0.01472	0.01790	0.01166	0.04875	0.06746	0.00266	0.00814	0.00576	0.00448	0.19671
15	0.10334	0.46498	0.05757	0.01152	0.01676	0.04330	0.01094	0.02257	0.07021	0.12584	0.01298	0.01340	0.01021	0.00627	0.00482	0.00164	0.00662	0.00430	0.00400	0.00874

[dist]
# distance from previous block
# <min> <max>
0	7

[block]
# block no. 7 follows, 34 sequences, length 57
# corresponding to MSA columns:
# 1433-1489
name=unknown_H
#
# <colnr> <probs for GDERKNQSTAVLIFYWHMCP>
#	G	D	E	R	K	N	Q	S	T	A	V	L	I	F	Y	W	H	M	C	P
0	0.09249	0.11685	0.01626	0.01115	0.01517	0.01415	0.00920	0.17677	0.06023	0.12927	0.04202	0.05037	0.05465	0.03535	0.08011	0.00282	0.00686	0.00663	0.00535	0.07433
1	0.01506	0.04199	0.17069	0.06779	0.05332	0.01634	0.46969	0.04639	0.01530	0.02102	0.01264	0.01637	0.00944	0.00574	0.00709	0.00211	0.01015	0.00672	0.00324	0.00890
2	0.01433	0.02135	0.23789	0.07810	0.05502	0.01553	0.41595	0.02015	0.01454	0.02035	0.01245	0.01615	0.00926	0.00571	0.00698	0.00209	0.01004	0.00648	0.00310	0.03454
3	0.00787	0.00562	0.00750	0.00900	0.00937	0.00525	0.00600	0.00900	0.01237	0.01649	0.03561	0.76871	0.04274	0.02024	0.00825	0.00262	0.00375	0.01837	0.00600	0.00525
4	0.02081	0.01955	0.25431	0.01493	0.03926	0.01332	0.01477	0.12013	0.07899	0.29719	0.02082	0.01994	0.04073	0.00769	0.00642	0.00203	0.00699	0.00617	0.00572	0.01022
5	0.07610	0.01358	0.01648	0.01613	0.12566	0.04057	0.01117	0.17754	0.03720	0.29296	0.02261	0.06498	0.05866	0.00867	0.00646	0.00201	0.00614	0.00710	0.00620	0.00978
6	0.00913	0.00709	0.00830	0.00831	0.01004	0.00683	0.00616	0.01266	0.08023	0.02010	0.20075	0.17516	0.29291	0.01848	0.08106	0.00302	0.00486	0.01249	0.03634	0.00606
7	0.00923	0.00692	0.01038	0.01038	0.01154	0.00808	0.00808	0.01154	0.01038	0.01500	0.01731	0.02538	0.01615	0.04846	0.74732	0.01038	0.01731	0.00692	0.00346	0.00577
8	0.00926	0.00680	0.00977	0.00977	0.01071	0.00774	0.00731	0.01115	0.01020	0.01455	0.01787	0.02848	0.01750	0.18140	0.61622	0.00963	0.01528	0.00738	0.00354	0.00543
9	0.03278	0.01516	0.02207	0.25447	0.24175	0.07201	0.05822	0.05741	0.01492	0.06273	0.01233	0.01613	0.00967	0.00692	0.00812	0.00210	0.09529	0.00573	0.00355	0.00863
10	0.00925	0.00739	0.00842	0.00849	0.01017	0.00729	0.00618	0.01303	0.11016	0.01802	0.06118	0.18637	0.32565	0.09292	0.10220	0.00368	0.00565	0.01239	0.00559	0.00598
11	0.00852	0.00593	0.00770	0.00876	0.00953	0.00545	0.00600	0.00988	0.01321	0.03701	0.09019	0.62573	0.11007	0.01900	0.00809	0.00252	0.00370	0.01708	0.00614	0.00549
12	0.00995	0.00698	0.00895	0.02942	0.01133	0.00682	0.00694	0.03428	0.03562	0.04625	0.07535	0.46380	0.09566	0.05983	0.03027	0.00292	0.00468	0.05914	0.00590	0.00592
13	0.01514	0.05437	0.01534	0.01038	0.01603	0.01111	0.00848	0.11173	0.01571	0.02343	0.01190	0.01352	0.00969	0.00523	0.00498	0.00112	0.00522	0.00408	0.00413	0.65840
14	0.00923	0.00692	0.01038	0.01038	0.01154	0.00808	0.00808	0.01154	0.01038	0.01500	0.01731	0.02538	0.01615	0.04846	0.74732	0.01038	0.01731	0.00692	0.00346	0.00577
15	0.01296	0.03342	0.73944	0.01842	0.02797	0.01501	0.02387	0.02046	0.01364	0.02046	0.01160	0.01364	0.00818	0.00614	0.00614	0.00205	0.00955	0.00477	0.00273	0.00955
16	0.03242	0.01478	0.02608	0.14368	0.49408	0.01510	0.11715	0.01925	0.01445	0.02048	0.01275	0.01790	0.01064	0.00617	0.00660	0.00202	0.00817	0.02566	0.00326	0.00937
17	0.00956	0.00735	0.01077	0.01059	0.01159	0.00872	0.00819	0.01166	0.01029	0.01487	0.01694	0.02579	0.01615	0.09480	0.65183	0.00961	0.06512	0.00701	0.00345	0.00573
18	0.00888	0.00645	0.00847	0.00975	0.01059	0.00625	0.00721	0.01107	0.03739	0.01751	0.03550	0.50127	0.06651	0.04745	0.00928	0.00282	0.00446	0.19762	0.00593	0.00557
19	0.01600	0.01204	0.03341	0.01294	0.05373	0.07303	0.00997	0.06158	0.06475	0.15435	0.09302	0.09631	0.11946	0.01240	0.00734	0.00226	0.00579	0.15769	0.00605	0.00785
20	0.02192	0.01679	0.01790	0.01433	0.01903	0.01880	0.01164	0.50054	0.24521	0.03646	0.01887	0.01819	0.01371	0.00807	0.00650	0.00202	0.00649	0.00628	0.00650	0.01075
21	0.01561	0.05491	0.01782	0.01296	0.04104	0.03050	0.07815	0.03684	0.03886	0.07048	0.01306	0.01468	0.01034	0.00541	0.00533	0.00129	0.00590	0.00461	0.00413	0.53805
22	0.04067	0.26919	0.49115	0.01575	0.02384	0.01835	0.01924	0.02006	0.01339	0.01907	0.01068	0.01250	0.00818	0.00594	0.00543	0.00183	0.00856	0.00431	0.00278	0.00907
23	0.81856	0.01250	0.00950	0.00850	0.01250	0.01449	0.00700	0.01899	0.01100	0.02899	0.00900	0.01050	0.00700	0.00600	0.00400	0.00200	0.00500	0.00350	0.00400	0.00700
24	0.00916	0.00769	0.01037	0.05039	0.01324	0.00721	0.05213	0.01193	0.03392	0.01926	0.15518	0.15155	0.35340	0.01510	0.00776	0.00230	0.00442	0.08314	0.00584	0.00601
25	0.01585	0.01521	0.02598	0.06565	0.70770	0.01532	0.01976	0.01971	0.01465	0.02094	0.01213	0.01604	0.01018	0.00578	0.00640	0.00193	0.00771	0.00576	0.00319	0.01012
26	0.01296	0.03342	0.73944	0.01842	0.02797	0.01501	0.02387	0.02046	0.01364	0.02046	0.01160	0.01364	0.00818	0.00614	0.00614	0.00205	0.00955	0.00477	0.00273	0.00955
27	0.01907	0.01553	0.01609	0.01370	0.01781	0.04015	0.01086	0.22557	0.48471	0.04925	0.02271	0.02122	0.01679	0.00839	0.00652	0.00210	0.00590	0.00676	0.00648	0.01038
28	0.01485	0.01678	0.03645	0.02623	0.03243	0.01573	0.67058	0.02006	0.01509	0.02047	0.01431	0.05864	0.01161	0.00626	0.00766	0.00220	0.01050	0.00821	0.00342	0.00852
29	0.02517	0.01311	0.01582	0.01256	0.01730	0.01315	0.01024	0.17265	0.17893	0.43341	0.02361	0.02113	0.01580	0.00812	0.00651	0.00203	0.00574	0.00654	0.00736	0.01082
30	0.01675	0.01679	0.02549	0.03752	0.66643	0.08330	0.01915	0.02038	0.01505	0.02062	0.01195	0.01559	0.01006	0.00584	0.00634	0.00190	0.00805	0.00561	0.00321	0.00998
31	0.01367	0.01298	0.02202	0.48026	0.31020	0.01474	0.01867	0.01779	0.01361	0.01829	0.01174	0.01675	0.00924	0.00619	0.00644	0.00206	0.00825	0.00575	0.00300	0.00836
32	0.00895	0.00766	0.00788	0.00819	0.00977	0.04626	0.00596	0.01063	0.01458	0.01809	0.13453	0.25067	0.37169	0.03799	0.00847	0.00240	0.00403	0.04074	0.00593	0.00557
33	0.00927	0.00632	0.00738	0.00767	0.00793	0.00624	0.00476	0.00972	0.01041	0.01374	0.02492	0.11684	0.05456	0.59942	0.02726	0.00544	0.00587	0.07357	0.00439	0.00430
34	0.00812	0.00576	0.00739	0.00859	0.00896	0.00542	0.00561	0.00907	0.01195	0.01586	0.03404	0.62434	0.06199	0.14576	0.01234	0.00322	0.00415	0.01672	0.00565	0.00503
35	0.01528	0.01732	0.03739	0.02679	0.03324	0.01633	0.68724	0.02112	0.03737	0.02090	0.01349	0.01764	0.01011	0.00555	0.00759	0.00218	0.01071	0.00762	0.00337	0.00876
36	0.01525	0.01743	0.03813	0.02723	0.03377	0.01634	0.70915	0.02070	0.01525	0.02070	0.01307	0.01743	0.00980	0.00545	0.00763	0.00218	0.01089	0.00763	0.00327	0.00871
37	0.00951	0.00623	0.00723	0.00737	0.00763	0.00628	0.00447	0.01008	0.01016	0.01422	0.02163	0.10672	0.02406	0.57468	0.07931	0.00575	0.00650	0.00972	0.08409	0.00438
38	0.00828	0.00580	0.00738	0.00847	0.00874	0.00552	0.00544	0.00910	0.01157	0.01542	0.03149	0.57252	0.03754	0.22352	0.01490	0.00361	0.00443	0.01595	0.00544	0.00489
39	0.01551	0.01727	0.03648	0.02624	0.03237	0.01666	0.64706	0.04416	0.01548	0.02110	0.01290	0.01718	0.00977	0.00585	0.00833	0.00221	0.05192	0.00745	0.00335	0.00870
40	0.01362	0.14700	0.63165	0.01729	0.02623	0.01662	0.02191	0.02029	0.01356	0.01966	0.01120	0.01314	0.00820	0.00605	0.00583	0.00194	0.00915	0.00457	0.00273	0.00936
41	0.00907	0.00699	0.00844	0.00923	0.01042	0.00686	0.00654	0.01274	0.11018	0.01844	0.05744	0.50762	0.15413	0.01776	0.00792	0.00249	0.00391	0.03770	0.00611	0.00601
42	0.00783	0.00578	0.00734	0.00858	0.00926	0.00528	0.00581	0.00904	0.01277	0.01666	0.04065	0.64943	0.15876	0.01959	0.00814	0.00255	0.00367	0.01757	0.00600	0.00528
43	0.01493	0.01471	0.02290	0.33495	0.40394	0.06033	0.01859	0.01883	0.01419	0.01888	0.01174	0.01623	0.00945	0.00610	0.00639	0.00200	0.00831	0.00565	0.00307	0.00880
44	0.01703	0.01648	0.02310	0.05615	0.52312	0.10930	0.01727	0.02097	0.03841	0.04904	0.05579	0.01790	0.01351	0.00653	0.00641	0.00191	0.00777	0.00598	0.00374	0.00956
45	0.00895	0.00689	0.00818	0.00801	0.00965	0.00645	0.00589	0.01200	0.05433	0.02123	0.34808	0.11687	0.26370	0.06052	0.03794	0.00272	0.00404	0.01236	0.00630	0.00590
46	0.04101	0.01551	0.03044	0.09206	0.05143	0.01556	0.46418	0.04144	0.03743	0.02089	0.01473	0.05695	0.01231	0.00716	0.00810	0.00224	0.05074	0.02584	0.00365	0.00834
47	0.08384	0.01489	0.02228	0.01733	0.02183	0.05897	0.25471	0.08427	0.08287	0.07817	0.08376	0.02479	0.01813	0.00822	0.00729	0.00213	0.02751	0.06652	0.00490	0.03759
48	0.01579	0.01842	0.13277	0.01729	0.02225	0.09087	0.20906	0.08516	0.03327	0.03916	0.01429	0.01958	0.01201	0.10995	0.05114	0.00298	0.03648	0.00640	0.00383	0.07929
49	0.01609	0.01567	0.02094	0.08437	0.02301	0.10768	0.18987	0.11372	0.08323	0.02231	0.04136	0.04786	0.01477	0.05048	0.05146	0.00266	0.00864	0.00693	0.00433	0.09462
50	0.08150	0.01631	0.04253	0.01829	0.10077	0.13093	0.16483	0.05914	0.01585	0.03965	0.07677	0.08979	0.01761	0.03827	0.00756	0.00211	0.00770	0.00740	0.00428	0.07870
51	0.01725	0.01768	0.05182	0.01833	0.02304	0.15130	0.27193	0.06132	0.03868	0.08187	0.01814	0.10860	0.03269	0.00930	0.02606	0.00225	0.00892	0.00789	0.00439	0.04853
52	0.01804	0.03570	0.05935	0.02088	0.13847	0.06543	0.20171	0.04392	0.05411	0.15113	0.01638	0.02053	0.01301	0.10089	0.01029	0.00255	0.02762	0.00671	0.00444	0.00885
53	0.04317	0.04576	0.02487	0.01940	0.05151	0.16056	0.26996	0.05864	0.10396	0.04920	0.03729	0.01858	0.03182	0.00684	0.00660	0.00195	0.00871	0.00649	0.00426	0.05045
54	0.06089	0.01601	0.01985	0.01531	0.02023	0.11474	0.16062	0.10741	0.04471	0.10811	0.01568	0.06079	0.01263	0.00709	0.00619	0.00177	0.00739	0.00625	0.00471	0.20962
55	0.01815	0.03339	0.02513	0.01879	0.02374	0.14021	0.31058	0.03997	0.03590	0.12170	0.07161	0.04862	0.01598	0.00731	0.00687	0.00197	0.00864	0.00722	0.00455	0.05966
56	0.06203	0.04106	0.03924	0.01568	0.01976	0.16228	0.17874	0.06220	0.03829	0.03459	0.08383	0.07487	0.03295	0.04672	0.00793	0.00218	0.00787	0.02538	0.00443	0.05994

[dist]
# distance from previous block
# <min> <max>
8	152

[block]
# block no. 8 follows, 34 sequences, length 19
# corresponding to MSA columns:
# 1661-1679
name=unknown_I
#
# <colnr> <probs for GDERKNQSTAVLIFYWHMCP>
#	G	D	E	R	K	N	Q	S	T	A	V	L	I	F	Y	W	H	M	C	P
0	0.07788	0.05171	0.01864	0.01653	0.09059	0.10953	0.10390	0.08388	0.03306	0.05057	0.06438	0.08120	0.05276	0.00939	0.00663	0.00203	0.00703	0.07546	0.00475	0.06007
1	0.04467	0.04031	0.02068	0.01616	0.02046	0.10950	0.18730	0.05046	0.15198	0.09020	0.03739	0.02707	0.05079	0.00873	0.00685	0.00210	0.00756	0.08706	0.00505	0.03568
2	0.01823	0.05146	0.02246	0.08228	0.16145	0.13655	0.11958	0.06600	0.07257	0.08937	0.01509	0.03932	0.01218	0.02551	0.00765	0.00208	0.03798	0.00628	0.00422	0.02975
3	0.03809	0.01775	0.03884	0.01572	0.04025	0.18636	0.09365	0.14760	0.03881	0.13131	0.01853	0.13962	0.01620	0.00908	0.00662	0.00200	0.00773	0.00769	0.00514	0.03901
4	0.04330	0.06053	0.05287	0.08334	0.08565	0.13957	0.04365	0.07168	0.08198	0.03645	0.10856	0.04778	0.01927	0.03313	0.00723	0.00207	0.00725	0.02326	0.00456	0.04786
5	0.05926	0.07327	0.04027	0.01301	0.01751	0.13712	0.02719	0.11251	0.05658	0.22148	0.04465	0.01924	0.04067	0.00772	0.00652	0.00185	0.03141	0.00587	0.00544	0.07841
6	0.01706	0.01277	0.01369	0.01286	0.06495	0.09623	0.00919	0.03715	0.07812	0.17122	0.04695	0.11990	0.10973	0.00988	0.00647	0.00186	0.00565	0.00826	0.00556	0.17249
7	0.11208	0.06456	0.04491	0.01951	0.16762	0.05435	0.08670	0.08631	0.11523	0.11252	0.01812	0.01972	0.04170	0.00736	0.00621	0.00199	0.00704	0.01998	0.00480	0.00928
8	0.01747	0.01497	0.04467	0.07926	0.22980	0.03734	0.18586	0.02193	0.03986	0.15122	0.06733	0.01985	0.01493	0.00679	0.00673	0.00199	0.00779	0.00668	0.00448	0.04107
9	0.07502	0.01425	0.02045	0.02009	0.17332	0.06603	0.13321	0.02222	0.03150	0.19791	0.01760	0.08490	0.01430	0.00761	0.00643	0.00194	0.00708	0.00696	0.00486	0.09432
10	0.01581	0.01266	0.02135	0.07662	0.35384	0.01244	0.08358	0.01939	0.01570	0.11898	0.14586	0.05709	0.02159	0.00810	0.00684	0.00202	0.00674	0.00770	0.00468	0.00900
11	0.01495	0.01172	0.01640	0.01268	0.01714	0.01070	0.11436	0.05608	0.10275	0.09475	0.15317	0.02624	0.07176	0.00824	0.00643	0.00174	0.00551	0.00736	0.00540	0.26262
12	0.01496	0.01402	0.02361	0.03523	0.62318	0.01399	0.01807	0.01852	0.01455	0.02063	0.01561	0.07653	0.01474	0.00777	0.00673	0.00205	0.00725	0.05942	0.00362	0.00953
13	0.01620	0.01489	0.02499	0.03520	0.60985	0.01451	0.04373	0.01995	0.01475	0.04810	0.01263	0.01602	0.01037	0.00574	0.00629	0.00184	0.00743	0.00567	0.00344	0.08840
14	0.01385	0.01234	0.01609	0.01176	0.01738	0.01015	0.08081	0.01851	0.08340	0.02161	0.01311	0.01487	0.01060	0.00525	0.00526	0.00121	0.00545	0.00457	0.00404	0.64975
15	0.01284	0.01214	0.02054	0.63629	0.16061	0.01452	0.01826	0.01707	0.01322	0.01728	0.01160	0.01702	0.00889	0.00634	0.00645	0.00211	0.00846	0.00574	0.00293	0.00769
16	0.01599	0.01535	0.02623	0.03966	0.73262	0.01535	0.01983	0.01983	0.01471	0.02111	0.01215	0.01599	0.01023	0.00576	0.00640	0.00192	0.00768	0.00576	0.00320	0.01023
17	0.01364	0.01184	0.01524	0.01118	0.01659	0.00949	0.06436	0.04589	0.01420	0.02155	0.01348	0.06685	0.01198	0.00605	0.00533	0.00121	0.00530	0.00524	0.00405	0.65653
18	0.01331	0.01194	0.02004	0.64105	0.12725	0.01429	0.01785	0.01749	0.01335	0.04499	0.01211	0.01726	0.00910	0.00643	0.00645	0.00212	0.00838	0.00577	0.00311	0.00770

[dist]
# distance from previous block
# <min> <max>
0	2

[block]
# block no. 9 follows, 34 sequences, length 24
# corresponding to MSA columns:
# 1682-1705
name=unknown_J
#
# <colnr> <probs for GDERKNQSTAVLIFYWHMCP>
#	G	D	E	R	K	N	Q	S	T	A	V	L	I	F	Y	W	H	M	C	P
0	0.01419	0.01202	0.02112	0.01771	0.06320	0.01157	0.25027	0.01956	0.08937	0.08718	0.23293	0.06126	0.02977	0.00972	0.00744	0.00217	0.00667	0.05029	0.00546	0.00807
1	0.01584	0.01512	0.02545	0.03784	0.68929	0.01495	0.01909	0.01961	0.01463	0.02111	0.01211	0.01584	0.01019	0.00570	0.00630	0.00186	0.00750	0.00564	0.00324	0.05869
2	0.01599	0.01535	0.02623	0.03966	0.73262	0.01535	0.01983	0.01983	0.01471	0.02111	0.01215	0.01599	0.01023	0.00576	0.00640	0.00192	0.00768	0.00576	0.00320	0.01023
3	0.01599	0.01535	0.02623	0.03966	0.73262	0.01535	0.01983	0.01983	0.01471	0.02111	0.01215	0.01599	0.01023	0.00576	0.00640	0.00192	0.00768	0.00576	0.00320	0.01023
4	0.01810	0.01461	0.01555	0.01343	0.01742	0.01665	0.01060	0.16530	0.56657	0.05055	0.02419	0.02238	0.01792	0.00855	0.00655	0.00214	0.00551	0.00699	0.00659	0.01040
5	0.01599	0.01535	0.02623	0.03966	0.73262	0.01535	0.01983	0.01983	0.01471	0.02111	0.01215	0.01599	0.01023	0.00576	0.00640	0.00192	0.00768	0.00576	0.00320	0.01023
6	0.01576	0.01512	0.02581	0.08311	0.69096	0.01529	0.01972	0.01963	0.01460	0.02083	0.01211	0.01607	0.01014	0.00580	0.00640	0.00193	0.00773	0.00576	0.00318	0.01005
7	0.01417	0.10935	0.63201	0.01733	0.02624	0.01584	0.02186	0.02087	0.01382	0.05391	0.01198	0.01370	0.00857	0.00616	0.00595	0.00198	0.00908	0.00472	0.00298	0.00949
