[name]
unknown

[dist]
# distance from previous block
# <min> <max>
29	81

[block]
# block no. 0 follows, 32 sequences, length 22
# corresponding to MSA columns:
# 103-124
name=unknown_A
#
# <colnr> <probs for GDERKNQSTAVLIFYWHMCP>
#	G	D	E	R	K	N	Q	S	T	A	V	L	I	F	Y	W	H	M	C	P
0	0.14511	0.12038	0.01760	0.01255	0.01674	0.13958	0.01033	0.12413	0.07397	0.13157	0.05986	0.02276	0.04764	0.00863	0.00613	0.00200	0.00692	0.03976	0.00546	0.00887
1	0.12571	0.02326	0.14031	0.01800	0.09055	0.20043	0.01465	0.16901	0.10813	0.02663	0.01414	0.01526	0.01074	0.00716	0.00615	0.00200	0.00852	0.00529	0.00456	0.00950
2	0.45041	0.01659	0.01353	0.01157	0.01577	0.11190	0.00932	0.18221	0.04400	0.03084	0.01240	0.01354	0.00944	0.00694	0.00514	0.00200	0.00653	0.00458	0.04490	0.00839
3	0.01267	0.01193	0.02013	0.74806	0.04621	0.01491	0.01863	0.01714	0.01342	0.01714	0.01193	0.01789	0.00894	0.00671	0.00671	0.00224	0.00894	0.00596	0.00298	0.00745
4	0.01391	0.01193	0.01391	0.00994	0.01590	0.00894	0.00795	0.01690	0.01391	0.02186	0.01193	0.01391	0.00994	0.00497	0.00497	0.00099	0.00497	0.00398	0.00398	0.80521
5	0.00973	0.00660	0.00780	0.00780	0.00796	0.00677	0.00466	0.01006	0.00990	0.01336	0.02070	0.04149	0.02334	0.66561	0.13129	0.00710	0.00809	0.00940	0.00400	0.00433
6	0.01359	0.05505	0.42986	0.08972	0.02914	0.01561	0.12924	0.01976	0.01388	0.01995	0.01266	0.01625	0.00965	0.01081	0.07984	0.00302	0.03420	0.00573	0.00302	0.00902
7	0.00864	0.00661	0.00803	0.00889	0.01028	0.00600	0.00666	0.01047	0.01456	0.01851	0.07932	0.33006	0.30476	0.01867	0.00842	0.00259	0.00410	0.14145	0.00627	0.00571
8	0.00869	0.00677	0.00790	0.00774	0.00956	0.00597	0.00576	0.01106	0.01691	0.02225	0.37668	0.10150	0.36377	0.01568	0.00796	0.00222	0.00332	0.01350	0.00678	0.00597
9	0.16624	0.07987	0.29299	0.01447	0.02137	0.01545	0.01559	0.09394	0.01667	0.19953	0.01533	0.01565	0.01059	0.00695	0.00593	0.00204	0.00753	0.00516	0.00484	0.00985
10	0.39857	0.23497	0.01922	0.03870	0.07646	0.03731	0.01006	0.01922	0.01269	0.02323	0.01136	0.04636	0.01027	0.03116	0.00572	0.00205	0.00632	0.00481	0.00373	0.00779
11	0.00832	0.00599	0.00790	0.00931	0.00987	0.00558	0.00636	0.00966	0.01329	0.01766	0.06426	0.67569	0.07470	0.02047	0.00854	0.00270	0.00393	0.04397	0.00627	0.00552
12	0.01445	0.01224	0.01420	0.01019	0.01613	0.00949	0.00817	0.04851	0.01473	0.02281	0.01212	0.01402	0.01001	0.00511	0.00505	0.00104	0.00508	0.00407	0.00410	0.76846
13	0.02180	0.01246	0.01396	0.01124	0.01517	0.01290	0.00911	0.29258	0.02224	0.19558	0.02065	0.02096	0.01475	0.00803	0.00598	0.00186	0.00543	0.00628	0.29951	0.00952
14	0.02472	0.01840	0.01969	0.01528	0.02051	0.02044	0.01256	0.64065	0.09214	0.04102	0.01711	0.01691	0.01222	0.00815	0.00672	0.00204	0.00720	0.00618	0.00672	0.01134
15	0.01279	0.01033	0.05106	0.01096	0.01385	0.00888	0.04287	0.05719	0.05846	0.08978	0.22184	0.19431	0.17281	0.01398	0.00772	0.00228	0.00477	0.01226	0.00647	0.00739
16	0.13814	0.22470	0.37760	0.01522	0.02278	0.01883	0.01760	0.07541	0.01500	0.02286	0.01124	0.01292	0.00857	0.00632	0.00551	0.00193	0.00826	0.00448	0.00336	0.00928
17	0.01127	0.01007	0.04232	0.00976	0.01321	0.00795	0.00795	0.03964	0.01557	0.02171	0.13783	0.16417	0.16598	0.01256	0.00704	0.00194	0.00458	0.05360	0.00554	0.26730
18	0.01514	0.01189	0.01404	0.01009	0.01599	0.00901	0.00810	0.01809	0.01431	0.07532	0.01303	0.01459	0.01044	0.00522	0.00510	0.00108	0.00503	0.00419	0.00430	0.74503
19	0.01680	0.02218	0.13600	0.15827	0.05670	0.16767	0.27084	0.02149	0.01553	0.01936	0.01212	0.01600	0.00933	0.00651	0.00764	0.00214	0.04342	0.00619	0.00322	0.00860
20	0.00959	0.00719	0.01078	0.01078	0.01198	0.00839	0.00839	0.01198	0.01078	0.01558	0.01797	0.02636	0.01677	0.05032	0.73760	0.01078	0.01797	0.00719	0.00359	0.00599
21	0.04863	0.16390	0.02324	0.01981	0.14007	0.37746	0.01378	0.09943	0.01852	0.02059	0.01117	0.01303	0.00924	0.00664	0.00584	0.00176	0.00972	0.00464	0.00371	0.00881

[dist]
# distance from previous block
# <min> <max>
0	1

[block]
# block no. 1 follows, 32 sequences, length 27
# corresponding to MSA columns:
# 126-152
name=unknown_B
#
# <colnr> <probs for GDERKNQSTAVLIFYWHMCP>
#	G	D	E	R	K	N	Q	S	T	A	V	L	I	F	Y	W	H	M	C	P
0	0.02281	0.01255	0.01504	0.01228	0.01661	0.01261	0.00988	0.13184	0.18964	0.34081	0.11008	0.02721	0.04897	0.00944	0.00695	0.00213	0.00547	0.00777	0.00751	0.01039
1	0.00851	0.00602	0.00789	0.00927	0.00967	0.00570	0.00622	0.00964	0.01262	0.01680	0.03502	0.63751	0.04169	0.10919	0.01164	0.00319	0.00433	0.05379	0.00597	0.00533
2	0.01699	0.01430	0.01489	0.01328	0.01695	0.03770	0.01034	0.06010	0.57350	0.04846	0.09419	0.02667	0.02384	0.00942	0.00690	0.00223	0.00540	0.00785	0.00682	0.01017
3	0.01402	0.01359	0.01947	0.01670	0.01709	0.01844	0.03694	0.01573	0.01061	0.01644	0.01059	0.01706	0.01032	0.03666	0.09058	0.00373	0.61241	0.00619	0.02627	0.00714
4	0.01610	0.01212	0.01432	0.01036	0.01621	0.00948	0.00833	0.04364	0.01513	0.09924	0.01366	0.01496	0.01072	0.00544	0.00523	0.00115	0.00514	0.00435	0.00455	0.68986
5	0.00914	0.00738	0.01178	0.01172	0.01291	0.00690	0.09302	0.01087	0.01322	0.01768	0.03405	0.66675	0.04009	0.01909	0.00848	0.00267	0.00482	0.01768	0.00587	0.00590
6	0.02551	0.01879	0.02014	0.01544	0.02081	0.02081	0.01275	0.69996	0.03155	0.04229	0.01611	0.01611	0.01141	0.00805	0.00671	0.00201	0.00738	0.00604	0.00671	0.01141
7	0.05296	0.00718	0.00875	0.00826	0.01006	0.00672	0.00623	0.01267	0.01812	0.02598	0.59853	0.04980	0.14260	0.01372	0.00771	0.00213	0.00331	0.01193	0.00707	0.00630
8	0.01508	0.01429	0.02418	0.24361	0.48807	0.01512	0.01925	0.01916	0.01494	0.02081	0.05102	0.01881	0.01302	0.00661	0.00673	0.00207	0.00799	0.00631	0.00345	0.00948
9	0.01953	0.60358	0.03155	0.01278	0.01801	0.18549	0.01181	0.02159	0.01484	0.01593	0.00956	0.01106	0.00862	0.00600	0.00470	0.00150	0.00828	0.00375	0.00300	0.00842
10	0.02551	0.01879	0.02014	0.01544	0.02081	0.02081	0.01275	0.69996	0.03155	0.04229	0.01611	0.01611	0.01141	0.00805	0.00671	0.00201	0.00738	0.00604	0.00671	0.01141
11	0.30261	0.01232	0.01380	0.01102	0.01586	0.01220	0.00909	0.06019	0.01708	0.45093	0.02000	0.01835	0.01310	0.00757	0.00584	0.00207	0.00561	0.00563	0.00678	0.00997
12	0.00950	0.00686	0.00897	0.00844	0.01002	0.00633	0.00633	0.01266	0.01899	0.02691	0.71879	0.05012	0.06331	0.01372	0.00791	0.00211	0.00317	0.01213	0.00739	0.00633
13	0.00818	0.00584	0.00779	0.00934	0.00973	0.00545	0.00623	0.00934	0.01285	0.01713	0.03698	0.75981	0.04438	0.02102	0.00856	0.00273	0.00389	0.01908	0.00623	0.00545
14	0.00959	0.00719	0.01078	0.01078	0.01198	0.00839	0.00839	0.01198	0.01078	0.01558	0.01797	0.02636	0.01677	0.05032	0.73760	0.01078	0.01797	0.00719	0.00359	0.00599
15	0.02064	0.19301	0.02263	0.01602	0.05726	0.18823	0.01255	0.19136	0.10845	0.02442	0.01415	0.01556	0.01137	0.00963	0.04400	0.00234	0.04927	0.00532	0.00453	0.00928
16	0.02551	0.01879	0.02014	0.01544	0.02081	0.02081	0.01275	0.69996	0.03155	0.04229	0.01611	0.01611	0.01141	0.00805	0.00671	0.00201	0.00738	0.00604	0.00671	0.01141
17	0.00835	0.00606	0.00793	0.00936	0.00999	0.00564	0.00648	0.00970	0.01324	0.01743	0.03943	0.65171	0.09967	0.02050	0.00856	0.00271	0.00402	0.06748	0.00623	0.00552
18	0.00887	0.00666	0.00870	0.04409	0.01150	0.00628	0.00671	0.01105	0.01561	0.02108	0.30616	0.35160	0.14293	0.01693	0.00813	0.00240	0.00378	0.01506	0.00652	0.00592
19	0.04519	0.01839	0.01886	0.03490	0.02054	0.14392	0.05022	0.29317	0.07142	0.17014	0.01999	0.01971	0.04632	0.00818	0.00667	0.00203	0.00775	0.00641	0.00608	0.01009
20	0.02551	0.01879	0.02014	0.01544	0.02081	0.02081	0.01275	0.69996	0.03155	0.04229	0.01611	0.01611	0.01141	0.00805	0.00671	0.00201	0.00738	0.00604	0.00671	0.01141
21	0.01267	0.01193	0.02013	0.74806	0.04621	0.01491	0.01863	0.01714	0.01342	0.01714	0.01193	0.01789	0.00894	0.00671	0.00671	0.00224	0.00894	0.00596	0.00298	0.00745
22	0.01548	0.01587	0.02176	0.46274	0.21324	0.12074	0.01830	0.01943	0.01471	0.01824	0.01187	0.01672	0.00933	0.00655	0.00660	0.00210	0.00916	0.00573	0.00314	0.00830
23	0.01738	0.01476	0.01556	0.01380	0.01771	0.01701	0.01079	0.08783	0.65691	0.02919	0.02643	0.02433	0.01977	0.00902	0.00682	0.00226	0.00547	0.00746	0.00682	0.01068
24	0.01166	0.00583	0.00874	0.00874	0.00874	0.00583	0.00583	0.00874	0.00874	0.01166	0.01166	0.02040	0.01166	0.02331	0.02622	0.80478	0.00583	0.00583	0.00291	0.00291
25	0.00866	0.00709	0.00769	0.00760	0.00967	0.00628	0.00567	0.01140	0.04620	0.02041	0.20549	0.09880	0.50902	0.01617	0.00791	0.00226	0.00346	0.01371	0.00651	0.00601
26	0.01750	0.01698	0.02470	0.14971	0.26760	0.07435	0.10250	0.10973	0.05479	0.02306	0.01333	0.01686	0.01059	0.00714	0.00829	0.00216	0.08122	0.00617	0.00388	0.00945

[dist]
# distance from previous block
# <min> <max>
0	2

[block]
# block no. 2 follows, 32 sequences, length 16
# corresponding to MSA columns:
# 155-170
name=unknown_C
#
# <colnr> <probs for GDERKNQSTAVLIFYWHMCP>
#	G	D	E	R	K	N	Q	S	T	A	V	L	I	F	Y	W	H	M	C	P
0	0.61454	0.01349	0.01186	0.01004	0.01447	0.01509	0.00827	0.10492	0.01489	0.12123	0.01238	0.01308	0.00898	0.00672	0.00480	0.00207	0.00553	0.00433	0.00500	0.00831
1	0.01396	0.03153	0.61747	0.01827	0.02722	0.01576	0.02257	0.02351	0.12326	0.02232	0.01443	0.01587	0.01038	0.00680	0.00645	0.00215	0.00919	0.00537	0.00346	0.01003
2	0.01068	0.00764	0.01063	0.01196	0.01351	0.00758	0.01036	0.01378	0.01580	0.02077	0.10440	0.07311	0.04111	0.01805	0.00913	0.00299	0.00587	0.61013	0.00630	0.00619
3	0.00976	0.00651	0.00732	0.00732	0.00732	0.00651	0.00407	0.00976	0.00976	0.01301	0.02114	0.04391	0.02439	0.76419	0.03415	0.00651	0.00651	0.00976	0.00407	0.00407
4	0.01505	0.25782	0.39520	0.01647	0.02448	0.01840	0.06550	0.02047	0.01409	0.01964	0.01130	0.01336	0.00880	0.00599	0.00570	0.00181	0.00867	0.00464	0.00300	0.08962
5	0.00982	0.00691	0.00908	0.01008	0.01098	0.00673	0.00732	0.04754	0.01442	0.01925	0.07432	0.52322	0.04093	0.01961	0.00953	0.04758	0.00453	0.12623	0.00613	0.00580
6	0.00942	0.00699	0.01027	0.01046	0.01151	0.00795	0.00794	0.01156	0.01099	0.01566	0.02044	0.11718	0.02049	0.07731	0.61794	0.00961	0.01575	0.00876	0.00394	0.00584
7	0.01129	0.00600	0.00868	0.00868	0.00876	0.00607	0.00576	0.00907	0.00899	0.01206	0.01324	0.02375	0.01358	0.11915	0.07005	0.65548	0.00664	0.00641	0.00310	0.00325
8	0.02013	0.01542	0.01906	0.09410	0.13033	0.01686	0.01347	0.28853	0.17560	0.07948	0.04161	0.02136	0.03685	0.00829	0.00680	0.00211	0.00681	0.00685	0.00594	0.01037
9	0.01539	0.01470	0.02503	0.25995	0.51309	0.01562	0.01999	0.01953	0.01470	0.02044	0.01241	0.01700	0.01011	0.00620	0.00666	0.00207	0.00827	0.00597	0.00322	0.00965
10	0.01797	0.01517	0.02279	0.01679	0.02262	0.05592	0.22987	0.02255	0.05401	0.13564	0.01556	0.01720	0.01160	0.00607	0.00637	0.00169	0.00757	0.00591	0.00461	0.33010
11	0.01326	0.01067	0.01392	0.01433	0.08668	0.05903	0.05132	0.01600	0.03180	0.07556	0.11136	0.11631	0.09775	0.11197	0.15511	0.00442	0.00848	0.00989	0.00510	0.00704
12	0.09324	0.01145	0.01728	0.15946	0.25722	0.01209	0.01415	0.01636	0.01416	0.02056	0.02273	0.15112	0.05817	0.01117	0.00720	0.00235	0.00667	0.11231	0.00442	0.00788
13	0.04343	0.06331	0.01524	0.01234	0.01592	0.19960	0.00963	0.08459	0.14122	0.02252	0.05235	0.06869	0.16022	0.01025	0.00658	0.00197	0.00679	0.00808	0.00525	0.07202
14	0.10572	0.08760	0.01475	0.01042	0.01478	0.01226	0.00854	0.04225	0.10835	0.05487	0.11546	0.02620	0.06752	0.00858	0.00598	0.00174	0.00507	0.03518	0.00526	0.26947
15	0.19742	0.06207	0.01985	0.02222	0.26206	0.10669	0.01354	0.09361	0.05558	0.02540	0.05205	0.01779	0.03010	0.00722	0.00598	0.00198	0.00723	0.00572	0.00435	0.00912

[dist]
# distance from previous block
# <min> <max>
1	27

[block]
# block no. 3 follows, 32 sequences, length 82
# corresponding to MSA columns:
# 198-279
name=unknown_D
#
# <colnr> <probs for GDERKNQSTAVLIFYWHMCP>
#	G	D	E	R	K	N	Q	S	T	A	V	L	I	F	Y	W	H	M	C	P
0	0.29271	0.01294	0.04715	0.01004	0.01375	0.04538	0.00843	0.05351	0.05902	0.07030	0.12162	0.03128	0.18889	0.01028	0.00624	0.00212	0.00520	0.00799	0.00555	0.00760
1	0.09420	0.27548	0.02381	0.01349	0.01833	0.07573	0.07126	0.09401	0.05070	0.10433	0.01873	0.02134	0.05953	0.00803	0.00592	0.00191	0.00720	0.04241	0.00472	0.00885
2	0.06419	0.05488	0.02035	0.01556	0.01997	0.14411	0.14749	0.04471	0.13313	0.12474	0.05638	0.02525	0.10236	0.00873	0.00680	0.00207	0.00760	0.00749	0.00534	0.00883
3	0.01812	0.01340	0.01482	0.01209	0.01611	0.01376	0.00964	0.31982	0.05723	0.05184	0.04588	0.05460	0.10212	0.07795	0.00932	0.00240	0.00601	0.04417	0.00605	0.12469
4	0.07202	0.01202	0.01664	0.01370	0.01768	0.01179	0.09028	0.11808	0.05063	0.26780	0.02532	0.18242	0.02220	0.01131	0.00728	0.00231	0.00619	0.05656	0.00657	0.00918
5	0.05672	0.00878	0.01049	0.00924	0.01249	0.00780	0.00739	0.01872	0.01684	0.26450	0.11590	0.04673	0.32438	0.01322	0.00742	0.00223	0.00446	0.05788	0.00696	0.00784
6	0.01354	0.01281	0.02170	0.59177	0.19571	0.01514	0.01907	0.01791	0.01383	0.01820	0.01208	0.01761	0.00932	0.00655	0.00669	0.00218	0.00873	0.00597	0.00306	0.00816
7	0.01586	0.42727	0.35787	0.01503	0.02272	0.02145	0.01767	0.02063	0.01388	0.01833	0.01059	0.01235	0.00856	0.00604	0.00527	0.00176	0.00845	0.00422	0.00285	0.00922
8	0.01590	0.01522	0.02596	0.16826	0.60079	0.01576	0.02024	0.01997	0.01494	0.02106	0.01250	0.01684	0.01033	0.00611	0.00665	0.00204	0.00815	0.00598	0.00326	0.01006
9	0.01081	0.00772	0.01081	0.01236	0.01390	0.00772	0.01081	0.01390	0.01545	0.02008	0.03553	0.07569	0.03862	0.01854	0.00927	0.00309	0.00618	0.67717	0.00618	0.00618
10	0.01619	0.01821	0.03247	0.02428	0.02910	0.08433	0.46165	0.02046	0.01475	0.01965	0.01246	0.01717	0.01003	0.00892	0.04125	0.00271	0.16749	0.00712	0.00331	0.00844
11	0.01622	0.01555	0.02654	0.11001	0.65650	0.01584	0.02040	0.02026	0.01510	0.02146	0.01255	0.01673	0.01046	0.00605	0.00665	0.00202	0.00807	0.00598	0.00329	0.01032
12	0.00971	0.00694	0.00955	0.01110	0.01217	0.00678	0.00890	0.01200	0.01436	0.01885	0.03613	0.36038	0.04101	0.01957	0.00898	0.00294	0.00523	0.40331	0.00620	0.00588
13	0.01379	0.00750	0.00763	0.00716	0.00910	0.00769	0.00549	0.08337	0.01580	0.02673	0.02132	0.02413	0.01663	0.00784	0.00489	0.00161	0.00355	0.00623	0.72278	0.00676
14	0.01738	0.67002	0.10667	0.01245	0.01846	0.02524	0.01295	0.02010	0.01359	0.01636	0.00959	0.01123	0.00861	0.00598	0.00504	0.00155	0.02940	0.00380	0.00287	0.00871
15	0.05463	0.00677	0.00674	0.00657	0.00839	0.00683	0.00499	0.01640	0.01410	0.04791	0.02138	0.02421	0.01666	0.00775	0.00473	0.00161	0.00332	0.00613	0.73441	0.00647
16	0.01399	0.01552	0.10411	0.03772	0.04040	0.07658	0.01168	0.04436	0.19529	0.02351	0.14698	0.03714	0.14086	0.01130	0.00728	0.00223	0.00618	0.07091	0.00571	0.00825
17	0.01033	0.00738	0.01026	0.01181	0.01314	0.00731	0.00998	0.01307	0.01497	0.01954	0.03579	0.20029	0.03967	0.01899	0.00914	0.00302	0.00576	0.55731	0.00619	0.00605
18	0.01342	0.01117	0.03695	0.01214	0.01491	0.02645	0.07230	0.06865	0.09063	0.06225	0.12466	0.16549	0.11085	0.11209	0.01119	0.00288	0.00579	0.04496	0.00588	0.00733
19	0.64309	0.01264	0.01109	0.00950	0.01387	0.01393	0.00783	0.02252	0.01310	0.18036	0.01304	0.01347	0.00928	0.00668	0.00471	0.00208	0.00530	0.00430	0.00505	0.00816
20	0.81159	0.01298	0.00986	0.00882	0.01298	0.01505	0.00727	0.01972	0.01142	0.03010	0.00934	0.01090	0.00727	0.00623	0.00415	0.00208	0.00519	0.00363	0.00415	0.00727
21	0.01391	0.01193	0.01391	0.00994	0.01590	0.00894	0.00795	0.01690	0.01391	0.02186	0.01193	0.01391	0.00994	0.00497	0.00497	0.00099	0.00497	0.00398	0.00398	0.80521
22	0.01468	0.01468	0.02055	0.01762	0.01762	0.02055	0.01468	0.01615	0.01028	0.01615	0.00881	0.01468	0.00881	0.01174	0.02202	0.00294	0.75191	0.00587	0.00294	0.00734
23	0.01920	0.01520	0.05188	0.01678	0.06541	0.01520	0.07586	0.10551	0.29223	0.15007	0.05659	0.02452	0.01896	0.00881	0.00745	0.00222	0.02848	0.02918	0.00623	0.01022
24	0.00959	0.00643	0.00737	0.00754	0.00758	0.00639	0.00430	0.00971	0.01009	0.01345	0.02284	0.12059	0.02653	0.68459	0.03141	0.00610	0.00623	0.01076	0.00430	0.00421
25	0.01602	0.06248	0.01777	0.02961	0.10538	0.01277	0.01063	0.12254	0.01706	0.02481	0.05277	0.01653	0.01319	0.00615	0.00561	0.00139	0.00584	0.00502	0.00442	0.47001
26	0.00943	0.00692	0.00819	0.00791	0.00983	0.00611	0.00592	0.01184	0.01707	0.04568	0.37918	0.09584	0.34096	0.01535	0.00792	0.00221	0.00339	0.01322	0.00686	0.00616
27	0.01287	0.01213	0.02049	0.71220	0.08052	0.01496	0.01873	0.01732	0.01351	0.01739	0.01196	0.01782	0.00903	0.00667	0.00671	0.00222	0.00890	0.00596	0.00300	0.00761
28	0.00848	0.00606	0.00813	0.00969	0.01021	0.00571	0.00676	0.00987	0.01315	0.01747	0.03681	0.68090	0.04371	0.02073	0.00865	0.00277	0.00416	0.09498	0.00622	0.00553
29	0.00998	0.00691	0.00805	0.00792	0.00796	0.00722	0.00471	0.01013	0.00982	0.01324	0.02046	0.04195	0.02341	0.70479	0.05754	0.00648	0.04165	0.00949	0.00400	0.00428
30	0.00793	0.00680	0.00680	0.00680	0.00906	0.00566	0.00510	0.00963	0.01529	0.01813	0.06797	0.06457	0.71961	0.01699	0.00793	0.00227	0.00340	0.01416	0.00623	0.00566
31	0.00846	0.00603	0.00795	0.00910	0.00966	0.00564	0.00614	0.00987	0.01364	0.01843	0.14123	0.61537	0.04631	0.05636	0.00972	0.00282	0.00391	0.01755	0.00630	0.00552
32	0.01661	0.01594	0.02724	0.04119	0.72233	0.01594	0.02059	0.02059	0.01528	0.02192	0.01262	0.01661	0.01063	0.00598	0.00664	0.00199	0.00797	0.00598	0.00332	0.01063
33	0.02211	0.30814	0.02536	0.01590	0.04275	0.44617	0.01266	0.02407	0.01687	0.01637	0.01005	0.01175	0.00870	0.00644	0.00541	0.00163	0.01011	0.00410	0.00323	0.00819
34	0.01541	0.35471	0.42654	0.01579	0.02388	0.02037	0.01898	0.02074	0.01393	0.01887	0.01086	0.01268	0.00855	0.00610	0.00547	0.00182	0.00872	0.00436	0.00285	0.00935
35	0.01517	0.09603	0.46591	0.05759	0.13634	0.01639	0.04412	0.02138	0.01454	0.05357	0.01260	0.01495	0.00930	0.00634	0.00631	0.00205	0.00917	0.00522	0.00319	0.00983
36	0.01092	0.00858	0.01055	0.01154	0.07047	0.00814	0.00800	0.01505	0.08790	0.04479	0.18517	0.07383	0.34070	0.01459	0.00783	0.00231	0.00431	0.08200	0.00635	0.00696
37	0.01346	0.03471	0.72942	0.01912	0.02904	0.01558	0.02479	0.02125	0.01417	0.02125	0.01204	0.01417	0.00850	0.00637	0.00637	0.00212	0.00992	0.00496	0.00283	0.00992
38	0.01692	0.01788	0.06813	0.07372	0.36677	0.05715	0.18507	0.04292	0.01610	0.04365	0.01502	0.01841	0.03377	0.00652	0.00696	0.00208	0.00895	0.00660	0.00366	0.00974
39	0.01705	0.01469	0.02453	0.13153	0.54331	0.01490	0.01883	0.02090	0.01540	0.08671	0.01563	0.01893	0.03419	0.00665	0.00670	0.00204	0.00774	0.00632	0.00383	0.01012
40	0.01166	0.00583	0.00874	0.00874	0.00874	0.00583	0.00583	0.00874	0.00874	0.01166	0.01166	0.02040	0.01166	0.02331	0.02622	0.80478	0.00583	0.00583	0.00291	0.00291
41	0.01821	0.02095	0.06622	0.02365	0.02943	0.16554	0.43962	0.02277	0.01652	0.06063	0.03520	0.01781	0.01174	0.00656	0.00786	0.00215	0.03553	0.00702	0.00377	0.00882
42	0.01477	0.23252	0.41580	0.01570	0.02315	0.01794	0.01832	0.03838	0.05395	0.02021	0.01405	0.06076	0.01192	0.02700	0.00670	0.00209	0.00837	0.00576	0.00341	0.00921
43	0.01747	0.04915	0.41902	0.01613	0.02353	0.01380	0.01850	0.02397	0.05516	0.18938	0.01877	0.02333	0.01434	0.00827	0.00673	0.00220	0.00816	0.07749	0.00472	0.00987
44	0.01400	0.01593	0.06291	0.02409	0.09253	0.01413	0.43762	0.01872	0.01570	0.02118	0.06238	0.05422	0.11743	0.00840	0.00775	0.00224	0.00904	0.00917	0.00411	0.00846
45	0.01560	0.38592	0.39701	0.01546	0.02338	0.02083	0.01842	0.02070	0.01391	0.01863	0.01074	0.01254	0.00855	0.00607	0.00538	0.00179	0.00860	0.00430	0.00285	0.00929
46	0.01825	0.01483	0.07666	0.06248	0.02081	0.01384	0.06503	0.23340	0.03733	0.11518	0.02223	0.14132	0.02001	0.01295	0.04441	0.00274	0.00760	0.07603	0.00580	0.00908
47	0.01516	0.01548	0.05902	0.17733	0.50852	0.01507	0.01944	0.01932	0.01497	0.02097	0.03631	0.01942	0.03598	0.00676	0.00673	0.00206	0.00795	0.00640	0.00346	0.00966
48	0.01629	0.01562	0.02667	0.09733	0.66863	0.01586	0.02044	0.02032	0.01513	0.02154	0.01257	0.01671	0.01049	0.00604	0.00665	0.00201	0.00805	0.00598	0.00329	0.01038
49	0.01529	0.01500	0.02372	0.34638	0.34709	0.05094	0.04093	0.01994	0.03858	0.01977	0.01274	0.01728	0.01012	0.00644	0.00669	0.00210	0.00861	0.00601	0.00330	0.00906
50	0.01600	0.09532	0.39664	0.05674	0.05928	0.05751	0.01892	0.03713	0.01553	0.08328	0.04225	0.01989	0.03578	0.00758	0.00644	0.00207	0.00862	0.02781	0.00387	0.00934
51	0.01505	0.01426	0.02416	0.26057	0.47782	0.01517	0.01932	0.01914	0.01487	0.02066	0.04533	0.01857	0.01256	0.00657	0.00672	0.00207	0.00805	0.00626	0.00340	0.00944
52	0.01374	0.03289	0.65736	0.02068	0.06171	0.01568	0.06296	0.02123	0.01431	0.02129	0.01216	0.01450	0.00869	0.00632	0.00648	0.00213	0.00991	0.00517	0.00289	0.00990
53	0.01270	0.12580	0.32260	0.01545	0.05436	0.01374	0.01587	0.01778	0.03294	0.02072	0.11978	0.16079	0.02431	0.01043	0.00681	0.00216	0.00712	0.02395	0.00434	0.00834
54	0.01482	0.01353	0.02284	0.35733	0.29608	0.01484	0.05263	0.01949	0.04059	0.04324	0.01456	0.05425	0.01207	0.00723	0.00684	0.00217	0.00821	0.00680	0.00361	0.00888
55	0.01479	0.01474	0.04515	0.35029	0.40528	0.01548	0.01986	0.01910	0.01443	0.01981	0.01230	0.01710	0.00983	0.00631	0.00666	0.00210	0.00846	0.00594	0.00316	0.00922
56	0.01501	0.01493	0.04774	0.13007	0.50020	0.01460	0.04056	0.01903	0.01512	0.02130	0.05995	0.06129	0.01568	0.00744	0.00688	0.00209	0.00773	0.00715	0.00369	0.00956
57	0.01567	0.01809	0.09053	0.16574	0.06781	0.10957	0.18418	0.05367	0.05576	0.02109	0.03936	0.08398	0.01620	0.00860	0.00721	0.00222	0.00895	0.03885	0.00412	0.00841
58	0.01552	0.14806	0.37661	0.01648	0.02362	0.01561	0.08095	0.02073	0.01462	0.09242	0.03865	0.06002	0.01416	0.04466	0.00775	0.00227	0.00843	0.00647	0.00386	0.00911
59	0.01654	0.01297	0.08276	0.04298	0.06333	0.01071	0.08762	0.05388	0.01664	0.18989	0.07375	0.19290	0.07046	0.01189	0.00752	0.00231	0.00637	0.04310	0.00589	0.00850
60	0.01376	0.08356	0.68318	0.01862	0.02825	0.01631	0.02390	0.02117	0.01413	0.02089	0.01186	0.01394	0.00851	0.00633	0.00624	0.00208	0.00973	0.00487	0.00284	0.00983
61	0.01639	0.12463	0.40314	0.04246	0.02582	0.01579	0.08194	0.02201	0.01482	0.12264	0.01488	0.03990	0.01124	0.00815	0.02562	0.00229	0.00905	0.00586	0.00382	0.00955
62	0.01629	0.01562	0.02666	0.09822	0.66778	0.01586	0.02043	0.02031	0.01513	0.02154	0.01257	0.01671	0.01049	0.00604	0.00665	0.00201	0.00805	0.00598	0.00329	0.01037
63	0.01587	0.01723	0.10231	0.15290	0.33076	0.01548	0.14992	0.02107	0.03760	0.05062	0.01428	0.01894	0.01134	0.00661	0.00695	0.00214	0.00876	0.02398	0.00362	0.00963
64	0.01319	0.01221	0.02032	0.20731	0.25694	0.01313	0.06091	0.01689	0.02974	0.01929	0.01943	0.20539	0.01958	0.01063	0.00806	0.00234	0.04380	0.02858	0.00411	0.00814
65	0.01346	0.01261	0.02121	0.50563	0.22538	0.01455	0.01828	0.01764	0.01411	0.01879	0.03951	0.04350	0.01262	0.00725	0.00680	0.00218	0.00830	0.00664	0.00335	0.00820
66	0.01403	0.01089	0.01771	0.12035	0.10257	0.01068	0.11102	0.01736	0.01571	0.10594	0.07252	0.07567	0.16486	0.01182	0.00771	0.00235	0.00661	0.11906	0.00534	0.00780
67	0.01333	0.03251	0.66464	0.01957	0.05711	0.01510	0.02370	0.02064	0.01415	0.02108	0.01329	0.05085	0.01035	0.00708	0.00649	0.00215	0.00954	0.00569	0.00302	0.00973
68	0.01467	0.07363	0.42627	0.08477	0.02639	0.01442	0.03628	0.02044	0.01461	0.08315	0.01689	0.06137	0.01428	0.00853	0.00675	0.00222	0.00861	0.07376	0.00387	0.00910
69	0.01435	0.01364	0.02317	0.44572	0.33540	0.01535	0.01947	0.01862	0.01421	0.01919	0.01222	0.01734	0.00966	0.00640	0.00668	0.00213	0.00853	0.00597	0.00313	0.00881
70	0.01578	0.01513	0.02613	0.03749	0.61691	0.01503	0.05786	0.01960	0.01508	0.02145	0.01494	0.08579	0.01374	0.00736	0.00689	0.00208	0.00778	0.00731	0.00360	0.01006
71	0.01440	0.01642	0.07917	0.18473	0.15437	0.01517	0.32016	0.01924	0.01482	0.02020	0.01512	0.08647	0.01305	0.00742	0.00738	0.00224	0.00943	0.00798	0.00352	0.00870
72	0.01613	0.01589	0.02780	0.09264	0.14082	0.06584	0.31812	0.02041	0.01574	0.06061	0.01766	0.06326	0.01563	0.00841	0.00760	0.00229	0.00928	0.08910	0.00411	0.00866
73	0.01649	0.01672	0.03456	0.02819	0.13568	0.01577	0.51645	0.02147	0.01582	0.06731	0.01546	0.05581	0.01240	0.00666	0.00768	0.00223	0.01007	0.00812	0.00385	0.00926
74	0.01199	0.01046	0.04318	0.01638	0.08182	0.00928	0.13668	0.01424	0.01365	0.04783	0.02632	0.38297	0.02872	0.01580	0.00997	0.08539	0.00627	0.04722	0.00505	0.00679
75	0.03436	0.01157	0.04366	0.01751	0.06871	0.01040	0.21313	0.01490	0.01456	0.02016	0.07860	0.33560	0.05299	0.01369	0.00800	0.00245	0.00665	0.04077	0.00509	0.00719
76	0.01576	0.01508	0.02571	0.19292	0.57720	0.01572	0.02017	0.01985	0.01488	0.02090	0.01247	0.01688	0.01027	0.00614	0.00666	0.00205	0.00818	0.00598	0.00325	0.00995
77	0.01651	0.01622	0.02881	0.03954	0.63479	0.01607	0.10687	0.02071	0.01535	0.02187	0.01274	0.01680	0.01057	0.00594	0.00681	0.00203	0.00840	0.00623	0.00333	0.01043
78	0.01428	0.02252	0.26976	0.02353	0.05270	0.01535	0.37961	0.02020	0.01514	0.02107	0.01769	0.03705	0.06430	0.00712	0.00737	0.00222	0.00996	0.00758	0.00348	0.00906
79	0.05653	0.09157	0.35200	0.05502	0.04868	0.01485	0.05121	0.02227	0.01494	0.15597	0.01613	0.06408	0.01250	0.00760	0.00639	0.00210	0.00819	0.00626	0.00422	0.00952
80	0.01550	0.01486	0.02431	0.22316	0.43571	0.03333	0.04715	0.03860	0.01523	0.02080	0.01398	0.06126	0.01216	0.00714	0.00682	0.00211	0.00821	0.00680	0.00351	0.00937
81	0.01309	0.09819	0.52332	0.01710	0.02496	0.01499	0.04255	0.01920	0.01395	0.02007	0.01593	0.13634	0.01445	0.00870	0.00659	0.00216	0.00872	0.00724	0.00341	0.00903

[dist]
# distance from previous block
# <min> <max>
15	35

[block]
# block no. 4 follows, 32 sequences, length 12
# corresponding to MSA columns:
# 315-326
name=unknown_E
#
# <colnr> <probs for GDERKNQSTAVLIFYWHMCP>
#	G	D	E	R	K	N	Q	S	T	A	V	L	I	F	Y	W	H	M	C	P
0	0.01462	0.08119	0.48555	0.02416	0.19099	0.01650	0.05256	0.02102	0.01446	0.02103	0.01205	0.01467	0.00908	0.00621	0.00636	0.00205	0.00933	0.00523	0.00298	0.00995
1	0.01413	0.01270	0.06343	0.16438	0.12249	0.01156	0.09342	0.01777	0.01529	0.09568	0.07495	0.07784	0.12013	0.03115	0.00813	0.00238	0.00703	0.05463	0.00486	0.00803
2	0.01546	0.09994	0.15741	0.12295	0.31898	0.01673	0.10198	0.02017	0.01467	0.02046	0.01216	0.01577	0.00972	0.00604	0.00644	0.00198	0.00866	0.00569	0.00317	0.04162
3	0.01620	0.01496	0.02477	0.13132	0.35019	0.01488	0.10941	0.04564	0.04229	0.04028	0.01359	0.01703	0.01078	0.00613	0.00657	0.00192	0.00790	0.00601	0.00378	0.13636
4	0.01342	0.01243	0.03343	0.09765	0.07054	0.05990	0.09262	0.04569	0.04381	0.04343	0.09990	0.25379	0.06548	0.02677	0.00809	0.00239	0.00655	0.01139	0.00524	0.00748
5	0.01810	0.01710	0.02467	0.11478	0.51572	0.10153	0.01874	0.02177	0.01578	0.06856	0.01321	0.01663	0.01061	0.00633	0.00659	0.00199	0.00842	0.00583	0.00364	0.00999
6	0.01387	0.02440	0.38748	0.13195	0.21959	0.01494	0.02156	0.01971	0.01428	0.02057	0.01376	0.06265	0.01142	0.00724	0.00664	0.00214	0.00886	0.00628	0.00320	0.00946
7	0.07245	0.04484	0.17232	0.12780	0.10406	0.01551	0.12115	0.05207	0.01504	0.02204	0.04059	0.02063	0.01322	0.00768	0.00775	0.00218	0.06068	0.04848	0.00373	0.04777
8	0.03929	0.02140	0.09331	0.10161	0.08741	0.22036	0.15854	0.02119	0.01563	0.01950	0.01280	0.04683	0.01079	0.00703	0.00706	0.00197	0.03352	0.00609	0.00349	0.09217
9	0.01639	0.01757	0.07274	0.21449	0.38754	0.06670	0.05238	0.05356	0.01582	0.02126	0.01247	0.01650	0.00994	0.00634	0.00666	0.00206	0.00877	0.00589	0.00338	0.00954
10	0.01583	0.07078	0.09180	0.05091	0.16458	0.07241	0.04697	0.09168	0.01657	0.04939	0.02145	0.21361	0.04414	0.01076	0.00703	0.00218	0.00726	0.00944	0.00467	0.00854
11	0.01672	0.04783	0.09647	0.06747	0.18250	0.09390	0.06022	0.04740	0.07163	0.06961	0.07755	0.07835	0.01858	0.00990	0.03034	0.00237	0.00809	0.00750	0.00458	0.00901

[dist]
# distance from previous block
# <min> <max>
4	74

[block]
# block no. 5 follows, 32 sequences, length 56
# corresponding to MSA columns:
# 402-457
name=unknown_F
#
# <colnr> <probs for GDERKNQSTAVLIFYWHMCP>
#	G	D	E	R	K	N	Q	S	T	A	V	L	I	F	Y	W	H	M	C	P
0	0.01853	0.05320	0.02682	0.02165	0.11480	0.03581	0.24389	0.15869	0.01869	0.05889	0.01394	0.01634	0.01062	0.00621	0.00662	0.00185	0.00833	0.00611	0.00439	0.17463
1	0.01951	0.09211	0.07798	0.04990	0.04896	0.05084	0.01309	0.26693	0.05651	0.05219	0.01621	0.02015	0.01307	0.00784	0.00633	0.00189	0.00725	0.05594	0.00512	0.13817
2	0.03043	0.01143	0.01301	0.01165	0.01441	0.04029	0.00934	0.12872	0.05681	0.06790	0.16254	0.03865	0.08549	0.04097	0.07392	0.00316	0.04434	0.11556	0.00596	0.04540
3	0.01728	0.08466	0.19402	0.01547	0.02020	0.18665	0.01475	0.08147	0.05836	0.02170	0.08448	0.02138	0.04923	0.00887	0.00837	0.00210	0.09897	0.01927	0.00425	0.00854
4	0.02003	0.44697	0.09127	0.01409	0.01950	0.23835	0.01317	0.05433	0.01614	0.01771	0.01020	0.01172	0.00874	0.00626	0.00513	0.00161	0.00891	0.00405	0.00322	0.00861
5	0.01878	0.01561	0.02447	0.01787	0.02375	0.01475	0.24650	0.17338	0.01896	0.09521	0.01478	0.01674	0.01098	0.00640	0.00698	0.00181	0.02684	0.00611	0.00479	0.25529
6	0.01586	0.05340	0.02491	0.12029	0.45636	0.04980	0.04102	0.01959	0.01529	0.02097	0.07486	0.01920	0.01482	0.00701	0.00728	0.00204	0.03788	0.00639	0.00361	0.00944
7	0.01061	0.00758	0.01058	0.01213	0.01359	0.00755	0.01047	0.01356	0.01525	0.01986	0.03564	0.12721	0.03905	0.01872	0.00921	0.00306	0.00601	0.62761	0.00618	0.00612
8	0.00793	0.00680	0.00680	0.00680	0.00906	0.00566	0.00510	0.00963	0.01529	0.01813	0.06797	0.06457	0.71961	0.01699	0.00793	0.00227	0.00340	0.01416	0.00623	0.00566
9	0.02259	0.01175	0.01627	0.01340	0.01765	0.01124	0.06172	0.05945	0.11761	0.39219	0.02717	0.09436	0.02158	0.01058	0.00731	0.00230	0.00605	0.08961	0.00720	0.00996
10	0.02506	0.03198	0.01901	0.01729	0.02074	0.73725	0.01296	0.02679	0.01901	0.01642	0.01037	0.01210	0.00864	0.00691	0.00605	0.00173	0.01210	0.00432	0.00346	0.00778
11	0.00818	0.00584	0.00779	0.00934	0.00973	0.00545	0.00623	0.00934	0.01285	0.01713	0.03698	0.75981	0.04438	0.02102	0.00856	0.00273	0.00389	0.01908	0.00623	0.00545
12	0.02506	0.03198	0.01901	0.01729	0.02074	0.73725	0.01296	0.02679	0.01901	0.01642	0.01037	0.01210	0.00864	0.00691	0.00605	0.00173	0.01210	0.00432	0.00346	0.00778
13	0.00966	0.00779	0.01124	0.11256	0.07807	0.00781	0.00922	0.01175	0.01380	0.01824	0.06730	0.45519	0.11566	0.01684	0.00806	0.00252	0.00493	0.03751	0.00558	0.00627
14	0.01066	0.00761	0.01064	0.01218	0.01366	0.00759	0.01055	0.01364	0.01530	0.01991	0.03561	0.11518	0.03895	0.01868	0.00923	0.00307	0.00605	0.63918	0.00618	0.00614
15	0.03010	0.01142	0.01557	0.01194	0.01713	0.00986	0.00986	0.03270	0.01920	0.72698	0.02647	0.02284	0.01661	0.00830	0.00675	0.00208	0.00571	0.00675	0.00830	0.01142
16	0.01556	0.01720	0.03590	0.09272	0.09102	0.01688	0.54810	0.02076	0.01530	0.02087	0.01311	0.01779	0.01004	0.00608	0.00842	0.00227	0.04821	0.00748	0.00333	0.00895
17	0.01664	0.01904	0.11012	0.16450	0.35819	0.08007	0.04213	0.05347	0.05099	0.02172	0.01316	0.01660	0.01040	0.00649	0.00663	0.00205	0.00871	0.00585	0.00355	0.00968
18	0.01882	0.67673	0.03315	0.01220	0.01766	0.11487	0.01167	0.02092	0.01430	0.01587	0.00946	0.01093	0.00861	0.00589	0.00452	0.00147	0.00779	0.00368	0.00294	0.00851
19	0.01499	0.01205	0.01636	0.05300	0.11373	0.01033	0.03102	0.01847	0.02771	0.07491	0.06765	0.04692	0.01603	0.00682	0.00590	0.00149	0.00566	0.00594	0.00454	0.46646
20	0.01895	0.02023	0.16843	0.02640	0.27976	0.06998	0.07855	0.02324	0.01575	0.15438	0.01475	0.01693	0.01100	0.00698	0.00783	0.00211	0.06458	0.00595	0.00415	0.01003
21	0.00834	0.00597	0.00793	0.00923	0.00977	0.00556	0.00624	0.00975	0.01361	0.01834	0.12146	0.67188	0.04672	0.02012	0.00848	0.00265	0.00380	0.01822	0.00637	0.00556
22	0.02379	0.02982	0.01943	0.07329	0.05090	0.65381	0.01370	0.02582	0.01844	0.01670	0.01058	0.01272	0.00875	0.00686	0.00612	0.00178	0.01170	0.00451	0.00342	0.00787
23	0.02022	0.08616	0.05499	0.06571	0.16417	0.15395	0.01452	0.13953	0.11814	0.07476	0.01684	0.01791	0.02882	0.00743	0.00639	0.00197	0.00809	0.00589	0.00477	0.00975
24	0.00818	0.00584	0.00779	0.00934	0.00973	0.00545	0.00623	0.00934	0.01285	0.01713	0.03698	0.75981	0.04438	0.02102	0.00856	0.00273	0.00389	0.01908	0.00623	0.00545
25	0.01081	0.00772	0.01081	0.01236	0.01390	0.00772	0.01081	0.01390	0.01545	0.02008	0.03553	0.07569	0.03862	0.01854	0.00927	0.00309	0.00618	0.67717	0.00618	0.00618
26	0.14025	0.07261	0.10090	0.01164	0.01595	0.08346	0.01058	0.09195	0.01706	0.06781	0.07670	0.03253	0.19959	0.01052	0.00655	0.00209	0.00630	0.04037	0.00523	0.00792
27	0.01389	0.01210	0.03974	0.08962	0.18513	0.01165	0.01221	0.05029	0.10059	0.06257	0.06038	0.08921	0.22250	0.01131	0.00724	0.00220	0.00583	0.00979	0.00537	0.00838
28	0.00950	0.00686	0.00897	0.00844	0.01002	0.00633	0.00633	0.01266	0.01899	0.02691	0.71879	0.05012	0.06331	0.01372	0.00791	0.00211	0.00317	0.01213	0.00739	0.00633
29	0.02988	0.01178	0.01579	0.01211	0.01731	0.01039	0.01000	0.06512	0.01980	0.69371	0.02597	0.02251	0.01636	0.00829	0.00675	0.00207	0.00579	0.00671	0.00823	0.01142
30	0.21518	0.01837	0.01883	0.05682	0.24253	0.18232	0.01386	0.02389	0.09731	0.05031	0.01353	0.01545	0.01065	0.00675	0.00592	0.00200	0.00788	0.00524	0.00415	0.00902
31	0.60264	0.01460	0.01183	0.04180	0.01526	0.08562	0.00875	0.01984	0.01229	0.02692	0.01011	0.01227	0.00806	0.00681	0.00582	0.00209	0.06217	0.00409	0.04176	0.00728
32	0.04523	0.07915	0.19702	0.11918	0.02589	0.06949	0.12151	0.03776	0.03828	0.02019	0.01664	0.14357	0.01547	0.00912	0.00728	0.00221	0.03190	0.00793	0.00387	0.00829
33	0.02997	0.01164	0.01571	0.01204	0.01724	0.01019	0.00995	0.05281	0.01958	0.70635	0.02616	0.02264	0.01645	0.00830	0.00675	0.00207	0.00576	0.00673	0.00826	0.01142
34	0.01992	0.04362	0.01754	0.01417	0.01862	0.13384	0.01124	0.19404	0.32784	0.02852	0.01943	0.01898	0.01472	0.00790	0.00637	0.00195	0.00694	0.00612	0.00579	0.10244
35	0.01557	0.01607	0.08564	0.01582	0.07571	0.09957	0.04422	0.09996	0.01679	0.04136	0.02113	0.23712	0.02138	0.01120	0.00701	0.00208	0.00691	0.03634	0.00492	0.14117
36	0.01831	0.10966	0.28539	0.04781	0.02450	0.01549	0.09073	0.07395	0.01698	0.17036	0.06845	0.01903	0.01476	0.00732	0.00653	0.00204	0.00812	0.00616	0.00469	0.00972
37	0.01527	0.11077	0.27498	0.02320	0.03094	0.01761	0.38814	0.02125	0.01501	0.02075	0.01256	0.01590	0.00942	0.00591	0.00697	0.00212	0.01036	0.00640	0.00314	0.00930
38	0.00875	0.00666	0.00804	0.00805	0.00965	0.00596	0.00590	0.01108	0.01670	0.02230	0.38463	0.17713	0.27864	0.01607	0.00803	0.00227	0.00337	0.01400	0.00680	0.00596
39	0.01522	0.02791	0.47415	0.02031	0.11191	0.04918	0.02073	0.02268	0.07665	0.05584	0.01691	0.01830	0.04612	0.00722	0.00653	0.00211	0.00884	0.00584	0.00372	0.00982
40	0.01417	0.02303	0.32814	0.16125	0.15727	0.01541	0.08261	0.02108	0.06676	0.02100	0.01420	0.04000	0.01116	0.00697	0.00673	0.00216	0.00897	0.00625	0.00341	0.00941
41	0.00976	0.00651	0.00732	0.00732	0.00732	0.00651	0.00407	0.00976	0.00976	0.01301	0.02114	0.04391	0.02439	0.76419	0.03415	0.00651	0.00651	0.00976	0.00407	0.00407
42	0.01599	0.01531	0.02612	0.15186	0.61647	0.01578	0.02029	0.02005	0.01499	0.02117	0.01251	0.01681	0.01036	0.00609	0.00665	0.00203	0.00812	0.00598	0.00327	0.01013
43	0.01579	0.01628	0.09231	0.11255	0.45005	0.01479	0.01851	0.02086	0.05565	0.04886	0.05488	0.01993	0.01445	0.02759	0.00747	0.00218	0.00771	0.00646	0.00389	0.00981
44	0.00979	0.00748	0.00869	0.00861	0.00957	0.02683	0.00593	0.01107	0.01196	0.01578	0.07977	0.04189	0.14490	0.34760	0.23480	0.00658	0.00926	0.00979	0.00453	0.00518
45	0.00835	0.00693	0.00738	0.00761	0.00977	0.00597	0.00593	0.01025	0.01532	0.01841	0.06323	0.06620	0.61997	0.01722	0.00813	0.00239	0.00381	0.11117	0.00622	0.00574
46	0.04591	0.08564	0.54864	0.01692	0.02551	0.01540	0.02081	0.02173	0.01456	0.09014	0.01554	0.01679	0.03967	0.00696	0.00624	0.00207	0.00884	0.00537	0.00357	0.00968
47	0.01051	0.00919	0.01252	0.07603	0.15118	0.00887	0.00990	0.01344	0.03398	0.01934	0.06439	0.11162	0.38091	0.01415	0.00769	0.00230	0.00502	0.05660	0.00544	0.00695
48	0.03010	0.01142	0.01557	0.01194	0.01713	0.00986	0.00986	0.03270	0.01920	0.72698	0.02647	0.02284	0.01661	0.00830	0.00675	0.00208	0.00571	0.00675	0.00830	0.01142
49	0.01534	0.01653	0.09314	0.27822	0.39474	0.01576	0.02000	0.04854	0.01523	0.02110	0.01248	0.01678	0.00988	0.00635	0.00664	0.00209	0.00847	0.00588	0.00330	0.00951
50	0.02033	0.01894	0.05212	0.14274	0.27219	0.15722	0.01663	0.09717	0.01798	0.11914	0.01433	0.01663	0.01078	0.00684	0.00655	0.00200	0.00865	0.00572	0.00433	0.00972
51	0.01114	0.00832	0.01189	0.10170	0.01762	0.00869	0.01141	0.02931	0.01533	0.01996	0.03235	0.12730	0.03490	0.01708	0.00884	0.00293	0.00634	0.52270	0.00581	0.00639
52	0.09333	0.05805	0.05665	0.01107	0.01685	0.01231	0.00959	0.10060	0.01599	0.02494	0.03603	0.01495	0.01151	0.00589	0.00524	0.00135	0.00564	0.00450	0.00431	0.51120
53	0.01742	0.01238	0.01445	0.01127	0.01619	0.01113	0.00896	0.11883	0.08368	0.12224	0.03854	0.08702	0.01681	0.00801	0.00606	0.00161	0.00530	0.00664	0.00555	0.40793
54	0.01502	0.07116	0.08296	0.01153	0.01783	0.01116	0.02960	0.01844	0.01423	0.05560	0.01250	0.01425	0.01004	0.00534	0.00522	0.00122	0.00581	0.00429	0.00398	0.60982
55	0.06644	0.01526	0.08606	0.01501	0.08686	0.01224	0.02895	0.11127	0.01630	0.02478	0.01434	0.07059	0.01250	0.00694	0.00580	0.00157	0.00617	0.00577	0.00434	0.40880

[dist]
# distance from previous block
# <min> <max>
7	10

[block]
# block no. 6 follows, 32 sequences, length 11
# corresponding to MSA columns:
# 469-479
name=unknown_G
#
# <colnr> <probs for GDERKNQSTAVLIFYWHMCP>
#	G	D	E	R	K	N	Q	S	T	A	V	L	I	F	Y	W	H	M	C	P
0	0.04917	0.01433	0.06661	0.05610	0.09532	0.01320	0.03880	0.09373	0.13913	0.09578	0.07839	0.02354	0.05328	0.00910	0.00769	0.04640	0.00632	0.00695	0.00532	0.10085
1	0.01424	0.01366	0.07838	0.06020	0.12940	0.01246	0.04904	0.02197	0.19409	0.05953	0.18961	0.09889	0.02911	0.01028	0.00724	0.00221	0.00603	0.00919	0.00567	0.00880
2	0.04885	0.06602	0.07744	0.13376	0.08792	0.08383	0.08379	0.09980	0.05511	0.08502	0.01435	0.01638	0.01078	0.00667	0.00629	0.00192	0.00808	0.00562	0.00435	0.10403
3	0.01699	0.04409	0.08911	0.01586	0.07219	0.01273	0.07131	0.07751	0.08759	0.13612	0.12817	0.07902	0.02392	0.00952	0.00696	0.00208	0.00637	0.03420	0.00569	0.08056
4	0.01441	0.01316	0.04848	0.05141	0.01901	0.01199	0.07388	0.02125	0.17030	0.05311	0.08753	0.02510	0.05946	0.03986	0.00824	0.00205	0.03523	0.00711	0.00506	0.25335
5	0.08327	0.06700	0.04292	0.04897	0.13985	0.01471	0.11165	0.05194	0.10128	0.09661	0.01999	0.04798	0.05449	0.01030	0.04700	0.00255	0.00770	0.00709	0.00476	0.03995
6	0.05054	0.08387	0.01971	0.12226	0.14799	0.04486	0.03558	0.05889	0.09776	0.02274	0.07524	0.07297	0.01796	0.00819	0.00639	0.00194	0.00675	0.00704	0.00452	0.11480
7	0.05425	0.08592	0.05851	0.01515	0.05808	0.01485	0.06596	0.11742	0.12592	0.12799	0.08765	0.04163	0.01913	0.03195	0.00737	0.00213	0.00647	0.00705	0.00559	0.06700
8	0.05132	0.07706	0.12201	0.01901	0.10690	0.12164	0.08586	0.04074	0.07804	0.08119	0.01690	0.04118	0.03567	0.00771	0.00710	0.00201	0.04183	0.00629	0.00431	0.05321
9	0.06204	0.03630	0.09092	0.04538	0.13847	0.06992	0.04041	0.11405	0.07411	0.10886	0.05800	0.02181	0.05960	0.00801	0.00654	0.00201	0.00723	0.00664	0.00508	0.04464
10	0.08555	0.07011	0.05347	0.02139	0.19933	0.08849	0.05141	0.08721	0.10668	0.02406	0.04296	0.01912	0.03905	0.00767	0.00721	0.00203	0.04947	0.00619	0.00440	0.03418

[dist]
# distance from previous block
# <min> <max>
57	350

[block]
# block no. 7 follows, 32 sequences, length 47
# corresponding to MSA columns:
# 873-919
name=unknown_H
#
# <colnr> <probs for GDERKNQSTAVLIFYWHMCP>
#	G	D	E	R	K	N	Q	S	T	A	V	L	I	F	Y	W	H	M	C	P
0	0.04952	0.04567	0.29750	0.01861	0.10409	0.08656	0.03251	0.02267	0.10243	0.05362	0.05953	0.02133	0.06143	0.00791	0.00652	0.00208	0.00806	0.00643	0.00426	0.00928
1	0.01542	0.08892	0.24601	0.01914	0.13248	0.07221	0.03282	0.04034	0.01518	0.04320	0.01653	0.13887	0.01538	0.00870	0.00649	0.00200	0.00787	0.00737	0.00395	0.08713
2	0.01460	0.13727	0.43420	0.01730	0.05311	0.01684	0.01918	0.05759	0.04618	0.02145	0.01752	0.01895	0.07385	0.00765	0.00685	0.00206	0.03661	0.00585	0.00356	0.00938
3	0.01564	0.39274	0.29137	0.01494	0.02203	0.02061	0.04680	0.02073	0.04351	0.01871	0.01415	0.01559	0.04383	0.00666	0.00552	0.00180	0.00812	0.00498	0.00321	0.00906
4	0.01671	0.05578	0.12259	0.03544	0.55561	0.05588	0.02030	0.02100	0.01525	0.02123	0.01226	0.01575	0.01013	0.00607	0.00646	0.00197	0.00842	0.00563	0.00324	0.01028
5	0.06404	0.10600	0.25636	0.01559	0.02243	0.01854	0.01608	0.31019	0.02173	0.08516	0.01445	0.01511	0.01031	0.00716	0.00620	0.00199	0.00795	0.00533	0.00498	0.01038
6	0.01263	0.08494	0.05532	0.01422	0.01716	0.03844	0.07157	0.01606	0.01537	0.01971	0.02883	0.05859	0.03044	0.01506	0.00839	0.00275	0.00715	0.49113	0.00533	0.00693
