[name]
unknown

[dist]
# distance from previous block
# <min> <max>
0	56

[block]
# block no. 0 follows, 26 sequences, length 6
# corresponding to MSA columns:
# 60-65
name=unknown_A
#
# <colnr> <probs for GDERKNQSTAVLIFYWHMCP>
#	G	D	E	R	K	N	Q	S	T	A	V	L	I	F	Y	W	H	M	C	P
0	0.01468	0.00956	0.01307	0.01476	0.07332	0.00910	0.01028	0.01806	0.04503	0.11568	0.08921	0.28492	0.10132	0.01801	0.00917	0.00287	0.00561	0.15001	0.00719	0.00815
1	0.02691	0.02363	0.14515	0.01778	0.02477	0.02109	0.01655	0.47621	0.03054	0.11359	0.01865	0.01864	0.01294	0.00879	0.00752	0.00231	0.00866	0.00669	0.00698	0.01259
2	0.01984	0.30987	0.07593	0.01920	0.11807	0.02263	0.01499	0.10034	0.13004	0.02481	0.01593	0.01785	0.01304	0.00930	0.00842	0.07090	0.00799	0.00589	0.00460	0.01037
3	0.01115	0.01024	0.05776	0.01049	0.01278	0.00835	0.00837	0.01468	0.06659	0.02248	0.18675	0.18541	0.21438	0.06866	0.01292	0.07639	0.00508	0.01406	0.00659	0.00687
4	0.01777	0.07503	0.46665	0.05584	0.03055	0.14592	0.02361	0.02451	0.01703	0.02236	0.01428	0.01873	0.01121	0.00792	0.00717	0.00233	0.01125	0.03398	0.00352	0.01034
5	0.15003	0.01800	0.08041	0.01794	0.09221	0.01706	0.01384	0.25634	0.02362	0.06178	0.10031	0.09253	0.02284	0.01058	0.00743	0.00239	0.00721	0.00859	0.00639	0.01049

[dist]
# distance from previous block
# <min> <max>
7	59

[block]
# block no. 1 follows, 26 sequences, length 13
# corresponding to MSA columns:
# 127-139
name=unknown_B
#
# <colnr> <probs for GDERKNQSTAVLIFYWHMCP>
#	G	D	E	R	K	N	Q	S	T	A	V	L	I	F	Y	W	H	M	C	P
0	0.10396	0.38879	0.14548	0.01621	0.06184	0.05672	0.01522	0.02251	0.01623	0.02236	0.07479	0.01753	0.01553	0.00761	0.00590	0.00197	0.00830	0.00545	0.00394	0.00967
1	0.01846	0.48681	0.27498	0.01608	0.02427	0.02556	0.01839	0.02318	0.01563	0.02007	0.01165	0.01355	0.00969	0.00675	0.00571	0.00190	0.00923	0.00461	0.00323	0.01026
2	0.01525	0.26989	0.19824	0.01471	0.02044	0.01856	0.01533	0.01950	0.01498	0.02028	0.06332	0.02205	0.01716	0.02349	0.22973	0.00527	0.01250	0.00646	0.00387	0.00898
3	0.01687	0.14308	0.38303	0.02358	0.03291	0.02007	0.22783	0.02390	0.01653	0.02314	0.01369	0.01683	0.01024	0.00683	0.00740	0.00233	0.01123	0.00643	0.00341	0.01066
4	0.01173	0.07706	0.01479	0.01226	0.01410	0.01142	0.00981	0.01441	0.01249	0.01763	0.01939	0.02813	0.01809	0.05213	0.63740	0.01119	0.01916	0.00774	0.00399	0.00705
5	0.01454	0.06018	0.09960	0.11095	0.06063	0.01451	0.01400	0.02296	0.17898	0.02535	0.15124	0.13148	0.05988	0.01241	0.00802	0.00251	0.00672	0.01073	0.00607	0.00928
6	0.01625	0.15444	0.38387	0.01711	0.02621	0.01763	0.01990	0.02237	0.01583	0.02314	0.01304	0.01526	0.01010	0.00662	0.00634	0.00190	0.00906	0.00501	0.00358	0.23235
7	0.09916	0.18777	0.23002	0.01498	0.02199	0.01802	0.01588	0.02420	0.05726	0.08799	0.09659	0.02135	0.01886	0.00831	0.00656	0.00212	0.00780	0.00637	0.00496	0.06980
8	0.01702	0.05539	0.16524	0.04506	0.02154	0.06495	0.01421	0.05419	0.10205	0.05134	0.02300	0.06592	0.05339	0.10505	0.03392	0.00320	0.00851	0.00817	0.00511	0.10272
9	0.01714	0.24175	0.21221	0.02117	0.13770	0.02005	0.01825	0.02298	0.05626	0.02217	0.01528	0.01948	0.01291	0.01194	0.06976	0.00299	0.00991	0.02531	0.00387	0.05886
10	0.01815	0.15547	0.24169	0.11092	0.08481	0.08097	0.03806	0.02396	0.03920	0.05113	0.04748	0.01935	0.01422	0.00950	0.03188	0.00258	0.01015	0.00628	0.00407	0.01014
11	0.01840	0.16976	0.12904	0.03652	0.10586	0.01783	0.06414	0.07495	0.01848	0.07309	0.08059	0.02596	0.05647	0.05349	0.00909	0.00248	0.00819	0.00759	0.00498	0.04309
12	0.01773	0.08411	0.11233	0.13261	0.15897	0.01652	0.01689	0.07175	0.05614	0.07365	0.07154	0.02905	0.10740	0.00980	0.00756	0.00234	0.00791	0.00827	0.00527	0.01016

[dist]
# distance from previous block
# <min> <max>
1	2

[block]
# block no. 2 follows, 26 sequences, length 6
# corresponding to MSA columns:
# 142-147
name=unknown_C
#
# <colnr> <probs for GDERKNQSTAVLIFYWHMCP>
#	G	D	E	R	K	N	Q	S	T	A	V	L	I	F	Y	W	H	M	C	P
0	0.02125	0.01562	0.01621	0.01324	0.01799	0.08415	0.01047	0.11315	0.08505	0.15541	0.14679	0.03049	0.07115	0.01026	0.00745	0.00207	0.00653	0.00835	0.00699	0.17739
1	0.01976	0.01959	0.02944	0.08108	0.32653	0.07445	0.12122	0.07838	0.06198	0.02565	0.01523	0.01912	0.01225	0.00786	0.00927	0.00241	0.07344	0.00707	0.00430	0.01097
2	0.01972	0.01494	0.01889	0.07132	0.10785	0.01504	0.01306	0.21992	0.02280	0.07058	0.06555	0.10901	0.06036	0.01083	0.00765	0.00221	0.00693	0.00918	0.00627	0.14790
3	0.07424	0.01994	0.07695	0.05153	0.22947	0.06099	0.01707	0.18253	0.02217	0.07031	0.06934	0.02101	0.01672	0.00830	0.00730	0.00223	0.00839	0.00688	0.00546	0.04917
4	0.05470	0.07475	0.02452	0.28653	0.08776	0.05288	0.06083	0.06924	0.07256	0.11756	0.01728	0.02010	0.01271	0.00792	0.00730	0.00236	0.00906	0.00675	0.00500	0.01019
5	0.05040	0.01654	0.02181	0.13236	0.16743	0.01775	0.01591	0.15246	0.16104	0.11974	0.02039	0.02149	0.01500	0.00841	0.00740	0.00233	0.00779	0.00707	0.00612	0.04855

[dist]
# distance from previous block
# <min> <max>
20	79

[block]
# block no. 3 follows, 26 sequences, length 9
# corresponding to MSA columns:
# 232-240
name=unknown_D
#
# <colnr> <probs for GDERKNQSTAVLIFYWHMCP>
#	G	D	E	R	K	N	Q	S	T	A	V	L	I	F	Y	W	H	M	C	P
0	0.01612	0.22141	0.44897	0.01793	0.02672	0.01984	0.02159	0.02232	0.01534	0.02141	0.01387	0.01850	0.01151	0.08267	0.00986	0.00271	0.00999	0.00576	0.00336	0.01013
1	0.10882	0.16661	0.29631	0.01539	0.02286	0.01743	0.01713	0.02121	0.01592	0.02431	0.07069	0.04800	0.03938	0.00860	0.00655	0.00212	0.00815	0.00663	0.00425	0.09963
2	0.09902	0.04592	0.25880	0.09201	0.08879	0.01527	0.01806	0.04147	0.01750	0.02629	0.14946	0.02826	0.06920	0.00970	0.00740	0.00237	0.00808	0.00799	0.00486	0.00954
3	0.01390	0.01415	0.09516	0.03395	0.01771	0.01097	0.01133	0.09100	0.01970	0.02703	0.18219	0.10268	0.16030	0.01383	0.00821	0.00236	0.00594	0.05736	0.00643	0.12578
4	0.05194	0.02020	0.12382	0.04395	0.02345	0.03577	0.06222	0.24474	0.02305	0.03126	0.03004	0.03074	0.17205	0.01115	0.00906	0.00246	0.05940	0.00881	0.00581	0.01007
5	0.01631	0.10127	0.01938	0.07892	0.02152	0.01363	0.01078	0.02069	0.05051	0.02375	0.01405	0.01639	0.01158	0.00616	0.00583	0.00139	0.00637	0.00487	0.00441	0.57218
6	0.09500	0.01792	0.09990	0.05169	0.08606	0.01567	0.01443	0.16179	0.04933	0.15664	0.04624	0.02744	0.10021	0.00984	0.00742	0.00234	0.00734	0.00793	0.00640	0.03641
7	0.01919	0.07348	0.10899	0.15853	0.34010	0.01949	0.02132	0.12085	0.01943	0.02674	0.01438	0.01813	0.01134	0.00730	0.00730	0.00228	0.00931	0.00643	0.00417	0.01123
8	0.01879	0.02327	0.15727	0.15684	0.34347	0.08349	0.02247	0.06072	0.01813	0.02442	0.01399	0.01797	0.01104	0.00723	0.00740	0.00230	0.01004	0.00636	0.00382	0.01096

[dist]
# distance from previous block
# <min> <max>
7	20

[block]
# block no. 4 follows, 26 sequences, length 6
# corresponding to MSA columns:
# 262-267
name=unknown_E
#
# <colnr> <probs for GDERKNQSTAVLIFYWHMCP>
#	G	D	E	R	K	N	Q	S	T	A	V	L	I	F	Y	W	H	M	C	P
0	0.02089	0.27999	0.23615	0.01665	0.02419	0.02259	0.01763	0.17698	0.02073	0.05865	0.01573	0.04925	0.01279	0.00829	0.00660	0.00212	0.00888	0.00620	0.00475	0.01093
1	0.01870	0.51982	0.24407	0.01568	0.02364	0.02614	0.01768	0.02312	0.01560	0.01977	0.01150	0.01337	0.00969	0.00671	0.00560	0.00187	0.00908	0.00454	0.00323	0.01019
2	0.01796	0.32045	0.14045	0.01438	0.02032	0.02000	0.03933	0.02143	0.01615	0.08344	0.02563	0.02745	0.13230	0.04606	0.00907	0.00240	0.04174	0.00747	0.00460	0.00938
3	0.06358	0.26497	0.31365	0.01972	0.08817	0.02114	0.01992	0.02459	0.01627	0.08293	0.01396	0.01567	0.01063	0.00711	0.00635	0.00212	0.00924	0.00530	0.00391	0.01078
4	0.01759	0.40293	0.10951	0.01838	0.08024	0.02274	0.07315	0.02123	0.01549	0.01984	0.01504	0.07178	0.01413	0.01273	0.07245	0.00297	0.00984	0.00667	0.00371	0.00959
5	0.05267	0.28721	0.16447	0.01527	0.02191	0.02197	0.01531	0.09785	0.11040	0.07747	0.01711	0.01894	0.01353	0.04572	0.00803	0.00238	0.00821	0.00597	0.00497	0.01063

[dist]
# distance from previous block
# <min> <max>
4	101

[block]
# block no. 5 follows, 26 sequences, length 22
# corresponding to MSA columns:
# 387-408
name=unknown_F
#
# <colnr> <probs for GDERKNQSTAVLIFYWHMCP>
#	G	D	E	R	K	N	Q	S	T	A	V	L	I	F	Y	W	H	M	C	P
0	0.01905	0.07925	0.26988	0.01728	0.02436	0.01667	0.04400	0.02861	0.17266	0.13335	0.06759	0.05447	0.02044	0.00950	0.00752	0.00241	0.00821	0.00791	0.00582	0.01102
1	0.01732	0.03905	0.04630	0.04953	0.05240	0.01576	0.06632	0.09082	0.22655	0.04459	0.13895	0.05689	0.07328	0.01110	0.00797	0.00241	0.00679	0.00967	0.00663	0.03767
2	0.04379	0.09035	0.08024	0.01976	0.09858	0.01638	0.09214	0.04726	0.07087	0.13414	0.09729	0.02715	0.06131	0.00953	0.00830	0.00231	0.04023	0.00811	0.00580	0.04647
3	0.02143	0.11367	0.08304	0.05116	0.06976	0.01830	0.07305	0.12757	0.11717	0.13436	0.05479	0.02544	0.05830	0.00926	0.00749	0.00231	0.00795	0.00781	0.00614	0.01102
4	0.01605	0.05337	0.17887	0.06687	0.05055	0.01552	0.01559	0.08465	0.13077	0.02735	0.11004	0.06893	0.08109	0.01084	0.00768	0.00236	0.00738	0.00907	0.00573	0.05731
5	0.01942	0.01583	0.06909	0.08861	0.08450	0.01448	0.01421	0.17376	0.02156	0.10470	0.06892	0.14800	0.02476	0.01185	0.00798	0.00242	0.00727	0.03891	0.00634	0.07738
6	0.02184	0.02123	0.02480	0.15613	0.28342	0.18274	0.01868	0.08952	0.01994	0.06208	0.01570	0.04137	0.01285	0.00811	0.00745	0.00227	0.00997	0.00684	0.00454	0.01053
7	0.01821	0.01454	0.02264	0.14293	0.10894	0.01498	0.09994	0.02440	0.10118	0.11290	0.04728	0.09113	0.01979	0.00989	0.00879	0.00241	0.04803	0.00884	0.00552	0.09765
8	0.01977	0.01937	0.02182	0.04646	0.05066	0.15189	0.09849	0.06985	0.13982	0.04644	0.04895	0.06728	0.04986	0.01009	0.00867	0.00233	0.04882	0.00844	0.00554	0.08543
9	0.07539	0.01824	0.01920	0.10819	0.02453	0.07603	0.01341	0.25717	0.13291	0.05797	0.07673	0.02284	0.01888	0.00920	0.00734	0.00228	0.00782	0.00724	0.00648	0.05814
10	0.06878	0.01466	0.02389	0.50526	0.20248	0.01715	0.02071	0.02052	0.01552	0.02169	0.01347	0.01933	0.01044	0.00735	0.00737	0.00245	0.00955	0.00656	0.00355	0.00928
11	0.02873	0.02446	0.02249	0.01790	0.02351	0.17003	0.01447	0.52487	0.03261	0.04150	0.01681	0.01723	0.01222	0.00883	0.00743	0.00221	0.00950	0.00641	0.00679	0.01201
12	0.01844	0.01799	0.03163	0.08294	0.59015	0.01806	0.08230	0.02315	0.01721	0.02443	0.01432	0.01901	0.01186	0.00677	0.00765	0.00230	0.00942	0.00696	0.00374	0.01165
13	0.01193	0.00864	0.01181	0.01340	0.01522	0.00852	0.01164	0.01528	0.01745	0.02250	0.04349	0.08442	0.10168	0.02080	0.01034	0.00341	0.00670	0.57888	0.00699	0.00693
14	0.00998	0.00715	0.00960	0.01099	0.01187	0.00676	0.00795	0.01203	0.01609	0.02163	0.13957	0.51462	0.05232	0.02201	0.00971	0.00305	0.00472	0.12627	0.00723	0.00646
15	0.01212	0.01329	0.10448	0.04250	0.05034	0.01024	0.05123	0.01575	0.01618	0.02166	0.03577	0.28732	0.07603	0.01795	0.00934	0.00300	0.00702	0.21203	0.00603	0.00771
16	0.02219	0.31135	0.18478	0.01715	0.02406	0.18408	0.01706	0.11386	0.01981	0.02363	0.01260	0.01426	0.01016	0.00733	0.00625	0.00197	0.01017	0.00500	0.00400	0.01030
17	0.00918	0.00682	0.00857	0.00997	0.01085	0.00621	0.00678	0.01063	0.01509	0.01959	0.04900	0.59393	0.18008	0.02283	0.00953	0.00297	0.00429	0.02042	0.00704	0.00621
18	0.00967	0.00713	0.00916	0.01061	0.01163	0.00662	0.00765	0.01144	0.01547	0.02009	0.04758	0.51230	0.15820	0.02253	0.00969	0.00306	0.00472	0.11909	0.00703	0.00633
19	0.22258	0.37243	0.09600	0.01342	0.01984	0.02346	0.01322	0.06791	0.01669	0.07599	0.01286	0.01405	0.01023	0.00711	0.00546	0.00199	0.00773	0.00469	0.00439	0.00995
20	0.01883	0.35102	0.13058	0.01505	0.02041	0.13386	0.01443	0.02181	0.01584	0.01877	0.01514	0.07897	0.01490	0.07610	0.01003	0.00253	0.04225	0.00672	0.00381	0.00895
21	0.28210	0.02152	0.02156	0.01723	0.02267	0.13855	0.09788	0.25243	0.02320	0.03499	0.01414	0.01574	0.01060	0.00783	0.00667	0.00228	0.00903	0.00586	0.00548	0.01026

[dist]
# distance from previous block
# <min> <max>
3	14

[block]
# block no. 6 follows, 26 sequences, length 55
# corresponding to MSA columns:
# 444-498
name=unknown_G
#
# <colnr> <probs for GDERKNQSTAVLIFYWHMCP>
#	G	D	E	R	K	N	Q	S	T	A	V	L	I	F	Y	W	H	M	C	P
0	0.01948	0.02415	0.21186	0.02921	0.26630	0.04085	0.03919	0.11177	0.01970	0.05401	0.05321	0.02013	0.01494	0.00824	0.00861	0.00237	0.05321	0.00687	0.00460	0.01128
1	0.00935	0.00665	0.00877	0.01042	0.01083	0.00624	0.00689	0.01059	0.01430	0.01907	0.04068	0.68580	0.04875	0.06839	0.01150	0.00335	0.00459	0.02090	0.00689	0.00606
2	0.02000	0.01686	0.01779	0.01567	0.02016	0.01940	0.01228	0.11089	0.59998	0.03356	0.02943	0.02715	0.02199	0.01016	0.00770	0.00254	0.00627	0.00838	0.00770	0.01211
3	0.01731	0.17385	0.52659	0.01945	0.02943	0.01965	0.02409	0.02453	0.01623	0.06229	0.01398	0.01584	0.01018	0.00720	0.00678	0.00225	0.01032	0.00542	0.00358	0.01102
4	0.01613	0.03670	0.59221	0.02437	0.10677	0.04463	0.02696	0.02418	0.01637	0.02389	0.01361	0.01624	0.00989	0.00718	0.00723	0.00237	0.01106	0.00571	0.00329	0.01121
5	0.01533	0.03840	0.66538	0.02208	0.03313	0.01768	0.05594	0.02403	0.01610	0.02403	0.01369	0.01621	0.00969	0.00717	0.00728	0.00241	0.01128	0.00575	0.00323	0.01117
6	0.01190	0.00828	0.00973	0.00977	0.01198	0.00746	0.00730	0.03527	0.01790	0.07117	0.12183	0.25008	0.33762	0.01914	0.00910	0.00271	0.00448	0.04978	0.00736	0.00714
7	0.01790	0.02046	0.04476	0.03197	0.03964	0.01918	0.65857	0.02430	0.01790	0.02430	0.01535	0.02046	0.01151	0.00639	0.00895	0.00256	0.01279	0.00895	0.00384	0.01023
8	0.00924	0.00660	0.00880	0.01056	0.01100	0.00616	0.00704	0.01056	0.01452	0.01936	0.04181	0.72848	0.05017	0.02376	0.00968	0.00308	0.00440	0.02156	0.00704	0.00616
9	0.01469	0.01386	0.02342	0.65965	0.10491	0.01695	0.02125	0.01970	0.01534	0.01983	0.01355	0.02010	0.01027	0.00751	0.00758	0.00250	0.01002	0.00674	0.00340	0.00872
10	0.01534	0.01452	0.02459	0.56227	0.19722	0.01712	0.02157	0.02027	0.01565	0.02062	0.01366	0.01989	0.01055	0.00739	0.00757	0.00246	0.00986	0.00674	0.00346	0.00925
11	0.03203	0.01571	0.08958	0.01436	0.02080	0.01184	0.01294	0.03559	0.02110	0.62037	0.02819	0.02477	0.01780	0.00916	0.00758	0.00235	0.00696	0.00741	0.00873	0.01273
12	0.01521	0.03923	0.69413	0.02162	0.03283	0.01762	0.02802	0.02402	0.01601	0.02402	0.01361	0.01601	0.00961	0.00721	0.00721	0.00240	0.01121	0.00560	0.00320	0.01121
13	0.02671	0.03275	0.02075	0.01884	0.02281	0.58572	0.01420	0.03201	0.13306	0.02082	0.01501	0.01618	0.01206	0.00824	0.00699	0.00206	0.01236	0.00552	0.00456	0.00934
14	0.03265	0.01398	0.01813	0.01402	0.01983	0.01289	0.01154	0.10352	0.05873	0.58688	0.02873	0.02514	0.01839	0.00941	0.00763	0.00235	0.00663	0.00759	0.00911	0.01286
15	0.01432	0.01348	0.02275	0.71520	0.05224	0.01685	0.02107	0.01938	0.01517	0.01938	0.01348	0.02022	0.01011	0.00758	0.00758	0.00253	0.01011	0.00674	0.00337	0.00843
16	0.01877	0.01802	0.03079	0.04656	0.68612	0.01802	0.02328	0.02328	0.01727	0.02478	0.01427	0.01877	0.01201	0.00676	0.00751	0.00225	0.00901	0.00676	0.00375	0.01201
17	0.01432	0.01348	0.02275	0.71520	0.05224	0.01685	0.02107	0.01938	0.01517	0.01938	0.01348	0.02022	0.01011	0.00758	0.00758	0.00253	0.01011	0.00674	0.00337	0.00843
18	0.01821	0.01745	0.02977	0.13124	0.60583	0.01787	0.02300	0.02278	0.01700	0.02410	0.01417	0.01896	0.01177	0.00686	0.00752	0.00229	0.00915	0.00676	0.00371	0.01156
19	0.02833	0.03615	0.02149	0.01954	0.02345	0.70298	0.01466	0.03029	0.02149	0.01856	0.01172	0.01368	0.00977	0.00782	0.00684	0.00195	0.01368	0.00489	0.00391	0.00879
20	0.00955	0.00673	0.00871	0.01017	0.01053	0.00637	0.00662	0.01064	0.01392	0.01856	0.03874	0.61212	0.04630	0.14540	0.01464	0.00381	0.00491	0.01976	0.00662	0.00589
21	0.02378	0.01839	0.02149	0.02054	0.12972	0.01969	0.01438	0.44505	0.02950	0.03935	0.02761	0.02769	0.12762	0.01045	0.00781	0.00232	0.00768	0.00839	0.00687	0.01164
22	0.01550	0.07929	0.65662	0.02112	0.03206	0.01833	0.02716	0.02395	0.01598	0.02367	0.01344	0.01579	0.00962	0.00717	0.00707	0.00236	0.01103	0.00552	0.00321	0.01113
23	0.01858	0.01783	0.03044	0.07548	0.65870	0.01797	0.02318	0.02311	0.01718	0.02455	0.01423	0.01884	0.01193	0.00679	0.00751	0.00226	0.00906	0.00676	0.00374	0.01186
24	0.01565	0.01484	0.02515	0.51558	0.24148	0.01720	0.02173	0.02054	0.01580	0.02099	0.01372	0.01979	0.01068	0.00734	0.00756	0.00245	0.00978	0.00675	0.00349	0.00950
25	0.01074	0.00777	0.00983	0.01098	0.01194	0.00751	0.00756	0.06067	0.01626	0.02160	0.04138	0.64766	0.07251	0.02245	0.00949	0.00300	0.00468	0.02021	0.00708	0.00669
26	0.01521	0.03923	0.69413	0.02162	0.03283	0.01762	0.02802	0.02402	0.01601	0.02402	0.01361	0.01601	0.00961	0.00721	0.00721	0.00240	0.01121	0.00560	0.00320	0.01121
27	0.01521	0.03923	0.69413	0.02162	0.03283	0.01762	0.02802	0.02402	0.01601	0.02402	0.01361	0.01601	0.00961	0.00721	0.00721	0.00240	0.01121	0.00560	0.00320	0.01121
28	0.01521	0.03923	0.69413	0.02162	0.03283	0.01762	0.02802	0.02402	0.01601	0.02402	0.01361	0.01601	0.00961	0.00721	0.00721	0.00240	0.01121	0.00560	0.00320	0.01121
29	0.01877	0.01802	0.03079	0.04656	0.68612	0.01802	0.02328	0.02328	0.01727	0.02478	0.01427	0.01877	0.01201	0.00676	0.00751	0.00225	0.00901	0.00676	0.00375	0.01201
30	0.01704	0.01877	0.03943	0.19736	0.04269	0.01862	0.50425	0.02311	0.01724	0.02311	0.01489	0.02040	0.01117	0.00668	0.00862	0.00255	0.01214	0.00842	0.00372	0.00979
31	0.01914	0.58083	0.18693	0.01492	0.02247	0.02722	0.01636	0.02301	0.01555	0.01923	0.01123	0.01303	0.00971	0.00665	0.00539	0.00180	0.00881	0.00440	0.00324	0.01007
32	0.01747	0.01483	0.01595	0.01443	0.01829	0.01686	0.01117	0.03585	0.56084	0.03150	0.14250	0.03316	0.03145	0.01118	0.00793	0.00254	0.00559	0.00946	0.00783	0.01117
33	0.00910	0.00746	0.00802	0.00836	0.01045	0.00639	0.00609	0.01097	0.01690	0.02070	0.09640	0.20764	0.52527	0.01999	0.00911	0.00266	0.00395	0.01705	0.00710	0.00639
34	0.02833	0.03615	0.02149	0.01954	0.02345	0.70298	0.01466	0.03029	0.02149	0.01856	0.01172	0.01368	0.00977	0.00782	0.00684	0.00195	0.01368	0.00489	0.00391	0.00879
35	0.01877	0.01802	0.03079	0.04656	0.68612	0.01802	0.02328	0.02328	0.01727	0.02478	0.01427	0.01877	0.01201	0.00676	0.00751	0.00225	0.00901	0.00676	0.00375	0.01201
36	0.00924	0.00660	0.00880	0.01056	0.01100	0.00616	0.00704	0.01056	0.01452	0.01936	0.04181	0.72848	0.05017	0.02376	0.00968	0.00308	0.00440	0.02156	0.00704	0.00616
37	0.00924	0.00660	0.00880	0.01056	0.01100	0.00616	0.00704	0.01056	0.01452	0.01936	0.04181	0.72848	0.05017	0.02376	0.00968	0.00308	0.00440	0.02156	0.00704	0.00616
38	0.01744	0.01666	0.02838	0.24692	0.49617	0.01767	0.02262	0.02211	0.01664	0.02316	0.01403	0.01921	0.01144	0.00701	0.00753	0.00234	0.00934	0.00675	0.00364	0.01094
39	0.01545	0.01463	0.02478	0.54627	0.21239	0.01715	0.02162	0.02036	0.01570	0.02074	0.01368	0.01986	0.01059	0.00737	0.00756	0.00246	0.00983	0.00675	0.00347	0.00933
40	0.01432	0.01348	0.02275	0.71520	0.05224	0.01685	0.02107	0.01938	0.01517	0.01938	0.01348	0.02022	0.01011	0.00758	0.00758	0.00253	0.01011	0.00674	0.00337	0.00843
41	0.03403	0.01291	0.01760	0.01350	0.01936	0.01115	0.01115	0.03697	0.02171	0.69137	0.02992	0.02582	0.01878	0.00939	0.00763	0.00235	0.00645	0.00763	0.00939	0.01291
42	0.61284	0.01448	0.01290	0.05110	0.01765	0.01642	0.00950	0.02482	0.04963	0.11030	0.01410	0.01522	0.01037	0.00752	0.00537	0.00237	0.00619	0.00491	0.00533	0.00898
43	0.01809	0.01733	0.02956	0.14893	0.58907	0.01784	0.02294	0.02268	0.01695	0.02395	0.01415	0.01899	0.01172	0.00688	0.00752	0.00229	0.00918	0.00676	0.00370	0.01147
44	0.02304	0.01789	0.01934	0.01605	0.02089	0.02009	0.01286	0.35489	0.27640	0.03854	0.02428	0.05630	0.01893	0.01308	0.04889	0.00301	0.00797	0.00827	0.00740	0.01188
45	0.01556	0.01474	0.02498	0.52946	0.22833	0.01718	0.02168	0.02046	0.01575	0.02088	0.01370	0.01982	0.01064	0.00735	0.00756	0.00245	0.00981	0.00675	0.00348	0.00942
46	0.17992	0.02099	0.06015	0.01620	0.02230	0.02187	0.01398	0.49523	0.02994	0.04364	0.01641	0.01690	0.01177	0.00858	0.00699	0.00230	0.00802	0.00621	0.00675	0.01186
47	0.01908	0.09698	0.02427	0.09406	0.08526	0.10691	0.01575	0.06138	0.01632	0.02182	0.01208	0.01630	0.01050	0.00921	0.01295	0.00238	0.25776	0.00584	0.00388	0.12728
48	0.01465	0.01326	0.01447	0.01317	0.01598	0.09403	0.04607	0.07104	0.01877	0.02431	0.13011	0.31068	0.08820	0.01600	0.00851	0.00249	0.00632	0.01408	0.00644	0.09142
49	0.01996	0.04476	0.02261	0.02065	0.13536	0.13273	0.05314	0.08368	0.01901	0.02562	0.01378	0.01630	0.01124	0.00660	0.00652	0.00168	0.00837	0.00543	0.00448	0.36807
50	0.06061	0.01975	0.02287	0.02452	0.20644	0.13024	0.03580	0.12263	0.04659	0.15639	0.04006	0.02038	0.01524	0.00815	0.00728	0.00218	0.00866	0.00673	0.00584	0.05967
51	0.06663	0.30781	0.09518	0.01534	0.02155	0.06073	0.05549	0.09322	0.01911	0.09227	0.05428	0.02094	0.05069	0.00842	0.00649	0.00206	0.00829	0.00642	0.00498	0.01012
52	0.05009	0.32376	0.15479	0.04257	0.04941	0.13160	0.01615	0.02447	0.01721	0.06315	0.05128	0.01710	0.01387	0.00761	0.00623	0.00200	0.00925	0.00547	0.00410	0.00990
53	0.04973	0.13980	0.17921	0.02447	0.16613	0.05886	0.07891	0.06316	0.05345	0.06709	0.01542	0.01752	0.01183	0.00731	0.00696	0.00218	0.00938	0.00614	0.00442	0.03803
54	0.14683	0.11138	0.13534	0.01890	0.09904	0.11300	0.01553	0.06745	0.05346	0.02639	0.01378	0.01570	0.01093	0.00716	0.00628	0.00201	0.00862	0.00526	0.00437	0.13856

[dist]
# distance from previous block
# <min> <max>
0	18

[block]
# block no. 7 follows, 26 sequences, length 32
# corresponding to MSA columns:
# 526-557
name=unknown_H
#
# <colnr> <probs for GDERKNQSTAVLIFYWHMCP>
#	G	D	E	R	K	N	Q	S	T	A	V	L	I	F	Y	W	H	M	C	P
0	0.10311	0.24439	0.29650	0.01695	0.02489	0.05001	0.01868	0.08701	0.04875	0.02573	0.01355	0.01515	0.01047	0.00733	0.00627	0.00214	0.00926	0.00521	0.00405	0.01054
1	0.02003	0.17907	0.16334	0.01627	0.02258	0.06865	0.04486	0.09432	0.08033	0.08097	0.02172	0.06115	0.05219	0.02927	0.00793	0.00235	0.00852	0.00753	0.00522	0.03370
2	0.02651	0.01596	0.01845	0.01483	0.02002	0.01657	0.01209	0.27168	0.13050	0.25292	0.06488	0.02904	0.05163	0.01057	0.00785	0.00240	0.00684	0.02711	0.00820	0.01196
3	0.10360	0.10885	0.04732	0.01455	0.02028	0.01942	0.01258	0.28984	0.05391	0.11552	0.05856	0.02227	0.04154	0.00914	0.00696	0.00218	0.00725	0.00694	0.00665	0.05265
4	0.01121	0.00785	0.00953	0.00955	0.01005	0.00823	0.00611	0.01276	0.03857	0.01630	0.02437	0.08130	0.02672	0.51597	0.18241	0.00799	0.01000	0.01086	0.00474	0.00546
5	0.01756	0.05325	0.01686	0.01490	0.06292	0.01429	0.01086	0.13219	0.14359	0.06915	0.24045	0.07577	0.09131	0.01273	0.00812	0.00240	0.00571	0.01082	0.00738	0.00974
6	0.01877	0.01802	0.03079	0.04656	0.68612	0.01802	0.02328	0.02328	0.01727	0.02478	0.01427	0.01877	0.01201	0.00676	0.00751	0.00225	0.00901	0.00676	0.00375	0.01201
7	0.01572	0.01409	0.01951	0.01410	0.02051	0.01126	0.10487	0.01931	0.01572	0.02396	0.01449	0.01880	0.01242	0.05656	0.00841	0.00177	0.00680	0.00561	0.00440	0.61170
8	0.01465	0.01374	0.02281	0.63831	0.08608	0.01654	0.02052	0.01958	0.01532	0.01998	0.01353	0.01989	0.01028	0.00743	0.00747	0.00243	0.00980	0.00662	0.00345	0.05157
9	0.01432	0.01348	0.02275	0.71520	0.05224	0.01685	0.02107	0.01938	0.01517	0.01938	0.01348	0.02022	0.01011	0.00758	0.00758	0.00253	0.01011	0.00674	0.00337	0.00843
10	0.01826	0.01417	0.01652	0.01198	0.01859	0.01144	0.00965	0.08028	0.01802	0.07440	0.01510	0.01668	0.01193	0.00621	0.00594	0.00132	0.00593	0.00494	0.00513	0.65353
11	0.01084	0.00813	0.01219	0.01219	0.01354	0.00948	0.00948	0.01354	0.01219	0.01761	0.02032	0.02980	0.01896	0.05689	0.70337	0.01219	0.02032	0.00813	0.00406	0.00677
12	0.02230	0.08851	0.02352	0.02079	0.09574	0.34020	0.04823	0.05986	0.01974	0.02139	0.02197	0.02372	0.11000	0.00967	0.00854	0.00220	0.06291	0.00712	0.00445	0.00915
13	0.02762	0.01874	0.02067	0.01634	0.02199	0.02038	0.01334	0.42061	0.16846	0.15626	0.02294	0.02168	0.01610	0.00941	0.00762	0.00235	0.00752	0.00734	0.00793	0.01271
14	0.03979	0.15875	0.09028	0.01848	0.06995	0.08351	0.08341	0.02554	0.13328	0.05319	0.05969	0.02654	0.06691	0.04812	0.00889	0.00252	0.00840	0.00777	0.00515	0.00984
15	0.78701	0.01467	0.01115	0.00997	0.01467	0.01702	0.00821	0.02230	0.01291	0.03403	0.01056	0.01232	0.00821	0.00704	0.00469	0.00235	0.00587	0.00411	0.00469	0.00821
16	0.01235	0.00907	0.01269	0.01416	0.01576	0.00942	0.01226	0.01566	0.01704	0.02233	0.03860	0.10601	0.04208	0.02065	0.01122	0.00347	0.04527	0.57815	0.00679	0.00702
17	0.01476	0.01226	0.01317	0.01216	0.01546	0.01307	0.00932	0.05966	0.31683	0.02812	0.11896	0.09616	0.23034	0.01452	0.00837	0.00257	0.00508	0.01228	0.00753	0.00937
18	0.01432	0.01348	0.02275	0.71520	0.05224	0.01685	0.02107	0.01938	0.01517	0.01938	0.01348	0.02022	0.01011	0.00758	0.00758	0.00253	0.01011	0.00674	0.00337	0.00843
19	0.01328	0.01122	0.01193	0.01126	0.01434	0.01165	0.00857	0.02346	0.29024	0.02611	0.11709	0.08838	0.31204	0.01537	0.00848	0.00258	0.00475	0.01298	0.00746	0.00880
20	0.00932	0.00721	0.00851	0.00922	0.01073	0.00639	0.00652	0.01119	0.01660	0.02129	0.14052	0.36513	0.31869	0.02077	0.00928	0.00277	0.00406	0.01820	0.00721	0.00639
21	0.01454	0.01337	0.02080	0.43048	0.08449	0.01528	0.04218	0.04608	0.05245	0.02204	0.02766	0.03124	0.14823	0.01006	0.00792	0.00251	0.00856	0.00882	0.00458	0.00872
22	0.02127	0.02344	0.02290	0.07731	0.16488	0.27183	0.05046	0.02847	0.16091	0.02324	0.02129	0.02294	0.06029	0.00883	0.00749	0.00227	0.01002	0.00722	0.00488	0.01005
23	0.01912	0.01327	0.02053	0.05394	0.27054	0.01325	0.01521	0.02317	0.03628	0.16837	0.06620	0.04929	0.05106	0.01881	0.14225	0.00426	0.00987	0.00859	0.00569	0.01030
24	0.02151	0.23905	0.10879	0.01991	0.08175	0.12372	0.05012	0.13769	0.04952	0.02591	0.01600	0.02078	0.01354	0.00843	0.00689	0.00216	0.00950	0.04962	0.00464	0.01047
25	0.14652	0.02599	0.31520	0.01886	0.02656	0.01706	0.09387	0.06902	0.07032	0.04756	0.05195	0.02269	0.01602	0.00860	0.00731	0.00246	0.00914	0.03562	0.00482	0.01041
26	0.01635	0.37912	0.06138	0.01216	0.01735	0.02053	0.01144	0.02145	0.09971	0.02124	0.06288	0.03283	0.19482	0.01085	0.00664	0.00207	0.00665	0.00837	0.00507	0.00909
27	0.01187	0.00913	0.01175	0.06315	0.01572	0.00947	0.00906	0.04589	0.08297	0.02380	0.14838	0.37951	0.07073	0.02121	0.05752	0.00344	0.00612	0.01593	0.00688	0.00746
28	0.01078	0.00789	0.01087	0.01084	0.01194	0.00867	0.00794	0.01280	0.01259	0.01762	0.05476	0.03833	0.05858	0.22404	0.46664	0.01001	0.01540	0.00953	0.00455	0.00622
29	0.02305	0.01170	0.01372	0.01141	0.01534	0.01154	0.00913	0.12044	0.05772	0.25515	0.07177	0.02794	0.02210	0.00961	0.00681	0.00213	0.00537	0.00777	0.30711	0.01018
30	0.01597	0.01246	0.01382	0.01270	0.01604	0.01323	0.00961	0.02781	0.34791	0.06277	0.08186	0.13938	0.10556	0.05149	0.00974	0.00279	0.00542	0.01156	0.00733	0.05256
31	0.01467	0.04272	0.01272	0.01048	0.01304	0.00926	0.00770	0.01668	0.01558	0.10527	0.11965	0.14438	0.04945	0.20522	0.08275	0.00451	0.00718	0.01117	0.00605	0.12154

[dist]
# distance from previous block
# <min> <max>
0	23

# created by:
# /home/berkeley/.conda/envs/busco_data_prod/bin/msa2prfl.pl pipeline/OGs_align_augustus/4893/42101.fs
