[name]
unknown

[dist]
# distance from previous block
# <min> <max>
5	7

[block]
# block no. 0 follows, 32 sequences, length 92
# corresponding to MSA columns:
# 9-100
name=unknown_A
#
# <colnr> <probs for GDERKNQSTAVLIFYWHMCP>
#	G	D	E	R	K	N	Q	S	T	A	V	L	I	F	Y	W	H	M	C	P
0	0.01066	0.00783	0.00957	0.01015	0.01138	0.00781	0.00716	0.09713	0.04122	0.02074	0.03549	0.60569	0.07174	0.01876	0.00824	0.00260	0.00436	0.01677	0.00631	0.00640
1	0.00894	0.00662	0.00766	0.00804	0.00968	0.00580	0.00578	0.01061	0.01488	0.04356	0.11417	0.31221	0.39229	0.01784	0.00812	0.00241	0.00364	0.01549	0.00641	0.00585
2	0.00987	0.00705	0.00890	0.00883	0.00917	0.00763	0.00583	0.01064	0.01021	0.01405	0.02048	0.07284	0.02259	0.50147	0.21981	0.00729	0.04520	0.00934	0.00399	0.00480
3	0.01627	0.01560	0.02663	0.10136	0.66478	0.01585	0.02043	0.02030	0.01512	0.02151	0.01256	0.01672	0.01049	0.00604	0.00665	0.00201	0.00805	0.00598	0.00329	0.01036
4	0.00818	0.00584	0.00779	0.00934	0.00973	0.00545	0.00623	0.00934	0.01285	0.01713	0.03698	0.75981	0.04438	0.02102	0.00856	0.00273	0.00389	0.01908	0.00623	0.00545
5	0.01794	0.76823	0.03516	0.01148	0.01722	0.02655	0.01148	0.02009	0.01363	0.01579	0.00933	0.01076	0.00861	0.00574	0.00431	0.00144	0.00718	0.00359	0.00287	0.00861
6	0.02287	0.02724	0.02186	0.01853	0.02223	0.50698	0.09921	0.08671	0.01886	0.01940	0.01114	0.01349	0.00911	0.00736	0.00800	0.00195	0.08805	0.00509	0.00369	0.00823
7	0.01149	0.00668	0.00896	0.00974	0.01085	0.00612	0.00678	0.01288	0.01381	0.12457	0.03539	0.64826	0.04018	0.01910	0.00829	0.00263	0.00417	0.01721	0.00654	0.00635
8	0.01360	0.05832	0.70708	0.01888	0.02866	0.01594	0.02436	0.02121	0.01415	0.02107	0.01195	0.01406	0.00850	0.00635	0.00631	0.00210	0.00983	0.00491	0.00283	0.00987
9	0.00959	0.00719	0.01078	0.01078	0.01198	0.00839	0.00839	0.01198	0.01078	0.01558	0.01797	0.02636	0.01677	0.05032	0.73760	0.01078	0.01797	0.00719	0.00359	0.00599
10	0.01568	0.01780	0.03864	0.06348	0.03561	0.01687	0.66474	0.02128	0.01572	0.02128	0.01349	0.01809	0.01012	0.00571	0.00786	0.00226	0.01120	0.00782	0.00337	0.00897
11	0.00940	0.00723	0.01041	0.01027	0.01158	0.00781	0.02486	0.01148	0.01164	0.01601	0.02671	0.10001	0.11604	0.09949	0.49563	0.00832	0.01359	0.00946	0.00423	0.00582
12	0.01545	0.01595	0.02011	0.01806	0.04298	0.08764	0.01438	0.01709	0.01131	0.01635	0.00960	0.01515	0.00930	0.01322	0.05959	0.00322	0.61434	0.00580	0.00304	0.00743
13	0.01002	0.00795	0.01175	0.04730	0.01387	0.00946	0.00918	0.01225	0.01117	0.01594	0.01965	0.13581	0.01978	0.03995	0.52098	0.00837	0.08774	0.00880	0.00390	0.00611
14	0.00953	0.00638	0.00838	0.00944	0.01037	0.00590	0.00666	0.01105	0.01385	0.05422	0.07153	0.58377	0.09739	0.01952	0.00844	0.00265	0.00407	0.06460	0.00639	0.00587
15	0.02165	0.02528	0.01979	0.01840	0.06178	0.44890	0.05781	0.02853	0.20931	0.02029	0.01539	0.01633	0.01213	0.00738	0.00642	0.00193	0.00993	0.00556	0.00438	0.00881
16	0.32520	0.05688	0.01895	0.01764	0.10691	0.27741	0.06638	0.02255	0.01511	0.02275	0.01046	0.01262	0.00848	0.00638	0.00546	0.00192	0.00863	0.00452	0.00367	0.00808
17	0.01857	0.07855	0.09935	0.01461	0.01957	0.04417	0.01284	0.17175	0.40799	0.02887	0.02117	0.02032	0.01584	0.00822	0.00652	0.00212	0.00666	0.00653	0.00591	0.01044
18	0.00973	0.00688	0.00870	0.00951	0.01058	0.00660	0.00664	0.01260	0.06897	0.04389	0.10868	0.55467	0.08984	0.01860	0.00825	0.00257	0.00396	0.01668	0.00647	0.00617
19	0.02103	0.26842	0.16991	0.01484	0.02105	0.10243	0.03101	0.13324	0.01824	0.13895	0.01404	0.01465	0.01041	0.00680	0.00581	0.00183	0.00820	0.00498	0.00446	0.00971
20	0.08194	0.15129	0.12549	0.02021	0.13975	0.12995	0.06247	0.14280	0.04307	0.02437	0.01258	0.01442	0.00987	0.00662	0.00602	0.00191	0.00856	0.00518	0.00399	0.00950
21	0.00976	0.00651	0.00732	0.00732	0.00732	0.00651	0.00407	0.00976	0.00976	0.01301	0.02114	0.04391	0.02439	0.76419	0.03415	0.00651	0.00651	0.00976	0.00407	0.00407
22	0.01502	0.02070	0.20515	0.08335	0.15003	0.01674	0.21877	0.02114	0.06042	0.02087	0.01316	0.01683	0.01023	0.00703	0.00905	0.00227	0.11020	0.00638	0.00337	0.00929
23	0.01391	0.01193	0.01391	0.00994	0.01590	0.00894	0.00795	0.01690	0.01391	0.02186	0.01193	0.01391	0.00994	0.00497	0.00497	0.00099	0.00497	0.00398	0.00398	0.80521
24	0.01267	0.01193	0.02013	0.74806	0.04621	0.01491	0.01863	0.01714	0.01342	0.01714	0.01193	0.01789	0.00894	0.00671	0.00671	0.00224	0.00894	0.00596	0.00298	0.00745
25	0.00864	0.00618	0.00817	0.00920	0.00971	0.00609	0.00622	0.00984	0.01211	0.01628	0.03234	0.51401	0.05499	0.13834	0.13031	0.00459	0.00655	0.01561	0.00547	0.00533
26	0.11391	0.01990	0.01890	0.05571	0.19504	0.25390	0.01341	0.05902	0.01679	0.02215	0.03813	0.01530	0.01141	0.00660	0.00594	0.00177	0.00837	0.00507	0.00389	0.13480
27	0.11363	0.01866	0.02424	0.02081	0.09350	0.12337	0.19668	0.15664	0.04448	0.07252	0.01406	0.01617	0.01062	0.00712	0.00764	0.00212	0.05771	0.00610	0.00456	0.00938
28	0.01624	0.01402	0.01474	0.01330	0.01702	0.01613	0.01034	0.03432	0.67464	0.02756	0.02939	0.02706	0.05627	0.00951	0.00688	0.00228	0.00521	0.00792	0.00680	0.01037
29	0.01972	0.01341	0.03587	0.06167	0.08949	0.01297	0.01176	0.10473	0.15420	0.21516	0.02230	0.10430	0.01788	0.00912	0.00674	0.00206	0.00608	0.00775	0.00612	0.09865
30	0.01610	0.01567	0.02711	0.05527	0.56594	0.01568	0.09668	0.02092	0.04864	0.02190	0.01550	0.01902	0.03771	0.00653	0.00685	0.00205	0.00808	0.00658	0.00360	0.01018
31	0.01116	0.00774	0.00976	0.00983	0.01099	0.00799	0.00697	0.01426	0.08163	0.06106	0.08886	0.31481	0.05125	0.17124	0.08926	0.00418	0.03422	0.01286	0.00568	0.00625
32	0.00963	0.00701	0.00987	0.00987	0.01075	0.00789	0.00724	0.01139	0.01051	0.01490	0.01881	0.03101	0.01879	0.23941	0.55127	0.00965	0.01494	0.00787	0.00372	0.00548
33	0.02508	0.03160	0.01905	0.01723	0.02075	0.71665	0.01296	0.04615	0.01938	0.01717	0.01054	0.01222	0.00872	0.00695	0.00607	0.00174	0.01196	0.00437	0.00355	0.00788
34	0.02444	0.01215	0.01487	0.01164	0.01623	0.01156	0.00950	0.17696	0.02095	0.39335	0.06815	0.02281	0.01815	0.00832	0.00644	0.00193	0.00554	0.00670	0.10728	0.06301
35	0.01484	0.01428	0.02402	0.03354	0.53606	0.01398	0.06240	0.01849	0.01532	0.02114	0.02361	0.02617	0.15050	0.00813	0.00698	0.00206	0.00729	0.00772	0.00390	0.00954
36	0.70162	0.01379	0.01130	0.00975	0.01407	0.01586	0.00803	0.11488	0.01423	0.03181	0.01029	0.01163	0.00785	0.00648	0.00451	0.00207	0.00550	0.00397	0.00451	0.00785
37	0.01586	0.01518	0.02589	0.17521	0.59414	0.01575	0.02022	0.01994	0.01493	0.02102	0.01249	0.01685	0.01031	0.00612	0.00666	0.00204	0.00816	0.00598	0.00326	0.01003
38	0.01690	0.01649	0.02695	0.04037	0.69835	0.04060	0.02033	0.02080	0.01541	0.02173	0.01254	0.01645	0.01056	0.00601	0.00662	0.00198	0.00811	0.00592	0.00333	0.01053
39	0.02155	0.02005	0.01708	0.01477	0.01877	0.23334	0.01152	0.16476	0.29120	0.07365	0.04946	0.02028	0.01668	0.00838	0.00661	0.00204	0.00770	0.00643	0.00591	0.00979
40	0.02400	0.01782	0.04646	0.01869	0.10898	0.07225	0.05833	0.30636	0.02332	0.20859	0.01885	0.01885	0.03017	0.00778	0.00676	0.00203	0.00765	0.00637	0.00607	0.01068
41	0.01653	0.01615	0.02841	0.03996	0.65716	0.01604	0.08482	0.02068	0.01533	0.02188	0.01271	0.01675	0.01059	0.00595	0.00676	0.00202	0.00829	0.00616	0.00333	0.01048
42	0.01511	0.01442	0.02453	0.30998	0.46523	0.01555	0.01985	0.01928	0.01457	0.02010	0.01236	0.01709	0.00999	0.00626	0.00667	0.00209	0.00834	0.00597	0.00319	0.00942
43	0.00895	0.00678	0.00829	0.00830	0.00995	0.00612	0.00623	0.01143	0.01693	0.02265	0.39653	0.13696	0.26113	0.01587	0.00808	0.00229	0.00352	0.05715	0.00682	0.00602
44	0.02028	0.06230	0.26515	0.01744	0.04950	0.06388	0.06133	0.09784	0.07874	0.19186	0.01712	0.01743	0.01200	0.00719	0.00652	0.00206	0.00826	0.00585	0.00500	0.01025
45	0.01679	0.01603	0.02716	0.05696	0.60769	0.01619	0.06444	0.04656	0.04091	0.02275	0.01333	0.01702	0.01094	0.00617	0.00674	0.00203	0.00810	0.00617	0.00357	0.01047
46	0.00903	0.00709	0.01019	0.01187	0.05749	0.00662	0.03298	0.01067	0.01355	0.01800	0.05807	0.59243	0.10885	0.01883	0.00833	0.00260	0.00437	0.01710	0.00597	0.00597
47	0.00827	0.00597	0.00783	0.00915	0.00972	0.00553	0.00618	0.00962	0.01345	0.01795	0.09234	0.67038	0.07827	0.02025	0.00848	0.00265	0.00381	0.01829	0.00632	0.00553
48	0.06586	0.06738	0.19668	0.01688	0.04608	0.15966	0.04064	0.15807	0.01933	0.14474	0.01474	0.01546	0.01056	0.00706	0.00626	0.00197	0.00870	0.00534	0.00477	0.00981
49	0.07252	0.06550	0.21362	0.01717	0.04167	0.06564	0.07355	0.23784	0.02052	0.07841	0.04032	0.01659	0.01217	0.00724	0.00642	0.00202	0.00830	0.00577	0.00482	0.00992
50	0.01390	0.04604	0.01185	0.01030	0.01263	0.00954	0.00777	0.12616	0.01709	0.10020	0.03638	0.39882	0.15081	0.01603	0.00774	0.00239	0.00474	0.01395	0.00637	0.00729
51	0.01921	0.13920	0.13132	0.05533	0.08650	0.25935	0.01510	0.04312	0.14739	0.02048	0.01410	0.01546	0.01112	0.00700	0.00608	0.00191	0.00907	0.00520	0.00395	0.00911
52	0.01206	0.01130	0.08585	0.04519	0.08649	0.00899	0.01052	0.03964	0.01494	0.06714	0.05681	0.36053	0.12151	0.01479	0.00766	0.00237	0.00534	0.01309	0.00558	0.03020
53	0.03584	0.19365	0.22541	0.03717	0.16660	0.05512	0.04094	0.02198	0.05774	0.04077	0.01279	0.01483	0.01007	0.00630	0.00590	0.00187	0.00822	0.00507	0.00350	0.05621
54	0.07068	0.21230	0.12529	0.04025	0.11847	0.03881	0.09974	0.04180	0.08377	0.08621	0.01432	0.01586	0.01097	0.00657	0.00601	0.00194	0.00793	0.00549	0.00409	0.00951
55	0.00905	0.00683	0.00842	0.00878	0.01012	0.00639	0.00629	0.01196	0.05167	0.02142	0.28909	0.33931	0.17167	0.01703	0.00812	0.00240	0.00361	0.01508	0.00668	0.00608
56	0.01904	0.03892	0.15128	0.01624	0.05365	0.11487	0.01402	0.24926	0.06588	0.04447	0.01890	0.14742	0.01693	0.00980	0.00683	0.00212	0.00774	0.00796	0.00524	0.00942
57	0.04354	0.01768	0.12129	0.14150	0.23158	0.01542	0.17728	0.05971	0.01589	0.04083	0.03218	0.04562	0.01268	0.00703	0.00694	0.00215	0.00870	0.00689	0.00379	0.00930
58	0.03956	0.05238	0.29844	0.02433	0.10797	0.04134	0.27812	0.03896	0.01544	0.02186	0.01256	0.01569	0.00943	0.00609	0.00685	0.00212	0.00999	0.00611	0.00326	0.00951
59	0.00847	0.00628	0.00772	0.00861	0.00969	0.00571	0.00607	0.01012	0.01427	0.01876	0.11657	0.45628	0.22200	0.01873	0.00825	0.00252	0.00375	0.04148	0.02908	0.00565
60	0.01964	0.29993	0.02608	0.01572	0.04947	0.15026	0.07044	0.11054	0.07735	0.04635	0.01599	0.03866	0.03719	0.00750	0.00590	0.00182	0.00803	0.00581	0.00429	0.00902
61	0.02056	0.15577	0.20580	0.01582	0.02233	0.01774	0.06638	0.21011	0.01985	0.15178	0.01619	0.04064	0.01208	0.00750	0.00635	0.00199	0.00788	0.00602	0.00504	0.01015
62	0.01001	0.00736	0.00903	0.00967	0.01089	0.00712	0.00687	0.07892	0.01535	0.02023	0.06446	0.54792	0.13013	0.01885	0.00829	0.00258	0.00422	0.03568	0.00632	0.00613
63	0.01383	0.01274	0.02132	0.35209	0.30795	0.01422	0.01767	0.01781	0.01384	0.01909	0.01328	0.01868	0.01086	0.01194	0.09848	0.00319	0.00951	0.00613	0.02889	0.00849
64	0.01437	0.00906	0.01099	0.01055	0.01265	0.00909	0.00777	0.08560	0.09952	0.12162	0.07578	0.38518	0.03350	0.04215	0.00860	0.00255	0.00468	0.01324	0.04553	0.00755
65	0.01486	0.04857	0.35111	0.07325	0.17154	0.01625	0.08859	0.02272	0.10625	0.02186	0.01423	0.01664	0.01072	0.00658	0.00660	0.00212	0.00889	0.00584	0.00353	0.00986
66	0.00806	0.00653	0.00715	0.00756	0.00928	0.00563	0.00546	0.00966	0.01476	0.01818	0.08390	0.25664	0.50782	0.01799	0.00811	0.00239	0.00353	0.01545	0.00627	0.00563
67	0.00890	0.00620	0.00767	0.00842	0.00878	0.00594	0.00535	0.00977	0.01215	0.01627	0.08329	0.40686	0.05309	0.31449	0.01863	0.00416	0.00486	0.01475	0.00546	0.00497
68	0.02081	0.20349	0.04254	0.01760	0.03930	0.38066	0.10518	0.04079	0.01712	0.01792	0.01210	0.04943	0.01071	0.00715	0.00605	0.00180	0.01014	0.00546	0.00351	0.00825
69	0.07246	0.02266	0.02359	0.02596	0.25529	0.31979	0.09331	0.02295	0.01633	0.01972	0.01131	0.01438	0.00940	0.00673	0.00739	0.00198	0.05918	0.00534	0.00342	0.00881
70	0.01661	0.01594	0.02724	0.04119	0.72233	0.01594	0.02059	0.02059	0.01528	0.02192	0.01262	0.01661	0.01063	0.00598	0.00664	0.00199	0.00797	0.00598	0.00332	0.01063
71	0.01083	0.00769	0.00893	0.00840	0.01067	0.00704	0.00637	0.01442	0.06777	0.07492	0.31370	0.07385	0.34111	0.01462	0.00777	0.00221	0.00363	0.01249	0.00688	0.00671
72	0.01258	0.01143	0.01585	0.01414	0.01443	0.01514	0.01128	0.01401	0.01030	0.01545	0.01320	0.02271	0.01350	0.15609	0.19432	0.00544	0.44351	0.00688	0.00330	0.00643
73	0.01479	0.01414	0.01711	0.01516	0.01608	0.08818	0.01222	0.01712	0.03773	0.03666	0.01292	0.01921	0.01208	0.05629	0.18923	0.00479	0.41933	0.00630	0.00350	0.00715
74	0.01119	0.00694	0.00915	0.00923	0.01061	0.00660	0.00667	0.01319	0.01476	0.09256	0.20900	0.31328	0.06525	0.06773	0.10129	0.00369	0.00578	0.01332	0.03345	0.00631
75	0.01340	0.09396	0.55277	0.01843	0.05972	0.01539	0.02132	0.01976	0.01402	0.02034	0.01468	0.09897	0.01270	0.00797	0.00646	0.00213	0.00890	0.00650	0.00325	0.00933
76	0.06486	0.01794	0.02318	0.02595	0.28230	0.10686	0.09307	0.11837	0.13101	0.02545	0.01579	0.01886	0.01264	0.00723	0.00668	0.00208	0.00814	0.02520	0.00452	0.00988
77	0.01703	0.01801	0.02236	0.10977	0.30103	0.15951	0.01679	0.01990	0.01453	0.01868	0.01312	0.01710	0.03512	0.00811	0.01050	0.00222	0.19832	0.00592	0.00332	0.00869
78	0.00838	0.00602	0.00788	0.00920	0.00977	0.00562	0.00625	0.00969	0.01324	0.01760	0.07117	0.64140	0.07675	0.04838	0.00949	0.00283	0.00401	0.04064	0.00620	0.00548
79	0.01796	0.01656	0.02082	0.10206	0.09252	0.08833	0.10026	0.15538	0.17590	0.02579	0.01792	0.05497	0.01446	0.00830	0.00747	0.00215	0.03956	0.00708	0.04318	0.00933
80	0.05789	0.01638	0.02094	0.02179	0.19499	0.06629	0.05533	0.14617	0.11843	0.10172	0.04266	0.01896	0.01429	0.00800	0.00825	0.00215	0.08432	0.00641	0.00514	0.00990
81	0.01325	0.01022	0.01135	0.01082	0.01224	0.05191	0.00798	0.06625	0.04824	0.04393	0.02506	0.24021	0.04467	0.13542	0.06102	0.00356	0.09124	0.01074	0.10526	0.00663
82	0.00889	0.00622	0.00755	0.00820	0.00889	0.00579	0.00541	0.00944	0.01221	0.01576	0.03750	0.34470	0.19212	0.19683	0.01651	0.09492	0.00462	0.01422	0.00534	0.00488
83	0.01336	0.01672	0.18692	0.01657	0.10589	0.03855	0.03568	0.04229	0.01588	0.04721	0.15854	0.09859	0.09763	0.06592	0.00957	0.00250	0.02599	0.00929	0.00492	0.00796
84	0.01602	0.01810	0.11514	0.07298	0.60213	0.01585	0.02102	0.02051	0.01505	0.02160	0.01251	0.01636	0.01028	0.00606	0.00661	0.00202	0.00826	0.00585	0.00324	0.01038
85	0.01877	0.04684	0.04699	0.02113	0.04569	0.11595	0.31068	0.07467	0.06876	0.08555	0.01601	0.03730	0.01267	0.03568	0.00860	0.00230	0.03176	0.00714	0.00440	0.00910
86	0.01045	0.00702	0.00882	0.00916	0.01079	0.00622	0.00659	0.01214	0.01431	0.07520	0.07668	0.45517	0.16846	0.01762	0.00803	0.00244	0.00406	0.03752	0.00630	0.06301
87	0.01588	0.02041	0.14871	0.02124	0.09740	0.11887	0.20152	0.04080	0.08714	0.02133	0.01952	0.11336	0.04546	0.00886	0.00718	0.00219	0.00882	0.00827	0.00422	0.00881
88	0.01698	0.04273	0.04653	0.02177	0.11159	0.14213	0.24727	0.04346	0.04273	0.04611	0.02165	0.07530	0.09382	0.00864	0.00719	0.00212	0.00886	0.00820	0.00430	0.00861
89	0.01397	0.03952	0.06407	0.01803	0.04743	0.06291	0.21615	0.04353	0.04480	0.02025	0.03862	0.11776	0.05135	0.01784	0.15094	0.00392	0.01027	0.02646	0.00432	0.00785
90	0.01578	0.04255	0.06420	0.12747	0.15767	0.03239	0.01418	0.11109	0.01649	0.06246	0.04290	0.08369	0.03917	0.01475	0.10673	0.00333	0.04449	0.00759	0.00448	0.00858
91	0.01801	0.13816	0.07450	0.04343	0.15261	0.03784	0.05071	0.11604	0.08675	0.05828	0.01468	0.01697	0.01166	0.02836	0.00748	0.00201	0.03427	0.00566	0.00436	0.09821

[dist]
# distance from previous block
# <min> <max>
3	27

[block]
# block no. 1 follows, 32 sequences, length 28
# corresponding to MSA columns:
# 133-160
name=unknown_B
#
# <colnr> <probs for GDERKNQSTAVLIFYWHMCP>
#	G	D	E	R	K	N	Q	S	T	A	V	L	I	F	Y	W	H	M	C	P
0	0.01885	0.09937	0.06112	0.07795	0.09865	0.07795	0.08797	0.13284	0.08079	0.08897	0.07068	0.02146	0.01648	0.00791	0.00669	0.00205	0.00781	0.02809	0.00496	0.00942
1	0.03501	0.07334	0.10464	0.07423	0.18327	0.04272	0.15286	0.06150	0.03624	0.02240	0.03279	0.01954	0.04148	0.00718	0.00700	0.00205	0.02864	0.00651	0.05958	0.00901
2	0.01107	0.00963	0.01086	0.01050	0.01207	0.05948	0.00786	0.01360	0.04461	0.01689	0.02858	0.12559	0.14370	0.11065	0.27477	0.00582	0.05747	0.00980	0.00456	0.04252
3	0.34668	0.09526	0.01681	0.01290	0.04247	0.01807	0.01024	0.19410	0.15149	0.03095	0.01463	0.01513	0.01112	0.00718	0.00542	0.00203	0.00608	0.00508	0.00514	0.00922
4	0.01019	0.00728	0.00865	0.00894	0.01031	0.00695	0.00627	0.03595	0.04452	0.04397	0.07189	0.35573	0.20573	0.11795	0.03109	0.00323	0.00471	0.01458	0.00604	0.00602
5	0.01681	0.21038	0.27322	0.01687	0.05955	0.04019	0.04493	0.04518	0.01508	0.07343	0.01334	0.03975	0.01079	0.00700	0.00658	0.00189	0.03962	0.00539	0.00368	0.07634
6	0.01615	0.13516	0.15894	0.05032	0.09846	0.07155	0.12050	0.04018	0.05872	0.04104	0.08445	0.04679	0.01688	0.00784	0.00693	0.00204	0.02418	0.00681	0.00412	0.00894
7	0.00951	0.00640	0.00739	0.00763	0.00769	0.00634	0.00440	0.00969	0.01023	0.01364	0.02358	0.15402	0.02747	0.64988	0.03022	0.00592	0.00610	0.01119	0.00440	0.00428
8	0.01668	0.00914	0.01103	0.00946	0.01263	0.00839	0.00745	0.06107	0.03787	0.23799	0.21048	0.04166	0.23397	0.01218	0.00725	0.00211	0.00432	0.01021	0.05799	0.00811
9	0.03757	0.01957	0.16644	0.08317	0.25672	0.08777	0.06786	0.01997	0.01495	0.04480	0.01577	0.10649	0.01419	0.00917	0.02439	0.00234	0.00870	0.00733	0.00377	0.00902
10	0.01040	0.00745	0.00935	0.00980	0.01080	0.00756	0.00700	0.06635	0.01379	0.01842	0.03033	0.34655	0.05725	0.19151	0.10286	0.00453	0.00672	0.08810	0.00545	0.00578
11	0.00897	0.00679	0.00807	0.00839	0.00987	0.00620	0.00624	0.01092	0.01511	0.01956	0.19571	0.15025	0.29743	0.11230	0.01155	0.00296	0.00423	0.11359	0.00620	0.00566
12	0.04668	0.01136	0.01252	0.01066	0.01411	0.01172	0.00845	0.16696	0.12643	0.12603	0.12719	0.03286	0.14813	0.01054	0.00675	0.00206	0.00487	0.00862	0.11537	0.00870
13	0.01271	0.01150	0.01848	0.23132	0.26828	0.01229	0.01504	0.01622	0.01449	0.01962	0.07567	0.05009	0.09913	0.01371	0.08514	0.00310	0.00823	0.03286	0.00410	0.00800
14	0.02307	0.01748	0.01812	0.01427	0.01873	0.04981	0.01143	0.56448	0.02765	0.03666	0.01663	0.02021	0.01329	0.12431	0.01090	0.00269	0.00745	0.00654	0.00616	0.01012
15	0.01597	0.01530	0.02609	0.15493	0.61354	0.01578	0.02028	0.02004	0.01498	0.02115	0.01251	0.01681	0.01036	0.00610	0.00665	0.00203	0.00813	0.00598	0.00327	0.01012
16	0.01224	0.00844	0.01010	0.00981	0.01180	0.00832	0.00726	0.06082	0.09613	0.07259	0.19131	0.30572	0.12526	0.01536	0.00778	0.00235	0.00417	0.01347	0.02999	0.00711
17	0.00920	0.00702	0.00756	0.00746	0.00948	0.00633	0.00558	0.01208	0.04515	0.02111	0.18736	0.08701	0.43989	0.01503	0.00750	0.00217	0.00342	0.01270	0.10788	0.00607
18	0.01661	0.01594	0.02724	0.04119	0.72233	0.01594	0.02059	0.02059	0.01528	0.02192	0.01262	0.01661	0.01063	0.00598	0.00664	0.00199	0.00797	0.00598	0.00332	0.01063
19	0.00955	0.00681	0.00822	0.00873	0.01011	0.00626	0.00617	0.01178	0.04155	0.04871	0.11222	0.40666	0.23812	0.04154	0.00898	0.00261	0.00389	0.01571	0.00639	0.00601
20	0.01688	0.01186	0.01356	0.01190	0.01498	0.01258	0.00918	0.20215	0.17084	0.09040	0.14649	0.18504	0.03045	0.04158	0.00842	0.00242	0.00527	0.01044	0.00679	0.00879
21	0.01153	0.01038	0.01178	0.07032	0.01497	0.05723	0.00890	0.03391	0.03607	0.02054	0.18518	0.12069	0.24556	0.01412	0.00954	0.00235	0.09951	0.03516	0.00565	0.00661
22	0.11948	0.01739	0.02127	0.01709	0.04836	0.06317	0.11728	0.32407	0.02305	0.15849	0.01627	0.01676	0.01145	0.00736	0.00655	0.00205	0.00775	0.00605	0.00584	0.01029
23	0.01460	0.01374	0.02316	0.23619	0.45644	0.01453	0.01851	0.01842	0.01450	0.02007	0.01503	0.09636	0.01376	0.00779	0.00687	0.00214	0.00781	0.00737	0.00354	0.00918
24	0.00865	0.00668	0.00785	0.00813	0.00971	0.00597	0.00599	0.01065	0.01553	0.02008	0.22229	0.19755	0.34377	0.04825	0.00924	0.00255	0.00376	0.06116	0.00643	0.00576
25	0.09948	0.01192	0.04389	0.06945	0.12357	0.01175	0.01123	0.02000	0.10866	0.07309	0.10536	0.04466	0.08275	0.00980	0.00701	0.00215	0.02603	0.03859	0.10242	0.00819
26	0.12489	0.01422	0.04805	0.01574	0.07604	0.01236	0.11578	0.04201	0.04116	0.02337	0.01383	0.04190	0.01179	0.03444	0.00685	0.00182	0.00654	0.00569	0.00409	0.35945
27	0.01887	0.04452	0.01835	0.01847	0.14625	0.08301	0.01256	0.14968	0.18138	0.08180	0.05244	0.05173	0.03854	0.00954	0.00693	0.00215	0.00680	0.06162	0.00575	0.00962

[dist]
# distance from previous block
# <min> <max>
1	17

[block]
# block no. 2 follows, 32 sequences, length 35
# corresponding to MSA columns:
# 178-212
name=unknown_C
#
# <colnr> <probs for GDERKNQSTAVLIFYWHMCP>
#	G	D	E	R	K	N	Q	S	T	A	V	L	I	F	Y	W	H	M	C	P
0	0.07809	0.15396	0.06114	0.01474	0.05080	0.22805	0.01191	0.06511	0.03943	0.04506	0.03739	0.03667	0.01260	0.00712	0.00571	0.00171	0.00799	0.00520	0.00414	0.13319
1	0.01406	0.01129	0.01284	0.01061	0.01433	0.05407	0.03567	0.01819	0.07087	0.06360	0.16786	0.06392	0.07668	0.00941	0.00638	0.00172	0.00501	0.00802	0.08635	0.26912
2	0.01524	0.01419	0.04071	0.01548	0.12082	0.04024	0.01088	0.01842	0.01436	0.04165	0.01228	0.01453	0.01009	0.00558	0.00596	0.00131	0.03207	0.00446	0.00391	0.57784
3	0.04173	0.04590	0.13682	0.02130	0.17308	0.10625	0.07227	0.02460	0.05527	0.18538	0.03441	0.04343	0.01422	0.00755	0.00661	0.00205	0.00806	0.00648	0.00483	0.00976
4	0.01166	0.00583	0.00874	0.00874	0.00874	0.00583	0.00583	0.00874	0.00874	0.01166	0.01166	0.02040	0.01166	0.02331	0.02622	0.80478	0.00583	0.00583	0.00291	0.00291
5	0.00945	0.00643	0.00766	0.00795	0.00811	0.00645	0.00478	0.00984	0.01041	0.01396	0.02385	0.17555	0.02755	0.57385	0.08099	0.00612	0.00686	0.01130	0.00443	0.00446
6	0.04763	0.08504	0.08553	0.04098	0.07717	0.05550	0.07868	0.03755	0.07819	0.12167	0.05527	0.06719	0.04513	0.00909	0.00825	0.00217	0.08384	0.00738	0.00484	0.00888
7	0.05014	0.15544	0.16129	0.04347	0.06110	0.31775	0.03101	0.02260	0.01589	0.01825	0.01146	0.03483	0.00977	0.00707	0.00645	0.00188	0.03488	0.00501	0.00330	0.00841
8	0.01768	0.01762	0.02028	0.01725	0.01851	0.11724	0.01416	0.11875	0.01460	0.02005	0.01010	0.01454	0.00917	0.01055	0.01760	0.00264	0.54199	0.00569	0.00356	0.00800
9	0.04612	0.19248	0.39107	0.07020	0.04189	0.06783	0.01900	0.04079	0.01475	0.02040	0.01134	0.01352	0.00869	0.00629	0.00581	0.00191	0.00896	0.00466	0.00310	0.03116
10	0.00933	0.00688	0.00884	0.00884	0.00983	0.00722	0.00628	0.01077	0.01130	0.01519	0.02864	0.03967	0.15409	0.28737	0.35785	0.00769	0.01127	0.00940	0.00426	0.00527
11	0.01235	0.01010	0.06313	0.01070	0.01256	0.00912	0.00853	0.09471	0.03261	0.01923	0.04654	0.15802	0.02182	0.09540	0.14392	0.21332	0.00799	0.00911	0.02486	0.00599
12	0.03655	0.05631	0.04057	0.17845	0.17258	0.01491	0.17053	0.02002	0.06310	0.04526	0.04027	0.05624	0.05963	0.00801	0.00697	0.00216	0.00797	0.00766	0.00412	0.00870
13	0.01238	0.01044	0.04194	0.01212	0.01547	0.00909	0.11609	0.01573	0.03766	0.09295	0.08175	0.04246	0.31766	0.04378	0.11621	0.00363	0.00744	0.01054	0.00549	0.00716
14	0.01450	0.01097	0.01230	0.01100	0.01272	0.05682	0.00827	0.08382	0.01460	0.07646	0.04843	0.03313	0.12619	0.20233	0.09662	0.06310	0.10896	0.00845	0.00480	0.00654
15	0.05103	0.02557	0.04764	0.01963	0.04976	0.42724	0.16033	0.04668	0.01815	0.02001	0.06067	0.01637	0.01289	0.00708	0.00657	0.00192	0.01065	0.00576	0.00383	0.00824
16	0.01852	0.66762	0.05753	0.01227	0.01799	0.07327	0.01208	0.04443	0.01464	0.01695	0.00973	0.01116	0.00871	0.00592	0.00458	0.00150	0.00761	0.00377	0.00304	0.00870
17	0.01642	0.01576	0.02691	0.07389	0.69105	0.01589	0.02050	0.02043	0.01519	0.02170	0.01259	0.01667	0.01055	0.00601	0.00665	0.00200	0.00802	0.00598	0.00331	0.01048
18	0.05293	0.07407	0.07093	0.01653	0.07523	0.11121	0.01301	0.15566	0.23788	0.09673	0.01857	0.01836	0.01378	0.00773	0.00636	0.00203	0.00731	0.00601	0.00554	0.01014
19	0.02206	0.14154	0.02244	0.01625	0.01988	0.33997	0.03176	0.12435	0.01837	0.04786	0.01149	0.01354	0.00943	0.00780	0.00886	0.00197	0.14501	0.00494	0.00394	0.00855
20	0.01558	0.09442	0.25761	0.02585	0.30322	0.01612	0.01899	0.02162	0.06969	0.03930	0.03420	0.01806	0.01270	0.03558	0.00743	0.00218	0.00808	0.00588	0.00366	0.00984
21	0.01208	0.00958	0.01114	0.01211	0.06284	0.06957	0.00795	0.01316	0.01191	0.01628	0.01913	0.11795	0.01963	0.17429	0.17698	0.12329	0.03493	0.00851	0.09300	0.00565
22	0.02506	0.03198	0.01901	0.01729	0.02074	0.73725	0.01296	0.02679	0.01901	0.01642	0.01037	0.01210	0.00864	0.00691	0.00605	0.00173	0.01210	0.00432	0.00346	0.00778
23	0.01391	0.01193	0.01391	0.00994	0.01590	0.00894	0.00795	0.01690	0.01391	0.02186	0.01193	0.01391	0.00994	0.00497	0.00497	0.00099	0.00497	0.00398	0.00398	0.80521
24	0.11269	0.01815	0.01900	0.01470	0.01994	0.02017	0.01214	0.62451	0.02932	0.04094	0.01536	0.01553	0.01095	0.00785	0.00643	0.00202	0.00714	0.00577	0.00643	0.01095
25	0.01449	0.01414	0.01997	0.43463	0.13322	0.07961	0.01681	0.03875	0.01433	0.01835	0.01312	0.04363	0.01102	0.01056	0.05912	0.00281	0.05787	0.00636	0.00334	0.00787
26	0.00867	0.00683	0.00782	0.00757	0.00952	0.00598	0.00568	0.01106	0.01703	0.02226	0.37426	0.05777	0.41074	0.01545	0.00792	0.00219	0.00329	0.01321	0.00677	0.00598
27	0.01144	0.00597	0.00895	0.00895	0.00907	0.00609	0.00609	0.00907	0.00895	0.01205	0.01230	0.02100	0.01217	0.02605	0.09845	0.72416	0.00706	0.00597	0.00298	0.00323
28	0.02360	0.02858	0.02008	0.02045	0.11929	0.58169	0.01395	0.05359	0.04300	0.01865	0.01151	0.01335	0.00945	0.00691	0.00619	0.00180	0.01109	0.00474	0.00369	0.00843
29	0.04151	0.13282	0.49006	0.01865	0.05318	0.06493	0.04289	0.04429	0.01501	0.02121	0.01168	0.01374	0.00872	0.00634	0.00607	0.00200	0.00941	0.00486	0.00309	0.00956
30	0.01029	0.00726	0.00919	0.00864	0.01045	0.00675	0.00650	0.01382	0.04482	0.04993	0.58174	0.07656	0.12066	0.01394	0.00786	0.00215	0.00338	0.01223	0.00724	0.00657
31	0.00927	0.00706	0.00834	0.00816	0.00978	0.00655	0.00592	0.01223	0.04839	0.02207	0.36193	0.11564	0.25082	0.09132	0.01059	0.00267	0.00374	0.01290	0.00658	0.00602
32	0.01275	0.01037	0.01465	0.01519	0.07527	0.01060	0.06023	0.06257	0.11886	0.02321	0.11763	0.20505	0.03415	0.01438	0.00808	0.00254	0.00576	0.19505	0.00603	0.00763
33	0.08227	0.01565	0.02239	0.02771	0.38024	0.03633	0.03933	0.09644	0.04085	0.10442	0.01471	0.01678	0.01132	0.00652	0.00635	0.00194	0.00732	0.00579	0.00450	0.07915
34	0.01370	0.01308	0.01205	0.03701	0.01486	0.12281	0.00871	0.03729	0.19857	0.02187	0.11093	0.12534	0.23142	0.01291	0.00735	0.00222	0.00558	0.01079	0.00598	0.00755

[dist]
# distance from previous block
# <min> <max>
0	1

[block]
# block no. 3 follows, 32 sequences, length 12
# corresponding to MSA columns:
# 214-225
name=unknown_D
#
# <colnr> <probs for GDERKNQSTAVLIFYWHMCP>
#	G	D	E	R	K	N	Q	S	T	A	V	L	I	F	Y	W	H	M	C	P
0	0.37756	0.05168	0.06116	0.01833	0.16420	0.15856	0.01271	0.02128	0.01395	0.02402	0.01038	0.01266	0.00843	0.00650	0.00583	0.00200	0.03435	0.00442	0.00366	0.00830
1	0.18388	0.00992	0.01047	0.03242	0.01301	0.01045	0.00743	0.09890	0.01586	0.11110	0.02072	0.11637	0.01788	0.03862	0.00678	0.00215	0.00479	0.00752	0.28417	0.00755
2	0.01834	0.23291	0.27927	0.01514	0.02171	0.11975	0.01608	0.06291	0.01654	0.08603	0.06017	0.01627	0.01316	0.00705	0.00591	0.00187	0.00847	0.00520	0.00398	0.00924
3	0.01702	0.01624	0.02939	0.03237	0.38675	0.01584	0.23874	0.06327	0.01668	0.04573	0.03764	0.01832	0.01250	0.00631	0.00706	0.00206	0.00869	0.00678	0.00387	0.03474
4	0.00909	0.00663	0.00820	0.00905	0.00992	0.00628	0.00617	0.03960	0.01395	0.01837	0.06618	0.54160	0.13146	0.08719	0.01070	0.00295	0.00419	0.01673	0.00610	0.00565
5	0.01162	0.01097	0.01005	0.00979	0.01162	0.13114	0.00720	0.01390	0.01719	0.02167	0.34963	0.17033	0.18068	0.01448	0.00771	0.00218	0.00487	0.01241	0.00628	0.00629
6	0.12780	0.01654	0.01788	0.01387	0.01905	0.01784	0.01146	0.47632	0.02644	0.18020	0.01735	0.01681	0.01194	0.00787	0.00639	0.00203	0.00676	0.00587	0.00671	0.01088
7	0.01516	0.01389	0.01965	0.01791	0.08356	0.05749	0.15535	0.11777	0.09034	0.02437	0.10063	0.20456	0.04674	0.01147	0.00755	0.00227	0.00690	0.01060	0.00545	0.00834
8	0.01201	0.00848	0.01000	0.00998	0.01184	0.00843	0.00730	0.05630	0.11194	0.06630	0.06254	0.35033	0.15490	0.06226	0.00955	0.00272	0.00454	0.03728	0.00638	0.00692
9	0.14748	0.00819	0.01001	0.01102	0.01271	0.00848	0.00912	0.01380	0.01388	0.02075	0.02968	0.17292	0.03238	0.01716	0.00942	0.05678	0.00561	0.40896	0.00562	0.00603
10	0.02406	0.02634	0.02226	0.01845	0.02282	0.47823	0.12985	0.08156	0.01952	0.09479	0.01310	0.01459	0.00998	0.00694	0.00650	0.00188	0.01090	0.00534	0.00423	0.00868
11	0.10575	0.11840	0.02090	0.01520	0.01964	0.24832	0.05283	0.20075	0.06752	0.02601	0.03023	0.01704	0.01236	0.00760	0.00611	0.00192	0.00859	0.02714	0.00471	0.00897

[dist]
# distance from previous block
# <min> <max>
0	2

[block]
# block no. 4 follows, 32 sequences, length 34
# corresponding to MSA columns:
# 228-261
name=unknown_E
#
# <colnr> <probs for GDERKNQSTAVLIFYWHMCP>
#	G	D	E	R	K	N	Q	S	T	A	V	L	I	F	Y	W	H	M	C	P
0	0.06973	0.05846	0.08112	0.06635	0.38605	0.03369	0.06907	0.05795	0.01591	0.05590	0.01298	0.01597	0.01026	0.00624	0.00637	0.00198	0.00807	0.00570	0.00374	0.03445
1	0.01795	0.01634	0.04399	0.02889	0.41609	0.06656	0.01635	0.05691	0.07596	0.08836	0.02080	0.02236	0.08404	0.00777	0.00675	0.00204	0.00740	0.00687	0.00455	0.01001
2	0.01215	0.00770	0.00938	0.00864	0.01061	0.00736	0.00652	0.05202	0.01775	0.07466	0.39244	0.06361	0.10102	0.04895	0.03059	0.00252	0.00422	0.01060	0.13249	0.00676
3	0.01604	0.01569	0.02774	0.12654	0.56289	0.01593	0.09567	0.02027	0.01511	0.02129	0.01264	0.01693	0.01037	0.00603	0.00679	0.00205	0.00846	0.00619	0.00329	0.01006
4	0.01645	0.18965	0.42890	0.01718	0.02502	0.09417	0.03739	0.05914	0.03515	0.02092	0.01198	0.01374	0.00908	0.00645	0.00597	0.00194	0.00933	0.00481	0.00325	0.00949
5	0.00943	0.00724	0.00977	0.01017	0.01140	0.00684	0.03802	0.04744	0.01435	0.01884	0.03921	0.58610	0.13761	0.01904	0.00834	0.00260	0.00435	0.01715	0.00613	0.00597
6	0.00883	0.00665	0.00795	0.00862	0.00976	0.00619	0.00607	0.01080	0.03449	0.01815	0.09485	0.35385	0.23369	0.11192	0.01153	0.00303	0.00421	0.05775	0.00606	0.00560
7	0.02080	0.07383	0.12112	0.01662	0.04189	0.05871	0.08840	0.21733	0.04080	0.14920	0.05555	0.05269	0.01596	0.00823	0.00674	0.00205	0.00771	0.00690	0.00553	0.00993
8	0.13301	0.01524	0.01617	0.03553	0.01851	0.05922	0.02812	0.20508	0.17129	0.15345	0.02152	0.06015	0.03571	0.00886	0.00651	0.00213	0.00646	0.00705	0.00622	0.00977
9	0.00947	0.00651	0.00799	0.00824	0.00851	0.00666	0.00516	0.01007	0.01043	0.01412	0.02317	0.15713	0.02634	0.52146	0.15030	0.00662	0.00804	0.01083	0.00434	0.00462
10	0.01691	0.28540	0.37527	0.01610	0.02363	0.09811	0.01828	0.05831	0.01545	0.01999	0.01115	0.01288	0.00871	0.00631	0.00565	0.00184	0.00908	0.00448	0.00312	0.00932
11	0.02270	0.02022	0.01719	0.04912	0.01980	0.27549	0.01171	0.20647	0.04977	0.12758	0.01864	0.11691	0.01590	0.00942	0.00673	0.00204	0.00836	0.00735	0.00553	0.00907
12	0.60433	0.01417	0.01237	0.01041	0.01488	0.01607	0.00858	0.16878	0.01617	0.06460	0.01160	0.01258	0.00860	0.00672	0.00483	0.00206	0.00569	0.00430	0.00490	0.00836
13	0.00936	0.00705	0.00889	0.00972	0.01132	0.00658	0.00783	0.01173	0.01540	0.01978	0.12203	0.17441	0.25456	0.01790	0.00859	0.00267	0.00463	0.29530	0.00634	0.00592
14	0.01827	0.41994	0.06262	0.01310	0.01760	0.14737	0.01208	0.04111	0.01484	0.01799	0.01112	0.01324	0.00962	0.00690	0.00669	0.00171	0.08610	0.00438	0.08706	0.00824
15	0.00917	0.00665	0.00856	0.00879	0.01003	0.00619	0.00644	0.01153	0.01632	0.02237	0.39870	0.22814	0.10639	0.06242	0.00981	0.00263	0.00382	0.06944	0.00670	0.00591
16	0.00982	0.00667	0.00779	0.00784	0.00873	0.00627	0.00510	0.01083	0.01283	0.04105	0.12218	0.16147	0.16789	0.37863	0.02068	0.00436	0.00503	0.01229	0.00540	0.00514
17	0.00939	0.00679	0.00881	0.03976	0.01143	0.00670	0.00675	0.04217	0.01333	0.01775	0.03282	0.59728	0.03866	0.12057	0.01187	0.00318	0.00462	0.01666	0.00582	0.00562
18	0.50067	0.01875	0.01337	0.01180	0.01587	0.22542	0.00935	0.05937	0.01511	0.06172	0.01087	0.01213	0.00836	0.00663	0.00497	0.00197	0.00735	0.00412	0.00430	0.00785
19	0.01154	0.01167	0.08540	0.01095	0.04587	0.03088	0.00871	0.01511	0.06384	0.05521	0.08868	0.04676	0.36778	0.11513	0.01106	0.00278	0.00523	0.01094	0.00558	0.00688
20	0.01942	0.12160	0.02373	0.16464	0.24171	0.23070	0.01601	0.02249	0.01606	0.06494	0.01228	0.01514	0.00983	0.00652	0.00617	0.00189	0.00913	0.00521	0.00356	0.00895
21	0.01465	0.09256	0.02302	0.10867	0.41146	0.01474	0.01608	0.01818	0.01538	0.02123	0.13338	0.02406	0.04262	0.02730	0.00737	0.00211	0.00700	0.00713	0.00404	0.00901
22	0.08125	0.14412	0.16406	0.02024	0.14197	0.05462	0.07287	0.11465	0.05423	0.07001	0.01383	0.01540	0.01049	0.00666	0.00611	0.00197	0.00813	0.00542	0.00420	0.00977
23	0.01771	0.01553	0.06609	0.06644	0.29358	0.07431	0.01506	0.02122	0.01653	0.14987	0.09421	0.02652	0.07775	0.00865	0.00691	0.00207	0.00715	0.02614	0.00494	0.00930
24	0.01492	0.04018	0.17575	0.09866	0.26198	0.03487	0.03888	0.01937	0.01491	0.04346	0.01707	0.06188	0.01555	0.00866	0.00695	0.00219	0.00807	0.09731	0.00389	0.03548
25	0.01811	0.01595	0.06970	0.02666	0.31432	0.01455	0.10093	0.10944	0.01796	0.11395	0.05672	0.06171	0.03298	0.00806	0.00701	0.00210	0.00755	0.00752	0.00483	0.00994
26	0.01865	0.04204	0.13311	0.02274	0.20940	0.06239	0.07239	0.08801	0.07318	0.11915	0.03864	0.03875	0.03560	0.00777	0.00676	0.00207	0.00784	0.00680	0.00481	0.00991
27	0.05373	0.01763	0.11773	0.03944	0.19390	0.06748	0.07502	0.04565	0.07560	0.06806	0.03790	0.08421	0.05395	0.00866	0.00680	0.00211	0.00753	0.00764	0.00458	0.03237
28	0.01780	0.08154	0.14689	0.05025	0.15574	0.11274	0.03517	0.09280	0.03832	0.05530	0.01502	0.05992	0.01270	0.02740	0.00709	0.00205	0.00818	0.00624	0.00415	0.07070
29	0.01772	0.06047	0.05830	0.01806	0.11564	0.10685	0.05177	0.07714	0.13159	0.06824	0.03986	0.01960	0.01472	0.01310	0.10552	0.00311	0.00905	0.00620	0.00469	0.07837
30	0.06331	0.04262	0.20027	0.01777	0.09696	0.09724	0.05196	0.02332	0.03629	0.17520	0.07647	0.02185	0.05157	0.00797	0.00656	0.00205	0.00775	0.00657	0.00492	0.00935
31	0.04006	0.04165	0.13581	0.01773	0.07772	0.03427	0.05325	0.23560	0.09434	0.11946	0.01666	0.01723	0.01205	0.00741	0.00687	0.00203	0.02567	0.00594	0.00535	0.05089
32	0.05633	0.05722	0.07497	0.09495	0.13391	0.09059	0.03333	0.03928	0.11622	0.04379	0.07983	0.04234	0.07257	0.02730	0.00731	0.00219	0.00721	0.00736	0.00469	0.00861
33	0.07209	0.08057	0.26260	0.01807	0.08572	0.10521	0.05548	0.02199	0.08453	0.02166	0.03962	0.01891	0.05103	0.00734	0.00624	0.00198	0.00826	0.00590	0.00388	0.04891

[dist]
# distance from previous block
# <min> <max>
9	46

[block]
# block no. 5 follows, 32 sequences, length 31
# corresponding to MSA columns:
# 310-340
name=unknown_F
#
# <colnr> <probs for GDERKNQSTAVLIFYWHMCP>
#	G	D	E	R	K	N	Q	S	T	A	V	L	I	F	Y	W	H	M	C	P
0	0.08643	0.12611	0.02158	0.07116	0.02152	0.03878	0.06819	0.29854	0.04042	0.02924	0.01524	0.01961	0.01248	0.03599	0.00731	0.00215	0.00747	0.04342	0.00502	0.04935
1	0.04952	0.10863	0.18962	0.07729	0.04295	0.07321	0.05693	0.11704	0.05252	0.04771	0.01653	0.01976	0.04099	0.06894	0.00856	0.00238	0.00823	0.00612	0.00419	0.00889
2	0.08894	0.06740	0.17829	0.08390	0.04368	0.09571	0.11025	0.04577	0.03790	0.04181	0.01653	0.05782	0.04121	0.02930	0.00776	0.00225	0.03237	0.00669	0.00393	0.00849
3	0.01764	0.20892	0.20296	0.01653	0.02283	0.06667	0.09950	0.13684	0.07239	0.02343	0.01523	0.01678	0.03208	0.00840	0.02964	0.00222	0.00882	0.00568	0.00405	0.00940
4	0.04089	0.25648	0.08592	0.03202	0.01997	0.18916	0.03979	0.03963	0.03889	0.09999	0.03688	0.04325	0.01314	0.00757	0.00631	0.00186	0.02976	0.00559	0.00418	0.00871
5	0.06356	0.11238	0.15723	0.07005	0.06211	0.01452	0.06410	0.06338	0.01578	0.07133	0.05775	0.07092	0.05768	0.00839	0.00638	0.00198	0.00710	0.00708	0.00443	0.08385
6	0.09636	0.10750	0.28766	0.03630	0.02095	0.06229	0.01528	0.04204	0.03823	0.04250	0.11925	0.06786	0.01962	0.00858	0.00631	0.00206	0.00749	0.00681	0.00433	0.00857
7	0.03940	0.12053	0.14512	0.01372	0.04062	0.01390	0.03438	0.03902	0.07449	0.02181	0.07134	0.11123	0.05183	0.00943	0.00695	0.00196	0.03700	0.00774	0.03434	0.12518
8	0.03782	0.20243	0.10337	0.03839	0.02047	0.07897	0.05628	0.08837	0.12084	0.05224	0.07491	0.02062	0.01667	0.00784	0.00619	0.00194	0.00742	0.02748	0.00469	0.03305
9	0.03925	0.19859	0.12222	0.01527	0.02103	0.06708	0.08817	0.17570	0.01864	0.06491	0.03236	0.01682	0.01210	0.04192	0.00731	0.00205	0.00798	0.00558	0.00443	0.05857
10	0.01270	0.25114	0.19748	0.01179	0.01681	0.01478	0.01231	0.01615	0.01451	0.01875	0.08543	0.07401	0.19019	0.03140	0.00720	0.00212	0.00638	0.02482	0.00436	0.00766
11	0.03674	0.37760	0.02345	0.01266	0.04797	0.07752	0.01035	0.01888	0.06421	0.01784	0.02070	0.12543	0.07105	0.03427	0.00678	0.00204	0.00662	0.03392	0.00416	0.00783
12	0.03495	0.20245	0.42639	0.01525	0.02268	0.01668	0.01811	0.01915	0.01387	0.01951	0.01745	0.01923	0.08201	0.01013	0.05281	0.00253	0.00899	0.00569	0.00327	0.00885
13	0.01609	0.35338	0.38705	0.01559	0.02343	0.02065	0.01832	0.05894	0.01491	0.02005	0.01109	0.01279	0.00871	0.00619	0.00549	0.00182	0.00858	0.00442	0.00307	0.00943
14	0.01563	0.17036	0.26180	0.01685	0.06620	0.05603	0.06002	0.01988	0.01480	0.07574	0.01943	0.12190	0.05549	0.00903	0.00649	0.00205	0.00790	0.00756	0.00405	0.00878
15	0.00954	0.00735	0.00864	0.00904	0.01055	0.00701	0.00648	0.03900	0.06425	0.02027	0.12020	0.39621	0.24111	0.01768	0.00811	0.00246	0.00391	0.01554	0.00642	0.00621
16	0.01070	0.00715	0.00915	0.00968	0.01102	0.00675	0.00705	0.04265	0.01536	0.06411	0.13148	0.46267	0.10433	0.01807	0.00828	0.00256	0.00421	0.07195	0.00653	0.00629
17	0.04114	0.01864	0.11232	0.08050	0.40337	0.03373	0.01866	0.13859	0.01795	0.05152	0.01347	0.01626	0.01046	0.00655	0.00654	0.00203	0.00812	0.00578	0.00404	0.01032
18	0.01534	0.02000	0.13302	0.05508	0.03396	0.01684	0.55017	0.02107	0.01528	0.02107	0.01310	0.01741	0.00984	0.00605	0.00824	0.00227	0.04159	0.00735	0.00328	0.00904
19	0.00977	0.00713	0.01049	0.01049	0.01172	0.00825	0.00815	0.01222	0.01099	0.01618	0.01822	0.02627	0.01680	0.04760	0.69067	0.01019	0.01702	0.00713	0.05468	0.00601
20	0.01638	0.29642	0.37527	0.01776	0.08212	0.01921	0.01870	0.02149	0.01438	0.06357	0.01202	0.01369	0.00923	0.00623	0.00567	0.00186	0.00850	0.00466	0.00323	0.00960
21	0.61488	0.01636	0.01185	0.01065	0.01466	0.13955	0.00851	0.02217	0.06658	0.02759	0.01090	0.01220	0.00852	0.00657	0.00469	0.00203	0.00639	0.00406	0.00424	0.00761
22	0.01046	0.00701	0.00959	0.01078	0.01198	0.00674	0.00848	0.01268	0.01467	0.05193	0.07420	0.37534	0.04154	0.01889	0.00876	0.00283	0.00497	0.31667	0.00637	0.00611
23	0.00823	0.00607	0.00770	0.00886	0.00964	0.00555	0.00605	0.00962	0.01368	0.01797	0.08954	0.59460	0.15824	0.01984	0.00841	0.00261	0.00376	0.01777	0.00631	0.00555
24	0.18760	0.00985	0.01161	0.00982	0.01329	0.00949	0.00784	0.02159	0.01746	0.28710	0.31137	0.03167	0.03409	0.01012	0.00668	0.00209	0.00454	0.00833	0.00704	0.00842
25	0.18859	0.20213	0.01985	0.01169	0.01677	0.03644	0.01012	0.09628	0.01748	0.31362	0.01711	0.01635	0.01191	0.00717	0.00558	0.00190	0.00632	0.00517	0.00579	0.00975
26	0.02494	0.01851	0.01982	0.01532	0.02059	0.02054	0.01262	0.65742	0.07500	0.04138	0.01683	0.01668	0.01199	0.00812	0.00672	0.00203	0.00725	0.00614	0.00672	0.01136
27	0.10033	0.54603	0.13838	0.01254	0.01874	0.02343	0.01314	0.04829	0.01422	0.01921	0.01003	0.01152	0.00857	0.00598	0.00471	0.00163	0.00740	0.00390	0.00316	0.00879
28	0.04973	0.32788	0.33568	0.01571	0.02303	0.08608	0.03676	0.02124	0.01433	0.01899	0.01073	0.01258	0.00855	0.00614	0.00546	0.00181	0.00886	0.00438	0.00298	0.00906
29	0.01379	0.08918	0.67786	0.01856	0.02816	0.01640	0.02380	0.02116	0.01413	0.02084	0.01184	0.01391	0.00851	0.00633	0.00622	0.00207	0.00971	0.00486	0.00284	0.00982
30	0.06337	0.19526	0.30046	0.01657	0.04092	0.05822	0.04103	0.14393	0.01742	0.02401	0.01353	0.01503	0.02869	0.00681	0.00592	0.00193	0.00850	0.00512	0.00378	0.00949

[dist]
# distance from previous block
# <min> <max>
2	8

[block]
# block no. 6 follows, 32 sequences, length 22
# corresponding to MSA columns:
# 349-370
name=unknown_G
#
# <colnr> <probs for GDERKNQSTAVLIFYWHMCP>
#	G	D	E	R	K	N	Q	S	T	A	V	L	I	F	Y	W	H	M	C	P
0	0.16539	0.04556	0.01293	0.01080	0.02883	0.01198	0.00813	0.10142	0.04712	0.06698	0.09473	0.04188	0.04086	0.15357	0.08813	0.00374	0.00693	0.00742	0.00513	0.05848
1	0.05587	0.01576	0.07654	0.01562	0.01988	0.05517	0.12602	0.06735	0.10502	0.11753	0.05341	0.02420	0.06973	0.01364	0.09222	0.00320	0.06762	0.00737	0.00510	0.00876
