[name]
unknown

[dist]
# distance from previous block
# <min> <max>
21	77

[block]
# block no. 0 follows, 28 sequences, length 31
# corresponding to MSA columns:
# 105-135
name=unknown_A
#
# <colnr> <probs for GDERKNQSTAVLIFYWHMCP>
#	G	D	E	R	K	N	Q	S	T	A	V	L	I	F	Y	W	H	M	C	P
0	0.01784	0.07544	0.18702	0.04934	0.10581	0.08697	0.01667	0.12621	0.06031	0.02580	0.05808	0.11976	0.01973	0.01003	0.00727	0.00227	0.00838	0.00833	0.00495	0.00979
1	0.04188	0.04209	0.02028	0.08241	0.11273	0.06794	0.03740	0.14164	0.01932	0.06235	0.04624	0.09096	0.01767	0.01132	0.03908	0.00255	0.03164	0.00775	0.00516	0.11962
2	0.08579	0.04795	0.08616	0.08804	0.11221	0.04543	0.01466	0.14339	0.01894	0.04867	0.04029	0.02102	0.04342	0.03204	0.00837	0.00225	0.03836	0.00647	0.00483	0.11169
3	0.07214	0.01433	0.02000	0.14046	0.11885	0.04406	0.06571	0.05485	0.03935	0.02335	0.01967	0.07312	0.01856	0.01247	0.03965	0.00286	0.04700	0.11242	0.00470	0.07647
4	0.01268	0.01230	0.05457	0.04373	0.10421	0.01115	0.08351	0.01678	0.04253	0.02096	0.02809	0.21440	0.05461	0.02026	0.11148	0.00395	0.00888	0.10841	0.00519	0.04232
5	0.04887	0.03989	0.08549	0.01335	0.01618	0.01166	0.03889	0.03705	0.04200	0.04820	0.02075	0.09912	0.02029	0.05600	0.11095	0.18381	0.04067	0.07514	0.00466	0.00704
6	0.01039	0.00697	0.00798	0.00816	0.00820	0.00693	0.00465	0.01052	0.01092	0.01456	0.02469	0.11968	0.02868	0.66935	0.03411	0.00662	0.00675	0.01162	0.00465	0.00456
7	0.01654	0.08439	0.08185	0.09978	0.27953	0.04623	0.01704	0.02251	0.10301	0.02168	0.01658	0.02239	0.01435	0.09899	0.04240	0.00319	0.00895	0.00685	0.00409	0.00967
8	0.01169	0.01354	0.13726	0.05599	0.05435	0.01037	0.01254	0.01491	0.01317	0.01881	0.02173	0.16080	0.02187	0.09032	0.26224	0.03472	0.01165	0.00978	0.03704	0.00722
9	0.09978	0.04879	0.10862	0.08475	0.20498	0.04240	0.07218	0.02056	0.01545	0.02323	0.04642	0.02104	0.04341	0.00829	0.00860	0.00230	0.08362	0.00676	0.04953	0.00929
10	0.09052	0.09490	0.05123	0.07805	0.07480	0.13344	0.04093	0.09034	0.05313	0.02376	0.04007	0.06631	0.01601	0.04084	0.00972	0.03735	0.03815	0.00714	0.00455	0.00877
11	0.01815	0.01452	0.01857	0.01871	0.11257	0.01552	0.03965	0.14219	0.24310	0.05366	0.12138	0.06409	0.02788	0.01119	0.00788	0.00244	0.00651	0.06495	0.00675	0.01028
12	0.01222	0.01164	0.01253	0.04304	0.01542	0.08243	0.03644	0.01539	0.05200	0.02035	0.07644	0.17992	0.31897	0.01629	0.00914	0.00255	0.03831	0.04382	0.00608	0.00700
13	0.04745	0.09891	0.08400	0.04068	0.04962	0.01394	0.04311	0.01903	0.05119	0.02288	0.07604	0.02764	0.11608	0.01065	0.02946	0.00227	0.03657	0.00751	0.03004	0.19291
14	0.47928	0.01419	0.01319	0.01098	0.01576	0.01542	0.00901	0.11830	0.01711	0.13152	0.01493	0.01569	0.01086	0.00740	0.00540	0.00214	0.00589	0.00501	0.05659	0.05132
15	0.01904	0.01435	0.02429	0.17593	0.12443	0.01464	0.15928	0.02458	0.07162	0.16166	0.02004	0.02536	0.01555	0.04729	0.00917	0.00261	0.00854	0.03391	0.03793	0.00979
16	0.01584	0.01238	0.05336	0.05472	0.10786	0.01101	0.03637	0.04321	0.01801	0.12628	0.15570	0.07419	0.11798	0.01555	0.05598	0.00307	0.00724	0.07632	0.00623	0.00871
17	0.05161	0.01343	0.01864	0.01366	0.01969	0.01110	0.10536	0.02030	0.01623	0.08507	0.07185	0.01975	0.01618	0.00667	0.00625	0.00154	0.00630	0.00592	0.00495	0.50550
18	0.01370	0.01315	0.02293	0.23620	0.16597	0.01364	0.13638	0.01772	0.01586	0.02102	0.05066	0.12209	0.11800	0.01084	0.00800	0.00244	0.00813	0.01026	0.00454	0.00847
19	0.01453	0.01154	0.01660	0.09419	0.19833	0.01220	0.01236	0.03904	0.07777	0.02146	0.03461	0.05374	0.01926	0.17130	0.04494	0.07200	0.00756	0.00826	0.08238	0.00793
20	0.01423	0.00781	0.00865	0.00843	0.01044	0.00777	0.00646	0.04588	0.01624	0.06199	0.02878	0.08865	0.06664	0.01334	0.04450	0.00251	0.00485	0.03908	0.51655	0.00719
21	0.03942	0.01080	0.06909	0.03709	0.01464	0.00959	0.00963	0.03736	0.01439	0.02043	0.09514	0.28313	0.03281	0.11508	0.10933	0.03746	0.03988	0.01271	0.00539	0.00666
22	0.05832	0.03684	0.06641	0.04474	0.04784	0.01255	0.01132	0.05813	0.04078	0.04618	0.01875	0.02022	0.06385	0.00719	0.00607	0.00160	0.00624	0.00575	0.00473	0.44246
23	0.01023	0.00800	0.00974	0.03887	0.01270	0.00787	0.00756	0.01306	0.04258	0.01979	0.10029	0.09628	0.28537	0.13096	0.10972	0.00452	0.00702	0.08312	0.00599	0.00633
24	0.01544	0.01373	0.02080	0.38708	0.14620	0.01581	0.01736	0.06202	0.09986	0.02314	0.05651	0.02522	0.01688	0.03865	0.00866	0.00258	0.00835	0.02814	0.00450	0.00907
25	0.01274	0.00939	0.01140	0.01087	0.01321	0.00958	0.00838	0.07039	0.07682	0.04826	0.15251	0.12539	0.19145	0.02453	0.16607	0.00455	0.00799	0.04239	0.00651	0.00756
26	0.02103	0.01872	0.01722	0.01531	0.04643	0.19718	0.01139	0.08702	0.07320	0.10525	0.06255	0.05880	0.01848	0.01097	0.04049	0.00237	0.00840	0.00699	0.00557	0.19262
27	0.04087	0.04353	0.04950	0.11219	0.21080	0.06703	0.01558	0.08592	0.07690	0.04980	0.08533	0.06307	0.04967	0.00949	0.00731	0.00226	0.00770	0.00812	0.00517	0.00976
28	0.02235	0.31550	0.02686	0.01498	0.01980	0.19909	0.01281	0.10540	0.06313	0.05884	0.01412	0.01564	0.01156	0.01034	0.04813	0.00247	0.03977	0.00522	0.00444	0.00956
29	0.12587	0.04161	0.01791	0.06221	0.07803	0.05146	0.04061	0.10853	0.01818	0.10129	0.04376	0.02692	0.08770	0.07188	0.04298	0.00300	0.00779	0.00755	0.00538	0.05736
30	0.10243	0.05212	0.03621	0.10327	0.08019	0.08144	0.06494	0.08813	0.06575	0.02463	0.03994	0.05122	0.01503	0.01093	0.03560	0.00275	0.12470	0.00709	0.00453	0.00909

[dist]
# distance from previous block
# <min> <max>
11	22

[block]
# block no. 1 follows, 28 sequences, length 7
# corresponding to MSA columns:
# 158-164
name=unknown_B
#
# <colnr> <probs for GDERKNQSTAVLIFYWHMCP>
#	G	D	E	R	K	N	Q	S	T	A	V	L	I	F	Y	W	H	M	C	P
0	0.01905	0.01952	0.09192	0.01926	0.02472	0.09077	0.20079	0.10556	0.01948	0.08580	0.07161	0.07438	0.04595	0.00952	0.00841	0.00229	0.03936	0.00860	0.00525	0.05776
1	0.07546	0.08419	0.11353	0.06338	0.39163	0.01791	0.01947	0.04348	0.03911	0.02442	0.01360	0.01683	0.01102	0.00669	0.00665	0.00210	0.00836	0.00586	0.00382	0.05248
2	0.01554	0.01126	0.01384	0.01241	0.01541	0.01194	0.00973	0.11648	0.10015	0.06364	0.02485	0.06137	0.05243	0.06750	0.28659	0.00620	0.01140	0.03543	0.00557	0.07827
3	0.01531	0.01293	0.01360	0.01235	0.01470	0.08341	0.00925	0.10510	0.06566	0.02158	0.01956	0.02920	0.01836	0.20440	0.28990	0.00698	0.01244	0.00781	0.00474	0.05275
4	0.16567	0.01422	0.01653	0.04757	0.01980	0.01470	0.01143	0.16303	0.06542	0.30839	0.02317	0.02588	0.01699	0.00949	0.00704	0.00236	0.00664	0.06364	0.00724	0.01079
5	0.01293	0.01102	0.01403	0.04879	0.07116	0.00977	0.00945	0.01547	0.01468	0.02094	0.02733	0.13423	0.12581	0.07610	0.01024	0.00234	0.03426	0.00939	0.00491	0.34715
6	0.01387	0.01288	0.03293	0.09972	0.04541	0.04263	0.06959	0.07612	0.01731	0.02253	0.07115	0.15274	0.15844	0.06781	0.01069	0.00280	0.02600	0.03550	0.00548	0.03641

[dist]
# distance from previous block
# <min> <max>
4	18

[block]
# block no. 2 follows, 28 sequences, length 21
# corresponding to MSA columns:
# 185-205
name=unknown_C
#
# <colnr> <probs for GDERKNQSTAVLIFYWHMCP>
#	G	D	E	R	K	N	Q	S	T	A	V	L	I	F	Y	W	H	M	C	P
0	0.01903	0.08919	0.07176	0.01514	0.02018	0.01608	0.06452	0.16127	0.09162	0.09549	0.02342	0.05027	0.05795	0.01597	0.10762	0.00354	0.00913	0.02534	0.00572	0.05677
1	0.05786	0.05376	0.03903	0.13850	0.19156	0.20452	0.01621	0.02195	0.01637	0.02063	0.01435	0.07364	0.01306	0.00850	0.00783	0.00216	0.05279	0.00671	0.00386	0.05671
2	0.08199	0.44699	0.10053	0.04032	0.04967	0.13551	0.01449	0.02294	0.01564	0.01939	0.01084	0.01281	0.00931	0.00658	0.00538	0.00179	0.00886	0.00437	0.00334	0.00926
3	0.01690	0.07219	0.01883	0.11418	0.05071	0.01299	0.01145	0.04464	0.01611	0.06490	0.01386	0.01621	0.01103	0.00611	0.00586	0.00146	0.00647	0.00494	0.00443	0.50673
4	0.01692	0.24561	0.38603	0.01950	0.02822	0.02086	0.11358	0.04945	0.01620	0.02224	0.01259	0.01494	0.00963	0.00667	0.00649	0.00210	0.00996	0.00543	0.00334	0.01026
5	0.01741	0.01452	0.01569	0.01399	0.01792	0.01610	0.01081	0.09165	0.47704	0.02961	0.02862	0.12626	0.02404	0.01123	0.00749	0.00240	0.00571	0.00952	0.00705	0.07294
6	0.00886	0.00633	0.00843	0.01012	0.01054	0.00590	0.00675	0.01012	0.01392	0.01856	0.04006	0.73979	0.04808	0.02277	0.00928	0.00295	0.00422	0.02066	0.00675	0.00590
7	0.02037	0.47758	0.14046	0.01515	0.02154	0.17906	0.01508	0.02357	0.01615	0.01819	0.01082	0.01257	0.00932	0.00661	0.00544	0.00174	0.00943	0.00430	0.00324	0.00935
8	0.02130	0.64453	0.03508	0.01251	0.01864	0.02620	0.01219	0.02370	0.01563	0.11448	0.01274	0.01351	0.01056	0.00661	0.00504	0.00165	0.00755	0.00437	0.00394	0.00976
9	0.02443	0.01924	0.02388	0.01788	0.02400	0.02020	0.10649	0.49283	0.02915	0.03959	0.01644	0.01743	0.01195	0.00790	0.00720	0.00207	0.00824	0.00653	0.00636	0.11817
10	0.01633	0.47162	0.11475	0.01284	0.01817	0.02171	0.01278	0.01915	0.01431	0.01786	0.01597	0.11836	0.01630	0.05624	0.04337	0.00269	0.00819	0.00706	0.00374	0.00858
11	0.00942	0.00736	0.00869	0.00951	0.01128	0.00663	0.00734	0.01149	0.01596	0.01989	0.05686	0.23575	0.37821	0.01988	0.00911	0.00279	0.00455	0.17231	0.00674	0.00622
12	0.04340	0.30731	0.29148	0.01571	0.02310	0.02112	0.01745	0.02422	0.11034	0.02241	0.04849	0.01743	0.01404	0.00745	0.00611	0.00203	0.00834	0.00554	0.00400	0.01001
13	0.01539	0.07241	0.20877	0.01554	0.02083	0.01330	0.05449	0.04178	0.01625	0.08972	0.02585	0.09800	0.06336	0.01808	0.10817	0.00381	0.00962	0.11070	0.00510	0.00882
14	0.01046	0.11170	0.01252	0.01007	0.01145	0.00924	0.00729	0.01183	0.01401	0.01812	0.03728	0.53386	0.09286	0.07137	0.01054	0.00301	0.00488	0.01714	0.00607	0.00630
15	0.01406	0.08191	0.01289	0.01028	0.01234	0.00949	0.00778	0.01591	0.01561	0.11470	0.12667	0.21422	0.07724	0.17510	0.01453	0.00352	0.00556	0.07479	0.00636	0.00704
16	0.15337	0.16243	0.10414	0.11603	0.02478	0.06108	0.05566	0.06653	0.01635	0.05786	0.01549	0.08419	0.01356	0.00870	0.00697	0.00222	0.03043	0.00681	0.00437	0.00904
17	0.06609	0.16893	0.08522	0.10482	0.14316	0.04896	0.06542	0.09438	0.07966	0.02484	0.01672	0.01892	0.03735	0.00760	0.00665	0.00214	0.00852	0.00628	0.00435	0.01000
18	0.05792	0.12016	0.19143	0.04611	0.04780	0.01688	0.01541	0.11890	0.04558	0.09415	0.01836	0.05897	0.01556	0.06754	0.00919	0.00258	0.00796	0.02566	0.00502	0.03484
19	0.06482	0.07885	0.11701	0.01898	0.07643	0.01702	0.09164	0.18044	0.01996	0.02803	0.01981	0.04976	0.03195	0.01269	0.05426	0.00295	0.00906	0.08765	0.00505	0.03364
20	0.01635	0.01245	0.01734	0.04307	0.07266	0.01270	0.05818	0.10614	0.01783	0.06548	0.04067	0.07424	0.04966	0.08758	0.02566	0.00304	0.05507	0.09947	0.05399	0.08841

[dist]
# distance from previous block
# <min> <max>
7	48

[block]
# block no. 3 follows, 28 sequences, length 41
# corresponding to MSA columns:
# 254-294
name=unknown_D
#
# <colnr> <probs for GDERKNQSTAVLIFYWHMCP>
#	G	D	E	R	K	N	Q	S	T	A	V	L	I	F	Y	W	H	M	C	P
0	0.01801	0.06970	0.16895	0.01889	0.08649	0.08511	0.04802	0.10296	0.06700	0.04837	0.08449	0.10289	0.02140	0.00987	0.00731	0.00223	0.00817	0.00834	0.00519	0.03662
1	0.04662	0.08995	0.17027	0.01961	0.10216	0.11688	0.01649	0.16791	0.02041	0.07011	0.01568	0.04307	0.01253	0.00956	0.03113	0.00242	0.00932	0.00620	0.00480	0.04486
2	0.15811	0.03948	0.01555	0.01387	0.05027	0.01338	0.03906	0.08067	0.09759	0.09290	0.05435	0.13409	0.12761	0.01246	0.00741	0.00243	0.00591	0.03974	0.00630	0.00884
3	0.04759	0.07239	0.09344	0.05636	0.16546	0.04235	0.17205	0.06643	0.09377	0.06012	0.01614	0.01854	0.01230	0.00710	0.00714	0.00219	0.00908	0.00667	0.00453	0.04635
4	0.01174	0.00954	0.01367	0.01230	0.01460	0.00909	0.08267	0.02998	0.05048	0.02206	0.14929	0.21254	0.10888	0.13558	0.01328	0.00329	0.00582	0.06352	0.00615	0.04550
5	0.01327	0.01759	0.17866	0.08956	0.18684	0.01294	0.01663	0.01771	0.01625	0.02249	0.12065	0.08753	0.14295	0.01140	0.00829	0.00238	0.03136	0.00981	0.00484	0.00885
6	0.01818	0.04869	0.10495	0.12391	0.02775	0.14974	0.10151	0.07285	0.01710	0.02182	0.01405	0.04676	0.01197	0.01053	0.04059	0.00269	0.10928	0.00665	0.00393	0.06706
7	0.01968	0.04663	0.07388	0.01410	0.01885	0.01614	0.01205	0.11097	0.32367	0.12166	0.06171	0.02901	0.06412	0.04401	0.00872	0.00255	0.00640	0.00828	0.00691	0.01067
8	0.01539	0.01272	0.01647	0.05106	0.01906	0.01457	0.04047	0.09697	0.22899	0.02493	0.02257	0.06123	0.01922	0.02742	0.28141	0.00604	0.03867	0.00834	0.00546	0.00900
9	0.00902	0.00667	0.00835	0.00962	0.01050	0.00613	0.00663	0.01045	0.01444	0.01873	0.04607	0.53833	0.17944	0.05495	0.01045	0.00306	0.00436	0.05023	0.00664	0.00592
10	0.01069	0.00760	0.00904	0.00914	0.01094	0.00692	0.00661	0.01335	0.04004	0.05604	0.20143	0.25704	0.27520	0.04990	0.00993	0.00275	0.00413	0.01553	0.00707	0.00666
11	0.01475	0.00912	0.01133	0.01002	0.01254	0.00860	0.00762	0.06830	0.02044	0.12585	0.43009	0.04796	0.11017	0.07796	0.01079	0.00271	0.00453	0.01176	0.00766	0.00781
12	0.11458	0.01654	0.01731	0.01441	0.01890	0.01846	0.01149	0.35010	0.18775	0.03657	0.02205	0.09433	0.01838	0.03593	0.00822	0.00251	0.00675	0.00823	0.00682	0.01068
13	0.01753	0.11023	0.13746	0.11999	0.06707	0.12076	0.01639	0.04366	0.04762	0.02120	0.01413	0.03844	0.01195	0.01008	0.03937	0.00254	0.07575	0.00603	0.00387	0.09593
14	0.06528	0.16838	0.02368	0.01668	0.02132	0.42136	0.01338	0.14470	0.02152	0.02352	0.01209	0.01355	0.00983	0.00743	0.00622	0.00189	0.01077	0.00483	0.00430	0.00929
15	0.11192	0.01720	0.01835	0.01493	0.01983	0.01896	0.01225	0.42170	0.09437	0.06969	0.02057	0.02534	0.01641	0.03394	0.00822	0.00249	0.00726	0.06871	0.00690	0.01096
16	0.00916	0.00705	0.00799	0.00837	0.00982	0.00630	0.00581	0.01073	0.01535	0.01950	0.12378	0.24167	0.35158	0.13386	0.01326	0.00329	0.00433	0.01576	0.00651	0.00588
17	0.01491	0.01458	0.07262	0.08557	0.15318	0.01369	0.09109	0.05794	0.01534	0.02197	0.01729	0.02580	0.01547	0.14891	0.10645	0.00437	0.03670	0.00759	0.08812	0.00838
18	0.01282	0.01366	0.08738	0.06153	0.08135	0.01143	0.07168	0.05006	0.04740	0.02245	0.06862	0.19808	0.18246	0.04623	0.00949	0.00270	0.00660	0.01244	0.00559	0.00803
19	0.01960	0.05068	0.01566	0.01258	0.01628	0.03912	0.00993	0.10226	0.15540	0.17485	0.16545	0.12129	0.06140	0.01229	0.00772	0.00234	0.00573	0.01036	0.00739	0.00968
20	0.54901	0.01439	0.01188	0.01049	0.01451	0.03864	0.00834	0.08419	0.04422	0.03124	0.01360	0.01727	0.01130	0.07906	0.00815	0.00268	0.00614	0.00518	0.04163	0.00809
21	0.02071	0.19361	0.06877	0.05613	0.08799	0.06688	0.01450	0.21687	0.07874	0.02854	0.01834	0.01955	0.04381	0.00816	0.00653	0.00204	0.00799	0.00626	0.04424	0.01032
22	0.01998	0.05034	0.05318	0.04714	0.01999	0.08061	0.01225	0.10073	0.09483	0.13459	0.06512	0.08150	0.04516	0.01035	0.00850	0.00222	0.06498	0.00813	0.00597	0.09444
23	0.01803	0.04298	0.05641	0.07931	0.17188	0.05927	0.04920	0.15187	0.04932	0.02658	0.04545	0.08113	0.06816	0.01032	0.00818	0.00235	0.03490	0.02977	0.00516	0.00973
24	0.01277	0.01088	0.01283	0.01153	0.01434	0.04056	0.03053	0.01761	0.09274	0.02346	0.17956	0.06518	0.15065	0.01871	0.10564	0.00353	0.02905	0.03385	0.04453	0.10205
25	0.01342	0.01123	0.01432	0.01285	0.01518	0.01206	0.06180	0.02105	0.22741	0.02152	0.03129	0.08488	0.10164	0.23555	0.04226	0.00427	0.03691	0.03889	0.00575	0.00772
26	0.01647	0.01520	0.02177	0.06609	0.18199	0.04596	0.07750	0.07465	0.03989	0.02308	0.01748	0.08766	0.01625	0.05897	0.05956	0.00320	0.07289	0.00805	0.00445	0.10889
27	0.01138	0.00856	0.00862	0.00880	0.01024	0.04185	0.00611	0.01346	0.03672	0.01972	0.04033	0.18256	0.22145	0.16171	0.01440	0.03586	0.00505	0.01266	0.15448	0.00604
28	0.01566	0.03894	0.02038	0.13735	0.07114	0.03689	0.03075	0.04088	0.01469	0.02095	0.01382	0.04921	0.01245	0.01190	0.05834	0.00281	0.18966	0.00648	0.00390	0.22381
29	0.13174	0.09790	0.04662	0.05741	0.01701	0.01520	0.01059	0.03477	0.06449	0.02096	0.01933	0.02765	0.04930	0.19164	0.09735	0.00456	0.09419	0.00744	0.00435	0.00750
30	0.39289	0.10358	0.01995	0.05087	0.07182	0.07656	0.05198	0.07841	0.01631	0.06037	0.01240	0.01431	0.00959	0.00699	0.00565	0.00214	0.00757	0.00498	0.00454	0.00909
31	0.00885	0.00737	0.00772	0.00763	0.00998	0.00625	0.00573	0.01093	0.01718	0.02108	0.16798	0.06758	0.60101	0.01787	0.00859	0.00243	0.00364	0.01501	0.00694	0.00625
32	0.01911	0.07809	0.01678	0.01284	0.01676	0.06645	0.01024	0.14231	0.15191	0.10400	0.08838	0.09889	0.13974	0.01216	0.00754	0.00230	0.00624	0.00997	0.00679	0.00951
33	0.05709	0.61877	0.07814	0.01312	0.01951	0.02698	0.01323	0.06627	0.01601	0.02018	0.01079	0.01230	0.00946	0.00646	0.00498	0.00168	0.00787	0.00416	0.00346	0.00955
34	0.01722	0.00939	0.01011	0.00904	0.01167	0.00956	0.00703	0.12198	0.01865	0.08914	0.02393	0.05895	0.01897	0.00923	0.00582	0.00188	0.00440	0.00744	0.55746	0.00811
35	0.01551	0.01725	0.08071	0.05285	0.27736	0.01531	0.19061	0.02100	0.05027	0.02312	0.04091	0.02884	0.13552	0.00894	0.00783	0.00233	0.00864	0.00877	0.00442	0.00982
36	0.01390	0.00955	0.01126	0.01001	0.01299	0.00891	0.00765	0.01906	0.11029	0.10245	0.29113	0.04732	0.19940	0.04732	0.00932	0.00247	0.00445	0.01147	0.00725	0.07380
37	0.01074	0.00881	0.01149	0.08159	0.08007	0.00860	0.00861	0.01291	0.01529	0.01972	0.12555	0.05134	0.30460	0.18572	0.04096	0.00381	0.00608	0.01196	0.00561	0.00654
38	0.01720	0.11372	0.04813	0.23778	0.12616	0.09440	0.01629	0.07943	0.01725	0.02188	0.03860	0.05259	0.01475	0.01275	0.07598	0.00310	0.01003	0.00691	0.00408	0.00896
39	0.05474	0.01653	0.01724	0.01569	0.04991	0.10598	0.01170	0.08670	0.12786	0.05463	0.01888	0.09420	0.01670	0.01084	0.01029	0.04171	0.10670	0.00754	0.00526	0.14689
40	0.10029	0.09704	0.04025	0.04786	0.02045	0.13727	0.01225	0.19912	0.05036	0.05360	0.01772	0.08731	0.01518	0.00918	0.00659	0.00210	0.00790	0.00702	0.03975	0.04875

[dist]
# distance from previous block
# <min> <max>
1	11

[block]
# block no. 4 follows, 28 sequences, length 21
# corresponding to MSA columns:
# 307-327
name=unknown_E
#
# <colnr> <probs for GDERKNQSTAVLIFYWHMCP>
#	G	D	E	R	K	N	Q	S	T	A	V	L	I	F	Y	W	H	M	C	P
0	0.05782	0.01145	0.01361	0.04265	0.01645	0.01188	0.00968	0.09555	0.08682	0.12768	0.08786	0.15554	0.09456	0.01303	0.00837	0.00241	0.03879	0.02956	0.05856	0.03774
1	0.07529	0.26308	0.10227	0.01627	0.06811	0.10094	0.01396	0.04615	0.08085	0.09419	0.01896	0.01949	0.05572	0.00800	0.00618	0.00201	0.00802	0.00593	0.00471	0.00986
2	0.02177	0.31954	0.02709	0.01429	0.01996	0.05811	0.01249	0.22387	0.12321	0.02846	0.01560	0.01613	0.01233	0.00754	0.00603	0.00186	0.00761	0.00543	0.00516	0.07353
3	0.05085	0.05648	0.01156	0.00984	0.01224	0.01015	0.00740	0.03437	0.10116	0.02239	0.09994	0.20986	0.26090	0.06795	0.01012	0.00281	0.00477	0.01360	0.00644	0.00717
4	0.01172	0.00801	0.00940	0.00947	0.01157	0.00731	0.00693	0.01476	0.05932	0.08621	0.09887	0.29661	0.31617	0.01824	0.00863	0.00260	0.00422	0.01582	0.00709	0.00705
5	0.00909	0.00660	0.00858	0.00974	0.01054	0.00609	0.00668	0.01078	0.01530	0.02052	0.15904	0.56766	0.10041	0.02104	0.00910	0.00280	0.00404	0.01893	0.00697	0.00609
6	0.00960	0.00764	0.00866	0.00870	0.01070	0.00692	0.00641	0.01275	0.05216	0.02263	0.23631	0.17574	0.38015	0.01772	0.00864	0.00249	0.00381	0.01526	0.00713	0.00658
7	0.01609	0.01142	0.01320	0.01231	0.01530	0.01202	0.00941	0.04738	0.28145	0.10390	0.11662	0.20432	0.07718	0.01429	0.00814	0.00255	0.00512	0.03263	0.00743	0.00923
8	0.01668	0.01603	0.05610	0.01794	0.02230	0.01600	0.16422	0.09549	0.23645	0.02702	0.02465	0.15595	0.02190	0.01122	0.00873	0.00252	0.04521	0.01013	0.04173	0.00972
9	0.02140	0.09062	0.02008	0.04493	0.02076	0.10179	0.01192	0.21137	0.09499	0.06472	0.04392	0.02017	0.03332	0.00815	0.00661	0.00189	0.00746	0.00627	0.00571	0.18391
10	0.02101	0.17041	0.12189	0.01908	0.09470	0.10481	0.01569	0.13173	0.17350	0.05161	0.01738	0.01800	0.01331	0.00784	0.00663	0.00210	0.00845	0.00602	0.00510	0.01075
11	0.65550	0.01782	0.01249	0.01123	0.01559	0.14397	0.00900	0.02277	0.01387	0.02991	0.01032	0.01205	0.00814	0.00688	0.00487	0.00218	0.00699	0.00407	0.00436	0.00797
12	0.01121	0.00945	0.01249	0.04460	0.01493	0.01072	0.00969	0.01441	0.04879	0.01896	0.03649	0.09877	0.21503	0.02882	0.24150	0.00566	0.11914	0.04727	0.00515	0.00691
13	0.00890	0.00670	0.00827	0.00948	0.01053	0.00607	0.00661	0.01041	0.01478	0.01899	0.04942	0.52457	0.22979	0.02144	0.00912	0.00283	0.00417	0.04517	0.00675	0.00600
14	0.01037	0.00778	0.01082	0.01250	0.05980	0.00797	0.00820	0.01226	0.01319	0.01819	0.03120	0.28902	0.08171	0.11990	0.24920	0.00624	0.00992	0.01321	0.03215	0.00636
15	0.08786	0.01938	0.01890	0.01539	0.02031	0.09868	0.01255	0.41235	0.04898	0.07791	0.01899	0.02227	0.01469	0.00927	0.00707	0.00223	0.00791	0.05193	0.04248	0.01086
16	0.00923	0.00728	0.00837	0.00868	0.01058	0.00643	0.00651	0.01142	0.01694	0.02154	0.18989	0.18135	0.40661	0.01857	0.00882	0.00258	0.00397	0.06793	0.00700	0.00629
17	0.01434	0.00905	0.01134	0.01094	0.01321	0.00877	0.00826	0.06083	0.04809	0.12029	0.13790	0.28778	0.12331	0.01966	0.05877	0.00325	0.00583	0.04348	0.00712	0.00777
18	0.01228	0.00970	0.01148	0.00988	0.01313	0.00819	0.00728	0.01432	0.01385	0.01986	0.02536	0.10801	0.07668	0.20982	0.04182	0.00355	0.00620	0.05455	0.00494	0.34910
19	0.07727	0.23678	0.02256	0.01543	0.06555	0.17798	0.01170	0.04938	0.03655	0.02077	0.01971	0.09750	0.05196	0.05702	0.00840	0.00238	0.00817	0.02797	0.00447	0.00844
20	0.09243	0.11632	0.10852	0.04008	0.09249	0.06253	0.01376	0.05601	0.04024	0.14167	0.02212	0.04979	0.06696	0.05620	0.00865	0.00249	0.00764	0.00730	0.00521	0.00958

[dist]
# distance from previous block
# <min> <max>
1	17

[block]
# block no. 5 follows, 28 sequences, length 7
# corresponding to MSA columns:
# 376-382
name=unknown_F
#
# <colnr> <probs for GDERKNQSTAVLIFYWHMCP>
#	G	D	E	R	K	N	Q	S	T	A	V	L	I	F	Y	W	H	M	C	P
0	0.01603	0.01739	0.03526	0.02616	0.03148	0.01775	0.47475	0.02093	0.01542	0.02146	0.01451	0.02022	0.01176	0.01380	0.10749	0.00383	0.13096	0.00811	0.00362	0.00905
1	0.01385	0.00930	0.01346	0.01203	0.01381	0.00984	0.05659	0.08149	0.01412	0.02021	0.01737	0.02522	0.01562	0.05936	0.23747	0.26571	0.01068	0.00721	0.11048	0.00619
2	0.01366	0.00777	0.01061	0.01031	0.01097	0.00794	0.00715	0.07840	0.01263	0.01687	0.01687	0.11946	0.01743	0.02320	0.02361	0.60007	0.00620	0.00829	0.00407	0.00448
3	0.01890	0.20857	0.05918	0.08889	0.08004	0.12850	0.01384	0.05440	0.04127	0.06466	0.04660	0.09503	0.05178	0.00968	0.00679	0.00211	0.00813	0.00776	0.00475	0.00913
4	0.00910	0.00643	0.00836	0.00981	0.01017	0.00607	0.00642	0.01018	0.01345	0.01793	0.03765	0.64228	0.04503	0.12445	0.01318	0.00353	0.00462	0.01924	0.00642	0.00569
5	0.36111	0.01507	0.04161	0.05907	0.04193	0.03646	0.01076	0.02337	0.04874	0.11807	0.01554	0.04052	0.01215	0.00757	0.00577	0.00208	0.00642	0.00557	0.00510	0.14311
6	0.01897	0.03959	0.02463	0.09757	0.19401	0.04242	0.09299	0.18869	0.02077	0.02795	0.04449	0.02309	0.05999	0.00981	0.02600	0.00250	0.04450	0.00748	0.02450	0.01004

[dist]
# distance from previous block
# <min> <max>
5	11

[block]
# block no. 6 follows, 28 sequences, length 6
# corresponding to MSA columns:
# 396-401
name=unknown_G
#
# <colnr> <probs for GDERKNQSTAVLIFYWHMCP>
#	G	D	E	R	K	N	Q	S	T	A	V	L	I	F	Y	W	H	M	C	P
0	0.04985	0.01108	0.04572	0.01242	0.05775	0.01015	0.00930	0.01525	0.06198	0.02229	0.12357	0.08770	0.37346	0.01525	0.00946	0.00249	0.06626	0.01250	0.00613	0.00739
1	0.01015	0.00827	0.00989	0.06295	0.01401	0.00793	0.00775	0.01381	0.06310	0.02213	0.18297	0.15195	0.35554	0.01695	0.00857	0.00253	0.00444	0.04352	0.00678	0.00679
2	0.01568	0.01420	0.07627	0.14917	0.18506	0.01280	0.01487	0.04750	0.01668	0.07020	0.06896	0.07944	0.05388	0.05775	0.00921	0.00256	0.00717	0.00864	0.08194	0.02804
3	0.05494	0.01731	0.06535	0.01628	0.01840	0.10449	0.01388	0.01957	0.01475	0.06487	0.06368	0.08641	0.02047	0.01285	0.01483	0.00278	0.32507	0.07129	0.00467	0.00812
4	0.01582	0.09388	0.02470	0.01737	0.02205	0.03871	0.21614	0.01980	0.04046	0.04942	0.02010	0.14150	0.01930	0.07406	0.04444	0.00302	0.00874	0.00932	0.00467	0.13650
5	0.01942	0.08237	0.04122	0.01837	0.11627	0.08357	0.01313	0.17275	0.04765	0.02665	0.01583	0.02011	0.01341	0.07673	0.04082	0.00282	0.03920	0.00624	0.03431	0.12913

[dist]
# distance from previous block
# <min> <max>
0	3

[block]
# block no. 7 follows, 28 sequences, length 9
# corresponding to MSA columns:
# 405-413
name=unknown_H
#
# <colnr> <probs for GDERKNQSTAVLIFYWHMCP>
#	G	D	E	R	K	N	Q	S	T	A	V	L	I	F	Y	W	H	M	C	P
0	0.15943	0.02214	0.13285	0.06052	0.07453	0.12541	0.03572	0.10559	0.04716	0.12204	0.01566	0.01703	0.01143	0.00777	0.00719	0.00224	0.03233	0.00582	0.00503	0.01011
1	0.01980	0.13629	0.11460	0.07183	0.17775	0.12566	0.04902	0.12556	0.01925	0.02450	0.01489	0.06072	0.01280	0.00805	0.00688	0.00212	0.00933	0.00665	0.00423	0.01007
2	0.01748	0.02253	0.12082	0.11470	0.03491	0.10293	0.36197	0.02278	0.01641	0.02141	0.01333	0.01787	0.01028	0.00719	0.00947	0.00243	0.08342	0.00720	0.00350	0.00935
3	0.01057	0.00705	0.00793	0.00793	0.00793	0.00705	0.00440	0.01057	0.01057	0.01409	0.02290	0.04757	0.02643	0.74454	0.03700	0.00705	0.00705	0.01057	0.00440	0.00440
4	0.01062	0.00795	0.01002	0.01010	0.01191	0.00758	0.00781	0.01458	0.05690	0.02553	0.38861	0.13118	0.14145	0.01681	0.00885	0.00258	0.00427	0.12892	0.00744	0.00690
5	0.01324	0.00828	0.01041	0.01002	0.01217	0.00767	0.00744	0.01672	0.05625	0.12020	0.28864	0.24338	0.14429	0.01648	0.00853	0.00250	0.00421	0.01447	0.00757	0.00753
6	0.01402	0.00962	0.01141	0.01045	0.01296	0.00970	0.00790	0.05156	0.10203	0.09101	0.14122	0.04458	0.20023	0.12051	0.13555	0.00463	0.00759	0.01087	0.00646	0.00770
7	0.02171	0.18612	0.11952	0.01702	0.02218	0.25063	0.01535	0.09675	0.09086	0.02274	0.01373	0.01535	0.01106	0.00803	0.00803	0.00209	0.07959	0.00535	0.00423	0.00966
8	0.10040	0.10789	0.04856	0.06758	0.27429	0.08329	0.01635	0.05189	0.05801	0.02374	0.01509	0.02024	0.01296	0.03504	0.03104	0.00264	0.00880	0.02824	0.00415	0.00980

[dist]
# distance from previous block
# <min> <max>
0	6

[block]
# block no. 8 follows, 28 sequences, length 10
# corresponding to MSA columns:
# 420-429
name=unknown_I
#
# <colnr> <probs for GDERKNQSTAVLIFYWHMCP>
#	G	D	E	R	K	N	Q	S	T	A	V	L	I	F	Y	W	H	M	C	P
0	0.46981	0.01571	0.01571	0.04581	0.08596	0.01778	0.01131	0.15276	0.07091	0.03358	0.01361	0.01509	0.01035	0.00738	0.00567	0.00225	0.00658	0.00516	0.00514	0.00943
1	0.01425	0.01118	0.01273	0.01251	0.04226	0.03857	0.00901	0.05270	0.14299	0.05781	0.30478	0.12382	0.12012	0.01404	0.00818	0.00239	0.00494	0.01214	0.00725	0.00831
2	0.01069	0.00698	0.00801	0.00854	0.01008	0.00653	0.00632	0.01314	0.01578	0.02277	0.09732	0.23305	0.19592	0.01614	0.00774	0.00240	0.00395	0.06575	0.26251	0.00639
3	0.01745	0.01672	0.02854	0.13052	0.61748	0.01713	0.02204	0.02184	0.01630	0.02310	0.01358	0.01817	0.01128	0.00658	0.00721	0.00219	0.00877	0.00647	0.00355	0.01108
4	0.01057	0.00705	0.00793	0.00793	0.00793	0.00705	0.00440	0.01057	0.01057	0.01409	0.02290	0.04757	0.02643	0.74454	0.03700	0.00705	0.00705	0.01057	0.00440	0.00440
5	0.01043	0.00707	0.00834	0.00846	0.00862	0.00717	0.00504	0.01078	0.01092	0.01469	0.02378	0.09514	0.02714	0.62343	0.10339	0.00722	0.00810	0.01101	0.00452	0.00472
6	0.04961	0.02001	0.17858	0.08042	0.29054	0.01578	0.04689	0.02238	0.07067	0.02387	0.01775	0.05039	0.01533	0.00856	0.00731	0.00235	0.00851	0.05292	0.02796	0.01015
7	0.01007	0.00692	0.00799	0.00834	0.00861	0.00674	0.00497	0.01047	0.01170	0.01542	0.03011	0.19304	0.07899	0.54243	0.02920	0.00587	0.00622	0.01301	0.00506	0.00484
8	0.07171	0.04687	0.04407	0.05457	0.07447	0.01637	0.12667	0.03944	0.16794	0.02516	0.08696	0.05476	0.05490	0.01105	0.02541	0.00265	0.07387	0.00859	0.00525	0.00929
9	0.08467	0.23922	0.02449	0.01510	0.01962	0.21599	0.03331	0.09269	0.03868	0.02262	0.01477	0.08033	0.01359	0.00876	0.00695	0.00201	0.04010	0.00634	0.00437	0.03642

[dist]
# distance from previous block
# <min> <max>
4	6

[block]
# block no. 9 follows, 28 sequences, length 10
# corresponding to MSA columns:
# 437-446
name=unknown_J
#
# <colnr> <probs for GDERKNQSTAVLIFYWHMCP>
#	G	D	E	R	K	N	Q	S	T	A	V	L	I	F	Y	W	H	M	C	P
0	0.04679	0.06416	0.28686	0.06082	0.12408	0.01766	0.16290	0.02353	0.07075	0.02339	0.01481	0.01796	0.01130	0.00863	0.03302	0.00263	0.01027	0.00646	0.00373	0.01023
1	0.01069	0.00693	0.00932	0.01065	0.01154	0.00647	0.00752	0.01228	0.01466	0.06321	0.03916	0.62432	0.04548	0.02160	0.00923	0.00295	0.00461	0.08609	0.00689	0.00641
2	0.01118	0.00860	0.01036	0.00971	0.01187	0.00837	0.00734	0.01685	0.11551	0.02804	0.51584	0.05251	0.14674	0.01462	0.00841	0.00233	0.00380	0.01274	0.00775	0.00743
3	0.02410	0.02592	0.02088	0.15703	0.02769	0.37474	0.01505	0.17927	0.06140	0.02526	0.01410	0.01618	0.01088	0.00788	0.00691	0.00209	0.01081	0.00567	0.00469	0.00946
4	0.02721	0.03300	0.02074	0.01850	0.02248	0.63538	0.01402	0.10359	0.02217	0.02103	0.01195	0.01361	0.00971	0.00763	0.00664	0.00191	0.01252	0.00490	0.00415	0.00888
5	0.00968	0.00678	0.00919	0.01068	0.01139	0.00645	0.00770	0.01122	0.01454	0.01936	0.06851	0.54155	0.04594	0.02201	0.01040	0.04414	0.00478	0.14312	0.00661	0.00596
6	0.01956	0.03716	0.01732	0.01504	0.01786	0.24097	0.01175	0.05450	0.08276	0.05876	0.06365	0.04626	0.05077	0.01639	0.10456	0.00354	0.11142	0.00752	0.03173	0.00848
7	0.00933	0.00678	0.00848	0.00964	0.01042	0.00633	0.00663	0.01067	0.01405	0.01831	0.04241	0.47174	0.14365	0.13398	0.01355	0.00355	0.00479	0.07352	0.00638	0.00578
8	0.05585	0.25234	0.11062	0.01514	0.06398	0.01806	0.01311	0.02162	0.11069	0.02165	0.02200	0.09322	0.05458	0.04405	0.00797	0.00237	0.00707	0.04128	0.00466	0.03978
9	0.06505	0.34635	0.02842	0.01711	0.06596	0.29613	0.01355	0.05443	0.01793	0.01998	0.01113	0.01293	0.00955	0.00688	0.00569	0.00179	0.00982	0.00450	0.00366	0.00918

[dist]
# distance from previous block
# <min> <max>
0	1

[block]
# block no. 10 follows, 28 sequences, length 11
# corresponding to MSA columns:
# 451-461
name=unknown_K
#
# <colnr> <probs for GDERKNQSTAVLIFYWHMCP>
#	G	D	E	R	K	N	Q	S	T	A	V	L	I	F	Y	W	H	M	C	P
0	0.01703	0.06290	0.17626	0.02269	0.17698	0.01625	0.04790	0.06598	0.12301	0.05258	0.05027	0.04452	0.06288	0.00950	0.00742	0.00232	0.00789	0.03817	0.00512	0.01031
1	0.00886	0.00726	0.00761	0.00772	0.00976	0.00623	0.00559	0.01057	0.01603	0.01952	0.09596	0.12062	0.55673	0.08168	0.01111	0.00289	0.00400	0.01525	0.00661	0.00600
2	0.01534	0.01185	0.01463	0.01355	0.01644	0.01237	0.03869	0.17414	0.09791	0.02742	0.03507	0.25669	0.09265	0.01624	0.00864	0.00273	0.00611	0.14427	0.00680	0.00845
3	0.10530	0.17284	0.04995	0.01427	0.01948	0.15855	0.01225	0.10677	0.08350	0.12503	0.01660	0.01698	0.01248	0.00768	0.00613	0.00198	0.00807	0.00549	0.03687	0.03977
4	0.10463	0.00989	0.01090	0.00971	0.01275	0.01018	0.00765	0.04634	0.06575	0.15371	0.04861	0.02577	0.01921	0.01284	0.06918	0.00285	0.00594	0.00699	0.36862	0.00847
5	0.02164	0.01753	0.07813	0.01441	0.01944	0.03948	0.01243	0.25416	0.12530	0.13575	0.05331	0.06210	0.11218	0.01095	0.00756	0.00231	0.00686	0.00886	0.00699	0.01060
6	0.01038	0.00713	0.00870	0.00885	0.00914	0.00734	0.00552	0.01100	0.01108	0.01503	0.02377	0.10562	0.02676	0.54704	0.16550	0.00758	0.00919	0.01093	0.00451	0.00494
7	0.01001	0.00682	0.00799	0.00855	0.00898	0.00658	0.00531	0.01077	0.01242	0.01675	0.03269	0.27808	0.08653	0.40576	0.02374	0.00502	0.00563	0.01409	0.04912	0.00517
8	0.01520	0.13179	0.01890	0.05220	0.01858	0.03678	0.03357	0.04381	0.01595	0.02177	0.04869	0.05607	0.04614	0.06430	0.03499	0.00254	0.00717	0.05813	0.00467	0.28877
9	0.02467	0.08895	0.02136	0.01630	0.02099	0.26241	0.01303	0.26778	0.12356	0.03037	0.01672	0.01730	0.01279	0.00823	0.00671	0.00204	0.00921	0.00592	0.04131	0.01034
10	0.13181	0.04933	0.05634	0.08142	0.11093	0.15467	0.02973	0.02210	0.04792	0.04996	0.03995	0.06407	0.09587	0.00958	0.00688	0.00220	0.00807	0.00771	0.00475	0.02668

[dist]
# distance from previous block
# <min> <max>
1	29

[block]
# block no. 11 follows, 28 sequences, length 23
# corresponding to MSA columns:
# 491-513
name=unknown_L
#
# <colnr> <probs for GDERKNQSTAVLIFYWHMCP>
#	G	D	E	R	K	N	Q	S	T	A	V	L	I	F	Y	W	H	M	C	P
0	0.01421	0.00958	0.01067	0.00990	0.01133	0.03884	0.00677	0.04781	0.01443	0.08663	0.07916	0.04133	0.05518	0.42231	0.11583	0.00612	0.00844	0.00984	0.00531	0.00632
1	0.01102	0.00844	0.01026	0.01086	0.01257	0.00837	0.00831	0.01569	0.10692	0.02209	0.11531	0.25102	0.15799	0.05570	0.01043	0.00303	0.00501	0.17320	0.00684	0.00693
2	0.00907	0.00663	0.00843	0.00954	0.01038	0.00610	0.00650	0.01064	0.01497	0.01985	0.12654	0.53609	0.13573	0.05075	0.01023	0.00297	0.00416	0.01860	0.00681	0.00599
3	0.01044	0.00702	0.00805	0.00814	0.00826	0.00696	0.00469	0.01070	0.01130	0.01516	0.05789	0.09572	0.03004	0.65800	0.03365	0.00653	0.00667	0.01140	0.00475	0.00463
4	0.04296	0.00859	0.00989	0.00961	0.01192	0.00820	0.00728	0.01595	0.08213	0.05586	0.25533	0.14543	0.25997	0.01621	0.00840	0.00249	0.00420	0.04112	0.00722	0.00723
5	0.02516	0.01365	0.01666	0.01300	0.01839	0.01277	0.01055	0.11433	0.10873	0.35133	0.06391	0.02390	0.01936	0.00869	0.00700	0.00203	0.00604	0.00707	0.00755	0.16986
6	0.15954	0.01188	0.01317	0.01199	0.01540	0.01249	0.00935	0.07096	0.15040	0.15655	0.05649	0.20264	0.02730	0.01289	0.00743	0.00250	0.00549	0.04014	0.02421	0.00916
7	0.01196	0.01187	0.05919	0.01271	0.04924	0.03741	0.00978	0.04413	0.04577	0.02217	0.08567	0.20532	0.28235	0.01667	0.00850	0.00258	0.00548	0.07548	0.00633	0.00738
8	0.01462	0.01414	0.02409	0.43989	0.16737	0.01628	0.07463	0.01904	0.01505	0.01995	0.01718	0.02239	0.05756	0.00817	0.00860	0.00243	0.05905	0.00725	0.00358	0.00873
9	0.01823	0.01221	0.01439	0.04929	0.01690	0.03580	0.00995	0.17074	0.01880	0.11534	0.02187	0.07658	0.01949	0.14022	0.18961	0.00538	0.01017	0.00853	0.05806	0.00843
10	0.07097	0.24030	0.09477	0.01883	0.08718	0.09395	0.05501	0.14076	0.01894	0.02542	0.01300	0.01519	0.01048	0.00737	0.00707	0.00203	0.04736	0.00539	0.03611	0.00989
11	0.01436	0.01586	0.08891	0.57104	0.13184	0.01636	0.02110	0.01948	0.01487	0.01967	0.01303	0.01881	0.00988	0.00713	0.00722	0.00238	0.00966	0.00636	0.00326	0.00878
12	0.00987	0.00762	0.00966	0.01045	0.03876	0.00694	0.00728	0.01242	0.01771	0.02366	0.32407	0.20066	0.24331	0.01740	0.00873	0.00251	0.00401	0.04116	0.00714	0.00663
13	0.01268	0.00895	0.01110	0.01033	0.01258	0.00886	0.00796	0.06074	0.04581	0.05748	0.34215	0.04917	0.14390	0.05073	0.10836	0.00387	0.00656	0.04434	0.00700	0.00741
14	0.01048	0.00806	0.01155	0.01170	0.01260	0.00929	0.00881	0.01251	0.01212	0.01718	0.02392	0.20405	0.02530	0.08257	0.44483	0.00855	0.07453	0.01100	0.00457	0.00635
15	0.01111	0.00705	0.00846	0.00868	0.00965	0.00723	0.00601	0.01296	0.01293	0.01946	0.02695	0.12806	0.05607	0.24150	0.17482	0.00574	0.00821	0.01034	0.23888	0.00586
16	0.01108	0.00685	0.00821	0.00855	0.00986	0.00654	0.00615	0.01384	0.01653	0.02514	0.24184	0.25323	0.04347	0.01486	0.00747	0.00227	0.00365	0.01304	0.30088	0.00654
17	0.01012	0.00812	0.00899	0.00874	0.01091	0.00754	0.00646	0.01408	0.08185	0.02301	0.24199	0.08796	0.38548	0.06009	0.01019	0.00270	0.00403	0.01397	0.00703	0.00675
18	0.01716	0.09836	0.38171	0.02109	0.02967	0.01899	0.15584	0.08937	0.07213	0.02539	0.01489	0.01704	0.01097	0.00710	0.00711	0.00226	0.01009	0.00624	0.00397	0.01064
19	0.01267	0.00634	0.00933	0.00933	0.00942	0.00634	0.00625	0.00986	0.00977	0.01339	0.01321	0.02236	0.01294	0.02437	0.02718	0.74714	0.00616	0.00634	0.04426	0.00335
20	0.18005	0.24104	0.04584	0.01321	0.01880	0.11736	0.01161	0.08511	0.04442	0.02506	0.01237	0.01382	0.01010	0.00677	0.00546	0.00178	0.00768	0.00456	0.00427	0.15068
21	0.07496	0.04702	0.01804	0.04381	0.04241	0.10430	0.01199	0.19596	0.10855	0.09082	0.05186	0.06843	0.04643	0.02689	0.00791	0.00239	0.00743	0.03471	0.00624	0.00984
22	0.02147	0.15062	0.10682	0.01677	0.02232	0.20232	0.04742	0.17165	0.04161	0.02571	0.01589	0.07529	0.01379	0.00864	0.00673	0.00204	0.00933	0.00666	0.00474	0.05017

[dist]
# distance from previous block
# <min> <max>
0	9

[block]
# block no. 12 follows, 28 sequences, length 14
# corresponding to MSA columns:
# 523-536
name=unknown_M
#
# <colnr> <probs for GDERKNQSTAVLIFYWHMCP>
#	G	D	E	R	K	N	Q	S	T	A	V	L	I	F	Y	W	H	M	C	P
0	0.05252	0.01946	0.12728	0.11309	0.22211	0.04662	0.03548	0.08421	0.05106	0.08576	0.01624	0.01925	0.01244	0.01148	0.06880	0.00307	0.00977	0.00646	0.00456	0.01035
1	0.01680	0.10589	0.02430	0.06786	0.20452	0.01685	0.07259	0.10192	0.01827	0.02470	0.06320	0.06312	0.07490	0.01016	0.00838	0.00231	0.05003	0.04000	0.02480	0.00940
2	0.01749	0.01653	0.02703	0.03882	0.58247	0.01597	0.01996	0.02162	0.01630	0.02374	0.01354	0.01749	0.01139	0.00629	0.00689	0.00197	0.00808	0.00611	0.00372	0.14458
3	0.01554	0.06632	0.28883	0.12384	0.10240	0.04631	0.01913	0.04290	0.01514	0.02077	0.01411	0.02044	0.01203	0.10007	0.01241	0.05243	0.02854	0.00631	0.00351	0.00897
4	0.01008	0.00742	0.00942	0.00892	0.01073	0.00677	0.00669	0.01331	0.02008	0.02797	0.61798	0.05625	0.14670	0.01530	0.00858	0.00231	0.00346	0.01342	0.00785	0.00677
5	0.01678	0.01560	0.02109	0.01801	0.01887	0.02090	0.01492	0.09884	0.01406	0.02095	0.01158	0.01744	0.01081	0.01665	0.09512	0.00396	0.56579	0.00654	0.00377	0.00835
6	0.01625	0.01719	0.03364	0.02487	0.03073	0.01690	0.44784	0.02276	0.07571	0.02287	0.01610	0.02069	0.01271	0.01221	0.08789	0.00342	0.05730	0.00799	0.00405	0.06888
7	0.00936	0.00666	0.00874	0.00980	0.01041	0.00635	0.00661	0.01088	0.01442	0.01956	0.13715	0.51547	0.04707	0.10820	0.05021	0.00380	0.00525	0.01764	0.00651	0.00590
8	0.01811	0.01412	0.01544	0.01358	0.01770	0.01545	0.01061	0.03377	0.50077	0.08884	0.08561	0.03027	0.05424	0.01029	0.00741	0.00234	0.00548	0.00861	0.00736	0.05999
9	0.01133	0.10005	0.01413	0.01095	0.01285	0.01090	0.00866	0.01373	0.01462	0.01988	0.15966	0.14597	0.09688	0.03037	0.27818	0.00593	0.04273	0.01104	0.00530	0.00686
10	0.01117	0.00844	0.01144	0.01070	0.01260	0.00758	0.04552	0.01266	0.01356	0.01892	0.02966	0.33536	0.05988	0.15705	0.01486	0.05162	0.00550	0.01348	0.04023	0.13975
11	0.02086	0.25342	0.02840	0.01867	0.06186	0.19549	0.09531	0.06691	0.11416	0.02222	0.01572	0.04745	0.01339	0.00794	0.00653	0.00201	0.00929	0.00634	0.00440	0.00965
12	0.47630	0.13918	0.01798	0.01312	0.05034	0.05976	0.01035	0.06849	0.03899	0.05118	0.01216	0.01352	0.00953	0.00701	0.00517	0.00211	0.00676	0.00454	0.00462	0.00892
13	0.01609	0.08702	0.22219	0.02305	0.16818	0.06139	0.05100	0.03552	0.01598	0.02159	0.02060	0.02333	0.09594	0.01153	0.05011	0.00283	0.07314	0.00709	0.00387	0.00956

[dist]
# distance from previous block
# <min> <max>
1	11

[block]
# block no. 13 follows, 28 sequences, length 35
# corresponding to MSA columns:
# 549-583
name=unknown_N
#
# <colnr> <probs for GDERKNQSTAVLIFYWHMCP>
#	G	D	E	R	K	N	Q	S	T	A	V	L	I	F	Y	W	H	M	C	P
0	0.01165	0.00984	0.01031	0.00958	0.01210	0.03794	0.00702	0.01539	0.07754	0.02208	0.17150	0.10519	0.25934	0.11024	0.01177	0.00287	0.00491	0.01227	0.00632	0.10213
1	0.02010	0.10242	0.15482	0.01971	0.04845	0.22749	0.10197	0.08577	0.04032	0.02272	0.01553	0.06621	0.01337	0.01027	0.03703	0.00255	0.01076	0.00683	0.00420	0.00947
2	0.18119	0.07724	0.01834	0.07749	0.03860	0.15601	0.01230	0.11583	0.01855	0.06424	0.01651	0.02259	0.01398	0.01212	0.05909	0.00290	0.00915	0.06440	0.03061	0.00886
3	0.01580	0.00999	0.01080	0.00964	0.01257	0.01006	0.00751	0.10309	0.08473	0.07856	0.09536	0.03782	0.17580	0.01150	0.00686	0.00210	0.00449	0.00943	0.30567	0.00823
4	0.01119	0.00770	0.00888	0.00861	0.01094	0.00668	0.00644	0.01338	0.01747	0.08427	0.19779	0.14947	0.41599	0.01736	0.00856	0.00246	0.00393	0.01483	0.00722	0.00683
5	0.01632	0.01331	0.01544	0.01132	0.01755	0.01072	0.00906	0.03926	0.06562	0.05061	0.01488	0.01640	0.01193	0.00595	0.00566	0.00126	0.00552	0.00477	0.00480	0.67963
6	0.00928	0.00693	0.00813	0.00868	0.00982	0.00632	0.00589	0.01071	0.01483	0.01918	0.12058	0.30778	0.25413	0.16679	0.01460	0.00355	0.00453	0.01607	0.00641	0.00578
7	0.38814	0.13151	0.01963	0.01377	0.01859	0.18998	0.03877	0.08178	0.01690	0.02741	0.01124	0.01294	0.00899	0.00700	0.00545	0.00205	0.00828	0.00454	0.00432	0.00871
8	0.05304	0.19435	0.04600	0.01582	0.01964	0.23989	0.04058	0.03935	0.03305	0.01966	0.01571	0.10990	0.01541	0.03483	0.00951	0.00234	0.09110	0.00726	0.00414	0.00841
9	0.02457	0.02858	0.02157	0.05599	0.02405	0.48742	0.06279	0.10888	0.02103	0.02154	0.01321	0.01695	0.01111	0.06050	0.00902	0.00236	0.01178	0.00573	0.00421	0.00872
10	0.01604	0.01436	0.02184	0.24134	0.14248	0.06243	0.08525	0.01994	0.01562	0.06761	0.03312	0.02408	0.04451	0.01782	0.15749	0.00429	0.01144	0.00745	0.00418	0.00871
11	0.01273	0.00742	0.00786	0.00759	0.00954	0.00722	0.00574	0.03711	0.01697	0.02698	0.14532	0.03768	0.12591	0.01102	0.00626	0.00192	0.00359	0.00910	0.51316	0.00688
