[name]
unknown

[dist]
# distance from previous block
# <min> <max>
17	34

[block]
# block no. 0 follows, 31 sequences, length 6
# corresponding to MSA columns:
# 45-50
name=unknown_A
#
# <colnr> <probs for GDERKNQSTAVLIFYWHMCP>
#	G	D	E	R	K	N	Q	S	T	A	V	L	I	F	Y	W	H	M	C	P
0	0.01650	0.01576	0.11391	0.06458	0.05911	0.04995	0.01298	0.06602	0.05115	0.11838	0.05558	0.04079	0.08311	0.04904	0.07209	0.00318	0.05714	0.02669	0.00509	0.03894
1	0.01379	0.01082	0.01290	0.01067	0.01467	0.00946	0.00827	0.05180	0.07405	0.02175	0.01849	0.11297	0.01771	0.01116	0.00909	0.11286	0.00529	0.05093	0.00474	0.42858
2	0.01605	0.06379	0.01491	0.01233	0.01485	0.09345	0.00987	0.01952	0.06937	0.11756	0.10556	0.12552	0.11431	0.01310	0.00951	0.00238	0.10556	0.07877	0.00581	0.00777
3	0.01388	0.09285	0.23872	0.01382	0.01860	0.01356	0.03072	0.06283	0.01494	0.04577	0.04150	0.12745	0.07314	0.12653	0.01213	0.00292	0.04933	0.00888	0.00446	0.00797
4	0.01749	0.38564	0.02781	0.01573	0.06719	0.06984	0.05918	0.02374	0.16709	0.01985	0.01636	0.07297	0.01454	0.00791	0.00584	0.00187	0.00733	0.00631	0.00419	0.00910
5	0.01756	0.01411	0.01906	0.16868	0.02535	0.01411	0.07077	0.19713	0.01927	0.05967	0.01714	0.04753	0.03653	0.00757	0.00651	0.00184	0.00707	0.00649	0.00491	0.25870

[dist]
# distance from previous block
# <min> <max>
0	1

[block]
# block no. 1 follows, 31 sequences, length 13
# corresponding to MSA columns:
# 52-64
name=unknown_B
#
# <colnr> <probs for GDERKNQSTAVLIFYWHMCP>
#	G	D	E	R	K	N	Q	S	T	A	V	L	I	F	Y	W	H	M	C	P
0	0.13978	0.01287	0.01304	0.01159	0.01485	0.08023	0.00908	0.07395	0.06895	0.17879	0.07836	0.10176	0.02278	0.04245	0.05913	0.00300	0.00690	0.03898	0.03511	0.00840
1	0.04281	0.01307	0.01504	0.06435	0.01823	0.01437	0.01064	0.29490	0.07904	0.02928	0.02479	0.16130	0.05893	0.03840	0.07572	0.00326	0.00744	0.03371	0.00598	0.00875
2	0.01889	0.17496	0.07220	0.01732	0.09747	0.13605	0.05017	0.05311	0.01645	0.06411	0.01264	0.01443	0.01011	0.00617	0.00576	0.00161	0.00796	0.00482	0.00394	0.23184
3	0.01613	0.01698	0.06137	0.12991	0.48434	0.01628	0.13271	0.02072	0.01537	0.02161	0.01291	0.01724	0.01044	0.00616	0.00699	0.00212	0.00892	0.00637	0.00333	0.01011
4	0.00980	0.00721	0.01039	0.01039	0.01140	0.00822	0.00780	0.01183	0.01082	0.01543	0.01888	0.02993	0.01843	0.17231	0.61327	0.01025	0.01633	0.00778	0.00375	0.00577
5	0.01656	0.01480	0.03775	0.01470	0.03952	0.06731	0.04760	0.20769	0.05691	0.02532	0.02445	0.17401	0.06966	0.09162	0.03257	0.00303	0.05290	0.00990	0.00544	0.00825
6	0.00951	0.00769	0.00838	0.00843	0.01045	0.00717	0.00633	0.01296	0.08119	0.01963	0.09552	0.09756	0.43988	0.08926	0.01075	0.00283	0.00424	0.07576	0.00626	0.00618
7	0.01976	0.08563	0.02232	0.13208	0.07781	0.22690	0.06623	0.12310	0.09275	0.02291	0.01710	0.01892	0.04951	0.00772	0.00660	0.00201	0.00907	0.00618	0.00440	0.00902
8	0.01247	0.01110	0.08030	0.01221	0.01481	0.01023	0.01055	0.06252	0.01330	0.05795	0.01810	0.02474	0.01590	0.04156	0.57086	0.00902	0.01607	0.00700	0.00408	0.00719
9	0.01028	0.00718	0.00884	0.00875	0.01063	0.00646	0.00666	0.01276	0.01711	0.06052	0.33027	0.13992	0.26288	0.01607	0.00821	0.00237	0.00381	0.07392	0.00696	0.00640
10	0.09642	0.17343	0.02098	0.01346	0.01848	0.09699	0.01131	0.24227	0.09065	0.02860	0.01488	0.01676	0.01189	0.00743	0.00587	0.00183	0.00723	0.02465	0.00505	0.11182
11	0.08653	0.10683	0.15278	0.01720	0.05663	0.01615	0.12398	0.10891	0.01657	0.02447	0.01341	0.03222	0.01103	0.03301	0.00711	0.00201	0.00784	0.00574	0.00402	0.17355
12	0.03374	0.12495	0.10617	0.01893	0.09587	0.16032	0.08954	0.07623	0.07569	0.02263	0.03562	0.05755	0.01450	0.00788	0.00644	0.00199	0.00850	0.00654	0.04787	0.00904

[dist]
# distance from previous block
# <min> <max>
7	13

[block]
# block no. 2 follows, 31 sequences, length 7
# corresponding to MSA columns:
# 78-84
name=unknown_C
#
# <colnr> <probs for GDERKNQSTAVLIFYWHMCP>
#	G	D	E	R	K	N	Q	S	T	A	V	L	I	F	Y	W	H	M	C	P
0	0.10611	0.01046	0.01130	0.01123	0.01344	0.04051	0.00863	0.09559	0.03777	0.02360	0.05861	0.33891	0.03272	0.01559	0.00775	0.00252	0.00539	0.13204	0.00600	0.04182
1	0.05311	0.08176	0.11216	0.05248	0.03733	0.08454	0.04326	0.20007	0.04423	0.05532	0.01526	0.06127	0.01266	0.00875	0.00867	0.00220	0.10632	0.00650	0.00471	0.00940
2	0.01886	0.05383	0.12287	0.01848	0.10173	0.22903	0.01447	0.11657	0.06661	0.02271	0.01813	0.07909	0.04171	0.01148	0.05196	0.00260	0.00947	0.00697	0.00445	0.00896
3	0.55948	0.07157	0.01450	0.01101	0.01503	0.05063	0.05585	0.01931	0.01219	0.02606	0.01016	0.01281	0.00832	0.00835	0.00725	0.09583	0.00631	0.00430	0.00390	0.00715
4	0.01953	0.01910	0.08094	0.05187	0.05860	0.08232	0.01429	0.24302	0.16819	0.02857	0.01684	0.01844	0.01298	0.01118	0.05459	0.00278	0.09533	0.00629	0.00520	0.00992
5	0.00931	0.00738	0.00824	0.00823	0.01005	0.00683	0.00596	0.01250	0.06869	0.02058	0.19484	0.15154	0.37081	0.08161	0.01043	0.00272	0.00391	0.01377	0.00646	0.00614
6	0.01151	0.01264	0.13817	0.01140	0.01428	0.00910	0.01030	0.01520	0.03948	0.04916	0.24209	0.17048	0.05552	0.11648	0.01210	0.00297	0.03247	0.04386	0.00578	0.00700

[dist]
# distance from previous block
# <min> <max>
4	6

[block]
# block no. 3 follows, 31 sequences, length 14
# corresponding to MSA columns:
# 91-104
name=unknown_D
#
# <colnr> <probs for GDERKNQSTAVLIFYWHMCP>
#	G	D	E	R	K	N	Q	S	T	A	V	L	I	F	Y	W	H	M	C	P
0	0.17555	0.22569	0.10202	0.01372	0.01882	0.19327	0.01257	0.06047	0.01600	0.05705	0.01193	0.01368	0.00961	0.00948	0.05162	0.00242	0.00910	0.00455	0.00388	0.00859
1	0.01451	0.03419	0.01397	0.01336	0.04998	0.01222	0.00980	0.14604	0.14049	0.02534	0.07063	0.22338	0.05417	0.05700	0.00936	0.00270	0.00563	0.10289	0.00624	0.00810
2	0.01729	0.01829	0.10840	0.12483	0.19870	0.04269	0.05729	0.14989	0.09559	0.02610	0.05321	0.04545	0.01558	0.00799	0.00698	0.00216	0.00805	0.00702	0.00467	0.00982
3	0.01258	0.00643	0.00665	0.00665	0.00822	0.00650	0.00500	0.01572	0.01415	0.02494	0.02208	0.02559	0.01751	0.01053	0.04767	0.00215	0.00408	0.00643	0.75075	0.00636
4	0.00988	0.00730	0.00959	0.00958	0.01024	0.00800	0.00674	0.01114	0.01104	0.01519	0.02406	0.10602	0.06463	0.32381	0.30553	0.00753	0.05025	0.00989	0.00424	0.00533
5	0.00970	0.00792	0.01023	0.01197	0.09010	0.00722	0.00775	0.01212	0.01635	0.02143	0.24143	0.14731	0.33192	0.01571	0.00808	0.00233	0.00411	0.04144	0.00635	0.00654
6	0.01481	0.01378	0.04211	0.03881	0.01974	0.01099	0.07253	0.05548	0.01525	0.02300	0.01278	0.01531	0.01040	0.00705	0.03122	0.00163	0.00659	0.00477	0.00406	0.59969
7	0.01984	0.16539	0.06562	0.01796	0.06941	0.24704	0.06050	0.02414	0.07659	0.05688	0.05562	0.01726	0.01392	0.00775	0.00767	0.00198	0.07376	0.00572	0.00412	0.00884
8	0.08330	0.03742	0.03326	0.05755	0.01903	0.12597	0.05580	0.06663	0.04325	0.13809	0.08439	0.10508	0.07976	0.01062	0.00703	0.00219	0.00703	0.02955	0.00566	0.00839
9	0.09355	0.04276	0.08747	0.07299	0.09931	0.01663	0.01395	0.16084	0.15833	0.06833	0.01862	0.07320	0.01516	0.00882	0.00730	0.00222	0.03836	0.00707	0.00531	0.00979
10	0.01990	0.04335	0.04866	0.05660	0.10154	0.12937	0.05409	0.12504	0.09104	0.08904	0.01601	0.01888	0.01266	0.05316	0.00959	0.00235	0.06812	0.00620	0.00478	0.04961
11	0.06306	0.08413	0.10051	0.01781	0.08521	0.09570	0.09086	0.10258	0.01685	0.02256	0.01945	0.10357	0.05267	0.01284	0.05838	0.02493	0.00879	0.02731	0.00438	0.00841
12	0.04171	0.07022	0.09915	0.01443	0.01890	0.08271	0.01268	0.21278	0.12966	0.05061	0.02014	0.10993	0.01778	0.03085	0.00811	0.00233	0.03067	0.03241	0.00553	0.00939
13	0.01738	0.13167	0.07259	0.01478	0.03787	0.03949	0.07105	0.06621	0.12159	0.10185	0.09258	0.04249	0.04579	0.06040	0.00909	0.00238	0.02888	0.00758	0.00530	0.03101

[dist]
# distance from previous block
# <min> <max>
2	17

[block]
# block no. 4 follows, 31 sequences, length 16
# corresponding to MSA columns:
# 122-137
name=unknown_E
#
# <colnr> <probs for GDERKNQSTAVLIFYWHMCP>
#	G	D	E	R	K	N	Q	S	T	A	V	L	I	F	Y	W	H	M	C	P
0	0.01204	0.01008	0.07522	0.01096	0.01333	0.00785	0.00891	0.01504	0.04572	0.09635	0.03352	0.46509	0.06821	0.01823	0.03448	0.00284	0.00540	0.03124	0.00610	0.03937
1	0.01932	0.10617	0.09776	0.04049	0.07588	0.09767	0.14306	0.07883	0.09999	0.10435	0.01918	0.02023	0.05104	0.00763	0.00676	0.00207	0.00849	0.00665	0.00476	0.00967
2	0.05613	0.21976	0.12617	0.04383	0.03640	0.11495	0.04196	0.13240	0.08678	0.05866	0.01421	0.01531	0.01090	0.00702	0.00599	0.00193	0.00833	0.00526	0.00440	0.00962
3	0.01674	0.05539	0.09392	0.01384	0.01801	0.13045	0.01194	0.07092	0.26831	0.02457	0.08380	0.05797	0.08492	0.01029	0.00699	0.00218	0.00689	0.02812	0.00570	0.00905
4	0.00860	0.00612	0.00810	0.00938	0.00985	0.00582	0.00629	0.00986	0.01309	0.01760	0.07156	0.62964	0.04342	0.07954	0.04348	0.00342	0.00479	0.01779	0.00612	0.00552
5	0.04215	0.11545	0.28503	0.02104	0.10503	0.14589	0.08943	0.02360	0.07014	0.02106	0.01302	0.01513	0.01006	0.00661	0.00635	0.00202	0.00958	0.00538	0.00349	0.00952
6	0.01539	0.01696	0.06587	0.14683	0.17924	0.09748	0.13403	0.02008	0.04183	0.02054	0.04809	0.05186	0.01695	0.01084	0.04594	0.00272	0.00941	0.06334	0.00402	0.00859
7	0.57349	0.01387	0.01250	0.01048	0.01506	0.01542	0.00864	0.12241	0.01590	0.13748	0.01321	0.01375	0.00948	0.00695	0.00502	0.00211	0.00571	0.00455	0.00527	0.00868
8	0.01224	0.00895	0.01117	0.01114	0.04386	0.00867	0.00812	0.07659	0.04165	0.05030	0.36407	0.08430	0.16996	0.01414	0.00797	0.00228	0.00434	0.06604	0.00692	0.00727
9	0.01599	0.17683	0.19996	0.04588	0.22699	0.05435	0.01791	0.02054	0.02975	0.02017	0.03861	0.04631	0.01318	0.00759	0.00736	0.00205	0.05764	0.00604	0.00349	0.00938
10	0.00969	0.00753	0.00826	0.00818	0.01035	0.00680	0.00609	0.01287	0.06680	0.04213	0.14424	0.15335	0.46589	0.01658	0.00805	0.00235	0.00372	0.01412	0.00662	0.00639
11	0.00840	0.00682	0.00744	0.00754	0.00950	0.00587	0.00556	0.01033	0.01596	0.01994	0.17957	0.14664	0.51809	0.01723	0.00816	0.00234	0.00348	0.01468	0.00656	0.00587
12	0.01809	0.09106	0.08045	0.01579	0.04517	0.15663	0.05163	0.11750	0.13451	0.02348	0.04615	0.04757	0.04335	0.08751	0.00963	0.00253	0.00804	0.00725	0.00488	0.00878
13	0.04827	0.20545	0.24209	0.01838	0.07426	0.13548	0.05032	0.06404	0.03731	0.04596	0.01259	0.01428	0.00975	0.00662	0.00600	0.00192	0.00909	0.00500	0.00368	0.00951
14	0.04870	0.06999	0.12728	0.01939	0.12109	0.01559	0.09677	0.12652	0.05627	0.10067	0.08315	0.02361	0.06410	0.00835	0.00687	0.00211	0.00742	0.00724	0.00518	0.00972
15	0.01041	0.00778	0.00936	0.00995	0.01106	0.00785	0.00687	0.03974	0.10485	0.01976	0.05735	0.48866	0.06424	0.11435	0.01175	0.00315	0.00460	0.01573	0.00620	0.00634

[dist]
# distance from previous block
# <min> <max>
1	2

[block]
# block no. 5 follows, 31 sequences, length 6
# corresponding to MSA columns:
# 140-145
name=unknown_F
#
# <colnr> <probs for GDERKNQSTAVLIFYWHMCP>
#	G	D	E	R	K	N	Q	S	T	A	V	L	I	F	Y	W	H	M	C	P
0	0.06568	0.01733	0.07751	0.12247	0.12814	0.07950	0.09786	0.10403	0.01731	0.02386	0.07913	0.02151	0.03694	0.01096	0.05725	0.00277	0.03785	0.00687	0.00428	0.00874
1	0.01569	0.00930	0.01181	0.05451	0.09577	0.00954	0.00876	0.06564	0.01602	0.08956	0.02044	0.02330	0.01577	0.00988	0.04125	0.00223	0.00540	0.00640	0.49090	0.00781
2	0.00993	0.00777	0.01094	0.01040	0.01226	0.00719	0.06942	0.01222	0.01494	0.02003	0.11802	0.23740	0.21946	0.06639	0.00990	0.00273	0.00480	0.08293	0.07713	0.00611
3	0.05633	0.05768	0.11772	0.04704	0.01684	0.05848	0.01113	0.04130	0.03270	0.02139	0.13717	0.12433	0.08338	0.05736	0.07553	0.00329	0.00752	0.03848	0.00504	0.00730
4	0.01234	0.01068	0.01488	0.09292	0.08033	0.04529	0.03498	0.03344	0.01326	0.01784	0.01969	0.09604	0.01967	0.11247	0.28751	0.00618	0.03667	0.05488	0.00411	0.00683
5	0.06014	0.01297	0.01821	0.14275	0.02333	0.03776	0.11539	0.07802	0.01612	0.04682	0.04553	0.09078	0.04831	0.06795	0.00910	0.00242	0.00722	0.02924	0.00470	0.14324

[dist]
# distance from previous block
# <min> <max>
1	3

[block]
# block no. 6 follows, 31 sequences, length 11
# corresponding to MSA columns:
# 149-159
name=unknown_G
#
# <colnr> <probs for GDERKNQSTAVLIFYWHMCP>
#	G	D	E	R	K	N	Q	S	T	A	V	L	I	F	Y	W	H	M	C	P
0	0.54205	0.01489	0.01364	0.01147	0.01566	0.01731	0.00947	0.19174	0.01678	0.03267	0.01124	0.01279	0.00862	0.00730	0.00642	0.00217	0.06796	0.00452	0.00480	0.00849
1	0.01083	0.07096	0.01098	0.00898	0.01005	0.00919	0.00619	0.01275	0.05132	0.01541	0.02350	0.09432	0.05099	0.43534	0.15493	0.00627	0.00842	0.00974	0.00438	0.00546
2	0.01157	0.00605	0.00868	0.00868	0.00868	0.00605	0.00565	0.00908	0.00908	0.01211	0.01346	0.02470	0.01400	0.14369	0.02806	0.67149	0.00605	0.00659	0.00316	0.00316
3	0.06403	0.01575	0.01526	0.10472	0.06020	0.15818	0.01142	0.02335	0.19800	0.04547	0.02592	0.14322	0.08467	0.01088	0.00700	0.00224	0.00702	0.00903	0.00530	0.00833
4	0.00977	0.00733	0.01100	0.01100	0.01222	0.00855	0.00855	0.01222	0.01100	0.01588	0.01833	0.02688	0.01710	0.05131	0.73245	0.01100	0.01833	0.00733	0.00367	0.00611
5	0.01568	0.04056	0.14166	0.13867	0.15270	0.04379	0.17007	0.04020	0.08351	0.02233	0.04837	0.02110	0.01444	0.00739	0.00711	0.00220	0.00895	0.02793	0.00399	0.00934
6	0.00966	0.00694	0.00914	0.00923	0.00997	0.00743	0.00643	0.01099	0.01097	0.01507	0.02378	0.08077	0.06249	0.33547	0.36263	0.00822	0.01183	0.00955	0.00418	0.00526
7	0.01180	0.00701	0.00764	0.00757	0.00931	0.00715	0.00574	0.01543	0.04685	0.02308	0.02869	0.03153	0.11785	0.01644	0.12396	0.00326	0.00580	0.00776	0.51666	0.00646
8	0.04153	0.01550	0.01573	0.01316	0.01648	0.11687	0.01037	0.13631	0.01669	0.02277	0.01530	0.02009	0.03070	0.07749	0.11491	0.00357	0.12030	0.00599	0.00433	0.20192
9	0.33732	0.13463	0.04576	0.01423	0.05733	0.14112	0.01134	0.08437	0.07353	0.02616	0.01217	0.01346	0.00962	0.00680	0.00529	0.00196	0.00738	0.00457	0.00428	0.00868
10	0.14987	0.05208	0.14680	0.05649	0.07029	0.05771	0.17355	0.03701	0.06888	0.02327	0.01894	0.02090	0.07981	0.00762	0.00661	0.00216	0.00837	0.00672	0.00408	0.00884

[dist]
# distance from previous block
# <min> <max>
0	3

[block]
# block no. 7 follows, 31 sequences, length 8
# corresponding to MSA columns:
# 163-170
name=unknown_H
#
# <colnr> <probs for GDERKNQSTAVLIFYWHMCP>
#	G	D	E	R	K	N	Q	S	T	A	V	L	I	F	Y	W	H	M	C	P
0	0.09392	0.07702	0.15713	0.04399	0.04320	0.16627	0.07049	0.13624	0.10190	0.02540	0.01419	0.01565	0.01078	0.00712	0.00633	0.00204	0.00894	0.00552	0.00437	0.00951
1	0.00927	0.00664	0.00814	0.00832	0.00925	0.00622	0.00563	0.01094	0.01479	0.02007	0.28726	0.21623	0.11806	0.23005	0.01590	0.00360	0.00440	0.01356	0.00616	0.00551
2	0.01708	0.01211	0.01370	0.01180	0.01530	0.01267	0.00939	0.18207	0.17617	0.09668	0.20118	0.03778	0.12967	0.01174	0.00748	0.00223	0.00518	0.04159	0.00710	0.00907
3	0.01615	0.01845	0.04037	0.02884	0.03576	0.01730	0.69204	0.02191	0.01615	0.02191	0.01384	0.01845	0.01038	0.00577	0.00807	0.00231	0.01153	0.00807	0.00346	0.00923
4	0.01283	0.06231	0.01273	0.01034	0.01180	0.01112	0.00756	0.08448	0.04714	0.01888	0.05868	0.07613	0.02287	0.31887	0.12457	0.04836	0.05162	0.00888	0.00460	0.00621
5	0.01470	0.03873	0.02027	0.01788	0.05872	0.04921	0.06084	0.01746	0.04847	0.01766	0.01480	0.09659	0.01506	0.07846	0.01804	0.00305	0.41092	0.00786	0.00374	0.00754
6	0.30654	0.08137	0.06699	0.05072	0.01794	0.10883	0.01091	0.05573	0.01538	0.07860	0.05176	0.02063	0.01460	0.05019	0.00735	0.00233	0.00712	0.04034	0.00461	0.00806
7	0.03979	0.17905	0.06217	0.04064	0.05480	0.12859	0.06623	0.05564	0.05263	0.02107	0.04608	0.02094	0.01477	0.00859	0.00732	0.04425	0.00798	0.05241	0.00411	0.09295

[dist]
# distance from previous block
# <min> <max>
0	14

[block]
# block no. 8 follows, 31 sequences, length 8
# corresponding to MSA columns:
# 185-192
name=unknown_I
#
# <colnr> <probs for GDERKNQSTAVLIFYWHMCP>
#	G	D	E	R	K	N	Q	S	T	A	V	L	I	F	Y	W	H	M	C	P
0	0.01126	0.04884	0.06935	0.01172	0.01371	0.01005	0.02828	0.04113	0.01381	0.01850	0.02998	0.34387	0.08286	0.09274	0.01273	0.03304	0.06753	0.05898	0.00520	0.00643
1	0.04556	0.05079	0.01565	0.01361	0.04415	0.07721	0.03821	0.07888	0.03005	0.03947	0.19301	0.10730	0.05516	0.03107	0.09681	0.00336	0.05734	0.00939	0.00540	0.00758
2	0.01089	0.00912	0.01094	0.01064	0.01189	0.05420	0.00800	0.01287	0.01245	0.01676	0.08052	0.03366	0.08403	0.14908	0.41991	0.00784	0.04840	0.00854	0.00426	0.00599
3	0.01329	0.01306	0.03369	0.04801	0.06125	0.08509	0.05782	0.01884	0.13075	0.02190	0.15081	0.21140	0.08504	0.01309	0.00770	0.00234	0.00615	0.02633	0.00574	0.00768
4	0.01185	0.00685	0.00919	0.00994	0.01111	0.00626	0.00693	0.01327	0.01412	0.12812	0.03602	0.64009	0.04080	0.01940	0.00844	0.00267	0.00426	0.01747	0.00668	0.00651
5	0.71253	0.01304	0.01077	0.00939	0.01375	0.01470	0.00773	0.02173	0.01262	0.11547	0.01167	0.01261	0.00858	0.00661	0.00456	0.00212	0.00536	0.00409	0.00475	0.00793
6	0.05019	0.01411	0.05490	0.21817	0.13960	0.01426	0.04261	0.07660	0.08671	0.05647	0.02095	0.08168	0.04286	0.00956	0.00716	0.00231	0.00743	0.06079	0.00478	0.00884
7	0.01922	0.01333	0.04909	0.01264	0.01679	0.01239	0.01072	0.21524	0.02080	0.16602	0.07962	0.06154	0.05178	0.03330	0.05389	0.00286	0.00695	0.09223	0.00641	0.07518

[dist]
# distance from previous block
# <min> <max>
2	23

[block]
# block no. 9 follows, 31 sequences, length 8
# corresponding to MSA columns:
# 216-223
name=unknown_J
#
# <colnr> <probs for GDERKNQSTAVLIFYWHMCP>
#	G	D	E	R	K	N	Q	S	T	A	V	L	I	F	Y	W	H	M	C	P
0	0.03922	0.07196	0.11801	0.01381	0.03255	0.02633	0.06798	0.03643	0.03624	0.03537	0.05254	0.20941	0.07457	0.01125	0.00694	0.00208	0.00634	0.00983	0.00489	0.14426
1	0.09199	0.14276	0.06772	0.03767	0.05603	0.01653	0.12335	0.06892	0.01631	0.15855	0.01636	0.06223	0.01314	0.00793	0.00732	0.00207	0.05135	0.00660	0.00478	0.04839
2	0.01735	0.18777	0.17677	0.05633	0.04787	0.12730	0.05233	0.06799	0.05791	0.02079	0.01493	0.08282	0.01323	0.00830	0.00703	0.00205	0.03989	0.00651	0.00389	0.00894
3	0.05399	0.11057	0.05794	0.28594	0.02993	0.04375	0.07663	0.05522	0.01588	0.02164	0.10289	0.02037	0.01648	0.00743	0.00648	0.00201	0.00791	0.00637	0.00401	0.07455
4	0.01594	0.10622	0.34324	0.06933	0.02861	0.01770	0.13947	0.09093	0.01632	0.02289	0.01255	0.01526	0.00941	0.00663	0.00713	0.00208	0.03678	0.00561	0.00348	0.05040
5	0.01222	0.00835	0.01081	0.06013	0.01331	0.00844	0.00742	0.01364	0.01265	0.07562	0.06069	0.18600	0.02700	0.31003	0.04358	0.00431	0.05110	0.01069	0.00499	0.07903
6	0.01680	0.02023	0.15541	0.07856	0.13020	0.01712	0.23968	0.09753	0.12689	0.02500	0.01580	0.01839	0.01185	0.00686	0.00719	0.00221	0.00918	0.00682	0.00424	0.01002
7	0.00881	0.00629	0.00848	0.01007	0.01067	0.00596	0.00717	0.01034	0.01356	0.01799	0.03745	0.63600	0.04422	0.02099	0.00886	0.00284	0.00438	0.13389	0.00634	0.00569

[dist]
# distance from previous block
# <min> <max>
0	1

[block]
# block no. 10 follows, 31 sequences, length 36
# corresponding to MSA columns:
# 225-260
name=unknown_K
#
# <colnr> <probs for GDERKNQSTAVLIFYWHMCP>
#	G	D	E	R	K	N	Q	S	T	A	V	L	I	F	Y	W	H	M	C	P
0	0.01086	0.01180	0.12580	0.01225	0.01489	0.00833	0.04660	0.01360	0.01390	0.05054	0.06994	0.45141	0.03490	0.04761	0.05120	0.00321	0.00634	0.01446	0.00556	0.00679
1	0.01416	0.04231	0.02025	0.08802	0.05033	0.05600	0.11878	0.05957	0.01416	0.01910	0.01498	0.02103	0.01308	0.02709	0.33308	0.00617	0.08384	0.00676	0.00366	0.00763
2	0.07139	0.42326	0.02762	0.01390	0.01872	0.30861	0.01204	0.02320	0.01595	0.01728	0.00994	0.01153	0.00871	0.00636	0.00509	0.00162	0.00920	0.00396	0.00325	0.00835
3	0.01567	0.27206	0.29958	0.01500	0.02162	0.05740	0.01640	0.02187	0.08596	0.02035	0.05545	0.06017	0.01541	0.00792	0.00605	0.00196	0.00805	0.00611	0.00383	0.00914
4	0.06133	0.11484	0.01430	0.01036	0.01290	0.05022	0.00804	0.01760	0.05468	0.09167	0.11463	0.08642	0.05224	0.16077	0.11695	0.00423	0.00771	0.00881	0.00520	0.00712
5	0.66525	0.03483	0.03303	0.01028	0.01474	0.01641	0.00880	0.08594	0.01376	0.03086	0.01027	0.01183	0.00794	0.00668	0.00505	0.00212	0.02584	0.00404	0.00438	0.00794
6	0.00979	0.00725	0.01058	0.01058	0.01166	0.00833	0.00803	0.01195	0.01087	0.01557	0.01870	0.02898	0.01802	0.13453	0.65048	0.01048	0.01695	0.00764	0.00372	0.00588
7	0.00977	0.00733	0.01100	0.01100	0.01222	0.00855	0.00855	0.01222	0.01100	0.01588	0.01833	0.02688	0.01710	0.05131	0.73245	0.01100	0.01833	0.00733	0.00367	0.00611
8	0.00865	0.00689	0.00763	0.00755	0.00945	0.00601	0.00555	0.01070	0.01627	0.02072	0.24971	0.08900	0.46339	0.05657	0.00955	0.00252	0.00359	0.01381	0.00657	0.00587
9	0.04948	0.01846	0.02011	0.01794	0.09219	0.05536	0.01327	0.46473	0.09548	0.07783	0.01730	0.01741	0.01251	0.00800	0.00673	0.00207	0.00745	0.00619	0.00634	0.01115
10	0.01491	0.07635	0.59913	0.01934	0.02872	0.01697	0.06237	0.06435	0.01564	0.02272	0.01247	0.01460	0.00896	0.00653	0.00649	0.00213	0.00986	0.00522	0.00318	0.01008
11	0.01094	0.00918	0.01129	0.08260	0.05565	0.00929	0.00851	0.01597	0.12486	0.02126	0.15947	0.06274	0.30478	0.08140	0.01015	0.00267	0.00486	0.01142	0.00595	0.00702
12	0.05759	0.00748	0.00913	0.00926	0.01091	0.00724	0.00692	0.01299	0.01471	0.06120	0.15773	0.20331	0.16285	0.09268	0.08543	0.00376	0.00591	0.07861	0.00606	0.00622
13	0.32067	0.06036	0.13350	0.03185	0.01906	0.01674	0.01238	0.16764	0.05488	0.05730	0.05446	0.01659	0.01310	0.00745	0.00573	0.00209	0.00670	0.00537	0.00498	0.00915
14	0.11195	0.14797	0.01961	0.01335	0.01767	0.12261	0.01104	0.25217	0.02051	0.02761	0.01558	0.05780	0.01376	0.03054	0.04969	0.00260	0.00821	0.03258	0.00496	0.03977
15	0.80789	0.01323	0.01006	0.00900	0.01323	0.01535	0.00741	0.02011	0.01164	0.03070	0.00953	0.01111	0.00741	0.00635	0.00423	0.00212	0.00529	0.00370	0.00423	0.00741
16	0.04001	0.57336	0.14447	0.01340	0.01990	0.02397	0.03365	0.02124	0.01423	0.04675	0.01080	0.01226	0.00911	0.00608	0.00493	0.00165	0.00777	0.00415	0.00320	0.00909
17	0.00961	0.00816	0.02746	0.00954	0.01152	0.00725	0.00758	0.01298	0.06023	0.02033	0.12725	0.20290	0.29849	0.01833	0.03154	0.00281	0.00480	0.12651	0.00635	0.00635
18	0.01275	0.00638	0.00638	0.00638	0.00797	0.00638	0.00478	0.01594	0.01435	0.02551	0.02232	0.02551	0.01754	0.00797	0.00478	0.00159	0.00319	0.00638	0.79755	0.00638
19	0.01808	0.36507	0.09737	0.05938	0.02029	0.02034	0.01296	0.11171	0.05748	0.06279	0.05615	0.05991	0.01578	0.00804	0.00586	0.00187	0.00711	0.00615	0.00449	0.00919
20	0.05717	0.01352	0.13908	0.01193	0.02719	0.04143	0.01046	0.01448	0.01528	0.02166	0.21403	0.25387	0.05613	0.05778	0.00927	0.00262	0.00564	0.03596	0.00561	0.00689
21	0.01587	0.01350	0.01436	0.01313	0.01661	0.01534	0.01012	0.04874	0.57964	0.02730	0.03095	0.09897	0.06366	0.01091	0.00720	0.00236	0.00521	0.00923	0.00686	0.01004
22	0.54066	0.06084	0.04335	0.01287	0.03377	0.09049	0.04667	0.02084	0.01296	0.02653	0.01002	0.01213	0.00802	0.00669	0.00587	0.00210	0.05020	0.00426	0.00390	0.00784
23	0.01872	0.01725	0.13491	0.04595	0.13019	0.05194	0.05604	0.02374	0.06154	0.19606	0.05982	0.04547	0.01820	0.01126	0.04957	0.00273	0.02464	0.03713	0.00527	0.00958
24	0.06094	0.04459	0.07166	0.04066	0.01771	0.07394	0.01081	0.01743	0.01379	0.02011	0.01519	0.06331	0.01458	0.07326	0.00995	0.00220	0.07620	0.04514	0.00402	0.32452
25	0.01292	0.01216	0.02052	0.74312	0.04712	0.01520	0.01900	0.01748	0.01368	0.01748	0.01216	0.01824	0.00912	0.00684	0.00684	0.00228	0.00912	0.00608	0.00304	0.00760
26	0.01429	0.01627	0.16319	0.01393	0.01834	0.01269	0.03170	0.06499	0.20152	0.04283	0.18205	0.08168	0.03100	0.01146	0.00753	0.00235	0.00622	0.08306	0.00605	0.00885
27	0.01161	0.00896	0.01054	0.00978	0.01202	0.00899	0.00742	0.05587	0.13750	0.02681	0.43221	0.08768	0.13645	0.01370	0.00785	0.00223	0.00393	0.01189	0.00717	0.00737
28	0.01442	0.07781	0.65843	0.01898	0.02860	0.04246	0.02405	0.02180	0.01459	0.02116	0.01205	0.01417	0.00868	0.00648	0.00636	0.00211	0.01003	0.00495	0.00291	0.00995
29	0.00891	0.00686	0.00813	0.00803	0.00980	0.00609	0.00594	0.01133	0.01722	0.02284	0.38714	0.12725	0.32362	0.01607	0.00814	0.00228	0.00340	0.01391	0.00694	0.00609
30	0.01538	0.01745	0.05298	0.12208	0.07591	0.01645	0.51919	0.02077	0.01572	0.02121	0.01582	0.02020	0.03931	0.00642	0.00780	0.00228	0.01065	0.00788	0.00351	0.00899
31	0.00977	0.00733	0.01100	0.01100	0.01222	0.00855	0.00855	0.01222	0.01100	0.01588	0.01833	0.02688	0.01710	0.05131	0.73245	0.01100	0.01833	0.00733	0.00367	0.00611
32	0.01057	0.00837	0.01156	0.15095	0.01793	0.00870	0.00933	0.01466	0.05578	0.02358	0.38877	0.11849	0.08590	0.01362	0.00793	0.00232	0.00477	0.05360	0.00636	0.00678
33	0.01275	0.00638	0.00638	0.00638	0.00797	0.00638	0.00478	0.01594	0.01435	0.02551	0.02232	0.02551	0.01754	0.00797	0.00478	0.00159	0.00319	0.00638	0.79755	0.00638
34	0.36296	0.18002	0.02058	0.05750	0.08712	0.01791	0.05068	0.05661	0.01458	0.04463	0.04291	0.01493	0.01139	0.00671	0.00528	0.00198	0.00665	0.00493	0.00415	0.00847
35	0.11280	0.01539	0.08110	0.01216	0.01750	0.02996	0.01065	0.13091	0.01696	0.06369	0.01492	0.04473	0.01230	0.01127	0.07676	0.00255	0.00745	0.00554	0.00471	0.32865

[dist]
# distance from previous block
# <min> <max>
2	5

[block]
# block no. 11 follows, 31 sequences, length 50
# corresponding to MSA columns:
# 267-316
name=unknown_L
#
# <colnr> <probs for GDERKNQSTAVLIFYWHMCP>
#	G	D	E	R	K	N	Q	S	T	A	V	L	I	F	Y	W	H	M	C	P
0	0.37358	0.06399	0.03701	0.07705	0.05861	0.04482	0.01074	0.04922	0.03356	0.02608	0.01140	0.01345	0.00904	0.00629	0.00512	0.00186	0.00642	0.00440	0.00408	0.16327
1	0.01602	0.01723	0.15141	0.01547	0.05839	0.01310	0.04223	0.08856	0.12195	0.06586	0.07013	0.05860	0.04918	0.00858	0.00667	0.00194	0.00656	0.00729	0.00521	0.19563
2	0.04524	0.09064	0.05186	0.01178	0.01709	0.01224	0.01029	0.05998	0.01812	0.37617	0.06280	0.02348	0.05568	0.00833	0.00639	0.00190	0.00587	0.00664	0.00658	0.12894
3	0.03997	0.01448	0.01690	0.15444	0.02309	0.07502	0.05057	0.09461	0.20782	0.04146	0.02313	0.06725	0.05210	0.07459	0.00949	0.00265	0.00726	0.03126	0.00533	0.00859
4	0.00830	0.00669	0.00735	0.00783	0.00953	0.00581	0.00567	0.00988	0.01476	0.01812	0.05830	0.25192	0.49133	0.04028	0.00909	0.00259	0.00379	0.03680	0.00629	0.00569
5	0.01554	0.01643	0.02830	0.05447	0.06898	0.07941	0.36755	0.04833	0.01662	0.02170	0.05787	0.15376	0.01971	0.00938	0.00784	0.00231	0.00927	0.00977	0.00435	0.00841
6	0.01557	0.08113	0.07913	0.01149	0.01412	0.01158	0.00969	0.12245	0.01417	0.04769	0.01341	0.01905	0.01176	0.01893	0.05811	0.44860	0.00739	0.00580	0.00385	0.00609
7	0.01400	0.00858	0.01072	0.00966	0.01219	0.00808	0.00742	0.01853	0.08984	0.15163	0.41367	0.07981	0.12200	0.01324	0.00777	0.00221	0.00399	0.01147	0.00745	0.00773
8	0.01433	0.01288	0.02027	0.36256	0.21679	0.01447	0.01667	0.05030	0.05505	0.02158	0.09496	0.02321	0.01748	0.04132	0.00822	0.00239	0.00778	0.00708	0.00410	0.00855
9	0.01372	0.03539	0.72412	0.01950	0.02961	0.01589	0.02528	0.02167	0.01444	0.02167	0.01228	0.01444	0.00867	0.00650	0.00650	0.00217	0.01011	0.00506	0.00289	0.01011
10	0.01266	0.01024	0.01223	0.01116	0.01335	0.01129	0.00863	0.05718	0.18190	0.02431	0.24056	0.03809	0.11857	0.05281	0.10992	0.00371	0.06981	0.00981	0.00613	0.00765
11	0.08788	0.01690	0.09033	0.12421	0.32750	0.01541	0.11758	0.02112	0.01521	0.06561	0.01444	0.01956	0.01164	0.00690	0.00684	0.00218	0.00847	0.03475	0.00382	0.00965
12	0.01298	0.01091	0.01179	0.01132	0.01403	0.01182	0.00852	0.02413	0.38830	0.02374	0.03948	0.20460	0.18265	0.01392	0.00763	0.00242	0.00464	0.01197	0.00668	0.00846
13	0.01275	0.00638	0.00638	0.00638	0.00797	0.00638	0.00478	0.01594	0.01435	0.02551	0.02232	0.02551	0.01754	0.00797	0.00478	0.00159	0.00319	0.00638	0.79755	0.00638
14	0.01420	0.01317	0.02151	0.18450	0.12871	0.01541	0.08884	0.01751	0.01390	0.03717	0.09016	0.04366	0.01737	0.01226	0.05913	0.00302	0.22008	0.00747	0.00390	0.00804
15	0.00977	0.00733	0.01100	0.01100	0.01222	0.00855	0.00855	0.01222	0.01100	0.01588	0.01833	0.02688	0.01710	0.05131	0.73245	0.01100	0.01833	0.00733	0.00367	0.00611
16	0.05238	0.02673	0.42051	0.01871	0.06625	0.05577	0.04147	0.02268	0.07920	0.05139	0.04580	0.05867	0.01472	0.00797	0.00669	0.00218	0.00869	0.00656	0.00404	0.00959
17	0.01788	0.00879	0.01154	0.01051	0.01349	0.00783	0.00832	0.02022	0.01711	0.30534	0.10270	0.18312	0.14578	0.01442	0.00791	0.00242	0.00489	0.10217	0.00732	0.00826
18	0.01492	0.01542	0.05057	0.10478	0.02808	0.01503	0.30557	0.04409	0.15427	0.02394	0.11212	0.06043	0.02135	0.00858	0.00764	0.00230	0.00835	0.00875	0.00489	0.00891
19	0.01037	0.00723	0.00879	0.00845	0.01046	0.00644	0.00641	0.01293	0.01758	0.06515	0.38524	0.09477	0.28409	0.01542	0.00809	0.00228	0.00363	0.03913	0.00707	0.00648
20	0.05240	0.01486	0.01667	0.01339	0.01814	0.03583	0.01092	0.25879	0.10866	0.28827	0.05091	0.02437	0.03718	0.00915	0.00692	0.00215	0.00638	0.02700	0.00727	0.01075
21	0.00901	0.00687	0.00828	0.00814	0.00986	0.00614	0.00602	0.01154	0.01748	0.02344	0.43002	0.12605	0.28060	0.01585	0.00814	0.00227	0.00338	0.01377	0.00702	0.00614
22	0.06189	0.01257	0.01509	0.01106	0.01671	0.01040	0.02878	0.01750	0.01389	0.02246	0.01187	0.01417	0.00991	0.00555	0.00607	0.00123	0.04660	0.00426	0.00399	0.68600
23	0.09058	0.13462	0.28121	0.01966	0.11072	0.04877	0.04831	0.10467	0.01701	0.06441	0.01304	0.01478	0.00976	0.00665	0.00614	0.00201	0.00860	0.00520	0.00394	0.00990
24	0.00834	0.00595	0.00794	0.00953	0.00992	0.00556	0.00635	0.00953	0.01310	0.01746	0.03771	0.75510	0.04525	0.02143	0.00873	0.00278	0.00397	0.01945	0.00635	0.00556
25	0.01275	0.00638	0.00638	0.00638	0.00797	0.00638	0.00478	0.01594	0.01435	0.02551	0.02232	0.02551	0.01754	0.00797	0.00478	0.00159	0.00319	0.00638	0.79755	0.00638
26	0.04079	0.08033	0.19965	0.05501	0.11623	0.13510	0.08032	0.06782	0.05473	0.02199	0.01318	0.01590	0.01037	0.00879	0.03710	0.00245	0.04159	0.00563	0.00369	0.00933
27	0.00840	0.00611	0.00786	0.00918	0.00979	0.00564	0.00618	0.00968	0.01347	0.01777	0.06253	0.64257	0.11268	0.04164	0.00938	0.00282	0.00397	0.01844	0.00633	0.00557
28	0.01442	0.08052	0.39133	0.01685	0.02511	0.01474	0.07887	0.02022	0.01448	0.02147	0.01218	0.01447	0.00928	0.00594	0.00604	0.00177	0.00847	0.00491	0.00330	0.25562
29	0.00873	0.00755	0.04327	0.00969	0.01072	0.00618	0.00709	0.01030	0.01340	0.01789	0.06427	0.60468	0.08713	0.06234	0.01005	0.00291	0.00436	0.01759	0.00610	0.00575
30	0.00889	0.00619	0.00777	0.00881	0.00907	0.00593	0.00559	0.00967	0.01201	0.01601	0.03211	0.50891	0.03819	0.27726	0.01777	0.00411	0.00489	0.01616	0.00559	0.00507
31	0.14153	0.01619	0.01735	0.01370	0.01860	0.01753	0.01122	0.44501	0.02602	0.13654	0.04228	0.05085	0.01512	0.00877	0.00659	0.00211	0.00664	0.00671	0.00669	0.01055
32	0.06129	0.01382	0.02050	0.03918	0.22215	0.01440	0.07136	0.06397	0.06444	0.05312	0.01863	0.08640	0.03783	0.01129	0.04868	0.00266	0.07532	0.00764	0.00454	0.08277
33	0.09131	0.10104	0.04891	0.01555	0.01967	0.36106	0.01273	0.11643	0.05933	0.02236	0.01258	0.01435	0.01020	0.00953	0.04255	0.00236	0.04233	0.00494	0.00414	0.00863
34	0.10873	0.11144	0.30962	0.01603	0.03975	0.01633	0.03550	0.02420	0.11782	0.09518	0.01598	0.01782	0.01208	0.04225	0.00747	0.00230	0.00790	0.00566	0.00432	0.00962
35	0.01764	0.49263	0.08014	0.08174	0.04977	0.06251	0.01343	0.04907	0.01484	0.01791	0.01117	0.01448	0.00998	0.05137	0.00690	0.00197	0.00797	0.00461	0.00323	0.00865
36	0.06298	0.03591	0.04277	0.06156	0.31380	0.10879	0.16584	0.04061	0.01621	0.02221	0.01253	0.01603	0.01009	0.00620	0.00668	0.00200	0.00913	0.00598	0.00357	0.05714
37	0.06219	0.04988	0.02399	0.05298	0.33295	0.05908	0.07778	0.06966	0.05035	0.02312	0.01672	0.08103	0.02951	0.00822	0.00733	0.00215	0.03206	0.00734	0.00415	0.00949
38	0.01871	0.01694	0.06001	0.01462	0.01902	0.09196	0.07323	0.17928	0.08987	0.07333	0.05092	0.02590	0.03299	0.11556	0.01087	0.00269	0.00756	0.02850	0.00542	0.08263
39	0.04795	0.01308	0.01638	0.01425	0.05616	0.01288	0.01080	0.17658	0.06049	0.37862	0.05268	0.08929	0.01992	0.00968	0.00701	0.00217	0.00601	0.00801	0.00738	0.01065
40	0.05638	0.02086	0.01941	0.05618	0.09198	0.24547	0.01376	0.15843	0.08073	0.02473	0.03394	0.01861	0.01320	0.00857	0.00868	0.00216	0.10572	0.02751	0.00463	0.00904
41	0.01794	0.01482	0.01809	0.01479	0.04003	0.01496	0.05181	0.14972	0.22068	0.04823	0.01798	0.01858	0.01376	0.00737	0.00702	0.00182	0.03929	0.00600	0.00545	0.29165
42	0.00828	0.00678	0.00731	0.00751	0.00945	0.00580	0.00551	0.01006	0.01554	0.01916	0.12520	0.17735	0.54295	0.01768	0.00819	0.00237	0.00353	0.01506	0.00646	0.00580
43	0.01126	0.00863	0.01135	0.01125	0.02757	0.00883	0.02365	0.07533	0.03596	0.02158	0.14061	0.21326	0.11508	0.06102	0.17883	0.00464	0.00798	0.03071	0.00573	0.00672
44	0.01231	0.00648	0.00686	0.00686	0.00833	0.00659	0.00509	0.01524	0.01378	0.02389	0.02191	0.02679	0.01794	0.05701	0.07318	0.00276	0.00478	0.00668	0.67731	0.00622
45	0.01633	0.01414	0.07844	0.04880	0.04057	0.01320	0.01152	0.12534	0.16633	0.08763	0.11885	0.09849	0.06360	0.05380	0.00929	0.00252	0.02684	0.00924	0.00612	0.00895
46	0.01667	0.07983	0.12599	0.13141	0.23206	0.05008	0.01742	0.03889	0.05018	0.05581	0.01550	0.02127	0.01295	0.00774	0.00713	0.00212	0.02980	0.05719	0.00399	0.04397
47	0.06669	0.11344	0.05843	0.01492	0.06149	0.01601	0.02947	0.14718	0.08771	0.12029	0.01961	0.02020	0.05259	0.00975	0.03892	0.00232	0.01922	0.00618	0.00530	0.11027
48	0.03216	0.18983	0.12847	0.01536	0.04687	0.11325	0.02888	0.06306	0.09275	0.08703	0.04445	0.01982	0.01483	0.07256	0.00886	0.00235	0.01982	0.00601	0.00455	0.00908
49	0.01745	0.07092	0.07684	0.07180	0.15286	0.03700	0.06381	0.10893	0.10829	0.04434	0.01637	0.05020	0.01334	0.00745	0.00652	0.00195	0.00750	0.00646	0.00460	0.13337

[dist]
# distance from previous block
# <min> <max>
0	19

[block]
# block no. 12 follows, 31 sequences, length 25
# corresponding to MSA columns:
# 336-360
name=unknown_M
#
# <colnr> <probs for GDERKNQSTAVLIFYWHMCP>
#	G	D	E	R	K	N	Q	S	T	A	V	L	I	F	Y	W	H	M	C	P
0	0.16936	0.20246	0.04010	0.01265	0.01672	0.21206	0.01071	0.05593	0.01617	0.02137	0.04800	0.02201	0.05386	0.04900	0.00733	0.00217	0.00789	0.04020	0.00419	0.00782
1	0.10002	0.05151	0.01224	0.01008	0.01304	0.04355	0.00789	0.07506	0.04462	0.04528	0.17636	0.13304	0.18436	0.01294	0.00715	0.00217	0.00494	0.02456	0.00607	0.04510
2	0.01340	0.01003	0.01202	0.05191	0.01482	0.01012	0.00854	0.12527	0.01859	0.05801	0.18216	0.12204	0.24365	0.01372	0.00843	0.00225	0.04344	0.01145	0.00631	0.04384
3	0.01963	0.30537	0.05852	0.01354	0.01849	0.05738	0.01218	0.18382	0.08849	0.05291	0.05334	0.05094	0.01571	0.00833	0.00654	0.00192	0.03229	0.00618	0.00493	0.00949
4	0.00997	0.00741	0.00923	0.00985	0.01106	0.00739	0.00704	0.01353	0.10223	0.01942	0.09334	0.40524	0.11600	0.02050	0.04906	0.06551	0.00504	0.03588	0.00612	0.00618
5	0.01071	0.00830	0.00970	0.00980	0.01168	0.00817	0.00733	0.05262	0.09694	0.02232	0.15103	0.28031	0.22031	0.01679	0.00820	0.00249	0.00427	0.06561	0.00663	0.00678
6	0.08192	0.09719	0.09016	0.05314	0.06009	0.01678	0.01308	0.16689	0.13460	0.12384	0.02041	0.02043	0.05085	0.00806	0.00637	0.00205	0.00682	0.00632	0.00555	0.03545
7	0.01767	0.05509	0.15339	0.06624	0.09319	0.08867	0.04049	0.09011	0.05588	0.07587	0.01651	0.06984	0.01388	0.01174	0.06117	0.00284	0.06695	0.00687	0.00441	0.00919
8	0.00983	0.00711	0.00986	0.00986	0.01069	0.00794	0.00714	0.01149	0.01066	0.01504	0.01936	0.03261	0.01959	0.27806	0.50911	0.00960	0.01458	0.00817	0.00382	0.00548
9	0.01646	0.20599	0.24526	0.05548	0.12960	0.03985	0.08563	0.06385	0.01615	0.02175	0.04862	0.01652	0.01232	0.00674	0.00629	0.00197	0.00876	0.00565	0.00355	0.00953
10	0.01491	0.01227	0.01424	0.01055	0.01601	0.01010	0.00843	0.09053	0.01680	0.02521	0.10084	0.01908	0.01714	0.00653	0.00564	0.00127	0.00510	0.00533	0.00480	0.61521
11	0.01340	0.07003	0.01449	0.01214	0.03609	0.02775	0.00915	0.05062	0.16192	0.02154	0.08569	0.05832	0.20309	0.08840	0.03490	0.00300	0.08662	0.00969	0.00550	0.00765
12	0.01018	0.00707	0.00848	0.06501	0.01056	0.00730	0.00531	0.01054	0.01024	0.01360	0.02082	0.04269	0.02364	0.70068	0.03263	0.00629	0.00683	0.00965	0.00406	0.00442
13	0.00934	0.00651	0.00840	0.00922	0.01027	0.00597	0.00651	0.01110	0.01491	0.04089	0.17419	0.49027	0.12655	0.01901	0.00849	0.00259	0.00390	0.03924	0.00665	0.00597
14	0.67308	0.01395	0.01123	0.00980	0.01414	0.04860	0.00802	0.02212	0.01301	0.11697	0.01177	0.01270	0.00867	0.00665	0.00466	0.00210	0.00569	0.00414	0.00473	0.00797
15	0.08016	0.01816	0.01935	0.03342	0.01965	0.16962	0.06057	0.12341	0.01635	0.02199	0.01254	0.01712	0.01088	0.03702	0.10777	0.00362	0.23040	0.00594	0.00396	0.00806
16	0.38394	0.05965	0.12243	0.01392	0.01901	0.07573	0.04466	0.10647	0.01555	0.02747	0.01106	0.01303	0.00859	0.00705	0.00668	0.00213	0.06531	0.00466	0.00410	0.00856
17	0.00963	0.00696	0.00794	0.00803	0.00886	0.00672	0.00517	0.01126	0.04015	0.01705	0.11269	0.14391	0.16176	0.40512	0.02210	0.00461	0.00524	0.01226	0.00536	0.00517
18	0.00979	0.00726	0.01066	0.01066	0.01177	0.00837	0.00813	0.01200	0.01090	0.01563	0.01863	0.02858	0.01784	0.11854	0.66623	0.01058	0.01722	0.00758	0.00371	0.00592
19	0.00995	0.00768	0.01008	0.01039	0.01065	0.00852	0.00724	0.01092	0.01166	0.01602	0.02739	0.39313	0.03203	0.23191	0.05764	0.00436	0.12600	0.01390	0.00503	0.00550
20	0.00834	0.00595	0.00794	0.00953	0.00992	0.00556	0.00635	0.00953	0.01310	0.01746	0.03771	0.75510	0.04525	0.02143	0.00873	0.00278	0.00397	0.01945	0.00635	0.00556
21	0.01727	0.01801	0.09383	0.15573	0.11725	0.05988	0.14653	0.09521	0.08546	0.05724	0.03757	0.05419	0.01472	0.00789	0.00714	0.00220	0.00864	0.00730	0.00453	0.00942
22	0.01639	0.05865	0.05038	0.01246	0.01776	0.08476	0.01049	0.06720	0.06966	0.02274	0.01358	0.01557	0.01112	0.00862	0.04411	0.00194	0.03657	0.00480	0.00424	0.44898
23	0.01471	0.01325	0.01634	0.11213	0.05552	0.08233	0.01244	0.03073	0.04669	0.04130	0.04452	0.05416	0.01745	0.04216	0.15228	0.00424	0.18226	0.03881	0.03117	0.00750
24	0.05771	0.09180	0.04027	0.03658	0.01826	0.13636	0.01124	0.14494	0.05803	0.08996	0.05350	0.07697	0.05870	0.01147	0.04026	0.00246	0.02613	0.00740	0.00531	0.03264

[dist]
# distance from previous block
# <min> <max>
2	10

[block]
# block no. 13 follows, 31 sequences, length 15
# corresponding to MSA columns:
# 371-385
name=unknown_N
#
# <colnr> <probs for GDERKNQSTAVLIFYWHMCP>
#	G	D	E	R	K	N	Q	S	T	A	V	L	I	F	Y	W	H	M	C	P
0	0.01905	0.04132	0.12544	0.11711	0.11875	0.15331	0.08564	0.06569	0.08157	0.07912	0.01576	0.01903	0.01218	0.00742	0.00681	0.00212	0.00915	0.02674	0.00434	0.00950
1	0.01541	0.01502	0.04813	0.31286	0.07950	0.07744	0.01511	0.03632	0.10004	0.04367	0.04430	0.06012	0.01625	0.00853	0.00688	0.00216	0.00784	0.03235	0.00440	0.07366
2	0.02051	0.11102	0.01983	0.01449	0.03947	0.06291	0.04677	0.18778	0.08917	0.13700	0.05982	0.02360	0.04653	0.04948	0.02904	0.03309	0.00734	0.00702	0.00575	0.00937
3	0.01482	0.01140	0.01468	0.01714	0.16226	0.04160	0.01082	0.04169	0.05961	0.09590	0.17760	0.11375	0.13950	0.01259	0.00765	0.00227	0.00555	0.05684	0.00612	0.00823
4	0.00839	0.00606	0.00794	0.00935	0.00990	0.00561	0.00630	0.00971	0.01353	0.01800	0.07222	0.68489	0.08110	0.02086	0.00867	0.00272	0.00391	0.01884	0.00641	0.00561
5	0.00972	0.00695	0.00950	0.01090	0.01196	0.00673	0.00857	0.01202	0.01490	0.01976	0.09616	0.37332	0.04416	0.01958	0.00901	0.00290	0.00500	0.32644	0.00643	0.00599
6	0.00978	0.00722	0.01043	0.01038	0.01150	0.00814	0.00787	0.01203	0.01166	0.01667	0.08331	0.03112	0.02238	0.12644	0.58767	0.00969	0.01562	0.00809	0.00408	0.00592
7	0.01817	0.01528	0.01671	0.01444	0.01813	0.01782	0.01148	0.15940	0.47173	0.02966	0.02519	0.02419	0.04495	0.00969	0.00870	0.00234	0.08772	0.00750	0.00648	0.01042
8	0.43605	0.17300	0.05093	0.05078	0.01944	0.01839	0.08066	0.06159	0.01407	0.02639	0.01065	0.01268	0.00841	0.00633	0.00506	0.00201	0.00691	0.00448	0.00392	0.00827
9	0.01848	0.20636	0.11513	0.01789	0.07752	0.12480	0.09244	0.07882	0.01681	0.04510	0.01457	0.01747	0.03120	0.04600	0.00759	0.00207	0.00862	0.00565	0.00389	0.06959
10	0.01491	0.03185	0.01296	0.01130	0.01380	0.03343	0.00882	0.07130	0.01688	0.11620	0.14044	0.23323	0.05891	0.01567	0.03944	0.00270	0.05172	0.05675	0.00619	0.06350
11	0.01482	0.05271	0.01662	0.01512	0.06745	0.09210	0.04655	0.07274	0.05710	0.02226	0.08701	0.10508	0.12948	0.01244	0.00823	0.00229	0.04255	0.10542	0.00539	0.04462
12	0.01539	0.07925	0.07295	0.01471	0.07417	0.04141	0.01139	0.13775	0.06300	0.02417	0.08270	0.10468	0.11319	0.06467	0.00961	0.00246	0.03600	0.00907	0.00527	0.03817
13	0.11861	0.06470	0.12787	0.01661	0.06320	0.11767	0.04245	0.13978	0.04317	0.02501	0.01474	0.05491	0.01264	0.03944	0.03286	0.00253	0.02974	0.00621	0.00437	0.04349
14	0.11415	0.17335	0.11056	0.01347	0.01827	0.06393	0.05383	0.07708	0.01538	0.04587	0.04104	0.01819	0.01310	0.05055	0.04715	0.07690	0.00812	0.00560	0.00403	0.04942

[dist]
# distance from previous block
# <min> <max>
3	10

[block]
# block no. 14 follows, 31 sequences, length 31
# corresponding to MSA columns:
# 396-426
