[name]
unknown

[dist]
# distance from previous block
# <min> <max>
0	178

[block]
# block no. 0 follows, 33 sequences, length 21
# corresponding to MSA columns:
# 178-198
name=unknown_A
#
# <colnr> <probs for GDERKNQSTAVLIFYWHMCP>
#	G	D	E	R	K	N	Q	S	T	A	V	L	I	F	Y	W	H	M	C	P
0	0.01130	0.03563	0.01118	0.01042	0.01207	0.00811	0.02936	0.01477	0.08227	0.06961	0.12939	0.43105	0.03881	0.03487	0.00851	0.00255	0.00452	0.05277	0.00621	0.00661
1	0.01196	0.03500	0.03651	0.15132	0.01953	0.01040	0.03622	0.01671	0.11290	0.05343	0.02809	0.33022	0.05892	0.03833	0.00831	0.00252	0.00573	0.03151	0.00530	0.00708
2	0.01951	0.04369	0.12738	0.05999	0.19098	0.08132	0.03714	0.12458	0.06643	0.13522	0.01732	0.01839	0.03383	0.00724	0.00647	0.00200	0.00785	0.00604	0.00476	0.00988
3	0.01360	0.03126	0.61544	0.02030	0.02951	0.01552	0.14061	0.02089	0.01418	0.02089	0.01207	0.01456	0.00862	0.00613	0.00651	0.00211	0.00996	0.00536	0.00287	0.00958
4	0.00794	0.00604	0.00732	0.00833	0.00933	0.00542	0.00574	0.00926	0.01340	0.01713	0.04641	0.53086	0.27048	0.01931	0.00820	0.00252	0.00366	0.01711	0.00611	0.00542
5	0.01584	0.06503	0.40443	0.04867	0.04993	0.01421	0.03817	0.02209	0.05185	0.13198	0.01961	0.02036	0.07394	0.00756	0.00643	0.00206	0.00806	0.00617	0.00417	0.00945
6	0.02370	0.01322	0.01820	0.12223	0.02269	0.05826	0.07972	0.04615	0.03834	0.43402	0.02189	0.05871	0.01545	0.00823	0.00678	0.00209	0.00695	0.00710	0.00641	0.00985
7	0.00808	0.00578	0.00770	0.00912	0.00956	0.00539	0.00612	0.00933	0.01290	0.01728	0.06999	0.72930	0.04445	0.02027	0.00837	0.00264	0.00378	0.01838	0.00617	0.00539
8	0.01452	0.01383	0.02352	0.36785	0.41400	0.01518	0.01932	0.01865	0.01415	0.01935	0.01207	0.01687	0.00967	0.00619	0.00655	0.00206	0.00826	0.00586	0.00311	0.00900
9	0.01362	0.01114	0.07570	0.06606	0.11355	0.00934	0.01117	0.01681	0.03767	0.13092	0.05480	0.37530	0.02923	0.01375	0.00747	0.00235	0.00552	0.01232	0.00560	0.00768
10	0.01320	0.03405	0.73453	0.01876	0.02849	0.01529	0.02432	0.02085	0.01390	0.02085	0.01181	0.01390	0.00834	0.00625	0.00625	0.00208	0.00973	0.00486	0.00278	0.00973
11	0.02459	0.03138	0.01866	0.01696	0.02035	0.74221	0.01272	0.02629	0.01866	0.01611	0.01018	0.01187	0.00848	0.00678	0.00594	0.00170	0.01187	0.00424	0.00339	0.00763
12	0.02497	0.01614	0.14952	0.01425	0.04478	0.01185	0.01287	0.09257	0.01864	0.48641	0.02172	0.02063	0.01436	0.03144	0.00738	0.00217	0.00663	0.00629	0.00670	0.01068
13	0.01586	0.01451	0.04745	0.24620	0.17338	0.03694	0.09120	0.06444	0.05770	0.07509	0.03377	0.08316	0.01494	0.00805	0.00686	0.00214	0.00785	0.00740	0.00429	0.00876
14	0.00802	0.00573	0.00764	0.00917	0.00955	0.00535	0.00611	0.00917	0.01260	0.01681	0.03628	0.76434	0.04354	0.02062	0.00840	0.00267	0.00382	0.01872	0.00611	0.00535
15	0.01437	0.01372	0.02308	0.37406	0.36799	0.01541	0.01898	0.01837	0.01386	0.01899	0.01186	0.01678	0.00955	0.00651	0.00737	0.00212	0.04922	0.00585	0.00308	0.00879
16	0.01658	0.06716	0.13375	0.15808	0.16452	0.09001	0.12077	0.09600	0.01677	0.02198	0.04303	0.01694	0.01173	0.00664	0.00654	0.00201	0.00888	0.00595	0.00366	0.00901
17	0.01483	0.05063	0.18975	0.05662	0.10303	0.01613	0.37979	0.02075	0.03369	0.02104	0.03973	0.01781	0.01178	0.00617	0.00708	0.00212	0.00974	0.00682	0.00340	0.00908
18	0.00808	0.00577	0.00769	0.00913	0.00956	0.00539	0.00612	0.00931	0.01288	0.01724	0.06751	0.73187	0.04438	0.02030	0.00837	0.00265	0.00379	0.01841	0.00616	0.00539
19	0.04810	0.09979	0.13257	0.06989	0.10299	0.07902	0.05001	0.09124	0.06167	0.12240	0.01506	0.01649	0.01118	0.00700	0.00662	0.00197	0.03259	0.00555	0.03650	0.00935
20	0.03773	0.04964	0.19397	0.06080	0.06886	0.10820	0.06279	0.15705	0.01836	0.07092	0.04115	0.07121	0.01424	0.00801	0.00653	0.00203	0.00826	0.00662	0.00449	0.00913

[dist]
# distance from previous block
# <min> <max>
0	17

[block]
# block no. 1 follows, 33 sequences, length 23
# corresponding to MSA columns:
# 216-238
name=unknown_B
#
# <colnr> <probs for GDERKNQSTAVLIFYWHMCP>
#	G	D	E	R	K	N	Q	S	T	A	V	L	I	F	Y	W	H	M	C	P
0	0.03819	0.07867	0.10276	0.01672	0.07591	0.05908	0.08675	0.13339	0.01773	0.04547	0.09693	0.02086	0.01700	0.00776	0.00693	0.00190	0.03725	0.02612	0.03187	0.09872
1	0.12803	0.19130	0.04985	0.03333	0.08506	0.10580	0.05679	0.11281	0.04844	0.02296	0.01270	0.03447	0.01062	0.00719	0.00666	0.00192	0.05596	0.00533	0.02215	0.00865
2	0.03826	0.18079	0.16685	0.05221	0.10571	0.06587	0.08266	0.03992	0.04153	0.05587	0.01253	0.01468	0.00981	0.00640	0.00649	0.00186	0.03814	0.00512	0.00359	0.07172
3	0.01098	0.04907	0.06836	0.06026	0.04384	0.04478	0.01030	0.01338	0.01237	0.01659	0.02213	0.28041	0.02373	0.04539	0.23945	0.00505	0.03262	0.01055	0.00427	0.00647
4	0.01445	0.01276	0.04367	0.04816	0.01810	0.00997	0.03131	0.04837	0.01499	0.04859	0.05844	0.01670	0.01334	0.00585	0.00544	0.00128	0.00548	0.00487	0.00428	0.59395
5	0.00915	0.00654	0.00894	0.01046	0.01134	0.00632	0.00808	0.01112	0.01372	0.01807	0.03566	0.46228	0.04107	0.01956	0.00870	0.00283	0.00480	0.30960	0.00609	0.00566
6	0.02442	0.01814	0.01941	0.01502	0.02018	0.02013	0.01237	0.65845	0.07911	0.04051	0.01658	0.01642	0.01182	0.00798	0.00659	0.00199	0.00710	0.00603	0.00659	0.01114
7	0.00909	0.00738	0.00835	0.00967	0.01025	0.05290	0.00654	0.01027	0.01299	0.01676	0.03460	0.71578	0.04128	0.01973	0.00824	0.00261	0.00434	0.01778	0.00594	0.00549
8	0.01398	0.12280	0.55901	0.01741	0.02607	0.01638	0.04112	0.02114	0.04561	0.02053	0.01220	0.01407	0.00900	0.00621	0.00600	0.00196	0.00899	0.00485	0.00303	0.04964
9	0.01320	0.03405	0.73453	0.01876	0.02849	0.01529	0.02432	0.02085	0.01390	0.02085	0.01181	0.01390	0.00834	0.00625	0.00625	0.00208	0.00973	0.00486	0.00278	0.00973
10	0.00946	0.00681	0.00937	0.00937	0.01012	0.00757	0.00672	0.01098	0.01022	0.01438	0.01874	0.03200	0.01912	0.30578	0.48979	0.00908	0.01362	0.00795	0.00369	0.00520
11	0.01556	0.01670	0.06165	0.16378	0.20669	0.05039	0.20311	0.06708	0.01576	0.02106	0.01591	0.01949	0.05586	0.00713	0.00776	0.00214	0.05078	0.00677	0.00359	0.00881
12	0.01243	0.01170	0.01975	0.75282	0.04534	0.01463	0.01828	0.01682	0.01316	0.01682	0.01170	0.01755	0.00878	0.00658	0.00658	0.00219	0.00878	0.00585	0.00293	0.00731
13	0.00940	0.00705	0.01058	0.01058	0.01176	0.00823	0.00823	0.01176	0.01058	0.01528	0.01763	0.02586	0.01646	0.04937	0.74255	0.01058	0.01763	0.00705	0.00353	0.00588
14	0.81514	0.01273	0.00968	0.00866	0.01273	0.01477	0.00713	0.01935	0.01120	0.02954	0.00917	0.01069	0.00713	0.00611	0.00407	0.00204	0.00509	0.00356	0.00407	0.00713
15	0.01243	0.01170	0.01975	0.75282	0.04534	0.01463	0.01828	0.01682	0.01316	0.01682	0.01170	0.01755	0.00878	0.00658	0.00658	0.00219	0.00878	0.00585	0.00293	0.00731
16	0.01554	0.01776	0.03885	0.02775	0.03441	0.01665	0.70366	0.02109	0.01554	0.02109	0.01332	0.01776	0.00999	0.00555	0.00777	0.00222	0.01110	0.00777	0.00333	0.00888
17	0.01061	0.00758	0.01061	0.01212	0.01364	0.00758	0.01061	0.01364	0.01515	0.01970	0.03486	0.07426	0.03789	0.01819	0.00909	0.00303	0.00606	0.68326	0.00606	0.00606
18	0.00778	0.00667	0.00667	0.00667	0.00889	0.00556	0.00500	0.00945	0.01501	0.01778	0.06669	0.06336	0.72490	0.01667	0.00778	0.00222	0.00333	0.01389	0.00611	0.00556
19	0.00932	0.00673	0.00880	0.00828	0.00984	0.00621	0.00621	0.01242	0.01863	0.02640	0.72410	0.04918	0.06212	0.01346	0.00776	0.00207	0.00311	0.01191	0.00725	0.00621
20	0.04116	0.11136	0.59796	0.01810	0.02703	0.01649	0.05852	0.02069	0.01384	0.02059	0.01152	0.01364	0.00840	0.00615	0.00604	0.00202	0.00936	0.00483	0.00286	0.00946
21	0.11378	0.17375	0.36623	0.01559	0.02276	0.01746	0.04342	0.07137	0.04071	0.02259	0.01297	0.01641	0.01033	0.00688	0.00582	0.00199	0.00815	0.03716	0.00355	0.00908
22	0.01526	0.01283	0.01366	0.01217	0.01559	0.01430	0.00936	0.05987	0.52237	0.02603	0.05433	0.02866	0.06936	0.06783	0.00878	0.00247	0.00517	0.00798	0.00633	0.04765

[dist]
# distance from previous block
# <min> <max>
0	4

[block]
# block no. 2 follows, 33 sequences, length 215
# corresponding to MSA columns:
# 243-457
name=unknown_C
#
# <colnr> <probs for GDERKNQSTAVLIFYWHMCP>
#	G	D	E	R	K	N	Q	S	T	A	V	L	I	F	Y	W	H	M	C	P
0	0.60907	0.01584	0.08119	0.03075	0.01607	0.03994	0.00988	0.06808	0.01313	0.02833	0.00998	0.01170	0.00767	0.00645	0.00513	0.00206	0.02899	0.00401	0.00404	0.00769
1	0.81514	0.01273	0.00968	0.00866	0.01273	0.01477	0.00713	0.01935	0.01120	0.02954	0.00917	0.01069	0.00713	0.00611	0.00407	0.00204	0.00509	0.00356	0.00407	0.00713
2	0.00907	0.00667	0.00853	0.00858	0.00991	0.00623	0.00623	0.01201	0.03744	0.02324	0.47224	0.24648	0.09763	0.01550	0.00791	0.00225	0.00338	0.01378	0.00685	0.00606
3	0.01729	0.04576	0.22107	0.04631	0.12610	0.01457	0.05288	0.13270	0.01774	0.10694	0.05776	0.04219	0.01543	0.00784	0.00660	0.00203	0.00760	0.02936	0.00466	0.04517
4	0.75558	0.01284	0.01024	0.00900	0.01315	0.01472	0.00741	0.04128	0.01216	0.06118	0.01012	0.01137	0.00766	0.00626	0.00427	0.00204	0.00518	0.00377	0.00433	0.00744
5	0.01554	0.01776	0.03885	0.02775	0.03441	0.01665	0.70366	0.02109	0.01554	0.02109	0.01332	0.01776	0.00999	0.00555	0.00777	0.00222	0.01110	0.00777	0.00333	0.00888
6	0.00881	0.00665	0.00863	0.00961	0.03341	0.00613	0.00664	0.01089	0.01525	0.02047	0.26913	0.34086	0.17087	0.01692	0.00805	0.00239	0.00374	0.04929	0.00639	0.00588
7	0.01573	0.01582	0.05191	0.07993	0.64230	0.01528	0.01985	0.01972	0.01478	0.02108	0.01299	0.03713	0.01118	0.00633	0.00656	0.00199	0.00783	0.00619	0.00330	0.01008
8	0.00802	0.00575	0.00762	0.00911	0.00953	0.00535	0.00608	0.00917	0.01266	0.01683	0.03700	0.74779	0.05963	0.02053	0.00839	0.00266	0.00381	0.01860	0.00611	0.00535
9	0.01498	0.01430	0.02435	0.28253	0.49571	0.01530	0.01955	0.01905	0.01437	0.01991	0.01215	0.01672	0.00987	0.00611	0.00654	0.00204	0.00815	0.00586	0.00315	0.00937
10	0.04371	0.02715	0.04297	0.03699	0.04384	0.51191	0.01323	0.14006	0.02012	0.04336	0.01176	0.01320	0.00921	0.00694	0.00607	0.00180	0.01044	0.00470	0.00406	0.00848
11	0.02647	0.01372	0.01654	0.01294	0.01791	0.01372	0.01061	0.23010	0.11483	0.43602	0.02310	0.02076	0.01530	0.00818	0.00662	0.00205	0.00603	0.00653	0.00750	0.01110
12	0.01604	0.01524	0.02407	0.23659	0.46968	0.03961	0.01894	0.06255	0.01561	0.02128	0.01234	0.01647	0.00995	0.00622	0.00652	0.00201	0.00818	0.00581	0.00338	0.00952
13	0.00905	0.00672	0.00843	0.00801	0.00967	0.00610	0.00600	0.01191	0.01801	0.02492	0.61144	0.05161	0.17570	0.01401	0.00777	0.00210	0.00315	0.01225	0.00705	0.00610
14	0.00807	0.00577	0.00768	0.00913	0.00956	0.00538	0.00611	0.00929	0.01283	0.01716	0.06167	0.73794	0.04423	0.02036	0.00838	0.00265	0.00379	0.01846	0.00615	0.00538
15	0.00914	0.00672	0.00855	0.00810	0.00973	0.00614	0.00607	0.01208	0.01821	0.02540	0.64785	0.05082	0.13899	0.01383	0.00777	0.00209	0.00313	0.01214	0.00712	0.00614
16	0.00874	0.00671	0.00800	0.00768	0.00948	0.00597	0.00576	0.01131	0.01728	0.02318	0.47805	0.05448	0.31018	0.01466	0.00777	0.00213	0.00319	0.01265	0.00682	0.00597
17	0.81514	0.01273	0.00968	0.00866	0.01273	0.01477	0.00713	0.01935	0.01120	0.02954	0.00917	0.01069	0.00713	0.00611	0.00407	0.00204	0.00509	0.00356	0.00407	0.00713
18	0.02954	0.01120	0.01528	0.01171	0.01681	0.00968	0.00968	0.03208	0.01884	0.73213	0.02597	0.02241	0.01630	0.00815	0.00662	0.00204	0.00560	0.00662	0.00815	0.01120
19	0.81514	0.01273	0.00968	0.00866	0.01273	0.01477	0.00713	0.01935	0.01120	0.02954	0.00917	0.01069	0.00713	0.00611	0.00407	0.00204	0.00509	0.00356	0.00407	0.00713
20	0.81514	0.01273	0.00968	0.00866	0.01273	0.01477	0.00713	0.01935	0.01120	0.02954	0.00917	0.01069	0.00713	0.00611	0.00407	0.00204	0.00509	0.00356	0.00407	0.00713
21	0.00802	0.00573	0.00764	0.00917	0.00955	0.00535	0.00611	0.00917	0.01260	0.01681	0.03628	0.76434	0.04354	0.02062	0.00840	0.00267	0.00382	0.01872	0.00611	0.00535
22	0.81514	0.01273	0.00968	0.00866	0.01273	0.01477	0.00713	0.01935	0.01120	0.02954	0.00917	0.01069	0.00713	0.00611	0.00407	0.00204	0.00509	0.00356	0.00407	0.00713
23	0.01506	0.00882	0.00911	0.00810	0.01045	0.00926	0.00633	0.16618	0.01755	0.02825	0.02024	0.02263	0.01563	0.00772	0.00504	0.00163	0.00398	0.00609	0.63068	0.00724
24	0.01365	0.01170	0.01365	0.00975	0.01560	0.00878	0.00780	0.01658	0.01365	0.02145	0.01170	0.01365	0.00975	0.00488	0.00488	0.00098	0.00488	0.00390	0.00390	0.80888
25	0.02235	0.01220	0.01431	0.01142	0.01549	0.01228	0.00927	0.25757	0.02200	0.27821	0.10159	0.02362	0.01991	0.00858	0.00635	0.00192	0.00539	0.00689	0.16099	0.00965
26	0.00801	0.00578	0.00759	0.00904	0.00951	0.00536	0.00605	0.00918	0.01273	0.01686	0.03785	0.72835	0.07853	0.02042	0.00837	0.00265	0.00379	0.01847	0.00611	0.00536
27	0.01351	0.01184	0.01589	0.01183	0.01709	0.00957	0.08471	0.03656	0.01424	0.02144	0.01500	0.10579	0.01394	0.00696	0.00568	0.00135	0.00551	0.00620	0.00419	0.59871
28	0.00940	0.00705	0.01058	0.01058	0.01176	0.00823	0.00823	0.01176	0.01058	0.01528	0.01763	0.02586	0.01646	0.04937	0.74255	0.01058	0.01763	0.00705	0.00353	0.00588
29	0.00802	0.00573	0.00764	0.00917	0.00955	0.00535	0.00611	0.00917	0.01260	0.01681	0.03628	0.76434	0.04354	0.02062	0.00840	0.00267	0.00382	0.01872	0.00611	0.00535
30	0.02575	0.01055	0.01418	0.01119	0.01565	0.00931	0.00912	0.02889	0.04050	0.59245	0.14247	0.02694	0.02406	0.00906	0.00681	0.00205	0.00517	0.00753	0.00795	0.01035
31	0.77480	0.01265	0.00996	0.00881	0.01294	0.01451	0.00726	0.02001	0.01160	0.06561	0.01003	0.01130	0.00760	0.00622	0.00420	0.00204	0.00512	0.00372	0.00428	0.00734
32	0.02942	0.01140	0.01540	0.01180	0.01690	0.00996	0.00975	0.05013	0.01917	0.71363	0.02570	0.02223	0.01616	0.00814	0.00662	0.00204	0.00565	0.00660	0.00811	0.01120
33	0.81514	0.01273	0.00968	0.00866	0.01273	0.01477	0.00713	0.01935	0.01120	0.02954	0.00917	0.01069	0.00713	0.00611	0.00407	0.00204	0.00509	0.00356	0.00407	0.00713
34	0.00871	0.00671	0.00796	0.00765	0.00946	0.00595	0.00574	0.01125	0.01721	0.02301	0.46539	0.05476	0.32294	0.01472	0.00777	0.00213	0.00320	0.01269	0.00680	0.00595
35	0.81514	0.01273	0.00968	0.00866	0.01273	0.01477	0.00713	0.01935	0.01120	0.02954	0.00917	0.01069	0.00713	0.00611	0.00407	0.00204	0.00509	0.00356	0.00407	0.00713
36	0.01496	0.01462	0.02303	0.01964	0.06588	0.01653	0.20021	0.02302	0.22845	0.02186	0.05896	0.04088	0.01675	0.00911	0.01115	0.00239	0.21174	0.00754	0.00454	0.00874
37	0.00780	0.00660	0.00674	0.00685	0.00894	0.00554	0.00508	0.00943	0.01483	0.01771	0.06445	0.11503	0.67468	0.01696	0.00783	0.00226	0.00337	0.01425	0.00611	0.00554
38	0.81514	0.01273	0.00968	0.00866	0.01273	0.01477	0.00713	0.01935	0.01120	0.02954	0.00917	0.01069	0.00713	0.00611	0.00407	0.00204	0.00509	0.00356	0.00407	0.00713
39	0.00778	0.00667	0.00667	0.00667	0.00889	0.00556	0.00500	0.00945	0.01501	0.01778	0.06669	0.06336	0.72490	0.01667	0.00778	0.00222	0.00333	0.01389	0.00611	0.00556
40	0.00932	0.00673	0.00880	0.00828	0.00984	0.00621	0.00621	0.01242	0.01863	0.02640	0.72410	0.04918	0.06212	0.01346	0.00776	0.00207	0.00311	0.01191	0.00725	0.00621
41	0.01760	0.77260	0.03450	0.01126	0.01690	0.02605	0.01126	0.01971	0.01338	0.01549	0.00915	0.01056	0.00845	0.00563	0.00422	0.00141	0.00704	0.00352	0.00282	0.00845
42	0.02374	0.12188	0.02059	0.01626	0.01993	0.65476	0.01254	0.02549	0.01801	0.01604	0.01005	0.01171	0.00848	0.00664	0.00573	0.00166	0.01128	0.00415	0.00332	0.00773
43	0.01760	0.77260	0.03450	0.01126	0.01690	0.02605	0.01126	0.01971	0.01338	0.01549	0.00915	0.01056	0.00845	0.00563	0.00422	0.00141	0.00704	0.00352	0.00282	0.00845
44	0.01047	0.00830	0.00961	0.00906	0.01120	0.00825	0.00685	0.01657	0.16965	0.02440	0.40218	0.06888	0.20242	0.01342	0.00756	0.00216	0.00364	0.01159	0.00684	0.00695
45	0.00922	0.00673	0.00867	0.00818	0.00978	0.00617	0.00614	0.01224	0.01841	0.02586	0.68320	0.05006	0.10335	0.01366	0.00777	0.00208	0.00312	0.01203	0.00718	0.00617
46	0.01606	0.51454	0.27910	0.01388	0.02095	0.02229	0.01583	0.02011	0.01356	0.01736	0.01008	0.01173	0.00841	0.00585	0.00493	0.00164	0.00798	0.00399	0.00280	0.00890
47	0.01762	0.01456	0.04112	0.01316	0.01712	0.03395	0.01065	0.05425	0.51883	0.10323	0.08060	0.02527	0.02199	0.00902	0.00673	0.00217	0.00549	0.00748	0.00666	0.01010
48	0.02503	0.01844	0.01976	0.01515	0.02042	0.02042	0.01251	0.70562	0.03095	0.04149	0.01581	0.01581	0.01120	0.00790	0.00659	0.00198	0.00724	0.00593	0.00659	0.01120
49	0.02459	0.03138	0.01866	0.01696	0.02035	0.74221	0.01272	0.02629	0.01866	0.01611	0.01018	0.01187	0.00848	0.00678	0.00594	0.00170	0.01187	0.00424	0.00339	0.00763
50	0.00802	0.00573	0.00764	0.00917	0.00955	0.00535	0.00611	0.00917	0.01260	0.01681	0.03628	0.76434	0.04354	0.02062	0.00840	0.00267	0.00382	0.01872	0.00611	0.00535
51	0.01440	0.01440	0.02016	0.01728	0.01728	0.02016	0.01440	0.01584	0.01008	0.01584	0.00864	0.01440	0.00864	0.01152	0.02160	0.00288	0.75659	0.00576	0.00288	0.00720
52	0.01243	0.01170	0.01975	0.75282	0.04534	0.01463	0.01828	0.01682	0.01316	0.01682	0.01170	0.01755	0.00878	0.00658	0.00658	0.00219	0.00878	0.00585	0.00293	0.00731
53	0.01554	0.01776	0.03885	0.02775	0.03441	0.01665	0.70366	0.02109	0.01554	0.02109	0.01332	0.01776	0.00999	0.00555	0.00777	0.00222	0.01110	0.00777	0.00333	0.00888
54	0.01000	0.00778	0.00932	0.00856	0.01076	0.00723	0.00649	0.01427	0.08280	0.02449	0.48022	0.04697	0.18147	0.01302	0.00745	0.00203	0.00348	0.01128	0.00673	0.06565
55	0.00812	0.00595	0.00767	0.00900	0.00967	0.00549	0.00620	0.00943	0.01304	0.01708	0.04014	0.63844	0.13119	0.01999	0.00836	0.00263	0.00387	0.05221	0.00611	0.00541
56	0.01440	0.01440	0.02016	0.01728	0.01728	0.02016	0.01440	0.01584	0.01008	0.01584	0.00864	0.01440	0.00864	0.01152	0.02160	0.00288	0.75659	0.00576	0.00288	0.00720
57	0.01953	0.57121	0.03033	0.01262	0.01784	0.14774	0.01164	0.08892	0.01602	0.01818	0.00999	0.01130	0.00873	0.00605	0.00475	0.00151	0.00789	0.00388	0.00329	0.00858
58	0.02248	0.01717	0.01832	0.01463	0.01944	0.01922	0.01190	0.50794	0.23279	0.03738	0.01904	0.01839	0.01382	0.00821	0.00662	0.00205	0.00664	0.00637	0.00662	0.01097
59	0.04209	0.01724	0.05808	0.01386	0.01813	0.08254	0.01161	0.24543	0.22036	0.07606	0.04421	0.02113	0.03960	0.00860	0.00715	0.00207	0.03999	0.00660	0.03553	0.00973
60	0.01612	0.01524	0.02336	0.21436	0.42463	0.04027	0.01823	0.06449	0.05717	0.02164	0.01311	0.01687	0.01052	0.00655	0.00696	0.00205	0.02944	0.00590	0.00359	0.00951
61	0.00932	0.00673	0.00880	0.00828	0.00984	0.00621	0.00621	0.01242	0.01863	0.02640	0.72410	0.04918	0.06212	0.01346	0.00776	0.00207	0.00311	0.01191	0.00725	0.00621
62	0.77995	0.01356	0.01008	0.00903	0.01307	0.04715	0.00738	0.01966	0.01154	0.02894	0.00921	0.01075	0.00719	0.00614	0.00416	0.00202	0.00539	0.00359	0.00404	0.00715
63	0.01082	0.00804	0.01099	0.01244	0.03786	0.00809	0.00999	0.01479	0.06210	0.02100	0.12855	0.11635	0.03950	0.01667	0.00861	0.00278	0.00549	0.47328	0.00617	0.00647
64	0.00812	0.00577	0.00761	0.00904	0.00940	0.00541	0.00598	0.00919	0.01242	0.01656	0.03532	0.71972	0.04233	0.06690	0.00996	0.00290	0.00398	0.01815	0.00598	0.00526
65	0.01629	0.01564	0.02672	0.04041	0.72757	0.01564	0.02020	0.02020	0.01499	0.02151	0.01238	0.01629	0.01043	0.00587	0.00652	0.00196	0.00782	0.00587	0.00326	0.01043
66	0.01270	0.00655	0.00660	0.00644	0.00810	0.00662	0.00487	0.03878	0.01439	0.02512	0.02128	0.02425	0.01668	0.00768	0.00467	0.00155	0.00321	0.00613	0.77806	0.00631
67	0.01368	0.11416	0.65860	0.01795	0.02724	0.01646	0.02291	0.02073	0.01384	0.02027	0.01153	0.01354	0.00835	0.00619	0.00603	0.00201	0.00944	0.00472	0.00278	0.00959
68	0.02503	0.01844	0.01976	0.01515	0.02042	0.02042	0.01251	0.70562	0.03095	0.04149	0.01581	0.01581	0.01120	0.00790	0.00659	0.00198	0.00724	0.00593	0.00659	0.01120
69	0.02954	0.01120	0.01528	0.01171	0.01681	0.00968	0.00968	0.03208	0.01884	0.73213	0.02597	0.02241	0.01630	0.00815	0.00662	0.00204	0.00560	0.00662	0.00815	0.01120
70	0.01540	0.01473	0.02511	0.20530	0.56966	0.01541	0.01976	0.01942	0.01457	0.02042	0.01223	0.01658	0.01005	0.00603	0.00653	0.00201	0.00804	0.00586	0.00318	0.00971
71	0.01416	0.05923	0.18582	0.11039	0.02990	0.01500	0.32689	0.01922	0.01448	0.03783	0.01579	0.11100	0.01380	0.00781	0.00715	0.00220	0.00924	0.00802	0.00361	0.00847
72	0.01418	0.00979	0.01314	0.03124	0.04052	0.00989	0.03149	0.09745	0.05433	0.09893	0.36433	0.03544	0.03799	0.04141	0.08719	0.00313	0.00622	0.00931	0.00633	0.00769
73	0.00796	0.00595	0.00741	0.00857	0.00939	0.00540	0.00584	0.00923	0.01318	0.01704	0.04358	0.59609	0.20709	0.01968	0.00825	0.00257	0.00370	0.01756	0.00611	0.00540
74	0.04183	0.02213	0.04279	0.05466	0.04402	0.33866	0.06720	0.08965	0.10053	0.02140	0.03515	0.08182	0.01483	0.00837	0.00651	0.00198	0.00908	0.00668	0.00440	0.00829
75	0.01540	0.04122	0.08314	0.12718	0.45805	0.04754	0.04174	0.01940	0.01464	0.02010	0.01358	0.06313	0.01196	0.00695	0.00657	0.00202	0.00812	0.00651	0.00335	0.00940
76	0.00802	0.00573	0.00764	0.00917	0.00955	0.00535	0.00611	0.00917	0.01260	0.01681	0.03628	0.76434	0.04354	0.02062	0.00840	0.00267	0.00382	0.01872	0.00611	0.00535
77	0.02459	0.03138	0.01866	0.01696	0.02035	0.74221	0.01272	0.02629	0.01866	0.01611	0.01018	0.01187	0.00848	0.00678	0.00594	0.00170	0.01187	0.00424	0.00339	0.00763
78	0.01365	0.01170	0.01365	0.00975	0.01560	0.00878	0.00780	0.01658	0.01365	0.02145	0.01170	0.01365	0.00975	0.00488	0.00488	0.00098	0.00488	0.00390	0.00390	0.80888
79	0.01489	0.01532	0.01692	0.01498	0.01560	0.13788	0.01183	0.01615	0.01152	0.01536	0.01216	0.04168	0.01261	0.14466	0.04713	0.00357	0.45125	0.00660	0.00328	0.00661
80	0.00930	0.00668	0.00828	0.00788	0.00953	0.00611	0.00591	0.01218	0.01772	0.02494	0.57112	0.04954	0.16079	0.01353	0.00753	0.00205	0.00314	0.01179	0.06589	0.00611
81	0.01997	0.05346	0.16827	0.01947	0.10272	0.28843	0.03892	0.13072	0.05413	0.02269	0.03186	0.01521	0.01119	0.00695	0.00626	0.00189	0.00946	0.00528	0.00400	0.00912
82	0.00879	0.00671	0.00807	0.00773	0.00951	0.00599	0.00580	0.01141	0.01740	0.02346	0.49975	0.05402	0.28830	0.01456	0.00777	0.00212	0.00318	0.01258	0.00686	0.00599
83	0.01358	0.11933	0.01707	0.03779	0.15188	0.03588	0.01056	0.01797	0.08453	0.04595	0.25214	0.03395	0.13285	0.01031	0.00678	0.00198	0.00535	0.00879	0.00540	0.00791
84	0.01667	0.01429	0.01505	0.01346	0.01723	0.01651	0.01049	0.05776	0.69242	0.02801	0.02642	0.02426	0.01979	0.00890	0.00669	0.00222	0.00528	0.00739	0.00669	0.01045
85	0.00982	0.00761	0.01118	0.01094	0.01196	0.00910	0.00850	0.01197	0.01049	0.01519	0.01707	0.02585	0.01622	0.08469	0.64618	0.00973	0.07702	0.00708	0.00350	0.00588
86	0.01461	0.01190	0.01391	0.01000	0.01580	0.00919	0.00803	0.03987	0.01441	0.04841	0.01236	0.01405	0.01004	0.00510	0.00500	0.00105	0.00498	0.00407	0.00415	0.75307
87	0.00960	0.00703	0.00904	0.00853	0.01015	0.00664	0.00640	0.01334	0.04951	0.02621	0.67557	0.06627	0.05977	0.01344	0.00773	0.00209	0.00322	0.01188	0.00719	0.00638
88	0.01243	0.01170	0.01975	0.75282	0.04534	0.01463	0.01828	0.01682	0.01316	0.01682	0.01170	0.01755	0.00878	0.00658	0.00658	0.00219	0.00878	0.00585	0.00293	0.00731
89	0.00802	0.00573	0.00764	0.00917	0.00955	0.00535	0.00611	0.00917	0.01260	0.01681	0.03628	0.76434	0.04354	0.02062	0.00840	0.00267	0.00382	0.01872	0.00611	0.00535
90	0.04729	0.24005	0.02288	0.01408	0.01876	0.20825	0.01180	0.23340	0.09872	0.02542	0.01343	0.01408	0.01056	0.00701	0.00566	0.00177	0.00809	0.00489	0.00460	0.00926
91	0.06346	0.01737	0.01568	0.01373	0.01672	0.21654	0.01082	0.16048	0.01740	0.04560	0.01407	0.01762	0.01178	0.02073	0.23878	0.00465	0.07095	0.00562	0.00426	0.03373
92	0.02138	0.01704	0.09238	0.01566	0.04380	0.01596	0.04820	0.28859	0.11336	0.16917	0.02009	0.02050	0.03539	0.03320	0.00806	0.00223	0.03215	0.00661	0.00601	0.01025
93	0.02459	0.03138	0.01866	0.01696	0.02035	0.74221	0.01272	0.02629	0.01866	0.01611	0.01018	0.01187	0.00848	0.00678	0.00594	0.00170	0.01187	0.00424	0.00339	0.00763
94	0.02894	0.01103	0.01496	0.01152	0.01649	0.00955	0.00950	0.03150	0.01867	0.70754	0.02582	0.02248	0.01632	0.00813	0.00655	0.00202	0.00551	0.00660	0.03585	0.01103
95	0.00965	0.00638	0.00715	0.00715	0.00719	0.00638	0.00401	0.00973	0.00969	0.01309	0.02076	0.04257	0.02374	0.74759	0.03271	0.00625	0.00629	0.00948	0.02615	0.00405
96	0.07266	0.16625	0.36516	0.05749	0.02538	0.01720	0.07982	0.04297	0.03277	0.04018	0.01215	0.01415	0.00910	0.00621	0.00586	0.00194	0.00850	0.00495	0.00334	0.03391
97	0.00778	0.00667	0.00667	0.00667	0.00889	0.00556	0.00500	0.00945	0.01501	0.01778	0.06669	0.06336	0.72490	0.01667	0.00778	0.00222	0.00333	0.01389	0.00611	0.00556
98	0.00961	0.00642	0.00730	0.00735	0.00740	0.00642	0.00421	0.00971	0.00976	0.01300	0.02122	0.04413	0.02440	0.74330	0.03268	0.00627	0.00637	0.03232	0.00406	0.00406
99	0.01699	0.06892	0.27022	0.05971	0.15176	0.01584	0.08952	0.08240	0.04056	0.09149	0.01414	0.01607	0.01040	0.00646	0.00638	0.00199	0.00836	0.00563	0.00397	0.03919
100	0.37972	0.15804	0.01737	0.01267	0.05909	0.07934	0.00978	0.09020	0.01439	0.02482	0.01100	0.01400	0.00936	0.05265	0.02329	0.00235	0.02568	0.00449	0.00394	0.00783
101	0.00955	0.00695	0.01043	0.01043	0.01152	0.00804	0.00804	0.01152	0.01043	0.01500	0.01718	0.02543	0.01609	0.04742	0.68971	0.06939	0.01676	0.00695	0.00348	0.00566
102	0.01802	0.72823	0.03355	0.01161	0.01710	0.06891	0.01135	0.02011	0.01369	0.01553	0.00921	0.01064	0.00845	0.00570	0.00433	0.00143	0.00733	0.00356	0.00285	0.00840
103	0.00873	0.00660	0.00850	0.00875	0.01012	0.00655	0.00651	0.01075	0.01335	0.01797	0.12279	0.19512	0.22800	0.02833	0.26632	0.00522	0.00843	0.01202	0.03022	0.00572
104	0.00872	0.00671	0.00797	0.00765	0.00947	0.00596	0.00574	0.01126	0.01722	0.02303	0.46719	0.05472	0.32112	0.01471	0.00777	0.00213	0.00320	0.01268	0.00680	0.00596
105	0.00829	0.00592	0.00794	0.00947	0.00997	0.00558	0.00657	0.00963	0.01287	0.01710	0.03614	0.69324	0.04296	0.02037	0.00847	0.00271	0.00405	0.08719	0.00611	0.00542
106	0.01760	0.77260	0.03450	0.01126	0.01690	0.02605	0.01126	0.01971	0.01338	0.01549	0.00915	0.01056	0.00845	0.00563	0.00422	0.00141	0.00704	0.00352	0.00282	0.00845
107	0.01330	0.00644	0.00668	0.00647	0.00821	0.00635	0.00490	0.01633	0.01411	0.06658	0.02174	0.02442	0.01684	0.00770	0.00472	0.00156	0.00322	0.00616	0.75783	0.00644
108	0.01637	0.01414	0.01489	0.01340	0.01712	0.01637	0.01042	0.03498	0.71568	0.02754	0.02679	0.02456	0.02010	0.00893	0.00670	0.00223	0.00521	0.00744	0.00670	0.01042
109	0.01760	0.77260	0.03450	0.01126	0.01690	0.02605	0.01126	0.01971	0.01338	0.01549	0.00915	0.01056	0.00845	0.00563	0.00422	0.00141	0.00704	0.00352	0.00282	0.00845
110	0.01877	0.01601	0.01619	0.01398	0.01804	0.05457	0.01102	0.18784	0.52336	0.03014	0.02343	0.02191	0.01746	0.00859	0.00663	0.00215	0.00602	0.00693	0.00650	0.01045
111	0.01365	0.01170	0.01365	0.00975	0.01560	0.00878	0.00780	0.01658	0.01365	0.02145	0.01170	0.01365	0.00975	0.00488	0.00488	0.00098	0.00488	0.00390	0.00390	0.80888
112	0.00932	0.00639	0.00843	0.00957	0.01054	0.00597	0.00699	0.01098	0.01371	0.04413	0.05935	0.52345	0.10228	0.01914	0.00839	0.00266	0.00424	0.14251	0.00621	0.00574
113	0.01891	0.01388	0.01524	0.01308	0.01724	0.01524	0.01032	0.08302	0.52114	0.13748	0.02508	0.02302	0.01832	0.00853	0.00658	0.00212	0.00540	0.00702	0.00677	0.05160
114	0.01243	0.01170	0.01975	0.75282	0.04534	0.01463	0.01828	0.01682	0.01316	0.01682	0.01170	0.01755	0.00878	0.00658	0.00658	0.00219	0.00878	0.00585	0.00293	0.00731
115	0.00940	0.00705	0.01058	0.01058	0.01176	0.00823	0.00823	0.01176	0.01058	0.01528	0.01763	0.02586	0.01646	0.04937	0.74255	0.01058	0.01763	0.00705	0.00353	0.00588
116	0.00802	0.00573	0.00764	0.00917	0.00955	0.00535	0.00611	0.00917	0.01260	0.01681	0.03628	0.76434	0.04354	0.02062	0.00840	0.00267	0.00382	0.01872	0.00611	0.00535
117	0.00831	0.00669	0.00741	0.00723	0.00922	0.00578	0.00542	0.01048	0.01626	0.02076	0.29410	0.05845	0.49563	0.01556	0.00778	0.00217	0.00326	0.01321	0.00651	0.00578
118	0.02501	0.01892	0.01972	0.01521	0.02041	0.04706	0.01252	0.68054	0.03050	0.04055	0.01560	0.01566	0.01110	0.00786	0.00656	0.00197	0.00742	0.00586	0.00647	0.01106
119	0.01760	0.77260	0.03450	0.01126	0.01690	0.02605	0.01126	0.01971	0.01338	0.01549	0.00915	0.01056	0.00845	0.00563	0.00422	0.00141	0.00704	0.00352	0.00282	0.00845
120	0.00932	0.00673	0.00880	0.00828	0.00984	0.00621	0.00621	0.01242	0.01863	0.02640	0.72410	0.04918	0.06212	0.01346	0.00776	0.00207	0.00311	0.01191	0.00725	0.00621
121	0.02954	0.01120	0.01528	0.01171	0.01681	0.00968	0.00968	0.03208	0.01884	0.73213	0.02597	0.02241	0.01630	0.00815	0.00662	0.00204	0.00560	0.00662	0.00815	0.01120
122	0.00932	0.00673	0.00880	0.00828	0.00984	0.00621	0.00621	0.01242	0.01863	0.02640	0.72410	0.04918	0.06212	0.01346	0.00776	0.00207	0.00311	0.01191	0.00725	0.00621
123	0.02381	0.02932	0.01862	0.01756	0.05139	0.65764	0.01276	0.05071	0.01878	0.01758	0.01087	0.01265	0.00896	0.00682	0.00594	0.00171	0.01121	0.00444	0.03137	0.00784
124	0.00806	0.00576	0.00767	0.00914	0.00956	0.00537	0.00611	0.00927	0.01279	0.01710	0.05770	0.74208	0.04412	0.02040	0.00838	0.00265	0.00380	0.01850	0.00615	0.00537
125	0.74609	0.01337	0.01073	0.02860	0.03589	0.03703	0.00799	0.01953	0.01160	0.02856	0.00936	0.01108	0.00731	0.00614	0.00427	0.00203	0.00548	0.00371	0.00400	0.00725
126	0.01116	0.00962	0.01414	0.01915	0.24416	0.00921	0.01125	0.01374	0.01465	0.01922	0.03783	0.16168	0.24716	0.01408	0.00773	0.00237	0.00542	0.14505	0.00517	0.00721
127	0.01604	0.01384	0.01473	0.01294	0.01693	0.01543	0.01009	0.03269	0.62824	0.02678	0.02491	0.02320	0.01881	0.00843	0.00647	0.00208	0.00517	0.00700	0.00635	0.10987
128	0.00922	0.00673	0.00867	0.00818	0.00978	0.00617	0.00614	0.01224	0.01841	0.02586	0.68320	0.05006	0.10335	0.01366	0.00777	0.00208	0.00312	0.01203	0.00718	0.00617
129	0.00918	0.00672	0.00861	0.00814	0.00975	0.00615	0.00610	0.01216	0.01831	0.02563	0.66500	0.05045	0.12170	0.01375	0.00777	0.00208	0.00313	0.01208	0.00715	0.00615
130	0.02503	0.01844	0.01976	0.01515	0.02042	0.02042	0.01251	0.70562	0.03095	0.04149	0.01581	0.01581	0.01120	0.00790	0.00659	0.00198	0.00724	0.00593	0.00659	0.01120
131	0.16275	0.01146	0.01433	0.01119	0.01611	0.01054	0.00924	0.02992	0.01755	0.61299	0.02312	0.02042	0.01474	0.00780	0.00619	0.00204	0.00552	0.00610	0.00746	0.01051
132	0.02503	0.01844	0.01976	0.01515	0.02042	0.02042	0.01251	0.70562	0.03095	0.04149	0.01581	0.01581	0.01120	0.00790	0.00659	0.00198	0.00724	0.00593	0.00659	0.01120
133	0.74174	0.01259	0.01020	0.00894	0.01311	0.01429	0.00737	0.02054	0.01192	0.09518	0.01074	0.01179	0.00799	0.00630	0.00431	0.00204	0.00514	0.00385	0.00445	0.00751
134	0.00825	0.00590	0.00784	0.00901	0.00960	0.00550	0.00613	0.00974	0.01366	0.01848	0.15649	0.63935	0.04679	0.01937	0.00829	0.00257	0.00369	0.01753	0.00631	0.00550
135	0.69021	0.01257	0.01124	0.12448	0.01781	0.01475	0.00887	0.01896	0.01151	0.02756	0.00956	0.01176	0.00739	0.00618	0.00446	0.00206	0.00567	0.00392	0.00390	0.00716
136	0.01689	0.01404	0.01496	0.01319	0.01683	0.01608	0.01027	0.11981	0.56467	0.02813	0.02473	0.02446	0.01902	0.05076	0.03369	0.00271	0.00597	0.00735	0.00643	0.01002
137	0.01335	0.05886	0.71102	0.01851	0.02810	0.01565	0.02388	0.02081	0.01388	0.02067	0.01172	0.01379	0.00834	0.00623	0.00619	0.00206	0.00964	0.00482	0.00278	0.00969
138	0.78017	0.01266	0.00993	0.00879	0.01291	0.01454	0.00724	0.01992	0.01154	0.06081	0.00991	0.01122	0.00754	0.00620	0.00419	0.00204	0.00512	0.00370	0.00426	0.00731
139	0.01554	0.01776	0.03885	0.02775	0.03441	0.01665	0.70366	0.02109	0.01554	0.02109	0.01332	0.01776	0.00999	0.00555	0.00777	0.00222	0.01110	0.00777	0.00333	0.00888
140	0.00814	0.00582	0.00777	0.00923	0.00968	0.00544	0.00625	0.00941	0.01288	0.01721	0.05892	0.71942	0.04398	0.02031	0.00840	0.00266	0.00387	0.03904	0.00615	0.00540
141	0.01974	0.01506	0.01597	0.01327	0.01741	0.01690	0.01063	0.33315	0.32027	0.03342	0.02120	0.02063	0.01570	0.00831	0.00638	0.00203	0.00585	0.00660	0.10727	0.01023
142	0.00790	0.00667	0.00683	0.00679	0.00897	0.00561	0.00510	0.00968	0.01529	0.01845	0.11784	0.06225	0.67333	0.01642	0.00778	0.00221	0.00332	0.01374	0.00620	0.00561
143	0.00839	0.00600	0.00806	0.00921	0.00968	0.00590	0.00625	0.00962	0.01200	0.01619	0.03187	0.57967	0.03741	0.09507	0.12734	0.00428	0.00625	0.01601	0.00550	0.00530
144	0.02459	0.03138	0.01866	0.01696	0.02035	0.74221	0.01272	0.02629	0.01866	0.01611	0.01018	0.01187	0.00848	0.00678	0.00594	0.00170	0.01187	0.00424	0.00339	0.00763
145	0.00956	0.00642	0.00738	0.00738	0.00745	0.00649	0.00424	0.00970	0.00963	0.01291	0.02056	0.04206	0.02349	0.72591	0.07563	0.00663	0.00705	0.00942	0.00396	0.00410
146	0.01856	0.04499	0.04987	0.02852	0.37817	0.18598	0.05717	0.02198	0.01600	0.06224	0.01383	0.01821	0.01154	0.00680	0.00644	0.00194	0.00868	0.03568	0.02407	0.00933
147	0.04518	0.06892	0.01956	0.01702	0.04097	0.61953	0.01270	0.06665	0.01881	0.01813	0.01050	0.01214	0.00866	0.00675	0.00585	0.00171	0.01103	0.00433	0.00357	0.00796
148	0.01181	0.01165	0.09622	0.01297	0.06232	0.00913	0.03562	0.03507	0.03406	0.04847	0.22849	0.06488	0.15189	0.05130	0.00882	0.00244	0.00536	0.09431	0.02802	0.00717
149	0.81514	0.01273	0.00968	0.00866	0.01273	0.01477	0.00713	0.01935	0.01120	0.02954	0.00917	0.01069	0.00713	0.00611	0.00407	0.00204	0.00509	0.00356	0.00407	0.00713
150	0.01365	0.01170	0.01365	0.00975	0.01560	0.00878	0.00780	0.01658	0.01365	0.02145	0.01170	0.01365	0.00975	0.00488	0.00488	0.00098	0.00488	0.00390	0.00390	0.80888
151	0.01227	0.00614	0.00614	0.00614	0.00767	0.00614	0.00460	0.01534	0.01381	0.02454	0.02148	0.02454	0.01687	0.00767	0.00460	0.00153	0.00307	0.00614	0.80518	0.00614
152	0.00940	0.00705	0.01058	0.01058	0.01176	0.00823	0.00823	0.01176	0.01058	0.01528	0.01763	0.02586	0.01646	0.04937	0.74255	0.01058	0.01763	0.00705	0.00353	0.00588
153	0.01243	0.01170	0.01975	0.75282	0.04534	0.01463	0.01828	0.01682	0.01316	0.01682	0.01170	0.01755	0.00878	0.00658	0.00658	0.00219	0.00878	0.00585	0.00293	0.00731
154	0.01227	0.00614	0.00614	0.00614	0.00767	0.00614	0.00460	0.01534	0.01381	0.02454	0.02148	0.02454	0.01687	0.00767	0.00460	0.00153	0.00307	0.00614	0.80518	0.00614
155	0.00957	0.00638	0.00718	0.00718	0.00718	0.00638	0.00399	0.00957	0.00957	0.01276	0.02074	0.04308	0.02393	0.76864	0.03351	0.00638	0.00638	0.00957	0.00399	0.00399
156	0.00942	0.00698	0.01023	0.01023	0.01128	0.00804	0.00779	0.01153	0.01048	0.01502	0.01795	0.02764	0.01723	0.12368	0.66930	0.01015	0.01647	0.00731	0.00357	0.00568
157	0.01365	0.01170	0.01365	0.00975	0.01560	0.00878	0.00780	0.01658	0.01365	0.02145	0.01170	0.01365	0.00975	0.00488	0.00488	0.00098	0.00488	0.00390	0.00390	0.80888
158	0.01498	0.01342	0.01420	0.01477	0.09604	0.09614	0.01008	0.02343	0.26901	0.04873	0.21925	0.03270	0.09904	0.01032	0.00699	0.00209	0.00553	0.00873	0.00607	0.00848
159	0.01402	0.01192	0.01385	0.00993	0.01576	0.00915	0.00795	0.03882	0.01421	0.02210	0.01183	0.01372	0.00980	0.00497	0.00493	0.00101	0.00495	0.00397	0.00399	0.78313
160	0.01365	0.01170	0.01365	0.00975	0.01560	0.00878	0.00780	0.01658	0.01365	0.02145	0.01170	0.01365	0.00975	0.00488	0.00488	0.00098	0.00488	0.00390	0.00390	0.80888
161	0.01767	0.01478	0.01552	0.03907	0.01812	0.07833	0.00979	0.12629	0.10108	0.06927	0.01490	0.01582	0.01147	0.00627	0.00562	0.00146	0.00610	0.00491	0.00483	0.43871
162	0.01447	0.01168	0.01373	0.00985	0.01566	0.00882	0.00790	0.01737	0.01392	0.05794	0.01243	0.01410	0.01009	0.00504	0.00497	0.00103	0.00491	0.00404	0.00412	0.76793
163	0.14646	0.02084	0.01546	0.01402	0.01749	0.32731	0.01082	0.05001	0.21667	0.02243	0.01608	0.01796	0.01295	0.01040	0.05402	0.00253	0.00896	0.02263	0.00463	0.00832
164	0.02574	0.01678	0.01830	0.01422	0.01930	0.04249	0.01167	0.47190	0.06252	0.22003	0.01883	0.01784	0.01289	0.00798	0.00658	0.00200	0.00687	0.00613	0.00689	0.01103
165	0.00932	0.00673	0.00880	0.00828	0.00984	0.00621	0.00621	0.01242	0.01863	0.02640	0.72410	0.04918	0.06212	0.01346	0.00776	0.00207	0.00311	0.01191	0.00725	0.00621
166	0.02165	0.01622	0.01717	0.01394	0.01841	0.04121	0.01124	0.38741	0.22883	0.08546	0.07178	0.02117	0.01783	0.00859	0.00669	0.00205	0.00638	0.00681	0.00668	0.01048
167	0.02503	0.01844	0.01976	0.01515	0.02042	0.02042	0.01251	0.70562	0.03095	0.04149	0.01581	0.01581	0.01120	0.00790	0.00659	0.00198	0.00724	0.00593	0.00659	0.01120
168	0.01227	0.00614	0.00614	0.00614	0.00767	0.00614	0.00460	0.01534	0.01381	0.02454	0.02148	0.02454	0.01687	0.00767	0.00460	0.00153	0.00307	0.00614	0.80518	0.00614
169	0.01765	0.01876	0.07007	0.02432	0.03081	0.01747	0.50593	0.18236	0.01909	0.02588	0.01383	0.01710	0.01019	0.00614	0.00741	0.00216	0.01012	0.00719	0.00407	0.00947
170	0.01446	0.03078	0.62109	0.01833	0.02725	0.01495	0.04556	0.04631	0.01488	0.05809	0.01359	0.01677	0.01000	0.00683	0.00644	0.00212	0.00934	0.03019	0.00334	0.00969
171	0.81514	0.01273	0.00968	0.00866	0.01273	0.01477	0.00713	0.01935	0.01120	0.02954	0.00917	0.01069	0.00713	0.00611	0.00407	0.00204	0.00509	0.00356	0.00407	0.00713
172	0.81514	0.01273	0.00968	0.00866	0.01273	0.01477	0.00713	0.01935	0.01120	0.02954	0.00917	0.01069	0.00713	0.00611	0.00407	0.00204	0.00509	0.00356	0.00407	0.00713
173	0.00932	0.00673	0.00880	0.00828	0.00984	0.00621	0.00621	0.01242	0.01863	0.02640	0.72410	0.04918	0.06212	0.01346	0.00776	0.00207	0.00311	0.01191	0.00725	0.00621
174	0.00792	0.00652	0.00697	0.00719	0.00906	0.00556	0.00526	0.00959	0.01483	0.01817	0.10333	0.17962	0.56896	0.01713	0.00788	0.00229	0.00340	0.01457	0.00618	0.00556
175	0.81514	0.01273	0.00968	0.00866	0.01273	0.01477	0.00713	0.01935	0.01120	0.02954	0.00917	0.01069	0.00713	0.00611	0.00407	0.00204	0.00509	0.00356	0.00407	0.00713
176	0.01365	0.01170	0.01365	0.00975	0.01560	0.00878	0.00780	0.01658	0.01365	0.02145	0.01170	0.01365	0.00975	0.00488	0.00488	0.00098	0.00488	0.00390	0.00390	0.80888
177	0.01227	0.00614	0.00614	0.00614	0.00767	0.00614	0.00460	0.01534	0.01381	0.02454	0.02148	0.02454	0.01687	0.00767	0.00460	0.00153	0.00307	0.00614	0.80518	0.00614
178	0.00792	0.00667	0.00687	0.00682	0.00898	0.00562	0.00511	0.00973	0.01534	0.01859	0.12811	0.06203	0.66298	0.01637	0.00778	0.00221	0.00331	0.01371	0.00622	0.00562
179	0.81514	0.01273	0.00968	0.00866	0.01273	0.01477	0.00713	0.01935	0.01120	0.02954	0.00917	0.01069	0.00713	0.00611	0.00407	0.00204	0.00509	0.00356	0.00407	0.00713
180	0.00868	0.00636	0.00822	0.00933	0.01010	0.00610	0.00648	0.01102	0.04952	0.01853	0.11088	0.60403	0.06313	0.01905	0.00825	0.00259	0.00388	0.04186	0.00626	0.00573
181	0.00920	0.00669	0.00869	0.00844	0.00993	0.00618	0.00634	0.01208	0.01785	0.02495	0.60896	0.10374	0.09370	0.01436	0.00787	0.00217	0.00330	0.04239	0.00705	0.00611
182	0.81514	0.01273	0.00968	0.00866	0.01273	0.01477	0.00713	0.01935	0.01120	0.02954	0.00917	0.01069	0.00713	0.00611	0.00407	0.00204	0.00509	0.00356	0.00407	0.00713
183	0.01164	0.00932	0.01072	0.00992	0.01230	0.00971	0.00757	0.02004	0.26288	0.02594	0.41360	0.04196	0.11371	0.01219	0.00739	0.00214	0.00387	0.01054	0.00694	0.00762
184	0.01231	0.00787	0.01097	0.01201	0.01384	0.00772	0.01041	0.01525	0.01544	0.08619	0.03406	0.08624	0.03601	0.01731	0.00885	0.00293	0.00596	0.60384	0.00626	0.00652
185	0.01061	0.00758	0.01061	0.01212	0.01364	0.00758	0.01061	0.01364	0.01515	0.01970	0.03486	0.07426	0.03789	0.01819	0.00909	0.00303	0.00606	0.68326	0.00606	0.00606
186	0.02765	0.01079	0.01467	0.01139	0.01615	0.00935	0.00935	0.03025	0.01882	0.66620	0.09120	0.02491	0.02058	0.00864	0.00673	0.00204	0.00537	0.00711	0.00806	0.01074
187	0.00923	0.00669	0.00834	0.00793	0.00958	0.00611	0.00594	0.01212	0.01783	0.02499	0.58762	0.05008	0.16102	0.01365	0.00760	0.00207	0.00314	0.01191	0.04804	0.00611
188	0.01320	0.03405	0.73453	0.01876	0.02849	0.01529	0.02432	0.02085	0.01390	0.02085	0.01181	0.01390	0.00834	0.00625	0.00625	0.00208	0.00973	0.00486	0.00278	0.00973
189	0.01801	0.01350	0.01475	0.01300	0.01685	0.01512	0.01019	0.03388	0.59606	0.12666	0.04824	0.02502	0.02086	0.00896	0.00672	0.00220	0.00520	0.00747	0.00692	0.01040
190	0.00811	0.00615	0.00752	0.00855	0.00960	0.00556	0.00604	0.00955	0.01355	0.01731	0.04607	0.49191	0.26460	0.01918	0.00825	0.00255	0.00381	0.06013	0.00611	0.00546
191	0.01629	0.01564	0.02672	0.04041	0.72757	0.01564	0.02020	0.02020	0.01499	0.02151	0.01238	0.01629	0.01043	0.00587	0.00652	0.00196	0.00782	0.00587	0.00326	0.01043
192	0.00819	0.00614	0.00750	0.00829	0.00930	0.00556	0.00573	0.00967	0.01387	0.01808	0.12917	0.45315	0.23002	0.05196	0.00927	0.00264	0.00371	0.01615	0.00616	0.00545
193	0.00788	0.00645	0.00695	0.00729	0.00907	0.00553	0.00529	0.00946	0.01454	0.01778	0.07649	0.22681	0.54863	0.01751	0.00793	0.00232	0.00344	0.01497	0.00614	0.00553
194	0.00856	0.00618	0.00817	0.00926	0.00996	0.00596	0.00653	0.01004	0.01285	0.01713	0.06561	0.50349	0.07847	0.07765	0.07839	0.00366	0.00545	0.08148	0.00576	0.00542
195	0.47453	0.28921	0.06555	0.01025	0.01526	0.01889	0.00974	0.01958	0.01216	0.02389	0.00933	0.01085	0.00769	0.00595	0.00427	0.00181	0.00610	0.00363	0.00353	0.00778
