[name]
unknown

[dist]
# distance from previous block
# <min> <max>
1	104

[block]
# block no. 0 follows, 28 sequences, length 20
# corresponding to MSA columns:
# 127-146
name=unknown_A
#
# <colnr> <probs for GDERKNQSTAVLIFYWHMCP>
#	G	D	E	R	K	N	Q	S	T	A	V	L	I	F	Y	W	H	M	C	P
0	0.01853	0.04388	0.10296	0.12982	0.15766	0.04376	0.04434	0.16132	0.01919	0.02613	0.01403	0.01762	0.01108	0.00949	0.02449	0.05489	0.02362	0.00609	0.00430	0.08679
1	0.09353	0.11685	0.11341	0.01427	0.01997	0.04588	0.03922	0.12418	0.04739	0.12499	0.05797	0.02543	0.09884	0.00926	0.00680	0.00214	0.00729	0.00729	0.00570	0.03960
2	0.09159	0.23347	0.10943	0.06305	0.03747	0.08100	0.01462	0.12408	0.04582	0.02497	0.01503	0.01677	0.03367	0.00776	0.00688	0.00203	0.04159	0.00549	0.00431	0.04098
3	0.10291	0.10683	0.12937	0.06609	0.02504	0.08036	0.08009	0.16964	0.05714	0.02783	0.01564	0.01953	0.01249	0.01000	0.03756	0.00263	0.00945	0.03282	0.00473	0.00984
4	0.05175	0.20928	0.16094	0.03929	0.02165	0.16375	0.01475	0.07857	0.01749	0.02262	0.01383	0.01668	0.01130	0.02559	0.03747	0.00246	0.00949	0.00530	0.08871	0.00907
5	0.04520	0.39119	0.24369	0.01869	0.09664	0.05321	0.01791	0.02252	0.01531	0.02024	0.01146	0.01356	0.00948	0.00653	0.00571	0.00189	0.00895	0.00467	0.00323	0.00992
6	0.05432	0.09811	0.09652	0.01629	0.02152	0.01912	0.06587	0.11951	0.28854	0.02916	0.06546	0.02279	0.01897	0.00901	0.00783	0.00232	0.04099	0.00728	0.00586	0.01053
7	0.09439	0.00731	0.00854	0.00969	0.01083	0.00707	0.00671	0.01139	0.01410	0.02023	0.04129	0.57122	0.13024	0.02045	0.00867	0.00281	0.00430	0.01814	0.00650	0.00615
8	0.01296	0.00955	0.01248	0.01200	0.01380	0.01054	0.00913	0.12441	0.01596	0.02204	0.02405	0.19214	0.02449	0.07119	0.40089	0.00784	0.01342	0.01069	0.00515	0.00725
9	0.01368	0.00963	0.01069	0.00957	0.01095	0.00977	0.00623	0.12043	0.01476	0.01996	0.02134	0.04044	0.02307	0.57403	0.02999	0.00585	0.00709	0.00949	0.00487	0.05816
10	0.06327	0.02192	0.21254	0.10488	0.26620	0.01627	0.08432	0.02170	0.01565	0.02347	0.01322	0.01688	0.01034	0.00654	0.00690	0.00214	0.00914	0.00599	0.00355	0.09507
11	0.01698	0.01286	0.01527	0.01100	0.01737	0.00980	0.00884	0.02016	0.01570	0.09768	0.01463	0.01612	0.01155	0.00578	0.00559	0.00120	0.00547	0.00463	0.00482	0.70454
12	0.01722	0.01530	0.02538	0.29666	0.39047	0.01652	0.02042	0.02232	0.04370	0.06010	0.01489	0.01926	0.01164	0.00705	0.00724	0.00228	0.00877	0.00659	0.00392	0.01028
13	0.01737	0.01594	0.06488	0.34395	0.25289	0.01613	0.01973	0.02310	0.06076	0.09118	0.01589	0.01975	0.01193	0.00734	0.00724	0.00232	0.00879	0.00660	0.00421	0.01001
14	0.01041	0.00840	0.01109	0.12111	0.01757	0.00832	0.00962	0.01326	0.01660	0.02117	0.13523	0.11904	0.28962	0.01699	0.00880	0.00269	0.00537	0.17172	0.00636	0.00665
15	0.01074	0.00838	0.01249	0.04306	0.01476	0.00993	0.00979	0.01326	0.01196	0.01712	0.02029	0.08616	0.01975	0.04731	0.58473	0.01004	0.06085	0.00871	0.00406	0.00660
16	0.01723	0.01696	0.05029	0.29039	0.23663	0.01761	0.11479	0.09275	0.04686	0.02443	0.01462	0.01899	0.01124	0.00713	0.00743	0.00232	0.00943	0.00682	0.00402	0.01006
17	0.08424	0.03870	0.02150	0.09569	0.02403	0.01276	0.19415	0.01778	0.01541	0.04905	0.02559	0.25652	0.02654	0.01351	0.00828	0.00266	0.00770	0.09274	0.00526	0.00789
18	0.09436	0.21656	0.27514	0.01723	0.04941	0.02085	0.01773	0.11257	0.08505	0.02627	0.01428	0.01561	0.01093	0.00724	0.00619	0.00210	0.00851	0.00533	0.00425	0.01042
19	0.05499	0.04736	0.03199	0.02445	0.05689	0.07204	0.34515	0.06474	0.11682	0.02501	0.01594	0.01905	0.01232	0.00756	0.00909	0.00240	0.07246	0.00743	0.00442	0.00991

[dist]
# distance from previous block
# <min> <max>
0	17

[block]
# block no. 1 follows, 28 sequences, length 17
# corresponding to MSA columns:
# 164-180
name=unknown_B
#
# <colnr> <probs for GDERKNQSTAVLIFYWHMCP>
#	G	D	E	R	K	N	Q	S	T	A	V	L	I	F	Y	W	H	M	C	P
0	0.11375	0.09940	0.34299	0.04868	0.04824	0.01727	0.04635	0.02340	0.04623	0.07330	0.01714	0.01878	0.04278	0.00774	0.00698	0.00226	0.02459	0.00602	0.00411	0.00999
1	0.02245	0.02008	0.01860	0.01606	0.01934	0.20204	0.01260	0.21743	0.02188	0.08366	0.01979	0.15457	0.01840	0.01175	0.01014	0.00241	0.12493	0.00878	0.00572	0.00938
2	0.05533	0.12893	0.02068	0.06593	0.02088	0.04767	0.03957	0.10796	0.01831	0.07020	0.04808	0.07057	0.01641	0.00825	0.00638	0.00182	0.00696	0.00669	0.00506	0.25432
3	0.02576	0.01924	0.02066	0.01617	0.02161	0.02134	0.01324	0.57132	0.11051	0.04327	0.04815	0.02018	0.01595	0.00912	0.00734	0.00222	0.00754	0.00703	0.00732	0.01202
4	0.01657	0.01541	0.02207	0.46540	0.12362	0.04923	0.01861	0.07737	0.09596	0.02288	0.01529	0.01967	0.01160	0.00761	0.00724	0.00235	0.00911	0.00659	0.00413	0.00929
5	0.08286	0.02112	0.02156	0.01703	0.02244	0.12145	0.05572	0.41297	0.06325	0.08413	0.01726	0.01757	0.01242	0.00831	0.00706	0.00218	0.00860	0.00636	0.00645	0.01125
6	0.01909	0.01635	0.01982	0.07949	0.13430	0.01843	0.01435	0.12688	0.42461	0.03056	0.02380	0.02356	0.01795	0.00892	0.00733	0.00237	0.00688	0.00754	0.00640	0.01135
7	0.00882	0.00645	0.00831	0.00980	0.01046	0.00593	0.00660	0.01016	0.01423	0.01868	0.04403	0.66076	0.12456	0.02226	0.00920	0.00289	0.00415	0.02004	0.00675	0.00593
8	0.01262	0.00926	0.01123	0.01041	0.01287	0.00904	0.00799	0.01855	0.12845	0.05250	0.40490	0.04977	0.09888	0.04681	0.00957	0.00256	0.00443	0.05831	0.00742	0.04443
9	0.01523	0.01539	0.02444	0.39575	0.11785	0.06890	0.12346	0.01957	0.01559	0.01988	0.01637	0.10378	0.01462	0.00884	0.00765	0.00242	0.00959	0.00834	0.00380	0.00853
10	0.01477	0.01159	0.01706	0.01573	0.06881	0.01111	0.08771	0.09650	0.02007	0.05424	0.30174	0.14945	0.04132	0.01283	0.00815	0.00231	0.00579	0.01167	0.00665	0.06250
11	0.01289	0.04602	0.01546	0.01305	0.01494	0.01266	0.03066	0.06233	0.01387	0.01930	0.02181	0.02949	0.06840	0.08696	0.41645	0.00808	0.10809	0.00812	0.00426	0.00718
12	0.08327	0.01779	0.01906	0.01596	0.05302	0.05061	0.01229	0.32056	0.08010	0.10532	0.01774	0.01795	0.01294	0.00790	0.00668	0.00199	0.00723	0.00605	0.00635	0.15718
13	0.04669	0.11306	0.30795	0.18331	0.06359	0.01863	0.02054	0.06812	0.06763	0.02383	0.01415	0.01687	0.01060	0.00723	0.00670	0.00223	0.00927	0.00574	0.00381	0.01005
14	0.02334	0.07601	0.02078	0.01623	0.02054	0.23642	0.01295	0.23366	0.14015	0.02970	0.06857	0.02011	0.01709	0.00902	0.00776	0.00214	0.04308	0.00656	0.00575	0.01014
15	0.01731	0.07712	0.33446	0.07162	0.02898	0.01869	0.07699	0.10264	0.15048	0.02646	0.01677	0.01834	0.01235	0.00762	0.00706	0.00229	0.00928	0.00633	0.00449	0.01071
16	0.01766	0.15784	0.02587	0.16418	0.23517	0.01823	0.01652	0.08491	0.01731	0.02352	0.01405	0.01900	0.01187	0.00716	0.00654	0.00197	0.00802	0.03067	0.00403	0.13548

[dist]
# distance from previous block
# <min> <max>
16	94

[block]
# block no. 2 follows, 28 sequences, length 29
# corresponding to MSA columns:
# 313-341
name=unknown_C
#
# <colnr> <probs for GDERKNQSTAVLIFYWHMCP>
#	G	D	E	R	K	N	Q	S	T	A	V	L	I	F	Y	W	H	M	C	P
0	0.03775	0.01740	0.06388	0.06643	0.07187	0.07581	0.03333	0.17828	0.03821	0.06802	0.07373	0.13577	0.02209	0.01075	0.00781	0.00228	0.02271	0.00901	0.00577	0.05911
1	0.01454	0.09410	0.08532	0.01263	0.01580	0.03857	0.01079	0.06590	0.06013	0.04091	0.06726	0.21906	0.02741	0.06667	0.10727	0.04124	0.00835	0.01087	0.00538	0.00781
2	0.16794	0.08973	0.04660	0.06136	0.02056	0.07368	0.09473	0.03856	0.01562	0.02311	0.06239	0.07060	0.06806	0.03310	0.10040	0.00360	0.00933	0.00805	0.00458	0.00799
3	0.15958	0.28241	0.08332	0.01320	0.01876	0.02043	0.01234	0.09025	0.08922	0.08503	0.01706	0.06938	0.01438	0.00849	0.00596	0.00207	0.00705	0.00631	0.00503	0.00975
4	0.01301	0.01059	0.01234	0.01339	0.01537	0.05460	0.01122	0.01779	0.08469	0.02204	0.03727	0.12377	0.06271	0.01838	0.00943	0.00310	0.00670	0.46980	0.00658	0.00721
5	0.11842	0.01745	0.05004	0.02042	0.02527	0.07090	0.30775	0.02084	0.01612	0.02397	0.08371	0.02356	0.01772	0.05539	0.01040	0.00264	0.05693	0.00786	0.06212	0.00848
6	0.02247	0.53300	0.03249	0.01342	0.01928	0.09568	0.01246	0.06635	0.01740	0.10905	0.01313	0.01389	0.01066	0.00687	0.00537	0.00172	0.00812	0.00459	0.00421	0.00983
7	0.01458	0.03760	0.70688	0.02072	0.03146	0.01688	0.02686	0.02302	0.01535	0.02302	0.01304	0.01535	0.00921	0.00691	0.00691	0.00230	0.01074	0.00537	0.00307	0.01074
8	0.01064	0.00771	0.01129	0.01129	0.01262	0.00890	0.00877	0.01329	0.01197	0.01769	0.01981	0.02844	0.01821	0.05086	0.65930	0.01089	0.01819	0.00771	0.06591	0.00651
9	0.00934	0.00739	0.00841	0.00815	0.01028	0.00646	0.00612	0.01189	0.01835	0.02386	0.34981	0.06300	0.41744	0.01683	0.00858	0.00238	0.00357	0.01437	0.00731	0.00646
10	0.01507	0.01292	0.01507	0.01077	0.01723	0.00969	0.00861	0.01830	0.01507	0.02369	0.01292	0.01507	0.01077	0.00538	0.00538	0.00108	0.00538	0.00431	0.00431	0.78898
11	0.11093	0.39422	0.12818	0.01477	0.02087	0.18476	0.01438	0.02359	0.01593	0.01993	0.01080	0.01255	0.00915	0.00668	0.00541	0.00182	0.00919	0.00429	0.00341	0.00916
12	0.00919	0.00652	0.00828	0.00954	0.00998	0.00615	0.00621	0.01023	0.01336	0.01770	0.03816	0.56702	0.07444	0.16956	0.01489	0.00376	0.00477	0.01836	0.00627	0.00561
13	0.02180	0.53037	0.03274	0.01436	0.01982	0.23883	0.01293	0.02399	0.01655	0.01731	0.01045	0.01210	0.00934	0.00661	0.00524	0.00165	0.00941	0.00413	0.00330	0.00905
14	0.01053	0.00723	0.00883	0.00883	0.00915	0.00754	0.00554	0.01115	0.01084	0.01477	0.02207	0.04298	0.02443	0.57785	0.20096	0.00817	0.01005	0.00990	0.00428	0.00491
15	0.07602	0.01731	0.01903	0.07344	0.07244	0.08721	0.01321	0.15433	0.15197	0.22794	0.02135	0.02085	0.01505	0.00849	0.00705	0.00225	0.00757	0.00672	0.00667	0.01110
16	0.01990	0.28398	0.14502	0.02170	0.11353	0.08646	0.12669	0.02413	0.01656	0.07809	0.01350	0.01567	0.01061	0.00671	0.00642	0.00200	0.00949	0.00562	0.00382	0.01010
17	0.01643	0.01137	0.07226	0.01189	0.01507	0.00906	0.00992	0.02011	0.04660	0.20263	0.16911	0.26838	0.03795	0.01759	0.05381	0.00311	0.00619	0.01287	0.00713	0.00851
18	0.01151	0.00765	0.00962	0.00922	0.01121	0.00688	0.00687	0.01426	0.01884	0.07931	0.42288	0.15183	0.19001	0.01624	0.00858	0.00241	0.00381	0.01419	0.00765	0.00701
19	0.01886	0.05585	0.11664	0.03785	0.13691	0.07878	0.01576	0.18672	0.05268	0.02772	0.02341	0.07877	0.07085	0.01051	0.00748	0.00232	0.00815	0.05543	0.00532	0.00996
20	0.04530	0.16164	0.05274	0.10928	0.12439	0.11600	0.11561	0.02214	0.01612	0.05254	0.01599	0.02028	0.03687	0.05486	0.00907	0.00244	0.02515	0.00654	0.00392	0.00912
21	0.01242	0.00639	0.00931	0.00931	0.00931	0.00639	0.00612	0.00958	0.00958	0.01278	0.01367	0.02468	0.01403	0.09826	0.02928	0.70920	0.00639	0.00675	0.00328	0.00328
22	0.01548	0.02140	0.18142	0.02631	0.08140	0.01613	0.38193	0.02138	0.01666	0.02324	0.06136	0.08351	0.01769	0.00835	0.00817	0.00243	0.01038	0.00908	0.00409	0.00960
23	0.01974	0.10053	0.04844	0.08872	0.11118	0.09317	0.01457	0.14857	0.02046	0.07468	0.04764	0.03065	0.06819	0.01023	0.00738	0.00228	0.00810	0.09047	0.00540	0.00959
24	0.09957	0.24096	0.23314	0.01565	0.02294	0.02116	0.01653	0.16910	0.01949	0.07782	0.01402	0.01506	0.01046	0.00725	0.00611	0.00204	0.00839	0.00519	0.00460	0.01051
25	0.04476	0.20130	0.25829	0.01781	0.02487	0.07510	0.08399	0.08383	0.04244	0.02361	0.01530	0.06892	0.01305	0.00816	0.00665	0.00214	0.00927	0.00659	0.00407	0.00985
26	0.04321	0.19586	0.04874	0.01635	0.06403	0.11820	0.01296	0.12511	0.08667	0.02492	0.01732	0.09672	0.01567	0.00917	0.00694	0.00204	0.02668	0.00706	0.00487	0.07747
27	0.05003	0.18848	0.04362	0.01732	0.07717	0.01909	0.05635	0.15393	0.10033	0.05552	0.03463	0.05781	0.03177	0.01207	0.05248	0.00278	0.00824	0.02305	0.00535	0.00998
28	0.04585	0.07059	0.05195	0.02003	0.17001	0.08016	0.01332	0.10466	0.01880	0.02552	0.11736	0.14699	0.02598	0.03039	0.00811	0.00233	0.00718	0.00940	0.00530	0.04608

[dist]
# distance from previous block
# <min> <max>
0	56

[block]
# block no. 3 follows, 28 sequences, length 6
# corresponding to MSA columns:
# 399-404
name=unknown_D
#
# <colnr> <probs for GDERKNQSTAVLIFYWHMCP>
#	G	D	E	R	K	N	Q	S	T	A	V	L	I	F	Y	W	H	M	C	P
0	0.08212	0.11137	0.12278	0.01824	0.06743	0.04794	0.07647	0.15974	0.03919	0.02799	0.01505	0.01868	0.01214	0.00752	0.00657	0.00201	0.00828	0.03318	0.00468	0.13861
1	0.06133	0.01096	0.01385	0.01570	0.10364	0.01138	0.01037	0.07524	0.09585	0.02483	0.08033	0.25361	0.09748	0.01786	0.05540	0.00319	0.00645	0.04815	0.00622	0.00817
2	0.08968	0.01580	0.01683	0.01376	0.01871	0.01671	0.01098	0.24119	0.21634	0.03340	0.02096	0.07101	0.01703	0.00916	0.00679	0.00209	0.00629	0.00732	0.00638	0.17958
3	0.01678	0.01596	0.01797	0.37301	0.03288	0.14532	0.01485	0.05973	0.01662	0.02099	0.01547	0.02189	0.01272	0.07593	0.00955	0.00262	0.00901	0.00656	0.12427	0.00786
4	0.01573	0.01297	0.01436	0.05298	0.01697	0.09554	0.01041	0.06128	0.04629	0.06529	0.02032	0.07079	0.01892	0.11992	0.30550	0.00681	0.04523	0.00832	0.00477	0.00759
5	0.02112	0.07742	0.16162	0.01923	0.06151	0.25714	0.05264	0.05309	0.04114	0.06373	0.01448	0.01664	0.01132	0.01038	0.05402	0.00264	0.01098	0.00563	0.00420	0.06107

[dist]
# distance from previous block
# <min> <max>
0	1

[block]
# block no. 4 follows, 28 sequences, length 6
# corresponding to MSA columns:
# 406-411
name=unknown_E
#
# <colnr> <probs for GDERKNQSTAVLIFYWHMCP>
#	G	D	E	R	K	N	Q	S	T	A	V	L	I	F	Y	W	H	M	C	P
0	0.02019	0.07715	0.01869	0.01455	0.01875	0.14141	0.01149	0.17452	0.19296	0.02857	0.05913	0.10860	0.02148	0.01039	0.00714	0.00216	0.00739	0.00834	0.00609	0.07100
1	0.08648	0.00715	0.00937	0.00926	0.00994	0.00724	0.00638	0.01070	0.01046	0.01523	0.01858	0.02597	0.08151	0.02280	0.02413	0.63423	0.00598	0.00700	0.00365	0.00391
2	0.05941	0.02088	0.09696	0.01567	0.02090	0.10382	0.01364	0.28775	0.08762	0.08938	0.05051	0.08284	0.01849	0.00991	0.00726	0.00227	0.00793	0.00781	0.00637	0.01058
3	0.02007	0.15075	0.13375	0.01530	0.02094	0.07767	0.01437	0.13342	0.11031	0.08034	0.01848	0.02174	0.01478	0.01311	0.07862	0.00308	0.00939	0.03695	0.00521	0.04172
4	0.01849	0.21245	0.07342	0.01364	0.01866	0.01878	0.01225	0.19476	0.04532	0.02608	0.01601	0.02030	0.01371	0.07488	0.13498	0.00401	0.00978	0.00615	0.00474	0.08159
5	0.01621	0.19424	0.13880	0.09746	0.02385	0.01803	0.03623	0.08546	0.01671	0.02248	0.04818	0.02437	0.01642	0.04334	0.06953	0.00319	0.04337	0.05198	0.00423	0.04593

[dist]
# distance from previous block
# <min> <max>
2	56

[block]
# block no. 5 follows, 28 sequences, length 25
# corresponding to MSA columns:
# 468-489,493-495
name=unknown_F
#
# <colnr> <probs for GDERKNQSTAVLIFYWHMCP>
#	G	D	E	R	K	N	Q	S	T	A	V	L	I	F	Y	W	H	M	C	P
0	0.07180	0.13821	0.02453	0.01704	0.04647	0.05329	0.05011	0.37019	0.05813	0.03498	0.01556	0.01644	0.01174	0.00778	0.00661	0.00204	0.00805	0.00593	0.00576	0.05534
1	0.02276	0.01718	0.01895	0.01485	0.01964	0.01860	0.01205	0.46071	0.02790	0.03790	0.06417	0.02342	0.04247	0.05484	0.01000	0.00244	0.04831	0.00733	0.00659	0.08990
2	0.04754	0.00826	0.00999	0.01046	0.01235	0.00810	0.00797	0.01466	0.05329	0.05390	0.04388	0.27611	0.20867	0.02242	0.08361	0.00371	0.00633	0.11538	0.00648	0.00688
3	0.01203	0.00977	0.01231	0.01294	0.05830	0.01008	0.00907	0.05150	0.05488	0.02289	0.14862	0.15350	0.21879	0.05219	0.05466	0.00335	0.05971	0.04181	0.00626	0.00733
4	0.01371	0.00955	0.01105	0.01014	0.01211	0.00938	0.00715	0.11336	0.01704	0.04764	0.09886	0.18147	0.08953	0.27737	0.01849	0.00405	0.00583	0.01215	0.00605	0.05508
5	0.01885	0.17479	0.11688	0.17404	0.14061	0.08862	0.01789	0.09222	0.06619	0.02336	0.01399	0.01673	0.01100	0.00723	0.00660	0.00210	0.00913	0.00574	0.00402	0.01000
6	0.04906	0.16166	0.05032	0.01581	0.02152	0.07921	0.01367	0.39167	0.08870	0.03528	0.01626	0.01663	0.01219	0.00812	0.00662	0.00207	0.00819	0.00591	0.00595	0.01117
7	0.02279	0.01650	0.01746	0.01463	0.01882	0.05952	0.01154	0.35869	0.06325	0.10830	0.02478	0.20393	0.02251	0.01235	0.00775	0.00238	0.00702	0.01023	0.00712	0.01041
8	0.01590	0.01590	0.02226	0.01908	0.01908	0.02226	0.01590	0.01749	0.01113	0.01749	0.00954	0.01590	0.00954	0.01272	0.02385	0.00318	0.73123	0.00636	0.00318	0.00795
9	0.03083	0.01523	0.01864	0.01429	0.01998	0.01493	0.01181	0.26453	0.02560	0.46836	0.02466	0.02213	0.01598	0.00890	0.00730	0.00222	0.00684	0.00704	0.00838	0.01237
10	0.01734	0.01869	0.03602	0.03309	0.23456	0.04215	0.41263	0.02260	0.01731	0.02359	0.05632	0.02103	0.01467	0.00682	0.00809	0.00233	0.01065	0.00809	0.00392	0.01009
11	0.01029	0.00743	0.00972	0.00914	0.01086	0.00686	0.00686	0.01372	0.02058	0.02915	0.69536	0.05430	0.06859	0.01486	0.00857	0.00229	0.00343	0.01315	0.00800	0.00686
12	0.07015	0.14992	0.20141	0.02248	0.16526	0.01939	0.04028	0.13225	0.01903	0.09193	0.01477	0.01643	0.01106	0.00716	0.00658	0.00212	0.00861	0.00574	0.00457	0.01087
13	0.01507	0.01292	0.01507	0.01077	0.01723	0.00969	0.00861	0.01830	0.01507	0.02369	0.01292	0.01507	0.01077	0.00538	0.00538	0.00108	0.00538	0.00431	0.00431	0.78898
14	0.00859	0.00736	0.00736	0.00736	0.00982	0.00614	0.00552	0.01043	0.01657	0.01964	0.07364	0.06996	0.69624	0.01841	0.00859	0.00245	0.00368	0.01534	0.00675	0.00614
15	0.01507	0.01292	0.01507	0.01077	0.01723	0.00969	0.00861	0.01830	0.01507	0.02369	0.01292	0.01507	0.01077	0.00538	0.00538	0.00108	0.00538	0.00431	0.00431	0.78898
16	0.00915	0.00645	0.00835	0.00975	0.01010	0.00610	0.00635	0.01020	0.01334	0.01779	0.03713	0.62136	0.04437	0.14626	0.01402	0.00365	0.00470	0.01894	0.00635	0.00565
17	0.01507	0.01292	0.01507	0.01077	0.01723	0.00969	0.00861	0.01830	0.01507	0.02369	0.01292	0.01507	0.01077	0.00538	0.00538	0.00108	0.00538	0.00431	0.00431	0.78898
18	0.06612	0.02599	0.04638	0.14539	0.02792	0.37336	0.05730	0.09525	0.01993	0.02251	0.01370	0.01832	0.01127	0.00802	0.00695	0.00215	0.01109	0.03534	0.00418	0.00885
19	0.05090	0.01670	0.01789	0.04060	0.09056	0.11645	0.01254	0.13612	0.06077	0.18885	0.06880	0.07107	0.04708	0.01049	0.00746	0.00230	0.00745	0.03736	0.00652	0.01008
20	0.09264	0.01791	0.02014	0.09127	0.11842	0.07839	0.01417	0.25025	0.06265	0.08927	0.05530	0.02004	0.01551	0.00830	0.00697	0.00217	0.00786	0.00659	0.00588	0.03624
21	0.11077	0.05123	0.02048	0.05631	0.02210	0.11350	0.11173	0.08479	0.12832	0.02563	0.02502	0.07004	0.10075	0.00989	0.00716	0.00226	0.00791	0.00834	0.00529	0.03849
22	0.12797	0.01639	0.09044	0.02011	0.16765	0.01364	0.03526	0.03896	0.03811	0.08985	0.01768	0.09041	0.01526	0.00834	0.00661	0.00203	0.00695	0.00711	0.00490	0.20233
23	0.01695	0.01534	0.01882	0.05184	0.07661	0.08054	0.08606	0.16053	0.02073	0.02639	0.08111	0.03897	0.18831	0.05292	0.00961	0.00262	0.00756	0.05069	0.00575	0.00866
24	0.01626	0.01306	0.01605	0.03719	0.01798	0.03769	0.05626	0.07737	0.08539	0.06756	0.06901	0.03474	0.10127	0.12223	0.01246	0.00289	0.03114	0.03985	0.00570	0.15591

[dist]
# distance from previous block
# <min> <max>
19	134

[block]
# block no. 6 follows, 28 sequences, length 65
# corresponding to MSA columns:
# 677-719,723-744
name=unknown_G
#
# <colnr> <probs for GDERKNQSTAVLIFYWHMCP>
#	G	D	E	R	K	N	Q	S	T	A	V	L	I	F	Y	W	H	M	C	P
0	0.08708	0.01291	0.01472	0.07847	0.04783	0.04131	0.01079	0.16785	0.01962	0.02737	0.10177	0.14374	0.07363	0.06225	0.04990	0.00325	0.00729	0.03609	0.00591	0.00822
1	0.02595	0.01713	0.01903	0.01506	0.02036	0.01835	0.01229	0.39353	0.14253	0.17973	0.02509	0.02363	0.05417	0.00953	0.00738	0.00226	0.00699	0.00749	0.00763	0.01186
2	0.08446	0.01326	0.01470	0.01230	0.01661	0.01342	0.00984	0.15988	0.12089	0.11213	0.10386	0.05613	0.10045	0.01104	0.00728	0.00220	0.00570	0.03443	0.00685	0.11456
3	0.01563	0.01173	0.01329	0.01162	0.01474	0.01167	0.00876	0.21369	0.02048	0.02767	0.06307	0.23949	0.10166	0.09521	0.01110	0.00283	0.00574	0.01211	0.00638	0.11312
4	0.05891	0.01686	0.04758	0.01607	0.02106	0.05993	0.10946	0.16536	0.07248	0.15178	0.02784	0.03035	0.10835	0.04440	0.00897	0.00256	0.00777	0.03405	0.00630	0.00993
5	0.06237	0.18092	0.37624	0.01789	0.02585	0.01932	0.04896	0.05301	0.01608	0.04866	0.01407	0.01793	0.01115	0.00773	0.00733	0.00223	0.04306	0.03336	0.00377	0.01007
6	0.13728	0.05354	0.06936	0.01089	0.01339	0.00992	0.00896	0.01385	0.01415	0.02130	0.03422	0.44198	0.09489	0.01742	0.00799	0.00267	0.00521	0.03026	0.00586	0.00687
7	0.05841	0.05381	0.11150	0.13457	0.23722	0.04971	0.09789	0.04651	0.01699	0.07831	0.01446	0.01766	0.01103	0.00690	0.00700	0.00219	0.00918	0.00625	0.00411	0.03628
8	0.00994	0.00734	0.00908	0.01005	0.01132	0.00690	0.00757	0.01179	0.01495	0.01911	0.04569	0.25031	0.21366	0.13628	0.01377	0.00360	0.00529	0.21103	0.00636	0.00597
9	0.05201	0.05341	0.02036	0.04404	0.02188	0.02057	0.01296	0.37404	0.23337	0.06033	0.02079	0.02029	0.01518	0.00883	0.00708	0.00225	0.00721	0.00686	0.00690	0.01161
10	0.01872	0.04839	0.08272	0.04812	0.02271	0.01389	0.07535	0.05559	0.08234	0.12038	0.01704	0.01823	0.01274	0.00682	0.00644	0.00176	0.00711	0.00581	0.00513	0.35070
11	0.01771	0.22726	0.35259	0.01906	0.02695	0.10490	0.07920	0.02319	0.01580	0.02056	0.01203	0.01449	0.00944	0.00698	0.00716	0.00210	0.04229	0.00522	0.00322	0.00987
12	0.01743	0.34059	0.34032	0.01781	0.02616	0.02193	0.07752	0.02287	0.01542	0.04077	0.01240	0.01442	0.00968	0.00660	0.00610	0.00199	0.00947	0.00508	0.00332	0.01010
13	0.00964	0.00727	0.00901	0.00960	0.01118	0.00664	0.00726	0.01200	0.01694	0.02222	0.22287	0.24897	0.24433	0.01893	0.00902	0.00270	0.00427	0.12372	0.00707	0.00636
14	0.04273	0.04718	0.07982	0.06122	0.16970	0.03786	0.01428	0.01847	0.03715	0.02292	0.10639	0.11693	0.06620	0.01234	0.00781	0.00243	0.00698	0.10942	0.00524	0.03493
15	0.05979	0.27632	0.15601	0.08090	0.10781	0.02044	0.01664	0.06090	0.01692	0.11945	0.01441	0.01601	0.01094	0.00704	0.00614	0.00202	0.00828	0.00535	0.00432	0.01029
16	0.00893	0.00682	0.00823	0.00922	0.01048	0.00612	0.00651	0.01057	0.01524	0.01947	0.07670	0.44585	0.28239	0.02079	0.00903	0.00276	0.00409	0.04393	0.00679	0.00606
17	0.01045	0.00862	0.00994	0.01071	0.03745	0.00811	0.00778	0.01455	0.08671	0.02150	0.08558	0.13671	0.41652	0.01760	0.00868	0.00261	0.00453	0.09822	0.00675	0.00698
18	0.13736	0.06032	0.08154	0.19303	0.12421	0.05353	0.12082	0.04936	0.06783	0.02445	0.01411	0.01748	0.01087	0.00708	0.00683	0.00227	0.00910	0.00622	0.00404	0.00954
19	0.01802	0.01587	0.02461	0.05716	0.44748	0.01661	0.01829	0.10841	0.01801	0.02565	0.01530	0.02027	0.01292	0.03989	0.05454	0.00299	0.03815	0.00675	0.04860	0.01049
20	0.00878	0.00661	0.00814	0.00936	0.01034	0.00597	0.00641	0.01021	0.01465	0.01886	0.04936	0.55428	0.22759	0.02156	0.00909	0.00281	0.00407	0.01919	0.00675	0.00597
21	0.01507	0.01292	0.01507	0.01077	0.01723	0.00969	0.00861	0.01830	0.01507	0.02369	0.01292	0.01507	0.01077	0.00538	0.00538	0.00108	0.00538	0.00431	0.00431	0.78898
22	0.07746	0.08949	0.12535	0.12918	0.08132	0.04615	0.01609	0.10943	0.05570	0.02530	0.01686	0.01924	0.04574	0.00818	0.00786	0.00218	0.06132	0.00617	0.00439	0.07260
23	0.02068	0.63390	0.03527	0.01345	0.01927	0.13931	0.01270	0.02294	0.01571	0.01721	0.01029	0.01189	0.00933	0.00642	0.00497	0.00161	0.00863	0.00401	0.00321	0.00918
24	0.01056	0.00711	0.00823	0.00823	0.00834	0.00721	0.00478	0.01077	0.01066	0.01432	0.02263	0.04603	0.02576	0.68880	0.09182	0.00742	0.00805	0.01035	0.00436	0.00457
25	0.01058	0.00804	0.00954	0.01004	0.01162	0.00774	0.00717	0.01444	0.09223	0.02101	0.07312	0.38669	0.15531	0.05990	0.01021	0.00290	0.00454	0.04147	0.03514	0.03830
26	0.06610	0.04641	0.01778	0.01473	0.01855	0.19480	0.01146	0.21342	0.07675	0.05542	0.01994	0.11128	0.01796	0.05777	0.04260	0.00296	0.00891	0.00810	0.00574	0.00933
27	0.00984	0.00703	0.00956	0.01124	0.01209	0.00675	0.00845	0.01182	0.01488	0.01965	0.03952	0.51405	0.04593	0.02185	0.00954	0.00309	0.00507	0.23674	0.00673	0.00618
28	0.01597	0.01289	0.01516	0.01088	0.01729	0.00974	0.00872	0.01918	0.01537	0.05840	0.01372	0.01557	0.01114	0.00557	0.00548	0.00114	0.00542	0.00446	0.00455	0.74937
29	0.01041	0.00769	0.01118	0.01118	0.01230	0.00881	0.00846	0.01266	0.01153	0.01650	0.01993	0.03111	0.01928	0.14735	0.62442	0.01106	0.01780	0.00816	0.00396	0.00621
30	0.02547	0.01928	0.02060	0.01629	0.02172	0.02153	0.01329	0.53070	0.18196	0.04232	0.02020	0.01964	0.01459	0.00898	0.00730	0.00225	0.00749	0.00692	0.00730	0.01217
31	0.01725	0.01891	0.03962	0.09585	0.06522	0.01828	0.56189	0.04617	0.01750	0.02367	0.01460	0.01944	0.01097	0.00634	0.00835	0.00243	0.01172	0.00822	0.00376	0.00980
32	0.01373	0.01292	0.02180	0.72707	0.05006	0.01615	0.02019	0.01857	0.01453	0.01857	0.01292	0.01938	0.00969	0.00727	0.00727	0.00242	0.00969	0.00646	0.00323	0.00807
33	0.01799	0.01727	0.02950	0.04462	0.69919	0.01727	0.02231	0.02231	0.01655	0.02375	0.01367	0.01799	0.01151	0.00648	0.00720	0.00216	0.00864	0.00648	0.00360	0.01151
34	0.01736	0.01675	0.02896	0.13980	0.58147	0.01716	0.04823	0.02182	0.01629	0.02300	0.01361	0.01825	0.01124	0.00657	0.00726	0.00221	0.00893	0.00656	0.00355	0.01096
35	0.01027	0.00935	0.03596	0.01024	0.01282	0.00789	0.03955	0.01367	0.04414	0.02263	0.22174	0.11762	0.34135	0.04261	0.00961	0.00265	0.00466	0.03966	0.00673	0.00683
36	0.00893	0.00701	0.00810	0.00874	0.01034	0.00618	0.00629	0.01074	0.01592	0.02012	0.11412	0.32218	0.37699	0.01980	0.00889	0.00265	0.00395	0.03605	0.00686	0.00613
37	0.01077	0.00928	0.01354	0.01233	0.01487	0.00863	0.09665	0.01430	0.05055	0.02156	0.11339	0.22765	0.28118	0.01722	0.00884	0.00265	0.00535	0.07779	0.00649	0.00697
38	0.01695	0.28913	0.37225	0.01835	0.05797	0.05636	0.02003	0.02247	0.01568	0.02092	0.03942	0.01561	0.01176	0.00699	0.00617	0.00201	0.00941	0.00517	0.00334	0.01000
39	0.01174	0.00972	0.01408	0.04286	0.05424	0.00998	0.05194	0.01389	0.01492	0.04390	0.04068	0.33160	0.20903	0.01728	0.01054	0.00272	0.09301	0.01488	0.00588	0.00710
40	0.02121	0.01166	0.01475	0.01311	0.04289	0.01131	0.00976	0.13222	0.02060	0.26589	0.13111	0.07017	0.07681	0.09081	0.05113	0.00333	0.00673	0.00968	0.00729	0.00953
41	0.01507	0.01292	0.01507	0.01077	0.01723	0.00969	0.00861	0.01830	0.01507	0.02369	0.01292	0.01507	0.01077	0.00538	0.00538	0.00108	0.00538	0.00431	0.00431	0.78898
42	0.19893	0.21554	0.05010	0.01434	0.01920	0.21004	0.01240	0.07432	0.01733	0.05109	0.01228	0.01413	0.01001	0.00948	0.03953	0.00243	0.03088	0.00478	0.00420	0.00899
43	0.01624	0.01597	0.02461	0.10483	0.36353	0.04872	0.05260	0.01994	0.01611	0.02203	0.06268	0.02511	0.08130	0.00911	0.00967	0.00236	0.10368	0.00778	0.00411	0.00963
44	0.02057	0.64350	0.03551	0.01337	0.01922	0.13009	0.01267	0.02284	0.01563	0.01720	0.01027	0.01187	0.00933	0.00641	0.00494	0.00160	0.00856	0.00400	0.00320	0.00920
45	0.01173	0.00914	0.01314	0.01260	0.01400	0.01094	0.00994	0.04548	0.01272	0.01833	0.01846	0.02686	0.01710	0.04847	0.61811	0.01044	0.08402	0.00760	0.00399	0.00691
46	0.01730	0.01656	0.02825	0.15587	0.59337	0.01709	0.02196	0.02170	0.01622	0.02290	0.01355	0.01822	0.01122	0.00661	0.00721	0.00220	0.00881	0.00647	0.00354	0.01095
47	0.01957	0.01196	0.01524	0.01331	0.01689	0.01196	0.03642	0.10332	0.13454	0.20724	0.05926	0.22203	0.05642	0.01388	0.00814	0.00254	0.00586	0.04436	0.00745	0.00962
48	0.00952	0.00740	0.00879	0.00947	0.01128	0.00668	0.00733	0.01173	0.01641	0.02069	0.10836	0.20175	0.36533	0.01937	0.00907	0.00275	0.00448	0.16648	0.00684	0.00628
49	0.01160	0.00828	0.01158	0.01326	0.01488	0.00827	0.01151	0.01486	0.01662	0.02162	0.03855	0.10849	0.04209	0.02019	0.01001	0.00333	0.00659	0.62491	0.00670	0.00666
50	0.02616	0.02095	0.02023	0.01613	0.02122	0.14102	0.01305	0.40452	0.02764	0.10644	0.01881	0.01902	0.03533	0.00886	0.00786	0.00213	0.04222	0.00646	0.00646	0.05548
51	0.04270	0.00822	0.01028	0.05077	0.01356	0.00819	0.00782	0.05433	0.01611	0.02203	0.13341	0.36714	0.12892	0.01882	0.01040	0.07453	0.00483	0.01515	0.00634	0.00644
52	0.00918	0.00694	0.00813	0.00868	0.00994	0.00627	0.00598	0.01073	0.01521	0.01960	0.12907	0.31397	0.28395	0.12302	0.01289	0.00327	0.00433	0.01638	0.00657	0.00589
53	0.01799	0.01727	0.02950	0.04462	0.69919	0.01727	0.02231	0.02231	0.01655	0.02375	0.01367	0.01799	0.01151	0.00648	0.00720	0.00216	0.00864	0.00648	0.00360	0.01151
54	0.01705	0.01613	0.02715	0.23471	0.50013	0.01709	0.02149	0.03821	0.01645	0.02287	0.01356	0.01837	0.01103	0.00676	0.00722	0.00223	0.00891	0.00647	0.00359	0.01057
55	0.01293	0.04315	0.07500	0.01125	0.01369	0.01012	0.00929	0.01622	0.05184	0.06263	0.05851	0.08992	0.05991	0.24738	0.17478	0.00593	0.00949	0.03583	0.00514	0.00699
56	0.01535	0.01260	0.01846	0.01956	0.10976	0.01352	0.05610	0.10627	0.01822	0.02464	0.02705	0.07517	0.02768	0.01654	0.03914	0.00328	0.08304	0.31952	0.00569	0.00841
57	0.00927	0.00678	0.00885	0.01017	0.01103	0.00621	0.00701	0.01075	0.01423	0.01900	0.04035	0.64273	0.07746	0.02162	0.00910	0.00286	0.00436	0.04908	0.00663	0.04252
58	0.08480	0.01615	0.01924	0.04391	0.09793	0.01798	0.03713	0.15442	0.34103	0.03203	0.06139	0.02397	0.01973	0.00906	0.00721	0.00235	0.00674	0.00758	0.00645	0.01091
59	0.05342	0.02005	0.02090	0.10672	0.02529	0.09007	0.01435	0.42673	0.07671	0.03668	0.01653	0.01770	0.01216	0.00860	0.00784	0.00225	0.04051	0.00637	0.00613	0.01100
60	0.06151	0.01921	0.05878	0.01558	0.02150	0.01927	0.01334	0.43369	0.08399	0.10981	0.01869	0.01845	0.01326	0.00838	0.00698	0.00213	0.00745	0.00640	0.00685	0.07472
61	0.12332	0.01768	0.02269	0.15424	0.30347	0.08329	0.01738	0.06212	0.09984	0.02556	0.01502	0.01804	0.01186	0.00730	0.00681	0.00223	0.00845	0.00618	0.00435	0.01017
62	0.02763	0.02036	0.02182	0.01672	0.02254	0.02254	0.01382	0.67496	0.03418	0.04581	0.01745	0.01745	0.01236	0.00873	0.00727	0.00218	0.00800	0.00654	0.00727	0.01236
63	0.09339	0.02168	0.01674	0.01480	0.01836	0.29110	0.01125	0.14641	0.05033	0.05850	0.04963	0.08581	0.01867	0.08008	0.00983	0.00262	0.00897	0.00765	0.00543	0.00876
64	0.01789	0.01417	0.01542	0.01364	0.01666	0.04538	0.01051	0.08198	0.29740	0.07742	0.11067	0.05918	0.02683	0.09982	0.01265	0.00302	0.07212	0.00910	0.00665	0.00951

[dist]
# distance from previous block
# <min> <max>
1	44

[block]
# block no. 7 follows, 28 sequences, length 18
# corresponding to MSA columns:
# 795-812
name=unknown_H
#
# <colnr> <probs for GDERKNQSTAVLIFYWHMCP>
#	G	D	E	R	K	N	Q	S	T	A	V	L	I	F	Y	W	H	M	C	P
0	0.05066	0.01636	0.02050	0.07931	0.08911	0.10304	0.09088	0.10024	0.01947	0.10430	0.06680	0.07563	0.04816	0.01046	0.00766	0.00233	0.00812	0.06398	0.00562	0.03737
1	0.01381	0.01272	0.02122	0.51040	0.13980	0.01508	0.01861	0.01825	0.01474	0.01957	0.04232	0.02174	0.01344	0.01314	0.09243	0.00349	0.01045	0.00690	0.00356	0.00834
2	0.11993	0.01960	0.02048	0.01586	0.02152	0.02179	0.01310	0.59643	0.03156	0.04423	0.01657	0.01677	0.01182	0.00849	0.00694	0.00219	0.00771	0.00623	0.00694	0.01182
3	0.06500	0.01245	0.01986	0.59407	0.04349	0.01523	0.01836	0.01833	0.01466	0.01988	0.01581	0.02640	0.01343	0.00877	0.00742	0.00252	0.00906	0.08364	0.00373	0.00790
4	0.01710	0.01814	0.02404	0.11028	0.02530	0.10437	0.08096	0.01959	0.01330	0.01824	0.01068	0.01638	0.00969	0.01075	0.01816	0.00286	0.48227	0.00639	0.00330	0.00821
5	0.64614	0.01700	0.01271	0.01120	0.01570	0.10076	0.00906	0.07111	0.01499	0.03182	0.01080	0.01239	0.00839	0.00698	0.00495	0.00220	0.00670	0.00422	0.00462	0.00827
6	0.02763	0.02036	0.02182	0.01672	0.02254	0.02254	0.01382	0.67496	0.03418	0.04581	0.01745	0.01745	0.01236	0.00873	0.00727	0.00218	0.00800	0.00654	0.00727	0.01236
7	0.00963	0.00726	0.00895	0.00921	0.01086	0.00658	0.00687	0.01214	0.01770	0.02358	0.32431	0.20664	0.23960	0.01799	0.00885	0.00257	0.00395	0.06963	0.00727	0.00644
8	0.03261	0.01237	0.01687	0.01293	0.01856	0.01068	0.01068	0.03543	0.02081	0.70423	0.02868	0.02474	0.01799	0.00900	0.00731	0.00225	0.00619	0.00731	0.00900	0.01237
9	0.02763	0.02036	0.02182	0.01672	0.02254	0.02254	0.01382	0.67496	0.03418	0.04581	0.01745	0.01745	0.01236	0.00873	0.00727	0.00218	0.00800	0.00654	0.00727	0.01236
10	0.01725	0.01934	0.04134	0.03225	0.11448	0.01825	0.59754	0.02317	0.01709	0.02334	0.01459	0.01942	0.01109	0.00617	0.00842	0.00242	0.01184	0.00834	0.00367	0.01000
11	0.01046	0.00748	0.01010	0.01010	0.01085	0.00823	0.00711	0.01196	0.01121	0.01570	0.02092	0.03658	0.02165	0.34556	0.42945	0.00973	0.01423	0.00896	0.00411	0.00561
12	0.00886	0.00633	0.00843	0.01012	0.01054	0.00590	0.00675	0.01012	0.01392	0.01856	0.04006	0.73979	0.04808	0.02277	0.00928	0.00295	0.00422	0.02066	0.00675	0.00590
13	0.02689	0.02342	0.02117	0.01707	0.02229	0.18564	0.01372	0.48072	0.07391	0.03819	0.01679	0.01706	0.01230	0.00851	0.00711	0.00213	0.00906	0.00622	0.00645	0.01138
14	0.02689	0.01999	0.02140	0.01657	0.02226	0.02219	0.01364	0.62531	0.08503	0.04461	0.01840	0.01821	0.01313	0.00881	0.00728	0.00220	0.00782	0.00668	0.00728	0.01230
15	0.01047	0.00700	0.00796	0.00806	0.00808	0.00698	0.00454	0.01054	0.01077	0.01436	0.02393	0.08902	0.02772	0.70132	0.03534	0.00680	0.00688	0.01118	0.00454	0.00449
16	0.02393	0.01852	0.01973	0.01598	0.02113	0.02081	0.01292	0.42806	0.28711	0.03983	0.02216	0.02120	0.01617	0.00917	0.00732	0.00229	0.00713	0.00719	0.00732	0.01203
17	0.01507	0.01292	0.01507	0.01077	0.01723	0.00969	0.00861	0.01830	0.01507	0.02369	0.01292	0.01507	0.01077	0.00538	0.00538	0.00108	0.00538	0.00431	0.00431	0.78898

[dist]
# distance from previous block
# <min> <max>
0	49

[block]
# block no. 8 follows, 28 sequences, length 40
# corresponding to MSA columns:
# 862-901
name=unknown_I
#
# <colnr> <probs for GDERKNQSTAVLIFYWHMCP>
#	G	D	E	R	K	N	Q	S	T	A	V	L	I	F	Y	W	H	M	C	P
0	0.17718	0.01987	0.01932	0.01667	0.05751	0.10967	0.01278	0.35154	0.02560	0.11711	0.01635	0.01669	0.01173	0.00809	0.00664	0.00216	0.00802	0.00588	0.00628	0.01093
1	0.07879	0.01652	0.01755	0.01536	0.04537	0.05478	0.01179	0.34372	0.02522	0.09912	0.02525	0.12651	0.06511	0.01149	0.00750	0.00234	0.00708	0.02947	0.00677	0.01026
2	0.22744	0.01779	0.01666	0.01405	0.01853	0.09775	0.01125	0.20234	0.11667	0.11466	0.01890	0.05729	0.01480	0.00916	0.00712	0.00229	0.03027	0.00674	0.00620	0.01011
3	0.05068	0.02091	0.05730	0.01613	0.02132	0.09113	0.01352	0.47259	0.02863	0.03803	0.01898	0.10169	0.01593	0.01009	0.00732	0.00225	0.00815	0.00786	0.00652	0.01096
4	0.06921	0.01047	0.01168	0.01063	0.01281	0.01111	0.00774	0.10322	0.08836	0.04124	0.10862	0.06068	0.06998	0.26862	0.09020	0.00492	0.00743	0.00990	0.00584	0.00733
5	0.01605	0.01529	0.02600	0.35533	0.40365	0.01676	0.02134	0.02061	0.01563	0.02139	0.01333	0.01862	0.01068	0.00684	0.00723	0.00228	0.00912	0.00647	0.00343	0.00995
6	0.01541	0.01321	0.01611	0.09321	0.02120	0.01094	0.01015	0.04416	0.01576	0.02397	0.01310	0.01566	0.01071	0.00573	0.00567	0.00127	0.00598	0.00464	0.00430	0.66881
7	0.05294	0.66152	0.03541	0.01265	0.01862	0.05495	0.01227	0.02267	0.04025	0.01830	0.01089	0.01231	0.00975	0.00643	0.00483	0.00163	0.00782	0.00408	0.00336	0.00931
8	0.02055	0.53068	0.14117	0.01382	0.02067	0.02429	0.01447	0.02392	0.01572	0.11635	0.01323	0.01412	0.01055	0.00673	0.00540	0.00177	0.00802	0.00461	0.00395	0.00999
9	0.01651	0.01574	0.02700	0.17365	0.48989	0.01627	0.04852	0.02094	0.01651	0.02315	0.06802	0.02123	0.01570	0.00728	0.00738	0.00223	0.00858	0.00710	0.00388	0.01040
10	0.76071	0.01435	0.01119	0.00989	0.01445	0.01659	0.00814	0.05129	0.01337	0.03322	0.01046	0.01207	0.00808	0.00684	0.00463	0.00225	0.00573	0.00406	0.00463	0.00808
11	0.02075	0.01727	0.05531	0.06042	0.02175	0.07150	0.01373	0.24913	0.06944	0.08396	0.02466	0.06043	0.02215	0.01211	0.00803	0.00255	0.00788	0.18259	0.00647	0.00986
12	0.01285	0.01779	0.19823	0.01635	0.03789	0.01202	0.10931	0.01854	0.05894	0.02391	0.20379	0.07947	0.10423	0.06233	0.01004	0.00271	0.00724	0.01048	0.00547	0.00841
13	0.00920	0.00739	0.00820	0.00800	0.01019	0.00639	0.00600	0.01160	0.01800	0.02303	0.29528	0.06437	0.47249	0.01714	0.00858	0.00239	0.00359	0.01456	0.00720	0.00639
14	0.00963	0.00688	0.00932	0.01100	0.01176	0.00657	0.00809	0.01146	0.01468	0.01942	0.03964	0.56217	0.04639	0.02205	0.00948	0.00306	0.00489	0.19067	0.00673	0.00612
15	0.69171	0.07389	0.01342	0.01029	0.01489	0.05563	0.00858	0.02182	0.01301	0.03056	0.01018	0.01187	0.00807	0.00675	0.00462	0.00217	0.00621	0.00397	0.00435	0.00802
16	0.01477	0.01424	0.02010	0.01757	0.01783	0.01957	0.01451	0.01657	0.01124	0.01737	0.01157	0.01849	0.01131	0.02128	0.16544	0.00492	0.58558	0.00665	0.00333	0.00765
17	0.01655	0.01443	0.01981	0.25723	0.10634	0.04274	0.03191	0.12801	0.06109	0.02544	0.05754	0.09336	0.02147	0.01082	0.00784	0.00248	0.00806	0.08065	0.00520	0.00903
18	0.00898	0.00641	0.00857	0.01026	0.01073	0.00601	0.00695	0.01033	0.01403	0.01869	0.04000	0.71240	0.04782	0.02266	0.00931	0.00297	0.00432	0.04689	0.00675	0.00594
19	0.79588	0.01406	0.01068	0.00956	0.01406	0.01631	0.00787	0.02137	0.01237	0.03261	0.01012	0.01181	0.00787	0.00675	0.00450	0.00225	0.00562	0.00394	0.00450	0.00787
20	0.01738	0.01665	0.02840	0.14225	0.60632	0.01711	0.02201	0.02177	0.01626	0.02301	0.01357	0.01819	0.01125	0.00659	0.00721	0.00220	0.00879	0.00647	0.00355	0.01102
21	0.01078	0.00777	0.00850	0.00810	0.01068	0.00662	0.00615	0.01296	0.01755	0.07586	0.17058	0.06381	0.54057	0.01708	0.00849	0.00241	0.00384	0.01434	0.00713	0.00675
22	0.00859	0.00736	0.00736	0.00736	0.00982	0.00614	0.00552	0.01043	0.01657	0.01964	0.07364	0.06996	0.69624	0.01841	0.00859	0.00245	0.00368	0.01534	0.00675	0.00614
23	0.79588	0.01406	0.01068	0.00956	0.01406	0.01631	0.00787	0.02137	0.01237	0.03261	0.01012	0.01181	0.00787	0.00675	0.00450	0.00225	0.00562	0.00394	0.00450	0.00787
24	0.01232	0.00752	0.00888	0.00857	0.00910	0.00747	0.00520	0.01271	0.01146	0.06940	0.02315	0.04454	0.02523	0.64218	0.07751	0.00696	0.00776	0.01013	0.00474	0.00517
25	0.79588	0.01406	0.01068	0.00956	0.01406	0.01631	0.00787	0.02137	0.01237	0.03261	0.01012	0.01181	0.00787	0.00675	0.00450	0.00225	0.00562	0.00394	0.00450	0.00787
26	0.03261	0.01237	0.01687	0.01293	0.01856	0.01068	0.01068	0.03543	0.02081	0.70423	0.02868	0.02474	0.01799	0.00900	0.00731	0.00225	0.00619	0.00731	0.00900	0.01237
27	0.01263	0.00631	0.00947	0.00947	0.00947	0.00631	0.00631	0.00947	0.00947	0.01263	0.01263	0.02210	0.01263	0.02525	0.02841	0.78851	0.00631	0.00631	0.00316	0.00316
28	0.79588	0.01406	0.01068	0.00956	0.01406	0.01631	0.00787	0.02137	0.01237	0.03261	0.01012	0.01181	0.00787	0.00675	0.00450	0.00225	0.00562	0.00394	0.00450	0.00787
29	0.01237	0.00903	0.01169	0.01249	0.01452	0.00900	0.01056	0.06686	0.01820	0.02371	0.08260	0.10972	0.11975	0.01879	0.00951	0.00306	0.00610	0.44816	0.00683	0.00705
30	0.00884	0.00737	0.00771	0.00762	0.00997	0.00624	0.00572	0.01091	0.01715	0.02102	0.16412	0.06768	0.60490	0.01789	0.00859	0.00243	0.00365	0.01502	0.00693	0.00624
31	0.01373	0.01292	0.02180	0.72707	0.05006	0.01615	0.02019	0.01857	0.01453	0.01857	0.01292	0.01938	0.00969	0.00727	0.00727	0.00242	0.00969	0.00646	0.00323	0.00807
32	0.01522	0.13156	0.61853	0.01962	0.02977	0.01845	0.02495	0.02285	0.01527	0.02224	0.01266	0.01486	0.00922	0.00682	0.00661	0.00220	0.01035	0.00518	0.00307	0.01056
33	0.01355	0.00678	0.00678	0.00678	0.00847	0.00678	0.00508	0.01694	0.01524	0.02710	0.02371	0.02710	0.01863	0.00847	0.00508	0.00169	0.00339	0.00678	0.78489	0.00678
34	0.01240	0.00966	0.01230	0.01139	0.01267	0.01093	0.00854	0.06564	0.01451	0.02004	0.09258	0.03809	0.09572	0.22705	0.22816	0.00652	0.11272	0.00959	0.00492	0.00659
35	0.01927	0.48298	0.06152	0.01731	0.08871	0.07283	0.04003	0.02365	0.06882	0.01960	0.01249	0.01421	0.01069	0.00662	0.00554	0.00176	0.00829	0.00481	0.00361	0.03727
36	0.01249	0.03830	0.01163	0.00995	0.01274	0.00930	0.00760	0.05819	0.05545	0.04607	0.17484	0.18684	0.25629	0.01564	0.00812	0.00235	0.00452	0.01341	0.00680	0.06947
37	0.01694	0.01994	0.14628	0.02689	0.22034	0.01643	0.14802	0.02562	0.16267	0.04754	0.02285	0.02449	0.07188	0.00832	0.00759	0.00234	0.00859	0.00786	0.00480	0.01061
38	0.05265	0.04774	0.14964	0.01696	0.02290	0.06506	0.05300	0.16805	0.24371	0.05116	0.04188	0.02109	0.01647	0.00857	0.00711	0.00228	0.00804	0.00691	0.00589	0.01089
39	0.51638	0.07878	0.03970	0.01164	0.01668	0.03965	0.01006	0.08839	0.04117	0.08074	0.01308	0.01405	0.00982	0.00721	0.00525	0.00218	0.00650	0.00467	0.00502	0.00903

[dist]
# distance from previous block
# <min> <max>
0	17

[block]
# block no. 9 follows, 28 sequences, length 120
# corresponding to MSA columns:
# 923-936,949-965,967-1037,1039-1056
name=unknown_J
#
# <colnr> <probs for GDERKNQSTAVLIFYWHMCP>
#	G	D	E	R	K	N	Q	S	T	A	V	L	I	F	Y	W	H	M	C	P
0	0.02198	0.03950	0.01942	0.01690	0.07925	0.04274	0.06601	0.07295	0.12107	0.23750	0.09523	0.02841	0.06039	0.00960	0.00736	0.00223	0.00671	0.00823	0.05411	0.01042
1	0.09917	0.03673	0.01604	0.04648	0.04524	0.08407	0.04019	0.07840	0.06752	0.02775	0.17599	0.02993	0.02728	0.00988	0.00690	0.00214	0.00645	0.03546	0.12673	0.03764
2	0.01581	0.01510	0.02535	0.37010	0.34486	0.01705	0.02088	0.02021	0.01524	0.02087	0.01305	0.01852	0.01051	0.00725	0.00829	0.00235	0.05504	0.00646	0.00340	0.00964
