[name]
unknown

[dist]
# distance from previous block
# <min> <max>
0	59

[block]
# block no. 0 follows, 29 sequences, length 20
# corresponding to MSA columns:
# 68-87
name=unknown_A
#
# <colnr> <probs for GDERKNQSTAVLIFYWHMCP>
#	G	D	E	R	K	N	Q	S	T	A	V	L	I	F	Y	W	H	M	C	P
0	0.01871	0.13196	0.05207	0.03555	0.02011	0.06176	0.03990	0.14326	0.12450	0.05819	0.02087	0.10722	0.01856	0.01133	0.02873	0.00243	0.00767	0.03983	0.00549	0.07185
1	0.04764	0.18456	0.08924	0.01510	0.02005	0.13456	0.05270	0.06623	0.09041	0.02330	0.07629	0.05374	0.01966	0.00926	0.00669	0.00208	0.00806	0.05285	0.00481	0.04276
2	0.01978	0.20002	0.14929	0.01755	0.05595	0.10252	0.05916	0.07385	0.04596	0.08487	0.05229	0.01789	0.01413	0.00761	0.00701	0.00200	0.03455	0.00587	0.00450	0.04521
3	0.04079	0.24699	0.20601	0.01766	0.02459	0.02088	0.11559	0.09414	0.06176	0.02380	0.01345	0.01545	0.01054	0.00700	0.00697	0.00203	0.03917	0.00555	0.00393	0.04370
4	0.04907	0.11792	0.15903	0.01588	0.02066	0.13365	0.01492	0.06874	0.06619	0.05832	0.04781	0.05438	0.02794	0.00944	0.00927	0.00226	0.12405	0.00671	0.00456	0.00918
5	0.08184	0.18100	0.10531	0.01561	0.02060	0.23398	0.01402	0.06172	0.10793	0.02245	0.01531	0.01920	0.01293	0.00827	0.00677	0.00207	0.03041	0.04708	0.00435	0.00917
6	0.05761	0.00876	0.00913	0.00968	0.01110	0.04636	0.00695	0.01241	0.01475	0.01962	0.08693	0.30768	0.18680	0.11620	0.01217	0.00321	0.00512	0.07341	0.00609	0.00603
7	0.01657	0.11526	0.45821	0.01712	0.02528	0.01587	0.02024	0.02258	0.01552	0.11343	0.01753	0.09988	0.01457	0.00875	0.00682	0.00223	0.00884	0.00707	0.00420	0.01003
8	0.05727	0.03265	0.01516	0.08021	0.06742	0.01244	0.01144	0.06618	0.05632	0.04207	0.02721	0.29587	0.02887	0.01509	0.00934	0.00268	0.06642	0.09984	0.00569	0.00783
9	0.01717	0.09232	0.18189	0.01548	0.02115	0.01763	0.01488	0.03112	0.40196	0.05065	0.02379	0.02550	0.01851	0.00920	0.00702	0.00233	0.00705	0.04586	0.00585	0.01063
10	0.00879	0.00625	0.00823	0.00977	0.01015	0.00586	0.00645	0.00995	0.01341	0.01787	0.03808	0.69653	0.04562	0.07290	0.01098	0.00317	0.00432	0.01956	0.00645	0.00568
11	0.01586	0.01641	0.02641	0.02127	0.02291	0.02094	0.16684	0.01843	0.01225	0.01843	0.01050	0.01641	0.00968	0.01099	0.01996	0.00295	0.57160	0.00673	0.00323	0.00820
12	0.01758	0.01622	0.02934	0.21471	0.25796	0.01672	0.20903	0.04517	0.03256	0.06825	0.01496	0.01906	0.01137	0.00676	0.00747	0.00228	0.00950	0.00703	0.00401	0.01001
13	0.00880	0.00650	0.00797	0.00907	0.00989	0.00596	0.00609	0.01003	0.01386	0.01794	0.04478	0.51671	0.19175	0.10118	0.01192	0.00322	0.00432	0.01799	0.00636	0.00567
14	0.00864	0.00633	0.00812	0.00955	0.01023	0.00581	0.00645	0.00996	0.01398	0.01832	0.04365	0.65453	0.13483	0.02174	0.00900	0.00283	0.00406	0.01954	0.00661	0.00581
15	0.05087	0.04804	0.02273	0.01884	0.06306	0.01812	0.13819	0.09699	0.37371	0.02909	0.04854	0.02343	0.01870	0.00857	0.00725	0.00231	0.00722	0.00768	0.00604	0.01062
16	0.04701	0.11048	0.08774	0.07293	0.03174	0.01830	0.38978	0.04981	0.01701	0.05283	0.04280	0.01916	0.01295	0.00676	0.00745	0.00224	0.01013	0.00732	0.00403	0.00952
17	0.07795	0.11753	0.14278	0.01538	0.02104	0.05682	0.01460	0.13697	0.01915	0.21592	0.01666	0.01716	0.01190	0.00825	0.00846	0.00220	0.09560	0.00577	0.00547	0.01040
18	0.02330	0.10723	0.02137	0.01643	0.02065	0.33883	0.01301	0.13314	0.18268	0.02466	0.01610	0.01675	0.01266	0.00813	0.00713	0.00203	0.03556	0.00568	0.00499	0.00967
19	0.08089	0.16679	0.07559	0.01397	0.01810	0.09152	0.03568	0.07714	0.03823	0.02428	0.16258	0.06007	0.04181	0.01012	0.00817	0.00217	0.07161	0.00778	0.00502	0.00850

[dist]
# distance from previous block
# <min> <max>
16	132

[block]
# block no. 1 follows, 29 sequences, length 17
# corresponding to MSA columns:
# 246-262
name=unknown_B
#
# <colnr> <probs for GDERKNQSTAVLIFYWHMCP>
#	G	D	E	R	K	N	Q	S	T	A	V	L	I	F	Y	W	H	M	C	P
0	0.02072	0.08006	0.02464	0.02876	0.36503	0.05016	0.01657	0.08809	0.04384	0.13117	0.04071	0.04692	0.01572	0.00798	0.00696	0.00211	0.00772	0.00699	0.00506	0.01080
1	0.01755	0.09144	0.02740	0.01984	0.02331	0.02031	0.17899	0.05325	0.08030	0.04632	0.01372	0.01748	0.01136	0.00938	0.01423	0.00256	0.32668	0.00668	0.00406	0.03514
2	0.08652	0.00712	0.00861	0.00974	0.01062	0.00700	0.00670	0.01138	0.01368	0.01986	0.07162	0.55978	0.04251	0.07674	0.01072	0.00311	0.00452	0.03758	0.00628	0.00593
3	0.01778	0.01488	0.01587	0.01423	0.01808	0.01699	0.01104	0.10054	0.55897	0.03018	0.02878	0.09601	0.02324	0.01079	0.00741	0.00243	0.00571	0.00908	0.00717	0.01082
4	0.00967	0.00693	0.00931	0.01034	0.01138	0.00657	0.00770	0.01195	0.01605	0.02174	0.22311	0.40831	0.05136	0.01958	0.00906	0.00279	0.00444	0.15657	0.00694	0.00621
5	0.01726	0.48629	0.28950	0.01521	0.02296	0.02383	0.01746	0.02178	0.01468	0.01892	0.01097	0.01277	0.00909	0.00634	0.00539	0.00180	0.00870	0.00435	0.00303	0.00966
6	0.11527	0.01941	0.01872	0.05625	0.02134	0.12661	0.01284	0.29045	0.10801	0.03190	0.01791	0.01894	0.03877	0.00896	0.00841	0.00226	0.08201	0.00635	0.00563	0.00998
7	0.00941	0.00767	0.00843	0.00882	0.01072	0.00708	0.00638	0.01283	0.08164	0.01992	0.05709	0.28699	0.42015	0.01862	0.00852	0.00257	0.00398	0.01606	0.00667	0.00645
8	0.00943	0.00929	0.07724	0.01067	0.01202	0.00698	0.00826	0.01121	0.01337	0.01807	0.03458	0.58730	0.04075	0.11063	0.01221	0.00332	0.00510	0.01755	0.00597	0.00607
9	0.36050	0.01841	0.11224	0.01628	0.08883	0.06460	0.01320	0.02337	0.01466	0.13068	0.01372	0.01543	0.01027	0.00868	0.02630	0.00249	0.06142	0.00514	0.00463	0.00915
10	0.05487	0.33915	0.24404	0.01562	0.02240	0.13239	0.01662	0.02245	0.01554	0.01964	0.01252	0.01659	0.01080	0.00727	0.00583	0.00193	0.00920	0.04051	0.00339	0.00922
11	0.01703	0.13396	0.23115	0.01764	0.02332	0.09518	0.06654	0.05324	0.07582	0.02169	0.01616	0.08991	0.01437	0.00932	0.00896	0.00229	0.10290	0.00715	0.00408	0.00931
12	0.01894	0.05521	0.10513	0.01799	0.02282	0.11647	0.10403	0.10401	0.07663	0.04747	0.01672	0.04749	0.01419	0.00922	0.00962	0.00229	0.12116	0.03763	0.00467	0.06829
13	0.09429	0.09197	0.06929	0.01364	0.01755	0.16422	0.01153	0.04195	0.03855	0.04736	0.04222	0.14728	0.05096	0.01083	0.00787	0.00216	0.05921	0.00836	0.00485	0.07591
14	0.09701	0.01652	0.08625	0.01479	0.01873	0.01638	0.03749	0.11084	0.20318	0.05515	0.05694	0.02461	0.01848	0.09761	0.01269	0.00295	0.10807	0.00740	0.00555	0.00935
15	0.15337	0.12260	0.04428	0.01171	0.01524	0.09308	0.00979	0.01958	0.08304	0.02302	0.10758	0.11652	0.12794	0.01172	0.00728	0.00223	0.02858	0.00926	0.00533	0.00784
16	0.01594	0.06875	0.12073	0.01449	0.01888	0.01477	0.05106	0.16464	0.06046	0.02612	0.06435	0.10918	0.08006	0.07791	0.01058	0.00279	0.02523	0.05974	0.00557	0.00873

[dist]
# distance from previous block
# <min> <max>
18	85

[block]
# block no. 2 follows, 29 sequences, length 32
# corresponding to MSA columns:
# 375-406
name=unknown_C
#
# <colnr> <probs for GDERKNQSTAVLIFYWHMCP>
#	G	D	E	R	K	N	Q	S	T	A	V	L	I	F	Y	W	H	M	C	P
0	0.01721	0.07061	0.05522	0.02592	0.23504	0.01620	0.15364	0.05030	0.07930	0.05014	0.01758	0.05588	0.01465	0.00997	0.04246	0.00260	0.00875	0.00743	0.04757	0.03952
1	0.01801	0.03535	0.11141	0.02624	0.25236	0.01552	0.10670	0.09898	0.01843	0.08388	0.02271	0.04752	0.08081	0.00908	0.00749	0.00228	0.00821	0.03999	0.00488	0.01017
2	0.05108	0.01769	0.01914	0.01994	0.14664	0.15439	0.03822	0.08712	0.05727	0.07935	0.08329	0.02842	0.07934	0.00982	0.00781	0.00220	0.03391	0.04316	0.00541	0.03581
3	0.01808	0.04670	0.05788	0.07234	0.10211	0.01606	0.04031	0.15975	0.12062	0.06532	0.06389	0.02777	0.11028	0.00973	0.00782	0.00223	0.03245	0.00806	0.00572	0.03287
4	0.07746	0.01382	0.04608	0.04839	0.17777	0.01348	0.01309	0.04631	0.08537	0.09245	0.05247	0.07002	0.15077	0.01088	0.00826	0.00232	0.05134	0.00900	0.00551	0.02518
5	0.08124	0.08607	0.02218	0.08811	0.15603	0.04553	0.07813	0.04557	0.07690	0.02286	0.03752	0.10094	0.04365	0.01180	0.04319	0.00274	0.03580	0.00827	0.00457	0.00889
6	0.01911	0.01767	0.02251	0.02857	0.35103	0.09850	0.01637	0.09737	0.10543	0.04587	0.03937	0.02246	0.04933	0.01036	0.04249	0.00261	0.00860	0.00708	0.00487	0.01040
7	0.09202	0.05217	0.04408	0.05659	0.08708	0.04516	0.01229	0.16468	0.11427	0.02801	0.04985	0.08197	0.12142	0.01067	0.00709	0.00226	0.00669	0.00871	0.00570	0.00930
8	0.06510	0.05382	0.01616	0.01323	0.01665	0.04912	0.04285	0.05097	0.22211	0.07842	0.13333	0.11416	0.02969	0.03669	0.00845	0.00252	0.00609	0.04522	0.00648	0.00894
9	0.01657	0.08919	0.03441	0.01278	0.01561	0.09093	0.01029	0.05556	0.05301	0.08777	0.06278	0.11209	0.02247	0.08469	0.17909	0.00482	0.04608	0.00876	0.00515	0.00796
10	0.01286	0.02269	0.35387	0.04229	0.05185	0.01337	0.01820	0.01918	0.05109	0.02069	0.01810	0.09237	0.01610	0.02162	0.20854	0.00492	0.01191	0.00766	0.00385	0.00886
11	0.01691	0.07288	0.15460	0.01808	0.05738	0.05110	0.09236	0.05071	0.10952	0.02377	0.01490	0.01692	0.01170	0.00699	0.00736	0.00191	0.04807	0.00573	0.00425	0.23486
12	0.01252	0.00979	0.01111	0.01082	0.01297	0.01004	0.00799	0.04488	0.17844	0.02193	0.03592	0.18719	0.13203	0.16527	0.01389	0.00344	0.00545	0.08339	0.00619	0.04673
13	0.01080	0.00795	0.00966	0.01031	0.01161	0.00773	0.00726	0.08901	0.01632	0.02146	0.04113	0.56704	0.13245	0.02011	0.00877	0.00274	0.00450	0.01790	0.00667	0.00656
14	0.02490	0.01873	0.02018	0.01555	0.02119	0.02026	0.01276	0.55360	0.08233	0.04116	0.01749	0.01756	0.01267	0.00825	0.00692	0.00203	0.00736	0.00628	0.00679	0.10399
15	0.01477	0.01266	0.01477	0.01055	0.01687	0.00949	0.00844	0.01793	0.01477	0.02320	0.01266	0.01477	0.01055	0.00527	0.00527	0.00105	0.00527	0.00422	0.00422	0.79328
16	0.02262	0.01791	0.20561	0.01391	0.02007	0.01134	0.01398	0.02692	0.01866	0.38443	0.12471	0.02838	0.06015	0.00960	0.00730	0.00223	0.00675	0.00791	0.00696	0.01056
17	0.02707	0.01995	0.02137	0.01638	0.02208	0.02208	0.01353	0.68159	0.03348	0.04488	0.01710	0.01710	0.01211	0.00855	0.00712	0.00214	0.00784	0.00641	0.00712	0.01211
18	0.00894	0.00643	0.00852	0.01002	0.01065	0.00601	0.00694	0.01044	0.01421	0.01889	0.06814	0.64250	0.06997	0.02164	0.00909	0.00288	0.00426	0.06792	0.00666	0.00589
19	0.02707	0.01995	0.02137	0.01638	0.02208	0.02208	0.01353	0.68159	0.03348	0.04488	0.01710	0.01710	0.01211	0.00855	0.00712	0.00214	0.00784	0.00641	0.00712	0.01211
20	0.01477	0.01266	0.01477	0.01055	0.01687	0.00949	0.00844	0.01793	0.01477	0.02320	0.01266	0.01477	0.01055	0.00527	0.00527	0.00105	0.00527	0.00422	0.00422	0.79328
21	0.01836	0.01384	0.01534	0.01341	0.01689	0.01497	0.01053	0.30894	0.12548	0.03176	0.02930	0.19745	0.06863	0.04330	0.00906	0.00265	0.00624	0.05761	0.00683	0.00940
22	0.02597	0.01929	0.02078	0.01586	0.02162	0.02096	0.01308	0.62234	0.03181	0.04294	0.01670	0.01689	0.01197	0.00826	0.00696	0.00204	0.00761	0.00622	0.00686	0.08185
23	0.01996	0.31190	0.06334	0.01376	0.01918	0.02157	0.01251	0.17300	0.15455	0.05280	0.01997	0.04828	0.04317	0.00865	0.00624	0.00200	0.00706	0.00658	0.00532	0.01016
24	0.01975	0.14179	0.05578	0.01747	0.09906	0.12627	0.01298	0.11751	0.04299	0.08873	0.02090	0.18552	0.01989	0.01086	0.00702	0.00218	0.00768	0.00897	0.00532	0.00933
25	0.12660	0.13020	0.13273	0.01532	0.02139	0.11122	0.01431	0.23506	0.02173	0.10526	0.01482	0.01543	0.01082	0.00752	0.00624	0.00204	0.00838	0.00535	0.00524	0.01034
26	0.06428	0.18989	0.07601	0.01439	0.01998	0.05582	0.01295	0.30246	0.04879	0.03133	0.04628	0.01973	0.05131	0.00840	0.00640	0.00199	0.00755	0.00624	0.00547	0.03073
27	0.05003	0.04587	0.10617	0.04053	0.02152	0.01629	0.07147	0.22703	0.08253	0.05479	0.02203	0.10064	0.04343	0.07381	0.00977	0.00269	0.00759	0.00857	0.00565	0.00959
28	0.04343	0.12434	0.05294	0.01758	0.02238	0.08111	0.18498	0.08072	0.07138	0.02301	0.02109	0.10489	0.05406	0.01343	0.07006	0.00304	0.00953	0.00856	0.00467	0.00882
29	0.01952	0.04902	0.02586	0.12439	0.16660	0.14173	0.13059	0.09216	0.09012	0.03773	0.01545	0.01842	0.01206	0.00897	0.03418	0.00252	0.00994	0.00654	0.00438	0.00981
30	0.05388	0.04700	0.08162	0.01779	0.04719	0.19899	0.05048	0.11708	0.10066	0.06396	0.04408	0.04782	0.01555	0.00898	0.00835	0.00222	0.07293	0.00679	0.00505	0.00957
31	0.01748	0.05813	0.09713	0.07539	0.17303	0.04554	0.01587	0.09858	0.09144	0.05108	0.04442	0.02609	0.05399	0.01143	0.04316	0.00273	0.03600	0.04384	0.00494	0.00973

[dist]
# distance from previous block
# <min> <max>
11	181

[block]
# block no. 3 follows, 29 sequences, length 93
# corresponding to MSA columns:
# 588-680
name=unknown_D
#
# <colnr> <probs for GDERKNQSTAVLIFYWHMCP>
#	G	D	E	R	K	N	Q	S	T	A	V	L	I	F	Y	W	H	M	C	P
0	0.04294	0.13456	0.01832	0.01251	0.01639	0.07529	0.04458	0.05817	0.07917	0.07951	0.15178	0.08205	0.12710	0.01132	0.00713	0.00213	0.00624	0.00940	0.00595	0.03545
1	0.06402	0.01576	0.01857	0.01776	0.09883	0.05597	0.04369	0.22309	0.06865	0.05089	0.08076	0.09110	0.08333	0.01088	0.00817	0.00230	0.04168	0.00896	0.00602	0.00957
2	0.04753	0.05725	0.01974	0.03848	0.06568	0.01637	0.03460	0.14082	0.16879	0.16889	0.02081	0.04528	0.01586	0.00942	0.00849	0.02936	0.04511	0.00709	0.00616	0.05429
3	0.01777	0.06051	0.09974	0.10252	0.07379	0.01751	0.17901	0.16480	0.05867	0.02722	0.05091	0.02239	0.05268	0.00806	0.00733	0.00221	0.00871	0.00743	0.00481	0.03394
4	0.01654	0.01589	0.02414	0.10141	0.09221	0.05542	0.17725	0.02365	0.14657	0.04627	0.09771	0.02542	0.04252	0.00916	0.00946	0.00240	0.09162	0.00814	0.00496	0.00925
5	0.01520	0.12324	0.04162	0.01387	0.04106	0.05332	0.04867	0.04027	0.01632	0.05395	0.09533	0.13135	0.08372	0.05917	0.00966	0.00248	0.03112	0.04659	0.00525	0.08782
6	0.01402	0.03878	0.05695	0.01694	0.10352	0.05191	0.03566	0.03916	0.01511	0.02047	0.02516	0.15860	0.09749	0.03894	0.08222	0.00332	0.07404	0.00969	0.00465	0.11339
7	0.01724	0.01601	0.05392	0.01867	0.08099	0.03962	0.13326	0.13021	0.11470	0.05295	0.16980	0.03139	0.08928	0.01010	0.00772	0.00227	0.00723	0.00909	0.00603	0.00953
8	0.01713	0.07120	0.11361	0.01636	0.02197	0.05432	0.13439	0.10283	0.04173	0.04955	0.13254	0.02563	0.05474	0.00871	0.00709	0.00204	0.00770	0.00765	0.02438	0.10646
9	0.06282	0.05584	0.04940	0.01454	0.05584	0.04745	0.01141	0.05738	0.11103	0.12397	0.08495	0.07434	0.10110	0.01121	0.00832	0.00230	0.05638	0.03035	0.00602	0.03537
10	0.01461	0.04408	0.15297	0.05122	0.10900	0.03666	0.01437	0.02025	0.07654	0.02257	0.04710	0.02746	0.11301	0.00891	0.00678	0.00196	0.00702	0.02883	0.00460	0.21206
11	0.09659	0.01367	0.05628	0.01797	0.13390	0.01235	0.05769	0.06407	0.04949	0.02416	0.02819	0.19990	0.11308	0.01202	0.00736	0.00229	0.00630	0.01057	0.00526	0.08886
12	0.01522	0.01290	0.01480	0.01089	0.01687	0.01040	0.00870	0.05033	0.05467	0.02443	0.01663	0.01811	0.04409	0.00629	0.00562	0.00125	0.00534	0.00506	0.00464	0.67377
13	0.04484	0.04513	0.20154	0.05649	0.05542	0.01296	0.01478	0.03993	0.01731	0.17082	0.11448	0.02539	0.05806	0.00875	0.00687	0.00207	0.00704	0.00718	0.00546	0.10549
14	0.01762	0.01577	0.02596	0.03733	0.57236	0.01538	0.01927	0.02164	0.01651	0.05629	0.05320	0.01971	0.01470	0.00684	0.00697	0.00203	0.00777	0.00657	0.00408	0.07999
15	0.00989	0.00720	0.00917	0.01001	0.01084	0.00722	0.00701	0.01215	0.04540	0.01793	0.03433	0.37145	0.07437	0.18021	0.10589	0.00482	0.00689	0.07352	0.00579	0.00589
16	0.01836	0.01562	0.01647	0.01462	0.01876	0.01801	0.01143	0.08233	0.64692	0.03083	0.02816	0.02591	0.02107	0.00958	0.00724	0.00240	0.00579	0.00794	0.00724	0.01133
17	0.02422	0.05593	0.04805	0.02157	0.08723	0.54607	0.07227	0.02688	0.01914	0.01859	0.01155	0.01386	0.00950	0.00707	0.00660	0.00191	0.01210	0.00508	0.00360	0.00876
18	0.01608	0.03385	0.62295	0.01988	0.02981	0.01600	0.04663	0.02374	0.01561	0.08919	0.01432	0.01606	0.00991	0.00694	0.00686	0.00225	0.01014	0.00555	0.00359	0.01065
19	0.01031	0.00709	0.00871	0.00871	0.00904	0.00742	0.00549	0.01096	0.01064	0.01451	0.02157	0.04181	0.02381	0.57068	0.21247	0.00807	0.01003	0.00965	0.00419	0.00484
20	0.01719	0.01477	0.01565	0.01423	0.01805	0.01703	0.01100	0.03623	0.65346	0.02912	0.02957	0.06786	0.02319	0.01039	0.00735	0.00244	0.00555	0.00875	0.00721	0.01096
21	0.01236	0.00830	0.01136	0.01244	0.01436	0.00809	0.01072	0.01551	0.01682	0.06117	0.07734	0.07473	0.08724	0.01864	0.00950	0.00310	0.00614	0.53857	0.00676	0.00685
22	0.02161	0.01687	0.02201	0.04198	0.10194	0.09838	0.11423	0.09289	0.08180	0.18155	0.02057	0.07075	0.01661	0.05042	0.00955	0.00254	0.03265	0.00797	0.00571	0.00996
23	0.01681	0.01921	0.04202	0.03001	0.03721	0.01801	0.67947	0.02281	0.01681	0.02281	0.01441	0.01921	0.01080	0.00600	0.00840	0.00240	0.01200	0.00840	0.00360	0.00960
24	0.00974	0.00727	0.00905	0.00860	0.01043	0.00657	0.00645	0.01278	0.01935	0.02664	0.57248	0.05634	0.19747	0.01527	0.00840	0.00227	0.00341	0.01332	0.00759	0.00657
25	0.02378	0.01505	0.01801	0.01461	0.01927	0.01577	0.03456	0.26516	0.15005	0.21615	0.02458	0.06028	0.01919	0.04515	0.00882	0.00254	0.00680	0.04205	0.00729	0.01090
26	0.01552	0.20031	0.51974	0.01899	0.02831	0.01929	0.06025	0.02228	0.01500	0.02124	0.01221	0.01444	0.00915	0.00657	0.00635	0.00210	0.00994	0.00511	0.00305	0.01015
27	0.01350	0.00975	0.01231	0.01266	0.01502	0.01007	0.01057	0.02030	0.16138	0.05677	0.11901	0.06238	0.06289	0.01632	0.00893	0.00288	0.00583	0.38462	0.00697	0.00783
28	0.01762	0.01692	0.02890	0.04371	0.70533	0.01692	0.02185	0.02185	0.01621	0.02326	0.01339	0.01762	0.01128	0.00634	0.00705	0.00211	0.00846	0.00634	0.00352	0.01128
29	0.01815	0.01571	0.02771	0.20069	0.36984	0.01609	0.12044	0.02260	0.01631	0.10058	0.01506	0.01894	0.01151	0.00676	0.00729	0.00223	0.00897	0.00675	0.00406	0.01032
30	0.01345	0.01266	0.02136	0.73264	0.04904	0.01582	0.01978	0.01819	0.01424	0.01819	0.01266	0.01898	0.00949	0.00712	0.00712	0.00237	0.00949	0.00633	0.00316	0.00791
31	0.00896	0.00737	0.00797	0.00822	0.01048	0.00638	0.00643	0.01105	0.01638	0.01985	0.08586	0.06996	0.57659	0.01819	0.00864	0.00254	0.00407	0.11830	0.00664	0.00612
32	0.00848	0.00722	0.00730	0.00728	0.00965	0.00604	0.00546	0.01034	0.01637	0.01957	0.09485	0.06797	0.67951	0.01791	0.00842	0.00240	0.00360	0.01495	0.00666	0.00604
33	0.02624	0.07275	0.02134	0.01769	0.02181	0.57313	0.01363	0.12949	0.02192	0.02165	0.01189	0.01342	0.00963	0.00745	0.00642	0.00186	0.01177	0.00483	0.00417	0.00890
34	0.01829	0.01548	0.01631	0.01444	0.01857	0.01775	0.01130	0.09666	0.61047	0.03086	0.02921	0.02699	0.04189	0.00982	0.00727	0.00239	0.00578	0.00811	0.00721	0.01119
35	0.01620	0.01661	0.02172	0.01867	0.01888	0.06094	0.01548	0.01777	0.01142	0.01715	0.00944	0.01543	0.00934	0.01218	0.02242	0.00304	0.69622	0.00614	0.00315	0.00782
36	0.01762	0.01692	0.02890	0.04371	0.70533	0.01692	0.02185	0.02185	0.01621	0.02326	0.01339	0.01762	0.01128	0.00634	0.00705	0.00211	0.00846	0.00634	0.00352	0.01128
37	0.00868	0.00620	0.00826	0.00991	0.01033	0.00578	0.00661	0.00991	0.01363	0.01818	0.03925	0.74510	0.04710	0.02231	0.00909	0.00289	0.00413	0.02024	0.00661	0.00578
38	0.00921	0.00703	0.00849	0.00943	0.01087	0.00641	0.00705	0.01104	0.01510	0.01908	0.05126	0.31820	0.30259	0.04591	0.00994	0.00292	0.00452	0.14845	0.00652	0.00598
39	0.00868	0.00620	0.00826	0.00991	0.01033	0.00578	0.00661	0.00991	0.01363	0.01818	0.03925	0.74510	0.04710	0.02231	0.00909	0.00289	0.00413	0.02024	0.00661	0.00578
40	0.02660	0.03394	0.02018	0.01834	0.02201	0.72116	0.01376	0.02843	0.02018	0.01743	0.01101	0.01284	0.00917	0.00734	0.00642	0.00183	0.01284	0.00459	0.00367	0.00825
41	0.01036	0.00690	0.00777	0.00777	0.00777	0.00690	0.00431	0.01036	0.01036	0.01381	0.02244	0.04660	0.02589	0.74975	0.03624	0.00690	0.00690	0.01036	0.00431	0.00431
42	0.02660	0.03394	0.02018	0.01834	0.02201	0.72116	0.01376	0.02843	0.02018	0.01743	0.01101	0.01284	0.00917	0.00734	0.00642	0.00183	0.01284	0.00459	0.00367	0.00825
43	0.01017	0.00690	0.00812	0.00825	0.00845	0.00690	0.00493	0.01062	0.01129	0.01522	0.06253	0.11346	0.02984	0.59861	0.07038	0.00650	0.00711	0.01130	0.00471	0.00471
44	0.00863	0.00637	0.00808	0.00945	0.01021	0.00582	0.00640	0.00997	0.01408	0.01836	0.04488	0.62920	0.15936	0.02158	0.00897	0.00281	0.00404	0.01935	0.00661	0.00582
45	0.01738	0.01667	0.02847	0.08330	0.66762	0.01686	0.02173	0.02164	0.01610	0.02297	0.01335	0.01770	0.01118	0.00639	0.00705	0.00213	0.00852	0.00634	0.00350	0.01109
46	0.01867	0.59401	0.14913	0.01388	0.02058	0.06501	0.01463	0.02192	0.01488	0.01776	0.01044	0.01210	0.00912	0.00627	0.00504	0.00166	0.00839	0.00409	0.00307	0.00932
47	0.48940	0.01634	0.01450	0.03771	0.01784	0.05733	0.01011	0.18814	0.01850	0.07286	0.01293	0.01402	0.00953	0.00728	0.00546	0.00217	0.00669	0.00482	0.00526	0.00911
48	0.01017	0.00763	0.01144	0.01144	0.01272	0.00890	0.00890	0.01272	0.01144	0.01653	0.01907	0.02797	0.01780	0.05340	0.72153	0.01144	0.01907	0.00763	0.00381	0.00636
49	0.02972	0.01331	0.01697	0.01327	0.01862	0.01255	0.01088	0.10197	0.10324	0.55895	0.02706	0.02378	0.01755	0.00889	0.00717	0.00222	0.00619	0.00719	0.00845	0.01201
50	0.01446	0.01369	0.02320	0.56484	0.20889	0.01609	0.02028	0.01908	0.01472	0.01943	0.01284	0.01865	0.00993	0.00693	0.00710	0.00231	0.00924	0.00633	0.00325	0.00873
51	0.02160	0.01645	0.01766	0.01471	0.01937	0.01833	0.01177	0.28397	0.36266	0.07374	0.02677	0.02514	0.05588	0.00965	0.00726	0.00230	0.00639	0.00776	0.00725	0.01135
52	0.01472	0.00816	0.00832	0.00779	0.00991	0.00843	0.00598	0.08099	0.03579	0.02840	0.02280	0.02564	0.01776	0.00836	0.00525	0.00173	0.00382	0.00665	0.69223	0.00729
53	0.01240	0.01140	0.07200	0.01033	0.01360	0.00919	0.00888	0.07281	0.04264	0.05072	0.32066	0.04996	0.26967	0.01416	0.00807	0.00229	0.00464	0.01201	0.00695	0.00763
54	0.01507	0.07442	0.53608	0.02183	0.03141	0.01751	0.15982	0.02253	0.01537	0.02227	0.01295	0.01568	0.00939	0.00657	0.00698	0.00224	0.01066	0.00582	0.00313	0.01025
55	0.00889	0.00633	0.00840	0.00997	0.01042	0.00596	0.00674	0.01017	0.01361	0.01812	0.03837	0.67909	0.04578	0.05684	0.01042	0.00310	0.00438	0.05114	0.00650	0.00575
56	0.01845	0.01718	0.02824	0.04131	0.64533	0.01737	0.02112	0.07979	0.01773	0.02516	0.01372	0.01758	0.01135	0.00654	0.00706	0.00212	0.00840	0.00635	0.00384	0.01135
57	0.01706	0.01673	0.02666	0.20765	0.51432	0.05133	0.02096	0.02130	0.01594	0.02176	0.01310	0.01771	0.01075	0.00658	0.00704	0.00216	0.00892	0.00625	0.00345	0.01032
58	0.02408	0.01658	0.01829	0.01492	0.01989	0.01814	0.01203	0.29566	0.30455	0.16079	0.02405	0.02234	0.01712	0.00906	0.00718	0.00226	0.00660	0.00723	0.00748	0.01176
59	0.00995	0.00724	0.00954	0.01034	0.01170	0.00683	0.00801	0.01253	0.01678	0.02253	0.25307	0.26181	0.11083	0.01865	0.00903	0.00276	0.00457	0.21050	0.00699	0.00634
60	0.01566	0.09962	0.01720	0.01331	0.01585	0.14833	0.03222	0.01974	0.09330	0.02048	0.12687	0.11999	0.04875	0.10160	0.01218	0.00287	0.06627	0.03296	0.00524	0.00756
61	0.02062	0.01556	0.02012	0.11058	0.20465	0.05014	0.01469	0.19490	0.02086	0.10577	0.01839	0.05391	0.01455	0.00837	0.00687	0.00212	0.00746	0.00707	0.11326	0.01013
62	0.00868	0.00620	0.00826	0.00991	0.01033	0.00578	0.00661	0.00991	0.01363	0.01818	0.03925	0.74510	0.04710	0.02231	0.00909	0.00289	0.00413	0.02024	0.00661	0.00578
63	0.01719	0.01648	0.02812	0.11508	0.63734	0.01680	0.02164	0.02147	0.01601	0.02274	0.01332	0.01776	0.01109	0.00642	0.00706	0.00214	0.00857	0.00634	0.00349	0.01093
64	0.01787	0.50997	0.15727	0.01592	0.02286	0.02449	0.09747	0.02229	0.03814	0.01898	0.01163	0.01355	0.00976	0.00632	0.00553	0.00179	0.00861	0.00478	0.00325	0.00952
65	0.02642	0.01896	0.02046	0.01577	0.02130	0.02075	0.01300	0.61789	0.03202	0.07642	0.02025	0.01989	0.04514	0.00901	0.00719	0.00215	0.00755	0.00686	0.00718	0.01182
66	0.01428	0.03683	0.71286	0.02030	0.03082	0.01654	0.02631	0.02255	0.01503	0.02255	0.01278	0.01503	0.00902	0.00677	0.00677	0.00226	0.01052	0.00526	0.00301	0.01052
67	0.00999	0.00751	0.00777	0.00764	0.00975	0.00675	0.00561	0.03432	0.01617	0.02097	0.07882	0.07918	0.47906	0.08057	0.01034	0.00269	0.00401	0.01320	0.11946	0.00618
68	0.01620	0.08032	0.02310	0.09306	0.02201	0.02175	0.01562	0.04914	0.01264	0.01853	0.01011	0.01564	0.00948	0.01116	0.01924	0.00285	0.56167	0.00604	0.00330	0.00813
69	0.01345	0.01266	0.02136	0.73264	0.04904	0.01582	0.01978	0.01819	0.01424	0.01819	0.01266	0.01898	0.00949	0.00712	0.00712	0.00237	0.00949	0.00633	0.00316	0.00791
70	0.03121	0.01260	0.01674	0.01291	0.01837	0.01128	0.01064	0.06551	0.04505	0.65434	0.02760	0.02398	0.01751	0.00883	0.00716	0.00221	0.00613	0.00716	0.00868	0.01209
71	0.04223	0.01521	0.02245	0.14373	0.02485	0.02035	0.05254	0.01776	0.01185	0.01814	0.01022	0.01624	0.00940	0.01097	0.01905	0.00292	0.54469	0.00629	0.00320	0.00791
72	0.00868	0.00620	0.00826	0.00991	0.01033	0.00578	0.00661	0.00991	0.01363	0.01818	0.03925	0.74510	0.04710	0.02231	0.00909	0.00289	0.00413	0.02024	0.00661	0.00578
73	0.01156	0.00732	0.00940	0.00989	0.01146	0.00665	0.00724	0.01349	0.01584	0.09499	0.12457	0.40901	0.16020	0.01893	0.00874	0.00268	0.00436	0.06999	0.00700	0.00669
74	0.01429	0.05521	0.05368	0.02073	0.16167	0.01395	0.08786	0.04154	0.06512	0.02331	0.13337	0.16289	0.06146	0.01196	0.00886	0.00239	0.05714	0.01060	0.00528	0.00869
75	0.01428	0.03683	0.71286	0.02030	0.03082	0.01654	0.02631	0.02255	0.01503	0.02255	0.01278	0.01503	0.00902	0.00677	0.00677	0.00226	0.01052	0.00526	0.00301	0.01052
76	0.02660	0.03394	0.02018	0.01834	0.02201	0.72116	0.01376	0.02843	0.02018	0.01743	0.01101	0.01284	0.00917	0.00734	0.00642	0.00183	0.01284	0.00459	0.00367	0.00825
77	0.01498	0.11779	0.59447	0.01996	0.02978	0.01796	0.06473	0.02243	0.01508	0.02190	0.01255	0.01488	0.00914	0.00664	0.00661	0.00218	0.01028	0.00529	0.00305	0.01031
78	0.01724	0.16974	0.10766	0.02393	0.05104	0.05407	0.37741	0.02279	0.03882	0.02142	0.01562	0.01879	0.03462	0.00672	0.00728	0.00217	0.01039	0.00711	0.00365	0.00952
79	0.00883	0.00645	0.00866	0.03394	0.01160	0.00613	0.00701	0.01020	0.01374	0.01821	0.03950	0.69736	0.06862	0.02165	0.00900	0.00286	0.00429	0.01960	0.00650	0.00586
80	0.01689	0.01617	0.02757	0.16542	0.58938	0.01672	0.02149	0.02121	0.01586	0.02237	0.01326	0.01786	0.01096	0.00648	0.00706	0.00216	0.00864	0.00634	0.00346	0.01068
81	0.01798	0.04290	0.04762	0.25243	0.15869	0.11479	0.09316	0.06004	0.04062	0.04474	0.01528	0.05230	0.01253	0.00778	0.00716	0.00223	0.00943	0.00696	0.00406	0.00930
82	0.01312	0.01716	0.16138	0.06844	0.07896	0.01284	0.18992	0.01761	0.01515	0.02085	0.02350	0.26381	0.02422	0.01248	0.00819	0.00256	0.00832	0.04850	0.00462	0.00836
83	0.01124	0.00888	0.00973	0.00981	0.01142	0.05510	0.00711	0.01353	0.01738	0.04634	0.31616	0.28920	0.14323	0.01701	0.00846	0.00246	0.00440	0.01495	0.00700	0.00659
84	0.01518	0.01300	0.07393	0.01648	0.08272	0.01073	0.08630	0.05428	0.01677	0.11802	0.03430	0.26000	0.14290	0.03070	0.00874	0.00258	0.00641	0.01263	0.00596	0.00837
85	0.01733	0.07734	0.36635	0.06781	0.05261	0.01620	0.11554	0.02329	0.01576	0.11808	0.01545	0.01858	0.01143	0.04349	0.00839	0.00245	0.00959	0.00624	0.00400	0.01006
86	0.01035	0.00854	0.01410	0.01352	0.01518	0.00813	0.11324	0.01263	0.01434	0.01918	0.03417	0.52030	0.03925	0.02097	0.04414	0.00328	0.00638	0.08981	0.00599	0.00650
87	0.02012	0.01984	0.06847	0.04777	0.17621	0.09636	0.05352	0.18302	0.12999	0.02862	0.01707	0.01892	0.01311	0.00790	0.00751	0.00218	0.03337	0.00650	0.05907	0.01044
88	0.01615	0.02357	0.25288	0.06742	0.11089	0.04059	0.20837	0.06714	0.01682	0.02327	0.01520	0.05351	0.01241	0.01004	0.04741	0.00281	0.01069	0.00728	0.00378	0.00976
89	0.01728	0.01844	0.07477	0.11628	0.28036	0.05150	0.15813	0.02277	0.05525	0.04501	0.01472	0.01868	0.01163	0.00864	0.03209	0.00259	0.05125	0.00678	0.00385	0.00998
90	0.01385	0.01061	0.01147	0.03547	0.01431	0.07680	0.00866	0.05281	0.01657	0.08141	0.05940	0.43977	0.08173	0.01767	0.00845	0.00263	0.00560	0.04920	0.00648	0.00710
91	0.02111	0.07465	0.12366	0.02344	0.16727	0.18201	0.07200	0.09455	0.05743	0.06891	0.01481	0.01663	0.01135	0.00714	0.00677	0.00204	0.00952	0.00586	0.00442	0.03643
92	0.06178	0.02336	0.25613	0.09303	0.04898	0.08677	0.05447	0.06531	0.03579	0.06765	0.09634	0.02261	0.04035	0.00840	0.00704	0.00222	0.00873	0.00692	0.00465	0.00946

[dist]
# distance from previous block
# <min> <max>
0	85

# created by:
# /home/berkeley/.conda/envs/busco_data_prod/bin/msa2prfl.pl pipeline/OGs_align_augustus/4893/42264.fs
