[name]
unknown

[dist]
# distance from previous block
# <min> <max>
0	9

[block]
# block no. 0 follows, 31 sequences, length 88
# corresponding to MSA columns:
# 11-98
name=unknown_A
#
# <colnr> <probs for GDERKNQSTAVLIFYWHMCP>
#	G	D	E	R	K	N	Q	S	T	A	V	L	I	F	Y	W	H	M	C	P
0	0.01136	0.01046	0.05608	0.01074	0.01416	0.00818	0.03783	0.01415	0.01497	0.04242	0.07829	0.11094	0.23259	0.03667	0.05159	0.00280	0.00597	0.08715	0.00545	0.16820
1	0.01562	0.01790	0.13975	0.07844	0.12120	0.04152	0.14086	0.09254	0.01599	0.02158	0.01678	0.04168	0.05029	0.01062	0.01087	0.13578	0.02938	0.00706	0.00385	0.00829
2	0.00829	0.00614	0.00775	0.00904	0.00980	0.00560	0.00614	0.00958	0.01356	0.01765	0.04358	0.62708	0.16948	0.02067	0.00861	0.00269	0.00388	0.01852	0.00635	0.00560
3	0.01829	0.76368	0.03585	0.01171	0.01756	0.02707	0.01171	0.02049	0.01390	0.01610	0.00951	0.01097	0.00878	0.00585	0.00439	0.00146	0.00732	0.00366	0.00293	0.00878
4	0.01426	0.02493	0.35886	0.10866	0.07079	0.04106	0.16112	0.02030	0.01508	0.02106	0.04291	0.06116	0.01368	0.00758	0.00707	0.00222	0.00961	0.00700	0.00347	0.00917
5	0.01702	0.01470	0.01547	0.01392	0.01779	0.01702	0.01083	0.03635	0.70453	0.02862	0.02785	0.02553	0.02088	0.00928	0.00696	0.00232	0.00541	0.00773	0.00696	0.01083
6	0.01702	0.01470	0.01547	0.01392	0.01779	0.01702	0.01083	0.03635	0.70453	0.02862	0.02785	0.02553	0.02088	0.00928	0.00696	0.00232	0.00541	0.00773	0.00696	0.01083
7	0.01056	0.00819	0.01182	0.01156	0.01234	0.00978	0.00886	0.01216	0.01098	0.01575	0.01901	0.11954	0.01940	0.06832	0.44396	0.07232	0.12700	0.00869	0.00387	0.00591
8	0.00977	0.00733	0.01100	0.01100	0.01222	0.00855	0.00855	0.01222	0.01100	0.01588	0.01833	0.02688	0.01710	0.05131	0.73245	0.01100	0.01833	0.00733	0.00367	0.00611
9	0.02601	0.01916	0.02053	0.01574	0.02122	0.02122	0.01300	0.69408	0.03217	0.04312	0.01643	0.01643	0.01163	0.00821	0.00684	0.00205	0.00753	0.00616	0.00684	0.01163
10	0.01141	0.00842	0.00976	0.00921	0.01148	0.00808	0.00695	0.04306	0.09463	0.05411	0.29427	0.12855	0.26420	0.01490	0.00792	0.00229	0.00392	0.01282	0.00697	0.00706
11	0.00834	0.00595	0.00794	0.00953	0.00992	0.00556	0.00635	0.00953	0.01310	0.01746	0.03771	0.75510	0.04525	0.02143	0.00873	0.00278	0.00397	0.01945	0.00635	0.00556
12	0.76115	0.01439	0.01061	0.00951	0.01370	0.05817	0.00776	0.02054	0.01211	0.02986	0.00959	0.01119	0.00749	0.00639	0.00435	0.00210	0.00571	0.00375	0.00419	0.00744
13	0.00841	0.00601	0.00801	0.00947	0.00994	0.00561	0.00636	0.00972	0.01346	0.01805	0.07709	0.71406	0.04637	0.02100	0.00869	0.00274	0.00393	0.01904	0.00642	0.00561
14	0.04128	0.01508	0.01735	0.01617	0.07944	0.01646	0.01179	0.13673	0.35527	0.04599	0.02070	0.02053	0.01573	0.00825	0.00747	0.00209	0.04918	0.00655	0.00592	0.12803
15	0.01907	0.01457	0.01595	0.01317	0.01704	0.01593	0.01033	0.32403	0.18155	0.03108	0.01979	0.02394	0.01632	0.13483	0.07511	0.00358	0.00767	0.00711	0.00596	0.06295
16	0.13123	0.26189	0.05363	0.01542	0.06654	0.20446	0.01244	0.05081	0.04625	0.04628	0.04361	0.01501	0.01218	0.00698	0.00555	0.00182	0.00820	0.00487	0.00404	0.00877
17	0.02998	0.01180	0.01586	0.01226	0.01748	0.01042	0.01010	0.03350	0.05549	0.68530	0.02704	0.02340	0.01714	0.00851	0.00688	0.00213	0.00580	0.00692	0.00839	0.01160
18	0.02081	0.01757	0.01755	0.01475	0.01923	0.07162	0.01171	0.27217	0.39195	0.03278	0.02201	0.02095	0.01635	0.00861	0.00681	0.00215	0.00668	0.00682	0.00658	0.03291
19	0.01693	0.17748	0.37285	0.01770	0.05421	0.06024	0.01886	0.10286	0.04564	0.02337	0.03938	0.01582	0.01178	0.00699	0.00619	0.00199	0.00882	0.00530	0.00378	0.00982
20	0.02018	0.01544	0.05803	0.01624	0.08905	0.03653	0.01228	0.21060	0.09844	0.15342	0.10845	0.06513	0.04777	0.01006	0.00718	0.00218	0.00645	0.02613	0.00649	0.00994
21	0.01482	0.10472	0.44858	0.02061	0.02878	0.01775	0.16822	0.02118	0.01444	0.02073	0.01207	0.01500	0.00908	0.00671	0.00790	0.00219	0.06896	0.00564	0.00303	0.00957
22	0.00846	0.00695	0.00745	0.00732	0.00947	0.00593	0.00549	0.01054	0.01647	0.02056	0.21912	0.06241	0.56300	0.01655	0.00808	0.00227	0.00341	0.01396	0.00663	0.00593
23	0.01567	0.01468	0.02269	0.29712	0.14695	0.01786	0.04517	0.08546	0.01494	0.02072	0.01178	0.01683	0.00967	0.00841	0.01176	0.00244	0.23965	0.00614	0.00348	0.00857
24	0.01693	0.01626	0.02777	0.04199	0.71689	0.01626	0.02100	0.02100	0.01558	0.02235	0.01287	0.01693	0.01084	0.00610	0.00677	0.00203	0.00813	0.00610	0.00339	0.01084
25	0.02752	0.01673	0.01903	0.01459	0.02000	0.01761	0.01205	0.48073	0.02810	0.26220	0.01984	0.01864	0.01335	0.00830	0.00686	0.00207	0.00698	0.00639	0.00737	0.01164
26	0.00977	0.00733	0.01100	0.01100	0.01222	0.00855	0.00855	0.01222	0.01100	0.01588	0.01833	0.02688	0.01710	0.05131	0.73245	0.01100	0.01833	0.00733	0.00367	0.00611
27	0.01126	0.00900	0.01364	0.20789	0.05120	0.00971	0.01253	0.01450	0.01497	0.01967	0.06884	0.16830	0.03256	0.01528	0.00844	0.00275	0.00657	0.32077	0.00539	0.00672
28	0.01658	0.01641	0.02509	0.18504	0.50153	0.07142	0.01966	0.02054	0.01548	0.02084	0.01327	0.01873	0.01121	0.00672	0.00682	0.00210	0.00860	0.02673	0.00342	0.00980
29	0.00830	0.00608	0.00781	0.00920	0.00984	0.00558	0.00621	0.00956	0.01341	0.01759	0.04163	0.66954	0.12827	0.02092	0.00865	0.00272	0.00391	0.01883	0.00635	0.00558
30	0.03070	0.01164	0.01588	0.01217	0.01746	0.01006	0.01006	0.03334	0.01958	0.72163	0.02699	0.02329	0.01694	0.00847	0.00688	0.00212	0.00582	0.00688	0.00847	0.01164
31	0.01266	0.01158	0.01881	0.49456	0.11866	0.01345	0.01682	0.01669	0.01436	0.01852	0.02117	0.03018	0.08754	0.00930	0.00728	0.00236	0.00807	0.08654	0.00382	0.00764
32	0.01563	0.01758	0.18525	0.08277	0.11969	0.01290	0.09736	0.04520	0.01597	0.10847	0.05020	0.17764	0.02063	0.01023	0.00736	0.00230	0.00768	0.00933	0.00483	0.00900
33	0.00830	0.00608	0.00781	0.00920	0.00984	0.00558	0.00621	0.00956	0.01341	0.01759	0.04163	0.66954	0.12827	0.02092	0.00865	0.00272	0.00391	0.01883	0.00635	0.00558
34	0.01497	0.01497	0.02095	0.01796	0.01796	0.02095	0.01497	0.01646	0.01048	0.01646	0.00898	0.01497	0.00898	0.01197	0.02245	0.00299	0.74704	0.00599	0.00299	0.00748
35	0.01419	0.01216	0.01419	0.01013	0.01621	0.00912	0.00811	0.01723	0.01419	0.02229	0.01216	0.01419	0.01013	0.00507	0.00507	0.00101	0.00507	0.00405	0.00405	0.80139
36	0.01829	0.76368	0.03585	0.01171	0.01756	0.02707	0.01171	0.02049	0.01390	0.01610	0.00951	0.01097	0.00878	0.00585	0.00439	0.00146	0.00732	0.00366	0.00293	0.00878
37	0.01693	0.01626	0.02777	0.04199	0.71689	0.01626	0.02100	0.02100	0.01558	0.02235	0.01287	0.01693	0.01084	0.00610	0.00677	0.00203	0.00813	0.00610	0.00339	0.01084
38	0.02444	0.02067	0.01950	0.01576	0.02064	0.13940	0.01268	0.47380	0.14123	0.03631	0.01734	0.01725	0.01269	0.00820	0.00675	0.00205	0.00798	0.00613	0.00631	0.01088
39	0.01693	0.01626	0.02777	0.04199	0.71689	0.01626	0.02100	0.02100	0.01558	0.02235	0.01287	0.01693	0.01084	0.00610	0.00677	0.00203	0.00813	0.00610	0.00339	0.01084
40	0.02599	0.01977	0.02048	0.01583	0.02121	0.05331	0.01301	0.66398	0.03159	0.04193	0.01616	0.01624	0.01151	0.00816	0.00681	0.00204	0.00775	0.00608	0.00669	0.01147
41	0.01877	0.30248	0.15756	0.01916	0.11553	0.10194	0.04505	0.09484	0.04558	0.02172	0.01229	0.01408	0.00992	0.00653	0.00583	0.00184	0.00864	0.00496	0.00366	0.00962
42	0.06936	0.05373	0.21800	0.01944	0.13065	0.04571	0.01645	0.11694	0.07527	0.14079	0.03705	0.01812	0.01338	0.00743	0.00649	0.00208	0.00782	0.00594	0.00502	0.01032
43	0.04823	0.01269	0.01497	0.01191	0.01633	0.01265	0.00965	0.20360	0.04618	0.35020	0.02270	0.02249	0.01584	0.04081	0.00766	0.00222	0.00584	0.00668	0.13907	0.01028
44	0.09795	0.01897	0.22864	0.01399	0.02067	0.01227	0.01431	0.02789	0.01705	0.41564	0.02028	0.01909	0.01326	0.00753	0.00644	0.00208	0.00703	0.00591	0.00620	0.04482
45	0.01405	0.08733	0.67503	0.01894	0.02875	0.01669	0.02431	0.02158	0.01441	0.02127	0.01208	0.01420	0.00867	0.00645	0.00635	0.00212	0.00991	0.00496	0.00289	0.01002
46	0.00920	0.00724	0.01103	0.01138	0.01250	0.00677	0.06862	0.01095	0.01362	0.01809	0.03647	0.62396	0.06315	0.01973	0.00870	0.00274	0.00478	0.05904	0.00609	0.00594
47	0.00995	0.00663	0.00746	0.00746	0.00746	0.00663	0.00415	0.00995	0.00995	0.01327	0.02156	0.04477	0.02487	0.75957	0.03482	0.00663	0.00663	0.00995	0.00415	0.00415
48	0.01693	0.01626	0.02777	0.04199	0.71689	0.01626	0.02100	0.02100	0.01558	0.02235	0.01287	0.01693	0.01084	0.00610	0.00677	0.00203	0.00813	0.00610	0.00339	0.01084
49	0.01196	0.00794	0.01062	0.01197	0.07288	0.00724	0.00785	0.01405	0.01573	0.10451	0.15791	0.32887	0.18937	0.01634	0.00808	0.00242	0.00432	0.01444	0.00655	0.00696
50	0.00924	0.00698	0.00854	0.00815	0.00995	0.00627	0.00611	0.01206	0.01833	0.02497	0.53624	0.05516	0.24313	0.01490	0.00807	0.00220	0.00329	0.01294	0.00721	0.00627
51	0.01960	0.01271	0.01429	0.01179	0.01539	0.04160	0.00939	0.22957	0.02318	0.16580	0.30523	0.03224	0.03457	0.01058	0.00724	0.00207	0.00544	0.00879	0.04138	0.00913
52	0.01666	0.01879	0.05074	0.01844	0.01973	0.13425	0.04444	0.01865	0.01231	0.01696	0.00958	0.01468	0.00900	0.01069	0.01856	0.00273	0.56717	0.00579	0.00309	0.00774
53	0.03070	0.01164	0.01588	0.01217	0.01746	0.01006	0.01006	0.03334	0.01958	0.72163	0.02699	0.02329	0.01694	0.00847	0.00688	0.00212	0.00582	0.00688	0.00847	0.01164
54	0.01490	0.01509	0.02295	0.01902	0.01993	0.01999	0.09875	0.01697	0.01120	0.01712	0.00997	0.01589	0.00949	0.01282	0.04988	0.00324	0.62576	0.00630	0.00308	0.00764
55	0.02363	0.01736	0.01882	0.01473	0.01947	0.01918	0.01196	0.59357	0.02896	0.03888	0.01699	0.01954	0.01312	0.07681	0.05226	0.00299	0.00809	0.00656	0.00642	0.01065
56	0.00870	0.00691	0.00781	0.00768	0.00964	0.00602	0.00573	0.01098	0.01691	0.02183	0.31167	0.09138	0.43801	0.01625	0.00811	0.00227	0.00340	0.01388	0.00680	0.00602
57	0.00834	0.00595	0.00794	0.00953	0.00992	0.00556	0.00635	0.00953	0.01310	0.01746	0.03771	0.75510	0.04525	0.02143	0.00873	0.00278	0.00397	0.01945	0.00635	0.00556
58	0.01640	0.01291	0.01433	0.01330	0.01676	0.01441	0.01060	0.03094	0.50435	0.07015	0.03096	0.03674	0.05045	0.01137	0.00747	0.00247	0.00553	0.13413	0.00691	0.00983
59	0.01871	0.72106	0.03489	0.01205	0.01777	0.06817	0.01179	0.02088	0.01422	0.01613	0.00957	0.01105	0.00878	0.00592	0.00449	0.00148	0.00761	0.00370	0.00296	0.00873
60	0.06191	0.01884	0.16002	0.05839	0.37453	0.01526	0.01854	0.05094	0.04042	0.02368	0.04101	0.01969	0.04291	0.00716	0.00662	0.00206	0.00777	0.00632	0.00391	0.04000
61	0.04480	0.14996	0.35019	0.02136	0.11815	0.03571	0.09001	0.05097	0.01563	0.04385	0.01256	0.01481	0.00950	0.00641	0.00629	0.00203	0.00917	0.00532	0.00343	0.00986
62	0.01591	0.02100	0.20654	0.05500	0.30959	0.01614	0.12475	0.05087	0.05939	0.02304	0.01488	0.04509	0.01212	0.00705	0.00700	0.00217	0.00885	0.00675	0.00375	0.01012
63	0.01503	0.01431	0.02433	0.37492	0.39885	0.01575	0.02005	0.01933	0.01468	0.02004	0.01253	0.01755	0.01002	0.00645	0.00680	0.00215	0.00860	0.00609	0.00322	0.00930
64	0.01426	0.04495	0.01690	0.13877	0.02139	0.03681	0.08271	0.05597	0.01600	0.08236	0.06640	0.30137	0.02874	0.01354	0.00778	0.00243	0.00657	0.05005	0.00550	0.00752
65	0.01672	0.13812	0.08264	0.14597	0.36480	0.01765	0.04911	0.02133	0.03513	0.04598	0.01315	0.01653	0.01055	0.00637	0.00644	0.00201	0.00830	0.00578	0.00351	0.00988
66	0.00977	0.00733	0.01100	0.01100	0.01222	0.00855	0.00855	0.01222	0.01100	0.01588	0.01833	0.02688	0.01710	0.05131	0.73245	0.01100	0.01833	0.00733	0.00367	0.00611
67	0.01962	0.63032	0.03285	0.01279	0.01821	0.15568	0.01198	0.02173	0.01490	0.01621	0.00971	0.01122	0.00879	0.00607	0.00471	0.00152	0.00823	0.00379	0.00304	0.00862
68	0.04096	0.01524	0.04300	0.28680	0.15114	0.04246	0.05245	0.08802	0.06299	0.07869	0.03894	0.02063	0.03363	0.00760	0.00687	0.00217	0.00809	0.00665	0.00448	0.00918
69	0.01609	0.08866	0.07866	0.02291	0.19878	0.03336	0.11915	0.06275	0.13052	0.02359	0.06018	0.06995	0.04789	0.00868	0.00700	0.00214	0.00759	0.00792	0.00468	0.00949
70	0.00834	0.00595	0.00794	0.00953	0.00992	0.00556	0.00635	0.00953	0.01310	0.01746	0.03771	0.75510	0.04525	0.02143	0.00873	0.00278	0.00397	0.01945	0.00635	0.00556
71	0.01090	0.00939	0.01320	0.04204	0.15916	0.00934	0.01012	0.01326	0.01495	0.01976	0.10749	0.18138	0.25770	0.03800	0.00963	0.00254	0.04895	0.03976	0.00546	0.00699
72	0.02077	0.01393	0.01658	0.07321	0.04496	0.01465	0.01149	0.29293	0.06354	0.15691	0.02879	0.05911	0.13135	0.01052	0.00722	0.00221	0.00639	0.02901	0.00659	0.00984
73	0.01725	0.01798	0.05823	0.05802	0.49109	0.04628	0.11343	0.04626	0.04244	0.02287	0.01356	0.01719	0.01095	0.00633	0.00693	0.00208	0.00877	0.00632	0.00363	0.01039
74	0.74471	0.01480	0.01081	0.00969	0.01387	0.07323	0.00788	0.02069	0.01227	0.02957	0.00961	0.01121	0.00752	0.00641	0.00439	0.00209	0.00586	0.00376	0.00418	0.00745
75	0.00832	0.00601	0.00788	0.00937	0.00988	0.00557	0.00628	0.00954	0.01324	0.01752	0.03955	0.71492	0.08424	0.02119	0.00869	0.00275	0.00394	0.01916	0.00635	0.00557
76	0.03753	0.01083	0.01462	0.01335	0.01436	0.01362	0.01059	0.04403	0.04024	0.01800	0.01596	0.06486	0.01554	0.05958	0.28385	0.05325	0.27172	0.00745	0.00386	0.00676
77	0.09788	0.14502	0.09016	0.04629	0.03776	0.09233	0.01315	0.02697	0.24790	0.06163	0.01723	0.01780	0.01326	0.00784	0.00712	0.00211	0.05554	0.00575	0.00481	0.00945
78	0.01026	0.00806	0.01214	0.05408	0.01459	0.00967	0.00954	0.01277	0.01112	0.01601	0.01742	0.02567	0.01616	0.04641	0.64846	0.01002	0.06058	0.00718	0.00359	0.00628
79	0.06150	0.09678	0.01994	0.01604	0.07273	0.01494	0.09239	0.11915	0.06673	0.02500	0.12144	0.09552	0.06412	0.01320	0.05727	0.00279	0.03799	0.00880	0.00523	0.00843
80	0.01580	0.01321	0.01564	0.01139	0.01729	0.01103	0.02805	0.11678	0.01693	0.02524	0.01453	0.01617	0.03121	0.00591	0.00550	0.00124	0.00556	0.00478	0.00452	0.63919
81	0.01531	0.05807	0.02217	0.20727	0.30650	0.05292	0.01658	0.04392	0.01537	0.02031	0.01781	0.11020	0.04362	0.00895	0.00741	0.00218	0.03085	0.00786	0.00389	0.00881
82	0.19246	0.04355	0.09842	0.07861	0.11765	0.04402	0.01339	0.05653	0.05656	0.06670	0.04442	0.02189	0.05677	0.00805	0.00620	0.00208	0.00692	0.02607	0.00464	0.05508
83	0.06087	0.03812	0.01633	0.01434	0.04572	0.14966	0.01083	0.10538	0.09838	0.09486	0.01803	0.05195	0.01472	0.01251	0.07498	0.00284	0.04958	0.00648	0.07822	0.05618
84	0.06223	0.01356	0.01569	0.08272	0.11762	0.06710	0.01161	0.10002	0.09157	0.02442	0.01905	0.04052	0.03365	0.03431	0.07203	0.00298	0.03835	0.00685	0.15738	0.00833
85	0.01672	0.03747	0.04983	0.01778	0.08412	0.03648	0.03891	0.14435	0.04788	0.04508	0.01856	0.11037	0.03480	0.01445	0.07462	0.00318	0.20393	0.00808	0.00469	0.00868
86	0.05470	0.01615	0.03898	0.13431	0.08660	0.01722	0.04316	0.30147	0.05774	0.03028	0.01917	0.03864	0.05973	0.00865	0.00753	0.00217	0.03946	0.00699	0.00527	0.03179
87	0.04598	0.01422	0.01482	0.01389	0.04689	0.08127	0.01005	0.17115	0.10882	0.04591	0.02073	0.11656	0.01944	0.14622	0.04266	0.00339	0.05107	0.00854	0.03014	0.00824

[dist]
# distance from previous block
# <min> <max>
3	64

[block]
# block no. 1 follows, 31 sequences, length 26
# corresponding to MSA columns:
# 166-191
name=unknown_B
#
# <colnr> <probs for GDERKNQSTAVLIFYWHMCP>
#	G	D	E	R	K	N	Q	S	T	A	V	L	I	F	Y	W	H	M	C	P
0	0.09449	0.03414	0.03779	0.11277	0.08118	0.03532	0.06979	0.09886	0.10176	0.05843	0.01978	0.02253	0.06252	0.05357	0.00823	0.00232	0.00718	0.00676	0.00482	0.08777
1	0.06703	0.08051	0.02033	0.01887	0.15971	0.04559	0.02872	0.07736	0.10258	0.10758	0.01620	0.01770	0.01256	0.00943	0.04614	0.00237	0.02878	0.00572	0.00486	0.14794
2	0.01717	0.01562	0.02242	0.08689	0.15333	0.04568	0.12721	0.13748	0.09993	0.02603	0.07592	0.02335	0.01763	0.02956	0.00787	0.00222	0.00778	0.02703	0.00491	0.07196
3	0.01755	0.02229	0.18722	0.01865	0.08649	0.13530	0.06060	0.06505	0.10826	0.04305	0.01723	0.01881	0.03745	0.00914	0.03729	0.00233	0.00893	0.00603	0.00434	0.11401
4	0.04919	0.01708	0.02124	0.08279	0.15097	0.10095	0.07570	0.16035	0.06148	0.10298	0.03346	0.01988	0.03212	0.00901	0.02943	0.00234	0.00838	0.00654	0.00510	0.03102
5	0.01709	0.01258	0.01805	0.01834	0.14566	0.01284	0.04435	0.07319	0.03723	0.12727	0.06865	0.04149	0.01838	0.07110	0.08909	0.00339	0.08314	0.00732	0.00504	0.10580
6	0.04589	0.01457	0.01879	0.11583	0.05241	0.04433	0.05685	0.06934	0.10147	0.13003	0.01640	0.01796	0.01227	0.00729	0.00751	0.00193	0.06160	0.00586	0.00497	0.21470
7	0.01441	0.01412	0.02146	0.52702	0.17453	0.06305	0.01856	0.01860	0.01432	0.01831	0.01245	0.01795	0.00977	0.00858	0.03739	0.00256	0.00953	0.00602	0.00317	0.00819
8	0.01627	0.01586	0.04096	0.12770	0.30158	0.04523	0.11294	0.02089	0.04039	0.04270	0.01417	0.01801	0.01133	0.00817	0.03238	0.00236	0.03589	0.00626	0.03724	0.06968
9	0.09290	0.01885	0.01967	0.04265	0.02123	0.16768	0.06387	0.16978	0.04905	0.18243	0.01628	0.01708	0.01177	0.00807	0.00825	0.00215	0.08722	0.00593	0.00547	0.00967
10	0.01536	0.01499	0.02669	0.22529	0.40464	0.01570	0.11376	0.01971	0.01490	0.02064	0.01311	0.01804	0.01066	0.00871	0.04651	0.00262	0.00942	0.00644	0.00332	0.00949
11	0.01540	0.01288	0.01484	0.01071	0.01673	0.01036	0.00861	0.08658	0.01603	0.02443	0.01260	0.01442	0.01029	0.00539	0.00525	0.00112	0.00532	0.00427	0.00434	0.72047
12	0.00977	0.00733	0.01100	0.01100	0.01222	0.00855	0.00855	0.01222	0.01100	0.01588	0.01833	0.02688	0.01710	0.05131	0.73245	0.01100	0.01833	0.00733	0.00367	0.00611
13	0.06256	0.10866	0.61011	0.01806	0.02738	0.01700	0.02280	0.02145	0.01422	0.02165	0.01183	0.01389	0.00860	0.00642	0.00615	0.00209	0.00953	0.00483	0.00297	0.00981
14	0.01636	0.02190	0.19345	0.02880	0.18389	0.01698	0.34930	0.06260	0.01661	0.02325	0.01342	0.01707	0.01016	0.00616	0.00735	0.00220	0.01021	0.00683	0.00352	0.00993
15	0.01615	0.01845	0.04037	0.02884	0.03576	0.01730	0.69204	0.02191	0.01615	0.02191	0.01384	0.01845	0.01038	0.00577	0.00807	0.00231	0.01153	0.00807	0.00346	0.00923
16	0.01419	0.01216	0.01419	0.01013	0.01621	0.00912	0.00811	0.01723	0.01419	0.02229	0.01216	0.01419	0.01013	0.00507	0.00507	0.00101	0.00507	0.00405	0.00405	0.80139
17	0.00977	0.00733	0.01100	0.01100	0.01222	0.00855	0.00855	0.01222	0.01100	0.01588	0.01833	0.02688	0.01710	0.05131	0.73245	0.01100	0.01833	0.00733	0.00367	0.00611
18	0.80789	0.01323	0.01006	0.00900	0.01323	0.01535	0.00741	0.02011	0.01164	0.03070	0.00953	0.01111	0.00741	0.00635	0.00423	0.00212	0.00529	0.00370	0.00423	0.00741
19	0.00995	0.00663	0.00746	0.00746	0.00746	0.00663	0.00415	0.00995	0.00995	0.01327	0.02156	0.04477	0.02487	0.75957	0.03482	0.00663	0.00663	0.00995	0.00415	0.00415
20	0.74840	0.01470	0.01076	0.00965	0.01383	0.06985	0.00785	0.02066	0.01223	0.02963	0.00961	0.01121	0.00752	0.00640	0.00438	0.00209	0.00583	0.00376	0.00418	0.00745
21	0.01321	0.00992	0.01121	0.01039	0.01263	0.01049	0.00762	0.02148	0.27027	0.05312	0.21242	0.06190	0.07594	0.18304	0.01375	0.00327	0.00496	0.01022	0.00648	0.00769
22	0.16777	0.13214	0.27683	0.01662	0.06416	0.06756	0.01640	0.05537	0.04474	0.07938	0.01330	0.01458	0.00991	0.00675	0.00582	0.00202	0.00816	0.00493	0.00403	0.00952
23	0.07287	0.13627	0.04148	0.01737	0.10089	0.16852	0.01283	0.15420	0.09970	0.05887	0.01529	0.01752	0.01230	0.05381	0.00788	0.00222	0.00812	0.00565	0.00477	0.00944
24	0.06410	0.04457	0.17717	0.02114	0.16275	0.12681	0.01656	0.17078	0.04312	0.02621	0.01664	0.01963	0.04108	0.00786	0.00658	0.00208	0.00854	0.03017	0.00445	0.00977
25	0.03463	0.01329	0.05842	0.14107	0.07944	0.01272	0.01294	0.09905	0.07491	0.12134	0.04268	0.11014	0.05014	0.02965	0.00797	0.00241	0.00666	0.06869	0.00560	0.02825

[dist]
# distance from previous block
# <min> <max>
3	23

[block]
# block no. 2 follows, 31 sequences, length 24
# corresponding to MSA columns:
# 215-238
name=unknown_C
#
# <colnr> <probs for GDERKNQSTAVLIFYWHMCP>
#	G	D	E	R	K	N	Q	S	T	A	V	L	I	F	Y	W	H	M	C	P
0	0.07516	0.01540	0.01939	0.06360	0.17068	0.01684	0.01374	0.23585	0.11649	0.02935	0.01609	0.01824	0.01258	0.01136	0.07011	0.00285	0.03700	0.00614	0.00508	0.06405
1	0.05198	0.04257	0.02394	0.08974	0.20716	0.06400	0.08956	0.16958	0.07183	0.02622	0.01494	0.01884	0.01203	0.00771	0.00786	0.00218	0.05795	0.02765	0.00449	0.00977
2	0.04672	0.01225	0.01434	0.01440	0.09107	0.03925	0.00995	0.09667	0.12023	0.07440	0.28745	0.03427	0.07849	0.01071	0.00721	0.00210	0.00526	0.00909	0.00648	0.03967
3	0.18911	0.01452	0.04410	0.01164	0.01666	0.04063	0.00979	0.02078	0.05536	0.07845	0.01335	0.01491	0.01050	0.00660	0.00675	0.00167	0.07008	0.00464	0.00445	0.38600
4	0.04023	0.01249	0.01714	0.17474	0.10253	0.04019	0.06273	0.07546	0.01675	0.06354	0.03286	0.08012	0.23115	0.01108	0.00733	0.00224	0.00677	0.00960	0.00507	0.00799
5	0.01556	0.09967	0.01635	0.01393	0.07431	0.09191	0.00945	0.04453	0.07942	0.04011	0.01785	0.02907	0.01771	0.34454	0.02018	0.00410	0.06240	0.00753	0.00430	0.00709
6	0.01711	0.01674	0.02634	0.05684	0.34196	0.04616	0.14752	0.04903	0.11617	0.02355	0.01518	0.01807	0.01203	0.00655	0.00688	0.00204	0.00832	0.00647	0.00410	0.07891
7	0.02218	0.01591	0.01749	0.01385	0.01880	0.01685	0.01121	0.38391	0.14590	0.09515	0.01976	0.04654	0.01497	0.00849	0.00664	0.00198	0.00641	0.00673	0.02974	0.11750
8	0.01071	0.00769	0.00968	0.01124	0.08506	0.00769	0.00599	0.01116	0.01056	0.01426	0.02061	0.04173	0.02334	0.67715	0.03175	0.00613	0.00680	0.00953	0.00406	0.00488
9	0.02338	0.02847	0.02151	0.02379	0.19712	0.55104	0.01519	0.02572	0.01842	0.01816	0.01116	0.01350	0.00932	0.00681	0.00632	0.00183	0.01127	0.00483	0.00349	0.00867
10	0.01775	0.00954	0.01224	0.01119	0.01399	0.00897	0.00856	0.09258	0.01766	0.24452	0.05750	0.35533	0.03192	0.01493	0.00783	0.00243	0.00508	0.04759	0.00705	0.03336
11	0.01693	0.01626	0.02777	0.04199	0.71689	0.01626	0.02100	0.02100	0.01558	0.02235	0.01287	0.01693	0.01084	0.00610	0.00677	0.00203	0.00813	0.00610	0.00339	0.01084
12	0.07792	0.02252	0.09660	0.01597	0.02158	0.12542	0.01400	0.47591	0.02694	0.03602	0.01464	0.01524	0.01060	0.00773	0.00653	0.00203	0.00837	0.00561	0.00574	0.01063
13	0.01047	0.00855	0.01421	0.01295	0.01479	0.00951	0.08331	0.01328	0.01156	0.01654	0.01783	0.02596	0.01637	0.04633	0.65322	0.01004	0.01758	0.00741	0.00364	0.00645
14	0.01594	0.01992	0.09970	0.02802	0.03522	0.01718	0.63418	0.02189	0.01600	0.02189	0.01371	0.01811	0.01023	0.00583	0.00794	0.00229	0.01141	0.00781	0.00341	0.00930
15	0.10220	0.01553	0.01895	0.30024	0.02917	0.09350	0.01517	0.02014	0.07303	0.01950	0.01209	0.01646	0.00988	0.00859	0.01127	0.00243	0.23466	0.00576	0.00355	0.00786
16	0.01971	0.01891	0.05371	0.11208	0.10954	0.06789	0.23251	0.20708	0.03431	0.05436	0.01474	0.01745	0.01092	0.00690	0.00717	0.00215	0.00940	0.00665	0.00458	0.00994
17	0.01627	0.01666	0.02656	0.25276	0.10150	0.07866	0.21731	0.06617	0.01597	0.02081	0.01296	0.01773	0.01022	0.00931	0.04664	0.00272	0.06900	0.00659	0.00353	0.00862
18	0.01612	0.01889	0.09592	0.11275	0.14213	0.15218	0.01497	0.01954	0.01466	0.01918	0.01269	0.01725	0.01083	0.03913	0.07692	0.00292	0.06357	0.00551	0.00347	0.16136
19	0.04459	0.04599	0.10070	0.03322	0.03883	0.04252	0.03374	0.09864	0.15222	0.09147	0.04500	0.02027	0.01551	0.01193	0.07865	0.00285	0.00809	0.00627	0.00519	0.12431
20	0.06669	0.01674	0.04073	0.04489	0.07847	0.06295	0.01270	0.17754	0.16076	0.06326	0.04680	0.01923	0.01500	0.00814	0.00770	0.00206	0.06354	0.00623	0.00542	0.10115
21	0.04415	0.01852	0.09439	0.03966	0.10962	0.09374	0.04028	0.11134	0.16962	0.02517	0.02202	0.02470	0.07478	0.02394	0.00774	0.00224	0.02317	0.03055	0.00500	0.03938
22	0.01535	0.07289	0.11966	0.07502	0.13350	0.01494	0.04303	0.04193	0.09044	0.02236	0.01583	0.01801	0.03493	0.00689	0.00678	0.00182	0.03516	0.00571	0.00404	0.24171
23	0.01743	0.07457	0.05944	0.05435	0.11763	0.04258	0.03852	0.10959	0.09888	0.05124	0.03901	0.03834	0.01512	0.00766	0.00641	0.00187	0.00701	0.02432	0.00482	0.19120

[dist]
# distance from previous block
# <min> <max>
27	119

[block]
# block no. 3 follows, 31 sequences, length 13
# corresponding to MSA columns:
# 402-414
name=unknown_D
#
# <colnr> <probs for GDERKNQSTAVLIFYWHMCP>
#	G	D	E	R	K	N	Q	S	T	A	V	L	I	F	Y	W	H	M	C	P
0	0.05522	0.08992	0.18428	0.01453	0.02014	0.08687	0.03347	0.09834	0.01759	0.12561	0.04514	0.11147	0.01720	0.00906	0.00656	0.00204	0.00758	0.00734	0.00501	0.06265
1	0.03794	0.19242	0.14720	0.01749	0.11508	0.06475	0.01449	0.06675	0.01651	0.04811	0.05421	0.06845	0.04809	0.00944	0.00656	0.00208	0.00750	0.06965	0.00445	0.00884
2	0.08164	0.12484	0.18331	0.01428	0.03448	0.03579	0.01369	0.02356	0.17259	0.04322	0.08467	0.02357	0.01893	0.00841	0.00633	0.00204	0.00685	0.04427	0.00486	0.07264
3	0.01735	0.01898	0.17769	0.01598	0.04091	0.07022	0.04560	0.09026	0.01611	0.10909	0.01620	0.02097	0.01328	0.08914	0.13305	0.00406	0.06490	0.00641	0.00441	0.04542
4	0.06408	0.01684	0.01743	0.01674	0.08379	0.17583	0.06056	0.08849	0.04268	0.02341	0.09851	0.06332	0.02158	0.04584	0.03665	0.00263	0.00817	0.05691	0.00491	0.07163
5	0.03732	0.08487	0.08831	0.22676	0.08773	0.03803	0.14451	0.02004	0.01530	0.05735	0.05744	0.02166	0.01466	0.00747	0.00685	0.00213	0.00859	0.03734	0.00393	0.03971
6	0.11941	0.01423	0.01525	0.01533	0.09816	0.09193	0.01031	0.09558	0.01575	0.07985	0.04282	0.02385	0.01599	0.18279	0.01518	0.04367	0.06837	0.00671	0.00464	0.04017
7	0.01693	0.01626	0.02777	0.04199	0.71689	0.01626	0.02100	0.02100	0.01558	0.02235	0.01287	0.01693	0.01084	0.00610	0.00677	0.00203	0.00813	0.00610	0.00339	0.01084
8	0.01183	0.01039	0.01442	0.20271	0.09368	0.04138	0.01252	0.01479	0.01476	0.01885	0.03055	0.19969	0.10447	0.01434	0.00805	0.00258	0.00665	0.18633	0.00506	0.00695
9	0.01653	0.01362	0.01803	0.10789	0.08633	0.01431	0.01264	0.04691	0.10959	0.07623	0.01511	0.01744	0.01192	0.00760	0.00907	0.00193	0.14060	0.00565	0.00452	0.28407
10	0.01653	0.01628	0.02563	0.16420	0.51896	0.05275	0.01987	0.02041	0.01512	0.02083	0.01239	0.01681	0.01031	0.00664	0.00772	0.00212	0.05421	0.00600	0.00331	0.00991
11	0.05205	0.01114	0.01386	0.01528	0.12292	0.03280	0.01001	0.04342	0.07094	0.12097	0.16343	0.10571	0.12868	0.03723	0.00836	0.00240	0.00542	0.04094	0.00622	0.00822
12	0.07254	0.22288	0.05232	0.06166	0.05747	0.19170	0.04918	0.11720	0.07279	0.02291	0.01286	0.01451	0.01026	0.00687	0.00590	0.00188	0.00875	0.00507	0.00408	0.00915

[dist]
# distance from previous block
# <min> <max>
3	14

[block]
# block no. 4 follows, 31 sequences, length 22
# corresponding to MSA columns:
# 429-446,454-457
name=unknown_E
#
# <colnr> <probs for GDERKNQSTAVLIFYWHMCP>
#	G	D	E	R	K	N	Q	S	T	A	V	L	I	F	Y	W	H	M	C	P
0	0.01712	0.01452	0.01768	0.05606	0.04901	0.06520	0.07143	0.09519	0.14162	0.06310	0.01961	0.09204	0.01689	0.04539	0.00803	0.00217	0.00682	0.00755	0.02775	0.18282
1	0.12186	0.15149	0.06254	0.02842	0.03793	0.05600	0.06788	0.18201	0.08775	0.04238	0.01638	0.07170	0.01377	0.00904	0.02009	0.00222	0.00766	0.00659	0.00491	0.00935
2	0.02127	0.04916	0.02024	0.05906	0.11025	0.08943	0.01330	0.35557	0.06218	0.03182	0.06475	0.02034	0.01590	0.04636	0.00818	0.00226	0.00770	0.00658	0.00561	0.01003
3	0.05208	0.08913	0.01701	0.01139	0.01697	0.05325	0.00932	0.05834	0.07040	0.06214	0.01399	0.01515	0.01112	0.00601	0.00537	0.00137	0.00592	0.00458	0.00455	0.49190
4	0.01426	0.01101	0.01336	0.01137	0.01315	0.05045	0.07482	0.09603	0.01420	0.04760	0.01977	0.03598	0.02058	0.51924	0.02597	0.00518	0.00752	0.00886	0.00455	0.00609
5	0.03888	0.01381	0.03337	0.01333	0.01640	0.08359	0.06520	0.12535	0.05493	0.05026	0.02167	0.06841	0.07136	0.03435	0.06720	0.17819	0.00799	0.02856	0.00484	0.02234
6	0.02301	0.18787	0.02279	0.01543	0.01996	0.32264	0.01254	0.18249	0.10616	0.02423	0.01385	0.01463	0.01096	0.00734	0.00603	0.00183	0.00925	0.00506	0.00459	0.00934
7	0.01620	0.01583	0.01957	0.03370	0.01984	0.09936	0.08260	0.06940	0.05300	0.02067	0.01350	0.01769	0.01155	0.01569	0.13459	0.00367	0.21665	0.00602	0.00391	0.14655
8	0.01772	0.13239	0.13210	0.12704	0.02543	0.07369	0.06680	0.11841	0.01727	0.06063	0.01715	0.01944	0.05967	0.00937	0.02961	0.00238	0.07154	0.00625	0.00417	0.00895
9	0.01575	0.03488	0.06177	0.09416	0.02527	0.03663	0.19295	0.04861	0.01433	0.05514	0.01389	0.01941	0.01165	0.04560	0.11248	0.00379	0.19495	0.00680	0.00372	0.00821
10	0.01333	0.01241	0.02001	0.67014	0.04418	0.01538	0.01818	0.01937	0.08282	0.01859	0.01373	0.01897	0.01030	0.00708	0.00685	0.00228	0.00875	0.00625	0.00343	0.00792
11	0.01589	0.01668	0.02212	0.09643	0.02266	0.09125	0.06283	0.01804	0.01211	0.01698	0.00982	0.01530	0.00908	0.01049	0.01814	0.00275	0.54269	0.00599	0.00308	0.00766
12	0.01230	0.00944	0.01248	0.01167	0.01324	0.01098	0.00900	0.08605	0.05211	0.01918	0.01845	0.02731	0.01723	0.13894	0.46866	0.00839	0.06608	0.00749	0.00421	0.00679
13	0.02615	0.01212	0.01765	0.01372	0.01865	0.01100	0.07805	0.04532	0.05720	0.52632	0.04750	0.07509	0.01984	0.00932	0.00717	0.00219	0.00620	0.00808	0.00767	0.01077
14	0.01292	0.01216	0.02052	0.74312	0.04712	0.01520	0.01900	0.01748	0.01368	0.01748	0.01216	0.01824	0.00912	0.00684	0.00684	0.00228	0.00912	0.00608	0.00304	0.00760
15	0.02147	0.01816	0.01889	0.01928	0.13683	0.13957	0.01312	0.11184	0.29318	0.12355	0.02083	0.02038	0.01543	0.00812	0.00677	0.00211	0.00738	0.00657	0.00596	0.01054
16	0.01603	0.01450	0.02390	0.15634	0.48300	0.01507	0.01865	0.02076	0.05211	0.04348	0.01607	0.06071	0.01404	0.00770	0.00699	0.00217	0.00779	0.02686	0.00393	0.00988
17	0.01493	0.01415	0.01823	0.05415	0.01899	0.08580	0.09691	0.08041	0.01459	0.01918	0.01789	0.02586	0.05281	0.15779	0.13514	0.00462	0.16981	0.00755	0.00399	0.00720
18	0.01511	0.05571	0.31578	0.11256	0.12591	0.01575	0.05327	0.02050	0.01493	0.05982	0.07016	0.01885	0.01418	0.00760	0.00805	0.00220	0.07035	0.00620	0.00371	0.00936
19	0.01892	0.10346	0.05620	0.01556	0.08512	0.07709	0.01189	0.09846	0.14084	0.11585	0.10399	0.02505	0.05555	0.00890	0.00659	0.00202	0.00655	0.00720	0.05130	0.00946
20	0.05552	0.01418	0.02283	0.33363	0.26036	0.01577	0.05523	0.05552	0.04515	0.02177	0.01353	0.01806	0.01066	0.00865	0.03879	0.00257	0.00889	0.00621	0.00364	0.00903
21	0.01580	0.02350	0.23848	0.09135	0.05999	0.17086	0.05102	0.02021	0.02759	0.01905	0.03073	0.07078	0.01464	0.08354	0.01048	0.00263	0.05047	0.00699	0.00365	0.00824

[dist]
# distance from previous block
# <min> <max>
0	4

[block]
# block no. 5 follows, 31 sequences, length 14
# corresponding to MSA columns:
# 462-475
name=unknown_F
#
# <colnr> <probs for GDERKNQSTAVLIFYWHMCP>
#	G	D	E	R	K	N	Q	S	T	A	V	L	I	F	Y	W	H	M	C	P
0	0.01457	0.01341	0.02026	0.45155	0.13687	0.01583	0.01717	0.02290	0.19362	0.02108	0.01634	0.01994	0.01243	0.00737	0.00686	0.00225	0.00801	0.00651	0.00411	0.00891
1	0.01397	0.01382	0.02517	0.52949	0.11554	0.01572	0.15083	0.01872	0.01436	0.01886	0.01256	0.01814	0.00955	0.00655	0.00707	0.00226	0.00949	0.00647	0.00316	0.00826
2	0.17912	0.01766	0.01827	0.01426	0.01948	0.01956	0.01177	0.53199	0.02758	0.07179	0.01556	0.01570	0.01105	0.00786	0.00634	0.00207	0.00701	0.00571	0.00641	0.01081
3	0.01849	0.01410	0.01618	0.01593	0.09029	0.04688	0.01119	0.15610	0.21743	0.10030	0.13113	0.10422	0.02648	0.01059	0.00724	0.00221	0.00598	0.00899	0.00658	0.00969
4	0.02250	0.01677	0.01787	0.01402	0.01887	0.01820	0.01148	0.56027	0.02893	0.03830	0.02677	0.02609	0.14901	0.00999	0.00709	0.00210	0.00673	0.00778	0.00675	0.01049
5	0.01394	0.01216	0.01543	0.15347	0.02226	0.01031	0.01024	0.01728	0.01409	0.02135	0.01216	0.01498	0.00994	0.00541	0.00541	0.00126	0.00586	0.00445	0.00386	0.64616
6	0.01035	0.00798	0.00956	0.00971	0.01153	0.00781	0.00747	0.01482	0.10256	0.02219	0.22823	0.13927	0.19897	0.05768	0.00978	0.00273	0.00444	0.14173	0.00662	0.00658
7	0.01572	0.01502	0.02559	0.25305	0.51527	0.01594	0.02040	0.01994	0.01501	0.02088	0.01266	0.01733	0.01032	0.00632	0.00679	0.00211	0.00843	0.00609	0.00328	0.00986
8	0.01811	0.06341	0.10135	0.05929	0.02141	0.24206	0.03923	0.07170	0.11239	0.02164	0.03852	0.05670	0.08890	0.00946	0.00683	0.00209	0.00858	0.02512	0.00469	0.00852
9	0.01564	0.01243	0.01702	0.01611	0.09098	0.01198	0.07004	0.05801	0.14121	0.07808	0.05615	0.07220	0.08926	0.01034	0.00717	0.00210	0.00604	0.07561	0.00568	0.16395
10	0.01584	0.01777	0.15394	0.01289	0.01959	0.01242	0.01225	0.11239	0.04321	0.02529	0.01337	0.01498	0.01047	0.00594	0.00567	0.00143	0.00641	0.00468	0.00432	0.50715
11	0.02268	0.01641	0.01661	0.01533	0.05696	0.13675	0.01133	0.03165	0.28423	0.25980	0.02423	0.05672	0.01808	0.00902	0.00687	0.00216	0.00682	0.00734	0.00665	0.01036
12	0.01984	0.01896	0.09185	0.01508	0.02009	0.04992	0.01303	0.25775	0.35053	0.03198	0.02283	0.02192	0.03749	0.00877	0.00687	0.00219	0.00688	0.00698	0.00632	0.01074
13	0.04437	0.06324	0.04605	0.03618	0.02265	0.07964	0.18823	0.10687	0.08526	0.06277	0.02253	0.05684	0.08760	0.01085	0.03979	0.00258	0.02277	0.00795	0.00492	0.00890

[dist]
# distance from previous block
# <min> <max>
5	10

[block]
# block no. 6 follows, 31 sequences, length 19
# corresponding to MSA columns:
# 487-505
name=unknown_G
#
# <colnr> <probs for GDERKNQSTAVLIFYWHMCP>
#	G	D	E	R	K	N	Q	S	T	A	V	L	I	F	Y	W	H	M	C	P
0	0.25325	0.15401	0.01819	0.01211	0.01661	0.13722	0.01006	0.13562	0.04274	0.02612	0.01765	0.01835	0.07999	0.00784	0.00556	0.00190	0.00703	0.00547	0.00462	0.04566
1	0.00840	0.00629	0.00780	0.00880	0.00978	0.00569	0.00608	0.00991	0.01429	0.01863	0.10757	0.52131	0.21108	0.01974	0.00851	0.00261	0.00378	0.01757	0.00646	0.00569
2	0.01672	0.01681	0.02497	0.22797	0.46664	0.08824	0.01967	0.02069	0.01545	0.02048	0.01245	0.01682	0.01017	0.00639	0.00673	0.00207	0.00882	0.00592	0.00331	0.00967
3	0.02053	0.27947	0.12115	0.01641	0.04477	0.25403	0.01457	0.08448	0.04175	0.02019	0.01161	0.01325	0.00954	0.00690	0.00630	0.00182	0.03594	0.00463	0.00363	0.00904
4	0.00830	0.00673	0.00736	0.00764	0.00948	0.00580	0.00556	0.01007	0.01546	0.01917	0.12776	0.20750	0.50962	0.01784	0.00822	0.00239	0.00355	0.01527	0.00647	0.00580
5	0.00877	0.00670	0.00789	0.00843	0.00981	0.00605	0.00608	0.01047	0.01479	0.01892	0.12834	0.26911	0.31777	0.08654	0.01085	0.00290	0.00412	0.07051	0.00628	0.00568
6	0.02038	0.10924	0.25333	0.01902	0.06826	0.31628	0.01750	0.08001	0.01800	0.02085	0.01166	0.01352	0.00913	0.00678	0.00618	0.00190	0.01040	0.00479	0.00352	0.00923
7	0.01864	0.01827	0.02552	0.11970	0.42900	0.10621	0.05024	0.10670	0.01795	0.02367	0.01299	0.01652	0.01046	0.00656	0.00678	0.00204	0.00886	0.00598	0.00380	0.01011
8	0.00955	0.00661	0.00828	0.00914	0.00957	0.00646	0.00619	0.01056	0.01215	0.01610	0.03010	0.31029	0.03493	0.35627	0.02071	0.00460	0.00560	0.13250	0.00534	0.00505
9	0.05831	0.02225	0.04356	0.04843	0.13018	0.28051	0.01425	0.13466	0.01901	0.04636	0.01289	0.01528	0.01029	0.00936	0.04194	0.00238	0.04901	0.00530	0.00422	0.05181
10	0.01908	0.24291	0.02442	0.04479	0.06842	0.13899	0.05925	0.07676	0.05386	0.06822	0.02035	0.02323	0.08260	0.00845	0.00633	0.00195	0.00796	0.03901	0.00452	0.00888
11	0.01708	0.04199	0.09577	0.12715	0.12292	0.03947	0.06559	0.18596	0.01964	0.02649	0.08547	0.04195	0.04495	0.00837	0.00692	0.00207	0.00777	0.00723	0.00478	0.04844
12	0.01569	0.12395	0.08462	0.01861	0.12281	0.10312	0.05786	0.03593	0.06336	0.02144	0.09485	0.09573	0.02365	0.01047	0.00712	0.00220	0.00757	0.09782	0.00474	0.00845
13	0.01596	0.07670	0.06833	0.13852	0.10019	0.05213	0.04090	0.06524	0.01696	0.06890	0.12799	0.04105	0.06642	0.00902	0.00735	0.00206	0.03172	0.00757	0.00479	0.05820
14	0.05649	0.09292	0.04710	0.07135	0.20532	0.12340	0.04681	0.04491	0.05254	0.02183	0.06463	0.01814	0.01431	0.00761	0.00787	0.00205	0.07613	0.00601	0.00397	0.03660
15	0.05483	0.15264	0.10923	0.01493	0.04661	0.09185	0.03122	0.06822	0.10351	0.04612	0.05567	0.07476	0.07892	0.00951	0.00703	0.00209	0.03172	0.00753	0.00483	0.00879
16	0.06447	0.10050	0.09813	0.07298	0.09321	0.06545	0.05030	0.13100	0.01784	0.07149	0.01943	0.12481	0.04287	0.00941	0.00672	0.00213	0.00760	0.00788	0.00478	0.00901
17	0.01849	0.01767	0.03973	0.01567	0.07533	0.19598	0.01122	0.09575	0.04246	0.06871	0.04286	0.07734	0.01821	0.14267	0.01253	0.00287	0.04774	0.00759	0.03282	0.03435
18	0.15871	0.02116	0.16906	0.01803	0.10876	0.11677	0.01480	0.09174	0.04102	0.04916	0.04862	0.04646	0.01406	0.00795	0.00682	0.00208	0.03398	0.00606	0.00445	0.04030

[dist]
# distance from previous block
# <min> <max>
3	135

[block]
# block no. 7 follows, 31 sequences, length 16
# corresponding to MSA columns:
# 667-669,671-683
name=unknown_H
#
# <colnr> <probs for GDERKNQSTAVLIFYWHMCP>
#	G	D	E	R	K	N	Q	S	T	A	V	L	I	F	Y	W	H	M	C	P
0	0.01371	0.01184	0.01384	0.13035	0.07142	0.08966	0.01078	0.06096	0.01574	0.04786	0.02833	0.38849	0.06013	0.01475	0.00777	0.00243	0.00632	0.01301	0.00540	0.00721
1	0.01427	0.06421	0.06124	0.06764	0.04698	0.01192	0.01086	0.04883	0.04781	0.02253	0.05618	0.09248	0.01720	0.00791	0.00603	0.00161	0.00588	0.00664	0.00450	0.40526
2	0.01601	0.11103	0.07896	0.15201	0.07077	0.10220	0.01408	0.04729	0.06097	0.02072	0.01745	0.04573	0.03074	0.00853	0.00651	0.00199	0.00780	0.07345	0.00417	0.12959
3	0.01681	0.08998	0.24399	0.01857	0.05643	0.12580	0.10598	0.09057	0.01732	0.02215	0.01971	0.06282	0.08315	0.00856	0.00681	0.00209	0.00900	0.00718	0.00405	0.00903
4	0.01831	0.33476	0.07924	0.06101	0.19892	0.14128	0.01562	0.02146	0.01520	0.01827	0.01114	0.01382	0.00955	0.00749	0.02589	0.00202	0.00898	0.00474	0.00317	0.00912
5	0.01598	0.22842	0.16754	0.05102	0.08990	0.04932	0.02986	0.06211	0.01589	0.02080	0.01884	0.02118	0.09146	0.00776	0.00609	0.00186	0.00769	0.01918	0.00384	0.09127
6	0.01498	0.01066	0.01243	0.01063	0.01380	0.01029	0.00801	0.11523	0.07009	0.07584	0.05610	0.12563	0.06279	0.14970	0.05772	0.00336	0.00631	0.00917	0.00561	0.18164
7	0.00979	0.00656	0.00751	0.00767	0.00771	0.00652	0.00437	0.00991	0.01027	0.01369	0.02320	0.11696	0.02694	0.68455	0.03217	0.00624	0.00636	0.01091	0.00437	0.00429
8	0.01936	0.47502	0.02831	0.01313	0.01785	0.21963	0.01168	0.02155	0.01592	0.01733	0.06653	0.01686	0.01429	0.00729	0.00535	0.00166	0.00834	0.02804	0.00358	0.00827
9	0.01082	0.00773	0.01079	0.01237	0.01385	0.00770	0.01067	0.01382	0.01555	0.02025	0.03634	0.12826	0.03982	0.01909	0.00940	0.00312	0.00612	0.62175	0.00630	0.00624
10	0.06396	0.08006	0.07622	0.18040	0.02839	0.12307	0.10871	0.10664	0.09354	0.02334	0.01394	0.01656	0.01070	0.00724	0.00718	0.00213	0.03888	0.00589	0.00412	0.00900
11	0.04570	0.07162	0.08583	0.01831	0.05285	0.24493	0.08641	0.09221	0.01835	0.10196	0.01508	0.01922	0.01218	0.00807	0.00764	0.00210	0.05616	0.04780	0.00448	0.00910
12	0.00920	0.00708	0.00848	0.00843	0.01032	0.00636	0.00652	0.01181	0.01738	0.02293	0.36691	0.06036	0.32494	0.01596	0.00825	0.00234	0.00371	0.09597	0.00690	0.00616
13	0.06560	0.07016	0.02035	0.01795	0.09030	0.29071	0.01291	0.24597	0.02183	0.02654	0.01337	0.01620	0.01096	0.05819	0.00818	0.00222	0.00923	0.00545	0.00465	0.00923
14	0.01750	0.41193	0.21850	0.01509	0.02124	0.09953	0.01587	0.02113	0.01429	0.01771	0.01032	0.01246	0.00877	0.00678	0.00699	0.00184	0.08379	0.00435	0.00299	0.00892
15	0.01892	0.01467	0.01593	0.01351	0.01748	0.01616	0.01079	0.31320	0.24455	0.03294	0.07051	0.07785	0.07152	0.01095	0.00729	0.00226	0.00599	0.03865	0.00683	0.00998

[dist]
# distance from previous block
# <min> <max>
3	7

[block]
# block no. 8 follows, 31 sequences, length 7
# corresponding to MSA columns:
# 691-697
name=unknown_I
#
# <colnr> <probs for GDERKNQSTAVLIFYWHMCP>
#	G	D	E	R	K	N	Q	S	T	A	V	L	I	F	Y	W	H	M	C	P
0	0.01391	0.01037	0.01197	0.01034	0.01308	0.01039	0.00792	0.17473	0.04235	0.02846	0.34227	0.06268	0.09666	0.08352	0.01013	0.00252	0.00480	0.01040	0.00668	0.05682
1	0.01734	0.01743	0.02486	0.09692	0.51003	0.09967	0.01868	0.02107	0.01573	0.02126	0.01247	0.01624	0.01038	0.00617	0.00654	0.00192	0.00842	0.00570	0.00344	0.08572
2	0.01572	0.01636	0.08425	0.35204	0.29037	0.01622	0.01971	0.08376	0.01621	0.02209	0.01284	0.01725	0.00995	0.00667	0.00679	0.00216	0.00869	0.00600	0.00352	0.00940
3	0.01720	0.01623	0.10332	0.01648	0.02194	0.01346	0.15644	0.08677	0.10265	0.10934	0.04254	0.06009	0.03757	0.00906	0.00718	0.00214	0.00734	0.05813	0.00540	0.12673
4	0.01619	0.01550	0.02643	0.17153	0.59315	0.01606	0.02063	0.02035	0.01523	0.02145	0.01274	0.01717	0.01052	0.00623	0.00679	0.00208	0.00831	0.00609	0.00332	0.01024
5	0.01414	0.01160	0.01485	0.18000	0.04823	0.01287	0.01143	0.11254	0.16052	0.02390	0.06575	0.16406	0.07614	0.06198	0.00926	0.00263	0.00620	0.01018	0.00560	0.00814
6	0.02221	0.07168	0.05989	0.01448	0.01905	0.05656	0.01243	0.24446	0.06897	0.16573	0.03764	0.01951	0.01446	0.03713	0.00950	0.00228	0.09417	0.00630	0.00584	0.03770

[dist]
# distance from previous block
# <min> <max>
0	49

[block]
# block no. 9 follows, 31 sequences, length 9
# corresponding to MSA columns:
# 748-756
name=unknown_J
#
# <colnr> <probs for GDERKNQSTAVLIFYWHMCP>
#	G	D	E	R	K	N	Q	S	T	A	V	L	I	F	Y	W	H	M	C	P
