[name]
unknown

[dist]
# distance from previous block
# <min> <max>
0	42

[block]
# block no. 0 follows, 32 sequences, length 84
# corresponding to MSA columns:
# 42-125
name=unknown_A
#
# <colnr> <probs for GDERKNQSTAVLIFYWHMCP>
#	G	D	E	R	K	N	Q	S	T	A	V	L	I	F	Y	W	H	M	C	P
0	0.10993	0.01742	0.07599	0.02121	0.18431	0.01687	0.05896	0.25684	0.07046	0.05150	0.01741	0.01973	0.03519	0.00775	0.00658	0.00210	0.00736	0.02518	0.00514	0.01009
1	0.08394	0.03828	0.09341	0.02131	0.15835	0.11550	0.12308	0.04367	0.07394	0.06626	0.07652	0.01928	0.01557	0.00723	0.00655	0.00201	0.00812	0.00635	0.00444	0.03619
2	0.04119	0.09930	0.14864	0.01847	0.11236	0.09736	0.03661	0.08274	0.14759	0.07265	0.03978	0.01795	0.01379	0.00728	0.00628	0.00197	0.00775	0.00585	0.00468	0.03776
3	0.04170	0.01480	0.05482	0.01357	0.01751	0.01466	0.04882	0.28399	0.11322	0.02893	0.02226	0.13796	0.03900	0.10249	0.01032	0.00271	0.00656	0.00888	0.00576	0.03205
4	0.02403	0.05221	0.01540	0.01134	0.01574	0.01091	0.00933	0.08825	0.01986	0.45751	0.16838	0.02859	0.04912	0.00955	0.00689	0.00205	0.00534	0.00787	0.00760	0.01002
5	0.02192	0.04795	0.09449	0.01522	0.02085	0.01741	0.05018	0.40901	0.02473	0.10052	0.03936	0.04827	0.01436	0.00821	0.00666	0.00199	0.00727	0.00661	0.00596	0.05902
6	0.12233	0.19525	0.20993	0.01612	0.02246	0.12566	0.07946	0.11430	0.01693	0.02334	0.01152	0.01329	0.00894	0.00645	0.00576	0.00190	0.00878	0.00480	0.00369	0.00908
7	0.09920	0.01284	0.06075	0.01188	0.01677	0.01093	0.01027	0.02880	0.07789	0.47866	0.09945	0.02431	0.02063	0.00864	0.00661	0.00210	0.00562	0.00700	0.00733	0.01031
8	0.00986	0.00760	0.01132	0.01116	0.01229	0.00905	0.00873	0.01221	0.01076	0.01561	0.01747	0.02572	0.01634	0.04822	0.69863	0.01036	0.05794	0.00712	0.00356	0.00606
9	0.00817	0.00652	0.00735	0.00786	0.00946	0.00569	0.00569	0.00982	0.01471	0.01833	0.09249	0.28926	0.44663	0.01816	0.00817	0.00243	0.00362	0.03370	0.00629	0.00565
10	0.01794	0.76823	0.03516	0.01148	0.01722	0.02655	0.01148	0.02009	0.01363	0.01579	0.00933	0.01076	0.00861	0.00574	0.00431	0.00144	0.00718	0.00359	0.00287	0.00861
11	0.01650	0.53224	0.25852	0.01394	0.02102	0.02302	0.01576	0.02046	0.01381	0.01754	0.01020	0.01186	0.00858	0.00594	0.00497	0.00166	0.00806	0.00403	0.00286	0.00903
12	0.02576	0.01839	0.01989	0.01525	0.02061	0.02021	0.01260	0.66362	0.03088	0.07957	0.01667	0.01648	0.01169	0.00807	0.00671	0.00202	0.00729	0.00608	0.00680	0.01141
13	0.01732	0.01161	0.01414	0.01344	0.06096	0.01204	0.00977	0.04678	0.28222	0.16907	0.23147	0.03220	0.04923	0.01027	0.00715	0.00216	0.00494	0.00878	0.00705	0.00941
14	0.02136	0.08303	0.01939	0.01456	0.01918	0.08261	0.01183	0.32218	0.29440	0.03216	0.01940	0.01879	0.01447	0.00816	0.00649	0.00204	0.00697	0.00628	0.00614	0.01054
15	0.00976	0.00651	0.00732	0.00732	0.00732	0.00651	0.00407	0.00976	0.00976	0.01301	0.02114	0.04391	0.02439	0.76419	0.03415	0.00651	0.00651	0.00976	0.00407	0.00407
16	0.01565	0.17675	0.49876	0.01796	0.04833	0.01828	0.02083	0.08933	0.01585	0.02231	0.01194	0.01377	0.00888	0.00641	0.00601	0.00197	0.00906	0.00483	0.00325	0.00983
17	0.02521	0.01763	0.01992	0.01533	0.02063	0.01913	0.03446	0.55849	0.07050	0.12228	0.01794	0.01751	0.01254	0.00807	0.00676	0.00204	0.00719	0.00628	0.00680	0.01129
18	0.00944	0.00640	0.00757	0.00799	0.00814	0.00632	0.00484	0.00984	0.01070	0.01424	0.02534	0.20809	0.02953	0.56418	0.02730	0.00550	0.00590	0.03958	0.00465	0.00447
19	0.09548	0.01595	0.02748	0.02260	0.07325	0.01826	0.28484	0.01893	0.01294	0.02007	0.01101	0.01579	0.00932	0.00838	0.01357	0.00252	0.33164	0.00646	0.00327	0.00824
20	0.00818	0.00584	0.00779	0.00934	0.00973	0.00545	0.00623	0.00934	0.01285	0.01713	0.03698	0.75981	0.04438	0.02102	0.00856	0.00273	0.00389	0.01908	0.00623	0.00545
21	0.01794	0.76823	0.03516	0.01148	0.01722	0.02655	0.01148	0.02009	0.01363	0.01579	0.00933	0.01076	0.00861	0.00574	0.00431	0.00144	0.00718	0.00359	0.00287	0.00861
22	0.02096	0.01489	0.01673	0.01297	0.01798	0.01494	0.01049	0.37790	0.02360	0.09774	0.01801	0.09099	0.01480	0.00852	0.00642	0.00181	0.00620	0.00684	0.00605	0.23216
23	0.01267	0.01193	0.02013	0.74806	0.04621	0.01491	0.01863	0.01714	0.01342	0.01714	0.01193	0.01789	0.00894	0.00671	0.00671	0.00224	0.00894	0.00596	0.00298	0.00745
24	0.00818	0.00584	0.00779	0.00934	0.00973	0.00545	0.00623	0.00934	0.01285	0.01713	0.03698	0.75981	0.04438	0.02102	0.00856	0.00273	0.00389	0.01908	0.00623	0.00545
25	0.00981	0.00749	0.01067	0.01098	0.01211	0.00721	0.05169	0.05540	0.01427	0.01906	0.03409	0.66278	0.03999	0.01917	0.00840	0.00265	0.00460	0.01749	0.00608	0.00608
26	0.01584	0.01810	0.03959	0.02828	0.03507	0.01697	0.69796	0.02149	0.01584	0.02149	0.01357	0.01810	0.01018	0.00566	0.00792	0.00226	0.01131	0.00792	0.00339	0.00905
27	0.02946	0.01245	0.01621	0.01243	0.01764	0.01140	0.01027	0.12620	0.02093	0.63103	0.02502	0.02190	0.01588	0.00827	0.00674	0.00207	0.00594	0.00665	0.00808	0.01142
28	0.00828	0.00668	0.00737	0.00749	0.00935	0.00577	0.00550	0.01020	0.01570	0.01976	0.19477	0.15908	0.49275	0.01690	0.00802	0.00230	0.00342	0.01444	0.00646	0.00577
29	0.01590	0.01613	0.04961	0.12853	0.55045	0.01600	0.06175	0.02009	0.01489	0.02109	0.01246	0.01672	0.01026	0.00624	0.00719	0.00207	0.03128	0.00606	0.00326	0.01001
30	0.13531	0.01809	0.01785	0.16053	0.04631	0.18033	0.01324	0.16300	0.01773	0.02409	0.01230	0.01553	0.00986	0.01116	0.06987	0.00284	0.08420	0.00536	0.00410	0.00830
31	0.02087	0.01870	0.01619	0.01367	0.01738	0.21296	0.01071	0.26245	0.03994	0.07126	0.04873	0.02618	0.12967	0.04819	0.00865	0.00225	0.03043	0.00738	0.00562	0.00877
32	0.81159	0.01298	0.00986	0.00882	0.01298	0.01505	0.00727	0.01972	0.01142	0.03010	0.00934	0.01090	0.00727	0.00623	0.00415	0.00208	0.00519	0.00363	0.00415	0.00727
33	0.00956	0.00655	0.00795	0.00812	0.00836	0.00671	0.00502	0.01009	0.01025	0.01387	0.02226	0.11582	0.02520	0.56576	0.15042	0.00683	0.00817	0.01030	0.00421	0.00454
34	0.01486	0.01801	0.12680	0.06775	0.16169	0.04189	0.12219	0.01966	0.05479	0.02011	0.04169	0.05927	0.01416	0.00885	0.01082	0.00236	0.19562	0.00711	0.00368	0.00870
35	0.01732	0.01881	0.02090	0.02080	0.12117	0.19152	0.01496	0.01924	0.01312	0.01704	0.00999	0.01466	0.00925	0.01079	0.03530	0.00272	0.44585	0.00555	0.00314	0.00789
36	0.01391	0.01193	0.01391	0.00994	0.01590	0.00894	0.00795	0.01690	0.01391	0.02186	0.01193	0.01391	0.00994	0.00497	0.00497	0.00099	0.00497	0.00398	0.00398	0.80521
37	0.01669	0.01441	0.01517	0.01365	0.01745	0.01669	0.01062	0.03565	0.71021	0.02807	0.02731	0.02503	0.02048	0.00910	0.00683	0.00228	0.00531	0.00759	0.00683	0.01062
38	0.00818	0.00584	0.00779	0.00934	0.00973	0.00545	0.00623	0.00934	0.01285	0.01713	0.03698	0.75981	0.04438	0.02102	0.00856	0.00273	0.00389	0.01908	0.00623	0.00545
39	0.00804	0.00680	0.00695	0.00691	0.00913	0.00571	0.00518	0.00984	0.01555	0.01873	0.11242	0.06359	0.67479	0.01677	0.00793	0.00226	0.00338	0.01402	0.00631	0.00571
40	0.01584	0.01810	0.03959	0.02828	0.03507	0.01697	0.69796	0.02149	0.01584	0.02149	0.01357	0.01810	0.01018	0.00566	0.00792	0.00226	0.01131	0.00792	0.00339	0.00905
41	0.02570	0.01849	0.01995	0.01529	0.02066	0.02035	0.01263	0.67227	0.03104	0.07070	0.01654	0.01639	0.01163	0.00807	0.00671	0.00202	0.00731	0.00607	0.00678	0.01141
42	0.01926	0.04197	0.02039	0.01643	0.01888	0.08626	0.01354	0.23250	0.06578	0.02515	0.01252	0.01547	0.01040	0.00977	0.01415	0.00244	0.37591	0.00583	0.00443	0.00892
43	0.05232	0.01261	0.01604	0.01240	0.01754	0.01179	0.01022	0.12784	0.04177	0.58701	0.02450	0.02159	0.01571	0.00823	0.00667	0.00207	0.00592	0.00658	0.00791	0.01127
44	0.00793	0.00680	0.00680	0.00680	0.00906	0.00566	0.00510	0.00963	0.01529	0.01813	0.06797	0.06457	0.71961	0.01699	0.00793	0.00227	0.00340	0.01416	0.00623	0.00566
45	0.01473	0.01244	0.01434	0.01042	0.01626	0.00998	0.00835	0.05944	0.04247	0.02336	0.01279	0.01449	0.01044	0.00532	0.00515	0.00111	0.00513	0.00424	0.00426	0.72528
46	0.00818	0.00584	0.00779	0.00934	0.00973	0.00545	0.00623	0.00934	0.01285	0.01713	0.03698	0.75981	0.04438	0.02102	0.00856	0.00273	0.00389	0.01908	0.00623	0.00545
47	0.03010	0.01142	0.01557	0.01194	0.01713	0.00986	0.00986	0.03270	0.01920	0.72698	0.02647	0.02284	0.01661	0.00830	0.00675	0.00208	0.00571	0.00675	0.00830	0.01142
48	0.00816	0.00590	0.00772	0.00918	0.00969	0.00546	0.00616	0.00936	0.01300	0.01719	0.03896	0.71545	0.08747	0.02076	0.00852	0.00270	0.00386	0.01876	0.00623	0.00546
49	0.01512	0.02309	0.24687	0.02553	0.03326	0.01655	0.49569	0.02142	0.01534	0.02142	0.01311	0.01692	0.00968	0.00587	0.00745	0.00222	0.01089	0.00703	0.00323	0.00931
50	0.01512	0.02332	0.26094	0.02612	0.07504	0.01646	0.43992	0.02136	0.01527	0.02144	0.01302	0.01674	0.00967	0.00591	0.00734	0.00220	0.01066	0.00685	0.00321	0.00943
51	0.01661	0.01594	0.02724	0.04119	0.72233	0.01594	0.02059	0.02059	0.01528	0.02192	0.01262	0.01661	0.01063	0.00598	0.00664	0.00199	0.00797	0.00598	0.00332	0.01063
52	0.01291	0.01217	0.02056	0.70480	0.08759	0.01497	0.01875	0.01735	0.01353	0.01744	0.01197	0.01781	0.00905	0.00666	0.00670	0.00222	0.00888	0.00596	0.00300	0.00765
53	0.01794	0.76823	0.03516	0.01148	0.01722	0.02655	0.01148	0.02009	0.01363	0.01579	0.00933	0.01076	0.00861	0.00574	0.00431	0.00144	0.00718	0.00359	0.00287	0.00861
54	0.00821	0.00681	0.00718	0.00709	0.00923	0.00578	0.00531	0.01016	0.01594	0.01967	0.18244	0.06203	0.60418	0.01642	0.00793	0.00224	0.00336	0.01380	0.00643	0.00578
55	0.00793	0.00680	0.00680	0.00680	0.00906	0.00566	0.00510	0.00963	0.01529	0.01813	0.06797	0.06457	0.71961	0.01699	0.00793	0.00227	0.00340	0.01416	0.00623	0.00566
56	0.03010	0.01142	0.01557	0.01194	0.01713	0.00986	0.00986	0.03270	0.01920	0.72698	0.02647	0.02284	0.01661	0.00830	0.00675	0.00208	0.00571	0.00675	0.00830	0.01142
57	0.01661	0.01594	0.02724	0.04119	0.72233	0.01594	0.02059	0.02059	0.01528	0.02192	0.01262	0.01661	0.01063	0.00598	0.00664	0.00199	0.00797	0.00598	0.00332	0.01063
58	0.03010	0.01142	0.01557	0.01194	0.01713	0.00986	0.00986	0.03270	0.01920	0.72698	0.02647	0.02284	0.01661	0.00830	0.00675	0.00208	0.00571	0.00675	0.00830	0.01142
59	0.02880	0.01351	0.01687	0.01293	0.01817	0.01297	0.01068	0.22198	0.02271	0.53276	0.02353	0.02093	0.01513	0.00823	0.00674	0.00206	0.00618	0.00655	0.00785	0.01142
60	0.01669	0.01441	0.01517	0.01365	0.01745	0.01669	0.01062	0.03565	0.71021	0.02807	0.02731	0.02503	0.02048	0.00910	0.00683	0.00228	0.00531	0.00759	0.00683	0.01062
61	0.81159	0.01298	0.00986	0.00882	0.01298	0.01505	0.00727	0.01972	0.01142	0.03010	0.00934	0.01090	0.00727	0.00623	0.00415	0.00208	0.00519	0.00363	0.00415	0.00727
62	0.02551	0.01879	0.02014	0.01544	0.02081	0.02081	0.01275	0.69996	0.03155	0.04229	0.01611	0.01611	0.01141	0.00805	0.00671	0.00201	0.00738	0.00604	0.00671	0.01141
63	0.81159	0.01298	0.00986	0.00882	0.01298	0.01505	0.00727	0.01972	0.01142	0.03010	0.00934	0.01090	0.00727	0.00623	0.00415	0.00208	0.00519	0.00363	0.00415	0.00727
64	0.01661	0.01594	0.02724	0.04119	0.72233	0.01594	0.02059	0.02059	0.01528	0.02192	0.01262	0.01661	0.01063	0.00598	0.00664	0.00199	0.00797	0.00598	0.00332	0.01063
65	0.01669	0.01441	0.01517	0.01365	0.01745	0.01669	0.01062	0.03565	0.71021	0.02807	0.02731	0.02503	0.02048	0.00910	0.00683	0.00228	0.00531	0.00759	0.00683	0.01062
66	0.00818	0.00584	0.00779	0.00934	0.00973	0.00545	0.00623	0.00934	0.01285	0.01713	0.03698	0.75981	0.04438	0.02102	0.00856	0.00273	0.00389	0.01908	0.00623	0.00545
67	0.02970	0.01206	0.01597	0.01224	0.01745	0.01082	0.01011	0.09090	0.02028	0.66726	0.02557	0.02225	0.01616	0.00828	0.00674	0.00207	0.00586	0.00669	0.00817	0.01142
68	0.00959	0.00719	0.01078	0.01078	0.01198	0.00839	0.00839	0.01198	0.01078	0.01558	0.01797	0.02636	0.01677	0.05032	0.73760	0.01078	0.01797	0.00719	0.00359	0.00599
69	0.00822	0.00587	0.00783	0.00931	0.00974	0.00548	0.00623	0.00946	0.01305	0.01746	0.06009	0.73576	0.04502	0.02077	0.00854	0.00270	0.00387	0.01884	0.00627	0.00548
70	0.00812	0.00677	0.00708	0.00707	0.00920	0.00573	0.00528	0.00997	0.01564	0.01911	0.14203	0.08493	0.62255	0.01674	0.00795	0.00226	0.00339	0.01408	0.00636	0.00573
71	0.01391	0.01193	0.01391	0.00994	0.01590	0.00894	0.00795	0.01690	0.01391	0.02186	0.01193	0.01391	0.00994	0.00497	0.00497	0.00099	0.00497	0.00398	0.00398	0.80521
72	0.00942	0.00680	0.00890	0.00849	0.01001	0.00628	0.00633	0.01248	0.01866	0.02637	0.68166	0.08877	0.06228	0.01412	0.00795	0.00214	0.00321	0.01251	0.00732	0.00628
73	0.00825	0.00674	0.00729	0.00729	0.00930	0.00578	0.00542	0.01021	0.01586	0.01978	0.19357	0.10850	0.54544	0.01662	0.00797	0.00227	0.00339	0.01409	0.00646	0.00578
74	0.01558	0.01987	0.11302	0.02731	0.03443	0.01682	0.62631	0.02147	0.01566	0.02147	0.01341	0.01768	0.01000	0.00573	0.00775	0.00225	0.01116	0.00760	0.00333	0.00914
75	0.01669	0.01441	0.01517	0.01365	0.01745	0.01669	0.01062	0.03565	0.71021	0.02807	0.02731	0.02503	0.02048	0.00910	0.00683	0.00228	0.00531	0.00759	0.00683	0.01062
76	0.00793	0.00680	0.00680	0.00680	0.00906	0.00566	0.00510	0.00963	0.01529	0.01813	0.06797	0.06457	0.71961	0.01699	0.00793	0.00227	0.00340	0.01416	0.00623	0.00566
77	0.00818	0.00584	0.00779	0.00934	0.00973	0.00545	0.00623	0.00934	0.01285	0.01713	0.03698	0.75981	0.04438	0.02102	0.00856	0.00273	0.00389	0.01908	0.00623	0.00545
78	0.04266	0.38816	0.17616	0.01544	0.02160	0.09145	0.09557	0.02056	0.01442	0.01820	0.01201	0.05327	0.01068	0.00683	0.00556	0.00180	0.00848	0.00530	0.00321	0.00864
79	0.01085	0.00892	0.01342	0.01245	0.01362	0.01079	0.03646	0.01314	0.01096	0.01611	0.01638	0.02451	0.01536	0.06568	0.53190	0.00859	0.14947	0.00704	0.02807	0.00629
80	0.01644	0.01589	0.02750	0.06552	0.67002	0.01595	0.04864	0.02051	0.01524	0.02174	0.01264	0.01671	0.01055	0.00599	0.00670	0.00201	0.00814	0.00606	0.00331	0.01045
81	0.04072	0.01702	0.06486	0.05529	0.39762	0.03895	0.10837	0.06525	0.03614	0.04603	0.01495	0.05728	0.01259	0.00714	0.00682	0.00209	0.00820	0.00684	0.00396	0.00987
82	0.02100	0.04065	0.01702	0.01402	0.01821	0.13594	0.01110	0.14984	0.34066	0.11483	0.02347	0.02216	0.04365	0.00866	0.00663	0.00209	0.00683	0.00680	0.00629	0.01013
83	0.01413	0.04092	0.18129	0.08318	0.09028	0.03564	0.13876	0.01966	0.06220	0.04406	0.07725	0.09015	0.07468	0.00924	0.00712	0.00219	0.00783	0.00843	0.00441	0.00857

[dist]
# distance from previous block
# <min> <max>
2	9

[block]
# block no. 1 follows, 32 sequences, length 42
# corresponding to MSA columns:
# 135-176
name=unknown_B
#
# <colnr> <probs for GDERKNQSTAVLIFYWHMCP>
#	G	D	E	R	K	N	Q	S	T	A	V	L	I	F	Y	W	H	M	C	P
0	0.09159	0.12378	0.27402	0.06042	0.05019	0.09322	0.05095	0.09217	0.06177	0.02326	0.01276	0.01461	0.00969	0.00665	0.00603	0.00199	0.00872	0.00511	0.00374	0.00931
1	0.05817	0.08318	0.35422	0.06308	0.04399	0.04964	0.03873	0.11670	0.08573	0.02444	0.01375	0.01540	0.01018	0.00684	0.00625	0.00206	0.00868	0.00534	0.00391	0.00970
2	0.12379	0.02081	0.01764	0.01460	0.01906	0.25656	0.03683	0.20917	0.06143	0.02727	0.04189	0.01580	0.01236	0.00725	0.00604	0.00183	0.00822	0.00531	0.00486	0.10926
3	0.21000	0.03725	0.08206	0.02255	0.24240	0.03404	0.05282	0.10504	0.01682	0.11544	0.01388	0.01557	0.01036	0.00662	0.00604	0.00203	0.00738	0.00544	0.00452	0.00974
4	0.01669	0.01441	0.01517	0.01365	0.01745	0.01669	0.01062	0.03565	0.71021	0.02807	0.02731	0.02503	0.02048	0.00910	0.00683	0.00228	0.00531	0.00759	0.00683	0.01062
5	0.00838	0.00598	0.00802	0.00958	0.01005	0.00563	0.00658	0.00970	0.01305	0.01736	0.03687	0.70696	0.04393	0.02083	0.00862	0.00275	0.00407	0.06991	0.00622	0.00551
6	0.77650	0.01291	0.01012	0.00896	0.01316	0.01482	0.00738	0.02031	0.01177	0.06139	0.01011	0.01144	0.00769	0.00632	0.00427	0.00208	0.00521	0.00377	0.00434	0.00745
7	0.00817	0.00681	0.00713	0.00705	0.00921	0.00577	0.00529	0.01009	0.01586	0.01947	0.16737	0.06237	0.61937	0.01649	0.00793	0.00224	0.00336	0.01385	0.00641	0.00577
8	0.00809	0.00680	0.00702	0.00697	0.00916	0.00573	0.00522	0.00994	0.01567	0.01903	0.13497	0.06309	0.65205	0.01666	0.00793	0.00225	0.00337	0.01395	0.00635	0.00573
9	0.00861	0.00615	0.00829	0.00985	0.01043	0.00583	0.00699	0.01010	0.01328	0.01762	0.03674	0.64576	0.04342	0.02061	0.00868	0.00279	0.00427	0.12879	0.00622	0.00557
10	0.00950	0.00686	0.00897	0.00844	0.01002	0.00633	0.00633	0.01266	0.01899	0.02691	0.71879	0.05012	0.06331	0.01372	0.00791	0.00211	0.00317	0.01213	0.00739	0.00633
11	0.01391	0.01193	0.01391	0.00994	0.01590	0.00894	0.00795	0.01690	0.01391	0.02186	0.01193	0.01391	0.00994	0.00497	0.00497	0.00099	0.00497	0.00398	0.00398	0.80521
12	0.01669	0.01441	0.01517	0.01365	0.01745	0.01669	0.01062	0.03565	0.71021	0.02807	0.02731	0.02503	0.02048	0.00910	0.00683	0.00228	0.00531	0.00759	0.00683	0.01062
13	0.01300	0.01226	0.02071	0.68984	0.10190	0.01499	0.01880	0.01743	0.01357	0.01754	0.01198	0.01778	0.00908	0.00665	0.00670	0.00222	0.00886	0.00596	0.00301	0.00772
14	0.01385	0.09806	0.66946	0.01846	0.02802	0.01653	0.02364	0.02115	0.01412	0.02078	0.01181	0.01387	0.00851	0.00632	0.00620	0.00207	0.00968	0.00484	0.00284	0.00980
15	0.00818	0.00584	0.00779	0.00934	0.00973	0.00545	0.00623	0.00934	0.01285	0.01713	0.03698	0.75981	0.04438	0.02102	0.00856	0.00273	0.00389	0.01908	0.00623	0.00545
16	0.02914	0.01212	0.01591	0.01229	0.01743	0.01102	0.01012	0.08438	0.05135	0.64254	0.02571	0.02242	0.01638	0.00832	0.00675	0.00208	0.00582	0.00673	0.00812	0.01138
17	0.01745	0.01874	0.03396	0.02491	0.03076	0.06558	0.50732	0.09559	0.04182	0.02328	0.01380	0.01750	0.01048	0.00654	0.00858	0.00225	0.06111	0.00732	0.00385	0.00916
18	0.01584	0.01810	0.03959	0.02828	0.03507	0.01697	0.69796	0.02149	0.01584	0.02149	0.01357	0.01810	0.01018	0.00566	0.00792	0.00226	0.01131	0.00792	0.00339	0.00905
19	0.00950	0.00686	0.00897	0.00844	0.01002	0.00633	0.00633	0.01266	0.01899	0.02691	0.71879	0.05012	0.06331	0.01372	0.00791	0.00211	0.00317	0.01213	0.00739	0.00633
20	0.01682	0.01311	0.01783	0.05787	0.01978	0.01426	0.09181	0.17743	0.14363	0.07065	0.02117	0.11787	0.01861	0.05383	0.10041	0.00356	0.03851	0.00861	0.00548	0.00876
21	0.02102	0.04768	0.10890	0.01540	0.02040	0.15856	0.04384	0.16219	0.12187	0.12862	0.05944	0.02168	0.01659	0.00837	0.00670	0.00206	0.00796	0.03349	0.00555	0.00967
22	0.01047	0.00710	0.00933	0.00875	0.01049	0.00654	0.00666	0.01361	0.01887	0.05808	0.66208	0.04986	0.06029	0.01366	0.00791	0.00215	0.00339	0.03684	0.00738	0.00655
23	0.00828	0.00600	0.00783	0.00908	0.00971	0.00555	0.00616	0.00967	0.01360	0.01812	0.10315	0.64386	0.09410	0.02005	0.00846	0.00263	0.00379	0.01807	0.00634	0.00555
24	0.04335	0.05643	0.59696	0.01796	0.02692	0.04286	0.02217	0.04178	0.01500	0.05820	0.01266	0.01437	0.00897	0.00652	0.00625	0.00208	0.00945	0.00497	0.00330	0.00982
25	0.01644	0.01640	0.02984	0.03846	0.57724	0.01616	0.16360	0.02078	0.01540	0.02183	0.01282	0.01692	0.01053	0.00591	0.00691	0.00205	0.00868	0.00639	0.00334	0.01030
26	0.00968	0.00704	0.00940	0.01080	0.01183	0.00694	0.00833	0.01253	0.04861	0.01889	0.03590	0.44180	0.04082	0.01941	0.00877	0.00285	0.00490	0.28925	0.00624	0.00601
27	0.01026	0.00842	0.00924	0.00875	0.01113	0.00819	0.00664	0.01605	0.16258	0.02296	0.26253	0.05175	0.36777	0.01431	0.00769	0.00222	0.00373	0.01215	0.00672	0.00691
28	0.00872	0.00643	0.00862	0.00978	0.01032	0.00633	0.00685	0.01019	0.01344	0.01815	0.09960	0.62556	0.04426	0.01979	0.00915	0.00269	0.03770	0.05057	0.00619	0.00565
29	0.00961	0.00707	0.01019	0.01019	0.01119	0.00807	0.00765	0.01160	0.01061	0.01514	0.01851	0.02935	0.01807	0.17208	0.61761	0.01005	0.01602	0.00763	0.00367	0.00566
30	0.01251	0.00625	0.00625	0.00625	0.00782	0.00625	0.00469	0.01563	0.01407	0.02502	0.02189	0.02502	0.01720	0.00782	0.00469	0.00156	0.00313	0.00625	0.80144	0.00625
31	0.02539	0.01834	0.01978	0.01523	0.02054	0.02022	0.01256	0.64977	0.05464	0.06959	0.01692	0.01669	0.01194	0.00810	0.00672	0.00203	0.00724	0.00612	0.00678	0.01138
32	0.01726	0.01781	0.02675	0.09802	0.51134	0.10655	0.08302	0.02116	0.01564	0.02078	0.01237	0.01629	0.01019	0.00613	0.00669	0.00201	0.00889	0.00595	0.00332	0.00985
33	0.01657	0.54430	0.24710	0.01381	0.02083	0.02320	0.01554	0.02045	0.01380	0.01745	0.01016	0.01180	0.00858	0.00593	0.00494	0.00165	0.00801	0.00401	0.00286	0.00901
34	0.00835	0.00681	0.00737	0.00723	0.00932	0.00584	0.00543	0.01044	0.01628	0.02046	0.24083	0.06074	0.54530	0.01612	0.00793	0.00222	0.00334	0.01362	0.00654	0.00584
35	0.01502	0.01507	0.02181	0.39589	0.20183	0.07846	0.01797	0.01864	0.01384	0.01807	0.01145	0.01656	0.00930	0.00737	0.00913	0.00225	0.13021	0.00581	0.00310	0.00823
36	0.01770	0.01294	0.01447	0.01245	0.01577	0.04347	0.02792	0.20924	0.13291	0.07132	0.05320	0.06832	0.02005	0.01434	0.08984	0.00307	0.00728	0.03477	0.14218	0.00877
37	0.00818	0.00584	0.00779	0.00934	0.00973	0.00545	0.00623	0.00934	0.01285	0.01713	0.03698	0.75981	0.04438	0.02102	0.00856	0.00273	0.00389	0.01908	0.00623	0.00545
38	0.02506	0.03198	0.01901	0.01729	0.02074	0.73725	0.01296	0.02679	0.01901	0.01642	0.01037	0.01210	0.00864	0.00691	0.00605	0.00173	0.01210	0.00432	0.00346	0.00778
39	0.00942	0.00668	0.00816	0.00838	0.00992	0.00597	0.00606	0.01142	0.01574	0.05022	0.25194	0.29673	0.26067	0.01702	0.00809	0.00237	0.00359	0.01492	0.00667	0.00603
40	0.02587	0.01822	0.01978	0.01516	0.02052	0.01995	0.01253	0.64778	0.03058	0.09583	0.01692	0.01664	0.01182	0.00807	0.00672	0.00202	0.00725	0.00610	0.00684	0.01141
41	0.07922	0.01715	0.01899	0.01538	0.04512	0.01853	0.01221	0.52513	0.02767	0.14751	0.01714	0.01682	0.01191	0.00789	0.00654	0.00203	0.00699	0.00599	0.00666	0.01110

[dist]
# distance from previous block
# <min> <max>
0	1

[block]
# block no. 2 follows, 32 sequences, length 32
# corresponding to MSA columns:
# 178-209
name=unknown_C
#
# <colnr> <probs for GDERKNQSTAVLIFYWHMCP>
#	G	D	E	R	K	N	Q	S	T	A	V	L	I	F	Y	W	H	M	C	P
0	0.06403	0.42637	0.06164	0.01519	0.02074	0.15180	0.10667	0.04933	0.01554	0.01882	0.01050	0.01239	0.00887	0.00609	0.00530	0.00169	0.00865	0.00448	0.00328	0.00862
1	0.00915	0.00678	0.00870	0.00961	0.01093	0.00634	0.00743	0.01134	0.01513	0.01979	0.15068	0.29310	0.18456	0.01827	0.00855	0.00265	0.00438	0.22037	0.00640	0.00586
2	0.02442	0.07825	0.02027	0.01434	0.01969	0.04835	0.01193	0.48577	0.02673	0.11403	0.01614	0.01608	0.01153	0.00759	0.00635	0.00188	0.00717	0.00568	0.00622	0.07756
3	0.13973	0.26268	0.05133	0.01327	0.01809	0.21069	0.01158	0.05290	0.04768	0.04608	0.01163	0.01292	0.00947	0.00659	0.00562	0.00173	0.02621	0.00433	0.00384	0.06363
4	0.02547	0.02057	0.02040	0.01609	0.02112	0.17066	0.05126	0.43100	0.02638	0.12607	0.01612	0.01626	0.01144	0.00771	0.00665	0.00198	0.00838	0.00588	0.00605	0.01051
5	0.00937	0.00676	0.00885	0.00853	0.01000	0.00624	0.00632	0.01233	0.01838	0.02593	0.65093	0.12076	0.06143	0.01444	0.00798	0.00217	0.00324	0.01283	0.00727	0.00624
6	0.00839	0.00599	0.00803	0.00959	0.01007	0.00563	0.00660	0.00971	0.01306	0.01737	0.03687	0.70484	0.04392	0.02082	0.00862	0.00275	0.00408	0.07196	0.00622	0.00551
7	0.11778	0.02054	0.01808	0.01730	0.08886	0.22479	0.01242	0.19615	0.18726	0.02792	0.01599	0.01652	0.01222	0.00755	0.00623	0.00200	0.00803	0.00562	0.00516	0.00959
8	0.02199	0.01618	0.01761	0.01412	0.01899	0.01759	0.01142	0.36885	0.25647	0.09090	0.02036	0.01946	0.01475	0.00818	0.00661	0.00202	0.00636	0.00645	0.00666	0.07503
9	0.00837	0.00595	0.00788	0.00935	0.00976	0.00560	0.00629	0.00955	0.01277	0.01701	0.03603	0.69227	0.04302	0.06305	0.01004	0.00295	0.00413	0.04448	0.00610	0.00540
10	0.00818	0.00584	0.00779	0.00934	0.00973	0.00545	0.00623	0.00934	0.01285	0.01713	0.03698	0.75981	0.04438	0.02102	0.00856	0.00273	0.00389	0.01908	0.00623	0.00545
11	0.01562	0.01046	0.01253	0.01177	0.01433	0.01082	0.00910	0.15536	0.10864	0.10443	0.05154	0.32344	0.03136	0.01488	0.00783	0.00248	0.00525	0.09536	0.00667	0.00812
12	0.01566	0.24826	0.44109	0.01724	0.02540	0.04117	0.05915	0.04309	0.01482	0.02020	0.01142	0.01340	0.00873	0.00622	0.00586	0.00191	0.00918	0.00474	0.00302	0.00947
13	0.10888	0.02070	0.02249	0.07444	0.16090	0.23218	0.09967	0.11657	0.01787	0.02330	0.01192	0.01472	0.00949	0.00692	0.00725	0.00203	0.05241	0.00546	0.00389	0.00890
14	0.01391	0.01193	0.01391	0.00994	0.01590	0.00894	0.00795	0.01690	0.01391	0.02186	0.01193	0.01391	0.00994	0.00497	0.00497	0.00099	0.00497	0.00398	0.00398	0.80521
15	0.01346	0.03471	0.72942	0.01912	0.02904	0.01558	0.02479	0.02125	0.01417	0.02125	0.01204	0.01417	0.00850	0.00637	0.00637	0.00212	0.00992	0.00496	0.00283	0.00992
16	0.00826	0.00681	0.00726	0.00715	0.00927	0.00581	0.00536	0.01027	0.01608	0.01999	0.20636	0.06150	0.58006	0.01630	0.00793	0.00223	0.00335	0.01373	0.00648	0.00581
17	0.00811	0.00647	0.00727	0.00778	0.00935	0.00563	0.00557	0.00970	0.01465	0.01829	0.09484	0.30726	0.44506	0.01821	0.00815	0.00242	0.00356	0.01576	0.00630	0.00563
18	0.00873	0.00683	0.00791	0.00764	0.00955	0.00601	0.00573	0.01118	0.01718	0.02261	0.40052	0.05719	0.38426	0.01532	0.00792	0.00219	0.00328	0.01313	0.00682	0.00601
19	0.16173	0.01437	0.01626	0.01268	0.01776	0.01473	0.01047	0.27324	0.02237	0.35902	0.01978	0.01835	0.01312	0.00786	0.00629	0.00205	0.00623	0.00596	0.00702	0.01071
20	0.01669	0.01441	0.01517	0.01365	0.01745	0.01669	0.01062	0.03565	0.71021	0.02807	0.02731	0.02503	0.02048	0.00910	0.00683	0.00228	0.00531	0.00759	0.00683	0.01062
21	0.01391	0.01193	0.01391	0.00994	0.01590	0.00894	0.00795	0.01690	0.01391	0.02186	0.01193	0.01391	0.00994	0.00497	0.00497	0.00099	0.00497	0.00398	0.00398	0.80521
22	0.32100	0.01370	0.01449	0.01158	0.01642	0.01432	0.00956	0.18128	0.01913	0.30920	0.01769	0.01683	0.01192	0.00747	0.00577	0.00206	0.00590	0.00542	0.00639	0.00987
23	0.01597	0.01553	0.02718	0.14408	0.56762	0.01587	0.07482	0.02016	0.01505	0.02118	0.01260	0.01692	0.01034	0.00606	0.00676	0.00205	0.00838	0.00613	0.00328	0.01003
24	0.00816	0.00588	0.00774	0.00923	0.00970	0.00546	0.00618	0.00936	0.01296	0.01717	0.03841	0.72787	0.07539	0.02084	0.00854	0.00270	0.00387	0.01885	0.00623	0.00546
25	0.01056	0.00860	0.01045	0.01167	0.05240	0.03621	0.00794	0.01408	0.07137	0.02143	0.24176	0.34989	0.06639	0.01614	0.00804	0.00243	0.00446	0.05326	0.00635	0.00657
26	0.11630	0.23245	0.02364	0.01559	0.04889	0.22190	0.05069	0.08977	0.07885	0.04452	0.01280	0.01399	0.01021	0.00674	0.00562	0.00182	0.00840	0.00484	0.00413	0.00886
27	0.00962	0.00649	0.00829	0.00892	0.01010	0.00590	0.00627	0.01132	0.01472	0.05932	0.16642	0.47740	0.15352	0.01832	0.00824	0.00250	0.00378	0.01632	0.00656	0.00598
28	0.00818	0.00584	0.00779	0.00934	0.00973	0.00545	0.00623	0.00934	0.01285	0.01713	0.03698	0.75981	0.04438	0.02102	0.00856	0.00273	0.00389	0.01908	0.00623	0.00545
29	0.01481	0.20617	0.47920	0.01846	0.02700	0.01835	0.10554	0.02101	0.01425	0.01999	0.01159	0.01385	0.00874	0.00614	0.00608	0.00198	0.00944	0.00500	0.00291	0.00950
30	0.11420	0.03486	0.01560	0.04698	0.01848	0.07537	0.01077	0.03164	0.49355	0.05218	0.02254	0.02148	0.01693	0.00835	0.00637	0.00218	0.00608	0.00663	0.00600	0.00981
31	0.01909	0.02082	0.02604	0.05186	0.39288	0.22441	0.10463	0.04182	0.01684	0.02073	0.01217	0.01552	0.00997	0.00629	0.00664	0.00196	0.00960	0.00575	0.00346	0.00954

[dist]
# distance from previous block
# <min> <max>
0	3

[block]
# block no. 3 follows, 32 sequences, length 183
# corresponding to MSA columns:
# 213-395
name=unknown_D
#
# <colnr> <probs for GDERKNQSTAVLIFYWHMCP>
#	G	D	E	R	K	N	Q	S	T	A	V	L	I	F	Y	W	H	M	C	P
0	0.02381	0.07654	0.01824	0.01320	0.01791	0.01575	0.01092	0.27888	0.09068	0.26739	0.02100	0.04485	0.01534	0.01158	0.06000	0.00268	0.00725	0.00676	0.00670	0.01051
1	0.00845	0.00661	0.00755	0.00773	0.00935	0.00582	0.00558	0.01031	0.01544	0.01982	0.21770	0.19980	0.39185	0.05204	0.00928	0.00252	0.00359	0.01445	0.00641	0.00571
2	0.05271	0.01805	0.01854	0.01466	0.01945	0.05943	0.01196	0.55168	0.04750	0.03807	0.05790	0.01836	0.01466	0.00987	0.03399	0.00234	0.00765	0.00631	0.00636	0.01053
3	0.00842	0.00621	0.00794	0.00916	0.01001	0.00572	0.00646	0.00993	0.01371	0.01792	0.06665	0.55606	0.15695	0.01986	0.00850	0.00266	0.00399	0.07799	0.00627	0.00558
4	0.05508	0.38762	0.18346	0.03846	0.06185	0.06095	0.01517	0.08987	0.01585	0.02079	0.01095	0.01270	0.00894	0.00625	0.00530	0.00175	0.00808	0.00439	0.00338	0.00916
5	0.01948	0.28017	0.19275	0.03594	0.02202	0.22603	0.01534	0.05443	0.01625	0.04426	0.01127	0.01294	0.00903	0.00661	0.00603	0.00179	0.02894	0.00448	0.00341	0.00885
6	0.00817	0.00587	0.00776	0.00927	0.00971	0.00546	0.00620	0.00935	0.01292	0.01716	0.03787	0.73981	0.06380	0.02091	0.00855	0.00271	0.00388	0.01893	0.00623	0.00546
7	0.01580	0.01523	0.02629	0.18031	0.56310	0.01578	0.04554	0.01995	0.01493	0.02096	0.01252	0.01692	0.01028	0.00611	0.00670	0.00205	0.00829	0.00605	0.00326	0.00994
8	0.00975	0.00652	0.00738	0.00736	0.00742	0.00650	0.00415	0.00986	0.01009	0.01351	0.04636	0.04413	0.02580	0.73706	0.03320	0.00635	0.00638	0.00984	0.00419	0.00415
9	0.00824	0.00586	0.00777	0.00926	0.00964	0.00549	0.00615	0.00936	0.01273	0.01697	0.03637	0.73225	0.04361	0.04963	0.00955	0.00287	0.00399	0.01872	0.00615	0.00540
10	0.00950	0.00686	0.00897	0.00844	0.01002	0.00633	0.00633	0.01266	0.01899	0.02691	0.71879	0.05012	0.06331	0.01372	0.00791	0.00211	0.00317	0.01213	0.00739	0.00633
11	0.00810	0.00680	0.00703	0.00697	0.00917	0.00574	0.00523	0.00996	0.01569	0.01908	0.13830	0.06301	0.64870	0.01664	0.00793	0.00225	0.00337	0.01394	0.00636	0.00574
12	0.01794	0.76823	0.03516	0.01148	0.01722	0.02655	0.01148	0.02009	0.01363	0.01579	0.00933	0.01076	0.00861	0.00574	0.00431	0.00144	0.00718	0.00359	0.00287	0.00861
13	0.01346	0.03471	0.72942	0.01912	0.02904	0.01558	0.02479	0.02125	0.01417	0.02125	0.01204	0.01417	0.00850	0.00637	0.00637	0.00212	0.00992	0.00496	0.00283	0.00992
14	0.01029	0.00703	0.00922	0.00858	0.01030	0.00647	0.00647	0.01343	0.01900	0.05386	0.69214	0.04907	0.06151	0.01351	0.00787	0.00211	0.00326	0.01193	0.00742	0.00653
15	0.01794	0.76823	0.03516	0.01148	0.01722	0.02655	0.01148	0.02009	0.01363	0.01579	0.00933	0.01076	0.00861	0.00574	0.00431	0.00144	0.00718	0.00359	0.00287	0.00861
16	0.00818	0.00584	0.00779	0.00934	0.00973	0.00545	0.00623	0.00934	0.01285	0.01713	0.03698	0.75981	0.04438	0.02102	0.00856	0.00273	0.00389	0.01908	0.00623	0.00545
17	0.00935	0.00685	0.00876	0.00828	0.00993	0.00627	0.00621	0.01237	0.01864	0.02606	0.65613	0.05151	0.12650	0.01403	0.00792	0.00213	0.00319	0.01233	0.00728	0.00627
18	0.00818	0.00584	0.00779	0.00934	0.00973	0.00545	0.00623	0.00934	0.01285	0.01713	0.03698	0.75981	0.04438	0.02102	0.00856	0.00273	0.00389	0.01908	0.00623	0.00545
19	0.01752	0.01483	0.01564	0.01382	0.01776	0.01708	0.01082	0.09810	0.64641	0.02941	0.02626	0.02420	0.01963	0.00900	0.00682	0.00225	0.00551	0.00744	0.00682	0.01069
20	0.00976	0.00651	0.00732	0.00732	0.00732	0.00651	0.00407	0.00976	0.00976	0.01301	0.02114	0.04391	0.02439	0.76419	0.03415	0.00651	0.00651	0.00976	0.00407	0.00407
21	0.81159	0.01298	0.00986	0.00882	0.01298	0.01505	0.00727	0.01972	0.01142	0.03010	0.00934	0.01090	0.00727	0.00623	0.00415	0.00208	0.00519	0.00363	0.00415	0.00727
22	0.00959	0.00719	0.01078	0.01078	0.01198	0.00839	0.00839	0.01198	0.01078	0.01558	0.01797	0.02636	0.01677	0.05032	0.73760	0.01078	0.01797	0.00719	0.00359	0.00599
23	0.01555	0.01968	0.11375	0.02725	0.05851	0.01695	0.56770	0.02118	0.01537	0.02123	0.01315	0.01745	0.00995	0.00603	0.00836	0.00227	0.04576	0.00743	0.00331	0.00912
24	0.01654	0.41045	0.29292	0.01560	0.04578	0.02152	0.01680	0.05289	0.03604	0.01965	0.01132	0.01292	0.00913	0.00620	0.00535	0.00176	0.00818	0.00442	0.00317	0.00936
25	0.01794	0.76823	0.03516	0.01148	0.01722	0.02655	0.01148	0.02009	0.01363	0.01579	0.00933	0.01076	0.00861	0.00574	0.00431	0.00144	0.00718	0.00359	0.00287	0.00861
26	0.00818	0.00584	0.00779	0.00934	0.00973	0.00545	0.00623	0.00934	0.01285	0.01713	0.03698	0.75981	0.04438	0.02102	0.00856	0.00273	0.00389	0.01908	0.00623	0.00545
27	0.01886	0.09200	0.01871	0.01620	0.06621	0.24236	0.01201	0.07388	0.19743	0.02223	0.04022	0.06766	0.01798	0.00940	0.00706	0.00208	0.02933	0.05266	0.00496	0.00874
28	0.01654	0.01755	0.06117	0.06271	0.55210	0.04300	0.10666	0.02085	0.01537	0.02146	0.01261	0.01656	0.01034	0.00602	0.00677	0.00203	0.00868	0.00612	0.00330	0.01017
29	0.00793	0.00680	0.00680	0.00680	0.00906	0.00566	0.00510	0.00963	0.01529	0.01813	0.06797	0.06457	0.71961	0.01699	0.00793	0.00227	0.00340	0.01416	0.00623	0.00566
30	0.13026	0.01427	0.01638	0.01280	0.01786	0.01455	0.01054	0.26019	0.04827	0.37460	0.02070	0.01905	0.01375	0.00798	0.00640	0.00206	0.00620	0.00613	0.00716	0.01084
31	0.06685	0.02517	0.37361	0.09972	0.05668	0.01591	0.22515	0.02076	0.01445	0.02149	0.01233	0.01562	0.00905	0.00617	0.00674	0.00217	0.00985	0.00590	0.00312	0.00924
32	0.00986	0.00750	0.01112	0.07130	0.01423	0.00869	0.00869	0.01213	0.01087	0.01539	0.01787	0.02785	0.01708	0.13593	0.58926	0.00954	0.01579	0.00741	0.00360	0.00587
33	0.00818	0.00584	0.00779	0.00934	0.00973	0.00545	0.00623	0.00934	0.01285	0.01713	0.03698	0.75981	0.04438	0.02102	0.00856	0.00273	0.00389	0.01908	0.00623	0.00545
34	0.01391	0.01193	0.01391	0.00994	0.01590	0.00894	0.00795	0.01690	0.01391	0.02186	0.01193	0.01391	0.00994	0.00497	0.00497	0.00099	0.00497	0.00398	0.00398	0.80521
35	0.00817	0.00587	0.00775	0.00925	0.00971	0.00546	0.00619	0.00935	0.01294	0.01716	0.03811	0.73461	0.06886	0.02088	0.00854	0.00271	0.00387	0.01890	0.00623	0.00546
36	0.01621	0.01581	0.02781	0.09841	0.60183	0.01595	0.08411	0.02039	0.01518	0.02149	0.01265	0.01685	0.01045	0.00601	0.00677	0.00204	0.00837	0.00616	0.00330	0.01022
37	0.01661	0.01594	0.02724	0.04119	0.72233	0.01594	0.02059	0.02059	0.01528	0.02192	0.01262	0.01661	0.01063	0.00598	0.00664	0.00199	0.00797	0.00598	0.00332	0.01063
38	0.02491	0.02965	0.01939	0.01762	0.03858	0.61426	0.01313	0.12498	0.02075	0.02034	0.01127	0.01280	0.00910	0.00706	0.00616	0.00178	0.01131	0.00461	0.00393	0.00838
39	0.00818	0.00584	0.00779	0.00934	0.00973	0.00545	0.00623	0.00934	0.01285	0.01713	0.03698	0.75981	0.04438	0.02102	0.00856	0.00273	0.00389	0.01908	0.00623	0.00545
40	0.01584	0.01810	0.03959	0.02828	0.03507	0.01697	0.69796	0.02149	0.01584	0.02149	0.01357	0.01810	0.01018	0.00566	0.00792	0.00226	0.01131	0.00792	0.00339	0.00905
41	0.01752	0.01423	0.01520	0.01355	0.01743	0.01627	0.01057	0.03547	0.66757	0.07120	0.02726	0.02490	0.02024	0.00905	0.00682	0.00226	0.00533	0.00753	0.00692	0.01067
42	0.00976	0.00651	0.00732	0.00732	0.00732	0.00651	0.00407	0.00976	0.00976	0.01301	0.02114	0.04391	0.02439	0.76419	0.03415	0.00651	0.00651	0.00976	0.00407	0.00407
43	0.00818	0.00584	0.00779	0.00934	0.00973	0.00545	0.00623	0.00934	0.01285	0.01713	0.03698	0.75981	0.04438	0.02102	0.00856	0.00273	0.00389	0.01908	0.00623	0.00545
44	0.01081	0.00772	0.01081	0.01236	0.01390	0.00772	0.01081	0.01390	0.01545	0.02008	0.03553	0.07569	0.03862	0.01854	0.00927	0.00309	0.00618	0.67717	0.00618	0.00618
45	0.02551	0.01879	0.02014	0.01544	0.02081	0.02081	0.01275	0.69996	0.03155	0.04229	0.01611	0.01611	0.01141	0.00805	0.00671	0.00201	0.00738	0.00604	0.00671	0.01141
46	0.03010	0.01142	0.01557	0.01194	0.01713	0.00986	0.00986	0.03270	0.01920	0.72698	0.02647	0.02284	0.01661	0.00830	0.00675	0.00208	0.00571	0.00675	0.00830	0.01142
47	0.01669	0.01441	0.01517	0.01365	0.01745	0.01669	0.01062	0.03565	0.71021	0.02807	0.02731	0.02503	0.02048	0.00910	0.00683	0.00228	0.00531	0.00759	0.00683	0.01062
48	0.00818	0.00584	0.00779	0.00934	0.00973	0.00545	0.00623	0.00934	0.01285	0.01713	0.03698	0.75981	0.04438	0.02102	0.00856	0.00273	0.00389	0.01908	0.00623	0.00545
49	0.02510	0.03104	0.01909	0.01715	0.02075	0.68603	0.01295	0.07492	0.01991	0.01827	0.01078	0.01239	0.00884	0.00700	0.00610	0.00175	0.01176	0.00444	0.00369	0.00804
50	0.01723	0.65196	0.14520	0.01269	0.01909	0.02481	0.01359	0.02028	0.01372	0.01665	0.00976	0.01130	0.00859	0.00584	0.00463	0.00154	0.00761	0.00381	0.00286	0.00882
51	0.01751	0.69760	0.10201	0.01222	0.01836	0.02549	0.01276	0.02020	0.01369	0.01631	0.00959	0.01109	0.00860	0.00580	0.00450	0.00150	0.00744	0.00372	0.00287	0.00874
52	0.00798	0.00680	0.00687	0.00685	0.00909	0.00569	0.00514	0.00972	0.01541	0.01840	0.08841	0.06412	0.69901	0.01689	0.00793	0.00226	0.00339	0.01410	0.00627	0.00569
53	0.01613	0.01910	0.05828	0.02760	0.03435	0.04466	0.65259	0.02169	0.01591	0.02129	0.01341	0.01776	0.01007	0.00572	0.00780	0.00224	0.01130	0.00770	0.00338	0.00903
54	0.01731	0.14829	0.36506	0.01732	0.02464	0.06987	0.07708	0.04732	0.01577	0.09285	0.03347	0.01581	0.01119	0.00687	0.00668	0.00201	0.02980	0.00540	0.00377	0.00951
55	0.00818	0.00584	0.00779	0.00934	0.00973	0.00545	0.00623	0.00934	0.01285	0.01713	0.03698	0.75981	0.04438	0.02102	0.00856	0.00273	0.00389	0.01908	0.00623	0.00545
56	0.01661	0.01594	0.02724	0.04119	0.72233	0.01594	0.02059	0.02059	0.01528	0.02192	0.01262	0.01661	0.01063	0.00598	0.00664	0.00199	0.00797	0.00598	0.00332	0.01063
57	0.01754	0.01845	0.10927	0.02602	0.17399	0.01603	0.29923	0.04872	0.10780	0.08971	0.01632	0.01863	0.01209	0.00660	0.00718	0.00217	0.00899	0.00695	0.00435	0.00999
58	0.01603	0.04351	0.03075	0.10456	0.41318	0.01655	0.23496	0.02053	0.01522	0.02110	0.01274	0.01699	0.01025	0.00594	0.00697	0.00208	0.00910	0.00651	0.00330	0.00975
59	0.00974	0.00658	0.00768	0.00768	0.00781	0.00670	0.00452	0.00999	0.00987	0.01328	0.02081	0.04206	0.02359	0.68877	0.10847	0.00696	0.00772	0.00949	0.00402	0.00427
60	0.01251	0.00625	0.00625	0.00625	0.00782	0.00625	0.00469	0.01563	0.01407	0.02502	0.02189	0.02502	0.01720	0.00782	0.00469	0.00156	0.00313	0.00625	0.80144	0.00625
61	0.01267	0.01193	0.02013	0.74806	0.04621	0.01491	0.01863	0.01714	0.01342	0.01714	0.01193	0.01789	0.00894	0.00671	0.00671	0.00224	0.00894	0.00596	0.00298	0.00745
62	0.02496	0.01693	0.01860	0.01438	0.01934	0.01832	0.01174	0.56189	0.02833	0.12991	0.01784	0.01903	0.01304	0.06351	0.00873	0.00235	0.00710	0.00641	0.00673	0.01087
63	0.01391	0.01193	0.01391	0.00994	0.01590	0.00894	0.00795	0.01690	0.01391	0.02186	0.01193	0.01391	0.00994	0.00497	0.00497	0.00099	0.00497	0.00398	0.00398	0.80521
64	0.03010	0.01142	0.01557	0.01194	0.01713	0.00986	0.00986	0.03270	0.01920	0.72698	0.02647	0.02284	0.01661	0.00830	0.00675	0.00208	0.00571	0.00675	0.00830	0.01142
65	0.00798	0.00680	0.00687	0.00685	0.00909	0.00569	0.00514	0.00973	0.01541	0.01841	0.08879	0.06411	0.69862	0.01689	0.00793	0.00226	0.00339	0.01410	0.00627	0.00569
66	0.00815	0.00595	0.00768	0.00906	0.00966	0.00547	0.00610	0.00937	0.01312	0.01724	0.04041	0.68294	0.11904	0.02058	0.00849	0.00267	0.00384	0.01853	0.00623	0.00547
67	0.01661	0.01594	0.02724	0.04119	0.72233	0.01594	0.02059	0.02059	0.01528	0.02192	0.01262	0.01661	0.01063	0.00598	0.00664	0.00199	0.00797	0.00598	0.00332	0.01063
68	0.00919	0.00631	0.00744	0.00791	0.00814	0.00614	0.00478	0.00962	0.01096	0.01451	0.02819	0.26412	0.06311	0.50156	0.02509	0.00515	0.00556	0.01282	0.00483	0.00456
69	0.02441	0.03094	0.01979	0.01769	0.02115	0.68922	0.03734	0.02627	0.01863	0.01659	0.01044	0.01239	0.00870	0.00702	0.00662	0.00179	0.03525	0.00450	0.00344	0.00781
70	0.01732	0.66698	0.13099	0.01254	0.01885	0.02504	0.01332	0.02025	0.01371	0.01654	0.00970	0.01123	0.00860	0.00583	0.00459	0.00153	0.00755	0.00378	0.00287	0.00879
71	0.01693	0.60337	0.19119	0.01320	0.01988	0.02409	0.01447	0.02035	0.01375	0.01701	0.00994	0.01153	0.00859	0.00588	0.00477	0.00159	0.00779	0.00390	0.00286	0.00890
72	0.01468	0.03217	0.60930	0.01975	0.02895	0.04332	0.09211	0.02185	0.01468	0.04366	0.01259	0.01476	0.00894	0.00638	0.00653	0.00212	0.01001	0.00529	0.00309	0.00979
73	0.00883	0.00697	0.00727	0.00710	0.00942	0.00586	0.00536	0.01068	0.01571	0.04395	0.11523	0.06201	0.64551	0.01644	0.00789	0.00225	0.00346	0.01375	0.00639	0.00592
74	0.02459	0.02527	0.01838	0.01595	0.01997	0.44234	0.01231	0.14957	0.10946	0.09502	0.01521	0.01557	0.01146	0.00754	0.00634	0.00189	0.00973	0.00529	0.00497	0.00917
75	0.01691	0.01651	0.02694	0.04034	0.69742	0.04155	0.02032	0.02081	0.01541	0.02173	0.01254	0.01645	0.01056	0.00601	0.00662	0.00198	0.00812	0.00592	0.00333	0.01053
76	0.07042	0.55471	0.05217	0.01267	0.01800	0.16230	0.01191	0.02139	0.01454	0.01700	0.00962	0.01114	0.00853	0.00602	0.00470	0.00155	0.00808	0.00377	0.00306	0.00840
77	0.01584	0.04098	0.08247	0.02880	0.11966	0.01703	0.55002	0.02132	0.01559	0.02136	0.01323	0.01744	0.01008	0.00575	0.00755	0.00220	0.01068	0.00736	0.00333	0.00929
78	0.02031	0.01940	0.01788	0.01679	0.06907	0.18257	0.01228	0.16150	0.37057	0.02772	0.02021	0.01974	0.01531	0.00818	0.00661	0.00208	0.00746	0.00642	0.00578	0.01012
79	0.01661	0.01594	0.02724	0.04119	0.72233	0.01594	0.02059	0.02059	0.01528	0.02192	0.01262	0.01661	0.01063	0.00598	0.00664	0.00199	0.00797	0.00598	0.00332	0.01063
80	0.00818	0.00584	0.00779	0.00934	0.00973	0.00545	0.00623	0.00934	0.01285	0.01713	0.03698	0.75981	0.04438	0.02102	0.00856	0.00273	0.00389	0.01908	0.00623	0.00545
