[name]
unknown

[dist]
# distance from previous block
# <min> <max>
0	3

[block]
# block no. 0 follows, 32 sequences, length 12
# corresponding to MSA columns:
# 3-14
name=unknown_A
#
# <colnr> <probs for GDERKNQSTAVLIFYWHMCP>
#	G	D	E	R	K	N	Q	S	T	A	V	L	I	F	Y	W	H	M	C	P
0	0.01018	0.00713	0.00833	0.00854	0.00922	0.00706	0.00561	0.04637	0.01248	0.01642	0.02925	0.19997	0.08593	0.44439	0.02309	0.00484	0.00571	0.06542	0.00501	0.00505
1	0.00935	0.00612	0.00781	0.00837	0.00905	0.00571	0.00564	0.00926	0.01186	0.01528	0.03501	0.29765	0.19342	0.08740	0.01625	0.25472	0.00462	0.01291	0.00499	0.00458
2	0.01839	0.01545	0.02190	0.12793	0.15694	0.01682	0.08469	0.27559	0.04281	0.02801	0.01592	0.05165	0.01332	0.06042	0.00941	0.00246	0.03688	0.00709	0.00484	0.00948
3	0.01595	0.01590	0.02071	0.36380	0.20762	0.12504	0.01680	0.05240	0.01533	0.01913	0.01281	0.01868	0.01068	0.06735	0.00879	0.00243	0.00891	0.00602	0.00341	0.00822
4	0.01028	0.00678	0.00817	0.00856	0.00989	0.00616	0.00600	0.01160	0.01366	0.07444	0.04252	0.33251	0.24070	0.15177	0.01284	0.00323	0.00446	0.04461	0.00601	0.00578
5	0.01038	0.00851	0.04031	0.01119	0.06669	0.00753	0.00730	0.01176	0.01272	0.01739	0.15177	0.09780	0.05410	0.37845	0.02153	0.04514	0.00580	0.04134	0.00484	0.00546
6	0.07181	0.01433	0.02301	0.23001	0.42411	0.01528	0.01819	0.02078	0.03804	0.06118	0.01348	0.01719	0.01060	0.00643	0.00650	0.00208	0.00783	0.00591	0.00369	0.00957
7	0.04308	0.01036	0.01249	0.01393	0.10354	0.03342	0.00896	0.09864	0.01639	0.05512	0.07726	0.27299	0.09581	0.07387	0.00950	0.00261	0.00532	0.01177	0.04766	0.00729
8	0.29756	0.04932	0.01224	0.05215	0.03578	0.01158	0.00879	0.01720	0.01419	0.08014	0.08699	0.09192	0.10544	0.01122	0.00643	0.00227	0.00526	0.09902	0.00531	0.00721
9	0.11907	0.07778	0.05357	0.12693	0.20251	0.11652	0.01487	0.05444	0.04514	0.02202	0.02643	0.04315	0.01205	0.00732	0.00655	0.00201	0.02933	0.00582	0.00385	0.03066
10	0.03888	0.01505	0.01981	0.07717	0.24018	0.06840	0.01437	0.07768	0.05041	0.16087	0.04546	0.04899	0.01533	0.00824	0.00790	0.00211	0.06687	0.00675	0.00501	0.03053
11	0.09371	0.05116	0.01586	0.01259	0.03401	0.01380	0.03000	0.12867	0.13330	0.06293	0.09873	0.02493	0.05822	0.05123	0.00830	0.00218	0.02717	0.00703	0.00552	0.14066

[dist]
# distance from previous block
# <min> <max>
0	13

[block]
# block no. 1 follows, 32 sequences, length 33
# corresponding to MSA columns:
# 28-60
name=unknown_B
#
# <colnr> <probs for GDERKNQSTAVLIFYWHMCP>
#	G	D	E	R	K	N	Q	S	T	A	V	L	I	F	Y	W	H	M	C	P
0	0.13029	0.01421	0.01537	0.03223	0.06159	0.05751	0.01074	0.18002	0.04772	0.06028	0.05581	0.06906	0.03713	0.00954	0.00698	0.00206	0.02931	0.06273	0.00540	0.11203
1	0.01833	0.01361	0.01451	0.01289	0.03683	0.07075	0.00968	0.14679	0.13586	0.13022	0.09719	0.09832	0.06598	0.04107	0.00803	0.00223	0.00592	0.00865	0.00626	0.07687
2	0.01643	0.01282	0.01485	0.01443	0.08251	0.05036	0.01014	0.12943	0.08697	0.08331	0.13296	0.12999	0.06490	0.01084	0.00737	0.00205	0.02460	0.00914	0.00592	0.11098
3	0.05238	0.25782	0.32325	0.04666	0.06814	0.01846	0.01769	0.02068	0.04310	0.02003	0.01343	0.01816	0.01131	0.00715	0.00588	0.00198	0.00821	0.05322	0.00335	0.00909
4	0.11298	0.07776	0.12489	0.06499	0.10444	0.12660	0.08038	0.06242	0.06682	0.07565	0.01381	0.01567	0.01048	0.00689	0.00661	0.00203	0.02876	0.00548	0.00414	0.00920
5	0.04579	0.05560	0.01687	0.01300	0.01675	0.03411	0.01048	0.35139	0.06506	0.05463	0.03956	0.08602	0.01698	0.02930	0.00875	0.03713	0.03848	0.00736	0.06355	0.00919
6	0.01630	0.06360	0.16626	0.05761	0.31555	0.01544	0.01776	0.06371	0.01614	0.06081	0.05410	0.01977	0.04197	0.00736	0.00703	0.00202	0.03145	0.00628	0.00402	0.03282
7	0.00959	0.00716	0.01063	0.01063	0.01178	0.00831	0.00820	0.01188	0.01074	0.01546	0.01811	0.02712	0.01711	0.08140	0.70697	0.01060	0.01747	0.00730	0.00362	0.00591
8	0.02210	0.01425	0.04478	0.01433	0.05968	0.05297	0.01107	0.12468	0.09447	0.30432	0.09418	0.07086	0.04263	0.00966	0.00696	0.00212	0.00614	0.00801	0.00683	0.00996
9	0.12949	0.11118	0.02335	0.02263	0.21503	0.25621	0.05754	0.07058	0.01697	0.02191	0.01134	0.01369	0.00929	0.00642	0.00591	0.00187	0.00903	0.00495	0.00367	0.00894
10	0.01144	0.00583	0.00868	0.00878	0.00880	0.00580	0.00585	0.00878	0.00899	0.01199	0.01319	0.06519	0.01364	0.02317	0.02515	0.75619	0.00571	0.00663	0.00311	0.00307
11	0.02159	0.01964	0.01775	0.01505	0.01934	0.16825	0.01187	0.27175	0.32316	0.03074	0.01977	0.01914	0.01477	0.00827	0.00662	0.00207	0.00747	0.00635	0.00608	0.01031
12	0.01592	0.01524	0.02600	0.16422	0.60466	0.01576	0.02025	0.01999	0.01495	0.02109	0.01250	0.01683	0.01034	0.00611	0.00665	0.00204	0.00814	0.00598	0.00326	0.01008
13	0.01496	0.14716	0.54939	0.01823	0.02697	0.06106	0.05103	0.02142	0.01445	0.02012	0.01159	0.01368	0.00860	0.00628	0.00610	0.00200	0.00969	0.00484	0.00290	0.00955
14	0.01561	0.04979	0.10050	0.05851	0.07314	0.01709	0.54129	0.02118	0.01546	0.02108	0.01314	0.01735	0.00994	0.00579	0.00751	0.00220	0.01073	0.00728	0.00330	0.00913
15	0.00818	0.00584	0.00779	0.00934	0.00973	0.00545	0.00623	0.00934	0.01285	0.01713	0.03698	0.75981	0.04438	0.02102	0.00856	0.00273	0.00389	0.01908	0.00623	0.00545
16	0.00824	0.00681	0.00722	0.00712	0.00925	0.00579	0.00534	0.01022	0.01602	0.01984	0.19530	0.06175	0.59121	0.01635	0.00793	0.00224	0.00335	0.01376	0.00646	0.00579
17	0.03889	0.02519	0.36744	0.15015	0.13549	0.05566	0.06866	0.02107	0.01467	0.04300	0.01250	0.01552	0.00924	0.00641	0.00651	0.00211	0.00940	0.00548	0.00322	0.00938
18	0.01352	0.01280	0.02167	0.59482	0.19278	0.01513	0.01906	0.01789	0.01382	0.01818	0.01208	0.01761	0.00931	0.00655	0.00669	0.00218	0.00873	0.00597	0.00306	0.00814
19	0.00827	0.00640	0.00754	0.00811	0.00949	0.00567	0.00576	0.00996	0.01482	0.01901	0.15163	0.35454	0.33841	0.01820	0.00819	0.00244	0.00357	0.01592	0.00640	0.00567
20	0.01021	0.00763	0.00897	0.00916	0.01086	0.00731	0.00664	0.03541	0.08079	0.03835	0.14338	0.34808	0.23403	0.01696	0.00802	0.00242	0.00394	0.01486	0.00652	0.00647
21	0.01444	0.11352	0.42487	0.02008	0.04892	0.01671	0.15709	0.02119	0.04351	0.02078	0.01386	0.05004	0.01110	0.00695	0.00658	0.00210	0.00934	0.00620	0.00329	0.00943
22	0.00843	0.00618	0.00848	0.05090	0.01178	0.00598	0.00693	0.00978	0.01288	0.01713	0.03557	0.71808	0.04239	0.02022	0.00846	0.00270	0.00418	0.01834	0.00605	0.00556
23	0.01371	0.07597	0.69037	0.01869	0.02838	0.01620	0.02404	0.02118	0.01414	0.02094	0.01189	0.01397	0.00851	0.00634	0.00626	0.00209	0.00976	0.00488	0.00284	0.00984
24	0.12673	0.07704	0.02035	0.03935	0.13037	0.22504	0.01331	0.16015	0.06990	0.02515	0.01289	0.01458	0.01022	0.00718	0.00666	0.00196	0.04050	0.00514	0.00435	0.00914
25	0.01857	0.06296	0.16493	0.01528	0.04002	0.05984	0.03435	0.13822	0.03741	0.13884	0.06848	0.06503	0.05943	0.00950	0.00747	0.00214	0.03837	0.02455	0.00536	0.00927
26	0.12349	0.02212	0.14044	0.09019	0.09561	0.18406	0.03698	0.13738	0.01807	0.02438	0.01542	0.01733	0.05150	0.00737	0.00627	0.00202	0.00873	0.00567	0.00410	0.00887
27	0.08501	0.01883	0.06909	0.04661	0.27846	0.14357	0.01534	0.06996	0.03794	0.06644	0.01573	0.04056	0.03143	0.00734	0.00635	0.00197	0.00798	0.00607	0.00423	0.04709
28	0.04069	0.01695	0.06292	0.21069	0.08863	0.12504	0.06802	0.04233	0.03945	0.09151	0.07245	0.01987	0.01507	0.00867	0.02892	0.00230	0.00859	0.00632	0.00435	0.04722
29	0.13872	0.09773	0.04235	0.01776	0.12441	0.08916	0.03343	0.10357	0.05556	0.04573	0.03682	0.06254	0.03577	0.00862	0.00767	0.00210	0.07824	0.00656	0.00451	0.00875
30	0.05810	0.03946	0.01902	0.03988	0.08682	0.10958	0.05329	0.15956	0.03559	0.13767	0.05658	0.04261	0.01567	0.00809	0.00691	0.00198	0.02957	0.00653	0.03966	0.05344
31	0.06345	0.16045	0.14445	0.07091	0.15935	0.11978	0.04834	0.07154	0.03878	0.02161	0.01374	0.01593	0.03022	0.00676	0.00605	0.00193	0.00854	0.00538	0.00365	0.00916
32	0.03622	0.08430	0.23182	0.09493	0.17452	0.01492	0.03825	0.01995	0.04725	0.04017	0.04760	0.04500	0.05547	0.00781	0.00649	0.00205	0.00771	0.00668	0.00389	0.03498

[dist]
# distance from previous block
# <min> <max>
3	27

[block]
# block no. 2 follows, 32 sequences, length 277
# corresponding to MSA columns:
# 88-364
name=unknown_C
#
# <colnr> <probs for GDERKNQSTAVLIFYWHMCP>
#	G	D	E	R	K	N	Q	S	T	A	V	L	I	F	Y	W	H	M	C	P
0	0.06597	0.06762	0.16764	0.04386	0.21130	0.03662	0.05678	0.10051	0.04197	0.02462	0.08611	0.02020	0.03293	0.00750	0.00652	0.00204	0.00773	0.00643	0.00425	0.00941
1	0.08640	0.04182	0.04025	0.05666	0.06404	0.05579	0.01134	0.17734	0.08632	0.02700	0.12110	0.07732	0.08060	0.01017	0.00729	0.00214	0.03213	0.00821	0.00549	0.00856
2	0.01765	0.03861	0.08261	0.02264	0.24515	0.06202	0.03735	0.13506	0.05592	0.06622	0.04063	0.02511	0.12441	0.00864	0.00682	0.00205	0.00728	0.00736	0.00489	0.00956
3	0.04085	0.04409	0.06493	0.07442	0.29970	0.03647	0.01566	0.11510	0.04088	0.04404	0.03532	0.06082	0.01420	0.00756	0.00647	0.00197	0.00729	0.00656	0.00436	0.07930
4	0.01699	0.03635	0.01893	0.08782	0.19221	0.03348	0.01346	0.13972	0.11174	0.05178	0.07930	0.05312	0.01923	0.01016	0.03217	0.00236	0.00712	0.03193	0.00516	0.05696
5	0.04116	0.01586	0.02231	0.03017	0.45692	0.07065	0.01634	0.06595	0.01692	0.02375	0.10087	0.02004	0.01696	0.00709	0.00656	0.00192	0.00734	0.00640	0.00414	0.06864
6	0.01687	0.01570	0.02216	0.11744	0.39562	0.06469	0.01679	0.04617	0.12141	0.04111	0.04284	0.02050	0.03429	0.00734	0.00673	0.00206	0.00758	0.00659	0.00430	0.00979
7	0.01857	0.01441	0.02327	0.07104	0.37492	0.01422	0.06929	0.02367	0.07611	0.15762	0.03608	0.01951	0.01392	0.00687	0.00673	0.00202	0.00733	0.00648	0.00471	0.05324
8	0.01651	0.01607	0.02615	0.06019	0.65870	0.03880	0.01983	0.02036	0.01534	0.02149	0.01417	0.01792	0.03157	0.00636	0.00666	0.00200	0.00800	0.00617	0.00340	0.01030
9	0.01817	0.04032	0.02268	0.15725	0.31950	0.01477	0.03708	0.04194	0.05777	0.13710	0.01560	0.01797	0.01178	0.00664	0.00651	0.00198	0.00743	0.00601	0.00442	0.07507
10	0.01710	0.10587	0.02353	0.01934	0.13855	0.01507	0.13010	0.11455	0.01743	0.06233	0.06400	0.03792	0.01537	0.00839	0.02879	0.00206	0.00746	0.00645	0.00454	0.18116
11	0.01499	0.01429	0.02431	0.33244	0.44375	0.01552	0.01979	0.01917	0.01451	0.01995	0.01233	0.01714	0.00993	0.00628	0.00667	0.00209	0.00837	0.00597	0.00318	0.00932
12	0.01630	0.02464	0.35179	0.02248	0.17892	0.03999	0.04204	0.04199	0.05609	0.06857	0.01411	0.01600	0.01048	0.00649	0.00640	0.00198	0.00853	0.00547	0.00379	0.08394
13	0.00969	0.00652	0.00730	0.00730	0.00738	0.00648	0.00410	0.00975	0.00995	0.01319	0.02277	0.04463	0.04853	0.73825	0.03324	0.00636	0.00640	0.00991	0.00414	0.00412
14	0.01839	0.72121	0.03413	0.01185	0.01745	0.07193	0.01158	0.02052	0.01398	0.01583	0.00939	0.01085	0.00861	0.00582	0.00442	0.00145	0.00749	0.00363	0.00291	0.00856
15	0.00975	0.00655	0.00753	0.00753	0.00761	0.00662	0.00434	0.00990	0.00982	0.01317	0.02094	0.04281	0.02392	0.71963	0.07806	0.00677	0.00722	0.00960	0.00404	0.00419
16	0.02526	0.01867	0.02000	0.01539	0.02071	0.02069	0.01269	0.68103	0.05089	0.04188	0.01643	0.01636	0.01167	0.00808	0.00672	0.00202	0.00732	0.00609	0.00672	0.01139
17	0.01652	0.01639	0.02772	0.08875	0.58283	0.03916	0.08868	0.02064	0.01532	0.02137	0.01260	0.01670	0.01040	0.00603	0.00676	0.00203	0.00851	0.00612	0.00331	0.01015
18	0.01155	0.01008	0.01455	0.01342	0.01415	0.01307	0.01081	0.01359	0.01059	0.01580	0.01444	0.02186	0.01371	0.03546	0.46190	0.00776	0.30075	0.00668	0.00334	0.00651
19	0.02383	0.11796	0.02111	0.01643	0.02020	0.55643	0.01284	0.08833	0.01919	0.01875	0.01072	0.01242	0.00890	0.00708	0.00655	0.00177	0.04116	0.00446	0.00367	0.00820
20	0.01641	0.01409	0.01553	0.07397	0.01966	0.01630	0.01120	0.05722	0.60261	0.02764	0.05143	0.02506	0.02080	0.00904	0.00685	0.00226	0.00560	0.00757	0.00653	0.01023
21	0.01267	0.01193	0.02013	0.74806	0.04621	0.01491	0.01863	0.01714	0.01342	0.01714	0.01193	0.01789	0.00894	0.00671	0.00671	0.00224	0.00894	0.00596	0.00298	0.00745
22	0.00971	0.00649	0.00733	0.00738	0.00739	0.00647	0.00413	0.00975	0.00985	0.01313	0.02161	0.06517	0.02499	0.74212	0.03339	0.00639	0.00643	0.01003	0.00413	0.00411
23	0.00831	0.00681	0.00732	0.00719	0.00929	0.00582	0.00539	0.01036	0.01618	0.02024	0.22438	0.06110	0.56189	0.01621	0.00793	0.00223	0.00334	0.01367	0.00651	0.00582
24	0.03010	0.01142	0.01557	0.01194	0.01713	0.00986	0.00986	0.03270	0.01920	0.72698	0.02647	0.02284	0.01661	0.00830	0.00675	0.00208	0.00571	0.00675	0.00830	0.01142
25	0.00831	0.00593	0.00771	0.00908	0.00950	0.00555	0.00600	0.00939	0.01266	0.01680	0.03665	0.67349	0.06560	0.08594	0.01078	0.00304	0.00410	0.01809	0.00604	0.00534
26	0.01544	0.01475	0.02513	0.25052	0.52211	0.01564	0.02001	0.01957	0.01473	0.02051	0.01242	0.01699	0.01013	0.00619	0.00666	0.00206	0.00826	0.00597	0.00322	0.00969
27	0.00976	0.00651	0.00732	0.00732	0.00732	0.00651	0.00407	0.00976	0.00976	0.01301	0.02114	0.04391	0.02439	0.76419	0.03415	0.00651	0.00651	0.00976	0.00407	0.00407
28	0.02975	0.01199	0.01593	0.01221	0.01741	0.01071	0.01009	0.08441	0.02016	0.67392	0.02567	0.02232	0.01621	0.00829	0.00674	0.00207	0.00584	0.00669	0.00818	0.01142
29	0.00959	0.00719	0.01078	0.01078	0.01198	0.00839	0.00839	0.01198	0.01078	0.01558	0.01797	0.02636	0.01677	0.05032	0.73760	0.01078	0.01797	0.00719	0.00359	0.00599
30	0.00818	0.00584	0.00779	0.00934	0.00973	0.00545	0.00623	0.00934	0.01285	0.01713	0.03698	0.75981	0.04438	0.02102	0.00856	0.00273	0.00389	0.01908	0.00623	0.00545
31	0.81159	0.01298	0.00986	0.00882	0.01298	0.01505	0.00727	0.01972	0.01142	0.03010	0.00934	0.01090	0.00727	0.00623	0.00415	0.00208	0.00519	0.00363	0.00415	0.00727
32	0.01166	0.00583	0.00874	0.00874	0.00874	0.00583	0.00583	0.00874	0.00874	0.01166	0.01166	0.02040	0.01166	0.02331	0.02622	0.80478	0.00583	0.00583	0.00291	0.00291
33	0.02506	0.03198	0.01901	0.01729	0.02074	0.73725	0.01296	0.02679	0.01901	0.01642	0.01037	0.01210	0.00864	0.00691	0.00605	0.00173	0.01210	0.00432	0.00346	0.00778
34	0.00959	0.00719	0.01078	0.01078	0.01198	0.00839	0.00839	0.01198	0.01078	0.01558	0.01797	0.02636	0.01677	0.05032	0.73760	0.01078	0.01797	0.00719	0.00359	0.00599
35	0.02506	0.03198	0.01901	0.01729	0.02074	0.73725	0.01296	0.02679	0.01901	0.01642	0.01037	0.01210	0.00864	0.00691	0.00605	0.00173	0.01210	0.00432	0.00346	0.00778
36	0.81159	0.01298	0.00986	0.00882	0.01298	0.01505	0.00727	0.01972	0.01142	0.03010	0.00934	0.01090	0.00727	0.00623	0.00415	0.00208	0.00519	0.00363	0.00415	0.00727
37	0.00818	0.00584	0.00779	0.00934	0.00973	0.00545	0.00623	0.00934	0.01285	0.01713	0.03698	0.75981	0.04438	0.02102	0.00856	0.00273	0.00389	0.01908	0.00623	0.00545
38	0.03010	0.01142	0.01557	0.01194	0.01713	0.00986	0.00986	0.03270	0.01920	0.72698	0.02647	0.02284	0.01661	0.00830	0.00675	0.00208	0.00571	0.00675	0.00830	0.01142
39	0.00887	0.00690	0.00754	0.00753	0.00963	0.00593	0.00568	0.01081	0.01574	0.03891	0.15046	0.10914	0.54208	0.01664	0.00799	0.00230	0.00357	0.03792	0.00644	0.00592
40	0.01584	0.01810	0.03959	0.02828	0.03507	0.01697	0.69796	0.02149	0.01584	0.02149	0.01357	0.01810	0.01018	0.00566	0.00792	0.00226	0.01131	0.00792	0.00339	0.00905
41	0.01674	0.01632	0.02670	0.06658	0.67404	0.03980	0.02027	0.02067	0.01533	0.02156	0.01252	0.01651	0.01050	0.00604	0.00663	0.00199	0.00814	0.00592	0.00331	0.01042
42	0.03842	0.22227	0.52981	0.01686	0.02553	0.01838	0.02085	0.02091	0.01395	0.02011	0.01126	0.01320	0.00849	0.00621	0.00578	0.00195	0.00907	0.00457	0.00288	0.00950
43	0.01491	0.01219	0.06373	0.01178	0.03565	0.00935	0.00970	0.01805	0.01449	0.11497	0.06487	0.02274	0.01696	0.03473	0.11974	0.00307	0.00747	0.03058	0.00472	0.39030
44	0.01669	0.01441	0.01517	0.01365	0.01745	0.01669	0.01062	0.03565	0.71021	0.02807	0.02731	0.02503	0.02048	0.00910	0.00683	0.00228	0.00531	0.00759	0.00683	0.01062
45	0.01465	0.01231	0.01529	0.01312	0.08666	0.00967	0.00927	0.01772	0.01420	0.04213	0.01241	0.01444	0.01020	0.00517	0.00519	0.00112	0.00529	0.00426	0.00403	0.70286
46	0.00859	0.00651	0.00951	0.01037	0.01111	0.00608	0.04381	0.01000	0.01301	0.01737	0.03571	0.71951	0.04252	0.02019	0.00853	0.00270	0.00430	0.01847	0.00607	0.00565
47	0.01391	0.01193	0.01391	0.00994	0.01590	0.00894	0.00795	0.01690	0.01391	0.02186	0.01193	0.01391	0.00994	0.00497	0.00497	0.00099	0.00497	0.00398	0.00398	0.80521
48	0.01669	0.01441	0.01517	0.01365	0.01745	0.01669	0.01062	0.03565	0.71021	0.02807	0.02731	0.02503	0.02048	0.00910	0.00683	0.00228	0.00531	0.00759	0.00683	0.01062
49	0.00926	0.00685	0.00865	0.00820	0.00988	0.00623	0.00615	0.01221	0.01844	0.02560	0.62184	0.05227	0.16108	0.01421	0.00792	0.00213	0.00320	0.01244	0.00721	0.00623
50	0.01346	0.03471	0.72942	0.01912	0.02904	0.01558	0.02479	0.02125	0.01417	0.02125	0.01204	0.01417	0.00850	0.00637	0.00637	0.00212	0.00992	0.00496	0.00283	0.00992
51	0.75817	0.01337	0.01056	0.00927	0.01351	0.01544	0.00764	0.06595	0.01279	0.03093	0.00980	0.01125	0.00755	0.00635	0.00433	0.00207	0.00534	0.00380	0.00433	0.00755
52	0.01384	0.01182	0.01342	0.01349	0.06343	0.01286	0.00960	0.02590	0.41869	0.02538	0.13292	0.06441	0.14340	0.01135	0.00723	0.00225	0.00481	0.00969	0.00654	0.00897
53	0.00796	0.00670	0.00690	0.00706	0.00913	0.00564	0.00522	0.00960	0.01504	0.01802	0.06472	0.13758	0.64871	0.01742	0.00800	0.00231	0.00345	0.01468	0.00623	0.00564
54	0.00823	0.00609	0.00769	0.00880	0.00963	0.00555	0.00603	0.00964	0.01375	0.01804	0.09320	0.57846	0.17089	0.01973	0.00840	0.00259	0.00375	0.01765	0.00631	0.00555
55	0.01493	0.13752	0.54061	0.01907	0.05087	0.01705	0.06178	0.02147	0.01440	0.04500	0.01226	0.01429	0.00897	0.00630	0.00619	0.00203	0.00939	0.00503	0.00308	0.00975
56	0.02811	0.01151	0.01521	0.01190	0.01686	0.01030	0.00975	0.03210	0.07955	0.63953	0.02808	0.02458	0.04299	0.00870	0.00680	0.00210	0.00559	0.00710	0.00810	0.01114
57	0.01003	0.00716	0.00991	0.01146	0.01266	0.00705	0.00945	0.01255	0.01467	0.01920	0.03596	0.27880	0.04033	0.01927	0.00906	0.00298	0.00550	0.48179	0.00619	0.00596
58	0.04980	0.02537	0.01785	0.01609	0.01923	0.51011	0.03572	0.04399	0.01774	0.01827	0.03311	0.04469	0.01334	0.01151	0.06287	0.00260	0.03586	0.03039	0.00389	0.00758
59	0.01819	0.01557	0.02417	0.05452	0.54003	0.04408	0.01805	0.02240	0.04091	0.10736	0.01656	0.01911	0.03507	0.00680	0.00668	0.00202	0.00764	0.00633	0.00415	0.01035
60	0.01341	0.00712	0.00721	0.00689	0.00872	0.00726	0.00525	0.06297	0.01528	0.02621	0.02149	0.02440	0.01680	0.00783	0.00483	0.00159	0.00342	0.00624	0.74646	0.00661
61	0.01588	0.01521	0.02593	0.17085	0.59831	0.01575	0.02023	0.01996	0.01494	0.02104	0.01249	0.01684	0.01032	0.00611	0.00665	0.00204	0.00815	0.00598	0.00326	0.01005
62	0.00833	0.00595	0.00796	0.00951	0.00997	0.00558	0.00649	0.00960	0.01299	0.01730	0.03690	0.72089	0.04405	0.02088	0.00860	0.00275	0.00402	0.05652	0.00623	0.00549
63	0.00928	0.00685	0.00867	0.00821	0.00989	0.00624	0.00616	0.01224	0.01848	0.02568	0.62797	0.05214	0.15490	0.01417	0.00792	0.00213	0.00320	0.01242	0.00723	0.00624
64	0.04407	0.01195	0.01382	0.00997	0.01584	0.00920	0.00800	0.01758	0.01402	0.04824	0.01237	0.01413	0.01009	0.00514	0.00500	0.00107	0.00500	0.00407	0.00414	0.74629
65	0.02507	0.01854	0.01990	0.01523	0.02063	0.02037	0.01257	0.67449	0.03089	0.04153	0.01595	0.01603	0.01136	0.00794	0.00665	0.00198	0.00729	0.00596	0.00661	0.04101
66	0.01142	0.00810	0.01095	0.03887	0.01455	0.00815	0.01007	0.01513	0.05313	0.04638	0.06158	0.13435	0.08102	0.01717	0.00874	0.00285	0.00570	0.45905	0.00623	0.00656
67	0.01482	0.03591	0.05226	0.01186	0.01497	0.13121	0.00969	0.07266	0.12443	0.02565	0.36258	0.03476	0.06012	0.01093	0.00716	0.00205	0.00579	0.00911	0.00619	0.00786
68	0.01283	0.01079	0.01265	0.00983	0.01462	0.00855	0.00765	0.01616	0.04221	0.02149	0.04431	0.12321	0.04351	0.00818	0.00577	0.00138	0.00471	0.00694	0.00462	0.60060
69	0.01604	0.01832	0.03765	0.05141	0.03441	0.04386	0.63080	0.02140	0.01572	0.02101	0.01327	0.01777	0.01004	0.00591	0.00820	0.00226	0.03198	0.00766	0.00337	0.00890
70	0.01603	0.42668	0.31858	0.01473	0.02208	0.02152	0.01689	0.02141	0.05170	0.01869	0.01142	0.01293	0.00921	0.00618	0.00529	0.00176	0.00820	0.00437	0.00307	0.00926
71	0.00965	0.00692	0.00944	0.00944	0.01018	0.00766	0.00672	0.01112	0.01039	0.01458	0.01920	0.03314	0.01972	0.32617	0.46577	0.00913	0.01354	0.00818	0.00378	0.00525
72	0.01869	0.02074	0.04612	0.07738	0.36496	0.20660	0.08091	0.04648	0.01662	0.02068	0.01208	0.01550	0.00987	0.00648	0.00701	0.00199	0.02931	0.00569	0.00344	0.00944
73	0.00976	0.00651	0.00732	0.00732	0.00732	0.00651	0.00407	0.00976	0.00976	0.01301	0.02114	0.04391	0.02439	0.76419	0.03415	0.00651	0.00651	0.00976	0.00407	0.00407
74	0.02551	0.01879	0.02014	0.01544	0.02081	0.02081	0.01275	0.69996	0.03155	0.04229	0.01611	0.01611	0.01141	0.00805	0.00671	0.00201	0.00738	0.00604	0.00671	0.01141
75	0.01267	0.01193	0.02013	0.74806	0.04621	0.01491	0.01863	0.01714	0.01342	0.01714	0.01193	0.01789	0.00894	0.00671	0.00671	0.00224	0.00894	0.00596	0.00298	0.00745
76	0.01251	0.00625	0.00625	0.00625	0.00782	0.00625	0.00469	0.01563	0.01407	0.02502	0.02189	0.02502	0.01720	0.00782	0.00469	0.00156	0.00313	0.00625	0.80144	0.00625
77	0.81159	0.01298	0.00986	0.00882	0.01298	0.01505	0.00727	0.01972	0.01142	0.03010	0.00934	0.01090	0.00727	0.00623	0.00415	0.00208	0.00519	0.00363	0.00415	0.00727
78	0.01267	0.01193	0.02013	0.74806	0.04621	0.01491	0.01863	0.01714	0.01342	0.01714	0.01193	0.01789	0.00894	0.00671	0.00671	0.00224	0.00894	0.00596	0.00298	0.00745
79	0.01669	0.01441	0.01517	0.01365	0.01745	0.01669	0.01062	0.03565	0.71021	0.02807	0.02731	0.02503	0.02048	0.00910	0.00683	0.00228	0.00531	0.00759	0.00683	0.01062
80	0.01794	0.76823	0.03516	0.01148	0.01722	0.02655	0.01148	0.02009	0.01363	0.01579	0.00933	0.01076	0.00861	0.00574	0.00431	0.00144	0.00718	0.00359	0.00287	0.00861
81	0.01633	0.01566	0.02674	0.09062	0.67505	0.01587	0.02046	0.02035	0.01515	0.02159	0.01257	0.01670	0.01051	0.00603	0.00665	0.00201	0.00804	0.00598	0.00330	0.01041
82	0.81159	0.01298	0.00986	0.00882	0.01298	0.01505	0.00727	0.01972	0.01142	0.03010	0.00934	0.01090	0.00727	0.00623	0.00415	0.00208	0.00519	0.00363	0.00415	0.00727
83	0.00950	0.00686	0.00897	0.00844	0.01002	0.00633	0.00633	0.01266	0.01899	0.02691	0.71879	0.05012	0.06331	0.01372	0.00791	0.00211	0.00317	0.01213	0.00739	0.00633
84	0.02551	0.01879	0.02014	0.01544	0.02081	0.02081	0.01275	0.69996	0.03155	0.04229	0.01611	0.01611	0.01141	0.00805	0.00671	0.00201	0.00738	0.00604	0.00671	0.01141
85	0.03010	0.01142	0.01557	0.01194	0.01713	0.00986	0.00986	0.03270	0.01920	0.72698	0.02647	0.02284	0.01661	0.00830	0.00675	0.00208	0.00571	0.00675	0.00830	0.01142
86	0.01081	0.00772	0.01081	0.01236	0.01390	0.00772	0.01081	0.01390	0.01545	0.02008	0.03553	0.07569	0.03862	0.01854	0.00927	0.00309	0.00618	0.67717	0.00618	0.00618
87	0.02518	0.02855	0.01931	0.01680	0.02076	0.55069	0.01291	0.20208	0.02228	0.02316	0.01187	0.01314	0.00936	0.00721	0.00622	0.00180	0.01087	0.00477	0.00430	0.00872
88	0.01584	0.01810	0.03959	0.02828	0.03507	0.01697	0.69796	0.02149	0.01584	0.02149	0.01357	0.01810	0.01018	0.00566	0.00792	0.00226	0.01131	0.00792	0.00339	0.00905
89	0.00950	0.00686	0.00897	0.00844	0.01002	0.00633	0.00633	0.01266	0.01899	0.02691	0.71879	0.05012	0.06331	0.01372	0.00791	0.00211	0.00317	0.01213	0.00739	0.00633
90	0.00809	0.00680	0.00703	0.00697	0.00916	0.00573	0.00523	0.00995	0.01568	0.01905	0.13631	0.06306	0.65070	0.01665	0.00793	0.00225	0.00337	0.01395	0.00635	0.00573
91	0.02551	0.01879	0.02014	0.01544	0.02081	0.02081	0.01275	0.69996	0.03155	0.04229	0.01611	0.01611	0.01141	0.00805	0.00671	0.00201	0.00738	0.00604	0.00671	0.01141
92	0.00818	0.00584	0.00779	0.00934	0.00973	0.00545	0.00623	0.00934	0.01285	0.01713	0.03698	0.75981	0.04438	0.02102	0.00856	0.00273	0.00389	0.01908	0.00623	0.00545
93	0.01644	0.01842	0.06631	0.26142	0.19671	0.17381	0.01675	0.04063	0.01536	0.01891	0.01268	0.01749	0.01046	0.03167	0.07238	0.00293	0.01016	0.00576	0.00336	0.00834
94	0.00944	0.00686	0.00889	0.00838	0.00999	0.00631	0.00629	0.01255	0.01886	0.02658	0.69452	0.05066	0.08779	0.01384	0.00791	0.00212	0.00317	0.01221	0.00734	0.00631
95	0.01267	0.01193	0.02013	0.74806	0.04621	0.01491	0.01863	0.01714	0.01342	0.01714	0.01193	0.01789	0.00894	0.00671	0.00671	0.00224	0.00894	0.00596	0.00298	0.00745
96	0.02551	0.01879	0.02014	0.01544	0.02081	0.02081	0.01275	0.69996	0.03155	0.04229	0.01611	0.01611	0.01141	0.00805	0.00671	0.00201	0.00738	0.00604	0.00671	0.01141
97	0.02526	0.03079	0.01893	0.01703	0.02062	0.68684	0.01285	0.04990	0.01945	0.04274	0.01114	0.01262	0.00902	0.00700	0.00610	0.00175	0.01171	0.00447	0.00374	0.00803
98	0.00818	0.00584	0.00779	0.00934	0.00973	0.00545	0.00623	0.00934	0.01285	0.01713	0.03698	0.75981	0.04438	0.02102	0.00856	0.00273	0.00389	0.01908	0.00623	0.00545
99	0.01783	0.01587	0.01609	0.01477	0.03739	0.06281	0.01119	0.08028	0.60040	0.02813	0.02506	0.02337	0.01883	0.00881	0.00677	0.00222	0.00596	0.00723	0.00651	0.01049
100	0.01755	0.30156	0.08603	0.01274	0.01799	0.11694	0.01177	0.02031	0.01456	0.06052	0.01263	0.03946	0.01097	0.00848	0.03549	0.00195	0.03316	0.00485	0.00367	0.18938
101	0.01395	0.08026	0.62587	0.01942	0.02880	0.01640	0.08161	0.02120	0.01428	0.02092	0.01200	0.01429	0.00865	0.00627	0.00637	0.00209	0.00986	0.00512	0.00288	0.00976
102	0.01384	0.03206	0.61926	0.02059	0.03000	0.01580	0.13230	0.02129	0.01443	0.02129	0.01229	0.01479	0.00877	0.00626	0.00662	0.00215	0.01014	0.00543	0.00292	0.00978
103	0.01584	0.01810	0.03959	0.02828	0.03507	0.01697	0.69796	0.02149	0.01584	0.02149	0.01357	0.01810	0.01018	0.00566	0.00792	0.00226	0.01131	0.00792	0.00339	0.00905
104	0.01441	0.03383	0.03735	0.03748	0.10983	0.04061	0.07873	0.07934	0.01608	0.06467	0.02553	0.33712	0.02696	0.01356	0.00767	0.00239	0.00648	0.05480	0.00534	0.00782
105	0.01819	0.62478	0.07382	0.03906	0.01931	0.09602	0.01267	0.02072	0.01419	0.01622	0.00968	0.01135	0.00862	0.00593	0.00469	0.00153	0.00789	0.00383	0.00293	0.00856
106	0.01532	0.01245	0.01510	0.01295	0.07763	0.01040	0.00929	0.07761	0.01579	0.04210	0.01521	0.01690	0.03684	0.00598	0.00541	0.00127	0.00533	0.00487	0.03666	0.58290
107	0.02009	0.03447	0.04627	0.03887	0.06180	0.06435	0.12055	0.14180	0.08885	0.17014	0.04666	0.05233	0.03919	0.03422	0.00789	0.00226	0.00749	0.00756	0.00566	0.00956
108	0.02083	0.02452	0.01699	0.01634	0.04677	0.49810	0.01186	0.04601	0.01737	0.01737	0.01396	0.03983	0.01294	0.06183	0.09941	0.00326	0.01170	0.02967	0.00380	0.00744
109	0.01794	0.76823	0.03516	0.01148	0.01722	0.02655	0.01148	0.02009	0.01363	0.01579	0.00933	0.01076	0.00861	0.00574	0.00431	0.00144	0.00718	0.00359	0.00287	0.00861
110	0.02028	0.10627	0.05990	0.03703	0.01842	0.03869	0.01135	0.24029	0.02053	0.12263	0.03897	0.01834	0.01374	0.00761	0.00642	0.00183	0.02856	0.00575	0.12193	0.08145
111	0.01533	0.07311	0.02522	0.34160	0.30772	0.01658	0.05809	0.04664	0.01504	0.02018	0.01226	0.01677	0.00975	0.00634	0.00657	0.00207	0.00850	0.00590	0.00328	0.00904
112	0.01346	0.03471	0.72942	0.01912	0.02904	0.01558	0.02479	0.02125	0.01417	0.02125	0.01204	0.01417	0.00850	0.00637	0.00637	0.00212	0.00992	0.00496	0.00283	0.00992
113	0.00796	0.00666	0.00694	0.00716	0.00916	0.00563	0.00526	0.00959	0.01495	0.01798	0.06357	0.16329	0.62374	0.01757	0.00802	0.00233	0.00347	0.01486	0.00623	0.00563
114	0.01662	0.06832	0.02588	0.04533	0.04784	0.10268	0.24594	0.04028	0.01558	0.02087	0.01214	0.01524	0.00976	0.00596	0.00693	0.00173	0.03885	0.00562	0.00362	0.27083
115	0.00959	0.00719	0.01078	0.01078	0.01198	0.00839	0.00839	0.01198	0.01078	0.01558	0.01797	0.02636	0.01677	0.05032	0.73760	0.01078	0.01797	0.00719	0.00359	0.00599
116	0.01150	0.00728	0.00953	0.00879	0.01071	0.00664	0.00665	0.01448	0.01866	0.09765	0.60211	0.07650	0.07641	0.01355	0.00782	0.00214	0.00346	0.01192	0.00740	0.00680
117	0.01766	0.06751	0.02244	0.04024	0.04882	0.16819	0.06125	0.02030	0.03575	0.03825	0.01086	0.01487	0.00954	0.00936	0.01457	0.00244	0.40095	0.00563	0.00337	0.00799
118	0.00810	0.00680	0.00704	0.00698	0.00917	0.00574	0.00523	0.00996	0.01570	0.01909	0.13939	0.06299	0.64759	0.01663	0.00793	0.00225	0.00337	0.01394	0.00636	0.00574
119	0.00818	0.00584	0.00779	0.00934	0.00973	0.00545	0.00623	0.00934	0.01285	0.01713	0.03698	0.75981	0.04438	0.02102	0.00856	0.00273	0.00389	0.01908	0.00623	0.00545
120	0.02506	0.03198	0.01901	0.01729	0.02074	0.73725	0.01296	0.02679	0.01901	0.01642	0.01037	0.01210	0.00864	0.00691	0.00605	0.00173	0.01210	0.00432	0.00346	0.00778
121	0.01575	0.01783	0.03812	0.02745	0.03372	0.01725	0.64502	0.02108	0.01541	0.02108	0.01321	0.01783	0.01007	0.00613	0.00901	0.00231	0.06870	0.00776	0.00336	0.00892
122	0.00881	0.00693	0.00994	0.01015	0.01139	0.00637	0.05308	0.01059	0.01412	0.01870	0.11849	0.52559	0.14336	0.01854	0.00835	0.00256	0.00424	0.01680	0.00617	0.00583
123	0.00818	0.00584	0.00779	0.00934	0.00973	0.00545	0.00623	0.00934	0.01285	0.01713	0.03698	0.75981	0.04438	0.02102	0.00856	0.00273	0.00389	0.01908	0.00623	0.00545
124	0.01391	0.01193	0.01391	0.00994	0.01590	0.00894	0.00795	0.01690	0.01391	0.02186	0.01193	0.01391	0.00994	0.00497	0.00497	0.00099	0.00497	0.00398	0.00398	0.80521
125	0.01833	0.52479	0.13760	0.01297	0.01901	0.07126	0.01331	0.02138	0.01467	0.06884	0.03569	0.01362	0.01108	0.00638	0.00504	0.00163	0.00768	0.00437	0.00346	0.00888
126	0.01794	0.76823	0.03516	0.01148	0.01722	0.02655	0.01148	0.02009	0.01363	0.01579	0.00933	0.01076	0.00861	0.00574	0.00431	0.00144	0.00718	0.00359	0.00287	0.00861
127	0.00793	0.00680	0.00680	0.00680	0.00906	0.00566	0.00510	0.00963	0.01529	0.01813	0.06797	0.06457	0.71961	0.01699	0.00793	0.00227	0.00340	0.01416	0.00623	0.00566
128	0.01298	0.01224	0.02068	0.69329	0.09861	0.01499	0.01879	0.01741	0.01356	0.01751	0.01198	0.01779	0.00908	0.00665	0.00670	0.00222	0.00887	0.00596	0.00301	0.00770
129	0.00873	0.00680	0.00792	0.00770	0.00957	0.00599	0.00575	0.01115	0.01708	0.02252	0.39474	0.07804	0.36901	0.01546	0.00794	0.00220	0.00330	0.01329	0.00681	0.00599
130	0.02500	0.01840	0.01972	0.01518	0.02037	0.02035	0.01247	0.67777	0.03085	0.04135	0.01627	0.01700	0.01183	0.03237	0.00759	0.00216	0.00736	0.00616	0.00663	0.01117
131	0.02997	0.01163	0.01570	0.01204	0.01723	0.01017	0.00994	0.05173	0.01956	0.70745	0.02618	0.02265	0.01646	0.00830	0.00675	0.00207	0.00576	0.00673	0.00826	0.01142
132	0.00945	0.00686	0.00891	0.00839	0.01000	0.00631	0.00630	0.01258	0.01889	0.02666	0.70033	0.05053	0.08193	0.01381	0.00791	0.00211	0.00317	0.01219	0.00735	0.00631
133	0.01486	0.00772	0.00812	0.00746	0.00960	0.00779	0.00576	0.07760	0.01597	0.07425	0.02169	0.02408	0.01664	0.00787	0.00501	0.00164	0.00368	0.00627	0.67692	0.00706
134	0.00823	0.00586	0.00777	0.00927	0.00965	0.00549	0.00615	0.00936	0.01274	0.01698	0.03642	0.73418	0.04366	0.04763	0.00948	0.00286	0.00399	0.01874	0.00615	0.00540
135	0.01267	0.01193	0.02013	0.74806	0.04621	0.01491	0.01863	0.01714	0.01342	0.01714	0.01193	0.01789	0.00894	0.00671	0.00671	0.00224	0.00894	0.00596	0.00298	0.00745
136	0.01352	0.01151	0.01350	0.00990	0.01548	0.00871	0.00783	0.01638	0.01384	0.02154	0.01363	0.06460	0.01228	0.00606	0.00521	0.00111	0.00490	0.00500	0.00413	0.75086
137	0.01391	0.01193	0.01391	0.00994	0.01590	0.00894	0.00795	0.01690	0.01391	0.02186	0.01193	0.01391	0.00994	0.00497	0.00497	0.00099	0.00497	0.00398	0.00398	0.80521
138	0.01686	0.04758	0.20665	0.02505	0.28988	0.03652	0.01789	0.07375	0.01623	0.05151	0.01300	0.01537	0.01013	0.00618	0.00619	0.00183	0.00791	0.00527	0.00376	0.14845
139	0.52355	0.08249	0.01496	0.01232	0.04393	0.16680	0.00952	0.04142	0.01395	0.02604	0.00989	0.01152	0.00793	0.00637	0.00474	0.00194	0.00698	0.00394	0.00394	0.00775
140	0.00976	0.00651	0.00732	0.00732	0.00732	0.00651	0.00407	0.00976	0.00976	0.01301	0.02114	0.04391	0.02439	0.76419	0.03415	0.00651	0.00651	0.00976	0.00407	0.00407
141	0.01823	0.73828	0.03450	0.01172	0.01736	0.05546	0.01154	0.02036	0.01385	0.01581	0.00937	0.01082	0.00861	0.00579	0.00438	0.00145	0.00738	0.00362	0.00289	0.00858
142	0.03010	0.01142	0.01557	0.01194	0.01713	0.00986	0.00986	0.03270	0.01920	0.72698	0.02647	0.02284	0.01661	0.00830	0.00675	0.00208	0.00571	0.00675	0.00830	0.01142
143	0.01267	0.01193	0.02013	0.74806	0.04621	0.01491	0.01863	0.01714	0.01342	0.01714	0.01193	0.01789	0.00894	0.00671	0.00671	0.00224	0.00894	0.00596	0.00298	0.00745
144	0.00974	0.00656	0.00757	0.00757	0.00766	0.00664	0.00439	0.00992	0.00983	0.01320	0.02091	0.04261	0.02383	0.71135	0.08622	0.00682	0.00735	0.00957	0.00403	0.00421
145	0.02551	0.01879	0.02014	0.01544	0.02081	0.02081	0.01275	0.69996	0.03155	0.04229	0.01611	0.01611	0.01141	0.00805	0.00671	0.00201	0.00738	0.00604	0.00671	0.01141
146	0.01251	0.00625	0.00625	0.00625	0.00782	0.00625	0.00469	0.01563	0.01407	0.02502	0.02189	0.02502	0.01720	0.00782	0.00469	0.00156	0.00313	0.00625	0.80144	0.00625
147	0.01470	0.04450	0.11805	0.02649	0.23910	0.01498	0.23385	0.01990	0.03764	0.02186	0.09248	0.02226	0.03654	0.00898	0.03684	0.00246	0.00892	0.00739	0.00392	0.00916
148	0.01646	0.01434	0.01699	0.04166	0.04608	0.08161	0.01209	0.14477	0.01581	0.04391	0.01438	0.01982	0.01261	0.05202	0.22903	0.00504	0.21504	0.00635	0.00412	0.00788
149	0.01319	0.01221	0.02013	0.71826	0.04518	0.01515	0.01840	0.04492	0.01415	0.01817	0.01210	0.01782	0.00904	0.00676	0.00671	0.00223	0.00888	0.00597	0.00313	0.00761
150	0.01512	0.01485	0.02054	0.01753	0.01775	0.02056	0.01460	0.04396	0.01114	0.01721	0.00910	0.01474	0.00891	0.01159	0.02140	0.00290	0.72163	0.00588	0.00309	0.00751
151	0.00953	0.00713	0.01066	0.01073	0.01189	0.00827	0.00830	0.01187	0.01087	0.01564	0.01875	0.05619	0.01790	0.04913	0.70795	0.01046	0.01740	0.00767	0.00370	0.00597
152	0.01563	0.01506	0.02602	0.21113	0.53133	0.01573	0.04767	0.01980	0.01485	0.02075	0.01249	0.01698	0.01020	0.00614	0.00671	0.00206	0.00834	0.00605	0.00324	0.00980
153	0.00958	0.00718	0.01071	0.01069	0.01190	0.00830	0.00830	0.01201	0.01112	0.01604	0.04648	0.02733	0.01867	0.04883	0.70792	0.01043	0.01737	0.00739	0.00375	0.00600
154	0.00843	0.00606	0.00782	0.00893	0.00954	0.00565	0.00600	0.00977	0.01345	0.01798	0.11523	0.58154	0.08543	0.07789	0.01045	0.00292	0.00398	0.01726	0.00619	0.00546
155	0.00968	0.00652	0.00730	0.00730	0.00739	0.00647	0.00411	0.00975	0.00998	0.01322	0.02305	0.04475	0.05267	0.73380	0.03309	0.00633	0.00638	0.00994	0.00415	0.00413
156	0.02024	0.04317	0.04771	0.07361	0.06308	0.23888	0.06460	0.16510	0.01861	0.02273	0.01176	0.01466	0.00951	0.00797	0.00978	0.00214	0.16821	0.00550	0.00395	0.00878
157	0.21148	0.01679	0.04447	0.02266	0.25765	0.06268	0.03303	0.12430	0.01742	0.10579	0.01375	0.01544	0.01037	0.00665	0.00600	0.00199	0.00730	0.00536	0.00460	0.03224
158	0.01750	0.16503	0.18791	0.02435	0.25464	0.04340	0.04299	0.11997	0.01707	0.02310	0.01258	0.01558	0.01020	0.02930	0.00700	0.00206	0.00840	0.00543	0.00365	0.00984
159	0.58228	0.07459	0.01385	0.01079	0.01486	0.12492	0.00885	0.04156	0.01331	0.02687	0.00969	0.01135	0.00775	0.00653	0.00510	0.00200	0.03026	0.00388	0.00399	0.00758
160	0.00818	0.00584	0.00779	0.00934	0.00973	0.00545	0.00623	0.00934	0.01285	0.01713	0.03698	0.75981	0.04438	0.02102	0.00856	0.00273	0.00389	0.01908	0.00623	0.00545
161	0.01939	0.55778	0.03019	0.01281	0.01783	0.20177	0.01166	0.02148	0.01516	0.01635	0.03582	0.01255	0.01064	0.00633	0.00487	0.00153	0.00825	0.00409	0.00318	0.00832
162	0.00811	0.00641	0.00732	0.00792	0.00939	0.00561	0.00562	0.00968	0.01450	0.01820	0.09061	0.34619	0.40982	0.01845	0.00819	0.00244	0.00359	0.01605	0.00629	0.00561
163	0.13067	0.19379	0.24339	0.01537	0.04072	0.01842	0.03353	0.11161	0.06073	0.04465	0.01302	0.01428	0.00989	0.00658	0.00566	0.00191	0.00766	0.00489	0.00403	0.03918
164	0.01492	0.01409	0.02385	0.26019	0.46452	0.01501	0.01920	0.01894	0.01463	0.02022	0.01395	0.04185	0.01211	0.00710	0.00681	0.00213	0.00809	0.02968	0.00340	0.00932
165	0.01081	0.00772	0.01081	0.01236	0.01390	0.00772	0.01081	0.01390	0.01545	0.02008	0.03553	0.07569	0.03862	0.01854	0.00927	0.00309	0.00618	0.67717	0.00618	0.00618
166	0.03870	0.04261	0.19976	0.04863	0.12211	0.03771	0.21296	0.11758	0.01735	0.05261	0.01341	0.01615	0.01001	0.00662	0.00733	0.00213	0.03459	0.00614	0.00389	0.00970
167	0.01424	0.02524	0.41439	0.04416	0.19166	0.01455	0.05666	0.02014	0.01461	0.04106	0.01642	0.06154	0.04039	0.00761	0.00673	0.00214	0.00876	0.00665	0.00348	0.00958
168	0.08257	0.01152	0.01519	0.01173	0.01685	0.01021	0.00969	0.03183	0.01868	0.68019	0.02532	0.02204	0.01598	0.00817	0.00657	0.00208	0.00567	0.00654	0.00803	0.01114
169	0.02931	0.01150	0.01540	0.01186	0.01693	0.01013	0.00978	0.05614	0.01947	0.67716	0.02593	0.02267	0.01644	0.00828	0.00667	0.00206	0.00568	0.00670	0.03664	0.01123
170	0.01970	0.01553	0.02275	0.04825	0.35958	0.01600	0.03566	0.20136	0.04282	0.09899	0.01692	0.06218	0.01374	0.00779	0.00683	0.00207	0.00738	0.00697	0.00501	0.01047
171	0.00968	0.02986	0.01069	0.01120	0.03642	0.00810	0.00774	0.01118	0.01215	0.01655	0.02811	0.42334	0.03220	0.10420	0.15834	0.00470	0.05048	0.03418	0.00507	0.00582
172	0.00968	0.00681	0.00886	0.00886	0.00939	0.00734	0.00599	0.01075	0.01021	0.01415	0.01973	0.03610	0.02100	0.44649	0.34722	0.00841	0.01161	0.00861	0.00386	0.00492
173	0.01223	0.05064	0.39492	0.01736	0.06758	0.01280	0.04533	0.01740	0.01410	0.02006	0.04004	0.21628	0.04163	0.01074	0.00705	0.00226	0.00775	0.00935	0.00403	0.00845
174	0.81159	0.01298	0.00986	0.00882	0.01298	0.01505	0.00727	0.01972	0.01142	0.03010	0.00934	0.01090	0.00727	0.00623	0.00415	0.00208	0.00519	0.00363	0.00415	0.00727
175	0.01362	0.06115	0.70439	0.01885	0.02861	0.01598	0.02431	0.02121	0.01415	0.02105	0.01194	0.01404	0.00850	0.00635	0.00630	0.00210	0.00982	0.00491	0.00283	0.00987
176	0.01671	0.01798	0.02060	0.03906	0.05585	0.15732	0.01477	0.01845	0.01230	0.01653	0.00939	0.01438	0.00888	0.01038	0.01773	0.00264	0.55080	0.00558	0.00306	0.00760
177	0.01794	0.76823	0.03516	0.01148	0.01722	0.02655	0.01148	0.02009	0.01363	0.01579	0.00933	0.01076	0.00861	0.00574	0.00431	0.00144	0.00718	0.00359	0.00287	0.00861
178	0.00976	0.00651	0.00732	0.00732	0.00732	0.00651	0.00407	0.00976	0.00976	0.01301	0.02114	0.04391	0.02439	0.76419	0.03415	0.00651	0.00651	0.00976	0.00407	0.00407
179	0.01267	0.01193	0.02013	0.74806	0.04621	0.01491	0.01863	0.01714	0.01342	0.01714	0.01193	0.01789	0.00894	0.00671	0.00671	0.00224	0.00894	0.00596	0.00298	0.00745
180	0.02506	0.03198	0.01901	0.01729	0.02074	0.73725	0.01296	0.02679	0.01901	0.01642	0.01037	0.01210	0.00864	0.00691	0.00605	0.00173	0.01210	0.00432	0.00346	0.00778
181	0.00975	0.00653	0.00744	0.00744	0.00748	0.00657	0.00422	0.00983	0.00979	0.01310	0.02103	0.04330	0.02413	0.73941	0.05857	0.00665	0.00690	0.00967	0.00405	0.00413
182	0.01251	0.00625	0.00625	0.00625	0.00782	0.00625	0.00469	0.01563	0.01407	0.02502	0.02189	0.02502	0.01720	0.00782	0.00469	0.00156	0.00313	0.00625	0.80144	0.00625
183	0.01661	0.01594	0.02724	0.04119	0.72233	0.01594	0.02059	0.02059	0.01528	0.02192	0.01262	0.01661	0.01063	0.00598	0.00664	0.00199	0.00797	0.00598	0.00332	0.01063
184	0.00821	0.00590	0.00779	0.00924	0.00972	0.00548	0.00620	0.00945	0.01310	0.01744	0.05757	0.71707	0.06663	0.02068	0.00853	0.00269	0.00386	0.01872	0.00626	0.00548
185	0.01794	0.76823	0.03516	0.01148	0.01722	0.02655	0.01148	0.02009	0.01363	0.01579	0.00933	0.01076	0.00861	0.00574	0.00431	0.00144	0.00718	0.00359	0.00287	0.00861
186	0.81159	0.01298	0.00986	0.00882	0.01298	0.01505	0.00727	0.01972	0.01142	0.03010	0.00934	0.01090	0.00727	0.00623	0.00415	0.00208	0.00519	0.00363	0.00415	0.00727
187	0.02551	0.01879	0.02014	0.01544	0.02081	0.02081	0.01275	0.69996	0.03155	0.04229	0.01611	0.01611	0.01141	0.00805	0.00671	0.00201	0.00738	0.00604	0.00671	0.01141
188	0.01661	0.01594	0.02724	0.04119	0.72233	0.01594	0.02059	0.02059	0.01528	0.02192	0.01262	0.01661	0.01063	0.00598	0.00664	0.00199	0.00797	0.00598	0.00332	0.01063
189	0.01584	0.01810	0.03959	0.02828	0.03507	0.01697	0.69796	0.02149	0.01584	0.02149	0.01357	0.01810	0.01018	0.00566	0.00792	0.00226	0.01131	0.00792	0.00339	0.00905
190	0.00794	0.00677	0.00683	0.00688	0.00908	0.00566	0.00513	0.00962	0.01522	0.01809	0.06699	0.08674	0.69808	0.01712	0.00795	0.00228	0.00341	0.01432	0.00623	0.00566
191	0.01669	0.01441	0.01517	0.01365	0.01745	0.01669	0.01062	0.03565	0.71021	0.02807	0.02731	0.02503	0.02048	0.00910	0.00683	0.00228	0.00531	0.00759	0.00683	0.01062
192	0.02506	0.03198	0.01901	0.01729	0.02074	0.73725	0.01296	0.02679	0.01901	0.01642	0.01037	0.01210	0.00864	0.00691	0.00605	0.00173	0.01210	0.00432	0.00346	0.00778
193	0.00981	0.00730	0.01031	0.01020	0.01107	0.00838	0.00758	0.01160	0.01052	0.01498	0.01840	0.03013	0.01831	0.21957	0.54366	0.00948	0.04169	0.00776	0.00368	0.00558
194	0.01692	0.01650	0.02335	0.11860	0.42494	0.09316	0.01776	0.02089	0.04069	0.03997	0.01377	0.04429	0.01183	0.00747	0.00816	0.00213	0.08015	0.00636	0.00364	0.00945
