[name]
unknown

[dist]
# distance from previous block
# <min> <max>
0	49

[block]
# block no. 0 follows, 34 sequences, length 146
# corresponding to MSA columns:
# 50-195
name=unknown_A
#
# <colnr> <probs for GDERKNQSTAVLIFYWHMCP>
#	G	D	E	R	K	N	Q	S	T	A	V	L	I	F	Y	W	H	M	C	P
0	0.04999	0.05664	0.03200	0.01146	0.03941	0.03578	0.00903	0.06483	0.03252	0.18049	0.18096	0.07904	0.10414	0.01083	0.00676	0.00202	0.00516	0.04765	0.00607	0.04521
1	0.01825	0.04758	0.01520	0.03817	0.01628	0.05321	0.02879	0.10282	0.06594	0.21044	0.17675	0.05386	0.07878	0.00992	0.00723	0.00201	0.03139	0.00818	0.00620	0.02900
2	0.12405	0.09164	0.13676	0.01188	0.01709	0.01261	0.01132	0.02448	0.05722	0.33033	0.02253	0.05436	0.06173	0.00833	0.00604	0.00200	0.00601	0.00657	0.00576	0.00929
3	0.08213	0.01830	0.14675	0.01402	0.03357	0.09879	0.01253	0.09595	0.12793	0.14110	0.08616	0.02137	0.03188	0.02440	0.00740	0.00212	0.03495	0.00639	0.00528	0.00899
4	0.08315	0.07098	0.04107	0.03232	0.01637	0.03508	0.04092	0.10167	0.05492	0.16772	0.10352	0.04851	0.13923	0.00994	0.00655	0.00204	0.00573	0.02620	0.00579	0.00831
5	0.01983	0.01535	0.05382	0.01562	0.08745	0.07882	0.03526	0.06891	0.14677	0.21786	0.06326	0.02027	0.01638	0.00746	0.00628	0.00185	0.00643	0.00621	0.00566	0.12652
6	0.07984	0.06056	0.01706	0.02990	0.10830	0.06384	0.02813	0.04906	0.10167	0.20485	0.07781	0.03815	0.04728	0.00814	0.00621	0.00192	0.00609	0.00672	0.00552	0.05894
7	0.04832	0.01996	0.19519	0.01383	0.01937	0.13019	0.01328	0.04348	0.07368	0.27006	0.04821	0.01965	0.03241	0.00762	0.00623	0.00194	0.00731	0.00594	0.00541	0.03794
8	0.03927	0.03835	0.15671	0.01619	0.07068	0.06952	0.06220	0.11018	0.03144	0.09924	0.10623	0.06444	0.01871	0.00834	0.00686	0.00197	0.02815	0.00695	0.00483	0.05974
9	0.15507	0.08298	0.01631	0.01174	0.01599	0.04701	0.05066	0.06724	0.05225	0.12561	0.01567	0.04362	0.01281	0.03275	0.08724	0.00280	0.00735	0.00569	0.00467	0.16253
10	0.10881	0.13469	0.01682	0.01096	0.01545	0.01437	0.00915	0.12567	0.10075	0.11824	0.11567	0.02018	0.01853	0.00756	0.00568	0.00172	0.00539	0.00589	0.00540	0.15907
11	0.06254	0.01273	0.07076	0.01223	0.03447	0.01139	0.01028	0.16543	0.01806	0.05042	0.17872	0.02963	0.02519	0.01413	0.09315	0.00294	0.00697	0.07859	0.00537	0.11701
12	0.29080	0.08361	0.01450	0.01071	0.01452	0.03441	0.00882	0.09400	0.06121	0.14888	0.10774	0.04497	0.01820	0.00828	0.00612	0.00199	0.03139	0.00616	0.00541	0.00827
13	0.04476	0.43029	0.02602	0.03750	0.01788	0.04255	0.03533	0.09512	0.03676	0.02049	0.06145	0.01487	0.01280	0.00641	0.00504	0.00155	0.00665	0.00470	0.00379	0.09604
14	0.21021	0.01332	0.01361	0.01177	0.01572	0.01484	0.00937	0.11184	0.34707	0.11145	0.02206	0.03949	0.03542	0.00839	0.00601	0.00210	0.00529	0.00657	0.00608	0.00938
15	0.01105	0.00810	0.00969	0.00944	0.01132	0.00782	0.00686	0.08118	0.03957	0.03951	0.03328	0.36664	0.14079	0.06655	0.06455	0.00312	0.00537	0.01295	0.00561	0.07658
16	0.22428	0.01599	0.11115	0.01252	0.01745	0.01451	0.01140	0.19774	0.06760	0.16324	0.01615	0.01678	0.01166	0.01118	0.07810	0.00282	0.00745	0.00543	0.00534	0.00922
17	0.10396	0.01675	0.01792	0.01386	0.01889	0.01831	0.01145	0.56643	0.02713	0.11730	0.01598	0.01574	0.01115	0.00761	0.00622	0.00195	0.00672	0.00566	0.00639	0.01059
18	0.00923	0.00692	0.01038	0.01038	0.01154	0.00808	0.00808	0.01154	0.01038	0.01500	0.01731	0.02538	0.01615	0.04846	0.74732	0.01038	0.01731	0.00692	0.00346	0.00577
19	0.00845	0.00578	0.00744	0.00847	0.00873	0.00552	0.00545	0.00906	0.01139	0.01519	0.03035	0.54246	0.03605	0.20859	0.01542	0.05172	0.00449	0.01537	0.00529	0.00477
20	0.01451	0.01214	0.01399	0.01010	0.01578	0.00975	0.00812	0.08532	0.01509	0.02301	0.01188	0.01361	0.00971	0.00508	0.00495	0.00105	0.00502	0.00403	0.00409	0.73278
21	0.01340	0.01269	0.02133	0.45567	0.29867	0.01431	0.01804	0.01741	0.01367	0.01826	0.01424	0.01886	0.04273	0.00666	0.00649	0.00207	0.00802	0.00611	0.00314	0.00823
22	0.00846	0.00651	0.00774	0.00757	0.00927	0.00579	0.00562	0.01082	0.01648	0.02194	0.42037	0.10443	0.32176	0.01494	0.00767	0.00213	0.00319	0.01292	0.00660	0.00579
23	0.01727	0.77681	0.03386	0.01106	0.01658	0.02557	0.01106	0.01935	0.01313	0.01520	0.00898	0.01036	0.00829	0.00553	0.00415	0.00138	0.00691	0.00345	0.00276	0.00829
24	0.01525	0.01743	0.03813	0.02723	0.03377	0.01634	0.70915	0.02070	0.01525	0.02070	0.01307	0.01743	0.00980	0.00545	0.00763	0.00218	0.01089	0.00763	0.00327	0.00871
25	0.00940	0.00626	0.00705	0.00705	0.00705	0.00626	0.00392	0.00940	0.00940	0.01253	0.02036	0.04228	0.02349	0.77292	0.03289	0.00626	0.00626	0.00940	0.00392	0.00392
26	0.00923	0.00692	0.01038	0.01038	0.01154	0.00808	0.00808	0.01154	0.01038	0.01500	0.01731	0.02538	0.01615	0.04846	0.74732	0.01038	0.01731	0.00692	0.00346	0.00577
27	0.00765	0.00651	0.00658	0.00664	0.00875	0.00545	0.00495	0.00926	0.01464	0.01742	0.06434	0.08850	0.70439	0.01651	0.00766	0.00220	0.00329	0.01381	0.00600	0.00545
28	0.01340	0.01148	0.01340	0.00957	0.01531	0.00861	0.00766	0.01627	0.01340	0.02105	0.01148	0.01340	0.00957	0.00479	0.00479	0.00096	0.00479	0.00383	0.00383	0.81242
29	0.01354	0.09084	0.58267	0.01751	0.02617	0.01558	0.05226	0.02061	0.03797	0.02031	0.01195	0.01389	0.00875	0.00607	0.00598	0.00194	0.00896	0.00483	0.00295	0.05723
30	0.01122	0.00561	0.00842	0.00842	0.00842	0.00561	0.00561	0.00842	0.00842	0.01122	0.01122	0.01964	0.01122	0.02245	0.02525	0.81201	0.00561	0.00561	0.00281	0.00281
31	0.00800	0.00567	0.00746	0.00884	0.00918	0.00533	0.00583	0.00903	0.01213	0.01617	0.03438	0.71012	0.04118	0.08095	0.01023	0.00292	0.00395	0.01764	0.00583	0.00514
32	0.01614	0.05930	0.01576	0.01302	0.01679	0.01664	0.01028	0.03344	0.67880	0.02632	0.02527	0.02329	0.01904	0.00857	0.00643	0.00214	0.00522	0.00708	0.00635	0.01011
33	0.01000	0.00720	0.00987	0.01102	0.01249	0.00707	0.00939	0.01284	0.01521	0.01999	0.12782	0.10046	0.07278	0.01727	0.00866	0.00280	0.00534	0.53777	0.00611	0.00591
34	0.01537	0.01687	0.03544	0.09846	0.03421	0.01631	0.60982	0.05137	0.01570	0.02119	0.01303	0.01732	0.00974	0.00565	0.00746	0.00217	0.01050	0.00736	0.00337	0.00867
35	0.00938	0.00629	0.00716	0.00712	0.00723	0.00625	0.00407	0.00959	0.01002	0.01347	0.07025	0.04270	0.02613	0.71945	0.03111	0.00597	0.00604	0.00956	0.00414	0.00407
36	0.00831	0.00642	0.00758	0.00761	0.00922	0.00569	0.00558	0.01045	0.01583	0.02083	0.33808	0.17244	0.33735	0.01568	0.00773	0.00219	0.00326	0.01360	0.00646	0.00569
37	0.02450	0.01048	0.01383	0.01129	0.01545	0.00952	0.00904	0.02839	0.08884	0.55657	0.02710	0.13462	0.02040	0.00992	0.00677	0.00211	0.00520	0.00837	0.00755	0.01005
38	0.07979	0.02865	0.01834	0.01634	0.01988	0.64771	0.03374	0.04874	0.01812	0.01775	0.01020	0.01188	0.00837	0.00661	0.00578	0.00171	0.01100	0.00428	0.00348	0.00761
39	0.02309	0.02911	0.01775	0.01621	0.01938	0.69497	0.01217	0.02480	0.01775	0.01576	0.01050	0.01262	0.00887	0.00960	0.05802	0.00228	0.01205	0.00436	0.00334	0.00737
40	0.00823	0.00612	0.00774	0.00884	0.00981	0.00564	0.00639	0.00980	0.01346	0.01744	0.06588	0.48771	0.19474	0.01880	0.00819	0.00256	0.00393	0.11327	0.00603	0.00542
41	0.00795	0.00660	0.00709	0.00710	0.00914	0.00575	0.00539	0.00978	0.01469	0.01797	0.11060	0.05888	0.60855	0.01843	0.05974	0.00277	0.00433	0.03380	0.00590	0.00554
42	0.02252	0.01613	0.01721	0.01342	0.01800	0.01775	0.01101	0.59754	0.02763	0.03801	0.01642	0.01691	0.01190	0.00772	0.00615	0.00187	0.00644	0.00585	0.13734	0.01018
43	0.00958	0.00625	0.00698	0.00698	0.00708	0.00625	0.00396	0.00979	0.00969	0.01334	0.02041	0.04100	0.02300	0.71905	0.03089	0.00593	0.00604	0.00916	0.06057	0.00406
44	0.01607	0.01388	0.01461	0.01315	0.01680	0.01607	0.01023	0.03433	0.72094	0.02703	0.02630	0.02411	0.01972	0.00877	0.00657	0.00219	0.00511	0.00731	0.00657	0.01023
45	0.01340	0.01148	0.01340	0.00957	0.01531	0.00861	0.00766	0.01627	0.01340	0.02105	0.01148	0.01340	0.00957	0.00479	0.00479	0.00096	0.00479	0.00383	0.00383	0.81242
46	0.00787	0.00562	0.00750	0.00900	0.00937	0.00525	0.00600	0.00900	0.01237	0.01649	0.03561	0.76871	0.04274	0.02024	0.00825	0.00262	0.00375	0.01837	0.00600	0.00525
47	0.00907	0.00624	0.00710	0.00723	0.00752	0.00608	0.00429	0.00944	0.01050	0.01384	0.05049	0.11548	0.09332	0.60173	0.02722	0.00538	0.00563	0.01075	0.00443	0.00427
48	0.02456	0.01810	0.01939	0.01487	0.02004	0.02004	0.01228	0.71107	0.03038	0.04072	0.01551	0.01551	0.01099	0.00776	0.00646	0.00194	0.00711	0.00582	0.00646	0.01099
49	0.00923	0.00692	0.01038	0.01038	0.01154	0.00808	0.00808	0.01154	0.01038	0.01500	0.01731	0.02538	0.01615	0.04846	0.74732	0.01038	0.01731	0.00692	0.00346	0.00577
50	0.81856	0.01250	0.00950	0.00850	0.01250	0.01449	0.00700	0.01899	0.01100	0.02899	0.00900	0.01050	0.00700	0.00600	0.00400	0.00200	0.00500	0.00350	0.00400	0.00700
51	0.01866	0.01451	0.01558	0.01337	0.01742	0.01639	0.01058	0.16797	0.53493	0.07972	0.02411	0.02226	0.01773	0.00851	0.00655	0.00213	0.00554	0.00695	0.00665	0.01043
52	0.01698	0.01368	0.01464	0.01303	0.01678	0.01561	0.01018	0.03413	0.67150	0.07701	0.02624	0.02396	0.01946	0.00871	0.00657	0.00218	0.00514	0.00725	0.00667	0.01028
53	0.00850	0.00658	0.00775	0.00746	0.00926	0.00582	0.00559	0.01095	0.01678	0.02232	0.44753	0.05417	0.34488	0.01455	0.00763	0.00210	0.00314	0.01251	0.00664	0.00582
54	0.00844	0.00619	0.00742	0.00793	0.00915	0.00562	0.00567	0.00935	0.01287	0.01618	0.04473	0.26283	0.35052	0.04065	0.03632	0.11526	0.00443	0.04603	0.00541	0.00502
55	0.02500	0.01739	0.01895	0.01453	0.01969	0.01899	0.01200	0.64354	0.02920	0.10992	0.01650	0.01616	0.01149	0.00778	0.00647	0.00195	0.00695	0.00588	0.00662	0.01099
56	0.00764	0.00655	0.00655	0.00655	0.00873	0.00545	0.00491	0.00927	0.01473	0.01745	0.06546	0.06218	0.73000	0.01636	0.00764	0.00218	0.00327	0.01364	0.00600	0.00545
57	0.01440	0.02560	0.41146	0.08664	0.07408	0.03767	0.13272	0.05102	0.01454	0.02062	0.01177	0.01478	0.00877	0.00648	0.00749	0.00211	0.06225	0.00548	0.00305	0.00908
58	0.01391	0.01340	0.02329	0.42460	0.31931	0.01488	0.06173	0.01810	0.01378	0.01861	0.01185	0.01674	0.00934	0.00612	0.00651	0.00206	0.00838	0.00587	0.00303	0.00850
59	0.02176	0.01539	0.01639	0.01288	0.01723	0.01690	0.01054	0.55504	0.02661	0.03699	0.01676	0.01744	0.01224	0.00771	0.00603	0.00184	0.00619	0.00586	0.18633	0.00988
60	0.01541	0.01580	0.03004	0.09286	0.42070	0.01563	0.27272	0.01988	0.01477	0.02059	0.01244	0.01662	0.00995	0.00570	0.00685	0.00203	0.00893	0.00644	0.00320	0.00943
61	0.01607	0.01388	0.01461	0.01315	0.01680	0.01607	0.01023	0.03433	0.72094	0.02703	0.02630	0.02411	0.01972	0.00877	0.00657	0.00219	0.00511	0.00731	0.00657	0.01023
62	0.02821	0.01225	0.01577	0.01209	0.01712	0.01136	0.00999	0.15140	0.02059	0.61422	0.02373	0.02085	0.01511	0.00795	0.00649	0.00199	0.00578	0.00638	0.00773	0.01099
63	0.00798	0.00567	0.00747	0.00886	0.00921	0.00532	0.00585	0.00902	0.01216	0.01622	0.03454	0.71757	0.04138	0.07322	0.00998	0.00288	0.00393	0.01774	0.00585	0.00515
64	0.81856	0.01250	0.00950	0.00850	0.01250	0.01449	0.00700	0.01899	0.01100	0.02899	0.00900	0.01050	0.00700	0.00600	0.00400	0.00200	0.00500	0.00350	0.00400	0.00700
65	0.00940	0.00626	0.00705	0.00705	0.00705	0.00626	0.00392	0.00940	0.00940	0.01253	0.02036	0.04228	0.02349	0.77292	0.03289	0.00626	0.00626	0.00940	0.00392	0.00392
66	0.02456	0.01810	0.01939	0.01487	0.02004	0.02004	0.01228	0.71107	0.03038	0.04072	0.01551	0.01551	0.01099	0.00776	0.00646	0.00194	0.00711	0.00582	0.00646	0.01099
67	0.00777	0.00644	0.00682	0.00709	0.00899	0.00549	0.00526	0.00938	0.01439	0.01738	0.06000	0.16560	0.60521	0.01698	0.00777	0.00227	0.00344	0.03827	0.00600	0.00544
68	0.01727	0.77681	0.03386	0.01106	0.01658	0.02557	0.01106	0.01935	0.01313	0.01520	0.00898	0.01036	0.00829	0.00553	0.00415	0.00138	0.00691	0.00345	0.00276	0.00829
69	0.00764	0.00655	0.00655	0.00655	0.00873	0.00545	0.00491	0.00927	0.01473	0.01745	0.06546	0.06218	0.73000	0.01636	0.00764	0.00218	0.00327	0.01364	0.00600	0.00545
70	0.01204	0.00602	0.00602	0.00602	0.00753	0.00602	0.00452	0.01506	0.01355	0.02409	0.02108	0.02409	0.01656	0.00753	0.00452	0.00151	0.00301	0.00602	0.80879	0.00602
71	0.02899	0.01100	0.01499	0.01150	0.01649	0.00950	0.00950	0.03149	0.01849	0.73709	0.02549	0.02199	0.01599	0.00800	0.00650	0.00200	0.00550	0.00650	0.00800	0.01100
72	0.01607	0.01388	0.01461	0.01315	0.01680	0.01607	0.01023	0.03433	0.72094	0.02703	0.02630	0.02411	0.01972	0.00877	0.00657	0.00219	0.00511	0.00731	0.00657	0.01023
73	0.01041	0.00744	0.01041	0.01190	0.01339	0.00744	0.01041	0.01339	0.01487	0.01934	0.03421	0.07288	0.03719	0.01785	0.00892	0.00297	0.00595	0.68913	0.00595	0.00595
74	0.00818	0.00584	0.00785	0.00935	0.00986	0.00551	0.00654	0.00953	0.01268	0.01684	0.03544	0.68391	0.04206	0.01995	0.00833	0.00267	0.00402	0.10011	0.00599	0.00533
75	0.00766	0.00644	0.00666	0.00683	0.00880	0.00543	0.00504	0.00924	0.01445	0.01734	0.06199	0.14424	0.65018	0.01681	0.00771	0.00223	0.00333	0.01419	0.00600	0.00543
76	0.02899	0.01100	0.01499	0.01150	0.01649	0.00950	0.00950	0.03149	0.01849	0.73709	0.02549	0.02199	0.01599	0.00800	0.00650	0.00200	0.00550	0.00650	0.00800	0.01100
77	0.02456	0.01810	0.01939	0.01487	0.02004	0.02004	0.01228	0.71107	0.03038	0.04072	0.01551	0.01551	0.01099	0.00776	0.00646	0.00194	0.00711	0.00582	0.00646	0.01099
78	0.00764	0.00655	0.00655	0.00655	0.00873	0.00545	0.00491	0.00927	0.01473	0.01745	0.06546	0.06218	0.73000	0.01636	0.00764	0.00218	0.00327	0.01364	0.00600	0.00545
79	0.00806	0.00573	0.00757	0.00898	0.00937	0.00539	0.00602	0.00917	0.01227	0.01635	0.03461	0.69941	0.04135	0.06700	0.00980	0.00286	0.00398	0.04104	0.00587	0.00519
80	0.01220	0.01148	0.01938	0.75739	0.04450	0.01436	0.01794	0.01651	0.01292	0.01651	0.01148	0.01723	0.00861	0.00646	0.00646	0.00215	0.00861	0.00574	0.00287	0.00718
81	0.00843	0.00658	0.00765	0.00738	0.00921	0.00579	0.00553	0.01081	0.01660	0.02190	0.41460	0.05486	0.37808	0.01470	0.00763	0.00210	0.00315	0.01261	0.00659	0.00579
82	0.02398	0.01754	0.01877	0.01446	0.01946	0.01939	0.01192	0.67873	0.02960	0.03995	0.01577	0.01591	0.01125	0.00775	0.00637	0.00192	0.00692	0.00583	0.04374	0.01076
83	0.00923	0.00692	0.01038	0.01038	0.01154	0.00808	0.00808	0.01154	0.01038	0.01500	0.01731	0.02538	0.01615	0.04846	0.74732	0.01038	0.01731	0.00692	0.00346	0.00577
84	0.00924	0.00688	0.01015	0.01015	0.01122	0.00795	0.00778	0.01139	0.01031	0.01483	0.01752	0.02657	0.01667	0.09945	0.69703	0.01009	0.01653	0.00710	0.00349	0.00564
85	0.00798	0.00567	0.00747	0.00886	0.00921	0.00532	0.00585	0.00902	0.01216	0.01622	0.03454	0.71757	0.04138	0.07322	0.00998	0.00288	0.00393	0.01774	0.00585	0.00515
86	0.00776	0.00653	0.00658	0.00658	0.00861	0.00551	0.00484	0.00928	0.01435	0.01711	0.06228	0.06078	0.68027	0.06962	0.00941	0.00247	0.00348	0.01334	0.00585	0.00535
87	0.01660	0.01388	0.01476	0.01300	0.01669	0.01585	0.01018	0.11416	0.58844	0.02860	0.07448	0.02477	0.02158	0.00896	0.00663	0.00215	0.00521	0.00743	0.00660	0.01003
88	0.01340	0.01148	0.01340	0.00957	0.01531	0.00861	0.00766	0.01627	0.01340	0.02105	0.01148	0.01340	0.00957	0.00479	0.00479	0.00096	0.00479	0.00383	0.00383	0.81242
89	0.00923	0.00692	0.01038	0.01038	0.01154	0.00808	0.00808	0.01154	0.01038	0.01500	0.01731	0.02538	0.01615	0.04846	0.74732	0.01038	0.01731	0.00692	0.00346	0.00577
90	0.01379	0.17630	0.60383	0.01700	0.02578	0.01704	0.02141	0.02025	0.01354	0.01945	0.01109	0.01301	0.00821	0.00602	0.00576	0.00192	0.00904	0.00452	0.00274	0.00931
91	0.00840	0.00689	0.00802	0.00861	0.04160	0.00604	0.00595	0.01044	0.01542	0.01962	0.22341	0.11016	0.48167	0.01541	0.00762	0.00217	0.00345	0.01316	0.00615	0.00581
92	0.01844	0.01281	0.01430	0.01232	0.01614	0.01392	0.00973	0.08568	0.44551	0.16721	0.08338	0.02630	0.04679	0.00916	0.00667	0.00212	0.00512	0.00760	0.00687	0.00994
93	0.00787	0.00562	0.00750	0.00900	0.00937	0.00525	0.00600	0.00900	0.01237	0.01649	0.03561	0.76871	0.04274	0.02024	0.00825	0.00262	0.00375	0.01837	0.00600	0.00525
94	0.00787	0.00562	0.00750	0.00900	0.00937	0.00525	0.00600	0.00900	0.01237	0.01649	0.03561	0.76871	0.04274	0.02024	0.00825	0.00262	0.00375	0.01837	0.00600	0.00525
95	0.01231	0.01145	0.01886	0.69826	0.04219	0.01419	0.01734	0.01720	0.04487	0.01708	0.01293	0.01945	0.01010	0.00696	0.00655	0.00218	0.00836	0.02930	0.00314	0.00727
96	0.01525	0.01743	0.03813	0.02723	0.03377	0.01634	0.70915	0.02070	0.01525	0.02070	0.01307	0.01743	0.00980	0.00545	0.00763	0.00218	0.01089	0.00763	0.00327	0.00871
97	0.02505	0.01732	0.01891	0.01450	0.01965	0.01889	0.01198	0.63691	0.02908	0.11672	0.01660	0.01622	0.01153	0.00778	0.00647	0.00195	0.00693	0.00589	0.00663	0.01099
98	0.00799	0.00597	0.00745	0.00846	0.00938	0.00543	0.00590	0.00943	0.01341	0.01744	0.08788	0.52875	0.20747	0.01878	0.00808	0.00249	0.00367	0.04058	0.00607	0.00538
99	0.00912	0.00657	0.00831	0.00787	0.00946	0.00603	0.00591	0.01203	0.01772	0.02497	0.62998	0.04859	0.12685	0.01327	0.00748	0.00202	0.00307	0.01163	0.04310	0.00603
100	0.01041	0.00744	0.01041	0.01190	0.01339	0.00744	0.01041	0.01339	0.01487	0.01934	0.03421	0.07288	0.03719	0.01785	0.00892	0.00297	0.00595	0.68913	0.00595	0.00595
101	0.00788	0.00656	0.00688	0.00680	0.00888	0.00556	0.00510	0.00974	0.01530	0.01882	0.17233	0.05994	0.62228	0.01586	0.00763	0.00216	0.00324	0.01332	0.00618	0.00556
102	0.00900	0.00612	0.00725	0.00760	0.00777	0.00600	0.00456	0.00944	0.01062	0.01424	0.06170	0.22679	0.03035	0.54191	0.02530	0.00512	0.00546	0.01179	0.00461	0.00437
103	0.00774	0.00655	0.00669	0.00666	0.00879	0.00550	0.00499	0.00948	0.01498	0.01805	0.11218	0.06120	0.68290	0.01614	0.00764	0.00217	0.00326	0.01350	0.00608	0.00550
104	0.01525	0.01743	0.03813	0.02723	0.03377	0.01634	0.70915	0.02070	0.01525	0.02070	0.01307	0.01743	0.00980	0.00545	0.00763	0.00218	0.01089	0.00763	0.00327	0.00871
105	0.00836	0.00612	0.00791	0.00915	0.00981	0.00584	0.00629	0.01040	0.04465	0.01744	0.06201	0.66322	0.06583	0.01926	0.00815	0.00258	0.00383	0.03754	0.00606	0.00553
106	0.00795	0.00649	0.00705	0.00717	0.00905	0.00558	0.00534	0.00978	0.01501	0.01863	0.15741	0.13084	0.54581	0.01634	0.00773	0.00223	0.00336	0.03253	0.00616	0.00554
107	0.00787	0.00562	0.00750	0.00900	0.00937	0.00525	0.00600	0.00900	0.01237	0.01649	0.03561	0.76871	0.04274	0.02024	0.00825	0.00262	0.00375	0.01837	0.00600	0.00525
108	0.00787	0.00562	0.00750	0.00900	0.00937	0.00525	0.00600	0.00900	0.01237	0.01649	0.03561	0.76871	0.04274	0.02024	0.00825	0.00262	0.00375	0.01837	0.00600	0.00525
109	0.01408	0.01392	0.01990	0.34496	0.22173	0.08516	0.01633	0.01756	0.01340	0.01742	0.01215	0.01731	0.01006	0.01241	0.11017	0.00323	0.05355	0.00575	0.00308	0.00783
110	0.01559	0.01337	0.01419	0.01280	0.01630	0.01537	0.00994	0.03278	0.67164	0.02695	0.07562	0.02580	0.02262	0.00908	0.00665	0.00218	0.00497	0.00761	0.00661	0.00994
111	0.02235	0.01608	0.01746	0.01400	0.01868	0.01775	0.01136	0.43255	0.24450	0.10566	0.01987	0.01884	0.01421	0.00810	0.00650	0.00202	0.00633	0.00635	0.00665	0.01075
112	0.00787	0.00562	0.00750	0.00900	0.00937	0.00525	0.00600	0.00900	0.01237	0.01649	0.03561	0.76871	0.04274	0.02024	0.00825	0.00262	0.00375	0.01837	0.00600	0.00525
113	0.01494	0.01458	0.02060	0.11393	0.33666	0.08359	0.03914	0.01877	0.04368	0.01940	0.01579	0.05584	0.03473	0.00957	0.04098	0.00242	0.06879	0.00667	0.05149	0.00845
114	0.00925	0.00685	0.01003	0.01003	0.01106	0.00788	0.00764	0.01131	0.01028	0.01474	0.01763	0.02717	0.01693	0.12514	0.67170	0.00995	0.01614	0.00718	0.00351	0.00557
115	0.01220	0.01148	0.01938	0.75739	0.04450	0.01436	0.01794	0.01651	0.01292	0.01651	0.01148	0.01723	0.00861	0.00646	0.00646	0.00215	0.00861	0.00574	0.00287	0.00718
116	0.01340	0.01148	0.01340	0.00957	0.01531	0.00861	0.00766	0.01627	0.01340	0.02105	0.01148	0.01340	0.00957	0.00479	0.00479	0.00096	0.00479	0.00383	0.00383	0.81242
117	0.01379	0.23271	0.48698	0.01563	0.02344	0.01714	0.01902	0.01938	0.01360	0.01885	0.01423	0.01722	0.04283	0.00688	0.00577	0.00191	0.00841	0.03032	0.00301	0.00888
118	0.01339	0.10730	0.66933	0.01768	0.02683	0.01606	0.02260	0.02035	0.01359	0.01994	0.01134	0.01332	0.00820	0.00608	0.00594	0.00198	0.00929	0.00464	0.00273	0.00942
119	0.00993	0.00707	0.01055	0.01042	0.01171	0.00813	0.00813	0.01225	0.01067	0.04066	0.01760	0.02526	0.01615	0.04702	0.72099	0.01009	0.01689	0.00691	0.00362	0.00595
120	0.01570	0.01518	0.02617	0.03806	0.67788	0.01509	0.05140	0.01955	0.01474	0.02098	0.01384	0.01748	0.03236	0.00607	0.00649	0.00194	0.00769	0.00609	0.00329	0.01002
121	0.00978	0.00723	0.01031	0.01016	0.01131	0.00828	0.00774	0.03536	0.01096	0.01560	0.01760	0.02698	0.01682	0.13026	0.63978	0.00962	0.01569	0.00717	0.00362	0.00574
122	0.01555	0.34295	0.17574	0.04134	0.02218	0.03883	0.10198	0.01911	0.01302	0.01709	0.01005	0.01289	0.00851	0.00677	0.00827	0.00192	0.14788	0.00475	0.00285	0.00832
123	0.02199	0.02554	0.01896	0.04424	0.10316	0.50799	0.01326	0.09621	0.04300	0.01941	0.01171	0.01369	0.00952	0.00829	0.03363	0.00208	0.01060	0.00479	0.00374	0.00819
124	0.00787	0.00562	0.00750	0.00900	0.00937	0.00525	0.00600	0.00900	0.01237	0.01649	0.03561	0.76871	0.04274	0.02024	0.00825	0.00262	0.00375	0.01837	0.00600	0.00525
125	0.01452	0.03841	0.14317	0.02363	0.25674	0.01526	0.06490	0.03542	0.12045	0.02102	0.01838	0.05452	0.05952	0.00830	0.00830	0.00214	0.09531	0.00698	0.00396	0.00906
126	0.01775	0.24232	0.02078	0.01172	0.01684	0.09370	0.00997	0.08725	0.08696	0.05451	0.01311	0.01399	0.01051	0.00604	0.00513	0.00143	0.00643	0.00442	0.00418	0.29297
127	0.00903	0.00657	0.00850	0.00809	0.00960	0.00604	0.00604	0.01195	0.01793	0.02521	0.67561	0.07352	0.09047	0.01359	0.00764	0.00206	0.00308	0.01200	0.00702	0.00604
128	0.01296	0.03342	0.73944	0.01842	0.02797	0.01501	0.02387	0.02046	0.01364	0.02046	0.01160	0.01364	0.00818	0.00614	0.00614	0.00205	0.00955	0.00477	0.00273	0.00955
129	0.01924	0.01507	0.01670	0.03478	0.01871	0.01539	0.01058	0.36363	0.11008	0.03143	0.01533	0.01590	0.01151	0.00681	0.00589	0.00163	0.00609	0.00531	0.00545	0.29046
130	0.00888	0.00608	0.00737	0.00799	0.00820	0.00594	0.00499	0.00943	0.01075	0.01431	0.02665	0.31257	0.03125	0.45920	0.02265	0.00476	0.00532	0.04435	0.00478	0.00450
131	0.07184	0.01518	0.01780	0.01424	0.01872	0.03327	0.06903	0.29994	0.17394	0.11672	0.01980	0.01983	0.03330	0.01051	0.05374	0.00256	0.00732	0.00647	0.00597	0.00981
132	0.03959	0.07453	0.16586	0.02295	0.08650	0.01648	0.34827	0.01953	0.01423	0.02029	0.04518	0.01697	0.01159	0.00656	0.00820	0.00212	0.08274	0.00649	0.00328	0.00863
133	0.00815	0.00591	0.00774	0.00914	0.00963	0.00562	0.00614	0.00986	0.03659	0.01685	0.03529	0.74325	0.04195	0.01985	0.00819	0.00261	0.00380	0.01799	0.00602	0.00542
134	0.00923	0.00692	0.00802	0.00824	0.00958	0.00650	0.00583	0.05139	0.01437	0.01859	0.10663	0.28814	0.26435	0.13722	0.01182	0.00297	0.00420	0.03465	0.00580	0.00555
135	0.01432	0.01513	0.04568	0.04221	0.11559	0.01776	0.14305	0.01701	0.01170	0.01730	0.01044	0.01611	0.00951	0.03757	0.01630	0.00267	0.45075	0.00615	0.00300	0.00775
136	0.04546	0.56639	0.15250	0.01264	0.01864	0.07770	0.01321	0.02001	0.01353	0.01664	0.00951	0.01103	0.00823	0.00573	0.00461	0.00154	0.00765	0.00374	0.00284	0.00840
137	0.00956	0.00731	0.00869	0.00814	0.01007	0.00684	0.00616	0.03639	0.04934	0.02409	0.48637	0.04997	0.24553	0.01371	0.00754	0.00208	0.00334	0.01184	0.00675	0.00627
138	0.01114	0.00564	0.00835	0.00835	0.00835	0.00564	0.00553	0.00846	0.00846	0.01128	0.01165	0.02069	0.01179	0.05732	0.02561	0.77457	0.00564	0.00579	0.00286	0.00286
139	0.01001	0.01036	0.08917	0.03657	0.01393	0.00862	0.05015	0.01224	0.01229	0.01696	0.10577	0.18878	0.04952	0.23772	0.09164	0.00430	0.04110	0.01054	0.00450	0.00584
140	0.01340	0.07448	0.62853	0.01851	0.02731	0.01587	0.06717	0.02024	0.01359	0.02000	0.01143	0.01372	0.00831	0.00624	0.00664	0.00204	0.03551	0.00491	0.00277	0.00934
141	0.01075	0.00808	0.01103	0.01036	0.01160	0.00908	0.02521	0.04934	0.03567	0.01656	0.01802	0.02870	0.01754	0.23593	0.42170	0.00778	0.04048	0.00748	0.02885	0.00583
142	0.00939	0.00631	0.00727	0.00727	0.00735	0.00639	0.00420	0.00954	0.00946	0.01270	0.02015	0.04113	0.02299	0.72365	0.08148	0.00654	0.00702	0.00923	0.00388	0.00404
143	0.12158	0.04897	0.03617	0.01229	0.03883	0.01257	0.02740	0.12069	0.01669	0.17377	0.01461	0.01517	0.01071	0.00616	0.00541	0.00156	0.00577	0.00479	0.00499	0.32187
144	0.01383	0.07419	0.01234	0.00976	0.01232	0.01080	0.00768	0.11842	0.09344	0.04944	0.10074	0.18459	0.07631	0.01172	0.00652	0.00203	0.00452	0.02857	0.17541	0.00738
145	0.01829	0.07879	0.06161	0.06532	0.01881	0.15028	0.01152	0.18692	0.01900	0.06927	0.06473	0.02291	0.10020	0.00875	0.00702	0.00192	0.04699	0.00661	0.05276	0.00829

[dist]
# distance from previous block
# <min> <max>
0	26

[block]
# block no. 1 follows, 34 sequences, length 130
# corresponding to MSA columns:
# 222-351
name=unknown_B
#
# <colnr> <probs for GDERKNQSTAVLIFYWHMCP>
#	G	D	E	R	K	N	Q	S	T	A	V	L	I	F	Y	W	H	M	C	P
0	0.00983	0.02974	0.00915	0.00940	0.01041	0.00670	0.00669	0.03318	0.01340	0.04947	0.03420	0.59988	0.06198	0.04020	0.00872	0.00265	0.00422	0.05845	0.00594	0.00579
1	0.02346	0.05182	0.01907	0.01441	0.01923	0.07287	0.01187	0.51829	0.07580	0.07987	0.01676	0.01774	0.01239	0.00797	0.00640	0.00195	0.00716	0.02639	0.00615	0.01040
2	0.00992	0.00674	0.00807	0.00806	0.00870	0.00663	0.00518	0.03763	0.01120	0.01495	0.02458	0.18073	0.06896	0.41364	0.04978	0.09502	0.00590	0.01059	0.00441	0.02929
3	0.01632	0.01780	0.06431	0.15943	0.31571	0.12297	0.03781	0.02271	0.13838	0.02048	0.01418	0.01690	0.01119	0.00656	0.00638	0.00199	0.00819	0.00579	0.00372	0.00919
4	0.11317	0.05087	0.01927	0.11152	0.13110	0.28556	0.01358	0.08456	0.04794	0.02097	0.01149	0.01389	0.00926	0.00685	0.00674	0.00191	0.05449	0.00488	0.00371	0.00826
5	0.00892	0.00638	0.00801	0.00874	0.00949	0.00611	0.00600	0.03091	0.01331	0.01776	0.11061	0.45261	0.08174	0.15548	0.01260	0.00319	0.00432	0.05274	0.00575	0.00532
6	0.01326	0.00850	0.01045	0.01019	0.01214	0.00844	0.00762	0.09733	0.06192	0.10638	0.08945	0.39715	0.05482	0.01532	0.00757	0.00236	0.00448	0.05331	0.03223	0.00707
7	0.40215	0.06402	0.06001	0.03795	0.11236	0.03686	0.05026	0.03887	0.01330	0.04876	0.01365	0.05292	0.03086	0.00709	0.00527	0.00199	0.00636	0.00542	0.00401	0.00790
8	0.00943	0.00630	0.00733	0.00737	0.00754	0.00639	0.00437	0.00977	0.00971	0.01326	0.02054	0.06100	0.02314	0.65954	0.09600	0.00637	0.00708	0.00931	0.03134	0.00419
9	0.03772	0.01173	0.01284	0.01124	0.01443	0.03446	0.00881	0.18736	0.11064	0.12859	0.08905	0.15782	0.12160	0.01196	0.00705	0.00217	0.00522	0.03253	0.00643	0.00835
10	0.04535	0.01310	0.11793	0.01145	0.01411	0.06334	0.01002	0.03411	0.01207	0.03733	0.01637	0.02499	0.01533	0.17784	0.37053	0.00688	0.01244	0.00671	0.00367	0.00643
11	0.01562	0.01498	0.02556	0.10934	0.66581	0.01526	0.01965	0.01951	0.01454	0.02066	0.01209	0.01611	0.01008	0.00583	0.00640	0.00194	0.00777	0.00576	0.00317	0.00994
12	0.00986	0.00664	0.00770	0.00781	0.00944	0.00605	0.00583	0.01183	0.01445	0.05119	0.13717	0.13864	0.29093	0.08674	0.00977	0.00259	0.00392	0.08149	0.11223	0.00574
13	0.04236	0.00635	0.00737	0.00779	0.00875	0.00609	0.00531	0.01072	0.01299	0.01859	0.13839	0.30272	0.11690	0.17802	0.01275	0.00311	0.00409	0.01282	0.09960	0.00528
14	0.00790	0.00568	0.00750	0.00890	0.00936	0.00528	0.00597	0.00909	0.01260	0.01678	0.05521	0.72927	0.06264	0.01994	0.00821	0.00260	0.00372	0.01805	0.00603	0.00528
15	0.01273	0.00743	0.00978	0.00881	0.01099	0.00674	0.00682	0.01563	0.01810	0.15406	0.55717	0.04479	0.07354	0.01252	0.00746	0.00206	0.00360	0.03362	0.00720	0.00696
16	0.01050	0.00661	0.00786	0.00772	0.00874	0.00628	0.00521	0.01182	0.01295	0.06229	0.16377	0.10917	0.10123	0.35510	0.01877	0.00399	0.00481	0.03056	0.06736	0.00527
17	0.03074	0.00643	0.00782	0.00796	0.00904	0.00609	0.00555	0.01092	0.01454	0.02044	0.32867	0.22589	0.10223	0.15347	0.01219	0.00295	0.00388	0.01268	0.03307	0.00546
18	0.00923	0.00692	0.01038	0.01038	0.01154	0.00808	0.00808	0.01154	0.01038	0.01500	0.01731	0.02538	0.01615	0.04846	0.74732	0.01038	0.01731	0.00692	0.00346	0.00577
19	0.01582	0.01518	0.02592	0.07167	0.70193	0.01531	0.01975	0.01968	0.01463	0.02090	0.01212	0.01605	0.01016	0.00579	0.00640	0.00193	0.00772	0.00576	0.00318	0.01010
20	0.00993	0.00677	0.00751	0.00734	0.00815	0.00659	0.00462	0.01127	0.04057	0.03455	0.05794	0.04456	0.16148	0.52153	0.02436	0.00488	0.00539	0.01005	0.02769	0.00481
21	0.00787	0.00562	0.00750	0.00900	0.00937	0.00525	0.00600	0.00900	0.01237	0.01649	0.03561	0.76871	0.04274	0.02024	0.00825	0.00262	0.00375	0.01837	0.00600	0.00525
22	0.01599	0.01535	0.02623	0.03966	0.73262	0.01535	0.01983	0.01983	0.01471	0.02111	0.01215	0.01599	0.01023	0.00576	0.00640	0.00192	0.00768	0.00576	0.00320	0.01023
23	0.00940	0.00626	0.00705	0.00705	0.00705	0.00626	0.00392	0.00940	0.00940	0.01253	0.02036	0.04228	0.02349	0.77292	0.03289	0.00626	0.00626	0.00940	0.00392	0.00392
24	0.00940	0.00626	0.00705	0.00705	0.00705	0.00626	0.00392	0.00940	0.00940	0.01253	0.02036	0.04228	0.02349	0.77292	0.03289	0.00626	0.00626	0.00940	0.00392	0.00392
25	0.01727	0.77681	0.03386	0.01106	0.01658	0.02557	0.01106	0.01935	0.01313	0.01520	0.00898	0.01036	0.00829	0.00553	0.00415	0.00138	0.00691	0.00345	0.00276	0.00829
26	0.01409	0.01146	0.01347	0.00966	0.01537	0.00865	0.00774	0.01695	0.01363	0.05299	0.01211	0.01378	0.00986	0.00493	0.00486	0.00100	0.00482	0.00395	0.00401	0.77668
27	0.11478	0.01911	0.01813	0.01437	0.01917	0.11401	0.01171	0.54321	0.02661	0.03615	0.01405	0.01444	0.01019	0.00741	0.00610	0.00191	0.00746	0.00534	0.00578	0.01008
28	0.00928	0.00671	0.00930	0.00930	0.01007	0.00749	0.00672	0.01084	0.01006	0.01419	0.01830	0.03089	0.01854	0.28448	0.51457	0.00904	0.01371	0.00773	0.00361	0.00517
29	0.01556	0.01533	0.02739	0.09939	0.57076	0.01541	0.12110	0.01967	0.01464	0.02065	0.01223	0.01631	0.01003	0.00577	0.00658	0.00198	0.00823	0.00603	0.00318	0.00975
30	0.01220	0.01148	0.01938	0.75739	0.04450	0.01436	0.01794	0.01651	0.01292	0.01651	0.01148	0.01723	0.00861	0.00646	0.00646	0.00215	0.00861	0.00574	0.00287	0.00718
31	0.00894	0.00648	0.00770	0.00758	0.00855	0.00626	0.00513	0.01028	0.01276	0.01703	0.19629	0.04602	0.18458	0.34568	0.10509	0.00487	0.00615	0.01056	0.00507	0.00498
32	0.40704	0.01231	0.01306	0.01559	0.16852	0.04200	0.00981	0.01762	0.01245	0.02391	0.01426	0.05090	0.01329	0.07031	0.00751	0.00238	0.00585	0.05364	0.05230	0.00726
33	0.11790	0.01551	0.01729	0.01396	0.03871	0.01650	0.01115	0.43287	0.02456	0.22097	0.01727	0.01664	0.01181	0.00756	0.00618	0.00196	0.00646	0.00572	0.00648	0.01050
34	0.00940	0.00626	0.00705	0.00705	0.00705	0.00626	0.00392	0.00940	0.00940	0.01253	0.02036	0.04228	0.02349	0.77292	0.03289	0.00626	0.00626	0.00940	0.00392	0.00392
35	0.01122	0.00561	0.00842	0.00842	0.00842	0.00561	0.00561	0.00842	0.00842	0.01122	0.01122	0.01964	0.01122	0.02245	0.02525	0.81201	0.00561	0.00561	0.00281	0.00281
36	0.01525	0.01743	0.03813	0.02723	0.03377	0.01634	0.70915	0.02070	0.01525	0.02070	0.01307	0.01743	0.00980	0.00545	0.00763	0.00218	0.01089	0.00763	0.00327	0.00871
37	0.01122	0.00561	0.00842	0.00842	0.00842	0.00561	0.00561	0.00842	0.00842	0.01122	0.01122	0.01964	0.01122	0.02245	0.02525	0.81201	0.00561	0.00561	0.00281	0.00281
38	0.02132	0.29936	0.02461	0.01536	0.03678	0.42738	0.03209	0.02332	0.01626	0.03489	0.01018	0.01173	0.00860	0.00623	0.00530	0.00159	0.00965	0.00411	0.00324	0.00798
39	0.01821	0.40815	0.08961	0.05715	0.04407	0.20802	0.05549	0.02103	0.01467	0.01641	0.00996	0.01197	0.00846	0.00593	0.00516	0.00162	0.00871	0.00421	0.00296	0.00822
40	0.01702	0.40330	0.13610	0.01350	0.03724	0.09748	0.01289	0.02124	0.06716	0.04048	0.04043	0.01426	0.01162	0.00633	0.00513	0.00161	0.00737	0.00453	0.00352	0.05880
41	0.01430	0.01270	0.01918	0.25712	0.25796	0.01392	0.01536	0.07778	0.08384	0.02118	0.01878	0.04345	0.05419	0.03424	0.00761	0.00226	0.00718	0.04636	0.00412	0.00847
42	0.01559	0.01513	0.01702	0.05225	0.18387	0.15150	0.03026	0.03967	0.10025	0.03557	0.04395	0.02985	0.08895	0.03371	0.05382	0.00273	0.00796	0.08534	0.00457	0.00802
43	0.00935	0.00643	0.00789	0.00789	0.00818	0.00672	0.00496	0.00994	0.00965	0.01315	0.01959	0.03803	0.02164	0.59040	0.21288	0.00730	0.00905	0.00877	0.00380	0.00438
44	0.01122	0.00561	0.00842	0.00842	0.00842	0.00561	0.00561	0.00842	0.00842	0.01122	0.01122	0.01964	0.01122	0.02245	0.02525	0.81201	0.00561	0.00561	0.00281	0.00281
45	0.01459	0.01338	0.02174	0.16347	0.45004	0.01401	0.01708	0.04605	0.03689	0.02072	0.01601	0.08874	0.01477	0.00807	0.00673	0.00210	0.00729	0.04553	0.00379	0.00901
46	0.00940	0.00626	0.00705	0.00705	0.00705	0.00626	0.00392	0.00940	0.00940	0.01253	0.02036	0.04228	0.02349	0.77292	0.03289	0.00626	0.00626	0.00940	0.00392	0.00392
47	0.00786	0.00566	0.00746	0.00890	0.00935	0.00526	0.00595	0.00901	0.01247	0.01653	0.03685	0.73950	0.07114	0.02008	0.00822	0.00261	0.00373	0.01817	0.00600	0.00526
48	0.04758	0.00892	0.01133	0.01008	0.01313	0.00812	0.00786	0.04359	0.01613	0.34091	0.03363	0.24774	0.12642	0.01315	0.00719	0.00225	0.00473	0.04227	0.00683	0.00814
49	0.03711	0.00692	0.00877	0.00870	0.01005	0.00705	0.00645	0.02921	0.01286	0.01793	0.12286	0.11010	0.16980	0.04490	0.23029	0.12388	0.00803	0.00979	0.02992	0.00540
50	0.00940	0.00626	0.00705	0.00705	0.00705	0.00626	0.00392	0.00940	0.00940	0.01253	0.02036	0.04228	0.02349	0.77292	0.03289	0.00626	0.00626	0.00940	0.00392	0.00392
51	0.08700	0.01262	0.01492	0.01192	0.01643	0.01266	0.00966	0.14980	0.13292	0.41207	0.02234	0.02120	0.01534	0.04204	0.00749	0.00221	0.00572	0.00640	0.00700	0.01024
52	0.01557	0.01142	0.01249	0.01108	0.01410	0.01250	0.00859	0.10567	0.34469	0.06238	0.13009	0.04972	0.02505	0.03400	0.00729	0.00217	0.00472	0.00795	0.13180	0.00872
53	0.06247	0.00758	0.00880	0.00844	0.01003	0.00737	0.00596	0.04134	0.01386	0.10318	0.10845	0.20809	0.08997	0.22317	0.01412	0.00331	0.00469	0.01103	0.06208	0.00606
54	0.01562	0.01798	0.03731	0.02680	0.03320	0.04654	0.68035	0.02091	0.01538	0.02050	0.01294	0.01719	0.00974	0.00550	0.00755	0.00216	0.01092	0.00748	0.00327	0.00866
55	0.00850	0.00620	0.00743	0.00815	0.00895	0.00580	0.00558	0.00961	0.01232	0.01587	0.03812	0.32666	0.19788	0.23413	0.01521	0.00359	0.00457	0.08102	0.00540	0.00499
56	0.03695	0.00824	0.00943	0.00924	0.01085	0.00835	0.00657	0.08004	0.07493	0.05210	0.04957	0.31205	0.09699	0.16786	0.01247	0.00311	0.00472	0.01228	0.03793	0.00634
57	0.04475	0.00659	0.00784	0.00814	0.00934	0.00624	0.00581	0.01073	0.01408	0.01940	0.23174	0.24054	0.17004	0.13924	0.01182	0.00296	0.00407	0.05538	0.00588	0.00543
58	0.01654	0.01377	0.01462	0.01309	0.01679	0.01583	0.01020	0.03423	0.69530	0.05295	0.02627	0.02403	0.01959	0.00874	0.00657	0.00218	0.00513	0.00728	0.00663	0.01026
59	0.00889	0.00618	0.00758	0.00801	0.00844	0.00604	0.00516	0.00977	0.01155	0.01554	0.09945	0.25937	0.05335	0.39502	0.05341	0.00472	0.00558	0.03224	0.00496	0.00472
60	0.01037	0.00732	0.00836	0.00821	0.00917	0.00727	0.00544	0.07727	0.01334	0.01779	0.07526	0.19641	0.10993	0.38556	0.01992	0.00422	0.00518	0.01153	0.02221	0.00525
61	0.00803	0.00653	0.00711	0.00704	0.00899	0.00561	0.00525	0.01000	0.01554	0.01956	0.23253	0.08445	0.53541	0.01571	0.00765	0.00216	0.00323	0.01331	0.00628	0.00561
62	0.02452	0.01561	0.01757	0.01365	0.01854	0.01661	0.01121	0.47352	0.06774	0.21213	0.04813	0.01898	0.01481	0.00810	0.00653	0.00197	0.00642	0.00632	0.00688	0.01074
63	0.01665	0.01700	0.02431	0.10696	0.54915	0.11309	0.01850	0.02018	0.01488	0.01979	0.01169	0.01548	0.00977	0.00610	0.00674	0.00193	0.02958	0.00554	0.00317	0.00948
64	0.00850	0.00655	0.00778	0.00765	0.00938	0.00583	0.00574	0.01087	0.01641	0.02176	0.40066	0.09531	0.32943	0.01502	0.00770	0.00215	0.00327	0.03362	0.00656	0.00578
65	0.00903	0.00643	0.00840	0.00955	0.01036	0.00622	0.00715	0.01065	0.01289	0.01688	0.03424	0.35346	0.07805	0.14925	0.01271	0.00335	0.00494	0.25555	0.00562	0.00528
66	0.05814	0.15452	0.02049	0.01499	0.01869	0.48409	0.01191	0.04558	0.01701	0.05969	0.01078	0.01225	0.00880	0.00681	0.00639	0.00173	0.05234	0.00429	0.00361	0.00790
67	0.01111	0.00561	0.00839	0.00844	0.00845	0.00560	0.00562	0.00844	0.00855	0.01140	0.01204	0.04464	0.01228	0.02237	0.02468	0.78499	0.00555	0.00604	0.00291	0.00289
68	0.01641	0.22943	0.33524	0.01471	0.02171	0.01764	0.01635	0.06550	0.09767	0.07342	0.01386	0.01469	0.01037	0.00646	0.00564	0.00183	0.00767	0.00486	0.00385	0.04267
69	0.04904	0.03907	0.16453	0.01463	0.02001	0.06017	0.01365	0.32887	0.12267	0.04812	0.01553	0.01625	0.01145	0.00831	0.00740	0.05255	0.00737	0.00558	0.00516	0.00966
70	0.00816	0.00586	0.00730	0.00833	0.00882	0.00548	0.00545	0.00911	0.01202	0.01579	0.03579	0.54147	0.11492	0.17417	0.01323	0.00332	0.00421	0.01600	0.00557	0.00500
71	0.07447	0.01451	0.08473	0.01261	0.01782	0.01252	0.01116	0.11384	0.11331	0.44286	0.02200	0.01996	0.01457	0.00777	0.00631	0.00202	0.00600	0.00617	0.00686	0.01050
72	0.01514	0.07288	0.07729	0.02254	0.02838	0.01650	0.47760	0.06025	0.01553	0.02091	0.01665	0.01987	0.06595	0.00683	0.00801	0.00214	0.05403	0.00739	0.00357	0.00852
73	0.09436	0.00899	0.00989	0.00947	0.01059	0.05179	0.00670	0.03359	0.07265	0.01592	0.01400	0.04042	0.01341	0.08444	0.04212	0.47096	0.00627	0.00617	0.00360	0.00465
74	0.00866	0.00661	0.00806	0.00863	0.01000	0.00615	0.00638	0.01120	0.04286	0.01927	0.17273	0.32137	0.24191	0.01708	0.00797	0.00241	0.00379	0.09294	0.00622	0.00575
75	0.81856	0.01250	0.00950	0.00850	0.01250	0.01449	0.00700	0.01899	0.01100	0.02899	0.00900	0.01050	0.00700	0.00600	0.00400	0.00200	0.00500	0.00350	0.00400	0.00700
76	0.02419	0.01788	0.01919	0.01469	0.01988	0.01965	0.01213	0.68768	0.02981	0.04006	0.01538	0.01544	0.01094	0.00766	0.00641	0.00191	0.00703	0.00575	0.00637	0.03797
77	0.01100	0.00738	0.00871	0.00859	0.01045	0.00688	0.00626	0.01410	0.07626	0.09498	0.12655	0.25859	0.26593	0.06281	0.00918	0.00253	0.00397	0.01321	0.00627	0.00638
78	0.00784	0.00654	0.00675	0.00671	0.00874	0.00555	0.00497	0.00954	0.01483	0.01801	0.12308	0.06011	0.64083	0.04736	0.00868	0.00234	0.00338	0.01329	0.00601	0.00545
79	0.81856	0.01250	0.00950	0.00850	0.01250	0.01449	0.00700	0.01899	0.01100	0.02899	0.00900	0.01050	0.00700	0.00600	0.00400	0.00200	0.00500	0.00350	0.00400	0.00700
80	0.07076	0.01740	0.01840	0.01434	0.01931	0.01937	0.01179	0.61196	0.08863	0.03885	0.01606	0.01596	0.01150	0.00774	0.00633	0.00196	0.00681	0.00581	0.00633	0.01069
81	0.00816	0.00596	0.00772	0.00905	0.00965	0.00563	0.00617	0.00985	0.03284	0.01693	0.03707	0.68713	0.08255	0.01962	0.00818	0.00259	0.00382	0.03563	0.00601	0.00542
82	0.74681	0.01300	0.01039	0.00907	0.01318	0.01500	0.00747	0.08153	0.01275	0.03005	0.00959	0.01095	0.00736	0.00616	0.00422	0.00199	0.00519	0.00371	0.00422	0.00736
83	0.00787	0.00562	0.00750	0.00900	0.00937	0.00525	0.00600	0.00900	0.01237	0.01649	0.03561	0.76871	0.04274	0.02024	0.00825	0.00262	0.00375	0.01837	0.00600	0.00525
84	0.00832	0.00581	0.00737	0.00843	0.00869	0.00554	0.00539	0.00911	0.01150	0.01534	0.03116	0.55682	0.03712	0.23979	0.01543	0.00369	0.00448	0.01575	0.00539	0.00486
85	0.00822	0.00657	0.00736	0.00716	0.00909	0.00570	0.00537	0.01040	0.01611	0.02073	0.32243	0.05679	0.47098	0.01514	0.00763	0.00212	0.00319	0.01288	0.00643	0.00570
86	0.01296	0.03342	0.73944	0.01842	0.02797	0.01501	0.02387	0.02046	0.01364	0.02046	0.01160	0.01364	0.00818	0.00614	0.00614	0.00205	0.00955	0.00477	0.00273	0.00955
87	0.02513	0.01718	0.01883	0.01443	0.01958	0.01868	0.01192	0.62365	0.02885	0.13030	0.01680	0.01635	0.01163	0.00779	0.00647	0.00195	0.00690	0.00590	0.00666	0.01099
88	0.00787	0.00562	0.00750	0.00900	0.00937	0.00525	0.00600	0.00900	0.01237	0.01649	0.03561	0.76871	0.04274	0.02024	0.00825	0.00262	0.00375	0.01837	0.00600	0.00525
89	0.00787	0.00562	0.00750	0.00900	0.00937	0.00525	0.00600	0.00900	0.01237	0.01649	0.03561	0.76871	0.04274	0.02024	0.00825	0.00262	0.00375	0.01837	0.00600	0.00525
90	0.01340	0.01148	0.01340	0.00957	0.01531	0.00861	0.00766	0.01627	0.01340	0.02105	0.01148	0.01340	0.00957	0.00479	0.00479	0.00096	0.00479	0.00383	0.00383	0.81242
91	0.00787	0.00562	0.00750	0.00900	0.00937	0.00525	0.00600	0.00900	0.01237	0.01649	0.03561	0.76871	0.04274	0.02024	0.00825	0.00262	0.00375	0.01837	0.00600	0.00525
92	0.01340	0.01148	0.01340	0.00957	0.01531	0.00861	0.00766	0.01627	0.01340	0.02105	0.01148	0.01340	0.00957	0.00479	0.00479	0.00096	0.00479	0.00383	0.00383	0.81242
93	0.01525	0.01743	0.03813	0.02723	0.03377	0.01634	0.70915	0.02070	0.01525	0.02070	0.01307	0.01743	0.00980	0.00545	0.00763	0.00218	0.01089	0.00763	0.00327	0.00871
94	0.00764	0.00655	0.00655	0.00655	0.00873	0.00545	0.00491	0.00927	0.01473	0.01745	0.06546	0.06218	0.73000	0.01636	0.00764	0.00218	0.00327	0.01364	0.00600	0.00545
