[name]
unknown

[dist]
# distance from previous block
# <min> <max>
0	0

[block]
# block no. 0 follows, 33 sequences, length 28
# corresponding to MSA columns:
# 0-27
name=unknown_A
#
# <colnr> <probs for GDERKNQSTAVLIFYWHMCP>
#	G	D	E	R	K	N	Q	S	T	A	V	L	I	F	Y	W	H	M	C	P
0	0.01061	0.00758	0.01061	0.01212	0.01364	0.00758	0.01061	0.01364	0.01515	0.01970	0.03486	0.07426	0.03789	0.01819	0.00909	0.00303	0.00606	0.68326	0.00606	0.00606
1	0.02503	0.01844	0.01976	0.01515	0.02042	0.02042	0.01251	0.70562	0.03095	0.04149	0.01581	0.01581	0.01120	0.00790	0.00659	0.00198	0.00724	0.00593	0.00659	0.01120
2	0.00934	0.00635	0.00732	0.00744	0.00767	0.00624	0.00439	0.00974	0.01072	0.01433	0.07472	0.11485	0.05379	0.61387	0.02827	0.00556	0.00579	0.01079	0.00451	0.00434
3	0.07165	0.01153	0.01407	0.01160	0.01584	0.01131	0.00932	0.02975	0.19937	0.42607	0.08447	0.04567	0.02138	0.00903	0.00663	0.00211	0.00521	0.00744	0.00739	0.01016
4	0.62441	0.01229	0.01042	0.00933	0.01317	0.01397	0.00754	0.02103	0.08815	0.06482	0.04349	0.04202	0.01269	0.00737	0.00480	0.00208	0.00500	0.00505	0.00478	0.00759
5	0.02294	0.01740	0.01858	0.01472	0.01962	0.01944	0.01201	0.54383	0.19614	0.03812	0.01846	0.01792	0.01334	0.00815	0.00661	0.00204	0.00675	0.00629	0.00661	0.01101
6	0.00835	0.00580	0.00761	0.00894	0.00945	0.00544	0.00602	0.00971	0.01298	0.01777	0.07041	0.68285	0.04286	0.01947	0.00814	0.00257	0.00374	0.01760	0.05485	0.00544
7	0.01386	0.00795	0.00961	0.00887	0.01141	0.00711	0.00672	0.01649	0.04573	0.19774	0.12051	0.17933	0.29899	0.03472	0.00825	0.00235	0.00413	0.01236	0.00672	0.00717
8	0.00851	0.00593	0.00729	0.00838	0.00921	0.00548	0.00574	0.00997	0.01315	0.01792	0.03946	0.55790	0.15231	0.01838	0.00783	0.00246	0.00365	0.01637	0.10457	0.00548
9	0.01948	0.01323	0.01446	0.01226	0.01613	0.01446	0.00974	0.17548	0.34206	0.13485	0.02338	0.02235	0.01705	0.00837	0.00630	0.00203	0.00533	0.00677	0.14631	0.00996
10	0.59675	0.01231	0.01123	0.00951	0.01386	0.01335	0.00784	0.02289	0.01333	0.22486	0.01384	0.01395	0.00968	0.00668	0.00478	0.00204	0.00523	0.00441	0.00521	0.00826
11	0.00917	0.00667	0.00775	0.00774	0.00940	0.00591	0.00559	0.01102	0.01523	0.04559	0.22881	0.17533	0.34983	0.08000	0.01002	0.00261	0.00370	0.01356	0.00630	0.00577
12	0.72580	0.01338	0.01082	0.00939	0.01360	0.01541	0.00774	0.09695	0.01344	0.03089	0.00992	0.01127	0.00759	0.00631	0.00436	0.00203	0.00534	0.00383	0.00436	0.00759
13	0.54426	0.01247	0.01177	0.00984	0.01427	0.01341	0.00811	0.04850	0.01428	0.24626	0.01458	0.01449	0.01010	0.00680	0.00495	0.00203	0.00533	0.00459	0.00542	0.00853
14	0.01139	0.00676	0.00899	0.00946	0.01068	0.00625	0.00675	0.01302	0.01421	0.11627	0.12290	0.48663	0.04071	0.06223	0.00961	0.00275	0.00426	0.05452	0.00641	0.00623
15	0.01276	0.00797	0.00959	0.00869	0.01098	0.00737	0.00659	0.04946	0.01681	0.12879	0.26255	0.04692	0.24909	0.10143	0.03374	0.00289	0.00467	0.02647	0.00648	0.00675
16	0.00943	0.00696	0.01011	0.01011	0.01113	0.00798	0.00765	0.01146	0.01044	0.01494	0.01806	0.02823	0.01749	0.14828	0.64505	0.01000	0.01609	0.00740	0.00359	0.00562
17	0.01607	0.01541	0.02632	0.08175	0.68798	0.01558	0.02009	0.02001	0.01488	0.02124	0.01234	0.01637	0.01033	0.00591	0.00652	0.00197	0.00788	0.00586	0.00324	0.01025
18	0.00945	0.00686	0.00960	0.00960	0.01044	0.00770	0.00701	0.01113	0.01029	0.01456	0.01853	0.03081	0.01861	0.25598	0.53888	0.00937	0.01440	0.00778	0.00366	0.00534
19	0.31683	0.40374	0.02274	0.01016	0.01497	0.02017	0.00937	0.04136	0.01329	0.04164	0.01046	0.01182	0.00869	0.00606	0.00433	0.00169	0.00607	0.00383	0.04478	0.00800
20	0.27939	0.10740	0.01753	0.22695	0.04403	0.06841	0.01205	0.01921	0.03877	0.02156	0.01236	0.01514	0.02786	0.00678	0.00598	0.00197	0.03775	0.00486	0.00361	0.04839
21	0.09640	0.09629	0.05285	0.04561	0.02519	0.15248	0.25842	0.09079	0.04147	0.02228	0.01229	0.01497	0.00958	0.00657	0.00716	0.00203	0.04748	0.00580	0.00375	0.00861
22	0.01479	0.01940	0.14913	0.05192	0.05809	0.01601	0.45709	0.02090	0.04830	0.02087	0.01430	0.04468	0.01136	0.00664	0.00789	0.00223	0.03659	0.00746	0.00347	0.00890
23	0.01634	0.01331	0.01824	0.01678	0.09310	0.04013	0.09291	0.12549	0.01692	0.09008	0.06644	0.02888	0.12668	0.09567	0.01233	0.00268	0.12283	0.00814	0.00497	0.00809
24	0.01163	0.01079	0.05839	0.01224	0.01464	0.00997	0.08675	0.04992	0.07291	0.01919	0.08749	0.10028	0.02418	0.22231	0.18450	0.00528	0.00912	0.00921	0.00461	0.00659
25	0.01357	0.01915	0.27088	0.07964	0.14642	0.01234	0.03553	0.01831	0.01466	0.05971	0.06836	0.08644	0.05413	0.00899	0.00680	0.00210	0.00740	0.03637	0.00416	0.05504
26	0.01250	0.05156	0.06607	0.11408	0.21856	0.01169	0.01319	0.01578	0.01445	0.01982	0.08075	0.11544	0.12509	0.00987	0.00671	0.00199	0.00615	0.00868	0.00433	0.10330
27	0.01442	0.10557	0.22252	0.01528	0.01969	0.01567	0.04758	0.05774	0.03083	0.04537	0.01687	0.15760	0.01614	0.01031	0.00989	0.00228	0.17257	0.00790	0.02354	0.00822

[dist]
# distance from previous block
# <min> <max>
0	1

[block]
# block no. 1 follows, 33 sequences, length 8
# corresponding to MSA columns:
# 29-36
name=unknown_B
#
# <colnr> <probs for GDERKNQSTAVLIFYWHMCP>
#	G	D	E	R	K	N	Q	S	T	A	V	L	I	F	Y	W	H	M	C	P
0	0.06265	0.17581	0.16410	0.01388	0.01920	0.08814	0.05186	0.03829	0.01480	0.08249	0.01716	0.04783	0.05691	0.01035	0.05301	0.00242	0.02630	0.00602	0.00401	0.06477
1	0.01531	0.01266	0.04661	0.01115	0.01431	0.04847	0.00903	0.17112	0.07480	0.07089	0.17725	0.10631	0.13957	0.06168	0.00893	0.00241	0.00545	0.00997	0.00620	0.00789
2	0.04897	0.05234	0.10586	0.05633	0.06491	0.09111	0.17735	0.07927	0.01616	0.04647	0.01279	0.01544	0.00990	0.00740	0.02940	0.00208	0.00876	0.00552	0.00382	0.16613
3	0.01030	0.06214	0.01219	0.05994	0.05869	0.00897	0.00849	0.01299	0.03369	0.01916	0.15983	0.21343	0.15105	0.05369	0.05121	0.00297	0.00555	0.06387	0.00545	0.00637
4	0.31045	0.05713	0.05409	0.01039	0.01516	0.01308	0.00903	0.07943	0.01489	0.10280	0.01755	0.05049	0.06185	0.00761	0.00533	0.00182	0.00549	0.00565	0.00479	0.17296
5	0.01207	0.04807	0.01238	0.01172	0.05828	0.01019	0.00796	0.01565	0.10918	0.04226	0.09797	0.13592	0.09122	0.20213	0.01584	0.04887	0.05868	0.01005	0.00508	0.00649
6	0.01564	0.04431	0.08304	0.12379	0.19901	0.16460	0.07726	0.01913	0.01496	0.01849	0.01724	0.07208	0.05780	0.01054	0.05151	0.00254	0.00925	0.00703	0.00359	0.00820
7	0.06288	0.22313	0.18481	0.01926	0.10429	0.06618	0.11982	0.06890	0.01534	0.02091	0.01170	0.01427	0.00940	0.00820	0.04209	0.00229	0.00908	0.00513	0.00335	0.00896

[dist]
# distance from previous block
# <min> <max>
0	26

[block]
# block no. 2 follows, 33 sequences, length 23
# corresponding to MSA columns:
# 63-85
name=unknown_C
#
# <colnr> <probs for GDERKNQSTAVLIFYWHMCP>
#	G	D	E	R	K	N	Q	S	T	A	V	L	I	F	Y	W	H	M	C	P
0	0.01070	0.00730	0.00971	0.00947	0.01097	0.00763	0.00709	0.01312	0.03339	0.06571	0.07985	0.07663	0.12416	0.13306	0.37306	0.00690	0.01101	0.00938	0.00480	0.00607
1	0.01501	0.01501	0.02567	0.08922	0.33563	0.04155	0.19287	0.01921	0.03792	0.02013	0.01826	0.02171	0.08083	0.00791	0.00794	0.04332	0.00826	0.00713	0.00363	0.00880
2	0.01651	0.07129	0.03642	0.10431	0.28920	0.01548	0.04028	0.06697	0.07617	0.05858	0.04610	0.01815	0.01342	0.00688	0.00683	0.00192	0.03301	0.00599	0.00418	0.08829
3	0.01440	0.01904	0.19948	0.15154	0.27199	0.01535	0.07843	0.01918	0.01393	0.02015	0.01237	0.01633	0.00979	0.00669	0.00787	0.00211	0.07826	0.00579	0.04823	0.00905
4	0.06643	0.00713	0.00802	0.00806	0.00966	0.00687	0.00584	0.01180	0.01326	0.04511	0.07397	0.14727	0.26189	0.15707	0.08012	0.00379	0.00557	0.03596	0.04650	0.00567
5	0.01592	0.04459	0.08543	0.05883	0.22376	0.05223	0.03867	0.07970	0.08160	0.05605	0.05851	0.07863	0.07970	0.00900	0.00677	0.00207	0.00700	0.00784	0.00471	0.00900
6	0.01439	0.01539	0.08536	0.02074	0.17379	0.04698	0.13416	0.09037	0.01719	0.02317	0.13383	0.10643	0.08954	0.00993	0.00721	0.00212	0.00709	0.00915	0.00480	0.00836
7	0.01088	0.00819	0.00999	0.03536	0.01230	0.00835	0.00735	0.07773	0.06360	0.02119	0.15161	0.27721	0.11135	0.10075	0.04837	0.00324	0.00530	0.03492	0.00591	0.00639
8	0.01710	0.01368	0.02004	0.09627	0.19770	0.03862	0.08140	0.06387	0.11694	0.11270	0.05983	0.06457	0.01820	0.00909	0.00761	0.03012	0.00705	0.03114	0.00503	0.00906
9	0.04398	0.03626	0.18758	0.06349	0.03935	0.11083	0.01480	0.12182	0.14060	0.03955	0.05316	0.01967	0.03912	0.00812	0.00731	0.00208	0.05239	0.00618	0.00463	0.00909
10	0.01330	0.01272	0.05345	0.61505	0.04095	0.01415	0.04328	0.01769	0.01345	0.05367	0.01280	0.01806	0.00958	0.00880	0.04440	0.00261	0.00920	0.00598	0.00323	0.00761
11	0.01352	0.00839	0.01001	0.00923	0.01121	0.00829	0.00675	0.05242	0.08034	0.11604	0.13549	0.11141	0.11351	0.16947	0.04113	0.03963	0.00529	0.01014	0.05098	0.00675
12	0.09286	0.04073	0.09391	0.06873	0.05901	0.01477	0.03311	0.09345	0.13705	0.06150	0.04216	0.02067	0.04083	0.02593	0.03574	0.00247	0.05899	0.00632	0.00474	0.06704
13	0.01629	0.09035	0.04439	0.09132	0.05363	0.13669	0.04820	0.05962	0.09112	0.05663	0.04754	0.08635	0.07351	0.01226	0.06082	0.00266	0.00818	0.00770	0.00464	0.00809
14	0.06054	0.00899	0.01093	0.00978	0.01262	0.00851	0.00774	0.06755	0.01775	0.19708	0.23500	0.10259	0.15122	0.01289	0.00736	0.00221	0.00448	0.06825	0.00685	0.00765
15	0.01543	0.01010	0.01193	0.01077	0.01332	0.01029	0.00819	0.15190	0.08872	0.11772	0.13017	0.21702	0.06406	0.08411	0.00990	0.00266	0.00506	0.03437	0.00650	0.00781
16	0.09953	0.01138	0.01475	0.07994	0.12549	0.01191	0.01114	0.06737	0.10033	0.10402	0.11967	0.06902	0.07508	0.01044	0.00690	0.00220	0.00568	0.07110	0.00567	0.00835
17	0.02343	0.02748	0.01809	0.01608	0.01964	0.57039	0.01223	0.11639	0.05578	0.02061	0.04943	0.01501	0.01226	0.00739	0.00616	0.00178	0.01045	0.00503	0.00419	0.00817
18	0.01085	0.00677	0.00788	0.00766	0.00829	0.00659	0.00473	0.01131	0.01088	0.06725	0.02553	0.06793	0.08425	0.59529	0.05342	0.00572	0.00637	0.00996	0.00454	0.00478
19	0.01169	0.00723	0.00883	0.00862	0.00966	0.00709	0.00579	0.01347	0.06465	0.07858	0.08347	0.16032	0.06727	0.31595	0.02032	0.11056	0.00526	0.01063	0.00515	0.00545
20	0.08539	0.05650	0.02061	0.08282	0.13888	0.12461	0.08040	0.06602	0.01563	0.02174	0.01188	0.01498	0.00974	0.02366	0.00642	0.00178	0.00771	0.00505	0.00372	0.22246
21	0.16284	0.34854	0.14999	0.01295	0.01866	0.01917	0.04765	0.02064	0.04503	0.05670	0.01302	0.05525	0.01117	0.00695	0.00520	0.00182	0.00703	0.00517	0.00370	0.00851
22	0.01240	0.00758	0.00915	0.00886	0.00997	0.00742	0.00592	0.06057	0.01333	0.09645	0.05207	0.25093	0.02939	0.38292	0.02030	0.00434	0.00548	0.01176	0.00538	0.00578

[dist]
# distance from previous block
# <min> <max>
0	2

[block]
# block no. 3 follows, 33 sequences, length 18
# corresponding to MSA columns:
# 88-105
name=unknown_D
#
# <colnr> <probs for GDERKNQSTAVLIFYWHMCP>
#	G	D	E	R	K	N	Q	S	T	A	V	L	I	F	Y	W	H	M	C	P
0	0.44824	0.07956	0.01418	0.04346	0.01598	0.05451	0.00889	0.08536	0.03733	0.02678	0.01323	0.01452	0.03866	0.00671	0.00487	0.00187	0.00590	0.00452	0.00427	0.09114
1	0.20111	0.04161	0.02089	0.05434	0.08284	0.04234	0.12419	0.21568	0.04684	0.05642	0.01388	0.01578	0.01046	0.00845	0.03531	0.00236	0.00793	0.00567	0.00472	0.00917
2	0.08233	0.01217	0.01405	0.01119	0.01562	0.01167	0.00907	0.18409	0.01947	0.19446	0.10222	0.04820	0.04704	0.00889	0.00634	0.00185	0.00537	0.03070	0.00618	0.18911
3	0.00982	0.00805	0.04029	0.00957	0.01045	0.00788	0.00710	0.01103	0.01036	0.01444	0.01961	0.09419	0.02098	0.34322	0.29006	0.04456	0.04053	0.00888	0.00385	0.00512
4	0.01167	0.00828	0.01210	0.11002	0.08622	0.00834	0.00958	0.01377	0.01385	0.07456	0.09042	0.28272	0.07630	0.05009	0.04057	0.04037	0.00584	0.05343	0.00531	0.00655
5	0.00935	0.00694	0.01019	0.01026	0.01131	0.00795	0.00781	0.01147	0.01061	0.01518	0.01879	0.06404	0.01836	0.10022	0.65430	0.00988	0.01613	0.00782	0.00369	0.00571
6	0.01365	0.01170	0.01365	0.00975	0.01560	0.00878	0.00780	0.01658	0.01365	0.02145	0.01170	0.01365	0.00975	0.00488	0.00488	0.00098	0.00488	0.00390	0.00390	0.80888
7	0.00966	0.00779	0.00799	0.00820	0.00913	0.04912	0.00542	0.01068	0.01283	0.01622	0.09489	0.21619	0.18896	0.31304	0.01795	0.00392	0.00513	0.01259	0.00521	0.00507
8	0.01557	0.01512	0.02245	0.28179	0.32217	0.08459	0.04688	0.01941	0.01510	0.03860	0.06361	0.01890	0.01353	0.00680	0.00663	0.00203	0.00829	0.00624	0.00358	0.00873
9	0.58286	0.01280	0.01165	0.00981	0.01419	0.01404	0.00809	0.07163	0.01433	0.18723	0.01340	0.01368	0.00947	0.00669	0.00482	0.00203	0.00536	0.00442	0.00516	0.00833
10	0.00968	0.00699	0.00855	0.00854	0.00976	0.00691	0.00616	0.01230	0.04651	0.01944	0.22661	0.08986	0.12175	0.21815	0.09102	0.00422	0.00589	0.06470	0.03733	0.00564
11	0.04443	0.01078	0.01580	0.06260	0.08243	0.01115	0.08271	0.06996	0.04529	0.04919	0.08093	0.11324	0.12577	0.01390	0.03563	0.08643	0.03619	0.02137	0.00495	0.00724
12	0.01322	0.06031	0.44750	0.09711	0.02682	0.01498	0.04624	0.01965	0.04493	0.01968	0.01421	0.02021	0.01173	0.05641	0.00881	0.00244	0.03846	0.04529	0.00327	0.00872
13	0.01080	0.00765	0.00937	0.00966	0.01072	0.00768	0.00692	0.08590	0.01458	0.01950	0.07914	0.32307	0.03502	0.22722	0.01528	0.00365	0.00520	0.11722	0.00564	0.00578
14	0.01331	0.00991	0.01123	0.01047	0.01216	0.06517	0.03612	0.04457	0.04186	0.07797	0.02530	0.22231	0.04552	0.23370	0.06915	0.00405	0.00681	0.01071	0.05335	0.00632
15	0.01900	0.01570	0.01892	0.13879	0.13145	0.09806	0.03186	0.14194	0.12492	0.10963	0.01776	0.04991	0.01396	0.01014	0.04628	0.00252	0.00812	0.00667	0.00505	0.00932
16	0.02115	0.02368	0.01726	0.01545	0.01878	0.42809	0.01185	0.09096	0.16709	0.02087	0.01489	0.01632	0.01195	0.01144	0.07487	0.00270	0.03447	0.00539	0.00439	0.00839
17	0.04081	0.01188	0.01675	0.16383	0.17677	0.01218	0.01245	0.06741	0.04170	0.04980	0.07381	0.05204	0.01771	0.09832	0.00960	0.00243	0.00651	0.00702	0.00441	0.13458

[dist]
# distance from previous block
# <min> <max>
0	1

[block]
# block no. 4 follows, 33 sequences, length 84
# corresponding to MSA columns:
# 107-190
name=unknown_E
#
# <colnr> <probs for GDERKNQSTAVLIFYWHMCP>
#	G	D	E	R	K	N	Q	S	T	A	V	L	I	F	Y	W	H	M	C	P
0	0.04473	0.11850	0.17443	0.12808	0.08479	0.04608	0.01504	0.11148	0.01651	0.04433	0.04232	0.07421	0.05559	0.00841	0.00632	0.00202	0.00748	0.00685	0.00420	0.00862
1	0.00930	0.00696	0.01037	0.01048	0.01159	0.00802	0.00807	0.01157	0.01073	0.01539	0.01899	0.07976	0.01843	0.04728	0.68897	0.01000	0.01663	0.00790	0.00372	0.00584
2	0.01667	0.01053	0.01247	0.01100	0.01362	0.01082	0.00856	0.21806	0.01886	0.10899	0.07319	0.11545	0.04442	0.10107	0.01206	0.07943	0.00568	0.08708	0.04451	0.00755
3	0.01384	0.01026	0.01342	0.01402	0.09047	0.01073	0.00956	0.07607	0.10403	0.06209	0.14157	0.10726	0.02736	0.07952	0.08486	0.03609	0.03528	0.04156	0.00545	0.03656
4	0.05098	0.01482	0.04644	0.01284	0.01707	0.03123	0.01075	0.19518	0.17890	0.04158	0.06091	0.02459	0.05147	0.00899	0.00733	0.00200	0.04979	0.04458	0.00561	0.14494
5	0.01439	0.01217	0.01229	0.01153	0.01395	0.09328	0.00903	0.09258	0.14505	0.02293	0.14554	0.03927	0.10408	0.01373	0.00982	0.10717	0.00585	0.13446	0.00572	0.00715
6	0.05651	0.00714	0.00833	0.00885	0.01026	0.00688	0.00627	0.01244	0.05882	0.04126	0.08828	0.43161	0.18271	0.03851	0.00852	0.00256	0.00396	0.01498	0.00611	0.00603
7	0.28107	0.01278	0.01416	0.10531	0.04748	0.01406	0.01030	0.12695	0.08236	0.04637	0.01448	0.04207	0.01175	0.00985	0.03863	0.04131	0.00654	0.00559	0.00463	0.08432
8	0.04294	0.00897	0.01002	0.00931	0.01197	0.00876	0.00714	0.01779	0.15451	0.08521	0.12868	0.09090	0.27230	0.04701	0.00845	0.00239	0.00431	0.04336	0.00629	0.03969
9	0.00953	0.00688	0.00929	0.00946	0.01011	0.00677	0.03614	0.01061	0.01152	0.01534	0.02672	0.25175	0.03061	0.39074	0.04748	0.00483	0.00622	0.10623	0.00484	0.00495
10	0.05263	0.01120	0.01261	0.01088	0.01421	0.01146	0.00854	0.18233	0.10028	0.13943	0.11391	0.13155	0.15954	0.01202	0.00710	0.00217	0.00496	0.01005	0.00666	0.00848
11	0.06459	0.00775	0.00888	0.00881	0.01025	0.00770	0.00623	0.07158	0.01508	0.02119	0.17773	0.28173	0.11596	0.15779	0.01249	0.00309	0.00448	0.01287	0.00585	0.00593
12	0.00940	0.00705	0.01058	0.01058	0.01176	0.00823	0.00823	0.01176	0.01058	0.01528	0.01763	0.02586	0.01646	0.04937	0.74255	0.01058	0.01763	0.00705	0.00353	0.00588
13	0.03898	0.00738	0.00889	0.00931	0.01058	0.00728	0.00659	0.07198	0.01475	0.04045	0.07260	0.50544	0.05625	0.04333	0.00856	0.00256	0.00419	0.01486	0.06985	0.00616
14	0.01123	0.00728	0.00889	0.00875	0.01061	0.00667	0.00647	0.01385	0.04382	0.10242	0.20068	0.23943	0.22774	0.04934	0.00895	0.00250	0.00397	0.03442	0.00654	0.00645
15	0.01359	0.00992	0.01206	0.01181	0.01411	0.01027	0.00965	0.19231	0.01885	0.02491	0.05998	0.20416	0.07247	0.01575	0.00817	0.00260	0.00562	0.30030	0.00626	0.00722
16	0.00946	0.00682	0.00941	0.00941	0.01018	0.00759	0.00677	0.01101	0.01023	0.01442	0.01870	0.03178	0.01903	0.29644	0.49899	0.00914	0.01377	0.00792	0.00369	0.00523
17	0.01862	0.01125	0.01314	0.01124	0.01457	0.01140	0.00871	0.16302	0.12396	0.21232	0.04977	0.14188	0.09664	0.08092	0.00952	0.00257	0.00537	0.00964	0.00667	0.00879
18	0.04346	0.00769	0.00881	0.00904	0.01064	0.00765	0.00651	0.01415	0.11971	0.02072	0.16456	0.31966	0.17612	0.04960	0.00885	0.00255	0.00397	0.01378	0.00623	0.00632
19	0.00915	0.00707	0.00839	0.00800	0.00988	0.00649	0.00602	0.01253	0.05111	0.02361	0.47355	0.05266	0.27872	0.01430	0.00772	0.00213	0.00328	0.01235	0.00685	0.00620
20	0.05679	0.01315	0.01434	0.01235	0.01594	0.01431	0.00966	0.22965	0.24446	0.09227	0.02563	0.14109	0.05182	0.03813	0.00782	0.00235	0.00559	0.00888	0.00645	0.00931
21	0.06964	0.00791	0.00912	0.00900	0.01045	0.00801	0.00650	0.01445	0.07520	0.04958	0.14518	0.10400	0.07070	0.28468	0.01682	0.00381	0.00518	0.09832	0.00552	0.00594
22	0.01116	0.00703	0.00885	0.00847	0.01021	0.00636	0.00621	0.01338	0.01628	0.10258	0.36022	0.17142	0.16004	0.07594	0.00984	0.00255	0.00382	0.01262	0.00670	0.00634
23	0.00941	0.00703	0.01044	0.01044	0.01156	0.00815	0.00805	0.01166	0.01054	0.01518	0.01776	0.02659	0.01677	0.07961	0.71275	0.01040	0.01716	0.00716	0.00355	0.00580
24	0.01120	0.00610	0.00833	0.00836	0.00858	0.00600	0.00542	0.00974	0.00963	0.03773	0.01711	0.10356	0.01841	0.22999	0.02543	0.47312	0.00570	0.00817	0.00370	0.00373
25	0.05420	0.01039	0.01182	0.01031	0.01355	0.04069	0.00802	0.07028	0.01721	0.29229	0.05851	0.18427	0.15168	0.01231	0.00704	0.00217	0.00502	0.01036	0.03161	0.00828
26	0.01700	0.01445	0.01524	0.01352	0.01736	0.01667	0.01057	0.08322	0.66643	0.02854	0.02600	0.02393	0.01946	0.00886	0.00669	0.00221	0.00536	0.00733	0.00669	0.01048
27	0.00792	0.00659	0.00692	0.00701	0.00902	0.00559	0.00519	0.00966	0.01509	0.01838	0.11589	0.12139	0.61522	0.01675	0.00783	0.00225	0.00336	0.01414	0.00620	0.00559
28	0.01422	0.01125	0.01239	0.01167	0.01427	0.01250	0.00869	0.02617	0.45052	0.05035	0.02821	0.19324	0.02567	0.09778	0.01012	0.00280	0.00504	0.01019	0.00631	0.00858
29	0.01365	0.01170	0.01365	0.00975	0.01560	0.00878	0.00780	0.01658	0.01365	0.02145	0.01170	0.01365	0.00975	0.00488	0.00488	0.00098	0.00488	0.00390	0.00390	0.80888
30	0.00925	0.00682	0.00879	0.00913	0.01064	0.00636	0.00715	0.01186	0.01640	0.02207	0.35275	0.14570	0.16105	0.01610	0.00819	0.00242	0.00400	0.18875	0.00661	0.00596
31	0.00940	0.00705	0.01058	0.01058	0.01176	0.00823	0.00823	0.01176	0.01058	0.01528	0.01763	0.02586	0.01646	0.04937	0.74255	0.01058	0.01763	0.00705	0.00353	0.00588
32	0.01357	0.01008	0.01146	0.01085	0.01331	0.01067	0.00812	0.04680	0.29060	0.07246	0.09234	0.24369	0.09369	0.04081	0.00834	0.00247	0.00460	0.01162	0.00652	0.00801
33	0.18134	0.01242	0.01426	0.01130	0.01606	0.01216	0.00924	0.10491	0.06562	0.37230	0.04582	0.01963	0.01521	0.00765	0.00599	0.00194	0.00550	0.00593	0.00663	0.08607
34	0.03307	0.00625	0.00745	0.00826	0.00885	0.00597	0.00537	0.00963	0.01190	0.01607	0.03411	0.44256	0.11273	0.24824	0.01587	0.00374	0.00459	0.01492	0.00540	0.00501
35	0.01215	0.00863	0.01000	0.00967	0.01093	0.00888	0.00665	0.15466	0.01529	0.02044	0.02616	0.33673	0.02941	0.29944	0.01747	0.00392	0.00550	0.01261	0.00541	0.00606
36	0.08636	0.00846	0.01018	0.00915	0.01190	0.00780	0.00710	0.01768	0.01615	0.22667	0.19615	0.11446	0.17866	0.04483	0.00831	0.00237	0.00437	0.03531	0.00669	0.00741
37	0.00882	0.00656	0.00776	0.00783	0.00911	0.00602	0.00555	0.01059	0.01473	0.01945	0.26435	0.13410	0.24936	0.18077	0.01354	0.00317	0.00410	0.04277	0.00601	0.00542
38	0.00872	0.00594	0.00742	0.00841	0.00875	0.00569	0.00541	0.00965	0.01180	0.01609	0.03092	0.51226	0.03631	0.23644	0.01545	0.00368	0.00452	0.01533	0.05222	0.00500
39	0.81514	0.01273	0.00968	0.00866	0.01273	0.01477	0.00713	0.01935	0.01120	0.02954	0.00917	0.01069	0.00713	0.00611	0.00407	0.00204	0.00509	0.00356	0.00407	0.00713
40	0.01365	0.01170	0.01365	0.00975	0.01560	0.00878	0.00780	0.01658	0.01365	0.02145	0.01170	0.01365	0.00975	0.00488	0.00488	0.00098	0.00488	0.00390	0.00390	0.80888
41	0.01202	0.00810	0.00972	0.00881	0.01136	0.00702	0.00649	0.01427	0.03057	0.09996	0.10813	0.20878	0.18108	0.09581	0.01000	0.00250	0.00436	0.01141	0.00581	0.16381
42	0.81514	0.01273	0.00968	0.00866	0.01273	0.01477	0.00713	0.01935	0.01120	0.02954	0.00917	0.01069	0.00713	0.00611	0.00407	0.00204	0.00509	0.00356	0.00407	0.00713
43	0.00853	0.00634	0.00771	0.00838	0.00944	0.00583	0.00593	0.01007	0.01384	0.01802	0.13029	0.33960	0.22428	0.11255	0.01137	0.00297	0.00410	0.06937	0.00599	0.00540
44	0.01253	0.00719	0.00923	0.00900	0.01073	0.00654	0.00659	0.01419	0.01493	0.14698	0.17417	0.25453	0.13718	0.08735	0.01105	0.03875	0.00435	0.04196	0.00636	0.00639
45	0.00820	0.00641	0.00746	0.00800	0.00949	0.00568	0.00583	0.00993	0.01461	0.01853	0.12804	0.29840	0.38216	0.01773	0.00806	0.00240	0.00363	0.05363	0.00624	0.00559
46	0.02629	0.01146	0.01489	0.01177	0.01644	0.01057	0.00960	0.05455	0.10107	0.57121	0.07910	0.02448	0.02007	0.00864	0.00672	0.00206	0.00542	0.00710	0.00785	0.01073
47	0.09999	0.00766	0.00920	0.00913	0.01055	0.00801	0.00673	0.01293	0.07322	0.01723	0.02585	0.08758	0.13989	0.02178	0.10976	0.30761	0.00661	0.03671	0.00437	0.00519
48	0.00957	0.00696	0.00842	0.00868	0.01009	0.00657	0.00619	0.01252	0.06467	0.03984	0.20753	0.32854	0.18859	0.05925	0.00937	0.00259	0.00384	0.01439	0.00637	0.00605
49	0.01445	0.01455	0.02096	0.01773	0.01801	0.02002	0.04359	0.01607	0.01031	0.01607	0.00884	0.01455	0.00870	0.01127	0.02102	0.00285	0.72502	0.00585	0.00290	0.00727
50	0.05344	0.01318	0.01472	0.01268	0.01619	0.01427	0.01025	0.29105	0.12580	0.08100	0.02252	0.03313	0.01995	0.10913	0.01052	0.00282	0.00637	0.14792	0.00616	0.00889
51	0.00886	0.00624	0.00745	0.00789	0.00841	0.00595	0.00502	0.00974	0.01210	0.01608	0.10778	0.27905	0.10538	0.36761	0.01995	0.00429	0.00488	0.01322	0.00525	0.00483
52	0.00801	0.00577	0.00759	0.00905	0.00952	0.00536	0.00606	0.00918	0.01272	0.01685	0.03775	0.73048	0.07646	0.02043	0.00837	0.00265	0.00380	0.01848	0.00611	0.00536
53	0.01471	0.01530	0.02517	0.02009	0.02187	0.01922	0.19917	0.01725	0.01154	0.01725	0.00990	0.01530	0.00900	0.00992	0.01790	0.00270	0.55675	0.00630	0.00300	0.00765
54	0.02269	0.01310	0.01530	0.01259	0.01702	0.01354	0.01012	0.12078	0.29554	0.32838	0.02693	0.02437	0.05136	0.00884	0.00670	0.00212	0.00555	0.00721	0.00727	0.01062
55	0.02459	0.03138	0.01866	0.01696	0.02035	0.74221	0.01272	0.02629	0.01866	0.01611	0.01018	0.01187	0.00848	0.00678	0.00594	0.00170	0.01187	0.00424	0.00339	0.00763
56	0.01203	0.01015	0.01152	0.01168	0.01348	0.09054	0.03316	0.01451	0.01566	0.04141	0.14481	0.21513	0.06723	0.01586	0.00819	0.00255	0.00578	0.27403	0.00593	0.00634
57	0.00823	0.00582	0.00758	0.00891	0.00924	0.00548	0.00583	0.00922	0.01221	0.01627	0.03424	0.66941	0.04096	0.11908	0.01171	0.00316	0.00416	0.01751	0.00583	0.00517
58	0.01748	0.01415	0.01511	0.01337	0.01723	0.01615	0.01046	0.06201	0.64801	0.06845	0.02630	0.02408	0.01952	0.00884	0.00669	0.00221	0.00531	0.00733	0.00678	0.01050
59	0.01008	0.00720	0.01000	0.01152	0.01280	0.00712	0.00969	0.01272	0.01463	0.01911	0.03515	0.21535	0.03904	0.01868	0.00895	0.00296	0.00560	0.54740	0.00607	0.00592
60	0.00998	0.00713	0.00989	0.01141	0.01265	0.00704	0.00952	0.01256	0.01454	0.01900	0.03520	0.24143	0.03926	0.01878	0.00893	0.00294	0.00552	0.52228	0.00607	0.00589
61	0.01039	0.00739	0.00856	0.00820	0.00907	0.00750	0.00537	0.03628	0.05477	0.01776	0.16549	0.04224	0.05907	0.47770	0.05893	0.00514	0.00610	0.00984	0.00497	0.00523
62	0.00959	0.00701	0.00932	0.01048	0.01186	0.00674	0.00858	0.01205	0.01487	0.01934	0.09081	0.21351	0.13511	0.01813	0.00867	0.00277	0.00500	0.40414	0.00617	0.00586
63	0.01243	0.01170	0.01975	0.75282	0.04534	0.01463	0.01828	0.01682	0.01316	0.01682	0.01170	0.01755	0.00878	0.00658	0.00658	0.00219	0.00878	0.00585	0.00293	0.00731
64	0.00935	0.00664	0.00895	0.01028	0.01116	0.00646	0.00792	0.01128	0.01364	0.01800	0.05363	0.37286	0.03980	0.08634	0.01094	0.00315	0.00503	0.31309	0.00593	0.00557
65	0.02159	0.01493	0.01616	0.01295	0.01732	0.01623	0.01051	0.42144	0.12664	0.09576	0.02136	0.02101	0.04563	0.00843	0.00638	0.00197	0.00604	0.00659	0.11894	0.01012
66	0.01524	0.01630	0.02643	0.02081	0.02322	0.05124	0.24785	0.01809	0.01231	0.01763	0.01029	0.01543	0.00909	0.00929	0.01622	0.00260	0.47073	0.00637	0.00306	0.00779
67	0.00935	0.00674	0.00820	0.00835	0.00935	0.00641	0.00577	0.01070	0.01274	0.01710	0.12906	0.16297	0.11480	0.31327	0.05347	0.00433	0.00560	0.07561	0.00521	0.04097
68	0.02304	0.02555	0.02101	0.01756	0.02167	0.43776	0.08800	0.18774	0.05050	0.02318	0.01252	0.01407	0.00979	0.00715	0.00681	0.00188	0.03356	0.00521	0.00427	0.00872
69	0.02236	0.02513	0.03860	0.07972	0.04177	0.45627	0.01323	0.11515	0.04412	0.05181	0.04138	0.01548	0.01184	0.00728	0.00623	0.00184	0.00996	0.00519	0.00423	0.00841
70	0.03824	0.01537	0.05173	0.01720	0.11168	0.08937	0.03699	0.05996	0.06631	0.04159	0.01487	0.02093	0.01327	0.13159	0.07605	0.00348	0.13009	0.00631	0.00401	0.07096
71	0.01123	0.00805	0.00989	0.01035	0.01178	0.00817	0.00747	0.05347	0.12136	0.04761	0.05736	0.52536	0.03751	0.01729	0.00798	0.00254	0.00437	0.04513	0.00634	0.00674
72	0.01015	0.00759	0.00930	0.00917	0.01069	0.00752	0.00680	0.01451	0.10439	0.02263	0.36927	0.12952	0.07915	0.11257	0.01118	0.00282	0.00417	0.07579	0.00646	0.00631
73	0.01408	0.08220	0.08545	0.03888	0.17344	0.03992	0.01265	0.07169	0.04858	0.02020	0.02294	0.05703	0.10222	0.11310	0.05437	0.00315	0.00755	0.04034	0.00430	0.00792
74	0.01410	0.04340	0.01808	0.03951	0.10560	0.14544	0.10722	0.01742	0.04144	0.01964	0.12058	0.15769	0.12024	0.01120	0.00718	0.00212	0.00698	0.00996	0.00482	0.00740
75	0.06457	0.01003	0.01111	0.00994	0.01292	0.01068	0.00779	0.02445	0.23437	0.15225	0.02289	0.02344	0.01716	0.01154	0.06713	0.00263	0.00553	0.00656	0.29660	0.00843
76	0.00857	0.00612	0.00789	0.00898	0.00983	0.00571	0.00638	0.01024	0.01377	0.01852	0.11073	0.52189	0.11062	0.01869	0.00818	0.00255	0.00388	0.08089	0.04101	0.00556
77	0.01815	0.05131	0.06662	0.04370	0.29801	0.15506	0.06006	0.07235	0.05913	0.04222	0.03718	0.01832	0.03460	0.00703	0.00647	0.00195	0.00836	0.00608	0.00404	0.00938
78	0.04456	0.01244	0.04510	0.04742	0.09994	0.04097	0.03511	0.03465	0.06252	0.07529	0.11952	0.12138	0.11961	0.03445	0.00920	0.00236	0.07305	0.00950	0.00522	0.00770
79	0.01838	0.05267	0.05127	0.12243	0.13168	0.26725	0.01468	0.07070	0.01624	0.01919	0.01168	0.01504	0.00970	0.01029	0.06503	0.00260	0.07369	0.00517	0.00347	0.03883
80	0.45730	0.04129	0.01494	0.03656	0.07015	0.06978	0.03613	0.06864	0.03979	0.02659	0.01209	0.04437	0.01010	0.00691	0.00512	0.00198	0.00632	0.00498	0.00421	0.04278
81	0.04410	0.04524	0.01465	0.01586	0.13215	0.09367	0.01029	0.04497	0.04435	0.01970	0.05698	0.18980	0.04899	0.07125	0.08501	0.00338	0.00752	0.06013	0.00478	0.00718
82	0.04784	0.18250	0.13916	0.01611	0.07130	0.01578	0.10635	0.01996	0.10083	0.02075	0.05254	0.02407	0.12126	0.00815	0.00623	0.00193	0.00694	0.00693	0.00419	0.04718
83	0.01597	0.04604	0.15315	0.01901	0.13744	0.07484	0.07762	0.06040	0.04793	0.06781	0.12756	0.02436	0.06808	0.00826	0.00668	0.00197	0.00733	0.00716	0.00467	0.04371

[dist]
# distance from previous block
# <min> <max>
2	10

[block]
# block no. 5 follows, 33 sequences, length 126
# corresponding to MSA columns:
# 201-326
name=unknown_F
#
# <colnr> <probs for GDERKNQSTAVLIFYWHMCP>
#	G	D	E	R	K	N	Q	S	T	A	V	L	I	F	Y	W	H	M	C	P
0	0.04887	0.08219	0.03209	0.10324	0.07980	0.14347	0.01186	0.05147	0.09261	0.02131	0.04712	0.03357	0.03999	0.00736	0.00593	0.00175	0.00711	0.00584	0.00423	0.18019
1	0.09703	0.09703	0.04206	0.01886	0.18672	0.01466	0.04331	0.02093	0.10377	0.06315	0.04591	0.02081	0.06571	0.00760	0.00668	0.00190	0.03920	0.00624	0.00444	0.11400
2	0.01392	0.05127	0.02054	0.06828	0.25048	0.01345	0.08283	0.01962	0.12340	0.02143	0.09726	0.08381	0.04743	0.04254	0.00804	0.00226	0.00660	0.00828	0.00458	0.03400
3	0.01474	0.01183	0.01388	0.01014	0.01579	0.00926	0.00817	0.04592	0.01465	0.05414	0.01325	0.01606	0.01100	0.00557	0.00516	0.00113	0.00504	0.02569	0.00427	0.71429
4	0.00948	0.00784	0.00936	0.01006	0.06076	0.00723	0.00685	0.01295	0.06405	0.02159	0.27956	0.05264	0.40485	0.01430	0.00761	0.00215	0.00370	0.01222	0.00633	0.00645
5	0.01549	0.01482	0.02526	0.18926	0.58503	0.01543	0.01980	0.01950	0.01461	0.02053	0.01224	0.01656	0.01008	0.00602	0.00653	0.00201	0.00802	0.00586	0.00319	0.00978
6	0.00947	0.00713	0.01034	0.01038	0.01132	0.00822	0.00786	0.01146	0.01066	0.01521	0.01936	0.09715	0.01944	0.11180	0.58094	0.00916	0.04226	0.00835	0.00379	0.00570
7	0.00970	0.00744	0.01138	0.01089	0.01215	0.00836	0.03822	0.01188	0.01067	0.01521	0.01785	0.02777	0.01716	0.14199	0.61707	0.00966	0.01587	0.00742	0.00358	0.00576
8	0.00901	0.00678	0.00870	0.00839	0.01001	0.00647	0.00635	0.01167	0.01629	0.02241	0.44767	0.04758	0.19226	0.02117	0.15178	0.00377	0.00600	0.01137	0.00628	0.00601
9	0.01503	0.01252	0.01439	0.01040	0.01618	0.01018	0.00837	0.09983	0.01574	0.02387	0.01220	0.01391	0.00993	0.00524	0.00508	0.00110	0.00516	0.00415	0.00422	0.71250
10	0.00903	0.00691	0.00816	0.00816	0.00991	0.00610	0.00599	0.01075	0.01441	0.01886	0.15930	0.18663	0.29751	0.07441	0.01041	0.03251	0.00403	0.06113	0.00584	0.06995
11	0.04586	0.09194	0.01788	0.04080	0.01848	0.30243	0.01120	0.11650	0.07323	0.06408	0.01581	0.05390	0.01375	0.03742	0.00801	0.03477	0.00848	0.03279	0.00456	0.00810
12	0.01980	0.01476	0.01579	0.01319	0.01731	0.01648	0.01054	0.28794	0.34652	0.06375	0.02199	0.02113	0.01618	0.00837	0.00642	0.00205	0.00576	0.00668	0.09505	0.01028
13	0.04892	0.01122	0.01334	0.04385	0.09844	0.04513	0.00961	0.01827	0.13465	0.02173	0.12281	0.11592	0.06240	0.01284	0.04638	0.03451	0.00598	0.00861	0.02664	0.11876
14	0.00953	0.00724	0.01083	0.01075	0.01190	0.00854	0.00839	0.01186	0.01057	0.01530	0.01740	0.02556	0.01625	0.04839	0.72377	0.01038	0.03688	0.00702	0.00351	0.00591
15	0.00955	0.00646	0.00760	0.00760	0.00774	0.00661	0.00451	0.00984	0.00970	0.01307	0.02036	0.04096	0.02301	0.68019	0.12070	0.00690	0.00777	0.00926	0.00393	0.00422
16	0.01118	0.00576	0.00845	0.00852	0.00853	0.00574	0.00563	0.00866	0.00880	0.01173	0.01301	0.05157	0.01349	0.06792	0.02550	0.72725	0.00568	0.00648	0.00306	0.00303
17	0.01223	0.00812	0.00989	0.00959	0.01144	0.00799	0.00713	0.03943	0.08458	0.09157	0.14924	0.20624	0.12346	0.11509	0.04340	0.00324	0.00517	0.05931	0.00618	0.00671
18	0.01425	0.01466	0.01233	0.01183	0.01347	0.24317	0.00869	0.01592	0.01336	0.01554	0.04286	0.05636	0.01816	0.17159	0.31185	0.00628	0.01250	0.00730	0.00382	0.00607
19	0.01196	0.01167	0.04294	0.01442	0.01559	0.01404	0.03521	0.01422	0.01065	0.01594	0.01331	0.02009	0.01249	0.02959	0.37230	0.00658	0.34266	0.00643	0.00321	0.00671
20	0.00866	0.00606	0.00777	0.00888	0.00926	0.00582	0.00592	0.00966	0.01200	0.01596	0.03197	0.51146	0.03778	0.22208	0.01523	0.00370	0.00470	0.07252	0.00553	0.00504
21	0.01435	0.01168	0.01372	0.00984	0.01565	0.00882	0.00788	0.01726	0.01388	0.05267	0.01233	0.01404	0.01004	0.00502	0.00495	0.00102	0.00491	0.00402	0.00409	0.77384
22	0.01146	0.00779	0.01117	0.01309	0.10155	0.00778	0.00815	0.03709	0.01218	0.01640	0.04533	0.14997	0.05325	0.09435	0.04405	0.31219	0.00607	0.05865	0.00425	0.00524
23	0.01566	0.01499	0.02557	0.15768	0.61526	0.01547	0.01989	0.01965	0.01469	0.02074	0.01227	0.01650	0.01016	0.00598	0.00653	0.00199	0.00798	0.00586	0.00320	0.00992
24	0.03850	0.00820	0.00951	0.00948	0.01136	0.00810	0.00708	0.05685	0.07460	0.04929	0.10622	0.27048	0.18608	0.06335	0.00938	0.00265	0.00445	0.07171	0.00618	0.00654
25	0.04395	0.00871	0.00993	0.00947	0.01142	0.00883	0.00703	0.09280	0.07490	0.02334	0.21347	0.19029	0.13939	0.09949	0.01048	0.00274	0.00449	0.03644	0.00619	0.00664
26	0.01461	0.01903	0.19473	0.03066	0.44264	0.01440	0.04660	0.01934	0.01511	0.02172	0.08402	0.02025	0.03362	0.00698	0.00666	0.00202	0.00783	0.00651	0.00362	0.00966
27	0.00973	0.00745	0.01101	0.01091	0.01201	0.00880	0.00855	0.01199	0.01071	0.01542	0.01791	0.02762	0.01708	0.06482	0.65605	0.00976	0.05671	0.03394	0.00360	0.00591
28	0.06191	0.00902	0.00996	0.00959	0.01143	0.00939	0.00703	0.07635	0.11316	0.02134	0.08350	0.14764	0.12015	0.21593	0.01438	0.00343	0.00516	0.06851	0.00562	0.00648
29	0.06488	0.00839	0.00993	0.00966	0.01187	0.00821	0.00738	0.04828	0.04588	0.12245	0.05217	0.25882	0.15452	0.03573	0.03543	0.00277	0.00504	0.07545	0.03619	0.00694
30	0.64249	0.01294	0.01199	0.01029	0.01441	0.01460	0.04508	0.04872	0.04420	0.05124	0.01219	0.04569	0.00994	0.00699	0.00477	0.00208	0.00547	0.00483	0.00448	0.00759
31	0.01240	0.00808	0.00960	0.00926	0.01072	0.00806	0.00644	0.05968	0.06460	0.08598	0.04682	0.23964	0.08313	0.27838	0.04393	0.00407	0.00566	0.01174	0.00557	0.00624
32	0.04638	0.00782	0.00876	0.00853	0.01036	0.00758	0.00620	0.04960	0.05018	0.03478	0.17887	0.19013	0.25314	0.10521	0.01067	0.00275	0.00418	0.01259	0.00609	0.00618
33	0.05339	0.00912	0.01050	0.00947	0.01198	0.00912	0.00730	0.08214	0.09112	0.06444	0.37952	0.07385	0.14712	0.01260	0.00732	0.00212	0.00402	0.01076	0.00679	0.00731
34	0.00852	0.00603	0.00791	0.00915	0.00965	0.00573	0.00627	0.00979	0.01273	0.01699	0.06504	0.57418	0.04132	0.11604	0.01166	0.00316	0.00433	0.08033	0.00589	0.00528
35	0.04962	0.00850	0.00891	0.00878	0.01065	0.03415	0.00654	0.06559	0.01591	0.02216	0.14757	0.21881	0.20164	0.02926	0.00771	0.00228	0.00423	0.03490	0.11653	0.00626
36	0.09818	0.00833	0.00937	0.00881	0.01107	0.00825	0.00673	0.01590	0.08513	0.06693	0.30919	0.07461	0.16795	0.04600	0.00832	0.00235	0.00400	0.03507	0.02705	0.00677
37	0.00911	0.00645	0.00929	0.01008	0.01090	0.00600	0.03715	0.01050	0.01295	0.04201	0.03491	0.70531	0.04110	0.01952	0.00831	0.00263	0.00420	0.01781	0.00606	0.00571
38	0.00835	0.00598	0.00790	0.00925	0.00981	0.00562	0.00639	0.00972	0.01304	0.01736	0.06721	0.63044	0.05951	0.04720	0.00933	0.00280	0.00406	0.07455	0.00608	0.00540
39	0.05244	0.00945	0.01102	0.01022	0.01270	0.00950	0.00771	0.09611	0.09458	0.12007	0.12858	0.27138	0.10608	0.02923	0.00791	0.00237	0.00457	0.01199	0.00653	0.00758
40	0.00824	0.00660	0.00719	0.00719	0.00899	0.00574	0.00523	0.01003	0.01514	0.01903	0.19073	0.10540	0.49435	0.07501	0.00983	0.00255	0.00356	0.01348	0.00617	0.00555
41	0.02442	0.01785	0.01911	0.01472	0.01981	0.01974	0.01214	0.67276	0.03014	0.04068	0.01608	0.01622	0.01147	0.00789	0.00649	0.00195	0.00705	0.00594	0.04460	0.01095
42	0.02003	0.01175	0.01365	0.01126	0.01446	0.01202	0.00857	0.23599	0.04550	0.21772	0.02167	0.06706	0.01876	0.25374	0.01537	0.00346	0.00626	0.00804	0.00615	0.00853
43	0.00922	0.00675	0.00757	0.00769	0.00932	0.00602	0.00556	0.01071	0.01402	0.04323	0.08036	0.13365	0.41189	0.16012	0.01281	0.00311	0.00424	0.06242	0.00583	0.00551
44	0.01365	0.01170	0.01365	0.00975	0.01560	0.00878	0.00780	0.01658	0.01365	0.02145	0.01170	0.01365	0.00975	0.00488	0.00488	0.00098	0.00488	0.00390	0.00390	0.80888
45	0.00826	0.00639	0.00752	0.00786	0.00934	0.00566	0.00566	0.01014	0.01521	0.01973	0.22893	0.27604	0.34154	0.01705	0.00797	0.00232	0.00342	0.01486	0.00641	0.00566
46	0.00895	0.00649	0.00767	0.00787	0.00916	0.00588	0.00550	0.01055	0.01439	0.03388	0.19942	0.23758	0.26650	0.14161	0.01218	0.00299	0.00396	0.01382	0.00606	0.00551
47	0.81514	0.01273	0.00968	0.00866	0.01273	0.01477	0.00713	0.01935	0.01120	0.02954	0.00917	0.01069	0.00713	0.00611	0.00407	0.00204	0.00509	0.00356	0.00407	0.00713
48	0.01365	0.01170	0.01365	0.00975	0.01560	0.00878	0.00780	0.01658	0.01365	0.02145	0.01170	0.01365	0.00975	0.00488	0.00488	0.00098	0.00488	0.00390	0.00390	0.80888
49	0.01019	0.00679	0.00791	0.00777	0.00912	0.00620	0.00533	0.01154	0.01377	0.06791	0.15147	0.13927	0.24993	0.26488	0.01629	0.00362	0.00453	0.01223	0.00574	0.00552
50	0.04308	0.00745	0.00874	0.00907	0.01068	0.00718	0.00664	0.01346	0.06334	0.06479	0.03971	0.31294	0.20724	0.09543	0.01053	0.00289	0.00445	0.08027	0.00598	0.00614
51	0.00957	0.00641	0.00734	0.00734	0.00740	0.00647	0.00419	0.00968	0.00962	0.01288	0.02059	0.04226	0.02358	0.73440	0.06726	0.00658	0.00692	0.00945	0.00397	0.00408
52	0.01847	0.01957	0.01970	0.01687	0.01913	0.22088	0.04370	0.07819	0.12655	0.02010	0.01275	0.01557	0.01068	0.00923	0.01303	0.00234	0.33536	0.00571	0.00395	0.00823
53	0.01286	0.00797	0.00950	0.00884	0.01088	0.00751	0.00650	0.04330	0.03573	0.13027	0.11829	0.12006	0.22271	0.17696	0.03881	0.00342	0.00515	0.02862	0.00605	0.00656
54	0.01087	0.00701	0.00891	0.00944	0.01077	0.00655	0.00675	0.04246	0.01459	0.08465	0.06382	0.52873	0.12123	0.01808	0.00808	0.00252	0.00413	0.03880	0.00636	0.00623
55	0.00826	0.00672	0.00733	0.00726	0.00929	0.00579	0.00549	0.01032	0.01590	0.01996	0.22664	0.06026	0.53850	0.01594	0.00782	0.00221	0.00337	0.03681	0.00639	0.00574
56	0.02565	0.01682	0.01868	0.01439	0.01957	0.01810	0.01187	0.54606	0.05178	0.18123	0.01824	0.01744	0.01253	0.00799	0.00660	0.00200	0.00684	0.00612	0.00691	0.01117
57	0.01347	0.01147	0.01336	0.00964	0.01523	0.00867	0.00763	0.01627	0.01347	0.02107	0.01210	0.01496	0.01038	0.03873	0.00614	0.00121	0.00494	0.00415	0.00390	0.77321
58	0.01042	0.00666	0.00798	0.00774	0.00834	0.00653	0.00488	0.01107	0.01160	0.04676	0.13400	0.04211	0.05112	0.52947	0.05852	0.03746	0.00620	0.00969	0.00469	0.00475
59	0.00805	0.00664	0.00706	0.00705	0.00908	0.00566	0.00525	0.00993	0.01550	0.01917	0.17413	0.09181	0.58530	0.01631	0.00781	0.00222	0.00332	0.01378	0.00630	0.00566
60	0.05738	0.01422	0.01585	0.01311	0.01758	0.01534	0.01054	0.18362	0.33730	0.22678	0.02332	0.02139	0.01647	0.00836	0.00654	0.00211	0.00577	0.00670	0.00696	0.01067
61	0.01434	0.01394	0.02454	0.38558	0.32652	0.01525	0.08759	0.01865	0.01416	0.01919	0.01214	0.01705	0.00958	0.00618	0.00667	0.00210	0.00861	0.00605	0.00310	0.00876
62	0.00933	0.00702	0.00769	0.00766	0.00975	0.00616	0.00569	0.01166	0.03958	0.05495	0.10453	0.16730	0.51246	0.01635	0.00778	0.00227	0.00357	0.01390	0.00632	0.00603
63	0.00941	0.00703	0.01046	0.01046	0.01160	0.00816	0.00808	0.01168	0.01054	0.01519	0.01774	0.02646	0.01672	0.07452	0.71776	0.01043	0.01724	0.00714	0.00354	0.00581
64	0.00933	0.00623	0.00759	0.00785	0.00821	0.00604	0.00492	0.00973	0.01144	0.01535	0.11047	0.19437	0.06068	0.41246	0.02323	0.08596	0.00525	0.01157	0.00481	0.00450
65	0.02449	0.01612	0.01794	0.01410	0.01906	0.01739	0.01153	0.44265	0.14811	0.18841	0.01993	0.01876	0.01386	0.00814	0.00661	0.00203	0.00653	0.00634	0.00694	0.01106
66	0.01594	0.01550	0.02415	0.12472	0.53718	0.04941	0.01836	0.01971	0.01480	0.02066	0.01212	0.01597	0.01006	0.00590	0.00633	0.00187	0.00783	0.00559	0.00329	0.09060
67	0.01011	0.00796	0.00930	0.00933	0.01072	0.03451	0.00695	0.01275	0.04264	0.01824	0.13090	0.09396	0.14186	0.13775	0.21616	0.00521	0.00838	0.06435	0.03309	0.00583
68	0.00839	0.00596	0.00788	0.00916	0.00960	0.00571	0.00620	0.00956	0.01230	0.01643	0.03357	0.61280	0.03976	0.10613	0.04622	0.00349	0.00488	0.05096	0.00575	0.00526
69	0.01259	0.01187	0.02004	0.72310	0.07380	0.01467	0.01836	0.01696	0.01324	0.01702	0.01173	0.01750	0.00884	0.00655	0.00658	0.00218	0.00874	0.00585	0.00294	0.00744
70	0.00833	0.00599	0.00796	0.00927	0.00983	0.00572	0.00641	0.00964	0.01262	0.01678	0.03556	0.61894	0.06605	0.05237	0.05388	0.00331	0.00489	0.06120	0.00587	0.00538
71	0.01578	0.04671	0.02671	0.23208	0.22640	0.09960	0.19442	0.01984	0.01491	0.01908	0.01275	0.03829	0.01052	0.00652	0.00676	0.00206	0.00925	0.00645	0.00327	0.00860
72	0.43484	0.01611	0.01661	0.02015	0.24512	0.10270	0.01221	0.04380	0.01400	0.02573	0.01055	0.01282	0.00850	0.00617	0.00517	0.00197	0.00686	0.00447	0.00381	0.00840
73	0.00900	0.00638	0.00815	0.00869	0.00941	0.00619	0.00601	0.01048	0.01314	0.01779	0.16990	0.29250	0.06438	0.22513	0.06580	0.00412	0.00549	0.06662	0.00558	0.00525
74	0.02185	0.28929	0.02441	0.01424	0.01899	0.24141	0.01203	0.22444	0.05359	0.02391	0.01226	0.01317	0.00982	0.00681	0.00556	0.00170	0.00848	0.00463	0.00429	0.00910
