[name]
unknown

[dist]
# distance from previous block
# <min> <max>
0	0

[block]
# block no. 0 follows, 30 sequences, length 22
# corresponding to MSA columns:
# 198-219
name=unknown_A
#
# <colnr> <probs for GDERKNQSTAVLIFYWHMCP>
#	G	D	E	R	K	N	Q	S	T	A	V	L	I	F	Y	W	H	M	C	P
0	0.01124	0.00803	0.01124	0.01285	0.01446	0.00803	0.01124	0.01446	0.01606	0.02088	0.03695	0.07871	0.04016	0.01928	0.00964	0.00321	0.00643	0.66426	0.00643	0.00643
1	0.06802	0.01492	0.02330	0.37253	0.32467	0.03931	0.01926	0.01985	0.01482	0.02080	0.01248	0.01736	0.00991	0.00663	0.00675	0.00219	0.00872	0.00599	0.00335	0.00914
2	0.16029	0.01348	0.05675	0.47529	0.05820	0.01476	0.01641	0.01789	0.01324	0.02022	0.01191	0.01723	0.00926	0.00839	0.00828	0.07355	0.00831	0.00568	0.00332	0.00754
3	0.00861	0.00612	0.00806	0.00958	0.00995	0.00574	0.00633	0.00975	0.01315	0.01753	0.03736	0.70326	0.04477	0.07069	0.01068	0.00310	0.00423	0.01919	0.00633	0.00557
4	0.01578	0.01765	0.03741	0.02815	0.07140	0.01653	0.58805	0.02119	0.01639	0.02206	0.01914	0.02307	0.07320	0.00696	0.00816	0.00234	0.01083	0.00871	0.00379	0.00919
5	0.07993	0.00677	0.00827	0.00958	0.01031	0.00661	0.00648	0.01070	0.01309	0.01884	0.03516	0.65285	0.04178	0.05281	0.00967	0.00295	0.00429	0.01797	0.00618	0.00577
6	0.00968	0.00657	0.00775	0.00821	0.00833	0.00645	0.00487	0.01002	0.01106	0.01475	0.02669	0.24666	0.03130	0.54567	0.02793	0.00564	0.00599	0.01291	0.00487	0.00464
7	0.59588	0.01462	0.01430	0.01537	0.12811	0.01642	0.01040	0.08922	0.01468	0.03122	0.01100	0.01286	0.00857	0.00663	0.00501	0.00214	0.00610	0.00443	0.00445	0.00857
8	0.14314	0.01514	0.02067	0.21526	0.24019	0.03354	0.01605	0.10594	0.03970	0.05337	0.04182	0.01845	0.01287	0.00729	0.00657	0.00217	0.00774	0.00614	0.00445	0.00950
9	0.12315	0.02004	0.01837	0.01485	0.01983	0.14892	0.01196	0.35634	0.06263	0.09589	0.01618	0.01634	0.01173	0.00785	0.00644	0.00202	0.00790	0.00569	0.00604	0.04782
10	0.01636	0.01530	0.02537	0.28191	0.44443	0.01648	0.02027	0.05627	0.01614	0.02223	0.01307	0.01770	0.01049	0.00660	0.00694	0.00216	0.00861	0.00622	0.00352	0.00996
11	0.01658	0.05614	0.05523	0.05369	0.04641	0.08157	0.01207	0.14599	0.01773	0.04942	0.04336	0.02410	0.04839	0.02556	0.28588	0.00560	0.01224	0.00702	0.00467	0.00835
12	0.01492	0.01599	0.12035	0.05405	0.05664	0.04171	0.03047	0.10691	0.06564	0.02148	0.01897	0.06210	0.01845	0.29557	0.01856	0.00400	0.03364	0.00831	0.00453	0.00772
13	0.07604	0.01614	0.01673	0.08445	0.02078	0.09719	0.01172	0.24575	0.02209	0.09189	0.08429	0.06154	0.02015	0.00973	0.00698	0.00214	0.00721	0.05094	0.00596	0.06829
14	0.01386	0.02961	0.01339	0.07746	0.05146	0.01078	0.00955	0.12611	0.01720	0.04313	0.06418	0.30269	0.04631	0.07001	0.03188	0.00298	0.00603	0.01228	0.06364	0.00746
15	0.07088	0.08502	0.08578	0.04023	0.02089	0.08163	0.05645	0.17105	0.09620	0.02724	0.06859	0.02139	0.04574	0.00894	0.00742	0.03364	0.00756	0.00661	0.00510	0.05965
16	0.07476	0.02180	0.09939	0.04192	0.02290	0.11396	0.03570	0.32930	0.09339	0.04548	0.01586	0.01676	0.01168	0.00803	0.00736	0.00216	0.03761	0.00598	0.00553	0.01042
17	0.05914	0.07896	0.07865	0.01952	0.12154	0.08109	0.07402	0.12638	0.03601	0.07062	0.01865	0.06162	0.03600	0.03995	0.03383	0.00267	0.02396	0.02326	0.00480	0.00932
18	0.08051	0.10455	0.15675	0.08702	0.05844	0.05060	0.01501	0.11613	0.07900	0.09448	0.03484	0.01892	0.01355	0.03721	0.00753	0.00226	0.00784	0.00598	0.00484	0.02455
19	0.04440	0.09929	0.07080	0.01508	0.02006	0.06688	0.05707	0.18056	0.10226	0.06574	0.01841	0.08696	0.01555	0.01004	0.02549	0.00231	0.02651	0.00721	0.00532	0.08007
20	0.01731	0.06380	0.07394	0.14586	0.16293	0.05187	0.04515	0.10399	0.03966	0.05611	0.01657	0.05827	0.01383	0.01222	0.07569	0.00300	0.00923	0.00695	0.03433	0.00928
21	0.03469	0.05891	0.19181	0.10269	0.04876	0.07929	0.01584	0.11951	0.04980	0.07548	0.03665	0.07986	0.01549	0.00864	0.00675	0.00212	0.00812	0.00699	0.00478	0.05383

[dist]
# distance from previous block
# <min> <max>
1	29

[block]
# block no. 1 follows, 30 sequences, length 45
# corresponding to MSA columns:
# 249-293
name=unknown_B
#
# <colnr> <probs for GDERKNQSTAVLIFYWHMCP>
#	G	D	E	R	K	N	Q	S	T	A	V	L	I	F	Y	W	H	M	C	P
0	0.04449	0.13008	0.06235	0.07905	0.10866	0.03457	0.03345	0.10357	0.09553	0.10708	0.11252	0.02256	0.01986	0.00832	0.00669	0.00208	0.00713	0.00689	0.00539	0.00974
1	0.03830	0.09124	0.08259	0.01608	0.03784	0.01666	0.08390	0.16416	0.12217	0.12935	0.07068	0.02105	0.01725	0.00802	0.00675	0.00205	0.00717	0.00674	0.00581	0.07220
2	0.05284	0.08085	0.12040	0.12482	0.06585	0.01364	0.01349	0.03574	0.06752	0.05031	0.06366	0.12156	0.08668	0.01223	0.03542	0.00258	0.00721	0.00887	0.00488	0.03145
3	0.01535	0.01615	0.10432	0.11852	0.13650	0.03496	0.05154	0.07886	0.04381	0.04009	0.06356	0.12576	0.03985	0.01055	0.00821	0.00234	0.04503	0.03019	0.02560	0.00881
4	0.01786	0.04310	0.10928	0.05361	0.06868	0.10273	0.02994	0.18765	0.04678	0.02636	0.05709	0.11826	0.03948	0.02486	0.00783	0.00234	0.00786	0.04196	0.00527	0.00908
5	0.01715	0.16805	0.05993	0.08056	0.02080	0.05782	0.04635	0.08051	0.06311	0.06904	0.01863	0.05007	0.03390	0.05146	0.10336	0.00345	0.00911	0.00690	0.02644	0.03336
6	0.01841	0.15901	0.10063	0.05243	0.04615	0.01810	0.10522	0.15260	0.05791	0.04580	0.01456	0.01651	0.01125	0.00799	0.02635	0.00213	0.00827	0.00571	0.00448	0.14648
7	0.09640	0.01922	0.08281	0.06976	0.11416	0.10492	0.06721	0.11681	0.11674	0.04531	0.01729	0.06732	0.01423	0.00830	0.00679	0.00217	0.00814	0.00697	0.00488	0.03056
8	0.05597	0.01210	0.01364	0.01308	0.04896	0.03971	0.00945	0.17427	0.01928	0.04605	0.10562	0.23585	0.05097	0.01533	0.04870	0.00276	0.00637	0.01098	0.02684	0.06406
9	0.28949	0.01504	0.01686	0.01417	0.01754	0.01785	0.02783	0.15655	0.05061	0.06839	0.01444	0.01857	0.01185	0.00933	0.01055	0.00246	0.20546	0.03917	0.00499	0.00886
10	0.00865	0.00613	0.00805	0.00953	0.00990	0.00577	0.00628	0.00976	0.01307	0.01743	0.03699	0.68715	0.04429	0.08745	0.01129	0.00319	0.00429	0.01897	0.00628	0.00554
11	0.00899	0.00648	0.00854	0.00991	0.01065	0.00609	0.00703	0.01060	0.01413	0.01872	0.07385	0.56138	0.08376	0.04018	0.00964	0.00293	0.00439	0.11047	0.00647	0.00580
12	0.05139	0.10681	0.08322	0.05378	0.08015	0.09738	0.01387	0.23520	0.06005	0.02863	0.01524	0.01697	0.01173	0.00791	0.00677	0.02195	0.00786	0.00568	0.08571	0.00969
13	0.00865	0.00613	0.00805	0.00953	0.00990	0.00577	0.00628	0.00976	0.01307	0.01743	0.03699	0.68715	0.04429	0.08745	0.01129	0.00319	0.00429	0.01897	0.00628	0.00554
14	0.01507	0.01276	0.01479	0.01062	0.01679	0.00992	0.00852	0.05116	0.01539	0.02380	0.01262	0.01458	0.01041	0.00533	0.00526	0.00109	0.00529	0.00424	0.00428	0.75806
15	0.01734	0.11363	0.11075	0.03688	0.08515	0.05161	0.03167	0.10767	0.06895	0.02432	0.01476	0.03488	0.01223	0.02473	0.00682	0.00187	0.00744	0.00569	0.00435	0.23926
16	0.01909	0.15457	0.02794	0.06823	0.43965	0.04647	0.01807	0.05527	0.01675	0.06981	0.01353	0.01645	0.01096	0.00652	0.00645	0.00197	0.00817	0.00575	0.00389	0.01048
17	0.01047	0.00737	0.00862	0.00824	0.01042	0.00644	0.00620	0.01285	0.01751	0.07018	0.30941	0.09800	0.37682	0.01599	0.00819	0.00231	0.00364	0.01369	0.00709	0.00655
18	0.00859	0.00614	0.00804	0.00952	0.00996	0.00574	0.00631	0.00975	0.01325	0.01760	0.03847	0.68965	0.06448	0.06379	0.01041	0.00305	0.00419	0.01913	0.00635	0.00559
19	0.01352	0.07356	0.11409	0.04283	0.05747	0.01235	0.04482	0.04565	0.03141	0.04127	0.02711	0.23451	0.08357	0.03679	0.00883	0.00248	0.03542	0.01087	0.07558	0.00786
20	0.01468	0.01397	0.04959	0.30682	0.06799	0.01433	0.13141	0.05730	0.04234	0.04163	0.01946	0.11819	0.01777	0.00991	0.00765	0.00244	0.00846	0.06321	0.00444	0.00841
21	0.00857	0.00710	0.00752	0.00748	0.00971	0.00605	0.00565	0.01060	0.01648	0.02026	0.16403	0.06524	0.59539	0.01721	0.00828	0.00236	0.00358	0.03184	0.00666	0.00601
22	0.01116	0.00686	0.00895	0.00977	0.01096	0.00623	0.00680	0.01261	0.01440	0.10012	0.04042	0.59584	0.10949	0.01988	0.00862	0.00271	0.00422	0.01781	0.00673	0.00642
23	0.08155	0.06606	0.25189	0.20587	0.06595	0.08059	0.08289	0.04731	0.01564	0.02190	0.01229	0.01565	0.00927	0.00670	0.00655	0.00216	0.00962	0.00556	0.00340	0.00916
24	0.01719	0.05865	0.02010	0.01620	0.01913	0.17875	0.10364	0.04245	0.06741	0.02023	0.01802	0.06160	0.01684	0.06325	0.04662	0.00305	0.11666	0.06014	0.06220	0.00787
25	0.00856	0.00611	0.00814	0.00968	0.01013	0.00570	0.00648	0.00985	0.01361	0.01821	0.06432	0.72322	0.04691	0.02157	0.00888	0.00281	0.00402	0.01956	0.00652	0.00570
26	0.01866	0.75896	0.03657	0.01194	0.01791	0.02761	0.01194	0.02090	0.01418	0.01642	0.00970	0.01119	0.00896	0.00597	0.00448	0.00149	0.00746	0.00373	0.00299	0.00896
27	0.01465	0.01315	0.01463	0.04336	0.09740	0.07956	0.01054	0.04690	0.17807	0.02356	0.15640	0.09804	0.06746	0.08904	0.03377	0.00301	0.00663	0.00983	0.00580	0.00819
28	0.02140	0.02355	0.11991	0.07337	0.05946	0.23937	0.08775	0.06229	0.01825	0.12035	0.01453	0.01628	0.01076	0.00695	0.00665	0.00195	0.00967	0.00563	0.00442	0.09746
29	0.07334	0.04612	0.04452	0.01439	0.01905	0.01854	0.01190	0.17798	0.45140	0.03181	0.02320	0.02196	0.01731	0.00877	0.00676	0.00225	0.00625	0.00698	0.00656	0.01088
30	0.00870	0.00625	0.00840	0.00976	0.01031	0.00595	0.00664	0.01015	0.01365	0.01840	0.08303	0.65101	0.04547	0.02350	0.05977	0.00338	0.00503	0.01847	0.00637	0.00577
31	0.00945	0.00715	0.00949	0.05980	0.01318	0.00710	0.00758	0.01216	0.05221	0.01953	0.10597	0.56148	0.07012	0.01921	0.00858	0.00269	0.00439	0.01730	0.00640	0.00621
32	0.02487	0.01624	0.01857	0.07144	0.04084	0.04461	0.01253	0.30221	0.10880	0.22442	0.02076	0.02021	0.01444	0.00836	0.00689	0.00213	0.00709	0.00662	0.03790	0.01106
33	0.00850	0.00607	0.00810	0.00972	0.01012	0.00567	0.00648	0.00972	0.01336	0.01781	0.03846	0.75020	0.04615	0.02186	0.00891	0.00283	0.00405	0.01984	0.00648	0.00567
34	0.10597	0.00770	0.00735	0.00716	0.00924	0.00796	0.00546	0.01713	0.04111	0.02626	0.02485	0.02721	0.06575	0.00866	0.00514	0.00177	0.00361	0.00682	0.61409	0.00676
35	0.01413	0.01355	0.04062	0.08154	0.02417	0.01308	0.21725	0.08272	0.01692	0.02305	0.07153	0.20740	0.02539	0.01197	0.00864	0.00245	0.03638	0.05577	0.00506	0.04839
36	0.01207	0.00824	0.01042	0.00965	0.01174	0.00794	0.00731	0.01697	0.09167	0.07486	0.55437	0.08308	0.05676	0.01376	0.00806	0.00224	0.00375	0.01210	0.00762	0.00738
37	0.02393	0.02728	0.02030	0.01773	0.02092	0.46438	0.01381	0.13600	0.02009	0.02152	0.01145	0.01383	0.00951	0.00842	0.00981	0.00210	0.16112	0.00512	0.00405	0.00863
38	0.02227	0.01756	0.02151	0.05655	0.15205	0.01944	0.01473	0.43151	0.05259	0.03514	0.01649	0.03375	0.01291	0.02922	0.00872	0.00231	0.04982	0.00672	0.00582	0.01089
39	0.01730	0.01442	0.05137	0.19803	0.19015	0.01433	0.05043	0.02231	0.06628	0.12859	0.01693	0.02108	0.01324	0.05103	0.04445	0.00289	0.03751	0.00669	0.00450	0.04845
40	0.00913	0.00638	0.00811	0.00924	0.00959	0.00611	0.00604	0.01008	0.01254	0.01669	0.03347	0.50657	0.03965	0.24057	0.01689	0.00403	0.00498	0.04886	0.00580	0.00528
41	0.00997	0.00748	0.01121	0.01121	0.01246	0.00872	0.00872	0.01246	0.01121	0.01620	0.01869	0.02741	0.01745	0.05234	0.72710	0.01121	0.01869	0.00748	0.00374	0.00623
42	0.01919	0.20698	0.16709	0.07602	0.09998	0.17438	0.08308	0.02328	0.01620	0.05414	0.01241	0.01482	0.00977	0.00660	0.00626	0.00195	0.00974	0.00525	0.00351	0.00936
43	0.10276	0.00801	0.00925	0.01048	0.05044	0.00767	0.00698	0.01209	0.01465	0.02080	0.10464	0.29659	0.26693	0.04598	0.00902	0.00264	0.00431	0.01438	0.00607	0.00630
44	0.00900	0.00730	0.00789	0.00772	0.00983	0.00644	0.00573	0.01157	0.03650	0.02109	0.22007	0.06129	0.50046	0.05275	0.00955	0.00253	0.00369	0.01380	0.00668	0.00613

[dist]
# distance from previous block
# <min> <max>
0	1

[block]
# block no. 2 follows, 30 sequences, length 27
# corresponding to MSA columns:
# 295-321
name=unknown_C
#
# <colnr> <probs for GDERKNQSTAVLIFYWHMCP>
#	G	D	E	R	K	N	Q	S	T	A	V	L	I	F	Y	W	H	M	C	P
0	0.02087	0.11078	0.08622	0.01765	0.04702	0.38455	0.01440	0.02416	0.04751	0.01830	0.01501	0.01698	0.05083	0.00836	0.00853	0.00204	0.10911	0.00551	0.00371	0.00845
1	0.01722	0.02283	0.15598	0.22850	0.15824	0.16787	0.08703	0.02186	0.01585	0.01981	0.01229	0.01627	0.00959	0.00686	0.00735	0.00217	0.03206	0.00585	0.00328	0.00908
2	0.00984	0.00671	0.00804	0.00833	0.00852	0.00676	0.00505	0.01029	0.01081	0.01454	0.02457	0.16772	0.02827	0.55888	0.09690	0.00650	0.00743	0.01160	0.00458	0.00467
3	0.00847	0.00622	0.00795	0.00934	0.01002	0.00570	0.00631	0.00976	0.01372	0.01796	0.04307	0.65255	0.14083	0.02126	0.00881	0.00277	0.00398	0.01911	0.00648	0.00570
4	0.01002	0.00729	0.01028	0.01028	0.01121	0.00822	0.00756	0.01186	0.01094	0.01551	0.01954	0.03213	0.01949	0.23386	0.54838	0.01007	0.01561	0.00817	0.00386	0.00571
5	0.01648	0.01886	0.09807	0.17701	0.24960	0.04074	0.19894	0.04281	0.04681	0.02234	0.01390	0.01793	0.01076	0.00657	0.00724	0.00222	0.00964	0.00667	0.00363	0.00978
6	0.02083	0.13185	0.02231	0.05134	0.04602	0.37543	0.01381	0.02290	0.01650	0.01753	0.03227	0.01590	0.02782	0.00851	0.00976	0.00208	0.16813	0.00536	0.00355	0.00811
7	0.00962	0.00712	0.00897	0.00851	0.01027	0.00647	0.00638	0.01267	0.01914	0.02654	0.60660	0.05451	0.16769	0.01481	0.00823	0.00222	0.00333	0.01295	0.00749	0.00647
8	0.01252	0.01054	0.01412	0.01663	0.15879	0.01054	0.01030	0.01874	0.14239	0.02559	0.33140	0.04255	0.15338	0.01227	0.00775	0.00223	0.00479	0.01076	0.00649	0.00822
9	0.00847	0.00621	0.00796	0.00936	0.01003	0.00570	0.00632	0.00976	0.01370	0.01795	0.04281	0.65812	0.13543	0.02130	0.00882	0.00277	0.00398	0.01915	0.00648	0.00570
10	0.01688	0.21397	0.19314	0.08821	0.10986	0.08132	0.01731	0.02284	0.08817	0.02035	0.01436	0.01841	0.01195	0.00759	0.00696	0.00208	0.03867	0.03483	0.00370	0.00941
11	0.02422	0.20131	0.02435	0.01534	0.02061	0.15145	0.01291	0.38385	0.04836	0.03189	0.01435	0.01496	0.01095	0.00761	0.00625	0.00190	0.00845	0.00539	0.00540	0.01044
12	0.01727	0.01658	0.02832	0.04283	0.71123	0.01658	0.02142	0.02142	0.01589	0.02280	0.01313	0.01727	0.01105	0.00622	0.00691	0.00207	0.00829	0.00622	0.00345	0.01105
13	0.01080	0.01210	0.10082	0.01329	0.05946	0.04027	0.01025	0.01330	0.01454	0.01917	0.06255	0.40725	0.11285	0.04706	0.00938	0.00275	0.00565	0.04609	0.00565	0.00677
14	0.02614	0.01790	0.02271	0.01712	0.02287	0.01880	0.10334	0.46611	0.02801	0.17684	0.01858	0.01845	0.01279	0.00809	0.00716	0.00214	0.00788	0.00669	0.00685	0.01154
15	0.00850	0.00607	0.00810	0.00972	0.01012	0.00567	0.00648	0.00972	0.01336	0.01781	0.03846	0.75020	0.04615	0.02186	0.00891	0.00283	0.00405	0.01984	0.00648	0.00567
16	0.00850	0.00607	0.00810	0.00972	0.01012	0.00567	0.00648	0.00972	0.01336	0.01781	0.03846	0.75020	0.04615	0.02186	0.00891	0.00283	0.00405	0.01984	0.00648	0.00567
17	0.01715	0.01692	0.03025	0.04082	0.61016	0.01674	0.12094	0.02156	0.01598	0.02273	0.01327	0.01750	0.01098	0.00617	0.00711	0.00211	0.00881	0.00652	0.00347	0.01081
18	0.01015	0.00677	0.00761	0.00761	0.00761	0.00677	0.00423	0.01015	0.01015	0.01353	0.02199	0.04567	0.02537	0.75476	0.03552	0.00677	0.00677	0.01015	0.00423	0.00423
19	0.02583	0.07277	0.02038	0.01690	0.02092	0.56021	0.01302	0.06496	0.04263	0.08013	0.01310	0.01416	0.01028	0.00739	0.00631	0.00185	0.01119	0.00488	0.00430	0.00878
20	0.02894	0.01254	0.01626	0.01270	0.01784	0.01158	0.01041	0.08516	0.07547	0.57980	0.05435	0.02453	0.01914	0.00891	0.00707	0.00217	0.00593	0.00726	0.00834	0.01159
21	0.00997	0.00758	0.00936	0.01034	0.01155	0.00751	0.00743	0.01397	0.10642	0.02003	0.05986	0.50665	0.10417	0.01934	0.00865	0.00274	0.00440	0.07693	0.00659	0.00651
22	0.00834	0.00694	0.00729	0.00749	0.00956	0.00589	0.00551	0.01009	0.01570	0.01904	0.08948	0.15870	0.59577	0.01811	0.00834	0.00241	0.00360	0.01534	0.00652	0.00589
23	0.01647	0.01613	0.05284	0.01825	0.01968	0.01995	0.04737	0.01983	0.05915	0.06425	0.01209	0.01672	0.01059	0.01123	0.01933	0.00288	0.57482	0.00635	0.00372	0.00835
24	0.05597	0.01669	0.01783	0.01404	0.01889	0.01826	0.01149	0.49593	0.05280	0.07977	0.01845	0.01870	0.01328	0.00832	0.00656	0.00204	0.00673	0.00632	0.12709	0.01084
25	0.01679	0.03125	0.49348	0.02162	0.08540	0.05890	0.05475	0.11216	0.01765	0.02482	0.01312	0.01529	0.00952	0.00683	0.00676	0.00217	0.00999	0.00551	0.00360	0.01041
26	0.01389	0.00972	0.01148	0.01127	0.03823	0.01013	0.00741	0.11722	0.05653	0.04511	0.02350	0.13233	0.02466	0.40943	0.05473	0.00511	0.00703	0.01034	0.00523	0.00663

[dist]
# distance from previous block
# <min> <max>
0	25

[block]
# block no. 3 follows, 30 sequences, length 31
# corresponding to MSA columns:
# 347-377
name=unknown_D
#
# <colnr> <probs for GDERKNQSTAVLIFYWHMCP>
#	G	D	E	R	K	N	Q	S	T	A	V	L	I	F	Y	W	H	M	C	P
0	0.01822	0.09289	0.03618	0.04704	0.03217	0.07551	0.48541	0.02362	0.03760	0.06031	0.01455	0.01805	0.01096	0.00630	0.00756	0.00221	0.01081	0.00734	0.00386	0.00940
1	0.02202	0.15888	0.02159	0.01687	0.05761	0.44643	0.01247	0.02327	0.01685	0.01649	0.01093	0.01397	0.00960	0.00962	0.00933	0.12798	0.01038	0.00470	0.00339	0.00761
2	0.01498	0.00921	0.01212	0.01111	0.01312	0.00941	0.00857	0.01706	0.01604	0.17834	0.16274	0.23059	0.14026	0.01524	0.01047	0.00252	0.12139	0.01259	0.00665	0.00760
3	0.01714	0.01290	0.02018	0.56441	0.04112	0.01517	0.01744	0.07461	0.01643	0.13078	0.01516	0.01927	0.01078	0.00735	0.00698	0.00228	0.00864	0.00634	0.00429	0.00874
4	0.01137	0.12625	0.01288	0.00907	0.01026	0.01037	0.00639	0.01225	0.01116	0.01471	0.02037	0.07641	0.02250	0.46812	0.15382	0.00651	0.00887	0.00919	0.00407	0.00542
5	0.01112	0.00732	0.00930	0.01008	0.01112	0.00710	0.00692	0.01387	0.07083	0.07080	0.03516	0.56502	0.03984	0.09272	0.01126	0.00314	0.00458	0.01691	0.00647	0.00644
6	0.01019	0.00752	0.00957	0.00899	0.01077	0.00709	0.00676	0.01424	0.05327	0.02771	0.65073	0.05138	0.08699	0.01415	0.00818	0.00221	0.00341	0.01246	0.00761	0.00678
7	0.01589	0.01450	0.02377	0.33796	0.20371	0.01597	0.08671	0.10643	0.01711	0.02295	0.01551	0.07922	0.01328	0.00810	0.00725	0.00228	0.00865	0.00757	0.00402	0.00910
8	0.02248	0.01624	0.01823	0.08626	0.02196	0.01804	0.01240	0.41483	0.12472	0.06945	0.01925	0.01973	0.01396	0.00838	0.00675	0.00210	0.00691	0.00657	0.10103	0.01070
9	0.00865	0.00708	0.00763	0.00749	0.00967	0.00606	0.00562	0.01079	0.01686	0.02110	0.22785	0.06345	0.54983	0.01683	0.00824	0.00232	0.00347	0.01421	0.00678	0.00606
10	0.01431	0.03402	0.63944	0.02139	0.05082	0.01634	0.08297	0.02210	0.01492	0.02214	0.01268	0.01516	0.00906	0.00655	0.00678	0.00222	0.01038	0.00546	0.00301	0.01026
11	0.01015	0.00677	0.00761	0.00761	0.00761	0.00677	0.00423	0.01015	0.01015	0.01353	0.02199	0.04567	0.02537	0.75476	0.03552	0.00677	0.00677	0.01015	0.00423	0.00423
12	0.01332	0.01071	0.01482	0.07320	0.14766	0.02442	0.01144	0.04836	0.01830	0.04612	0.29556	0.04467	0.11299	0.01260	0.00793	0.00232	0.00562	0.09595	0.00614	0.00787
13	0.02402	0.23453	0.02449	0.01623	0.02056	0.50570	0.01305	0.05086	0.01871	0.01791	0.01071	0.01236	0.00909	0.00690	0.00581	0.00172	0.01097	0.00435	0.00355	0.00847
14	0.01447	0.01240	0.01447	0.01034	0.01654	0.00930	0.00827	0.01757	0.01447	0.02274	0.01240	0.01447	0.01034	0.00517	0.00517	0.00103	0.00517	0.00413	0.00413	0.79742
15	0.01484	0.01984	0.14753	0.02461	0.03140	0.01563	0.47477	0.02044	0.01597	0.02173	0.02071	0.06079	0.08121	0.00800	0.00801	0.00235	0.01031	0.00897	0.00388	0.00902
16	0.01712	0.01111	0.01219	0.01052	0.01344	0.01202	0.00836	0.24462	0.02028	0.03055	0.02006	0.02309	0.01576	0.01537	0.12242	0.00334	0.00726	0.00659	0.39764	0.00829
17	0.01876	0.02200	0.03260	0.02475	0.02982	0.20130	0.40883	0.02292	0.01643	0.02013	0.01249	0.01666	0.00996	0.00720	0.01000	0.00232	0.12462	0.00694	0.00347	0.00880
18	0.01866	0.75896	0.03657	0.01194	0.01791	0.02761	0.01194	0.02090	0.01418	0.01642	0.00970	0.01119	0.00896	0.00597	0.00448	0.00149	0.00746	0.00373	0.00299	0.00896
19	0.02676	0.01918	0.02071	0.01588	0.02146	0.02109	0.01312	0.65646	0.03219	0.07635	0.01727	0.01709	0.01213	0.00839	0.00698	0.00210	0.00760	0.00632	0.00706	0.01187
20	0.00916	0.00705	0.00935	0.01041	0.01089	0.00724	0.00728	0.01044	0.01325	0.01778	0.03757	0.63433	0.08395	0.02064	0.01026	0.00283	0.07740	0.01815	0.00614	0.00588
21	0.00983	0.00727	0.00913	0.00946	0.01073	0.00658	0.00640	0.01115	0.01282	0.01769	0.03032	0.46696	0.03528	0.16511	0.04070	0.00364	0.00532	0.01496	0.00556	0.13108
22	0.01874	0.01705	0.02715	0.03858	0.60176	0.01738	0.02012	0.12722	0.01858	0.02616	0.01370	0.01719	0.01118	0.00656	0.00692	0.00208	0.00819	0.00623	0.00401	0.01118
23	0.01262	0.00932	0.01240	0.01162	0.01344	0.01058	0.00900	0.11946	0.01454	0.02034	0.01871	0.02754	0.01735	0.11521	0.54402	0.00932	0.01576	0.00755	0.00430	0.00693
24	0.12558	0.01611	0.01846	0.01684	0.08747	0.01766	0.01243	0.38992	0.02422	0.07349	0.01638	0.01818	0.01241	0.01490	0.12093	0.00355	0.00909	0.00618	0.00586	0.01032
25	0.14220	0.01791	0.09378	0.03441	0.51459	0.01623	0.01936	0.02167	0.01524	0.04224	0.01290	0.01625	0.01044	0.00636	0.00647	0.00210	0.00797	0.00575	0.00368	0.01045
26	0.01432	0.01030	0.01222	0.01096	0.01281	0.01124	0.00802	0.18590	0.01635	0.02226	0.01957	0.03228	0.01931	0.33416	0.25253	0.00700	0.01087	0.00828	0.00478	0.00685
27	0.01320	0.01167	0.01337	0.01246	0.01349	0.08257	0.00960	0.01509	0.01216	0.01713	0.01663	0.02579	0.01594	0.14476	0.29572	0.00654	0.18626	0.00717	0.09399	0.00646
28	0.07034	0.02342	0.02079	0.08332	0.08123	0.35407	0.06672	0.08182	0.01912	0.02237	0.08110	0.01829	0.01514	0.00786	0.00706	0.00203	0.02646	0.00604	0.00427	0.00855
29	0.06170	0.01704	0.02511	0.09953	0.28279	0.05877	0.12283	0.05210	0.13958	0.02441	0.01577	0.01851	0.01235	0.00696	0.00693	0.00215	0.00841	0.00654	0.00431	0.03422
30	0.17909	0.19715	0.04932	0.01573	0.05277	0.17339	0.05047	0.07075	0.01723	0.09228	0.03330	0.01523	0.01158	0.00705	0.00579	0.00193	0.00830	0.00511	0.00442	0.00909

[dist]
# distance from previous block
# <min> <max>
0	3

[block]
# block no. 4 follows, 30 sequences, length 13
# corresponding to MSA columns:
# 381-393
name=unknown_E
#
# <colnr> <probs for GDERKNQSTAVLIFYWHMCP>
#	G	D	E	R	K	N	Q	S	T	A	V	L	I	F	Y	W	H	M	C	P
0	0.12387	0.13185	0.02215	0.01587	0.05539	0.03216	0.08732	0.08729	0.08171	0.12754	0.03491	0.01978	0.03990	0.00790	0.00705	0.00204	0.04105	0.00629	0.00521	0.07073
1	0.02034	0.10153	0.07429	0.01607	0.02085	0.04160	0.04928	0.30048	0.08614	0.03103	0.08074	0.01999	0.01680	0.00894	0.00882	0.00219	0.09859	0.00669	0.00554	0.01008
2	0.01277	0.01265	0.07829	0.01193	0.01500	0.01140	0.00994	0.02195	0.27224	0.02396	0.13649	0.15533	0.09967	0.06880	0.00986	0.00276	0.00532	0.03705	0.00639	0.00821
3	0.00830	0.00687	0.00727	0.00759	0.00956	0.00585	0.00554	0.00996	0.01540	0.01865	0.06429	0.20279	0.57690	0.01850	0.00838	0.00245	0.00364	0.01574	0.00648	0.00585
4	0.41869	0.01417	0.01291	0.01116	0.01532	0.08049	0.00901	0.02394	0.01478	0.21724	0.01585	0.01688	0.01160	0.01282	0.09481	0.00325	0.00787	0.00520	0.00537	0.00864
5	0.75781	0.01386	0.01089	0.00959	0.01398	0.01601	0.00790	0.06020	0.01312	0.03206	0.01014	0.01166	0.00781	0.00659	0.00448	0.00216	0.00553	0.00393	0.00448	0.00781
6	0.02565	0.01748	0.01924	0.01513	0.02039	0.01902	0.01238	0.46448	0.15087	0.15028	0.02060	0.01956	0.01445	0.00862	0.00701	0.00215	0.00701	0.00669	0.00727	0.01172
7	0.01190	0.00878	0.01180	0.01135	0.01294	0.00986	0.00867	0.09570	0.01400	0.01955	0.02062	0.09603	0.02018	0.10738	0.50762	0.00889	0.01487	0.00874	0.00444	0.00670
8	0.07589	0.01452	0.01639	0.11014	0.08084	0.07327	0.01194	0.17981	0.01981	0.02755	0.13652	0.06262	0.04292	0.03864	0.00867	0.00236	0.03501	0.00811	0.04648	0.00849
9	0.00972	0.00687	0.00907	0.00963	0.01022	0.00713	0.00667	0.01102	0.01176	0.01601	0.02657	0.23599	0.02975	0.29349	0.23216	0.00676	0.00954	0.05742	0.00485	0.00537
10	0.09951	0.18798	0.11204	0.01407	0.01966	0.05220	0.01306	0.16783	0.12127	0.09148	0.01657	0.01765	0.01268	0.03632	0.00719	0.00219	0.00745	0.00568	0.00519	0.00998
11	0.14214	0.01983	0.06261	0.01717	0.08488	0.12875	0.01311	0.21402	0.08947	0.07402	0.01640	0.03816	0.01271	0.00794	0.00641	0.00206	0.00776	0.00604	0.00540	0.05109
12	0.01863	0.14796	0.05845	0.06001	0.02097	0.06738	0.03811	0.15722	0.05263	0.05104	0.01523	0.01844	0.01243	0.05167	0.07107	0.00290	0.00873	0.00579	0.00462	0.13672

[dist]
# distance from previous block
# <min> <max>
0	70

[block]
# block no. 5 follows, 30 sequences, length 100
# corresponding to MSA columns:
# 470-569
name=unknown_F
#
# <colnr> <probs for GDERKNQSTAVLIFYWHMCP>
#	G	D	E	R	K	N	Q	S	T	A	V	L	I	F	Y	W	H	M	C	P
0	0.02162	0.27000	0.04921	0.01642	0.07989	0.11971	0.01312	0.15431	0.01927	0.09832	0.01454	0.01597	0.01142	0.00982	0.04938	0.00239	0.00877	0.00528	0.03085	0.00971
1	0.01712	0.08672	0.08469	0.05449	0.41920	0.04583	0.01803	0.04517	0.01618	0.02294	0.01404	0.01747	0.01146	0.00663	0.00637	0.00197	0.00791	0.00586	0.10794	0.00999
2	0.03945	0.00754	0.00994	0.01165	0.05411	0.00726	0.00760	0.01229	0.01372	0.04466	0.05646	0.42527	0.07205	0.11381	0.01255	0.02804	0.00498	0.06655	0.00593	0.00614
3	0.01399	0.03026	0.55729	0.01824	0.02680	0.01502	0.02232	0.04535	0.03458	0.02282	0.01829	0.02524	0.03747	0.00880	0.00710	0.00235	0.00935	0.09121	0.00378	0.00973
4	0.05121	0.01625	0.01778	0.04409	0.01996	0.06657	0.01180	0.30167	0.02371	0.23539	0.01929	0.01944	0.01355	0.01049	0.04215	0.00255	0.03311	0.00635	0.05412	0.01054
5	0.01734	0.02024	0.11920	0.03256	0.39484	0.06989	0.12036	0.03510	0.03909	0.02299	0.01409	0.01755	0.01124	0.00654	0.00693	0.00210	0.00904	0.00632	0.04431	0.01026
6	0.01000	0.00736	0.01061	0.01061	0.01165	0.00840	0.00797	0.01207	0.01104	0.01575	0.01924	0.03046	0.01877	0.16968	0.61157	0.01047	0.01670	0.00792	0.00382	0.00590
7	0.01525	0.01509	0.10448	0.01230	0.01595	0.03829	0.01071	0.18062	0.04516	0.02775	0.23387	0.06101	0.07485	0.12003	0.01161	0.00286	0.00625	0.00965	0.00610	0.00816
8	0.07078	0.09271	0.02779	0.04480	0.02477	0.04570	0.22098	0.07861	0.01532	0.02188	0.01197	0.01627	0.01001	0.00999	0.03832	0.00276	0.24863	0.00637	0.00367	0.00865
9	0.01077	0.00865	0.01274	0.01229	0.01334	0.01063	0.00971	0.01311	0.01114	0.01629	0.01726	0.02558	0.01620	0.04629	0.62105	0.00999	0.12762	0.00727	0.00364	0.00644
10	0.01736	0.01499	0.01578	0.01420	0.01815	0.01736	0.01105	0.03708	0.69862	0.02919	0.02840	0.02604	0.02130	0.00947	0.00710	0.00237	0.00552	0.00789	0.00710	0.01105
11	0.00997	0.00748	0.01121	0.01121	0.01246	0.00872	0.00872	0.01246	0.01121	0.01620	0.01869	0.02741	0.01745	0.05234	0.72710	0.01121	0.01869	0.00748	0.00374	0.00623
12	0.00829	0.00691	0.00724	0.00750	0.00954	0.00586	0.00549	0.00997	0.01550	0.01868	0.06549	0.17732	0.60159	0.01835	0.00835	0.00243	0.00362	0.01555	0.00648	0.00586
13	0.01429	0.08221	0.67509	0.01938	0.02942	0.01693	0.02490	0.02202	0.01470	0.02174	0.01234	0.01451	0.00885	0.00659	0.00649	0.00216	0.01013	0.00507	0.00295	0.01023
14	0.00850	0.00607	0.00810	0.00972	0.01012	0.00567	0.00648	0.00972	0.01336	0.01781	0.03846	0.75020	0.04615	0.02186	0.00891	0.00283	0.00405	0.01984	0.00648	0.00567
15	0.01102	0.00788	0.01098	0.01251	0.01404	0.00783	0.01078	0.01412	0.01603	0.02095	0.06146	0.11952	0.04147	0.01926	0.00954	0.00315	0.00616	0.60044	0.00647	0.00638
16	0.00867	0.00628	0.00819	0.00942	0.01012	0.00580	0.00641	0.01019	0.01437	0.01923	0.12903	0.61326	0.09205	0.02058	0.00877	0.00272	0.00391	0.01855	0.00664	0.00580
17	0.02122	0.58650	0.03208	0.01245	0.01816	0.07533	0.01178	0.02351	0.01551	0.12887	0.01264	0.01331	0.01029	0.00649	0.00502	0.00162	0.00759	0.00431	0.00394	0.00936
18	0.01130	0.00770	0.00828	0.00778	0.01053	0.00647	0.00596	0.01319	0.01644	0.11103	0.06499	0.06142	0.61702	0.01648	0.00808	0.00233	0.00385	0.01371	0.00677	0.00668
19	0.00835	0.00687	0.00735	0.00765	0.00960	0.00587	0.00558	0.01006	0.01553	0.01895	0.08551	0.20161	0.55618	0.01839	0.00838	0.00245	0.00363	0.01567	0.00652	0.00587
20	0.01866	0.75896	0.03657	0.01194	0.01791	0.02761	0.01194	0.02090	0.01418	0.01642	0.00970	0.01119	0.00896	0.00597	0.00448	0.00149	0.00746	0.00373	0.00299	0.00896
21	0.01199	0.00998	0.01294	0.10739	0.01728	0.04709	0.00994	0.03771	0.01258	0.01700	0.01769	0.02796	0.01689	0.16440	0.42792	0.00822	0.03523	0.00754	0.00383	0.00642
22	0.00926	0.00615	0.00783	0.00918	0.00979	0.00581	0.00621	0.01081	0.01357	0.01919	0.03584	0.62904	0.04142	0.01956	0.00823	0.00263	0.00392	0.01761	0.13816	0.00581
23	0.01530	0.01289	0.01491	0.01073	0.01689	0.01015	0.00861	0.06343	0.01572	0.02419	0.01270	0.01463	0.01044	0.00539	0.00529	0.00111	0.00534	0.00428	0.00433	0.74367
24	0.02547	0.03212	0.02036	0.01968	0.06875	0.67816	0.01403	0.02742	0.01951	0.01747	0.01095	0.01290	0.00913	0.00712	0.00633	0.00182	0.01229	0.00461	0.00359	0.00829
25	0.00865	0.00619	0.00823	0.00962	0.01015	0.00577	0.00649	0.01008	0.01404	0.01890	0.10971	0.67587	0.04825	0.02105	0.00883	0.00277	0.00397	0.01907	0.00661	0.00577
26	0.01893	0.01600	0.02020	0.05891	0.02264	0.01767	0.10095	0.20268	0.34884	0.03101	0.02394	0.02375	0.04233	0.00883	0.00719	0.00227	0.00700	0.00763	0.02871	0.01053
27	0.01503	0.01497	0.02287	0.16768	0.06467	0.01968	0.05690	0.01760	0.01200	0.01768	0.01035	0.01628	0.00938	0.01042	0.01785	0.00281	0.50651	0.00626	0.00311	0.00796
28	0.00912	0.00706	0.00831	0.00809	0.00999	0.00625	0.00603	0.01168	0.01785	0.02367	0.40824	0.08748	0.33902	0.01603	0.00827	0.00229	0.00343	0.01382	0.00712	0.00625
29	0.01151	0.00956	0.01076	0.03102	0.03700	0.00939	0.00784	0.05949	0.11982	0.02357	0.15645	0.05226	0.41584	0.01461	0.00791	0.00230	0.00439	0.01229	0.00659	0.00739
30	0.00874	0.00628	0.00835	0.00992	0.01050	0.00589	0.00688	0.01016	0.01369	0.01813	0.03933	0.66763	0.06630	0.02150	0.00895	0.00285	0.00425	0.07845	0.00647	0.00574
31	0.02550	0.08959	0.02217	0.01576	0.02119	0.07302	0.01309	0.55933	0.04907	0.03904	0.01599	0.01620	0.01166	0.00810	0.00670	0.00202	0.00795	0.00596	0.00637	0.01130
32	0.06439	0.30768	0.19384	0.01765	0.05623	0.16421	0.06444	0.02270	0.01556	0.01950	0.01108	0.01317	0.00907	0.00641	0.00574	0.00185	0.00941	0.00467	0.00324	0.00916
33	0.00927	0.00702	0.00854	0.00834	0.01010	0.00630	0.00619	0.01192	0.01805	0.02437	0.45878	0.11604	0.25774	0.01594	0.00829	0.00230	0.00343	0.01387	0.00722	0.00630
34	0.01746	0.04973	0.31114	0.10962	0.03169	0.01631	0.19698	0.04742	0.01643	0.11399	0.01497	0.01744	0.01059	0.00678	0.00709	0.00223	0.00980	0.00634	0.00402	0.00997
35	0.01588	0.01338	0.01956	0.01507	0.04453	0.01113	0.13009	0.03246	0.01575	0.06842	0.04010	0.04491	0.01425	0.00658	0.00619	0.00151	0.00645	0.00607	0.00457	0.50310
36	0.27752	0.02430	0.01692	0.01477	0.01898	0.36483	0.01153	0.14921	0.01967	0.02672	0.01156	0.01296	0.00907	0.00718	0.00578	0.00197	0.00934	0.00460	0.00446	0.00863
37	0.01015	0.00677	0.00761	0.00761	0.00761	0.00677	0.00423	0.01015	0.01015	0.01353	0.02199	0.04567	0.02537	0.75476	0.03552	0.00677	0.00677	0.01015	0.00423	0.00423
38	0.01650	0.01556	0.02574	0.08412	0.57572	0.01588	0.01961	0.02162	0.05958	0.02324	0.06156	0.02030	0.01534	0.00703	0.00702	0.00212	0.00784	0.00676	0.00395	0.01053
39	0.00868	0.00709	0.00766	0.00752	0.00969	0.00607	0.00564	0.01085	0.01692	0.02126	0.23863	0.06319	0.53896	0.01677	0.00824	0.00231	0.00347	0.01417	0.00680	0.00607
40	0.01447	0.01240	0.01447	0.01034	0.01654	0.00930	0.00827	0.01757	0.01447	0.02274	0.01240	0.01447	0.01034	0.00517	0.00517	0.00103	0.00517	0.00413	0.00413	0.79742
41	0.00853	0.00623	0.00794	0.00929	0.00994	0.00574	0.00624	0.00977	0.01359	0.01780	0.04215	0.63562	0.13299	0.04657	0.00974	0.00291	0.00407	0.01883	0.00640	0.00565
42	0.01212	0.00699	0.01080	0.10560	0.01446	0.00748	0.00800	0.01047	0.00987	0.01314	0.01259	0.02127	0.01210	0.02380	0.07034	0.64055	0.00731	0.00617	0.00309	0.00386
43	0.00999	0.00738	0.01074	0.01074	0.01182	0.00846	0.00813	0.01216	0.01107	0.01585	0.01913	0.02983	0.01849	0.14520	0.63567	0.01063	0.01711	0.00783	0.00380	0.00597
44	0.02653	0.01955	0.02094	0.01606	0.02164	0.02164	0.01326	0.68796	0.03281	0.04398	0.01675	0.01675	0.01187	0.00838	0.00698	0.00209	0.00768	0.00628	0.00698	0.01187
45	0.01342	0.00827	0.01052	0.00940	0.01181	0.00761	0.00723	0.04110	0.01987	0.12684	0.51761	0.04827	0.12345	0.01359	0.00801	0.00220	0.00386	0.01179	0.00767	0.00747
46	0.00942	0.00653	0.00816	0.00910	0.00944	0.00633	0.00594	0.01030	0.01225	0.01628	0.03145	0.39893	0.03696	0.32783	0.02009	0.00451	0.00539	0.07043	0.00553	0.00513
47	0.02607	0.03326	0.01978	0.01798	0.02157	0.72674	0.01348	0.02787	0.01978	0.01708	0.01079	0.01258	0.00899	0.00719	0.00629	0.00180	0.01258	0.00449	0.00360	0.00809
48	0.01866	0.75896	0.03657	0.01194	0.01791	0.02761	0.01194	0.02090	0.01418	0.01642	0.00970	0.01119	0.00896	0.00597	0.00448	0.00149	0.00746	0.00373	0.00299	0.00896
49	0.70729	0.01460	0.01180	0.03536	0.04181	0.05232	0.00879	0.02084	0.01251	0.02980	0.00999	0.01187	0.00782	0.00652	0.00461	0.00214	0.00601	0.00399	0.00421	0.00773
50	0.02561	0.01909	0.02043	0.01587	0.02129	0.02121	0.01304	0.62298	0.09928	0.04250	0.01792	0.01768	0.01281	0.00849	0.00699	0.00212	0.00746	0.00644	0.00699	0.01179
51	0.01674	0.01513	0.02239	0.38961	0.23840	0.06208	0.01844	0.02188	0.05900	0.06774	0.01457	0.01864	0.01111	0.00704	0.00692	0.00221	0.00875	0.00626	0.00387	0.00924
52	0.02024	0.54903	0.10261	0.01313	0.01934	0.06018	0.01321	0.02311	0.01529	0.10953	0.01240	0.01329	0.01004	0.00645	0.00513	0.00167	0.00782	0.00435	0.00376	0.00944
53	0.01014	0.00681	0.00785	0.00785	0.00793	0.00689	0.00452	0.01030	0.01022	0.01371	0.02177	0.04447	0.02485	0.70884	0.08073	0.00706	0.00754	0.00997	0.00420	0.00436
54	0.01359	0.00984	0.01055	0.00992	0.01127	0.05535	0.00689	0.05672	0.01359	0.06476	0.02381	0.03943	0.05729	0.42475	0.14319	0.00621	0.00896	0.03310	0.00478	0.00599
55	0.01706	0.01666	0.02702	0.13416	0.59677	0.04365	0.02084	0.02119	0.01578	0.02192	0.01294	0.01727	0.01074	0.00636	0.00689	0.00210	0.00859	0.00615	0.00341	0.01050
56	0.01558	0.01465	0.02469	0.12874	0.53240	0.01500	0.01918	0.01940	0.01530	0.02149	0.01638	0.11434	0.01547	0.00838	0.00718	0.00221	0.00786	0.00802	0.00381	0.00991
57	0.00848	0.00701	0.00744	0.00747	0.00960	0.00597	0.00555	0.01041	0.01625	0.01999	0.15278	0.10982	0.58015	0.01750	0.00829	0.00237	0.00354	0.01478	0.00664	0.00597
58	0.01030	0.01172	0.10221	0.00962	0.01315	0.00834	0.00876	0.05606	0.01677	0.02095	0.05731	0.08083	0.52668	0.01580	0.00802	0.00236	0.00481	0.03338	0.00604	0.00688
59	0.02063	0.02207	0.02516	0.03331	0.45023	0.24282	0.01840	0.06366	0.01815	0.02226	0.01260	0.01575	0.01045	0.00666	0.00672	0.00199	0.00962	0.00567	0.00371	0.01016
60	0.58634	0.01640	0.05787	0.01073	0.01563	0.07122	0.00931	0.02081	0.01303	0.02845	0.01034	0.01207	0.00812	0.00637	0.00474	0.00199	0.00626	0.00397	0.00415	0.11221
61	0.01572	0.01824	0.07075	0.07287	0.08062	0.01633	0.49138	0.02116	0.01603	0.02196	0.01609	0.02021	0.03936	0.00646	0.00778	0.00224	0.01052	0.00781	0.00363	0.06083
62	0.07298	0.01744	0.03543	0.12251	0.08045	0.01715	0.50532	0.02156	0.01577	0.02243	0.01351	0.01815	0.01023	0.00609	0.00770	0.00232	0.01075	0.00751	0.00352	0.00917
63	0.02653	0.01955	0.02094	0.01606	0.02164	0.02164	0.01326	0.68796	0.03281	0.04398	0.01675	0.01675	0.01187	0.00838	0.00698	0.00209	0.00768	0.00628	0.00698	0.01187
64	0.00980	0.00730	0.00939	0.01058	0.01209	0.00690	0.00854	0.01215	0.01536	0.01961	0.04610	0.23933	0.21552	0.01949	0.00910	0.00290	0.00509	0.33820	0.00645	0.00610
65	0.02152	0.02372	0.01769	0.01601	0.01978	0.35653	0.01221	0.03267	0.37404	0.02340	0.01998	0.01960	0.01541	0.00838	0.00671	0.00209	0.00890	0.00627	0.00542	0.00963
66	0.01805	0.01699	0.01759	0.25476	0.02764	0.17678	0.01354	0.10760	0.01843	0.05130	0.06672	0.04800	0.03774	0.01004	0.02979	0.00236	0.00875	0.00700	0.02708	0.05986
67	0.04228	0.13462	0.27688	0.01858	0.06516	0.20412	0.01786	0.04642	0.01684	0.07341	0.01279	0.01448	0.00974	0.00704	0.00673	0.00201	0.03267	0.00501	0.00376	0.00959
68	0.01866	0.75896	0.03657	0.01194	0.01791	0.02761	0.01194	0.02090	0.01418	0.01642	0.00970	0.01119	0.00896	0.00597	0.00448	0.00149	0.00746	0.00373	0.00299	0.00896
69	0.00861	0.00615	0.00822	0.00984	0.01029	0.00576	0.00666	0.00990	0.01346	0.01793	0.03840	0.72447	0.04592	0.02176	0.00893	0.00285	0.00414	0.04453	0.00648	0.00570
70	0.01398	0.01305	0.02209	0.57244	0.08817	0.01542	0.06233	0.04061	0.01502	0.01954	0.01436	0.02252	0.01167	0.00773	0.00723	0.00236	0.00915	0.05069	0.00351	0.00813
71	0.01980	0.11536	0.01948	0.01427	0.01868	0.07620	0.01155	0.15622	0.40228	0.02920	0.02210	0.02124	0.01677	0.00857	0.00658	0.00213	0.00667	0.00671	0.03569	0.01052
72	0.01014	0.00679	0.00776	0.00776	0.00781	0.00685	0.00441	0.01024	0.01019	0.01364	0.02185	0.04491	0.02504	0.72564	0.06419	0.00695	0.00726	0.01004	0.00421	0.00431
73	0.01523	0.02721	0.39585	0.05272	0.19163	0.01656	0.15728	0.02184	0.01533	0.02216	0.01298	0.01629	0.00973	0.00640	0.00703	0.00221	0.01010	0.00606	0.00319	0.01021
74	0.00904	0.00672	0.00804	0.00852	0.00967	0.00615	0.00591	0.01065	0.01480	0.01936	0.16942	0.28835	0.23326	0.14411	0.01315	0.00326	0.00429	0.03328	0.00632	0.00568
75	0.02653	0.01955	0.02094	0.01606	0.02164	0.02164	0.01326	0.68796	0.03281	0.04398	0.01675	0.01675	0.01187	0.00838	0.00698	0.00209	0.00768	0.00628	0.00698	0.01187
76	0.02098	0.01859	0.07430	0.02253	0.18393	0.04309	0.05702	0.20094	0.13854	0.09756	0.01803	0.01886	0.01334	0.00757	0.00691	0.00210	0.00777	0.00647	0.00553	0.05595
77	0.01742	0.12415	0.17408	0.05030	0.23775	0.01865	0.07335	0.08436	0.10719	0.02433	0.01493	0.01717	0.01162	0.00690	0.00665	0.00209	0.00850	0.00604	0.00408	0.01043
78	0.01101	0.00646	0.00826	0.00826	0.00826	0.00646	0.00503	0.00969	0.00969	0.01291	0.01767	0.03498	0.01958	0.43542	0.03191	0.35219	0.00646	0.00836	0.00370	0.00370
79	0.01181	0.00733	0.00934	0.00929	0.01108	0.00659	0.00678	0.01397	0.01669	0.11062	0.25461	0.31359	0.16762	0.01701	0.00833	0.00246	0.00396	0.01499	0.00714	0.00679
80	0.02256	0.04465	0.02239	0.11961	0.19681	0.07845	0.01558	0.23252	0.04076	0.13348	0.01645	0.01789	0.01205	0.00753	0.00682	0.00209	0.00814	0.00617	0.00539	0.01066
81	0.01810	0.18422	0.30831	0.02061	0.09300	0.05549	0.08827	0.07064	0.01677	0.06256	0.01323	0.01521	0.00998	0.00664	0.00639	0.00203	0.00933	0.00543	0.00372	0.01009
82	0.00997	0.00748	0.01121	0.01121	0.01246	0.00872	0.00872	0.01246	0.01121	0.01620	0.01869	0.02741	0.01745	0.05234	0.72710	0.01121	0.01869	0.00748	0.00374	0.00623
83	0.01615	0.05979	0.44040	0.06955	0.11198	0.06189	0.07163	0.02253	0.01545	0.04796	0.01305	0.01565	0.00960	0.00663	0.00671	0.00215	0.00997	0.00555	0.00332	0.01003
84	0.01780	0.06690	0.23591	0.13733	0.18401	0.01760	0.01960	0.15613	0.01862	0.04484	0.01425	0.03068	0.01099	0.00726	0.00674	0.00214	0.00875	0.00604	0.00413	0.01026
85	0.01674	0.04365	0.02665	0.14047	0.53898	0.01689	0.02002	0.02201	0.06487	0.02230	0.01400	0.01787	0.01146	0.00655	0.00684	0.00211	0.00821	0.00624	0.00365	0.01050
86	0.01051	0.00742	0.00917	0.00902	0.00972	0.00783	0.00602	0.03249	0.01151	0.01564	0.02327	0.03996	0.05757	0.46605	0.25665	0.00783	0.01048	0.00940	0.00427	0.00520
87	0.01350	0.05097	0.01810	0.11029	0.02044	0.06113	0.03714	0.01610	0.01235	0.01686	0.01424	0.02098	0.01298	0.02890	0.33878	0.00648	0.20356	0.00659	0.00342	0.00717
88	0.02434	0.01991	0.01873	0.01532	0.01975	0.15624	0.01226	0.39562	0.04585	0.08238	0.01805	0.06136	0.01425	0.00913	0.00741	0.00210	0.03334	0.00686	0.04680	0.01031
89	0.00857	0.00610	0.00808	0.00963	0.01002	0.00571	0.00638	0.00973	0.01323	0.01764	0.03778	0.72099	0.04529	0.05225	0.01001	0.00300	0.00416	0.01944	0.00638	0.00561
90	0.01601	0.01410	0.01925	0.03738	0.04934	0.01209	0.09461	0.08584	0.01661	0.02468	0.01309	0.01549	0.01052	0.00568	0.00586	0.00139	0.00651	0.00502	0.00428	0.56226
91	0.01478	0.01313	0.02049	0.61741	0.04326	0.01598	0.01813	0.10615	0.01643	0.02129	0.01388	0.04360	0.01091	0.00768	0.00704	0.00231	0.00891	0.00668	0.00373	0.00822
92	0.00941	0.00688	0.00853	0.00876	0.00973	0.00676	0.00603	0.01088	0.01324	0.01767	0.11916	0.17880	0.16139	0.24754	0.15864	0.00551	0.00757	0.01261	0.00541	0.00550
93	0.01649	0.01590	0.02736	0.15092	0.54855	0.01622	0.05489	0.02077	0.01557	0.02199	0.01304	0.01747	0.01073	0.00629	0.00693	0.00209	0.00853	0.00625	0.00342	0.03660
94	0.01648	0.01442	0.01885	0.09338	0.18909	0.01588	0.01397	0.09182	0.27476	0.02637	0.04946	0.02741	0.09510	0.00949	0.00770	0.00228	0.02996	0.00803	0.00562	0.00996
95	0.00874	0.00625	0.00834	0.00974	0.01031	0.00585	0.00667	0.01024	0.01410	0.01894	0.10508	0.65550	0.04789	0.02101	0.00887	0.00278	0.00406	0.04324	0.00660	0.00579
96	0.01490	0.03490	0.66820	0.01961	0.02958	0.01660	0.02488	0.07020	0.01604	0.02368	0.01283	0.01488	0.00906	0.00676	0.00666	0.00220	0.01012	0.00524	0.00324	0.01043
97	0.00835	0.00668	0.00747	0.00809	0.00969	0.00580	0.00576	0.00990	0.01492	0.01845	0.05824	0.33103	0.45256	0.01929	0.00850	0.00254	0.00373	0.01670	0.00648	0.00580
