[name]
unknown

[dist]
# distance from previous block
# <min> <max>
6	28

[block]
# block no. 0 follows, 29 sequences, length 6
# corresponding to MSA columns:
# 32-37
name=unknown_A
#
# <colnr> <probs for GDERKNQSTAVLIFYWHMCP>
#	G	D	E	R	K	N	Q	S	T	A	V	L	I	F	Y	W	H	M	C	P
0	0.13710	0.04991	0.13836	0.04514	0.08844	0.06627	0.01379	0.02104	0.05593	0.05910	0.04853	0.05725	0.04556	0.01008	0.00860	0.05144	0.04031	0.00704	0.04756	0.00856
1	0.04420	0.08306	0.05564	0.04360	0.09168	0.09197	0.04314	0.18373	0.07421	0.08454	0.01807	0.07665	0.01498	0.00888	0.00727	0.00215	0.02549	0.00717	0.00537	0.03819
2	0.05666	0.01839	0.10658	0.14060	0.06690	0.07988	0.01576	0.07299	0.01650	0.07579	0.04890	0.05231	0.03892	0.00983	0.01059	0.00243	0.16639	0.00719	0.00451	0.00889
3	0.01082	0.00781	0.00928	0.00962	0.01119	0.00757	0.00708	0.04198	0.04687	0.02243	0.13777	0.28837	0.16461	0.05586	0.00979	0.00278	0.00444	0.07297	0.08218	0.00656
4	0.01696	0.07428	0.01748	0.07164	0.01989	0.06403	0.01027	0.02001	0.01534	0.07608	0.01394	0.01628	0.01126	0.00892	0.05019	0.00200	0.00729	0.00483	0.00434	0.49496
5	0.06646	0.02196	0.12548	0.01617	0.02211	0.07380	0.01461	0.34548	0.12488	0.09060	0.01822	0.01813	0.01304	0.00826	0.00689	0.00218	0.00804	0.00626	0.00623	0.01120

[dist]
# distance from previous block
# <min> <max>
1	22

[block]
# block no. 1 follows, 29 sequences, length 48
# corresponding to MSA columns:
# 60-107
name=unknown_B
#
# <colnr> <probs for GDERKNQSTAVLIFYWHMCP>
#	G	D	E	R	K	N	Q	S	T	A	V	L	I	F	Y	W	H	M	C	P
0	0.07359	0.01549	0.02325	0.21375	0.38479	0.05167	0.01842	0.02019	0.01563	0.02224	0.04246	0.05805	0.01468	0.00781	0.00701	0.00222	0.00829	0.00709	0.00385	0.00951
1	0.01712	0.01640	0.11111	0.07724	0.10685	0.03922	0.01464	0.02086	0.01610	0.12607	0.07261	0.04640	0.04383	0.00970	0.00892	0.00222	0.08799	0.04625	0.00501	0.13147
2	0.01404	0.01016	0.01518	0.05285	0.05112	0.00994	0.07430	0.01819	0.06484	0.09804	0.20864	0.15138	0.06622	0.08085	0.01079	0.00286	0.00589	0.05054	0.00638	0.00780
3	0.04644	0.10532	0.02394	0.47552	0.03920	0.01680	0.08560	0.01864	0.01463	0.01923	0.01634	0.02268	0.04524	0.00790	0.00700	0.00230	0.00894	0.03264	0.00355	0.00808
4	0.04632	0.01390	0.06664	0.19179	0.05243	0.01380	0.01326	0.08213	0.14138	0.02568	0.07537	0.09418	0.04379	0.01017	0.00709	0.00229	0.00661	0.00864	0.09582	0.00873
5	0.04963	0.01575	0.13334	0.11250	0.04641	0.01309	0.03864	0.04339	0.06827	0.09637	0.05840	0.18014	0.02282	0.01208	0.00911	0.03303	0.04336	0.00974	0.00528	0.00866
6	0.01431	0.01405	0.01825	0.14636	0.12186	0.11091	0.06328	0.01737	0.01568	0.01978	0.04992	0.23745	0.02621	0.01471	0.03729	0.00286	0.00832	0.06881	0.00484	0.00772
7	0.01004	0.00763	0.00929	0.00881	0.01076	0.00706	0.00662	0.01381	0.05012	0.02645	0.52489	0.05552	0.21225	0.01514	0.00835	0.00229	0.00352	0.01315	0.00753	0.00676
8	0.01603	0.01372	0.02138	0.28379	0.03162	0.03873	0.11793	0.04486	0.05321	0.07675	0.08966	0.02818	0.01997	0.01151	0.04376	0.00287	0.03531	0.05732	0.00485	0.00854
9	0.01557	0.01628	0.07451	0.12573	0.33852	0.04510	0.01752	0.02076	0.06640	0.02213	0.01885	0.13193	0.01750	0.00936	0.00724	0.00227	0.00780	0.00849	0.04451	0.00953
10	0.01998	0.01204	0.01512	0.01285	0.01627	0.01282	0.01030	0.20934	0.01976	0.17605	0.02036	0.02372	0.01592	0.02785	0.30385	0.03885	0.01186	0.00708	0.03685	0.00914
11	0.23991	0.01529	0.01601	0.01311	0.01804	0.01658	0.01067	0.19905	0.16802	0.20213	0.02041	0.01939	0.01435	0.00832	0.00641	0.00223	0.00627	0.00625	0.00682	0.01071
12	0.01363	0.03302	0.01868	0.23515	0.07713	0.07307	0.07389	0.01650	0.01495	0.01858	0.02681	0.12611	0.13591	0.01373	0.03255	0.06062	0.00820	0.00974	0.00436	0.00735
13	0.04438	0.01059	0.01264	0.04069	0.01529	0.01099	0.00888	0.08918	0.10077	0.12243	0.03179	0.11299	0.13379	0.09243	0.09504	0.04661	0.00731	0.01011	0.00609	0.00802
14	0.01849	0.01013	0.01128	0.00979	0.01290	0.01023	0.00771	0.10332	0.08038	0.15485	0.05523	0.02774	0.04628	0.00920	0.00613	0.00194	0.00460	0.00743	0.41364	0.00872
15	0.00955	0.00676	0.00799	0.00861	0.00917	0.00645	0.00552	0.01036	0.01256	0.01637	0.03603	0.28564	0.13380	0.36894	0.02198	0.00475	0.00547	0.03939	0.00551	0.00515
16	0.04326	0.00822	0.00966	0.00954	0.01135	0.00796	0.00692	0.06166	0.01589	0.07232	0.06693	0.28757	0.14882	0.04417	0.01072	0.07478	0.00466	0.01320	0.09569	0.00666
17	0.00940	0.00691	0.00782	0.00808	0.00931	0.00632	0.00548	0.01084	0.01450	0.01893	0.12448	0.19184	0.28201	0.22126	0.01613	0.00370	0.00458	0.01415	0.03864	0.00561
18	0.02593	0.01635	0.01849	0.01477	0.01995	0.01745	0.01200	0.31316	0.21129	0.23713	0.02362	0.02181	0.01639	0.00893	0.00717	0.00223	0.00670	0.00708	0.00766	0.01188
19	0.01458	0.00994	0.01166	0.01102	0.01339	0.01019	0.00836	0.07808	0.13471	0.07745	0.13562	0.18102	0.07524	0.08169	0.01055	0.00287	0.00512	0.06645	0.06413	0.00793
20	0.03893	0.00849	0.00965	0.00933	0.01131	0.00844	0.00683	0.01689	0.10776	0.05079	0.21400	0.14377	0.13875	0.09564	0.01082	0.00282	0.00438	0.01202	0.10230	0.00707
21	0.01218	0.00771	0.00937	0.00943	0.01121	0.00706	0.00680	0.01435	0.03373	0.10513	0.09202	0.28350	0.22042	0.11226	0.01210	0.00315	0.00467	0.04153	0.00669	0.00669
22	0.00880	0.00701	0.00789	0.00813	0.00997	0.00610	0.00592	0.01078	0.01644	0.02083	0.18800	0.20963	0.43886	0.01827	0.00856	0.00248	0.00367	0.01572	0.00685	0.00610
23	0.03500	0.00731	0.00745	0.00739	0.00916	0.00740	0.00549	0.01687	0.04857	0.02579	0.05098	0.05810	0.05107	0.03820	0.00672	0.00202	0.00368	0.00791	0.60414	0.00675
24	0.00970	0.00714	0.00881	0.00880	0.01024	0.00657	0.00638	0.01208	0.01719	0.02330	0.38359	0.13853	0.17794	0.11147	0.01216	0.00300	0.00411	0.04588	0.00694	0.00616
25	0.01135	0.00734	0.00949	0.00962	0.01111	0.00678	0.00702	0.01359	0.01676	0.07651	0.29048	0.27434	0.09865	0.07602	0.01085	0.00290	0.00434	0.05920	0.00706	0.00659
26	0.00928	0.00737	0.01001	0.01009	0.01164	0.00667	0.04265	0.01130	0.01565	0.02051	0.16102	0.39908	0.23042	0.01891	0.00875	0.00262	0.00428	0.01689	0.00666	0.00621
27	0.01477	0.01266	0.01477	0.01055	0.01687	0.00949	0.00844	0.01793	0.01477	0.02320	0.01266	0.01477	0.01055	0.00527	0.00527	0.00105	0.00527	0.00422	0.00422	0.79328
28	0.01162	0.00803	0.01004	0.01050	0.01177	0.00792	0.00742	0.06073	0.04523	0.04635	0.10306	0.47890	0.04236	0.08471	0.01119	0.00310	0.00479	0.03891	0.00667	0.00669
29	0.01204	0.00744	0.01023	0.03968	0.01207	0.00752	0.00742	0.03677	0.01296	0.01722	0.09441	0.04939	0.08598	0.05960	0.04885	0.42805	0.00638	0.05470	0.00449	0.00479
30	0.02253	0.02649	0.01904	0.01717	0.02015	0.47055	0.01320	0.05359	0.04923	0.01902	0.01300	0.01610	0.01109	0.01452	0.10753	0.00337	0.10579	0.00546	0.00393	0.00824
31	0.01368	0.01029	0.01312	0.01292	0.04151	0.01135	0.00950	0.10110	0.09900	0.02393	0.08800	0.06780	0.02404	0.05715	0.32833	0.00653	0.01162	0.00870	0.06360	0.00784
32	0.00919	0.00659	0.00868	0.01010	0.01078	0.00622	0.00711	0.01073	0.01416	0.01876	0.06175	0.56500	0.07268	0.06082	0.01061	0.00312	0.00457	0.10678	0.00652	0.00585
33	0.02223	0.01598	0.01972	0.09642	0.10136	0.01719	0.01377	0.34612	0.05192	0.10967	0.03505	0.07383	0.04500	0.00971	0.00734	0.00225	0.00727	0.00802	0.00643	0.01071
34	0.00969	0.00731	0.01014	0.08080	0.01479	0.00717	0.00842	0.01161	0.01421	0.01903	0.05826	0.55981	0.04206	0.01962	0.00878	0.00278	0.00490	0.07599	0.00621	0.03841
35	0.01861	0.01769	0.01964	0.02040	0.13580	0.09225	0.03744	0.03359	0.48227	0.02712	0.02391	0.02333	0.01824	0.00872	0.00717	0.00230	0.00711	0.00741	0.00610	0.01089
36	0.05339	0.04516	0.04985	0.19633	0.14649	0.12704	0.01580	0.04669	0.01595	0.02133	0.01259	0.01699	0.01046	0.03269	0.00859	0.00219	0.05836	0.00561	0.00371	0.13078
37	0.04628	0.01320	0.01865	0.21969	0.14826	0.04836	0.03574	0.04421	0.03764	0.01974	0.01413	0.02104	0.01233	0.07192	0.01399	0.18025	0.00809	0.00650	0.00373	0.03625
38	0.04853	0.00788	0.00957	0.00900	0.01031	0.00781	0.00618	0.01420	0.01418	0.08368	0.20896	0.04279	0.03481	0.37219	0.09553	0.00544	0.00705	0.01017	0.00565	0.00607
39	0.01035	0.00694	0.00795	0.00795	0.00802	0.00701	0.00455	0.01048	0.01041	0.01395	0.02226	0.04564	0.02547	0.71403	0.07139	0.00714	0.00753	0.01022	0.00429	0.00442
40	0.01628	0.01541	0.02612	0.32240	0.37909	0.01674	0.05086	0.04782	0.01615	0.02208	0.01329	0.01823	0.01056	0.00674	0.00714	0.00223	0.00902	0.00644	0.00353	0.00987
41	0.01001	0.00753	0.00908	0.00948	0.01108	0.00702	0.00707	0.03597	0.01663	0.02169	0.17529	0.25291	0.24733	0.05482	0.01013	0.00284	0.00443	0.10364	0.00675	0.00630
42	0.01729	0.01691	0.09860	0.10551	0.06399	0.05052	0.04065	0.14050	0.07229	0.05202	0.07011	0.03002	0.07298	0.00992	0.00729	0.00227	0.00743	0.05529	0.07719	0.00923
43	0.01533	0.01540	0.02321	0.04584	0.02130	0.02052	0.08022	0.01749	0.01163	0.01770	0.01049	0.01673	0.00995	0.01385	0.05903	0.00347	0.60023	0.00652	0.00320	0.00789
44	0.01402	0.01352	0.01745	0.16235	0.05940	0.07390	0.01349	0.01652	0.01314	0.01748	0.01837	0.02536	0.06577	0.07661	0.17370	0.00490	0.21557	0.00742	0.00371	0.00732
45	0.01055	0.00713	0.00891	0.00946	0.01046	0.00681	0.00657	0.01215	0.03748	0.03766	0.07881	0.32260	0.13062	0.14782	0.01562	0.08732	0.00497	0.05332	0.00599	0.00575
46	0.01711	0.01718	0.02545	0.27606	0.41251	0.08769	0.02033	0.02127	0.01594	0.02094	0.01290	0.01760	0.01046	0.00671	0.00701	0.00217	0.00925	0.00616	0.00342	0.00982
47	0.01510	0.01490	0.02139	0.11639	0.02265	0.02054	0.01592	0.01713	0.01138	0.01726	0.01014	0.01647	0.00966	0.01314	0.04522	0.00330	0.61220	0.00629	0.00315	0.00776

[dist]
# distance from previous block
# <min> <max>
0	1

[block]
# block no. 2 follows, 29 sequences, length 11
# corresponding to MSA columns:
# 109-119
name=unknown_C
#
# <colnr> <probs for GDERKNQSTAVLIFYWHMCP>
#	G	D	E	R	K	N	Q	S	T	A	V	L	I	F	Y	W	H	M	C	P
0	0.05016	0.12671	0.02142	0.11158	0.02126	0.06577	0.01364	0.01778	0.01272	0.01772	0.01322	0.07168	0.01331	0.06653	0.01629	0.00292	0.33909	0.00702	0.00356	0.00763
1	0.01000	0.00760	0.00915	0.00910	0.01082	0.00713	0.00672	0.01347	0.05698	0.02372	0.34695	0.15298	0.21383	0.05875	0.01010	0.00270	0.00401	0.04237	0.00707	0.00654
2	0.00968	0.00687	0.00882	0.00960	0.01022	0.00684	0.00659	0.01093	0.01261	0.01685	0.03221	0.31892	0.06679	0.26241	0.12468	0.00549	0.00746	0.07211	0.00544	0.00547
3	0.10435	0.01622	0.02412	0.31821	0.26045	0.06691	0.06844	0.02080	0.01528	0.02172	0.01261	0.01728	0.00996	0.00674	0.00684	0.00223	0.00913	0.00609	0.00349	0.00916
4	0.01744	0.01689	0.02263	0.26866	0.13942	0.08302	0.04299	0.08339	0.06824	0.02255	0.01385	0.01791	0.01100	0.00802	0.00946	0.00232	0.11807	0.00628	0.00401	0.04385
5	0.06528	0.01365	0.01935	0.12850	0.05566	0.04200	0.08004	0.01817	0.03372	0.03973	0.03919	0.07866	0.05468	0.06757	0.04273	0.00326	0.19727	0.00844	0.00430	0.00780
6	0.09206	0.01834	0.01862	0.12427	0.04504	0.12275	0.01337	0.25949	0.06616	0.07055	0.02014	0.02273	0.05267	0.00898	0.00696	0.00221	0.00811	0.03200	0.00571	0.00985
7	0.01401	0.00772	0.01140	0.07575	0.01410	0.00808	0.00815	0.01278	0.01116	0.07625	0.01606	0.07592	0.01554	0.04874	0.02284	0.52928	0.03605	0.00749	0.00392	0.00478
8	0.00927	0.00697	0.00853	0.00914	0.01046	0.00644	0.00662	0.01114	0.01528	0.01993	0.14764	0.28949	0.24180	0.08055	0.04253	0.00339	0.00496	0.07342	0.00648	0.00597
9	0.01474	0.05622	0.01968	0.01598	0.01673	0.01892	0.01330	0.01657	0.01190	0.01808	0.01584	0.02095	0.06218	0.01441	0.05830	0.00330	0.53447	0.00686	0.07401	0.00755
10	0.07101	0.07115	0.02363	0.30589	0.19440	0.04004	0.01775	0.05943	0.01548	0.02169	0.01222	0.01683	0.00990	0.00761	0.00881	0.00230	0.10334	0.00591	0.00357	0.00904

[dist]
# distance from previous block
# <min> <max>
0	2

[block]
# block no. 3 follows, 29 sequences, length 26
# corresponding to MSA columns:
# 122-147
name=unknown_D
#
# <colnr> <probs for GDERKNQSTAVLIFYWHMCP>
#	G	D	E	R	K	N	Q	S	T	A	V	L	I	F	Y	W	H	M	C	P
0	0.03597	0.01352	0.01939	0.19279	0.15242	0.01505	0.01489	0.06999	0.04465	0.02253	0.01763	0.13586	0.01673	0.01019	0.00944	0.00233	0.11036	0.00834	0.00443	0.10350
1	0.00938	0.00696	0.00830	0.00898	0.01012	0.00644	0.00636	0.01088	0.01439	0.01848	0.07977	0.27297	0.23998	0.17707	0.01479	0.00362	0.00483	0.09482	0.00617	0.00568
2	0.01038	0.00738	0.01062	0.01066	0.01191	0.00823	0.00815	0.01280	0.01266	0.01848	0.08956	0.07340	0.02443	0.04320	0.52865	0.03489	0.01495	0.00880	0.06458	0.00627
3	0.01554	0.01572	0.02382	0.07457	0.02290	0.02097	0.08319	0.01779	0.01176	0.01779	0.01011	0.01621	0.00951	0.01140	0.02061	0.00299	0.60751	0.00646	0.00317	0.00798
4	0.02422	0.03000	0.02305	0.02110	0.06483	0.55348	0.08187	0.02660	0.01889	0.01831	0.01137	0.01399	0.00948	0.00753	0.00796	0.00201	0.06798	0.00521	0.00361	0.00854
5	0.01626	0.01886	0.08454	0.14291	0.12533	0.01738	0.38762	0.02306	0.06755	0.02264	0.01498	0.01921	0.01136	0.00656	0.00781	0.00235	0.01054	0.00754	0.00375	0.00975
6	0.06409	0.01829	0.01969	0.01544	0.02084	0.02011	0.01266	0.50390	0.11694	0.10568	0.01934	0.01874	0.01367	0.00862	0.00701	0.00218	0.00727	0.00657	0.00717	0.01179
7	0.00925	0.00646	0.00816	0.00921	0.00955	0.00617	0.00591	0.01020	0.01290	0.01728	0.06250	0.50055	0.04143	0.24574	0.01741	0.00410	0.00495	0.01689	0.00596	0.00537
8	0.01537	0.01522	0.02812	0.22106	0.13067	0.01662	0.23655	0.01919	0.01437	0.01970	0.01282	0.01862	0.01045	0.00922	0.01206	0.08258	0.11859	0.00699	0.00335	0.00845
9	0.01193	0.01059	0.01605	0.01365	0.01654	0.01021	0.13697	0.06449	0.01690	0.02196	0.07569	0.23993	0.27303	0.01576	0.00915	0.00254	0.03736	0.01405	0.00598	0.00722
10	0.09744	0.00905	0.00967	0.00883	0.01140	0.00919	0.00670	0.02099	0.07324	0.13980	0.02360	0.05037	0.01913	0.08893	0.00899	0.00248	0.00461	0.00741	0.40039	0.00778
11	0.01108	0.00804	0.00977	0.01007	0.01142	0.00796	0.00712	0.06054	0.05659	0.02280	0.16559	0.40797	0.07269	0.07416	0.01061	0.00293	0.00450	0.01564	0.03386	0.00667
12	0.01013	0.00708	0.00843	0.00892	0.00937	0.00700	0.00569	0.01150	0.03528	0.01659	0.05018	0.24605	0.05216	0.43698	0.02454	0.00516	0.00586	0.04852	0.00535	0.00521
13	0.01250	0.00625	0.00890	0.00890	0.00914	0.00625	0.00601	0.01031	0.01008	0.01437	0.01390	0.02234	0.01320	0.02241	0.02460	0.68094	0.00578	0.00625	0.11427	0.00359
14	0.04029	0.01065	0.01179	0.01056	0.01303	0.01109	0.00779	0.14189	0.08173	0.07823	0.04916	0.12221	0.05770	0.20284	0.01463	0.00345	0.00571	0.00996	0.11946	0.00782
15	0.01232	0.00863	0.01012	0.00972	0.01204	0.00827	0.00740	0.03451	0.08870	0.06989	0.22526	0.15214	0.23734	0.01562	0.00819	0.00242	0.00424	0.04505	0.04076	0.00735
16	0.00981	0.00724	0.00859	0.00864	0.00990	0.00681	0.00597	0.01217	0.03726	0.02115	0.26416	0.17416	0.18252	0.20181	0.01550	0.00357	0.00451	0.01381	0.00647	0.00595
17	0.15568	0.01172	0.01245	0.01117	0.01447	0.01260	0.00881	0.08421	0.17615	0.07116	0.18192	0.05559	0.05004	0.01105	0.00697	0.00228	0.00502	0.03661	0.08337	0.00872
18	0.19939	0.01281	0.01359	0.01169	0.01549	0.01365	0.00918	0.13047	0.12183	0.16264	0.04118	0.09478	0.02003	0.06458	0.00878	0.00261	0.00578	0.00808	0.05414	0.00929
19	0.01341	0.00830	0.00986	0.00930	0.01137	0.00786	0.00682	0.01676	0.06490	0.11280	0.17941	0.10469	0.17008	0.15710	0.01340	0.00323	0.00478	0.03211	0.06676	0.00706
20	0.03617	0.00793	0.00879	0.00823	0.00994	0.00779	0.00579	0.03337	0.01442	0.10506	0.02516	0.06456	0.04176	0.26041	0.01615	0.00360	0.00508	0.00871	0.33044	0.00663
21	0.02051	0.01489	0.01607	0.01355	0.01768	0.03994	0.01075	0.19648	0.25800	0.12258	0.15688	0.02993	0.05025	0.01042	0.00744	0.00226	0.00600	0.00856	0.00739	0.01043
22	0.00997	0.00700	0.00847	0.00878	0.00947	0.00677	0.00572	0.01151	0.03177	0.01850	0.15670	0.24428	0.07964	0.32323	0.02072	0.02734	0.00521	0.01370	0.00580	0.00543
23	0.01321	0.00984	0.01573	0.01343	0.01597	0.01008	0.10320	0.01631	0.01536	0.08080	0.18801	0.03462	0.06223	0.05289	0.27858	0.00592	0.04256	0.00935	0.02454	0.00739
24	0.38831	0.06949	0.01664	0.03864	0.04183	0.14909	0.01098	0.07560	0.01565	0.02662	0.01160	0.01415	0.00948	0.01072	0.06100	0.00283	0.04009	0.00476	0.00422	0.00830
25	0.02253	0.01372	0.01571	0.01293	0.01723	0.01436	0.01038	0.20222	0.18135	0.21277	0.10305	0.02653	0.02296	0.00955	0.00705	0.00217	0.00579	0.00777	0.10129	0.01063

[dist]
# distance from previous block
# <min> <max>
0	1

[block]
# block no. 4 follows, 29 sequences, length 33
# corresponding to MSA columns:
# 149-181
name=unknown_E
#
# <colnr> <probs for GDERKNQSTAVLIFYWHMCP>
#	G	D	E	R	K	N	Q	S	T	A	V	L	I	F	Y	W	H	M	C	P
0	0.25226	0.01554	0.01761	0.16138	0.02427	0.11039	0.07796	0.02125	0.01461	0.09067	0.01389	0.01803	0.01101	0.03650	0.03760	0.07037	0.00868	0.00582	0.00427	0.00788
1	0.01862	0.69151	0.09620	0.01289	0.01937	0.02716	0.01342	0.02143	0.01452	0.01726	0.01015	0.01174	0.00913	0.00615	0.00476	0.00159	0.00787	0.00393	0.00304	0.00926
2	0.00896	0.00636	0.00834	0.00964	0.01014	0.00597	0.00642	0.01030	0.01400	0.01883	0.10359	0.61664	0.04728	0.08377	0.01134	0.00317	0.00429	0.01867	0.00654	0.00575
3	0.01192	0.01012	0.01150	0.01312	0.07111	0.06953	0.00865	0.01411	0.01647	0.03726	0.18336	0.33149	0.13764	0.01693	0.00842	0.00252	0.00515	0.03742	0.00641	0.00688
4	0.01422	0.01932	0.17060	0.02116	0.02699	0.01492	0.30356	0.01946	0.01651	0.02306	0.14864	0.02848	0.07720	0.00932	0.00937	0.00240	0.07255	0.00895	0.00448	0.00880
5	0.00863	0.00717	0.00754	0.00756	0.00978	0.00608	0.00563	0.01058	0.01656	0.02028	0.14501	0.10258	0.59239	0.01785	0.00845	0.00241	0.00361	0.01505	0.00676	0.00608
6	0.01925	0.01469	0.01601	0.01423	0.01836	0.01654	0.01118	0.03675	0.58992	0.11232	0.02914	0.02794	0.02183	0.00987	0.00731	0.00242	0.00572	0.02790	0.00742	0.01123
7	0.01746	0.01675	0.02860	0.07115	0.67919	0.01687	0.02177	0.02171	0.01614	0.02306	0.01336	0.01768	0.01121	0.00638	0.00705	0.00213	0.00850	0.00634	0.00351	0.01114
8	0.01368	0.01289	0.02178	0.69416	0.08570	0.01588	0.01989	0.01840	0.01435	0.01848	0.01270	0.01891	0.00959	0.00708	0.00712	0.00236	0.00943	0.00633	0.00318	0.00810
9	0.01260	0.00841	0.01073	0.01140	0.01299	0.00838	0.00892	0.07172	0.01660	0.04652	0.03431	0.32021	0.03742	0.04765	0.00986	0.00300	0.00546	0.25337	0.07357	0.00686
10	0.80005	0.01377	0.01047	0.00936	0.01377	0.01597	0.00771	0.02093	0.01212	0.03195	0.00991	0.01157	0.00771	0.00661	0.00441	0.00220	0.00551	0.00386	0.00441	0.00771
11	0.01345	0.01266	0.02136	0.73264	0.04904	0.01582	0.01978	0.01819	0.01424	0.01819	0.01266	0.01898	0.00949	0.00712	0.00712	0.00237	0.00949	0.00633	0.00316	0.00791
12	0.00893	0.00720	0.00795	0.00783	0.00995	0.00622	0.00585	0.01120	0.01736	0.02207	0.26465	0.08397	0.48763	0.01709	0.00843	0.00237	0.00355	0.01452	0.00699	0.00622
13	0.02794	0.01579	0.01859	0.01417	0.01985	0.01574	0.01168	0.33215	0.02587	0.33248	0.02143	0.01997	0.01435	0.00833	0.00695	0.00206	0.00680	0.00651	0.00756	0.09177
14	0.01338	0.00805	0.01032	0.00931	0.01171	0.00722	0.00714	0.01642	0.01963	0.13761	0.50249	0.05070	0.15002	0.01412	0.00820	0.00226	0.00383	0.01226	0.00782	0.00749
15	0.03040	0.01297	0.01675	0.01292	0.01827	0.01193	0.01065	0.12533	0.02198	0.58465	0.02631	0.02333	0.01688	0.00875	0.00705	0.00217	0.00618	0.00703	0.04457	0.01186
16	0.00920	0.00650	0.00854	0.00997	0.01046	0.00619	0.00682	0.01049	0.01349	0.01793	0.03683	0.58104	0.04361	0.11936	0.01280	0.00347	0.00476	0.08658	0.00630	0.00567
17	0.01099	0.00785	0.01092	0.01256	0.01399	0.00778	0.01063	0.01392	0.01592	0.02077	0.03797	0.19514	0.04204	0.02013	0.00971	0.00321	0.00614	0.54735	0.00657	0.00642
18	0.01456	0.01243	0.01454	0.01053	0.01665	0.00936	0.00837	0.01765	0.01473	0.02303	0.01357	0.03982	0.01180	0.00586	0.00540	0.00112	0.00523	0.00477	0.00430	0.76627
19	0.01918	0.01204	0.01463	0.01087	0.01663	0.00948	0.00876	0.02211	0.01651	0.22106	0.02220	0.02210	0.07178	0.00739	0.00609	0.00150	0.00536	0.00599	0.00575	0.50060
20	0.00877	0.00638	0.00828	0.00960	0.01029	0.00588	0.00651	0.01024	0.01442	0.01916	0.09877	0.62693	0.10595	0.02127	0.00897	0.00279	0.00402	0.01916	0.00672	0.00588
21	0.00890	0.00629	0.00820	0.00963	0.00999	0.00593	0.00630	0.00997	0.01319	0.01759	0.03700	0.65164	0.04426	0.11964	0.01272	0.00343	0.00450	0.01892	0.00630	0.00559
22	0.01011	0.00697	0.00808	0.00839	0.00878	0.00682	0.00525	0.01068	0.01171	0.01536	0.02974	0.12077	0.08826	0.55126	0.02886	0.00580	0.00631	0.06710	0.00493	0.00480
23	0.00873	0.00624	0.00831	0.00988	0.01034	0.00582	0.00661	0.01006	0.01389	0.01859	0.06564	0.71754	0.04790	0.02200	0.00906	0.00287	0.00410	0.01995	0.00666	0.00582
24	0.01907	0.01597	0.01687	0.01477	0.01904	0.01835	0.01160	0.13158	0.59651	0.03198	0.02725	0.02519	0.02033	0.00950	0.00723	0.00237	0.00596	0.00781	0.00723	0.01139
25	0.01019	0.00757	0.00949	0.01059	0.01154	0.00753	0.00731	0.03454	0.08350	0.02023	0.03748	0.64823	0.04338	0.02057	0.00884	0.00282	0.00440	0.01855	0.00669	0.00655
26	0.01361	0.01283	0.02166	0.70499	0.07538	0.01586	0.01986	0.01834	0.01432	0.01840	0.01269	0.01893	0.00956	0.00709	0.00712	0.00236	0.00945	0.00633	0.00318	0.00805
27	0.01477	0.01266	0.01477	0.01055	0.01687	0.00949	0.00844	0.01793	0.01477	0.02320	0.01266	0.01477	0.01055	0.00527	0.00527	0.00105	0.00527	0.00422	0.00422	0.79328
28	0.02707	0.01995	0.02137	0.01638	0.02208	0.02208	0.01353	0.68159	0.03348	0.04488	0.01710	0.01710	0.01211	0.00855	0.00712	0.00214	0.00784	0.00641	0.00712	0.01211
29	0.01477	0.01266	0.01477	0.01055	0.01687	0.00949	0.00844	0.01793	0.01477	0.02320	0.01266	0.01477	0.01055	0.00527	0.00527	0.00105	0.00527	0.00422	0.00422	0.79328
30	0.00868	0.00620	0.00826	0.00991	0.01033	0.00578	0.00661	0.00991	0.01363	0.01818	0.03925	0.74510	0.04710	0.02231	0.00909	0.00289	0.00413	0.02024	0.00661	0.00578
31	0.01477	0.01266	0.01477	0.01055	0.01687	0.00949	0.00844	0.01793	0.01477	0.02320	0.01266	0.01477	0.01055	0.00527	0.00527	0.00105	0.00527	0.00422	0.00422	0.79328
32	0.01595	0.02059	0.15391	0.04493	0.12522	0.07906	0.05852	0.01970	0.01382	0.01941	0.01234	0.01737	0.01067	0.01440	0.09921	0.00363	0.27289	0.00623	0.00332	0.00881

[dist]
# distance from previous block
# <min> <max>
0	3

[block]
# block no. 5 follows, 29 sequences, length 37
# corresponding to MSA columns:
# 185-221
name=unknown_F
#
# <colnr> <probs for GDERKNQSTAVLIFYWHMCP>
#	G	D	E	R	K	N	Q	S	T	A	V	L	I	F	Y	W	H	M	C	P
0	0.01547	0.01307	0.01412	0.01305	0.01636	0.01469	0.01000	0.03089	0.51482	0.02790	0.10455	0.10746	0.06311	0.01194	0.00762	0.00245	0.00513	0.01021	0.00721	0.00994
1	0.00868	0.00620	0.00826	0.00991	0.01033	0.00578	0.00661	0.00991	0.01363	0.01818	0.03925	0.74510	0.04710	0.02231	0.00909	0.00289	0.00413	0.02024	0.00661	0.00578
2	0.01018	0.00758	0.01121	0.01121	0.01241	0.00878	0.00861	0.01257	0.01138	0.01636	0.01928	0.02914	0.01831	0.09695	0.67868	0.01116	0.01831	0.00780	0.00385	0.00623
3	0.00880	0.00625	0.00823	0.00975	0.01014	0.00587	0.00644	0.00995	0.01339	0.01785	0.03798	0.69259	0.04550	0.07699	0.01113	0.00319	0.00434	0.01950	0.00644	0.00567
4	0.02556	0.01667	0.01890	0.04666	0.02129	0.01798	0.01243	0.39533	0.11719	0.18224	0.02113	0.02044	0.01476	0.00868	0.00704	0.00218	0.00701	0.00680	0.04617	0.01154
5	0.00866	0.00624	0.00822	0.00979	0.01030	0.00579	0.00656	0.00993	0.01375	0.01822	0.04071	0.71506	0.07620	0.02212	0.00906	0.00287	0.00411	0.02001	0.00661	0.00579
6	0.00869	0.00644	0.00812	0.00935	0.01021	0.00587	0.00639	0.01014	0.01444	0.01887	0.07678	0.58276	0.17370	0.02112	0.00893	0.00277	0.00399	0.01890	0.00667	0.00587
7	0.01477	0.01266	0.01477	0.01055	0.01687	0.00949	0.00844	0.01793	0.01477	0.02320	0.01266	0.01477	0.01055	0.00527	0.00527	0.00105	0.00527	0.00422	0.00422	0.79328
8	0.00908	0.00695	0.00843	0.00925	0.01064	0.00638	0.00678	0.01086	0.01491	0.01900	0.06758	0.32776	0.29652	0.04428	0.04868	0.00332	0.00510	0.09211	0.00641	0.00597
9	0.01558	0.01558	0.02181	0.01869	0.01869	0.02181	0.01558	0.01714	0.01091	0.01714	0.00935	0.01558	0.00935	0.01246	0.02337	0.00312	0.73672	0.00623	0.00312	0.00779
10	0.01745	0.01674	0.02859	0.07271	0.67770	0.01687	0.02177	0.02170	0.01613	0.02305	0.01336	0.01768	0.01120	0.00638	0.00705	0.00213	0.00850	0.00634	0.00351	0.01114
11	0.01237	0.00618	0.00928	0.00928	0.00928	0.00618	0.00618	0.00928	0.00928	0.01237	0.01237	0.02165	0.01237	0.02474	0.02783	0.79283	0.00618	0.00618	0.00309	0.00309
12	0.00848	0.00696	0.00747	0.00787	0.00979	0.00596	0.00570	0.01014	0.01559	0.01898	0.06408	0.23417	0.54200	0.01908	0.00858	0.00252	0.00374	0.01630	0.00661	0.00596
13	0.12350	0.01917	0.02001	0.01551	0.02105	0.02132	0.01281	0.59917	0.03081	0.04326	0.01620	0.01641	0.01156	0.00831	0.00678	0.00215	0.00755	0.00609	0.00678	0.01156
14	0.01345	0.01266	0.02136	0.73264	0.04904	0.01582	0.01978	0.01819	0.01424	0.01819	0.01266	0.01898	0.00949	0.00712	0.00712	0.00237	0.00949	0.00633	0.00316	0.00791
15	0.00918	0.00724	0.00828	0.00802	0.01009	0.00634	0.00601	0.01171	0.01804	0.02354	0.36301	0.06144	0.40888	0.01643	0.00841	0.00233	0.00349	0.01403	0.00718	0.00634
16	0.00984	0.00716	0.00925	0.00896	0.01055	0.00658	0.00663	0.01288	0.01924	0.02693	0.59593	0.12719	0.10103	0.01557	0.00847	0.00232	0.00345	0.01378	0.00764	0.00658
17	0.00990	0.00727	0.00927	0.00877	0.01053	0.00664	0.00658	0.01310	0.01974	0.02757	0.63504	0.05481	0.13433	0.01492	0.00840	0.00226	0.00339	0.01310	0.00771	0.00664
18	0.00902	0.00643	0.00847	0.00963	0.01025	0.00601	0.00651	0.01059	0.01467	0.01986	0.16021	0.58218	0.04971	0.05801	0.01035	0.00298	0.00413	0.01838	0.00672	0.00588
19	0.04084	0.02388	0.31887	0.02043	0.02779	0.01472	0.21754	0.02137	0.01576	0.07310	0.02029	0.10725	0.04742	0.00908	0.00757	0.00238	0.00938	0.00856	0.00426	0.00949
20	0.02807	0.01834	0.02037	0.01562	0.02128	0.01970	0.01290	0.54876	0.03079	0.18151	0.01935	0.01856	0.01324	0.00860	0.00713	0.00215	0.00747	0.00656	0.00747	0.01211
21	0.01229	0.00867	0.01049	0.01058	0.01227	0.00874	0.00757	0.01771	0.15208	0.06391	0.14942	0.35879	0.05845	0.08162	0.01086	0.00298	0.00465	0.01472	0.00688	0.00731
22	0.00896	0.00645	0.00838	0.00953	0.01022	0.00599	0.00646	0.01049	0.01460	0.01961	0.14216	0.57176	0.08004	0.05704	0.01030	0.00297	0.00413	0.01837	0.00669	0.00587
23	0.01558	0.01558	0.02181	0.01869	0.01869	0.02181	0.01558	0.01714	0.01091	0.01714	0.00935	0.01558	0.00935	0.01246	0.02337	0.00312	0.73672	0.00623	0.00312	0.00779
24	0.06435	0.01568	0.01647	0.01414	0.01848	0.01776	0.01121	0.18117	0.44586	0.05546	0.02487	0.02350	0.01844	0.00913	0.00693	0.00229	0.00601	0.00734	0.04985	0.01103
25	0.08054	0.00869	0.01052	0.00967	0.01224	0.00804	0.00728	0.01744	0.01598	0.19246	0.11963	0.15421	0.18666	0.03770	0.01104	0.09758	0.00484	0.01152	0.00664	0.00732
26	0.00938	0.00657	0.00822	0.00925	0.00965	0.00630	0.00602	0.01032	0.01273	0.01687	0.03447	0.45029	0.06089	0.27170	0.01842	0.00427	0.00519	0.04832	0.00582	0.00533
27	0.01017	0.00763	0.01144	0.01144	0.01272	0.00890	0.00890	0.01272	0.01144	0.01653	0.01907	0.02797	0.01780	0.05340	0.72153	0.01144	0.01907	0.00763	0.00381	0.00636
28	0.01715	0.01247	0.01388	0.01224	0.01563	0.01317	0.00948	0.16816	0.20630	0.08212	0.09140	0.14400	0.13855	0.03152	0.00851	0.00251	0.00543	0.01109	0.00712	0.00926
29	0.01245	0.00745	0.01059	0.03355	0.01211	0.00775	0.00757	0.03376	0.01204	0.03414	0.04506	0.04767	0.06518	0.02873	0.17940	0.43681	0.00890	0.00781	0.00407	0.00494
30	0.01081	0.00770	0.01158	0.01113	0.01219	0.00844	0.03308	0.01211	0.01110	0.01560	0.01842	0.03000	0.01812	0.17357	0.45725	0.13711	0.01450	0.00792	0.00378	0.00558
31	0.01141	0.04998	0.01186	0.01130	0.01267	0.00904	0.00911	0.01359	0.01391	0.01827	0.02934	0.06002	0.03187	0.23510	0.10703	0.00526	0.00830	0.35055	0.00536	0.00603
32	0.01770	0.00988	0.01392	0.01220	0.01482	0.01005	0.02798	0.02000	0.01581	0.23889	0.09074	0.12305	0.06647	0.02145	0.15364	0.03073	0.08411	0.00986	0.03043	0.00827
33	0.01550	0.01593	0.08799	0.13396	0.17068	0.01456	0.05369	0.10762	0.06389	0.02436	0.02749	0.05902	0.14958	0.01056	0.00813	0.02668	0.00754	0.00877	0.00488	0.00916
34	0.02028	0.01974	0.02159	0.04821	0.25195	0.17769	0.01569	0.14074	0.05179	0.02566	0.01802	0.02233	0.03889	0.00856	0.00755	0.00215	0.03308	0.03870	0.04757	0.00983
35	0.42651	0.08660	0.01707	0.05639	0.01852	0.12232	0.01109	0.04107	0.01412	0.02575	0.01037	0.01295	0.00854	0.00762	0.00775	0.00223	0.11451	0.00453	0.00399	0.00808
36	0.02052	0.01464	0.01716	0.01700	0.09932	0.05401	0.01201	0.11316	0.19062	0.16544	0.14472	0.03118	0.02702	0.01033	0.00751	0.00229	0.00641	0.04943	0.00696	0.01027

[dist]
# distance from previous block
# <min> <max>
0	1

[block]
# block no. 6 follows, 29 sequences, length 125
# corresponding to MSA columns:
# 223-347
name=unknown_G
#
# <colnr> <probs for GDERKNQSTAVLIFYWHMCP>
#	G	D	E	R	K	N	Q	S	T	A	V	L	I	F	Y	W	H	M	C	P
0	0.01073	0.00757	0.01035	0.01154	0.03755	0.00751	0.00801	0.03398	0.01434	0.01925	0.07991	0.33350	0.08224	0.02450	0.10280	0.12617	0.00677	0.07156	0.00569	0.00601
1	0.04407	0.01189	0.01388	0.01203	0.01536	0.03459	0.03009	0.09648	0.09138	0.10141	0.20335	0.11785	0.07395	0.03357	0.00849	0.00240	0.00553	0.03273	0.00679	0.06414
2	0.01748	0.01682	0.02840	0.04193	0.65664	0.01727	0.02141	0.02152	0.01584	0.02283	0.01311	0.01748	0.01114	0.00678	0.00821	0.00219	0.06010	0.00634	0.00350	0.01103
3	0.00990	0.00742	0.00939	0.01035	0.01183	0.00702	0.00803	0.01264	0.03385	0.02080	0.11462	0.29037	0.19349	0.01937	0.00906	0.00283	0.00475	0.22124	0.00674	0.00632
4	0.01635	0.01485	0.02453	0.10844	0.36073	0.01525	0.08311	0.06600	0.03934	0.02368	0.06423	0.04947	0.01732	0.03439	0.00945	0.04314	0.00809	0.00773	0.00429	0.00961
5	0.01739	0.01833	0.07740	0.04205	0.65750	0.01689	0.02217	0.02190	0.01613	0.02321	0.01335	0.01744	0.01112	0.00637	0.00703	0.00212	0.00861	0.00627	0.00349	0.01123
6	0.01123	0.00875	0.01075	0.01052	0.01283	0.00786	0.00764	0.01443	0.06368	0.02034	0.03047	0.41852	0.03404	0.05418	0.00939	0.00260	0.00485	0.05681	0.00590	0.21523
7	0.02685	0.01252	0.01610	0.01236	0.01792	0.01090	0.01009	0.03125	0.07922	0.49643	0.02473	0.02234	0.01642	0.00810	0.00675	0.00197	0.00585	0.00659	0.00765	0.18599
8	0.02660	0.03394	0.02018	0.01834	0.02201	0.72116	0.01376	0.02843	0.02018	0.01743	0.01101	0.01284	0.00917	0.00734	0.00642	0.00183	0.01284	0.00459	0.00367	0.00825
9	0.00941	0.00714	0.00832	0.00845	0.01015	0.00645	0.00624	0.01108	0.01561	0.01988	0.16312	0.10958	0.38006	0.06954	0.04081	0.06105	0.00484	0.05616	0.00629	0.00583
10	0.01189	0.00731	0.01067	0.01066	0.01171	0.00791	0.00806	0.01271	0.01159	0.03993	0.01879	0.02956	0.01776	0.03780	0.38344	0.26281	0.01273	0.05470	0.04444	0.00553
11	0.80005	0.01377	0.01047	0.00936	0.01377	0.01597	0.00771	0.02093	0.01212	0.03195	0.00991	0.01157	0.00771	0.00661	0.00441	0.00220	0.00551	0.00386	0.00441	0.00771
12	0.01054	0.00751	0.00927	0.00890	0.01093	0.00677	0.00683	0.01343	0.01879	0.05124	0.45123	0.05835	0.24285	0.01568	0.00846	0.00236	0.00376	0.05897	0.00744	0.00671
13	0.00987	0.00709	0.00850	0.00878	0.01046	0.00629	0.00634	0.01189	0.01645	0.04962	0.20922	0.29359	0.29936	0.01828	0.00859	0.00252	0.00383	0.01597	0.00699	0.00635
14	0.03040	0.01178	0.01603	0.01241	0.01764	0.01020	0.01020	0.03319	0.02036	0.66193	0.07585	0.02629	0.02114	0.00922	0.00725	0.00221	0.00587	0.00757	0.00874	0.01174
15	0.01060	0.00773	0.01017	0.01150	0.01267	0.00772	0.00891	0.01399	0.06278	0.02012	0.03699	0.37345	0.04159	0.05777	0.01068	0.00323	0.00542	0.29174	0.00651	0.00643
16	0.11525	0.00912	0.01060	0.00990	0.01243	0.00883	0.00738	0.01822	0.04346	0.16383	0.14725	0.20753	0.11486	0.08664	0.01049	0.00287	0.00484	0.01213	0.00679	0.00759
17	0.01158	0.00694	0.00929	0.01026	0.01131	0.00637	0.00709	0.01301	0.01448	0.10455	0.03785	0.65514	0.04342	0.02062	0.00885	0.00281	0.00437	0.01861	0.00688	0.00657
18	0.01029	0.00687	0.00779	0.00786	0.00787	0.00686	0.00441	0.01034	0.01049	0.01399	0.02313	0.07543	0.02676	0.71972	0.03512	0.00674	0.00679	0.01076	0.00441	0.00438
19	0.06654	0.00745	0.00869	0.00895	0.01044	0.00707	0.00633	0.01268	0.01527	0.04637	0.18090	0.29943	0.15612	0.10116	0.01139	0.00301	0.00434	0.01455	0.03306	0.00625
20	0.00971	0.00674	0.00854	0.00933	0.01035	0.00619	0.00642	0.01132	0.01499	0.04153	0.14510	0.47215	0.13837	0.07132	0.01074	0.00298	0.00420	0.01727	0.00671	0.00606
21	0.00842	0.00721	0.00721	0.00721	0.00962	0.00601	0.00541	0.01022	0.01623	0.01924	0.07213	0.06853	0.70244	0.01803	0.00842	0.00240	0.00361	0.01503	0.00661	0.00601
22	0.34818	0.01246	0.01352	0.01104	0.01582	0.01248	0.00906	0.02750	0.01695	0.38129	0.06833	0.02105	0.01704	0.00831	0.00611	0.00221	0.00564	0.00620	0.00692	0.00991
23	0.01325	0.00808	0.00964	0.00885	0.01135	0.00713	0.00670	0.01552	0.01749	0.14205	0.23411	0.05471	0.32473	0.08559	0.01089	0.00278	0.00436	0.02853	0.00712	0.00713
24	0.01897	0.01592	0.01681	0.01475	0.01900	0.01830	0.01158	0.12448	0.60378	0.03182	0.02738	0.02529	0.02044	0.00951	0.00723	0.00238	0.00593	0.00783	0.00723	0.01138
25	0.02707	0.01995	0.02137	0.01638	0.02208	0.02208	0.01353	0.68159	0.03348	0.04488	0.01710	0.01710	0.01211	0.00855	0.00712	0.00214	0.00784	0.00641	0.00712	0.01211
26	0.00909	0.00685	0.00841	0.00884	0.01024	0.00617	0.00632	0.01122	0.01661	0.02208	0.27879	0.31961	0.23292	0.01844	0.00866	0.00253	0.00372	0.01626	0.00704	0.00617
27	0.01826	0.01661	0.02176	0.23267	0.06775	0.07439	0.07727	0.16182	0.01915	0.02545	0.01367	0.01720	0.01058	0.00753	0.00753	0.03057	0.00856	0.00594	0.00434	0.17895
28	0.03815	0.01450	0.02311	0.04756	0.21989	0.03802	0.13402	0.02147	0.03597	0.10052	0.04076	0.02490	0.01657	0.06607	0.10061	0.00372	0.00976	0.02566	0.00462	0.03410
29	0.01282	0.00818	0.00985	0.00914	0.01134	0.00753	0.00682	0.01584	0.04476	0.11061	0.28933	0.05254	0.22576	0.12704	0.01250	0.00304	0.00452	0.03434	0.00702	0.00703
30	0.01345	0.01266	0.02136	0.73264	0.04904	0.01582	0.01978	0.01819	0.01424	0.01819	0.01266	0.01898	0.00949	0.00712	0.00712	0.00237	0.00949	0.00633	0.00316	0.00791
31	0.01345	0.01266	0.02136	0.73264	0.04904	0.01582	0.01978	0.01819	0.01424	0.01819	0.01266	0.01898	0.00949	0.00712	0.00712	0.00237	0.00949	0.00633	0.00316	0.00791
32	0.01279	0.00992	0.01342	0.15478	0.03899	0.03399	0.01060	0.03539	0.01404	0.01865	0.07092	0.07700	0.06928	0.04756	0.09024	0.19261	0.03225	0.04207	0.02927	0.00623
33	0.02364	0.02697	0.02034	0.11149	0.02510	0.46854	0.03303	0.10898	0.02023	0.02083	0.01219	0.01500	0.00986	0.00866	0.00818	0.05805	0.01127	0.00527	0.00400	0.00837
34	0.01032	0.00705	0.00851	0.00851	0.00877	0.00731	0.00524	0.01083	0.01058	0.01436	0.02176	0.04284	0.02425	0.60908	0.17468	0.00782	0.00936	0.00980	0.00421	0.00473
35	0.01493	0.01473	0.02644	0.42138	0.15231	0.01601	0.15702	0.01974	0.01514	0.02035	0.01314	0.01851	0.01013	0.00663	0.00724	0.00224	0.00955	0.00661	0.00339	0.06451
36	0.01079	0.00753	0.00960	0.00993	0.01134	0.00720	0.00711	0.01426	0.06611	0.05094	0.28104	0.38858	0.07258	0.01786	0.00860	0.00257	0.00402	0.01596	0.00719	0.00679
37	0.01036	0.00690	0.00777	0.00777	0.00777	0.00690	0.00431	0.01036	0.01036	0.01381	0.02244	0.04660	0.02589	0.74975	0.03624	0.00690	0.00690	0.01036	0.00431	0.00431
38	0.01017	0.00763	0.01144	0.01144	0.01272	0.00890	0.00890	0.01272	0.01144	0.01653	0.01907	0.02797	0.01780	0.05340	0.72153	0.01144	0.01907	0.00763	0.00381	0.00636
39	0.03873	0.00880	0.01142	0.01094	0.01284	0.00985	0.00856	0.07368	0.01422	0.02103	0.02280	0.02910	0.06485	0.03978	0.49526	0.00846	0.01459	0.00779	0.10038	0.00693
40	0.01095	0.00797	0.00962	0.00902	0.01118	0.00741	0.00682	0.01501	0.06404	0.05093	0.47161	0.05428	0.22453	0.01491	0.00828	0.00229	0.00367	0.01290	0.00752	0.00704
41	0.01558	0.01558	0.02181	0.01869	0.01869	0.02181	0.01558	0.01714	0.01091	0.01714	0.00935	0.01558	0.00935	0.01246	0.02337	0.00312	0.73672	0.00623	0.00312	0.00779
42	0.01017	0.00763	0.01144	0.01144	0.01272	0.00890	0.00890	0.01272	0.01144	0.01653	0.01907	0.02797	0.01780	0.05340	0.72153	0.01144	0.01907	0.00763	0.00381	0.00636
43	0.01103	0.00799	0.00943	0.00928	0.01125	0.00740	0.00684	0.05835	0.01785	0.04704	0.22309	0.25570	0.27343	0.01738	0.00847	0.00248	0.00407	0.01511	0.00705	0.00677
44	0.16442	0.01560	0.01667	0.01321	0.01811	0.01669	0.01080	0.34687	0.02453	0.18106	0.01885	0.01939	0.01347	0.03169	0.00738	0.00227	0.00662	0.00626	0.07551	0.01060
45	0.01771	0.01530	0.01610	0.01449	0.01852	0.01771	0.01127	0.03784	0.69247	0.02979	0.02898	0.02657	0.02174	0.00966	0.00725	0.00242	0.00564	0.00805	0.00725	0.01127
46	0.01228	0.00623	0.00929	0.00926	0.00933	0.00621	0.00621	0.00945	0.00972	0.01303	0.04033	0.02293	0.01459	0.02432	0.02704	0.76075	0.00607	0.00646	0.00328	0.00324
47	0.01349	0.00829	0.01068	0.01093	0.01263	0.00799	0.00804	0.03985	0.05090	0.11672	0.08405	0.43573	0.04043	0.04797	0.00978	0.00290	0.00491	0.08047	0.00696	0.00726
48	0.01999	0.01596	0.01696	0.01430	0.01871	0.01783	0.01139	0.26965	0.36540	0.03421	0.04763	0.02804	0.08751	0.01023	0.00735	0.00231	0.00617	0.00828	0.00715	0.01093
49	0.00979	0.00722	0.00916	0.00878	0.01049	0.00658	0.00654	0.01285	0.01933	0.02684	0.58780	0.08811	0.14925	0.01538	0.00843	0.00229	0.00343	0.01351	0.00762	0.00658
50	0.03667	0.00731	0.00864	0.00856	0.01021	0.00674	0.00621	0.01213	0.01719	0.02366	0.36896	0.15122	0.22501	0.07321	0.01052	0.00273	0.00388	0.01395	0.00696	0.00625
51	0.01076	0.00676	0.00890	0.00999	0.01085	0.00631	0.00689	0.01221	0.01412	0.06912	0.03685	0.60169	0.04243	0.05804	0.01020	0.00301	0.00447	0.04221	0.03896	0.00624
52	0.00887	0.00666	0.00822	0.00904	0.01020	0.00602	0.00632	0.01065	0.01552	0.02038	0.17061	0.44119	0.22091	0.01976	0.00879	0.00264	0.00385	0.01752	0.00684	0.00602
53	0.01468	0.01452	0.02265	0.01888	0.02016	0.01871	0.10927	0.01707	0.01186	0.01783	0.01200	0.01856	0.01123	0.01966	0.15968	0.00467	0.49068	0.00682	0.00332	0.00777
54	0.00990	0.00710	0.00961	0.01001	0.01079	0.00747	0.00710	0.01157	0.01248	0.01725	0.07530	0.20520	0.03116	0.22186	0.30162	0.00732	0.01086	0.03271	0.00499	0.00573
55	0.01558	0.01558	0.02181	0.01869	0.01869	0.02181	0.01558	0.01714	0.01091	0.01714	0.00935	0.01558	0.00935	0.01246	0.02337	0.00312	0.73672	0.00623	0.00312	0.00779
56	0.03081	0.01395	0.01766	0.01354	0.01909	0.01318	0.01118	0.18580	0.02344	0.55484	0.02552	0.02257	0.01634	0.00875	0.00715	0.00219	0.00647	0.00699	0.00842	0.01212
57	0.01382	0.01304	0.02203	0.67104	0.10772	0.01592	0.01996	0.01852	0.01441	0.01865	0.01272	0.01886	0.00965	0.00705	0.00711	0.00235	0.00940	0.00633	0.00320	0.00821
58	0.01477	0.01266	0.01477	0.01055	0.01687	0.00949	0.00844	0.01793	0.01477	0.02320	0.01266	0.01477	0.01055	0.00527	0.00527	0.00105	0.00527	0.00422	0.00422	0.79328
59	0.40281	0.01587	0.01408	0.01144	0.01653	0.06602	0.00926	0.12350	0.01677	0.03045	0.01188	0.01342	0.00930	0.00659	0.00522	0.00184	0.00633	0.00441	0.00472	0.22954
60	0.01091	0.00766	0.00902	0.00866	0.01097	0.00674	0.00668	0.01346	0.01797	0.07178	0.29608	0.06065	0.37445	0.01623	0.00842	0.00239	0.00390	0.06007	0.00721	0.00674
61	0.01766	0.01541	0.01632	0.03921	0.01917	0.06414	0.01037	0.12794	0.11580	0.02678	0.01698	0.05450	0.01416	0.00753	0.00620	0.00162	0.00638	0.00605	0.00517	0.42861
62	0.01071	0.00813	0.01112	0.01112	0.01257	0.00909	0.00855	0.01429	0.06192	0.01776	0.02524	0.03640	0.06912	0.11525	0.49837	0.00910	0.01486	0.05538	0.00451	0.00650
63	0.01011	0.00758	0.01109	0.01107	0.01236	0.00865	0.00854	0.01257	0.01189	0.01696	0.04477	0.03100	0.04556	0.07422	0.64692	0.01063	0.01754	0.00818	0.00408	0.00629
64	0.01855	0.01508	0.01607	0.01421	0.01821	0.01720	0.01105	0.08279	0.58428	0.05582	0.02775	0.02683	0.02110	0.04769	0.00873	0.00262	0.00588	0.00802	0.00714	0.01100
65	0.04702	0.01094	0.01327	0.01145	0.01500	0.01068	0.00890	0.04839	0.12881	0.29205	0.10329	0.11976	0.05105	0.05518	0.00910	0.00258	0.00532	0.00986	0.04785	0.00950
66	0.01177	0.00773	0.01002	0.01082	0.01221	0.00739	0.00812	0.03832	0.01555	0.06887	0.03875	0.42103	0.08843	0.05738	0.01041	0.00308	0.00510	0.17176	0.00665	0.00660
67	0.02544	0.03050	0.01905	0.01716	0.02079	0.60771	0.01296	0.07369	0.02065	0.02019	0.01253	0.01437	0.01019	0.00751	0.00634	0.00184	0.01163	0.00490	0.07415	0.00838
68	0.03443	0.00740	0.00858	0.00812	0.01005	0.00707	0.00615	0.01567	0.01768	0.05515	0.35678	0.04065	0.06763	0.01170	0.00685	0.00201	0.00352	0.00995	0.32372	0.00691
69	0.01876	0.01107	0.01309	0.01138	0.01464	0.01104	0.00874	0.09411	0.13178	0.20577	0.11077	0.11139	0.09132	0.09222	0.01071	0.00282	0.00542	0.01037	0.03555	0.00905
70	0.00856	0.00693	0.00760	0.00804	0.00986	0.00598	0.00580	0.01027	0.01566	0.01932	0.08889	0.25781	0.49226	0.01909	0.00860	0.00253	0.00374	0.01640	0.00666	0.00598
71	0.00868	0.00620	0.00826	0.00991	0.01033	0.00578	0.00661	0.00991	0.01363	0.01818	0.03925	0.74510	0.04710	0.02231	0.00909	0.00289	0.00413	0.02024	0.00661	0.00578
72	0.01359	0.00968	0.01132	0.01081	0.01318	0.00965	0.00813	0.10361	0.08602	0.06476	0.13744	0.28394	0.16904	0.01641	0.00832	0.00253	0.00474	0.03204	0.00705	0.00774
