[name]
unknown

[dist]
# distance from previous block
# <min> <max>
0	25

[block]
# block no. 0 follows, 26 sequences, length 11
# corresponding to MSA columns:
# 28-38
name=unknown_A
#
# <colnr> <probs for GDERKNQSTAVLIFYWHMCP>
#	G	D	E	R	K	N	Q	S	T	A	V	L	I	F	Y	W	H	M	C	P
0	0.01977	0.18268	0.18373	0.01641	0.02289	0.07344	0.01632	0.14936	0.06262	0.02767	0.05410	0.02520	0.01797	0.00939	0.00711	0.00222	0.00872	0.06745	0.00514	0.04781
1	0.01571	0.04901	0.05325	0.06724	0.04569	0.01355	0.08717	0.02024	0.05481	0.06533	0.09229	0.06589	0.07142	0.08041	0.01177	0.00280	0.05490	0.00930	0.04768	0.09153
2	0.01643	0.03955	0.01841	0.01451	0.01810	0.01303	0.09914	0.09583	0.08346	0.06464	0.12599	0.13698	0.05394	0.12796	0.01311	0.00322	0.00685	0.01131	0.00639	0.05116
3	0.01539	0.01182	0.01265	0.01129	0.01483	0.05343	0.00872	0.01956	0.06841	0.08136	0.11449	0.12695	0.14872	0.01355	0.00784	0.00224	0.00548	0.05179	0.05103	0.18043
4	0.01146	0.00878	0.01201	0.11464	0.01804	0.00878	0.00971	0.01365	0.01458	0.01958	0.03125	0.31989	0.03515	0.15164	0.01451	0.00367	0.00635	0.11870	0.00579	0.08184
5	0.02272	0.01696	0.02063	0.07120	0.02360	0.01845	0.05940	0.39712	0.02765	0.03803	0.02105	0.06263	0.01720	0.01016	0.00760	0.00234	0.00778	0.03977	0.12491	0.01079
6	0.01887	0.01629	0.01715	0.01544	0.01972	0.01887	0.01201	0.04031	0.67241	0.03173	0.03087	0.02830	0.02315	0.01029	0.00772	0.00257	0.00600	0.00858	0.00772	0.01201
7	0.01573	0.01348	0.01573	0.01123	0.01798	0.01011	0.00899	0.01910	0.01573	0.02472	0.01348	0.01573	0.01123	0.00562	0.00562	0.00112	0.00562	0.00449	0.00449	0.77980
8	0.01681	0.01625	0.02321	0.10801	0.29097	0.05772	0.04724	0.02167	0.05476	0.02340	0.02310	0.05922	0.08754	0.00912	0.00753	0.00220	0.00812	0.00823	0.00459	0.13033
9	0.02360	0.01757	0.02333	0.10504	0.07873	0.01969	0.05090	0.24622	0.09124	0.13007	0.01899	0.02055	0.01391	0.00937	0.01023	0.00252	0.11326	0.00720	0.00621	0.01137
10	0.01909	0.05605	0.02896	0.08612	0.28740	0.12976	0.11310	0.02290	0.01703	0.02190	0.01508	0.06317	0.01354	0.00869	0.00943	0.00240	0.08384	0.00758	0.00390	0.01007

[dist]
# distance from previous block
# <min> <max>
2	6

[block]
# block no. 1 follows, 26 sequences, length 14
# corresponding to MSA columns:
# 45-58
name=unknown_B
#
# <colnr> <probs for GDERKNQSTAVLIFYWHMCP>
#	G	D	E	R	K	N	Q	S	T	A	V	L	I	F	Y	W	H	M	C	P
0	0.01828	0.10642	0.05424	0.06651	0.02037	0.19474	0.01235	0.02153	0.03888	0.06219	0.08093	0.23820	0.02852	0.01334	0.00781	0.00241	0.00819	0.01113	0.00556	0.00842
1	0.02021	0.08138	0.09139	0.01564	0.03644	0.01754	0.01346	0.20558	0.13557	0.06666	0.04954	0.09258	0.05618	0.01075	0.00749	0.00229	0.00711	0.00878	0.00645	0.07498
2	0.01231	0.00867	0.01141	0.01136	0.01368	0.00778	0.02854	0.01470	0.01681	0.07120	0.06932	0.28273	0.21568	0.01901	0.00921	0.00281	0.00523	0.14040	0.00700	0.05214
3	0.01748	0.08123	0.01946	0.01459	0.06510	0.07432	0.01085	0.02072	0.01632	0.02355	0.01311	0.01544	0.01102	0.00597	0.00579	0.00132	0.00680	0.00465	0.00428	0.58800
4	0.06835	0.01422	0.03425	0.05329	0.05671	0.04290	0.01110	0.13901	0.05256	0.06300	0.09473	0.11646	0.04599	0.13681	0.01310	0.00328	0.00698	0.01018	0.02827	0.00880
5	0.01847	0.01719	0.01820	0.05496	0.06013	0.08025	0.01242	0.03026	0.32116	0.02710	0.02143	0.02180	0.01661	0.00817	0.00693	0.00202	0.00700	0.00668	0.00583	0.26339
6	0.08831	0.01563	0.06882	0.01194	0.01884	0.01135	0.01042	0.01979	0.01549	0.02554	0.01322	0.01543	0.01082	0.00588	0.00566	0.00134	0.00608	0.00455	0.00441	0.64652
7	0.02070	0.01879	0.01692	0.01478	0.01847	0.16538	0.01122	0.21775	0.05542	0.02872	0.02331	0.19695	0.02302	0.06935	0.01021	0.00271	0.00808	0.01027	0.00612	0.08183
8	0.01812	0.01736	0.02961	0.14433	0.59343	0.01785	0.02295	0.02271	0.01696	0.02399	0.01415	0.01898	0.01174	0.00688	0.00752	0.00229	0.00917	0.00676	0.00370	0.01149
9	0.01428	0.04025	0.02025	0.15512	0.25596	0.01346	0.01519	0.01724	0.01504	0.02041	0.02251	0.20097	0.02377	0.13689	0.01334	0.00337	0.00775	0.01108	0.00463	0.00851
10	0.38945	0.03740	0.01306	0.01095	0.01509	0.05457	0.00873	0.03984	0.05752	0.02977	0.05281	0.06467	0.05368	0.00948	0.00598	0.00222	0.00595	0.00700	0.06713	0.07468
11	0.01778	0.01537	0.02174	0.17201	0.19574	0.01655	0.01621	0.11534	0.06753	0.02667	0.05218	0.02369	0.01678	0.06556	0.01081	0.00267	0.04739	0.00733	0.00491	0.10374
12	0.01902	0.01626	0.02135	0.02652	0.27264	0.06926	0.01557	0.11601	0.04066	0.05951	0.02213	0.16175	0.02104	0.01629	0.08367	0.00349	0.00937	0.00983	0.00544	0.01020
13	0.04879	0.03906	0.01787	0.05589	0.05660	0.05199	0.01172	0.20546	0.05455	0.02995	0.02590	0.07032	0.09741	0.05319	0.00912	0.00247	0.00714	0.00854	0.03051	0.12352

[dist]
# distance from previous block
# <min> <max>
7	16

[block]
# block no. 2 follows, 26 sequences, length 6
# corresponding to MSA columns:
# 84-89
name=unknown_C
#
# <colnr> <probs for GDERKNQSTAVLIFYWHMCP>
#	G	D	E	R	K	N	Q	S	T	A	V	L	I	F	Y	W	H	M	C	P
0	0.02477	0.01923	0.02048	0.01663	0.02198	0.02163	0.01344	0.40814	0.29496	0.04126	0.02337	0.02232	0.01708	0.00959	0.00764	0.00240	0.00739	0.00754	0.00764	0.01254
1	0.01612	0.01383	0.01591	0.01176	0.01819	0.01120	0.00936	0.02174	0.09744	0.02559	0.01565	0.01729	0.01272	0.00620	0.00588	0.00130	0.00567	0.00500	0.00490	0.68426
2	0.02371	0.01730	0.01839	0.01459	0.01957	0.01870	0.01189	0.47573	0.03026	0.04084	0.02933	0.02903	0.13261	0.01087	0.00758	0.00227	0.00703	0.00849	0.09070	0.01111
3	0.01735	0.01620	0.02712	0.03998	0.56629	0.01609	0.02042	0.02169	0.01802	0.02578	0.13286	0.02550	0.02259	0.00831	0.00776	0.00228	0.00805	0.00799	0.00457	0.01115
4	0.02208	0.01970	0.02353	0.09965	0.08114	0.13783	0.09458	0.12387	0.02088	0.09422	0.01702	0.02113	0.01337	0.00801	0.00735	0.00211	0.00930	0.03339	0.00521	0.16564
5	0.01688	0.01438	0.01820	0.01539	0.01749	0.01706	0.01224	0.12472	0.01636	0.02361	0.01644	0.06051	0.01617	0.13103	0.06284	0.00402	0.30018	0.00795	0.00466	0.11987

[dist]
# distance from previous block
# <min> <max>
15	67

[block]
# block no. 3 follows, 26 sequences, length 9
# corresponding to MSA columns:
# 187-195
name=unknown_D
#
# <colnr> <probs for GDERKNQSTAVLIFYWHMCP>
#	G	D	E	R	K	N	Q	S	T	A	V	L	I	F	Y	W	H	M	C	P
0	0.01800	0.06046	0.09120	0.08278	0.02457	0.01634	0.05774	0.14805	0.01933	0.02701	0.01682	0.02422	0.01464	0.07195	0.01069	0.00255	0.04298	0.04606	0.00486	0.21974
1	0.07974	0.06241	0.14527	0.13567	0.18235	0.01759	0.01853	0.10633	0.01814	0.02627	0.01667	0.07587	0.01451	0.01204	0.05395	0.00303	0.00958	0.00747	0.00444	0.01014
2	0.01401	0.00906	0.01130	0.01112	0.01346	0.00854	0.00818	0.01766	0.07352	0.11342	0.04114	0.35907	0.13951	0.02163	0.06973	0.00353	0.00621	0.01536	0.00700	0.05654
3	0.02129	0.13377	0.06318	0.01883	0.07921	0.15377	0.01458	0.12946	0.13596	0.02608	0.01750	0.02072	0.01451	0.05956	0.04545	0.00306	0.04123	0.00659	0.00505	0.01019
4	0.08716	0.15710	0.06720	0.01483	0.01966	0.05387	0.04620	0.19450	0.02075	0.02872	0.01946	0.12187	0.01832	0.06884	0.00952	0.00266	0.00790	0.00846	0.04352	0.00948
5	0.02124	0.35082	0.16999	0.01883	0.08175	0.02477	0.01735	0.18286	0.02077	0.02723	0.01343	0.01506	0.01070	0.00732	0.00626	0.00200	0.00889	0.00531	0.00437	0.01103
6	0.05934	0.38850	0.08862	0.01519	0.02103	0.18546	0.01412	0.06730	0.01792	0.02122	0.01232	0.01526	0.01081	0.04543	0.00749	0.00215	0.00956	0.00495	0.00383	0.00951
7	0.08507	0.24237	0.19335	0.04579	0.05221	0.06534	0.01606	0.02203	0.01582	0.02254	0.01486	0.06049	0.01303	0.00806	0.00619	0.00204	0.00846	0.00609	0.05838	0.06182
8	0.01676	0.01430	0.04796	0.04261	0.01828	0.01418	0.01104	0.15573	0.18711	0.02985	0.03669	0.13143	0.15497	0.01327	0.00792	0.00248	0.00601	0.01111	0.08876	0.00955

[dist]
# distance from previous block
# <min> <max>
30	57

[block]
# block no. 4 follows, 26 sequences, length 7
# corresponding to MSA columns:
# 265-271
name=unknown_E
#
# <colnr> <probs for GDERKNQSTAVLIFYWHMCP>
#	G	D	E	R	K	N	Q	S	T	A	V	L	I	F	Y	W	H	M	C	P
0	0.04429	0.01564	0.13036	0.01305	0.01691	0.05488	0.01196	0.01784	0.01694	0.07768	0.08529	0.18667	0.16264	0.01842	0.05460	0.00328	0.00753	0.06775	0.00617	0.00809
1	0.02065	0.14796	0.08209	0.02337	0.13613	0.13307	0.07823	0.10189	0.04427	0.02459	0.01578	0.06298	0.01384	0.00900	0.00877	0.00230	0.07328	0.00713	0.00445	0.01025
2	0.01946	0.30745	0.03118	0.09765	0.19405	0.07632	0.01686	0.02391	0.06154	0.02084	0.01326	0.01635	0.01131	0.00765	0.00798	0.00212	0.07253	0.00564	0.00376	0.01013
3	0.11157	0.09388	0.27441	0.01598	0.02274	0.01735	0.01706	0.09815	0.06109	0.02825	0.09816	0.02607	0.02075	0.04375	0.00861	0.00260	0.00826	0.03630	0.00508	0.00994
4	0.01972	0.05818	0.10576	0.01453	0.01938	0.06259	0.01281	0.02923	0.23731	0.14194	0.06742	0.06342	0.06256	0.05949	0.00973	0.00275	0.00716	0.00904	0.00666	0.01031
5	0.01179	0.00798	0.01012	0.01076	0.01200	0.00782	0.00757	0.01448	0.05361	0.05937	0.03849	0.40281	0.08982	0.12712	0.08014	0.00447	0.00663	0.04162	0.00658	0.00679
6	0.02352	0.02821	0.23864	0.02160	0.08582	0.08897	0.01960	0.33660	0.02630	0.03520	0.01574	0.01710	0.01145	0.00816	0.00738	0.00228	0.00986	0.00624	0.00547	0.01187

[dist]
# distance from previous block
# <min> <max>
10	68

[block]
# block no. 5 follows, 26 sequences, length 17
# corresponding to MSA columns:
# 370-386
name=unknown_F
#
# <colnr> <probs for GDERKNQSTAVLIFYWHMCP>
#	G	D	E	R	K	N	Q	S	T	A	V	L	I	F	Y	W	H	M	C	P
0	0.01732	0.01442	0.02022	0.21429	0.09513	0.01714	0.01561	0.13234	0.01797	0.02541	0.01614	0.02233	0.01351	0.05297	0.06573	0.00353	0.14541	0.00712	0.09436	0.00906
1	0.01543	0.01973	0.17083	0.12814	0.12309	0.01601	0.06542	0.04180	0.05991	0.02280	0.02286	0.02841	0.08622	0.09381	0.01279	0.00309	0.06759	0.00828	0.00439	0.00941
2	0.01862	0.01758	0.01871	0.01687	0.09690	0.10607	0.01176	0.06137	0.01794	0.02534	0.01363	0.01596	0.01123	0.00627	0.00613	0.00144	0.00728	0.00496	0.00452	0.53742
3	0.01712	0.06908	0.01839	0.04570	0.09096	0.01421	0.03588	0.11583	0.01889	0.02769	0.02328	0.07157	0.05861	0.00974	0.00729	0.00206	0.02943	0.00804	0.23741	0.09884
4	0.01786	0.01886	0.02425	0.07461	0.02399	0.10169	0.05410	0.02010	0.01341	0.01873	0.01075	0.01676	0.01004	0.01180	0.02052	0.00305	0.54103	0.00658	0.00342	0.00848
5	0.01536	0.01473	0.02612	0.39626	0.08719	0.01685	0.14588	0.02017	0.01551	0.02124	0.01476	0.02089	0.01158	0.00992	0.03862	0.00293	0.06512	0.00726	0.06076	0.00886
6	0.01763	0.01528	0.04267	0.11740	0.09175	0.03621	0.08314	0.09333	0.06581	0.07163	0.02300	0.09180	0.03985	0.06997	0.10231	0.00413	0.01009	0.00927	0.00533	0.00939
7	0.01722	0.06876	0.02027	0.02092	0.16858	0.01425	0.03751	0.11913	0.01922	0.06735	0.02881	0.30741	0.04983	0.01454	0.00831	0.00257	0.00679	0.01299	0.00611	0.00942
8	0.02016	0.10738	0.08251	0.03184	0.32629	0.02049	0.08779	0.12394	0.07539	0.02800	0.01590	0.01866	0.01258	0.00739	0.00735	0.00225	0.00912	0.00674	0.00459	0.01162
9	0.01896	0.01402	0.01650	0.01199	0.01857	0.01128	0.00967	0.07114	0.01800	0.10716	0.01584	0.01714	0.01228	0.00634	0.00601	0.00136	0.00593	0.00505	0.00533	0.62742
10	0.03963	0.01483	0.04512	0.02777	0.31893	0.01387	0.03636	0.02029	0.06816	0.02397	0.03128	0.13468	0.14432	0.01187	0.00800	0.00244	0.00711	0.01071	0.00521	0.03544
11	0.01887	0.01666	0.02808	0.19204	0.49885	0.01728	0.02193	0.02338	0.01712	0.07070	0.01520	0.01959	0.01207	0.00713	0.00753	0.00232	0.00907	0.00682	0.00407	0.01128
12	0.02470	0.01835	0.02048	0.04347	0.02289	0.01906	0.01304	0.41494	0.05763	0.06953	0.01792	0.01846	0.01309	0.00822	0.00709	0.00201	0.00753	0.00634	0.00672	0.20853
13	0.01128	0.00927	0.00944	0.00882	0.01179	0.00840	0.00677	0.08672	0.01943	0.02368	0.07000	0.06661	0.60485	0.01803	0.00880	0.00253	0.00437	0.01494	0.00711	0.00716
14	0.00922	0.00667	0.00873	0.01037	0.01095	0.00618	0.00696	0.01058	0.01471	0.01944	0.04415	0.68467	0.09246	0.02346	0.00963	0.00305	0.00436	0.02119	0.00704	0.00618
15	0.01915	0.01867	0.02561	0.09442	0.40611	0.08952	0.01931	0.04783	0.10123	0.02533	0.03814	0.04791	0.01638	0.00840	0.00760	0.00232	0.00885	0.00758	0.00465	0.01102
16	0.01328	0.01182	0.01508	0.23346	0.02581	0.05714	0.01246	0.03713	0.01626	0.02087	0.04378	0.29084	0.07250	0.01704	0.03956	0.00306	0.00773	0.02655	0.00545	0.05019

[dist]
# distance from previous block
# <min> <max>
0	3

[block]
# block no. 6 follows, 26 sequences, length 30
# corresponding to MSA columns:
# 390-419
name=unknown_G
#
# <colnr> <probs for GDERKNQSTAVLIFYWHMCP>
#	G	D	E	R	K	N	Q	S	T	A	V	L	I	F	Y	W	H	M	C	P
0	0.02312	0.01847	0.04655	0.01895	0.09150	0.04184	0.03409	0.20192	0.12484	0.12225	0.01980	0.02014	0.01455	0.00810	0.00717	0.00207	0.00763	0.00663	0.00634	0.18406
1	0.13614	0.18727	0.02602	0.02154	0.15776	0.12976	0.01494	0.06773	0.01797	0.08581	0.01375	0.01588	0.01105	0.00792	0.00803	0.00218	0.07599	0.00551	0.00453	0.01020
2	0.14003	0.01780	0.02013	0.11916	0.02552	0.02026	0.01411	0.36506	0.05134	0.06267	0.01703	0.01875	0.01255	0.01095	0.03921	0.00283	0.03876	0.00655	0.00626	0.01102
3	0.00924	0.00660	0.00880	0.01056	0.01100	0.00616	0.00704	0.01056	0.01452	0.01936	0.04181	0.72848	0.05017	0.02376	0.00968	0.00308	0.00440	0.02156	0.00704	0.00616
4	0.02833	0.03615	0.02149	0.01954	0.02345	0.70298	0.01466	0.03029	0.02149	0.01856	0.01172	0.01368	0.00977	0.00782	0.00684	0.00195	0.01368	0.00489	0.00391	0.00879
5	0.01016	0.00722	0.00962	0.01067	0.01129	0.00726	0.00741	0.01164	0.01356	0.01830	0.03373	0.40048	0.03884	0.17807	0.15177	0.00579	0.00834	0.06390	0.00594	0.00602
6	0.00919	0.00716	0.00835	0.00917	0.01067	0.00633	0.00645	0.01091	0.01617	0.02046	0.09151	0.38938	0.34480	0.02122	0.00931	0.00280	0.00410	0.01858	0.00711	0.00633
7	0.01113	0.00802	0.01070	0.01073	0.01251	0.00758	0.00851	0.01469	0.02040	0.02835	0.51002	0.06441	0.06409	0.01697	0.00936	0.00268	0.00449	0.18029	0.00798	0.00711
8	0.05731	0.12757	0.02386	0.06361	0.02396	0.10477	0.01409	0.33551	0.11557	0.03516	0.01738	0.01804	0.01307	0.00853	0.00699	0.00220	0.00865	0.00630	0.00611	0.01131
9	0.02978	0.01973	0.02183	0.01673	0.02277	0.02128	0.01382	0.54755	0.03313	0.16465	0.02034	0.01959	0.01397	0.00916	0.00760	0.00229	0.00800	0.00697	0.00791	0.01290
10	0.08401	0.01830	0.01942	0.01577	0.02081	0.02029	0.01272	0.44835	0.11831	0.04112	0.02218	0.10448	0.01841	0.01087	0.00763	0.00242	0.00736	0.00863	0.00732	0.01160
11	0.02221	0.02533	0.02329	0.26059	0.12756	0.34817	0.01806	0.04722	0.01922	0.02073	0.01291	0.01679	0.01031	0.00763	0.00721	0.00220	0.01161	0.00585	0.00383	0.00927
12	0.78701	0.01467	0.01115	0.00997	0.01467	0.01702	0.00821	0.02230	0.01291	0.03403	0.01056	0.01232	0.00821	0.00704	0.00469	0.00235	0.00587	0.00411	0.00469	0.00821
13	0.02870	0.02524	0.02242	0.01801	0.02350	0.20567	0.01448	0.49179	0.03186	0.03996	0.01647	0.01700	0.01206	0.00876	0.00739	0.00219	0.00978	0.00631	0.00660	0.01180
14	0.00967	0.00691	0.00917	0.01037	0.01104	0.00658	0.00706	0.01133	0.01520	0.02061	0.13414	0.54633	0.05010	0.06677	0.05339	0.00378	0.00542	0.01896	0.00691	0.00625
15	0.01893	0.10994	0.14390	0.06424	0.21363	0.11184	0.08325	0.02523	0.07490	0.02352	0.04763	0.01975	0.01476	0.00769	0.00729	0.00224	0.00982	0.00670	0.00418	0.01056
16	0.02138	0.64216	0.03725	0.01387	0.02001	0.12191	0.01321	0.02375	0.01624	0.01794	0.01071	0.01237	0.00974	0.00667	0.00514	0.00167	0.00887	0.00417	0.00334	0.00961
17	0.03403	0.01291	0.01760	0.01350	0.01936	0.01115	0.01115	0.03697	0.02171	0.69137	0.02992	0.02582	0.01878	0.00939	0.00763	0.00235	0.00645	0.00763	0.00939	0.01291
18	0.01887	0.01629	0.01715	0.01544	0.01972	0.01887	0.01201	0.04031	0.67241	0.03173	0.03087	0.02830	0.02315	0.01029	0.00772	0.00257	0.00600	0.00858	0.00772	0.01201
19	0.00896	0.00768	0.00768	0.00768	0.01025	0.00640	0.00576	0.01089	0.01729	0.02049	0.07684	0.07300	0.68304	0.01921	0.00896	0.00256	0.00384	0.01601	0.00704	0.00640
20	0.01098	0.00755	0.00929	0.00929	0.00964	0.00790	0.00586	0.01168	0.01133	0.01546	0.02297	0.04451	0.02535	0.55860	0.21040	0.00860	0.01070	0.01028	0.00446	0.00516
21	0.03403	0.01291	0.01760	0.01350	0.01936	0.01115	0.01115	0.03697	0.02171	0.69137	0.02992	0.02582	0.01878	0.00939	0.00763	0.00235	0.00645	0.00763	0.00939	0.01291
22	0.01887	0.01629	0.01715	0.01544	0.01972	0.01887	0.01201	0.04031	0.67241	0.03173	0.03087	0.02830	0.02315	0.01029	0.00772	0.00257	0.00600	0.00858	0.00772	0.01201
23	0.01521	0.03923	0.69413	0.02162	0.03283	0.01762	0.02802	0.02402	0.01601	0.02402	0.01361	0.01601	0.00961	0.00721	0.00721	0.00240	0.01121	0.00560	0.00320	0.01121
24	0.00918	0.00769	0.00798	0.00791	0.01038	0.00649	0.00593	0.01130	0.01779	0.02168	0.14957	0.07103	0.60956	0.01876	0.00896	0.00254	0.00381	0.01573	0.00720	0.00649
25	0.02833	0.03615	0.02149	0.01954	0.02345	0.70298	0.01466	0.03029	0.02149	0.01856	0.01172	0.01368	0.00977	0.00782	0.00684	0.00195	0.01368	0.00489	0.00391	0.00879
26	0.03124	0.01627	0.01955	0.01511	0.02097	0.01628	0.01244	0.27528	0.06175	0.41051	0.02550	0.02305	0.01677	0.00933	0.00762	0.00233	0.00715	0.00737	0.00861	0.01286
27	0.02108	0.01539	0.01673	0.01401	0.01818	0.01703	0.01123	0.31108	0.15140	0.03616	0.02448	0.02567	0.04296	0.01542	0.09083	0.00344	0.00821	0.00773	0.15841	0.01059
28	0.01698	0.01473	0.01406	0.01323	0.01605	0.11362	0.00998	0.09767	0.11866	0.05003	0.10897	0.23930	0.10637	0.01558	0.00850	0.00259	0.00648	0.03157	0.00698	0.00865
29	0.02671	0.05620	0.02210	0.07791	0.02470	0.13213	0.01431	0.29362	0.07746	0.14471	0.01902	0.01936	0.01368	0.00892	0.00797	0.00229	0.03428	0.00663	0.00656	0.01145

[dist]
# distance from previous block
# <min> <max>
0	12

[block]
# block no. 7 follows, 26 sequences, length 41
# corresponding to MSA columns:
# 432-472
name=unknown_H
#
# <colnr> <probs for GDERKNQSTAVLIFYWHMCP>
#	G	D	E	R	K	N	Q	S	T	A	V	L	I	F	Y	W	H	M	C	P
0	0.07026	0.05429	0.10015	0.03352	0.39542	0.06917	0.02020	0.05835	0.07858	0.02637	0.01533	0.01822	0.01231	0.00734	0.00714	0.00226	0.00903	0.00637	0.00431	0.01138
1	0.00984	0.00726	0.00923	0.00987	0.01118	0.00665	0.00708	0.01215	0.01755	0.02361	0.27537	0.36063	0.15801	0.01999	0.00934	0.00277	0.00412	0.04127	0.00751	0.00659
2	0.01573	0.01348	0.01573	0.01123	0.01798	0.01011	0.00899	0.01910	0.01573	0.02472	0.01348	0.01573	0.01123	0.00562	0.00562	0.00112	0.00562	0.00449	0.00449	0.77980
3	0.01331	0.00832	0.01069	0.01092	0.01265	0.00803	0.00818	0.01610	0.03621	0.09244	0.10406	0.24911	0.09138	0.10097	0.06340	0.00402	0.00641	0.11287	0.04369	0.00722
4	0.01153	0.00976	0.01077	0.00911	0.01309	0.00779	0.00703	0.01411	0.01710	0.02287	0.10751	0.05116	0.38997	0.01404	0.00777	0.00203	0.00445	0.01171	0.00625	0.28194
5	0.02537	0.01930	0.02161	0.08325	0.08056	0.06795	0.01491	0.30491	0.15185	0.12024	0.02092	0.02103	0.01507	0.00894	0.00756	0.00234	0.00825	0.00712	0.00687	0.01195
6	0.02671	0.02839	0.02045	0.01774	0.02211	0.41241	0.01370	0.20403	0.07448	0.02834	0.01593	0.01711	0.01236	0.00844	0.00700	0.00208	0.01088	0.00586	0.06193	0.01004
7	0.01610	0.01248	0.01600	0.01732	0.12985	0.01221	0.01126	0.05257	0.13310	0.07463	0.19359	0.04110	0.16819	0.01228	0.00805	0.00232	0.00559	0.01055	0.00689	0.07593
8	0.01289	0.04527	0.01202	0.01072	0.01144	0.00898	0.00777	0.01195	0.01179	0.01596	0.02090	0.09961	0.04543	0.05918	0.07155	0.43568	0.04456	0.03732	0.03206	0.00491
9	0.01521	0.03923	0.69413	0.02162	0.03283	0.01762	0.02802	0.02402	0.01601	0.02402	0.01361	0.01601	0.00961	0.00721	0.00721	0.00240	0.01121	0.00560	0.00320	0.01121
10	0.01561	0.01479	0.02507	0.52248	0.23494	0.01719	0.02170	0.02050	0.01577	0.02094	0.01371	0.01980	0.01066	0.00735	0.00756	0.00245	0.00979	0.00675	0.00348	0.00946
11	0.01010	0.00764	0.00936	0.00943	0.01127	0.00691	0.00708	0.01287	0.01898	0.02538	0.36724	0.15521	0.25079	0.01813	0.00916	0.00261	0.00401	0.05935	0.00768	0.00678
12	0.01887	0.01629	0.01715	0.01544	0.01972	0.01887	0.01201	0.04031	0.67241	0.03173	0.03087	0.02830	0.02315	0.01029	0.00772	0.00257	0.00600	0.00858	0.00772	0.01201
13	0.00896	0.00768	0.00768	0.00768	0.01025	0.00640	0.00576	0.01089	0.01729	0.02049	0.07684	0.07300	0.68304	0.01921	0.00896	0.00256	0.00384	0.01601	0.00704	0.00640
14	0.01573	0.01348	0.01573	0.01123	0.01798	0.01011	0.00899	0.01910	0.01573	0.02472	0.01348	0.01573	0.01123	0.00562	0.00562	0.00112	0.00562	0.00449	0.00449	0.77980
15	0.01074	0.00775	0.01014	0.00954	0.01133	0.00716	0.00716	0.01431	0.02147	0.03042	0.68211	0.05666	0.07157	0.01551	0.00895	0.00239	0.00358	0.01372	0.00835	0.00716
16	0.02833	0.03615	0.02149	0.01954	0.02345	0.70298	0.01466	0.03029	0.02149	0.01856	0.01172	0.01368	0.00977	0.00782	0.00684	0.00195	0.01368	0.00489	0.00391	0.00879
17	0.02353	0.01843	0.01954	0.01570	0.02060	0.04318	0.01272	0.40992	0.10175	0.03939	0.09519	0.02662	0.06159	0.01056	0.00843	0.00233	0.03589	0.00819	0.00724	0.03921
18	0.02262	0.14728	0.19353	0.01871	0.04698	0.02206	0.01789	0.25496	0.02299	0.07810	0.01552	0.01700	0.01159	0.00859	0.00895	0.00232	0.08816	0.00608	0.00527	0.01139
19	0.00960	0.00781	0.00857	0.00867	0.01102	0.00678	0.00669	0.01196	0.01797	0.02231	0.16921	0.07177	0.51568	0.01881	0.00913	0.00264	0.00414	0.08340	0.00725	0.00659
20	0.01801	0.01724	0.02941	0.16107	0.57756	0.01782	0.02290	0.02261	0.01691	0.02386	0.01413	0.01902	0.01169	0.00690	0.00752	0.00230	0.00920	0.00676	0.00369	0.01140
21	0.01652	0.15060	0.34462	0.14912	0.12816	0.01971	0.04394	0.02286	0.01600	0.02224	0.01321	0.01665	0.01013	0.00706	0.00697	0.00227	0.01022	0.00582	0.00334	0.01054
22	0.01761	0.01749	0.03094	0.15763	0.39069	0.01860	0.13094	0.02221	0.01638	0.02303	0.01383	0.01907	0.01137	0.00757	0.00971	0.00247	0.08902	0.00712	0.00365	0.01067
23	0.01257	0.01090	0.01636	0.01509	0.01620	0.01335	0.04216	0.01491	0.01270	0.01842	0.02076	0.14519	0.02135	0.03619	0.35516	0.00760	0.21945	0.01004	0.00435	0.00727
24	0.01723	0.01614	0.02711	0.04033	0.57052	0.01605	0.02050	0.02133	0.01723	0.02454	0.05856	0.09879	0.01987	0.00916	0.00784	0.00235	0.00817	0.00881	0.00440	0.01107
25	0.01815	0.02113	0.07989	0.08377	0.23863	0.10693	0.20909	0.02290	0.01747	0.02278	0.01709	0.09432	0.01532	0.00870	0.00806	0.00242	0.01050	0.00866	0.00408	0.01010
26	0.06198	0.04559	0.11263	0.04129	0.01828	0.11962	0.01208	0.01741	0.01600	0.02075	0.03130	0.28701	0.09583	0.05306	0.00976	0.00286	0.00750	0.03399	0.00542	0.00764
27	0.01680	0.01601	0.02722	0.34350	0.40461	0.01750	0.02230	0.02155	0.01634	0.02238	0.01392	0.01942	0.01117	0.00712	0.00754	0.00237	0.00950	0.00675	0.00358	0.01042
28	0.07020	0.09802	0.11406	0.05833	0.15882	0.06704	0.03925	0.04901	0.01807	0.09781	0.05879	0.06766	0.01824	0.00906	0.00715	0.00227	0.00834	0.00760	0.04014	0.01014
29	0.02081	0.07299	0.17824	0.07730	0.20428	0.04168	0.10749	0.05125	0.01839	0.13047	0.01651	0.01895	0.01215	0.00740	0.00746	0.00231	0.00976	0.00669	0.00463	0.01124
30	0.01091	0.00826	0.01214	0.01188	0.01340	0.00802	0.05942	0.01274	0.01443	0.01949	0.03693	0.31479	0.12249	0.07721	0.12212	0.05619	0.00792	0.03915	0.04610	0.00639
31	0.01014	0.00724	0.00972	0.01074	0.01140	0.00733	0.00749	0.01168	0.01350	0.01829	0.03328	0.39703	0.03816	0.16220	0.18055	0.00607	0.00890	0.05433	0.00588	0.00607
32	0.61712	0.01578	0.01312	0.03983	0.03837	0.05228	0.00970	0.05114	0.01485	0.03227	0.01467	0.01636	0.04402	0.00782	0.00537	0.00234	0.00655	0.00508	0.00483	0.00849
33	0.18875	0.09511	0.13226	0.01894	0.05712	0.06494	0.06694	0.02278	0.01508	0.05835	0.01369	0.04132	0.01161	0.00914	0.01068	0.00252	0.17087	0.00631	0.00415	0.00944
34	0.06454	0.14172	0.09210	0.01327	0.01723	0.08539	0.01172	0.02094	0.05002	0.05545	0.01833	0.02569	0.01651	0.14832	0.16587	0.00524	0.01102	0.00703	0.04131	0.00829
35	0.09760	0.06548	0.04371	0.01397	0.01761	0.11412	0.01158	0.08915	0.01676	0.02345	0.01650	0.02181	0.01440	0.03100	0.33812	0.00685	0.01450	0.00651	0.00443	0.05245
36	0.05974	0.15866	0.21808	0.01871	0.05772	0.21461	0.01744	0.02379	0.01701	0.02114	0.01486	0.06667	0.01326	0.01171	0.05296	0.00282	0.01108	0.00641	0.00385	0.00948
37	0.05796	0.18555	0.09736	0.01347	0.01861	0.01805	0.01239	0.14727	0.05723	0.02738	0.06684	0.08073	0.10138	0.05234	0.00890	0.00252	0.00708	0.00883	0.00562	0.03049
38	0.08523	0.29140	0.05841	0.01632	0.05771	0.17597	0.01345	0.07016	0.01816	0.02301	0.01497	0.06860	0.01362	0.00853	0.00615	0.00200	0.00884	0.00619	0.05188	0.00939
39	0.01918	0.13856	0.32988	0.05437	0.02747	0.01959	0.02000	0.13362	0.05385	0.06259	0.05698	0.01968	0.01523	0.00823	0.00709	0.00227	0.00919	0.00640	0.00484	0.01100
40	0.02171	0.26319	0.14195	0.01481	0.02122	0.02009	0.01461	0.13244	0.02042	0.14157	0.05814	0.05843	0.04160	0.00944	0.00685	0.00215	0.00780	0.00731	0.00567	0.01062

[dist]
# distance from previous block
# <min> <max>
0	24

[block]
# block no. 8 follows, 26 sequences, length 22
# corresponding to MSA columns:
# 497-518
name=unknown_I
#
# <colnr> <probs for GDERKNQSTAVLIFYWHMCP>
#	G	D	E	R	K	N	Q	S	T	A	V	L	I	F	Y	W	H	M	C	P
0	0.01850	0.22475	0.15700	0.01801	0.05552	0.07671	0.05559	0.06855	0.04654	0.02305	0.04831	0.02230	0.04698	0.04252	0.00975	0.02895	0.03622	0.00679	0.00435	0.00962
1	0.09531	0.21259	0.04569	0.01807	0.10054	0.02016	0.03636	0.14433	0.04908	0.02733	0.01745	0.07991	0.01597	0.06032	0.00889	0.00251	0.00772	0.00738	0.00499	0.04539
2	0.02212	0.16899	0.07327	0.07006	0.08102	0.13494	0.04771	0.14052	0.07654	0.05548	0.01860	0.01998	0.04182	0.00834	0.00702	0.00217	0.00931	0.00653	0.00503	0.01056
3	0.07952	0.01623	0.11655	0.01455	0.04188	0.01331	0.01256	0.10368	0.09009	0.05788	0.11012	0.12532	0.13826	0.01344	0.00807	0.00254	0.00640	0.03374	0.00655	0.00930
4	0.05465	0.14331	0.05463	0.01669	0.05215	0.11546	0.04404	0.11820	0.01954	0.02649	0.01344	0.01543	0.01086	0.00683	0.00624	0.00173	0.00837	0.00518	0.00454	0.28223
5	0.02028	0.73799	0.03975	0.01298	0.01947	0.03001	0.01298	0.02271	0.01541	0.01785	0.01055	0.01217	0.00973	0.00649	0.00487	0.00162	0.00811	0.00406	0.00324	0.00973
6	0.03013	0.01488	0.05464	0.01417	0.01994	0.01273	0.01220	0.10955	0.02260	0.51260	0.05749	0.02599	0.02003	0.01189	0.04233	0.00283	0.00750	0.00773	0.00852	0.01224
7	0.03403	0.01291	0.01760	0.01350	0.01936	0.01115	0.01115	0.03697	0.02171	0.69137	0.02992	0.02582	0.01878	0.00939	0.00763	0.00235	0.00645	0.00763	0.00939	0.01291
8	0.00976	0.00726	0.00896	0.00968	0.01096	0.00663	0.00687	0.01173	0.01661	0.02189	0.18659	0.35304	0.20455	0.06479	0.01119	0.00309	0.00440	0.04846	0.00717	0.00638
9	0.00896	0.00768	0.00768	0.00768	0.01025	0.00640	0.00576	0.01089	0.01729	0.02049	0.07684	0.07300	0.68304	0.01921	0.00896	0.00256	0.00384	0.01601	0.00704	0.00640
10	0.01489	0.01689	0.09603	0.56237	0.08881	0.01713	0.05684	0.02039	0.01554	0.02048	0.01365	0.01970	0.01025	0.00743	0.00761	0.00250	0.01031	0.00674	0.00340	0.00904
11	0.62985	0.01430	0.01250	0.01071	0.01565	0.01579	0.00883	0.02536	0.01475	0.17123	0.01460	0.01514	0.01042	0.00753	0.00531	0.00235	0.00599	0.00484	0.00567	0.00919
12	0.01091	0.00783	0.01069	0.01069	0.01153	0.00867	0.00761	0.01258	0.01175	0.01650	0.02169	0.03740	0.02226	0.31606	0.44871	0.01034	0.01535	0.00924	0.00427	0.00594
13	0.01742	0.10938	0.47662	0.02173	0.08635	0.01807	0.02369	0.02438	0.01635	0.07829	0.01501	0.01731	0.01104	0.00966	0.04051	0.00277	0.01073	0.00583	0.00381	0.01105
14	0.01073	0.00751	0.00877	0.00877	0.00931	0.00754	0.00547	0.01138	0.01203	0.01590	0.03042	0.04984	0.11350	0.53931	0.13205	0.00742	0.00879	0.01127	0.00484	0.00516
15	0.01839	0.10234	0.27500	0.02861	0.22117	0.08066	0.08894	0.02498	0.04594	0.02348	0.01426	0.01721	0.01113	0.00711	0.00722	0.00226	0.01040	0.00620	0.00370	0.01101
16	0.01778	0.01362	0.01542	0.09781	0.02041	0.04651	0.01113	0.15798	0.07429	0.07387	0.03301	0.13199	0.13329	0.07933	0.05582	0.00357	0.00787	0.01099	0.00638	0.00892
17	0.12512	0.06371	0.12795	0.01934	0.11150	0.04871	0.04413	0.06461	0.04796	0.04952	0.02449	0.15317	0.06636	0.01135	0.00746	0.00245	0.00777	0.00957	0.00526	0.00958
18	0.04683	0.14149	0.06549	0.08908	0.02468	0.07272	0.03761	0.18786	0.08990	0.02991	0.09665	0.02244	0.01948	0.00917	0.00779	0.00227	0.03367	0.00712	0.00558	0.01027
19	0.13468	0.09594	0.01947	0.04754	0.02056	0.12177	0.01169	0.09201	0.09830	0.09624	0.01738	0.01826	0.01320	0.00784	0.00633	0.00201	0.00767	0.00576	0.04819	0.13516
20	0.10849	0.08503	0.04244	0.08712	0.12850	0.05496	0.01392	0.09681	0.09901	0.02698	0.04172	0.02383	0.01684	0.09600	0.01064	0.00286	0.00790	0.00707	0.04028	0.00960
21	0.02094	0.09427	0.16806	0.04811	0.13468	0.11038	0.04834	0.17468	0.02154	0.02796	0.01731	0.01958	0.04059	0.00966	0.02914	0.00254	0.01020	0.00657	0.00466	0.01079

[dist]
# distance from previous block
# <min> <max>
1	29

[block]
# block no. 9 follows, 26 sequences, length 11
# corresponding to MSA columns:
# 552-562
name=unknown_J
#
# <colnr> <probs for GDERKNQSTAVLIFYWHMCP>
#	G	D	E	R	K	N	Q	S	T	A	V	L	I	F	Y	W	H	M	C	P
0	0.06928	0.07071	0.05193	0.05365	0.17223	0.07729	0.01581	0.05931	0.17915	0.07229	0.02138	0.02678	0.01759	0.00947	0.00743	0.00241	0.00815	0.06879	0.00562	0.01074
1	0.09328	0.01544	0.01522	0.01548	0.07206	0.10213	0.01074	0.06237	0.12778	0.02683	0.05539	0.16009	0.05354	0.01197	0.00737	0.00232	0.00661	0.00997	0.07780	0.07363
2	0.09938	0.09319	0.06071	0.10853	0.23522	0.14421	0.01775	0.05058	0.05016	0.05042	0.01451	0.01727	0.01148	0.00744	0.00685	0.00221	0.00943	0.00594	0.00432	0.01041
3	0.09446	0.09736	0.09467	0.06073	0.12504	0.01661	0.06596	0.02456	0.07776	0.09390	0.05721	0.02776	0.01937	0.00934	0.00731	0.00239	0.00790	0.06559	0.04202	0.01006
4	0.01742	0.01995	0.15949	0.01739	0.07448	0.09121	0.01478	0.02243	0.04863	0.09215	0.08866	0.05242	0.07038	0.01698	0.10873	0.00368	0.00987	0.00836	0.00535	0.07765
5	0.01774	0.01696	0.02891	0.20246	0.53832	0.01775	0.02276	0.02237	0.01678	0.02352	0.01408	0.01911	0.01157	0.00695	0.00753	0.00232	0.00927	0.00675	0.00367	0.01118
6	0.01984	0.01860	0.02682	0.16592	0.26192	0.05750	0.08214	0.11914	0.11932	0.02775	0.01718	0.02030	0.01329	0.00782	0.00767	0.00237	0.00931	0.00715	0.00486	0.01108
7	0.00995	0.00748	0.00922	0.00929	0.01098	0.00675	0.00678	0.01261	0.01887	0.02545	0.38680	0.20882	0.22269	0.01827	0.00911	0.00258	0.00383	0.01603	0.00773	0.00675
8	0.01641	0.01686	0.02856	0.44982	0.11199	0.05715	0.16773	0.02154	0.01638	0.02101	0.01389	0.01975	0.01061	0.00724	0.00785	0.00247	0.01082	0.00714	0.00355	0.00923
9	0.01318	0.00659	0.00988	0.00988	0.00988	0.00659	0.00659	0.00988	0.00988	0.01318	0.01318	0.02306	0.01318	0.02635	0.02964	0.77931	0.00659	0.00659	0.00329	0.00329
10	0.09099	0.05411	0.05012	0.01365	0.01924	0.05247	0.01173	0.06020	0.04273	0.42986	0.02463	0.02278	0.01643	0.00883	0.00700	0.00225	0.00697	0.00685	0.06760	0.01156

[dist]
# distance from previous block
# <min> <max>
0	8

# created by:
# /home/berkeley/.conda/envs/busco_data_prod/bin/msa2prfl.pl pipeline/OGs_align_augustus/4893/4493.fs
