[name]
unknown

[dist]
# distance from previous block
# <min> <max>
0	29

[block]
# block no. 0 follows, 34 sequences, length 34
# corresponding to MSA columns:
# 29-62
name=unknown_A
#
# <colnr> <probs for GDERKNQSTAVLIFYWHMCP>
#	G	D	E	R	K	N	Q	S	T	A	V	L	I	F	Y	W	H	M	C	P
0	0.00939	0.00671	0.00814	0.00875	0.00980	0.00655	0.00621	0.01197	0.07014	0.01783	0.06360	0.34935	0.13428	0.10151	0.01155	0.04975	0.00429	0.06929	0.05536	0.00553
1	0.05747	0.00789	0.00915	0.00909	0.01082	0.00787	0.00665	0.07330	0.03669	0.03967	0.08614	0.31869	0.17921	0.04775	0.05397	0.02583	0.00503	0.01284	0.00575	0.00618
2	0.15159	0.01004	0.01097	0.03839	0.01344	0.05203	0.02699	0.04326	0.03262	0.04051	0.05154	0.22230	0.06386	0.06033	0.11500	0.00360	0.00704	0.00981	0.04021	0.00646
3	0.03059	0.00903	0.01185	0.01083	0.01287	0.00913	0.05055	0.08751	0.07385	0.06232	0.09303	0.28565	0.05136	0.08106	0.03210	0.04977	0.00541	0.01153	0.02487	0.00671
4	0.03112	0.00825	0.00969	0.00918	0.01092	0.00821	0.00655	0.06294	0.07205	0.09625	0.11530	0.22267	0.08596	0.21491	0.01410	0.00332	0.00485	0.01142	0.00583	0.00647
5	0.02821	0.00685	0.00823	0.00839	0.00958	0.00666	0.00587	0.01235	0.03487	0.05908	0.09561	0.25111	0.11344	0.20687	0.05490	0.00374	0.00520	0.03137	0.05203	0.00564
6	0.05880	0.00911	0.01059	0.00982	0.01196	0.00916	0.00718	0.10354	0.05603	0.09830	0.05279	0.27729	0.04705	0.15480	0.02829	0.00315	0.00528	0.01111	0.00570	0.04006
7	0.04579	0.00788	0.00969	0.00931	0.01082	0.00791	0.00671	0.04056	0.04563	0.10625	0.09476	0.25394	0.04988	0.12559	0.01346	0.09771	0.02607	0.01099	0.03090	0.00615
8	0.01124	0.00676	0.00863	0.00860	0.00983	0.00650	0.00609	0.01309	0.03363	0.08419	0.16808	0.24534	0.05314	0.11522	0.04998	0.07988	0.00492	0.01144	0.07765	0.00578
9	0.01275	0.00837	0.01009	0.00979	0.01170	0.00828	0.00717	0.09392	0.05762	0.10032	0.03423	0.38040	0.13059	0.06117	0.03945	0.00292	0.00505	0.01327	0.00608	0.00682
10	0.08208	0.01446	0.03560	0.06464	0.10263	0.14608	0.02939	0.04479	0.01449	0.05977	0.02058	0.15307	0.05892	0.10891	0.01052	0.02708	0.00706	0.00847	0.00439	0.00708
11	0.04809	0.01002	0.01092	0.00988	0.01239	0.02945	0.00742	0.09946	0.09773	0.12229	0.02990	0.14978	0.13913	0.09462	0.01074	0.05270	0.00508	0.00966	0.05351	0.00723
12	0.07894	0.01189	0.01458	0.13204	0.06215	0.01277	0.01055	0.13397	0.09431	0.04455	0.05956	0.04417	0.07158	0.08681	0.00942	0.00241	0.02712	0.00722	0.00491	0.09105
13	0.01322	0.00965	0.01243	0.04067	0.07036	0.01035	0.00885	0.07320	0.04964	0.05713	0.05159	0.18062	0.04195	0.13152	0.01236	0.00281	0.08623	0.00949	0.10762	0.03030
14	0.01270	0.00820	0.01030	0.00932	0.01157	0.00795	0.00713	0.01781	0.11919	0.11894	0.51583	0.06227	0.04862	0.01209	0.00734	0.00207	0.00369	0.01057	0.00712	0.00731
15	0.07496	0.04047	0.04054	0.06005	0.07377	0.16765	0.12065	0.09515	0.03503	0.02105	0.03358	0.05581	0.01344	0.04103	0.03226	0.03921	0.03710	0.00649	0.00396	0.00779
16	0.05771	0.01086	0.01444	0.01117	0.01599	0.00955	0.00921	0.03038	0.01802	0.68263	0.02470	0.02165	0.01568	0.00790	0.00633	0.00198	0.00538	0.00637	0.03941	0.01065
17	0.00885	0.00659	0.00823	0.00782	0.00947	0.00597	0.00586	0.01162	0.01759	0.02425	0.59867	0.05100	0.19254	0.01383	0.00762	0.00206	0.00309	0.01207	0.00689	0.00597
18	0.00936	0.00642	0.00785	0.00785	0.00812	0.00670	0.00491	0.00991	0.00963	0.01312	0.01963	0.03824	0.02173	0.59948	0.20393	0.00725	0.00891	0.00880	0.00381	0.00436
19	0.01803	0.22196	0.04152	0.05750	0.01887	0.03971	0.03970	0.17709	0.05908	0.08933	0.04628	0.02339	0.07431	0.03079	0.00688	0.00202	0.00670	0.03322	0.00494	0.00869
20	0.01666	0.67038	0.13487	0.01211	0.01821	0.02405	0.01289	0.01951	0.01320	0.01595	0.00936	0.01083	0.00828	0.00562	0.00443	0.00148	0.00729	0.00364	0.00276	0.00847
21	0.01381	0.16051	0.58629	0.01755	0.02627	0.01688	0.05278	0.02028	0.01363	0.01957	0.01121	0.01325	0.00828	0.00600	0.00586	0.00194	0.00916	0.00468	0.00276	0.00930
22	0.02525	0.01018	0.01370	0.01078	0.01518	0.00883	0.00880	0.02777	0.01825	0.60571	0.11656	0.02763	0.06302	0.00914	0.00671	0.00201	0.00506	0.00757	0.00777	0.01006
23	0.01131	0.09239	0.01188	0.00927	0.01049	0.06445	0.00666	0.01239	0.01079	0.01385	0.01737	0.03112	0.01836	0.40079	0.25550	0.00670	0.01026	0.00757	0.00360	0.00525
24	0.03816	0.03835	0.12168	0.01758	0.13209	0.08914	0.05858	0.03638	0.06368	0.03949	0.11251	0.05631	0.12638	0.00948	0.00714	0.00205	0.03030	0.00799	0.00461	0.00810
25	0.01415	0.01188	0.01245	0.01113	0.01420	0.03384	0.00864	0.09577	0.34436	0.02620	0.19068	0.03501	0.15285	0.01094	0.00696	0.00211	0.00472	0.00916	0.00649	0.00845
26	0.01727	0.77681	0.03386	0.01106	0.01658	0.02557	0.01106	0.01935	0.01313	0.01520	0.00898	0.01036	0.00829	0.00553	0.00415	0.00138	0.00691	0.00345	0.00276	0.00829
27	0.01122	0.00561	0.00842	0.00842	0.00842	0.00561	0.00561	0.00842	0.00842	0.01122	0.01122	0.01964	0.01122	0.02245	0.02525	0.81201	0.00561	0.00561	0.00281	0.00281
28	0.01551	0.01587	0.03162	0.02338	0.02819	0.01622	0.49171	0.01974	0.01418	0.06092	0.01374	0.04796	0.01124	0.00745	0.01048	0.00232	0.16996	0.00758	0.00356	0.00835
29	0.00864	0.00632	0.00844	0.00989	0.04208	0.00588	0.00646	0.00991	0.01328	0.01768	0.12920	0.48208	0.13585	0.01829	0.00934	0.06632	0.00392	0.01525	0.00577	0.00542
30	0.01785	0.07851	0.15337	0.01784	0.02377	0.01560	0.22017	0.14337	0.04475	0.11571	0.06019	0.02087	0.01506	0.00743	0.00675	0.00205	0.00807	0.03455	0.00477	0.00930
31	0.02325	0.02777	0.01799	0.01597	0.01960	0.60338	0.01213	0.09112	0.06156	0.01907	0.01156	0.01284	0.00931	0.00681	0.00589	0.00169	0.01054	0.00449	0.00384	0.04116
32	0.00783	0.00633	0.00696	0.00728	0.00897	0.00546	0.00528	0.00947	0.01448	0.01799	0.11825	0.23142	0.50367	0.01701	0.00778	0.00228	0.00337	0.01460	0.00610	0.00546
33	0.81856	0.01250	0.00950	0.00850	0.01250	0.01449	0.00700	0.01899	0.01100	0.02899	0.00900	0.01050	0.00700	0.00600	0.00400	0.00200	0.00500	0.00350	0.00400	0.00700

[dist]
# distance from previous block
# <min> <max>
0	1

[block]
# block no. 1 follows, 34 sequences, length 8
# corresponding to MSA columns:
# 64-71
name=unknown_B
#
# <colnr> <probs for GDERKNQSTAVLIFYWHMCP>
#	G	D	E	R	K	N	Q	S	T	A	V	L	I	F	Y	W	H	M	C	P
0	0.01628	0.20874	0.14362	0.09038	0.03986	0.09628	0.01365	0.04667	0.03320	0.04510	0.01387	0.01567	0.03891	0.00671	0.00621	0.00172	0.04128	0.00493	0.00358	0.13335
1	0.00933	0.00669	0.00962	0.00957	0.01070	0.00733	0.00728	0.01100	0.01130	0.01581	0.09035	0.03021	0.08439	0.03881	0.51642	0.11084	0.01316	0.00783	0.00396	0.00540
2	0.01617	0.04929	0.20657	0.10641	0.25601	0.08324	0.07220	0.07129	0.03877	0.02133	0.01240	0.01526	0.00962	0.00623	0.00631	0.00196	0.00872	0.00547	0.00339	0.00934
3	0.09095	0.00791	0.00925	0.01086	0.10051	0.00817	0.00689	0.01556	0.01306	0.02308	0.01850	0.02269	0.01513	0.04682	0.05102	0.00237	0.00482	0.00596	0.53992	0.00654
4	0.00988	0.00686	0.00834	0.00781	0.00977	0.00609	0.00591	0.01242	0.01712	0.06740	0.46427	0.05126	0.28102	0.01394	0.00756	0.00208	0.00328	0.01201	0.00680	0.00619
5	0.01095	0.11175	0.05121	0.00947	0.01201	0.00970	0.00793	0.01408	0.05695	0.03891	0.13638	0.17521	0.19748	0.07465	0.00923	0.00251	0.00478	0.06488	0.00547	0.00647
6	0.06965	0.07302	0.10276	0.09115	0.16931	0.04380	0.01435	0.14552	0.01695	0.05014	0.01248	0.01456	0.00964	0.00617	0.00575	0.00174	0.00719	0.00495	0.00402	0.15684
7	0.01739	0.29531	0.02168	0.01283	0.03927	0.11372	0.01043	0.09239	0.09361	0.05062	0.09870	0.09164	0.01968	0.00870	0.00585	0.00181	0.00657	0.00683	0.00469	0.00830

[dist]
# distance from previous block
# <min> <max>
2	7

[block]
# block no. 2 follows, 34 sequences, length 7
# corresponding to MSA columns:
# 79-85
name=unknown_C
#
# <colnr> <probs for GDERKNQSTAVLIFYWHMCP>
#	G	D	E	R	K	N	Q	S	T	A	V	L	I	F	Y	W	H	M	C	P
0	0.01588	0.01378	0.01940	0.13357	0.05937	0.03181	0.08819	0.15491	0.07422	0.04190	0.03240	0.04356	0.02990	0.01304	0.09047	0.00312	0.13485	0.00691	0.00441	0.00831
1	0.00838	0.00598	0.00741	0.00816	0.00875	0.00562	0.00537	0.00947	0.01248	0.01660	0.10990	0.43585	0.10689	0.21151	0.01442	0.00345	0.00427	0.01489	0.00559	0.00502
2	0.08865	0.00738	0.00849	0.00824	0.01006	0.00710	0.00610	0.01306	0.03681	0.04908	0.34325	0.16052	0.17130	0.05109	0.00853	0.00236	0.00370	0.01188	0.00629	0.00613
3	0.00975	0.00723	0.00819	0.00777	0.00981	0.00660	0.00580	0.01290	0.06229	0.05224	0.28364	0.05198	0.38177	0.06053	0.00905	0.00237	0.00360	0.01199	0.00638	0.00614
4	0.00819	0.00602	0.00755	0.00829	0.00918	0.00552	0.00571	0.00973	0.01379	0.01834	0.18254	0.45846	0.15763	0.06601	0.00958	0.00266	0.00369	0.01565	0.00610	0.00537
5	0.14953	0.01722	0.01783	0.01386	0.01885	0.01917	0.01145	0.60214	0.02733	0.03887	0.01449	0.01472	0.01036	0.00748	0.00608	0.00195	0.00678	0.00545	0.00608	0.01036
6	0.09575	0.20929	0.19837	0.01677	0.06339	0.09697	0.08275	0.06613	0.01536	0.05593	0.01237	0.01528	0.00990	0.00652	0.00569	0.00186	0.00823	0.02704	0.00361	0.00877

[dist]
# distance from previous block
# <min> <max>
3	6

[block]
# block no. 3 follows, 34 sequences, length 34
# corresponding to MSA columns:
# 93-126
name=unknown_D
#
# <colnr> <probs for GDERKNQSTAVLIFYWHMCP>
#	G	D	E	R	K	N	Q	S	T	A	V	L	I	F	Y	W	H	M	C	P
0	0.05672	0.03479	0.08912	0.05686	0.15481	0.06876	0.07630	0.15677	0.06022	0.05289	0.01710	0.01984	0.05040	0.05070	0.00820	0.00224	0.02457	0.00632	0.00441	0.00897
1	0.04495	0.01507	0.01607	0.01315	0.01743	0.01661	0.01056	0.37826	0.23505	0.03308	0.01971	0.06054	0.01544	0.00854	0.00634	0.00198	0.00595	0.00680	0.04078	0.05369
2	0.00884	0.00664	0.00906	0.01089	0.05095	0.00627	0.00740	0.01066	0.01371	0.01826	0.10830	0.48148	0.10050	0.01799	0.00813	0.00254	0.00421	0.12248	0.00595	0.00575
3	0.00823	0.00613	0.00759	0.00822	0.00929	0.00558	0.00579	0.00991	0.01420	0.01877	0.20006	0.39637	0.20439	0.04799	0.00897	0.00254	0.00363	0.03072	0.00617	0.00545
4	0.02358	0.01735	0.01865	0.01455	0.01952	0.01923	0.01194	0.60409	0.12000	0.05824	0.01719	0.01681	0.01226	0.00789	0.00648	0.00197	0.00681	0.00603	0.00652	0.01089
5	0.01130	0.00779	0.00983	0.00944	0.01065	0.00814	0.00679	0.10212	0.01376	0.01870	0.09040	0.15888	0.04792	0.16803	0.17527	0.13316	0.00782	0.00971	0.00471	0.00556
6	0.00851	0.00627	0.00773	0.00797	0.00912	0.00574	0.00561	0.01040	0.01493	0.02011	0.32336	0.26218	0.17959	0.09618	0.01048	0.00268	0.00364	0.01378	0.00623	0.00549
7	0.02340	0.11229	0.02006	0.01597	0.01960	0.64189	0.01232	0.04946	0.01817	0.01663	0.01007	0.01165	0.00841	0.00657	0.00566	0.00164	0.01097	0.00414	0.00338	0.00770
8	0.01668	0.01873	0.20526	0.08014	0.15214	0.01433	0.05534	0.15639	0.01785	0.08425	0.04820	0.02055	0.05779	0.00753	0.00649	0.00200	0.00748	0.00644	0.03309	0.00931
9	0.01746	0.01422	0.01595	0.01482	0.05974	0.03891	0.02776	0.12880	0.42411	0.06546	0.02321	0.06476	0.01855	0.04673	0.00794	0.00234	0.00591	0.00759	0.00608	0.00966
10	0.02172	0.25553	0.02331	0.01405	0.01877	0.20784	0.01184	0.28338	0.06108	0.02568	0.01269	0.01342	0.00997	0.00684	0.00559	0.00171	0.00810	0.00475	0.00452	0.00922
11	0.81856	0.01250	0.00950	0.00850	0.01250	0.01449	0.00700	0.01899	0.01100	0.02899	0.00900	0.01050	0.00700	0.00600	0.00400	0.00200	0.00500	0.00350	0.00400	0.00700
12	0.05019	0.09719	0.11440	0.04370	0.14497	0.13514	0.13740	0.10744	0.06755	0.02254	0.01286	0.01502	0.00999	0.00637	0.00619	0.00192	0.00871	0.00550	0.00380	0.00911
13	0.00973	0.00697	0.00833	0.00810	0.01009	0.00604	0.00596	0.01172	0.01507	0.05999	0.21128	0.23862	0.28899	0.01522	0.00750	0.00215	0.00359	0.01322	0.00620	0.07123
14	0.00886	0.00813	0.05175	0.00923	0.01090	0.00666	0.00724	0.01162	0.04843	0.01863	0.12149	0.38543	0.19473	0.03699	0.00852	0.00252	0.00417	0.05290	0.00590	0.00590
15	0.01339	0.08872	0.11526	0.01161	0.01478	0.01272	0.01023	0.11394	0.08189	0.02072	0.05393	0.12092	0.02097	0.19446	0.07002	0.00372	0.03246	0.00841	0.00460	0.00726
16	0.01220	0.01148	0.01938	0.75739	0.04450	0.01436	0.01794	0.01651	0.01292	0.01651	0.01148	0.01723	0.00861	0.00646	0.00646	0.00215	0.00861	0.00574	0.00287	0.00718
17	0.01378	0.01479	0.04317	0.05933	0.04319	0.11013	0.18901	0.01749	0.05355	0.01767	0.01869	0.12005	0.03750	0.11533	0.06406	0.00333	0.05936	0.00852	0.00393	0.00711
18	0.01419	0.01199	0.01558	0.03297	0.11458	0.05195	0.05084	0.03412	0.07767	0.06273	0.17571	0.11681	0.02636	0.00949	0.00662	0.00186	0.00563	0.00843	0.00519	0.17727
19	0.00882	0.00663	0.00948	0.00993	0.01079	0.00632	0.04426	0.01067	0.03500	0.01735	0.08363	0.58524	0.03943	0.06094	0.01007	0.02987	0.00433	0.01601	0.00573	0.00550
20	0.04291	0.27821	0.16514	0.01422	0.05929	0.05062	0.01324	0.05362	0.04289	0.02018	0.01133	0.01292	0.00923	0.00579	0.00510	0.00154	0.00706	0.00424	0.00343	0.19904
21	0.01243	0.05136	0.01133	0.00938	0.01104	0.00950	0.00689	0.09179	0.01344	0.05681	0.04430	0.05977	0.05836	0.31388	0.21580	0.00589	0.00897	0.00846	0.00453	0.00605
22	0.01503	0.01359	0.02173	0.06543	0.27042	0.01443	0.10559	0.07265	0.07631	0.03561	0.05152	0.02137	0.04306	0.01219	0.09018	0.00302	0.06807	0.00688	0.00413	0.00880
23	0.03452	0.00898	0.01086	0.00936	0.01247	0.00830	0.00742	0.05750	0.04131	0.24282	0.22500	0.04128	0.23285	0.01201	0.00713	0.00209	0.00428	0.02705	0.00691	0.00785
24	0.01644	0.20204	0.09314	0.01230	0.01682	0.01549	0.03352	0.11780	0.09767	0.09081	0.11805	0.06256	0.05853	0.02866	0.00691	0.00203	0.00609	0.00739	0.00520	0.00857
25	0.01727	0.60717	0.09196	0.01170	0.01727	0.04246	0.01184	0.01988	0.01390	0.05555	0.05062	0.01345	0.01166	0.00618	0.00469	0.00152	0.00697	0.00422	0.00331	0.00840
26	0.01713	0.00916	0.01140	0.00991	0.01309	0.00845	0.00794	0.05892	0.04604	0.27871	0.17096	0.06007	0.19608	0.01220	0.00725	0.00216	0.00457	0.07089	0.00697	0.00811
27	0.01261	0.00976	0.01555	0.03873	0.11827	0.00978	0.07032	0.01580	0.01479	0.05762	0.02769	0.08861	0.02875	0.01421	0.00849	0.00266	0.02311	0.43088	0.00529	0.00708
28	0.01061	0.00860	0.01164	0.08938	0.01560	0.00906	0.02981	0.03103	0.09949	0.02056	0.16305	0.27455	0.09108	0.01451	0.00812	0.00239	0.02938	0.07879	0.00577	0.00659
29	0.01375	0.17699	0.01833	0.01323	0.05818	0.03725	0.04864	0.07107	0.09239	0.02102	0.11937	0.15982	0.08370	0.01279	0.04287	0.00242	0.00627	0.00927	0.00501	0.00762
30	0.13189	0.20431	0.18097	0.01369	0.04038	0.03300	0.01324	0.14690	0.01658	0.05029	0.01485	0.01581	0.04988	0.00683	0.00542	0.00179	0.00700	0.00499	0.00408	0.05810
31	0.15356	0.27834	0.09676	0.01369	0.03400	0.18226	0.01228	0.04276	0.01456	0.04207	0.01032	0.01195	0.00848	0.00637	0.00584	0.00173	0.04855	0.00411	0.00342	0.02895
32	0.14634	0.12619	0.12446	0.05989	0.06083	0.18644	0.01370	0.14654	0.03867	0.02369	0.01163	0.01323	0.00904	0.00652	0.00556	0.00184	0.00821	0.00463	0.00390	0.00867
33	0.06343	0.05250	0.09016	0.01688	0.11364	0.03862	0.05029	0.08745	0.05559	0.06082	0.04463	0.06557	0.11391	0.01037	0.02448	0.00230	0.08886	0.00760	0.00460	0.00830

[dist]
# distance from previous block
# <min> <max>
5	14

[block]
# block no. 4 follows, 34 sequences, length 13
# corresponding to MSA columns:
# 141-153
name=unknown_E
#
# <colnr> <probs for GDERKNQSTAVLIFYWHMCP>
#	G	D	E	R	K	N	Q	S	T	A	V	L	I	F	Y	W	H	M	C	P
0	0.01350	0.03842	0.08444	0.08203	0.04113	0.01294	0.11755	0.11694	0.01647	0.02206	0.08288	0.05836	0.13463	0.03390	0.02411	0.00249	0.05036	0.05547	0.00468	0.00765
1	0.03538	0.01259	0.05509	0.01447	0.09273	0.01195	0.01060	0.06102	0.22851	0.12904	0.13460	0.09112	0.07470	0.01025	0.00683	0.00212	0.00524	0.00876	0.00612	0.00887
2	0.01025	0.00661	0.00805	0.00803	0.00902	0.00631	0.00539	0.01137	0.01237	0.06858	0.10297	0.18047	0.13059	0.33535	0.07230	0.00455	0.00578	0.01154	0.00520	0.00527
3	0.07017	0.49275	0.07595	0.01264	0.01793	0.14896	0.01199	0.07116	0.01519	0.01841	0.00981	0.01119	0.00840	0.00596	0.00473	0.00156	0.00780	0.00384	0.00321	0.00835
4	0.08157	0.04209	0.01694	0.05541	0.01866	0.01440	0.06126	0.23000	0.10673	0.11066	0.02105	0.17434	0.01865	0.01005	0.00666	0.00213	0.00616	0.00856	0.00579	0.00890
5	0.05235	0.03109	0.10716	0.01605	0.08521	0.04574	0.05685	0.09999	0.05553	0.02193	0.04167	0.19517	0.05434	0.01260	0.03994	0.00256	0.06012	0.00917	0.00465	0.00789
6	0.06855	0.08979	0.01673	0.01299	0.01611	0.07622	0.01055	0.08844	0.22183	0.06831	0.01920	0.07116	0.01647	0.01174	0.05025	0.00263	0.10612	0.03927	0.00511	0.00851
7	0.52754	0.01147	0.01034	0.00923	0.01260	0.01281	0.00735	0.08399	0.01361	0.05346	0.06539	0.07993	0.01503	0.00915	0.00645	0.05906	0.00501	0.00586	0.00470	0.00702
8	0.00971	0.00682	0.00814	0.00836	0.00893	0.00688	0.00539	0.03769	0.03577	0.01611	0.05890	0.27015	0.03046	0.41315	0.05108	0.00477	0.00576	0.01203	0.00490	0.00501
9	0.05234	0.06740	0.15230	0.07838	0.04335	0.01290	0.04885	0.06709	0.01439	0.02076	0.01820	0.10266	0.06272	0.03210	0.00741	0.00201	0.03083	0.00707	0.00398	0.17527
10	0.01242	0.06053	0.01346	0.01314	0.08917	0.10500	0.00888	0.01541	0.04813	0.01978	0.19057	0.18025	0.12498	0.01362	0.03507	0.00234	0.00580	0.01038	0.00523	0.04582
11	0.06571	0.16884	0.23357	0.01547	0.04468	0.04804	0.06358	0.05706	0.06075	0.02141	0.06074	0.01842	0.04762	0.00727	0.00631	0.00189	0.02914	0.00573	0.00383	0.03994
12	0.06097	0.12590	0.06733	0.01355	0.06599	0.10252	0.01053	0.05183	0.07721	0.05457	0.06806	0.08941	0.03926	0.06687	0.03128	0.04845	0.00693	0.00729	0.00450	0.00756

[dist]
# distance from previous block
# <min> <max>
2	12

[block]
# block no. 5 follows, 34 sequences, length 6
# corresponding to MSA columns:
# 166-171
name=unknown_F
#
# <colnr> <probs for GDERKNQSTAVLIFYWHMCP>
#	G	D	E	R	K	N	Q	S	T	A	V	L	I	F	Y	W	H	M	C	P
0	0.06636	0.00789	0.00882	0.00840	0.00970	0.00785	0.00561	0.06319	0.01245	0.04805	0.02404	0.18323	0.05452	0.41278	0.02053	0.00432	0.00551	0.01034	0.00479	0.04162
1	0.07328	0.01545	0.10342	0.08473	0.08986	0.05552	0.09026	0.04813	0.01493	0.02135	0.06553	0.08477	0.07066	0.00837	0.00636	0.00190	0.00688	0.00733	0.00416	0.14716
2	0.01921	0.01544	0.01973	0.01507	0.01996	0.01604	0.11872	0.39645	0.06090	0.03212	0.06768	0.02174	0.06779	0.00815	0.00664	0.00191	0.00679	0.00695	0.00571	0.09301
3	0.04001	0.01684	0.07994	0.01416	0.01917	0.04234	0.05937	0.32110	0.02124	0.05799	0.01883	0.05463	0.06464	0.00827	0.00680	0.00189	0.03018	0.00663	0.00524	0.13075
4	0.01355	0.00953	0.05828	0.00828	0.01077	0.00851	0.00701	0.11048	0.01579	0.02562	0.02062	0.07115	0.01694	0.00830	0.00514	0.00168	0.00407	0.00672	0.59067	0.00689
5	0.01421	0.04342	0.01967	0.19147	0.10208	0.03738	0.10430	0.05633	0.05023	0.05077	0.03474	0.02289	0.06744	0.01590	0.15693	0.00374	0.00968	0.00694	0.00403	0.00786

[dist]
# distance from previous block
# <min> <max>
3	9

[block]
# block no. 6 follows, 34 sequences, length 12
# corresponding to MSA columns:
# 182-193
name=unknown_G
#
# <colnr> <probs for GDERKNQSTAVLIFYWHMCP>
#	G	D	E	R	K	N	Q	S	T	A	V	L	I	F	Y	W	H	M	C	P
0	0.10194	0.06460	0.07726	0.01580	0.05025	0.19211	0.08495	0.13429	0.01763	0.02314	0.05798	0.09936	0.03631	0.00864	0.00630	0.00197	0.00788	0.00707	0.00442	0.00810
1	0.01097	0.00943	0.00937	0.00878	0.01082	0.06706	0.00653	0.05540	0.04043	0.02163	0.28700	0.07331	0.28519	0.07421	0.00941	0.00241	0.00442	0.01132	0.00606	0.00622
2	0.01558	0.05723	0.07476	0.04188	0.25292	0.04624	0.11058	0.04804	0.07714	0.05248	0.03475	0.02355	0.10292	0.02500	0.00720	0.00209	0.00739	0.00711	0.00423	0.00891
3	0.01018	0.07041	0.01087	0.04164	0.01203	0.05178	0.00709	0.01211	0.01466	0.01855	0.19011	0.22116	0.22073	0.05592	0.00876	0.00241	0.00462	0.03551	0.00557	0.00591
4	0.07534	0.06850	0.12454	0.06024	0.18447	0.04903	0.09124	0.06541	0.05275	0.03780	0.01927	0.02191	0.08988	0.00767	0.00636	0.00201	0.00754	0.02328	0.00404	0.00874
5	0.11941	0.17599	0.05820	0.01949	0.17639	0.19065	0.03637	0.02285	0.07932	0.04613	0.01237	0.01400	0.00993	0.00632	0.00554	0.00180	0.00801	0.00480	0.00370	0.00872
6	0.14829	0.13100	0.05265	0.04142	0.06782	0.24556	0.06433	0.05891	0.07284	0.02101	0.01175	0.01356	0.00942	0.00657	0.00603	0.00186	0.03020	0.00478	0.00371	0.00828
7	0.03427	0.01673	0.11510	0.07836	0.14007	0.06113	0.03064	0.07908	0.17066	0.05513	0.10037	0.05421	0.01934	0.00835	0.00658	0.00206	0.00686	0.00713	0.00493	0.00900
8	0.00868	0.00605	0.00783	0.00880	0.00967	0.00556	0.00614	0.01017	0.01353	0.03873	0.11395	0.56890	0.11851	0.01862	0.00808	0.00250	0.00374	0.03879	0.00618	0.00555
9	0.03219	0.01545	0.05702	0.10992	0.33832	0.01538	0.16910	0.01874	0.01387	0.01997	0.01272	0.03927	0.01076	0.00689	0.00826	0.00212	0.09191	0.00645	0.02279	0.00886
10	0.00851	0.00645	0.00751	0.00744	0.00889	0.00581	0.00531	0.01041	0.01513	0.01993	0.31483	0.11102	0.30784	0.12882	0.01146	0.00277	0.00367	0.01262	0.00612	0.00546
11	0.01132	0.00891	0.01056	0.01122	0.04272	0.04976	0.00798	0.01317	0.01426	0.06086	0.12539	0.28718	0.14117	0.04870	0.00984	0.00257	0.05990	0.08260	0.00566	0.00622

[dist]
# distance from previous block
# <min> <max>
0	8

[block]
# block no. 7 follows, 34 sequences, length 19
# corresponding to MSA columns:
# 202-220
name=unknown_H
#
# <colnr> <probs for GDERKNQSTAVLIFYWHMCP>
#	G	D	E	R	K	N	Q	S	T	A	V	L	I	F	Y	W	H	M	C	P
0	0.01140	0.06168	0.07103	0.01055	0.01329	0.03400	0.02386	0.05529	0.03402	0.02185	0.26934	0.16459	0.15380	0.01299	0.00766	0.00213	0.02896	0.01108	0.00569	0.00680
1	0.01140	0.00723	0.00899	0.00882	0.00976	0.00723	0.00605	0.05457	0.01264	0.05954	0.06983	0.17588	0.02752	0.33619	0.06975	0.07430	0.00626	0.04386	0.00490	0.00530
2	0.01488	0.04278	0.08967	0.07377	0.13642	0.07267	0.08003	0.07919	0.01530	0.02035	0.04346	0.07458	0.08113	0.00930	0.00918	0.00217	0.13559	0.00747	0.00396	0.00809
3	0.01314	0.00899	0.01212	0.03976	0.01402	0.00925	0.02927	0.04822	0.04487	0.11347	0.22953	0.11236	0.10400	0.03881	0.06712	0.00300	0.05836	0.04071	0.00593	0.00706
4	0.01505	0.17736	0.25600	0.01704	0.09700	0.05092	0.04253	0.02018	0.05314	0.04209	0.04669	0.01828	0.05160	0.00692	0.00586	0.00180	0.00753	0.00559	0.00368	0.08073
5	0.00874	0.00635	0.00808	0.00904	0.00985	0.00603	0.00623	0.04253	0.01384	0.01843	0.08983	0.62968	0.08945	0.01885	0.00807	0.00252	0.00382	0.01694	0.00611	0.00560
6	0.01390	0.03497	0.01423	0.03371	0.01613	0.00970	0.00820	0.04940	0.01392	0.02113	0.01159	0.01387	0.00966	0.00598	0.00603	0.04577	0.00513	0.00407	0.00384	0.67877
7	0.01766	0.11657	0.19520	0.01834	0.08086	0.10397	0.09758	0.10572	0.03918	0.06131	0.01364	0.03709	0.01082	0.00689	0.00652	0.00190	0.02845	0.00564	0.00393	0.04875
8	0.17288	0.11627	0.04993	0.01515	0.06696	0.24110	0.01173	0.05427	0.14961	0.04368	0.01369	0.01449	0.01070	0.00679	0.00551	0.00185	0.00779	0.00482	0.00424	0.00855
9	0.00939	0.00653	0.00759	0.00746	0.00798	0.00637	0.00456	0.00994	0.01051	0.01419	0.06177	0.07639	0.05897	0.58739	0.06529	0.00565	0.00634	0.00978	0.00426	0.03964
10	0.01661	0.08859	0.14109	0.13262	0.15997	0.09710	0.06481	0.04891	0.09046	0.05281	0.01390	0.01630	0.01072	0.00781	0.02914	0.00221	0.00863	0.00557	0.00376	0.00900
11	0.04779	0.06042	0.16257	0.06521	0.19521	0.01598	0.08265	0.12312	0.08145	0.04515	0.01505	0.05019	0.01209	0.00713	0.00636	0.00202	0.00770	0.00627	0.00416	0.00945
12	0.00823	0.00639	0.00738	0.00749	0.00904	0.00565	0.00542	0.01012	0.01514	0.01963	0.26079	0.18199	0.36909	0.05337	0.00898	0.00242	0.00344	0.01367	0.00624	0.00554
13	0.01398	0.01907	0.24240	0.02082	0.21657	0.05865	0.01600	0.01840	0.01549	0.05284	0.18657	0.07018	0.02398	0.00873	0.00670	0.00202	0.00706	0.00760	0.00439	0.00857
14	0.00930	0.00656	0.00896	0.00904	0.00969	0.00717	0.00638	0.01050	0.01006	0.01404	0.01912	0.07206	0.01998	0.30102	0.42207	0.04484	0.01214	0.00837	0.00373	0.00495
15	0.00960	0.00630	0.00772	0.00809	0.00879	0.00595	0.00528	0.01057	0.01223	0.05137	0.09330	0.32810	0.08998	0.31261	0.01768	0.00393	0.00472	0.01331	0.00538	0.00510
16	0.07263	0.05543	0.19401	0.03641	0.03754	0.13600	0.07185	0.17495	0.05265	0.02439	0.01305	0.01507	0.01000	0.00929	0.05121	0.00247	0.02475	0.00532	0.00404	0.00894
17	0.01578	0.01324	0.01483	0.04152	0.05065	0.04275	0.01055	0.08419	0.37097	0.04713	0.04611	0.05083	0.06102	0.01184	0.04386	0.02924	0.04326	0.00765	0.00569	0.00889
18	0.04254	0.43055	0.10581	0.07763	0.02120	0.06180	0.03185	0.10641	0.01553	0.01971	0.01046	0.01232	0.00865	0.00617	0.00545	0.00168	0.02606	0.00430	0.00332	0.00857

[dist]
# distance from previous block
# <min> <max>
1	4

[block]
# block no. 8 follows, 34 sequences, length 8
# corresponding to MSA columns:
# 225-232
name=unknown_I
#
# <colnr> <probs for GDERKNQSTAVLIFYWHMCP>
#	G	D	E	R	K	N	Q	S	T	A	V	L	I	F	Y	W	H	M	C	P
0	0.01634	0.06115	0.08294	0.01467	0.05522	0.13052	0.04263	0.13102	0.06159	0.02239	0.04314	0.04038	0.06848	0.04915	0.04772	0.00249	0.00781	0.00659	0.00445	0.11129
1	0.00934	0.00645	0.00840	0.00922	0.01014	0.00621	0.00656	0.01134	0.03370	0.04245	0.08951	0.47859	0.07013	0.07322	0.04954	0.00323	0.00487	0.07557	0.00589	0.00567
2	0.01720	0.07276	0.17224	0.05867	0.21717	0.01617	0.09684	0.13127	0.03925	0.07086	0.03611	0.01691	0.01192	0.00661	0.00639	0.00197	0.00797	0.00590	0.00413	0.00968
3	0.00952	0.00642	0.00810	0.00829	0.00949	0.00590	0.00584	0.01132	0.01469	0.05615	0.27519	0.31182	0.13424	0.10006	0.01059	0.00274	0.00381	0.01387	0.00625	0.00571
4	0.00885	0.00658	0.00801	0.00857	0.00973	0.00616	0.00610	0.03667	0.01431	0.01875	0.12963	0.39885	0.20243	0.06625	0.00958	0.00267	0.00396	0.05130	0.00602	0.00558
5	0.01047	0.00759	0.00908	0.00868	0.01038	0.00743	0.00638	0.05705	0.04328	0.03960	0.24236	0.13701	0.19219	0.11491	0.08114	0.00348	0.00536	0.01154	0.00593	0.00614
6	0.06029	0.01800	0.08146	0.01531	0.05613	0.10883	0.01246	0.24386	0.05079	0.18217	0.01762	0.06481	0.01357	0.00832	0.00692	0.00202	0.03580	0.00641	0.00561	0.00963
7	0.01426	0.01219	0.01255	0.01165	0.01421	0.06668	0.00898	0.04882	0.32995	0.02395	0.11446	0.10376	0.02592	0.01266	0.04611	0.00258	0.02957	0.03065	0.08291	0.00813

[dist]
# distance from previous block
# <min> <max>
0	1

[block]
# block no. 9 follows, 34 sequences, length 12
# corresponding to MSA columns:
# 234-245
name=unknown_J
#
# <colnr> <probs for GDERKNQSTAVLIFYWHMCP>
#	G	D	E	R	K	N	Q	S	T	A	V	L	I	F	Y	W	H	M	C	P
0	0.13871	0.37520	0.05870	0.01451	0.07770	0.10157	0.01205	0.07554	0.01483	0.02030	0.01006	0.01177	0.00852	0.00612	0.00534	0.00166	0.03113	0.00407	0.00337	0.02885
1	0.11752	0.09628	0.03891	0.01605	0.09694	0.06619	0.04387	0.16130	0.10956	0.04405	0.01731	0.11142	0.01525	0.00966	0.02582	0.00223	0.00699	0.00705	0.00485	0.00877
2	0.01337	0.01590	0.12217	0.10314	0.17514	0.01396	0.15343	0.03239	0.01417	0.01962	0.04593	0.05031	0.08568	0.03347	0.00934	0.00231	0.09022	0.00759	0.00370	0.00814
3	0.01021	0.00752	0.01044	0.01016	0.01139	0.00855	0.00771	0.05482	0.01148	0.01623	0.01766	0.02732	0.01694	0.15542	0.59316	0.00924	0.01500	0.00723	0.00372	0.00581
4	0.01320	0.01111	0.01461	0.01263	0.01475	0.03845	0.06788	0.06930	0.03185	0.05127	0.08735	0.05549	0.14489	0.08223	0.09654	0.00359	0.15042	0.04273	0.00483	0.00688
5	0.11515	0.00737	0.00887	0.00873	0.00978	0.00815	0.00619	0.01161	0.01005	0.01579	0.01750	0.03054	0.01804	0.34746	0.34977	0.00756	0.01105	0.00751	0.00372	0.00515
6	0.01260	0.01122	0.03549	0.03350	0.01723	0.01109	0.14241	0.09616	0.06056	0.02041	0.05396	0.11418	0.04870	0.14852	0.15977	0.00453	0.00897	0.00911	0.00458	0.00699
7	0.01752	0.02070	0.17799	0.11562	0.06738	0.09432	0.06179	0.22085	0.01878	0.02485	0.01400	0.06247	0.01150	0.00785	0.00743	0.00207	0.05540	0.00630	0.00418	0.00900
8	0.01019	0.00685	0.00874	0.00863	0.01001	0.00673	0.00633	0.01194	0.01309	0.06472	0.13322	0.10152	0.16929	0.18198	0.20076	0.00516	0.00774	0.04221	0.00521	0.00568
9	0.01575	0.04675	0.15737	0.08220	0.14219	0.12587	0.05848	0.02065	0.06265	0.05344	0.09579	0.05259	0.01738	0.00798	0.00698	0.00202	0.03258	0.00673	0.00410	0.00850
10	0.13968	0.20765	0.02039	0.04788	0.01866	0.39980	0.01124	0.02215	0.01537	0.01753	0.01007	0.01262	0.00872	0.03609	0.00623	0.00185	0.00916	0.00417	0.00329	0.00746
11	0.37579	0.06887	0.01403	0.01122	0.01460	0.11145	0.00904	0.04577	0.10548	0.02382	0.01271	0.01528	0.01055	0.04044	0.06669	0.00283	0.05498	0.00481	0.00413	0.00751

[dist]
# distance from previous block
# <min> <max>
0	3

[block]
# block no. 10 follows, 34 sequences, length 26
# corresponding to MSA columns:
# 249-274
name=unknown_K
#
# <colnr> <probs for GDERKNQSTAVLIFYWHMCP>
#	G	D	E	R	K	N	Q	S	T	A	V	L	I	F	Y	W	H	M	C	P
0	0.01486	0.07789	0.29729	0.03518	0.06164	0.09372	0.01588	0.05834	0.09234	0.02213	0.13013	0.02143	0.03605	0.00790	0.00632	0.00196	0.00764	0.00636	0.00423	0.00871
1	0.00896	0.00688	0.00910	0.00939	0.01083	0.00618	0.02453	0.01067	0.01329	0.01787	0.07708	0.46271	0.11593	0.04256	0.00865	0.00251	0.00422	0.07370	0.00570	0.08924
2	0.01493	0.01301	0.06500	0.01425	0.08419	0.01226	0.01070	0.10430	0.21627	0.07306	0.11758	0.07630	0.12289	0.01180	0.03187	0.00239	0.00574	0.00887	0.00591	0.00867
3	0.01844	0.04295	0.07890	0.05060	0.10930	0.16030	0.04642	0.07567	0.09367	0.09217	0.01660	0.01774	0.03395	0.00696	0.00607	0.00181	0.00762	0.00565	0.03206	0.10310
4	0.01666	0.01925	0.18726	0.04551	0.03999	0.01613	0.12385	0.16084	0.13680	0.05011	0.05603	0.01887	0.01431	0.00774	0.00799	0.00214	0.07603	0.00645	0.00467	0.00938
5	0.01122	0.00561	0.00842	0.00842	0.00842	0.00561	0.00561	0.00842	0.00842	0.01122	0.01122	0.01964	0.01122	0.02245	0.02525	0.81201	0.00561	0.00561	0.00281	0.00281
6	0.01506	0.01818	0.18932	0.01608	0.06056	0.03338	0.06494	0.09876	0.16785	0.04204	0.06370	0.02529	0.09414	0.04246	0.00842	0.00229	0.03651	0.00734	0.00486	0.00882
7	0.01266	0.01195	0.02021	0.67027	0.12803	0.01448	0.01817	0.01691	0.01314	0.01707	0.01157	0.01708	0.00881	0.00637	0.00645	0.00212	0.00850	0.00574	0.00291	0.00755
8	0.01802	0.59804	0.08966	0.01244	0.01806	0.09583	0.01232	0.05982	0.01468	0.01716	0.00967	0.01106	0.00844	0.00582	0.00461	0.00150	0.00761	0.00377	0.00303	0.00847
9	0.01323	0.07978	0.69545	0.01796	0.02726	0.01566	0.02307	0.02039	0.01361	0.02013	0.01143	0.01344	0.00819	0.00610	0.00601	0.00200	0.00938	0.00469	0.00273	0.00947
10	0.04749	0.05929	0.01810	0.01408	0.03828	0.01751	0.01115	0.50638	0.02525	0.03426	0.04461	0.09040	0.01576	0.00949	0.00716	0.03169	0.00650	0.00706	0.00592	0.00962
11	0.01191	0.00988	0.01057	0.01053	0.01210	0.08640	0.02204	0.05316	0.03511	0.04295	0.07637	0.43152	0.08492	0.01729	0.03279	0.03157	0.00547	0.01356	0.00564	0.00623
12	0.07035	0.01469	0.01490	0.01253	0.01619	0.08884	0.00988	0.16035	0.18552	0.18175	0.03959	0.02261	0.03509	0.07418	0.00927	0.00241	0.04007	0.00667	0.00597	0.00914
13	0.04177	0.39750	0.09622	0.01358	0.01865	0.24609	0.01258	0.02251	0.06518	0.01714	0.01078	0.01207	0.00907	0.00618	0.00503	0.00161	0.00845	0.00408	0.00324	0.00827
14	0.00850	0.00689	0.00759	0.00736	0.00939	0.00613	0.00553	0.01134	0.04708	0.02066	0.28176	0.05593	0.47887	0.01499	0.00758	0.00213	0.00328	0.01272	0.00639	0.00588
15	0.01124	0.00883	0.00993	0.01002	0.04520	0.05188	0.00708	0.01451	0.04129	0.04646	0.43996	0.04322	0.15894	0.01221	0.00714	0.00199	0.00398	0.01050	0.06904	0.00657
16	0.02440	0.29040	0.02219	0.01158	0.01679	0.01612	0.01027	0.07703	0.01741	0.42301	0.01875	0.01728	0.01282	0.00708	0.00564	0.00177	0.00613	0.00534	0.00598	0.01001
17	0.01190	0.00992	0.01406	0.01259	0.01382	0.01203	0.03574	0.06703	0.01187	0.01704	0.01518	0.02366	0.01453	0.12746	0.38750	0.00699	0.20186	0.00686	0.00359	0.00637
18	0.01879	0.01238	0.01458	0.01333	0.04754	0.01318	0.01000	0.03051	0.42402	0.21781	0.10211	0.02581	0.02280	0.00891	0.00666	0.00211	0.00511	0.00750	0.00687	0.00998
19	0.00958	0.00692	0.00841	0.00820	0.00912	0.00705	0.00559	0.01187	0.05293	0.01733	0.19418	0.04102	0.07586	0.37221	0.14733	0.00546	0.00714	0.00967	0.00489	0.00522
20	0.00843	0.00639	0.00748	0.00773	0.00929	0.00575	0.00571	0.01044	0.01488	0.01960	0.21062	0.20390	0.34131	0.01703	0.03090	0.00249	0.00385	0.03975	0.04883	0.00562
21	0.01949	0.43506	0.07595	0.01318	0.01858	0.10605	0.01236	0.18711	0.03924	0.02213	0.01137	0.01239	0.00928	0.00633	0.00511	0.00162	0.00763	0.00431	0.00383	0.00899
22	0.01132	0.01207	0.13367	0.01132	0.01463	0.00842	0.04963	0.03147	0.01529	0.07251	0.17364	0.24444	0.16851	0.01365	0.00744	0.00223	0.00512	0.01203	0.00567	0.00694
23	0.03520	0.04723	0.04477	0.01701	0.16215	0.05404	0.03100	0.01997	0.09406	0.08739	0.05966	0.02499	0.08451	0.07762	0.00862	0.00221	0.00623	0.00688	0.00466	0.13180
24	0.01826	0.56963	0.06350	0.01225	0.01772	0.09882	0.01178	0.07921	0.01518	0.01793	0.00987	0.01121	0.00857	0.00584	0.00464	0.00147	0.00746	0.00381	0.00318	0.03969
25	0.06754	0.07875	0.07401	0.01554	0.06641	0.07572	0.01256	0.18417	0.06161	0.02482	0.04102	0.03843	0.01293	0.00806	0.00839	0.00197	0.12995	0.00574	0.00441	0.08796

[dist]
# distance from previous block
# <min> <max>
0	1

[block]
# block no. 11 follows, 34 sequences, length 14
# corresponding to MSA columns:
# 276-289
name=unknown_L
#
# <colnr> <probs for GDERKNQSTAVLIFYWHMCP>
#	G	D	E	R	K	N	Q	S	T	A	V	L	I	F	Y	W	H	M	C	P
0	0.01275	0.14084	0.01457	0.01065	0.01323	0.01222	0.00852	0.08832	0.12675	0.02084	0.03045	0.29952	0.10093	0.01396	0.00710	0.00226	0.00503	0.07924	0.00558	0.00725
1	0.01581	0.27207	0.12088	0.01337	0.03747	0.05814	0.03209	0.05497	0.07099	0.05742	0.09143	0.08408	0.04838	0.00868	0.00597	0.00186	0.00665	0.00700	0.00444	0.00831
2	0.01599	0.01827	0.17775	0.09264	0.07895	0.05610	0.03416	0.12219	0.07125	0.06036	0.03197	0.07892	0.01582	0.02645	0.00759	0.00219	0.02583	0.04119	0.00453	0.03783
3	0.00980	0.00735	0.00878	0.00905	0.03262	0.00677	0.00642	0.01294	0.06082	0.05057	0.24748	0.16097	0.33266	0.01488	0.00757	0.00219	0.00363	0.01285	0.00635	0.00630
4	0.01824	0.01683	0.05973	0.07029	0.07731	0.14658	0.01210	0.14992	0.07320	0.09484	0.01889	0.04537	0.04493	0.06849	0.07180	0.00301	0.00845	0.00673	0.00482	0.00846
5	0.01755	0.14202	0.14838	0.09363	0.09048	0.07069	0.04880	0.09799	0.01627	0.09770	0.01497	0.05014	0.01241	0.00771	0.00675	0.00199	0.03515	0.03437	0.00413	0.00886
6	0.01374	0.14762	0.59544	0.01772	0.02649	0.01671	0.05595	0.02030	0.01364	0.01966	0.01126	0.01332	0.00828	0.00601	0.00590	0.00195	0.00921	0.00471	0.00276	0.00931
7	0.00870	0.00632	0.00800	0.00884	0.00999	0.00585	0.00661	0.01014	0.01356	0.01746	0.08113	0.32212	0.22905	0.01845	0.00961	0.07015	0.00420	0.15873	0.00579	0.00530
8	0.01662	0.03502	0.07340	0.01635	0.10913	0.09203	0.04188	0.13114	0.01764	0.09684	0.05945	0.18188	0.07946	0.01077	0.00689	0.00209	0.00662	0.00926	0.00523	0.00830
9	0.01613	0.01417	0.08334	0.01526	0.06184	0.04367	0.08390	0.03933	0.09846	0.15189	0.08761	0.02889	0.11472	0.01244	0.06245	0.00274	0.04436	0.02504	0.00532	0.00845
10	0.01330	0.09191	0.68393	0.01784	0.02707	0.01584	0.02286	0.02037	0.01360	0.02005	0.01139	0.01338	0.00819	0.00609	0.00598	0.00199	0.00934	0.00467	0.00273	0.00945
11	0.04052	0.08459	0.18322	0.05645	0.07482	0.06764	0.08745	0.08352	0.07617	0.02174	0.03818	0.07087	0.01449	0.01066	0.05922	0.00261	0.00861	0.00666	0.00401	0.00855
12	0.01867	0.11169	0.08267	0.01724	0.06888	0.09388	0.07665	0.20230	0.07321	0.04528	0.01501	0.01898	0.01231	0.03235	0.00833	0.00215	0.06718	0.03963	0.00451	0.00907
13	0.01238	0.00917	0.01070	0.01043	0.01232	0.00950	0.00799	0.13821	0.07329	0.02173	0.03143	0.19818	0.10707	0.15536	0.01244	0.00317	0.00539	0.16891	0.00573	0.00662

[dist]
# distance from previous block
# <min> <max>
0	1

[block]
# block no. 12 follows, 34 sequences, length 37
# corresponding to MSA columns:
# 291-327
name=unknown_M
#
# <colnr> <probs for GDERKNQSTAVLIFYWHMCP>
#	G	D	E	R	K	N	Q	S	T	A	V	L	I	F	Y	W	H	M	C	P
0	0.04690	0.08812	0.01976	0.01526	0.01948	0.39712	0.03129	0.19224	0.04541	0.02309	0.01198	0.01316	0.00945	0.00675	0.00580	0.00171	0.00929	0.00468	0.00421	0.05428
1	0.01125	0.00755	0.00928	0.00854	0.01083	0.00653	0.00631	0.01334	0.01502	0.09244	0.22446	0.20788	0.16440	0.05851	0.00871	0.00228	0.00396	0.01170	0.00604	0.13097
2	0.00915	0.00602	0.00754	0.00785	0.00852	0.00566	0.00524	0.00922	0.01164	0.01517	0.08536	0.20884	0.17856	0.17292	0.01776	0.22522	0.00462	0.01152	0.00478	0.00442
3	0.07688	0.18966	0.24979	0.03766	0.06233	0.08673	0.09023	0.02001	0.03223	0.01919	0.01247	0.04300	0.01060	0.03490	0.00677	0.00205	0.00838	0.00547	0.00325	0.00841
4	0.08951	0.01111	0.01457	0.01127	0.01619	0.00988	0.00931	0.03053	0.01792	0.68281	0.02423	0.02111	0.01530	0.00784	0.00631	0.00200	0.00546	0.00627	0.00769	0.01069
5	0.00923	0.00692	0.01038	0.01038	0.01154	0.00808	0.00808	0.01154	0.01038	0.01500	0.01731	0.02538	0.01615	0.04846	0.74732	0.01038	0.01731	0.00692	0.00346	0.00577
6	0.01243	0.00994	0.01391	0.04105	0.20119	0.02683	0.01040	0.03376	0.03065	0.03915	0.07643	0.17049	0.12282	0.04233	0.01060	0.11039	0.00559	0.03044	0.00476	0.00685
7	0.00997	0.00764	0.01038	0.10890	0.01425	0.00854	0.00775	0.01208	0.03764	0.01520	0.04056	0.11981	0.02236	0.32156	0.20201	0.00590	0.03679	0.00921	0.00406	0.00539
8	0.01231	0.01163	0.01940	0.71770	0.04303	0.01465	0.01774	0.01646	0.01276	0.01646	0.01132	0.01706	0.00861	0.00672	0.00725	0.00219	0.04895	0.00574	0.00287	0.00717
9	0.00973	0.00657	0.00842	0.00836	0.00985	0.00597	0.00611	0.01204	0.01621	0.06266	0.41347	0.24888	0.13682	0.01526	0.00773	0.00221	0.00341	0.01349	0.00671	0.00606
10	0.01740	0.01550	0.01921	0.06703	0.10527	0.08099	0.09245	0.13648	0.22117	0.04713	0.02114	0.02306	0.05496	0.00817	0.00663	0.00206	0.00708	0.02864	0.03644	0.00918
11	0.01570	0.01518	0.02151	0.07730	0.13515	0.06259	0.15735	0.04603	0.27475	0.02278	0.01962	0.06400	0.01627	0.00825	0.00689	0.00216	0.00743	0.03316	0.00480	0.00908
12	0.02299	0.07266	0.01901	0.01577	0.01947	0.55226	0.01216	0.10193	0.08759	0.01962	0.01212	0.01321	0.00972	0.00692	0.00587	0.00173	0.01023	0.00461	0.00396	0.00819
13	0.02941	0.00672	0.00859	0.00857	0.00934	0.00667	0.00589	0.05036	0.01185	0.01602	0.06451	0.17724	0.09151	0.09947	0.01833	0.37204	0.00500	0.00966	0.00437	0.00444
14	0.10926	0.04573	0.21470	0.06197	0.06416	0.23436	0.11108	0.02122	0.01492	0.01960	0.01183	0.04051	0.00969	0.00667	0.00606	0.00195	0.00940	0.00540	0.00328	0.00823
15	0.01286	0.01184	0.01938	0.71759	0.04319	0.01466	0.01764	0.05374	0.01386	0.01781	0.01170	0.01713	0.00874	0.00653	0.00646	0.00214	0.00853	0.00575	0.00306	0.00738
16	0.00893	0.00636	0.00789	0.00858	0.00927	0.00610	0.00578	0.03198	0.01297	0.01728	0.09181	0.45035	0.08195	0.19440	0.01386	0.00338	0.00442	0.03384	0.00562	0.00523
17	0.01302	0.01171	0.01817	0.15597	0.31886	0.01218	0.01436	0.03670	0.04665	0.02015	0.04558	0.11774	0.11054	0.01001	0.00696	0.00215	0.00644	0.04031	0.00434	0.00816
18	0.03723	0.10103	0.08110	0.01965	0.16102	0.13530	0.04018	0.14128	0.07162	0.04517	0.01517	0.07341	0.01296	0.00783	0.00661	0.00195	0.02876	0.00631	0.00434	0.00907
19	0.01098	0.00735	0.00950	0.00939	0.01048	0.00773	0.00666	0.04350	0.03022	0.05706	0.02281	0.18984	0.02400	0.26231	0.27184	0.00637	0.00952	0.01009	0.00462	0.00573
20	0.00877	0.00605	0.00772	0.00868	0.00944	0.00561	0.00594	0.01001	0.01280	0.03823	0.05930	0.54272	0.11843	0.09574	0.01064	0.00292	0.00406	0.04170	0.00588	0.00536
21	0.01377	0.01281	0.06612	0.16247	0.20548	0.01173	0.07401	0.01740	0.01481	0.08229	0.08269	0.08452	0.10111	0.00949	0.00699	0.00213	0.00680	0.03278	0.00450	0.00810
22	0.10612	0.03476	0.17694	0.14804	0.05927	0.03597	0.03377	0.02091	0.06844	0.11036	0.05739	0.04338	0.01536	0.00800	0.00670	0.00211	0.02820	0.03143	0.00438	0.00845
23	0.01921	0.02128	0.01946	0.08483	0.14545	0.33558	0.01406	0.07041	0.03789	0.01876	0.01163	0.01510	0.00985	0.02976	0.02668	0.00229	0.12093	0.00522	0.00353	0.00807
24	0.10375	0.01823	0.03982	0.23164	0.13668	0.19880	0.04504	0.01978	0.01406	0.01856	0.01062	0.01442	0.00864	0.00693	0.00798	0.00206	0.10683	0.00515	0.00317	0.00783
25	0.01006	0.00775	0.01099	0.01286	0.10709	0.00815	0.00790	0.01166	0.01093	0.01512	0.02113	0.05980	0.05957	0.30225	0.31907	0.00700	0.01071	0.00847	0.00383	0.00566
26	0.02354	0.02105	0.01859	0.01516	0.01967	0.21479	0.01212	0.45450	0.10121	0.03257	0.01519	0.01540	0.01121	0.00757	0.00630	0.00189	0.00812	0.00553	0.00563	0.00997
27	0.01195	0.00993	0.01176	0.00906	0.01349	0.00777	0.00710	0.01473	0.01454	0.02180	0.17635	0.04737	0.06279	0.00781	0.00569	0.00132	0.00428	0.00660	0.00476	0.56092
28	0.81856	0.01250	0.00950	0.00850	0.01250	0.01449	0.00700	0.01899	0.01100	0.02899	0.00900	0.01050	0.00700	0.00600	0.00400	0.00200	0.00500	0.00350	0.00400	0.00700
29	0.01609	0.03591	0.02109	0.31325	0.19626	0.04193	0.03607	0.09490	0.11773	0.04180	0.01452	0.01749	0.01107	0.00676	0.00641	0.00204	0.00777	0.00593	0.00403	0.00893
30	0.00923	0.00673	0.00812	0.00842	0.01008	0.00610	0.00648	0.01128	0.01498	0.04078	0.17494	0.15396	0.32157	0.05036	0.00908	0.00255	0.00404	0.14941	0.00616	0.00574
31	0.00829	0.00609	0.00738	0.00798	0.00885	0.00560	0.00540	0.00961	0.01324	0.01740	0.14311	0.37445	0.19329	0.15409	0.01246	0.00309	0.00399	0.01471	0.00579	0.00518
