[name]
unknown

[dist]
# distance from previous block
# <min> <max>
0	4

[block]
# block no. 0 follows, 34 sequences, length 79
# corresponding to MSA columns:
# 4-82
name=unknown_A
#
# <colnr> <probs for GDERKNQSTAVLIFYWHMCP>
#	G	D	E	R	K	N	Q	S	T	A	V	L	I	F	Y	W	H	M	C	P
0	0.01539	0.01354	0.01759	0.04356	0.11112	0.06672	0.07813	0.06111	0.12156	0.05170	0.11456	0.02855	0.02190	0.00889	0.00675	0.00198	0.00652	0.09436	0.00507	0.13101
1	0.00866	0.00595	0.00727	0.00799	0.00818	0.00577	0.00493	0.00920	0.01084	0.01446	0.02777	0.39535	0.03284	0.40710	0.02091	0.00449	0.00504	0.01376	0.00493	0.00456
2	0.02379	0.01771	0.01896	0.01471	0.01974	0.01968	0.01209	0.64957	0.09314	0.03948	0.01649	0.01629	0.01178	0.00785	0.00647	0.00196	0.00693	0.00595	0.00647	0.01092
3	0.00923	0.00692	0.01038	0.01038	0.01154	0.00808	0.00808	0.01154	0.01038	0.01500	0.01731	0.02538	0.01615	0.04846	0.74732	0.01038	0.01731	0.00692	0.00346	0.00577
4	0.01308	0.03257	0.70213	0.01889	0.02827	0.01508	0.06034	0.02047	0.01373	0.02047	0.01167	0.01384	0.00827	0.00610	0.00622	0.00205	0.00962	0.00493	0.00276	0.00950
5	0.04127	0.01921	0.05801	0.10608	0.14771	0.20166	0.01511	0.02110	0.07871	0.01843	0.01168	0.01497	0.00974	0.00792	0.01033	0.00217	0.21900	0.00534	0.00340	0.00817
6	0.00923	0.00692	0.01038	0.01038	0.01154	0.00808	0.00808	0.01154	0.01038	0.01500	0.01731	0.02538	0.01615	0.04846	0.74732	0.01038	0.01731	0.00692	0.00346	0.00577
7	0.01041	0.00744	0.01041	0.01190	0.01339	0.00744	0.01041	0.01339	0.01487	0.01934	0.03421	0.07288	0.03719	0.01785	0.00892	0.00297	0.00595	0.68913	0.00595	0.00595
8	0.02414	0.03079	0.01831	0.01665	0.01998	0.74698	0.01248	0.02580	0.01831	0.01581	0.00999	0.01165	0.00832	0.00666	0.00583	0.00166	0.01165	0.00416	0.00333	0.00749
9	0.00787	0.00562	0.00750	0.00900	0.00937	0.00525	0.00600	0.00900	0.01237	0.01649	0.03561	0.76871	0.04274	0.02024	0.00825	0.00262	0.00375	0.01837	0.00600	0.00525
10	0.00835	0.00624	0.00783	0.00844	0.00960	0.00565	0.00601	0.01014	0.01435	0.01914	0.20667	0.41975	0.17651	0.01736	0.00792	0.00237	0.00359	0.03857	0.00621	0.02530
11	0.01139	0.00932	0.01352	0.01182	0.01285	0.01037	0.08131	0.03998	0.01129	0.01562	0.01816	0.10232	0.01966	0.36242	0.08436	0.03272	0.14457	0.00893	0.00388	0.00553
12	0.01307	0.01263	0.01704	0.01506	0.01551	0.04123	0.01234	0.01475	0.01032	0.01540	0.01107	0.01728	0.01068	0.02183	0.22939	0.00496	0.52174	0.00597	0.00303	0.00671
13	0.00987	0.00782	0.01005	0.05162	0.01325	0.00683	0.00720	0.01173	0.01273	0.01794	0.02658	0.48610	0.03026	0.01455	0.00705	0.00207	0.00435	0.01303	0.00513	0.26183
14	0.01650	0.44614	0.27384	0.01415	0.02083	0.09560	0.01559	0.02039	0.01383	0.01707	0.00998	0.01162	0.00826	0.00585	0.00500	0.00164	0.00830	0.00398	0.00281	0.00864
15	0.01492	0.03192	0.01823	0.13613	0.04385	0.06943	0.03833	0.09664	0.01412	0.01942	0.01257	0.01736	0.01077	0.01575	0.14543	0.00373	0.24524	0.00585	0.05285	0.00746
16	0.09752	0.03320	0.01220	0.01002	0.01266	0.01082	0.00779	0.15087	0.04228	0.10137	0.12270	0.02401	0.04370	0.01288	0.01165	0.23478	0.00524	0.00673	0.05267	0.00692
17	0.08965	0.08892	0.05571	0.05049	0.15306	0.12615	0.01331	0.18414	0.01832	0.02478	0.05753	0.05663	0.01432	0.00784	0.00654	0.00193	0.03146	0.00611	0.00437	0.00874
18	0.05752	0.06746	0.49867	0.01846	0.02647	0.09311	0.10915	0.02092	0.01418	0.02019	0.01134	0.01359	0.00835	0.00607	0.00608	0.00199	0.00957	0.00494	0.00293	0.00903
19	0.01611	0.01568	0.04195	0.03265	0.05112	0.09488	0.01062	0.07276	0.21109	0.02334	0.01681	0.01751	0.02650	0.00668	0.00574	0.00159	0.00619	0.00534	0.00467	0.33879
20	0.00885	0.00659	0.00823	0.00782	0.00947	0.00597	0.00587	0.01163	0.01760	0.02427	0.60050	0.05096	0.19069	0.01382	0.00762	0.00206	0.00309	0.01206	0.00690	0.00597
21	0.01306	0.01119	0.01299	0.00939	0.01492	0.00843	0.00749	0.01586	0.01348	0.02084	0.01467	0.01628	0.05210	0.00547	0.00495	0.00103	0.00470	0.00441	0.00396	0.76478
22	0.01603	0.01380	0.02114	0.08349	0.04695	0.01414	0.15766	0.08758	0.04117	0.07351	0.01414	0.04198	0.01150	0.00737	0.00871	0.00193	0.12903	0.00617	0.00418	0.21954
23	0.01469	0.33120	0.45681	0.01547	0.02341	0.01924	0.01874	0.02002	0.01344	0.01836	0.01055	0.01233	0.00823	0.00589	0.00534	0.00178	0.00849	0.00425	0.00274	0.00905
24	0.00764	0.00655	0.00655	0.00655	0.00873	0.00545	0.00491	0.00927	0.01473	0.01745	0.06546	0.06218	0.73000	0.01636	0.00764	0.00218	0.00327	0.01364	0.00600	0.00545
25	0.02669	0.01469	0.01728	0.01325	0.01834	0.01498	0.01094	0.38496	0.02468	0.37489	0.02030	0.01862	0.01339	0.00787	0.00648	0.00197	0.00634	0.00614	0.00720	0.01099
26	0.01408	0.01340	0.02278	0.40119	0.38600	0.01485	0.01888	0.01816	0.01381	0.01879	0.01182	0.01661	0.00942	0.00611	0.00643	0.00204	0.00815	0.00575	0.00303	0.00869
27	0.01351	0.01282	0.02175	0.50938	0.28228	0.01470	0.01860	0.01766	0.01354	0.01810	0.01172	0.01680	0.00917	0.00622	0.00644	0.00207	0.00829	0.00575	0.00298	0.00823
28	0.00811	0.00656	0.00720	0.00704	0.00902	0.00565	0.00528	0.01018	0.01584	0.02009	0.27206	0.05785	0.52175	0.01538	0.00763	0.00214	0.00320	0.01303	0.00635	0.00565
29	0.00852	0.00653	0.00781	0.00761	0.00930	0.00581	0.00566	0.01094	0.01665	0.02229	0.44731	0.09585	0.30275	0.01477	0.00766	0.00212	0.00317	0.01279	0.00664	0.00581
30	0.01883	0.01356	0.01558	0.01263	0.01630	0.01475	0.03532	0.42031	0.02288	0.03187	0.01797	0.06355	0.01480	0.03838	0.08551	0.00295	0.00736	0.00690	0.15167	0.00887
31	0.11456	0.02610	0.01752	0.01575	0.01864	0.54967	0.01210	0.02343	0.01616	0.01730	0.00964	0.01190	0.00819	0.00730	0.00799	0.00188	0.12683	0.00432	0.00333	0.00737
32	0.05460	0.01161	0.01493	0.01169	0.01652	0.01075	0.00959	0.05627	0.09297	0.61213	0.02464	0.02158	0.01590	0.00800	0.00642	0.00202	0.00550	0.00646	0.00765	0.01078
33	0.00806	0.00631	0.00731	0.00768	0.00920	0.00556	0.00558	0.00985	0.01473	0.01883	0.18226	0.26287	0.38881	0.01691	0.00784	0.00230	0.00343	0.03072	0.00621	0.00553
34	0.02600	0.01579	0.01796	0.01377	0.01888	0.01661	0.01138	0.48994	0.02651	0.26731	0.01876	0.01762	0.01262	0.00783	0.00647	0.00196	0.00659	0.00604	0.00696	0.01099
35	0.01340	0.01148	0.01340	0.00957	0.01531	0.00861	0.00766	0.01627	0.01340	0.02105	0.01148	0.01340	0.00957	0.00479	0.00479	0.00096	0.00479	0.00383	0.00383	0.81242
36	0.01060	0.00704	0.00855	0.00803	0.00970	0.00679	0.00605	0.04994	0.01761	0.02593	0.49995	0.06727	0.04724	0.01185	0.00686	0.00193	0.00328	0.01029	0.19481	0.00631
37	0.00793	0.00656	0.00695	0.00685	0.00891	0.00558	0.00514	0.00984	0.01542	0.01910	0.19440	0.05948	0.60003	0.01575	0.00763	0.00215	0.00323	0.01326	0.00622	0.00558
38	0.01880	0.01424	0.01515	0.01277	0.01670	0.01597	0.01017	0.26661	0.37155	0.04827	0.02185	0.02107	0.01619	0.00823	0.00626	0.00201	0.00554	0.00660	0.11206	0.00996
39	0.00914	0.00660	0.00864	0.00813	0.00965	0.00610	0.00610	0.01219	0.01829	0.02591	0.72921	0.04827	0.06097	0.01321	0.00762	0.00203	0.00305	0.01169	0.00711	0.00610
40	0.01597	0.01476	0.02135	0.01715	0.02158	0.01586	0.21113	0.06915	0.43972	0.02553	0.02232	0.04315	0.01744	0.00830	0.00698	0.00221	0.00688	0.02536	0.00559	0.00959
41	0.02487	0.01761	0.01909	0.01464	0.01979	0.01932	0.01209	0.66452	0.02957	0.08842	0.01620	0.01596	0.01133	0.00777	0.00647	0.00194	0.00700	0.00586	0.00657	0.01099
42	0.01820	0.01780	0.01562	0.01399	0.01763	0.17816	0.01081	0.05961	0.53756	0.02509	0.02225	0.02100	0.01685	0.00826	0.00640	0.00206	0.00664	0.00655	0.00585	0.00965
43	0.01661	0.06282	0.05384	0.01116	0.01593	0.03620	0.00944	0.07870	0.04895	0.13140	0.05704	0.09956	0.01743	0.00806	0.00588	0.00161	0.00553	0.00663	0.00509	0.32814
44	0.01423	0.06649	0.27803	0.01357	0.01887	0.01227	0.02720	0.02039	0.10089	0.10812	0.13791	0.13066	0.02436	0.00985	0.00669	0.00210	0.00646	0.00838	0.00505	0.00852
45	0.00801	0.00568	0.00746	0.00882	0.00916	0.00534	0.00581	0.00903	0.01210	0.01613	0.03421	0.70169	0.04096	0.08968	0.01052	0.00296	0.00398	0.01754	0.00581	0.00513
46	0.01713	0.68123	0.09804	0.01194	0.01775	0.05106	0.01228	0.01969	0.01337	0.01571	0.00926	0.01071	0.00828	0.00563	0.00439	0.00145	0.00733	0.00360	0.00278	0.00838
47	0.04555	0.10064	0.06806	0.11264	0.14969	0.08151	0.15931	0.04369	0.01549	0.12386	0.01353	0.01592	0.01014	0.00639	0.00663	0.00196	0.02633	0.00572	0.00393	0.00899
48	0.01414	0.01414	0.01979	0.01696	0.01696	0.01979	0.01414	0.01555	0.00990	0.01555	0.00848	0.01414	0.00848	0.01131	0.02120	0.00283	0.76110	0.00565	0.00283	0.00707
49	0.00789	0.00629	0.00708	0.00745	0.00903	0.00547	0.00537	0.00955	0.01449	0.01822	0.13880	0.26354	0.44988	0.01709	0.00781	0.00229	0.00338	0.01476	0.00614	0.00547
50	0.01655	0.01605	0.07044	0.06842	0.13867	0.01488	0.30220	0.08300	0.01621	0.08757	0.01551	0.03747	0.01244	0.00852	0.03273	0.00243	0.02953	0.03431	0.00409	0.00899
51	0.01462	0.19013	0.50659	0.01728	0.02551	0.03732	0.06487	0.03744	0.01418	0.01973	0.01119	0.01318	0.00839	0.00602	0.00581	0.00190	0.00907	0.00469	0.00288	0.00921
52	0.01632	0.01414	0.10276	0.01225	0.01619	0.01254	0.01084	0.13494	0.20660	0.09887	0.10318	0.05413	0.02306	0.03134	0.00739	0.00222	0.00563	0.05561	0.08318	0.00881
53	0.00931	0.00694	0.00995	0.00996	0.01086	0.00794	0.00747	0.01117	0.01032	0.01471	0.01853	0.06730	0.01852	0.15957	0.57732	0.00913	0.03399	0.00789	0.00365	0.00548
54	0.20848	0.05932	0.01872	0.03812	0.13585	0.20750	0.01265	0.11142	0.01609	0.02303	0.01063	0.01300	0.00870	0.00702	0.00745	0.00197	0.10333	0.00468	0.00377	0.00827
55	0.00856	0.00885	0.07449	0.00861	0.01090	0.00648	0.00724	0.01085	0.01457	0.01883	0.15939	0.20724	0.36638	0.03506	0.00831	0.00237	0.00408	0.03611	0.00582	0.00587
56	0.12012	0.64816	0.03090	0.01138	0.01675	0.02377	0.03855	0.01936	0.01294	0.01719	0.00915	0.01067	0.00819	0.00559	0.00427	0.00149	0.00682	0.00363	0.00294	0.00814
57	0.02456	0.01810	0.01939	0.01487	0.02004	0.02004	0.01228	0.71107	0.03038	0.04072	0.01551	0.01551	0.01099	0.00776	0.00646	0.00194	0.00711	0.00582	0.00646	0.01099
58	0.00907	0.00612	0.00809	0.00914	0.00993	0.00571	0.00643	0.01053	0.01324	0.04624	0.08494	0.57894	0.06570	0.04288	0.00896	0.00269	0.00403	0.07571	0.00609	0.00557
59	0.01085	0.00810	0.01134	0.01086	0.01244	0.00934	0.00852	0.08553	0.01250	0.01772	0.01712	0.02434	0.01561	0.04415	0.66896	0.00949	0.01623	0.00681	0.00378	0.00632
60	0.01132	0.00904	0.01135	0.01297	0.03990	0.04723	0.01049	0.01460	0.03722	0.01912	0.03137	0.11040	0.03375	0.01773	0.03392	0.00307	0.00653	0.53807	0.00565	0.00627
61	0.00817	0.00579	0.00763	0.00898	0.00938	0.00548	0.00605	0.00930	0.01223	0.01627	0.03403	0.65611	0.04051	0.09420	0.01071	0.00300	0.00413	0.05709	0.00579	0.00516
62	0.00815	0.00581	0.00746	0.00866	0.00910	0.00546	0.00575	0.00918	0.01213	0.01604	0.03494	0.60700	0.07635	0.12980	0.01183	0.00314	0.00415	0.03427	0.00569	0.00508
63	0.01220	0.01148	0.01938	0.75739	0.04450	0.01436	0.01794	0.01651	0.01292	0.01651	0.01148	0.01723	0.00861	0.00646	0.00646	0.00215	0.00861	0.00574	0.00287	0.00718
64	0.00996	0.00741	0.00986	0.00959	0.01016	0.00852	0.00693	0.01128	0.01020	0.01467	0.01838	0.06026	0.01914	0.31569	0.32303	0.00716	0.09792	0.00813	0.04652	0.00521
65	0.00940	0.00626	0.00705	0.00705	0.00705	0.00626	0.00392	0.00940	0.00940	0.01253	0.02036	0.04228	0.02349	0.77292	0.03289	0.00626	0.00626	0.00940	0.00392	0.00392
66	0.69021	0.01275	0.01070	0.00922	0.01339	0.01443	0.00760	0.06886	0.01305	0.09480	0.01097	0.01190	0.00810	0.00631	0.00440	0.00200	0.00519	0.00394	0.00454	0.00765
67	0.34456	0.44221	0.02344	0.01018	0.01502	0.04291	0.00944	0.01940	0.01242	0.02085	0.00902	0.01046	0.00776	0.00575	0.00414	0.00164	0.00627	0.00349	0.00329	0.00774
68	0.01124	0.00628	0.00728	0.00728	0.00868	0.00661	0.00554	0.01404	0.01264	0.02148	0.01999	0.02446	0.01644	0.01929	0.21802	0.00406	0.00712	0.00628	0.57732	0.00595
69	0.00844	0.00658	0.00766	0.00739	0.00922	0.00580	0.00554	0.01083	0.01662	0.02196	0.41871	0.05478	0.37393	0.01469	0.00763	0.00210	0.00315	0.01260	0.00659	0.00580
70	0.07851	0.01668	0.02203	0.08486	0.02422	0.01814	0.14864	0.41858	0.06890	0.03285	0.01489	0.01624	0.01081	0.00712	0.00652	0.00203	0.00771	0.00609	0.00534	0.00986
71	0.01688	0.70859	0.09861	0.01173	0.01763	0.02460	0.01223	0.01945	0.01318	0.01568	0.00922	0.01067	0.00828	0.00558	0.00433	0.00144	0.00715	0.00358	0.00276	0.00841
72	0.01247	0.01190	0.02050	0.69867	0.06712	0.01448	0.05077	0.01682	0.01309	0.01686	0.01158	0.01719	0.00872	0.00639	0.00651	0.00215	0.00869	0.00583	0.00290	0.00735
73	0.09147	0.66324	0.03055	0.01085	0.01620	0.02364	0.01059	0.02000	0.01324	0.05741	0.00992	0.01104	0.00861	0.00571	0.00427	0.00147	0.00665	0.00363	0.00317	0.00833
74	0.01504	0.01890	0.10249	0.02642	0.03324	0.01622	0.64626	0.02068	0.01510	0.02068	0.01294	0.01708	0.00966	0.00551	0.00749	0.00217	0.01077	0.00736	0.00322	0.00879
75	0.01999	0.01203	0.07942	0.01137	0.01549	0.00969	0.00987	0.06835	0.03874	0.36590	0.09374	0.12339	0.07317	0.01199	0.03403	0.00241	0.00578	0.00887	0.00672	0.00905
76	0.01870	0.13343	0.08627	0.01433	0.01829	0.31679	0.01237	0.03574	0.01614	0.04398	0.07761	0.01826	0.01473	0.00785	0.00724	0.00182	0.07603	0.03253	0.00387	0.06403
77	0.08924	0.09521	0.44903	0.01595	0.02339	0.05773	0.01839	0.10965	0.01574	0.02299	0.01238	0.03977	0.00967	0.00681	0.00586	0.00197	0.00849	0.00512	0.00348	0.00912
78	0.04652	0.10063	0.01804	0.01481	0.07998	0.01468	0.03462	0.12091	0.07313	0.06127	0.05864	0.05221	0.01663	0.03317	0.11565	0.00332	0.08608	0.00672	0.02532	0.03769

[dist]
# distance from previous block
# <min> <max>
0	101

[block]
# block no. 1 follows, 34 sequences, length 15
# corresponding to MSA columns:
# 185-199
name=unknown_B
#
# <colnr> <probs for GDERKNQSTAVLIFYWHMCP>
#	G	D	E	R	K	N	Q	S	T	A	V	L	I	F	Y	W	H	M	C	P
0	0.06446	0.01661	0.05869	0.07387	0.05953	0.12031	0.05319	0.09818	0.15000	0.07791	0.06919	0.06513	0.01744	0.00830	0.00642	0.00200	0.00707	0.00693	0.00505	0.03972
1	0.14561	0.01324	0.01655	0.28129	0.04262	0.05447	0.03765	0.08904	0.05569	0.07606	0.01430	0.01872	0.01136	0.07640	0.02240	0.00257	0.00754	0.00583	0.00419	0.02448
2	0.36174	0.01448	0.01395	0.11372	0.01924	0.07138	0.01021	0.13791	0.07166	0.07639	0.04276	0.01577	0.01184	0.00706	0.00542	0.00200	0.00633	0.00509	0.00481	0.00822
3	0.01300	0.01271	0.02278	0.58450	0.10478	0.01474	0.12069	0.01743	0.01343	0.01754	0.01178	0.01715	0.00894	0.00625	0.00663	0.00214	0.00887	0.00602	0.00296	0.00768
4	0.01729	0.01523	0.02297	0.13227	0.18655	0.01667	0.11595	0.22416	0.03591	0.02605	0.05450	0.01811	0.01313	0.00747	0.00817	0.00210	0.08342	0.00641	0.00440	0.00923
5	0.01327	0.01321	0.01928	0.69110	0.04231	0.07992	0.01746	0.01734	0.01340	0.01645	0.01135	0.01673	0.00859	0.00648	0.00640	0.00211	0.00889	0.00560	0.00291	0.00721
6	0.02114	0.01657	0.01940	0.01489	0.01970	0.01797	0.05036	0.48258	0.05020	0.03393	0.01454	0.01549	0.01080	0.00754	0.00761	0.00190	0.07470	0.00566	0.00557	0.12942
7	0.14135	0.10297	0.01856	0.01488	0.01852	0.56586	0.01153	0.02414	0.01670	0.01771	0.00974	0.01135	0.00812	0.00645	0.00539	0.00169	0.01019	0.00399	0.00337	0.00750
8	0.02404	0.01784	0.01910	0.01476	0.01984	0.01980	0.01216	0.66984	0.07246	0.03989	0.01617	0.01604	0.01152	0.00782	0.00647	0.00195	0.00699	0.00591	0.00647	0.01094
9	0.00813	0.00583	0.00773	0.00882	0.00943	0.00542	0.00602	0.00966	0.01359	0.01843	0.17854	0.62025	0.04649	0.01879	0.00812	0.00250	0.00360	0.01699	0.00623	0.00542
10	0.01031	0.00720	0.00869	0.00847	0.00917	0.00750	0.00560	0.06066	0.01180	0.01604	0.05495	0.10274	0.02473	0.47585	0.16309	0.00620	0.00804	0.00959	0.00435	0.00500
11	0.01416	0.01569	0.03361	0.02454	0.03017	0.01470	0.60538	0.01897	0.01483	0.02008	0.01640	0.12830	0.01466	0.00763	0.00772	0.00224	0.00984	0.00921	0.00367	0.00820
12	0.01220	0.01148	0.01938	0.75739	0.04450	0.01436	0.01794	0.01651	0.01292	0.01651	0.01148	0.01723	0.00861	0.00646	0.00646	0.00215	0.00861	0.00574	0.00287	0.00718
13	0.01849	0.40700	0.03140	0.01609	0.02168	0.06229	0.18504	0.14721	0.01712	0.02129	0.01126	0.01314	0.00917	0.00598	0.00553	0.00170	0.00820	0.00497	0.00360	0.00885
14	0.02222	0.01483	0.01804	0.01416	0.01889	0.01551	0.05887	0.34209	0.12743	0.19124	0.02026	0.06419	0.01521	0.00845	0.00661	0.00201	0.00642	0.00701	0.00648	0.04009

[dist]
# distance from previous block
# <min> <max>
0	2

[block]
# block no. 2 follows, 34 sequences, length 19
# corresponding to MSA columns:
# 202-220
name=unknown_C
#
# <colnr> <probs for GDERKNQSTAVLIFYWHMCP>
#	G	D	E	R	K	N	Q	S	T	A	V	L	I	F	Y	W	H	M	C	P
0	0.02328	0.01721	0.01855	0.01437	0.01931	0.01885	0.01178	0.64881	0.02881	0.03873	0.01640	0.05429	0.01257	0.00829	0.00649	0.00194	0.00685	0.00639	0.00634	0.04073
1	0.01388	0.01708	0.10567	0.14288	0.03240	0.01507	0.44675	0.01888	0.01431	0.01950	0.01437	0.07855	0.01210	0.00707	0.00774	0.00222	0.03211	0.00784	0.00336	0.00822
2	0.00956	0.00668	0.00917	0.00917	0.01009	0.00745	0.00675	0.01142	0.01049	0.01539	0.01840	0.02910	0.01787	0.20919	0.50657	0.00851	0.01329	0.00739	0.08813	0.00537
3	0.00818	0.00653	0.00734	0.00733	0.00918	0.00569	0.00549	0.01024	0.01563	0.01994	0.25821	0.10364	0.46837	0.01573	0.00771	0.00219	0.00332	0.03333	0.00633	0.00565
4	0.01220	0.01148	0.01938	0.75739	0.04450	0.01436	0.01794	0.01651	0.01292	0.01651	0.01148	0.01723	0.00861	0.00646	0.00646	0.00215	0.00861	0.00574	0.00287	0.00718
5	0.00940	0.00626	0.00705	0.00705	0.00705	0.00626	0.00392	0.00940	0.00940	0.01253	0.02036	0.04228	0.02349	0.77292	0.03289	0.00626	0.00626	0.00940	0.00392	0.00392
6	0.01652	0.01365	0.01700	0.01442	0.01829	0.01502	0.09033	0.06543	0.50363	0.06897	0.02494	0.08387	0.01980	0.00923	0.00682	0.00220	0.00579	0.00812	0.00623	0.00973
7	0.01376	0.01317	0.02240	0.45282	0.25650	0.01487	0.05984	0.01869	0.04909	0.01872	0.01253	0.01720	0.00975	0.00630	0.00652	0.00208	0.00828	0.00594	0.00318	0.00837
8	0.01576	0.01288	0.01467	0.01069	0.01631	0.01103	0.00864	0.16337	0.01699	0.02522	0.01234	0.01385	0.00987	0.00541	0.00514	0.00116	0.00528	0.00425	0.00439	0.64275
9	0.00830	0.00622	0.00787	0.00875	0.00978	0.00555	0.00600	0.00963	0.01274	0.01698	0.03725	0.62119	0.12321	0.01850	0.00789	0.00243	0.00378	0.01660	0.00582	0.07151
10	0.09395	0.07486	0.24625	0.03050	0.03549	0.01417	0.01411	0.02269	0.14417	0.07797	0.01493	0.01576	0.01115	0.00643	0.00563	0.00179	0.00674	0.00500	0.00421	0.17419
11	0.01710	0.61775	0.13653	0.01251	0.01848	0.07217	0.01304	0.01994	0.01355	0.01602	0.00943	0.01093	0.00828	0.00569	0.00455	0.00150	0.00761	0.00370	0.00280	0.00842
12	0.00795	0.00589	0.00743	0.00846	0.00928	0.00537	0.00580	0.00935	0.01337	0.01756	0.10677	0.56862	0.17283	0.01885	0.00807	0.00249	0.00359	0.01685	0.00610	0.00537
13	0.00803	0.00631	0.00726	0.00755	0.00910	0.00554	0.00546	0.00983	0.01486	0.01903	0.20178	0.25069	0.39812	0.01673	0.00780	0.00227	0.00335	0.01449	0.00624	0.00554
14	0.12305	0.02352	0.29683	0.06003	0.02306	0.09957	0.01613	0.16376	0.01743	0.06945	0.01295	0.01455	0.00943	0.00819	0.03291	0.00228	0.00866	0.00500	0.00410	0.00908
15	0.01687	0.01355	0.01476	0.03725	0.01715	0.01468	0.00998	0.23923	0.29078	0.02909	0.06182	0.02676	0.11565	0.00932	0.00659	0.00200	0.00547	0.00759	0.00614	0.07533
16	0.17086	0.09236	0.01829	0.25037	0.06912	0.01501	0.02814	0.06420	0.01394	0.08327	0.01301	0.01712	0.01041	0.04867	0.05231	0.00273	0.03306	0.00544	0.00388	0.00781
17	0.04780	0.30461	0.15201	0.01487	0.04875	0.06937	0.01388	0.18995	0.06047	0.02387	0.01228	0.01335	0.00966	0.00648	0.00541	0.00175	0.00760	0.00464	0.00399	0.00927
18	0.01784	0.01932	0.16614	0.07793	0.04800	0.05202	0.09564	0.14889	0.14739	0.08329	0.01623	0.01728	0.01184	0.00693	0.00641	0.00198	0.00776	0.00592	0.00474	0.06446

[dist]
# distance from previous block
# <min> <max>
0	8

[block]
# block no. 3 follows, 34 sequences, length 23
# corresponding to MSA columns:
# 229-251
name=unknown_D
#
# <colnr> <probs for GDERKNQSTAVLIFYWHMCP>
#	G	D	E	R	K	N	Q	S	T	A	V	L	I	F	Y	W	H	M	C	P
0	0.04913	0.01228	0.01649	0.01476	0.01717	0.06504	0.09977	0.04556	0.01482	0.06666	0.02307	0.10299	0.02342	0.01298	0.01009	0.00257	0.13519	0.27592	0.00496	0.00713
1	0.01020	0.00725	0.00997	0.00970	0.01148	0.00646	0.04356	0.01199	0.01387	0.06977	0.08751	0.45156	0.15665	0.01638	0.00771	0.00233	0.00419	0.01469	0.00594	0.05879
2	0.01017	0.00706	0.00838	0.00838	0.00908	0.00705	0.00557	0.05590	0.01279	0.01723	0.11242	0.16869	0.03167	0.44328	0.02201	0.00459	0.00546	0.06025	0.00499	0.00503
3	0.01730	0.54064	0.07074	0.01473	0.02045	0.08702	0.13217	0.02021	0.01398	0.01648	0.00992	0.01187	0.00855	0.00565	0.00500	0.00158	0.00815	0.00431	0.00290	0.00836
4	0.01246	0.01097	0.01209	0.01113	0.01301	0.08942	0.00847	0.05440	0.01275	0.01712	0.01689	0.07721	0.01661	0.12286	0.34968	0.00631	0.05964	0.00726	0.00386	0.09784
5	0.01580	0.05041	0.07322	0.01718	0.01980	0.09939	0.09297	0.05722	0.05467	0.01854	0.01143	0.01543	0.00988	0.01159	0.06198	0.00291	0.37060	0.00574	0.00339	0.00785
6	0.02077	0.24359	0.02231	0.01313	0.01789	0.07308	0.01124	0.34841	0.08616	0.02899	0.01452	0.01505	0.01115	0.00709	0.00561	0.00175	0.00693	0.00514	0.05767	0.00954
7	0.00783	0.00578	0.00733	0.00857	0.00926	0.00528	0.00581	0.00904	0.01278	0.01666	0.04076	0.64694	0.16118	0.01957	0.00814	0.00255	0.00367	0.01755	0.00600	0.00528
8	0.01370	0.16154	0.61784	0.01715	0.02600	0.01683	0.02166	0.02027	0.01355	0.01956	0.01115	0.01308	0.00820	0.00603	0.00580	0.00193	0.00909	0.00455	0.00273	0.00933
9	0.01392	0.07015	0.14123	0.05545	0.01787	0.01303	0.01168	0.12726	0.11357	0.02481	0.21718	0.02908	0.08297	0.01021	0.00748	0.03698	0.00584	0.00791	0.00533	0.00806
10	0.01151	0.00737	0.00911	0.00868	0.00961	0.00763	0.00586	0.04880	0.01153	0.06698	0.02036	0.06540	0.02130	0.46971	0.20234	0.00658	0.00884	0.00877	0.00432	0.00531
11	0.00787	0.00562	0.00750	0.00900	0.00937	0.00525	0.00600	0.00900	0.01237	0.01649	0.03561	0.76871	0.04274	0.02024	0.00825	0.00262	0.00375	0.01837	0.00600	0.00525
12	0.11859	0.06037	0.10616	0.07243	0.10476	0.06471	0.12680	0.17683	0.04833	0.04126	0.01314	0.01513	0.00988	0.00651	0.00613	0.00197	0.00808	0.00553	0.00420	0.00918
13	0.05052	0.03471	0.13044	0.04676	0.03904	0.16333	0.19476	0.07377	0.01630	0.04206	0.06392	0.01716	0.01294	0.00722	0.00789	0.00205	0.07883	0.00608	0.00383	0.00839
14	0.00953	0.00702	0.00966	0.00969	0.01088	0.00780	0.00738	0.01205	0.03270	0.01583	0.02231	0.03243	0.06738	0.13247	0.51538	0.00830	0.01341	0.04340	0.03672	0.00567
15	0.00787	0.00562	0.00750	0.00900	0.00937	0.00525	0.00600	0.00900	0.01237	0.01649	0.03561	0.76871	0.04274	0.02024	0.00825	0.00262	0.00375	0.01837	0.00600	0.00525
16	0.01647	0.04712	0.08150	0.13714	0.24096	0.07522	0.10639	0.11802	0.01688	0.02236	0.03230	0.05009	0.01244	0.00705	0.00654	0.00199	0.00830	0.00643	0.00381	0.00899
17	0.01247	0.10669	0.01505	0.03593	0.10725	0.09419	0.00973	0.01424	0.01369	0.01708	0.04643	0.32130	0.05618	0.02880	0.00838	0.03725	0.00594	0.05816	0.00468	0.00654
18	0.00837	0.00663	0.00756	0.00763	0.00935	0.00593	0.00560	0.01083	0.03699	0.02001	0.24988	0.17878	0.39750	0.01589	0.00770	0.00222	0.00335	0.01370	0.00634	0.00575
19	0.03232	0.08387	0.50787	0.01740	0.02545	0.06333	0.06167	0.02192	0.02940	0.07938	0.01280	0.01435	0.00917	0.00629	0.00606	0.00198	0.00905	0.00498	0.00335	0.00935
20	0.03062	0.06739	0.08567	0.04125	0.25385	0.01403	0.03822	0.04099	0.08223	0.07306	0.06106	0.01823	0.01434	0.00661	0.00605	0.00178	0.00666	0.00579	0.00426	0.14790
21	0.01456	0.03305	0.01619	0.09063	0.06477	0.19458	0.04126	0.03147	0.01454	0.01717	0.02408	0.10105	0.14764	0.03043	0.06590	0.00285	0.09055	0.00830	0.00406	0.00692
22	0.01551	0.01284	0.01400	0.01287	0.01615	0.01457	0.01022	0.07901	0.52762	0.02626	0.02670	0.03244	0.02221	0.03345	0.00777	0.00243	0.00544	0.12477	0.00638	0.00935

[dist]
# distance from previous block
# <min> <max>
1	23

[block]
# block no. 4 follows, 34 sequences, length 20
# corresponding to MSA columns:
# 275-294
name=unknown_E
#
# <colnr> <probs for GDERKNQSTAVLIFYWHMCP>
#	G	D	E	R	K	N	Q	S	T	A	V	L	I	F	Y	W	H	M	C	P
0	0.01781	0.19571	0.10590	0.01591	0.08959	0.18533	0.01287	0.02023	0.01434	0.06299	0.01139	0.01376	0.00942	0.00781	0.00793	0.07991	0.03735	0.00454	0.00340	0.10382
1	0.05298	0.24136	0.15480	0.01616	0.09248	0.10497	0.01401	0.06807	0.03399	0.03962	0.01282	0.01635	0.01077	0.00673	0.00553	0.00175	0.00766	0.04134	0.00368	0.07493
2	0.01609	0.01265	0.01379	0.01220	0.01558	0.01395	0.00958	0.16444	0.37355	0.04651	0.07798	0.09010	0.07811	0.01073	0.00693	0.00219	0.00516	0.03477	0.00651	0.00917
3	0.01483	0.07550	0.01562	0.01038	0.01590	0.05031	0.00845	0.04664	0.03230	0.02127	0.01174	0.01342	0.00972	0.00517	0.00490	0.00110	0.00543	0.00399	0.00389	0.64942
4	0.01602	0.05393	0.01905	0.01516	0.01663	0.01863	0.01259	0.16097	0.01449	0.02098	0.01127	0.01613	0.01019	0.04017	0.04826	0.00297	0.47558	0.00578	0.03346	0.00774
5	0.04615	0.07820	0.15032	0.04104	0.20828	0.05697	0.09464	0.04926	0.04910	0.02116	0.04489	0.05801	0.03035	0.00762	0.00693	0.00202	0.03586	0.00662	0.00379	0.00879
6	0.00988	0.00642	0.00835	0.00927	0.01021	0.00603	0.00640	0.01182	0.04121	0.07475	0.03559	0.65156	0.06649	0.01865	0.00802	0.00254	0.00392	0.01679	0.00618	0.00592
7	0.00786	0.00568	0.00744	0.00884	0.00933	0.00526	0.00593	0.00901	0.01253	0.01656	0.03757	0.72244	0.08774	0.01999	0.00821	0.00260	0.00372	0.01806	0.00600	0.00526
8	0.01535	0.01518	0.02733	0.13514	0.51972	0.01539	0.13727	0.01953	0.01456	0.02041	0.01222	0.01641	0.00994	0.00580	0.00662	0.00200	0.00835	0.00607	0.00317	0.00956
9	0.01593	0.01615	0.02186	0.02649	0.32974	0.09481	0.01615	0.01912	0.03958	0.01859	0.01199	0.01752	0.01085	0.00857	0.01203	0.00229	0.29216	0.03429	0.00331	0.00857
10	0.02493	0.01751	0.01903	0.01459	0.01975	0.01917	0.01205	0.65515	0.02940	0.09803	0.01633	0.01605	0.01140	0.00778	0.00647	0.00194	0.00698	0.00587	0.00659	0.01099
11	0.00822	0.00650	0.00744	0.00793	0.00941	0.00588	0.00567	0.01048	0.04437	0.01818	0.10654	0.34015	0.37139	0.01732	0.00783	0.00235	0.00352	0.01508	0.00612	0.00563
12	0.00926	0.00679	0.00970	0.00970	0.01062	0.00771	0.00722	0.01110	0.01018	0.01449	0.01793	0.02884	0.01766	0.19681	0.60103	0.00954	0.01505	0.00743	0.00355	0.00539
13	0.01414	0.01414	0.01979	0.01696	0.01696	0.01979	0.01414	0.01555	0.00990	0.01555	0.00848	0.01414	0.00848	0.01131	0.02120	0.00283	0.76110	0.00565	0.00283	0.00707
14	0.01825	0.01842	0.02069	0.23115	0.21596	0.19676	0.01583	0.12686	0.05441	0.02181	0.01268	0.01562	0.00992	0.00664	0.00629	0.00194	0.00870	0.00545	0.00381	0.00881
15	0.00940	0.00626	0.00705	0.00705	0.00705	0.00626	0.00392	0.00940	0.00940	0.01253	0.02036	0.04228	0.02349	0.77292	0.03289	0.00626	0.00626	0.00940	0.00392	0.00392
16	0.00913	0.00625	0.00703	0.00713	0.00736	0.00612	0.00415	0.00936	0.01011	0.01327	0.02575	0.09179	0.09350	0.65001	0.02882	0.00563	0.00581	0.01040	0.00425	0.00415
17	0.02099	0.01488	0.01620	0.01311	0.01753	0.01615	0.01061	0.37187	0.21425	0.11777	0.02495	0.02359	0.09054	0.00898	0.00662	0.00204	0.00597	0.00713	0.00663	0.01019
18	0.01229	0.00917	0.01205	0.01167	0.01368	0.00939	0.04574	0.07299	0.13618	0.05179	0.03054	0.41263	0.03252	0.01561	0.00780	0.00249	0.00501	0.10528	0.00607	0.00710
19	0.02260	0.00994	0.01311	0.01103	0.01477	0.00905	0.00870	0.02621	0.08156	0.49427	0.02806	0.20616	0.02293	0.01109	0.00694	0.00217	0.00503	0.00950	0.00737	0.00951

[dist]
# distance from previous block
# <min> <max>
0	2

[block]
# block no. 5 follows, 34 sequences, length 103
# corresponding to MSA columns:
# 297-399
name=unknown_F
#
# <colnr> <probs for GDERKNQSTAVLIFYWHMCP>
#	G	D	E	R	K	N	Q	S	T	A	V	L	I	F	Y	W	H	M	C	P
0	0.02456	0.01810	0.01939	0.01487	0.02004	0.02004	0.01228	0.71107	0.03038	0.04072	0.01551	0.01551	0.01099	0.00776	0.00646	0.00194	0.00711	0.00582	0.00646	0.01099
1	0.01820	0.01534	0.01578	0.01364	0.01762	0.03990	0.01075	0.18349	0.54641	0.02970	0.02340	0.02182	0.01744	0.00848	0.00653	0.00212	0.00576	0.00688	0.00645	0.01031
2	0.01811	0.01664	0.03320	0.01344	0.01736	0.11245	0.01075	0.14872	0.41362	0.04272	0.02524	0.02392	0.07736	0.00888	0.00653	0.00207	0.00629	0.00709	0.00601	0.00959
3	0.01763	0.01621	0.01627	0.06142	0.04709	0.20552	0.03010	0.05914	0.05766	0.09437	0.01677	0.01971	0.03415	0.01718	0.17629	0.00390	0.08064	0.00607	0.03210	0.00780
4	0.00809	0.00593	0.00769	0.00887	0.00959	0.00541	0.00600	0.00933	0.01256	0.01675	0.03645	0.69193	0.08444	0.01934	0.00806	0.00252	0.00376	0.01745	0.00590	0.03993
5	0.02388	0.01744	0.01866	0.01438	0.01936	0.01927	0.01186	0.67316	0.02946	0.03982	0.01582	0.01598	0.01129	0.00774	0.00636	0.00192	0.00689	0.00583	0.05017	0.01072
6	0.01330	0.01148	0.01391	0.07383	0.01782	0.00911	0.00854	0.01629	0.01336	0.02066	0.01148	0.01373	0.00949	0.00493	0.00493	0.00106	0.00511	0.00399	0.00375	0.74322
7	0.00927	0.00678	0.00967	0.00967	0.01058	0.00769	0.00719	0.01108	0.01017	0.01447	0.01796	0.02898	0.01771	0.20253	0.59538	0.00951	0.01496	0.00745	0.00356	0.00537
8	0.01365	0.02988	0.58048	0.01808	0.02567	0.04730	0.02165	0.01982	0.01318	0.01939	0.01097	0.01364	0.00824	0.00708	0.00880	0.00217	0.14330	0.00490	0.00277	0.00902
9	0.02063	0.01499	0.01618	0.01329	0.01758	0.01662	0.01069	0.33698	0.30442	0.08960	0.02102	0.02007	0.01528	0.00816	0.00637	0.00201	0.00589	0.00648	0.06341	0.01033
10	0.00939	0.00628	0.00710	0.00708	0.00714	0.00626	0.00399	0.00949	0.00970	0.01298	0.04442	0.04249	0.02476	0.74714	0.03203	0.00612	0.00616	0.00947	0.00402	0.00399
11	0.02290	0.07000	0.01928	0.01637	0.01953	0.64519	0.01255	0.02457	0.01731	0.01576	0.00980	0.01180	0.00833	0.00700	0.00706	0.00175	0.07580	0.00425	0.00326	0.00750
12	0.01382	0.01366	0.01909	0.01641	0.01650	0.01893	0.01363	0.01534	0.01042	0.01620	0.05371	0.01628	0.01178	0.01143	0.02035	0.00278	0.71353	0.00603	0.00310	0.00701
13	0.01340	0.01148	0.01340	0.00957	0.01531	0.00861	0.00766	0.01627	0.01340	0.02105	0.01148	0.01340	0.00957	0.00479	0.00479	0.00096	0.00479	0.00383	0.00383	0.81242
14	0.00830	0.00653	0.00750	0.00733	0.00916	0.00573	0.00547	0.01054	0.01619	0.02111	0.35398	0.08437	0.41049	0.01514	0.00765	0.00213	0.00319	0.01297	0.00649	0.00573
15	0.01152	0.00711	0.00942	0.00922	0.01100	0.00656	0.00712	0.01411	0.01663	0.11108	0.38929	0.17206	0.07535	0.01461	0.00779	0.00228	0.00393	0.11759	0.00681	0.00651
16	0.02530	0.01818	0.01850	0.01446	0.01940	0.09500	0.01181	0.51778	0.02699	0.16193	0.01670	0.01626	0.01160	0.00768	0.00640	0.00192	0.00730	0.00576	0.00641	0.01062
17	0.00785	0.00571	0.00741	0.00878	0.00931	0.00527	0.00590	0.00902	0.01258	0.01658	0.03827	0.70581	0.10391	0.01990	0.00819	0.00258	0.00371	0.01795	0.00600	0.00527
18	0.00790	0.00624	0.00715	0.00775	0.00920	0.00549	0.00560	0.00946	0.01400	0.01752	0.07960	0.32400	0.41870	0.01774	0.00792	0.00237	0.00356	0.04433	0.00604	0.00543
19	0.02741	0.01142	0.01510	0.01151	0.01659	0.00999	0.00949	0.06720	0.01870	0.63763	0.02374	0.02090	0.01517	0.00771	0.00635	0.00191	0.00552	0.00623	0.00756	0.07987
20	0.00787	0.00599	0.00725	0.00813	0.00917	0.00537	0.00564	0.00927	0.01349	0.01735	0.08535	0.49282	0.27191	0.01855	0.00801	0.00244	0.00355	0.01641	0.00606	0.00537
21	0.01727	0.77681	0.03386	0.01106	0.01658	0.02557	0.01106	0.01935	0.01313	0.01520	0.00898	0.01036	0.00829	0.00553	0.00415	0.00138	0.00691	0.00345	0.00276	0.00829
22	0.00826	0.00678	0.00731	0.00724	0.00924	0.00596	0.00540	0.01076	0.04129	0.01944	0.19479	0.09649	0.53297	0.01567	0.00763	0.00218	0.00332	0.01327	0.00624	0.00575
23	0.02023	0.01539	0.01695	0.01379	0.01810	0.01712	0.01114	0.32572	0.28617	0.07434	0.01944	0.01889	0.01431	0.00817	0.00731	0.00203	0.05326	0.00627	0.00619	0.06518
24	0.01501	0.01428	0.02071	0.14469	0.25328	0.09309	0.09544	0.01827	0.01471	0.05536	0.01978	0.11266	0.06394	0.00965	0.02046	0.00225	0.00788	0.02637	0.00402	0.00816
25	0.66040	0.05075	0.01201	0.00980	0.01382	0.10412	0.00801	0.04085	0.01257	0.02710	0.00931	0.01078	0.00734	0.00611	0.00430	0.00193	0.00596	0.00365	0.00393	0.00724
26	0.01455	0.02230	0.25158	0.02455	0.03200	0.01593	0.50058	0.02063	0.01476	0.02063	0.01262	0.01628	0.00931	0.00566	0.00717	0.00214	0.01048	0.00676	0.00310	0.00897
27	0.19174	0.15436	0.06350	0.01254	0.01677	0.19017	0.01079	0.06098	0.12195	0.02292	0.08279	0.01697	0.01503	0.00730	0.00547	0.00184	0.00715	0.00523	0.00437	0.00813
28	0.00923	0.00692	0.01038	0.01038	0.01154	0.00808	0.00808	0.01154	0.01038	0.01500	0.01731	0.02538	0.01615	0.04846	0.74732	0.01038	0.01731	0.00692	0.00346	0.00577
29	0.01425	0.22078	0.51524	0.01622	0.02438	0.01775	0.01977	0.02104	0.05763	0.01954	0.01185	0.01346	0.00893	0.00615	0.00566	0.00189	0.00860	0.00460	0.00298	0.00927
30	0.01427	0.30930	0.07385	0.01182	0.01564	0.03796	0.01074	0.01936	0.13026	0.01886	0.09201	0.11393	0.02056	0.01159	0.04913	0.00239	0.04885	0.00729	0.00432	0.00785
31	0.07066	0.01055	0.01387	0.01088	0.01542	0.00935	0.00892	0.02839	0.01795	0.61185	0.09123	0.02488	0.03895	0.00860	0.00649	0.00201	0.00518	0.00701	0.00764	0.01017
32	0.01350	0.01210	0.02033	0.60880	0.15699	0.01432	0.01792	0.01766	0.01344	0.04632	0.01216	0.01721	0.00918	0.00641	0.00645	0.00211	0.00833	0.00578	0.00313	0.00784
33	0.05856	0.41238	0.32255	0.01396	0.02105	0.02026	0.01608	0.02007	0.01335	0.03472	0.01044	0.01199	0.00836	0.00586	0.00501	0.00170	0.00786	0.00407	0.00294	0.00880
34	0.00829	0.00625	0.00883	0.00974	0.01054	0.00583	0.03453	0.00972	0.01276	0.01688	0.03640	0.65860	0.08187	0.01929	0.00822	0.00260	0.00413	0.05419	0.00589	0.00544
35	0.00795	0.00568	0.00757	0.00894	0.00939	0.00530	0.00600	0.00920	0.01274	0.01709	0.07914	0.72350	0.04388	0.01980	0.00821	0.00259	0.00370	0.01795	0.00607	0.00530
36	0.01060	0.00854	0.01003	0.01007	0.04018	0.00838	0.00734	0.04069	0.12660	0.02307	0.29032	0.04830	0.28729	0.01339	0.00744	0.00215	0.00395	0.04844	0.00639	0.00685
37	0.01823	0.07610	0.11822	0.05670	0.16166	0.14832	0.05872	0.07637	0.09460	0.06249	0.01386	0.01573	0.01071	0.00692	0.00709	0.00197	0.05364	0.00550	0.00400	0.00917
38	0.00940	0.00626	0.00705	0.00705	0.00705	0.00626	0.00392	0.00940	0.00940	0.01253	0.02036	0.04228	0.02349	0.77292	0.03289	0.00626	0.00626	0.00940	0.00392	0.00392
39	0.01599	0.01535	0.02623	0.03966	0.73262	0.01535	0.01983	0.01983	0.01471	0.02111	0.01215	0.01599	0.01023	0.00576	0.00640	0.00192	0.00768	0.00576	0.00320	0.01023
40	0.02417	0.02982	0.01839	0.01651	0.01998	0.69093	0.01247	0.07864	0.01924	0.01773	0.01041	0.01195	0.00853	0.00674	0.00588	0.00169	0.01130	0.00429	0.00357	0.00776
41	0.00893	0.00693	0.01033	0.01082	0.01198	0.00654	0.05931	0.01079	0.01323	0.01744	0.03527	0.53123	0.07658	0.01844	0.00831	0.00264	0.00471	0.15510	0.00578	0.00566
42	0.01974	0.02279	0.01813	0.01572	0.01846	0.40541	0.01231	0.04669	0.01560	0.01736	0.00995	0.01276	0.00864	0.00782	0.01026	0.00192	0.23240	0.00462	0.00336	0.11605
43	0.02042	0.02180	0.01932	0.05955	0.08295	0.32400	0.01357	0.14947	0.06158	0.02154	0.01199	0.01430	0.00973	0.00779	0.00902	0.00202	0.15337	0.00517	0.00397	0.00844
44	0.01890	0.01778	0.01700	0.03453	0.10132	0.19384	0.01180	0.12869	0.22043	0.05200	0.01795	0.03910	0.01476	0.07489	0.00904	0.00237	0.02526	0.00649	0.00500	0.00888
45	0.01258	0.01033	0.01125	0.01055	0.01318	0.01105	0.00801	0.06428	0.32594	0.02372	0.10066	0.16718	0.18922	0.01289	0.00720	0.00224	0.00439	0.01103	0.00638	0.00792
46	0.01565	0.10274	0.24935	0.01751	0.10045	0.04066	0.03615	0.10374	0.01577	0.02219	0.01229	0.03154	0.00995	0.00641	0.00623	0.00173	0.03055	0.00507	0.00360	0.18839
47	0.02008	0.07169	0.04923	0.01976	0.13704	0.40484	0.01398	0.04995	0.01652	0.01787	0.01242	0.01469	0.03531	0.00740	0.00783	0.00188	0.10300	0.00501	0.00341	0.00809
48	0.00940	0.00626	0.00705	0.00705	0.00705	0.00626	0.00392	0.00940	0.00940	0.01253	0.02036	0.04228	0.02349	0.77292	0.03289	0.00626	0.00626	0.00940	0.00392	0.00392
49	0.01340	0.01148	0.01340	0.00957	0.01531	0.00861	0.00766	0.01627	0.01340	0.02105	0.01148	0.01340	0.00957	0.00479	0.00479	0.00096	0.00479	0.00383	0.00383	0.81242
50	0.01414	0.01182	0.07387	0.01031	0.01410	0.00972	0.00891	0.12019	0.04025	0.09951	0.20650	0.05063	0.20550	0.01112	0.00688	0.00195	0.00480	0.00930	0.00606	0.09445
51	0.00984	0.00676	0.00807	0.00793	0.00831	0.00704	0.00497	0.03183	0.01024	0.01388	0.01963	0.03823	0.02170	0.61113	0.16792	0.00691	0.00839	0.00881	0.00391	0.00449
52	0.00846	0.00663	0.00781	0.00850	0.01016	0.00597	0.00666	0.01038	0.01433	0.01781	0.05118	0.19540	0.40870	0.01750	0.00811	0.00249	0.00411	0.20428	0.00599	0.00556
53	0.02423	0.02815	0.01854	0.01627	0.01999	0.59535	0.01244	0.16874	0.02083	0.02101	0.01114	0.01246	0.00888	0.00689	0.00596	0.00172	0.01070	0.00451	0.00398	0.00822
54	0.01323	0.01130	0.01195	0.01096	0.01403	0.01238	0.00845	0.02575	0.47223	0.02438	0.09692	0.03634	0.21291	0.01118	0.00695	0.00218	0.00445	0.00937	0.00647	0.00860
55	0.02266	0.02707	0.01754	0.01573	0.01908	0.59445	0.01192	0.08657	0.04500	0.01896	0.04808	0.01475	0.01191	0.00844	0.02851	0.00199	0.01074	0.00489	0.00393	0.00778
56	0.01685	0.70412	0.10285	0.01178	0.01770	0.02453	0.01231	0.01946	0.01318	0.01572	0.00924	0.01069	0.00828	0.00559	0.00434	0.00145	0.00717	0.00358	0.00276	0.00841
57	0.00846	0.00672	0.00770	0.00787	0.00978	0.00596	0.00618	0.01064	0.01549	0.01956	0.19733	0.06128	0.46267	0.01599	0.00787	0.00230	0.00372	0.13858	0.00622	0.00568
58	0.00787	0.00562	0.00750	0.00900	0.00937	0.00525	0.00600	0.00900	0.01237	0.01649	0.03561	0.76871	0.04274	0.02024	0.00825	0.00262	0.00375	0.01837	0.00600	0.00525
59	0.01318	0.01125	0.01316	0.00955	0.01507	0.00848	0.00759	0.01598	0.01336	0.02087	0.01245	0.04361	0.01090	0.00540	0.00492	0.00102	0.00474	0.00441	0.00391	0.78013
60	0.00910	0.00665	0.00858	0.00824	0.00981	0.00613	0.00627	0.01203	0.01778	0.02480	0.63092	0.05096	0.11459	0.01376	0.00770	0.00210	0.00325	0.05435	0.00695	0.00603
61	0.00928	0.00629	0.00706	0.00705	0.00723	0.00621	0.00404	0.00947	0.01000	0.01324	0.04477	0.04371	0.06896	0.70232	0.03053	0.00588	0.00598	0.00973	0.00414	0.00408
62	0.00814	0.00593	0.00767	0.00858	0.00938	0.00546	0.00592	0.00975	0.01393	0.01871	0.19528	0.54077	0.11003	0.01830	0.00805	0.00245	0.00355	0.01642	0.00625	0.00546
63	0.00787	0.00564	0.00748	0.00894	0.00936	0.00525	0.00597	0.00900	0.01243	0.01652	0.03631	0.75230	0.05870	0.02015	0.00823	0.00261	0.00374	0.01826	0.00600	0.00525
64	0.01204	0.00602	0.00602	0.00602	0.00753	0.00602	0.00452	0.01506	0.01355	0.02409	0.02108	0.02409	0.01656	0.00753	0.00452	0.00151	0.00301	0.00602	0.80879	0.00602
65	0.00927	0.00678	0.00967	0.00967	0.01058	0.00769	0.00719	0.01108	0.01017	0.01447	0.01796	0.02900	0.01772	0.20330	0.59462	0.00950	0.01495	0.00745	0.00356	0.00537
66	0.01868	0.45681	0.07808	0.01354	0.01860	0.21958	0.02834	0.03873	0.01496	0.01651	0.01001	0.01179	0.00869	0.00751	0.03222	0.00187	0.00886	0.00402	0.00305	0.00815
67	0.13250	0.13494	0.23716	0.01595	0.06718	0.01513	0.06498	0.02216	0.01438	0.17243	0.01390	0.01487	0.01001	0.00627	0.00566	0.00187	0.00735	0.00497	0.00416	0.05412
68	0.02046	0.23998	0.11229	0.01466	0.02003	0.17720	0.03433	0.17743	0.05811	0.06782	0.01311	0.01391	0.01006	0.00668	0.00566	0.00176	0.00824	0.00483	0.00427	0.00917
69	0.02255	0.06506	0.01917	0.01405	0.01875	0.04836	0.01158	0.56978	0.02711	0.03593	0.04573	0.01752	0.01338	0.03220	0.02714	0.00226	0.00736	0.00599	0.00597	0.01011
70	0.01398	0.04605	0.20891	0.17172	0.02694	0.01332	0.10178	0.04177	0.01442	0.04492	0.01548	0.01796	0.05248	0.00651	0.00611	0.00181	0.00769	0.00569	0.00359	0.19888
71	0.01382	0.04932	0.60351	0.01784	0.02645	0.01558	0.04201	0.04355	0.08710	0.02165	0.01321	0.01481	0.00951	0.00642	0.00619	0.00204	0.00899	0.00512	0.00326	0.00961
72	0.01464	0.02167	0.22414	0.02489	0.03223	0.01599	0.52739	0.02063	0.01482	0.02063	0.01268	0.01642	0.00937	0.00563	0.00723	0.00214	0.01054	0.00687	0.00312	0.00894
73	0.01053	0.00739	0.01009	0.01074	0.05699	0.00734	0.02421	0.03458	0.01158	0.01549	0.04456	0.13668	0.07949	0.27845	0.06380	0.18291	0.00632	0.00968	0.00423	0.00494
74	0.01489	0.07148	0.58005	0.01799	0.02655	0.05201	0.06015	0.02137	0.01424	0.06492	0.01233	0.01410	0.00878	0.00621	0.00612	0.00200	0.00933	0.00494	0.00312	0.00942
75	0.01615	0.01320	0.04570	0.01724	0.14460	0.01264	0.05085	0.10288	0.16420	0.11088	0.03002	0.07414	0.16926	0.01005	0.00689	0.00211	0.00588	0.00870	0.00563	0.00897
76	0.01322	0.00728	0.00804	0.00742	0.00938	0.00723	0.00569	0.06501	0.01607	0.06452	0.17727	0.02870	0.02594	0.00882	0.00545	0.00168	0.00345	0.00728	0.53088	0.00666
77	0.01578	0.01969	0.11845	0.02595	0.09519	0.05147	0.48600	0.04171	0.04003	0.02128	0.01319	0.01674	0.00996	0.00580	0.00718	0.00211	0.01016	0.00688	0.00341	0.00901
78	0.02242	0.04687	0.08577	0.01687	0.05984	0.01527	0.10620	0.21264	0.04854	0.27200	0.01807	0.01796	0.01244	0.00732	0.00689	0.00201	0.02664	0.00616	0.00581	0.01028
79	0.00791	0.00571	0.00749	0.00883	0.00935	0.00529	0.00594	0.00914	0.01274	0.01692	0.06498	0.70140	0.08090	0.01975	0.00819	0.00258	0.00369	0.01784	0.00604	0.00529
