[name]
unknown

[dist]
# distance from previous block
# <min> <max>
16	32

[block]
# block no. 0 follows, 30 sequences, length 22
# corresponding to MSA columns:
# 40-51,55-64
name=unknown_A
#
# <colnr> <probs for GDERKNQSTAVLIFYWHMCP>
#	G	D	E	R	K	N	Q	S	T	A	V	L	I	F	Y	W	H	M	C	P
0	0.10565	0.07932	0.05053	0.01721	0.10070	0.07139	0.04559	0.11172	0.03974	0.16381	0.12464	0.02264	0.02043	0.00842	0.00667	0.00208	0.00710	0.00688	0.00576	0.00972
1	0.08572	0.01609	0.01410	0.01228	0.01536	0.14673	0.00923	0.17572	0.06953	0.04416	0.05274	0.02998	0.08175	0.20044	0.01412	0.00329	0.00739	0.00792	0.00545	0.00799
2	0.01517	0.06743	0.01372	0.01120	0.01394	0.11500	0.00862	0.06194	0.01765	0.06894	0.14713	0.19074	0.13818	0.03604	0.00840	0.00236	0.00592	0.03348	0.00602	0.03812
3	0.01183	0.07666	0.01199	0.05329	0.01223	0.00958	0.00683	0.01298	0.01195	0.04070	0.07039	0.03816	0.02453	0.46799	0.11752	0.00608	0.00825	0.00904	0.00439	0.00559
4	0.01738	0.27695	0.38565	0.01688	0.02480	0.10284	0.01930	0.04488	0.01575	0.02036	0.01152	0.01337	0.00900	0.00653	0.00588	0.00192	0.00953	0.00464	0.00317	0.00965
5	0.15512	0.12736	0.02584	0.05691	0.25765	0.09553	0.09038	0.04508	0.04251	0.02341	0.01257	0.01539	0.01021	0.00653	0.00619	0.00203	0.00844	0.00553	0.00381	0.00951
6	0.01425	0.06231	0.01169	0.00952	0.01046	0.00808	0.00677	0.01232	0.01053	0.07733	0.01396	0.02220	0.01317	0.06602	0.02423	0.61677	0.00620	0.00623	0.00362	0.00436
7	0.02080	0.08608	0.01950	0.01480	0.01940	0.06784	0.01195	0.22876	0.39117	0.03159	0.02201	0.02099	0.01652	0.00867	0.00677	0.00217	0.00682	0.00680	0.00645	0.01090
8	0.01748	0.10762	0.05346	0.05982	0.06616	0.01946	0.14412	0.13211	0.04759	0.02432	0.06037	0.01897	0.01437	0.00873	0.01097	0.00235	0.19178	0.00675	0.00431	0.00925
9	0.08003	0.12251	0.07487	0.06308	0.10130	0.21391	0.03680	0.13458	0.01934	0.07131	0.01329	0.01502	0.01022	0.00706	0.00627	0.00197	0.00921	0.00528	0.00438	0.00958
10	0.09097	0.69032	0.03414	0.01169	0.01750	0.02651	0.01154	0.02086	0.01397	0.01779	0.00970	0.01121	0.00883	0.00602	0.00446	0.00155	0.00727	0.00374	0.00311	0.00883
11	0.00879	0.00630	0.00794	0.00904	0.00980	0.00579	0.00611	0.00975	0.01343	0.01743	0.04242	0.52763	0.17809	0.05146	0.01123	0.06162	0.00420	0.01737	0.00613	0.00546
12	0.01692	0.01589	0.08203	0.05090	0.30384	0.01415	0.06504	0.06161	0.03555	0.08739	0.10842	0.04628	0.04288	0.00981	0.02638	0.00242	0.00777	0.00795	0.00494	0.00984
13	0.03698	0.19838	0.19699	0.08631	0.02951	0.01916	0.22911	0.04473	0.01591	0.05978	0.01325	0.01602	0.01000	0.00643	0.00663	0.00209	0.00955	0.00599	0.00364	0.00954
14	0.01000	0.00735	0.01059	0.01059	0.01162	0.00838	0.00794	0.01206	0.01103	0.01574	0.01926	0.03058	0.01882	0.17414	0.60718	0.01044	0.01662	0.00794	0.00382	0.00588
15	0.01068	0.00692	0.00911	0.00948	0.01078	0.00635	0.00675	0.01278	0.01626	0.07317	0.28157	0.41888	0.07473	0.01798	0.00850	0.00254	0.00390	0.01609	0.00707	0.00647
16	0.01769	0.01964	0.04802	0.14518	0.28681	0.13430	0.16295	0.02187	0.01602	0.02060	0.01260	0.01686	0.01016	0.00678	0.00799	0.00219	0.05114	0.00633	0.00340	0.00947
17	0.01866	0.75896	0.03657	0.01194	0.01791	0.02761	0.01194	0.02090	0.01418	0.01642	0.00970	0.01119	0.00896	0.00597	0.00448	0.00149	0.00746	0.00373	0.00299	0.00896
18	0.09166	0.02068	0.05280	0.01977	0.07258	0.18020	0.09437	0.10017	0.03931	0.02310	0.01272	0.01611	0.01049	0.01100	0.05431	0.00285	0.17911	0.00591	0.00401	0.00884
19	0.23283	0.01489	0.02032	0.02166	0.19911	0.01557	0.08562	0.10966	0.04189	0.07524	0.05434	0.02266	0.01597	0.00816	0.00663	0.00223	0.00713	0.05147	0.00508	0.00952
20	0.01733	0.12777	0.07529	0.02746	0.23845	0.04631	0.19249	0.04109	0.01581	0.02154	0.01245	0.01608	0.01021	0.00672	0.00826	0.00209	0.07770	0.00612	0.00348	0.05334
21	0.05361	0.09177	0.08887	0.03813	0.11423	0.13730	0.01426	0.12843	0.11806	0.02503	0.01891	0.05949	0.04264	0.00991	0.02740	0.00236	0.00840	0.00687	0.00480	0.00951

[dist]
# distance from previous block
# <min> <max>
3	14

[block]
# block no. 1 follows, 30 sequences, length 12
# corresponding to MSA columns:
# 79-90
name=unknown_B
#
# <colnr> <probs for GDERKNQSTAVLIFYWHMCP>
#	G	D	E	R	K	N	Q	S	T	A	V	L	I	F	Y	W	H	M	C	P
0	0.01840	0.11690	0.14870	0.02382	0.21634	0.01733	0.04997	0.04574	0.03228	0.11508	0.01546	0.01889	0.01226	0.00948	0.03672	0.00254	0.08337	0.02242	0.00426	0.01005
1	0.02350	0.01851	0.01843	0.01462	0.01983	0.10382	0.01177	0.32919	0.11712	0.10321	0.01791	0.01780	0.01307	0.00782	0.00658	0.00191	0.00735	0.00596	0.00623	0.15538
2	0.01392	0.00816	0.01084	0.01155	0.04902	0.00755	0.00781	0.01565	0.01496	0.15425	0.06914	0.30552	0.09806	0.14504	0.01301	0.00329	0.00518	0.05362	0.00640	0.00703
3	0.01824	0.33742	0.28650	0.01672	0.04625	0.05026	0.01763	0.11142	0.01717	0.02247	0.01186	0.01351	0.00938	0.00660	0.00577	0.00187	0.00878	0.00472	0.00355	0.00989
4	0.01611	0.22222	0.25048	0.01385	0.02016	0.01674	0.01492	0.06945	0.01706	0.07022	0.10588	0.02617	0.11080	0.00914	0.00651	0.00202	0.00727	0.00718	0.00470	0.00912
5	0.00886	0.00627	0.00816	0.00934	0.00981	0.00591	0.00619	0.01013	0.01358	0.01827	0.10437	0.58431	0.04536	0.11973	0.01242	0.00330	0.00434	0.01780	0.00630	0.00557
6	0.01561	0.01487	0.02506	0.24021	0.48345	0.01570	0.01997	0.01978	0.01534	0.02116	0.01601	0.02033	0.04797	0.00705	0.00700	0.00216	0.00833	0.00667	0.00352	0.00983
7	0.12544	0.04959	0.16710	0.04073	0.23919	0.11245	0.01751	0.05944	0.01682	0.08865	0.01363	0.01569	0.01035	0.00682	0.00634	0.00207	0.00864	0.00542	0.00413	0.01000
8	0.01866	0.10708	0.17609	0.01558	0.02081	0.01809	0.01502	0.18195	0.08816	0.07384	0.01719	0.05354	0.01396	0.01239	0.06487	0.00295	0.09834	0.00668	0.00498	0.00984
9	0.02210	0.11062	0.01618	0.01120	0.01523	0.01111	0.00912	0.02431	0.01728	0.39309	0.03200	0.19068	0.09305	0.01219	0.00723	0.00224	0.00547	0.01026	0.00717	0.00947
10	0.04323	0.11852	0.11219	0.01498	0.02066	0.04188	0.03631	0.23547	0.02167	0.18287	0.01928	0.07275	0.01526	0.00897	0.00676	0.00213	0.00756	0.02322	0.00593	0.01035
11	0.01672	0.10361	0.23616	0.04410	0.09734	0.04510	0.13785	0.04770	0.01583	0.06226	0.01437	0.01770	0.01119	0.01275	0.10371	0.00333	0.01088	0.00614	0.00374	0.00951

[dist]
# distance from previous block
# <min> <max>
6	12

[block]
# block no. 2 follows, 30 sequences, length 11
# corresponding to MSA columns:
# 105-115
name=unknown_C
#
# <colnr> <probs for GDERKNQSTAVLIFYWHMCP>
#	G	D	E	R	K	N	Q	S	T	A	V	L	I	F	Y	W	H	M	C	P
0	0.01594	0.01783	0.09605	0.02146	0.19925	0.07010	0.04461	0.01983	0.01554	0.02230	0.05045	0.01736	0.01326	0.00653	0.00677	0.00168	0.03228	0.00553	0.00392	0.33932
1	0.01880	0.01887	0.07445	0.07845	0.29147	0.05611	0.07123	0.16191	0.07810	0.02723	0.04358	0.01913	0.01392	0.00739	0.00705	0.00214	0.00845	0.00663	0.00463	0.01046
2	0.07706	0.01181	0.01461	0.01131	0.01644	0.00982	0.04254	0.01726	0.01508	0.02376	0.08746	0.02508	0.01904	0.00773	0.00604	0.00154	0.00545	0.07416	0.00473	0.52907
3	0.01122	0.00611	0.00878	0.00912	0.00920	0.00603	0.00602	0.00930	0.01006	0.01341	0.01833	0.17528	0.02018	0.07611	0.02403	0.57440	0.00569	0.00923	0.00384	0.00367
4	0.01349	0.16337	0.01483	0.00969	0.01093	0.01056	0.00729	0.01156	0.01015	0.01302	0.01162	0.01912	0.01146	0.02042	0.02251	0.63077	0.00635	0.00557	0.00302	0.00427
5	0.01685	0.01780	0.02507	0.02887	0.31075	0.14118	0.14586	0.02030	0.01617	0.02065	0.01819	0.16987	0.01793	0.00959	0.00747	0.00224	0.00884	0.00915	0.00413	0.00908
6	0.01010	0.00738	0.00857	0.00870	0.00966	0.00725	0.00575	0.01268	0.06827	0.01865	0.14090	0.19505	0.12247	0.33086	0.01989	0.00431	0.00514	0.01296	0.00576	0.00566
7	0.01212	0.00606	0.00909	0.00909	0.00909	0.00606	0.00606	0.00909	0.00909	0.01212	0.01212	0.02121	0.01212	0.02424	0.02727	0.79697	0.00606	0.00606	0.00303	0.00303
8	0.09978	0.10573	0.02077	0.16707	0.09970	0.01627	0.01336	0.12240	0.01756	0.09520	0.01407	0.01620	0.01068	0.00673	0.00603	0.00186	0.00714	0.00533	0.00461	0.16950
9	0.06487	0.06157	0.03835	0.01439	0.01986	0.04895	0.03925	0.31998	0.02295	0.07684	0.01502	0.01618	0.01124	0.00807	0.00735	0.04196	0.00728	0.00555	0.00551	0.17483
10	0.08925	0.19556	0.07344	0.08433	0.19119	0.01952	0.08274	0.06819	0.01563	0.02241	0.01219	0.01557	0.01006	0.00849	0.03378	0.00240	0.05668	0.00557	0.00360	0.00939

[dist]
# distance from previous block
# <min> <max>
7	21

[block]
# block no. 3 follows, 30 sequences, length 27
# corresponding to MSA columns:
# 143-169
name=unknown_D
#
# <colnr> <probs for GDERKNQSTAVLIFYWHMCP>
#	G	D	E	R	K	N	Q	S	T	A	V	L	I	F	Y	W	H	M	C	P
0	0.05355	0.10429	0.14925	0.01929	0.07224	0.09318	0.06659	0.24942	0.02114	0.02847	0.01326	0.01520	0.01016	0.00756	0.00779	0.00211	0.06619	0.00564	0.00454	0.01013
1	0.01765	0.08072	0.09791	0.01400	0.04480	0.01435	0.01208	0.15903	0.01850	0.05025	0.01513	0.05703	0.01267	0.00719	0.00600	0.00161	0.00655	0.00574	0.00476	0.37405
2	0.00925	0.00703	0.00851	0.00831	0.01008	0.00629	0.00617	0.01188	0.01801	0.02425	0.45056	0.11271	0.26960	0.01596	0.00829	0.00230	0.00343	0.01387	0.00720	0.00629
3	0.05188	0.01824	0.02052	0.01757	0.07598	0.01988	0.01336	0.52550	0.06324	0.09655	0.01770	0.01766	0.01258	0.00822	0.00689	0.00211	0.00740	0.00633	0.00675	0.01162
4	0.04789	0.36196	0.22237	0.01519	0.02187	0.12324	0.01588	0.05011	0.04637	0.02035	0.01177	0.01328	0.00955	0.00660	0.00555	0.00183	0.00884	0.00453	0.00346	0.00937
5	0.01212	0.00606	0.00909	0.00909	0.00909	0.00606	0.00606	0.00909	0.00909	0.01212	0.01212	0.02121	0.01212	0.02424	0.02727	0.79697	0.00606	0.00606	0.00303	0.00303
6	0.00887	0.00627	0.00795	0.00914	0.00952	0.00593	0.00592	0.00983	0.01271	0.01686	0.03581	0.56351	0.06490	0.19066	0.01502	0.00372	0.00466	0.01742	0.00596	0.00534
7	0.01015	0.00677	0.00761	0.00761	0.00761	0.00677	0.00423	0.01015	0.01015	0.01353	0.02199	0.04567	0.02537	0.75476	0.03552	0.00677	0.00677	0.01015	0.00423	0.00423
8	0.05282	0.46168	0.13283	0.01424	0.02034	0.14945	0.01413	0.04910	0.01591	0.01911	0.01060	0.01219	0.00900	0.00640	0.00521	0.00171	0.00872	0.00418	0.00330	0.00906
9	0.01874	0.01568	0.01656	0.01448	0.01867	0.01800	0.01138	0.13505	0.59840	0.03142	0.02665	0.02464	0.01988	0.00930	0.00708	0.00233	0.00585	0.00765	0.00708	0.01117
10	0.01212	0.00606	0.00909	0.00909	0.00909	0.00606	0.00606	0.00909	0.00909	0.01212	0.01212	0.02121	0.01212	0.02424	0.02727	0.79697	0.00606	0.00606	0.00303	0.00303
11	0.02451	0.01900	0.01981	0.01527	0.02081	0.05124	0.01250	0.54334	0.04980	0.03931	0.01622	0.01652	0.01181	0.00790	0.00670	0.00194	0.00748	0.00595	0.00643	0.12347
12	0.04364	0.13260	0.10236	0.01888	0.12603	0.01574	0.06746	0.02426	0.11006	0.14248	0.07286	0.07624	0.01970	0.00888	0.00682	0.00214	0.00708	0.00768	0.00531	0.00978
13	0.01835	0.30056	0.14408	0.02062	0.14360	0.02167	0.05456	0.11017	0.04943	0.02309	0.01282	0.01490	0.01038	0.00688	0.00675	0.00195	0.04106	0.00530	0.00382	0.01000
14	0.03956	0.38136	0.10101	0.05114	0.02235	0.02328	0.04106	0.20201	0.03461	0.02544	0.01264	0.01408	0.01006	0.00683	0.00571	0.00184	0.00799	0.00497	0.00422	0.00985
15	0.00850	0.00607	0.00810	0.00972	0.01012	0.00567	0.00648	0.00972	0.01336	0.01781	0.03846	0.75020	0.04615	0.02186	0.00891	0.00283	0.00405	0.01984	0.00648	0.00567
16	0.01427	0.01360	0.02268	0.36254	0.13007	0.01593	0.08245	0.01900	0.04306	0.01949	0.01507	0.02338	0.01288	0.01001	0.03237	0.00275	0.10937	0.05909	0.00364	0.00834
17	0.05892	0.05067	0.05550	0.03231	0.42717	0.14093	0.04531	0.06577	0.01737	0.02330	0.01266	0.01583	0.01037	0.00653	0.00662	0.00202	0.00904	0.00573	0.00371	0.01023
18	0.01009	0.00719	0.00879	0.00928	0.00989	0.00729	0.00614	0.01223	0.05749	0.01700	0.05167	0.28286	0.03353	0.35083	0.07341	0.00517	0.00651	0.03981	0.00535	0.00548
19	0.00850	0.00607	0.00810	0.00972	0.01012	0.00567	0.00648	0.00972	0.01336	0.01781	0.03846	0.75020	0.04615	0.02186	0.00891	0.00283	0.00405	0.01984	0.00648	0.00567
20	0.01901	0.12355	0.02648	0.07591	0.41010	0.01774	0.01754	0.09487	0.01760	0.07909	0.01512	0.04539	0.01259	0.00727	0.00665	0.00204	0.00781	0.00646	0.00428	0.01049
21	0.01811	0.01928	0.08451	0.10129	0.37953	0.06221	0.05838	0.10245	0.01762	0.02407	0.01311	0.01679	0.01052	0.00701	0.00794	0.00217	0.05481	0.00614	0.00379	0.01027
22	0.05099	0.02086	0.01856	0.01585	0.01932	0.25162	0.01259	0.15294	0.05194	0.12204	0.01545	0.01721	0.01195	0.01218	0.06696	0.00292	0.13647	0.00585	0.00507	0.00925
23	0.32937	0.11081	0.02044	0.11712	0.19396	0.08247	0.01372	0.02110	0.01418	0.02416	0.01103	0.01390	0.00898	0.00648	0.00553	0.00204	0.00757	0.00478	0.00370	0.00868
24	0.00933	0.00701	0.00855	0.00852	0.01014	0.00636	0.00629	0.01179	0.01731	0.02325	0.39059	0.13640	0.24052	0.05360	0.00975	0.00259	0.00375	0.04112	0.00698	0.00616
25	0.01762	0.11194	0.06035	0.05735	0.39870	0.01799	0.04612	0.07878	0.01675	0.02338	0.01280	0.01615	0.01055	0.00653	0.00705	0.00198	0.03312	0.00577	0.00371	0.07335
26	0.01421	0.00977	0.01252	0.01134	0.01347	0.01058	0.00878	0.04605	0.09288	0.09960	0.19340	0.03506	0.06239	0.08883	0.20575	0.00513	0.06753	0.00917	0.00589	0.00764

[dist]
# distance from previous block
# <min> <max>
1	3

[block]
# block no. 4 follows, 30 sequences, length 31
# corresponding to MSA columns:
# 173-196,200-206
name=unknown_E
#
# <colnr> <probs for GDERKNQSTAVLIFYWHMCP>
#	G	D	E	R	K	N	Q	S	T	A	V	L	I	F	Y	W	H	M	C	P
0	0.02390	0.01409	0.01672	0.01288	0.01828	0.01339	0.01047	0.20239	0.07027	0.28452	0.02110	0.04229	0.01520	0.00813	0.00659	0.00188	0.00611	0.00653	0.00684	0.21846
1	0.01859	0.22392	0.08028	0.04541	0.15716	0.13214	0.06510	0.04235	0.10021	0.02102	0.01401	0.01627	0.01141	0.00851	0.03310	0.00229	0.00922	0.00558	0.00386	0.00956
2	0.02281	0.10219	0.04169	0.01297	0.01752	0.01333	0.02741	0.06759	0.08721	0.33878	0.02467	0.10300	0.01964	0.01096	0.00816	0.04626	0.00630	0.03280	0.00675	0.00995
3	0.02389	0.01818	0.01947	0.01536	0.02061	0.02008	0.01252	0.50974	0.18040	0.03963	0.01914	0.01871	0.01390	0.00846	0.00692	0.00210	0.00707	0.00654	0.00687	0.05041
4	0.01496	0.01400	0.02357	0.27361	0.39818	0.01513	0.01903	0.01909	0.01498	0.02075	0.04133	0.02001	0.01322	0.01081	0.06958	0.00296	0.00933	0.00658	0.00353	0.00934
5	0.01872	0.65101	0.09457	0.01301	0.01920	0.07032	0.01324	0.02144	0.01458	0.01695	0.01001	0.01159	0.00895	0.00610	0.00478	0.00157	0.00803	0.00390	0.00302	0.00902
6	0.04289	0.08368	0.02782	0.04886	0.09782	0.04360	0.23140	0.11842	0.01907	0.15646	0.01878	0.02035	0.04327	0.00744	0.00712	0.00215	0.00871	0.00706	0.00508	0.01004
7	0.00875	0.00625	0.00838	0.00999	0.01051	0.00588	0.00690	0.01014	0.01360	0.01809	0.03833	0.69059	0.04562	0.02163	0.00897	0.00287	0.00426	0.07705	0.00647	0.00574
8	0.01100	0.00822	0.01114	0.04101	0.07290	0.00772	0.00827	0.01389	0.01777	0.05026	0.39977	0.12281	0.17960	0.01452	0.00809	0.00229	0.00419	0.01276	0.00681	0.00699
9	0.02229	0.08935	0.02636	0.02421	0.19769	0.12769	0.11897	0.13087	0.03883	0.13232	0.01583	0.01738	0.01184	0.00710	0.00682	0.00204	0.00888	0.00621	0.00491	0.01040
10	0.01848	0.01304	0.01746	0.01936	0.17100	0.01356	0.01242	0.07423	0.18327	0.15296	0.08189	0.14011	0.02487	0.01098	0.00794	0.00233	0.03033	0.00948	0.00638	0.00992
11	0.02586	0.01098	0.01447	0.01148	0.01606	0.00967	0.00934	0.04933	0.01993	0.52932	0.12365	0.03188	0.09551	0.01033	0.00731	0.00218	0.00539	0.00855	0.00823	0.01054
12	0.01666	0.01617	0.02823	0.13675	0.57249	0.01651	0.06863	0.02099	0.01567	0.02209	0.01310	0.01756	0.01078	0.00630	0.00701	0.00213	0.00868	0.00636	0.00341	0.01049
13	0.01719	0.26514	0.28001	0.05949	0.11686	0.03940	0.01857	0.02282	0.04876	0.05167	0.01309	0.01504	0.01020	0.00663	0.00602	0.00196	0.00869	0.00509	0.00352	0.00987
14	0.02541	0.03093	0.01950	0.01751	0.02118	0.63368	0.01326	0.08501	0.02054	0.01940	0.01165	0.01360	0.00961	0.00926	0.03778	0.00223	0.01242	0.00478	0.00390	0.00834
15	0.01012	0.00688	0.00820	0.00820	0.00841	0.00709	0.00497	0.01053	0.01032	0.01397	0.02145	0.04267	0.02407	0.63940	0.14910	0.00750	0.00872	0.00971	0.00415	0.00456
16	0.01833	0.26210	0.09446	0.02179	0.13361	0.10627	0.11295	0.02180	0.01513	0.03120	0.01152	0.01455	0.00970	0.00712	0.00843	0.00204	0.11103	0.00539	0.00332	0.00925
17	0.01765	0.09632	0.05431	0.06690	0.38916	0.03804	0.09707	0.07091	0.03387	0.02320	0.01424	0.04109	0.01203	0.00699	0.00686	0.00209	0.00860	0.00660	0.00383	0.01025
18	0.00851	0.00702	0.00747	0.00749	0.00962	0.00598	0.00557	0.01047	0.01632	0.02015	0.16400	0.10760	0.57083	0.01742	0.00829	0.00236	0.00353	0.01473	0.00666	0.00598
19	0.02544	0.01808	0.01833	0.01450	0.01937	0.08351	0.01179	0.44903	0.02748	0.13389	0.01848	0.01853	0.01313	0.00827	0.00665	0.00202	0.00732	0.00625	0.10709	0.01084
20	0.01768	0.17626	0.16070	0.02868	0.34857	0.01945	0.01930	0.08046	0.01662	0.02298	0.01247	0.01539	0.01019	0.00666	0.00696	0.00202	0.03615	0.00550	0.00356	0.01042
21	0.01796	0.01740	0.05671	0.07777	0.44336	0.01767	0.01924	0.11332	0.05541	0.02518	0.01404	0.01747	0.01135	0.00730	0.00836	0.00220	0.07431	0.00626	0.00406	0.01062
22	0.01129	0.00861	0.00999	0.01070	0.01190	0.04600	0.00771	0.04180	0.01563	0.03980	0.11183	0.50521	0.04284	0.01986	0.02810	0.00291	0.00522	0.06770	0.00646	0.00642
23	0.37573	0.11831	0.09639	0.02045	0.20733	0.01765	0.03173	0.02103	0.01372	0.02572	0.01107	0.01350	0.00892	0.00634	0.00540	0.00206	0.00717	0.00471	0.00373	0.00905
24	0.01817	0.01303	0.01489	0.01411	0.06672	0.03699	0.01017	0.22888	0.04461	0.07970	0.16578	0.10784	0.05155	0.01121	0.00721	0.00215	0.00571	0.00943	0.10282	0.00902
25	0.02570	0.01914	0.02048	0.01589	0.02133	0.02125	0.01306	0.62931	0.09280	0.04265	0.01780	0.01759	0.01272	0.00848	0.00699	0.00212	0.00748	0.00643	0.00699	0.01179
26	0.74583	0.06875	0.01221	0.00938	0.01382	0.01654	0.00788	0.02054	0.01205	0.03021	0.00972	0.01133	0.00766	0.00644	0.00433	0.00211	0.00555	0.00378	0.00422	0.00766
27	0.01146	0.00738	0.00993	0.00994	0.01123	0.00753	0.00721	0.01320	0.01293	0.07973	0.05179	0.19753	0.07823	0.16611	0.29578	0.00673	0.01041	0.01143	0.00523	0.00623
28	0.08141	0.00791	0.01090	0.01092	0.01238	0.00912	0.00845	0.01298	0.01143	0.01768	0.01935	0.07954	0.01868	0.04595	0.60874	0.00978	0.01641	0.00806	0.00399	0.00631
29	0.01503	0.01195	0.01397	0.01037	0.01578	0.00946	0.00812	0.04253	0.01496	0.05048	0.01485	0.04064	0.01314	0.07349	0.00816	0.00169	0.00540	0.00536	0.00450	0.64013
30	0.02397	0.08525	0.02131	0.01531	0.02060	0.02132	0.01270	0.49683	0.16516	0.03852	0.01846	0.01812	0.01350	0.00838	0.00678	0.00209	0.00723	0.00638	0.00664	0.01144

[dist]
# distance from previous block
# <min> <max>
0	1

[block]
# block no. 5 follows, 30 sequences, length 24
# corresponding to MSA columns:
# 208-231
name=unknown_F
#
# <colnr> <probs for GDERKNQSTAVLIFYWHMCP>
#	G	D	E	R	K	N	Q	S	T	A	V	L	I	F	Y	W	H	M	C	P
0	0.09930	0.08050	0.09917	0.01656	0.02263	0.05721	0.08123	0.34585	0.02377	0.05185	0.01455	0.01563	0.01067	0.00735	0.00649	0.00203	0.00824	0.00573	0.00535	0.04590
1	0.01000	0.00736	0.01063	0.01063	0.01167	0.00840	0.00799	0.01208	0.01104	0.01576	0.01923	0.03039	0.01874	0.16670	0.61450	0.01049	0.01675	0.00791	0.00382	0.00590
2	0.01015	0.00677	0.00761	0.00761	0.00761	0.00677	0.00423	0.01015	0.01015	0.01353	0.02199	0.04567	0.02537	0.75476	0.03552	0.00677	0.00677	0.01015	0.00423	0.00423
3	0.06191	0.21739	0.08518	0.02286	0.21676	0.13034	0.03363	0.04351	0.03420	0.07309	0.01322	0.01513	0.01054	0.00667	0.00606	0.00191	0.00859	0.00523	0.00394	0.00983
4	0.04958	0.20534	0.02547	0.01750	0.05697	0.12018	0.08646	0.10037	0.05057	0.02212	0.01446	0.06313	0.01295	0.01042	0.03884	0.00250	0.10362	0.00649	0.00415	0.00889
5	0.01212	0.00606	0.00909	0.00909	0.00909	0.00606	0.00606	0.00909	0.00909	0.01212	0.01212	0.02121	0.01212	0.02424	0.02727	0.79697	0.00606	0.00606	0.00303	0.00303
6	0.02250	0.25666	0.05678	0.01472	0.02047	0.02287	0.01317	0.37760	0.09432	0.03265	0.01550	0.01583	0.01177	0.00764	0.00618	0.00193	0.00751	0.00558	0.00553	0.01078
7	0.01890	0.14737	0.13961	0.01445	0.01989	0.11274	0.01348	0.07345	0.16865	0.07749	0.06544	0.02195	0.04700	0.00843	0.00649	0.00201	0.00756	0.00652	0.00521	0.04335
8	0.01978	0.23262	0.10555	0.01705	0.07168	0.05421	0.04637	0.15622	0.01862	0.08402	0.01474	0.01691	0.01165	0.01317	0.10464	0.00318	0.00976	0.00565	0.00447	0.00972
9	0.01869	0.68085	0.08018	0.01263	0.01887	0.02662	0.01289	0.04911	0.01500	0.01795	0.01018	0.01166	0.00907	0.00611	0.00472	0.00156	0.00766	0.00393	0.00315	0.00917
10	0.00862	0.00620	0.00799	0.00937	0.00987	0.00577	0.00621	0.00977	0.01325	0.01752	0.03916	0.64678	0.08720	0.08326	0.01110	0.00313	0.00424	0.01869	0.00629	0.00556
11	0.01643	0.01610	0.02804	0.08153	0.46588	0.01622	0.13330	0.02197	0.06759	0.02269	0.01725	0.02075	0.04604	0.00702	0.00722	0.00217	0.00851	0.00711	0.00387	0.01030
12	0.02244	0.06943	0.08426	0.01844	0.05840	0.29194	0.05007	0.09099	0.04719	0.09942	0.01535	0.04457	0.01236	0.00822	0.00771	0.00208	0.05708	0.00610	0.00461	0.00936
13	0.01212	0.00606	0.00909	0.00909	0.00909	0.00606	0.00606	0.00909	0.00909	0.01212	0.01212	0.02121	0.01212	0.02424	0.02727	0.79697	0.00606	0.00606	0.00303	0.00303
14	0.00850	0.00607	0.00810	0.00972	0.01012	0.00567	0.00648	0.00972	0.01336	0.01781	0.03846	0.75020	0.04615	0.02186	0.00891	0.00283	0.00405	0.01984	0.00648	0.00567
15	0.04186	0.35456	0.07305	0.04189	0.11477	0.12699	0.01424	0.05441	0.01634	0.05107	0.01298	0.04511	0.01132	0.00719	0.00572	0.00183	0.00832	0.00532	0.00378	0.00925
16	0.01644	0.23241	0.24845	0.02332	0.20524	0.02006	0.01911	0.02171	0.04335	0.02048	0.01224	0.01493	0.01001	0.00698	0.00764	0.00206	0.07714	0.00524	0.00328	0.00991
17	0.01291	0.01198	0.01237	0.01196	0.01333	0.12988	0.00895	0.01479	0.01245	0.01588	0.01761	0.02779	0.01716	0.17100	0.45433	0.00852	0.04168	0.00741	0.00378	0.00623
18	0.34874	0.07673	0.07851	0.03840	0.16226	0.04867	0.03391	0.02077	0.01354	0.02478	0.01085	0.01373	0.00887	0.00704	0.00733	0.00218	0.08641	0.00487	0.00369	0.00872
19	0.00876	0.00709	0.00778	0.00760	0.00974	0.00611	0.00570	0.01100	0.01711	0.02171	0.26986	0.06246	0.50745	0.01661	0.00824	0.00231	0.00346	0.01407	0.00686	0.00611
20	0.03832	0.10558	0.06524	0.01520	0.07312	0.01600	0.01218	0.18443	0.04379	0.02763	0.01373	0.01522	0.01083	0.00642	0.00581	0.00158	0.00666	0.00497	0.00468	0.34862
21	0.01093	0.00755	0.01083	0.01067	0.01189	0.00846	0.00804	0.01302	0.01142	0.04641	0.01963	0.03030	0.01876	0.16765	0.58015	0.01008	0.01614	0.00790	0.00403	0.00614
22	0.01853	0.46683	0.19387	0.01546	0.04663	0.02377	0.01570	0.10761	0.01678	0.02155	0.01140	0.01296	0.00938	0.00645	0.00539	0.00176	0.00819	0.00449	0.00351	0.00973
23	0.01729	0.07165	0.08651	0.08984	0.39771	0.01738	0.08461	0.02158	0.01541	0.05831	0.01335	0.01708	0.01072	0.00682	0.00800	0.00216	0.06158	0.00618	0.00360	0.01021

[dist]
# distance from previous block
# <min> <max>
0	4

[block]
# block no. 6 follows, 30 sequences, length 35
# corresponding to MSA columns:
# 236-269,272
name=unknown_G
#
# <colnr> <probs for GDERKNQSTAVLIFYWHMCP>
#	G	D	E	R	K	N	Q	S	T	A	V	L	I	F	Y	W	H	M	C	P
0	0.05410	0.09647	0.02315	0.02381	0.23978	0.18629	0.01502	0.08820	0.10794	0.07604	0.01550	0.01688	0.01209	0.00724	0.00644	0.00200	0.00851	0.00574	0.00467	0.01013
1	0.01603	0.01468	0.02522	0.34339	0.36152	0.01590	0.05194	0.02042	0.01524	0.04940	0.01346	0.01819	0.01053	0.00663	0.00701	0.00220	0.00880	0.00634	0.00352	0.00957
2	0.01825	0.42199	0.25197	0.01536	0.02237	0.12615	0.01659	0.02230	0.01517	0.01833	0.01076	0.01253	0.00892	0.00636	0.00543	0.00177	0.00912	0.00430	0.00306	0.00926
3	0.01786	0.16299	0.33129	0.02001	0.09581	0.01774	0.06404	0.05482	0.01622	0.10376	0.01438	0.01626	0.01068	0.00850	0.03422	0.00241	0.00935	0.00557	0.00394	0.01018
4	0.00863	0.00617	0.00825	0.00987	0.01033	0.00578	0.00671	0.00994	0.01349	0.01796	0.03839	0.71799	0.04587	0.02174	0.00894	0.00285	0.00416	0.05075	0.00648	0.00570
5	0.00884	0.00643	0.00837	0.00955	0.01038	0.00596	0.00669	0.01052	0.01463	0.01949	0.13225	0.55017	0.10874	0.02028	0.00880	0.00273	0.00405	0.05961	0.00664	0.00586
6	0.02024	0.13109	0.05927	0.05733	0.13816	0.08410	0.08013	0.07387	0.01687	0.12140	0.01408	0.01655	0.01093	0.00785	0.00941	0.00219	0.13660	0.00592	0.00431	0.00969
7	0.01556	0.01400	0.02143	0.02705	0.33306	0.01436	0.05549	0.05094	0.14681	0.02444	0.07285	0.14953	0.02326	0.01025	0.00748	0.00229	0.00683	0.00952	0.00515	0.00971
8	0.00974	0.00702	0.00920	0.00888	0.01039	0.00649	0.00657	0.01281	0.01910	0.02694	0.63873	0.12392	0.06382	0.01505	0.00830	0.00226	0.00337	0.01336	0.00756	0.00649
9	0.01476	0.01402	0.02379	0.46940	0.30428	0.01592	0.02017	0.01922	0.01470	0.01975	0.01268	0.01809	0.00998	0.00668	0.00695	0.00223	0.00891	0.00621	0.00324	0.00903
10	0.01620	0.09741	0.35308	0.02604	0.19755	0.05293	0.11592	0.02214	0.01546	0.02152	0.01254	0.01549	0.00965	0.00639	0.00670	0.00211	0.00986	0.00568	0.00319	0.01013
11	0.02560	0.03247	0.01985	0.01799	0.02143	0.69591	0.01356	0.02738	0.01938	0.01707	0.01072	0.01270	0.00900	0.00741	0.00702	0.00185	0.04447	0.00456	0.00357	0.00807
12	0.00864	0.00716	0.00764	0.00790	0.01009	0.00615	0.00610	0.01057	0.01583	0.01907	0.06525	0.09330	0.59978	0.01803	0.00845	0.00248	0.00392	0.09723	0.00647	0.00595
13	0.01160	0.00969	0.01260	0.06610	0.01525	0.04572	0.00956	0.01378	0.01174	0.01631	0.01759	0.02764	0.01688	0.14774	0.44836	0.00839	0.08029	0.00748	0.02701	0.00627
14	0.01688	0.01545	0.02546	0.12743	0.17679	0.01763	0.13296	0.05954	0.01513	0.05832	0.01326	0.01795	0.01085	0.01063	0.04782	0.00291	0.23143	0.00664	0.00380	0.00912
15	0.02308	0.01084	0.01408	0.01176	0.01585	0.01004	0.00954	0.02788	0.09873	0.42156	0.15665	0.03563	0.05736	0.01103	0.00752	0.00229	0.00534	0.06271	0.00801	0.01010
16	0.02610	0.01933	0.02070	0.01597	0.02148	0.02144	0.01316	0.65731	0.06416	0.04328	0.01730	0.01719	0.01231	0.00843	0.00699	0.00211	0.00758	0.00636	0.00699	0.01183
17	0.01714	0.07911	0.23071	0.11635	0.17385	0.07648	0.08826	0.04735	0.01607	0.03833	0.01282	0.01606	0.00990	0.00687	0.00745	0.00215	0.04206	0.00580	0.00349	0.00974
18	0.01189	0.06779	0.01490	0.01561	0.13324	0.01053	0.00978	0.01389	0.01313	0.01814	0.09372	0.10971	0.02520	0.15687	0.23127	0.04389	0.00999	0.00929	0.00441	0.00675
19	0.01818	0.00964	0.03054	0.01106	0.01415	0.00849	0.00886	0.02076	0.01673	0.29663	0.13488	0.16534	0.06314	0.02058	0.14333	0.00401	0.00758	0.01067	0.00691	0.00851
20	0.01741	0.21639	0.31907	0.01966	0.09495	0.06481	0.01919	0.07625	0.01621	0.02179	0.01185	0.01416	0.00938	0.00702	0.00734	0.00204	0.06427	0.00502	0.00339	0.00983
21	0.01764	0.24249	0.25884	0.02003	0.06536	0.07298	0.13414	0.02252	0.01541	0.04879	0.01240	0.01478	0.00968	0.00657	0.00676	0.00201	0.03119	0.00539	0.00338	0.00962
22	0.01530	0.02651	0.37533	0.06225	0.22664	0.01652	0.13419	0.02174	0.01532	0.02214	0.01296	0.01632	0.00979	0.00640	0.00699	0.00220	0.00993	0.00602	0.00320	0.01025
23	0.01360	0.01283	0.02169	0.66649	0.11626	0.01561	0.01959	0.01820	0.01415	0.01834	0.01248	0.01847	0.00948	0.00690	0.00697	0.00230	0.00920	0.00620	0.00314	0.00809
24	0.03151	0.00816	0.01118	0.08636	0.04537	0.00846	0.00887	0.04390	0.01410	0.01931	0.03060	0.50026	0.03502	0.05607	0.06364	0.00351	0.00621	0.01537	0.00565	0.00644
25	0.11219	0.14617	0.23252	0.01631	0.02266	0.22585	0.01623	0.10969	0.01812	0.02364	0.01179	0.01341	0.00914	0.00690	0.00596	0.00195	0.00960	0.00472	0.00383	0.00933
26	0.01093	0.00756	0.00942	0.00993	0.01107	0.00743	0.00688	0.01438	0.08950	0.05193	0.12891	0.44789	0.04218	0.11363	0.01197	0.00317	0.00454	0.01567	0.00652	0.00649
27	0.00872	0.00621	0.00820	0.00953	0.01004	0.00581	0.00639	0.01009	0.01388	0.01867	0.10654	0.64723	0.04726	0.05352	0.01002	0.00294	0.00409	0.01867	0.00650	0.00570
28	0.01783	0.11131	0.32291	0.05357	0.07040	0.09079	0.01908	0.10290	0.10093	0.02423	0.01450	0.01608	0.01091	0.00716	0.00648	0.00209	0.00914	0.00551	0.00404	0.01013
29	0.04320	0.05519	0.02316	0.01711	0.02256	0.02042	0.10303	0.42207	0.15794	0.03651	0.01812	0.01841	0.01326	0.00808	0.00698	0.00215	0.00774	0.00666	0.00627	0.01112
30	0.00972	0.00697	0.00882	0.00974	0.01056	0.00670	0.00669	0.04275	0.01463	0.01954	0.08717	0.54162	0.06899	0.09577	0.01150	0.00315	0.00450	0.03890	0.00636	0.00592
31	0.07707	0.55857	0.03046	0.01294	0.04738	0.05700	0.01131	0.02011	0.01393	0.01755	0.01117	0.01508	0.01063	0.08308	0.00785	0.00212	0.00751	0.00454	0.00326	0.00842
32	0.01093	0.00777	0.00937	0.00964	0.01062	0.00770	0.00654	0.07991	0.01512	0.02028	0.09380	0.39992	0.05428	0.22227	0.01599	0.00377	0.00509	0.01498	0.00602	0.00600
33	0.05677	0.01149	0.01449	0.01197	0.01614	0.01085	0.00955	0.09502	0.04580	0.41811	0.08475	0.14592	0.02536	0.01123	0.00732	0.00228	0.00554	0.00945	0.00779	0.01019
34	0.16138	0.07229	0.02024	0.01839	0.08640	0.37107	0.01330	0.05527	0.01719	0.02135	0.01084	0.01324	0.00909	0.00753	0.00786	0.00203	0.09555	0.00476	0.00377	0.00846

[dist]
# distance from previous block
# <min> <max>
0	1

[block]
# block no. 7 follows, 30 sequences, length 37
# corresponding to MSA columns:
# 274-279,282-312
name=unknown_H
#
# <colnr> <probs for GDERKNQSTAVLIFYWHMCP>
#	G	D	E	R	K	N	Q	S	T	A	V	L	I	F	Y	W	H	M	C	P
0	0.01662	0.21077	0.11314	0.02250	0.02958	0.01946	0.39096	0.02161	0.01555	0.02082	0.01268	0.01610	0.00996	0.00594	0.00687	0.00202	0.01003	0.00644	0.00337	0.06561
1	0.00994	0.01013	0.07807	0.01221	0.05990	0.00783	0.00901	0.01222	0.01418	0.01895	0.08559	0.32013	0.17541	0.09975	0.05106	0.00347	0.00589	0.01417	0.00562	0.00647
2	0.01085	0.00773	0.01009	0.01095	0.04471	0.00781	0.00706	0.01312	0.04327	0.03426	0.12461	0.20640	0.03385	0.28328	0.12589	0.00532	0.00742	0.01201	0.00537	0.00602
3	0.01878	0.57410	0.03195	0.06213	0.02005	0.04940	0.01230	0.08479	0.01624	0.01932	0.01361	0.01505	0.04373	0.00689	0.00514	0.00166	0.00759	0.00472	0.00357	0.00897
4	0.01780	0.01849	0.07272	0.10223	0.44406	0.05623	0.01946	0.06991	0.08572	0.02409	0.01468	0.01781	0.01171	0.00685	0.00689	0.00212	0.00844	0.00622	0.00401	0.01058
5	0.02557	0.05690	0.01823	0.01387	0.01880	0.06616	0.01129	0.13968	0.21096	0.32699	0.02384	0.02176	0.01647	0.00858	0.00684	0.00214	0.00666	0.00678	0.00727	0.01121
6	0.70016	0.01613	0.01153	0.01035	0.01457	0.11061	0.00835	0.02149	0.01293	0.02941	0.00986	0.01150	0.00775	0.00657	0.00458	0.00211	0.00636	0.00387	0.00422	0.00763
7	0.01927	0.05130	0.20821	0.02299	0.13030	0.18875	0.10360	0.08131	0.08388	0.02338	0.01420	0.01627	0.01090	0.00701	0.00680	0.00209	0.00996	0.00586	0.00400	0.00993
8	0.00892	0.00681	0.00804	0.00830	0.00978	0.00610	0.00591	0.01087	0.01598	0.02090	0.24635	0.23936	0.29977	0.06834	0.01029	0.00274	0.00382	0.01513	0.00668	0.00592
9	0.07142	0.12861	0.02650	0.03200	0.47383	0.01774	0.01740	0.05332	0.01578	0.02280	0.01318	0.01794	0.01156	0.05971	0.00841	0.00233	0.00783	0.00596	0.00367	0.01005
10	0.04524	0.25854	0.13194	0.01643	0.04386	0.05642	0.01515	0.09990	0.01621	0.06013	0.01199	0.01433	0.00982	0.00806	0.00977	0.00214	0.18176	0.00512	0.00387	0.00934
11	0.01755	0.34201	0.02574	0.01344	0.01800	0.09088	0.05950	0.02260	0.10798	0.04431	0.16714	0.02332	0.02355	0.00847	0.00620	0.00188	0.00706	0.00676	0.00486	0.00875
12	0.01273	0.12324	0.01404	0.00984	0.01242	0.05917	0.00782	0.01541	0.01802	0.04641	0.40667	0.08685	0.13494	0.01325	0.00753	0.00212	0.00473	0.01124	0.00649	0.00708
13	0.00994	0.00676	0.00759	0.00766	0.00785	0.00666	0.00440	0.01012	0.01070	0.01409	0.02617	0.07752	0.07499	0.67063	0.03243	0.00628	0.00642	0.01089	0.00449	0.00441
14	0.02166	0.36070	0.05675	0.01672	0.06759	0.22339	0.01379	0.12430	0.01873	0.02146	0.01143	0.01299	0.00955	0.00673	0.00563	0.00174	0.00912	0.00456	0.00380	0.00935
15	0.02226	0.02003	0.04439	0.01978	0.11320	0.09715	0.01452	0.33202	0.15400	0.03270	0.01715	0.01796	0.01295	0.00838	0.00804	0.00218	0.06036	0.00633	0.00575	0.01083
16	0.01178	0.00609	0.00896	0.00907	0.00910	0.00606	0.00601	0.00918	0.00944	0.01259	0.01442	0.07427	0.01512	0.05551	0.02632	0.70631	0.00595	0.00722	0.00333	0.00327
17	0.02448	0.01918	0.01979	0.01521	0.02078	0.06226	0.01244	0.53545	0.02894	0.03878	0.01566	0.01612	0.01144	0.00777	0.00663	0.00190	0.00755	0.00581	0.00630	0.14352
18	0.01814	0.01460	0.01577	0.01413	0.03483	0.03915	0.01073	0.16167	0.32223	0.05332	0.09948	0.09553	0.02525	0.01054	0.00723	0.00223	0.00588	0.00884	0.00676	0.05370
19	0.05009	0.34573	0.07809	0.14319	0.05387	0.04550	0.01438	0.07566	0.01588	0.04387	0.01240	0.01513	0.01017	0.00987	0.05709	0.00252	0.00890	0.00500	0.00367	0.00899
20	0.01840	0.31767	0.12010	0.01880	0.07056	0.05805	0.13355	0.10005	0.01757	0.02256	0.05063	0.01641	0.01287	0.00686	0.00618	0.00190	0.00871	0.00572	0.00387	0.00952
21	0.00844	0.00632	0.00784	0.00906	0.00995	0.00572	0.00619	0.00979	0.01399	0.01807	0.04641	0.58181	0.20942	0.02083	0.00874	0.00272	0.00392	0.01858	0.00648	0.00572
22	0.01596	0.02383	0.31029	0.12256	0.18042	0.03505	0.03660	0.03697	0.05526	0.05201	0.01503	0.03248	0.01165	0.00873	0.03122	0.00251	0.00945	0.00623	0.00379	0.00995
23	0.02049	0.14958	0.04975	0.02487	0.22937	0.20067	0.06521	0.08849	0.06508	0.02267	0.01339	0.01561	0.01084	0.00684	0.00644	0.00195	0.00932	0.00558	0.00399	0.00987
24	0.01212	0.00606	0.00909	0.00909	0.00909	0.00606	0.00606	0.00909	0.00909	0.01212	0.01212	0.02121	0.01212	0.02424	0.02727	0.79697	0.00606	0.00606	0.00303	0.00303
25	0.00850	0.00607	0.00810	0.00972	0.01012	0.00567	0.00648	0.00972	0.01336	0.01781	0.03846	0.75020	0.04615	0.02186	0.00891	0.00283	0.00405	0.01984	0.00648	0.00567
26	0.01793	0.07869	0.25159	0.05402	0.05002	0.15788	0.13569	0.05529	0.01711	0.03923	0.03446	0.04885	0.01296	0.00760	0.00689	0.00212	0.00998	0.00652	0.00384	0.00932
27	0.02085	0.01639	0.01681	0.01373	0.01794	0.06257	0.01101	0.42755	0.02662	0.03490	0.09186	0.06790	0.11644	0.01221	0.02854	0.00243	0.00712	0.00875	0.00663	0.00977
28	0.01527	0.01527	0.02137	0.01832	0.01832	0.02137	0.01527	0.01679	0.01069	0.01679	0.00916	0.01527	0.00916	0.01221	0.02290	0.00305	0.74198	0.00611	0.00305	0.00763
29	0.15358	0.04407	0.10136	0.03249	0.46786	0.01693	0.01889	0.04385	0.01558	0.02469	0.01247	0.01573	0.01016	0.00637	0.00635	0.00208	0.00796	0.00559	0.00365	0.01032
30	0.00923	0.00701	0.00850	0.00833	0.01008	0.00628	0.00617	0.01184	0.01792	0.02413	0.44238	0.12425	0.26631	0.01607	0.00830	0.00231	0.00344	0.01398	0.00719	0.00628
31	0.01943	0.01732	0.05765	0.02745	0.32492	0.07202	0.06212	0.04519	0.01751	0.13012	0.06478	0.02005	0.01557	0.00721	0.00687	0.00199	0.00792	0.00653	0.00473	0.09061
32	0.00924	0.00692	0.00852	0.00878	0.01017	0.00645	0.00637	0.01129	0.01560	0.02070	0.24087	0.20388	0.22769	0.09139	0.06484	0.00354	0.00516	0.04622	0.00641	0.00594
33	0.01832	0.42156	0.13225	0.04230	0.10808	0.02304	0.05223	0.08951	0.01650	0.02123	0.01159	0.01369	0.00960	0.00637	0.00563	0.00180	0.00829	0.00483	0.00348	0.00970
34	0.01661	0.30995	0.23887	0.05925	0.20392	0.02069	0.01895	0.02124	0.01478	0.01986	0.01158	0.01422	0.00949	0.00628	0.00589	0.00190	0.00863	0.00493	0.00310	0.00985
35	0.02093	0.03704	0.02422	0.05250	0.31336	0.24561	0.03956	0.05623	0.05572	0.05019	0.01382	0.01641	0.01109	0.00707	0.00711	0.00203	0.02736	0.00581	0.00405	0.00988
36	0.01509	0.00830	0.01109	0.01086	0.01320	0.00762	0.00863	0.01764	0.01709	0.19227	0.16163	0.20879	0.09059	0.01619	0.00847	0.00262	0.00498	0.19012	0.00722	0.00759

[dist]
# distance from previous block
# <min> <max>
0	4

[block]
# block no. 8 follows, 30 sequences, length 38
# corresponding to MSA columns:
# 317-354
name=unknown_I
#
# <colnr> <probs for GDERKNQSTAVLIFYWHMCP>
#	G	D	E	R	K	N	Q	S	T	A	V	L	I	F	Y	W	H	M	C	P
0	0.02275	0.01465	0.10324	0.01724	0.12028	0.01123	0.01330	0.02633	0.01816	0.38791	0.07133	0.03027	0.06832	0.00975	0.00730	0.00224	0.00652	0.05194	0.00681	0.01043
1	0.07295	0.15082	0.17685	0.01966	0.11148	0.12955	0.01659	0.06675	0.06011	0.02232	0.01254	0.01481	0.01012	0.00753	0.00814	0.00211	0.09923	0.00522	0.00376	0.00946
2	0.02173	0.26722	0.02808	0.02039	0.13595	0.21783	0.04984	0.13849	0.01936	0.02275	0.01203	0.01396	0.00990	0.00676	0.00602	0.00182	0.00928	0.00504	0.00395	0.00959
3	0.01625	0.01353	0.02110	0.38340	0.08841	0.01672	0.01725	0.01970	0.01384	0.09963	0.01326	0.01811	0.01033	0.00867	0.01172	0.00250	0.22709	0.00627	0.00376	0.00846
4	0.04360	0.49931	0.12423	0.01745	0.08522	0.02374	0.08034	0.02123	0.01456	0.01882	0.01082	0.01297	0.00925	0.00609	0.00534	0.00175	0.00826	0.00459	0.00312	0.00932
5	0.01330	0.01492	0.14681	0.01469	0.01831	0.01233	0.05119	0.05922	0.01385	0.04583	0.01687	0.02295	0.01455	0.03409	0.43273	0.00757	0.06213	0.00690	0.00393	0.00784
6	0.00868	0.00620	0.00828	0.00978	0.01029	0.00580	0.00665	0.01008	0.01382	0.01850	0.07611	0.68686	0.04705	0.02134	0.00889	0.00281	0.00409	0.04246	0.00654	0.00575
7	0.01264	0.00801	0.01075	0.01129	0.04846	0.00734	0.00787	0.01517	0.01732	0.11547	0.30920	0.23633	0.11754	0.01567	0.00823	0.00241	0.00425	0.03775	0.00709	0.00720
8	0.04277	0.06883	0.16614	0.11591	0.17172	0.14545	0.01773	0.04801	0.01708	0.12057	0.01436	0.01643	0.01068	0.00699	0.00654	0.00206	0.00913	0.00557	0.00419	0.00985
9	0.01179	0.00879	0.01294	0.01229	0.01430	0.00842	0.07788	0.01544	0.07093	0.06416	0.09056	0.41835	0.08242	0.01728	0.00853	0.00265	0.00517	0.06462	0.00645	0.00703
10	0.03131	0.01188	0.01619	0.01242	0.01781	0.01026	0.01026	0.03401	0.01997	0.71606	0.02753	0.02375	0.01727	0.00864	0.00702	0.00216	0.00594	0.00702	0.00864	0.01188
11	0.01998	0.02559	0.16659	0.07030	0.17418	0.22383	0.05442	0.10538	0.05097	0.02353	0.01349	0.01591	0.01044	0.00703	0.00677	0.00207	0.01000	0.00569	0.00397	0.00984
12	0.01732	0.11585	0.12814	0.06891	0.36068	0.06690	0.06222	0.02259	0.05184	0.02153	0.01327	0.01644	0.01074	0.00650	0.00661	0.00205	0.00890	0.00584	0.00351	0.01019
13	0.02105	0.02431	0.02400	0.02127	0.06707	0.34330	0.11410	0.05465	0.01708	0.01942	0.01125	0.01476	0.00954	0.00841	0.01135	0.00227	0.21834	0.00570	0.00358	0.00852
14	0.01712	0.01329	0.02015	0.04986	0.34448	0.01325	0.01499	0.07022	0.01739	0.10458	0.05095	0.02928	0.11822	0.01220	0.05583	0.00278	0.00765	0.02596	0.02218	0.00962
15	0.07318	0.12020	0.04103	0.04785	0.12760	0.30756	0.01426	0.05081	0.04680	0.08789	0.01363	0.01514	0.01065	0.00709	0.00619	0.00193	0.00948	0.00515	0.00427	0.00930
16	0.01111	0.00985	0.01192	0.01194	0.01322	0.07722	0.05120	0.01284	0.01357	0.01745	0.02939	0.44896	0.03347	0.07217	0.14667	0.00455	0.00833	0.01463	0.00534	0.00616
17	0.00850	0.00607	0.00810	0.00972	0.01012	0.00567	0.00648	0.00972	0.01336	0.01781	0.03846	0.75020	0.04615	0.02186	0.00891	0.00283	0.00405	0.01984	0.00648	0.00567
18	0.01710	0.01933	0.09294	0.03480	0.46155	0.07291	0.09385	0.02155	0.01617	0.02207	0.01489	0.02171	0.01294	0.00734	0.00720	0.00219	0.00906	0.05854	0.00366	0.01020
19	0.01947	0.71084	0.03526	0.01197	0.01790	0.02649	0.01183	0.02174	0.01455	0.06148	0.01085	0.01200	0.00949	0.00614	0.00464	0.00154	0.00736	0.00394	0.00335	0.00914
20	0.01866	0.75896	0.03657	0.01194	0.01791	0.02761	0.01194	0.02090	0.01418	0.01642	0.00970	0.01119	0.00896	0.00597	0.00448	0.00149	0.00746	0.00373	0.00299	0.00896
21	0.01126	0.00760	0.00876	0.00838	0.01079	0.00659	0.00641	0.01347	0.01701	0.09783	0.19321	0.09770	0.43751	0.01627	0.00820	0.00236	0.00389	0.03909	0.00696	0.00670
22	0.01801	0.06244	0.23126	0.06756	0.13424	0.11287	0.04640	0.05883	0.03541	0.06888	0.01458	0.01734	0.01124	0.01135	0.07674	0.00298	0.01039	0.00584	0.00395	0.00967
23	0.01212	0.00606	0.00909	0.00909	0.00909	0.00606	0.00606	0.00909	0.00909	0.01212	0.01212	0.02121	0.01212	0.02424	0.02727	0.79697	0.00606	0.00606	0.00303	0.00303
24	0.00970	0.00718	0.01047	0.01078	0.01181	0.00806	0.00810	0.01184	0.01158	0.01639	0.02260	0.16611	0.02326	0.07623	0.56080	0.00943	0.01539	0.00995	0.00428	0.00604
25	0.07651	0.01023	0.01220	0.01301	0.05797	0.01060	0.00894	0.05052	0.15289	0.07041	0.03283	0.37053	0.07490	0.01533	0.00779	0.00253	0.00499	0.01344	0.00641	0.00798
26	0.01874	0.16772	0.26792	0.01945	0.07102	0.08994	0.05366	0.14018	0.01824	0.02412	0.01247	0.01462	0.00968	0.00716	0.00740	0.00206	0.05656	0.00531	0.00381	0.00994
27	0.01847	0.01294	0.09628	0.01347	0.04353	0.01025	0.01144	0.02232	0.03682	0.26922	0.09472	0.03150	0.07677	0.02063	0.18301	0.00443	0.00920	0.02975	0.00619	0.00907
28	0.02132	0.01167	0.01544	0.01483	0.06132	0.01135	0.01139	0.12892	0.01992	0.28488	0.02882	0.10921	0.02579	0.01296	0.00799	0.00253	0.00633	0.20864	0.00716	0.00956
29	0.01752	0.06485	0.03179	0.03644	0.47043	0.01775	0.18734	0.04764	0.01659	0.02310	0.01330	0.01725	0.01083	0.00620	0.00709	0.00211	0.00909	0.00657	0.00358	0.01054
30	0.01791	0.05833	0.09687	0.17898	0.34614	0.07328	0.01943	0.05959	0.01670	0.04821	0.01330	0.01681	0.01047	0.00670	0.00672	0.00209	0.00888	0.00587	0.00371	0.01002
31	0.01625	0.02120	0.19483	0.06416	0.43072	0.01657	0.07256	0.02233	0.05171	0.02272	0.01383	0.01730	0.01095	0.00650	0.00696	0.00215	0.00894	0.00620	0.00352	0.01061
