[name]
unknown

[dist]
# distance from previous block
# <min> <max>
0	0

[block]
# block no. 0 follows, 31 sequences, length 66
# corresponding to MSA columns:
# 0-65
name=unknown_A
#
# <colnr> <probs for GDERKNQSTAVLIFYWHMCP>
#	G	D	E	R	K	N	Q	S	T	A	V	L	I	F	Y	W	H	M	C	P
0	0.01102	0.00787	0.01102	0.01260	0.01417	0.00787	0.01102	0.01417	0.01575	0.02047	0.03622	0.07717	0.03937	0.01890	0.00945	0.00315	0.00630	0.67084	0.00630	0.00630
1	0.02132	0.01174	0.01474	0.01098	0.01654	0.00943	0.00891	0.02420	0.01677	0.33204	0.04514	0.01961	0.01519	0.00691	0.00598	0.00154	0.00533	0.00562	0.00614	0.42187
2	0.01083	0.00781	0.00944	0.00862	0.01088	0.00706	0.00657	0.03779	0.01863	0.05159	0.46363	0.05115	0.22958	0.01408	0.00786	0.00214	0.00362	0.01214	0.00709	0.03948
3	0.01625	0.01577	0.02773	0.03833	0.59517	0.01562	0.09151	0.02030	0.01547	0.02196	0.01470	0.06837	0.01318	0.00713	0.00705	0.00211	0.00820	0.00723	0.00360	0.01030
4	0.00851	0.00606	0.00800	0.00936	0.00983	0.00567	0.00625	0.00978	0.01338	0.01796	0.08386	0.67209	0.04561	0.05636	0.00994	0.00292	0.00405	0.01850	0.00633	0.00555
5	0.01701	0.01683	0.02716	0.09979	0.60075	0.05311	0.04351	0.02106	0.01563	0.02163	0.01272	0.01686	0.01057	0.00620	0.00679	0.00205	0.00855	0.00608	0.00337	0.01036
6	0.01255	0.00837	0.01176	0.05274	0.01343	0.03722	0.03421	0.01148	0.01041	0.01380	0.01268	0.02057	0.01205	0.02362	0.10456	0.55815	0.00799	0.00603	0.00315	0.04521
7	0.01429	0.01248	0.01564	0.04194	0.04439	0.00985	0.02685	0.01750	0.01427	0.02209	0.01223	0.01457	0.01012	0.00520	0.00528	0.00114	0.00552	0.00432	0.00397	0.71836
8	0.01183	0.00596	0.00887	0.00887	0.00887	0.00596	0.00589	0.00894	0.00894	0.01192	0.01217	0.02150	0.01226	0.04533	0.02697	0.77767	0.00596	0.00606	0.00301	0.00301
9	0.00901	0.00666	0.00887	0.01013	0.01082	0.00653	0.00730	0.01058	0.01369	0.01821	0.05832	0.57265	0.07806	0.02027	0.00932	0.00280	0.03329	0.11148	0.00625	0.00578
10	0.80789	0.01323	0.01006	0.00900	0.01323	0.01535	0.00741	0.02011	0.01164	0.03070	0.00953	0.01111	0.00741	0.00635	0.00423	0.00212	0.00529	0.00370	0.00423	0.00741
11	0.00841	0.00694	0.00738	0.00727	0.00944	0.00591	0.00545	0.01045	0.01636	0.02031	0.20085	0.06283	0.58143	0.01664	0.00808	0.00228	0.00342	0.01402	0.00659	0.00591
12	0.02898	0.01125	0.01526	0.01184	0.01676	0.00977	0.00967	0.03155	0.01921	0.66399	0.05738	0.02534	0.01936	0.03701	0.00799	0.00229	0.00574	0.00724	0.00826	0.01113
13	0.00817	0.00693	0.00704	0.00702	0.00929	0.00581	0.00526	0.00998	0.01579	0.01894	0.10251	0.06508	0.68062	0.01715	0.00808	0.00230	0.00345	0.01433	0.00641	0.00581
14	0.01419	0.01216	0.01419	0.01013	0.01621	0.00912	0.00811	0.01723	0.01419	0.02229	0.01216	0.01419	0.01013	0.00507	0.00507	0.00101	0.00507	0.00405	0.00405	0.80139
15	0.01682	0.01038	0.01109	0.00984	0.01276	0.01108	0.00769	0.10001	0.19228	0.08547	0.02343	0.02429	0.01766	0.00837	0.00574	0.00187	0.00447	0.00674	0.44145	0.00854
16	0.01178	0.00769	0.00889	0.00847	0.00923	0.00769	0.00535	0.05843	0.01289	0.04605	0.07980	0.09401	0.02839	0.56137	0.02763	0.00548	0.00619	0.01045	0.00495	0.00527
17	0.00831	0.00605	0.00784	0.00928	0.00986	0.00558	0.00624	0.00955	0.01333	0.01756	0.04067	0.69038	0.10805	0.02105	0.00867	0.00273	0.00392	0.01898	0.00635	0.00558
18	0.00867	0.00728	0.00757	0.00744	0.00974	0.00636	0.00559	0.01136	0.04675	0.01997	0.14192	0.06234	0.60809	0.01658	0.00803	0.00229	0.00352	0.01390	0.00652	0.00608
19	0.09618	0.01664	0.01815	0.01410	0.01922	0.01789	0.01157	0.47500	0.02695	0.17652	0.01812	0.01843	0.01283	0.03745	0.00771	0.00225	0.00695	0.00623	0.00683	0.01097
20	0.01093	0.00766	0.00899	0.00873	0.00916	0.00806	0.00553	0.04968	0.01156	0.01560	0.02182	0.09583	0.02457	0.58406	0.07689	0.00622	0.03524	0.01014	0.00440	0.00494
21	0.00873	0.00739	0.00760	0.00762	0.00989	0.00654	0.00568	0.01164	0.06326	0.01911	0.06398	0.11636	0.61421	0.01709	0.00806	0.00235	0.00364	0.01436	0.00640	0.00611
22	0.72985	0.01334	0.01081	0.00944	0.01379	0.01522	0.00778	0.04544	0.01290	0.07527	0.01089	0.01208	0.00817	0.00655	0.00450	0.00211	0.00541	0.00400	0.00460	0.00783
23	0.00977	0.00733	0.01100	0.01100	0.01222	0.00855	0.00855	0.01222	0.01100	0.01588	0.01833	0.02688	0.01710	0.05131	0.73245	0.01100	0.01833	0.00733	0.00367	0.00611
24	0.19767	0.01516	0.01308	0.01154	0.01486	0.12162	0.00886	0.12469	0.10416	0.02670	0.03568	0.05617	0.01648	0.08888	0.00896	0.00249	0.00648	0.00669	0.10082	0.03900
25	0.08783	0.01450	0.01713	0.01323	0.01851	0.01452	0.01093	0.27286	0.02356	0.42233	0.02182	0.01987	0.01428	0.00821	0.00667	0.00209	0.00640	0.00638	0.00756	0.01132
26	0.01501	0.01508	0.02157	0.01831	0.01853	0.02084	0.03643	0.01664	0.01066	0.01664	0.00913	0.01508	0.00903	0.01178	0.02200	0.00297	0.72373	0.00605	0.00301	0.00754
27	0.00968	0.00701	0.00981	0.00996	0.01089	0.00770	0.00730	0.01132	0.01112	0.01552	0.02272	0.09876	0.05197	0.17369	0.48003	0.03993	0.01375	0.00918	0.00409	0.00557
28	0.00994	0.00667	0.00763	0.00763	0.00769	0.00672	0.00436	0.01006	0.01000	0.01339	0.02140	0.04391	0.02450	0.72556	0.06832	0.00684	0.00719	0.00982	0.00412	0.00424
29	0.00843	0.00694	0.00740	0.00729	0.00945	0.00592	0.00547	0.01048	0.01640	0.02039	0.20635	0.06270	0.57588	0.01662	0.00808	0.00228	0.00341	0.01400	0.00660	0.00592
30	0.00834	0.00595	0.00794	0.00953	0.00992	0.00556	0.00635	0.00953	0.01310	0.01746	0.03771	0.75510	0.04525	0.02143	0.00873	0.00278	0.00397	0.01945	0.00635	0.00556
31	0.02032	0.01486	0.01909	0.07949	0.05059	0.01591	0.06156	0.29186	0.10925	0.10784	0.02176	0.13751	0.01846	0.01012	0.00725	0.00225	0.00695	0.00871	0.00624	0.01000
32	0.04894	0.04915	0.02091	0.01867	0.04758	0.60023	0.04595	0.02597	0.01833	0.01762	0.01069	0.01284	0.00893	0.00710	0.00685	0.00185	0.04212	0.00467	0.00350	0.00809
33	0.01094	0.00777	0.00912	0.00871	0.00897	0.00834	0.00547	0.03725	0.01090	0.01477	0.02029	0.04074	0.02287	0.64647	0.06062	0.00636	0.06211	0.00940	0.00415	0.00476
34	0.01266	0.00713	0.00937	0.00984	0.01127	0.00654	0.00704	0.01426	0.01442	0.14320	0.03584	0.51443	0.06482	0.04193	0.00908	0.00273	0.00444	0.04521	0.03911	0.00667
35	0.05704	0.01842	0.01975	0.01517	0.02060	0.02019	0.01252	0.62115	0.03033	0.06988	0.01646	0.01643	0.01164	0.00806	0.00669	0.00203	0.00730	0.00603	0.00673	0.03358
36	0.01238	0.01057	0.01397	0.06913	0.07322	0.03757	0.04708	0.03768	0.03288	0.01985	0.07841	0.16077	0.16027	0.04012	0.01059	0.09173	0.00588	0.01056	0.00503	0.08232
37	0.07641	0.01477	0.01956	0.10764	0.20177	0.04397	0.03941	0.13688	0.03173	0.07115	0.02082	0.06591	0.07586	0.00869	0.00677	0.00209	0.00718	0.00745	0.00491	0.05705
38	0.01467	0.01672	0.10008	0.13759	0.29892	0.01482	0.16255	0.01926	0.01520	0.02118	0.04411	0.09192	0.01587	0.00803	0.00728	0.00222	0.00860	0.00799	0.00376	0.00923
39	0.01529	0.01709	0.03682	0.02672	0.03293	0.01602	0.61708	0.02056	0.01581	0.02143	0.01645	0.09899	0.01419	0.00748	0.00815	0.00236	0.01071	0.00932	0.00378	0.00883
40	0.00875	0.00651	0.00767	0.00822	0.00959	0.00588	0.00585	0.01023	0.01428	0.01848	0.08544	0.31383	0.33312	0.01995	0.03904	0.04397	0.00437	0.01506	0.04412	0.00563
41	0.03637	0.00888	0.01081	0.00991	0.01172	0.00905	0.00729	0.10161	0.04577	0.06006	0.02590	0.04749	0.14311	0.05002	0.05182	0.35515	0.00622	0.00816	0.00480	0.00586
42	0.00994	0.00668	0.00770	0.00770	0.00778	0.00676	0.00444	0.01010	0.01002	0.01344	0.02134	0.04358	0.02436	0.71239	0.08129	0.00692	0.00741	0.00977	0.00411	0.00428
43	0.01536	0.02397	0.26327	0.02579	0.03375	0.01684	0.47468	0.02183	0.01559	0.02183	0.01333	0.01715	0.00982	0.00601	0.00756	0.00226	0.01107	0.00709	0.00327	0.00952
44	0.01275	0.00808	0.00926	0.00869	0.01000	0.00806	0.00587	0.05648	0.04239	0.06759	0.09558	0.08567	0.05708	0.39940	0.02144	0.00446	0.00558	0.01009	0.08551	0.00603
45	0.02242	0.01564	0.01640	0.01316	0.01741	0.04109	0.01058	0.41607	0.06071	0.08904	0.01906	0.02067	0.01432	0.05158	0.00805	0.00224	0.00657	0.00650	0.15848	0.01002
46	0.00898	0.00692	0.01019	0.01065	0.01165	0.00644	0.05200	0.01070	0.01400	0.01879	0.10468	0.61644	0.06336	0.01953	0.00860	0.00267	0.00438	0.01784	0.00628	0.00590
47	0.01987	0.01532	0.01634	0.01373	0.01803	0.01706	0.01095	0.26961	0.36351	0.05695	0.02687	0.02541	0.07283	0.00947	0.00694	0.00219	0.00596	0.00764	0.03070	0.01061
48	0.01133	0.00811	0.01113	0.01251	0.01413	0.00816	0.01079	0.03565	0.01611	0.02101	0.03568	0.11806	0.03886	0.01872	0.00932	0.00309	0.00619	0.60840	0.00632	0.00642
49	0.00866	0.00729	0.00756	0.00751	0.00977	0.00639	0.00562	0.01137	0.05124	0.01953	0.10704	0.09355	0.60691	0.01688	0.00806	0.00232	0.00357	0.01418	0.00646	0.00607
50	0.01188	0.00594	0.00891	0.00891	0.00891	0.00594	0.00594	0.00891	0.00891	0.01188	0.01188	0.02080	0.01188	0.02377	0.02674	0.80095	0.00594	0.00594	0.00297	0.00297
51	0.00850	0.00662	0.00766	0.00807	0.00958	0.00585	0.00576	0.01029	0.01533	0.01963	0.17398	0.28050	0.36635	0.03880	0.00904	0.00255	0.00367	0.01552	0.00650	0.00578
52	0.02618	0.01888	0.02036	0.01561	0.02107	0.02079	0.01289	0.66910	0.03169	0.06876	0.01682	0.01668	0.01184	0.00822	0.00685	0.00206	0.00746	0.00619	0.00691	0.01163
53	0.00977	0.00733	0.01100	0.01100	0.01222	0.00855	0.00855	0.01222	0.01100	0.01588	0.01833	0.02688	0.01710	0.05131	0.73245	0.01100	0.01833	0.00733	0.00367	0.00611
54	0.01062	0.00728	0.01041	0.01031	0.01169	0.00787	0.00787	0.01262	0.01238	0.04827	0.07744	0.07768	0.07649	0.04004	0.49224	0.06359	0.01366	0.00893	0.00451	0.00610
55	0.00995	0.00770	0.01123	0.01451	0.10874	0.00747	0.00911	0.01186	0.01374	0.01851	0.03338	0.53338	0.03868	0.01999	0.03366	0.00301	0.00537	0.10748	0.00584	0.00641
56	0.03070	0.01164	0.01588	0.01217	0.01746	0.01006	0.01006	0.03334	0.01958	0.72163	0.02699	0.02329	0.01694	0.00847	0.00688	0.00212	0.00582	0.00688	0.00847	0.01164
57	0.00809	0.00693	0.00693	0.00693	0.00924	0.00578	0.00520	0.00982	0.01559	0.01848	0.06931	0.06584	0.71411	0.01733	0.00809	0.00231	0.00347	0.01444	0.00635	0.00578
58	0.01035	0.00802	0.01184	0.01326	0.07645	0.00878	0.00904	0.01261	0.01174	0.01651	0.02191	0.06123	0.05261	0.11997	0.50549	0.00872	0.01448	0.02669	0.00400	0.00630
59	0.01751	0.01418	0.01555	0.01441	0.04182	0.01595	0.01084	0.05998	0.56442	0.06695	0.04684	0.02735	0.05438	0.00959	0.00703	0.00228	0.00547	0.00801	0.00690	0.01055
60	0.02358	0.12356	0.02168	0.01764	0.05629	0.53859	0.01314	0.05077	0.01869	0.01825	0.01087	0.01266	0.00909	0.00678	0.00594	0.00171	0.01090	0.00444	0.00360	0.05183
61	0.01470	0.01225	0.01428	0.01034	0.01631	0.00947	0.00827	0.01840	0.04264	0.03933	0.01316	0.01487	0.01074	0.00532	0.00519	0.00109	0.00510	0.00427	0.00428	0.75001
62	0.80789	0.01323	0.01006	0.00900	0.01323	0.01535	0.00741	0.02011	0.01164	0.03070	0.00953	0.01111	0.00741	0.00635	0.00423	0.00212	0.00529	0.00370	0.00423	0.00741
63	0.01752	0.01700	0.02266	0.18939	0.32605	0.09906	0.01742	0.08788	0.05879	0.02272	0.01591	0.01912	0.03975	0.00741	0.00725	0.00212	0.03007	0.00634	0.00399	0.00955
64	0.01493	0.01272	0.01426	0.01041	0.01624	0.03533	0.00830	0.01791	0.01470	0.04219	0.03497	0.01556	0.01202	0.00552	0.00525	0.00111	0.00529	0.00441	0.00427	0.72459
65	0.07205	0.03917	0.01452	0.03606	0.01661	0.01127	0.00890	0.06278	0.06085	0.09733	0.04232	0.07295	0.05928	0.00829	0.00602	0.00166	0.00533	0.00676	0.00524	0.37263

[dist]
# distance from previous block
# <min> <max>
0	1

[block]
# block no. 1 follows, 31 sequences, length 6
# corresponding to MSA columns:
# 67-72
name=unknown_B
#
# <colnr> <probs for GDERKNQSTAVLIFYWHMCP>
#	G	D	E	R	K	N	Q	S	T	A	V	L	I	F	Y	W	H	M	C	P
0	0.16613	0.04905	0.10984	0.01497	0.01976	0.28890	0.01308	0.04298	0.05581	0.08165	0.01312	0.01436	0.01007	0.00721	0.00663	0.00196	0.04379	0.00484	0.00426	0.05160
1	0.01204	0.07262	0.01253	0.05264	0.01318	0.01039	0.00765	0.06811	0.01360	0.01839	0.05382	0.06430	0.05939	0.29635	0.17818	0.00572	0.00893	0.00890	0.03714	0.00614
2	0.01813	0.01673	0.08092	0.10486	0.23432	0.01586	0.09831	0.08567	0.04694	0.10965	0.01789	0.02028	0.04408	0.00779	0.00825	0.00222	0.06688	0.00680	0.00453	0.00990
3	0.01548	0.01425	0.01657	0.01253	0.01791	0.07177	0.06460	0.05768	0.01601	0.02296	0.04404	0.05829	0.01447	0.00679	0.00585	0.00139	0.00622	0.00577	0.00440	0.54301
4	0.05073	0.01679	0.08076	0.04032	0.12917	0.04721	0.11523	0.12389	0.04090	0.02466	0.01913	0.10575	0.04404	0.02808	0.00763	0.00219	0.00764	0.00795	0.00462	0.10331
5	0.01733	0.14708	0.08964	0.05217	0.21654	0.01665	0.01533	0.05161	0.01546	0.07702	0.01378	0.03743	0.01147	0.00717	0.00740	0.00189	0.06779	0.00568	0.00398	0.14458

[dist]
# distance from previous block
# <min> <max>
0	7

[block]
# block no. 2 follows, 31 sequences, length 81
# corresponding to MSA columns:
# 86-166
name=unknown_C
#
# <colnr> <probs for GDERKNQSTAVLIFYWHMCP>
#	G	D	E	R	K	N	Q	S	T	A	V	L	I	F	Y	W	H	M	C	P
0	0.01625	0.04593	0.02241	0.17818	0.21774	0.06651	0.05675	0.02079	0.06136	0.04505	0.01516	0.06263	0.01302	0.00788	0.00787	0.00210	0.06351	0.00675	0.00395	0.08619
1	0.02076	0.02426	0.01944	0.08305	0.09341	0.42238	0.01397	0.02413	0.06272	0.01838	0.03650	0.01704	0.01239	0.03644	0.00917	0.00220	0.08620	0.00560	0.00380	0.00815
2	0.01000	0.00732	0.01004	0.00995	0.01070	0.00825	0.00718	0.01154	0.01061	0.01497	0.01919	0.03290	0.01962	0.30313	0.46097	0.00919	0.03696	0.00822	0.00382	0.00545
3	0.01275	0.00638	0.00638	0.00638	0.00797	0.00638	0.00478	0.01594	0.01435	0.02551	0.02232	0.02551	0.01754	0.00797	0.00478	0.00159	0.00319	0.00638	0.79755	0.00638
4	0.01712	0.03960	0.02663	0.10381	0.53273	0.01634	0.04697	0.02211	0.05742	0.05012	0.01421	0.01771	0.01145	0.00643	0.00677	0.00207	0.00808	0.00623	0.00376	0.01043
5	0.01579	0.01506	0.02516	0.06412	0.61251	0.01504	0.01915	0.01961	0.01551	0.02174	0.01918	0.02247	0.08975	0.00738	0.00692	0.00207	0.00764	0.00703	0.00371	0.01015
6	0.01275	0.00638	0.00638	0.00638	0.00797	0.00638	0.00478	0.01594	0.01435	0.02551	0.02232	0.02551	0.01754	0.00797	0.00478	0.00159	0.00319	0.00638	0.79755	0.00638
7	0.01941	0.05091	0.11461	0.05331	0.15172	0.26012	0.18824	0.04251	0.01721	0.02043	0.01222	0.01528	0.00965	0.00647	0.00678	0.00202	0.01066	0.00581	0.00346	0.00918
8	0.05399	0.02343	0.01654	0.01477	0.01829	0.41213	0.01127	0.08345	0.08313	0.06275	0.04441	0.03965	0.03357	0.00844	0.00636	0.00192	0.00912	0.00614	0.06224	0.00842
9	0.01004	0.00699	0.00977	0.00977	0.01051	0.00773	0.00702	0.01123	0.01048	0.01472	0.01859	0.03138	0.01879	0.25146	0.46008	0.09084	0.01370	0.00794	0.00373	0.00522
10	0.01693	0.01626	0.02777	0.04199	0.71689	0.01626	0.02100	0.02100	0.01558	0.02235	0.01287	0.01693	0.01084	0.00610	0.00677	0.00203	0.00813	0.00610	0.00339	0.01084
11	0.05216	0.01221	0.01399	0.01008	0.01607	0.00942	0.00807	0.01736	0.01406	0.02270	0.01203	0.01404	0.01000	0.00513	0.00503	0.00107	0.00508	0.00404	0.00406	0.76340
12	0.01390	0.03160	0.60037	0.01875	0.02819	0.01509	0.05498	0.02111	0.01449	0.02176	0.01234	0.01460	0.00894	0.00628	0.00639	0.00203	0.00953	0.00507	0.00307	0.11153
13	0.01292	0.01216	0.02052	0.74312	0.04712	0.01520	0.01900	0.01748	0.01368	0.01748	0.01216	0.01824	0.00912	0.00684	0.00684	0.00228	0.00912	0.00608	0.00304	0.00760
14	0.02387	0.01563	0.01742	0.01404	0.01884	0.01686	0.01138	0.31923	0.23294	0.19284	0.02252	0.02108	0.01587	0.00859	0.00681	0.00213	0.00634	0.00681	0.03559	0.01120
15	0.01497	0.01497	0.02095	0.01796	0.01796	0.02095	0.01497	0.01646	0.01048	0.01646	0.00898	0.01497	0.00898	0.01197	0.02245	0.00299	0.74704	0.00599	0.00299	0.00748
16	0.01497	0.01497	0.02095	0.01796	0.01796	0.02095	0.01497	0.01646	0.01048	0.01646	0.00898	0.01497	0.00898	0.01197	0.02245	0.00299	0.74704	0.00599	0.00299	0.00748
17	0.01275	0.00638	0.00638	0.00638	0.00797	0.00638	0.00478	0.01594	0.01435	0.02551	0.02232	0.02551	0.01754	0.00797	0.00478	0.00159	0.00319	0.00638	0.79755	0.00638
18	0.01693	0.01626	0.02777	0.04199	0.71689	0.01626	0.02100	0.02100	0.01558	0.02235	0.01287	0.01693	0.01084	0.00610	0.00677	0.00203	0.00813	0.00610	0.00339	0.01084
19	0.01774	0.01451	0.01595	0.05822	0.01966	0.01667	0.01135	0.05438	0.60725	0.06430	0.02651	0.02470	0.01969	0.00906	0.00695	0.00230	0.00572	0.00754	0.00680	0.01070
20	0.01275	0.00638	0.00638	0.00638	0.00797	0.00638	0.00478	0.01594	0.01435	0.02551	0.02232	0.02551	0.01754	0.00797	0.00478	0.00159	0.00319	0.00638	0.79755	0.00638
21	0.13383	0.05309	0.02108	0.02017	0.11968	0.43226	0.05618	0.02502	0.01735	0.04491	0.01150	0.01354	0.00929	0.00674	0.00606	0.00189	0.01028	0.00484	0.00375	0.00852
22	0.01671	0.01803	0.03699	0.03100	0.17459	0.01725	0.52722	0.04891	0.01668	0.02286	0.01375	0.01806	0.01052	0.00593	0.00776	0.00224	0.01067	0.00759	0.00358	0.00965
23	0.01275	0.00638	0.00638	0.00638	0.00797	0.00638	0.00478	0.01594	0.01435	0.02551	0.02232	0.02551	0.01754	0.00797	0.00478	0.00159	0.00319	0.00638	0.79755	0.00638
24	0.00951	0.00699	0.00890	0.00842	0.01011	0.00638	0.00632	0.01257	0.01895	0.02646	0.64284	0.05272	0.13560	0.01435	0.00807	0.00217	0.00325	0.01260	0.00740	0.00638
25	0.00840	0.00600	0.00800	0.00948	0.00994	0.00560	0.00636	0.00969	0.01340	0.01794	0.07003	0.72142	0.04617	0.02108	0.00870	0.00275	0.00393	0.01911	0.00641	0.00560
26	0.01282	0.00837	0.01131	0.01175	0.01377	0.00820	0.00995	0.03978	0.01749	0.07881	0.19254	0.06462	0.04246	0.01654	0.00883	0.00280	0.00559	0.44065	0.00678	0.00695
27	0.01102	0.00787	0.01102	0.01260	0.01417	0.00787	0.01102	0.01417	0.01575	0.02047	0.03622	0.07717	0.03937	0.01890	0.00945	0.00315	0.00630	0.67084	0.00630	0.00630
28	0.01829	0.76368	0.03585	0.01171	0.01756	0.02707	0.01171	0.02049	0.01390	0.01610	0.00951	0.01097	0.00878	0.00585	0.00439	0.00146	0.00732	0.00366	0.00293	0.00878
29	0.01497	0.01497	0.02095	0.01796	0.01796	0.02095	0.01497	0.01646	0.01048	0.01646	0.00898	0.01497	0.00898	0.01197	0.02245	0.00299	0.74704	0.00599	0.00299	0.00748
30	0.01497	0.01497	0.02095	0.01796	0.01796	0.02095	0.01497	0.01646	0.01048	0.01646	0.00898	0.01497	0.00898	0.01197	0.02245	0.00299	0.74704	0.00599	0.00299	0.00748
31	0.01275	0.00638	0.00638	0.00638	0.00797	0.00638	0.00478	0.01594	0.01435	0.02551	0.02232	0.02551	0.01754	0.00797	0.00478	0.00159	0.00319	0.00638	0.79755	0.00638
32	0.01419	0.01216	0.01419	0.01013	0.01621	0.00912	0.00811	0.01723	0.01419	0.02229	0.01216	0.01419	0.01013	0.00507	0.00507	0.00101	0.00507	0.00405	0.00405	0.80139
33	0.01181	0.00597	0.00886	0.00886	0.00886	0.00597	0.00588	0.00895	0.00895	0.01193	0.01223	0.02165	0.01235	0.04997	0.02703	0.77266	0.00597	0.00608	0.00301	0.00301
34	0.01702	0.01470	0.01547	0.01392	0.01779	0.01702	0.01083	0.03635	0.70453	0.02862	0.02785	0.02553	0.02088	0.00928	0.00696	0.00232	0.00541	0.00773	0.00696	0.01083
35	0.01081	0.00772	0.01078	0.01235	0.01383	0.00769	0.01065	0.01380	0.01554	0.02023	0.03634	0.13160	0.03984	0.01910	0.00939	0.00312	0.00611	0.61854	0.00630	0.00624
36	0.02556	0.03261	0.01939	0.01763	0.02115	0.73210	0.01322	0.02732	0.01939	0.01674	0.01058	0.01234	0.00881	0.00705	0.00617	0.00176	0.01234	0.00441	0.00353	0.00793
37	0.01275	0.00638	0.00638	0.00638	0.00797	0.00638	0.00478	0.01594	0.01435	0.02551	0.02232	0.02551	0.01754	0.00797	0.00478	0.00159	0.00319	0.00638	0.79755	0.00638
38	0.00958	0.00695	0.00903	0.00860	0.01018	0.00640	0.00642	0.01269	0.01901	0.02678	0.66799	0.07978	0.08210	0.01438	0.00810	0.00218	0.00326	0.01271	0.00745	0.00640
39	0.80789	0.01323	0.01006	0.00900	0.01323	0.01535	0.00741	0.02011	0.01164	0.03070	0.00953	0.01111	0.00741	0.00635	0.00423	0.00212	0.00529	0.00370	0.00423	0.00741
40	0.01043	0.00807	0.01108	0.01080	0.01142	0.00946	0.00796	0.01191	0.01080	0.01533	0.01963	0.09301	0.02067	0.25170	0.36578	0.00789	0.11546	0.00895	0.00394	0.00568
41	0.08617	0.01971	0.05497	0.12267	0.22935	0.18786	0.03596	0.04795	0.01618	0.03795	0.01316	0.03737	0.01102	0.00875	0.03069	0.00238	0.03924	0.00594	0.00376	0.00893
42	0.02530	0.03148	0.01931	0.01743	0.02105	0.68007	0.01313	0.05495	0.04184	0.01821	0.01137	0.01293	0.00931	0.00717	0.00622	0.00179	0.01192	0.00458	0.00377	0.00818
43	0.00991	0.00678	0.00823	0.00823	0.00850	0.00705	0.00511	0.01044	0.01018	0.01384	0.02085	0.04087	0.02318	0.60513	0.18694	0.00758	0.00918	0.00938	0.00404	0.00457
44	0.01637	0.01209	0.01441	0.01040	0.01638	0.00924	0.00836	0.01936	0.01490	0.11495	0.01412	0.01539	0.01103	0.00552	0.00531	0.00116	0.00517	0.00443	0.00464	0.69676
45	0.01494	0.01484	0.02109	0.01765	0.01851	0.01968	0.04149	0.01676	0.01106	0.01724	0.00948	0.01503	0.00915	0.01107	0.02022	0.00278	0.64680	0.00589	0.00311	0.08322
46	0.00995	0.00663	0.00746	0.00746	0.00746	0.00663	0.00415	0.00995	0.00995	0.01327	0.02156	0.04477	0.02487	0.75957	0.03482	0.00663	0.00663	0.00995	0.00415	0.00415
47	0.00944	0.00699	0.00904	0.01013	0.01148	0.00658	0.00796	0.01167	0.01512	0.01960	0.09355	0.29359	0.18239	0.01904	0.00883	0.00278	0.00473	0.27470	0.00642	0.00596
48	0.01308	0.01232	0.02080	0.71586	0.07317	0.01524	0.01908	0.01762	0.01375	0.01767	0.01219	0.01819	0.00919	0.00681	0.00684	0.00227	0.00908	0.00608	0.00305	0.00773
49	0.00995	0.00663	0.00746	0.00746	0.00746	0.00663	0.00415	0.00995	0.00995	0.01327	0.02156	0.04477	0.02487	0.75957	0.03482	0.00663	0.00663	0.00995	0.00415	0.00415
50	0.00832	0.00601	0.00788	0.00938	0.00988	0.00557	0.00629	0.00954	0.01324	0.01752	0.03947	0.71661	0.08260	0.02120	0.00870	0.00275	0.00394	0.01917	0.00635	0.00557
51	0.00964	0.00668	0.00787	0.00799	0.00851	0.00647	0.00505	0.01053	0.01243	0.01667	0.14382	0.12053	0.08202	0.48379	0.02500	0.00507	0.00556	0.03233	0.00516	0.00486
52	0.01188	0.00594	0.00891	0.00891	0.00891	0.00594	0.00594	0.00891	0.00891	0.01188	0.01188	0.02080	0.01188	0.02377	0.02674	0.80095	0.00594	0.00594	0.00297	0.00297
53	0.00914	0.00697	0.00840	0.00804	0.00989	0.00623	0.00603	0.01187	0.01809	0.02442	0.49609	0.05607	0.28362	0.01511	0.00807	0.00221	0.00331	0.01307	0.00713	0.00623
54	0.00839	0.00697	0.00737	0.00749	0.00965	0.00595	0.00570	0.01028	0.01575	0.01912	0.10510	0.08806	0.60837	0.01736	0.00820	0.00237	0.00366	0.05796	0.00642	0.00584
55	0.01308	0.00835	0.01002	0.00910	0.01153	0.00780	0.00689	0.01708	0.08133	0.12693	0.32625	0.04799	0.22069	0.07062	0.00984	0.00255	0.00414	0.01148	0.00705	0.00728
56	0.04529	0.01492	0.01570	0.01385	0.01790	0.01711	0.01086	0.08852	0.60797	0.04885	0.02628	0.02424	0.01957	0.00907	0.00686	0.00229	0.00559	0.00745	0.00690	0.01080
57	0.01803	0.01447	0.01550	0.01379	0.01777	0.01650	0.01077	0.03613	0.65365	0.08009	0.02778	0.02536	0.02059	0.00922	0.00696	0.00231	0.00544	0.00767	0.00707	0.01089
58	0.32582	0.01413	0.01409	0.01178	0.01607	0.01551	0.00949	0.21528	0.08300	0.12305	0.01784	0.06756	0.01432	0.03512	0.00697	0.00232	0.00597	0.00649	0.00593	0.00925
59	0.01079	0.00823	0.01146	0.01030	0.01166	0.00832	0.06152	0.03520	0.01285	0.01742	0.09522	0.04020	0.08007	0.38741	0.17426	0.00624	0.00893	0.00972	0.00460	0.00560
60	0.00834	0.00595	0.00794	0.00953	0.00992	0.00556	0.00635	0.00953	0.01310	0.01746	0.03771	0.75510	0.04525	0.02143	0.00873	0.00278	0.00397	0.01945	0.00635	0.00556
61	0.07295	0.01254	0.08441	0.01114	0.01361	0.03939	0.00901	0.09227	0.01501	0.04496	0.02492	0.30158	0.02710	0.20313	0.01438	0.00349	0.00620	0.01178	0.00529	0.00682
62	0.01169	0.00824	0.00966	0.00932	0.01068	0.02942	0.00678	0.01384	0.03801	0.04316	0.10204	0.05999	0.11535	0.16246	0.16271	0.06962	0.03063	0.00934	0.10111	0.00595
63	0.01198	0.01132	0.02012	0.04593	0.02050	0.01164	0.21802	0.01505	0.01369	0.01851	0.02556	0.16099	0.08814	0.06206	0.13429	0.00423	0.07501	0.05148	0.00445	0.00701
64	0.00978	0.00794	0.01270	0.01206	0.01336	0.00750	0.10848	0.01145	0.01301	0.01740	0.03135	0.52223	0.03652	0.14664	0.01314	0.00337	0.00556	0.01611	0.00554	0.00586
65	0.08292	0.00764	0.00846	0.00843	0.01027	0.00735	0.00615	0.01330	0.03891	0.03874	0.20205	0.19375	0.22394	0.06780	0.00948	0.00261	0.00401	0.01278	0.05513	0.00628
66	0.04748	0.01430	0.02167	0.08045	0.35923	0.01495	0.04092	0.09531	0.06276	0.02471	0.01700	0.07780	0.01478	0.00927	0.02746	0.00237	0.00754	0.00732	0.06509	0.00959
67	0.01292	0.01216	0.02052	0.74312	0.04712	0.01520	0.01900	0.01748	0.01368	0.01748	0.01216	0.01824	0.00912	0.00684	0.00684	0.00228	0.00912	0.00608	0.00304	0.00760
68	0.01091	0.00805	0.00872	0.00822	0.01082	0.00727	0.00627	0.01458	0.08216	0.07572	0.14096	0.05685	0.51359	0.01545	0.00788	0.00228	0.00381	0.01295	0.00672	0.00680
69	0.04077	0.00932	0.01173	0.01285	0.07688	0.03034	0.00882	0.01531	0.01466	0.07095	0.10378	0.12073	0.10540	0.04476	0.10081	0.03199	0.03227	0.06841	0.09334	0.00689
70	0.01282	0.03698	0.01233	0.01044	0.01194	0.01000	0.03147	0.06343	0.03514	0.04652	0.06847	0.06539	0.02491	0.39352	0.09764	0.00540	0.03391	0.02872	0.00483	0.00616
71	0.00956	0.00783	0.00959	0.00975	0.01111	0.00798	0.00733	0.01187	0.03585	0.01925	0.11337	0.28130	0.29041	0.01756	0.00998	0.00257	0.08867	0.05375	0.00610	0.00615
72	0.01165	0.00598	0.00880	0.00887	0.00888	0.00596	0.00587	0.00899	0.00913	0.01218	0.01339	0.05164	0.01385	0.05888	0.02640	0.73067	0.00590	0.00668	0.00316	0.00313
73	0.03994	0.06345	0.02680	0.04316	0.14192	0.08516	0.21545	0.07519	0.06167	0.02313	0.05947	0.01941	0.01454	0.00906	0.03418	0.00248	0.06483	0.00686	0.00417	0.00912
74	0.04812	0.03781	0.01850	0.03233	0.01911	0.19592	0.07791	0.05532	0.01666	0.07561	0.04151	0.10551	0.07031	0.01113	0.00939	0.00232	0.11443	0.05537	0.00484	0.00790
75	0.01318	0.01218	0.02049	0.61368	0.11511	0.01472	0.01833	0.01734	0.01360	0.01773	0.01247	0.01854	0.00972	0.00915	0.03688	0.03065	0.00928	0.00613	0.00310	0.00772
76	0.01981	0.06511	0.01962	0.01627	0.01877	0.32682	0.01292	0.06170	0.04394	0.01856	0.01210	0.01564	0.01057	0.01419	0.10364	0.00331	0.21996	0.00542	0.00369	0.00796
77	0.01541	0.04150	0.07121	0.01292	0.01620	0.01226	0.03444	0.15474	0.07268	0.06670	0.02650	0.27664	0.02702	0.07714	0.01000	0.00279	0.00621	0.06158	0.00593	0.00814
78	0.01520	0.01251	0.01586	0.16000	0.02259	0.01195	0.01099	0.06414	0.06147	0.05038	0.03728	0.01952	0.04146	0.00708	0.00660	0.00163	0.03358	0.00571	0.00456	0.41747
79	0.18666	0.03542	0.01443	0.01199	0.01548	0.10753	0.00953	0.14105	0.01770	0.09758	0.02355	0.05412	0.11402	0.04235	0.06184	0.00297	0.04291	0.00737	0.00530	0.00819
80	0.01256	0.01053	0.01391	0.01327	0.04212	0.05368	0.05484	0.01537	0.03758	0.04195	0.04431	0.03110	0.06757	0.16226	0.33168	0.00687	0.04119	0.00823	0.00429	0.00667

[dist]
# distance from previous block
# <min> <max>
0	5

[block]
# block no. 3 follows, 31 sequences, length 57
# corresponding to MSA columns:
# 172-228
name=unknown_D
#
# <colnr> <probs for GDERKNQSTAVLIFYWHMCP>
#	G	D	E	R	K	N	Q	S	T	A	V	L	I	F	Y	W	H	M	C	P
0	0.01066	0.00788	0.00971	0.04691	0.01189	0.00805	0.00672	0.01408	0.08310	0.02046	0.27192	0.04343	0.07793	0.27996	0.04805	0.03152	0.00569	0.01042	0.00565	0.00596
1	0.01638	0.03989	0.09234	0.02058	0.15029	0.03710	0.03635	0.09064	0.14696	0.02311	0.01617	0.01990	0.01342	0.04363	0.09171	0.00344	0.13794	0.00652	0.00436	0.00926
2	0.01569	0.01460	0.02256	0.17894	0.38684	0.01551	0.01749	0.02270	0.14915	0.02243	0.01755	0.02044	0.03666	0.00721	0.00679	0.00210	0.00751	0.00661	0.00414	0.04507
3	0.02292	0.01782	0.02083	0.03643	0.06920	0.04061	0.05113	0.42904	0.12433	0.06662	0.03876	0.01914	0.01450	0.00820	0.00694	0.00211	0.00747	0.00665	0.00633	0.01096
4	0.01372	0.03539	0.72412	0.01950	0.02961	0.01589	0.02528	0.02167	0.01444	0.02167	0.01228	0.01444	0.00867	0.00650	0.00650	0.00217	0.01011	0.00506	0.00289	0.01011
5	0.00843	0.00629	0.00777	0.00876	0.00969	0.00572	0.00600	0.00987	0.01405	0.01830	0.09538	0.51067	0.20687	0.04672	0.00948	0.00276	0.00389	0.01737	0.00636	0.00563
6	0.00973	0.00724	0.00805	0.00786	0.00979	0.00663	0.00583	0.01230	0.05608	0.02045	0.17626	0.05215	0.41367	0.01633	0.01008	0.10101	0.00382	0.01201	0.06480	0.00590
7	0.01210	0.00751	0.00873	0.00837	0.00904	0.00745	0.00523	0.03808	0.01182	0.06805	0.02281	0.06855	0.02496	0.62429	0.02991	0.00587	0.00650	0.03089	0.00472	0.00512
8	0.00832	0.00600	0.00789	0.00939	0.00989	0.00557	0.00629	0.00954	0.01323	0.01752	0.03935	0.71928	0.08000	0.02122	0.00870	0.00275	0.00394	0.01919	0.00635	0.00557
9	0.01586	0.01192	0.01307	0.01178	0.01498	0.01308	0.00908	0.02860	0.43266	0.07745	0.13953	0.03165	0.05090	0.04068	0.00812	0.00239	0.00488	0.00862	0.07538	0.00935
10	0.00851	0.00691	0.00755	0.00747	0.00952	0.00594	0.00557	0.01061	0.01647	0.02076	0.23515	0.08999	0.51839	0.01663	0.00811	0.00229	0.00342	0.01411	0.00666	0.00594
11	0.01239	0.01117	0.01065	0.01128	0.01263	0.12106	0.00807	0.03309	0.05825	0.01923	0.03154	0.50753	0.03564	0.01737	0.00804	0.00254	0.00556	0.04930	0.03816	0.00650
12	0.01627	0.01314	0.01408	0.01267	0.01621	0.01459	0.00982	0.08313	0.47278	0.05228	0.03348	0.09095	0.11838	0.01129	0.00725	0.00233	0.00521	0.00948	0.00687	0.00978
13	0.01375	0.01168	0.01371	0.01005	0.01570	0.00886	0.00796	0.01672	0.01434	0.02228	0.04045	0.04849	0.01380	0.00614	0.00535	0.00114	0.00495	0.00506	0.00429	0.73529
14	0.00994	0.00676	0.00910	0.01042	0.01131	0.00648	0.00777	0.01171	0.01391	0.03916	0.03587	0.47638	0.04124	0.06866	0.01061	0.00313	0.00492	0.22049	0.00625	0.00588
15	0.02198	0.39256	0.02749	0.01471	0.01938	0.38497	0.01247	0.02395	0.01669	0.01642	0.01005	0.01167	0.00880	0.00646	0.00529	0.00162	0.00987	0.00404	0.00323	0.00835
16	0.16169	0.01195	0.01384	0.01133	0.01539	0.01187	0.00897	0.12579	0.01832	0.35037	0.02248	0.08079	0.01774	0.10679	0.01019	0.00275	0.00595	0.00761	0.00675	0.00944
17	0.00995	0.00663	0.00746	0.00746	0.00746	0.00663	0.00415	0.00995	0.00995	0.01327	0.02156	0.04477	0.02487	0.75957	0.03482	0.00663	0.00663	0.00995	0.00415	0.00415
18	0.00902	0.00697	0.00823	0.00791	0.00982	0.00617	0.00594	0.01163	0.01781	0.02374	0.44720	0.05719	0.33294	0.01537	0.00808	0.00222	0.00333	0.01323	0.00704	0.00617
19	0.00919	0.00603	0.00789	0.00907	0.00950	0.00573	0.00604	0.01002	0.01255	0.01727	0.03262	0.57130	0.03805	0.06429	0.01194	0.09105	0.00428	0.01631	0.07160	0.00526
20	0.00853	0.00609	0.00776	0.00908	0.00969	0.00565	0.00610	0.00980	0.01327	0.01770	0.03963	0.63363	0.10914	0.04887	0.00953	0.00284	0.00399	0.01812	0.03503	0.00555
21	0.01837	0.01537	0.01623	0.01420	0.01831	0.01765	0.01116	0.13561	0.60306	0.03081	0.02612	0.02415	0.01949	0.00912	0.00694	0.00228	0.00573	0.00750	0.00694	0.01095
22	0.00833	0.00697	0.00728	0.00729	0.00951	0.00591	0.00553	0.01025	0.01592	0.01932	0.12320	0.06501	0.63267	0.01710	0.00814	0.00233	0.00355	0.03937	0.00645	0.00585
23	0.02171	0.01488	0.01648	0.01351	0.01783	0.01606	0.01078	0.30657	0.21356	0.14087	0.04217	0.04656	0.04500	0.05154	0.00859	0.00243	0.00625	0.00780	0.00696	0.01045
24	0.01238	0.00815	0.00992	0.00981	0.01189	0.00764	0.00746	0.06525	0.01689	0.09394	0.11685	0.27960	0.22571	0.01685	0.00823	0.00250	0.00448	0.08881	0.00673	0.00689
25	0.00834	0.00595	0.00794	0.00953	0.00992	0.00556	0.00635	0.00953	0.01310	0.01746	0.03771	0.75510	0.04525	0.02143	0.00873	0.00278	0.00397	0.01945	0.00635	0.00556
26	0.00965	0.00654	0.00771	0.00812	0.00827	0.00645	0.00490	0.01003	0.01087	0.01447	0.02563	0.19866	0.02985	0.57036	0.02817	0.00566	0.00605	0.03937	0.00471	0.00454
27	0.07700	0.00781	0.00876	0.00840	0.01071	0.00721	0.00633	0.01455	0.01591	0.10523	0.16665	0.16181	0.28154	0.01456	0.00742	0.00225	0.00391	0.01234	0.08086	0.00675
28	0.01292	0.01216	0.02052	0.74312	0.04712	0.01520	0.01900	0.01748	0.01368	0.01748	0.01216	0.01824	0.00912	0.00684	0.00684	0.00228	0.00912	0.00608	0.00304	0.00760
29	0.01275	0.00638	0.00638	0.00638	0.00797	0.00638	0.00478	0.01594	0.01435	0.02551	0.02232	0.02551	0.01754	0.00797	0.00478	0.00159	0.00319	0.00638	0.79755	0.00638
30	0.01141	0.00771	0.00937	0.00941	0.01111	0.00735	0.00677	0.01491	0.08338	0.08015	0.16601	0.31911	0.16238	0.06632	0.00990	0.00273	0.00422	0.01438	0.00666	0.00671
31	0.04934	0.01596	0.01684	0.05737	0.09495	0.15524	0.03771	0.10214	0.04356	0.04030	0.06187	0.04521	0.01888	0.13291	0.07408	0.00360	0.00896	0.02841	0.00471	0.00795
32	0.02556	0.03261	0.01939	0.01763	0.02115	0.73210	0.01322	0.02732	0.01939	0.01674	0.01058	0.01234	0.00881	0.00705	0.00617	0.00176	0.01234	0.00441	0.00353	0.00793
33	0.01615	0.01845	0.04037	0.02884	0.03576	0.01730	0.69204	0.02191	0.01615	0.02191	0.01384	0.01845	0.01038	0.00577	0.00807	0.00231	0.01153	0.00807	0.00346	0.00923
34	0.06483	0.00723	0.00746	0.00752	0.00955	0.00655	0.00554	0.01112	0.01510	0.02022	0.11775	0.13448	0.46462	0.04633	0.00880	0.00247	0.00374	0.01345	0.04734	0.00590
35	0.00904	0.00648	0.00772	0.00823	0.00893	0.00609	0.00535	0.01009	0.01301	0.01714	0.10891	0.30228	0.15102	0.29346	0.01822	0.00406	0.00479	0.01434	0.00566	0.00517
36	0.11696	0.08457	0.02038	0.04016	0.09307	0.31454	0.01322	0.10568	0.01803	0.02251	0.01163	0.01393	0.00952	0.00737	0.00734	0.00196	0.07451	0.00491	0.03111	0.00860
37	0.80789	0.01323	0.01006	0.00900	0.01323	0.01535	0.00741	0.02011	0.01164	0.03070	0.00953	0.01111	0.00741	0.00635	0.00423	0.00212	0.00529	0.00370	0.00423	0.00741
38	0.01213	0.01000	0.01559	0.27057	0.07799	0.01106	0.01456	0.01584	0.01501	0.01957	0.02606	0.05206	0.02666	0.01372	0.00834	0.00276	0.00742	0.38863	0.00494	0.00709
39	0.01978	0.01607	0.01703	0.01448	0.01884	0.01831	0.01150	0.23865	0.49773	0.03308	0.02433	0.02273	0.01804	0.00895	0.00693	0.00224	0.00606	0.00725	0.00693	0.01108
40	0.01615	0.01845	0.04037	0.02884	0.03576	0.01730	0.69204	0.02191	0.01615	0.02191	0.01384	0.01845	0.01038	0.00577	0.00807	0.00231	0.01153	0.00807	0.00346	0.00923
41	0.00809	0.00693	0.00693	0.00693	0.00924	0.00578	0.00520	0.00982	0.01559	0.01848	0.06931	0.06584	0.71411	0.01733	0.00809	0.00231	0.00347	0.01444	0.00635	0.00578
42	0.01372	0.03539	0.72412	0.01950	0.02961	0.01589	0.02528	0.02167	0.01444	0.02167	0.01228	0.01444	0.00867	0.00650	0.00650	0.00217	0.01011	0.00506	0.00289	0.01011
43	0.02326	0.04811	0.01991	0.01671	0.07256	0.05863	0.01261	0.40096	0.11421	0.09000	0.03699	0.01954	0.01476	0.03109	0.00760	0.00219	0.00728	0.00650	0.00632	0.01078
44	0.01188	0.00594	0.00891	0.00891	0.00891	0.00594	0.00594	0.00891	0.00891	0.01188	0.01188	0.02080	0.01188	0.02377	0.02674	0.80095	0.00594	0.00594	0.00297	0.00297
45	0.01433	0.13183	0.63297	0.01847	0.02801	0.01737	0.02348	0.02151	0.01437	0.02093	0.01191	0.01398	0.00868	0.00641	0.00622	0.00207	0.00974	0.00487	0.00289	0.00993
46	0.01083	0.00842	0.01135	0.01220	0.01369	0.02813	0.03389	0.01340	0.01485	0.01922	0.03470	0.22668	0.05524	0.04981	0.03492	0.00338	0.00647	0.41070	0.00595	0.00617
47	0.01577	0.36118	0.41623	0.01601	0.02422	0.02089	0.01921	0.02114	0.01420	0.01917	0.01104	0.01289	0.00872	0.00621	0.00556	0.00185	0.00886	0.00443	0.00291	0.00952
48	0.01292	0.01216	0.02052	0.74312	0.04712	0.01520	0.01900	0.01748	0.01368	0.01748	0.01216	0.01824	0.00912	0.00684	0.00684	0.00228	0.00912	0.00608	0.00304	0.00760
49	0.00826	0.00627	0.00762	0.00870	0.00971	0.00563	0.00598	0.00962	0.01389	0.01779	0.04779	0.53515	0.25869	0.02012	0.00853	0.00263	0.00381	0.01785	0.00635	0.00563
50	0.01412	0.03259	0.61124	0.02104	0.03062	0.01612	0.13535	0.02171	0.01473	0.02171	0.01254	0.01511	0.00895	0.00638	0.00676	0.00219	0.01035	0.00555	0.00298	0.00996
51	0.05249	0.02404	0.01923	0.01604	0.02057	0.31959	0.01266	0.32788	0.05327	0.06701	0.01476	0.01526	0.01097	0.00772	0.00648	0.00195	0.00930	0.00544	0.00545	0.00990
52	0.01002	0.00738	0.00963	0.04009	0.01263	0.00737	0.00771	0.05262	0.03301	0.01953	0.03500	0.61424	0.04067	0.01953	0.00854	0.00273	0.00459	0.06225	0.00626	0.00620
53	0.01124	0.00762	0.00941	0.00906	0.00949	0.00821	0.00598	0.01192	0.01077	0.04372	0.02093	0.06568	0.02277	0.52543	0.11872	0.00639	0.07189	0.00941	0.02627	0.00511
54	0.01290	0.13984	0.01693	0.04240	0.01563	0.06779	0.01029	0.01527	0.01221	0.01609	0.01537	0.02192	0.01419	0.03578	0.47670	0.00778	0.06224	0.00634	0.00346	0.00686
55	0.01854	0.01598	0.01958	0.24402	0.08788	0.08845	0.01507	0.19175	0.01920	0.05882	0.01636	0.07036	0.01400	0.00918	0.00836	0.00227	0.07209	0.03443	0.00472	0.00894
56	0.05992	0.01593	0.02450	0.24913	0.37666	0.05334	0.05255	0.04815	0.01570	0.02188	0.01255	0.01682	0.01003	0.00646	0.00669	0.00211	0.00864	0.00597	0.00348	0.00947

[dist]
# distance from previous block
# <min> <max>
0	5

[block]
# block no. 4 follows, 31 sequences, length 20
# corresponding to MSA columns:
# 234-253
name=unknown_E
#
# <colnr> <probs for GDERKNQSTAVLIFYWHMCP>
#	G	D	E	R	K	N	Q	S	T	A	V	L	I	F	Y	W	H	M	C	P
0	0.01557	0.08153	0.02434	0.39578	0.26870	0.01700	0.01865	0.06095	0.01549	0.02059	0.01243	0.01703	0.00982	0.00659	0.00660	0.00211	0.00852	0.00587	0.00338	0.00905
1	0.00848	0.00601	0.00790	0.00934	0.00970	0.00565	0.00615	0.00956	0.01282	0.01709	0.03626	0.69125	0.04342	0.08779	0.01108	0.00312	0.00421	0.01860	0.00615	0.00543
2	0.00899	0.00690	0.00869	0.00988	0.03133	0.00640	0.00666	0.01122	0.03504	0.01963	0.14223	0.44522	0.20543	0.01856	0.00837	0.00254	0.00391	0.01648	0.00645	0.00605
3	0.01584	0.01364	0.04733	0.01296	0.03505	0.01075	0.04337	0.06384	0.01600	0.06610	0.01562	0.02084	0.01324	0.00685	0.00594	0.00148	0.00600	0.06460	0.00461	0.53592
4	0.01297	0.01297	0.02389	0.02086	0.09717	0.01227	0.29513	0.01739	0.04577	0.02069	0.03139	0.15729	0.17044	0.01169	0.00806	0.00239	0.00764	0.03915	0.00485	0.00797
5	0.00861	0.00620	0.00820	0.00959	0.01024	0.00580	0.00666	0.01010	0.01379	0.01834	0.08010	0.63140	0.07421	0.02061	0.00872	0.00275	0.00408	0.06849	0.00642	0.00568
6	0.00841	0.00684	0.00748	0.00770	0.00964	0.00590	0.00572	0.01029	0.01568	0.01942	0.13558	0.15980	0.52314	0.01758	0.00823	0.00239	0.00362	0.04027	0.00648	0.00584
7	0.01783	0.24257	0.14749	0.01478	0.02006	0.13243	0.04164	0.05810	0.03960	0.04971	0.04528	0.03188	0.04816	0.01051	0.04878	0.00245	0.02981	0.00607	0.00409	0.00875
8	0.02179	0.02464	0.05072	0.08544	0.04155	0.37523	0.04197	0.10348	0.09119	0.04254	0.01652	0.01786	0.04158	0.00779	0.00661	0.00198	0.00994	0.00585	0.00446	0.00887
9	0.01228	0.00773	0.00979	0.00991	0.01153	0.00739	0.00711	0.01565	0.07839	0.11000	0.15595	0.41198	0.06977	0.04761	0.00926	0.00268	0.00430	0.01492	0.00680	0.00693
10	0.01281	0.01094	0.06279	0.05574	0.18054	0.00983	0.01157	0.01366	0.01200	0.01668	0.05622	0.02374	0.01601	0.08499	0.06849	0.33995	0.00767	0.00677	0.00350	0.00610
11	0.06319	0.07534	0.32230	0.09643	0.09815	0.01543	0.01818	0.02076	0.07633	0.02158	0.01966	0.02152	0.08614	0.00905	0.02584	0.00238	0.00838	0.00640	0.00380	0.00915
12	0.01028	0.00860	0.01089	0.05638	0.07941	0.00837	0.00829	0.01385	0.07375	0.02002	0.10987	0.18040	0.31967	0.05782	0.00944	0.00260	0.00467	0.01305	0.00591	0.00673
13	0.01047	0.00797	0.01109	0.05501	0.01326	0.00915	0.00831	0.01219	0.01106	0.01542	0.01949	0.03468	0.02005	0.28368	0.35636	0.00793	0.06507	0.04924	0.00391	0.00564
14	0.06979	0.01317	0.01577	0.01149	0.01743	0.01104	0.04241	0.07850	0.01573	0.02472	0.01245	0.01439	0.01009	0.00547	0.00532	0.00125	0.00562	0.00442	0.00429	0.63666
15	0.06684	0.06244	0.27671	0.01906	0.05336	0.14045	0.11448	0.05090	0.01615	0.02166	0.01712	0.01910	0.07251	0.00766	0.00711	0.00211	0.03349	0.00619	0.00368	0.00899
16	0.03643	0.05324	0.25711	0.01478	0.02073	0.01478	0.03183	0.17264	0.03939	0.05952	0.08059	0.07729	0.06101	0.00949	0.00683	0.00214	0.00724	0.00778	0.03786	0.00933
17	0.01704	0.01552	0.04045	0.19628	0.14937	0.05069	0.07934	0.14269	0.01810	0.05280	0.01893	0.10716	0.04185	0.00922	0.00762	0.00224	0.02896	0.00812	0.00461	0.00900
18	0.01579	0.03404	0.08740	0.01467	0.06091	0.03295	0.01184	0.08104	0.23769	0.02540	0.02329	0.06475	0.05196	0.00919	0.00660	0.00201	0.00613	0.03292	0.05263	0.14877
19	0.06350	0.04566	0.10023	0.01546	0.04855	0.05833	0.05816	0.06377	0.08193	0.09587	0.01871	0.09686	0.01636	0.03109	0.00807	0.00220	0.03760	0.02387	0.00495	0.12882

[dist]
# distance from previous block
# <min> <max>
2	4

[block]
# block no. 5 follows, 31 sequences, length 7
# corresponding to MSA columns:
# 258-264
name=unknown_F
#
# <colnr> <probs for GDERKNQSTAVLIFYWHMCP>
#	G	D	E	R	K	N	Q	S	T	A	V	L	I	F	Y	W	H	M	C	P
0	0.03803	0.15428	0.30478	0.05026	0.05794	0.01706	0.03760	0.07365	0.05257	0.02230	0.01744	0.05790	0.04839	0.00933	0.02793	0.00235	0.00849	0.00652	0.00390	0.00926
1	0.02280	0.01138	0.01457	0.01344	0.06731	0.04044	0.00973	0.02537	0.01828	0.42362	0.13158	0.07320	0.07057	0.03576	0.00815	0.00230	0.00565	0.00888	0.00733	0.00965
2	0.01828	0.12281	0.21744	0.01851	0.06056	0.14087	0.06995	0.05136	0.06992	0.05854	0.01590	0.01751	0.03772	0.00765	0.00762	0.00208	0.06406	0.00584	0.00400	0.00937
3	0.06236	0.07213	0.19501	0.12624	0.22214	0.08622	0.01830	0.02168	0.01527	0.07091	0.01385	0.04144	0.01116	0.00710	0.00642	0.00207	0.00864	0.00589	0.00371	0.00945
4	0.01004	0.00752	0.00942	0.01021	0.01123	0.00755	0.00728	0.04664	0.04587	0.01940	0.03722	0.54370	0.09388	0.04241	0.00977	0.00283	0.02705	0.05556	0.00623	0.00619
5	0.01203	0.01016	0.01203	0.01185	0.01361	0.06208	0.04488	0.07727	0.01626	0.02093	0.06741	0.44944	0.07780	0.01741	0.00832	0.00258	0.00549	0.07772	0.00608	0.00664
