[name]
unknown

[dist]
# distance from previous block
# <min> <max>
5	45

[block]
# block no. 0 follows, 31 sequences, length 8
# corresponding to MSA columns:
# 45-52
name=unknown_A
#
# <colnr> <probs for GDERKNQSTAVLIFYWHMCP>
#	G	D	E	R	K	N	Q	S	T	A	V	L	I	F	Y	W	H	M	C	P
0	0.01277	0.00801	0.01036	0.01092	0.05514	0.00723	0.00749	0.01507	0.01646	0.13033	0.20023	0.21383	0.22560	0.01508	0.00784	0.00231	0.00418	0.01313	0.03689	0.00714
1	0.00842	0.00620	0.00789	0.00904	0.00984	0.00567	0.00618	0.00987	0.01405	0.01852	0.10316	0.58512	0.15069	0.02013	0.00857	0.00265	0.00382	0.01804	0.00646	0.00567
2	0.01728	0.13842	0.06349	0.03579	0.01863	0.13021	0.04470	0.10974	0.09137	0.02278	0.05610	0.02487	0.07194	0.07575	0.02876	0.00262	0.00790	0.00703	0.04427	0.00835
3	0.00839	0.00617	0.00787	0.00908	0.00984	0.00565	0.00619	0.00979	0.01389	0.01827	0.08699	0.60547	0.14667	0.02033	0.00859	0.00267	0.00384	0.01823	0.00643	0.00565
4	0.01768	0.09569	0.10889	0.04174	0.10040	0.03688	0.11059	0.12678	0.17567	0.02584	0.04724	0.01947	0.01491	0.00777	0.00745	0.00214	0.03953	0.00661	0.00479	0.00992
5	0.01322	0.07948	0.05069	0.01232	0.01664	0.01145	0.07033	0.01767	0.07670	0.02149	0.09679	0.14834	0.02387	0.05155	0.00814	0.00209	0.00582	0.00866	0.00489	0.27987
6	0.01633	0.06965	0.14200	0.01255	0.01702	0.07634	0.01166	0.08627	0.01767	0.11525	0.07289	0.13623	0.17451	0.01194	0.00717	0.00218	0.00651	0.00985	0.00564	0.00834
7	0.06723	0.36123	0.16150	0.01544	0.04566	0.08945	0.04811	0.02197	0.01518	0.06610	0.04170	0.01490	0.01175	0.00665	0.00555	0.00180	0.00818	0.00489	0.00367	0.00905

[dist]
# distance from previous block
# <min> <max>
2	12

[block]
# block no. 1 follows, 31 sequences, length 18
# corresponding to MSA columns:
# 65-82
name=unknown_B
#
# <colnr> <probs for GDERKNQSTAVLIFYWHMCP>
#	G	D	E	R	K	N	Q	S	T	A	V	L	I	F	Y	W	H	M	C	P
0	0.01987	0.09449	0.08404	0.01424	0.01923	0.06944	0.01250	0.25418	0.05962	0.05878	0.01641	0.05527	0.01355	0.02899	0.02887	0.00232	0.04243	0.00633	0.00518	0.11425
1	0.01526	0.01093	0.01527	0.01618	0.12196	0.01053	0.04284	0.07878	0.04940	0.11485	0.06891	0.24974	0.11732	0.01323	0.00763	0.00230	0.00554	0.01177	0.00608	0.04146
2	0.01607	0.01788	0.08751	0.11575	0.05812	0.09700	0.15440	0.10314	0.04225	0.02299	0.02573	0.02740	0.15764	0.00906	0.00718	0.00216	0.00833	0.00803	0.03080	0.00856
3	0.01807	0.18356	0.12921	0.01715	0.06107	0.09047	0.05912	0.10217	0.01692	0.05093	0.01654	0.05344	0.04752	0.00847	0.00808	0.00205	0.08939	0.00641	0.00414	0.03530
4	0.01537	0.04329	0.07011	0.01442	0.01762	0.01424	0.06211	0.09121	0.01655	0.07991	0.08235	0.06330	0.15089	0.01214	0.01130	0.00245	0.19216	0.04726	0.00522	0.00810
5	0.00880	0.00623	0.00775	0.00870	0.00928	0.00582	0.00572	0.00962	0.01262	0.01649	0.03775	0.47466	0.13688	0.16911	0.01479	0.04421	0.00453	0.01612	0.00574	0.00517
6	0.01738	0.01568	0.01461	0.03988	0.04629	0.18277	0.01054	0.06963	0.10232	0.06470	0.04040	0.09107	0.07300	0.01490	0.06933	0.04442	0.00820	0.04004	0.04694	0.00792
7	0.06592	0.18908	0.26810	0.06615	0.09996	0.05315	0.05016	0.02164	0.05456	0.02085	0.01467	0.01672	0.03728	0.00690	0.00609	0.00200	0.00855	0.00547	0.00348	0.00928
8	0.00835	0.00687	0.00738	0.00764	0.00965	0.00590	0.00573	0.01016	0.01545	0.01882	0.08869	0.15002	0.56805	0.01779	0.00824	0.00241	0.00368	0.05299	0.00640	0.00581
9	0.00897	0.00643	0.00752	0.00817	0.00931	0.00588	0.00564	0.01056	0.01412	0.01892	0.09404	0.35572	0.23966	0.08993	0.01062	0.00285	0.00394	0.01519	0.08690	0.00563
10	0.01992	0.01935	0.05540	0.01626	0.02074	0.13894	0.08132	0.24048	0.15198	0.02881	0.04761	0.05549	0.01802	0.03281	0.00800	0.00232	0.00807	0.03927	0.00565	0.00955
11	0.19366	0.05545	0.04755	0.05039	0.04572	0.36634	0.03055	0.06374	0.01732	0.02214	0.01103	0.01302	0.00885	0.00673	0.00578	0.00188	0.00959	0.00457	0.00382	0.04187
12	0.01149	0.00808	0.01041	0.03028	0.01200	0.00887	0.00744	0.06752	0.01290	0.01841	0.02005	0.05681	0.01979	0.25145	0.34595	0.00748	0.01166	0.00831	0.08510	0.00602
13	0.05003	0.04866	0.17160	0.01836	0.06472	0.01586	0.12787	0.11928	0.06589	0.04225	0.03383	0.01778	0.01267	0.00710	0.00703	0.00200	0.03409	0.00607	0.04262	0.11229
14	0.05865	0.03565	0.06216	0.01467	0.08451	0.06711	0.01087	0.08297	0.09169	0.04150	0.07104	0.07156	0.08112	0.07208	0.00895	0.00238	0.00636	0.00800	0.02789	0.10084
15	0.01805	0.17618	0.08273	0.04129	0.13967	0.07041	0.09014	0.09781	0.06609	0.04420	0.01745	0.04281	0.04595	0.00769	0.00645	0.00198	0.00806	0.00653	0.00432	0.03222
16	0.10339	0.07536	0.11300	0.08364	0.09077	0.10154	0.06232	0.05467	0.01583	0.04207	0.03946	0.08852	0.05110	0.04021	0.00777	0.00231	0.00793	0.00749	0.00428	0.00835
17	0.07170	0.10154	0.13044	0.01719	0.06878	0.12919	0.05321	0.11536	0.07434	0.05759	0.06646	0.05226	0.01642	0.00822	0.00650	0.00204	0.00806	0.00661	0.00479	0.00931

[dist]
# distance from previous block
# <min> <max>
2	47

[block]
# block no. 2 follows, 31 sequences, length 14
# corresponding to MSA columns:
# 130-143
name=unknown_C
#
# <colnr> <probs for GDERKNQSTAVLIFYWHMCP>
#	G	D	E	R	K	N	Q	S	T	A	V	L	I	F	Y	W	H	M	C	P
0	0.04505	0.19471	0.13325	0.01469	0.05692	0.01712	0.01315	0.12776	0.04999	0.02400	0.02045	0.06534	0.07017	0.00920	0.00675	0.00202	0.03003	0.03561	0.04426	0.03955
1	0.01022	0.00758	0.00919	0.00963	0.01108	0.00726	0.00708	0.06517	0.01597	0.02094	0.11409	0.36400	0.18446	0.05364	0.00970	0.00278	0.00446	0.09014	0.00641	0.00620
2	0.01943	0.05845	0.08434	0.14303	0.02518	0.06277	0.06794	0.13874	0.05218	0.13844	0.01855	0.02086	0.03880	0.03362	0.02968	0.02015	0.02700	0.00660	0.00500	0.00924
3	0.01687	0.16952	0.22505	0.01501	0.02078	0.09297	0.01509	0.09314	0.11353	0.02251	0.01774	0.05438	0.03581	0.01166	0.06429	0.00273	0.00900	0.00639	0.00430	0.00920
4	0.01143	0.00989	0.01227	0.01191	0.01318	0.06719	0.00923	0.01365	0.01159	0.01590	0.01714	0.02551	0.01613	0.07155	0.59552	0.00950	0.07142	0.00710	0.00362	0.00628
5	0.01027	0.00818	0.00935	0.00885	0.01106	0.00787	0.00670	0.01550	0.12579	0.02443	0.37593	0.05233	0.28921	0.01444	0.00790	0.00223	0.00366	0.01238	0.00702	0.00690
6	0.01540	0.18354	0.22658	0.01430	0.01945	0.03879	0.01462	0.04654	0.08149	0.02067	0.01494	0.01887	0.01256	0.06780	0.05075	0.00288	0.08062	0.00575	0.07583	0.00860
7	0.01267	0.11179	0.08854	0.01098	0.01371	0.01146	0.00932	0.07595	0.02961	0.01957	0.05178	0.25000	0.06021	0.13734	0.01355	0.07479	0.00598	0.01105	0.00497	0.00672
8	0.07970	0.02552	0.38406	0.01917	0.02697	0.01548	0.15507	0.06010	0.01585	0.08867	0.01432	0.01661	0.01032	0.00910	0.04693	0.00267	0.00992	0.00591	0.00390	0.00972
9	0.00868	0.00626	0.00814	0.00952	0.01015	0.00587	0.00660	0.01003	0.01336	0.01759	0.03894	0.59541	0.09277	0.06438	0.01029	0.00301	0.00432	0.08292	0.00622	0.00556
10	0.05532	0.01459	0.01466	0.01241	0.01613	0.08844	0.00970	0.18922	0.09039	0.12716	0.11353	0.08483	0.05654	0.04721	0.00833	0.00232	0.00627	0.00848	0.00638	0.04810
11	0.01786	0.01776	0.09023	0.08965	0.13988	0.04231	0.08476	0.08212	0.22332	0.07021	0.01976	0.02092	0.03146	0.00795	0.00744	0.00222	0.03011	0.00689	0.00507	0.01008
12	0.01584	0.01298	0.01928	0.28238	0.16493	0.01457	0.01550	0.10507	0.03366	0.05596	0.01871	0.06352	0.03785	0.01019	0.02771	0.00251	0.04131	0.03611	0.03322	0.00871
13	0.01064	0.00789	0.00809	0.00809	0.00829	0.04288	0.00473	0.01079	0.01061	0.01369	0.02196	0.08500	0.02527	0.67841	0.03185	0.00616	0.00676	0.01023	0.00424	0.00442

[dist]
# distance from previous block
# <min> <max>
0	1

[block]
# block no. 3 follows, 31 sequences, length 12
# corresponding to MSA columns:
# 145-156
name=unknown_D
#
# <colnr> <probs for GDERKNQSTAVLIFYWHMCP>
#	G	D	E	R	K	N	Q	S	T	A	V	L	I	F	Y	W	H	M	C	P
0	0.01784	0.09494	0.16698	0.01878	0.05907	0.24065	0.10529	0.03542	0.01638	0.01934	0.01642	0.02012	0.05265	0.01168	0.07403	0.00284	0.01084	0.02457	0.00365	0.00852
1	0.00893	0.00679	0.00829	0.00912	0.01027	0.00638	0.00637	0.01153	0.05534	0.01937	0.11299	0.48842	0.19283	0.01905	0.00842	0.00258	0.00387	0.01693	0.00651	0.00601
2	0.15967	0.04225	0.05335	0.04321	0.08651	0.03857	0.01254	0.21627	0.04711	0.04920	0.01483	0.01685	0.01145	0.01012	0.04997	0.00258	0.04679	0.00561	0.05943	0.03368
3	0.04013	0.02359	0.11609	0.01497	0.01952	0.30493	0.01298	0.06773	0.05109	0.06075	0.06553	0.01953	0.03894	0.00809	0.00681	0.00191	0.03008	0.00591	0.03948	0.07195
4	0.09908	0.06856	0.01559	0.01279	0.03193	0.04391	0.00984	0.06250	0.33500	0.06441	0.04303	0.02767	0.09212	0.05411	0.00825	0.00243	0.00583	0.00767	0.00602	0.00926
5	0.04937	0.33108	0.20277	0.01419	0.02040	0.06241	0.01480	0.08447	0.01657	0.04320	0.05183	0.01855	0.01392	0.00755	0.00580	0.00189	0.00793	0.04018	0.00398	0.00911
6	0.01702	0.25102	0.02377	0.12467	0.06892	0.13942	0.03262	0.04672	0.01562	0.01876	0.01536	0.13086	0.01499	0.00872	0.00616	0.00190	0.00794	0.00707	0.00387	0.06459
7	0.02367	0.06909	0.01983	0.01653	0.02018	0.52808	0.01277	0.09862	0.04049	0.02000	0.01418	0.01559	0.04054	0.00787	0.00703	0.00188	0.04608	0.00517	0.00406	0.00835
8	0.00960	0.00656	0.00749	0.00770	0.00792	0.00643	0.00452	0.00988	0.01077	0.01420	0.02712	0.14182	0.07664	0.60748	0.02941	0.00581	0.00605	0.01155	0.00460	0.00445
9	0.01631	0.02020	0.09829	0.01718	0.09409	0.23943	0.04246	0.02000	0.04967	0.01991	0.08919	0.04846	0.16660	0.01073	0.00778	0.03084	0.00808	0.00830	0.00462	0.00786
10	0.01188	0.01032	0.01026	0.00974	0.01185	0.07473	0.00717	0.04128	0.03536	0.02006	0.12529	0.12145	0.21733	0.13866	0.04406	0.00332	0.00596	0.04285	0.00563	0.06278
11	0.05245	0.20009	0.06802	0.01478	0.04282	0.17872	0.01238	0.09303	0.07203	0.08781	0.01830	0.04570	0.04972	0.00930	0.02454	0.00215	0.00826	0.00614	0.00470	0.00907

[dist]
# distance from previous block
# <min> <max>
1	4

[block]
# block no. 4 follows, 31 sequences, length 8
# corresponding to MSA columns:
# 161-168
name=unknown_E
#
# <colnr> <probs for GDERKNQSTAVLIFYWHMCP>
#	G	D	E	R	K	N	Q	S	T	A	V	L	I	F	Y	W	H	M	C	P
0	0.04127	0.26748	0.17968	0.04306	0.05110	0.10110	0.04967	0.06780	0.05931	0.04293	0.01283	0.01452	0.01010	0.00678	0.00625	0.00191	0.02604	0.00504	0.00376	0.00938
1	0.01875	0.01569	0.04153	0.08953	0.15821	0.05457	0.07888	0.16776	0.01963	0.10325	0.06543	0.11755	0.01947	0.00949	0.00724	0.00219	0.00757	0.00845	0.00534	0.00946
2	0.01207	0.00645	0.00934	0.00901	0.00950	0.00620	0.00612	0.00959	0.00934	0.01273	0.01191	0.02026	0.01174	0.02225	0.02498	0.73621	0.00587	0.00579	0.00306	0.06759
3	0.03219	0.01493	0.09976	0.05011	0.06473	0.03816	0.02934	0.08832	0.08876	0.02411	0.07525	0.10826	0.07245	0.01228	0.02388	0.00246	0.00682	0.08653	0.02921	0.05245
4	0.01507	0.07733	0.21979	0.14077	0.14880	0.03883	0.09049	0.02077	0.05165	0.02037	0.01432	0.05761	0.01203	0.00770	0.00775	0.00221	0.05523	0.00661	0.00350	0.00919
5	0.00872	0.00622	0.00783	0.00886	0.00939	0.00584	0.00582	0.00982	0.01300	0.01725	0.07447	0.51879	0.09376	0.17032	0.01393	0.00349	0.00443	0.01674	0.00597	0.00534
6	0.01014	0.00667	0.00813	0.00866	0.00959	0.00618	0.00577	0.01119	0.01306	0.06062	0.03803	0.39067	0.15427	0.22617	0.01579	0.00373	0.00474	0.01513	0.00587	0.00558
7	0.01665	0.02429	0.30414	0.01855	0.05726	0.05497	0.05543	0.11526	0.15034	0.02571	0.05174	0.03905	0.01545	0.00820	0.00737	0.00220	0.03213	0.00669	0.00463	0.00993

[dist]
# distance from previous block
# <min> <max>
0	11

[block]
# block no. 5 follows, 31 sequences, length 28
# corresponding to MSA columns:
# 181-208
name=unknown_F
#
# <colnr> <probs for GDERKNQSTAVLIFYWHMCP>
#	G	D	E	R	K	N	Q	S	T	A	V	L	I	F	Y	W	H	M	C	P
0	0.06357	0.04915	0.29049	0.01662	0.04896	0.01554	0.03663	0.14168	0.05318	0.05084	0.03580	0.02120	0.06222	0.01181	0.06993	0.00290	0.00891	0.00650	0.00455	0.00952
1	0.01107	0.00835	0.01136	0.01171	0.04096	0.00906	0.00836	0.06352	0.01347	0.01864	0.04957	0.09740	0.06768	0.12652	0.42155	0.00776	0.01281	0.00927	0.00452	0.00642
2	0.07558	0.01252	0.01523	0.01309	0.04531	0.01226	0.01008	0.12537	0.08511	0.36044	0.07529	0.02781	0.09223	0.00958	0.00691	0.00215	0.00567	0.00778	0.00731	0.01028
3	0.06864	0.00760	0.00861	0.00828	0.01046	0.00699	0.00623	0.01345	0.01648	0.07165	0.26898	0.13384	0.29157	0.01490	0.00766	0.00226	0.00373	0.01271	0.03943	0.00653
4	0.02115	0.01151	0.04961	0.01130	0.01515	0.00984	0.00934	0.06646	0.04118	0.35406	0.09765	0.10129	0.04017	0.08197	0.00973	0.00260	0.00556	0.00902	0.05317	0.00924
5	0.01133	0.00688	0.00901	0.00954	0.01074	0.00635	0.00667	0.01284	0.01423	0.10491	0.08502	0.50332	0.08113	0.06866	0.03264	0.00313	0.00474	0.01608	0.00647	0.00631
6	0.01593	0.01820	0.05871	0.02574	0.03142	0.01784	0.51260	0.02196	0.06055	0.02145	0.01391	0.01821	0.01078	0.00705	0.01032	0.00242	0.13264	0.00760	0.00359	0.00907
7	0.00834	0.00687	0.00735	0.00750	0.00954	0.00588	0.00560	0.01019	0.01568	0.01921	0.12034	0.13232	0.57214	0.01749	0.00819	0.00237	0.00358	0.03513	0.00645	0.00583
8	0.00836	0.00679	0.00742	0.00758	0.00949	0.00584	0.00556	0.01024	0.01577	0.01966	0.16064	0.16942	0.51445	0.01746	0.00818	0.00236	0.00351	0.01490	0.00653	0.00584
9	0.00831	0.00643	0.00759	0.00838	0.00966	0.00570	0.00587	0.00985	0.01452	0.01849	0.09155	0.42405	0.32660	0.01927	0.00842	0.00254	0.00371	0.01692	0.00642	0.00570
10	0.02265	0.01705	0.01844	0.03822	0.04347	0.07922	0.01240	0.32618	0.08918	0.12289	0.01853	0.04198	0.01412	0.01038	0.03416	0.00247	0.06157	0.00671	0.03015	0.01023
11	0.00834	0.00595	0.00794	0.00953	0.00992	0.00556	0.00635	0.00953	0.01310	0.01746	0.03771	0.75510	0.04525	0.02143	0.00873	0.00278	0.00397	0.01945	0.00635	0.00556
12	0.01905	0.01251	0.01439	0.01250	0.01624	0.01298	0.01011	0.19712	0.14990	0.15740	0.03303	0.08468	0.12956	0.01231	0.00757	0.00236	0.00577	0.10614	0.00698	0.00939
13	0.04609	0.08697	0.06466	0.09526	0.02404	0.28468	0.05855	0.14154	0.01900	0.02246	0.01272	0.01546	0.01018	0.01121	0.07549	0.00280	0.01086	0.00537	0.00400	0.00865
14	0.01401	0.01271	0.01098	0.01058	0.01263	0.16434	0.00776	0.01574	0.01583	0.06460	0.11060	0.14124	0.20798	0.11558	0.03738	0.00315	0.00666	0.03614	0.00561	0.00649
15	0.02601	0.01916	0.02053	0.01574	0.02122	0.02122	0.01300	0.69408	0.03217	0.04312	0.01643	0.01643	0.01163	0.00821	0.00684	0.00205	0.00753	0.00616	0.00684	0.01163
16	0.00969	0.00707	0.00840	0.00881	0.00984	0.00673	0.00599	0.04526	0.01441	0.01894	0.10138	0.36180	0.16507	0.18747	0.01440	0.00347	0.00460	0.01501	0.00598	0.00567
17	0.00868	0.00668	0.00776	0.00816	0.00969	0.00593	0.00590	0.01034	0.01510	0.01923	0.15156	0.24311	0.37210	0.04036	0.00974	0.02998	0.00385	0.03980	0.00634	0.00569
18	0.02528	0.06086	0.02002	0.01740	0.02101	0.70485	0.01316	0.02705	0.01918	0.01672	0.01053	0.01228	0.00881	0.00700	0.00610	0.00175	0.01214	0.00438	0.00350	0.00796
19	0.01813	0.01463	0.02432	0.19548	0.45919	0.01507	0.01888	0.02209	0.01576	0.12796	0.01486	0.01820	0.01138	0.00663	0.00680	0.00210	0.00800	0.00621	0.00408	0.01023
20	0.01599	0.01711	0.03544	0.02594	0.03207	0.01627	0.56728	0.05997	0.01694	0.02287	0.01684	0.04893	0.01427	0.00764	0.00815	0.00238	0.01057	0.06834	0.00401	0.00898
21	0.01780	0.03442	0.04847	0.08081	0.27995	0.05823	0.07772	0.08555	0.04760	0.07501	0.03782	0.09258	0.01642	0.00848	0.00705	0.00215	0.00791	0.00774	0.00463	0.00967
22	0.00865	0.00635	0.00784	0.00867	0.00953	0.00584	0.00587	0.01004	0.01394	0.01834	0.12332	0.45255	0.17129	0.11060	0.01174	0.00309	0.00411	0.01648	0.00622	0.00553
23	0.30501	0.01310	0.01464	0.01244	0.04267	0.01318	0.00975	0.08930	0.01763	0.36589	0.01883	0.01782	0.01263	0.00750	0.00588	0.00207	0.00586	0.00557	0.00649	0.03374
24	0.01739	0.05704	0.06661	0.13472	0.26697	0.08074	0.14425	0.08024	0.01689	0.02229	0.01305	0.01687	0.01039	0.00806	0.03307	0.00240	0.00967	0.00618	0.00362	0.00955
25	0.01218	0.01069	0.05603	0.01298	0.05825	0.00957	0.03400	0.01426	0.01434	0.06507	0.06038	0.15207	0.25831	0.01499	0.01100	0.06739	0.09226	0.01131	0.03805	0.00686
26	0.06223	0.01377	0.04272	0.06645	0.17080	0.03522	0.03674	0.01930	0.05332	0.04298	0.03701	0.07206	0.01609	0.04994	0.00787	0.00211	0.00657	0.00689	0.04522	0.21272
27	0.16100	0.09322	0.04094	0.01868	0.12563	0.15532	0.04818	0.07835	0.01681	0.08997	0.01384	0.04136	0.01131	0.00752	0.00687	0.00201	0.04615	0.00567	0.00439	0.03279

[dist]
# distance from previous block
# <min> <max>
0	1

[block]
# block no. 6 follows, 31 sequences, length 12
# corresponding to MSA columns:
# 210-221
name=unknown_G
#
# <colnr> <probs for GDERKNQSTAVLIFYWHMCP>
#	G	D	E	R	K	N	Q	S	T	A	V	L	I	F	Y	W	H	M	C	P
0	0.00931	0.00758	0.01076	0.01052	0.01215	0.00694	0.06750	0.01118	0.01426	0.01838	0.06563	0.36266	0.23843	0.07344	0.01046	0.00289	0.00483	0.06119	0.00596	0.00593
1	0.01655	0.08273	0.02825	0.12079	0.54326	0.01715	0.05207	0.02058	0.01523	0.02120	0.01253	0.01663	0.01043	0.00615	0.00663	0.00202	0.00833	0.00597	0.00331	0.01020
2	0.04298	0.09959	0.07706	0.03828	0.07211	0.06649	0.04247	0.12627	0.05859	0.10540	0.04927	0.04720	0.07592	0.00905	0.00723	0.00209	0.03530	0.00726	0.02821	0.00924
3	0.05779	0.03744	0.04014	0.08762	0.10478	0.07943	0.03266	0.07701	0.03702	0.06443	0.01920	0.13838	0.01862	0.13360	0.01210	0.00296	0.03553	0.00862	0.00469	0.00799
4	0.00862	0.00637	0.00793	0.00879	0.00969	0.00591	0.00602	0.01006	0.01383	0.01817	0.10539	0.45338	0.18092	0.08718	0.04166	0.00332	0.00465	0.01639	0.00615	0.00558
5	0.01156	0.00856	0.01258	0.01590	0.15483	0.00858	0.00937	0.01290	0.01260	0.01749	0.04528	0.16161	0.02531	0.18271	0.08191	0.12182	0.00715	0.06906	0.03465	0.00613
6	0.06949	0.10428	0.13985	0.09441	0.16977	0.10602	0.01656	0.05847	0.01578	0.04696	0.01351	0.05295	0.01149	0.00778	0.00751	0.00210	0.06417	0.00599	0.00379	0.00912
7	0.01276	0.01336	0.07944	0.29290	0.07905	0.01288	0.01452	0.03992	0.08947	0.02069	0.04892	0.06630	0.15017	0.01183	0.03636	0.00263	0.00752	0.00871	0.00457	0.00799
8	0.00873	0.00655	0.00815	0.00933	0.01021	0.00616	0.00639	0.01091	0.04796	0.01818	0.04225	0.60883	0.15069	0.02017	0.00854	0.00268	0.00396	0.01807	0.00638	0.00585
9	0.01558	0.06012	0.10962	0.06554	0.05339	0.03736	0.01264	0.09842	0.04611	0.06486	0.02315	0.13247	0.07256	0.09855	0.01168	0.00280	0.07315	0.00894	0.00488	0.00819
10	0.07551	0.14301	0.06104	0.01763	0.08487	0.11058	0.06763	0.08510	0.08942	0.08028	0.01680	0.07803	0.01427	0.00844	0.00703	0.00208	0.03755	0.00676	0.00471	0.00926
11	0.01856	0.05761	0.08840	0.02353	0.25022	0.09689	0.03865	0.03848	0.05657	0.10127	0.03568	0.01987	0.01414	0.03931	0.00815	0.00221	0.02930	0.00629	0.06535	0.00953

[dist]
# distance from previous block
# <min> <max>
2	13

[block]
# block no. 7 follows, 31 sequences, length 34
# corresponding to MSA columns:
# 235-268
name=unknown_H
#
# <colnr> <probs for GDERKNQSTAVLIFYWHMCP>
#	G	D	E	R	K	N	Q	S	T	A	V	L	I	F	Y	W	H	M	C	P
0	0.01373	0.04567	0.12666	0.07109	0.13049	0.01260	0.01358	0.03526	0.03261	0.02144	0.04967	0.06003	0.09726	0.02736	0.00767	0.00201	0.02839	0.00734	0.00429	0.21284
1	0.01477	0.01183	0.01314	0.01315	0.05502	0.05410	0.00929	0.10742	0.10185	0.05249	0.08305	0.22452	0.11890	0.03699	0.00902	0.00247	0.03618	0.01149	0.03644	0.00788
2	0.01032	0.00888	0.05079	0.00945	0.01153	0.00721	0.00748	0.03630	0.01635	0.04188	0.24116	0.26905	0.20166	0.04485	0.00913	0.00255	0.00428	0.01415	0.00649	0.00648
3	0.01417	0.01576	0.10117	0.14174	0.04815	0.03944	0.17952	0.05668	0.01642	0.03710	0.08974	0.14301	0.06630	0.01037	0.00758	0.00230	0.00797	0.00973	0.00468	0.00816
4	0.09307	0.08944	0.07039	0.10317	0.08253	0.03149	0.12157	0.05151	0.04946	0.10149	0.01692	0.02005	0.03222	0.04165	0.02958	0.00258	0.02950	0.00645	0.01799	0.00893
5	0.07605	0.01324	0.01794	0.12809	0.13214	0.04910	0.06221	0.02151	0.09196	0.11633	0.05185	0.08818	0.10279	0.00990	0.00707	0.00223	0.00681	0.00865	0.00526	0.00870
6	0.01084	0.00718	0.00885	0.00923	0.01032	0.00687	0.00632	0.03431	0.03015	0.05665	0.05958	0.40066	0.11516	0.15573	0.01413	0.04263	0.00473	0.01479	0.00597	0.00589
7	0.08598	0.01714	0.04570	0.03610	0.05322	0.08947	0.01198	0.19395	0.19756	0.05305	0.02429	0.04377	0.08347	0.00950	0.00680	0.00218	0.00689	0.02349	0.00585	0.00961
8	0.01551	0.11123	0.54331	0.01909	0.06092	0.01683	0.02208	0.02282	0.04415	0.06252	0.01353	0.01518	0.00979	0.00664	0.00633	0.00209	0.00926	0.00518	0.00342	0.01012
9	0.00858	0.00605	0.00791	0.00921	0.00978	0.00561	0.00620	0.00951	0.01304	0.01715	0.03906	0.62821	0.11239	0.02118	0.01002	0.06265	0.00406	0.01791	0.00610	0.00539
10	0.00975	0.00704	0.00974	0.00984	0.01080	0.00775	0.00722	0.01162	0.01136	0.01610	0.03810	0.08276	0.04293	0.19255	0.47639	0.00876	0.01364	0.00901	0.02897	0.00567
11	0.01528	0.01100	0.01262	0.01129	0.01418	0.01186	0.00883	0.13970	0.17007	0.05706	0.08980	0.06632	0.09217	0.01908	0.15121	0.00391	0.00765	0.00884	0.10076	0.00838
12	0.01419	0.03671	0.05384	0.05033	0.02361	0.04821	0.25464	0.03507	0.03381	0.02127	0.11230	0.12175	0.05147	0.02955	0.00984	0.00246	0.07877	0.00968	0.00460	0.00793
13	0.03143	0.00782	0.00913	0.00894	0.01118	0.00725	0.00704	0.01397	0.04621	0.05578	0.25340	0.05801	0.32884	0.01551	0.00809	0.00238	0.00409	0.11755	0.00677	0.00660
14	0.00939	0.00631	0.00831	0.00943	0.00999	0.00600	0.00631	0.01054	0.01282	0.04147	0.03434	0.60419	0.04031	0.11544	0.04758	0.00365	0.00508	0.01722	0.00601	0.00562
15	0.04622	0.01748	0.01930	0.01631	0.06085	0.04542	0.01257	0.42654	0.07891	0.17765	0.01883	0.01825	0.01315	0.00813	0.00676	0.00208	0.00718	0.00629	0.00678	0.01128
16	0.01006	0.00777	0.00927	0.00876	0.01077	0.00739	0.00661	0.01460	0.08925	0.02544	0.49024	0.05195	0.21361	0.01429	0.00796	0.00221	0.00351	0.01238	0.00719	0.00675
17	0.05042	0.33160	0.02719	0.01489	0.01973	0.15257	0.06519	0.12108	0.05043	0.02212	0.01233	0.01401	0.01016	0.00700	0.00649	0.00182	0.04890	0.00492	0.03017	0.00897
18	0.04913	0.00842	0.00907	0.00810	0.01061	0.00841	0.00628	0.06808	0.01619	0.13436	0.02206	0.02458	0.01685	0.03427	0.00629	0.00191	0.00412	0.00645	0.55728	0.00754
19	0.01882	0.06355	0.09991	0.04891	0.06371	0.09847	0.01420	0.14561	0.27577	0.02698	0.03579	0.01974	0.01533	0.00824	0.00721	0.00214	0.03380	0.00642	0.00534	0.01007
20	0.01710	0.01237	0.01452	0.01080	0.01629	0.01032	0.00869	0.09584	0.01728	0.11340	0.05815	0.01996	0.04436	0.00690	0.00580	0.00139	0.00527	0.00558	0.00523	0.53071
21	0.01589	0.10465	0.07594	0.07417	0.07114	0.01571	0.07169	0.08511	0.10962	0.05286	0.02258	0.13308	0.05475	0.01048	0.00798	0.00228	0.05052	0.02771	0.00497	0.00886
22	0.01744	0.62776	0.16430	0.01316	0.01981	0.02498	0.01424	0.02071	0.01400	0.01714	0.01003	0.01162	0.00876	0.00597	0.00478	0.00159	0.00784	0.00392	0.00292	0.00903
23	0.00852	0.00634	0.00777	0.00881	0.00971	0.00580	0.00606	0.00983	0.01358	0.01749	0.04439	0.48931	0.21515	0.08320	0.01082	0.00300	0.00416	0.04436	0.00616	0.00552
24	0.01200	0.01155	0.03290	0.10552	0.03932	0.05213	0.08769	0.04202	0.01538	0.01971	0.06246	0.29211	0.14555	0.03898	0.00880	0.00256	0.00637	0.01281	0.00526	0.00692
25	0.04583	0.08281	0.07529	0.08015	0.08266	0.18937	0.05248	0.05508	0.01602	0.04656	0.01546	0.01946	0.03186	0.04242	0.13180	0.00369	0.01086	0.00605	0.00388	0.00827
26	0.00885	0.00623	0.00809	0.00925	0.01000	0.00582	0.00642	0.01051	0.01418	0.01933	0.12330	0.56818	0.07529	0.01947	0.00843	0.00263	0.00391	0.04443	0.04993	0.00576
27	0.00969	0.00720	0.01055	0.01061	0.01175	0.00817	0.00810	0.01199	0.01153	0.01648	0.05777	0.07185	0.02173	0.08128	0.61690	0.00982	0.01610	0.00844	0.00406	0.00600
28	0.05836	0.08222	0.13380	0.04585	0.07590	0.03911	0.01360	0.09745	0.14779	0.06332	0.02217	0.09762	0.05470	0.00946	0.00665	0.00215	0.00689	0.00776	0.02590	0.00932
29	0.03302	0.04602	0.18557	0.08320	0.08919	0.18811	0.05340	0.09897	0.01717	0.02196	0.01189	0.01485	0.00939	0.00751	0.00868	0.00215	0.11071	0.00543	0.00362	0.00912
30	0.01276	0.01119	0.05486	0.01387	0.08450	0.00978	0.03742	0.04743	0.04023	0.04528	0.10553	0.10292	0.09450	0.22712	0.03663	0.00370	0.00646	0.01003	0.00515	0.05064
31	0.01566	0.06350	0.10800	0.01708	0.09128	0.14652	0.03551	0.01967	0.04449	0.01998	0.05393	0.08282	0.01706	0.01389	0.09832	0.00305	0.02764	0.00698	0.00409	0.13052
32	0.01789	0.04298	0.17168	0.04752	0.07166	0.08199	0.02927	0.07552	0.03324	0.11116	0.01862	0.08296	0.03537	0.00836	0.00656	0.00195	0.00762	0.00690	0.00473	0.14402
33	0.11513	0.03863	0.03805	0.06129	0.15444	0.10318	0.01263	0.04710	0.01490	0.02165	0.05485	0.02065	0.01504	0.04862	0.14295	0.00388	0.04006	0.00620	0.03195	0.02880

[dist]
# distance from previous block
# <min> <max>
0	4

[block]
# block no. 8 follows, 31 sequences, length 9
# corresponding to MSA columns:
# 273-281
name=unknown_I
#
# <colnr> <probs for GDERKNQSTAVLIFYWHMCP>
#	G	D	E	R	K	N	Q	S	T	A	V	L	I	F	Y	W	H	M	C	P
0	0.01491	0.03733	0.01534	0.05627	0.03936	0.11017	0.03654	0.07989	0.01487	0.01873	0.01984	0.12287	0.04864	0.12971	0.04875	0.11586	0.04902	0.00860	0.00430	0.02901
1	0.05156	0.12011	0.05724	0.10367	0.10955	0.19138	0.06560	0.04322	0.01548	0.01943	0.01143	0.01500	0.00959	0.00911	0.03716	0.00245	0.12070	0.00539	0.00340	0.00852
2	0.00963	0.00796	0.00859	0.00846	0.01069	0.00748	0.00632	0.01407	0.11544	0.02113	0.15317	0.13192	0.44801	0.01612	0.00799	0.00234	0.00377	0.01371	0.00661	0.00658
3	0.01055	0.00671	0.00875	0.00941	0.01059	0.00612	0.00660	0.01221	0.01482	0.08319	0.13710	0.52574	0.10461	0.01881	0.00841	0.00259	0.00399	0.01684	0.00671	0.00626
4	0.02122	0.11369	0.12700	0.01951	0.06501	0.30701	0.08141	0.11746	0.01893	0.02190	0.01191	0.01402	0.00946	0.00699	0.00692	0.00194	0.03749	0.00517	0.00379	0.00915
5	0.05633	0.04450	0.13571	0.01595	0.06104	0.06537	0.01361	0.17962	0.11670	0.05734	0.02033	0.07193	0.04252	0.01007	0.02342	0.00234	0.02618	0.00720	0.04030	0.00954
6	0.00846	0.00616	0.00775	0.00896	0.00959	0.00569	0.00597	0.00961	0.01314	0.01720	0.04059	0.58879	0.13753	0.09273	0.01118	0.00309	0.00416	0.01782	0.00614	0.00545
7	0.12670	0.01171	0.01383	0.01145	0.01558	0.01148	0.00911	0.08733	0.07189	0.37279	0.02639	0.09567	0.04956	0.05493	0.00845	0.00247	0.00564	0.00821	0.00709	0.00972
8	0.13373	0.01869	0.11029	0.01593	0.06740	0.12118	0.01297	0.06729	0.08750	0.11171	0.04384	0.09982	0.01729	0.00944	0.00752	0.00221	0.05168	0.00734	0.00515	0.00901

[dist]
# distance from previous block
# <min> <max>
0	2

[block]
# block no. 9 follows, 31 sequences, length 23
# corresponding to MSA columns:
# 284-306
name=unknown_J
#
# <colnr> <probs for GDERKNQSTAVLIFYWHMCP>
#	G	D	E	R	K	N	Q	S	T	A	V	L	I	F	Y	W	H	M	C	P
0	0.02109	0.01776	0.01748	0.06335	0.02043	0.11161	0.01194	0.32578	0.15454	0.03185	0.01997	0.02049	0.03988	0.00857	0.00697	0.00207	0.02385	0.00655	0.08594	0.00988
1	0.01917	0.59537	0.08098	0.01304	0.01897	0.08265	0.01287	0.07446	0.01583	0.01867	0.01034	0.01176	0.00900	0.00618	0.00487	0.00158	0.00793	0.00401	0.00328	0.00903
2	0.01439	0.01263	0.01907	0.01428	0.01952	0.01074	0.16440	0.01834	0.04189	0.05032	0.02020	0.07936	0.06471	0.03211	0.00737	0.00182	0.00644	0.00739	0.00456	0.41044
3	0.04238	0.01060	0.01599	0.09360	0.01943	0.01116	0.10154	0.10652	0.01561	0.02155	0.02358	0.30283	0.02477	0.01977	0.11298	0.04570	0.00826	0.01159	0.00502	0.00712
4	0.02056	0.01376	0.01573	0.01312	0.01692	0.01473	0.01052	0.37424	0.02379	0.10633	0.02224	0.14335	0.01954	0.01523	0.08285	0.00311	0.00756	0.02758	0.05930	0.00955
5	0.01620	0.06792	0.06056	0.08232	0.03286	0.01825	0.47456	0.04625	0.01577	0.02141	0.01296	0.01736	0.01002	0.00661	0.00909	0.00230	0.08587	0.00723	0.00345	0.00901
6	0.02229	0.02018	0.01719	0.01459	0.01876	0.22523	0.01144	0.22118	0.18460	0.06362	0.01835	0.01850	0.01377	0.00800	0.00642	0.00195	0.00784	0.00600	0.08030	0.03979
7	0.01061	0.00832	0.01138	0.01098	0.01156	0.00986	0.00813	0.01205	0.01073	0.01528	0.01908	0.08097	0.02008	0.26181	0.34548	0.00771	0.13763	0.00875	0.00389	0.00570
8	0.00914	0.00679	0.00889	0.00984	0.01013	0.00696	0.00665	0.01015	0.01235	0.01666	0.03264	0.57367	0.03885	0.14831	0.01433	0.00346	0.06328	0.01674	0.00570	0.00547
9	0.01493	0.01600	0.10563	0.01914	0.02415	0.01333	0.29462	0.06382	0.01588	0.06187	0.02143	0.11359	0.05364	0.06844	0.07824	0.00346	0.00970	0.00932	0.00449	0.00833
10	0.00983	0.00664	0.00777	0.00788	0.00800	0.00671	0.00464	0.01010	0.01024	0.01376	0.02239	0.09114	0.02563	0.65382	0.08831	0.00672	0.00738	0.01038	0.00426	0.00440
11	0.01531	0.11322	0.53753	0.01994	0.06411	0.01756	0.04896	0.06634	0.01569	0.02253	0.01234	0.01448	0.00906	0.00649	0.00637	0.00208	0.00958	0.00515	0.00321	0.01007
12	0.02507	0.08134	0.02048	0.01723	0.02091	0.68510	0.01312	0.02686	0.01902	0.01670	0.01050	0.01225	0.00881	0.00697	0.00605	0.00174	0.01200	0.00436	0.00349	0.00799
13	0.01846	0.01166	0.01318	0.01125	0.01436	0.03452	0.00896	0.15847	0.04906	0.14820	0.09071	0.02650	0.04451	0.01432	0.09250	0.00306	0.03737	0.00738	0.20693	0.00861
14	0.05680	0.00823	0.01147	0.01115	0.01255	0.00963	0.00869	0.03368	0.01153	0.01733	0.01697	0.02478	0.01571	0.04403	0.59352	0.06305	0.04402	0.00694	0.00372	0.00620
15	0.01339	0.04130	0.04904	0.06057	0.30309	0.01293	0.03909	0.01661	0.01459	0.02011	0.05914	0.13738	0.08607	0.03518	0.05098	0.00288	0.03557	0.00938	0.00431	0.00839
16	0.07684	0.01229	0.01525	0.05934	0.04655	0.01342	0.04961	0.06990	0.19882	0.02437	0.05244	0.06520	0.19490	0.01164	0.00829	0.00235	0.05556	0.02921	0.00569	0.00834
17	0.01002	0.00733	0.00887	0.00895	0.00958	0.00764	0.00600	0.01154	0.03385	0.01634	0.05259	0.18578	0.09410	0.36565	0.08282	0.00517	0.04938	0.01175	0.02734	0.00530
18	0.01922	0.04701	0.09919	0.04117	0.15437	0.13192	0.05338	0.07716	0.07553	0.08333	0.01528	0.01752	0.01188	0.02935	0.00728	0.00204	0.00829	0.00578	0.00446	0.11584
19	0.01206	0.04922	0.01212	0.01163	0.05851	0.04824	0.00784	0.01448	0.03947	0.04079	0.10726	0.22382	0.16267	0.12027	0.01140	0.00285	0.00526	0.01210	0.00558	0.05442
20	0.01688	0.04384	0.11922	0.04669	0.12022	0.13885	0.08873	0.05392	0.01641	0.04323	0.01852	0.06016	0.06072	0.01101	0.05512	0.00259	0.00926	0.00702	0.00410	0.08352
21	0.01709	0.06950	0.07847	0.04051	0.16628	0.04247	0.03303	0.12104	0.08245	0.02473	0.01550	0.04710	0.01292	0.00874	0.03151	0.00215	0.00766	0.00613	0.00444	0.18826
22	0.06916	0.01365	0.01648	0.17891	0.04556	0.07881	0.03759	0.08114	0.05807	0.06945	0.03476	0.10740	0.05527	0.01388	0.07848	0.00306	0.00836	0.00819	0.00490	0.03689

[dist]
# distance from previous block
# <min> <max>
0	8

[block]
# block no. 10 follows, 31 sequences, length 67
# corresponding to MSA columns:
# 315-381
name=unknown_K
#
# <colnr> <probs for GDERKNQSTAVLIFYWHMCP>
#	G	D	E	R	K	N	Q	S	T	A	V	L	I	F	Y	W	H	M	C	P
0	0.09266	0.10067	0.07064	0.13736	0.13735	0.03523	0.01433	0.04383	0.03403	0.02153	0.01455	0.04494	0.01285	0.01037	0.05030	0.00256	0.03438	0.03646	0.00388	0.10210
1	0.11512	0.06085	0.09187	0.01455	0.04338	0.14627	0.01204	0.10320	0.10548	0.02403	0.02232	0.08214	0.08919	0.03038	0.00773	0.00226	0.02823	0.00755	0.00488	0.00853
2	0.03660	0.04022	0.05114	0.09391	0.12393	0.16555	0.08924	0.13805	0.06012	0.05231	0.04464	0.01795	0.01325	0.00730	0.00669	0.00202	0.00880	0.00614	0.00458	0.03755
3	0.02929	0.00798	0.00933	0.00936	0.01046	0.02269	0.00661	0.01211	0.01304	0.04234	0.06150	0.24063	0.15461	0.20216	0.07788	0.00425	0.05397	0.01258	0.02343	0.00579
4	0.01967	0.01504	0.01613	0.01381	0.01800	0.01693	0.01094	0.18156	0.47336	0.07626	0.02495	0.02335	0.01839	0.00892	0.00681	0.00221	0.00579	0.00726	0.04980	0.01082
5	0.00869	0.00640	0.00776	0.00850	0.00940	0.00588	0.00574	0.01003	0.01385	0.01812	0.11683	0.40478	0.19682	0.13943	0.01274	0.00323	0.00420	0.01598	0.00612	0.00548
6	0.01589	0.04407	0.08825	0.04822	0.02755	0.01694	0.32594	0.09715	0.01650	0.02265	0.01611	0.11000	0.01448	0.00901	0.00974	0.00239	0.11376	0.00851	0.00407	0.00880
7	0.01039	0.00727	0.00866	0.00886	0.01009	0.00701	0.00615	0.01268	0.05216	0.04644	0.08153	0.23663	0.17515	0.23206	0.04707	0.00406	0.00544	0.03670	0.00580	0.00585
8	0.01290	0.00986	0.01084	0.01034	0.01158	0.06893	0.00740	0.04494	0.05553	0.01721	0.06803	0.02973	0.04533	0.16273	0.16972	0.24850	0.00895	0.00774	0.00426	0.00550
9	0.00986	0.00756	0.00850	0.00851	0.01057	0.00693	0.00633	0.01321	0.07206	0.04261	0.14939	0.18627	0.40547	0.01671	0.00810	0.00239	0.00382	0.02864	0.00663	0.00644
10	0.01436	0.02958	0.53432	0.01844	0.02703	0.01532	0.06839	0.07879	0.01633	0.02342	0.03590	0.02033	0.07205	0.00774	0.00682	0.00218	0.00923	0.00637	0.00369	0.00971
11	0.00920	0.00632	0.00768	0.00842	0.00860	0.00613	0.00517	0.00975	0.01141	0.01521	0.02905	0.37413	0.03432	0.41732	0.02272	0.00485	0.00540	0.01435	0.00517	0.00480
12	0.02032	0.05772	0.01719	0.01505	0.01788	0.43539	0.01134	0.06752	0.01806	0.01870	0.01818	0.21254	0.01882	0.01108	0.00728	0.00208	0.03022	0.00858	0.00447	0.00757
13	0.06770	0.12279	0.02129	0.05503	0.02157	0.35864	0.01289	0.19817	0.03822	0.02460	0.01240	0.01379	0.00978	0.00720	0.00606	0.00186	0.00969	0.00489	0.00440	0.00903
14	0.00995	0.00765	0.00920	0.00893	0.01077	0.00730	0.00664	0.01428	0.08844	0.02451	0.42883	0.13837	0.18920	0.01510	0.00804	0.00228	0.00359	0.01319	0.00709	0.00666
15	0.01615	0.01362	0.01505	0.01416	0.04543	0.01510	0.01050	0.07818	0.48343	0.02779	0.05992	0.08169	0.05412	0.01038	0.00710	0.00226	0.00537	0.00879	0.00663	0.04435
16	0.02537	0.08078	0.02180	0.01541	0.02091	0.02170	0.01290	0.63833	0.03065	0.04088	0.01585	0.01597	0.01140	0.00802	0.00664	0.00200	0.00751	0.00595	0.00652	0.01140
17	0.02478	0.03144	0.02112	0.01855	0.02236	0.67294	0.06940	0.02687	0.01912	0.01717	0.01085	0.01284	0.00894	0.00694	0.00633	0.00181	0.01227	0.00471	0.00352	0.00804
18	0.01292	0.01216	0.02052	0.74312	0.04712	0.01520	0.01900	0.01748	0.01368	0.01748	0.01216	0.01824	0.00912	0.00684	0.00684	0.00228	0.00912	0.00608	0.00304	0.00760
19	0.00862	0.00665	0.00746	0.00780	0.00918	0.00593	0.00540	0.01004	0.01432	0.01810	0.10979	0.22723	0.37294	0.15003	0.01300	0.00318	0.00413	0.01467	0.00606	0.00549
20	0.01211	0.00783	0.00998	0.01042	0.01197	0.00758	0.00788	0.02989	0.04458	0.08564	0.05517	0.31158	0.08722	0.10579	0.01165	0.00318	0.00513	0.17950	0.00635	0.00656
21	0.01886	0.01628	0.04715	0.01428	0.01870	0.01736	0.01174	0.21960	0.43357	0.03232	0.07523	0.02439	0.02101	0.00921	0.00699	0.00223	0.00605	0.00752	0.00679	0.01070
22	0.00833	0.00639	0.00757	0.00843	0.00960	0.00570	0.00584	0.00976	0.01419	0.01807	0.07177	0.44332	0.30630	0.04009	0.00918	0.00268	0.00382	0.01700	0.00633	0.00563
23	0.51267	0.04971	0.05928	0.01193	0.01648	0.18485	0.01019	0.02240	0.01402	0.05070	0.01057	0.01204	0.00821	0.00658	0.00494	0.00201	0.00737	0.00407	0.00408	0.00791
24	0.07758	0.08726	0.09680	0.14748	0.15660	0.12965	0.06315	0.03574	0.03023	0.03639	0.01376	0.04206	0.01134	0.00717	0.00635	0.00204	0.00868	0.00599	0.03289	0.00886
25	0.04257	0.14010	0.05276	0.04819	0.06355	0.33713	0.05523	0.04131	0.01653	0.01859	0.01078	0.01355	0.00909	0.00742	0.00838	0.00200	0.11603	0.00496	0.00341	0.00841
26	0.01158	0.00761	0.00932	0.00963	0.01133	0.00715	0.00705	0.01445	0.06207	0.09306	0.05804	0.35417	0.19477	0.05928	0.00977	0.00280	0.00448	0.07031	0.00652	0.00662
27	0.01116	0.00808	0.01067	0.01025	0.01122	0.00927	0.00761	0.03490	0.01176	0.01726	0.01880	0.03020	0.01838	0.23402	0.37111	0.00771	0.07626	0.00777	0.09766	0.00591
28	0.00862	0.00627	0.00791	0.00889	0.00964	0.00580	0.00600	0.01001	0.01387	0.01840	0.12195	0.51401	0.13057	0.09102	0.01108	0.00301	0.00407	0.01704	0.00628	0.00556
29	0.05826	0.03415	0.68407	0.01891	0.02869	0.01586	0.02428	0.02158	0.01429	0.02217	0.01212	0.01426	0.00860	0.00649	0.00637	0.00216	0.00984	0.00498	0.00296	0.00996
30	0.00855	0.00695	0.00758	0.00742	0.00953	0.00597	0.00557	0.01072	0.01670	0.02110	0.25752	0.06153	0.52427	0.01635	0.00808	0.00226	0.00340	0.01383	0.00670	0.00597
31	0.01562	0.04874	0.06310	0.31870	0.28568	0.05905	0.01901	0.02018	0.03342	0.01965	0.01250	0.01693	0.01000	0.00682	0.00737	0.00215	0.04285	0.00587	0.00329	0.00908
32	0.05271	0.18052	0.40135	0.01835	0.02630	0.08796	0.09954	0.02193	0.01489	0.02050	0.01161	0.01385	0.00885	0.00633	0.00612	0.00200	0.00970	0.00500	0.00309	0.00940
33	0.47756	0.01736	0.05353	0.01207	0.01685	0.06998	0.01033	0.17588	0.05995	0.03187	0.01247	0.01350	0.00938	0.00702	0.00527	0.00209	0.00660	0.00464	0.00487	0.00878
34	0.01416	0.01416	0.02576	0.06704	0.15815	0.01435	0.26211	0.01909	0.05675	0.02100	0.04585	0.08502	0.07639	0.01162	0.04925	0.00282	0.05466	0.00902	0.00425	0.00856
35	0.00911	0.00629	0.00763	0.00846	0.00887	0.00601	0.00538	0.00997	0.01211	0.01627	0.03292	0.41377	0.07780	0.29978	0.01840	0.00416	0.00491	0.01501	0.03809	0.00507
36	0.01348	0.00789	0.00837	0.00803	0.00990	0.00820	0.00603	0.06991	0.05639	0.02563	0.02328	0.08593	0.01982	0.03836	0.03228	0.00229	0.00439	0.00769	0.56525	0.00690
37	0.00869	0.00681	0.00789	0.00806	0.00981	0.00600	0.00596	0.01081	0.01626	0.02098	0.25063	0.18216	0.38571	0.01712	0.00824	0.00237	0.00358	0.03627	0.00669	0.00595
38	0.02555	0.01853	0.01997	0.01546	0.02081	0.02045	0.01272	0.61931	0.08027	0.07000	0.01769	0.01737	0.01252	0.00830	0.00685	0.00208	0.00731	0.00630	0.00692	0.01158
39	0.02266	0.18082	0.02271	0.07630	0.02242	0.49806	0.01329	0.02547	0.04599	0.01716	0.01120	0.01309	0.00933	0.00688	0.00589	0.00177	0.01075	0.00453	0.00350	0.00820
40	0.01813	0.68499	0.03340	0.01173	0.01712	0.05836	0.01133	0.02017	0.01392	0.01596	0.01028	0.01305	0.00974	0.05070	0.00628	0.00178	0.00751	0.00407	0.00303	0.00847
41	0.08248	0.10512	0.44441	0.01734	0.02523	0.13133	0.01983	0.06003	0.01594	0.02227	0.01173	0.01360	0.00876	0.00661	0.00607	0.00202	0.00964	0.00476	0.00333	0.00949
42	0.05802	0.00766	0.00899	0.00875	0.00959	0.00818	0.00586	0.03655	0.01132	0.01659	0.01983	0.03621	0.02100	0.46934	0.21519	0.00714	0.00954	0.00860	0.03642	0.00522
43	0.01086	0.00891	0.00982	0.00937	0.01184	0.00883	0.00720	0.01740	0.18660	0.02349	0.23142	0.05244	0.33660	0.01451	0.00787	0.00231	0.00401	0.04248	0.00682	0.00723
44	0.00908	0.00802	0.03459	0.00928	0.01116	0.00673	0.00729	0.01166	0.03773	0.01904	0.06560	0.30179	0.33406	0.01820	0.00838	0.00257	0.00430	0.09815	0.00627	0.00611
45	0.22016	0.01347	0.05636	0.01177	0.01693	0.01189	0.01023	0.04928	0.01771	0.45631	0.05312	0.02083	0.01612	0.00808	0.00626	0.00212	0.00588	0.00622	0.00700	0.01027
46	0.01019	0.00740	0.00931	0.00984	0.01109	0.00711	0.00716	0.05155	0.01544	0.02071	0.13818	0.39960	0.08341	0.07966	0.01065	0.00294	0.00459	0.10066	0.00632	0.02421
47	0.00983	0.00668	0.00756	0.00756	0.00774	0.00665	0.00436	0.01002	0.01032	0.01367	0.02428	0.04539	0.06555	0.69027	0.05804	0.00653	0.00686	0.01012	0.00426	0.00431
48	0.01630	0.31964	0.33505	0.01555	0.02299	0.02011	0.03582	0.05892	0.03118	0.02106	0.01242	0.01421	0.00973	0.00647	0.00564	0.00186	0.00838	0.00479	0.05046	0.00944
49	0.15657	0.11650	0.11631	0.01414	0.01906	0.14058	0.01300	0.11944	0.05485	0.04959	0.01610	0.02195	0.01372	0.00998	0.03192	0.00241	0.00837	0.08205	0.00465	0.00882
50	0.00978	0.00678	0.00825	0.00828	0.00869	0.00696	0.00525	0.01051	0.01082	0.01465	0.04863	0.06537	0.04981	0.53489	0.17647	0.00709	0.00873	0.00997	0.00432	0.00474
51	0.01527	0.18548	0.52736	0.01761	0.02635	0.04773	0.02146	0.02217	0.03898	0.02056	0.01219	0.01403	0.00913	0.00649	0.00607	0.00201	0.00946	0.00483	0.00307	0.00977
52	0.00976	0.00659	0.00748	0.00761	0.00771	0.00652	0.00435	0.00991	0.01038	0.01377	0.02441	0.10154	0.04922	0.67681	0.03188	0.00619	0.00632	0.01085	0.00439	0.00431
53	0.01499	0.05064	0.30719	0.05903	0.06878	0.05372	0.05535	0.08264	0.01610	0.02193	0.01845	0.10434	0.04665	0.03965	0.00849	0.00240	0.02909	0.00769	0.00399	0.00890
54	0.01505	0.01245	0.06869	0.01144	0.01549	0.01026	0.00959	0.04512	0.12869	0.11268	0.07286	0.18403	0.08905	0.01166	0.00705	0.00207	0.00521	0.00999	0.00604	0.18259
55	0.28705	0.16152	0.08216	0.01172	0.01618	0.04181	0.01057	0.05458	0.07124	0.04060	0.01569	0.08898	0.01418	0.03510	0.03999	0.00262	0.00703	0.00632	0.00447	0.00819
56	0.01462	0.01271	0.01531	0.01583	0.10667	0.04330	0.03532	0.02331	0.25922	0.04725	0.14440	0.05207	0.15667	0.01107	0.00732	0.00220	0.00554	0.00955	0.00615	0.03149
57	0.01061	0.00902	0.05200	0.01118	0.03681	0.00753	0.00821	0.03717	0.01478	0.04447	0.09333	0.44313	0.10999	0.05621	0.02969	0.00299	0.00510	0.01524	0.00605	0.00650
58	0.00977	0.00733	0.01100	0.01100	0.01222	0.00855	0.00855	0.01222	0.01100	0.01588	0.01833	0.02688	0.01710	0.05131	0.73245	0.01100	0.01833	0.00733	0.00367	0.00611
59	0.01985	0.01758	0.01757	0.01592	0.05659	0.14268	0.01184	0.26691	0.02101	0.02744	0.04085	0.06367	0.01609	0.07359	0.01148	0.00255	0.11947	0.00717	0.05895	0.00877
60	0.00847	0.00674	0.00762	0.00797	0.00971	0.00589	0.00584	0.01034	0.01555	0.01959	0.15299	0.22638	0.44115	0.01787	0.00828	0.00243	0.00364	0.03718	0.00652	0.00584
61	0.03638	0.01315	0.01476	0.01260	0.01665	0.01397	0.00998	0.11648	0.32291	0.19113	0.06022	0.05521	0.08557	0.01029	0.00709	0.00224	0.00545	0.00850	0.00719	0.01020
