[name]
unknown

[dist]
# distance from previous block
# <min> <max>
0	73

[block]
# block no. 0 follows, 29 sequences, length 179
# corresponding to MSA columns:
# 73-251
name=unknown_A
#
# <colnr> <probs for GDERKNQSTAVLIFYWHMCP>
#	G	D	E	R	K	N	Q	S	T	A	V	L	I	F	Y	W	H	M	C	P
0	0.06421	0.04748	0.04797	0.24877	0.04769	0.04559	0.01358	0.05450	0.01572	0.02114	0.02493	0.20262	0.06953	0.01242	0.00753	0.00246	0.00730	0.05405	0.00481	0.00769
1	0.07269	0.06369	0.02175	0.05902	0.05260	0.08272	0.08618	0.09350	0.10266	0.02507	0.09245	0.02297	0.04120	0.00952	0.01000	0.00235	0.14041	0.00729	0.00492	0.00900
2	0.01183	0.00900	0.01236	0.10476	0.03915	0.00968	0.00954	0.04405	0.04555	0.01931	0.05007	0.27883	0.07388	0.06214	0.05906	0.11440	0.03233	0.01235	0.00523	0.00647
3	0.02597	0.03274	0.02079	0.02013	0.07001	0.67170	0.01433	0.02797	0.01990	0.01784	0.01117	0.01318	0.00932	0.00727	0.00646	0.00185	0.01253	0.00471	0.00366	0.00847
4	0.01771	0.01530	0.01610	0.01449	0.01852	0.01771	0.01127	0.03784	0.69247	0.02979	0.02898	0.02657	0.02174	0.00966	0.00725	0.00242	0.00564	0.00805	0.00725	0.01127
5	0.01771	0.01530	0.01610	0.01449	0.01852	0.01771	0.01127	0.03784	0.69247	0.02979	0.02898	0.02657	0.02174	0.00966	0.00725	0.00242	0.00564	0.00805	0.00725	0.01127
6	0.02075	0.01532	0.01671	0.01442	0.01884	0.01711	0.01139	0.10421	0.52626	0.13037	0.02762	0.02524	0.02014	0.00942	0.00722	0.00236	0.00593	0.00775	0.00746	0.01148
7	0.01057	0.00724	0.00952	0.00928	0.01084	0.00667	0.00683	0.01350	0.01889	0.05052	0.54846	0.18737	0.06152	0.01587	0.00849	0.00237	0.00361	0.01412	0.00763	0.00673
8	0.02660	0.03394	0.02018	0.01834	0.02201	0.72116	0.01376	0.02843	0.02018	0.01743	0.01101	0.01284	0.00917	0.00734	0.00642	0.00183	0.01284	0.00459	0.00367	0.00825
9	0.01359	0.01528	0.06723	0.02078	0.02591	0.01317	0.36884	0.01826	0.01695	0.02296	0.15068	0.09958	0.11244	0.01068	0.00837	0.00241	0.00852	0.01100	0.00501	0.00831
10	0.01938	0.01009	0.01353	0.01296	0.05299	0.00932	0.00932	0.05957	0.01882	0.28614	0.15832	0.23434	0.05710	0.01386	0.00797	0.00240	0.00516	0.01211	0.00754	0.00906
11	0.00866	0.00626	0.00820	0.00976	0.01029	0.00580	0.00654	0.00993	0.01378	0.01824	0.04115	0.70597	0.08500	0.02206	0.00905	0.00286	0.00410	0.01994	0.00661	0.00580
12	0.80005	0.01377	0.01047	0.00936	0.01377	0.01597	0.00771	0.02093	0.01212	0.03195	0.00991	0.01157	0.00771	0.00661	0.00441	0.00220	0.00551	0.00386	0.00441	0.00771
13	0.00868	0.00620	0.00826	0.00991	0.01033	0.00578	0.00661	0.00991	0.01363	0.01818	0.03925	0.74510	0.04710	0.02231	0.00909	0.00289	0.00413	0.02024	0.00661	0.00578
14	0.01477	0.01266	0.01477	0.01055	0.01687	0.00949	0.00844	0.01793	0.01477	0.02320	0.01266	0.01477	0.01055	0.00527	0.00527	0.00105	0.00527	0.00422	0.00422	0.79328
15	0.80005	0.01377	0.01047	0.00936	0.01377	0.01597	0.00771	0.02093	0.01212	0.03195	0.00991	0.01157	0.00771	0.00661	0.00441	0.00220	0.00551	0.00386	0.00441	0.00771
16	0.01091	0.00779	0.01082	0.01246	0.01385	0.00771	0.01049	0.01377	0.01583	0.02067	0.03802	0.21533	0.04222	0.02021	0.00968	0.00320	0.00606	0.52801	0.00657	0.00640
17	0.01241	0.00900	0.00993	0.00939	0.01043	0.00951	0.00606	0.04569	0.13307	0.01858	0.04780	0.04194	0.02601	0.55817	0.02877	0.00572	0.00659	0.00986	0.00509	0.00599
18	0.02741	0.01940	0.02103	0.01612	0.02181	0.02127	0.01332	0.63615	0.03256	0.09162	0.01787	0.01760	0.01250	0.00857	0.00713	0.00214	0.00771	0.00646	0.00724	0.01211
19	0.01799	0.01624	0.01609	0.01451	0.01841	0.06663	0.01124	0.03607	0.61486	0.02886	0.05812	0.02681	0.02291	0.00972	0.00724	0.00237	0.00604	0.00803	0.00702	0.01085
20	0.01018	0.00698	0.00850	0.00864	0.00891	0.00719	0.00537	0.01077	0.01083	0.01468	0.02317	0.09978	0.02608	0.55917	0.16348	0.00744	0.00898	0.01064	0.00441	0.00482
21	0.02136	0.12878	0.02076	0.01496	0.01938	0.17719	0.01208	0.17803	0.23171	0.02842	0.07892	0.02145	0.01888	0.00879	0.00674	0.00207	0.00785	0.00670	0.00585	0.01007
22	0.10131	0.14531	0.02146	0.08210	0.11254	0.01597	0.01280	0.06874	0.01777	0.27051	0.01970	0.06948	0.01523	0.00855	0.00654	0.00213	0.00690	0.00691	0.00585	0.01020
23	0.11758	0.01362	0.01742	0.05458	0.04177	0.01385	0.05750	0.09744	0.04711	0.05749	0.03956	0.02067	0.01462	0.06076	0.05656	0.00290	0.05179	0.00629	0.00485	0.22365
24	0.01673	0.14391	0.13892	0.02496	0.03205	0.01970	0.43375	0.02220	0.01581	0.02143	0.01312	0.01709	0.01018	0.00650	0.00839	0.00227	0.05297	0.00705	0.00339	0.00956
25	0.01021	0.00771	0.00952	0.01057	0.01156	0.00777	0.00727	0.01447	0.12388	0.01989	0.03689	0.59985	0.04211	0.04984	0.00989	0.00298	0.00449	0.01786	0.00662	0.00662
26	0.01158	0.01002	0.01567	0.26733	0.11808	0.01091	0.01327	0.01453	0.01431	0.01890	0.02807	0.32540	0.07261	0.01545	0.02906	0.00282	0.00700	0.01276	0.00490	0.00731
27	0.04289	0.01894	0.02267	0.23146	0.15362	0.19548	0.08910	0.02124	0.01681	0.02054	0.05650	0.02241	0.06183	0.00809	0.00715	0.00218	0.00954	0.00702	0.00396	0.00859
28	0.00913	0.00656	0.00873	0.01015	0.01088	0.00616	0.00719	0.01081	0.01458	0.01944	0.09379	0.58671	0.06727	0.02123	0.00911	0.00287	0.00435	0.09836	0.00670	0.00596
29	0.01384	0.01342	0.02377	0.65068	0.04766	0.01608	0.09672	0.01873	0.01454	0.01873	0.01286	0.01901	0.00965	0.00699	0.00727	0.00238	0.00979	0.00657	0.00322	0.00811
30	0.08680	0.00921	0.00999	0.05949	0.01397	0.00907	0.00753	0.05200	0.03972	0.02347	0.14293	0.07740	0.41288	0.01501	0.00785	0.00236	0.00450	0.01250	0.00638	0.00693
31	0.00946	0.00726	0.00856	0.00897	0.01058	0.00660	0.00649	0.03176	0.01647	0.02130	0.16621	0.32082	0.30638	0.01879	0.00866	0.00257	0.00397	0.03205	0.00684	0.00625
32	0.03029	0.01296	0.01683	0.01310	0.01848	0.01195	0.01076	0.08043	0.08338	0.60067	0.02740	0.02395	0.01762	0.00887	0.00717	0.00222	0.00614	0.00719	0.00855	0.01204
33	0.00851	0.00713	0.00741	0.00753	0.00973	0.00602	0.00558	0.01034	0.01618	0.01956	0.09767	0.12768	0.61576	0.01825	0.00847	0.00244	0.00364	0.01539	0.00667	0.00602
34	0.01841	0.01338	0.01488	0.01292	0.01670	0.01454	0.01015	0.11422	0.35602	0.10195	0.16282	0.03181	0.05174	0.01064	0.00741	0.00229	0.00536	0.00889	0.03563	0.01022
35	0.02921	0.01514	0.01823	0.01412	0.01960	0.01512	0.01162	0.26598	0.07227	0.42480	0.02423	0.02185	0.01594	0.00878	0.00715	0.00219	0.00666	0.00696	0.00810	0.01206
36	0.02774	0.01887	0.02070	0.01587	0.02154	0.02048	0.01311	0.59233	0.03167	0.13669	0.01861	0.01808	0.01287	0.00858	0.00713	0.00215	0.00759	0.00651	0.00736	0.01211
37	0.10604	0.01388	0.01570	0.01259	0.01704	0.01433	0.01018	0.26217	0.02356	0.22836	0.13007	0.02599	0.02292	0.03952	0.00814	0.00235	0.00612	0.00757	0.04327	0.01021
38	0.01858	0.01059	0.01321	0.01181	0.01485	0.01035	0.00912	0.12179	0.05124	0.21291	0.14783	0.26120	0.03584	0.01450	0.00808	0.00247	0.00524	0.03394	0.00753	0.00892
39	0.02707	0.01995	0.02137	0.01638	0.02208	0.02208	0.01353	0.68159	0.03348	0.04488	0.01710	0.01710	0.01211	0.00855	0.00712	0.00214	0.00784	0.00641	0.00712	0.01211
40	0.00874	0.00705	0.00784	0.00838	0.01023	0.00614	0.00623	0.01053	0.01561	0.01915	0.06110	0.23572	0.48467	0.01922	0.00870	0.00260	0.00399	0.07147	0.00661	0.00600
41	0.01043	0.00743	0.00870	0.00869	0.01020	0.00690	0.00609	0.01278	0.03985	0.04469	0.19623	0.18359	0.23927	0.17607	0.01448	0.00343	0.00452	0.01397	0.00649	0.00617
42	0.04800	0.01091	0.01422	0.01157	0.01569	0.00988	0.00916	0.04880	0.01909	0.46873	0.10949	0.07998	0.02607	0.08278	0.01021	0.00271	0.00572	0.00897	0.00791	0.01012
43	0.63323	0.01243	0.00997	0.00898	0.01293	0.01411	0.00731	0.02060	0.01289	0.05297	0.01291	0.01468	0.00993	0.00699	0.00460	0.00211	0.00513	0.00446	0.14611	0.00766
44	0.01158	0.00809	0.00930	0.00920	0.01082	0.00799	0.00651	0.01575	0.10310	0.04159	0.15506	0.18211	0.13961	0.16565	0.01368	0.00331	0.00464	0.01265	0.09269	0.00667
45	0.01069	0.00737	0.00861	0.00844	0.01026	0.00658	0.00606	0.01260	0.01627	0.06603	0.21250	0.14828	0.31614	0.12336	0.01246	0.00307	0.00426	0.01399	0.00672	0.00631
46	0.55818	0.01516	0.01354	0.01130	0.01610	0.01707	0.00932	0.18251	0.01789	0.08274	0.01294	0.01380	0.00948	0.00724	0.00526	0.00219	0.00611	0.00471	0.00538	0.00909
47	0.00933	0.00721	0.00862	0.00917	0.01091	0.00650	0.00703	0.01156	0.01640	0.02099	0.16492	0.20396	0.33808	0.01862	0.00882	0.00264	0.00423	0.13802	0.00681	0.00619
48	0.01135	0.00961	0.03359	0.01134	0.01224	0.01012	0.03027	0.01269	0.01107	0.01554	0.01921	0.03562	0.02050	0.41964	0.21205	0.00728	0.10936	0.00886	0.00396	0.00569
49	0.01027	0.00688	0.00850	0.00904	0.00973	0.00692	0.00616	0.01166	0.01255	0.01765	0.02920	0.22611	0.05457	0.29126	0.12177	0.00545	0.00735	0.05385	0.10558	0.00550
50	0.00905	0.00665	0.00843	0.00951	0.01046	0.00614	0.00668	0.01069	0.01477	0.01941	0.10864	0.48261	0.15870	0.05257	0.01016	0.00295	0.00427	0.06577	0.00663	0.00591
51	0.03878	0.01174	0.01374	0.01239	0.01540	0.01255	0.00969	0.09549	0.18583	0.11658	0.08969	0.12606	0.07225	0.04905	0.04202	0.00310	0.03587	0.05408	0.00678	0.00892
52	0.09091	0.02010	0.01676	0.01694	0.09270	0.25995	0.01163	0.13082	0.01936	0.02522	0.01672	0.06772	0.01475	0.05147	0.00810	0.00229	0.00841	0.00674	0.13089	0.00852
53	0.01077	0.00776	0.00905	0.00906	0.01142	0.00697	0.00718	0.01303	0.01631	0.06658	0.08424	0.06374	0.45533	0.02043	0.06648	0.00328	0.00555	0.12966	0.00657	0.00658
54	0.01889	0.72161	0.03663	0.01247	0.01829	0.02790	0.01233	0.02114	0.01431	0.01677	0.00988	0.01160	0.00915	0.00637	0.00539	0.00159	0.03963	0.00391	0.00305	0.00908
55	0.01547	0.01437	0.02343	0.47168	0.22450	0.01675	0.01979	0.05751	0.01574	0.02107	0.01296	0.01835	0.01012	0.00723	0.00783	0.00232	0.04198	0.00633	0.00349	0.00906
56	0.01405	0.01298	0.02136	0.70119	0.04786	0.01610	0.01950	0.04732	0.01508	0.01936	0.01285	0.01890	0.00961	0.00718	0.00712	0.00236	0.00942	0.00633	0.00334	0.00809
57	0.01437	0.01360	0.02303	0.57968	0.19475	0.01606	0.02024	0.01901	0.01468	0.01932	0.01282	0.01868	0.00989	0.00695	0.00710	0.00232	0.00926	0.00633	0.00324	0.00866
58	0.01604	0.01534	0.02589	0.28779	0.44016	0.01675	0.02083	0.02033	0.01527	0.02118	0.01295	0.01801	0.01055	0.00690	0.00782	0.00225	0.04230	0.00633	0.00338	0.00992
59	0.01020	0.00744	0.00948	0.00937	0.01089	0.00705	0.00695	0.01353	0.04029	0.02538	0.47720	0.13871	0.08777	0.06749	0.01050	0.00273	0.00400	0.05720	0.00728	0.00654
60	0.01036	0.00690	0.00777	0.00777	0.00777	0.00690	0.00431	0.01036	0.01036	0.01381	0.02244	0.04660	0.02589	0.74975	0.03624	0.00690	0.00690	0.01036	0.00431	0.00431
61	0.01345	0.01266	0.02136	0.73264	0.04904	0.01582	0.01978	0.01819	0.01424	0.01819	0.01266	0.01898	0.00949	0.00712	0.00712	0.00237	0.00949	0.00633	0.00316	0.00791
62	0.01558	0.01558	0.02181	0.01869	0.01869	0.02181	0.01558	0.01714	0.01091	0.01714	0.00935	0.01558	0.00935	0.01246	0.02337	0.00312	0.73672	0.00623	0.00312	0.00779
63	0.01739	0.37538	0.13241	0.01574	0.02081	0.02342	0.03727	0.05079	0.01451	0.01921	0.01108	0.01423	0.00975	0.00994	0.04122	0.00251	0.18695	0.00506	0.00330	0.00905
64	0.00921	0.00658	0.00887	0.01052	0.01117	0.00624	0.00753	0.01083	0.01416	0.01877	0.03895	0.61885	0.04593	0.02181	0.00923	0.00297	0.00459	0.14125	0.00660	0.00593
65	0.00866	0.00710	0.00764	0.00777	0.00984	0.00607	0.00573	0.01060	0.01642	0.02031	0.14963	0.14983	0.53947	0.01811	0.00850	0.00244	0.00364	0.01539	0.00677	0.00607
66	0.01208	0.00756	0.00958	0.01003	0.01104	0.00730	0.00702	0.02927	0.01397	0.07710	0.03183	0.33481	0.03566	0.26727	0.01819	0.00423	0.00567	0.10526	0.00602	0.00609
67	0.01017	0.00694	0.00835	0.00850	0.00872	0.00709	0.00519	0.01066	0.01082	0.01461	0.02350	0.10841	0.02667	0.58131	0.13338	0.00719	0.00842	0.01087	0.00445	0.00475
68	0.00868	0.00620	0.00826	0.00991	0.01033	0.00578	0.00661	0.00991	0.01363	0.01818	0.03925	0.74510	0.04710	0.02231	0.00909	0.00289	0.00413	0.02024	0.00661	0.00578
69	0.00859	0.00705	0.00749	0.00772	0.00971	0.00604	0.00561	0.01032	0.01582	0.01931	0.09316	0.16962	0.55310	0.04253	0.00943	0.00262	0.00378	0.01557	0.00659	0.00595
70	0.01201	0.00868	0.00986	0.00900	0.01147	0.00807	0.00683	0.07730	0.01914	0.05676	0.28501	0.05480	0.33974	0.05778	0.00984	0.00257	0.00423	0.01280	0.00707	0.00704
71	0.01264	0.00673	0.00705	0.00705	0.00841	0.00679	0.00505	0.01536	0.01400	0.02394	0.02290	0.02999	0.01952	0.13535	0.04319	0.00299	0.00465	0.00731	0.62086	0.00623
72	0.07001	0.70572	0.03556	0.01200	0.01798	0.02738	0.01189	0.02130	0.01432	0.01774	0.00990	0.01143	0.00904	0.00613	0.00456	0.00157	0.00748	0.00381	0.00313	0.00904
73	0.01017	0.00711	0.00850	0.00907	0.00947	0.00708	0.00576	0.01168	0.04341	0.01641	0.02926	0.28897	0.03373	0.43008	0.02429	0.00514	0.00587	0.04341	0.00535	0.00525
74	0.00903	0.00671	0.00828	0.00915	0.01022	0.00614	0.00640	0.01067	0.01494	0.01953	0.12615	0.42027	0.20401	0.07133	0.01079	0.00300	0.00422	0.04670	0.00660	0.00588
75	0.01762	0.01692	0.02890	0.04371	0.70533	0.01692	0.02185	0.02185	0.01621	0.02326	0.01339	0.01762	0.01128	0.00634	0.00705	0.00211	0.00846	0.00634	0.00352	0.01128
76	0.06726	0.01219	0.01625	0.01252	0.01797	0.01072	0.01034	0.03407	0.02000	0.67908	0.02726	0.02365	0.01717	0.00871	0.00703	0.00220	0.00603	0.00701	0.00861	0.01192
77	0.00897	0.00664	0.00812	0.00910	0.01003	0.00610	0.00624	0.01035	0.01418	0.01835	0.06551	0.44731	0.20423	0.10941	0.01224	0.00326	0.00442	0.04346	0.00637	0.00572
78	0.00945	0.00725	0.00865	0.00830	0.01025	0.00645	0.00622	0.01222	0.01867	0.02503	0.46361	0.05899	0.30735	0.01587	0.00840	0.00230	0.00345	0.01369	0.00737	0.00645
79	0.00883	0.00626	0.00822	0.00972	0.01009	0.00589	0.00640	0.00996	0.01333	0.01777	0.03769	0.68059	0.04514	0.08950	0.01160	0.00326	0.00439	0.01933	0.00640	0.00565
80	0.01073	0.00732	0.00980	0.01096	0.01226	0.00695	0.00849	0.01297	0.01555	0.04826	0.08540	0.37541	0.09103	0.01996	0.00919	0.00293	0.00502	0.25460	0.00676	0.00641
81	0.00867	0.00718	0.00759	0.00759	0.00980	0.00610	0.00565	0.01067	0.01668	0.02053	0.16130	0.09690	0.58134	0.01773	0.00844	0.00240	0.00359	0.01495	0.00679	0.00610
82	0.01019	0.00758	0.01119	0.01119	0.01237	0.00876	0.00858	0.01255	0.01137	0.01634	0.01931	0.02928	0.01837	0.10232	0.67340	0.01112	0.01822	0.00782	0.00385	0.00621
83	0.01477	0.01266	0.01477	0.01055	0.01687	0.00949	0.00844	0.01793	0.01477	0.02320	0.01266	0.01477	0.01055	0.00527	0.00527	0.00105	0.00527	0.00422	0.00422	0.79328
84	0.01200	0.00776	0.00994	0.00976	0.01180	0.00708	0.00757	0.01474	0.01809	0.09244	0.33632	0.14120	0.17233	0.01635	0.00858	0.00251	0.00426	0.11292	0.00736	0.00699
85	0.01572	0.00897	0.01107	0.00987	0.01281	0.00816	0.00763	0.01946	0.06205	0.20221	0.27890	0.08805	0.21838	0.01412	0.00805	0.00232	0.00432	0.01208	0.00766	0.00817
86	0.01094	0.00825	0.00875	0.00843	0.01108	0.00739	0.00638	0.01447	0.07883	0.06869	0.06315	0.10067	0.55356	0.01686	0.00826	0.00242	0.00400	0.01413	0.00683	0.00691
87	0.00872	0.00635	0.00812	0.00950	0.01013	0.00586	0.00636	0.00997	0.01378	0.01810	0.04229	0.63407	0.12227	0.05556	0.01027	0.00302	0.00420	0.01918	0.00650	0.00574
88	0.01306	0.00903	0.01006	0.05141	0.01365	0.02842	0.00739	0.01542	0.01727	0.12200	0.13509	0.05423	0.44124	0.01498	0.00798	0.00231	0.00455	0.01252	0.03218	0.00719
89	0.01771	0.13788	0.06739	0.25596	0.03036	0.17887	0.03833	0.02081	0.01507	0.01775	0.01148	0.01586	0.00953	0.00862	0.00978	0.04792	0.09981	0.00551	0.00325	0.00811
90	0.05034	0.11747	0.06931	0.01922	0.08423	0.38789	0.01472	0.05427	0.01826	0.02005	0.01382	0.01586	0.03764	0.00788	0.00750	0.00199	0.06162	0.00529	0.00380	0.00883
91	0.04293	0.09848	0.06341	0.10754	0.09701	0.05959	0.03740	0.16693	0.06619	0.02580	0.01476	0.01788	0.01182	0.01235	0.07768	0.00311	0.07686	0.00614	0.00448	0.00963
92	0.01104	0.00798	0.01024	0.00956	0.01133	0.00775	0.00728	0.01393	0.01867	0.05369	0.50583	0.08297	0.15272	0.01504	0.00940	0.00235	0.05322	0.01284	0.00732	0.00687
93	0.01017	0.00763	0.01144	0.01144	0.01272	0.00890	0.00890	0.01272	0.01144	0.01653	0.01907	0.02797	0.01780	0.05340	0.72153	0.01144	0.01907	0.00763	0.00381	0.00636
94	0.25189	0.01289	0.01416	0.01160	0.01609	0.01316	0.00935	0.09282	0.05749	0.31267	0.06867	0.02345	0.01844	0.05695	0.00834	0.00252	0.00592	0.00678	0.00690	0.00989
95	0.01748	0.04069	0.01835	0.05888	0.09949	0.13722	0.03138	0.09206	0.14160	0.02428	0.07309	0.02933	0.11173	0.03668	0.05396	0.00293	0.00838	0.00819	0.00534	0.00895
96	0.01563	0.01317	0.01523	0.01096	0.01724	0.01038	0.00880	0.06455	0.01608	0.02473	0.01297	0.01493	0.01066	0.00550	0.00540	0.00113	0.00545	0.00437	0.00442	0.73841
97	0.10970	0.01399	0.06540	0.07103	0.05202	0.01223	0.03386	0.04829	0.01782	0.28571	0.09419	0.04531	0.02032	0.01042	0.03205	0.00249	0.00700	0.00739	0.00632	0.06446
98	0.01035	0.00697	0.00810	0.00832	0.00848	0.00694	0.00503	0.01069	0.01103	0.01467	0.02465	0.08974	0.02834	0.64841	0.03253	0.00638	0.00671	0.06345	0.00463	0.00458
99	0.01001	0.00723	0.00947	0.00957	0.01039	0.00770	0.00669	0.01143	0.01153	0.01578	0.02587	0.08004	0.07824	0.32168	0.35382	0.00844	0.01218	0.01003	0.00440	0.00550
100	0.07084	0.03194	0.01969	0.01784	0.02139	0.64877	0.01349	0.02749	0.01929	0.01825	0.01087	0.01289	0.00910	0.00753	0.00707	0.00191	0.04513	0.00462	0.00369	0.00820
101	0.01658	0.01332	0.01430	0.01288	0.01659	0.01474	0.01001	0.03174	0.50388	0.06740	0.07899	0.03475	0.13159	0.01124	0.00750	0.00239	0.00519	0.00941	0.00727	0.01020
102	0.00901	0.00645	0.00860	0.00998	0.01062	0.00604	0.00690	0.01063	0.01460	0.01964	0.12091	0.62125	0.04922	0.02120	0.00905	0.00283	0.00418	0.05619	0.00676	0.00594
103	0.80005	0.01377	0.01047	0.00936	0.01377	0.01597	0.00771	0.02093	0.01212	0.03195	0.00991	0.01157	0.00771	0.00661	0.00441	0.00220	0.00551	0.00386	0.00441	0.00771
104	0.01237	0.00618	0.00928	0.00928	0.00928	0.00618	0.00618	0.00928	0.00928	0.01237	0.01237	0.02165	0.01237	0.02474	0.02783	0.79283	0.00618	0.00618	0.00309	0.00309
105	0.00996	0.00677	0.00802	0.00849	0.00865	0.00666	0.00514	0.01039	0.01139	0.01517	0.02723	0.22559	0.03179	0.54019	0.02845	0.00576	0.00619	0.03443	0.00497	0.00476
106	0.01771	0.01530	0.01610	0.01449	0.01852	0.01771	0.01127	0.03784	0.69247	0.02979	0.02898	0.02657	0.02174	0.00966	0.00725	0.00242	0.00564	0.00805	0.00725	0.01127
107	0.02954	0.01269	0.01839	0.01408	0.01950	0.01125	0.06471	0.05363	0.02022	0.60249	0.02711	0.05525	0.01819	0.00917	0.00735	0.00225	0.00651	0.00781	0.00824	0.01164
108	0.01041	0.00719	0.00960	0.00960	0.01019	0.00779	0.00660	0.01139	0.01079	0.01498	0.02015	0.03612	0.02115	0.37245	0.35684	0.06424	0.01256	0.00878	0.00399	0.00519
109	0.02692	0.01305	0.01597	0.01274	0.01759	0.01273	0.01036	0.12669	0.11877	0.43258	0.02604	0.02382	0.01750	0.00883	0.00690	0.00216	0.00592	0.00712	0.10298	0.01133
110	0.01013	0.00835	0.00904	0.00867	0.01111	0.00781	0.00656	0.01487	0.11089	0.02309	0.22778	0.05878	0.44506	0.01598	0.00825	0.00236	0.00382	0.01351	0.00701	0.00692
111	0.01428	0.03683	0.71286	0.02030	0.03082	0.01654	0.02631	0.02255	0.01503	0.02255	0.01278	0.01503	0.00902	0.00677	0.00677	0.00226	0.01052	0.00526	0.00301	0.01052
112	0.80005	0.01377	0.01047	0.00936	0.01377	0.01597	0.00771	0.02093	0.01212	0.03195	0.00991	0.01157	0.00771	0.00661	0.00441	0.00220	0.00551	0.00386	0.00441	0.00771
113	0.03022	0.01304	0.01691	0.01304	0.01840	0.01199	0.01074	0.12845	0.02229	0.58119	0.05773	0.02453	0.01912	0.00904	0.00721	0.00220	0.00619	0.00732	0.00852	0.01187
114	0.01904	0.75404	0.03731	0.01218	0.01828	0.02818	0.01218	0.02132	0.01447	0.01675	0.00990	0.01142	0.00914	0.00609	0.00457	0.00152	0.00761	0.00381	0.00305	0.00914
115	0.00930	0.00696	0.00811	0.00875	0.00993	0.00641	0.00614	0.01067	0.01408	0.01784	0.04697	0.25313	0.28079	0.19900	0.01559	0.00374	0.00489	0.08607	0.00604	0.00559
116	0.02985	0.01167	0.01577	0.01225	0.01743	0.01009	0.01006	0.03259	0.02018	0.64687	0.06109	0.02762	0.05168	0.00951	0.00728	0.00221	0.00582	0.00779	0.00867	0.01159
117	0.00842	0.00721	0.00721	0.00721	0.00962	0.00601	0.00541	0.01022	0.01623	0.01924	0.07213	0.06853	0.70244	0.01803	0.00842	0.00240	0.00361	0.01503	0.00661	0.00601
118	0.12261	0.00952	0.01093	0.01041	0.01280	0.00961	0.00805	0.01848	0.06282	0.11902	0.11161	0.04681	0.07608	0.19424	0.01475	0.00362	0.00577	0.14939	0.00624	0.00726
119	0.00928	0.00712	0.00770	0.00762	0.00914	0.00640	0.00522	0.01069	0.01480	0.01866	0.13812	0.05926	0.39536	0.25972	0.01762	0.00387	0.00467	0.01320	0.00601	0.00554
120	0.01034	0.00693	0.00789	0.00785	0.00796	0.00689	0.00448	0.01056	0.01102	0.01481	0.06844	0.04704	0.02869	0.69995	0.03436	0.00659	0.00666	0.01053	0.00455	0.00448
121	0.03142	0.04230	0.01737	0.01265	0.01818	0.01119	0.01054	0.03416	0.02014	0.68206	0.02735	0.02372	0.01728	0.00870	0.00706	0.00218	0.00612	0.00702	0.00858	0.01200
122	0.00878	0.00715	0.00776	0.00777	0.00988	0.00614	0.00577	0.01086	0.01685	0.02108	0.19920	0.11404	0.52468	0.01763	0.00846	0.00241	0.00359	0.01496	0.00686	0.00614
123	0.01558	0.01558	0.02181	0.01869	0.01869	0.02181	0.01558	0.01714	0.01091	0.01714	0.00935	0.01558	0.00935	0.01246	0.02337	0.00312	0.73672	0.00623	0.00312	0.00779
124	0.01036	0.00690	0.00777	0.00777	0.00777	0.00690	0.00431	0.01036	0.01036	0.01381	0.02244	0.04660	0.02589	0.74975	0.03624	0.00690	0.00690	0.01036	0.00431	0.00431
125	0.13440	0.01234	0.01572	0.01223	0.01759	0.01120	0.01010	0.03287	0.01928	0.61979	0.02567	0.02255	0.01630	0.00852	0.00679	0.00220	0.00599	0.00672	0.00823	0.01153
126	0.00876	0.00645	0.00821	0.00941	0.01025	0.00590	0.00643	0.01028	0.01462	0.01926	0.10322	0.57873	0.15046	0.02096	0.00892	0.00276	0.00398	0.01878	0.00672	0.00590
127	0.00868	0.00620	0.00826	0.00991	0.01033	0.00578	0.00661	0.00991	0.01363	0.01818	0.03925	0.74510	0.04710	0.02231	0.00909	0.00289	0.00413	0.02024	0.00661	0.00578
128	0.00842	0.00721	0.00721	0.00721	0.00962	0.00601	0.00541	0.01022	0.01623	0.01924	0.07213	0.06853	0.70244	0.01803	0.00842	0.00240	0.00361	0.01503	0.00661	0.00601
129	0.01036	0.00690	0.00777	0.00777	0.00777	0.00690	0.00431	0.01036	0.01036	0.01381	0.02244	0.04660	0.02589	0.74975	0.03624	0.00690	0.00690	0.01036	0.00431	0.00431
130	0.01578	0.01468	0.02412	0.18268	0.43935	0.01544	0.01903	0.02082	0.05387	0.02267	0.05925	0.04633	0.01717	0.00817	0.00732	0.00226	0.00799	0.02899	0.00413	0.00995
131	0.01477	0.01266	0.01477	0.01055	0.01687	0.00949	0.00844	0.01793	0.01477	0.02320	0.01266	0.01477	0.01055	0.00527	0.00527	0.00105	0.00527	0.00422	0.00422	0.79328
132	0.02618	0.02637	0.02043	0.01720	0.02180	0.35909	0.01348	0.32122	0.07335	0.03057	0.01499	0.01571	0.01137	0.00804	0.00679	0.00201	0.01010	0.00565	0.00547	0.01019
133	0.01213	0.00670	0.00998	0.03508	0.01107	0.00695	0.00699	0.00989	0.00994	0.01330	0.01500	0.09444	0.01568	0.02350	0.02507	0.66147	0.02807	0.00761	0.00345	0.00367
134	0.01800	0.01684	0.02786	0.08846	0.61288	0.01721	0.02113	0.06795	0.01729	0.02444	0.01360	0.01768	0.01122	0.00655	0.00706	0.00213	0.00849	0.00635	0.00375	0.01111
135	0.01242	0.00647	0.00981	0.04104	0.01102	0.00661	0.00678	0.00967	0.00949	0.01262	0.01238	0.02153	0.01224	0.02396	0.02692	0.75812	0.00633	0.00619	0.00310	0.00330
136	0.01389	0.01300	0.02188	0.42991	0.14992	0.01446	0.06103	0.01819	0.01507	0.02026	0.05473	0.07470	0.01609	0.00836	0.00729	0.00228	0.00846	0.00775	0.00385	0.05888
137	0.02544	0.03205	0.02028	0.08153	0.02440	0.65877	0.01429	0.02753	0.01965	0.01749	0.01115	0.01338	0.00920	0.00732	0.00648	0.00188	0.01254	0.00474	0.00362	0.00822
138	0.01821	0.01917	0.06322	0.18844	0.27903	0.12211	0.01831	0.04325	0.01661	0.04186	0.01314	0.01689	0.01049	0.00701	0.00751	0.00209	0.04106	0.00584	0.00375	0.08201
139	0.08729	0.01619	0.02137	0.23565	0.19336	0.05881	0.01666	0.08092	0.09939	0.04733	0.01516	0.01833	0.01173	0.00777	0.00798	0.00229	0.05944	0.00625	0.00442	0.00964
140	0.02061	0.01674	0.01773	0.01508	0.01962	0.01907	0.01197	0.23733	0.48826	0.03446	0.02530	0.02363	0.01875	0.00932	0.00721	0.00233	0.00632	0.00754	0.00721	0.01153
141	0.63652	0.01624	0.03679	0.03577	0.03970	0.06564	0.03693	0.02153	0.01318	0.02951	0.01047	0.01252	0.00816	0.00665	0.00496	0.00219	0.00668	0.00430	0.00421	0.00804
142	0.02581	0.03243	0.02095	0.02059	0.08246	0.65887	0.01447	0.02785	0.01983	0.01794	0.01122	0.01326	0.00936	0.00725	0.00648	0.00186	0.01245	0.00474	0.00366	0.00852
143	0.01010	0.00735	0.00977	0.01098	0.01232	0.00703	0.00872	0.01258	0.01595	0.02096	0.12059	0.28477	0.11784	0.01972	0.00928	0.00294	0.00510	0.31101	0.00673	0.00627
144	0.01428	0.03683	0.71286	0.02030	0.03082	0.01654	0.02631	0.02255	0.01503	0.02255	0.01278	0.01503	0.00902	0.00677	0.00677	0.00226	0.01052	0.00526	0.00301	0.01052
145	0.80005	0.01377	0.01047	0.00936	0.01377	0.01597	0.00771	0.02093	0.01212	0.03195	0.00991	0.01157	0.00771	0.00661	0.00441	0.00220	0.00551	0.00386	0.00441	0.00771
146	0.80005	0.01377	0.01047	0.00936	0.01377	0.01597	0.00771	0.02093	0.01212	0.03195	0.00991	0.01157	0.00771	0.00661	0.00441	0.00220	0.00551	0.00386	0.00441	0.00771
147	0.00898	0.00632	0.00817	0.00953	0.00986	0.00599	0.00619	0.00999	0.01304	0.01739	0.03620	0.61848	0.04325	0.15418	0.01401	0.00362	0.00463	0.01845	0.00619	0.00552
148	0.01020	0.00752	0.01090	0.01090	0.01198	0.00860	0.00822	0.01236	0.01128	0.01612	0.01957	0.03075	0.01901	0.15727	0.61932	0.01077	0.01726	0.00804	0.00389	0.00605
149	0.08666	0.01468	0.02352	0.19227	0.37998	0.01546	0.03972	0.02021	0.01512	0.02284	0.01365	0.01815	0.01111	0.00812	0.02985	0.00242	0.00846	0.00615	0.04760	0.04405
150	0.01206	0.00838	0.01198	0.01336	0.08748	0.00842	0.00877	0.01428	0.01514	0.04556	0.22756	0.05923	0.06436	0.04886	0.19650	0.09722	0.00858	0.00966	0.05586	0.00675
151	0.01388	0.01310	0.02214	0.66118	0.11712	0.01593	0.01999	0.01857	0.01444	0.01872	0.01273	0.01884	0.00968	0.00704	0.00711	0.00235	0.00939	0.00633	0.00320	0.00826
152	0.04151	0.01483	0.01819	0.14848	0.09107	0.07539	0.01343	0.09352	0.04045	0.10381	0.01699	0.02306	0.01429	0.11482	0.07873	0.00379	0.08725	0.00694	0.00474	0.00870
153	0.00989	0.00717	0.00927	0.00937	0.01030	0.00739	0.00656	0.01148	0.01276	0.01741	0.10338	0.11187	0.09985	0.27170	0.27247	0.00715	0.01024	0.01112	0.00499	0.00563
154	0.00906	0.00723	0.00823	0.00883	0.01075	0.00640	0.00680	0.01106	0.01582	0.01946	0.05978	0.18620	0.46107	0.01908	0.00881	0.00266	0.00427	0.14182	0.00660	0.00608
155	0.01133	0.00672	0.00967	0.00967	0.01023	0.00699	0.00682	0.01040	0.01050	0.01418	0.01948	0.02832	0.06896	0.06583	0.22735	0.46836	0.00974	0.00749	0.00363	0.00432
156	0.01552	0.01263	0.01484	0.01064	0.01693	0.00953	0.00853	0.01867	0.01501	0.05337	0.01333	0.01518	0.01086	0.00543	0.00536	0.00111	0.00531	0.00435	0.00442	0.75898
157	0.01120	0.00800	0.00934	0.00927	0.01134	0.00743	0.00687	0.01473	0.07218	0.06577	0.17221	0.20872	0.29952	0.03997	0.00930	0.00264	0.00419	0.03348	0.00696	0.00688
158	0.01927	0.01439	0.01580	0.01398	0.01797	0.01603	0.01090	0.08010	0.50137	0.11291	0.02899	0.09198	0.02290	0.01065	0.00740	0.00241	0.00570	0.00895	0.00737	0.01093
159	0.16488	0.01009	0.01138	0.01001	0.01285	0.00997	0.00744	0.04127	0.01554	0.22010	0.07277	0.09624	0.05197	0.22718	0.01546	0.00365	0.00580	0.00934	0.00626	0.00782
160	0.01022	0.00743	0.00943	0.01031	0.01143	0.00715	0.00738	0.05452	0.01599	0.02130	0.10730	0.52836	0.09077	0.02012	0.00890	0.00277	0.00445	0.06903	0.00676	0.00637
161	0.01062	0.00763	0.00924	0.00916	0.01082	0.00716	0.00661	0.01388	0.05682	0.04553	0.30703	0.20454	0.18480	0.08050	0.01087	0.00283	0.00411	0.01424	0.00701	0.00661
162	0.01477	0.01266	0.01477	0.01055	0.01687	0.00949	0.00844	0.01793	0.01477	0.02320	0.01266	0.01477	0.01055	0.00527	0.00527	0.00105	0.00527	0.00422	0.00422	0.79328
163	0.01932	0.01154	0.01428	0.01283	0.01623	0.01161	0.01045	0.13706	0.08307	0.19578	0.12064	0.11214	0.03259	0.01372	0.00820	0.00256	0.00590	0.17537	0.00745	0.00927
164	0.00900	0.00692	0.00823	0.00857	0.01014	0.00615	0.00617	0.01110	0.01662	0.02172	0.25208	0.27196	0.30909	0.01830	0.00862	0.00250	0.00369	0.01598	0.00698	0.00615
165	0.00953	0.00681	0.00925	0.01089	0.01168	0.00652	0.00810	0.01140	0.01448	0.01914	0.03877	0.54152	0.04522	0.02150	0.00932	0.00301	0.00487	0.21537	0.00659	0.00602
166	0.03195	0.01212	0.01652	0.01267	0.01818	0.01047	0.01047	0.03470	0.02038	0.71026	0.02809	0.02424	0.01763	0.00881	0.00716	0.00220	0.00606	0.00716	0.00881	0.01212
167	0.02678	0.01980	0.02121	0.01633	0.02197	0.02195	0.01346	0.66179	0.05375	0.04441	0.01746	0.01739	0.01241	0.00858	0.00713	0.00215	0.00777	0.00646	0.00713	0.01208
168	0.00866	0.00626	0.00820	0.00976	0.01029	0.00580	0.00654	0.00993	0.01378	0.01824	0.04115	0.70597	0.08500	0.02206	0.00905	0.00286	0.00410	0.01994	0.00661	0.00580
169	0.02811	0.01153	0.01546	0.01219	0.01707	0.01020	0.00994	0.03166	0.04768	0.58106	0.12843	0.02864	0.02517	0.00970	0.00735	0.00222	0.00564	0.00805	0.00860	0.01128
170	0.01036	0.00690	0.00777	0.00777	0.00777	0.00690	0.00431	0.01036	0.01036	0.01381	0.02244	0.04660	0.02589	0.74975	0.03624	0.00690	0.00690	0.01036	0.00431	0.00431
171	0.00881	0.00723	0.00775	0.00762	0.00986	0.00618	0.00572	0.01097	0.01715	0.02142	0.21990	0.06493	0.55331	0.01722	0.00841	0.00237	0.00355	0.01452	0.00690	0.00618
172	0.12325	0.24801	0.04655	0.01540	0.02012	0.39934	0.01292	0.02514	0.01726	0.01926	0.01059	0.01232	0.00897	0.00685	0.00562	0.00180	0.01025	0.00428	0.00355	0.00852
173	0.01029	0.00715	0.00900	0.00900	0.00942	0.00757	0.00585	0.01115	0.01072	0.01472	0.02131	0.04036	0.02318	0.51650	0.26579	0.00842	0.01098	0.00944	0.00415	0.00500
174	0.04824	0.15754	0.10348	0.01840	0.04518	0.36188	0.05459	0.04673	0.06228	0.02056	0.01262	0.01437	0.01018	0.00711	0.00628	0.00193	0.01059	0.00507	0.00384	0.00915
175	0.01445	0.09991	0.01882	0.01927	0.19359	0.01347	0.01198	0.06014	0.06146	0.02530	0.25086	0.11939	0.05922	0.01178	0.00752	0.00221	0.00573	0.01034	0.00587	0.00869
176	0.01030	0.00840	0.01132	0.04620	0.08867	0.00824	0.00862	0.01242	0.01451	0.01896	0.07969	0.16716	0.26078	0.10151	0.12670	0.00439	0.00735	0.01274	0.00548	0.00656
177	0.01944	0.19607	0.02180	0.01450	0.01820	0.28362	0.01183	0.02135	0.01609	0.01774	0.01611	0.01994	0.05651	0.01184	0.05000	0.03718	0.07806	0.02554	0.00379	0.08039
178	0.01481	0.14507	0.12567	0.04618	0.10325	0.01554	0.01410	0.02031	0.08407	0.02093	0.03539	0.02082	0.01489	0.04065	0.15506	0.00401	0.00993	0.00620	0.00404	0.11909

[dist]
# distance from previous block
# <min> <max>
0	3

[block]
# block no. 1 follows, 29 sequences, length 85
# corresponding to MSA columns:
# 255-339
name=unknown_B
#
# <colnr> <probs for GDERKNQSTAVLIFYWHMCP>
#	G	D	E	R	K	N	Q	S	T	A	V	L	I	F	Y	W	H	M	C	P
0	0.01972	0.10492	0.04346	0.03997	0.06830	0.14239	0.01296	0.11766	0.06910	0.06578	0.04079	0.07204	0.04015	0.00959	0.00764	0.00211	0.04371	0.02441	0.00515	0.07015
1	0.01873	0.09800	0.10777	0.04731	0.09407	0.06209	0.01437	0.15987	0.05308	0.06799	0.07906	0.09333	0.02045	0.01164	0.03851	0.00259	0.00812	0.00799	0.00536	0.00967
2	0.04483	0.10779	0.13864	0.04165	0.04761	0.26340	0.03293	0.08170	0.04784	0.02217	0.01334	0.01568	0.01070	0.01038	0.05699	0.00263	0.01072	0.00532	0.00398	0.04170
3	0.05819	0.13811	0.01727	0.01213	0.01580	0.06551	0.00979	0.04583	0.24661	0.02531	0.14150	0.06145	0.11235	0.01110	0.00700	0.00219	0.00584	0.00901	0.00612	0.00888
4	0.01961	0.02032	0.01865	0.11256	0.04697	0.24677	0.01364	0.02703	0.20109	0.04520	0.07724	0.02179	0.01810	0.00916	0.00884	0.00226	0.08980	0.00682	0.00505	0.00908
5	0.00958	0.00722	0.00885	0.00852	0.01035	0.00649	0.00636	0.01245	0.01887	0.02568	0.50863	0.08245	0.23690	0.01577	0.00843	0.00231	0.00345	0.01372	0.00746	0.00649
6	0.00945	0.00725	0.00864	0.00829	0.01025	0.00645	0.00622	0.01221	0.01866	0.02501	0.46188	0.05903	0.30909	0.01588	0.00841	0.00230	0.00345	0.01370	0.00737	0.00645
7	0.01092	0.00763	0.01131	0.01148	0.01285	0.00703	0.05675	0.01264	0.01446	0.06757	0.03806	0.61050	0.07110	0.01996	0.00887	0.00279	0.00483	0.01821	0.00654	0.00653
8	0.01904	0.57548	0.03407	0.01403	0.01961	0.09764	0.05936	0.02156	0.01501	0.01724	0.01097	0.01328	0.00987	0.00952	0.05517	0.00231	0.00927	0.00448	0.00320	0.00889
9	0.08136	0.03251	0.01949	0.01771	0.02143	0.67124	0.01333	0.02790	0.01961	0.01846	0.01093	0.01275	0.00907	0.00729	0.00628	0.00186	0.01232	0.00453	0.00372	0.00822
10	0.02497	0.12463	0.02400	0.01823	0.02260	0.53327	0.06010	0.07337	0.02015	0.01966	0.01153	0.01340	0.00949	0.00717	0.00637	0.00186	0.01176	0.00488	0.00383	0.00874
11	0.02280	0.17878	0.02403	0.06763	0.04658	0.40225	0.01408	0.05302	0.05476	0.01933	0.01211	0.01419	0.01007	0.00746	0.00701	0.00192	0.04639	0.00495	0.00381	0.00882
12	0.01036	0.00795	0.01092	0.01077	0.01177	0.00901	0.00804	0.01221	0.01173	0.01636	0.02486	0.06604	0.08361	0.18383	0.43888	0.00874	0.06538	0.00931	0.00425	0.00600
13	0.07918	0.16109	0.02309	0.01742	0.06682	0.16637	0.01351	0.08301	0.01653	0.05164	0.01236	0.01545	0.01050	0.01168	0.06087	0.00286	0.18932	0.00541	0.00401	0.00887
14	0.01240	0.00793	0.00924	0.00873	0.00974	0.00787	0.00565	0.04179	0.01300	0.06504	0.04819	0.04466	0.08819	0.52522	0.07800	0.00612	0.00733	0.01028	0.00504	0.00558
15	0.01660	0.06599	0.06675	0.11933	0.12634	0.04029	0.01429	0.04232	0.04342	0.04486	0.04401	0.01810	0.01343	0.00705	0.00703	0.00181	0.03930	0.00568	0.00426	0.27914
16	0.01526	0.19932	0.01913	0.01187	0.01457	0.01600	0.00963	0.11259	0.01522	0.02017	0.01746	0.05572	0.01743	0.20651	0.18328	0.00548	0.06101	0.00759	0.00430	0.00747
17	0.01713	0.08153	0.11425	0.02535	0.16505	0.01718	0.22419	0.08332	0.01704	0.03899	0.01503	0.01963	0.01219	0.03758	0.09648	0.00349	0.01090	0.00696	0.00397	0.00973
18	0.05469	0.01258	0.01547	0.01168	0.01743	0.01061	0.00949	0.02680	0.05031	0.34256	0.02050	0.01960	0.01426	0.00718	0.00621	0.00170	0.00567	0.00576	0.00650	0.36100
19	0.01387	0.01308	0.02211	0.66367	0.11474	0.01593	0.01998	0.01856	0.01444	0.01870	0.01273	0.01885	0.00967	0.00704	0.00711	0.00235	0.00939	0.00633	0.00320	0.00825
20	0.01202	0.01249	0.07023	0.14805	0.07165	0.01106	0.09070	0.01587	0.01630	0.02198	0.17356	0.14654	0.11207	0.01294	0.00815	0.00246	0.00677	0.05412	0.00539	0.00765
21	0.80005	0.01377	0.01047	0.00936	0.01377	0.01597	0.00771	0.02093	0.01212	0.03195	0.00991	0.01157	0.00771	0.00661	0.00441	0.00220	0.00551	0.00386	0.00441	0.00771
22	0.80005	0.01377	0.01047	0.00936	0.01377	0.01597	0.00771	0.02093	0.01212	0.03195	0.00991	0.01157	0.00771	0.00661	0.00441	0.00220	0.00551	0.00386	0.00441	0.00771
23	0.01018	0.00759	0.01126	0.01126	0.01247	0.00880	0.00868	0.01260	0.01139	0.01640	0.01924	0.02889	0.01820	0.08767	0.68782	0.01122	0.01847	0.00776	0.00384	0.00626
24	0.01762	0.01692	0.02890	0.04371	0.70533	0.01692	0.02185	0.02185	0.01621	0.02326	0.01339	0.01762	0.01128	0.00634	0.00705	0.00211	0.00846	0.00634	0.00352	0.01128
25	0.01708	0.01258	0.01500	0.01083	0.01705	0.00962	0.00871	0.02019	0.01552	0.11571	0.01473	0.01604	0.01150	0.00575	0.00553	0.00121	0.00538	0.00461	0.00484	0.68810
26	0.01083	0.00676	0.00974	0.01042	0.01102	0.00689	0.00759	0.01091	0.01191	0.01603	0.02459	0.22548	0.02694	0.02875	0.15106	0.31673	0.00812	0.10662	0.00468	0.00494
27	0.15351	0.01894	0.01959	0.01524	0.02072	0.02108	0.01258	0.57352	0.02999	0.04276	0.01592	0.01619	0.01139	0.00823	0.00668	0.00215	0.00745	0.00599	0.00668	0.01139
28	0.02914	0.01237	0.01633	0.01289	0.01798	0.01123	0.01067	0.09242	0.02130	0.57152	0.05565	0.02874	0.02082	0.00980	0.00740	0.00227	0.00615	0.05336	0.00846	0.01150
29	0.01237	0.00618	0.00928	0.00928	0.00928	0.00618	0.00618	0.00928	0.00928	0.01237	0.01237	0.02165	0.01237	0.02474	0.02783	0.79283	0.00618	0.00618	0.00309	0.00309
30	0.01456	0.00788	0.00801	0.00754	0.00958	0.00808	0.00577	0.07852	0.01666	0.02825	0.02266	0.02567	0.01768	0.00832	0.00518	0.00170	0.00374	0.00662	0.71644	0.00715
31	0.01018	0.00760	0.01129	0.01129	0.01251	0.00882	0.00871	0.01262	0.01140	0.01642	0.01921	0.02873	0.01813	0.08161	0.69377	0.01126	0.01858	0.00774	0.00383	0.00627
32	0.00868	0.00620	0.00826	0.00991	0.01033	0.00578	0.00661	0.00991	0.01363	0.01818	0.03925	0.74510	0.04710	0.02231	0.00909	0.00289	0.00413	0.02024	0.00661	0.00578
33	0.01596	0.01299	0.01515	0.01091	0.01717	0.01014	0.00876	0.05087	0.01587	0.04819	0.01341	0.01521	0.01087	0.00556	0.00543	0.00115	0.00543	0.00443	0.00452	0.72799
34	0.01694	0.01259	0.01499	0.01082	0.01704	0.00962	0.00869	0.02006	0.01548	0.11028	0.01461	0.01597	0.01144	0.00572	0.00551	0.00120	0.00537	0.00459	0.00480	0.69428
35	0.01391	0.06430	0.01924	0.12435	0.18182	0.01407	0.01379	0.01885	0.08078	0.02088	0.08977	0.02590	0.02014	0.04633	0.21014	0.00498	0.03043	0.00752	0.00436	0.00843
36	0.01477	0.01266	0.01477	0.01055	0.01687	0.00949	0.00844	0.01793	0.01477	0.02320	0.01266	0.01477	0.01055	0.00527	0.00527	0.00105	0.00527	0.00422	0.00422	0.79328
37	0.00953	0.00702	0.00921	0.00968	0.01093	0.00687	0.00711	0.01147	0.01469	0.01970	0.15767	0.25699	0.16349	0.04314	0.17487	0.03228	0.00760	0.04569	0.00601	0.00604
38	0.01211	0.00636	0.00954	0.00954	0.00969	0.00651	0.00651	0.00969	0.00954	0.01287	0.01317	0.02240	0.01302	0.02818	0.11108	0.69906	0.00773	0.00636	0.00318	0.00348
39	0.01017	0.00763	0.01144	0.01144	0.01272	0.00890	0.00890	0.01272	0.01144	0.01653	0.01907	0.02797	0.01780	0.05340	0.72153	0.01144	0.01907	0.00763	0.00381	0.00636
40	0.01667	0.01595	0.02719	0.20038	0.55608	0.01667	0.02138	0.02102	0.01576	0.02211	0.01323	0.01793	0.01087	0.00652	0.00707	0.00217	0.00869	0.00634	0.00344	0.01051
41	0.00896	0.00674	0.00871	0.00959	0.01066	0.00649	0.00681	0.01066	0.01398	0.01841	0.06380	0.42867	0.18723	0.02736	0.15207	0.00448	0.00699	0.01631	0.00609	0.00598
42	0.01167	0.00758	0.00981	0.00908	0.01083	0.00701	0.00670	0.01458	0.01900	0.07528	0.57217	0.05034	0.05871	0.10237	0.01165	0.00280	0.00398	0.01217	0.00748	0.00681
43	0.00868	0.00620	0.00826	0.00991	0.01033	0.00578	0.00661	0.00991	0.01363	0.01818	0.03925	0.74510	0.04710	0.02231	0.00909	0.00289	0.00413	0.02024	0.00661	0.00578
44	0.02707	0.01995	0.02137	0.01638	0.02208	0.02208	0.01353	0.68159	0.03348	0.04488	0.01710	0.01710	0.01211	0.00855	0.00712	0.00214	0.00784	0.00641	0.00712	0.01211
45	0.01237	0.00618	0.00928	0.00928	0.00928	0.00618	0.00618	0.00928	0.00928	0.01237	0.01237	0.02165	0.01237	0.02474	0.02783	0.79283	0.00618	0.00618	0.00309	0.00309
46	0.69283	0.01338	0.01107	0.00970	0.01413	0.01509	0.00797	0.02213	0.01326	0.10321	0.03494	0.01429	0.01074	0.00711	0.00483	0.00220	0.00549	0.00451	0.00498	0.00814
47	0.01431	0.01218	0.01428	0.01050	0.01639	0.00922	0.00830	0.01734	0.01468	0.02283	0.01463	0.06895	0.01326	0.00654	0.00556	0.00119	0.00519	0.00541	0.00440	0.73486
48	0.04377	0.01287	0.02125	0.67700	0.07428	0.01587	0.01940	0.01845	0.01424	0.01893	0.01258	0.01864	0.00950	0.00707	0.00701	0.00236	0.00930	0.00623	0.00323	0.00804
49	0.01017	0.00763	0.01144	0.01144	0.01272	0.00890	0.00890	0.01272	0.01144	0.01653	0.01907	0.02797	0.01780	0.05340	0.72153	0.01144	0.01907	0.00763	0.00381	0.00636
50	0.00991	0.00698	0.00796	0.00795	0.00863	0.00667	0.00497	0.01079	0.01300	0.01719	0.13605	0.08207	0.14771	0.48077	0.02605	0.00525	0.00568	0.01197	0.00535	0.00504
51	0.00861	0.00669	0.00784	0.00868	0.01002	0.00592	0.00608	0.01017	0.01501	0.01900	0.07635	0.42081	0.33914	0.02014	0.00877	0.00265	0.00387	0.01767	0.00665	0.00592
52	0.00878	0.00717	0.00738	0.00736	0.00935	0.00618	0.00528	0.01035	0.01541	0.01867	0.08516	0.06447	0.57197	0.13606	0.01291	0.00313	0.00413	0.01420	0.00628	0.00576
53	0.01016	0.00720	0.00866	0.00874	0.01054	0.00639	0.00638	0.01233	0.01695	0.05583	0.25525	0.24202	0.29817	0.01765	0.00853	0.00247	0.00379	0.01537	0.00710	0.00647
54	0.01634	0.01207	0.01347	0.01195	0.01451	0.01296	0.00891	0.22344	0.10982	0.02757	0.07266	0.13074	0.02749	0.23824	0.01652	0.00379	0.00639	0.03875	0.00624	0.00814
55	0.00842	0.00721	0.00721	0.00721	0.00962	0.00601	0.00541	0.01022	0.01623	0.01924	0.07213	0.06853	0.70244	0.01803	0.00842	0.00240	0.00361	0.01503	0.00661	0.00601
56	0.01108	0.00720	0.00803	0.00810	0.00908	0.00705	0.00535	0.03345	0.01375	0.01969	0.06046	0.15182	0.10385	0.32755	0.01953	0.00421	0.00515	0.01152	0.18748	0.00563
57	0.18482	0.01211	0.01297	0.01145	0.01511	0.01288	0.00901	0.04669	0.21189	0.14001	0.16897	0.06519	0.05857	0.01086	0.00701	0.00231	0.00510	0.00888	0.00696	0.00921
58	0.00870	0.00700	0.00776	0.00805	0.00991	0.00606	0.00585	0.01059	0.01619	0.02027	0.15042	0.21628	0.47096	0.01851	0.00856	0.00249	0.00369	0.01589	0.00678	0.00606
59	0.01017	0.00763	0.01144	0.01144	0.01272	0.00890	0.00890	0.01272	0.01144	0.01653	0.01907	0.02797	0.01780	0.05340	0.72153	0.01144	0.01907	0.00763	0.00381	0.00636
60	0.01235	0.00772	0.00909	0.00871	0.01092	0.00681	0.00643	0.01439	0.01661	0.11775	0.16197	0.15896	0.32647	0.07075	0.01029	0.00273	0.00422	0.01372	0.03327	0.00685
61	0.02729	0.01892	0.02066	0.01591	0.02153	0.02065	0.01312	0.58846	0.05418	0.11791	0.01871	0.01820	0.01304	0.00861	0.00713	0.00215	0.00757	0.00655	0.00731	0.01208
