[name]
unknown

[dist]
# distance from previous block
# <min> <max>
0	29

[block]
# block no. 0 follows, 33 sequences, length 23
# corresponding to MSA columns:
# 29-51
name=unknown_A
#
# <colnr> <probs for GDERKNQSTAVLIFYWHMCP>
#	G	D	E	R	K	N	Q	S	T	A	V	L	I	F	Y	W	H	M	C	P
0	0.00851	0.00622	0.00809	0.00932	0.01019	0.00580	0.00676	0.01014	0.01365	0.01792	0.07496	0.52068	0.12842	0.01934	0.00841	0.00265	0.00411	0.13311	0.00616	0.00554
1	0.01502	0.01437	0.02028	0.53538	0.03831	0.07271	0.04503	0.08874	0.04194	0.01983	0.01253	0.01709	0.00947	0.00696	0.00713	0.00216	0.03579	0.00587	0.00349	0.00791
2	0.00806	0.00668	0.00705	0.00696	0.00906	0.00567	0.00522	0.00998	0.01566	0.01933	0.18465	0.06081	0.60597	0.01610	0.00778	0.00220	0.00329	0.01354	0.00632	0.00567
3	0.02954	0.01120	0.01528	0.01171	0.01681	0.00968	0.00968	0.03208	0.01884	0.73213	0.02597	0.02241	0.01630	0.00815	0.00662	0.00204	0.00560	0.00662	0.00815	0.01120
4	0.00886	0.00671	0.00816	0.00780	0.00955	0.00602	0.00585	0.01153	0.01755	0.02381	0.52678	0.05343	0.26105	0.01442	0.00777	0.00212	0.00317	0.01250	0.00691	0.00602
5	0.01520	0.02015	0.14112	0.02643	0.03354	0.01645	0.60379	0.02105	0.01530	0.02105	0.01310	0.01719	0.00975	0.00565	0.00755	0.00220	0.01090	0.00734	0.00325	0.00900
6	0.81514	0.01273	0.00968	0.00866	0.01273	0.01477	0.00713	0.01935	0.01120	0.02954	0.00917	0.01069	0.00713	0.00611	0.00407	0.00204	0.00509	0.00356	0.00407	0.00713
7	0.01227	0.00614	0.00614	0.00614	0.00767	0.00614	0.00460	0.01534	0.01381	0.02454	0.02148	0.02454	0.01687	0.00767	0.00460	0.00153	0.00307	0.00614	0.80518	0.00614
8	0.01880	0.00805	0.00959	0.00824	0.01112	0.00747	0.00652	0.02167	0.01571	0.29210	0.02318	0.02374	0.01666	0.00785	0.00537	0.00172	0.00403	0.00632	0.50381	0.00805
9	0.01440	0.01440	0.02016	0.01728	0.01728	0.02016	0.01440	0.01584	0.01008	0.01584	0.00864	0.01440	0.00864	0.01152	0.02160	0.00288	0.75659	0.00576	0.00288	0.00720
10	0.81514	0.01273	0.00968	0.00866	0.01273	0.01477	0.00713	0.01935	0.01120	0.02954	0.00917	0.01069	0.00713	0.00611	0.00407	0.00204	0.00509	0.00356	0.00407	0.00713
11	0.01385	0.05306	0.50276	0.02057	0.02904	0.01568	0.19884	0.02058	0.01436	0.02069	0.01304	0.01721	0.00995	0.00653	0.00669	0.00214	0.00985	0.03278	0.00305	0.00932
12	0.00817	0.00584	0.00782	0.00934	0.00979	0.00548	0.00638	0.00943	0.01276	0.01698	0.03620	0.72330	0.04321	0.02048	0.00844	0.00269	0.00395	0.05824	0.00611	0.00539
13	0.04621	0.14519	0.02246	0.06381	0.04776	0.30951	0.06759	0.08564	0.05889	0.02012	0.01280	0.04086	0.01085	0.00732	0.00654	0.00188	0.03496	0.00546	0.00385	0.00833
14	0.01707	0.01792	0.05364	0.14654	0.10401	0.10602	0.20713	0.07846	0.06261	0.04079	0.01413	0.03498	0.01123	0.00727	0.00806	0.00216	0.06869	0.00659	0.00390	0.00880
15	0.00906	0.00686	0.00763	0.00734	0.00947	0.00591	0.00554	0.01119	0.01625	0.04701	0.26383	0.05755	0.49821	0.01538	0.00773	0.00217	0.00335	0.01302	0.00653	0.00597
16	0.00941	0.00670	0.00896	0.00904	0.00967	0.00728	0.00629	0.01068	0.01025	0.01427	0.01993	0.07103	0.02107	0.35883	0.39855	0.00836	0.01206	0.00874	0.00386	0.00503
17	0.01660	0.10838	0.13858	0.15318	0.24021	0.03684	0.08650	0.08285	0.01603	0.04138	0.01252	0.01561	0.00971	0.00627	0.00633	0.00198	0.00852	0.00560	0.00352	0.00940
18	0.01942	0.01856	0.14462	0.07338	0.14247	0.01586	0.09201	0.17862	0.08875	0.13492	0.01663	0.01778	0.01194	0.00706	0.00666	0.00207	0.00785	0.00619	0.00500	0.01021
19	0.00888	0.00651	0.00833	0.00831	0.00967	0.00596	0.00606	0.01141	0.01695	0.02342	0.50658	0.20575	0.12700	0.01535	0.00790	0.00222	0.00328	0.01359	0.00688	0.00596
20	0.01979	0.01814	0.13972	0.03662	0.06666	0.08334	0.04654	0.12350	0.06122	0.19088	0.02066	0.06416	0.04166	0.00843	0.00659	0.00204	0.00730	0.00700	0.04628	0.00946
21	0.04354	0.06221	0.09194	0.23119	0.15142	0.03512	0.10964	0.07332	0.07097	0.04736	0.01379	0.01681	0.01045	0.00656	0.00647	0.00206	0.00835	0.00592	0.00383	0.00905
22	0.00935	0.00770	0.01132	0.08720	0.01536	0.00750	0.05902	0.01147	0.01364	0.01757	0.03830	0.36299	0.19168	0.04142	0.00894	0.00265	0.00512	0.09736	0.00550	0.00590

[dist]
# distance from previous block
# <min> <max>
0	2

[block]
# block no. 1 follows, 33 sequences, length 44
# corresponding to MSA columns:
# 54-97
name=unknown_B
#
# <colnr> <probs for GDERKNQSTAVLIFYWHMCP>
#	G	D	E	R	K	N	Q	S	T	A	V	L	I	F	Y	W	H	M	C	P
0	0.04371	0.01777	0.13216	0.15768	0.20346	0.01567	0.05498	0.12652	0.07584	0.02439	0.01380	0.01645	0.01054	0.00654	0.00637	0.00198	0.00783	0.00572	0.00401	0.07458
1	0.01909	0.02338	0.12025	0.02150	0.15392	0.25548	0.06467	0.06725	0.16592	0.02211	0.01491	0.01634	0.01157	0.00697	0.00642	0.00197	0.00907	0.00567	0.00417	0.00934
2	0.01473	0.01203	0.01760	0.04614	0.20188	0.01067	0.04202	0.01766	0.01416	0.07073	0.01607	0.11060	0.01469	0.00796	0.00665	0.02448	0.00600	0.00678	0.00422	0.35492
3	0.01004	0.00849	0.00942	0.00810	0.01151	0.00676	0.00618	0.01213	0.01424	0.01908	0.04267	0.11627	0.38322	0.01259	0.00674	0.00179	0.00397	0.01059	0.00527	0.31094
4	0.01760	0.77260	0.03450	0.01126	0.01690	0.02605	0.01126	0.01971	0.01338	0.01549	0.00915	0.01056	0.00845	0.00563	0.00422	0.00141	0.00704	0.00352	0.00282	0.00845
5	0.00799	0.00583	0.00753	0.00890	0.00948	0.00537	0.00599	0.00920	0.01286	0.01691	0.03956	0.68894	0.11684	0.02020	0.00834	0.00263	0.00377	0.01820	0.00611	0.00537
6	0.00802	0.00573	0.00764	0.00917	0.00955	0.00535	0.00611	0.00917	0.01260	0.01681	0.03628	0.76434	0.04354	0.02062	0.00840	0.00267	0.00382	0.01872	0.00611	0.00535
7	0.00788	0.00629	0.00706	0.00767	0.00916	0.00547	0.00545	0.00934	0.01404	0.01739	0.05449	0.34462	0.45151	0.01826	0.00803	0.00240	0.00353	0.01583	0.00611	0.00547
8	0.00796	0.00668	0.00692	0.00686	0.00900	0.00563	0.00514	0.00980	0.01543	0.01880	0.14398	0.06169	0.64698	0.01629	0.00778	0.00221	0.00331	0.01366	0.00625	0.00563
9	0.00802	0.00573	0.00764	0.00917	0.00955	0.00535	0.00611	0.00917	0.01260	0.01681	0.03628	0.76434	0.04354	0.02062	0.00840	0.00267	0.00382	0.01872	0.00611	0.00535
10	0.81514	0.01273	0.00968	0.00866	0.01273	0.01477	0.00713	0.01935	0.01120	0.02954	0.00917	0.01069	0.00713	0.00611	0.00407	0.00204	0.00509	0.00356	0.00407	0.00713
11	0.01760	0.77260	0.03450	0.01126	0.01690	0.02605	0.01126	0.01971	0.01338	0.01549	0.00915	0.01056	0.00845	0.00563	0.00422	0.00141	0.00704	0.00352	0.00282	0.00845
12	0.00957	0.00638	0.00718	0.00718	0.00718	0.00638	0.00399	0.00957	0.00957	0.01276	0.02074	0.04308	0.02393	0.76864	0.03351	0.00638	0.00638	0.00957	0.00399	0.00399
13	0.01554	0.01776	0.03885	0.02775	0.03441	0.01665	0.70366	0.02109	0.01554	0.02109	0.01332	0.01776	0.00999	0.00555	0.00777	0.00222	0.01110	0.00777	0.00333	0.00888
14	0.02503	0.01844	0.01976	0.01515	0.02042	0.02042	0.01251	0.70562	0.03095	0.04149	0.01581	0.01581	0.01120	0.00790	0.00659	0.00198	0.00724	0.00593	0.00659	0.01120
15	0.00808	0.00627	0.00739	0.00823	0.00952	0.00558	0.00590	0.00958	0.01385	0.01743	0.04987	0.40474	0.34975	0.01869	0.00817	0.00249	0.00374	0.05911	0.00611	0.00549
16	0.01196	0.01106	0.01844	0.67282	0.04149	0.01363	0.01697	0.01600	0.01310	0.01682	0.01435	0.09789	0.01252	0.00809	0.00678	0.00225	0.00824	0.00723	0.00327	0.00710
17	0.04013	0.23405	0.02261	0.01455	0.03914	0.14949	0.01182	0.20190	0.17656	0.02556	0.01511	0.01547	0.01181	0.00718	0.00576	0.00182	0.00752	0.00522	0.00481	0.00948
18	0.05236	0.04593	0.20413	0.06917	0.16619	0.05731	0.01604	0.03930	0.07754	0.03785	0.03404	0.01643	0.01185	0.00651	0.00602	0.00184	0.00755	0.00534	0.00387	0.14075
19	0.01715	0.13340	0.16309	0.02017	0.11433	0.10416	0.13503	0.03892	0.03694	0.06838	0.01371	0.01638	0.01078	0.01095	0.08546	0.00286	0.00994	0.00569	0.00368	0.00897
20	0.01760	0.77260	0.03450	0.01126	0.01690	0.02605	0.01126	0.01971	0.01338	0.01549	0.00915	0.01056	0.00845	0.00563	0.00422	0.00141	0.00704	0.00352	0.00282	0.00845
21	0.00942	0.00656	0.00836	0.00890	0.00940	0.00667	0.00614	0.01050	0.01123	0.01507	0.02557	0.18313	0.02884	0.39138	0.13350	0.00576	0.00757	0.12246	0.00467	0.00488
22	0.01632	0.06876	0.11270	0.02437	0.23983	0.08453	0.13423	0.02035	0.01505	0.03918	0.03471	0.01646	0.01156	0.00636	0.00683	0.00187	0.03499	0.00574	0.02293	0.10322
23	0.02409	0.01798	0.01923	0.01496	0.02006	0.01998	0.01229	0.63348	0.10461	0.03999	0.01699	0.01675	0.01215	0.00801	0.00660	0.00200	0.00703	0.00609	0.00660	0.01111
24	0.00842	0.00659	0.00687	0.00700	0.00900	0.00570	0.00526	0.01029	0.01483	0.01875	0.07615	0.10284	0.56432	0.01592	0.00752	0.00220	0.00343	0.03718	0.09210	0.00564
25	0.02646	0.01614	0.01834	0.01406	0.01927	0.01701	0.01161	0.49194	0.02711	0.26059	0.01903	0.01790	0.01281	0.00798	0.00660	0.00200	0.00672	0.00615	0.00708	0.01120
26	0.00839	0.00672	0.00751	0.00738	0.00936	0.00584	0.00558	0.01058	0.01624	0.02076	0.28826	0.05889	0.47956	0.01563	0.00782	0.00220	0.00334	0.03366	0.00650	0.00579
27	0.01365	0.01170	0.01365	0.00975	0.01560	0.00878	0.00780	0.01658	0.01365	0.02145	0.01170	0.01365	0.00975	0.00488	0.00488	0.00098	0.00488	0.00390	0.00390	0.80888
28	0.01417	0.08423	0.06049	0.10141	0.09083	0.01239	0.03523	0.01766	0.01378	0.02031	0.01159	0.01424	0.00951	0.00535	0.00536	0.00136	0.00632	0.00448	0.00354	0.48776
29	0.01615	0.01550	0.02647	0.06601	0.70305	0.01561	0.02013	0.02008	0.01492	0.02134	0.01236	0.01634	0.01037	0.00589	0.00652	0.00196	0.00786	0.00587	0.00325	0.01032
30	0.00942	0.00699	0.01027	0.01027	0.01134	0.00806	0.00784	0.01156	0.01049	0.01505	0.01792	0.02742	0.01714	0.11463	0.67822	0.01020	0.01661	0.00728	0.00357	0.00571
31	0.01799	0.01459	0.02747	0.14334	0.13610	0.01421	0.30849	0.02229	0.01579	0.17912	0.01767	0.02019	0.03719	0.00675	0.00713	0.00213	0.00872	0.00713	0.00443	0.00926
32	0.01542	0.01448	0.02413	0.27248	0.47302	0.01552	0.01924	0.04938	0.01510	0.02086	0.01231	0.01668	0.00992	0.00619	0.00654	0.00203	0.00811	0.00586	0.00330	0.00944
33	0.00880	0.00634	0.00857	0.00990	0.01071	0.00611	0.00736	0.01058	0.01344	0.01783	0.05897	0.50174	0.06217	0.02111	0.04636	0.00314	0.00507	0.19020	0.00600	0.00560
34	0.81514	0.01273	0.00968	0.00866	0.01273	0.01477	0.00713	0.01935	0.01120	0.02954	0.00917	0.01069	0.00713	0.00611	0.00407	0.00204	0.00509	0.00356	0.00407	0.00713
35	0.01755	0.74218	0.03418	0.01244	0.04545	0.02563	0.01162	0.01973	0.01344	0.01573	0.00928	0.01079	0.00853	0.00564	0.00432	0.00143	0.00707	0.00361	0.00283	0.00853
36	0.00957	0.00638	0.00718	0.00718	0.00718	0.00638	0.00399	0.00957	0.00957	0.01276	0.02074	0.04308	0.02393	0.76864	0.03351	0.00638	0.00638	0.00957	0.00399	0.00399
37	0.01418	0.01322	0.01756	0.05303	0.04005	0.03385	0.05191	0.06098	0.03882	0.01984	0.01833	0.02150	0.09284	0.01212	0.06306	0.00272	0.25621	0.00655	0.00395	0.17929
38	0.01902	0.06445	0.06719	0.04532	0.24835	0.09645	0.05589	0.15572	0.01816	0.06626	0.01406	0.04305	0.01149	0.00743	0.00746	0.00202	0.05773	0.00612	0.00424	0.00957
39	0.00940	0.00705	0.01058	0.01058	0.01176	0.00823	0.00823	0.01176	0.01058	0.01528	0.01763	0.02586	0.01646	0.04937	0.74255	0.01058	0.01763	0.00705	0.00353	0.00588
40	0.00942	0.00698	0.01019	0.01019	0.01123	0.00802	0.00774	0.01150	0.01046	0.01499	0.01799	0.02786	0.01732	0.13262	0.66048	0.01009	0.01633	0.00735	0.00358	0.00566
41	0.01860	0.08319	0.03759	0.07055	0.03810	0.16029	0.01296	0.16636	0.11429	0.02338	0.01608	0.01910	0.03129	0.00994	0.03337	0.00239	0.12257	0.02674	0.00450	0.00871
42	0.37291	0.17102	0.01794	0.03365	0.01691	0.23024	0.01017	0.02126	0.01384	0.02195	0.00952	0.01134	0.00789	0.00641	0.00531	0.00184	0.03281	0.00389	0.00355	0.00755
43	0.01624	0.25475	0.33912	0.01794	0.05002	0.06497	0.09194	0.05649	0.01514	0.02005	0.01129	0.01336	0.00878	0.00610	0.00581	0.00186	0.00900	0.00482	0.00310	0.00922

[dist]
# distance from previous block
# <min> <max>
0	6

[block]
# block no. 2 follows, 33 sequences, length 71
# corresponding to MSA columns:
# 104-174
name=unknown_C
#
# <colnr> <probs for GDERKNQSTAVLIFYWHMCP>
#	G	D	E	R	K	N	Q	S	T	A	V	L	I	F	Y	W	H	M	C	P
0	0.01014	0.00802	0.01108	0.09665	0.06459	0.00822	0.00870	0.03183	0.03365	0.01838	0.07204	0.34645	0.11778	0.05727	0.06179	0.02301	0.00587	0.01303	0.00527	0.00622
1	0.03406	0.01886	0.20465	0.09635	0.22574	0.01429	0.07791	0.05298	0.03977	0.02259	0.08676	0.02088	0.03890	0.00732	0.00664	0.00204	0.00780	0.00660	0.00393	0.03193
2	0.02216	0.01034	0.01347	0.01063	0.01508	0.00873	0.00850	0.02458	0.01681	0.44596	0.05526	0.08855	0.04352	0.03076	0.00727	0.00200	0.00513	0.00767	0.00686	0.17672
3	0.01420	0.01186	0.01370	0.00991	0.01557	0.00930	0.00793	0.05307	0.01457	0.02263	0.01227	0.01416	0.01008	0.00514	0.00496	0.00105	0.00494	0.00409	0.03299	0.73758
4	0.00915	0.00654	0.00819	0.00805	0.00943	0.00603	0.00586	0.01166	0.01666	0.02331	0.48459	0.14510	0.12532	0.05846	0.00919	0.00239	0.00341	0.01260	0.04818	0.00589
5	0.01090	0.00870	0.01064	0.00952	0.01256	0.00714	0.00707	0.01295	0.01312	0.01902	0.02390	0.34415	0.02640	0.04083	0.00769	0.00202	0.00453	0.04506	0.00497	0.38883
6	0.01614	0.01389	0.01468	0.01322	0.01687	0.01603	0.01028	0.03422	0.69205	0.02750	0.05043	0.02540	0.02152	0.00909	0.00673	0.00223	0.00514	0.00759	0.00672	0.01028
7	0.00813	0.00643	0.00732	0.00763	0.00924	0.00562	0.00552	0.00992	0.01504	0.01912	0.18010	0.24645	0.42193	0.01713	0.00794	0.00231	0.00342	0.01480	0.00632	0.00562
8	0.00955	0.00642	0.00733	0.00729	0.00743	0.00637	0.00420	0.00985	0.01044	0.01407	0.08790	0.04366	0.02758	0.69653	0.03105	0.00597	0.00607	0.00980	0.00430	0.00420
9	0.00778	0.00667	0.00667	0.00667	0.00889	0.00556	0.00500	0.00945	0.01501	0.01778	0.06669	0.06336	0.72490	0.01667	0.00778	0.00222	0.00333	0.01389	0.00611	0.00556
10	0.81514	0.01273	0.00968	0.00866	0.01273	0.01477	0.00713	0.01935	0.01120	0.02954	0.00917	0.01069	0.00713	0.00611	0.00407	0.00204	0.00509	0.00356	0.00407	0.00713
11	0.81514	0.01273	0.00968	0.00866	0.01273	0.01477	0.00713	0.01935	0.01120	0.02954	0.00917	0.01069	0.00713	0.00611	0.00407	0.00204	0.00509	0.00356	0.00407	0.00713
12	0.02459	0.03138	0.01866	0.01696	0.02035	0.74221	0.01272	0.02629	0.01866	0.01611	0.01018	0.01187	0.00848	0.00678	0.00594	0.00170	0.01187	0.00424	0.00339	0.00763
13	0.01440	0.01440	0.02016	0.01728	0.01728	0.02016	0.01440	0.01584	0.01008	0.01584	0.00864	0.01440	0.00864	0.01152	0.02160	0.00288	0.75659	0.00576	0.00288	0.00720
14	0.01320	0.03405	0.73453	0.01876	0.02849	0.01529	0.02432	0.02085	0.01390	0.02085	0.01181	0.01390	0.00834	0.00625	0.00625	0.00208	0.00973	0.00486	0.00278	0.00973
15	0.02294	0.01924	0.01696	0.01391	0.01806	0.19694	0.01109	0.38913	0.02443	0.06282	0.01582	0.01661	0.01172	0.00760	0.00609	0.00183	0.00761	0.00557	0.14218	0.00945
16	0.01049	0.00744	0.01021	0.01156	0.01290	0.00744	0.00985	0.01317	0.01451	0.01891	0.03324	0.07068	0.03629	0.10434	0.01190	0.00342	0.00610	0.60592	0.00582	0.00582
17	0.12224	0.01255	0.02016	0.46959	0.05500	0.01433	0.09078	0.01947	0.01386	0.10124	0.01320	0.01718	0.00960	0.00657	0.00638	0.00215	0.00815	0.00584	0.00373	0.00799
18	0.11658	0.01471	0.02306	0.01850	0.02072	0.01809	0.18456	0.01742	0.01160	0.01887	0.01026	0.01526	0.00912	0.01098	0.04705	0.00294	0.44352	0.00604	0.00317	0.00755
19	0.00802	0.00573	0.00764	0.00917	0.00955	0.00535	0.00611	0.00917	0.01260	0.01681	0.03628	0.76434	0.04354	0.02062	0.00840	0.00267	0.00382	0.01872	0.00611	0.00535
20	0.01274	0.00848	0.01108	0.01161	0.01359	0.00854	0.00958	0.01752	0.10900	0.08941	0.06563	0.16969	0.03545	0.01614	0.00836	0.00273	0.00541	0.39160	0.00641	0.00704
21	0.01275	0.06685	0.14115	0.01872	0.13350	0.04633	0.10238	0.01616	0.01396	0.01888	0.02184	0.31414	0.02315	0.01185	0.00716	0.00224	0.00700	0.01084	0.02340	0.00771
22	0.00821	0.00595	0.00780	0.00921	0.00982	0.00554	0.00638	0.00954	0.01299	0.01711	0.03851	0.65563	0.09542	0.02013	0.00841	0.00267	0.00396	0.07120	0.00611	0.00542
23	0.01405	0.01194	0.01387	0.00994	0.01577	0.00918	0.00797	0.04073	0.01426	0.02215	0.01184	0.01373	0.00980	0.00498	0.00494	0.00101	0.00496	0.00397	0.00399	0.78092
24	0.01255	0.01071	0.01447	0.01297	0.01371	0.01360	0.01022	0.05973	0.01155	0.01678	0.01443	0.02387	0.01437	0.17323	0.25611	0.00600	0.31880	0.00694	0.00356	0.00641
25	0.81514	0.01273	0.00968	0.00866	0.01273	0.01477	0.00713	0.01935	0.01120	0.02954	0.00917	0.01069	0.00713	0.00611	0.00407	0.00204	0.00509	0.00356	0.00407	0.00713
26	0.81514	0.01273	0.00968	0.00866	0.01273	0.01477	0.00713	0.01935	0.01120	0.02954	0.00917	0.01069	0.00713	0.00611	0.00407	0.00204	0.00509	0.00356	0.00407	0.00713
27	0.00978	0.00672	0.00972	0.00972	0.01052	0.00752	0.00716	0.01088	0.01008	0.01424	0.01703	0.02744	0.01671	0.15287	0.51194	0.14804	0.01388	0.00720	0.00348	0.00507
28	0.01337	0.00758	0.00989	0.00896	0.01121	0.00681	0.00684	0.01605	0.01780	0.17481	0.45595	0.11294	0.10509	0.01328	0.00758	0.00213	0.00372	0.01160	0.00724	0.00714
29	0.05008	0.01230	0.01542	0.01194	0.01683	0.01161	0.00984	0.15599	0.02058	0.54246	0.02334	0.02097	0.01512	0.00802	0.00642	0.00200	0.00575	0.00638	0.05418	0.01079
30	0.01609	0.02017	0.14822	0.12579	0.30143	0.12392	0.01776	0.02025	0.01491	0.01993	0.01176	0.01499	0.00944	0.00603	0.00616	0.00183	0.00848	0.00516	0.00324	0.12446
31	0.02289	0.14205	0.04047	0.03713	0.02077	0.59436	0.01297	0.02488	0.01758	0.01617	0.01011	0.01189	0.00848	0.00659	0.00571	0.00168	0.01100	0.00419	0.00328	0.00780
32	0.00799	0.00663	0.00685	0.00687	0.00886	0.00564	0.00504	0.00962	0.01482	0.01796	0.10134	0.08173	0.62425	0.06186	0.00935	0.00248	0.00352	0.01366	0.00605	0.00550
33	0.00943	0.00695	0.01005	0.01005	0.01104	0.00794	0.00757	0.01141	0.01042	0.01489	0.01812	0.02856	0.01763	0.16201	0.63152	0.00992	0.01587	0.00745	0.00360	0.00558
34	0.00941	0.00703	0.01046	0.01046	0.01159	0.00816	0.00808	0.01168	0.01054	0.01519	0.01775	0.02648	0.01673	0.07536	0.71693	0.01043	0.01723	0.00714	0.00354	0.00581
35	0.01002	0.00716	0.00994	0.01146	0.01271	0.00707	0.00959	0.01263	0.01458	0.01905	0.03518	0.23021	0.03917	0.01874	0.00894	0.00295	0.00556	0.53308	0.00607	0.00590
36	0.81514	0.01273	0.00968	0.00866	0.01273	0.01477	0.00713	0.01935	0.01120	0.02954	0.00917	0.01069	0.00713	0.00611	0.00407	0.00204	0.00509	0.00356	0.00407	0.00713
37	0.01188	0.00851	0.01122	0.01083	0.01240	0.04230	0.00838	0.01411	0.01163	0.07790	0.01815	0.02566	0.01640	0.07485	0.61345	0.00924	0.01583	0.00699	0.00394	0.00634
38	0.02332	0.01679	0.01793	0.01394	0.01871	0.01851	0.01145	0.61327	0.02866	0.03922	0.01656	0.01697	0.01196	0.00787	0.00632	0.00192	0.00669	0.00596	0.11343	0.01052
39	0.18899	0.02689	0.01684	0.01515	0.01877	0.55694	0.01155	0.05686	0.01769	0.02010	0.01023	0.01181	0.00833	0.00670	0.00558	0.00178	0.01024	0.00418	0.00368	0.00770
40	0.01220	0.00846	0.01049	0.00946	0.01167	0.00823	0.00738	0.10161	0.01984	0.05798	0.53131	0.04594	0.08289	0.01296	0.00765	0.00212	0.00393	0.05177	0.00708	0.00702
41	0.00804	0.00652	0.00706	0.00724	0.00904	0.00562	0.00527	0.00973	0.01484	0.01839	0.13111	0.16884	0.52477	0.04288	0.00876	0.00242	0.00349	0.01427	0.00616	0.00554
42	0.01246	0.00853	0.00979	0.00948	0.01022	0.07107	0.00663	0.01200	0.04359	0.01514	0.13368	0.02448	0.02022	0.01921	0.02005	0.56290	0.00579	0.00672	0.00383	0.00420
43	0.00931	0.00657	0.00818	0.00819	0.00881	0.00672	0.00543	0.01038	0.01127	0.01533	0.09683	0.07386	0.07378	0.42754	0.20356	0.00653	0.00851	0.00990	0.00445	0.00485
44	0.01439	0.01371	0.02399	0.23078	0.36818	0.01440	0.09392	0.01849	0.01457	0.01993	0.01531	0.02456	0.01360	0.00768	0.00702	0.00219	0.00821	0.09670	0.00355	0.00882
45	0.81514	0.01273	0.00968	0.00866	0.01273	0.01477	0.00713	0.01935	0.01120	0.02954	0.00917	0.01069	0.00713	0.00611	0.00407	0.00204	0.00509	0.00356	0.00407	0.00713
46	0.00870	0.00658	0.00795	0.00785	0.00941	0.00591	0.00575	0.01102	0.01647	0.02211	0.41487	0.13832	0.26139	0.04341	0.00880	0.00235	0.00338	0.01324	0.00664	0.00583
47	0.01256	0.01207	0.04030	0.59354	0.06826	0.01384	0.01688	0.01741	0.03918	0.01847	0.05600	0.01989	0.01286	0.00710	0.00655	0.00214	0.00802	0.00626	0.04115	0.00751
48	0.00792	0.00667	0.00689	0.00702	0.00914	0.00564	0.00530	0.00963	0.01491	0.01783	0.06397	0.09302	0.66506	0.01691	0.00787	0.00228	0.00348	0.04477	0.00611	0.00557
49	0.53834	0.01343	0.01241	0.01032	0.01478	0.01481	0.00851	0.13879	0.01595	0.15851	0.01334	0.01368	0.00948	0.00678	0.00496	0.00203	0.00555	0.00452	0.00524	0.00856
50	0.48917	0.01482	0.01367	0.01121	0.01577	0.01670	0.00925	0.27755	0.01890	0.06018	0.01229	0.01305	0.00900	0.00686	0.00511	0.00201	0.00592	0.00457	0.00517	0.00881
51	0.00797	0.00593	0.00743	0.00862	0.00941	0.00539	0.00587	0.00923	0.01313	0.01702	0.04291	0.61162	0.19199	0.01976	0.00827	0.00258	0.00371	0.01766	0.00611	0.00539
52	0.02503	0.01844	0.01976	0.01515	0.02042	0.02042	0.01251	0.70562	0.03095	0.04149	0.01581	0.01581	0.01120	0.00790	0.00659	0.00198	0.00724	0.00593	0.00659	0.01120
53	0.81514	0.01273	0.00968	0.00866	0.01273	0.01477	0.00713	0.01935	0.01120	0.02954	0.00917	0.01069	0.00713	0.00611	0.00407	0.00204	0.00509	0.00356	0.00407	0.00713
54	0.00787	0.00667	0.00679	0.00676	0.00895	0.00560	0.00507	0.00962	0.01522	0.01829	0.10499	0.06253	0.68629	0.01649	0.00778	0.00221	0.00332	0.01378	0.00618	0.00560
55	0.01028	0.00646	0.00958	0.00958	0.01021	0.00708	0.00698	0.01031	0.00968	0.01354	0.01513	0.02412	0.01464	0.06915	0.40707	0.34974	0.01208	0.00659	0.00326	0.00451
56	0.01700	0.01725	0.02470	0.03553	0.59125	0.11242	0.01851	0.02053	0.01522	0.02042	0.01239	0.01626	0.01052	0.00852	0.04932	0.00242	0.00893	0.00572	0.00329	0.00979
57	0.01437	0.02176	0.26588	0.19363	0.09697	0.05815	0.07425	0.01925	0.01364	0.01896	0.01137	0.01525	0.00888	0.00703	0.00878	0.00217	0.12451	0.00549	0.00299	0.03666
58	0.01174	0.00767	0.01116	0.05338	0.01221	0.00887	0.00788	0.01052	0.00928	0.01278	0.01209	0.02128	0.01216	0.08984	0.05445	0.51684	0.13462	0.00614	0.00300	0.00409
59	0.04556	0.74596	0.03363	0.01117	0.01675	0.02565	0.01112	0.01970	0.01330	0.01598	0.00915	0.01057	0.00840	0.00565	0.00422	0.00143	0.00697	0.00352	0.00286	0.00840
60	0.01028	0.00791	0.00985	0.00953	0.01018	0.00870	0.00668	0.01239	0.05288	0.01709	0.13436	0.14859	0.05030	0.33089	0.05850	0.00452	0.10628	0.01069	0.00487	0.00549
61	0.01613	0.14921	0.10379	0.01385	0.01725	0.24231	0.01207	0.01856	0.01465	0.01700	0.04077	0.17540	0.01835	0.01287	0.05533	0.00259	0.07077	0.00786	0.00390	0.00733
62	0.01806	0.01394	0.02114	0.16084	0.30137	0.01507	0.01601	0.04803	0.10174	0.14596	0.01620	0.01843	0.01221	0.00735	0.00790	0.00213	0.07313	0.00618	0.00456	0.00973
63	0.01880	0.03645	0.15867	0.05578	0.06349	0.03990	0.06037	0.10873	0.04230	0.17752	0.05782	0.02043	0.03855	0.00754	0.00647	0.00194	0.00725	0.00633	0.00513	0.08654
64	0.01267	0.01188	0.01978	0.68477	0.07556	0.01440	0.01788	0.01697	0.01327	0.01726	0.01173	0.01731	0.00890	0.00647	0.00650	0.00213	0.00855	0.00576	0.00299	0.04524
65	0.01345	0.01146	0.01368	0.04509	0.01675	0.00944	0.00852	0.01742	0.06001	0.02123	0.01405	0.01813	0.01208	0.02256	0.02342	0.00155	0.00547	0.03445	0.00413	0.64710
66	0.04922	0.10231	0.09855	0.01408	0.01959	0.06563	0.01263	0.30727	0.10432	0.04999	0.01514	0.01555	0.01128	0.00711	0.00597	0.00183	0.00716	0.00531	0.00520	0.10184
67	0.01169	0.00699	0.00956	0.00954	0.01021	0.00727	0.00675	0.03435	0.06796	0.01503	0.01741	0.11788	0.01769	0.02242	0.06595	0.52790	0.00625	0.03686	0.00389	0.00440
68	0.02001	0.15742	0.13104	0.01902	0.10475	0.13100	0.07079	0.14037	0.01805	0.09187	0.01319	0.01476	0.01004	0.00683	0.00680	0.00191	0.04325	0.00527	0.00417	0.00946
69	0.01632	0.11175	0.14786	0.01769	0.04607	0.03774	0.17394	0.08250	0.03311	0.06950	0.05067	0.03767	0.01491	0.06483	0.03726	0.00269	0.03585	0.00681	0.00418	0.00864
70	0.00995	0.00694	0.00834	0.00885	0.01042	0.00637	0.00645	0.01231	0.04716	0.06624	0.04565	0.39177	0.27783	0.01770	0.00803	0.00247	0.00398	0.05715	0.00627	0.00610

[dist]
# distance from previous block
# <min> <max>
4	14

[block]
# block no. 3 follows, 33 sequences, length 20
# corresponding to MSA columns:
# 190-209
name=unknown_D
#
# <colnr> <probs for GDERKNQSTAVLIFYWHMCP>
#	G	D	E	R	K	N	Q	S	T	A	V	L	I	F	Y	W	H	M	C	P
0	0.06338	0.01998	0.09619	0.05845	0.12851	0.21414	0.01406	0.05024	0.05562	0.02042	0.05377	0.01841	0.01375	0.03331	0.07560	0.00292	0.06339	0.00582	0.00386	0.00818
1	0.00999	0.00817	0.01108	0.01305	0.12702	0.00755	0.00813	0.01279	0.01693	0.02296	0.40615	0.04814	0.25676	0.01320	0.00757	0.00210	0.00395	0.01153	0.00625	0.00670
2	0.01325	0.01254	0.02122	0.60178	0.18998	0.01484	0.01869	0.01754	0.01355	0.01781	0.01185	0.01728	0.00913	0.00643	0.00657	0.00214	0.00857	0.00585	0.00300	0.00797
3	0.02177	0.06713	0.16944	0.01648	0.02239	0.16080	0.04463	0.34374	0.02301	0.04810	0.01365	0.01460	0.01000	0.00712	0.00631	0.00192	0.00878	0.00534	0.00485	0.00994
4	0.00902	0.00671	0.00853	0.00973	0.01051	0.00663	0.00673	0.01214	0.08974	0.01808	0.03520	0.66033	0.04078	0.01926	0.00824	0.00264	0.00405	0.03957	0.00617	0.00593
5	0.00940	0.00705	0.01058	0.01058	0.01176	0.00823	0.00823	0.01176	0.01058	0.01528	0.01763	0.02586	0.01646	0.04937	0.74255	0.01058	0.01763	0.00705	0.00353	0.00588
6	0.01440	0.01440	0.02016	0.01728	0.01728	0.02016	0.01440	0.01584	0.01008	0.01584	0.00864	0.01440	0.00864	0.01152	0.02160	0.00288	0.75659	0.00576	0.00288	0.00720
7	0.00948	0.00703	0.00887	0.00836	0.01006	0.00658	0.00628	0.01311	0.04721	0.02572	0.63999	0.04935	0.11604	0.01354	0.00772	0.00209	0.00321	0.01189	0.00713	0.00633
8	0.01313	0.01283	0.01968	0.71073	0.04391	0.05624	0.01796	0.01736	0.01348	0.01678	0.01161	0.01723	0.00876	0.00659	0.00654	0.00217	0.00895	0.00576	0.00295	0.00733
9	0.01540	0.12811	0.07744	0.08466	0.24113	0.07661	0.06966	0.03782	0.01523	0.01981	0.03684	0.08215	0.03211	0.00842	0.00659	0.00203	0.00784	0.04576	0.00382	0.00858
10	0.02136	0.07607	0.02168	0.01736	0.08217	0.01829	0.06636	0.36121	0.10941	0.08565	0.04353	0.01839	0.01416	0.00780	0.00691	0.00201	0.02515	0.00634	0.00581	0.01035
11	0.01663	0.60888	0.18968	0.01293	0.01947	0.02366	0.01416	0.01996	0.01349	0.01668	0.00974	0.01130	0.00842	0.00577	0.00467	0.00156	0.00764	0.00382	0.00281	0.00873
12	0.01039	0.00726	0.00899	0.00905	0.01076	0.00683	0.00678	0.01367	0.06180	0.06214	0.26601	0.24370	0.18070	0.01581	0.00791	0.00235	0.00387	0.06893	0.00663	0.00640
13	0.04424	0.01043	0.06590	0.01248	0.05898	0.00844	0.02758	0.01664	0.01523	0.16677	0.12450	0.28649	0.10827	0.01369	0.00742	0.00229	0.00498	0.01206	0.00610	0.00751
14	0.01365	0.01170	0.01365	0.00975	0.01560	0.00878	0.00780	0.01658	0.01365	0.02145	0.01170	0.01365	0.00975	0.00488	0.00488	0.00098	0.00488	0.00390	0.00390	0.80888
15	0.00802	0.00573	0.00764	0.00917	0.00955	0.00535	0.00611	0.00917	0.01260	0.01681	0.03628	0.76434	0.04354	0.02062	0.00840	0.00267	0.00382	0.01872	0.00611	0.00535
16	0.01185	0.00844	0.04779	0.00886	0.01011	0.00730	0.00640	0.01290	0.01134	0.09279	0.02247	0.10142	0.02395	0.50734	0.07148	0.00551	0.00697	0.03310	0.00460	0.00540
17	0.01239	0.00859	0.01252	0.01373	0.05270	0.00844	0.03516	0.01575	0.03944	0.07727	0.03211	0.17823	0.03398	0.01634	0.00851	0.00278	0.00590	0.43330	0.00601	0.00685
18	0.00895	0.00700	0.00921	0.00975	0.01116	0.00655	0.03057	0.01134	0.03796	0.01828	0.06004	0.40195	0.21813	0.01811	0.00826	0.00257	0.00433	0.12395	0.00606	0.00583
19	0.01815	0.11480	0.05964	0.11878	0.19876	0.09196	0.09729	0.12236	0.01739	0.04690	0.01309	0.01580	0.01019	0.00646	0.00624	0.00192	0.00839	0.00562	0.03705	0.00922

[dist]
# distance from previous block
# <min> <max>
0	10

[block]
# block no. 4 follows, 33 sequences, length 15
# corresponding to MSA columns:
# 220-234
name=unknown_E
#
# <colnr> <probs for GDERKNQSTAVLIFYWHMCP>
#	G	D	E	R	K	N	Q	S	T	A	V	L	I	F	Y	W	H	M	C	P
0	0.08814	0.03509	0.01970	0.22986	0.12846	0.06099	0.05106	0.03713	0.03245	0.02076	0.01184	0.01529	0.00948	0.00631	0.00665	0.00184	0.04422	0.00517	0.00354	0.19201
1	0.01020	0.00809	0.00928	0.00911	0.01124	0.00770	0.00690	0.03243	0.09711	0.02072	0.13085	0.17777	0.27697	0.04313	0.00864	0.00244	0.00421	0.08237	0.00612	0.05472
2	0.01885	0.54076	0.03109	0.01338	0.01869	0.05091	0.05338	0.13508	0.01652	0.02023	0.01054	0.01209	0.00901	0.00630	0.00563	0.00163	0.03927	0.00430	0.00350	0.00885
3	0.00823	0.00642	0.00748	0.00779	0.00932	0.00566	0.00562	0.01011	0.01523	0.01966	0.22278	0.25963	0.36456	0.01699	0.00795	0.00231	0.00342	0.01477	0.00640	0.00566
4	0.01034	0.00733	0.00991	0.01098	0.01247	0.00721	0.00932	0.01321	0.01536	0.02043	0.12610	0.06750	0.07011	0.04424	0.00958	0.00293	0.00545	0.51576	0.03578	0.00599
5	0.00905	0.00646	0.00882	0.01034	0.01117	0.00623	0.00789	0.01094	0.01362	0.01795	0.03572	0.49075	0.04130	0.01966	0.00868	0.00282	0.00471	0.28218	0.00609	0.00563
6	0.02503	0.01844	0.01976	0.01515	0.02042	0.02042	0.01251	0.70562	0.03095	0.04149	0.01581	0.01581	0.01120	0.00790	0.00659	0.00198	0.00724	0.00593	0.00659	0.01120
7	0.01440	0.01440	0.02016	0.01728	0.01728	0.02016	0.01440	0.01584	0.01008	0.01584	0.00864	0.01440	0.00864	0.01152	0.02160	0.00288	0.75659	0.00576	0.00288	0.00720
8	0.01760	0.77260	0.03450	0.01126	0.01690	0.02605	0.01126	0.01971	0.01338	0.01549	0.00915	0.01056	0.00845	0.00563	0.00422	0.00141	0.00704	0.00352	0.00282	0.00845
9	0.01144	0.00572	0.00858	0.00858	0.00858	0.00572	0.00572	0.00858	0.00858	0.01144	0.01144	0.02001	0.01144	0.02287	0.02573	0.80846	0.00572	0.00572	0.00286	0.00286
10	0.01365	0.01170	0.01365	0.00975	0.01560	0.00878	0.00780	0.01658	0.01365	0.02145	0.01170	0.01365	0.00975	0.00488	0.00488	0.00098	0.00488	0.00390	0.00390	0.80888
11	0.02027	0.07702	0.01884	0.10648	0.02209	0.35662	0.01254	0.08460	0.16268	0.02114	0.04432	0.01702	0.01341	0.00750	0.00618	0.00189	0.00899	0.00552	0.00441	0.00848
12	0.55204	0.01807	0.14203	0.01154	0.01672	0.05117	0.01105	0.08896	0.01404	0.02851	0.01036	0.01184	0.00782	0.00635	0.00481	0.00202	0.00648	0.00407	0.00406	0.00803
13	0.01033	0.00706	0.00850	0.00794	0.01003	0.00624	0.00603	0.01285	0.01727	0.07903	0.41887	0.05245	0.31045	0.01426	0.00768	0.00213	0.00339	0.01224	0.00689	0.00636
14	0.01649	0.01198	0.10113	0.01097	0.01477	0.00907	0.00980	0.02100	0.06349	0.24335	0.37521	0.03495	0.03859	0.01063	0.00716	0.00207	0.00483	0.00911	0.00694	0.00846

[dist]
# distance from previous block
# <min> <max>
0	2

[block]
# block no. 5 follows, 33 sequences, length 20
# corresponding to MSA columns:
# 237-256
name=unknown_F
#
# <colnr> <probs for GDERKNQSTAVLIFYWHMCP>
#	G	D	E	R	K	N	Q	S	T	A	V	L	I	F	Y	W	H	M	C	P
0	0.07181	0.01232	0.04858	0.07509	0.07843	0.03893	0.09912	0.01572	0.01225	0.01802	0.01463	0.02072	0.01284	0.02848	0.38414	0.00647	0.04547	0.00643	0.00341	0.00714
1	0.01338	0.01306	0.06421	0.01484	0.01613	0.01528	0.01274	0.01560	0.01094	0.05163	0.01276	0.01865	0.01165	0.02382	0.26389	0.00539	0.41938	0.00618	0.00335	0.00712
2	0.81514	0.01273	0.00968	0.00866	0.01273	0.01477	0.00713	0.01935	0.01120	0.02954	0.00917	0.01069	0.00713	0.00611	0.00407	0.00204	0.00509	0.00356	0.00407	0.00713
3	0.02117	0.39369	0.02640	0.01418	0.01866	0.39215	0.01201	0.02307	0.01608	0.01581	0.00968	0.01123	0.00846	0.00622	0.00510	0.00156	0.00951	0.00389	0.00311	0.00803
4	0.01005	0.00738	0.00880	0.00897	0.01056	0.00734	0.00666	0.01432	0.10325	0.02147	0.19196	0.23288	0.14741	0.01689	0.05020	0.00275	0.00458	0.04511	0.10305	0.00638
5	0.01714	0.03876	0.05916	0.10001	0.34880	0.08670	0.11054	0.02175	0.04640	0.06380	0.01373	0.01692	0.01082	0.00752	0.02770	0.00224	0.00885	0.00600	0.00367	0.00947
6	0.10890	0.12155	0.10916	0.06744	0.10152	0.01612	0.11902	0.01929	0.04445	0.04248	0.01342	0.05271	0.01150	0.00856	0.00895	0.05723	0.07975	0.00615	0.00361	0.00818
7	0.00800	0.00579	0.00757	0.00900	0.00950	0.00536	0.00604	0.00919	0.01276	0.01687	0.03831	0.71770	0.08888	0.02036	0.00836	0.00264	0.00379	0.01839	0.00611	0.00536
8	0.00810	0.00584	0.00768	0.00899	0.00954	0.00542	0.00607	0.00940	0.01312	0.01750	0.08466	0.68423	0.07516	0.01996	0.00833	0.00261	0.00375	0.01803	0.00619	0.00542
9	0.01580	0.01526	0.02489	0.24798	0.42106	0.03868	0.06574	0.05356	0.01540	0.02092	0.01235	0.01660	0.00989	0.00619	0.00661	0.00204	0.00843	0.00594	0.00333	0.00935
10	0.01304	0.01119	0.01568	0.05203	0.17722	0.05977	0.05350	0.01526	0.01365	0.03830	0.05695	0.17363	0.04035	0.09137	0.07247	0.05174	0.00746	0.00947	0.03996	0.00698
11	0.01629	0.01564	0.02672	0.04041	0.72757	0.01564	0.02020	0.02020	0.01499	0.02151	0.01238	0.01629	0.01043	0.00587	0.00652	0.00196	0.00782	0.00587	0.00326	0.01043
12	0.01365	0.01170	0.01365	0.00975	0.01560	0.00878	0.00780	0.01658	0.01365	0.02145	0.01170	0.01365	0.00975	0.00488	0.00488	0.00098	0.00488	0.00390	0.00390	0.80888
13	0.01013	0.00747	0.00936	0.00902	0.00923	0.00838	0.00601	0.01073	0.00982	0.01359	0.01872	0.03651	0.02074	0.54738	0.15981	0.00671	0.09925	0.00866	0.00377	0.00472
14	0.00957	0.00638	0.00718	0.00718	0.00718	0.00638	0.00399	0.00957	0.00957	0.01276	0.02074	0.04308	0.02393	0.76864	0.03351	0.00638	0.00638	0.00957	0.00399	0.00399
15	0.01651	0.01886	0.18322	0.16762	0.33548	0.01520	0.01940	0.06627	0.01577	0.07925	0.01345	0.01646	0.01017	0.00641	0.00648	0.00204	0.00821	0.00570	0.00370	0.00979
16	0.04053	0.08789	0.11452	0.11300	0.24261	0.05465	0.13334	0.04786	0.01543	0.05257	0.01260	0.01566	0.00979	0.00614	0.00636	0.00197	0.00860	0.00568	0.00353	0.02727
17	0.01700	0.67244	0.12943	0.01228	0.01847	0.02459	0.01304	0.01987	0.01345	0.01622	0.00951	0.01101	0.00843	0.00572	0.00450	0.00150	0.00740	0.00370	0.00281	0.00862
18	0.00819	0.00662	0.00727	0.00725	0.00918	0.00571	0.00538	0.01018	0.01576	0.01990	0.23106	0.10768	0.51051	0.01613	0.00782	0.00222	0.00331	0.01372	0.00640	0.00571
19	0.01776	0.06076	0.13003	0.08659	0.13133	0.13068	0.18900	0.07895	0.01674	0.05239	0.01354	0.03766	0.01075	0.00674	0.00665	0.00202	0.00934	0.00623	0.00375	0.00907

[dist]
# distance from previous block
# <min> <max>
0	1

[block]
# block no. 6 follows, 33 sequences, length 39
# corresponding to MSA columns:
# 258-296
name=unknown_G
#
# <colnr> <probs for GDERKNQSTAVLIFYWHMCP>
#	G	D	E	R	K	N	Q	S	T	A	V	L	I	F	Y	W	H	M	C	P
0	0.02068	0.07705	0.03980	0.04055	0.14647	0.24250	0.06976	0.11096	0.07587	0.07400	0.01464	0.01701	0.01151	0.00710	0.00635	0.00192	0.00887	0.02137	0.00438	0.00924
1	0.32594	0.04160	0.01779	0.13416	0.09737	0.16526	0.04521	0.02034	0.01366	0.02219	0.01029	0.01319	0.00829	0.00659	0.00637	0.00202	0.05381	0.00465	0.00351	0.00775
2	0.01684	0.04019	0.20968	0.12398	0.11492	0.13672	0.08462	0.07582	0.06744	0.02171	0.01341	0.01595	0.01021	0.00663	0.00639	0.00200	0.00904	0.00559	0.02981	0.00906
3	0.00802	0.00573	0.00764	0.00917	0.00955	0.00535	0.00611	0.00917	0.01260	0.01681	0.03628	0.76434	0.04354	0.02062	0.00840	0.00267	0.00382	0.01872	0.00611	0.00535
4	0.81514	0.01273	0.00968	0.00866	0.01273	0.01477	0.00713	0.01935	0.01120	0.02954	0.00917	0.01069	0.00713	0.00611	0.00407	0.00204	0.00509	0.00356	0.00407	0.00713
5	0.02496	0.02031	0.01960	0.01541	0.02041	0.12473	0.01254	0.60744	0.02918	0.03782	0.01499	0.01524	0.01080	0.00774	0.00649	0.00194	0.00791	0.00568	0.00612	0.01068
6	0.01378	0.04102	0.04875	0.01024	0.01626	0.00973	0.00872	0.01690	0.01365	0.02120	0.01161	0.01355	0.00964	0.00497	0.00492	0.00104	0.00519	0.00393	0.00381	0.74111
7	0.01068	0.00747	0.00960	0.02900	0.04317	0.00680	0.00703	0.01272	0.01505	0.07511	0.18923	0.25520	0.21931	0.04885	0.00882	0.00243	0.00414	0.01317	0.00613	0.03610
8	0.02377	0.04861	0.01920	0.01537	0.01980	0.27834	0.01223	0.34375	0.10266	0.04966	0.01509	0.01539	0.01128	0.00755	0.00628	0.00189	0.00862	0.00543	0.00537	0.00974
9	0.01232	0.00665	0.00931	0.00898	0.00936	0.00679	0.00613	0.05811	0.01021	0.01363	0.01215	0.02071	0.01196	0.05411	0.02471	0.71647	0.00585	0.00590	0.00317	0.00350
10	0.01491	0.02114	0.22562	0.02390	0.11540	0.03317	0.29563	0.04287	0.03775	0.02122	0.01367	0.01736	0.01059	0.01056	0.08352	0.00300	0.01069	0.00649	0.00341	0.00909
11	0.00821	0.00586	0.00785	0.00938	0.00984	0.00551	0.00643	0.00949	0.01279	0.01701	0.03618	0.71515	0.04314	0.02045	0.00845	0.00270	0.00398	0.06609	0.00611	0.00540
12	0.00815	0.00582	0.00779	0.00932	0.00976	0.00546	0.00634	0.00939	0.01273	0.01695	0.03621	0.72913	0.04325	0.02050	0.00844	0.00269	0.00393	0.05262	0.00611	0.00538
13	0.01508	0.03796	0.02121	0.36916	0.18847	0.07915	0.03872	0.02076	0.09858	0.01945	0.01385	0.01765	0.01079	0.00670	0.00642	0.00206	0.00823	0.00590	0.03140	0.00845
14	0.01556	0.09303	0.05490	0.21914	0.12072	0.10860	0.11760	0.03752	0.01476	0.01863	0.01378	0.08449	0.01235	0.00787	0.00747	0.00210	0.05304	0.00684	0.00346	0.00813
15	0.00858	0.00642	0.00909	0.00989	0.01061	0.00603	0.03723	0.00992	0.01265	0.01680	0.03467	0.62656	0.05693	0.08139	0.01046	0.00296	0.00443	0.04414	0.00581	0.00543
16	0.01461	0.01345	0.02259	0.18139	0.30179	0.01409	0.10113	0.04633	0.04108	0.02094	0.01651	0.02589	0.01471	0.04185	0.00819	0.00238	0.00790	0.09360	0.02292	0.00866
17	0.01365	0.01170	0.01365	0.00975	0.01560	0.00878	0.00780	0.01658	0.01365	0.02145	0.01170	0.01365	0.00975	0.00488	0.00488	0.00098	0.00488	0.00390	0.00390	0.80888
18	0.01583	0.01754	0.13747	0.15190	0.22486	0.03224	0.11462	0.04280	0.03444	0.07561	0.01762	0.03614	0.05455	0.00734	0.00678	0.00210	0.00824	0.00680	0.00395	0.00916
19	0.01161	0.00635	0.01003	0.03677	0.01082	0.00642	0.03012	0.00931	0.00898	0.01197	0.01151	0.01984	0.01129	0.02167	0.02440	0.75099	0.00602	0.00579	0.00288	0.00323
20	0.01144	0.00572	0.00858	0.00858	0.00858	0.00572	0.00572	0.00858	0.00858	0.01144	0.01144	0.02001	0.01144	0.02287	0.02573	0.80846	0.00572	0.00572	0.00286	0.00286
21	0.00918	0.00629	0.00816	0.00913	0.00984	0.00597	0.00619	0.01097	0.03398	0.03988	0.09699	0.59684	0.04213	0.07885	0.01024	0.00288	0.00406	0.01666	0.00613	0.00565
22	0.02503	0.01844	0.01976	0.01515	0.02042	0.02042	0.01251	0.70562	0.03095	0.04149	0.01581	0.01581	0.01120	0.00790	0.00659	0.00198	0.00724	0.00593	0.00659	0.01120
23	0.02954	0.01120	0.01528	0.01171	0.01681	0.00968	0.00968	0.03208	0.01884	0.73213	0.02597	0.02241	0.01630	0.00815	0.00662	0.00204	0.00560	0.00662	0.00815	0.01120
24	0.01440	0.01440	0.02016	0.01728	0.01728	0.02016	0.01440	0.01584	0.01008	0.01584	0.00864	0.01440	0.00864	0.01152	0.02160	0.00288	0.75659	0.00576	0.00288	0.00720
25	0.00802	0.00573	0.00764	0.00917	0.00955	0.00535	0.00611	0.00917	0.01260	0.01681	0.03628	0.76434	0.04354	0.02062	0.00840	0.00267	0.00382	0.01872	0.00611	0.00535
26	0.01440	0.01440	0.02016	0.01728	0.01728	0.02016	0.01440	0.01584	0.01008	0.01584	0.00864	0.01440	0.00864	0.01152	0.02160	0.00288	0.75659	0.00576	0.00288	0.00720
27	0.00942	0.00671	0.00870	0.00821	0.00976	0.00621	0.00615	0.01253	0.01846	0.02633	0.69887	0.04829	0.06049	0.01325	0.00765	0.00205	0.00310	0.01170	0.03589	0.00621
28	0.01360	0.01272	0.02136	0.42481	0.29364	0.01436	0.01792	0.01753	0.01357	0.01830	0.01261	0.01856	0.01038	0.04123	0.04058	0.00266	0.00872	0.00607	0.00312	0.00825
29	0.00949	0.00670	0.00877	0.00877	0.00933	0.00725	0.00598	0.01060	0.01005	0.01395	0.01928	0.03501	0.02043	0.43135	0.36600	0.00835	0.01166	0.00839	0.00377	0.00487
30	0.01371	0.02409	0.39336	0.09622	0.10182	0.01472	0.05817	0.02136	0.10054	0.02116	0.01536	0.04834	0.01235	0.00739	0.00658	0.00213	0.00850	0.02267	0.00360	0.02794
31	0.02931	0.01157	0.01551	0.01189	0.01699	0.01022	0.00982	0.06645	0.01946	0.69689	0.02545	0.02207	0.01604	0.00814	0.00662	0.00203	0.00569	0.00658	0.00807	0.01120
32	0.01592	0.02217	0.30782	0.04160	0.02222	0.03818	0.01602	0.13964	0.13234	0.05118	0.03626	0.05417	0.07616	0.00876	0.00666	0.00212	0.00749	0.00709	0.00483	0.00937
33	0.00868	0.00671	0.00795	0.00774	0.00944	0.00615	0.00574	0.01086	0.01558	0.02053	0.31529	0.05247	0.34226	0.07230	0.08605	0.00333	0.00495	0.01210	0.00614	0.00574
34	0.01752	0.09550	0.02305	0.10179	0.27537	0.12404	0.03916	0.08681	0.07039	0.02233	0.06848	0.01837	0.01458	0.00706	0.00636	0.00193	0.00793	0.00604	0.00409	0.00917
35	0.01526	0.04963	0.03962	0.01671	0.01767	0.06573	0.01418	0.03542	0.01171	0.01687	0.01038	0.01715	0.01018	0.01106	0.01837	0.00270	0.59670	0.04011	0.00317	0.00740
36	0.08156	0.18387	0.05488	0.01510	0.05443	0.25055	0.01214	0.05955	0.09509	0.09159	0.01525	0.01582	0.02913	0.00710	0.00570	0.00181	0.00818	0.00508	0.00436	0.00881
37	0.04567	0.05096	0.02423	0.06286	0.47722	0.01582	0.03752	0.03813	0.06203	0.02220	0.03606	0.01735	0.01239	0.00652	0.00681	0.00196	0.03060	0.00594	0.00372	0.04199
38	0.03992	0.03649	0.02062	0.39701	0.18212	0.04377	0.03877	0.03965	0.01431	0.01909	0.01447	0.09754	0.01294	0.00793	0.00662	0.00214	0.00801	0.00710	0.00353	0.00798

[dist]
# distance from previous block
# <min> <max>
0	43

[block]
# block no. 7 follows, 33 sequences, length 13
# corresponding to MSA columns:
# 340-352
name=unknown_H
#
# <colnr> <probs for GDERKNQSTAVLIFYWHMCP>
#	G	D	E	R	K	N	Q	S	T	A	V	L	I	F	Y	W	H	M	C	P
0	0.02369	0.12653	0.02069	0.01623	0.01991	0.65027	0.01253	0.02544	0.01798	0.01603	0.01004	0.01170	0.00848	0.00664	0.00572	0.00166	0.01125	0.00415	0.00332	0.00774
