[name]
unknown

[dist]
# distance from previous block
# <min> <max>
0	43

[block]
# block no. 0 follows, 34 sequences, length 73
# corresponding to MSA columns:
# 43-115
name=unknown_A
#
# <colnr> <probs for GDERKNQSTAVLIFYWHMCP>
#	G	D	E	R	K	N	Q	S	T	A	V	L	I	F	Y	W	H	M	C	P
0	0.04783	0.00826	0.01107	0.04112	0.01482	0.00843	0.01052	0.03403	0.01502	0.02034	0.03095	0.06441	0.03310	0.01618	0.00841	0.00281	0.00601	0.59070	0.00569	0.03031
1	0.04738	0.01491	0.01723	0.06935	0.04110	0.01603	0.01152	0.41903	0.04208	0.11077	0.09657	0.02002	0.01700	0.00809	0.00645	0.00194	0.00640	0.00643	0.00616	0.04154
2	0.01655	0.01779	0.12762	0.09303	0.43437	0.01556	0.03728	0.09265	0.03650	0.04698	0.01325	0.01618	0.01033	0.00623	0.00641	0.00198	0.00791	0.00574	0.00370	0.00994
3	0.02425	0.01794	0.01922	0.01480	0.01992	0.01989	0.01221	0.68632	0.05564	0.04022	0.01591	0.01583	0.01131	0.00779	0.00647	0.00195	0.00704	0.00587	0.00647	0.01096
4	0.00787	0.00562	0.00750	0.00900	0.00937	0.00525	0.00600	0.00900	0.01237	0.01649	0.03561	0.76871	0.04274	0.02024	0.00825	0.00262	0.00375	0.01837	0.00600	0.00525
5	0.01910	0.04258	0.19529	0.01645	0.04288	0.01725	0.05103	0.38690	0.04145	0.03094	0.01618	0.08070	0.01313	0.00823	0.00653	0.00203	0.00757	0.00672	0.00514	0.00990
6	0.01122	0.00561	0.00842	0.00842	0.00842	0.00561	0.00561	0.00842	0.00842	0.01122	0.01122	0.01964	0.01122	0.02245	0.02525	0.81201	0.00561	0.00561	0.00281	0.00281
7	0.01820	0.61807	0.07553	0.01211	0.01769	0.07972	0.01196	0.04755	0.01441	0.04014	0.01002	0.01125	0.00865	0.00582	0.00457	0.00149	0.00740	0.00378	0.00312	0.00850
8	0.01932	0.24606	0.13851	0.01500	0.02045	0.18883	0.03834	0.14873	0.08614	0.02218	0.01264	0.01371	0.00993	0.00660	0.00563	0.00176	0.00843	0.00478	0.00395	0.00900
9	0.00800	0.00572	0.00736	0.00866	0.00924	0.00530	0.00584	0.00924	0.01263	0.01686	0.03783	0.67639	0.10507	0.01942	0.00805	0.00254	0.00368	0.01748	0.03537	0.00530
10	0.03716	0.25259	0.16627	0.02216	0.23187	0.11001	0.03615	0.03844	0.01480	0.01922	0.01084	0.01317	0.00893	0.00592	0.00557	0.00176	0.00831	0.00466	0.00310	0.00906
11	0.01078	0.00831	0.00979	0.00967	0.01093	0.05767	0.00731	0.01295	0.01141	0.01650	0.01781	0.02586	0.01641	0.10888	0.48946	0.00774	0.01319	0.00681	0.15275	0.00575
12	0.01553	0.09812	0.25574	0.01790	0.11427	0.01530	0.03715	0.10341	0.05195	0.02294	0.01265	0.01443	0.00977	0.00601	0.00575	0.00170	0.00742	0.00489	0.00372	0.20133
13	0.00795	0.00599	0.00737	0.00832	0.00930	0.00541	0.00580	0.00938	0.01346	0.01741	0.08652	0.50812	0.23785	0.01866	0.00805	0.00247	0.00362	0.03287	0.00607	0.00538
14	0.01371	0.01549	0.05101	0.02333	0.02871	0.01407	0.54922	0.01834	0.01463	0.01985	0.01756	0.16833	0.01638	0.00844	0.00771	0.00226	0.00942	0.00971	0.00380	0.00804
15	0.01391	0.03885	0.01433	0.00980	0.01552	0.00960	0.00793	0.03981	0.01396	0.02151	0.01153	0.01336	0.00957	0.00491	0.00482	0.00101	0.00494	0.00388	0.00388	0.75687
16	0.01122	0.00561	0.00842	0.00842	0.00842	0.00561	0.00561	0.00842	0.00842	0.01122	0.01122	0.01964	0.01122	0.02245	0.02525	0.81201	0.00561	0.00561	0.00281	0.00281
17	0.00781	0.00652	0.00682	0.00694	0.00896	0.00553	0.00520	0.00952	0.01475	0.01784	0.09292	0.10464	0.63602	0.01650	0.00771	0.00223	0.00338	0.03517	0.00605	0.00549
18	0.01336	0.01286	0.02248	0.46235	0.23538	0.01445	0.07864	0.01751	0.01361	0.01817	0.01276	0.04649	0.01052	0.00672	0.00661	0.00211	0.00836	0.00641	0.00312	0.00809
19	0.01729	0.01722	0.05957	0.06547	0.01993	0.10687	0.01197	0.10177	0.45017	0.02567	0.02147	0.04046	0.01654	0.00839	0.00648	0.00210	0.00661	0.00679	0.00566	0.00958
20	0.15084	0.01149	0.01431	0.01116	0.01601	0.01065	0.00921	0.05442	0.01777	0.60220	0.02258	0.01998	0.01442	0.00768	0.00611	0.00200	0.00548	0.00601	0.00732	0.01038
21	0.00815	0.00642	0.00736	0.00744	0.00912	0.00562	0.00546	0.01015	0.01547	0.01997	0.26997	0.17097	0.40895	0.01599	0.00773	0.00221	0.00328	0.01378	0.00635	0.00562
22	0.01581	0.45471	0.29108	0.01413	0.02087	0.04505	0.01590	0.01984	0.01338	0.01716	0.00995	0.01173	0.00826	0.00598	0.00551	0.00168	0.03347	0.00404	0.00277	0.00868
23	0.06388	0.00890	0.01056	0.00928	0.01189	0.00870	0.00723	0.07802	0.05065	0.11984	0.43653	0.03971	0.10587	0.01167	0.00710	0.00204	0.00397	0.00995	0.00685	0.00736
24	0.01061	0.00760	0.01041	0.01170	0.01319	0.00762	0.01002	0.03570	0.01512	0.01974	0.03374	0.14255	0.03690	0.01777	0.00877	0.00291	0.00576	0.59787	0.00597	0.00604
25	0.81856	0.01250	0.00950	0.00850	0.01250	0.01449	0.00700	0.01899	0.01100	0.02899	0.00900	0.01050	0.00700	0.00600	0.00400	0.00200	0.00500	0.00350	0.00400	0.00700
26	0.00938	0.00632	0.00732	0.00732	0.00741	0.00641	0.00425	0.00957	0.00948	0.01273	0.02011	0.04093	0.02290	0.71477	0.09023	0.00659	0.00715	0.00920	0.00388	0.00406
27	0.01542	0.27704	0.44242	0.01582	0.02368	0.01820	0.03855	0.02077	0.01381	0.06210	0.01162	0.01317	0.00874	0.00603	0.00555	0.00183	0.00847	0.00453	0.00307	0.00920
28	0.04586	0.01531	0.04035	0.03459	0.05218	0.03821	0.07017	0.10399	0.32253	0.13155	0.02028	0.01999	0.01487	0.00798	0.00736	0.00213	0.05056	0.00654	0.00572	0.00982
29	0.01041	0.00744	0.01041	0.01190	0.01339	0.00744	0.01041	0.01339	0.01487	0.01934	0.03421	0.07288	0.03719	0.01785	0.00892	0.00297	0.00595	0.68913	0.00595	0.00595
30	0.01607	0.01388	0.01461	0.01315	0.01680	0.01607	0.01023	0.03433	0.72094	0.02703	0.02630	0.02411	0.01972	0.00877	0.00657	0.00219	0.00511	0.00731	0.00657	0.01023
31	0.01482	0.01144	0.01354	0.00975	0.01542	0.00869	0.00782	0.01766	0.01386	0.08647	0.01276	0.01418	0.01016	0.00508	0.00494	0.00105	0.00485	0.00407	0.00421	0.73921
32	0.00914	0.00660	0.00864	0.00813	0.00965	0.00610	0.00610	0.01219	0.01829	0.02591	0.72921	0.04827	0.06097	0.01321	0.00762	0.00203	0.00305	0.01169	0.00711	0.00610
33	0.01525	0.01743	0.03813	0.02723	0.03377	0.01634	0.70915	0.02070	0.01525	0.02070	0.01307	0.01743	0.00980	0.00545	0.00763	0.00218	0.01089	0.00763	0.00327	0.00871
34	0.02899	0.01100	0.01499	0.01150	0.01649	0.00950	0.00950	0.03149	0.01849	0.73709	0.02549	0.02199	0.01599	0.00800	0.00650	0.00200	0.00550	0.00650	0.00800	0.01100
35	0.02496	0.01746	0.01899	0.01456	0.01972	0.01908	0.01203	0.64956	0.02930	0.10375	0.01642	0.01610	0.01144	0.00778	0.00647	0.00194	0.00696	0.00588	0.00660	0.01099
36	0.01607	0.01388	0.01461	0.01315	0.01680	0.01607	0.01023	0.03433	0.72094	0.02703	0.02630	0.02411	0.01972	0.00877	0.00657	0.00219	0.00511	0.00731	0.00657	0.01023
37	0.00774	0.00655	0.00668	0.00665	0.00879	0.00550	0.00499	0.00946	0.01496	0.01801	0.10881	0.06127	0.68630	0.01616	0.00764	0.00217	0.00326	0.01351	0.00607	0.00550
38	0.01340	0.01148	0.01340	0.00957	0.01531	0.00861	0.00766	0.01627	0.01340	0.02105	0.01148	0.01340	0.00957	0.00479	0.00479	0.00096	0.00479	0.00383	0.00383	0.81242
39	0.00922	0.00659	0.00905	0.01054	0.01151	0.00641	0.00834	0.01133	0.01370	0.01801	0.03487	0.39873	0.03978	0.01897	0.00861	0.00281	0.00492	0.37502	0.00597	0.00562
40	0.00907	0.00613	0.00714	0.00746	0.00754	0.00605	0.00436	0.00931	0.01003	0.01338	0.02362	0.19767	0.02761	0.61192	0.02762	0.00549	0.00573	0.01132	0.00436	0.00420
41	0.02541	0.01246	0.01528	0.01198	0.01661	0.01217	0.00981	0.19383	0.06872	0.45588	0.04333	0.02147	0.01638	0.00811	0.00640	0.00197	0.00563	0.00651	0.05755	0.01049
42	0.50461	0.01260	0.01446	0.21927	0.08225	0.01458	0.03141	0.01842	0.01196	0.02463	0.01007	0.01302	0.00780	0.00609	0.00499	0.00204	0.00640	0.00443	0.00360	0.00737
43	0.02414	0.03079	0.01831	0.01665	0.01998	0.74698	0.01248	0.02580	0.01831	0.01581	0.00999	0.01165	0.00832	0.00666	0.00583	0.00166	0.01165	0.00416	0.00333	0.00749
44	0.01599	0.01535	0.02623	0.03966	0.73262	0.01535	0.01983	0.01983	0.01471	0.02111	0.01215	0.01599	0.01023	0.00576	0.00640	0.00192	0.00768	0.00576	0.00320	0.01023
45	0.01727	0.77681	0.03386	0.01106	0.01658	0.02557	0.01106	0.01935	0.01313	0.01520	0.00898	0.01036	0.00829	0.00553	0.00415	0.00138	0.00691	0.00345	0.00276	0.00829
46	0.00914	0.00660	0.00864	0.00813	0.00965	0.00610	0.00610	0.01219	0.01829	0.02591	0.72921	0.04827	0.06097	0.01321	0.00762	0.00203	0.00305	0.01169	0.00711	0.00610
47	0.00914	0.00660	0.00864	0.00813	0.00965	0.00610	0.00610	0.01219	0.01829	0.02591	0.72921	0.04827	0.06097	0.01321	0.00762	0.00203	0.00305	0.01169	0.00711	0.00610
48	0.00914	0.00660	0.00864	0.00813	0.00965	0.00610	0.00610	0.01219	0.01829	0.02591	0.72921	0.04827	0.06097	0.01321	0.00762	0.00203	0.00305	0.01169	0.00711	0.00610
49	0.01460	0.31602	0.47122	0.01562	0.02364	0.01902	0.01900	0.02004	0.01345	0.01846	0.01060	0.01240	0.00823	0.00591	0.00538	0.00179	0.00855	0.00427	0.00274	0.00907
50	0.02476	0.01777	0.01919	0.01471	0.01988	0.01956	0.01215	0.68009	0.02984	0.07247	0.01597	0.01581	0.01122	0.00777	0.00647	0.00194	0.00704	0.00585	0.00653	0.01099
51	0.00927	0.00783	0.04189	0.00855	0.01046	0.00648	0.00687	0.01248	0.01797	0.02540	0.67608	0.04711	0.07913	0.01298	0.00755	0.00204	0.00335	0.01143	0.00688	0.00623
52	0.01607	0.01388	0.01461	0.01315	0.01680	0.01607	0.01023	0.03433	0.72094	0.02703	0.02630	0.02411	0.01972	0.00877	0.00657	0.00219	0.00511	0.00731	0.00657	0.01023
53	0.81856	0.01250	0.00950	0.00850	0.01250	0.01449	0.00700	0.01899	0.01100	0.02899	0.00900	0.01050	0.00700	0.00600	0.00400	0.00200	0.00500	0.00350	0.00400	0.00700
54	0.02456	0.01810	0.01939	0.01487	0.02004	0.02004	0.01228	0.71107	0.03038	0.04072	0.01551	0.01551	0.01099	0.00776	0.00646	0.00194	0.00711	0.00582	0.00646	0.01099
55	0.81856	0.01250	0.00950	0.00850	0.01250	0.01449	0.00700	0.01899	0.01100	0.02899	0.00900	0.01050	0.00700	0.00600	0.00400	0.00200	0.00500	0.00350	0.00400	0.00700
56	0.01599	0.01535	0.02623	0.03966	0.73262	0.01535	0.01983	0.01983	0.01471	0.02111	0.01215	0.01599	0.01023	0.00576	0.00640	0.00192	0.00768	0.00576	0.00320	0.01023
57	0.01607	0.01388	0.01461	0.01315	0.01680	0.01607	0.01023	0.03433	0.72094	0.02703	0.02630	0.02411	0.01972	0.00877	0.00657	0.00219	0.00511	0.00731	0.00657	0.01023
58	0.01105	0.00702	0.00879	0.00824	0.01023	0.00627	0.00621	0.01350	0.01687	0.10886	0.41575	0.12039	0.21414	0.01404	0.00755	0.00212	0.00347	0.01219	0.00684	0.00645
59	0.02860	0.01162	0.01538	0.01179	0.01680	0.01042	0.00974	0.09095	0.01953	0.67617	0.02462	0.02143	0.01556	0.00798	0.00649	0.00199	0.00564	0.00644	0.00786	0.01100
60	0.00940	0.00626	0.00705	0.00705	0.00705	0.00626	0.00392	0.00940	0.00940	0.01253	0.02036	0.04228	0.02349	0.77292	0.03289	0.00626	0.00626	0.00940	0.00392	0.00392
61	0.00914	0.00660	0.00864	0.00813	0.00965	0.00610	0.00610	0.01219	0.01829	0.02591	0.72921	0.04827	0.06097	0.01321	0.00762	0.00203	0.00305	0.01169	0.00711	0.00610
62	0.00802	0.00661	0.00709	0.00710	0.00914	0.00567	0.00542	0.00995	0.01526	0.01880	0.16056	0.06080	0.59031	0.01599	0.00771	0.00221	0.00340	0.05422	0.00616	0.00558
63	0.01340	0.01148	0.01340	0.00957	0.01531	0.00861	0.00766	0.01627	0.01340	0.02105	0.01148	0.01340	0.00957	0.00479	0.00479	0.00096	0.00479	0.00383	0.00383	0.81242
64	0.00793	0.00651	0.00698	0.00696	0.00893	0.00556	0.00518	0.00979	0.01526	0.01896	0.18567	0.09655	0.57134	0.01599	0.00767	0.00218	0.00326	0.01353	0.00620	0.00556
65	0.00790	0.00570	0.00742	0.00878	0.00926	0.00529	0.00586	0.00903	0.01243	0.01643	0.03709	0.70010	0.08703	0.04326	0.00897	0.00271	0.00380	0.01778	0.00593	0.00522
66	0.01310	0.03245	0.69701	0.01895	0.02832	0.01509	0.06534	0.02048	0.01374	0.02048	0.01168	0.01387	0.00828	0.00610	0.00623	0.00205	0.00963	0.00495	0.00276	0.00950
67	0.01532	0.01510	0.02365	0.25816	0.47867	0.05932	0.01881	0.01917	0.01438	0.01938	0.01182	0.01611	0.00962	0.00603	0.00638	0.00198	0.00820	0.00566	0.00311	0.00913
68	0.00799	0.00644	0.00712	0.00720	0.00901	0.00556	0.00530	0.00986	0.01518	0.01913	0.20316	0.15148	0.49752	0.01620	0.00771	0.00221	0.00329	0.01384	0.00624	0.00556
69	0.01004	0.00767	0.00852	0.00794	0.01023	0.00706	0.00606	0.05423	0.04470	0.04128	0.26672	0.05244	0.43071	0.01433	0.00749	0.00212	0.00357	0.01211	0.00645	0.00633
70	0.06721	0.01595	0.02269	0.04253	0.23409	0.04081	0.11893	0.19428	0.06258	0.06734	0.01603	0.01786	0.03306	0.00708	0.00693	0.00202	0.03013	0.00624	0.00463	0.00963
71	0.06236	0.14416	0.58896	0.01671	0.02531	0.01657	0.02092	0.02021	0.01340	0.02019	0.01104	0.01296	0.00813	0.00604	0.00571	0.00194	0.00888	0.00450	0.00281	0.00921
72	0.17297	0.04086	0.29381	0.03607	0.02133	0.05482	0.06429	0.01902	0.01383	0.04263	0.09002	0.04696	0.01542	0.00777	0.00693	0.00208	0.05319	0.00607	0.00382	0.00812

[dist]
# distance from previous block
# <min> <max>
1	4

[block]
# block no. 1 follows, 34 sequences, length 36
# corresponding to MSA columns:
# 120-155
name=unknown_B
#
# <colnr> <probs for GDERKNQSTAVLIFYWHMCP>
#	G	D	E	R	K	N	Q	S	T	A	V	L	I	F	Y	W	H	M	C	P
0	0.01948	0.01869	0.02181	0.05620	0.32248	0.19958	0.03611	0.07294	0.01686	0.08624	0.01294	0.01529	0.01017	0.00644	0.00659	0.00184	0.02782	0.00536	0.00393	0.05924
1	0.00915	0.00638	0.00778	0.00837	0.00879	0.00630	0.00548	0.01043	0.03114	0.01540	0.05272	0.29099	0.03255	0.39842	0.02065	0.00446	0.00523	0.07593	0.00500	0.00481
2	0.01556	0.01491	0.02545	0.12107	0.65456	0.01524	0.01962	0.01945	0.01451	0.02059	0.01208	0.01613	0.01005	0.00584	0.00640	0.00195	0.00778	0.00576	0.00316	0.00989
3	0.01552	0.01483	0.02513	0.11444	0.63897	0.01505	0.01927	0.01937	0.01448	0.02062	0.01206	0.01605	0.01004	0.00580	0.00636	0.00192	0.00769	0.00570	0.00318	0.03352
4	0.59135	0.01233	0.01098	0.00935	0.01349	0.01362	0.00768	0.06778	0.01373	0.15370	0.01286	0.01344	0.00926	0.00653	0.00463	0.00197	0.00514	0.00429	0.03993	0.00793
5	0.01500	0.01562	0.02021	0.01724	0.01772	0.08039	0.03469	0.01656	0.01076	0.01573	0.00874	0.01403	0.00851	0.01075	0.01952	0.00271	0.67620	0.00559	0.00288	0.00715
6	0.00940	0.00626	0.00705	0.00705	0.00705	0.00626	0.00392	0.00940	0.00940	0.01253	0.02036	0.04228	0.02349	0.77292	0.03289	0.00626	0.00626	0.00940	0.00392	0.00392
7	0.01323	0.01275	0.01782	0.01552	0.01566	0.01749	0.01274	0.01467	0.00992	0.01529	0.01032	0.01732	0.01038	0.06475	0.11054	0.00397	0.62188	0.00605	0.00297	0.00671
8	0.02285	0.01665	0.01798	0.01425	0.01905	0.01843	0.01162	0.50810	0.19220	0.08222	0.01869	0.01795	0.01337	0.00801	0.00649	0.00200	0.00654	0.00621	0.00659	0.01081
9	0.00789	0.00571	0.00747	0.00880	0.00934	0.00529	0.00593	0.00911	0.01271	0.01684	0.05793	0.69925	0.09035	0.01977	0.00819	0.00258	0.00370	0.01785	0.00603	0.00529
10	0.00795	0.00656	0.00697	0.00687	0.00892	0.00559	0.00515	0.00987	0.01546	0.01919	0.20171	0.05933	0.59265	0.01572	0.00763	0.00215	0.00323	0.01324	0.00623	0.00559
11	0.00803	0.00641	0.00720	0.00732	0.00905	0.00557	0.00537	0.00992	0.01519	0.01931	0.21829	0.17466	0.45839	0.01625	0.00773	0.00222	0.00330	0.01395	0.00626	0.00557
12	0.02364	0.01566	0.01740	0.01377	0.01857	0.01692	0.01124	0.41758	0.17932	0.18635	0.02001	0.01878	0.01397	0.00803	0.00650	0.00201	0.00633	0.00629	0.00682	0.01082
13	0.01340	0.01148	0.01340	0.00957	0.01531	0.00861	0.00766	0.01627	0.01340	0.02105	0.01148	0.01340	0.00957	0.00479	0.00479	0.00096	0.00479	0.00383	0.00383	0.81242
14	0.01607	0.01388	0.01461	0.01315	0.01680	0.01607	0.01023	0.03433	0.72094	0.02703	0.02630	0.02411	0.01972	0.00877	0.00657	0.00219	0.00511	0.00731	0.00657	0.01023
15	0.01248	0.01177	0.01988	0.70519	0.09455	0.01443	0.01808	0.01675	0.01305	0.01684	0.01153	0.01714	0.00873	0.00641	0.00646	0.00214	0.00855	0.00574	0.00289	0.00740
16	0.01296	0.03342	0.73944	0.01842	0.02797	0.01501	0.02387	0.02046	0.01364	0.02046	0.01160	0.01364	0.00818	0.00614	0.00614	0.00205	0.00955	0.00477	0.00273	0.00955
17	0.00787	0.00562	0.00750	0.00900	0.00937	0.00525	0.00600	0.00900	0.01237	0.01649	0.03561	0.76871	0.04274	0.02024	0.00825	0.00262	0.00375	0.01837	0.00600	0.00525
18	0.02650	0.01500	0.01747	0.01339	0.01849	0.01544	0.01107	0.41435	0.02519	0.34477	0.01987	0.01834	0.01317	0.00786	0.00648	0.00197	0.00641	0.00611	0.00713	0.01099
19	0.01973	0.01848	0.02040	0.12272	0.20492	0.16200	0.01486	0.24730	0.05720	0.02610	0.01413	0.01727	0.01118	0.00721	0.00640	0.00195	0.00822	0.02603	0.00451	0.00939
20	0.01525	0.01743	0.03813	0.02723	0.03377	0.01634	0.70915	0.02070	0.01525	0.02070	0.01307	0.01743	0.00980	0.00545	0.00763	0.00218	0.01089	0.00763	0.00327	0.00871
21	0.00799	0.00680	0.00691	0.00684	0.00904	0.00584	0.00514	0.01024	0.03866	0.01815	0.09309	0.06029	0.67689	0.01597	0.00760	0.00218	0.00332	0.01334	0.00607	0.00564
22	0.01495	0.01947	0.13953	0.02398	0.06982	0.05386	0.42974	0.01976	0.01435	0.01951	0.01275	0.01781	0.01028	0.05537	0.00990	0.00243	0.06802	0.00686	0.00319	0.00843
23	0.11170	0.10515	0.01828	0.01438	0.06292	0.05542	0.01105	0.25694	0.14305	0.06314	0.01860	0.04138	0.03759	0.00820	0.00604	0.00197	0.00643	0.02294	0.00542	0.00937
24	0.00909	0.00656	0.00859	0.00817	0.00964	0.00606	0.00609	0.01205	0.01803	0.02550	0.69895	0.07969	0.06017	0.01352	0.00765	0.00206	0.00308	0.01198	0.00706	0.00606
25	0.00832	0.00649	0.00706	0.00696	0.00852	0.00576	0.00491	0.00986	0.01420	0.01796	0.18225	0.05501	0.44181	0.18727	0.01336	0.00308	0.00391	0.01230	0.00574	0.00523
26	0.01607	0.20329	0.19473	0.01660	0.02201	0.13885	0.12948	0.04030	0.01473	0.01838	0.01356	0.09683	0.01243	0.00784	0.00689	0.00195	0.04803	0.00641	0.00341	0.00821
27	0.02218	0.03757	0.09518	0.01563	0.04260	0.01774	0.03022	0.42503	0.10671	0.11527	0.01718	0.01700	0.01217	0.00756	0.00641	0.00198	0.00705	0.00594	0.00599	0.01060
28	0.00940	0.00626	0.00705	0.00705	0.00705	0.00626	0.00392	0.00940	0.00940	0.01253	0.02036	0.04228	0.02349	0.77292	0.03289	0.00626	0.00626	0.00940	0.00392	0.00392
29	0.00795	0.00566	0.00747	0.00890	0.00925	0.00530	0.00589	0.00902	0.01222	0.01629	0.03482	0.73076	0.04173	0.05956	0.00953	0.00281	0.00388	0.01790	0.00589	0.00518
30	0.01689	0.07390	0.23749	0.02083	0.15427	0.03724	0.09118	0.06467	0.09114	0.09431	0.04440	0.01769	0.01311	0.00682	0.00636	0.00198	0.00793	0.00594	0.00424	0.00960
31	0.01259	0.01183	0.01761	0.01494	0.01616	0.01479	0.07136	0.01455	0.01066	0.01596	0.01221	0.01947	0.01179	0.08314	0.19679	0.00478	0.40351	0.00633	0.00317	0.05835
32	0.00936	0.00682	0.00989	0.00989	0.01095	0.00782	0.00754	0.01148	0.01042	0.01513	0.01775	0.02694	0.01687	0.11570	0.64961	0.00964	0.01568	0.00712	0.03578	0.00560
33	0.01349	0.01238	0.03981	0.01004	0.01583	0.00915	0.00835	0.01717	0.04256	0.02128	0.01210	0.01385	0.00994	0.00500	0.00491	0.00105	0.00497	0.00401	0.00390	0.75022
34	0.09245	0.24908	0.33274	0.01474	0.02160	0.01898	0.01647	0.11759	0.01547	0.02240	0.01102	0.01265	0.00851	0.00636	0.00594	0.00186	0.03527	0.00444	0.00339	0.00905
35	0.11048	0.33264	0.17860	0.01523	0.06520	0.14497	0.01417	0.03851	0.01443	0.01907	0.01009	0.01180	0.00832	0.00598	0.00505	0.00169	0.00812	0.00407	0.00312	0.00847

[dist]
# distance from previous block
# <min> <max>
0	5

[block]
# block no. 2 follows, 34 sequences, length 115
# corresponding to MSA columns:
# 161-275
name=unknown_C
#
# <colnr> <probs for GDERKNQSTAVLIFYWHMCP>
#	G	D	E	R	K	N	Q	S	T	A	V	L	I	F	Y	W	H	M	C	P
0	0.01378	0.01203	0.01345	0.00991	0.01532	0.03303	0.00786	0.03326	0.01393	0.02116	0.01258	0.04625	0.01101	0.00559	0.00501	0.00108	0.00502	0.00452	0.00397	0.73123
1	0.00773	0.00651	0.00670	0.00674	0.00881	0.00548	0.00502	0.00942	0.01482	0.01787	0.09979	0.09218	0.66417	0.01636	0.00766	0.00219	0.00328	0.01374	0.00606	0.00548
2	0.04458	0.01392	0.02354	0.29640	0.43443	0.01499	0.04197	0.01863	0.01395	0.01973	0.01183	0.01628	0.00952	0.00601	0.00637	0.00202	0.00802	0.00573	0.00311	0.00896
3	0.02193	0.01500	0.01613	0.01269	0.01701	0.01633	0.01038	0.51904	0.02596	0.07127	0.01727	0.01779	0.01250	0.00772	0.00602	0.00184	0.00610	0.00590	0.18928	0.00986
4	0.01528	0.01735	0.03770	0.02768	0.05907	0.01630	0.68419	0.02067	0.01523	0.02071	0.01304	0.01738	0.00982	0.00546	0.00758	0.00217	0.01078	0.00756	0.00327	0.00877
5	0.00786	0.00566	0.00746	0.00891	0.00935	0.00526	0.00596	0.00901	0.01245	0.01653	0.03667	0.74371	0.06705	0.02011	0.00823	0.00261	0.00373	0.01820	0.00600	0.00526
6	0.00793	0.00581	0.00745	0.00862	0.00931	0.00533	0.00586	0.00925	0.01308	0.01726	0.08641	0.62876	0.13267	0.01927	0.00813	0.00253	0.00364	0.01731	0.00607	0.00533
7	0.00887	0.00659	0.00826	0.00784	0.00949	0.00598	0.00588	0.01167	0.01765	0.02439	0.60982	0.05077	0.18130	0.01378	0.00762	0.00206	0.00309	0.01204	0.00691	0.00598
8	0.81856	0.01250	0.00950	0.00850	0.01250	0.01449	0.00700	0.01899	0.01100	0.02899	0.00900	0.01050	0.00700	0.00600	0.00400	0.00200	0.00500	0.00350	0.00400	0.00700
9	0.01720	0.01444	0.01525	0.01338	0.01723	0.01660	0.01050	0.12459	0.62885	0.02886	0.02486	0.02296	0.01856	0.00863	0.00656	0.00216	0.00538	0.00711	0.00656	0.01033
10	0.07909	0.10479	0.01941	0.01487	0.01882	0.42094	0.01179	0.15155	0.01923	0.06154	0.01165	0.01280	0.00915	0.00691	0.00615	0.00176	0.03249	0.00452	0.00414	0.00837
11	0.01695	0.03960	0.20847	0.01691	0.02291	0.01511	0.15610	0.13157	0.13062	0.09193	0.06865	0.02087	0.03511	0.00761	0.00669	0.00206	0.00765	0.00679	0.00494	0.00946
12	0.03975	0.01646	0.02006	0.04655	0.15907	0.08229	0.04370	0.26773	0.02074	0.11123	0.04046	0.01888	0.01336	0.00786	0.00754	0.00203	0.06039	0.02715	0.00515	0.00959
13	0.02010	0.01684	0.01682	0.01410	0.01835	0.07215	0.01122	0.30699	0.38970	0.03172	0.02073	0.01971	0.01535	0.00820	0.00647	0.00205	0.00641	0.00647	0.00629	0.01033
14	0.00899	0.00660	0.00842	0.00797	0.00956	0.00603	0.00598	0.01190	0.01793	0.02505	0.66155	0.04968	0.12916	0.01353	0.00762	0.00205	0.00307	0.01188	0.00700	0.00603
15	0.01220	0.01148	0.01938	0.75739	0.04450	0.01436	0.01794	0.01651	0.01292	0.01651	0.01148	0.01723	0.00861	0.00646	0.00646	0.00215	0.00861	0.00574	0.00287	0.00718
16	0.01727	0.77681	0.03386	0.01106	0.01658	0.02557	0.01106	0.01935	0.01313	0.01520	0.00898	0.01036	0.00829	0.00553	0.00415	0.00138	0.00691	0.00345	0.00276	0.00829
17	0.01773	0.72762	0.03283	0.01142	0.01681	0.07313	0.01115	0.01977	0.01347	0.01524	0.00905	0.01045	0.00829	0.00560	0.00426	0.00140	0.00722	0.00350	0.00280	0.00824
18	0.00948	0.00663	0.00837	0.00805	0.00961	0.00604	0.00594	0.01198	0.01680	0.04720	0.50886	0.12166	0.15275	0.04714	0.00874	0.00230	0.00337	0.01237	0.00673	0.00599
19	0.02432	0.02126	0.03791	0.01457	0.01891	0.31109	0.01170	0.15161	0.09888	0.21951	0.01710	0.01663	0.01218	0.00744	0.00622	0.00188	0.00836	0.00547	0.00552	0.00945
20	0.01869	0.15638	0.07235	0.05876	0.03761	0.08946	0.03765	0.12458	0.07929	0.10809	0.01609	0.01829	0.02886	0.05076	0.00881	0.00220	0.07304	0.00579	0.00452	0.00878
21	0.00914	0.00620	0.00708	0.00725	0.00739	0.00611	0.00420	0.00934	0.00997	0.01320	0.02409	0.12733	0.05647	0.65277	0.02893	0.00566	0.00584	0.01062	0.00425	0.00414
22	0.00978	0.00667	0.00856	0.00952	0.01064	0.00639	0.00700	0.01224	0.04810	0.04912	0.03620	0.49524	0.09094	0.01795	0.00802	0.00256	0.00422	0.13484	0.03609	0.00591
23	0.01513	0.23227	0.34426	0.08949	0.02656	0.07053	0.09751	0.02018	0.01395	0.01833	0.01092	0.01339	0.00845	0.00596	0.00577	0.00186	0.00904	0.00479	0.00286	0.00873
24	0.02085	0.12519	0.07844	0.03749	0.03999	0.50100	0.01343	0.02320	0.01643	0.01623	0.01037	0.01259	0.00871	0.00839	0.03836	0.00209	0.03194	0.00437	0.00318	0.00774
25	0.01327	0.01250	0.02079	0.55555	0.20577	0.01467	0.01805	0.01807	0.04415	0.01805	0.01229	0.01723	0.00948	0.00639	0.00645	0.00210	0.00824	0.00581	0.00311	0.00803
26	0.01340	0.01148	0.01340	0.00957	0.01531	0.00861	0.00766	0.01627	0.01340	0.02105	0.01148	0.01340	0.00957	0.00479	0.00479	0.00096	0.00479	0.00383	0.00383	0.81242
27	0.01567	0.01642	0.03457	0.02499	0.03102	0.01545	0.61168	0.04230	0.01569	0.05224	0.01513	0.06557	0.01222	0.00658	0.00758	0.00219	0.01008	0.00821	0.00375	0.00866
28	0.00771	0.00646	0.00670	0.00683	0.00882	0.00546	0.00505	0.00935	0.01463	0.01765	0.08511	0.12755	0.64334	0.01662	0.00769	0.00222	0.00331	0.01401	0.00604	0.00546
29	0.00787	0.00562	0.00750	0.00900	0.00937	0.00525	0.00600	0.00900	0.01237	0.01649	0.03561	0.76871	0.04274	0.02024	0.00825	0.00262	0.00375	0.01837	0.00600	0.00525
30	0.00864	0.00658	0.00794	0.00760	0.00934	0.00588	0.00570	0.01121	0.01710	0.02308	0.50678	0.05293	0.28516	0.01427	0.00763	0.00208	0.00312	0.01234	0.00674	0.00588
31	0.81856	0.01250	0.00950	0.00850	0.01250	0.01449	0.00700	0.01899	0.01100	0.02899	0.00900	0.01050	0.00700	0.00600	0.00400	0.00200	0.00500	0.00350	0.00400	0.00700
32	0.01607	0.01388	0.01461	0.01315	0.01680	0.01607	0.01023	0.03433	0.72094	0.02703	0.02630	0.02411	0.01972	0.00877	0.00657	0.00219	0.00511	0.00731	0.00657	0.01023
33	0.01340	0.01148	0.01340	0.00957	0.01531	0.00861	0.00766	0.01627	0.01340	0.02105	0.01148	0.01340	0.00957	0.00479	0.00479	0.00096	0.00479	0.00383	0.00383	0.81242
34	0.81856	0.01250	0.00950	0.00850	0.01250	0.01449	0.00700	0.01899	0.01100	0.02899	0.00900	0.01050	0.00700	0.00600	0.00400	0.00200	0.00500	0.00350	0.00400	0.00700
35	0.01220	0.01148	0.01938	0.75739	0.04450	0.01436	0.01794	0.01651	0.01292	0.01651	0.01148	0.01723	0.00861	0.00646	0.00646	0.00215	0.00861	0.00574	0.00287	0.00718
36	0.00844	0.00637	0.00780	0.00788	0.00933	0.00573	0.00574	0.01068	0.01600	0.02149	0.39194	0.20985	0.24390	0.01563	0.00776	0.00220	0.00326	0.01369	0.00656	0.00573
37	0.00825	0.00616	0.00881	0.00972	0.01035	0.00577	0.03651	0.00952	0.01239	0.01653	0.03408	0.70978	0.04061	0.04679	0.00911	0.00274	0.00415	0.01758	0.00580	0.00535
38	0.01674	0.68540	0.12062	0.01196	0.01798	0.02427	0.01263	0.01948	0.01319	0.01585	0.00930	0.01077	0.00828	0.00560	0.00439	0.00146	0.00723	0.00362	0.00276	0.00845
39	0.00927	0.00621	0.00708	0.00720	0.00724	0.00618	0.00408	0.00936	0.00964	0.01285	0.02159	0.10103	0.02505	0.71205	0.03089	0.00597	0.00606	0.01012	0.00408	0.00402
40	0.00797	0.00573	0.00741	0.00871	0.00916	0.00534	0.00578	0.00904	0.01229	0.01626	0.03625	0.67258	0.08213	0.07611	0.01005	0.00287	0.00391	0.01742	0.00584	0.00516
41	0.07980	0.01716	0.03176	0.02845	0.21318	0.05248	0.43913	0.02059	0.01493	0.02122	0.01235	0.01621	0.00962	0.00563	0.00693	0.00207	0.00963	0.00664	0.00331	0.00891
42	0.01532	0.06841	0.01501	0.01372	0.06875	0.03858	0.01035	0.14896	0.04135	0.06369	0.02734	0.09326	0.08391	0.06085	0.00894	0.00256	0.00616	0.21964	0.00552	0.00768
43	0.03711	0.01209	0.01410	0.01133	0.03965	0.01059	0.00866	0.09172	0.06888	0.04692	0.07471	0.01768	0.01503	0.00629	0.00543	0.00134	0.00503	0.00511	0.00471	0.52362
44	0.08085	0.01629	0.01693	0.03827	0.07617	0.13440	0.01146	0.16966	0.06555	0.27959	0.03465	0.01824	0.01364	0.00753	0.00622	0.00194	0.00700	0.00585	0.00596	0.00979
45	0.00889	0.00659	0.00828	0.00786	0.00950	0.00599	0.00590	0.01170	0.01769	0.02449	0.61732	0.05061	0.17375	0.01374	0.00762	0.00206	0.00309	0.01201	0.00693	0.00599
46	0.01592	0.01538	0.02639	0.03866	0.69218	0.01551	0.03948	0.01973	0.01459	0.02094	0.01208	0.01598	0.01017	0.00591	0.00685	0.00195	0.02919	0.00581	0.00319	0.01010
47	0.01715	0.01409	0.01501	0.01313	0.01703	0.01597	0.01030	0.09391	0.61392	0.05056	0.02483	0.02292	0.01849	0.00852	0.00650	0.00212	0.00529	0.00703	0.00652	0.03670
48	0.02152	0.01602	0.02040	0.01765	0.08675	0.01707	0.08323	0.37623	0.13663	0.10967	0.01827	0.03652	0.01353	0.00783	0.00664	0.00203	0.00697	0.00662	0.00601	0.01042
49	0.02415	0.01658	0.01825	0.01421	0.01910	0.01799	0.01171	0.59044	0.02800	0.12029	0.01783	0.04173	0.01330	0.00846	0.00659	0.00200	0.00678	0.02530	0.00661	0.01067
50	0.01204	0.00602	0.00602	0.00602	0.00753	0.00602	0.00452	0.01506	0.01355	0.02409	0.02108	0.02409	0.01656	0.00753	0.00452	0.00151	0.00301	0.00602	0.80879	0.00602
51	0.34361	0.01777	0.04663	0.01263	0.01734	0.08981	0.01068	0.33438	0.02065	0.03264	0.01217	0.01303	0.00900	0.00687	0.00539	0.00194	0.00682	0.00467	0.00500	0.00897
52	0.01238	0.00791	0.01044	0.01081	0.01284	0.00771	0.00900	0.01578	0.05137	0.10832	0.07554	0.10444	0.11705	0.01721	0.04036	0.00297	0.00572	0.37727	0.00620	0.00669
53	0.01064	0.00705	0.00899	0.00849	0.01020	0.00658	0.00636	0.03456	0.01758	0.06464	0.52394	0.13913	0.07520	0.01352	0.00747	0.00209	0.00341	0.01190	0.04185	0.00639
54	0.00855	0.00658	0.00781	0.00751	0.00929	0.00584	0.00563	0.01104	0.01689	0.02258	0.46801	0.05374	0.32424	0.01445	0.00763	0.00209	0.00314	0.01245	0.00667	0.00584
55	0.00793	0.00569	0.00754	0.00900	0.00945	0.00531	0.00608	0.00911	0.01249	0.01659	0.03635	0.73341	0.06045	0.02008	0.00825	0.00262	0.00379	0.03458	0.00600	0.00527
56	0.01727	0.77681	0.03386	0.01106	0.01658	0.02557	0.01106	0.01935	0.01313	0.01520	0.00898	0.01036	0.00829	0.00553	0.00415	0.00138	0.00691	0.00345	0.00276	0.00829
57	0.01296	0.03342	0.73944	0.01842	0.02797	0.01501	0.02387	0.02046	0.01364	0.02046	0.01160	0.01364	0.00818	0.00614	0.00614	0.00205	0.00955	0.00477	0.00273	0.00955
58	0.02899	0.01100	0.01499	0.01150	0.01649	0.00950	0.00950	0.03149	0.01849	0.73709	0.02549	0.02199	0.01599	0.00800	0.00650	0.00200	0.00550	0.00650	0.00800	0.01100
59	0.01727	0.77681	0.03386	0.01106	0.01658	0.02557	0.01106	0.01935	0.01313	0.01520	0.00898	0.01036	0.00829	0.00553	0.00415	0.00138	0.00691	0.00345	0.00276	0.00829
60	0.01349	0.01279	0.02170	0.51431	0.27755	0.01469	0.01858	0.01763	0.01353	0.01807	0.01171	0.01681	0.00916	0.00622	0.00644	0.00207	0.00830	0.00575	0.00298	0.00821
61	0.00787	0.00562	0.00750	0.00900	0.00937	0.00525	0.00600	0.00900	0.01237	0.01649	0.03561	0.76871	0.04274	0.02024	0.00825	0.00262	0.00375	0.01837	0.00600	0.00525
62	0.00787	0.00562	0.00750	0.00900	0.00937	0.00525	0.00600	0.00900	0.01237	0.01649	0.03561	0.76871	0.04274	0.02024	0.00825	0.00262	0.00375	0.01837	0.00600	0.00525
63	0.01709	0.74458	0.06445	0.01137	0.01708	0.02511	0.01161	0.01940	0.01315	0.01543	0.00910	0.01051	0.00829	0.00555	0.00423	0.00141	0.00702	0.00351	0.00276	0.00835
64	0.04257	0.03046	0.01136	0.01016	0.01258	0.00896	0.00820	0.08400	0.01715	0.10737	0.22065	0.12052	0.09544	0.01485	0.03367	0.00258	0.00516	0.16092	0.00632	0.00707
65	0.06358	0.08202	0.01981	0.01466	0.01937	0.19325	0.01197	0.45756	0.02515	0.03215	0.01335	0.01393	0.00994	0.00723	0.00600	0.00183	0.00807	0.00512	0.00530	0.00974
66	0.00940	0.00626	0.00705	0.00705	0.00705	0.00626	0.00392	0.00940	0.00940	0.01253	0.02036	0.04228	0.02349	0.77292	0.03289	0.00626	0.00626	0.00940	0.00392	0.00392
67	0.03914	0.01332	0.16406	0.01166	0.01488	0.00938	0.04596	0.03539	0.01382	0.01942	0.11103	0.19478	0.10943	0.13594	0.01175	0.00292	0.02425	0.03150	0.00483	0.00655
68	0.17121	0.01533	0.02229	0.03174	0.53948	0.04683	0.01670	0.02031	0.01428	0.04594	0.01189	0.01494	0.00972	0.00592	0.00591	0.00193	0.00726	0.00528	0.00352	0.00952
69	0.01678	0.69087	0.11543	0.01191	0.01790	0.02435	0.01254	0.01948	0.01319	0.01581	0.00928	0.01074	0.00828	0.00560	0.00438	0.00146	0.00722	0.00361	0.00276	0.00844
70	0.00947	0.00737	0.00871	0.00830	0.01024	0.00699	0.00631	0.01370	0.09069	0.02341	0.44503	0.05043	0.24881	0.01378	0.00755	0.00212	0.00341	0.03063	0.00670	0.00634
71	0.01318	0.05924	0.69296	0.01843	0.02774	0.01542	0.04444	0.02043	0.01367	0.02028	0.01155	0.01364	0.00824	0.00610	0.00611	0.00203	0.00950	0.00482	0.00275	0.00948
72	0.05346	0.01786	0.01983	0.14883	0.21885	0.17071	0.01477	0.11493	0.11023	0.04713	0.01420	0.01625	0.01096	0.00682	0.00622	0.00195	0.00808	0.00556	0.00425	0.00911
73	0.00764	0.00655	0.00655	0.00655	0.00873	0.00545	0.00491	0.00927	0.01473	0.01745	0.06546	0.06218	0.73000	0.01636	0.00764	0.00218	0.00327	0.01364	0.00600	0.00545
74	0.00803	0.00574	0.00768	0.00918	0.00963	0.00539	0.00628	0.00928	0.01253	0.01668	0.03552	0.72422	0.04238	0.02009	0.00829	0.00265	0.00389	0.06125	0.00599	0.00529
75	0.04628	0.01711	0.02192	0.22559	0.27512	0.13686	0.04152	0.09916	0.01637	0.02135	0.01182	0.01536	0.00938	0.00648	0.00669	0.00198	0.02923	0.00548	0.00353	0.00878
76	0.01008	0.00766	0.00915	0.00943	0.01097	0.00760	0.00703	0.04333	0.09202	0.02027	0.13162	0.28824	0.15930	0.06697	0.00954	0.00268	0.00434	0.10749	0.00609	0.00620
77	0.00787	0.00562	0.00750	0.00900	0.00937	0.00525	0.00600	0.00900	0.01237	0.01649	0.03561	0.76871	0.04274	0.02024	0.00825	0.00262	0.00375	0.01837	0.00600	0.00525
78	0.01340	0.01148	0.01340	0.00957	0.01531	0.00861	0.00766	0.01627	0.01340	0.02105	0.01148	0.01340	0.00957	0.00479	0.00479	0.00096	0.00479	0.00383	0.00383	0.81242
79	0.01599	0.01535	0.02623	0.03966	0.73262	0.01535	0.01983	0.01983	0.01471	0.02111	0.01215	0.01599	0.01023	0.00576	0.00640	0.00192	0.00768	0.00576	0.00320	0.01023
80	0.01525	0.01743	0.03813	0.02723	0.03377	0.01634	0.70915	0.02070	0.01525	0.02070	0.01307	0.01743	0.00980	0.00545	0.00763	0.00218	0.01089	0.00763	0.00327	0.00871
81	0.01220	0.01148	0.01938	0.75739	0.04450	0.01436	0.01794	0.01651	0.01292	0.01651	0.01148	0.01723	0.00861	0.00646	0.00646	0.00215	0.00861	0.00574	0.00287	0.00718
82	0.01220	0.01148	0.01938	0.75739	0.04450	0.01436	0.01794	0.01651	0.01292	0.01651	0.01148	0.01723	0.00861	0.00646	0.00646	0.00215	0.00861	0.00574	0.00287	0.00718
83	0.01607	0.01388	0.01461	0.01315	0.01680	0.01607	0.01023	0.03433	0.72094	0.02703	0.02630	0.02411	0.01972	0.00877	0.00657	0.00219	0.00511	0.00731	0.00657	0.01023
84	0.81856	0.01250	0.00950	0.00850	0.01250	0.01449	0.00700	0.01899	0.01100	0.02899	0.00900	0.01050	0.00700	0.00600	0.00400	0.00200	0.00500	0.00350	0.00400	0.00700
85	0.00787	0.00562	0.00750	0.00900	0.00937	0.00525	0.00600	0.00900	0.01237	0.01649	0.03561	0.76871	0.04274	0.02024	0.00825	0.00262	0.00375	0.01837	0.00600	0.00525
86	0.00940	0.00626	0.00705	0.00705	0.00705	0.00626	0.00392	0.00940	0.00940	0.01253	0.02036	0.04228	0.02349	0.77292	0.03289	0.00626	0.00626	0.00940	0.00392	0.00392
87	0.02456	0.01810	0.01939	0.01487	0.02004	0.02004	0.01228	0.71107	0.03038	0.04072	0.01551	0.01551	0.01099	0.00776	0.00646	0.00194	0.00711	0.00582	0.00646	0.01099
88	0.02899	0.01100	0.01499	0.01150	0.01649	0.00950	0.00950	0.03149	0.01849	0.73709	0.02549	0.02199	0.01599	0.00800	0.00650	0.00200	0.00550	0.00650	0.00800	0.01100
89	0.01607	0.01388	0.01461	0.01315	0.01680	0.01607	0.01023	0.03433	0.72094	0.02703	0.02630	0.02411	0.01972	0.00877	0.00657	0.00219	0.00511	0.00731	0.00657	0.01023
90	0.00805	0.00661	0.00715	0.00736	0.00935	0.00571	0.00566	0.00990	0.01484	0.01811	0.09773	0.09339	0.58208	0.01653	0.00781	0.00228	0.00359	0.09224	0.00606	0.00554
91	0.06569	0.04329	0.07392	0.13512	0.07692	0.07061	0.01418	0.34422	0.06370	0.02973	0.01398	0.01546	0.01035	0.00708	0.00618	0.00196	0.00766	0.00548	0.00488	0.00960
92	0.02379	0.01907	0.07729	0.01503	0.02054	0.01924	0.01311	0.63000	0.02859	0.06510	0.01557	0.01560	0.01095	0.00764	0.00644	0.00195	0.00725	0.00576	0.00622	0.01087
93	0.02833	0.01086	0.01474	0.01134	0.01626	0.00937	0.00936	0.03081	0.01838	0.71502	0.02672	0.02323	0.03790	0.00825	0.00653	0.00200	0.00543	0.00672	0.00794	0.01083
94	0.81856	0.01250	0.00950	0.00850	0.01250	0.01449	0.00700	0.01899	0.01100	0.02899	0.00900	0.01050	0.00700	0.00600	0.00400	0.00200	0.00500	0.00350	0.00400	0.00700
95	0.02126	0.22516	0.04943	0.01468	0.01962	0.19230	0.05094	0.19304	0.07333	0.08028	0.01378	0.01442	0.01053	0.00680	0.00575	0.00177	0.00815	0.00502	0.00454	0.00920
96	0.01691	0.16421	0.05527	0.01992	0.02529	0.13787	0.33790	0.03938	0.05837	0.01951	0.01383	0.05655	0.01165	0.00676	0.00655	0.00196	0.00937	0.00668	0.00360	0.00842
97	0.00784	0.00655	0.00683	0.00676	0.00885	0.00554	0.00507	0.00967	0.01521	0.01859	0.15492	0.06031	0.63982	0.01594	0.00763	0.00216	0.00324	0.01337	0.00615	0.00554
98	0.00940	0.00626	0.00705	0.00705	0.00705	0.00626	0.00392	0.00940	0.00940	0.01253	0.02036	0.04228	0.02349	0.77292	0.03289	0.00626	0.00626	0.00940	0.00392	0.00392
99	0.01554	0.01501	0.02598	0.11898	0.62575	0.01528	0.04951	0.01950	0.01454	0.02058	0.01212	0.01619	0.01004	0.00582	0.00646	0.00196	0.00792	0.00584	0.00316	0.00983
100	0.01669	0.01341	0.01435	0.01279	0.01649	0.01522	0.00998	0.03323	0.64520	0.07746	0.02766	0.02533	0.04512	0.00899	0.00661	0.00218	0.00507	0.00748	0.00666	0.01011
101	0.81856	0.01250	0.00950	0.00850	0.01250	0.01449	0.00700	0.01899	0.01100	0.02899	0.00900	0.01050	0.00700	0.00600	0.00400	0.00200	0.00500	0.00350	0.00400	0.00700
102	0.00880	0.00629	0.00856	0.01006	0.01084	0.00605	0.00761	0.01060	0.01329	0.01753	0.03510	0.51458	0.04071	0.01937	0.00849	0.00275	0.00455	0.26334	0.00598	0.00550
103	0.01237	0.01159	0.01917	0.72501	0.04330	0.01443	0.01761	0.01728	0.04372	0.01697	0.01213	0.01753	0.00910	0.00656	0.00646	0.00215	0.00846	0.00581	0.00303	0.00731
104	0.02414	0.03079	0.01831	0.01665	0.01998	0.74698	0.01248	0.02580	0.01831	0.01581	0.00999	0.01165	0.00832	0.00666	0.00583	0.00166	0.01165	0.00416	0.00333	0.00749
105	0.01340	0.01148	0.01340	0.00957	0.01531	0.00861	0.00766	0.01627	0.01340	0.02105	0.01148	0.01340	0.00957	0.00479	0.00479	0.00096	0.00479	0.00383	0.00383	0.81242
106	0.00909	0.00660	0.00856	0.00807	0.00962	0.00607	0.00605	0.01209	0.01816	0.02560	0.70518	0.04877	0.08519	0.01332	0.00762	0.00204	0.00306	0.01176	0.00707	0.00607
107	0.01555	0.01490	0.02543	0.12307	0.65265	0.01524	0.01961	0.01944	0.01450	0.02057	0.01208	0.01614	0.01005	0.00584	0.00640	0.00195	0.00778	0.00576	0.00316	0.00988
108	0.00810	0.00656	0.00719	0.00703	0.00901	0.00565	0.00527	0.01017	0.01582	0.02005	0.26947	0.05791	0.52436	0.01539	0.00763	0.00214	0.00320	0.01304	0.00634	0.00565
109	0.02046	0.01452	0.01729	0.01663	0.10905	0.01568	0.01180	0.19039	0.33764	0.16220	0.02181	0.02066	0.01577	0.00800	0.00651	0.00206	0.00598	0.00661	0.00638	0.01055
110	0.00914	0.00660	0.00864	0.00813	0.00965	0.00610	0.00610	0.01219	0.01829	0.02591	0.72921	0.04827	0.06097	0.01321	0.00762	0.00203	0.00305	0.01169	0.00711	0.00610
111	0.02110	0.02519	0.02080	0.05588	0.24126	0.48912	0.01499	0.02355	0.01696	0.01748	0.01072	0.01323	0.00893	0.00637	0.00603	0.00176	0.01029	0.00472	0.00327	0.00833
112	0.05284	0.01703	0.01815	0.01419	0.01903	0.01889	0.01164	0.59775	0.08747	0.03848	0.04713	0.01747	0.01374	0.00801	0.00643	0.00197	0.00669	0.00611	0.00641	0.01056
113	0.01645	0.04978	0.06510	0.05921	0.48264	0.03465	0.03498	0.07541	0.01547	0.02161	0.01188	0.01539	0.00983	0.00645	0.00759	0.00199	0.07289	0.00560	0.00338	0.00968
114	0.03792	0.01821	0.01704	0.05699	0.06183	0.24219	0.03668	0.14139	0.03898	0.04962	0.10133	0.04153	0.07407	0.00895	0.00723	0.00197	0.04419	0.00699	0.00483	0.00809

[dist]
# distance from previous block
# <min> <max>
0	2

[block]
# block no. 3 follows, 34 sequences, length 56
# corresponding to MSA columns:
# 278-333
name=unknown_D
#
# <colnr> <probs for GDERKNQSTAVLIFYWHMCP>
#	G	D	E	R	K	N	Q	S	T	A	V	L	I	F	Y	W	H	M	C	P
0	0.01802	0.01587	0.02458	0.10860	0.16481	0.07062	0.20660	0.11109	0.01727	0.10412	0.03213	0.04943	0.01308	0.00727	0.00719	0.00207	0.02693	0.00692	0.00437	0.00905
1	0.07625	0.01508	0.04071	0.01248	0.01735	0.11426	0.01043	0.07061	0.01855	0.52486	0.02120	0.01915	0.01379	0.00761	0.00623	0.00195	0.00657	0.00588	0.00682	0.01021
2	0.01340	0.01148	0.01340	0.00957	0.01531	0.00861	0.00766	0.01627	0.01340	0.02105	0.01148	0.01340	0.00957	0.00479	0.00479	0.00096	0.00479	0.00383	0.00383	0.81242
3	0.02027	0.06995	0.11353	0.01615	0.04709	0.01774	0.05990	0.36152	0.10165	0.06961	0.04625	0.01777	0.01370	0.00753	0.00640	0.00197	0.00720	0.00609	0.00552	0.01015
4	0.05163	0.01666	0.01768	0.01411	0.01879	0.01860	0.01148	0.51870	0.18235	0.03667	0.01814	0.03520	0.01353	0.00821	0.00644	0.00201	0.00651	0.00636	0.00639	0.01054
5	0.00786	0.00568	0.00744	0.00884	0.00933	0.00526	0.00593	0.00901	0.01252	0.01656	0.03754	0.72313	0.08706	0.01999	0.00821	0.00260	0.00372	0.01806	0.00600	0.00526
6	0.16928	0.08311	0.02057	0.02066	0.21841	0.12171	0.01342	0.19916	0.01823	0.02614	0.01169	0.01366	0.00931	0.00668	0.00636	0.00190	0.04151	0.00492	0.00416	0.00912
7	0.00802	0.00615	0.00723	0.00800	0.00918	0.00552	0.00566	0.00939	0.01331	0.01680	0.04710	0.38538	0.33017	0.06703	0.00962	0.00269	0.00384	0.05376	0.00586	0.00529
8	0.04938	0.10045	0.01744	0.01364	0.01679	0.38129	0.01053	0.10657	0.01702	0.01882	0.01265	0.01739	0.01140	0.11180	0.08508	0.00318	0.01022	0.00524	0.00378	0.00734
9	0.00935	0.00688	0.01020	0.01020	0.01137	0.00799	0.00793	0.01169	0.01052	0.01538	0.01747	0.02533	0.01617	0.04673	0.71599	0.01001	0.01670	0.00688	0.03742	0.00578
10	0.01432	0.00922	0.01016	0.00912	0.01189	0.00932	0.00709	0.05273	0.17976	0.11245	0.10961	0.03499	0.18920	0.01057	0.00640	0.00196	0.00407	0.00877	0.21067	0.00772
11	0.00935	0.00693	0.00877	0.00851	0.01003	0.00659	0.00630	0.01304	0.06233	0.02430	0.55820	0.14895	0.08408	0.01405	0.00764	0.00213	0.00329	0.01243	0.00687	0.00621
12	0.00945	0.00706	0.00885	0.00848	0.01017	0.00669	0.00644	0.01324	0.06121	0.02457	0.56736	0.06929	0.12351	0.01366	0.00764	0.00212	0.00336	0.04376	0.00688	0.00626
13	0.01621	0.16872	0.18059	0.04766	0.19483	0.09751	0.03556	0.03414	0.03709	0.01944	0.01151	0.01396	0.00933	0.00616	0.00626	0.00179	0.03450	0.00486	0.00323	0.07668
14	0.01372	0.01154	0.01335	0.00999	0.01519	0.00943	0.00792	0.04845	0.06463	0.02237	0.04020	0.04520	0.01356	0.00612	0.00523	0.00119	0.00481	0.00503	0.00435	0.65773
