[name]
unknown

[dist]
# distance from previous block
# <min> <max>
11	16

[block]
# block no. 0 follows, 34 sequences, length 21
# corresponding to MSA columns:
# 17-37
name=unknown_A
#
# <colnr> <probs for GDERKNQSTAVLIFYWHMCP>
#	G	D	E	R	K	N	Q	S	T	A	V	L	I	F	Y	W	H	M	C	P
0	0.01146	0.00693	0.00879	0.00856	0.00984	0.00654	0.00600	0.01317	0.03552	0.09895	0.20831	0.20603	0.07861	0.17757	0.01471	0.08145	0.00450	0.01154	0.00577	0.00576
1	0.04834	0.00911	0.01171	0.01163	0.03881	0.00948	0.03957	0.07546	0.09650	0.02078	0.06008	0.30444	0.02808	0.10340	0.05648	0.03013	0.00586	0.01144	0.03206	0.00662
2	0.04208	0.01056	0.02877	0.01095	0.01408	0.01000	0.04339	0.05855	0.12073	0.10280	0.18417	0.07121	0.05021	0.09785	0.00978	0.00250	0.00515	0.03472	0.02108	0.08141
3	0.11597	0.01335	0.01400	0.04581	0.01629	0.05544	0.00978	0.16502	0.14035	0.02466	0.02089	0.05634	0.07957	0.03731	0.04509	0.04196	0.07277	0.00707	0.00496	0.03335
4	0.03912	0.00890	0.01022	0.00948	0.01150	0.00885	0.00688	0.12128	0.03677	0.04271	0.10806	0.25628	0.07865	0.16373	0.01225	0.00297	0.00486	0.01140	0.00565	0.06044
5	0.04741	0.01070	0.01395	0.01148	0.01487	0.01075	0.07212	0.09164	0.11415	0.15854	0.19248	0.02847	0.04382	0.00915	0.00645	0.00196	0.00499	0.00787	0.15089	0.00831
6	0.01527	0.01139	0.02737	0.01182	0.01442	0.05616	0.03009	0.10209	0.07782	0.11978	0.05873	0.26390	0.02756	0.04970	0.04423	0.00287	0.00627	0.06706	0.00589	0.00756
7	0.09768	0.01119	0.01420	0.01114	0.01574	0.01032	0.00914	0.07273	0.01857	0.56315	0.08790	0.02295	0.01899	0.00828	0.00637	0.00200	0.00533	0.00666	0.00746	0.01019
8	0.01109	0.00677	0.00876	0.00920	0.01071	0.00621	0.00677	0.01273	0.01381	0.11862	0.03887	0.43457	0.16730	0.01886	0.04173	0.00284	0.00472	0.07411	0.00616	0.00618
9	0.12238	0.04143	0.01779	0.03367	0.03779	0.01824	0.01143	0.44740	0.12136	0.03485	0.03945	0.01704	0.01318	0.00769	0.00613	0.00197	0.00648	0.00584	0.00588	0.01001
10	0.01900	0.05630	0.02024	0.06561	0.02172	0.35595	0.09887	0.04705	0.08076	0.01901	0.04230	0.01630	0.01229	0.00898	0.04249	0.00223	0.02808	0.00547	0.00385	0.05348
11	0.05199	0.16292	0.32762	0.01965	0.13722	0.05479	0.03925	0.05433	0.01498	0.06245	0.01205	0.01387	0.00913	0.00615	0.00579	0.00188	0.00836	0.00484	0.00340	0.00934
12	0.04050	0.04506	0.12009	0.08851	0.24017	0.03680	0.11591	0.07758	0.01523	0.02130	0.01390	0.05715	0.01189	0.01072	0.07443	0.00279	0.00910	0.00648	0.00358	0.00878
13	0.00996	0.00618	0.00814	0.00903	0.00980	0.00574	0.00611	0.01110	0.01264	0.08219	0.03319	0.62897	0.03840	0.09295	0.01050	0.00292	0.00416	0.01640	0.00598	0.00564
14	0.01650	0.00927	0.01120	0.01046	0.01272	0.04926	0.00784	0.01833	0.01533	0.27014	0.09343	0.37570	0.03207	0.01427	0.00782	0.00230	0.02686	0.01241	0.00656	0.00752
15	0.01694	0.01787	0.10026	0.02984	0.43734	0.08131	0.06122	0.02081	0.01529	0.08249	0.01666	0.01903	0.05825	0.00676	0.00649	0.00195	0.00796	0.00621	0.00377	0.00956
16	0.01464	0.01843	0.27877	0.05845	0.06915	0.01146	0.06217	0.01897	0.01427	0.14249	0.02069	0.22250	0.01926	0.01027	0.00691	0.00220	0.00718	0.00911	0.00461	0.00848
17	0.02463	0.01263	0.01589	0.05453	0.01852	0.01250	0.01060	0.22480	0.02143	0.41640	0.06789	0.02387	0.01801	0.00863	0.00667	0.00204	0.00600	0.03762	0.00711	0.01023
18	0.01790	0.01561	0.03771	0.13643	0.15025	0.11196	0.09640	0.07349	0.01667	0.13527	0.04929	0.09705	0.01631	0.00833	0.00674	0.00205	0.00777	0.00745	0.00465	0.00865
19	0.01576	0.01648	0.06208	0.03712	0.61333	0.01546	0.10416	0.01997	0.01473	0.02103	0.01224	0.01605	0.01008	0.00574	0.00653	0.00196	0.00816	0.00594	0.00318	0.01002
20	0.09570	0.10369	0.01896	0.03962	0.01889	0.17627	0.01157	0.26943	0.07831	0.02681	0.01351	0.01490	0.01055	0.00961	0.04849	0.00237	0.04260	0.00515	0.00469	0.00889

[dist]
# distance from previous block
# <min> <max>
0	1

[block]
# block no. 1 follows, 34 sequences, length 17
# corresponding to MSA columns:
# 39-55
name=unknown_B
#
# <colnr> <probs for GDERKNQSTAVLIFYWHMCP>
#	G	D	E	R	K	N	Q	S	T	A	V	L	I	F	Y	W	H	M	C	P
0	0.15748	0.13999	0.02154	0.02068	0.21299	0.24490	0.01346	0.02111	0.01454	0.01943	0.01012	0.01264	0.00863	0.00651	0.00669	0.00184	0.07144	0.00450	0.00328	0.00825
1	0.29790	0.01853	0.01659	0.10364	0.11902	0.22876	0.01229	0.06405	0.01504	0.02277	0.01040	0.01285	0.00833	0.00654	0.00602	0.00194	0.03929	0.00450	0.00367	0.00786
2	0.00846	0.00692	0.00751	0.00730	0.00937	0.00615	0.00549	0.01129	0.04997	0.02023	0.24496	0.05653	0.51268	0.01513	0.00758	0.00214	0.00330	0.01280	0.00633	0.00586
3	0.00765	0.00648	0.00661	0.00671	0.00877	0.00544	0.00498	0.00925	0.01457	0.01739	0.06346	0.10947	0.68400	0.01662	0.00768	0.00221	0.00330	0.01395	0.00600	0.00544
4	0.03183	0.10634	0.14527	0.06246	0.16744	0.09069	0.07819	0.05279	0.05128	0.02085	0.01224	0.01461	0.00970	0.00601	0.00588	0.00177	0.00803	0.00509	0.00350	0.12602
5	0.00801	0.00573	0.00762	0.00890	0.00940	0.00534	0.00601	0.00934	0.01300	0.01749	0.10902	0.69246	0.04466	0.01950	0.00818	0.00256	0.00367	0.01766	0.00612	0.00534
6	0.01912	0.07162	0.01990	0.01794	0.10469	0.20847	0.04480	0.10031	0.29748	0.02372	0.01738	0.01770	0.01343	0.00737	0.00623	0.00194	0.00774	0.00589	0.00489	0.00939
7	0.10446	0.43860	0.02601	0.01259	0.01732	0.22446	0.01110	0.06674	0.01548	0.01851	0.00969	0.01108	0.00834	0.00604	0.00475	0.00156	0.00804	0.00381	0.00330	0.00811
8	0.09553	0.01673	0.07731	0.08345	0.15615	0.06396	0.07522	0.16627	0.03119	0.05224	0.02937	0.01839	0.03667	0.00993	0.05731	0.00257	0.00836	0.00606	0.00436	0.00892
9	0.02250	0.06706	0.01959	0.05513	0.05412	0.49849	0.01291	0.12617	0.04841	0.02020	0.01160	0.01316	0.00929	0.00679	0.00592	0.00175	0.01011	0.00465	0.00387	0.00828
10	0.00990	0.00706	0.00932	0.00978	0.03890	0.00759	0.00621	0.01059	0.00985	0.01360	0.01817	0.03403	0.01958	0.46329	0.23204	0.05764	0.03588	0.00818	0.00365	0.00474
11	0.06463	0.02499	0.40780	0.02549	0.26277	0.01518	0.06802	0.02017	0.01394	0.02123	0.01172	0.01449	0.00891	0.00596	0.00619	0.00201	0.00873	0.00522	0.00300	0.00956
12	0.01566	0.06798	0.02415	0.28883	0.19354	0.07766	0.11444	0.04890	0.06849	0.01980	0.01285	0.01648	0.01005	0.00634	0.00641	0.00200	0.00853	0.00584	0.00346	0.00859
13	0.00840	0.00668	0.00746	0.00757	0.00933	0.00599	0.00554	0.01076	0.04533	0.01888	0.16419	0.17993	0.44940	0.01639	0.00823	0.02708	0.00347	0.01362	0.00611	0.00565
14	0.00794	0.00569	0.00744	0.00880	0.00922	0.00531	0.00585	0.00903	0.01230	0.01632	0.03594	0.70311	0.06800	0.06006	0.00953	0.00280	0.00386	0.01771	0.00589	0.00519
15	0.23742	0.10868	0.05617	0.04880	0.06618	0.11280	0.01163	0.11025	0.04557	0.12558	0.01347	0.01431	0.00999	0.00666	0.00542	0.00189	0.00704	0.00478	0.00457	0.00878
16	0.33237	0.03305	0.01360	0.01106	0.01526	0.06041	0.00890	0.13561	0.11401	0.05858	0.01497	0.05439	0.01214	0.00740	0.00531	0.00189	0.00576	0.00541	0.00495	0.10495

[dist]
# distance from previous block
# <min> <max>
2	6

[block]
# block no. 2 follows, 34 sequences, length 44
# corresponding to MSA columns:
# 63-106
name=unknown_C
#
# <colnr> <probs for GDERKNQSTAVLIFYWHMCP>
#	G	D	E	R	K	N	Q	S	T	A	V	L	I	F	Y	W	H	M	C	P
0	0.04877	0.34492	0.11645	0.01628	0.07998	0.15518	0.03632	0.09660	0.01616	0.01997	0.01061	0.01229	0.00874	0.00609	0.00526	0.00167	0.00826	0.00434	0.00337	0.00873
1	0.06277	0.01339	0.01572	0.01237	0.01683	0.01372	0.01006	0.30375	0.02186	0.32914	0.01981	0.02030	0.01401	0.05851	0.05511	0.00278	0.00693	0.00629	0.00664	0.01002
2	0.06321	0.07505	0.01322	0.01093	0.01267	0.08560	0.00857	0.01401	0.01128	0.01566	0.01486	0.02220	0.01405	0.08711	0.44279	0.04518	0.04800	0.00619	0.00340	0.00602
3	0.00814	0.00641	0.00739	0.00776	0.00937	0.00566	0.00576	0.00999	0.01478	0.01877	0.16658	0.22484	0.40920	0.01685	0.00787	0.00232	0.00354	0.06305	0.00618	0.00555
4	0.01017	0.00673	0.00885	0.00878	0.01029	0.00621	0.00659	0.01270	0.01658	0.06818	0.44926	0.20692	0.07919	0.01492	0.00779	0.00224	0.00360	0.06800	0.00679	0.00618
5	0.01327	0.00778	0.00996	0.00894	0.01127	0.00716	0.00687	0.01672	0.05092	0.16789	0.46489	0.07550	0.10793	0.01254	0.00738	0.00207	0.00369	0.01091	0.00712	0.00718
6	0.00853	0.00614	0.00795	0.00891	0.00929	0.00604	0.00598	0.00959	0.01204	0.01619	0.06429	0.53778	0.03834	0.17441	0.01373	0.00336	0.02890	0.03791	0.00552	0.00510
7	0.00870	0.00603	0.00751	0.00837	0.00866	0.00584	0.00542	0.00948	0.01128	0.01500	0.02899	0.40886	0.03412	0.34175	0.01883	0.00420	0.00498	0.06215	0.00510	0.00473
8	0.01641	0.01405	0.01480	0.01322	0.01693	0.01623	0.01031	0.06166	0.69306	0.02758	0.02586	0.02376	0.01937	0.00873	0.00657	0.00218	0.00519	0.00725	0.00657	0.01026
9	0.02526	0.01244	0.01521	0.01202	0.01665	0.01221	0.00981	0.15965	0.11987	0.45974	0.02344	0.02120	0.01561	0.00803	0.00638	0.00198	0.00559	0.00645	0.05789	0.01057
10	0.01813	0.01603	0.01570	0.01373	0.01760	0.08069	0.01075	0.14143	0.54939	0.02823	0.02315	0.02165	0.01733	0.00842	0.00649	0.00211	0.00600	0.00679	0.00627	0.01011
11	0.06214	0.05700	0.06332	0.01413	0.01895	0.22959	0.01194	0.20070	0.02054	0.23544	0.01596	0.01569	0.01119	0.00721	0.00604	0.00186	0.00801	0.00524	0.00547	0.00956
12	0.01373	0.01113	0.01341	0.04529	0.01648	0.00917	0.00848	0.01752	0.05602	0.04983	0.01529	0.04676	0.01340	0.00664	0.00543	0.00132	0.00505	0.04834	0.00433	0.61237
13	0.06688	0.06840	0.15501	0.02252	0.06219	0.04922	0.38357	0.04184	0.01528	0.05429	0.01276	0.01571	0.00952	0.00586	0.00669	0.00204	0.00955	0.00625	0.00350	0.00892
14	0.00871	0.00651	0.00763	0.00744	0.00878	0.00602	0.00525	0.01050	0.01451	0.01925	0.29869	0.05029	0.27084	0.20593	0.04887	0.00353	0.00460	0.01153	0.00577	0.00532
15	0.51854	0.05140	0.01429	0.01309	0.07499	0.13408	0.00960	0.07872	0.01423	0.02655	0.00997	0.01156	0.00788	0.00621	0.00471	0.00190	0.00657	0.00399	0.00397	0.00775
16	0.01204	0.00602	0.00602	0.00602	0.00753	0.00602	0.00452	0.01506	0.01355	0.02409	0.02108	0.02409	0.01656	0.00753	0.00452	0.00151	0.00301	0.00602	0.80879	0.00602
17	0.01997	0.01777	0.01947	0.01675	0.05413	0.14318	0.08737	0.19968	0.20287	0.07559	0.05535	0.01944	0.01554	0.00791	0.00710	0.00202	0.03445	0.00646	0.00545	0.00950
18	0.01148	0.00873	0.00975	0.01000	0.01168	0.04090	0.00731	0.01585	0.13209	0.06445	0.08279	0.40413	0.11174	0.01593	0.00767	0.00240	0.00445	0.04583	0.00617	0.00666
19	0.01204	0.00602	0.00602	0.00602	0.00753	0.00602	0.00452	0.01506	0.01355	0.02409	0.02108	0.02409	0.01656	0.00753	0.00452	0.00151	0.00301	0.00602	0.80879	0.00602
20	0.01270	0.00972	0.01076	0.04616	0.01359	0.05808	0.00794	0.01722	0.13062	0.08272	0.12042	0.27958	0.08709	0.06178	0.00901	0.00254	0.00499	0.03225	0.00595	0.00688
21	0.01342	0.05817	0.64206	0.02030	0.09886	0.01542	0.02301	0.02036	0.01373	0.02034	0.01156	0.01376	0.00840	0.00608	0.00609	0.00201	0.00927	0.00483	0.00278	0.00957
22	0.01120	0.00686	0.00862	0.00892	0.00985	0.00662	0.00611	0.01277	0.03515	0.09342	0.02840	0.33365	0.03144	0.29953	0.01727	0.00393	0.00511	0.07011	0.00545	0.00559
23	0.10469	0.09827	0.31667	0.01458	0.02127	0.06117	0.01572	0.06483	0.04002	0.18138	0.01479	0.01518	0.01038	0.00670	0.00581	0.00194	0.00773	0.00500	0.00443	0.00945
24	0.01675	0.09728	0.07480	0.01164	0.01751	0.01342	0.01037	0.16566	0.01720	0.05150	0.01261	0.01386	0.00987	0.00573	0.00525	0.00134	0.00592	0.00439	0.00434	0.46057
25	0.01426	0.06207	0.50750	0.01664	0.02416	0.01542	0.01970	0.10244	0.01580	0.02272	0.05797	0.01858	0.01317	0.00752	0.00702	0.00208	0.04404	0.03613	0.00361	0.00917
26	0.00931	0.00661	0.00878	0.00878	0.00938	0.00721	0.00608	0.01051	0.00991	0.01381	0.01877	0.03351	0.01968	0.39669	0.40391	0.00840	0.01200	0.00811	0.00368	0.00488
27	0.01736	0.22175	0.20357	0.01820	0.12412	0.07496	0.03931	0.06944	0.04022	0.07404	0.01533	0.01655	0.04456	0.00678	0.00581	0.00183	0.00786	0.00534	0.00382	0.00916
28	0.01565	0.01300	0.01321	0.01233	0.01494	0.09966	0.00954	0.02392	0.28726	0.09088	0.08521	0.15873	0.02656	0.01177	0.00778	0.00227	0.04204	0.07100	0.00603	0.00821
29	0.00815	0.00630	0.00736	0.00781	0.00920	0.00562	0.00563	0.00983	0.01431	0.01832	0.15543	0.27585	0.35083	0.05360	0.00910	0.00253	0.00365	0.04499	0.00607	0.00544
30	0.02075	0.01050	0.01328	0.01083	0.01456	0.00999	0.00869	0.10465	0.06626	0.36238	0.26794	0.03047	0.03122	0.00982	0.00689	0.00202	0.00481	0.00827	0.00742	0.00925
31	0.01936	0.07380	0.07977	0.08757	0.07492	0.15745	0.13346	0.07848	0.05395	0.12911	0.03925	0.01732	0.01251	0.00687	0.00639	0.00194	0.00852	0.00593	0.00443	0.00899
32	0.02488	0.01759	0.01908	0.01463	0.01979	0.01929	0.01208	0.66283	0.02954	0.09015	0.01622	0.01597	0.01134	0.00777	0.00647	0.00194	0.00700	0.00587	0.00657	0.01099
33	0.01122	0.00561	0.00842	0.00842	0.00842	0.00561	0.00561	0.00842	0.00842	0.01122	0.01122	0.01964	0.01122	0.02245	0.02525	0.81201	0.00561	0.00561	0.00281	0.00281
34	0.00909	0.00638	0.00764	0.00778	0.00834	0.00631	0.00505	0.00996	0.01128	0.01506	0.08996	0.10800	0.09815	0.46265	0.09785	0.00546	0.00657	0.03521	0.00462	0.00464
35	0.04535	0.06677	0.05108	0.07428	0.23447	0.07700	0.15573	0.05683	0.03178	0.07983	0.01345	0.01628	0.01045	0.00772	0.03117	0.00225	0.02676	0.00587	0.00382	0.00910
36	0.05397	0.66185	0.05565	0.01134	0.01680	0.02402	0.01125	0.02043	0.06329	0.01686	0.01030	0.01146	0.00904	0.00580	0.00438	0.00149	0.00679	0.00378	0.00309	0.00841
37	0.01414	0.01414	0.01979	0.01696	0.01696	0.01979	0.01414	0.01555	0.00990	0.01555	0.00848	0.01414	0.00848	0.01131	0.02120	0.00283	0.76110	0.00565	0.00283	0.00707
38	0.01649	0.01271	0.01561	0.03072	0.07744	0.01101	0.00974	0.11609	0.01633	0.08443	0.01330	0.01474	0.01035	0.00560	0.00534	0.00129	0.00551	0.00454	0.00448	0.54428
39	0.10485	0.46828	0.12515	0.01266	0.01826	0.12056	0.01260	0.04106	0.01419	0.01827	0.00967	0.01116	0.00822	0.00588	0.00470	0.00159	0.00771	0.00381	0.00308	0.00830
40	0.63440	0.01181	0.01029	0.00903	0.01297	0.01307	0.00735	0.02046	0.01234	0.14714	0.01346	0.06062	0.01078	0.00724	0.00469	0.00204	0.00500	0.00495	0.00480	0.00756
41	0.01103	0.00927	0.01331	0.01407	0.10398	0.00890	0.06703	0.01518	0.08846	0.03709	0.16867	0.18647	0.22414	0.01330	0.00746	0.00221	0.00477	0.01189	0.00573	0.00704
42	0.06077	0.01765	0.01872	0.01450	0.01954	0.01960	0.01195	0.64871	0.06058	0.03956	0.01570	0.01567	0.01120	0.00772	0.00636	0.00195	0.00692	0.00578	0.00636	0.01077
43	0.13193	0.01560	0.01747	0.04385	0.21058	0.12174	0.01261	0.05687	0.10357	0.13563	0.01723	0.07540	0.01411	0.00790	0.00616	0.00200	0.00692	0.00650	0.00487	0.00904

[dist]
# distance from previous block
# <min> <max>
0	5

[block]
# block no. 3 follows, 34 sequences, length 13
# corresponding to MSA columns:
# 112-124
name=unknown_D
#
# <colnr> <probs for GDERKNQSTAVLIFYWHMCP>
#	G	D	E	R	K	N	Q	S	T	A	V	L	I	F	Y	W	H	M	C	P
0	0.04365	0.18619	0.20418	0.01626	0.06487	0.07281	0.01512	0.16178	0.04054	0.07112	0.01288	0.01414	0.00980	0.00686	0.00664	0.00189	0.05290	0.00493	0.00409	0.00935
1	0.01589	0.01435	0.02154	0.04479	0.27822	0.02936	0.08051	0.06377	0.11694	0.04721	0.01667	0.08974	0.01462	0.00851	0.00864	0.00215	0.10691	0.00731	0.00430	0.02857
2	0.18214	0.01542	0.01822	0.05261	0.02034	0.03977	0.07814	0.29755	0.02112	0.18869	0.01580	0.01610	0.01098	0.00713	0.00607	0.00199	0.00692	0.00562	0.00572	0.00966
3	0.00811	0.00591	0.00769	0.00895	0.00966	0.00549	0.00626	0.00952	0.01306	0.01718	0.06373	0.60608	0.11750	0.01936	0.00822	0.00258	0.00386	0.07544	0.00603	0.00536
4	0.00936	0.00636	0.00751	0.00746	0.00771	0.00642	0.00451	0.00986	0.01035	0.01405	0.08846	0.04130	0.02643	0.63269	0.09647	0.00624	0.00697	0.00939	0.00418	0.00430
5	0.00940	0.00626	0.00705	0.00705	0.00705	0.00626	0.00392	0.00940	0.00940	0.01253	0.02036	0.04228	0.02349	0.77292	0.03289	0.00626	0.00626	0.00940	0.00392	0.00392
6	0.02457	0.01035	0.01370	0.01102	0.01516	0.00932	0.00883	0.02797	0.06698	0.56211	0.06398	0.07120	0.02079	0.05311	0.00819	0.00230	0.00527	0.00774	0.00749	0.00991
7	0.01450	0.01496	0.06451	0.19209	0.49114	0.01448	0.01878	0.01854	0.01427	0.01988	0.01467	0.01980	0.03651	0.00674	0.00653	0.00202	0.00777	0.03030	0.00330	0.00921
8	0.02071	0.01104	0.01364	0.01122	0.01496	0.01079	0.00897	0.13998	0.08784	0.32800	0.20284	0.07241	0.02851	0.01008	0.00689	0.00205	0.00501	0.00849	0.00726	0.00934
9	0.01865	0.49442	0.02749	0.01257	0.01734	0.16241	0.01130	0.05930	0.08340	0.01797	0.01200	0.01420	0.01046	0.00657	0.00498	0.00159	0.00763	0.02579	0.00354	0.00840
10	0.00924	0.00635	0.00767	0.00789	0.00886	0.00590	0.00532	0.01055	0.01329	0.04130	0.17349	0.25811	0.16353	0.24138	0.01528	0.00349	0.00433	0.01313	0.00567	0.00525
11	0.04086	0.14029	0.16422	0.06431	0.23917	0.03768	0.01619	0.03839	0.01492	0.06314	0.03880	0.02105	0.02803	0.00744	0.00616	0.00196	0.00749	0.05714	0.00382	0.00893
12	0.04647	0.31197	0.06804	0.01369	0.05607	0.07320	0.01170	0.10908	0.06026	0.04352	0.05513	0.01542	0.01292	0.00662	0.00531	0.00163	0.00682	0.00488	0.00411	0.09314

[dist]
# distance from previous block
# <min> <max>
0	3

[block]
# block no. 4 follows, 34 sequences, length 24
# corresponding to MSA columns:
# 128-151
name=unknown_E
#
# <colnr> <probs for GDERKNQSTAVLIFYWHMCP>
#	G	D	E	R	K	N	Q	S	T	A	V	L	I	F	Y	W	H	M	C	P
0	0.01954	0.05035	0.07012	0.03804	0.10080	0.24905	0.05298	0.06586	0.08973	0.08396	0.01430	0.01676	0.01136	0.04240	0.00855	0.00215	0.06565	0.00559	0.00417	0.00865
1	0.01338	0.01233	0.01110	0.01021	0.01291	0.12132	0.00791	0.11692	0.05272	0.02199	0.10800	0.07306	0.34538	0.01319	0.00724	0.00212	0.00537	0.05216	0.00579	0.00690
2	0.01555	0.04707	0.01652	0.01476	0.10887	0.14133	0.01016	0.01822	0.01438	0.01968	0.01231	0.04803	0.01091	0.00599	0.00531	0.00130	0.00642	0.00479	0.00371	0.49469
3	0.01596	0.14243	0.25552	0.02278	0.18484	0.04262	0.13578	0.02077	0.01448	0.05634	0.01221	0.01464	0.00940	0.00590	0.00609	0.00188	0.00862	0.00530	0.00327	0.04119
4	0.01097	0.00694	0.00858	0.00827	0.01019	0.00616	0.00615	0.01310	0.01595	0.11280	0.28693	0.20669	0.25279	0.01503	0.00762	0.00220	0.00358	0.01307	0.00665	0.00635
5	0.00929	0.00628	0.00702	0.00702	0.00715	0.00621	0.00398	0.00939	0.00972	0.01283	0.02312	0.04350	0.06682	0.72652	0.03134	0.00601	0.00608	0.00966	0.00404	0.00401
6	0.05715	0.01401	0.02085	0.07503	0.14132	0.01476	0.13629	0.12373	0.15129	0.05414	0.03791	0.02578	0.01677	0.00844	0.00690	0.00218	0.00718	0.09222	0.00500	0.00907
7	0.01177	0.04129	0.01519	0.04248	0.04978	0.03379	0.05798	0.01373	0.01164	0.01595	0.04896	0.02914	0.01840	0.21991	0.20175	0.00539	0.13080	0.04221	0.00369	0.00615
8	0.00926	0.00650	0.00841	0.00848	0.00896	0.00695	0.00569	0.01024	0.00993	0.01371	0.01983	0.06889	0.02142	0.44676	0.31926	0.00775	0.01059	0.00881	0.00383	0.00472
9	0.14020	0.01984	0.05249	0.02393	0.20977	0.18133	0.18135	0.07597	0.01629	0.02254	0.01165	0.01439	0.00919	0.00610	0.00619	0.00194	0.00897	0.00547	0.00361	0.00879
10	0.00812	0.00614	0.00750	0.00805	0.00925	0.00552	0.00570	0.00988	0.01455	0.01914	0.21835	0.37847	0.25122	0.01733	0.00791	0.00234	0.00343	0.01529	0.00628	0.00552
11	0.01839	0.02717	0.26815	0.01806	0.02406	0.28438	0.10922	0.02449	0.09622	0.04892	0.01344	0.01495	0.01009	0.00661	0.00629	0.00194	0.00983	0.00529	0.00368	0.00882
12	0.01896	0.06752	0.02427	0.05312	0.02339	0.26162	0.17166	0.09592	0.01648	0.01957	0.01096	0.01412	0.00900	0.00746	0.00965	0.00208	0.17716	0.00549	0.00349	0.00809
13	0.00889	0.00659	0.00828	0.00786	0.00950	0.00599	0.00590	0.01170	0.01769	0.02448	0.61728	0.05061	0.17378	0.01374	0.00762	0.00206	0.00309	0.01201	0.00693	0.00599
14	0.01340	0.01148	0.01340	0.00957	0.01531	0.00861	0.00766	0.01627	0.01340	0.02105	0.01148	0.01340	0.00957	0.00479	0.00479	0.00096	0.00479	0.00383	0.00383	0.81242
15	0.01446	0.01188	0.01969	0.59382	0.12066	0.01394	0.01724	0.01852	0.01373	0.09526	0.01308	0.01760	0.00960	0.00655	0.00646	0.00211	0.00817	0.00583	0.00347	0.00794
16	0.00826	0.00599	0.00739	0.00819	0.00885	0.00561	0.00544	0.00936	0.01239	0.01628	0.07425	0.44695	0.14741	0.17837	0.03157	0.00348	0.00450	0.01509	0.00556	0.00506
17	0.00889	0.00650	0.00811	0.00869	0.00925	0.00651	0.00597	0.00991	0.01165	0.01540	0.03174	0.32252	0.10897	0.27644	0.04746	0.00417	0.03611	0.07167	0.00505	0.00497
18	0.00850	0.00610	0.00755	0.00812	0.00880	0.00581	0.00541	0.00968	0.01250	0.01665	0.12314	0.35167	0.12224	0.22790	0.05270	0.00390	0.00499	0.01387	0.00544	0.00504
19	0.00903	0.00621	0.00725	0.00749	0.00775	0.00614	0.00452	0.00943	0.01028	0.01362	0.02572	0.15840	0.07456	0.56596	0.06216	0.00561	0.00620	0.01099	0.00437	0.00432
20	0.03641	0.01529	0.05472	0.08099	0.18584	0.01487	0.04121	0.16839	0.11242	0.08123	0.01571	0.01725	0.01184	0.00772	0.02377	0.00208	0.00714	0.00579	0.00477	0.11256
21	0.01692	0.01137	0.01376	0.01001	0.01558	0.00881	0.00807	0.01971	0.01455	0.18289	0.01465	0.01534	0.01102	0.00551	0.00517	0.00119	0.00495	0.00443	0.00477	0.63129
22	0.52391	0.12726	0.01584	0.01113	0.01534	0.14945	0.03787	0.02035	0.01281	0.02424	0.00935	0.01098	0.00754	0.00603	0.00450	0.00186	0.00673	0.00379	0.00367	0.00735
23	0.45871	0.05434	0.05342	0.01462	0.05322	0.01618	0.12657	0.11186	0.01472	0.02766	0.01083	0.01274	0.00828	0.00611	0.00516	0.00199	0.00672	0.00467	0.00404	0.00817

[dist]
# distance from previous block
# <min> <max>
1	2

[block]
# block no. 5 follows, 34 sequences, length 11
# corresponding to MSA columns:
# 154-164
name=unknown_F
#
# <colnr> <probs for GDERKNQSTAVLIFYWHMCP>
#	G	D	E	R	K	N	Q	S	T	A	V	L	I	F	Y	W	H	M	C	P
0	0.01061	0.05438	0.01018	0.00881	0.01109	0.00823	0.00703	0.03149	0.05368	0.04490	0.06450	0.08980	0.37371	0.06043	0.00908	0.00254	0.00449	0.14298	0.00581	0.00625
1	0.06294	0.23376	0.06652	0.04870	0.07389	0.08017	0.04096	0.05460	0.01424	0.01907	0.01418	0.12526	0.01380	0.00847	0.00697	0.00190	0.06744	0.00660	0.00369	0.05685
2	0.01780	0.35263	0.08503	0.01475	0.04033	0.02103	0.05502	0.15014	0.13460	0.02286	0.01362	0.01461	0.01085	0.00674	0.00602	0.00179	0.03377	0.00504	0.00413	0.00926
3	0.01051	0.00785	0.01039	0.00989	0.01085	0.00890	0.00729	0.05133	0.01171	0.01645	0.06522	0.03097	0.02066	0.27406	0.37277	0.00747	0.06622	0.00788	0.00398	0.00559
4	0.01679	0.06737	0.29954	0.02047	0.10212	0.07493	0.11028	0.13268	0.05303	0.02337	0.01288	0.01491	0.00969	0.00654	0.00669	0.00199	0.02809	0.00546	0.00370	0.00948
5	0.01263	0.03429	0.01634	0.04236	0.09538	0.03680	0.10034	0.06569	0.04753	0.02068	0.09181	0.11029	0.20666	0.05759	0.00867	0.00234	0.00597	0.00999	0.00500	0.02965
6	0.00786	0.00629	0.00695	0.00732	0.00888	0.00547	0.00523	0.00937	0.01406	0.01746	0.09349	0.25192	0.47440	0.05044	0.00891	0.00247	0.00352	0.01462	0.00597	0.00537
7	0.10388	0.27732	0.09489	0.01350	0.01838	0.21903	0.01223	0.04794	0.11921	0.02001	0.01230	0.01327	0.00993	0.00650	0.00523	0.00173	0.00801	0.00444	0.00374	0.00844
8	0.00814	0.00624	0.00737	0.00794	0.00922	0.00560	0.00568	0.00972	0.01397	0.01790	0.12703	0.32364	0.32198	0.05910	0.00932	0.00259	0.00373	0.04943	0.00601	0.00539
9	0.04168	0.05478	0.01771	0.01266	0.01781	0.01238	0.08231	0.10758	0.05757	0.10652	0.01611	0.03837	0.01310	0.00692	0.00582	0.00159	0.00597	0.03629	0.00485	0.36001
10	0.20684	0.01511	0.01734	0.01418	0.01839	0.07043	0.11206	0.13411	0.17116	0.08408	0.01804	0.07954	0.01463	0.00820	0.00618	0.00208	0.00667	0.00684	0.00529	0.00881

[dist]
# distance from previous block
# <min> <max>
0	1

[block]
# block no. 6 follows, 34 sequences, length 95
# corresponding to MSA columns:
# 166-260
name=unknown_G
#
# <colnr> <probs for GDERKNQSTAVLIFYWHMCP>
#	G	D	E	R	K	N	Q	S	T	A	V	L	I	F	Y	W	H	M	C	P
0	0.06624	0.04638	0.06693	0.01481	0.07861	0.05157	0.01147	0.13628	0.11787	0.15425	0.01901	0.09422	0.01551	0.00838	0.00620	0.00193	0.00627	0.00684	0.00544	0.09180
1	0.70889	0.03321	0.01075	0.00898	0.01306	0.01458	0.00742	0.02053	0.04817	0.07021	0.01086	0.01187	0.00822	0.00625	0.00428	0.00199	0.00509	0.00387	0.00433	0.00743
2	0.09753	0.01471	0.07788	0.01428	0.07593	0.08232	0.02837	0.05610	0.03730	0.09585	0.05286	0.06345	0.10500	0.00986	0.00654	0.00203	0.00632	0.08361	0.00503	0.08504
3	0.01941	0.07481	0.24813	0.01504	0.02100	0.11554	0.04255	0.04414	0.05514	0.21174	0.05363	0.01974	0.01468	0.00755	0.00631	0.00197	0.00787	0.02656	0.00488	0.00932
4	0.05984	0.01174	0.01847	0.58095	0.03744	0.01484	0.01633	0.01636	0.01257	0.01745	0.03694	0.01752	0.01040	0.00737	0.00845	0.00224	0.11509	0.00581	0.00309	0.00711
5	0.01195	0.00754	0.00970	0.00925	0.01126	0.00707	0.00718	0.01539	0.05279	0.11465	0.39634	0.12172	0.09857	0.01385	0.00765	0.00222	0.00391	0.09531	0.00686	0.00678
6	0.04593	0.01490	0.04415	0.08470	0.11295	0.10676	0.08541	0.04079	0.06437	0.04284	0.08296	0.13912	0.02058	0.03288	0.00843	0.00227	0.05023	0.00841	0.00450	0.00780
7	0.04048	0.05436	0.06212	0.04490	0.04725	0.07153	0.12376	0.04269	0.04072	0.18956	0.01668	0.02027	0.01308	0.08845	0.06227	0.00300	0.02879	0.00631	0.00465	0.03916
8	0.00918	0.00654	0.00786	0.00835	0.00958	0.00605	0.00583	0.01123	0.04138	0.04504	0.10069	0.39389	0.22620	0.08492	0.01010	0.00274	0.00391	0.01483	0.00601	0.00567
9	0.01136	0.00715	0.00848	0.00798	0.01024	0.00622	0.00604	0.01342	0.01591	0.13173	0.21702	0.13250	0.37829	0.01473	0.00752	0.00217	0.00362	0.01258	0.00658	0.00645
10	0.07305	0.14622	0.04274	0.01528	0.01979	0.18578	0.08765	0.11389	0.11910	0.07570	0.01429	0.01524	0.01096	0.00706	0.00665	0.00190	0.04607	0.00531	0.00445	0.00887
11	0.04990	0.01436	0.01643	0.04270	0.05509	0.08251	0.03769	0.13363	0.12695	0.23073	0.02241	0.02355	0.05693	0.00909	0.00732	0.03510	0.00659	0.03384	0.00591	0.00926
12	0.00795	0.00613	0.00726	0.00789	0.00915	0.00545	0.00557	0.00954	0.01412	0.01814	0.14038	0.38613	0.32368	0.01773	0.00792	0.00237	0.00346	0.01556	0.00615	0.00545
13	0.01614	0.01539	0.02626	0.08945	0.58815	0.01562	0.07264	0.05879	0.01551	0.02185	0.01237	0.01617	0.01013	0.00590	0.00650	0.00196	0.00796	0.00590	0.00336	0.00994
14	0.06543	0.10464	0.09259	0.04598	0.04179	0.04220	0.16577	0.11704	0.05306	0.05470	0.04593	0.01995	0.05486	0.00905	0.03537	0.00232	0.02987	0.00648	0.00433	0.00862
15	0.01711	0.01039	0.04563	0.01176	0.01507	0.00905	0.05794	0.04453	0.01582	0.27475	0.10648	0.15638	0.04490	0.04362	0.11230	0.00346	0.00716	0.00950	0.00609	0.00806
16	0.01511	0.01211	0.01320	0.01181	0.01508	0.01336	0.00926	0.09003	0.43436	0.04651	0.13616	0.03256	0.09514	0.01043	0.00692	0.00217	0.00485	0.03528	0.00660	0.00906
17	0.36666	0.04547	0.09497	0.01648	0.05222	0.07272	0.17653	0.06524	0.01435	0.02503	0.01087	0.01312	0.00834	0.00602	0.00549	0.00199	0.00771	0.00491	0.00372	0.00816
18	0.00807	0.00654	0.00699	0.00689	0.00878	0.00564	0.00506	0.00985	0.01501	0.01872	0.19154	0.05791	0.54417	0.07484	0.00961	0.00247	0.00346	0.01292	0.00605	0.00546
19	0.01843	0.03980	0.12253	0.01526	0.02026	0.18880	0.05930	0.12577	0.07926	0.05012	0.01381	0.01545	0.01071	0.00892	0.04489	0.00223	0.03885	0.00523	0.00423	0.13613
20	0.01738	0.71771	0.06102	0.01157	0.01717	0.05399	0.01162	0.01965	0.01336	0.01543	0.00913	0.01055	0.00829	0.00560	0.00429	0.00142	0.00720	0.00354	0.00279	0.00831
21	0.00902	0.00631	0.00759	0.00778	0.00821	0.00635	0.00493	0.00967	0.01041	0.01387	0.02588	0.13472	0.08818	0.49399	0.14025	0.00608	0.00742	0.01054	0.00430	0.00452
22	0.01613	0.01766	0.13353	0.04500	0.10362	0.08105	0.12211	0.07100	0.06792	0.07916	0.07780	0.02401	0.06365	0.05858	0.00846	0.00231	0.00770	0.00718	0.00456	0.00856
23	0.00872	0.00663	0.00841	0.00870	0.01000	0.00651	0.00639	0.01109	0.03395	0.01830	0.16260	0.23218	0.20095	0.05292	0.18065	0.00435	0.00685	0.02957	0.00555	0.00568
24	0.01218	0.01134	0.01602	0.01428	0.01476	0.01517	0.01168	0.01392	0.01025	0.01543	0.01372	0.01988	0.03866	0.02441	0.27307	0.00543	0.47367	0.00640	0.00317	0.00656
25	0.01243	0.02529	0.47511	0.01814	0.02543	0.01339	0.14151	0.01840	0.01386	0.02003	0.03761	0.13725	0.01566	0.00851	0.00679	0.00216	0.00865	0.00768	0.00349	0.00860
26	0.01345	0.01238	0.04008	0.01071	0.03523	0.00903	0.00857	0.01652	0.01344	0.02103	0.01151	0.01348	0.00954	0.00486	0.00488	0.00102	0.00504	0.00391	0.00377	0.76154
27	0.00999	0.00802	0.00951	0.05291	0.01277	0.00802	0.00744	0.01456	0.11941	0.02028	0.17288	0.06723	0.28466	0.07340	0.00958	0.00260	0.00445	0.11002	0.00594	0.00633
28	0.02088	0.38559	0.02575	0.01392	0.01836	0.37737	0.01180	0.04732	0.01628	0.01642	0.00971	0.01118	0.00840	0.00616	0.00505	0.00154	0.00923	0.00388	0.00317	0.00800
29	0.01109	0.00575	0.00859	0.00865	0.00877	0.00581	0.00592	0.00877	0.00876	0.01173	0.01241	0.02196	0.01247	0.02362	0.06193	0.73982	0.00623	0.03169	0.00296	0.00308
30	0.34482	0.01472	0.01427	0.01182	0.01621	0.01660	0.00963	0.27118	0.15744	0.06071	0.01538	0.01542	0.01128	0.00725	0.00549	0.00202	0.00580	0.00520	0.00555	0.00922
31	0.02017	0.01512	0.01786	0.01405	0.01858	0.01597	0.05483	0.43540	0.06558	0.05848	0.03684	0.10889	0.01664	0.00907	0.00664	0.00197	0.00645	0.00754	0.00604	0.08388
32	0.01135	0.00862	0.00972	0.00896	0.01114	0.00857	0.00672	0.10702	0.06277	0.02231	0.15884	0.10936	0.24649	0.09102	0.05662	0.00303	0.00513	0.01089	0.03468	0.02677
33	0.03716	0.00804	0.00920	0.00851	0.01097	0.00742	0.00648	0.03659	0.04111	0.14036	0.11160	0.11042	0.34218	0.06804	0.00915	0.00248	0.00420	0.03309	0.00627	0.00673
34	0.01255	0.00880	0.00986	0.00917	0.01176	0.00864	0.00698	0.01830	0.19319	0.10420	0.08254	0.10061	0.33861	0.01391	0.00819	0.04402	0.00414	0.01105	0.00628	0.00719
35	0.01671	0.01375	0.01458	0.01269	0.01642	0.01548	0.00998	0.16555	0.49035	0.02885	0.05871	0.02683	0.08252	0.00943	0.00669	0.00213	0.00526	0.00776	0.00653	0.00977
36	0.09388	0.01093	0.01296	0.01088	0.01470	0.01080	0.00874	0.07070	0.13017	0.32850	0.11643	0.05295	0.07006	0.00984	0.00663	0.00209	0.00499	0.02864	0.00693	0.00917
37	0.00981	0.00674	0.00808	0.00792	0.00923	0.00627	0.00567	0.01153	0.01431	0.04752	0.25894	0.05068	0.19266	0.26026	0.01589	0.00352	0.00451	0.07527	0.00576	0.00543
38	0.01659	0.01022	0.01210	0.01064	0.01375	0.01021	0.00841	0.10165	0.13891	0.19144	0.12795	0.07814	0.14047	0.04225	0.00820	0.00235	0.00490	0.06688	0.00668	0.00828
39	0.01587	0.01179	0.01323	0.01170	0.01498	0.01287	0.00912	0.05391	0.43414	0.10017	0.21420	0.03004	0.03006	0.00984	0.00684	0.00212	0.00468	0.00834	0.00686	0.00923
40	0.07466	0.00790	0.00899	0.00830	0.00961	0.00790	0.00559	0.04140	0.01231	0.11086	0.06534	0.03760	0.02361	0.50818	0.02370	0.00482	0.00589	0.03295	0.00483	0.00557
41	0.03603	0.00898	0.01038	0.00928	0.01223	0.00854	0.00725	0.01881	0.13052	0.14546	0.16987	0.06298	0.22341	0.01191	0.00693	0.00206	0.00416	0.03572	0.03700	0.05848
42	0.01156	0.00880	0.01008	0.00939	0.01169	0.00884	0.00712	0.06463	0.15410	0.04183	0.28850	0.12826	0.20309	0.01340	0.00739	0.00216	0.00393	0.01154	0.00659	0.00711
43	0.01254	0.00901	0.01070	0.00967	0.01210	0.00912	0.00743	0.03808	0.19078	0.07539	0.44186	0.04058	0.09302	0.01183	0.00726	0.00208	0.00385	0.01022	0.00695	0.00754
44	0.00880	0.00634	0.00802	0.00832	0.00904	0.00640	0.00567	0.01000	0.01144	0.01538	0.06975	0.19988	0.11012	0.29235	0.20369	0.00579	0.00797	0.01136	0.00469	0.00498
45	0.00894	0.00624	0.00786	0.00859	0.00967	0.00571	0.00609	0.01050	0.01374	0.04360	0.11933	0.44779	0.17804	0.05139	0.00912	0.00263	0.00388	0.05520	0.00610	0.00557
46	0.01019	0.00660	0.00806	0.00802	0.00919	0.00611	0.00550	0.01163	0.01375	0.07200	0.20451	0.21310	0.14377	0.24077	0.01519	0.00345	0.00438	0.01245	0.00580	0.00552
47	0.01438	0.01364	0.02313	0.29748	0.45841	0.01466	0.01866	0.01836	0.01419	0.01962	0.03764	0.01760	0.01147	0.00628	0.00646	0.00201	0.00785	0.00596	0.00322	0.00898
48	0.01520	0.01486	0.02446	0.23566	0.49831	0.03915	0.04066	0.01914	0.01436	0.01966	0.01193	0.01623	0.00971	0.00597	0.00643	0.00198	0.00816	0.00576	0.00311	0.00926
49	0.01383	0.01414	0.01819	0.01558	0.01729	0.11845	0.10070	0.01605	0.01193	0.01594	0.01280	0.01918	0.01186	0.05212	0.26890	0.00532	0.27145	0.00628	0.00322	0.00677
50	0.04843	0.01418	0.01821	0.15750	0.12118	0.03855	0.03424	0.19539	0.13853	0.02521	0.01551	0.01820	0.01210	0.01158	0.06975	0.05402	0.00807	0.00604	0.00458	0.00874
51	0.03799	0.07974	0.08666	0.01858	0.14864	0.10179	0.01375	0.22422	0.04501	0.06624	0.01385	0.01520	0.01058	0.00778	0.02605	0.00202	0.00780	0.00521	0.00457	0.08432
52	0.01047	0.00797	0.03462	0.00879	0.01042	0.00698	0.00651	0.01317	0.06072	0.06573	0.13038	0.25674	0.15926	0.18301	0.01320	0.00318	0.00454	0.01261	0.00574	0.00597
53	0.01440	0.00808	0.01038	0.00961	0.01206	0.00746	0.00752	0.01768	0.05428	0.20548	0.25884	0.13904	0.12530	0.01347	0.00751	0.00224	0.00424	0.08815	0.00689	0.00737
54	0.03676	0.00864	0.01051	0.01066	0.03869	0.00884	0.00736	0.04656	0.11278	0.06948	0.13623	0.22130	0.05339	0.15615	0.05024	0.00342	0.00544	0.01108	0.00572	0.00675
55	0.10393	0.01575	0.01956	0.13626	0.22488	0.06294	0.01444	0.21114	0.05786	0.04927	0.01385	0.01609	0.01060	0.00790	0.02625	0.00220	0.00768	0.00557	0.00449	0.00935
56	0.00826	0.00627	0.00748	0.00790	0.00917	0.00565	0.00563	0.00998	0.01439	0.01875	0.20064	0.28695	0.28504	0.07083	0.00967	0.00261	0.00367	0.03558	0.00610	0.00544
57	0.01153	0.00681	0.00855	0.00864	0.01003	0.00622	0.00607	0.01288	0.01353	0.12839	0.07795	0.34955	0.14204	0.15927	0.01250	0.00312	0.00442	0.02651	0.00598	0.00599
58	0.01923	0.01589	0.01678	0.01555	0.07108	0.08395	0.01141	0.21985	0.26831	0.06733	0.01969	0.04445	0.01554	0.03758	0.00823	0.00223	0.04550	0.00677	0.02104	0.00958
59	0.01724	0.01293	0.01542	0.01311	0.01639	0.01399	0.03662	0.35856	0.04672	0.02895	0.02145	0.13602	0.02033	0.06338	0.08521	0.00333	0.00755	0.08861	0.00575	0.00845
60	0.01410	0.01405	0.02083	0.53026	0.19795	0.07871	0.01789	0.01807	0.01380	0.01749	0.01150	0.01646	0.00895	0.00632	0.00639	0.00206	0.00867	0.00561	0.00299	0.00790
61	0.01280	0.00922	0.01108	0.00916	0.01269	0.00777	0.00700	0.01534	0.03568	0.08359	0.06049	0.09000	0.11324	0.06567	0.05561	0.03552	0.00541	0.00778	0.00487	0.35709
62	0.00925	0.00692	0.00843	0.00879	0.01010	0.00658	0.00628	0.04685	0.03667	0.02050	0.20656	0.40919	0.16590	0.01687	0.00785	0.00236	0.00371	0.01494	0.00631	0.00594
63	0.01147	0.00611	0.00934	0.01003	0.04582	0.00611	0.00635	0.00901	0.00874	0.01173	0.01127	0.01945	0.01117	0.02158	0.02428	0.77017	0.00572	0.00562	0.00283	0.00319
64	0.45782	0.01193	0.01199	0.00993	0.01433	0.01248	0.00817	0.02481	0.04309	0.32306	0.01655	0.01583	0.01125	0.00694	0.00514	0.00201	0.00521	0.00490	0.00576	0.00879
65	0.01042	0.00723	0.00856	0.00832	0.01008	0.00675	0.00606	0.01350	0.06720	0.07044	0.24555	0.17303	0.24097	0.09030	0.01009	0.00261	0.00388	0.01249	0.00630	0.00620
66	0.18072	0.00953	0.01041	0.00964	0.01219	0.00984	0.00734	0.09083	0.04262	0.10805	0.12305	0.25196	0.05005	0.03150	0.00731	0.00229	0.00455	0.01045	0.03047	0.00721
67	0.01566	0.01067	0.01177	0.01032	0.01288	0.01155	0.00792	0.20951	0.13938	0.02651	0.04511	0.06112	0.01800	0.04147	0.00991	0.12177	0.00506	0.00710	0.22676	0.00753
68	0.03624	0.01004	0.01128	0.01011	0.01273	0.01065	0.00783	0.09066	0.22382	0.02743	0.36438	0.03585	0.06390	0.01093	0.00691	0.00204	0.00413	0.00931	0.05396	0.00780
69	0.01774	0.01089	0.01244	0.01047	0.01323	0.01120	0.00784	0.21947	0.04619	0.16007	0.02282	0.06838	0.04791	0.28086	0.01595	0.00353	0.00597	0.00826	0.02898	0.00777
70	0.01030	0.00680	0.00763	0.00742	0.00824	0.00658	0.00470	0.03027	0.01174	0.04302	0.04555	0.07273	0.14706	0.51492	0.02414	0.00485	0.00545	0.01021	0.03355	0.00484
71	0.00790	0.00656	0.00691	0.00682	0.00889	0.00557	0.00512	0.00978	0.01535	0.01892	0.18080	0.05976	0.61374	0.01582	0.00763	0.00216	0.00323	0.01330	0.00619	0.00557
72	0.00836	0.00705	0.00730	0.00715	0.00937	0.00624	0.00539	0.01127	0.06292	0.01896	0.12977	0.05820	0.61439	0.01553	0.00756	0.00217	0.00337	0.01301	0.00615	0.00584
73	0.01298	0.00754	0.00948	0.00959	0.01124	0.00728	0.00695	0.01628	0.08626	0.14623	0.03086	0.44331	0.03228	0.04637	0.00844	0.00252	0.00429	0.03092	0.08036	0.00682
74	0.00990	0.00675	0.00943	0.01072	0.01174	0.00666	0.00869	0.01165	0.01340	0.01756	0.03147	0.23560	0.03506	0.01905	0.01095	0.11130	0.00537	0.43380	0.00554	0.00536
75	0.01134	0.01050	0.00961	0.00947	0.01147	0.10608	0.00696	0.05391	0.04389	0.01922	0.08534	0.25649	0.32112	0.01519	0.00746	0.00222	0.00482	0.01292	0.00576	0.00622
76	0.32460	0.01455	0.01460	0.01180	0.01639	0.01600	0.00969	0.29152	0.07516	0.14300	0.01544	0.01529	0.01094	0.00721	0.00555	0.00199	0.00591	0.00516	0.00578	0.00942
77	0.74575	0.01236	0.01000	0.00877	0.01286	0.01403	0.00723	0.02015	0.01169	0.09429	0.01052	0.01156	0.00783	0.00618	0.00423	0.00200	0.00504	0.00378	0.00437	0.00737
78	0.01464	0.01032	0.01376	0.01224	0.01430	0.03914	0.02955	0.03824	0.03979	0.13728	0.01756	0.02295	0.01494	0.05991	0.40255	0.00672	0.10785	0.00668	0.00436	0.00722
79	0.01041	0.00744	0.01041	0.01190	0.01339	0.00744	0.01041	0.01339	0.01487	0.01934	0.03421	0.07288	0.03719	0.01785	0.00892	0.00297	0.00595	0.68913	0.00595	0.00595
80	0.00937	0.00637	0.00756	0.00756	0.00774	0.00654	0.00455	0.00972	0.00955	0.01291	0.01989	0.03969	0.02237	0.66193	0.14234	0.00690	0.00796	0.00902	0.00385	0.00420
81	0.02217	0.02762	0.01703	0.01553	0.01873	0.64105	0.01166	0.02457	0.04676	0.01677	0.04195	0.01681	0.05707	0.00762	0.00604	0.00173	0.01052	0.00519	0.00378	0.00742
82	0.01733	0.01673	0.02396	0.10304	0.27482	0.09406	0.13524	0.09488	0.09315	0.03874	0.01485	0.03767	0.01192	0.00686	0.00663	0.00201	0.00826	0.00645	0.00409	0.00932
83	0.00800	0.00666	0.00705	0.00724	0.00933	0.00571	0.00562	0.00981	0.01475	0.01770	0.06139	0.06357	0.63988	0.01656	0.00780	0.00229	0.00362	0.10150	0.00599	0.00552
84	0.01293	0.01223	0.02070	0.61930	0.17690	0.01455	0.01831	0.01715	0.01326	0.01739	0.01161	0.01699	0.00893	0.00632	0.00645	0.00211	0.00843	0.00575	0.00293	0.00777
85	0.31660	0.10449	0.04020	0.01526	0.07212	0.25816	0.03970	0.02133	0.01415	0.02137	0.00979	0.01181	0.00804	0.00634	0.00569	0.00186	0.03777	0.00418	0.00346	0.00770
86	0.01806	0.01355	0.01562	0.01279	0.01704	0.01429	0.03107	0.18002	0.31048	0.09598	0.09835	0.02304	0.02031	0.00834	0.00646	0.00194	0.00550	0.00693	0.00629	0.11394
87	0.01387	0.01456	0.05200	0.08443	0.02594	0.01250	0.29933	0.01812	0.01421	0.02038	0.01342	0.01875	0.01107	0.00599	0.00639	0.00172	0.00790	0.04399	0.00359	0.33182
88	0.00872	0.00714	0.03466	0.00919	0.01010	0.00656	0.00671	0.01017	0.01138	0.01546	0.02803	0.36828	0.05863	0.18380	0.20495	0.00536	0.00798	0.01284	0.00479	0.00527
89	0.02497	0.01091	0.01428	0.01128	0.01563	0.00994	0.00918	0.09772	0.01945	0.53914	0.12279	0.05346	0.02276	0.00916	0.00672	0.00202	0.00526	0.00760	0.00764	0.01009
90	0.81856	0.01250	0.00950	0.00850	0.01250	0.01449	0.00700	0.01899	0.01100	0.02899	0.00900	0.01050	0.00700	0.00600	0.00400	0.00200	0.00500	0.00350	0.00400	0.00700
91	0.01310	0.00952	0.01221	0.01115	0.01359	0.00964	0.02986	0.12839	0.05847	0.04792	0.33375	0.07333	0.04107	0.01308	0.00768	0.00228	0.00488	0.17624	0.00656	0.00729
92	0.27246	0.11762	0.01726	0.01211	0.01659	0.08512	0.01006	0.21423	0.10363	0.07262	0.01400	0.01433	0.01049	0.00694	0.00534	0.00189	0.00650	0.00484	0.00501	0.00896
93	0.06406	0.01635	0.04031	0.05098	0.17323	0.06561	0.12649	0.13632	0.01721	0.04991	0.01282	0.01514	0.00991	0.00602	0.00606	0.00175	0.00758	0.00539	0.00410	0.19074
94	0.01827	0.32645	0.08356	0.01799	0.13382	0.23138	0.01383	0.02090	0.01480	0.01681	0.01095	0.03953	0.00986	0.00665	0.00583	0.00169	0.03150	0.00475	0.00311	0.00833

[dist]
# distance from previous block
# <min> <max>
1	3

[block]
# block no. 7 follows, 34 sequences, length 46
# corresponding to MSA columns:
# 264-309
name=unknown_H
#
# <colnr> <probs for GDERKNQSTAVLIFYWHMCP>
#	G	D	E	R	K	N	Q	S	T	A	V	L	I	F	Y	W	H	M	C	P
0	0.00946	0.00672	0.00814	0.00780	0.00963	0.00598	0.00584	0.01188	0.01670	0.05529	0.42436	0.09789	0.28750	0.01450	0.00761	0.00212	0.00328	0.01254	0.00670	0.00605
1	0.00995	0.00930	0.04573	0.01148	0.01391	0.00808	0.08295	0.01291	0.01540	0.02057	0.22962	0.11600	0.19350	0.01440	0.00829	0.00237	0.02629	0.16714	0.00576	0.00631
2	0.00923	0.00692	0.01038	0.01038	0.01154	0.00808	0.00808	0.01154	0.01038	0.01500	0.01731	0.02538	0.01615	0.04846	0.74732	0.01038	0.01731	0.00692	0.00346	0.00577
3	0.00911	0.00631	0.00697	0.00697	0.00732	0.00613	0.00408	0.00938	0.01026	0.01332	0.02762	0.04549	0.13729	0.65106	0.02882	0.00561	0.00578	0.01008	0.00425	0.00416
4	0.01245	0.00693	0.00922	0.00952	0.01104	0.00632	0.00697	0.01385	0.01380	0.15985	0.03465	0.46172	0.09168	0.01739	0.00880	0.04476	0.00435	0.07414	0.00622	0.00634
5	0.04093	0.01686	0.21158	0.01192	0.01806	0.01028	0.01200	0.01808	0.01405	0.08152	0.04868	0.04600	0.03950	0.00686	0.00564	0.00154	0.00598	0.00557	0.00420	0.40077
6	0.41398	0.01850	0.01417	0.11566	0.01971	0.25042	0.01053	0.05284	0.01451	0.02356	0.00996	0.01204	0.00783	0.00636	0.00504	0.00191	0.00774	0.00413	0.00374	0.00737
7	0.01482	0.09171	0.22729	0.02336	0.03062	0.01683	0.45961	0.02051	0.01462	0.02013	0.01230	0.01575	0.00923	0.00564	0.00690	0.00207	0.01016	0.00647	0.00308	0.00890
