[name]
unknown

[dist]
# distance from previous block
# <min> <max>
0	2

[block]
# block no. 0 follows, 32 sequences, length 11
# corresponding to MSA columns:
# 2-12
name=unknown_A
#
# <colnr> <probs for GDERKNQSTAVLIFYWHMCP>
#	G	D	E	R	K	N	Q	S	T	A	V	L	I	F	Y	W	H	M	C	P
0	0.13824	0.04041	0.01683	0.01305	0.01766	0.04252	0.01077	0.31721	0.04273	0.17751	0.06003	0.02208	0.01658	0.00868	0.00646	0.00208	0.00651	0.04424	0.00644	0.00996
1	0.06805	0.35825	0.12584	0.01376	0.01946	0.07318	0.02995	0.09849	0.01588	0.02109	0.01114	0.01305	0.00926	0.00800	0.03268	0.00205	0.03298	0.00446	0.00354	0.05889
2	0.09996	0.38160	0.02720	0.01418	0.01915	0.23031	0.06263	0.02279	0.01544	0.05645	0.01088	0.01237	0.00904	0.00626	0.00520	0.00168	0.00864	0.00430	0.00350	0.00842
3	0.00834	0.00601	0.00770	0.00892	0.00947	0.00559	0.00594	0.00951	0.01296	0.01715	0.06043	0.61477	0.09717	0.08905	0.01085	0.00302	0.00407	0.01759	0.00607	0.00537
4	0.01368	0.01369	0.02536	0.52875	0.08254	0.01548	0.18716	0.01842	0.01412	0.01850	0.01237	0.01787	0.00935	0.00641	0.00700	0.00223	0.00948	0.00645	0.00310	0.00803
5	0.01371	0.01298	0.02200	0.56199	0.22419	0.01518	0.01915	0.01805	0.01391	0.01840	0.01211	0.01755	0.00939	0.00652	0.00669	0.00217	0.00869	0.00597	0.00307	0.00829
6	0.04356	0.01883	0.14852	0.02902	0.34610	0.03232	0.12659	0.02127	0.01570	0.07416	0.06622	0.01908	0.01440	0.00678	0.00680	0.00207	0.00832	0.00651	0.00395	0.00981
7	0.01087	0.00692	0.00889	0.00944	0.01092	0.00630	0.00697	0.01268	0.01478	0.09321	0.09535	0.41269	0.16773	0.01805	0.00829	0.00257	0.00422	0.09731	0.00653	0.00628
8	0.01276	0.00754	0.01002	0.06433	0.01333	0.00720	0.00735	0.01440	0.01408	0.14350	0.07857	0.35181	0.08345	0.14510	0.01243	0.00315	0.00496	0.01347	0.00606	0.00650
9	0.01328	0.01083	0.06586	0.01223	0.01480	0.00916	0.05220	0.09377	0.01595	0.09215	0.03016	0.49672	0.03292	0.01617	0.00796	0.00250	0.00540	0.01456	0.00606	0.00730
10	0.01831	0.04522	0.02601	0.08848	0.44372	0.05815	0.05749	0.13708	0.01810	0.02447	0.01297	0.01623	0.01042	0.00642	0.00661	0.00200	0.00834	0.00592	0.00387	0.01019

[dist]
# distance from previous block
# <min> <max>
0	1

[block]
# block no. 1 follows, 32 sequences, length 9
# corresponding to MSA columns:
# 14-22
name=unknown_B
#
# <colnr> <probs for GDERKNQSTAVLIFYWHMCP>
#	G	D	E	R	K	N	Q	S	T	A	V	L	I	F	Y	W	H	M	C	P
0	0.00904	0.00639	0.00821	0.00914	0.00973	0.00620	0.00632	0.01031	0.01261	0.01679	0.06024	0.39663	0.06221	0.21530	0.05082	0.00411	0.00550	0.09963	0.00558	0.00525
1	0.10378	0.13028	0.30747	0.04385	0.09890	0.01779	0.08995	0.09180	0.01588	0.02361	0.01200	0.01432	0.00910	0.00634	0.00607	0.00201	0.00865	0.00518	0.00351	0.00950
2	0.01799	0.05008	0.02289	0.12428	0.22039	0.07033	0.08374	0.09084	0.05799	0.07671	0.01605	0.05516	0.01313	0.00770	0.00718	0.00209	0.03249	0.00677	0.03486	0.00932
3	0.07353	0.01158	0.01382	0.01133	0.01554	0.04056	0.00909	0.02741	0.05898	0.46921	0.09420	0.06776	0.05735	0.00983	0.00683	0.00212	0.00546	0.00808	0.00744	0.00984
4	0.11658	0.16188	0.11314	0.01826	0.10979	0.14038	0.06426	0.06780	0.05949	0.02227	0.01563	0.01716	0.05176	0.00714	0.00595	0.00193	0.00820	0.00556	0.00393	0.00890
5	0.09604	0.05468	0.09404	0.01595	0.07828	0.07893	0.06103	0.05749	0.06366	0.04276	0.01982	0.08285	0.06137	0.00869	0.00636	0.00196	0.00701	0.02666	0.00455	0.13788
6	0.01419	0.05778	0.01297	0.01077	0.01332	0.05102	0.00843	0.07118	0.09362	0.07061	0.24515	0.12112	0.08066	0.04958	0.00877	0.00244	0.00518	0.06936	0.00636	0.00750
7	0.01378	0.01270	0.05148	0.01123	0.01374	0.09100	0.00887	0.11055	0.01744	0.04706	0.11758	0.30088	0.12018	0.04126	0.00858	0.00246	0.00565	0.01253	0.00594	0.00710
8	0.12022	0.22358	0.14135	0.05101	0.10323	0.03747	0.05631	0.02084	0.01406	0.06735	0.01181	0.01405	0.00938	0.00653	0.00663	0.00191	0.05656	0.00487	0.00356	0.04930

[dist]
# distance from previous block
# <min> <max>
8	49

[block]
# block no. 2 follows, 32 sequences, length 23
# corresponding to MSA columns:
# 78-100
name=unknown_C
#
# <colnr> <probs for GDERKNQSTAVLIFYWHMCP>
#	G	D	E	R	K	N	Q	S	T	A	V	L	I	F	Y	W	H	M	C	P
0	0.04881	0.04254	0.08369	0.10735	0.10521	0.11837	0.03767	0.09334	0.07716	0.06147	0.01721	0.05364	0.03220	0.00954	0.03502	0.00235	0.00832	0.00651	0.00448	0.05513
1	0.04285	0.13356	0.08237	0.03547	0.04134	0.13389	0.07533	0.12734	0.08676	0.04202	0.02836	0.01611	0.01182	0.00730	0.00719	0.00195	0.05774	0.00556	0.00436	0.05868
2	0.13080	0.05583	0.06970	0.01492	0.06907	0.07703	0.03298	0.07979	0.04371	0.13725	0.01952	0.07723	0.01696	0.03765	0.00748	0.00230	0.00688	0.06764	0.04464	0.00864
3	0.01574	0.09899	0.13891	0.07170	0.02039	0.04028	0.03250	0.05430	0.04983	0.08705	0.02119	0.06592	0.07201	0.05687	0.00817	0.00223	0.00697	0.02440	0.00461	0.12794
4	0.04732	0.10260	0.04099	0.02971	0.09445	0.06861	0.01157	0.13072	0.04180	0.06331	0.08042	0.01975	0.01632	0.03015	0.04300	0.00232	0.00729	0.00593	0.00478	0.15896
5	0.09724	0.06156	0.11559	0.01525	0.08019	0.06358	0.01247	0.10058	0.09474	0.06977	0.05688	0.04348	0.08321	0.00865	0.00633	0.00198	0.00665	0.00690	0.00505	0.06988
6	0.06193	0.14295	0.10867	0.04905	0.08359	0.09244	0.03270	0.05796	0.07482	0.04963	0.03882	0.04089	0.01350	0.00722	0.00596	0.00183	0.00743	0.00574	0.00424	0.12063
7	0.01178	0.01110	0.04722	0.01135	0.03559	0.07568	0.00830	0.01373	0.01417	0.03955	0.07668	0.36654	0.07822	0.08389	0.00999	0.00265	0.00543	0.01294	0.00541	0.08978
8	0.01531	0.05926	0.06741	0.01138	0.01619	0.01178	0.00977	0.08747	0.08252	0.05605	0.04320	0.11490	0.01801	0.00854	0.00603	0.00168	0.00547	0.00709	0.04885	0.32909
9	0.09410	0.01674	0.04447	0.03807	0.07228	0.06458	0.04620	0.20135	0.21355	0.02859	0.01873	0.05656	0.01505	0.01071	0.04680	0.00261	0.00769	0.00690	0.00542	0.00960
10	0.01166	0.00583	0.00874	0.00874	0.00874	0.00583	0.00583	0.00874	0.00874	0.01166	0.01166	0.02040	0.01166	0.02331	0.02622	0.80478	0.00583	0.00583	0.00291	0.00291
11	0.01896	0.09403	0.08112	0.12180	0.19483	0.16853	0.01640	0.12474	0.03817	0.02244	0.01245	0.01514	0.00993	0.00698	0.00708	0.00199	0.04693	0.00536	0.00382	0.00930
12	0.05410	0.27953	0.14232	0.01953	0.12536	0.04250	0.09506	0.07266	0.05026	0.04095	0.01265	0.01452	0.01003	0.00634	0.00583	0.00187	0.00817	0.00516	0.00370	0.00947
13	0.00970	0.00675	0.00853	0.00853	0.00895	0.00717	0.00558	0.01054	0.01012	0.01391	0.02003	0.03775	0.02172	0.51382	0.28087	0.00801	0.01053	0.00886	0.00390	0.00474
14	0.00976	0.00651	0.00732	0.00732	0.00732	0.00651	0.00407	0.00976	0.00976	0.01301	0.02114	0.04391	0.02439	0.76419	0.03415	0.00651	0.00651	0.00976	0.00407	0.00407
15	0.01762	0.32606	0.11979	0.05121	0.02185	0.01987	0.08127	0.04480	0.08127	0.08378	0.04012	0.01659	0.01276	0.00712	0.00670	0.00191	0.04854	0.00550	0.00409	0.00915
16	0.01643	0.01708	0.06693	0.01752	0.08301	0.10840	0.04501	0.10425	0.06632	0.02257	0.09908	0.02486	0.01927	0.08128	0.01280	0.00269	0.16772	0.03199	0.00456	0.00822
17	0.02285	0.02781	0.02035	0.02059	0.12160	0.56794	0.04040	0.02512	0.01810	0.01785	0.01141	0.01364	0.00943	0.00678	0.00614	0.00178	0.01102	0.00480	0.04424	0.00816
18	0.01482	0.03023	0.55401	0.02044	0.07950	0.04224	0.05968	0.02153	0.01479	0.05327	0.01476	0.01668	0.03446	0.00679	0.00654	0.00211	0.00951	0.00558	0.00330	0.00976
19	0.01381	0.03769	0.01996	0.08550	0.02175	0.03831	0.16754	0.03784	0.11570	0.02119	0.06632	0.08207	0.05915	0.02890	0.06787	0.00307	0.04503	0.04977	0.03073	0.00781
20	0.00941	0.00711	0.00845	0.00821	0.00974	0.00674	0.00592	0.01225	0.04732	0.02124	0.33025	0.07509	0.22561	0.14692	0.05340	0.00343	0.00476	0.01202	0.00622	0.00591
21	0.07319	0.01636	0.07390	0.10688	0.07051	0.06884	0.01294	0.13480	0.12336	0.07217	0.09856	0.04060	0.01885	0.00840	0.00656	0.00205	0.00689	0.00686	0.00531	0.05298
22	0.01032	0.00762	0.00853	0.00877	0.01020	0.03355	0.00620	0.01195	0.01481	0.05766	0.15588	0.32119	0.22165	0.08743	0.01050	0.00278	0.00430	0.01451	0.00623	0.00594

[dist]
# distance from previous block
# <min> <max>
0	2

[block]
# block no. 3 follows, 32 sequences, length 15
# corresponding to MSA columns:
# 103-117
name=unknown_D
#
# <colnr> <probs for GDERKNQSTAVLIFYWHMCP>
#	G	D	E	R	K	N	Q	S	T	A	V	L	I	F	Y	W	H	M	C	P
0	0.08074	0.01361	0.01917	0.62776	0.04139	0.07248	0.01723	0.01813	0.01370	0.01817	0.01159	0.01684	0.00878	0.00668	0.00644	0.00218	0.00888	0.00564	0.00312	0.00746
1	0.20851	0.08792	0.01883	0.01478	0.01891	0.38355	0.04056	0.04751	0.04907	0.05543	0.01193	0.01321	0.00941	0.00681	0.00563	0.00186	0.00924	0.00458	0.00407	0.00821
2	0.00950	0.00686	0.00842	0.00861	0.00901	0.00712	0.00563	0.01023	0.01099	0.01474	0.02721	0.19343	0.08176	0.42737	0.10940	0.00571	0.04298	0.01158	0.00458	0.00487
3	0.01867	0.05570	0.11388	0.11750	0.11162	0.18119	0.05224	0.10359	0.13598	0.02307	0.01475	0.01663	0.01133	0.00709	0.00648	0.00202	0.00891	0.00574	0.00422	0.00938
4	0.00950	0.00653	0.00743	0.00745	0.00781	0.00636	0.00444	0.00996	0.01116	0.01481	0.08313	0.07910	0.09268	0.59992	0.02842	0.00558	0.00583	0.01078	0.00464	0.00446
5	0.02506	0.03198	0.01901	0.01729	0.02074	0.73725	0.01296	0.02679	0.01901	0.01642	0.01037	0.01210	0.00864	0.00691	0.00605	0.00173	0.01210	0.00432	0.00346	0.00778
6	0.01597	0.01197	0.01347	0.01220	0.01540	0.01312	0.00955	0.05286	0.40133	0.08834	0.09508	0.03375	0.05738	0.04961	0.04371	0.00291	0.00587	0.06163	0.00664	0.00918
7	0.00960	0.00713	0.01051	0.01051	0.01161	0.00824	0.00804	0.01180	0.01070	0.01537	0.01823	0.02776	0.01738	0.10721	0.68155	0.01044	0.01706	0.00739	0.00363	0.00584
8	0.00994	0.00749	0.01107	0.01053	0.01162	0.00821	0.03995	0.01174	0.01070	0.01505	0.01876	0.03148	0.01886	0.27269	0.48154	0.00903	0.01405	0.00803	0.00373	0.00553
9	0.02084	0.01747	0.01980	0.01844	0.10359	0.06728	0.04386	0.27435	0.28021	0.05306	0.01968	0.01951	0.01461	0.00802	0.00676	0.00210	0.00713	0.00660	0.00603	0.01067
10	0.00861	0.00630	0.00813	0.00930	0.01001	0.00596	0.00635	0.01065	0.03904	0.01855	0.10625	0.63205	0.07439	0.01968	0.00841	0.00263	0.00385	0.01775	0.00637	0.00574
11	0.01391	0.01193	0.01391	0.00994	0.01590	0.00894	0.00795	0.01690	0.01391	0.02186	0.01193	0.01391	0.00994	0.00497	0.00497	0.00099	0.00497	0.00398	0.00398	0.80521
12	0.01764	0.01594	0.05359	0.07662	0.24448	0.01598	0.05801	0.16375	0.14115	0.04436	0.01784	0.05589	0.01469	0.04027	0.00804	0.00232	0.00743	0.00717	0.00491	0.00991
13	0.01956	0.06616	0.01742	0.01460	0.07183	0.07172	0.01083	0.24242	0.03939	0.10674	0.05718	0.05963	0.12824	0.00979	0.00673	0.00198	0.00642	0.00790	0.00588	0.05558
14	0.01573	0.04766	0.09184	0.01284	0.01635	0.08021	0.01104	0.07327	0.15785	0.06708	0.05175	0.16584	0.04416	0.03429	0.02172	0.00253	0.02323	0.04206	0.03226	0.00829

[dist]
# distance from previous block
# <min> <max>
0	17

[block]
# block no. 4 follows, 32 sequences, length 31
# corresponding to MSA columns:
# 135-165
name=unknown_E
#
# <colnr> <probs for GDERKNQSTAVLIFYWHMCP>
#	G	D	E	R	K	N	Q	S	T	A	V	L	I	F	Y	W	H	M	C	P
0	0.01954	0.25538	0.08752	0.01636	0.08173	0.16307	0.02995	0.04493	0.03844	0.09842	0.01592	0.04424	0.03447	0.00744	0.00587	0.00180	0.00805	0.00568	0.00417	0.03702
1	0.09353	0.08862	0.04486	0.01351	0.01802	0.03490	0.04443	0.17618	0.11730	0.15383	0.02034	0.07530	0.01671	0.03680	0.00754	0.00228	0.00664	0.03392	0.00586	0.00946
2	0.01812	0.01439	0.04205	0.11224	0.07605	0.03630	0.07653	0.09356	0.05995	0.13970	0.01791	0.06711	0.01425	0.00775	0.00650	0.00191	0.00696	0.00678	0.03472	0.16720
3	0.02456	0.01917	0.01955	0.01537	0.02045	0.06545	0.01254	0.58813	0.10174	0.03917	0.01692	0.01679	0.01219	0.00809	0.00668	0.00202	0.00746	0.00609	0.00652	0.01110
4	0.00822	0.00674	0.00725	0.00728	0.00928	0.00577	0.00540	0.01014	0.01576	0.01960	0.18024	0.11392	0.55368	0.01672	0.00797	0.00227	0.00339	0.01417	0.00643	0.00577
5	0.01391	0.01193	0.01391	0.00994	0.01590	0.00894	0.00795	0.01690	0.01391	0.02186	0.01193	0.01391	0.00994	0.00497	0.00497	0.00099	0.00497	0.00398	0.00398	0.80521
6	0.00847	0.00680	0.00746	0.00730	0.00928	0.00590	0.00542	0.01053	0.01617	0.02052	0.25857	0.05947	0.49765	0.04597	0.00898	0.00239	0.00345	0.01339	0.00649	0.00580
7	0.00975	0.00656	0.00757	0.00757	0.00766	0.00664	0.00438	0.00992	0.00983	0.01320	0.02091	0.04263	0.02384	0.71196	0.08562	0.00682	0.00734	0.00957	0.00403	0.00421
8	0.00852	0.00669	0.00765	0.00782	0.00953	0.00590	0.00575	0.01050	0.01566	0.02005	0.22158	0.16799	0.40552	0.04099	0.00892	0.00247	0.00362	0.03864	0.00644	0.00576
9	0.01152	0.00730	0.00869	0.00866	0.00941	0.00725	0.00568	0.01305	0.04560	0.06706	0.02485	0.11938	0.02707	0.52360	0.02578	0.00526	0.00608	0.07356	0.00494	0.00527
10	0.01468	0.01468	0.02055	0.01762	0.01762	0.02055	0.01468	0.01615	0.01028	0.01615	0.00881	0.01468	0.00881	0.01174	0.02202	0.00294	0.75191	0.00587	0.00294	0.00734
11	0.01468	0.01468	0.02055	0.01762	0.01762	0.02055	0.01468	0.01615	0.01028	0.01615	0.00881	0.01468	0.00881	0.01174	0.02202	0.00294	0.75191	0.00587	0.00294	0.00734
12	0.81159	0.01298	0.00986	0.00882	0.01298	0.01505	0.00727	0.01972	0.01142	0.03010	0.00934	0.01090	0.00727	0.00623	0.00415	0.00208	0.00519	0.00363	0.00415	0.00727
13	0.03010	0.01142	0.01557	0.01194	0.01713	0.00986	0.00986	0.03270	0.01920	0.72698	0.02647	0.02284	0.01661	0.00830	0.00675	0.00208	0.00571	0.00675	0.00830	0.01142
14	0.81159	0.01298	0.00986	0.00882	0.01298	0.01505	0.00727	0.01972	0.01142	0.03010	0.00934	0.01090	0.00727	0.00623	0.00415	0.00208	0.00519	0.00363	0.00415	0.00727
15	0.02551	0.01879	0.02014	0.01544	0.02081	0.02081	0.01275	0.69996	0.03155	0.04229	0.01611	0.01611	0.01141	0.00805	0.00671	0.00201	0.00738	0.00604	0.00671	0.01141
16	0.02486	0.01847	0.01977	0.01531	0.02056	0.02051	0.01260	0.65138	0.08118	0.04125	0.01693	0.01676	0.01207	0.00813	0.00672	0.00203	0.00723	0.00615	0.00672	0.01135
17	0.68016	0.01271	0.01082	0.00935	0.01367	0.01418	0.00770	0.02191	0.01273	0.14730	0.01222	0.01291	0.00884	0.00658	0.00459	0.00208	0.00528	0.00416	0.00485	0.00797
18	0.00818	0.00584	0.00779	0.00934	0.00973	0.00545	0.00623	0.00934	0.01285	0.01713	0.03698	0.75981	0.04438	0.02102	0.00856	0.00273	0.00389	0.01908	0.00623	0.00545
19	0.02077	0.01644	0.01747	0.01448	0.01900	0.01859	0.01161	0.34297	0.39625	0.03465	0.02213	0.02091	0.01629	0.00862	0.00677	0.00215	0.00627	0.00687	0.00677	0.01099
20	0.00975	0.00654	0.00749	0.00749	0.00755	0.00660	0.00428	0.00987	0.00981	0.01314	0.02099	0.04305	0.02402	0.72924	0.06859	0.00671	0.00707	0.00963	0.00404	0.00416
21	0.03010	0.01142	0.01557	0.01194	0.01713	0.00986	0.00986	0.03270	0.01920	0.72698	0.02647	0.02284	0.01661	0.00830	0.00675	0.00208	0.00571	0.00675	0.00830	0.01142
22	0.01919	0.02011	0.01752	0.01428	0.01906	0.26691	0.04175	0.07562	0.11243	0.02236	0.01388	0.01516	0.01105	0.00649	0.00587	0.00156	0.00799	0.00493	0.00437	0.31948
23	0.00818	0.00584	0.00779	0.00934	0.00973	0.00545	0.00623	0.00934	0.01285	0.01713	0.03698	0.75981	0.04438	0.02102	0.00856	0.00273	0.00389	0.01908	0.00623	0.00545
24	0.06237	0.01219	0.01529	0.01201	0.01677	0.01154	0.00983	0.12487	0.04540	0.50332	0.09330	0.02414	0.02024	0.00874	0.00674	0.00208	0.00566	0.00707	0.00775	0.01069
25	0.01598	0.05223	0.02651	0.16716	0.43853	0.01622	0.08486	0.05045	0.01556	0.02145	0.01344	0.04282	0.01140	0.00669	0.00673	0.00206	0.00827	0.00651	0.00350	0.00964
26	0.01814	0.07193	0.21663	0.01850	0.04997	0.07314	0.11401	0.10871	0.11721	0.07254	0.01697	0.01814	0.02958	0.00747	0.00722	0.00210	0.03730	0.00619	0.00451	0.00975
27	0.00836	0.00602	0.00795	0.00929	0.00989	0.00561	0.00637	0.00978	0.01350	0.01802	0.08985	0.65434	0.07083	0.02022	0.00852	0.00267	0.00390	0.04300	0.00631	0.00555
28	0.04506	0.04481	0.06922	0.01602	0.07771	0.10731	0.05316	0.04877	0.07637	0.02073	0.07305	0.02584	0.03565	0.07927	0.15171	0.00415	0.03280	0.02622	0.00436	0.00780
29	0.01598	0.05245	0.36297	0.01881	0.10308	0.01535	0.01830	0.07143	0.11385	0.07145	0.02008	0.02077	0.07039	0.00782	0.00657	0.00211	0.00793	0.00636	0.00439	0.00990
30	0.01471	0.04398	0.08468	0.21390	0.33980	0.01555	0.07082	0.01900	0.01455	0.02000	0.01541	0.02044	0.04283	0.00719	0.00722	0.00214	0.02965	0.02562	0.00339	0.00912

[dist]
# distance from previous block
# <min> <max>
0	2

[block]
# block no. 5 follows, 32 sequences, length 20
# corresponding to MSA columns:
# 168-187
name=unknown_F
#
# <colnr> <probs for GDERKNQSTAVLIFYWHMCP>
#	G	D	E	R	K	N	Q	S	T	A	V	L	I	F	Y	W	H	M	C	P
0	0.47886	0.03567	0.04190	0.01348	0.06248	0.12361	0.01038	0.06204	0.07286	0.02737	0.01172	0.01307	0.00913	0.00666	0.00506	0.00202	0.00677	0.00441	0.00429	0.00822
1	0.01847	0.01824	0.04940	0.15163	0.20433	0.14304	0.06874	0.08889	0.05094	0.06855	0.01566	0.06372	0.01294	0.00772	0.00678	0.00208	0.00862	0.00675	0.00429	0.00922
2	0.01219	0.00628	0.00638	0.00638	0.00776	0.00628	0.00462	0.01496	0.01358	0.02364	0.02180	0.02718	0.01802	0.09451	0.00807	0.00213	0.00351	0.00666	0.71004	0.00600
3	0.64020	0.01212	0.01028	0.00903	0.01302	0.01354	0.00738	0.02050	0.01288	0.10568	0.05852	0.01538	0.01240	0.00702	0.00471	0.00206	0.00503	0.00464	0.03800	0.00762
4	0.01387	0.00927	0.01002	0.00923	0.01155	0.00974	0.00691	0.04219	0.20538	0.05824	0.08640	0.03291	0.08558	0.11449	0.01009	0.00259	0.00448	0.00833	0.27120	0.00751
5	0.00955	0.00655	0.00770	0.00788	0.00821	0.00648	0.00488	0.01011	0.01103	0.01471	0.05910	0.11163	0.06235	0.56374	0.05633	0.00577	0.00640	0.03843	0.00460	0.00454
6	0.02571	0.01480	0.01726	0.01351	0.01846	0.01528	0.01106	0.33321	0.09064	0.31604	0.05669	0.02138	0.01698	0.00854	0.00680	0.00207	0.00630	0.00678	0.00740	0.01108
7	0.00976	0.00651	0.00732	0.00732	0.00732	0.00651	0.00407	0.00976	0.00976	0.01301	0.02114	0.04391	0.02439	0.76419	0.03415	0.00651	0.00651	0.00976	0.00407	0.00407
8	0.01794	0.76823	0.03516	0.01148	0.01722	0.02655	0.01148	0.02009	0.01363	0.01579	0.00933	0.01076	0.00861	0.00574	0.00431	0.00144	0.00718	0.00359	0.00287	0.00861
9	0.03010	0.01142	0.01557	0.01194	0.01713	0.00986	0.00986	0.03270	0.01920	0.72698	0.02647	0.02284	0.01661	0.00830	0.00675	0.00208	0.00571	0.00675	0.00830	0.01142
10	0.01267	0.01193	0.02013	0.74806	0.04621	0.01491	0.01863	0.01714	0.01342	0.01714	0.01193	0.01789	0.00894	0.00671	0.00671	0.00224	0.00894	0.00596	0.00298	0.00745
11	0.76004	0.01287	0.01024	0.00903	0.01325	0.01471	0.00744	0.02058	0.01193	0.07607	0.01047	0.01169	0.00788	0.00637	0.00432	0.00208	0.00522	0.00384	0.00443	0.00754
12	0.01468	0.01468	0.02055	0.01762	0.01762	0.02055	0.01468	0.01615	0.01028	0.01615	0.00881	0.01468	0.00881	0.01174	0.02202	0.00294	0.75191	0.00587	0.00294	0.00734
13	0.62329	0.01344	0.01175	0.00997	0.01439	0.01505	0.00822	0.09854	0.01469	0.11988	0.01228	0.01301	0.00892	0.00670	0.00477	0.00207	0.00551	0.00430	0.00497	0.00826
14	0.04955	0.04065	0.15610	0.03915	0.11298	0.06828	0.19710	0.08015	0.01636	0.03974	0.01564	0.06404	0.01357	0.04574	0.00831	0.00237	0.00893	0.02846	0.00400	0.00890
15	0.01721	0.01467	0.01546	0.01376	0.01764	0.01693	0.01075	0.07452	0.67051	0.02890	0.02665	0.02451	0.01995	0.00904	0.00682	0.00226	0.00543	0.00750	0.00682	0.01067
16	0.01558	0.01453	0.05083	0.23570	0.23385	0.01481	0.05766	0.05549	0.09638	0.05059	0.05695	0.02308	0.01590	0.00783	0.00696	0.00218	0.00774	0.04038	0.00436	0.00918
17	0.01538	0.01202	0.01390	0.01048	0.01558	0.01019	0.00826	0.07944	0.05557	0.05777	0.04930	0.01915	0.01467	0.06147	0.00759	0.00167	0.00527	0.00532	0.00477	0.55221
18	0.01023	0.00874	0.00960	0.01010	0.03340	0.03108	0.00706	0.01391	0.09379	0.01947	0.06627	0.29073	0.30319	0.01601	0.00775	0.00232	0.00429	0.01387	0.00602	0.05218
19	0.08298	0.43426	0.02766	0.03564	0.09305	0.07279	0.01225	0.07369	0.01561	0.04920	0.01214	0.04161	0.01066	0.00679	0.00519	0.00171	0.00733	0.00489	0.00372	0.00884

[dist]
# distance from previous block
# <min> <max>
0	6

[block]
# block no. 6 follows, 32 sequences, length 25
# corresponding to MSA columns:
# 194-218
name=unknown_G
#
# <colnr> <probs for GDERKNQSTAVLIFYWHMCP>
#	G	D	E	R	K	N	Q	S	T	A	V	L	I	F	Y	W	H	M	C	P
0	0.07665	0.08326	0.13800	0.01586	0.04631	0.03218	0.06435	0.17701	0.06636	0.09221	0.01501	0.01593	0.01109	0.00678	0.00608	0.00186	0.00737	0.00543	0.00485	0.13342
1	0.01148	0.00874	0.01122	0.01019	0.01280	0.00811	0.03170	0.01582	0.08491	0.04949	0.28486	0.11753	0.14294	0.01345	0.00762	0.00218	0.00437	0.07583	0.00642	0.10036
2	0.01930	0.09262	0.04222	0.08081	0.07156	0.06156	0.04319	0.21147	0.13241	0.05636	0.04059	0.01851	0.01406	0.00750	0.00637	0.00194	0.00727	0.00609	0.02459	0.06157
3	0.00963	0.00700	0.00984	0.00984	0.01071	0.00787	0.00721	0.01138	0.01050	0.01488	0.01884	0.03114	0.01885	0.24487	0.54589	0.00962	0.01485	0.00789	0.00372	0.00547
4	0.07111	0.30449	0.05618	0.06137	0.01917	0.16633	0.01190	0.04181	0.01482	0.04037	0.01219	0.01552	0.01055	0.03907	0.10594	0.00311	0.00970	0.00485	0.00352	0.00800
5	0.01113	0.01010	0.01360	0.31574	0.02554	0.05724	0.01177	0.01372	0.01357	0.01712	0.02589	0.38067	0.04966	0.01404	0.00761	0.00244	0.00651	0.01252	0.00470	0.00644
6	0.01989	0.35516	0.12693	0.01638	0.06712	0.07574	0.06344	0.04445	0.01589	0.13668	0.01338	0.01444	0.01026	0.00643	0.00563	0.00178	0.00805	0.00491	0.00400	0.00945
7	0.02075	0.25170	0.06921	0.01339	0.01868	0.04402	0.01209	0.17869	0.14873	0.12516	0.01884	0.01844	0.03665	0.00772	0.00598	0.00190	0.00689	0.00581	0.00538	0.00997
8	0.00974	0.00656	0.00760	0.00760	0.00770	0.00666	0.00442	0.00994	0.00984	0.01322	0.02088	0.04247	0.02377	0.70566	0.09183	0.00686	0.00745	0.00955	0.00403	0.00422
9	0.01323	0.01092	0.01193	0.01065	0.01345	0.06172	0.03346	0.01917	0.15941	0.06947	0.26907	0.04337	0.23233	0.01256	0.00749	0.00216	0.00479	0.01070	0.00657	0.00756
10	0.04661	0.16111	0.09616	0.01641	0.05923	0.06169	0.08083	0.08817	0.09355	0.08545	0.01715	0.05172	0.01424	0.01138	0.06549	0.00273	0.00853	0.02580	0.00463	0.00913
11	0.01794	0.76823	0.03516	0.01148	0.01722	0.02655	0.01148	0.02009	0.01363	0.01579	0.00933	0.01076	0.00861	0.00574	0.00431	0.00144	0.00718	0.00359	0.00287	0.00861
12	0.00976	0.00651	0.00732	0.00732	0.00732	0.00651	0.00407	0.00976	0.00976	0.01301	0.02114	0.04391	0.02439	0.76419	0.03415	0.00651	0.00651	0.00976	0.00407	0.00407
13	0.01443	0.01288	0.03907	0.01765	0.12586	0.03706	0.10084	0.04870	0.06134	0.05359	0.27425	0.03170	0.05540	0.00989	0.00772	0.00210	0.03233	0.00882	0.05815	0.00822
14	0.04268	0.01799	0.13804	0.01501	0.02054	0.03512	0.06182	0.16028	0.11099	0.24445	0.01992	0.02075	0.01430	0.05719	0.00848	0.00239	0.00732	0.00655	0.00600	0.01019
15	0.00837	0.00612	0.00779	0.00882	0.00959	0.00563	0.00601	0.00982	0.01383	0.01835	0.12679	0.55222	0.13473	0.04700	0.00934	0.00273	0.00383	0.01721	0.00630	0.00554
16	0.00839	0.00640	0.00765	0.00836	0.00960	0.00575	0.00593	0.00999	0.01438	0.01847	0.11782	0.37539	0.29562	0.04546	0.00921	0.00264	0.00382	0.04324	0.00627	0.00560
17	0.01753	0.11422	0.29657	0.01830	0.06882	0.15180	0.04055	0.09305	0.04086	0.02259	0.06243	0.01679	0.01332	0.00714	0.00630	0.00196	0.00903	0.00556	0.00387	0.00931
18	0.01357	0.00988	0.01449	0.06353	0.01685	0.01085	0.05451	0.08187	0.03845	0.06455	0.01939	0.11826	0.01812	0.02789	0.29666	0.08958	0.04169	0.00837	0.00450	0.00700
19	0.00984	0.00673	0.00827	0.00836	0.00865	0.00688	0.00535	0.01001	0.01082	0.01448	0.04864	0.14991	0.06969	0.43468	0.04660	0.10229	0.03903	0.01081	0.00444	0.00452
20	0.01210	0.01029	0.01346	0.06066	0.03553	0.05311	0.03351	0.03951	0.01283	0.01757	0.04228	0.05678	0.01859	0.13876	0.34458	0.00675	0.05799	0.00781	0.03146	0.00643
21	0.01640	0.10035	0.14537	0.04171	0.10791	0.11748	0.10812	0.06692	0.01603	0.02079	0.01579	0.09112	0.01447	0.02770	0.00777	0.00220	0.02909	0.02828	0.03396	0.00856
22	0.01816	0.09651	0.09685	0.14240	0.07052	0.16553	0.03149	0.10720	0.11164	0.02231	0.01518	0.01912	0.01235	0.02913	0.00721	0.00215	0.00865	0.03044	0.00422	0.00892
23	0.01295	0.01137	0.01694	0.03886	0.16628	0.01278	0.03527	0.03882	0.01388	0.01982	0.06030	0.05195	0.10134	0.01871	0.15907	0.00404	0.16571	0.00806	0.05628	0.00758
24	0.00865	0.00676	0.00975	0.01027	0.01131	0.00623	0.05133	0.01017	0.01334	0.01754	0.03921	0.62699	0.12403	0.01953	0.00845	0.00264	0.00432	0.01775	0.00604	0.00571

[dist]
# distance from previous block
# <min> <max>
2	8

[block]
# block no. 7 follows, 32 sequences, length 101
# corresponding to MSA columns:
# 227-327
name=unknown_H
#
# <colnr> <probs for GDERKNQSTAVLIFYWHMCP>
#	G	D	E	R	K	N	Q	S	T	A	V	L	I	F	Y	W	H	M	C	P
0	0.01097	0.01124	0.08589	0.01134	0.04207	0.03309	0.00882	0.03436	0.01461	0.01974	0.12533	0.22729	0.12716	0.13024	0.03358	0.00316	0.00576	0.01180	0.03216	0.03140
1	0.06763	0.05952	0.06238	0.01239	0.04050	0.04081	0.01017	0.02093	0.08434	0.08538	0.03615	0.04773	0.01422	0.00694	0.00565	0.00156	0.00583	0.00556	0.00467	0.38765
2	0.05019	0.01596	0.09387	0.02493	0.27775	0.03229	0.10256	0.04058	0.03551	0.04236	0.08585	0.12954	0.02074	0.00921	0.00707	0.00217	0.00735	0.00858	0.00449	0.00899
3	0.01777	0.02050	0.20409	0.01932	0.04880	0.01582	0.17996	0.18237	0.06176	0.07302	0.04800	0.06511	0.01559	0.00812	0.00709	0.00217	0.00835	0.00744	0.00492	0.00979
4	0.01739	0.01739	0.02605	0.07161	0.55609	0.08531	0.04052	0.04046	0.01586	0.02153	0.01237	0.01620	0.01030	0.00635	0.00716	0.00202	0.03403	0.00588	0.00340	0.01006
5	0.00879	0.00667	0.00859	0.00989	0.03805	0.00620	0.00652	0.01042	0.01404	0.01857	0.13434	0.41909	0.18493	0.06433	0.03464	0.00302	0.00449	0.01560	0.00605	0.00576
6	0.02426	0.01796	0.01954	0.04740	0.02142	0.01996	0.01269	0.62757	0.05142	0.04019	0.01646	0.01675	0.01177	0.00802	0.00665	0.00202	0.00725	0.00609	0.03152	0.01105
7	0.00842	0.00648	0.00730	0.00771	0.00900	0.00579	0.00531	0.00975	0.01384	0.01746	0.08961	0.25807	0.36536	0.15000	0.01274	0.00314	0.00407	0.01466	0.00592	0.00536
8	0.00837	0.00681	0.00741	0.00726	0.00933	0.00585	0.00544	0.01048	0.01633	0.02060	0.25098	0.06051	0.53507	0.01607	0.00793	0.00222	0.00333	0.01359	0.00656	0.00585
9	0.00836	0.00592	0.00773	0.00910	0.00944	0.00558	0.00597	0.00939	0.01248	0.01664	0.03510	0.67460	0.04200	0.10947	0.01161	0.00317	0.00420	0.01797	0.00597	0.00529
10	0.00911	0.00671	0.00852	0.00835	0.00986	0.00612	0.00615	0.01180	0.01766	0.02440	0.53867	0.14918	0.14826	0.01515	0.00801	0.00222	0.00330	0.01335	0.00707	0.00612
11	0.81159	0.01298	0.00986	0.00882	0.01298	0.01505	0.00727	0.01972	0.01142	0.03010	0.00934	0.01090	0.00727	0.00623	0.00415	0.00208	0.00519	0.00363	0.00415	0.00727
12	0.01468	0.01468	0.02055	0.01762	0.01762	0.02055	0.01468	0.01615	0.01028	0.01615	0.00881	0.01468	0.00881	0.01174	0.02202	0.00294	0.75191	0.00587	0.00294	0.00734
13	0.02551	0.01879	0.02014	0.01544	0.02081	0.02081	0.01275	0.69996	0.03155	0.04229	0.01611	0.01611	0.01141	0.00805	0.00671	0.00201	0.00738	0.00604	0.00671	0.01141
14	0.00824	0.00587	0.00777	0.00926	0.00963	0.00549	0.00614	0.00936	0.01272	0.01696	0.03632	0.72987	0.04354	0.05210	0.00963	0.00288	0.00400	0.01869	0.00614	0.00539
15	0.81159	0.01298	0.00986	0.00882	0.01298	0.01505	0.00727	0.01972	0.01142	0.03010	0.00934	0.01090	0.00727	0.00623	0.00415	0.00208	0.00519	0.00363	0.00415	0.00727
16	0.74548	0.01284	0.01034	0.00909	0.01333	0.01461	0.00749	0.02082	0.01208	0.08905	0.01079	0.01191	0.00806	0.00640	0.00437	0.00208	0.00523	0.00390	0.00450	0.00762
17	0.02551	0.01879	0.02014	0.01544	0.02081	0.02081	0.01275	0.69996	0.03155	0.04229	0.01611	0.01611	0.01141	0.00805	0.00671	0.00201	0.00738	0.00604	0.00671	0.01141
18	0.00814	0.00681	0.00709	0.00702	0.00919	0.00575	0.00526	0.01004	0.01579	0.01932	0.15611	0.06262	0.63073	0.01655	0.00793	0.00224	0.00337	0.01389	0.00639	0.00575
19	0.01303	0.00676	0.00681	0.00662	0.00834	0.00684	0.00501	0.04298	0.01477	0.02571	0.02166	0.02466	0.01697	0.00783	0.00477	0.00158	0.00330	0.00625	0.76968	0.00646
20	0.01868	0.01368	0.01489	0.01304	0.01696	0.01526	0.01024	0.06058	0.54380	0.12693	0.02642	0.02437	0.01938	0.00887	0.00668	0.00219	0.00532	0.00733	0.05488	0.01050
21	0.01626	0.01299	0.01233	0.01088	0.01291	0.10159	0.00768	0.15816	0.06456	0.04980	0.01940	0.03198	0.01914	0.42889	0.02191	0.00450	0.00727	0.00803	0.00491	0.00681
22	0.02100	0.01183	0.01432	0.01185	0.01574	0.01184	0.00946	0.13981	0.14086	0.28772	0.20192	0.05390	0.02926	0.01021	0.00711	0.00213	0.00521	0.00856	0.00748	0.00978
23	0.00987	0.00733	0.00999	0.00988	0.01058	0.00826	0.00714	0.01137	0.01088	0.01532	0.04831	0.07744	0.02239	0.28025	0.38617	0.00803	0.05846	0.00889	0.00403	0.00542
24	0.01948	0.04391	0.10563	0.01571	0.04953	0.13895	0.03437	0.14397	0.06325	0.07929	0.01532	0.01762	0.01194	0.00709	0.00618	0.00177	0.00775	0.02749	0.00475	0.20599
25	0.04051	0.01737	0.12673	0.11190	0.22786	0.01573	0.07970	0.04376	0.05864	0.04625	0.01458	0.04155	0.01216	0.03347	0.00953	0.00238	0.09831	0.00660	0.00383	0.00916
26	0.00899	0.00673	0.00916	0.03125	0.01150	0.00645	0.02552	0.01045	0.01298	0.01703	0.03600	0.47880	0.10147	0.12901	0.01227	0.00325	0.00481	0.08310	0.00573	0.00550
27	0.01808	0.13631	0.04440	0.03510	0.01878	0.04602	0.01138	0.18320	0.10800	0.04053	0.01786	0.02024	0.04097	0.00787	0.00653	0.00180	0.02989	0.03365	0.00497	0.19440
28	0.04186	0.04448	0.18397	0.01766	0.10055	0.01435	0.05568	0.06742	0.11583	0.09983	0.01937	0.02006	0.05442	0.00739	0.00636	0.00194	0.00712	0.00621	0.00476	0.13075
29	0.01579	0.04316	0.27977	0.01519	0.02082	0.04203	0.04270	0.06071	0.01564	0.10955	0.02114	0.04889	0.06311	0.03691	0.07667	0.00316	0.03363	0.05794	0.00451	0.00868
30	0.00880	0.00685	0.00807	0.00874	0.01009	0.00640	0.00617	0.01157	0.06439	0.01895	0.09570	0.42305	0.27004	0.01829	0.00818	0.00249	0.00378	0.01610	0.00636	0.00596
31	0.01457	0.01424	0.02557	0.43899	0.16127	0.01577	0.16520	0.04664	0.01501	0.01995	0.01257	0.01764	0.00961	0.00641	0.00696	0.00219	0.00922	0.00639	0.00328	0.00852
32	0.01835	0.01715	0.06505	0.07843	0.41599	0.01656	0.05927	0.14588	0.04001	0.05656	0.01431	0.01709	0.01109	0.00661	0.00673	0.00205	0.00806	0.00613	0.00423	0.01046
33	0.01583	0.04006	0.02379	0.11467	0.30270	0.01642	0.06323	0.04056	0.01430	0.04701	0.01358	0.04964	0.01192	0.00999	0.04073	0.00263	0.17369	0.00666	0.00362	0.00897
34	0.01124	0.00838	0.00981	0.00924	0.01143	0.00818	0.00698	0.03584	0.12148	0.04829	0.34612	0.11884	0.20993	0.01419	0.00775	0.00223	0.00383	0.01227	0.00692	0.00705
35	0.00979	0.00861	0.03903	0.00962	0.01150	0.00762	0.00740	0.01417	0.10746	0.02125	0.20129	0.33017	0.17393	0.01633	0.00797	0.00241	0.00407	0.01438	0.00644	0.00657
36	0.77940	0.01321	0.01028	0.00909	0.01330	0.01529	0.00749	0.04757	0.01224	0.03060	0.00962	0.01111	0.00744	0.00630	0.00426	0.00207	0.00528	0.00373	0.00426	0.00744
37	0.00905	0.00678	0.00839	0.00812	0.00978	0.00612	0.00604	0.01174	0.01773	0.02423	0.52355	0.09997	0.21390	0.01495	0.00796	0.00219	0.00327	0.01306	0.00704	0.00612
38	0.02355	0.01169	0.01432	0.01175	0.01597	0.01148	0.00940	0.05164	0.20165	0.41358	0.04939	0.02502	0.01937	0.03372	0.00754	0.00223	0.00538	0.00719	0.07478	0.01035
39	0.01146	0.00782	0.01074	0.01195	0.01371	0.00767	0.01037	0.01443	0.01560	0.05112	0.03738	0.07258	0.08502	0.01798	0.00906	0.00299	0.00596	0.60148	0.00628	0.00637
40	0.00869	0.00605	0.00763	0.00869	0.00895	0.00579	0.00553	0.00948	0.01185	0.01580	0.03186	0.52827	0.03792	0.26138	0.01684	0.00395	0.00474	0.01606	0.00553	0.00500
41	0.01794	0.76823	0.03516	0.01148	0.01722	0.02655	0.01148	0.02009	0.01363	0.01579	0.00933	0.01076	0.00861	0.00574	0.00431	0.00144	0.00718	0.00359	0.00287	0.00861
42	0.00800	0.00680	0.00689	0.00687	0.00911	0.00569	0.00515	0.00976	0.01546	0.01851	0.09667	0.06394	0.69067	0.01685	0.00793	0.00226	0.00339	0.01407	0.00628	0.00569
43	0.00945	0.00686	0.00891	0.00839	0.01000	0.00631	0.00630	0.01257	0.01889	0.02665	0.69993	0.05054	0.08233	0.01381	0.00791	0.00211	0.00317	0.01219	0.00735	0.00631
44	0.01346	0.03471	0.72942	0.01912	0.02904	0.01558	0.02479	0.02125	0.01417	0.02125	0.01204	0.01417	0.00850	0.00637	0.00637	0.00212	0.00992	0.00496	0.00283	0.00992
45	0.01346	0.03471	0.72942	0.01912	0.02904	0.01558	0.02479	0.02125	0.01417	0.02125	0.01204	0.01417	0.00850	0.00637	0.00637	0.00212	0.00992	0.00496	0.00283	0.00992
46	0.05253	0.01059	0.01405	0.01129	0.01573	0.00938	0.00928	0.02811	0.01853	0.55919	0.09934	0.03017	0.05055	0.00977	0.00698	0.00215	0.00537	0.04892	0.00785	0.01020
47	0.03010	0.01142	0.01557	0.01194	0.01713	0.00986	0.00986	0.03270	0.01920	0.72698	0.02647	0.02284	0.01661	0.00830	0.00675	0.00208	0.00571	0.00675	0.00830	0.01142
48	0.01081	0.00948	0.01217	0.01487	0.15899	0.00900	0.00904	0.01490	0.08514	0.02101	0.13371	0.04880	0.41970	0.01350	0.00755	0.00219	0.00452	0.01154	0.00583	0.00728
49	0.01500	0.03133	0.03939	0.01850	0.13453	0.01091	0.12758	0.01786	0.01479	0.12852	0.04570	0.23061	0.02499	0.08841	0.01029	0.00275	0.00672	0.03892	0.00521	0.00798
50	0.02818	0.01099	0.01495	0.01161	0.01646	0.00953	0.00953	0.03082	0.01919	0.66144	0.09128	0.02539	0.02098	0.00881	0.00686	0.00208	0.00547	0.00725	0.00822	0.01094
51	0.00818	0.00584	0.00779	0.00934	0.00973	0.00545	0.00623	0.00934	0.01285	0.01713	0.03698	0.75981	0.04438	0.02102	0.00856	0.00273	0.00389	0.01908	0.00623	0.00545
52	0.01954	0.05332	0.11697	0.04434	0.10070	0.23552	0.12356	0.05813	0.08207	0.05216	0.01387	0.01593	0.01070	0.00700	0.00715	0.00203	0.03813	0.00574	0.00398	0.00919
53	0.01898	0.02060	0.05238	0.02894	0.37925	0.19535	0.01699	0.05445	0.12430	0.02238	0.01446	0.01667	0.01160	0.00680	0.00652	0.00198	0.00864	0.00578	0.00403	0.00992
54	0.00962	0.00698	0.00915	0.00894	0.01054	0.00650	0.00692	0.01272	0.01835	0.02560	0.59662	0.05431	0.08494	0.01453	0.00811	0.00226	0.00360	0.10686	0.00717	0.00628
55	0.01789	0.36812	0.08855	0.01582	0.02105	0.06683	0.10399	0.09340	0.01575	0.01993	0.01114	0.01365	0.00941	0.00828	0.03170	0.00217	0.09512	0.00497	0.00342	0.00879
56	0.01670	0.04529	0.02090	0.04084	0.04893	0.01935	0.03995	0.12390	0.12893	0.02257	0.01404	0.03339	0.01204	0.01008	0.01452	0.00254	0.38660	0.00647	0.00425	0.00871
57	0.01010	0.00707	0.00824	0.00803	0.00803	0.00748	0.00480	0.01020	0.00979	0.01323	0.02028	0.04188	0.02331	0.71184	0.03331	0.00626	0.05836	0.00949	0.00399	0.00429
58	0.00818	0.00584	0.00779	0.00934	0.00973	0.00545	0.00623	0.00934	0.01285	0.01713	0.03698	0.75981	0.04438	0.02102	0.00856	0.00273	0.00389	0.01908	0.00623	0.00545
59	0.02006	0.04517	0.02107	0.03184	0.06030	0.03708	0.12626	0.14806	0.04034	0.19242	0.02126	0.04268	0.05492	0.01281	0.08214	0.00302	0.03830	0.00736	0.00550	0.00942
60	0.01819	0.01661	0.04155	0.05033	0.21310	0.10054	0.01385	0.14108	0.09415	0.06411	0.11420	0.02459	0.06100	0.00866	0.00685	0.00205	0.00713	0.00729	0.00528	0.00944
61	0.01669	0.01441	0.01517	0.01365	0.01745	0.01669	0.01062	0.03565	0.71021	0.02807	0.02731	0.02503	0.02048	0.00910	0.00683	0.00228	0.00531	0.00759	0.00683	0.01062
62	0.01391	0.01193	0.01391	0.00994	0.01590	0.00894	0.00795	0.01690	0.01391	0.02186	0.01193	0.01391	0.00994	0.00497	0.00497	0.00099	0.00497	0.00398	0.00398	0.80521
63	0.02421	0.02856	0.01873	0.01668	0.02040	0.57669	0.01269	0.10558	0.09503	0.02067	0.01286	0.01396	0.01024	0.00728	0.00621	0.00182	0.01082	0.00487	0.00420	0.00851
64	0.01254	0.00892	0.01237	0.01074	0.01328	0.00846	0.05576	0.06686	0.01920	0.07457	0.46879	0.04633	0.10399	0.01294	0.00784	0.00219	0.00446	0.05663	0.00694	0.00719
65	0.00976	0.00651	0.00732	0.00732	0.00732	0.00651	0.00407	0.00976	0.00976	0.01301	0.02114	0.04391	0.02439	0.76419	0.03415	0.00651	0.00651	0.00976	0.00407	0.00407
66	0.08543	0.01754	0.06351	0.06191	0.11012	0.10872	0.01307	0.11180	0.07450	0.11549	0.01590	0.01798	0.01214	0.00718	0.00617	0.00189	0.00734	0.02288	0.00491	0.14151
67	0.04627	0.06745	0.01985	0.01542	0.01999	0.25302	0.01236	0.35030	0.09847	0.03044	0.01485	0.01529	0.01120	0.00761	0.00629	0.00192	0.00862	0.00543	0.00537	0.00986
68	0.01105	0.00838	0.01060	0.01070	0.01223	0.03828	0.00843	0.01339	0.01321	0.04127	0.06814	0.04212	0.08408	0.08663	0.37039	0.00692	0.01184	0.15140	0.00478	0.00614
69	0.04242	0.08121	0.13266	0.12251	0.16435	0.08510	0.06268	0.11173	0.06937	0.02336	0.01338	0.01595	0.01038	0.00687	0.00684	0.00205	0.03015	0.00565	0.00391	0.00945
70	0.01656	0.25240	0.43376	0.01617	0.02426	0.01886	0.01915	0.06404	0.01540	0.06342	0.01235	0.01379	0.00920	0.00641	0.00580	0.00191	0.00868	0.00472	0.00342	0.00971
71	0.03010	0.01142	0.01557	0.01194	0.01713	0.00986	0.00986	0.03270	0.01920	0.72698	0.02647	0.02284	0.01661	0.00830	0.00675	0.00208	0.00571	0.00675	0.00830	0.01142
72	0.00833	0.00681	0.00736	0.00722	0.00931	0.00584	0.00542	0.01041	0.01625	0.02039	0.23600	0.06084	0.55017	0.01615	0.00793	0.00223	0.00334	0.01364	0.00653	0.00584
73	0.04431	0.52643	0.17958	0.04269	0.02088	0.05309	0.01449	0.02049	0.01389	0.01751	0.01005	0.01183	0.00856	0.00598	0.00491	0.00165	0.00796	0.00400	0.00294	0.00876
74	0.01135	0.00603	0.00905	0.00905	0.00922	0.00621	0.00621	0.00922	0.00905	0.01224	0.01260	0.02128	0.01242	0.02733	0.13209	0.68662	0.00763	0.00603	0.00302	0.00337
75	0.01470	0.01348	0.01838	0.01590	0.01672	0.01792	0.01311	0.08682	0.01261	0.01876	0.01157	0.01738	0.01082	0.01978	0.17655	0.00455	0.51384	0.00618	0.00347	0.00747
76	0.00957	0.00792	0.01112	0.00984	0.01216	0.00713	0.07079	0.01244	0.01725	0.02301	0.39514	0.05320	0.29365	0.01431	0.00797	0.00221	0.00412	0.03529	0.00656	0.00634
77	0.01769	0.04362	0.05347	0.11330	0.19034	0.04047	0.24151	0.14364	0.04481	0.02470	0.01384	0.01706	0.01059	0.00649	0.00698	0.00210	0.00915	0.00652	0.00402	0.00968
78	0.01595	0.01661	0.02319	0.12972	0.16795	0.09317	0.06977	0.01873	0.01311	0.01792	0.01058	0.01554	0.00929	0.00885	0.01387	0.00246	0.35605	0.00591	0.00311	0.00821
79	0.50080	0.01631	0.03386	0.03606	0.06097	0.11123	0.01017	0.04380	0.01429	0.10121	0.01187	0.01316	0.00887	0.00660	0.00506	0.00203	0.00667	0.00439	0.00445	0.00820
80	0.00861	0.00618	0.00840	0.00969	0.01026	0.00605	0.00678	0.01005	0.01265	0.01699	0.03374	0.58614	0.03950	0.04952	0.10986	0.00399	0.00608	0.06419	0.00579	0.00553
81	0.02400	0.01760	0.01890	0.01457	0.01964	0.01927	0.01195	0.62198	0.02942	0.03981	0.01634	0.01728	0.01201	0.03209	0.00744	0.00210	0.00708	0.00609	0.03975	0.04269
82	0.01809	0.01776	0.02310	0.23566	0.26034	0.12811	0.04452	0.12719	0.01775	0.02270	0.01254	0.01620	0.00989	0.00682	0.00710	0.00206	0.03135	0.00580	0.00377	0.00923
83	0.01345	0.01137	0.01199	0.01147	0.01337	0.09590	0.03540	0.09238	0.03995	0.02160	0.04636	0.37538	0.02981	0.03252	0.03286	0.00268	0.00604	0.01253	0.10808	0.00684
84	0.01393	0.01465	0.06531	0.46714	0.22174	0.01551	0.03984	0.01839	0.01390	0.01874	0.01204	0.01721	0.00939	0.00667	0.00732	0.00219	0.03851	0.00596	0.00307	0.00848
85	0.01957	0.01995	0.17042	0.01514	0.02096	0.04055	0.03568	0.23871	0.15297	0.08843	0.01952	0.01957	0.03525	0.00788	0.00654	0.00202	0.00726	0.00629	0.03198	0.06131
86	0.02551	0.01879	0.02014	0.01544	0.02081	0.02081	0.01275	0.69996	0.03155	0.04229	0.01611	0.01611	0.01141	0.00805	0.00671	0.00201	0.00738	0.00604	0.00671	0.01141
87	0.03010	0.01142	0.01557	0.01194	0.01713	0.00986	0.00986	0.03270	0.01920	0.72698	0.02647	0.02284	0.01661	0.00830	0.00675	0.00208	0.00571	0.00675	0.00830	0.01142
88	0.01482	0.08177	0.52143	0.02011	0.02884	0.05628	0.14176	0.02152	0.01469	0.02065	0.01203	0.01451	0.00881	0.00623	0.00649	0.00208	0.01010	0.00535	0.00297	0.00956
89	0.00833	0.00681	0.00736	0.00722	0.00931	0.00584	0.00542	0.01041	0.01625	0.02038	0.23534	0.06086	0.55084	0.01615	0.00793	0.00223	0.00334	0.01364	0.00653	0.00584
90	0.02500	0.01328	0.01577	0.01252	0.01711	0.01336	0.01019	0.24765	0.07053	0.35530	0.02312	0.05119	0.01638	0.00875	0.00661	0.00204	0.00589	0.00703	0.08770	0.01059
91	0.00862	0.00682	0.00775	0.00752	0.00949	0.00596	0.00564	0.01096	0.01692	0.02199	0.35430	0.05822	0.43087	0.01555	0.00792	0.00220	0.00330	0.01327	0.00674	0.00596
92	0.01391	0.01193	0.01391	0.00994	0.01590	0.00894	0.00795	0.01690	0.01391	0.02186	0.01193	0.01391	0.00994	0.00497	0.00497	0.00099	0.00497	0.00398	0.00398	0.80521
93	0.02802	0.01379	0.01696	0.01298	0.01826	0.01332	0.01071	0.24490	0.02294	0.48161	0.02261	0.02035	0.01470	0.00810	0.00667	0.00201	0.00622	0.00642	0.00763	0.04182
94	0.00846	0.00587	0.00769	0.00914	0.00961	0.00550	0.00613	0.00975	0.01293	0.01764	0.03601	0.71227	0.04262	0.02017	0.00831	0.00265	0.00384	0.01825	0.05768	0.00550
95	0.00976	0.00651	0.00732	0.00732	0.00732	0.00651	0.00407	0.00976	0.00976	0.01301	0.02114	0.04391	0.02439	0.76419	0.03415	0.00651	0.00651	0.00976	0.00407	0.00407
96	0.01616	0.01363	0.01974	0.17091	0.15075	0.01574	0.03525	0.02379	0.20511	0.07969	0.01740	0.02004	0.01356	0.01088	0.05498	0.00284	0.12917	0.00660	0.00458	0.00916
97	0.03799	0.01405	0.04976	0.05067	0.20619	0.01233	0.10163	0.01943	0.01481	0.08326	0.01605	0.05992	0.01382	0.00865	0.02984	0.00213	0.00742	0.03321	0.00423	0.23461
98	0.01671	0.01354	0.04239	0.01309	0.01675	0.01373	0.03820	0.15606	0.26331	0.07099	0.14319	0.09127	0.02723	0.05197	0.00867	0.00245	0.00574	0.00904	0.00649	0.00919
