[name]
unknown

[dist]
# distance from previous block
# <min> <max>
29	111

[block]
# block no. 0 follows, 33 sequences, length 14
# corresponding to MSA columns:
# 136-149
name=unknown_A
#
# <colnr> <probs for GDERKNQSTAVLIFYWHMCP>
#	G	D	E	R	K	N	Q	S	T	A	V	L	I	F	Y	W	H	M	C	P
0	0.01574	0.08541	0.04318	0.12285	0.07085	0.01295	0.01147	0.07292	0.09009	0.11543	0.06733	0.13662	0.06018	0.02933	0.00740	0.00219	0.00605	0.00868	0.00530	0.03602
1	0.09388	0.09165	0.03886	0.05686	0.06572	0.07508	0.03567	0.13194	0.07377	0.02411	0.03925	0.08413	0.06288	0.01070	0.03725	0.00236	0.00709	0.00731	0.05326	0.00822
2	0.11894	0.18068	0.08474	0.04132	0.02077	0.06564	0.09482	0.14552	0.03873	0.02362	0.01318	0.04248	0.01117	0.03357	0.00780	0.00213	0.05650	0.00576	0.00405	0.00857
3	0.22796	0.04207	0.06395	0.01326	0.01766	0.11059	0.05972	0.13024	0.06229	0.05067	0.01465	0.04119	0.01230	0.07658	0.00826	0.00235	0.00722	0.00583	0.00457	0.04862
4	0.10020	0.07974	0.01899	0.03656	0.06139	0.05434	0.03411	0.28026	0.06172	0.04871	0.01544	0.04352	0.01232	0.00895	0.03136	0.00218	0.00723	0.00592	0.02462	0.07245
5	0.09301	0.06289	0.05666	0.03699	0.04508	0.14119	0.05304	0.15269	0.14232	0.07025	0.04354	0.01931	0.03908	0.00779	0.00626	0.00199	0.00750	0.00614	0.00509	0.00917
6	0.12537	0.01585	0.01579	0.03933	0.01800	0.10694	0.01060	0.10840	0.12862	0.06905	0.01465	0.01582	0.01133	0.00734	0.00750	0.00187	0.09272	0.00517	0.00476	0.20090
7	0.02115	0.01748	0.01948	0.10025	0.09157	0.06817	0.01347	0.39870	0.11906	0.03240	0.01597	0.01689	0.01182	0.00751	0.00649	0.00198	0.00743	0.00593	0.00555	0.03871
8	0.02459	0.03138	0.01866	0.01696	0.02035	0.74221	0.01272	0.02629	0.01866	0.01611	0.01018	0.01187	0.00848	0.00678	0.00594	0.00170	0.01187	0.00424	0.00339	0.00763
9	0.02034	0.02438	0.01795	0.04945	0.11127	0.49409	0.01275	0.02257	0.01769	0.01795	0.08327	0.01994	0.06487	0.00800	0.00635	0.00182	0.00977	0.00594	0.00392	0.00770
10	0.00802	0.00573	0.00764	0.00917	0.00955	0.00535	0.00611	0.00917	0.01260	0.01681	0.03628	0.76434	0.04354	0.02062	0.00840	0.00267	0.00382	0.01872	0.00611	0.00535
11	0.01558	0.01547	0.02740	0.13014	0.35988	0.01586	0.19795	0.02192	0.10695	0.02155	0.01443	0.01793	0.01136	0.00628	0.00688	0.00209	0.00847	0.00657	0.00368	0.00960
12	0.00957	0.00638	0.00718	0.00718	0.00718	0.00638	0.00399	0.00957	0.00957	0.01276	0.02074	0.04308	0.02393	0.76864	0.03351	0.00638	0.00638	0.00957	0.00399	0.00399
13	0.00944	0.00686	0.00957	0.00954	0.01043	0.00762	0.00698	0.01122	0.01080	0.01529	0.06128	0.03184	0.02121	0.23784	0.51008	0.00895	0.01377	0.00802	0.00387	0.00540

[dist]
# distance from previous block
# <min> <max>
4	35

[block]
# block no. 1 follows, 33 sequences, length 14
# corresponding to MSA columns:
# 185-198
name=unknown_B
#
# <colnr> <probs for GDERKNQSTAVLIFYWHMCP>
#	G	D	E	R	K	N	Q	S	T	A	V	L	I	F	Y	W	H	M	C	P
0	0.01961	0.01963	0.01732	0.03609	0.01909	0.29386	0.03862	0.06221	0.01676	0.08329	0.01447	0.07594	0.01260	0.00801	0.00738	0.00179	0.07025	0.00598	0.00429	0.19281
1	0.38744	0.01419	0.01749	0.05423	0.28881	0.01549	0.01310	0.05821	0.05143	0.02645	0.01182	0.01416	0.00938	0.00629	0.00540	0.00202	0.00643	0.00488	0.00399	0.00880
2	0.00835	0.00597	0.00802	0.00954	0.01007	0.00563	0.00668	0.00974	0.01293	0.01718	0.03610	0.67628	0.04282	0.02031	0.00849	0.00272	0.00411	0.10352	0.00610	0.00544
3	0.01601	0.01367	0.01471	0.04621	0.01796	0.01584	0.01051	0.03329	0.65273	0.02692	0.02588	0.02425	0.01944	0.00877	0.00660	0.00220	0.00527	0.00731	0.04232	0.01009
4	0.01243	0.01170	0.01975	0.75282	0.04534	0.01463	0.01828	0.01682	0.01316	0.01682	0.01170	0.01755	0.00878	0.00658	0.00658	0.00219	0.00878	0.00585	0.00293	0.00731
5	0.02503	0.01844	0.01976	0.01515	0.02042	0.02042	0.01251	0.70562	0.03095	0.04149	0.01581	0.01581	0.01120	0.00790	0.00659	0.00198	0.00724	0.00593	0.00659	0.01120
6	0.01651	0.00994	0.03880	0.01040	0.01353	0.00875	0.00845	0.02126	0.09832	0.24611	0.35349	0.08396	0.03972	0.01148	0.00727	0.00212	0.00442	0.00993	0.00722	0.00833
7	0.47157	0.01218	0.01306	0.17012	0.02066	0.01363	0.01009	0.02156	0.01328	0.17892	0.01335	0.01471	0.00947	0.00665	0.00517	0.00207	0.00600	0.00472	0.00471	0.00805
8	0.01666	0.01334	0.01441	0.01287	0.01650	0.01510	0.01002	0.03294	0.61227	0.07405	0.08407	0.02644	0.02330	0.00925	0.00678	0.00221	0.00506	0.00776	0.00684	0.01013
9	0.00810	0.00576	0.00761	0.00906	0.00942	0.00540	0.00600	0.00919	0.01245	0.01659	0.03547	0.72659	0.04252	0.05978	0.00972	0.00287	0.00395	0.01824	0.00600	0.00528
10	0.02459	0.03138	0.01866	0.01696	0.02035	0.74221	0.01272	0.02629	0.01866	0.01611	0.01018	0.01187	0.00848	0.00678	0.00594	0.00170	0.01187	0.00424	0.00339	0.00763
11	0.00802	0.00573	0.00764	0.00917	0.00955	0.00535	0.00611	0.00917	0.01260	0.01681	0.03628	0.76434	0.04354	0.02062	0.00840	0.00267	0.00382	0.01872	0.00611	0.00535
12	0.02212	0.01627	0.01776	0.01408	0.01861	0.01781	0.01153	0.57689	0.02829	0.03804	0.09160	0.04921	0.01889	0.00941	0.00689	0.00206	0.00663	0.03706	0.00661	0.01023
13	0.00911	0.00764	0.01217	0.01163	0.01318	0.00706	0.10999	0.01098	0.01333	0.01756	0.03655	0.56803	0.12114	0.01790	0.00823	0.00255	0.00485	0.01650	0.00570	0.00590

[dist]
# distance from previous block
# <min> <max>
5	89

[block]
# block no. 2 follows, 33 sequences, length 8
# corresponding to MSA columns:
# 299-306
name=unknown_C
#
# <colnr> <probs for GDERKNQSTAVLIFYWHMCP>
#	G	D	E	R	K	N	Q	S	T	A	V	L	I	F	Y	W	H	M	C	P
0	0.01775	0.06119	0.10144	0.17655	0.02535	0.07970	0.05113	0.12476	0.07406	0.08780	0.01612	0.04379	0.01252	0.00774	0.00689	0.00204	0.03467	0.00625	0.06144	0.00880
1	0.07145	0.01324	0.01320	0.07579	0.01688	0.10914	0.00927	0.07119	0.06536	0.02268	0.08776	0.02189	0.01763	0.04151	0.09283	0.00292	0.00754	0.00615	0.09359	0.15998
2	0.04196	0.03665	0.01174	0.00987	0.01314	0.00983	0.00798	0.08435	0.06633	0.08700	0.03959	0.07574	0.28908	0.01289	0.00714	0.00215	0.00482	0.10436	0.00597	0.08943
3	0.01944	0.11534	0.02536	0.05184	0.24049	0.24999	0.08583	0.07062	0.01691	0.02003	0.01145	0.01426	0.00944	0.00647	0.00672	0.00187	0.03626	0.00525	0.00346	0.00895
4	0.04585	0.04774	0.01732	0.23236	0.09203	0.12012	0.01302	0.09772	0.01602	0.02049	0.01831	0.21322	0.01829	0.01035	0.00676	0.00216	0.00743	0.00884	0.00434	0.00764
5	0.01474	0.01158	0.01644	0.01368	0.01579	0.07448	0.14219	0.08166	0.01303	0.01670	0.01212	0.01844	0.01087	0.01661	0.01860	0.50096	0.00746	0.00600	0.00337	0.00527
6	0.09404	0.01871	0.01825	0.10135	0.06234	0.15355	0.01275	0.34020	0.04788	0.03004	0.01621	0.01734	0.04319	0.00770	0.00629	0.00197	0.00787	0.00580	0.00513	0.00937
7	0.01682	0.01369	0.01427	0.01089	0.01603	0.07482	0.00868	0.09887	0.01673	0.08787	0.01880	0.01947	0.08129	0.00687	0.00562	0.00138	0.00569	0.00541	0.00478	0.49204

[dist]
# distance from previous block
# <min> <max>
43	145

[block]
# block no. 3 follows, 33 sequences, length 17
# corresponding to MSA columns:
# 494-510
name=unknown_D
#
# <colnr> <probs for GDERKNQSTAVLIFYWHMCP>
#	G	D	E	R	K	N	Q	S	T	A	V	L	I	F	Y	W	H	M	C	P
0	0.01669	0.02012	0.17874	0.01703	0.09118	0.11813	0.02585	0.08406	0.12489	0.05179	0.03289	0.02177	0.04529	0.06950	0.03746	0.00266	0.00819	0.00645	0.00451	0.04279
1	0.01819	0.04772	0.06979	0.01404	0.01828	0.22316	0.03984	0.13944	0.06143	0.02231	0.01778	0.05612	0.05067	0.07511	0.00864	0.00221	0.00802	0.00654	0.00448	0.11625
2	0.01938	0.07073	0.04692	0.01431	0.01840	0.21525	0.05007	0.11549	0.09252	0.07862	0.01976	0.06231	0.05872	0.00862	0.00674	0.00193	0.02843	0.00673	0.04122	0.04386
3	0.01736	0.03513	0.04964	0.03572	0.05048	0.15485	0.10764	0.12709	0.01767	0.02265	0.01807	0.01976	0.08677	0.00748	0.00682	0.00178	0.03447	0.00613	0.00422	0.19625
4	0.01855	0.10206	0.01750	0.01205	0.01649	0.05029	0.00986	0.26426	0.02062	0.05858	0.09949	0.05295	0.01819	0.00882	0.00697	0.03724	0.00613	0.00643	0.00535	0.18818
5	0.08298	0.01166	0.08766	0.02739	0.01432	0.01005	0.03919	0.01605	0.06719	0.05269	0.01811	0.02896	0.01737	0.32367	0.13877	0.00520	0.00855	0.00743	0.00415	0.03861
6	0.01947	0.07215	0.05633	0.01461	0.05033	0.17823	0.01163	0.13129	0.09850	0.07999	0.04619	0.01866	0.03842	0.00745	0.00606	0.00175	0.00734	0.00571	0.00492	0.15097
7	0.04308	0.05996	0.05185	0.03968	0.03209	0.07284	0.01013	0.13396	0.04587	0.04276	0.13613	0.18460	0.05875	0.01138	0.00684	0.00207	0.00591	0.00957	0.00549	0.04703
8	0.07632	0.04797	0.05055	0.01205	0.01650	0.08866	0.01013	0.07966	0.01796	0.38253	0.06310	0.02252	0.01720	0.07504	0.00869	0.00236	0.00654	0.00647	0.00633	0.00942
9	0.01396	0.01176	0.01786	0.05069	0.32832	0.01184	0.01341	0.07636	0.01605	0.02200	0.11466	0.05988	0.09562	0.01123	0.00906	0.08720	0.00623	0.04118	0.00458	0.00808
10	0.01414	0.01188	0.01379	0.01007	0.01565	0.00937	0.00803	0.06000	0.01471	0.02253	0.01299	0.04532	0.01126	0.00573	0.00513	0.00111	0.00498	0.00465	0.00416	0.72449
11	0.10429	0.42464	0.02616	0.01305	0.01771	0.28358	0.01135	0.02205	0.01505	0.01720	0.00952	0.01105	0.00832	0.00610	0.00483	0.00158	0.00858	0.00378	0.00316	0.00801
12	0.01559	0.01621	0.02560	0.02096	0.09872	0.07734	0.29128	0.01957	0.01503	0.02080	0.01284	0.01686	0.01047	0.00573	0.00641	0.00169	0.00835	0.02169	0.00361	0.31124
13	0.02190	0.01853	0.01741	0.01430	0.01855	0.18839	0.03657	0.27930	0.08064	0.11284	0.05214	0.02290	0.08935	0.00883	0.00666	0.00198	0.00753	0.00690	0.00588	0.00939
14	0.02560	0.01153	0.01478	0.01168	0.01627	0.01071	0.00952	0.08924	0.07491	0.52986	0.08653	0.02573	0.04485	0.00894	0.00676	0.00206	0.00542	0.00733	0.00775	0.01051
15	0.01003	0.00709	0.00782	0.00769	0.00819	0.00720	0.00464	0.01180	0.07228	0.01447	0.02491	0.04305	0.07908	0.64212	0.02911	0.00569	0.00604	0.00973	0.00440	0.00468
16	0.03748	0.01685	0.03970	0.01832	0.07421	0.14605	0.13119	0.04890	0.08874	0.03585	0.01891	0.14807	0.01805	0.01035	0.00885	0.00229	0.09726	0.04634	0.00451	0.00809

[dist]
# distance from previous block
# <min> <max>
0	2

[block]
# block no. 4 follows, 33 sequences, length 9
# corresponding to MSA columns:
# 513-521
name=unknown_E
#
# <colnr> <probs for GDERKNQSTAVLIFYWHMCP>
#	G	D	E	R	K	N	Q	S	T	A	V	L	I	F	Y	W	H	M	C	P
0	0.01909	0.01756	0.05638	0.01482	0.01995	0.07195	0.07009	0.25920	0.17055	0.02929	0.01672	0.01734	0.01256	0.00716	0.00625	0.00183	0.00702	0.00584	0.03345	0.16294
1	0.01900	0.01590	0.01927	0.04795	0.19428	0.03944	0.01356	0.28239	0.17316	0.02969	0.02043	0.04663	0.05163	0.00845	0.00670	0.00206	0.00682	0.00706	0.00551	0.01008
2	0.74437	0.01259	0.01018	0.00893	0.01310	0.01431	0.00736	0.02050	0.01189	0.09283	0.01068	0.01175	0.00796	0.00629	0.00430	0.00204	0.00514	0.00384	0.00444	0.00750
3	0.00802	0.00573	0.00764	0.00917	0.00955	0.00535	0.00611	0.00917	0.01260	0.01681	0.03628	0.76434	0.04354	0.02062	0.00840	0.00267	0.00382	0.01872	0.00611	0.00535
4	0.01188	0.01054	0.01614	0.10579	0.20021	0.01057	0.04587	0.01585	0.04709	0.02147	0.19908	0.03924	0.17614	0.01114	0.00736	0.00218	0.00575	0.06095	0.00516	0.00760
5	0.02393	0.01779	0.01917	0.01463	0.01995	0.01929	0.01206	0.63898	0.02928	0.03955	0.01541	0.01560	0.01106	0.00761	0.00642	0.00188	0.00702	0.00573	0.00633	0.08835
6	0.01629	0.01564	0.02672	0.04041	0.72757	0.01564	0.02020	0.02020	0.01499	0.02151	0.01238	0.01629	0.01043	0.00587	0.00652	0.00196	0.00782	0.00587	0.00326	0.01043
7	0.01096	0.00818	0.01004	0.01035	0.01218	0.00811	0.00823	0.07942	0.04238	0.02184	0.11724	0.22015	0.16480	0.01659	0.00821	0.00256	0.00479	0.24119	0.00629	0.00648
8	0.01607	0.01296	0.01936	0.05483	0.08282	0.01375	0.12318	0.12577	0.09055	0.07736	0.02123	0.16149	0.01986	0.04466	0.00968	0.00251	0.06792	0.04234	0.00518	0.00848

[dist]
# distance from previous block
# <min> <max>
0	6

[block]
# block no. 5 follows, 33 sequences, length 24
# corresponding to MSA columns:
# 531-554
name=unknown_F
#
# <colnr> <probs for GDERKNQSTAVLIFYWHMCP>
#	G	D	E	R	K	N	Q	S	T	A	V	L	I	F	Y	W	H	M	C	P
0	0.02098	0.01724	0.01781	0.01653	0.07810	0.14901	0.01209	0.21786	0.05053	0.12706	0.01757	0.08828	0.01488	0.03242	0.00944	0.00226	0.10638	0.00708	0.00533	0.00914
1	0.01377	0.01225	0.01180	0.01134	0.01351	0.11805	0.00839	0.11384	0.05088	0.02169	0.06857	0.37851	0.06160	0.01468	0.00746	0.00227	0.00563	0.03059	0.00575	0.04942
2	0.01024	0.00795	0.01122	0.06418	0.01421	0.00905	0.00902	0.01305	0.04127	0.01652	0.02242	0.12637	0.02317	0.11716	0.32966	0.00654	0.05451	0.11313	0.00435	0.00599
3	0.01478	0.01275	0.01373	0.01032	0.01564	0.06141	0.00814	0.01750	0.01417	0.05073	0.01362	0.05742	0.01189	0.00606	0.00523	0.00117	0.00535	0.00490	0.00417	0.67102
4	0.01709	0.01614	0.02729	0.08527	0.37566	0.05044	0.18975	0.02150	0.02981	0.07261	0.01372	0.01706	0.01070	0.00608	0.00676	0.00200	0.00859	0.00628	0.00371	0.03956
5	0.01517	0.01425	0.02315	0.05578	0.56091	0.01440	0.01752	0.01998	0.06724	0.02183	0.05838	0.02223	0.06550	0.00733	0.00670	0.00201	0.00706	0.00691	0.00394	0.00974
6	0.01047	0.00733	0.00893	0.00941	0.01055	0.00717	0.00653	0.06119	0.04273	0.04257	0.03489	0.51174	0.09563	0.10498	0.01099	0.00297	0.00444	0.01546	0.00599	0.00603
7	0.01926	0.05981	0.01771	0.08347	0.05420	0.11070	0.01173	0.20791	0.09561	0.09249	0.02294	0.06523	0.09295	0.00934	0.00699	0.00205	0.02575	0.00741	0.00543	0.00902
8	0.00940	0.00789	0.00833	0.00810	0.01041	0.00744	0.00610	0.01406	0.13391	0.02025	0.12413	0.09250	0.50309	0.01525	0.00763	0.00223	0.00365	0.01286	0.00633	0.00644
9	0.01340	0.01144	0.01338	0.00972	0.01533	0.00862	0.00773	0.01625	0.01360	0.02125	0.01279	0.04705	0.01125	0.00558	0.00503	0.00105	0.00483	0.00456	0.00400	0.77314
10	0.01844	0.42312	0.12128	0.01499	0.03976	0.18524	0.03564	0.02221	0.05196	0.01732	0.01089	0.01243	0.00916	0.00615	0.00518	0.00165	0.00854	0.00427	0.00318	0.00861
11	0.01637	0.01414	0.01489	0.01340	0.01712	0.01637	0.01042	0.03498	0.71568	0.02754	0.02679	0.02456	0.02010	0.00893	0.00670	0.00223	0.00521	0.00744	0.00670	0.01042
12	0.01365	0.01170	0.01365	0.00975	0.01560	0.00878	0.00780	0.01658	0.01365	0.02145	0.01170	0.01365	0.00975	0.00488	0.00488	0.00098	0.00488	0.00390	0.00390	0.80888
13	0.00932	0.00684	0.00880	0.00861	0.01024	0.00632	0.00666	0.01225	0.01776	0.02453	0.55774	0.05413	0.13368	0.01445	0.00794	0.00222	0.00353	0.10190	0.00696	0.00612
14	0.01629	0.01564	0.02672	0.04041	0.72757	0.01564	0.02020	0.02020	0.01499	0.02151	0.01238	0.01629	0.01043	0.00587	0.00652	0.00196	0.00782	0.00587	0.00326	0.01043
15	0.01545	0.01488	0.02567	0.19082	0.55865	0.01546	0.04391	0.01952	0.01462	0.02050	0.01227	0.01661	0.01006	0.00601	0.00658	0.00202	0.00814	0.00593	0.00319	0.00971
16	0.02207	0.01738	0.01798	0.01442	0.01866	0.07032	0.01164	0.50962	0.04985	0.03437	0.01600	0.01825	0.01243	0.05577	0.07400	0.00301	0.03233	0.00616	0.00582	0.00989
17	0.01365	0.01170	0.01365	0.00975	0.01560	0.00878	0.00780	0.01658	0.01365	0.02145	0.01170	0.01365	0.00975	0.00488	0.00488	0.00098	0.00488	0.00390	0.00390	0.80888
18	0.00982	0.00781	0.01073	0.04682	0.01301	0.00867	0.00842	0.02620	0.01293	0.01768	0.06000	0.49568	0.03499	0.01938	0.04917	0.00307	0.11906	0.04522	0.00539	0.00595
19	0.01474	0.01412	0.05261	0.03679	0.11492	0.10696	0.01166	0.08337	0.01732	0.04647	0.12581	0.12063	0.09088	0.01213	0.00738	0.00224	0.00652	0.12240	0.00536	0.00767
20	0.01623	0.28954	0.22859	0.04450	0.09418	0.01923	0.01600	0.09143	0.05533	0.02143	0.03678	0.01540	0.01162	0.00765	0.02410	0.00204	0.00800	0.00508	0.00364	0.00923
21	0.09295	0.04485	0.03561	0.06634	0.03699	0.12978	0.01145	0.13820	0.12361	0.07540	0.02147	0.06045	0.08037	0.00913	0.00711	0.00208	0.04339	0.00701	0.00514	0.00867
22	0.08030	0.01514	0.01704	0.08422	0.06103	0.08762	0.02963	0.17722	0.07872	0.07859	0.03867	0.04432	0.01639	0.00920	0.00768	0.00218	0.06031	0.06996	0.03305	0.00874
23	0.01862	0.14928	0.07769	0.10984	0.04857	0.14465	0.07259	0.16340	0.06901	0.02368	0.05034	0.01685	0.01290	0.00712	0.00621	0.00191	0.00839	0.00571	0.00428	0.00896

[dist]
# distance from previous block
# <min> <max>
46	147

[block]
# block no. 6 follows, 33 sequences, length 33
# corresponding to MSA columns:
# 724-756
name=unknown_G
#
# <colnr> <probs for GDERKNQSTAVLIFYWHMCP>
#	G	D	E	R	K	N	Q	S	T	A	V	L	I	F	Y	W	H	M	C	P
0	0.06261	0.01434	0.02125	0.02770	0.40930	0.01492	0.01552	0.10136	0.01662	0.04402	0.06766	0.02063	0.05022	0.00772	0.00771	0.00203	0.06774	0.00653	0.00427	0.03785
1	0.01808	0.01727	0.02520	0.03392	0.52791	0.10291	0.04945	0.02159	0.01549	0.06963	0.01292	0.01616	0.01049	0.00639	0.00723	0.00199	0.04405	0.00580	0.00360	0.00992
2	0.01318	0.05416	0.01536	0.01191	0.01546	0.05275	0.08760	0.09332	0.01659	0.02108	0.03593	0.07910	0.27685	0.03267	0.00784	0.00218	0.00591	0.06944	0.00518	0.10351
3	0.01575	0.01582	0.02552	0.22346	0.43970	0.06202	0.08300	0.01979	0.01480	0.01990	0.01215	0.01647	0.00983	0.00608	0.00661	0.00203	0.00864	0.00594	0.00319	0.00929
4	0.01605	0.01443	0.02266	0.17184	0.41980	0.01507	0.01753	0.10135	0.01649	0.02287	0.01417	0.02033	0.01206	0.00704	0.00662	0.00202	0.00765	0.05252	0.00382	0.05567
5	0.04654	0.01627	0.01980	0.02126	0.21884	0.06241	0.01367	0.25022	0.07595	0.16071	0.01759	0.03789	0.01321	0.00767	0.00651	0.00200	0.00708	0.00633	0.00565	0.01041
6	0.01426	0.01317	0.02159	0.51736	0.22396	0.01527	0.01842	0.06185	0.01479	0.01964	0.01214	0.01711	0.00937	0.00648	0.00657	0.00212	0.00843	0.00586	0.00325	0.00838
7	0.01984	0.13547	0.04005	0.22338	0.02655	0.28826	0.01393	0.02358	0.05640	0.09320	0.01314	0.01519	0.01006	0.00681	0.00598	0.00187	0.00915	0.00504	0.00385	0.00826
8	0.02306	0.01723	0.01858	0.01474	0.01958	0.01911	0.01214	0.58060	0.11232	0.03842	0.01835	0.02060	0.01398	0.00869	0.00676	0.00207	0.00692	0.04951	0.00657	0.01077
9	0.01266	0.01059	0.01628	0.09120	0.26509	0.01066	0.01229	0.01633	0.03421	0.03761	0.31548	0.03329	0.04725	0.05835	0.00881	0.00232	0.00563	0.00887	0.00521	0.00785
10	0.00881	0.00721	0.00839	0.00818	0.00998	0.00679	0.00629	0.01095	0.01569	0.02024	0.25089	0.07297	0.43286	0.01559	0.00875	0.00228	0.05169	0.05033	0.00623	0.00588
11	0.00923	0.00695	0.00901	0.01042	0.05529	0.00656	0.00673	0.01085	0.01367	0.01818	0.14725	0.28695	0.15053	0.17399	0.01337	0.00326	0.00458	0.06191	0.00566	0.00561
12	0.01908	0.01960	0.02497	0.03146	0.44251	0.17785	0.06445	0.09947	0.01766	0.02255	0.01234	0.01535	0.01005	0.00628	0.00648	0.00192	0.00888	0.00564	0.00367	0.00979
13	0.02459	0.03138	0.01866	0.01696	0.02035	0.74221	0.01272	0.02629	0.01866	0.01611	0.01018	0.01187	0.00848	0.00678	0.00594	0.00170	0.01187	0.00424	0.00339	0.00763
14	0.01758	0.01862	0.05224	0.05447	0.04552	0.19070	0.01208	0.07411	0.31231	0.02343	0.02404	0.02488	0.08440	0.00899	0.00665	0.00209	0.00732	0.02629	0.00529	0.00900
15	0.01334	0.16015	0.49166	0.01572	0.02338	0.01570	0.01904	0.01927	0.01458	0.02081	0.12823	0.01910	0.01718	0.00733	0.00614	0.00196	0.00817	0.00578	0.00352	0.00893
16	0.00802	0.00573	0.00764	0.00917	0.00955	0.00535	0.00611	0.00917	0.01260	0.01681	0.03628	0.76434	0.04354	0.02062	0.00840	0.00267	0.00382	0.01872	0.00611	0.00535
17	0.01884	0.01498	0.01642	0.01479	0.04688	0.01688	0.01123	0.17682	0.50815	0.06390	0.02383	0.02226	0.01763	0.00855	0.00666	0.00216	0.00577	0.00702	0.00660	0.01062
18	0.02402	0.06681	0.01963	0.01646	0.02010	0.59976	0.01267	0.10741	0.01964	0.01913	0.01076	0.01235	0.00881	0.00699	0.00635	0.00175	0.03110	0.00445	0.00373	0.00809
19	0.01946	0.01490	0.01684	0.01507	0.05175	0.01632	0.01179	0.38275	0.15654	0.03268	0.02358	0.03075	0.04889	0.01035	0.00714	0.00224	0.00649	0.13633	0.00633	0.00978
20	0.00800	0.00579	0.00757	0.00900	0.00950	0.00536	0.00604	0.00919	0.01277	0.01687	0.03837	0.71636	0.09018	0.02035	0.00836	0.00264	0.00379	0.01839	0.00611	0.00536
21	0.01479	0.01643	0.03500	0.11406	0.03449	0.01584	0.58658	0.01998	0.01511	0.02036	0.01426	0.05478	0.01151	0.00642	0.00766	0.00224	0.01046	0.00808	0.00342	0.00852
22	0.01538	0.01889	0.08735	0.02712	0.03399	0.01655	0.65630	0.02107	0.01542	0.02107	0.01321	0.01749	0.00987	0.00560	0.00766	0.00221	0.01100	0.00757	0.00329	0.00894
23	0.00936	0.00642	0.00712	0.00712	0.00739	0.00628	0.00411	0.00956	0.01023	0.01337	0.02627	0.04552	0.10827	0.67816	0.03041	0.00588	0.00602	0.01009	0.00424	0.00418
24	0.01637	0.01428	0.01596	0.01584	0.08130	0.01631	0.01130	0.03365	0.65238	0.02699	0.02549	0.02381	0.01922	0.00865	0.00668	0.00221	0.00545	0.00730	0.00639	0.01042
25	0.01833	0.69573	0.03285	0.01186	0.01725	0.10032	0.01142	0.02039	0.01392	0.01555	0.00926	0.01070	0.00845	0.00575	0.00440	0.00144	0.00754	0.00359	0.00288	0.00836
26	0.01722	0.70794	0.09579	0.01192	0.01791	0.02511	0.01241	0.01981	0.01342	0.01596	0.00939	0.01085	0.00844	0.00569	0.00440	0.00147	0.00728	0.00364	0.00281	0.00856
27	0.00802	0.00573	0.00764	0.00917	0.00955	0.00535	0.00611	0.00917	0.01260	0.01681	0.03628	0.76434	0.04354	0.02062	0.00840	0.00267	0.00382	0.01872	0.00611	0.00535
28	0.00943	0.00694	0.01003	0.01003	0.01101	0.00793	0.00754	0.01140	0.01042	0.01487	0.01814	0.02866	0.01767	0.16615	0.62743	0.00990	0.01581	0.00746	0.00360	0.00557
29	0.77556	0.05044	0.01091	0.00879	0.01294	0.01533	0.00733	0.01937	0.01131	0.02884	0.00917	0.01069	0.00720	0.00609	0.00408	0.00201	0.00519	0.00356	0.00401	0.00720
30	0.01779	0.05242	0.05276	0.01425	0.01799	0.13378	0.01180	0.11587	0.28468	0.02453	0.03951	0.02126	0.05099	0.00887	0.00825	0.00210	0.09710	0.00655	0.00522	0.03429
31	0.07224	0.45970	0.12445	0.01233	0.01798	0.02114	0.01248	0.07015	0.03292	0.04027	0.03384	0.01410	0.01116	0.00853	0.04221	0.00211	0.00761	0.00452	0.00360	0.00866
32	0.01741	0.35463	0.19351	0.01593	0.02225	0.10944	0.09778	0.04710	0.04986	0.01904	0.01152	0.01325	0.00929	0.00615	0.00554	0.00176	0.00866	0.00471	0.00327	0.00890

[dist]
# distance from previous block
# <min> <max>
9	85

[block]
# block no. 7 follows, 33 sequences, length 10
# corresponding to MSA columns:
# 861-870
name=unknown_H
#
# <colnr> <probs for GDERKNQSTAVLIFYWHMCP>
#	G	D	E	R	K	N	Q	S	T	A	V	L	I	F	Y	W	H	M	C	P
0	0.01705	0.01993	0.18570	0.08061	0.02352	0.07088	0.06268	0.13037	0.11686	0.06330	0.01722	0.08302	0.01421	0.00876	0.00806	0.00220	0.07485	0.00704	0.00464	0.00910
1	0.14467	0.01392	0.01405	0.01264	0.01641	0.01612	0.00989	0.03247	0.60253	0.02786	0.02396	0.02233	0.01801	0.00848	0.00628	0.00220	0.00519	0.00682	0.00628	0.00989
2	0.01548	0.01278	0.01463	0.01062	0.01637	0.01065	0.00856	0.12725	0.01643	0.02467	0.01236	0.01400	0.00998	0.00536	0.00515	0.00114	0.00526	0.00423	0.00433	0.68076
3	0.01601	0.01428	0.01807	0.08423	0.18526	0.01605	0.01339	0.02995	0.49096	0.02520	0.02212	0.02202	0.01685	0.00801	0.00665	0.00216	0.00613	0.00694	0.00557	0.01015
4	0.01553	0.01444	0.02378	0.29032	0.43770	0.01561	0.01899	0.06638	0.01545	0.02123	0.01238	0.01670	0.00990	0.00626	0.00654	0.00204	0.00812	0.00586	0.00337	0.00938
5	0.01573	0.01312	0.01767	0.18632	0.10700	0.01415	0.01320	0.13262	0.08802	0.03959	0.01676	0.07333	0.01447	0.00847	0.00754	0.00202	0.05849	0.03188	0.00460	0.15503
6	0.01818	0.01906	0.13616	0.02484	0.29586	0.05585	0.01672	0.12805	0.01742	0.07555	0.01344	0.01563	0.01037	0.00659	0.00692	0.00189	0.04049	0.00543	0.00413	0.10742
7	0.01554	0.01244	0.01454	0.11655	0.01899	0.03982	0.01025	0.21351	0.04612	0.02555	0.12969	0.02605	0.02138	0.10844	0.09958	0.00353	0.00784	0.00729	0.00513	0.07776
8	0.01181	0.06230	0.01602	0.01263	0.01536	0.01049	0.11887	0.01496	0.04736	0.04259	0.05581	0.20051	0.17972	0.04662	0.00950	0.00251	0.04759	0.06881	0.00523	0.03129
9	0.01334	0.00949	0.01221	0.01241	0.06450	0.00932	0.00877	0.04969	0.05713	0.09787	0.12627	0.20815	0.13616	0.01343	0.00819	0.00224	0.04664	0.04660	0.00598	0.07161

[dist]
# distance from previous block
# <min> <max>
24	73

[block]
# block no. 8 follows, 33 sequences, length 66
# corresponding to MSA columns:
# 947-996,998-1013
name=unknown_I
#
# <colnr> <probs for GDERKNQSTAVLIFYWHMCP>
#	G	D	E	R	K	N	Q	S	T	A	V	L	I	F	Y	W	H	M	C	P
0	0.01795	0.03786	0.05604	0.01465	0.01886	0.01453	0.07819	0.20674	0.06298	0.10020	0.04194	0.09325	0.01895	0.01008	0.00814	0.00218	0.06578	0.07681	0.00555	0.06934
1	0.01514	0.01372	0.09074	0.10782	0.05543	0.01243	0.03603	0.04180	0.20306	0.09937	0.07612	0.09649	0.05942	0.00978	0.00684	0.00216	0.00606	0.00846	0.05041	0.00870
2	0.02467	0.02902	0.01886	0.01663	0.02036	0.61065	0.01268	0.15010	0.02090	0.02074	0.01120	0.01259	0.00897	0.00699	0.00605	0.00175	0.01103	0.00455	0.00397	0.00828
3	0.01454	0.01167	0.01374	0.00986	0.01567	0.00883	0.00791	0.01745	0.01394	0.06131	0.01250	0.01414	0.01012	0.00506	0.00497	0.00103	0.00492	0.00405	0.00414	0.76414
4	0.01714	0.72966	0.03316	0.01123	0.01661	0.02505	0.01109	0.01927	0.01322	0.01548	0.00963	0.01142	0.00890	0.00809	0.04563	0.00192	0.00763	0.00372	0.00286	0.00830
5	0.01956	0.01818	0.12760	0.01412	0.01891	0.04701	0.01276	0.33868	0.06883	0.06608	0.01882	0.04799	0.01565	0.06739	0.00875	0.00242	0.00719	0.05416	0.03646	0.00945
6	0.01440	0.01440	0.02016	0.01728	0.01728	0.02016	0.01440	0.01584	0.01008	0.01584	0.00864	0.01440	0.00864	0.01152	0.02160	0.00288	0.75659	0.00576	0.00288	0.00720
7	0.00802	0.00573	0.00764	0.00917	0.00955	0.00535	0.00611	0.00917	0.01260	0.01681	0.03628	0.76434	0.04354	0.02062	0.00840	0.00267	0.00382	0.01872	0.00611	0.00535
8	0.06535	0.01049	0.01156	0.01005	0.01236	0.01109	0.00733	0.16803	0.07008	0.08127	0.04585	0.03207	0.04446	0.34823	0.05034	0.00435	0.00660	0.00811	0.00529	0.00708
9	0.01514	0.04593	0.39716	0.01802	0.07307	0.01581	0.01847	0.02594	0.25354	0.04526	0.01733	0.01788	0.01275	0.00718	0.00638	0.00211	0.00785	0.00583	0.00432	0.01002
10	0.01601	0.01593	0.02536	0.17999	0.51784	0.06083	0.04894	0.01995	0.01488	0.02022	0.01215	0.01633	0.00996	0.00605	0.00655	0.00200	0.00841	0.00584	0.00320	0.00957
11	0.00957	0.00638	0.00718	0.00718	0.00718	0.00638	0.00399	0.00957	0.00957	0.01276	0.02074	0.04308	0.02393	0.76864	0.03351	0.00638	0.00638	0.00957	0.00399	0.00399
12	0.01903	0.01812	0.06828	0.01765	0.10929	0.08555	0.01319	0.24723	0.22473	0.02892	0.02157	0.02247	0.06086	0.00855	0.00666	0.00207	0.00705	0.02324	0.00558	0.00993
13	0.02330	0.10861	0.02003	0.01612	0.01967	0.63973	0.01240	0.02506	0.01780	0.01602	0.01034	0.01225	0.00877	0.00823	0.03285	0.00199	0.01157	0.00427	0.00334	0.00765
14	0.00921	0.00673	0.00865	0.00817	0.00977	0.00617	0.00613	0.01221	0.01838	0.02579	0.67788	0.05017	0.10871	0.01368	0.00777	0.00208	0.00312	0.01205	0.00717	0.00617
15	0.05941	0.01588	0.01748	0.01450	0.01805	0.06179	0.04120	0.25933	0.17745	0.02930	0.04159	0.02020	0.01512	0.00883	0.00872	0.00216	0.11958	0.02173	0.05841	0.00927
16	0.01382	0.01030	0.01165	0.01078	0.01343	0.01072	0.00840	0.15247	0.14101	0.04155	0.10628	0.17634	0.15616	0.01364	0.00746	0.00230	0.00481	0.07663	0.03451	0.00775
17	0.00797	0.00654	0.00706	0.00742	0.00927	0.00563	0.00550	0.00962	0.01457	0.01771	0.05940	0.19292	0.56304	0.01748	0.00796	0.00235	0.00357	0.05034	0.00611	0.00555
18	0.75963	0.06562	0.01140	0.00884	0.01302	0.01555	0.00742	0.01938	0.01135	0.02856	0.00917	0.01069	0.00722	0.00608	0.00408	0.00199	0.00523	0.00356	0.00399	0.00722
19	0.01764	0.09923	0.07722	0.07024	0.21026	0.07588	0.16522	0.13431	0.01770	0.02320	0.01442	0.01709	0.03443	0.00663	0.00654	0.00197	0.00872	0.00611	0.00383	0.00937
20	0.76137	0.01312	0.01036	0.00910	0.01325	0.01515	0.00750	0.06606	0.01255	0.03035	0.00962	0.01104	0.00741	0.00623	0.00424	0.00203	0.00524	0.00373	0.00424	0.00741
21	0.01519	0.01744	0.05707	0.02490	0.03077	0.01649	0.54752	0.02011	0.01468	0.02046	0.01258	0.01693	0.00975	0.00626	0.00923	0.00221	0.10302	0.00716	0.00330	0.06494
22	0.00957	0.00638	0.00718	0.00718	0.00718	0.00638	0.00399	0.00957	0.00957	0.01276	0.02074	0.04308	0.02393	0.76864	0.03351	0.00638	0.00638	0.00957	0.00399	0.00399
23	0.02503	0.01844	0.01976	0.01515	0.02042	0.02042	0.01251	0.70562	0.03095	0.04149	0.01581	0.01581	0.01120	0.00790	0.00659	0.00198	0.00724	0.00593	0.00659	0.01120
24	0.01622	0.01493	0.03736	0.11229	0.18612	0.01616	0.01415	0.06289	0.41206	0.02533	0.02061	0.02104	0.01568	0.00780	0.00662	0.00215	0.00648	0.00673	0.00532	0.01005
25	0.00924	0.00667	0.00873	0.00833	0.00982	0.00616	0.00621	0.01224	0.01830	0.02586	0.68552	0.08929	0.06107	0.01386	0.00780	0.00210	0.00315	0.01229	0.00718	0.00616
26	0.00941	0.00703	0.01048	0.01048	0.01162	0.00817	0.00810	0.01169	0.01055	0.01521	0.01773	0.02639	0.01669	0.07147	0.72077	0.01045	0.01729	0.00713	0.00354	0.00582
27	0.01511	0.01701	0.03686	0.02654	0.03281	0.01606	0.65477	0.02043	0.01519	0.02068	0.01362	0.01833	0.01044	0.00863	0.05943	0.00281	0.01156	0.00772	0.00334	0.00867
28	0.01251	0.00743	0.00982	0.00882	0.01093	0.00676	0.00676	0.01552	0.01867	0.13767	0.61403	0.04496	0.05489	0.01262	0.00758	0.00207	0.00350	0.01107	0.00739	0.00700
29	0.01530	0.01292	0.01375	0.01245	0.01584	0.01471	0.00965	0.03137	0.60288	0.02706	0.09594	0.02801	0.04294	0.00954	0.00675	0.00219	0.00488	0.00800	0.03611	0.00972
30	0.01007	0.06022	0.00912	0.00755	0.00797	0.00772	0.00459	0.01027	0.00997	0.01313	0.02060	0.07202	0.02369	0.68262	0.03036	0.00587	0.00632	0.00954	0.00400	0.00436
31	0.01880	0.03951	0.06446	0.01416	0.01997	0.01149	0.13070	0.02265	0.03150	0.23607	0.01721	0.03686	0.01276	0.00660	0.00611	0.00167	0.00654	0.00591	0.00510	0.31191
32	0.03606	0.05714	0.37306	0.01947	0.02721	0.01507	0.22143	0.01995	0.01421	0.02086	0.01290	0.04060	0.01017	0.00636	0.00647	0.00199	0.00914	0.00600	0.00322	0.09870
33	0.01669	0.01481	0.01503	0.01353	0.01724	0.04434	0.01051	0.03465	0.68883	0.02710	0.02615	0.02407	0.01965	0.00885	0.00667	0.00221	0.00547	0.00732	0.00657	0.01031
34	0.20737	0.04282	0.01948	0.01791	0.09383	0.31714	0.07610	0.08672	0.01706	0.02268	0.01178	0.03638	0.00986	0.00692	0.00582	0.00190	0.00896	0.00517	0.00390	0.00821
35	0.01530	0.01356	0.02046	0.02626	0.36127	0.04414	0.05871	0.01948	0.05811	0.06501	0.02419	0.08542	0.09778	0.00973	0.00712	0.00217	0.00693	0.07087	0.00459	0.00890
36	0.01596	0.01531	0.02613	0.10126	0.66929	0.01556	0.02004	0.01991	0.01483	0.02111	0.01232	0.01640	0.01029	0.00593	0.00652	0.00198	0.00790	0.00586	0.00323	0.01016
37	0.00942	0.00701	0.01034	0.01034	0.01143	0.00810	0.00793	0.01160	0.01051	0.01511	0.01785	0.02707	0.01698	0.09994	0.69270	0.01029	0.01684	0.00723	0.00356	0.00575
38	0.02954	0.01120	0.01528	0.01171	0.01681	0.00968	0.00968	0.03208	0.01884	0.73213	0.02597	0.02241	0.01630	0.00815	0.00662	0.00204	0.00560	0.00662	0.00815	0.01120
39	0.00860	0.00670	0.00780	0.00753	0.00939	0.00591	0.00564	0.01103	0.01693	0.02236	0.41600	0.05582	0.37274	0.01496	0.00777	0.00214	0.00321	0.01284	0.00672	0.00591
40	0.01629	0.01564	0.02672	0.04041	0.72757	0.01564	0.02020	0.02020	0.01499	0.02151	0.01238	0.01629	0.01043	0.00587	0.00652	0.00196	0.00782	0.00587	0.00326	0.01043
41	0.02631	0.01637	0.01848	0.01417	0.01938	0.01735	0.01170	0.51331	0.02749	0.23868	0.01871	0.01769	0.01265	0.00797	0.00660	0.00199	0.00678	0.00613	0.00703	0.01120
42	0.00896	0.00689	0.00838	0.00895	0.01066	0.00630	0.00714	0.01124	0.01536	0.01959	0.14955	0.13160	0.33583	0.01708	0.00827	0.00251	0.00425	0.23539	0.00626	0.00580
43	0.01742	0.01630	0.04974	0.18171	0.11334	0.04699	0.21911	0.07070	0.10172	0.09272	0.01574	0.01831	0.01160	0.00672	0.00690	0.00212	0.00866	0.00659	0.00433	0.00928
44	0.01307	0.01080	0.01253	0.00935	0.01451	0.00824	0.00741	0.01576	0.01394	0.03939	0.02052	0.04390	0.11102	0.00710	0.00544	0.00123	0.00465	0.00582	0.00439	0.65093
45	0.02318	0.02729	0.01927	0.01884	0.09026	0.54721	0.01327	0.08946	0.07310	0.01988	0.01220	0.01365	0.00982	0.00696	0.00611	0.00179	0.01053	0.00480	0.00393	0.00846
46	0.01595	0.01529	0.02611	0.10322	0.66742	0.01555	0.02003	0.01991	0.01483	0.02109	0.01232	0.01640	0.01028	0.00593	0.00652	0.00198	0.00791	0.00586	0.00323	0.01015
47	0.01321	0.01182	0.01696	0.06761	0.08967	0.01479	0.01252	0.05210	0.01210	0.01753	0.01376	0.04622	0.01334	0.08223	0.19323	0.00483	0.32061	0.00687	0.00348	0.00711
48	0.02277	0.02820	0.01755	0.01597	0.01921	0.63780	0.01203	0.04319	0.01830	0.01685	0.01377	0.01556	0.04673	0.00999	0.05202	0.00229	0.01166	0.00497	0.00363	0.00751
49	0.01885	0.01475	0.01570	0.01267	0.01697	0.04007	0.01013	0.33841	0.08681	0.03030	0.01811	0.04916	0.01543	0.06693	0.00844	0.00219	0.00635	0.04433	0.02608	0.17830
50	0.01212	0.01018	0.01326	0.06091	0.11191	0.01076	0.01020	0.01913	0.21531	0.02134	0.07528	0.21716	0.09701	0.03430	0.00820	0.00247	0.00522	0.06184	0.00570	0.00771
51	0.02049	0.01673	0.02201	0.08504	0.33182	0.09062	0.01599	0.15070	0.01865	0.13586	0.01475	0.01674	0.01110	0.00695	0.00700	0.00200	0.03305	0.00582	0.00463	0.01005
52	0.01295	0.01227	0.02050	0.63697	0.11520	0.01504	0.01827	0.01712	0.01318	0.01726	0.01160	0.01724	0.00894	0.00678	0.00742	0.00221	0.05062	0.00585	0.00296	0.00763
53	0.00786	0.00667	0.00678	0.00675	0.00894	0.00559	0.00507	0.00960	0.01520	0.01824	0.10127	0.06261	0.69004	0.01650	0.00778	0.00222	0.00332	0.01379	0.00617	0.00559
54	0.00805	0.00592	0.00756	0.00876	0.00947	0.00542	0.00596	0.00938	0.01326	0.01745	0.07679	0.62686	0.14160	0.01968	0.00828	0.00258	0.00371	0.01767	0.00617	0.00542
55	0.01484	0.01665	0.03596	0.02603	0.03211	0.01560	0.63920	0.01999	0.01527	0.02069	0.01544	0.08675	0.01309	0.00694	0.00783	0.00226	0.01043	0.00878	0.00359	0.00855
56	0.01320	0.03405	0.73453	0.01876	0.02849	0.01529	0.02432	0.02085	0.01390	0.02085	0.01181	0.01390	0.00834	0.00625	0.00625	0.00208	0.00973	0.00486	0.00278	0.00973
57	0.00783	0.00663	0.00677	0.00681	0.00894	0.00557	0.00508	0.00952	0.01501	0.01798	0.08361	0.08997	0.68041	0.01674	0.00780	0.00224	0.00335	0.01402	0.00614	0.00557
58	0.04431	0.04052	0.08675	0.05589	0.35690	0.12320	0.09901	0.05128	0.04025	0.02161	0.01255	0.01557	0.01005	0.00622	0.00642	0.00197	0.00878	0.00568	0.00351	0.00952
59	0.00810	0.00633	0.00739	0.00817	0.00954	0.00562	0.00591	0.00965	0.01398	0.01751	0.05114	0.36620	0.37846	0.01849	0.00815	0.00248	0.00375	0.06751	0.00611	0.00551
60	0.00802	0.00573	0.00764	0.00917	0.00955	0.00535	0.00611	0.00917	0.01260	0.01681	0.03628	0.76434	0.04354	0.02062	0.00840	0.00267	0.00382	0.01872	0.00611	0.00535
61	0.02450	0.08655	0.01981	0.01429	0.01921	0.11026	0.01177	0.39012	0.07378	0.15830	0.01708	0.01663	0.01214	0.00767	0.00630	0.00192	0.00738	0.00573	0.00613	0.01044
62	0.01367	0.05436	0.52465	0.03917	0.05098	0.01563	0.05631	0.02119	0.06784	0.02078	0.01372	0.04134	0.01066	0.00709	0.00693	0.00213	0.03515	0.00574	0.00325	0.00941
63	0.00818	0.00669	0.00708	0.00708	0.00904	0.00576	0.00526	0.00994	0.01504	0.01847	0.13662	0.06071	0.57662	0.06923	0.00963	0.00253	0.00362	0.03686	0.00609	0.00554
64	0.02048	0.01825	0.02263	0.11298	0.02573	0.09363	0.13712	0.33738	0.08716	0.02983	0.01501	0.01673	0.01112	0.00741	0.00726	0.00207	0.03421	0.00621	0.00508	0.00970
65	0.01762	0.20323	0.26597	0.01867	0.08116	0.10767	0.07749	0.07014	0.03434	0.04686	0.01235	0.01412	0.00950	0.00633	0.00594	0.00187	0.00888	0.00501	0.00352	0.00933

[dist]
# distance from previous block
# <min> <max>
1	2

[block]
# block no. 9 follows, 33 sequences, length 186
# corresponding to MSA columns:
# 1016-1201
name=unknown_J
#
# <colnr> <probs for GDERKNQSTAVLIFYWHMCP>
#	G	D	E	R	K	N	Q	S	T	A	V	L	I	F	Y	W	H	M	C	P
0	0.01781	0.04536	0.06182	0.01514	0.04080	0.08207	0.03538	0.10212	0.37402	0.04901	0.04026	0.02290	0.01763	0.00844	0.00659	0.00209	0.00664	0.03179	0.00573	0.03439
1	0.01245	0.01086	0.01139	0.05847	0.01473	0.09988	0.00882	0.08556	0.01576	0.01989	0.05032	0.45524	0.03356	0.01620	0.00783	0.00246	0.00570	0.07875	0.00565	0.00647
2	0.01791	0.74017	0.03380	0.01151	0.01705	0.05738	0.01133	0.02000	0.01361	0.01552	0.00920	0.01062	0.00845	0.00568	0.00430	0.00142	0.00725	0.00355	0.00284	0.00841
3	0.01636	0.10879	0.18309	0.01927	0.02540	0.01627	0.26378	0.04159	0.05979	0.08818	0.01542	0.04247	0.01210	0.00889	0.03948	0.00248	0.03683	0.00672	0.00400	0.00909
4	0.01334	0.05677	0.71299	0.01853	0.02814	0.01562	0.02392	0.02081	0.01388	0.02068	0.01173	0.01380	0.00834	0.00624	0.00619	0.00206	0.00965	0.00482	0.00278	0.00969
5	0.81514	0.01273	0.00968	0.00866	0.01273	0.01477	0.00713	0.01935	0.01120	0.02954	0.00917	0.01069	0.00713	0.00611	0.00407	0.00204	0.00509	0.00356	0.00407	0.00713
6	0.01616	0.01575	0.02572	0.11454	0.63236	0.03966	0.01975	0.02005	0.01492	0.02084	0.01224	0.01628	0.01019	0.00597	0.00650	0.00197	0.00806	0.00581	0.00323	0.01001
7	0.01360	0.10137	0.67073	0.01808	0.02744	0.01627	0.02313	0.02075	0.01385	0.02036	0.01157	0.01359	0.00835	0.00620	0.00607	0.00202	0.00948	0.00474	0.00278	0.00961
8	0.00962	0.00737	0.01100	0.01087	0.01200	0.00875	0.00850	0.01193	0.01056	0.01531	0.01724	0.02536	0.01612	0.04772	0.71101	0.01024	0.04996	0.00700	0.00350	0.00594
9	0.00872	0.00671	0.00797	0.00766	0.00947	0.00596	0.00574	0.01127	0.01723	0.02306	0.46953	0.05467	0.31877	0.01470	0.00777	0.00213	0.00319	0.01268	0.00681	0.00596
10	0.00806	0.00648	0.00719	0.00743	0.00917	0.00561	0.00541	0.00983	0.01504	0.01886	0.15767	0.20776	0.48437	0.01702	0.00791	0.00229	0.00340	0.01461	0.00628	0.00561
11	0.03993	0.37150	0.11802	0.01551	0.02123	0.16465	0.09978	0.04329	0.03643	0.01854	0.01095	0.01273	0.00904	0.00611	0.00541	0.00171	0.00874	0.00456	0.00326	0.00861
12	0.00954	0.00651	0.00784	0.00784	0.00807	0.00674	0.00481	0.01000	0.00977	0.01326	0.02014	0.03973	0.02248	0.62856	0.17159	0.00720	0.00857	0.00908	0.00390	0.00436
13	0.00784	0.00667	0.00675	0.00673	0.00893	0.00558	0.00505	0.00956	0.01514	0.01811	0.09131	0.06283	0.70008	0.01655	0.00778	0.00222	0.00333	0.01382	0.00616	0.00558
14	0.02444	0.01815	0.01943	0.01503	0.02019	0.02014	0.01237	0.66032	0.07720	0.04055	0.01655	0.01640	0.01180	0.00797	0.00659	0.00199	0.00711	0.00603	0.00659	0.01114
15	0.02503	0.01844	0.01976	0.01515	0.02042	0.02042	0.01251	0.70562	0.03095	0.04149	0.01581	0.01581	0.01120	0.00790	0.00659	0.00198	0.00724	0.00593	0.00659	0.01120
16	0.01144	0.00572	0.00858	0.00858	0.00858	0.00572	0.00572	0.00858	0.00858	0.01144	0.01144	0.02001	0.01144	0.02287	0.02573	0.80846	0.00572	0.00572	0.00286	0.00286
17	0.01696	0.01861	0.11402	0.03368	0.52773	0.03723	0.01943	0.08452	0.04227	0.02334	0.01310	0.01612	0.01054	0.00624	0.00648	0.00198	0.00803	0.00576	0.00364	0.01033
18	0.01072	0.00948	0.03542	0.01158	0.01252	0.01076	0.00919	0.01255	0.01062	0.01541	0.03949	0.02734	0.01753	0.19489	0.37220	0.00732	0.18609	0.00739	0.00358	0.00591
19	0.12656	0.01725	0.09808	0.02355	0.09259	0.01507	0.40120	0.01973	0.01457	0.02201	0.01491	0.05260	0.01275	0.00721	0.00710	0.00223	0.00918	0.05122	0.00367	0.00852
20	0.37778	0.09511	0.01622	0.01215	0.01642	0.17901	0.00990	0.13980	0.05565	0.02706	0.01151	0.01259	0.00898	0.00668	0.00508	0.00190	0.00718	0.00433	0.00437	0.00826
21	0.02066	0.01464	0.01603	0.01298	0.01697	0.01606	0.01038	0.41801	0.11221	0.07124	0.01878	0.02128	0.01463	0.08564	0.05831	0.00299	0.00720	0.00661	0.06573	0.00966
22	0.00950	0.00666	0.00860	0.00860	0.00909	0.00715	0.00575	0.01048	0.00999	0.01381	0.01945	0.03591	0.02082	0.46916	0.32873	0.00813	0.01107	0.00852	0.00380	0.00478
23	0.00940	0.00705	0.01058	0.01058	0.01176	0.00823	0.00823	0.01176	0.01058	0.01528	0.01763	0.02586	0.01646	0.04937	0.74255	0.01058	0.01763	0.00705	0.00353	0.00588
24	0.00976	0.00688	0.00815	0.00788	0.00982	0.00605	0.00588	0.01200	0.01645	0.06500	0.32424	0.12573	0.34754	0.01526	0.00777	0.00220	0.00343	0.01314	0.00669	0.00614
25	0.01061	0.00758	0.01061	0.01212	0.01364	0.00758	0.01061	0.01364	0.01515	0.01970	0.03486	0.07426	0.03789	0.01819	0.00909	0.00303	0.00606	0.68326	0.00606	0.00606
26	0.01653	0.01402	0.01476	0.01322	0.01692	0.01618	0.01030	0.05711	0.66939	0.02791	0.02625	0.02426	0.01969	0.00886	0.00663	0.00220	0.00521	0.00735	0.03290	0.01031
27	0.01454	0.10715	0.57518	0.01791	0.02653	0.06232	0.03807	0.02161	0.04046	0.02027	0.01204	0.01393	0.00884	0.00631	0.00608	0.00200	0.00946	0.00486	0.00298	0.00947
28	0.00906	0.00650	0.00883	0.00925	0.00989	0.00692	0.00648	0.01043	0.01087	0.01502	0.02371	0.23751	0.02609	0.23799	0.34295	0.00722	0.01069	0.01101	0.00438	0.00521
29	0.01144	0.00640	0.00742	0.00742	0.00885	0.00674	0.00565	0.01430	0.01287	0.02187	0.02036	0.02493	0.01675	0.01973	0.21803	0.00415	0.00728	0.00640	0.57333	0.00606
30	0.01335	0.05914	0.71075	0.01851	0.02810	0.01565	0.02388	0.02081	0.01388	0.02067	0.01172	0.01379	0.00834	0.00623	0.00619	0.00206	0.00964	0.00482	0.00278	0.00969
31	0.02459	0.03138	0.01866	0.01696	0.02035	0.74221	0.01272	0.02629	0.01866	0.01611	0.01018	0.01187	0.00848	0.00678	0.00594	0.00170	0.01187	0.00424	0.00339	0.00763
32	0.81514	0.01273	0.00968	0.00866	0.01273	0.01477	0.00713	0.01935	0.01120	0.02954	0.00917	0.01069	0.00713	0.00611	0.00407	0.00204	0.00509	0.00356	0.00407	0.00713
33	0.02307	0.12472	0.02044	0.01589	0.01966	0.56761	0.01235	0.05084	0.07258	0.01784	0.01154	0.01283	0.00948	0.00684	0.00580	0.00171	0.01057	0.00446	0.00369	0.00808
