[name]
unknown

[dist]
# distance from previous block
# <min> <max>
25	84

[block]
# block no. 0 follows, 30 sequences, length 15
# corresponding to MSA columns:
# 103-117
name=unknown_A
#
# <colnr> <probs for GDERKNQSTAVLIFYWHMCP>
#	G	D	E	R	K	N	Q	S	T	A	V	L	I	F	Y	W	H	M	C	P
0	0.25848	0.27921	0.11836	0.01254	0.01811	0.06063	0.01226	0.02192	0.01440	0.08169	0.01341	0.03891	0.01134	0.00742	0.00534	0.00196	0.00726	0.02390	0.00412	0.00873
1	0.01212	0.00606	0.00909	0.00909	0.00909	0.00606	0.00606	0.00909	0.00909	0.01212	0.01212	0.02121	0.01212	0.02424	0.02727	0.79697	0.00606	0.00606	0.00303	0.00303
2	0.01744	0.48084	0.22015	0.01451	0.02130	0.06450	0.01577	0.02130	0.01476	0.01823	0.01193	0.01571	0.01053	0.00690	0.00544	0.00179	0.00849	0.03808	0.00319	0.00914
3	0.05442	0.32623	0.17243	0.01347	0.01934	0.02002	0.01371	0.05292	0.11568	0.02194	0.04650	0.02014	0.04278	0.04437	0.00727	0.00216	0.00732	0.00591	0.00424	0.00916
4	0.01783	0.12250	0.14297	0.01433	0.01960	0.07955	0.01333	0.18886	0.01926	0.02549	0.01773	0.13927	0.01656	0.01177	0.04360	0.00247	0.00820	0.00766	0.00482	0.10419
5	0.15225	0.20108	0.12132	0.01195	0.01681	0.01568	0.01163	0.04757	0.01572	0.02356	0.11156	0.05375	0.07415	0.01003	0.00634	0.00209	0.00635	0.06900	0.00478	0.04440
6	0.01747	0.17458	0.04917	0.01548	0.04803	0.01717	0.06557	0.12996	0.01756	0.05597	0.03988	0.05750	0.01671	0.01180	0.05044	0.00266	0.08548	0.03599	0.09977	0.00881
7	0.01483	0.23759	0.05065	0.07784	0.04115	0.04623	0.01119	0.04576	0.01561	0.01995	0.08197	0.08087	0.08321	0.07285	0.00889	0.00236	0.00676	0.02710	0.00450	0.07069
8	0.01868	0.11836	0.23519	0.01838	0.05561	0.10984	0.08081	0.07943	0.01738	0.07318	0.01476	0.04918	0.01187	0.00739	0.00651	0.00198	0.00899	0.00605	0.00415	0.08227
9	0.01281	0.01158	0.06278	0.06275	0.04859	0.00982	0.01048	0.04498	0.05018	0.05252	0.13439	0.14350	0.16534	0.01335	0.00771	0.00229	0.00547	0.06541	0.00593	0.09011
10	0.01515	0.03572	0.10256	0.01846	0.12210	0.04480	0.06862	0.01871	0.01647	0.09127	0.17798	0.16887	0.03054	0.01171	0.00836	0.00232	0.04211	0.01032	0.00545	0.00847
11	0.01743	0.01793	0.09086	0.06292	0.11749	0.07828	0.05868	0.08894	0.11067	0.05435	0.06615	0.04842	0.03556	0.00932	0.00790	0.00223	0.04031	0.03932	0.00509	0.04816
12	0.01520	0.07618	0.12275	0.01589	0.08230	0.01375	0.01309	0.07714	0.01634	0.05652	0.06347	0.10245	0.07106	0.03365	0.03265	0.00261	0.06978	0.03650	0.00490	0.09376
13	0.01546	0.01772	0.12955	0.05161	0.12567	0.08628	0.07645	0.01952	0.01661	0.05772	0.14445	0.06415	0.04980	0.01023	0.00810	0.00227	0.03927	0.04682	0.02976	0.00855
14	0.04866	0.09780	0.06404	0.01478	0.03641	0.06868	0.06393	0.05107	0.06671	0.11502	0.03840	0.02159	0.03437	0.04419	0.03944	0.00258	0.04371	0.00646	0.03876	0.10341

[dist]
# distance from previous block
# <min> <max>
69	249

[block]
# block no. 1 follows, 30 sequences, length 12
# corresponding to MSA columns:
# 421-432
name=unknown_B
#
# <colnr> <probs for GDERKNQSTAVLIFYWHMCP>
#	G	D	E	R	K	N	Q	S	T	A	V	L	I	F	Y	W	H	M	C	P
0	0.03734	0.04145	0.01543	0.05910	0.07998	0.01245	0.01071	0.04880	0.01370	0.04021	0.06097	0.09390	0.02074	0.12173	0.15927	0.05389	0.11036	0.00851	0.00440	0.00707
1	0.24897	0.05754	0.01756	0.01430	0.01834	0.26571	0.01140	0.09403	0.05884	0.08002	0.01332	0.01447	0.01028	0.00765	0.00698	0.00207	0.06004	0.00495	0.00470	0.00882
2	0.06599	0.06593	0.15821	0.10045	0.02860	0.11617	0.18105	0.04911	0.01568	0.02132	0.01198	0.01562	0.00944	0.00745	0.00927	0.00228	0.12314	0.00596	0.00347	0.00890
3	0.01607	0.02203	0.22058	0.07005	0.41396	0.01654	0.09656	0.02153	0.01554	0.02230	0.01303	0.01681	0.01030	0.00633	0.00698	0.00215	0.00929	0.00615	0.00330	0.01050
4	0.00913	0.00651	0.00774	0.00845	0.00899	0.00615	0.00538	0.00994	0.01245	0.01623	0.03674	0.35838	0.13998	0.31908	0.01962	0.00436	0.00507	0.01511	0.00556	0.00512
5	0.02152	0.01283	0.01560	0.03997	0.01816	0.01344	0.01064	0.06768	0.26479	0.27605	0.13097	0.02809	0.02536	0.00984	0.00774	0.00227	0.02904	0.00810	0.00746	0.01047
6	0.00952	0.00661	0.00820	0.00871	0.00912	0.00648	0.00557	0.01048	0.01244	0.01685	0.10525	0.29473	0.03682	0.36746	0.06625	0.00513	0.00616	0.01369	0.00539	0.00513
7	0.01057	0.00829	0.01185	0.01198	0.01312	0.00841	0.04963	0.04947	0.01462	0.01966	0.03383	0.58483	0.03941	0.01938	0.00967	0.00279	0.05099	0.04898	0.00611	0.00641
8	0.01736	0.01499	0.01578	0.01420	0.01815	0.01736	0.01105	0.03708	0.69862	0.02919	0.02840	0.02604	0.02130	0.00947	0.00710	0.00237	0.00552	0.00789	0.00710	0.01105
9	0.01647	0.01882	0.04118	0.02941	0.03647	0.01765	0.68588	0.02235	0.01647	0.02235	0.01412	0.01882	0.01059	0.00588	0.00824	0.00235	0.01176	0.00824	0.00353	0.00941
10	0.01660	0.01363	0.02302	0.28355	0.15960	0.01399	0.11144	0.02069	0.01547	0.10968	0.01634	0.06377	0.01323	0.00760	0.00705	0.00214	0.00822	0.00720	0.00427	0.10251
11	0.04378	0.01570	0.05872	0.01387	0.01979	0.05346	0.08298	0.02144	0.06217	0.07279	0.01560	0.01884	0.01258	0.00662	0.00607	0.00159	0.00675	0.03229	0.00460	0.45036

[dist]
# distance from previous block
# <min> <max>
12	29

[block]
# block no. 2 follows, 30 sequences, length 54
# corresponding to MSA columns:
# 462-515
name=unknown_C
#
# <colnr> <probs for GDERKNQSTAVLIFYWHMCP>
#	G	D	E	R	K	N	Q	S	T	A	V	L	I	F	Y	W	H	M	C	P
0	0.09974	0.04956	0.05251	0.01924	0.11674	0.24962	0.01389	0.10838	0.13037	0.07051	0.01575	0.01660	0.01203	0.00752	0.00640	0.00203	0.00879	0.00561	0.00491	0.00978
1	0.05972	0.01397	0.01660	0.16527	0.08540	0.07147	0.01260	0.02201	0.15897	0.02410	0.17696	0.02645	0.02507	0.00916	0.00753	0.00215	0.03458	0.00759	0.00523	0.07519
2	0.01727	0.01658	0.02832	0.04283	0.71123	0.01658	0.02142	0.02142	0.01589	0.02280	0.01313	0.01727	0.01105	0.00622	0.00691	0.00207	0.00829	0.00622	0.00345	0.01105
3	0.01094	0.00934	0.01379	0.13479	0.09894	0.00931	0.03167	0.01401	0.01652	0.02206	0.25285	0.13004	0.20155	0.01360	0.00795	0.00232	0.00530	0.01205	0.00586	0.00711
4	0.01316	0.01117	0.01656	0.02148	0.26722	0.01087	0.01231	0.04604	0.01828	0.02533	0.31345	0.04077	0.12791	0.01170	0.00774	0.00220	0.00546	0.03408	0.00590	0.00836
5	0.01218	0.01183	0.02049	0.09546	0.08444	0.01132	0.20090	0.01589	0.01649	0.02160	0.14863	0.04130	0.26699	0.01160	0.00798	0.00230	0.00687	0.01086	0.00521	0.00767
6	0.13719	0.01148	0.01261	0.00971	0.01473	0.00989	0.00778	0.01956	0.01469	0.09917	0.01544	0.01702	0.01198	0.00626	0.00519	0.00143	0.00495	0.00481	0.14352	0.45261
7	0.00874	0.00683	0.00774	0.00801	0.00960	0.00603	0.00570	0.01050	0.01549	0.01972	0.16796	0.21957	0.38892	0.08032	0.01070	0.00281	0.00388	0.01515	0.00649	0.00582
8	0.01212	0.00969	0.01346	0.25461	0.02380	0.01077	0.01138	0.01731	0.08897	0.02226	0.16109	0.06814	0.07999	0.03558	0.00831	0.00246	0.00598	0.06464	0.10217	0.00727
9	0.00850	0.00607	0.00810	0.00972	0.01012	0.00567	0.00648	0.00972	0.01336	0.01781	0.03846	0.75020	0.04615	0.02186	0.00891	0.00283	0.00405	0.01984	0.00648	0.00567
10	0.02653	0.01955	0.02094	0.01606	0.02164	0.02164	0.01326	0.68796	0.03281	0.04398	0.01675	0.01675	0.01187	0.00838	0.00698	0.00209	0.00768	0.00628	0.00698	0.01187
11	0.01485	0.05694	0.32154	0.11457	0.21908	0.01604	0.02098	0.02132	0.04682	0.02229	0.06716	0.01918	0.01451	0.00725	0.00680	0.00216	0.00873	0.00622	0.00367	0.00988
12	0.01400	0.03610	0.71860	0.01989	0.03020	0.01621	0.02578	0.02210	0.01473	0.02210	0.01252	0.01473	0.00884	0.00663	0.00663	0.00221	0.01031	0.00516	0.00295	0.01031
13	0.01647	0.01882	0.04118	0.02941	0.03647	0.01765	0.68588	0.02235	0.01647	0.02235	0.01412	0.01882	0.01059	0.00588	0.00824	0.00235	0.01176	0.00824	0.00353	0.00941
14	0.01415	0.03251	0.59771	0.08142	0.03228	0.01628	0.08561	0.02176	0.01483	0.02176	0.01266	0.01543	0.00904	0.00659	0.00681	0.00223	0.01036	0.00553	0.00301	0.01001
15	0.02192	0.11260	0.02269	0.01760	0.05132	0.22474	0.03646	0.18701	0.04597	0.04421	0.01374	0.01595	0.01108	0.01079	0.05242	0.00264	0.10930	0.00565	0.00456	0.00935
16	0.00940	0.00711	0.00866	0.00828	0.01013	0.00638	0.00621	0.01224	0.01862	0.02530	0.52018	0.05655	0.25488	0.01527	0.00824	0.00224	0.00336	0.01324	0.00733	0.00638
17	0.00831	0.00683	0.00731	0.00770	0.00959	0.00584	0.00558	0.00994	0.01530	0.01860	0.06300	0.23025	0.55027	0.01867	0.00840	0.00247	0.00366	0.01595	0.00648	0.00584
18	0.01624	0.08774	0.22830	0.09567	0.28687	0.01787	0.02049	0.04454	0.04690	0.02218	0.01314	0.01637	0.01043	0.00701	0.00768	0.00216	0.05700	0.00576	0.00349	0.01014
19	0.00850	0.00607	0.00810	0.00972	0.01012	0.00567	0.00648	0.00972	0.01336	0.01781	0.03846	0.75020	0.04615	0.02186	0.00891	0.00283	0.00405	0.01984	0.00648	0.00567
20	0.03031	0.01165	0.01587	0.01225	0.01747	0.01009	0.01009	0.03304	0.01996	0.68395	0.05926	0.02508	0.01954	0.00890	0.00707	0.00216	0.00581	0.00728	0.00859	0.01163
21	0.01502	0.09551	0.43218	0.10092	0.15780	0.01729	0.04319	0.02141	0.01487	0.02126	0.01241	0.01542	0.00937	0.00651	0.00657	0.00214	0.00961	0.00543	0.00308	0.01002
22	0.01999	0.02168	0.15009	0.12387	0.19590	0.13317	0.08023	0.02444	0.01684	0.14425	0.01518	0.01751	0.01113	0.00696	0.00691	0.00213	0.00941	0.00607	0.00427	0.00997
23	0.71947	0.01383	0.01220	0.01279	0.08851	0.01575	0.00905	0.02061	0.01231	0.03039	0.01008	0.01197	0.00793	0.00645	0.00460	0.00215	0.00571	0.00404	0.00423	0.00793
24	0.01270	0.01136	0.01560	0.06300	0.01728	0.01428	0.01190	0.01618	0.07023	0.01842	0.02267	0.16290	0.05275	0.01965	0.11175	0.00399	0.30563	0.05797	0.00454	0.00720
25	0.02607	0.03326	0.01978	0.01798	0.02157	0.72674	0.01348	0.02787	0.01978	0.01708	0.01079	0.01258	0.00899	0.00719	0.00629	0.00180	0.01258	0.00449	0.00360	0.00809
26	0.00828	0.00695	0.00719	0.00739	0.00951	0.00586	0.00545	0.00998	0.01560	0.01872	0.06677	0.15032	0.62777	0.01818	0.00833	0.00241	0.00360	0.01535	0.00648	0.00586
27	0.01015	0.00677	0.00761	0.00761	0.00761	0.00677	0.00423	0.01015	0.01015	0.01353	0.02199	0.04567	0.02537	0.75476	0.03552	0.00677	0.00677	0.01015	0.00423	0.00423
28	0.00997	0.00748	0.01121	0.01121	0.01246	0.00872	0.00872	0.01246	0.01121	0.01620	0.01869	0.02741	0.01745	0.05234	0.72710	0.01121	0.01869	0.00748	0.00374	0.00623
29	0.01736	0.01499	0.01578	0.01420	0.01815	0.01736	0.01105	0.03708	0.69862	0.02919	0.02840	0.02604	0.02130	0.00947	0.00710	0.00237	0.00552	0.00789	0.00710	0.01105
30	0.80405	0.01350	0.01026	0.00918	0.01350	0.01565	0.00756	0.02051	0.01188	0.03131	0.00972	0.01134	0.00756	0.00648	0.00432	0.00216	0.00540	0.00378	0.00432	0.00756
31	0.02601	0.01905	0.02040	0.01569	0.02113	0.02107	0.01295	0.66252	0.03212	0.04330	0.01698	0.01710	0.01210	0.00837	0.00690	0.00208	0.00751	0.00629	0.03677	0.01166
32	0.03131	0.01188	0.01619	0.01242	0.01781	0.01026	0.01026	0.03401	0.01997	0.71606	0.02753	0.02375	0.01727	0.00864	0.00702	0.00216	0.00594	0.00702	0.00864	0.01188
33	0.80405	0.01350	0.01026	0.00918	0.01350	0.01565	0.00756	0.02051	0.01188	0.03131	0.00972	0.01134	0.00756	0.00648	0.00432	0.00216	0.00540	0.00378	0.00432	0.00756
34	0.01771	0.01517	0.01598	0.01427	0.01828	0.01752	0.01113	0.06210	0.67302	0.02976	0.02795	0.02568	0.02094	0.00943	0.00710	0.00236	0.00561	0.00783	0.00710	0.01108
35	0.80405	0.01350	0.01026	0.00918	0.01350	0.01565	0.00756	0.02051	0.01188	0.03131	0.00972	0.01134	0.00756	0.00648	0.00432	0.00216	0.00540	0.00378	0.00432	0.00756
36	0.01727	0.01658	0.02832	0.04283	0.71123	0.01658	0.02142	0.02142	0.01589	0.02280	0.01313	0.01727	0.01105	0.00622	0.00691	0.00207	0.00829	0.00622	0.00345	0.01105
37	0.02653	0.01955	0.02094	0.01606	0.02164	0.02164	0.01326	0.68796	0.03281	0.04398	0.01675	0.01675	0.01187	0.00838	0.00698	0.00209	0.00768	0.00628	0.00698	0.01187
38	0.00919	0.00711	0.00837	0.00806	0.01000	0.00629	0.00604	0.01184	0.01813	0.02413	0.43862	0.05847	0.33717	0.01570	0.00824	0.00226	0.00339	0.01351	0.00717	0.00629
39	0.00850	0.00607	0.00810	0.00972	0.01012	0.00567	0.00648	0.00972	0.01336	0.01781	0.03846	0.75020	0.04615	0.02186	0.00891	0.00283	0.00405	0.01984	0.00648	0.00567
40	0.00850	0.00607	0.00810	0.00972	0.01012	0.00567	0.00648	0.00972	0.01336	0.01781	0.03846	0.75020	0.04615	0.02186	0.00891	0.00283	0.00405	0.01984	0.00648	0.00567
41	0.01371	0.01295	0.02190	0.64722	0.13465	0.01564	0.01965	0.01830	0.01421	0.01848	0.01250	0.01843	0.00953	0.00688	0.00697	0.00229	0.00917	0.00620	0.00315	0.00818
42	0.01345	0.03102	0.58501	0.01853	0.02740	0.01478	0.04695	0.02074	0.01557	0.02301	0.11924	0.02062	0.01765	0.00777	0.00693	0.00221	0.00929	0.00641	0.00369	0.00971
43	0.00976	0.00702	0.00951	0.01105	0.01209	0.00677	0.00863	0.01192	0.01472	0.01927	0.03915	0.41091	0.07198	0.02049	0.00922	0.00299	0.00512	0.31693	0.00645	0.00603
44	0.00825	0.00707	0.00707	0.00707	0.00943	0.00589	0.00530	0.01001	0.01591	0.01885	0.07069	0.06716	0.70839	0.01767	0.00825	0.00236	0.00353	0.01473	0.00648	0.00589
45	0.01708	0.01639	0.02798	0.07485	0.68068	0.01653	0.02132	0.02125	0.01580	0.02257	0.01309	0.01733	0.01097	0.00625	0.00691	0.00208	0.00834	0.00622	0.00344	0.01090
46	0.01576	0.01261	0.01548	0.06991	0.10725	0.03703	0.01134	0.04378	0.21465	0.07968	0.17788	0.06458	0.09847	0.01110	0.00747	0.00226	0.00575	0.00956	0.00636	0.00906
47	0.00850	0.00607	0.00810	0.00972	0.01012	0.00567	0.00648	0.00972	0.01336	0.01781	0.03846	0.75020	0.04615	0.02186	0.00891	0.00283	0.00405	0.01984	0.00648	0.00567
48	0.01628	0.01570	0.02715	0.20483	0.52700	0.01637	0.04963	0.02062	0.01546	0.02162	0.01300	0.01765	0.01062	0.00638	0.00698	0.00214	0.00868	0.00630	0.00337	0.01021
49	0.09454	0.04914	0.05978	0.24199	0.11967	0.01709	0.01568	0.12910	0.12051	0.02637	0.04767	0.01955	0.01418	0.00770	0.00665	0.00219	0.00765	0.00636	0.00469	0.00947
50	0.01379	0.01237	0.01934	0.02733	0.38242	0.01221	0.01489	0.01764	0.04169	0.02181	0.05921	0.13556	0.12316	0.01189	0.00773	0.00235	0.00648	0.07631	0.00495	0.00888
51	0.01042	0.00813	0.01207	0.01182	0.01296	0.00979	0.00928	0.01283	0.01117	0.01625	0.01789	0.02639	0.01675	0.04895	0.66762	0.01053	0.07979	0.00736	0.00368	0.00635
52	0.73269	0.08123	0.01265	0.00943	0.01390	0.01674	0.00796	0.02055	0.01209	0.02996	0.00972	0.01132	0.00768	0.00643	0.00433	0.00210	0.00559	0.00377	0.00420	0.00768
53	0.01883	0.04326	0.01939	0.25287	0.02792	0.06306	0.01429	0.07401	0.06573	0.14167	0.03998	0.02101	0.03304	0.00882	0.00934	0.00229	0.12158	0.00663	0.00494	0.03134

[dist]
# distance from previous block
# <min> <max>
0	1

[block]
# block no. 3 follows, 30 sequences, length 107
# corresponding to MSA columns:
# 517-623
name=unknown_D
#
# <colnr> <probs for GDERKNQSTAVLIFYWHMCP>
#	G	D	E	R	K	N	Q	S	T	A	V	L	I	F	Y	W	H	M	C	P
0	0.29518	0.21749	0.26147	0.01372	0.02058	0.01878	0.01510	0.02168	0.01378	0.05070	0.01137	0.01295	0.00874	0.00648	0.00526	0.00200	0.00766	0.00437	0.00366	0.00904
1	0.05170	0.02263	0.11234	0.04682	0.05188	0.18478	0.09835	0.12720	0.04493	0.13810	0.01578	0.01708	0.01147	0.00759	0.00748	0.00214	0.03883	0.00603	0.00496	0.00991
2	0.00981	0.00713	0.00924	0.00871	0.01039	0.00656	0.00653	0.01304	0.01960	0.02762	0.68229	0.05272	0.09133	0.01440	0.00823	0.00220	0.00330	0.01270	0.00763	0.00656
3	0.06119	0.01194	0.01596	0.01229	0.01765	0.01047	0.01015	0.03349	0.01966	0.68958	0.02684	0.02327	0.01690	0.00855	0.00691	0.00216	0.00592	0.00689	0.00847	0.01171
4	0.00969	0.00713	0.00907	0.00858	0.01031	0.00651	0.00644	0.01281	0.01931	0.02694	0.63473	0.05384	0.13931	0.01466	0.00823	0.00221	0.00332	0.01286	0.00754	0.00651
5	0.01736	0.01499	0.01578	0.01420	0.01815	0.01736	0.01105	0.03708	0.69862	0.02919	0.02840	0.02604	0.02130	0.00947	0.00710	0.00237	0.00552	0.00789	0.00710	0.01105
6	0.03131	0.01188	0.01619	0.01242	0.01781	0.01026	0.01026	0.03401	0.01997	0.71606	0.02753	0.02375	0.01727	0.00864	0.00702	0.00216	0.00594	0.00702	0.00864	0.01188
7	0.02653	0.01955	0.02094	0.01606	0.02164	0.02164	0.01326	0.68796	0.03281	0.04398	0.01675	0.01675	0.01187	0.00838	0.00698	0.00209	0.00768	0.00628	0.00698	0.01187
8	0.01736	0.01499	0.01578	0.01420	0.01815	0.01736	0.01105	0.03708	0.69862	0.02919	0.02840	0.02604	0.02130	0.00947	0.00710	0.00237	0.00552	0.00789	0.00710	0.01105
9	0.80405	0.01350	0.01026	0.00918	0.01350	0.01565	0.00756	0.02051	0.01188	0.03131	0.00972	0.01134	0.00756	0.00648	0.00432	0.00216	0.00540	0.00378	0.00432	0.00756
10	0.00850	0.00607	0.00810	0.00972	0.01012	0.00567	0.00648	0.00972	0.01336	0.01781	0.03846	0.75020	0.04615	0.02186	0.00891	0.00283	0.00405	0.01984	0.00648	0.00567
11	0.03131	0.01188	0.01619	0.01242	0.01781	0.01026	0.01026	0.03401	0.01997	0.71606	0.02753	0.02375	0.01727	0.00864	0.00702	0.00216	0.00594	0.00702	0.00864	0.01188
12	0.03131	0.01188	0.01619	0.01242	0.01781	0.01026	0.01026	0.03401	0.01997	0.71606	0.02753	0.02375	0.01727	0.00864	0.00702	0.00216	0.00594	0.00702	0.00864	0.01188
13	0.01301	0.00650	0.00650	0.00650	0.00813	0.00650	0.00488	0.01626	0.01463	0.02602	0.02276	0.02602	0.01789	0.00813	0.00488	0.00163	0.00325	0.00650	0.79350	0.00650
14	0.02609	0.03264	0.01983	0.01789	0.02158	0.69511	0.01347	0.05748	0.02036	0.01829	0.01105	0.01277	0.00912	0.00724	0.00632	0.00181	0.01236	0.00457	0.00375	0.00826
15	0.00831	0.00707	0.00715	0.00713	0.00946	0.00592	0.00535	0.01013	0.01605	0.01919	0.09448	0.06660	0.68439	0.01755	0.00825	0.00235	0.00353	0.01465	0.00653	0.00592
16	0.80405	0.01350	0.01026	0.00918	0.01350	0.01565	0.00756	0.02051	0.01188	0.03131	0.00972	0.01134	0.00756	0.00648	0.00432	0.00216	0.00540	0.00378	0.00432	0.00756
17	0.80405	0.01350	0.01026	0.00918	0.01350	0.01565	0.00756	0.02051	0.01188	0.03131	0.00972	0.01134	0.00756	0.00648	0.00432	0.00216	0.00540	0.00378	0.00432	0.00756
18	0.00864	0.00706	0.00748	0.00739	0.00947	0.00606	0.00544	0.01054	0.01615	0.02000	0.17214	0.06325	0.55702	0.06646	0.01007	0.00263	0.00371	0.01407	0.00653	0.00589
19	0.01736	0.01499	0.01578	0.01420	0.01815	0.01736	0.01105	0.03708	0.69862	0.02919	0.02840	0.02604	0.02130	0.00947	0.00710	0.00237	0.00552	0.00789	0.00710	0.01105
20	0.00920	0.00685	0.00857	0.00868	0.01015	0.00621	0.00630	0.01166	0.01736	0.02358	0.41076	0.23302	0.18822	0.01688	0.00841	0.00239	0.00353	0.01488	0.00714	0.00621
21	0.01527	0.01527	0.02137	0.01832	0.01832	0.02137	0.01527	0.01679	0.01069	0.01679	0.00916	0.01527	0.00916	0.01221	0.02290	0.00305	0.74198	0.00611	0.00305	0.00763
22	0.02653	0.01955	0.02094	0.01606	0.02164	0.02164	0.01326	0.68796	0.03281	0.04398	0.01675	0.01675	0.01187	0.00838	0.00698	0.00209	0.00768	0.00628	0.00698	0.01187
23	0.01021	0.00677	0.00781	0.00781	0.00786	0.00682	0.00447	0.01020	0.01015	0.01359	0.02152	0.04410	0.02460	0.70157	0.06303	0.03394	0.00722	0.00990	0.00417	0.00427
24	0.02931	0.01300	0.01663	0.01298	0.01824	0.01219	0.01065	0.10102	0.09493	0.57299	0.02653	0.02329	0.01716	0.00870	0.00702	0.00218	0.00607	0.00704	0.00830	0.01178
25	0.80405	0.01350	0.01026	0.00918	0.01350	0.01565	0.00756	0.02051	0.01188	0.03131	0.00972	0.01134	0.00756	0.00648	0.00432	0.00216	0.00540	0.00378	0.00432	0.00756
26	0.00873	0.00709	0.00774	0.00758	0.00972	0.00610	0.00569	0.01096	0.01706	0.02158	0.26095	0.06267	0.51643	0.01666	0.00824	0.00231	0.00346	0.01410	0.00684	0.00610
27	0.80405	0.01350	0.01026	0.00918	0.01350	0.01565	0.00756	0.02051	0.01188	0.03131	0.00972	0.01134	0.00756	0.00648	0.00432	0.00216	0.00540	0.00378	0.00432	0.00756
28	0.00850	0.00607	0.00810	0.00972	0.01012	0.00567	0.00648	0.00972	0.01336	0.01781	0.03846	0.75020	0.04615	0.02186	0.00891	0.00283	0.00405	0.01984	0.00648	0.00567
29	0.72513	0.01333	0.01086	0.00951	0.01394	0.01510	0.00783	0.02189	0.01270	0.10124	0.01154	0.01260	0.00855	0.00670	0.00459	0.00216	0.00545	0.00411	0.00476	0.00800
30	0.01871	0.02072	0.02220	0.02563	0.26184	0.25754	0.06331	0.02225	0.03847	0.02069	0.06185	0.02361	0.09047	0.00858	0.00757	0.00208	0.03414	0.00715	0.00420	0.00896
31	0.74948	0.01392	0.01101	0.00966	0.01407	0.01607	0.00796	0.06735	0.01334	0.03220	0.01021	0.01172	0.00786	0.00661	0.00451	0.00215	0.00556	0.00395	0.00451	0.00786
32	0.01757	0.47661	0.19777	0.01412	0.02097	0.02325	0.01512	0.04617	0.06677	0.01996	0.01214	0.01348	0.01001	0.00645	0.00531	0.00174	0.00793	0.00449	0.00347	0.03666
33	0.07572	0.01638	0.13752	0.01923	0.16844	0.01249	0.01428	0.02286	0.04235	0.17740	0.15634	0.02495	0.02315	0.00850	0.00683	0.00208	0.00655	0.00722	0.00561	0.07209
34	0.01906	0.19246	0.15272	0.04355	0.12166	0.04359	0.01583	0.08138	0.12929	0.08859	0.03527	0.01823	0.01386	0.00746	0.00636	0.00202	0.00779	0.00591	0.00474	0.01023
35	0.02035	0.01979	0.02254	0.05034	0.28728	0.20868	0.03972	0.06928	0.01839	0.07215	0.01697	0.02474	0.01481	0.00856	0.00717	0.00218	0.00915	0.09382	0.00450	0.00958
36	0.00853	0.00617	0.00808	0.00952	0.01009	0.00571	0.00641	0.00985	0.01373	0.01822	0.06326	0.68512	0.08682	0.02135	0.00884	0.00278	0.00399	0.01928	0.00652	0.00571
37	0.00941	0.00690	0.00982	0.01041	0.01131	0.00740	0.00762	0.01137	0.01238	0.01725	0.05723	0.30425	0.03082	0.06362	0.39731	0.00746	0.01201	0.01251	0.00497	0.00596
38	0.01650	0.01617	0.02868	0.15526	0.52018	0.01653	0.10206	0.02094	0.01564	0.02193	0.01313	0.01768	0.01071	0.00630	0.00708	0.00215	0.00888	0.00646	0.00341	0.01031
39	0.01727	0.01658	0.02832	0.04283	0.71123	0.01658	0.02142	0.02142	0.01589	0.02280	0.01313	0.01727	0.01105	0.00622	0.00691	0.00207	0.00829	0.00622	0.00345	0.01105
40	0.00988	0.00713	0.00933	0.00878	0.01043	0.00658	0.00658	0.01317	0.01975	0.02798	0.70754	0.05213	0.06584	0.01427	0.00823	0.00219	0.00329	0.01262	0.00768	0.00658
41	0.01441	0.01367	0.02316	0.52796	0.24843	0.01583	0.02000	0.01891	0.01454	0.01933	0.01262	0.01820	0.00983	0.00675	0.00696	0.00225	0.00900	0.00621	0.00321	0.00875
42	0.01318	0.01240	0.02093	0.73798	0.04806	0.01550	0.01938	0.01783	0.01395	0.01783	0.01240	0.01860	0.00930	0.00698	0.00698	0.00233	0.00930	0.00620	0.00310	0.00775
43	0.02653	0.01955	0.02094	0.01606	0.02164	0.02164	0.01326	0.68796	0.03281	0.04398	0.01675	0.01675	0.01187	0.00838	0.00698	0.00209	0.00768	0.00628	0.00698	0.01187
44	0.01634	0.01397	0.02367	0.41531	0.26268	0.01545	0.04409	0.02069	0.01525	0.08489	0.01412	0.01866	0.01067	0.00684	0.00701	0.00223	0.00875	0.00636	0.00375	0.00928
45	0.01727	0.01658	0.02832	0.04283	0.71123	0.01658	0.02142	0.02142	0.01589	0.02280	0.01313	0.01727	0.01105	0.00622	0.00691	0.00207	0.00829	0.00622	0.00345	0.01105
46	0.01551	0.01567	0.02080	0.01791	0.01805	0.04894	0.01478	0.01699	0.01103	0.01668	0.00970	0.01630	0.00976	0.03975	0.02271	0.00314	0.68545	0.00619	0.00312	0.00752
47	0.01104	0.00808	0.01096	0.07871	0.04193	0.00811	0.00855	0.03690	0.01693	0.02390	0.29414	0.25280	0.04455	0.01483	0.00790	0.00236	0.00453	0.03530	0.09171	0.00677
48	0.01549	0.04574	0.09028	0.16539	0.26361	0.01517	0.11533	0.02000	0.01587	0.04797	0.08649	0.05401	0.01784	0.00797	0.00722	0.00220	0.00835	0.00761	0.00410	0.00935
49	0.01318	0.01240	0.02093	0.73798	0.04806	0.01550	0.01938	0.01783	0.01395	0.01783	0.01240	0.01860	0.00930	0.00698	0.00698	0.00233	0.00930	0.00620	0.00310	0.00775
50	0.01212	0.00606	0.00909	0.00909	0.00909	0.00606	0.00606	0.00909	0.00909	0.01212	0.01212	0.02121	0.01212	0.02424	0.02727	0.79697	0.00606	0.00606	0.00303	0.00303
51	0.01853	0.02367	0.25416	0.02302	0.09221	0.04269	0.21136	0.09683	0.01791	0.09732	0.01539	0.01843	0.01142	0.03559	0.00830	0.00238	0.00974	0.00663	0.00428	0.01014
52	0.02256	0.05727	0.09848	0.04644	0.04186	0.38738	0.01489	0.11103	0.11128	0.02282	0.01418	0.01547	0.01105	0.00750	0.00650	0.00197	0.01031	0.00533	0.00437	0.00931
53	0.00980	0.00754	0.00802	0.00782	0.01009	0.00674	0.00598	0.03738	0.01695	0.02191	0.14847	0.05923	0.49348	0.01589	0.00789	0.00228	0.00375	0.03933	0.09115	0.00630
54	0.11984	0.01836	0.02201	0.05342	0.25313	0.07098	0.01562	0.27947	0.02195	0.03121	0.01375	0.01596	0.01064	0.00742	0.00717	0.00212	0.03578	0.00581	0.00491	0.01045
55	0.02779	0.01090	0.01451	0.01141	0.01611	0.00956	0.00933	0.03059	0.01919	0.58800	0.05394	0.02521	0.01930	0.00879	0.00675	0.00208	0.00544	0.00717	0.12306	0.01088
56	0.00850	0.00607	0.00810	0.00972	0.01012	0.00567	0.00648	0.00972	0.01336	0.01781	0.03846	0.75020	0.04615	0.02186	0.00891	0.00283	0.00405	0.01984	0.00648	0.00567
57	0.00947	0.00712	0.00877	0.00836	0.01018	0.00641	0.00627	0.01239	0.01880	0.02573	0.55050	0.05583	0.22430	0.01511	0.00823	0.00223	0.00335	0.01314	0.00739	0.00641
58	0.00867	0.00709	0.00766	0.00751	0.00969	0.00607	0.00564	0.01083	0.01691	0.02123	0.23625	0.06325	0.54135	0.01679	0.00824	0.00231	0.00347	0.01418	0.00679	0.00607
59	0.01866	0.75896	0.03657	0.01194	0.01791	0.02761	0.01194	0.02090	0.01418	0.01642	0.00970	0.01119	0.00896	0.00597	0.00448	0.00149	0.00746	0.00373	0.00299	0.00896
60	0.01400	0.03610	0.71860	0.01989	0.03020	0.01621	0.02578	0.02210	0.01473	0.02210	0.01252	0.01473	0.00884	0.00663	0.00663	0.00221	0.01031	0.00516	0.00295	0.01031
61	0.00867	0.00709	0.00766	0.00751	0.00969	0.00607	0.00564	0.01084	0.01691	0.02123	0.23659	0.06324	0.54102	0.01679	0.00824	0.00231	0.00347	0.01418	0.00679	0.00607
62	0.02653	0.01955	0.02094	0.01606	0.02164	0.02164	0.01326	0.68796	0.03281	0.04398	0.01675	0.01675	0.01187	0.00838	0.00698	0.00209	0.00768	0.00628	0.00698	0.01187
63	0.01124	0.00803	0.01124	0.01285	0.01446	0.00803	0.01124	0.01446	0.01606	0.02088	0.03695	0.07871	0.04016	0.01928	0.00964	0.00321	0.00643	0.66426	0.00643	0.00643
64	0.00843	0.00659	0.00764	0.00840	0.00979	0.00581	0.00591	0.00998	0.01481	0.01867	0.07697	0.39467	0.36841	0.01957	0.00856	0.00258	0.00377	0.01711	0.00652	0.00581
65	0.01866	0.75896	0.03657	0.01194	0.01791	0.02761	0.01194	0.02090	0.01418	0.01642	0.00970	0.01119	0.00896	0.00597	0.00448	0.00149	0.00746	0.00373	0.00299	0.00896
66	0.68190	0.01324	0.01120	0.00969	0.01418	0.01480	0.00798	0.02265	0.01316	0.13955	0.01253	0.01330	0.00909	0.00682	0.00475	0.00216	0.00548	0.00429	0.00500	0.00824
67	0.01580	0.15898	0.40596	0.01833	0.06432	0.04005	0.01970	0.02184	0.03617	0.04824	0.01622	0.04524	0.03821	0.00788	0.00700	0.00212	0.03455	0.00607	0.00363	0.00968
68	0.00850	0.00607	0.00810	0.00972	0.01012	0.00567	0.00648	0.00972	0.01336	0.01781	0.03846	0.75020	0.04615	0.02186	0.00891	0.00283	0.00405	0.01984	0.00648	0.00567
69	0.00857	0.00610	0.00808	0.00963	0.01002	0.00571	0.00639	0.00973	0.01323	0.01764	0.03781	0.72213	0.04533	0.05107	0.00997	0.00299	0.00416	0.01945	0.00639	0.00561
70	0.01866	0.75896	0.03657	0.01194	0.01791	0.02761	0.01194	0.02090	0.01418	0.01642	0.00970	0.01119	0.00896	0.00597	0.00448	0.00149	0.00746	0.00373	0.00299	0.00896
71	0.01760	0.01721	0.02800	0.04189	0.68516	0.04342	0.02112	0.02166	0.01604	0.02258	0.01304	0.01709	0.01098	0.00625	0.00689	0.00206	0.00845	0.00615	0.00346	0.01094
72	0.00859	0.00618	0.00817	0.00973	0.01024	0.00576	0.00660	0.00989	0.01355	0.01796	0.03961	0.70186	0.07057	0.02162	0.00891	0.00283	0.00411	0.04167	0.00648	0.00570
73	0.01949	0.67694	0.03467	0.01262	0.01832	0.10663	0.01211	0.02168	0.01481	0.01649	0.00982	0.01135	0.00896	0.00611	0.00468	0.00153	0.00804	0.00382	0.00305	0.00886
74	0.08491	0.00860	0.01046	0.01000	0.01074	0.00986	0.00706	0.01253	0.01066	0.01630	0.01843	0.03394	0.01965	0.40806	0.21645	0.00708	0.09746	0.00836	0.00397	0.00548
75	0.00832	0.00707	0.00717	0.00715	0.00947	0.00592	0.00536	0.01016	0.01608	0.01926	0.09926	0.06648	0.67957	0.01752	0.00825	0.00235	0.00352	0.01463	0.00653	0.00592
76	0.03131	0.01188	0.01619	0.01242	0.01781	0.01026	0.01026	0.03401	0.01997	0.71606	0.02753	0.02375	0.01727	0.00864	0.00702	0.00216	0.00594	0.00702	0.00864	0.01188
77	0.01588	0.01619	0.03060	0.22855	0.30413	0.01664	0.24306	0.02075	0.01555	0.02129	0.01326	0.01816	0.01042	0.00631	0.00737	0.00224	0.00973	0.00689	0.00338	0.00960
78	0.01812	0.01655	0.02568	0.05910	0.52715	0.01718	0.01915	0.09332	0.10619	0.02569	0.01547	0.01840	0.01241	0.00689	0.00694	0.00212	0.00790	0.00644	0.00429	0.01103
79	0.00843	0.00684	0.00748	0.00781	0.00966	0.00589	0.00567	0.01019	0.01561	0.01930	0.11158	0.22489	0.50554	0.01839	0.00840	0.00246	0.00364	0.01576	0.00657	0.00589
80	0.01347	0.01270	0.02145	0.68920	0.09460	0.01558	0.01952	0.01808	0.01409	0.01818	0.01245	0.01851	0.00943	0.00692	0.00697	0.00231	0.00923	0.00620	0.00313	0.00798
81	0.01659	0.01589	0.02710	0.15835	0.60102	0.01640	0.02108	0.02082	0.01557	0.02197	0.01301	0.01749	0.01076	0.00634	0.00692	0.00211	0.00846	0.00621	0.00340	0.01050
82	0.02590	0.06097	0.02094	0.01703	0.02143	0.44645	0.01334	0.26059	0.02413	0.02655	0.01284	0.01399	0.01000	0.00755	0.00645	0.00189	0.01062	0.00509	0.00476	0.00946
83	0.01815	0.03943	0.04942	0.11852	0.12199	0.04627	0.06263	0.16463	0.01762	0.02411	0.01247	0.01655	0.01022	0.00926	0.01239	0.03244	0.22457	0.00615	0.00402	0.00916
84	0.04870	0.04668	0.07666	0.07484	0.23218	0.01603	0.10036	0.09815	0.01840	0.19419	0.01682	0.01845	0.01211	0.00709	0.00691	0.00214	0.00817	0.00641	0.00507	0.01065
85	0.01512	0.01238	0.01454	0.01042	0.01659	0.00934	0.00835	0.01820	0.01468	0.04942	0.01299	0.01483	0.01060	0.00530	0.00524	0.00108	0.00520	0.00425	0.00431	0.76719
86	0.01015	0.00677	0.00761	0.00761	0.00761	0.00677	0.00423	0.01015	0.01015	0.01353	0.02199	0.04567	0.02537	0.75476	0.03552	0.00677	0.00677	0.01015	0.00423	0.00423
87	0.80405	0.01350	0.01026	0.00918	0.01350	0.01565	0.00756	0.02051	0.01188	0.03131	0.00972	0.01134	0.00756	0.00648	0.00432	0.00216	0.00540	0.00378	0.00432	0.00756
88	0.67759	0.09013	0.01349	0.00999	0.01443	0.05980	0.00836	0.02100	0.01259	0.02894	0.00978	0.01140	0.00779	0.00647	0.00445	0.00207	0.00604	0.00382	0.00414	0.00773
89	0.00836	0.00710	0.00722	0.00728	0.00961	0.00597	0.00552	0.01018	0.01591	0.01892	0.06947	0.06758	0.68415	0.01773	0.00830	0.00239	0.00364	0.03830	0.00648	0.00591
90	0.01647	0.01882	0.04118	0.02941	0.03647	0.01765	0.68588	0.02235	0.01647	0.02235	0.01412	0.01882	0.01059	0.00588	0.00824	0.00235	0.01176	0.00824	0.00353	0.00941
91	0.00862	0.00655	0.00794	0.00872	0.00994	0.00587	0.00611	0.01031	0.01511	0.01962	0.14568	0.42723	0.26428	0.01940	0.00859	0.00259	0.00377	0.01713	0.00665	0.00587
92	0.00837	0.00707	0.00724	0.00720	0.00950	0.00594	0.00540	0.01025	0.01619	0.01953	0.11837	0.06603	0.66029	0.01742	0.00825	0.00234	0.00352	0.01457	0.00657	0.00594
93	0.00939	0.00645	0.00783	0.00858	0.00877	0.00626	0.00526	0.00995	0.01162	0.01550	0.02956	0.36960	0.03493	0.41779	0.02328	0.00496	0.00552	0.01460	0.00526	0.00489
94	0.01506	0.00849	0.00870	0.00796	0.01018	0.00880	0.00615	0.11836	0.01740	0.02875	0.02185	0.02461	0.01697	0.00817	0.00520	0.00170	0.00392	0.00647	0.67395	0.00732
95	0.80405	0.01350	0.01026	0.00918	0.01350	0.01565	0.00756	0.02051	0.01188	0.03131	0.00972	0.01134	0.00756	0.00648	0.00432	0.00216	0.00540	0.00378	0.00432	0.00756
96	0.01866	0.75896	0.03657	0.01194	0.01791	0.02761	0.01194	0.02090	0.01418	0.01642	0.00970	0.01119	0.00896	0.00597	0.00448	0.00149	0.00746	0.00373	0.00299	0.00896
97	0.01015	0.00677	0.00761	0.00761	0.00761	0.00677	0.00423	0.01015	0.01015	0.01353	0.02199	0.04567	0.02537	0.75476	0.03552	0.00677	0.00677	0.01015	0.00423	0.00423
98	0.01015	0.00677	0.00761	0.00761	0.00761	0.00677	0.00423	0.01015	0.01015	0.01353	0.02199	0.04567	0.02537	0.75476	0.03552	0.00677	0.00677	0.01015	0.00423	0.00423
99	0.01647	0.01882	0.04118	0.02941	0.03647	0.01765	0.68588	0.02235	0.01647	0.02235	0.01412	0.01882	0.01059	0.00588	0.00824	0.00235	0.01176	0.00824	0.00353	0.00941
100	0.00850	0.00607	0.00810	0.00972	0.01012	0.00567	0.00648	0.00972	0.01336	0.01781	0.03846	0.75020	0.04615	0.02186	0.00891	0.00283	0.00405	0.01984	0.00648	0.00567
101	0.01447	0.01240	0.01447	0.01034	0.01654	0.00930	0.00827	0.01757	0.01447	0.02274	0.01240	0.01447	0.01034	0.00517	0.00517	0.00103	0.00517	0.00413	0.00413	0.79742
102	0.01447	0.01240	0.01447	0.01034	0.01654	0.00930	0.00827	0.01757	0.01447	0.02274	0.01240	0.01447	0.01034	0.00517	0.00517	0.00103	0.00517	0.00413	0.00413	0.79742
103	0.00988	0.00713	0.00933	0.00878	0.01043	0.00658	0.00658	0.01317	0.01975	0.02798	0.70754	0.05213	0.06584	0.01427	0.00823	0.00219	0.00329	0.01262	0.00768	0.00658
104	0.02324	0.01995	0.01854	0.01543	0.02000	0.15057	0.01226	0.31799	0.22890	0.06058	0.04627	0.02040	0.01646	0.00872	0.00694	0.00213	0.00771	0.00671	0.00648	0.01071
105	0.01683	0.01613	0.02752	0.11837	0.63917	0.01646	0.02119	0.02103	0.01568	0.02226	0.01305	0.01742	0.01086	0.00630	0.00692	0.00210	0.00840	0.00622	0.00342	0.01069
106	0.06877	0.50105	0.02990	0.01316	0.01850	0.17896	0.01190	0.04350	0.01587	0.01861	0.01027	0.01181	0.00902	0.00631	0.00497	0.00160	0.00837	0.00400	0.00337	0.04004

[dist]
# distance from previous block
# <min> <max>
0	1

[block]
# block no. 4 follows, 30 sequences, length 168
# corresponding to MSA columns:
# 625-792
name=unknown_E
#
# <colnr> <probs for GDERKNQSTAVLIFYWHMCP>
#	G	D	E	R	K	N	Q	S	T	A	V	L	I	F	Y	W	H	M	C	P
0	0.06244	0.08907	0.10119	0.04637	0.02388	0.40622	0.05919	0.09249	0.01922	0.02142	0.01173	0.01372	0.00931	0.00702	0.00631	0.00193	0.01086	0.00497	0.00383	0.00884
1	0.02006	0.05773	0.02600	0.11086	0.04929	0.17547	0.19129	0.12731	0.04307	0.04569	0.03896	0.01803	0.01275	0.00719	0.00699	0.00206	0.00966	0.00646	0.00446	0.04668
2	0.01686	0.01740	0.10671	0.01871	0.06977	0.01333	0.17586	0.05470	0.01639	0.07159	0.01415	0.01650	0.01082	0.00599	0.00642	0.00170	0.00777	0.00570	0.00426	0.36537
3	0.01446	0.01218	0.01345	0.01226	0.01584	0.01279	0.00961	0.02618	0.38112	0.02515	0.03259	0.09046	0.10425	0.01181	0.00736	0.00229	0.00522	0.08329	0.00644	0.13326
4	0.01759	0.01783	0.02473	0.07091	0.50399	0.11952	0.01861	0.02132	0.01676	0.02225	0.08467	0.02026	0.01634	0.00723	0.00696	0.00206	0.00845	0.00663	0.00389	0.00999
5	0.01015	0.00677	0.00761	0.00761	0.00761	0.00677	0.00423	0.01015	0.01015	0.01353	0.02199	0.04567	0.02537	0.75476	0.03552	0.00677	0.00677	0.01015	0.00423	0.00423
6	0.03131	0.01188	0.01619	0.01242	0.01781	0.01026	0.01026	0.03401	0.01997	0.71606	0.02753	0.02375	0.01727	0.00864	0.00702	0.00216	0.00594	0.00702	0.00864	0.01188
7	0.01015	0.00677	0.00761	0.00761	0.00761	0.00677	0.00423	0.01015	0.01015	0.01353	0.02199	0.04567	0.02537	0.75476	0.03552	0.00677	0.00677	0.01015	0.00423	0.00423
8	0.01568	0.20395	0.35388	0.01926	0.02662	0.01987	0.12465	0.02113	0.01432	0.02006	0.01164	0.01460	0.00919	0.00711	0.00858	0.00217	0.10933	0.00543	0.00306	0.00948
9	0.02749	0.01801	0.01999	0.01532	0.02087	0.01935	0.01266	0.55663	0.03023	0.17895	0.01892	0.01816	0.01295	0.00843	0.00699	0.00211	0.00733	0.00643	0.00731	0.01187
10	0.04376	0.08408	0.14100	0.01978	0.15068	0.10725	0.01504	0.06140	0.01632	0.06904	0.01758	0.11498	0.01604	0.01443	0.09487	0.00324	0.00954	0.00754	0.00438	0.00904
11	0.02522	0.01263	0.01558	0.01241	0.01702	0.01211	0.01007	0.18777	0.02237	0.40015	0.08484	0.06743	0.07945	0.01051	0.00731	0.00220	0.00584	0.00864	0.00786	0.01060
12	0.01212	0.00606	0.00909	0.00909	0.00909	0.00606	0.00606	0.00909	0.00909	0.01212	0.01212	0.02121	0.01212	0.02424	0.02727	0.79697	0.00606	0.00606	0.00303	0.00303
13	0.01637	0.01591	0.02787	0.18364	0.52051	0.01645	0.07549	0.02076	0.01554	0.02175	0.01306	0.01767	0.01066	0.00635	0.00703	0.00215	0.00878	0.00638	0.00339	0.01024
14	0.01666	0.09819	0.30833	0.04424	0.07871	0.04344	0.10219	0.02529	0.14565	0.04648	0.01596	0.01760	0.01192	0.00708	0.00674	0.00216	0.00905	0.00607	0.00408	0.01015
15	0.44387	0.01301	0.01319	0.01081	0.01564	0.01354	0.00892	0.04978	0.01610	0.32671	0.01764	0.01687	0.01189	0.00747	0.00557	0.00216	0.00571	0.00526	0.00627	0.00957
16	0.00841	0.00708	0.00730	0.00724	0.00953	0.00596	0.00543	0.01034	0.01630	0.01978	0.13555	0.06563	0.64295	0.01733	0.00825	0.00234	0.00351	0.01451	0.00660	0.00596
17	0.01900	0.40710	0.05433	0.03712	0.11432	0.13031	0.05578	0.02252	0.04016	0.01845	0.01142	0.01368	0.00980	0.00657	0.00618	0.00180	0.03413	0.00480	0.00333	0.00918
18	0.01852	0.00998	0.01282	0.01148	0.01473	0.00942	0.00937	0.06654	0.04097	0.25590	0.17880	0.06778	0.09606	0.01353	0.00805	0.00245	0.00532	0.16205	0.00750	0.00872
19	0.01736	0.01499	0.01578	0.01420	0.01815	0.01736	0.01105	0.03708	0.69862	0.02919	0.02840	0.02604	0.02130	0.00947	0.00710	0.00237	0.00552	0.00789	0.00710	0.01105
20	0.00831	0.00707	0.00716	0.00714	0.00947	0.00592	0.00535	0.01014	0.01606	0.01921	0.09595	0.06656	0.68291	0.01754	0.00825	0.00235	0.00352	0.01464	0.00653	0.00592
21	0.01122	0.00788	0.01052	0.01155	0.01337	0.00760	0.00982	0.01414	0.01635	0.04263	0.08857	0.09092	0.14809	0.01841	0.00922	0.00296	0.00567	0.47798	0.00659	0.00650
22	0.00850	0.00607	0.00810	0.00972	0.01012	0.00567	0.00648	0.00972	0.01336	0.01781	0.03846	0.75020	0.04615	0.02186	0.00891	0.00283	0.00405	0.01984	0.00648	0.00567
23	0.01680	0.01928	0.07530	0.07713	0.09230	0.05321	0.38037	0.02492	0.14158	0.02304	0.01626	0.01942	0.01231	0.00676	0.00762	0.00229	0.01009	0.00747	0.00411	0.00973
24	0.01670	0.01600	0.02730	0.13931	0.61918	0.01643	0.02113	0.02092	0.01562	0.02211	0.01303	0.01746	0.01081	0.00632	0.00692	0.00211	0.00843	0.00622	0.00341	0.01060
25	0.00982	0.00713	0.00925	0.00872	0.01039	0.00656	0.00654	0.01305	0.01961	0.02765	0.68432	0.05267	0.08927	0.01439	0.00823	0.00220	0.00330	0.01270	0.00764	0.00656
26	0.01014	0.00679	0.00774	0.00774	0.00779	0.00684	0.00439	0.01023	0.01019	0.01363	0.02187	0.04500	0.02508	0.72923	0.06065	0.00693	0.00720	0.01005	0.00421	0.00430
27	0.01318	0.01240	0.02093	0.73798	0.04806	0.01550	0.01938	0.01783	0.01395	0.01783	0.01240	0.01860	0.00930	0.00698	0.00698	0.00233	0.00930	0.00620	0.00310	0.00775
28	0.01647	0.01882	0.04118	0.02941	0.03647	0.01765	0.68588	0.02235	0.01647	0.02235	0.01412	0.01882	0.01059	0.00588	0.00824	0.00235	0.01176	0.00824	0.00353	0.00941
29	0.01606	0.01801	0.03863	0.11866	0.03793	0.01738	0.60194	0.02178	0.01615	0.02178	0.01390	0.01880	0.01043	0.00602	0.00808	0.00235	0.01145	0.00798	0.00348	0.00920
30	0.77631	0.01371	0.01064	0.00942	0.01379	0.01587	0.00776	0.04433	0.01262	0.03176	0.00997	0.01153	0.00771	0.00655	0.00441	0.00216	0.00548	0.00387	0.00441	0.00771
31	0.01866	0.75896	0.03657	0.01194	0.01791	0.02761	0.01194	0.02090	0.01418	0.01642	0.00970	0.01119	0.00896	0.00597	0.00448	0.00149	0.00746	0.00373	0.00299	0.00896
32	0.04687	0.01555	0.01610	0.01391	0.01728	0.08509	0.01101	0.12810	0.21652	0.09898	0.10906	0.05453	0.04477	0.01058	0.00908	0.00232	0.09628	0.00814	0.00633	0.00949
33	0.01602	0.01824	0.14029	0.13245	0.39143	0.01537	0.01982	0.02144	0.04794	0.04707	0.04052	0.04888	0.01457	0.00757	0.00701	0.00218	0.00820	0.00694	0.00395	0.01011
34	0.01015	0.00677	0.00761	0.00761	0.00761	0.00677	0.00423	0.01015	0.01015	0.01353	0.02199	0.04567	0.02537	0.75476	0.03552	0.00677	0.00677	0.01015	0.00423	0.00423
35	0.00862	0.00708	0.00758	0.00746	0.00965	0.00605	0.00559	0.01073	0.01678	0.02093	0.21592	0.06373	0.56187	0.01690	0.00824	0.00232	0.00348	0.01425	0.00675	0.00605
36	0.01651	0.19593	0.32170	0.06668	0.07681	0.07139	0.08943	0.02247	0.03867	0.02047	0.01250	0.01501	0.00968	0.00653	0.00634	0.00203	0.00961	0.00534	0.00325	0.00966
37	0.01124	0.00803	0.01124	0.01285	0.01446	0.00803	0.01124	0.01446	0.01606	0.02088	0.03695	0.07871	0.04016	0.01928	0.00964	0.00321	0.00643	0.66426	0.00643	0.00643
38	0.00850	0.00607	0.00810	0.00972	0.01012	0.00567	0.00648	0.00972	0.01336	0.01781	0.03846	0.75020	0.04615	0.02186	0.00891	0.00283	0.00405	0.01984	0.00648	0.00567
39	0.02607	0.03326	0.01978	0.01798	0.02157	0.72674	0.01348	0.02787	0.01978	0.01708	0.01079	0.01258	0.00899	0.00719	0.00629	0.00180	0.01258	0.00449	0.00360	0.00809
40	0.01675	0.12640	0.20605	0.11542	0.21730	0.03939	0.06548	0.02164	0.01548	0.05594	0.01425	0.01912	0.01156	0.00713	0.00671	0.00213	0.00899	0.03688	0.00363	0.00977
41	0.01103	0.00788	0.01100	0.01261	0.01412	0.00785	0.01087	0.01409	0.01585	0.02064	0.03707	0.13145	0.04063	0.01948	0.00958	0.00318	0.00624	0.61365	0.00643	0.00637
42	0.01318	0.01240	0.02093	0.73798	0.04806	0.01550	0.01938	0.01783	0.01395	0.01783	0.01240	0.01860	0.00930	0.00698	0.00698	0.00233	0.00930	0.00620	0.00310	0.00775
43	0.00992	0.00730	0.00950	0.01066	0.01172	0.00720	0.00787	0.01324	0.06996	0.02027	0.09565	0.48806	0.04458	0.01965	0.00886	0.00282	0.00461	0.15516	0.00662	0.00634
44	0.80405	0.01350	0.01026	0.00918	0.01350	0.01565	0.00756	0.02051	0.01188	0.03131	0.00972	0.01134	0.00756	0.00648	0.00432	0.00216	0.00540	0.00378	0.00432	0.00756
45	0.01867	0.02098	0.04145	0.04886	0.26073	0.23025	0.08904	0.02324	0.06101	0.02152	0.07241	0.02144	0.04386	0.00784	0.00704	0.00207	0.00927	0.00686	0.00418	0.00928
46	0.00832	0.00702	0.00720	0.00726	0.00950	0.00591	0.00540	0.01012	0.01593	0.01914	0.09239	0.09896	0.65360	0.01775	0.00828	0.00237	0.00355	0.01489	0.00652	0.00591
47	0.02146	0.45139	0.02981	0.01356	0.01928	0.02491	0.01238	0.26516	0.05568	0.02712	0.01322	0.01398	0.01064	0.00703	0.00552	0.00176	0.00744	0.00487	0.00465	0.01012
48	0.05840	0.19745	0.13746	0.01359	0.01950	0.06770	0.01303	0.08807	0.03962	0.06865	0.01479	0.01836	0.01224	0.04250	0.00724	0.00202	0.00755	0.02789	0.00440	0.15952
