[name]
unknown

[dist]
# distance from previous block
# <min> <max>
0	28

[block]
# block no. 0 follows, 34 sequences, length 28
# corresponding to MSA columns:
# 28-55
name=unknown_A
#
# <colnr> <probs for GDERKNQSTAVLIFYWHMCP>
#	G	D	E	R	K	N	Q	S	T	A	V	L	I	F	Y	W	H	M	C	P
0	0.01938	0.01761	0.01549	0.01432	0.03519	0.22503	0.01093	0.05784	0.27807	0.10785	0.05795	0.02588	0.01928	0.00910	0.00663	0.00207	0.00718	0.07562	0.00568	0.00891
1	0.06412	0.04623	0.00912	0.00898	0.00999	0.00702	0.00634	0.01054	0.01292	0.01824	0.10279	0.60420	0.04034	0.01779	0.00768	0.00246	0.00393	0.01590	0.00581	0.00561
2	0.01742	0.57770	0.14041	0.01269	0.01872	0.05549	0.01317	0.06727	0.01462	0.01779	0.00988	0.01128	0.00846	0.00582	0.00469	0.00153	0.00754	0.00385	0.00304	0.00863
3	0.02244	0.07150	0.09321	0.01488	0.02044	0.01970	0.01327	0.55839	0.06335	0.03620	0.01523	0.01542	0.01097	0.00749	0.00628	0.00192	0.00724	0.00563	0.00584	0.01062
4	0.01715	0.01345	0.01457	0.01276	0.01668	0.01496	0.00999	0.03290	0.60741	0.09562	0.02527	0.02322	0.01871	0.00844	0.00645	0.00209	0.00513	0.00700	0.00654	0.06166
5	0.01546	0.37483	0.26355	0.01354	0.01985	0.06479	0.01479	0.02014	0.05048	0.01797	0.01474	0.01592	0.05527	0.00671	0.00527	0.00172	0.00766	0.00485	0.02394	0.00852
6	0.02777	0.01275	0.06157	0.01209	0.01739	0.01032	0.01054	0.06086	0.01871	0.66039	0.02416	0.02117	0.01527	0.00787	0.00647	0.00200	0.00583	0.00636	0.00759	0.01090
7	0.00940	0.00626	0.00705	0.00705	0.00705	0.00626	0.00392	0.00940	0.00940	0.01253	0.02036	0.04228	0.02349	0.77292	0.03289	0.00626	0.00626	0.00940	0.00392	0.00392
8	0.01296	0.03342	0.73944	0.01842	0.02797	0.01501	0.02387	0.02046	0.01364	0.02046	0.01160	0.01364	0.00818	0.00614	0.00614	0.00205	0.00955	0.00477	0.00273	0.00955
9	0.81856	0.01250	0.00950	0.00850	0.01250	0.01449	0.00700	0.01899	0.01100	0.02899	0.00900	0.01050	0.00700	0.00600	0.00400	0.00200	0.00500	0.00350	0.00400	0.00700
10	0.01358	0.01165	0.01348	0.00982	0.01541	0.00913	0.00783	0.01751	0.06195	0.02146	0.01250	0.01413	0.01027	0.00506	0.00491	0.00104	0.00481	0.00407	0.00402	0.75737
11	0.01296	0.03342	0.73944	0.01842	0.02797	0.01501	0.02387	0.02046	0.01364	0.02046	0.01160	0.01364	0.00818	0.00614	0.00614	0.00205	0.00955	0.00477	0.00273	0.00955
12	0.01599	0.01535	0.02623	0.03966	0.73262	0.01535	0.01983	0.01983	0.01471	0.02111	0.01215	0.01599	0.01023	0.00576	0.00640	0.00192	0.00768	0.00576	0.00320	0.01023
13	0.00787	0.00562	0.00750	0.00900	0.00937	0.00525	0.00600	0.00900	0.01237	0.01649	0.03561	0.76871	0.04274	0.02024	0.00825	0.00262	0.00375	0.01837	0.00600	0.00525
14	0.00787	0.00562	0.00750	0.00900	0.00937	0.00525	0.00600	0.00900	0.01237	0.01649	0.03561	0.76871	0.04274	0.02024	0.00825	0.00262	0.00375	0.01837	0.00600	0.00525
15	0.01296	0.03342	0.73944	0.01842	0.02797	0.01501	0.02387	0.02046	0.01364	0.02046	0.01160	0.01364	0.00818	0.00614	0.00614	0.00205	0.00955	0.00477	0.00273	0.00955
16	0.00773	0.00655	0.00667	0.00664	0.00878	0.00549	0.00498	0.00945	0.01494	0.01796	0.10544	0.06134	0.68970	0.01617	0.00764	0.00217	0.00326	0.01352	0.00607	0.00549
17	0.01122	0.00561	0.00842	0.00842	0.00842	0.00561	0.00561	0.00842	0.00842	0.01122	0.01122	0.01964	0.01122	0.02245	0.02525	0.81201	0.00561	0.00561	0.00281	0.00281
18	0.00940	0.00626	0.00705	0.00705	0.00705	0.00626	0.00392	0.00940	0.00940	0.01253	0.02036	0.04228	0.02349	0.77292	0.03289	0.00626	0.00626	0.00940	0.00392	0.00392
19	0.00926	0.00679	0.00973	0.00973	0.01065	0.00772	0.00726	0.01112	0.01019	0.01451	0.01791	0.02871	0.01760	0.19116	0.60659	0.00957	0.01513	0.00741	0.00355	0.00540
20	0.03684	0.01174	0.01430	0.01178	0.06526	0.00931	0.00862	0.01773	0.01380	0.07478	0.01251	0.01414	0.01003	0.00513	0.00500	0.00113	0.00505	0.00415	0.00410	0.67459
21	0.01838	0.10650	0.04884	0.01851	0.09217	0.17863	0.06461	0.09993	0.12436	0.02127	0.01321	0.01525	0.01069	0.00765	0.00893	0.00204	0.15082	0.00547	0.00398	0.00876
22	0.01661	0.01351	0.05485	0.04349	0.28892	0.01234	0.01373	0.07045	0.04297	0.13108	0.14322	0.02447	0.04941	0.00807	0.00658	0.00193	0.00616	0.00712	0.00509	0.06002
23	0.03914	0.03799	0.08812	0.01904	0.11406	0.15232	0.08113	0.14297	0.14090	0.04232	0.01527	0.01659	0.01166	0.00709	0.00667	0.00196	0.02979	0.00574	0.03797	0.00926
24	0.04118	0.09276	0.09829	0.01511	0.08169	0.04489	0.01234	0.21544	0.03636	0.14546	0.01717	0.01766	0.02756	0.00721	0.00587	0.00182	0.00663	0.00560	0.08772	0.03922
25	0.00828	0.00655	0.00747	0.00744	0.00927	0.00574	0.00560	0.01042	0.01581	0.02036	0.28909	0.09865	0.43382	0.01557	0.00772	0.00219	0.00333	0.04061	0.00638	0.00568
26	0.01445	0.04048	0.01509	0.01142	0.04479	0.01074	0.00873	0.05365	0.07533	0.02236	0.01290	0.01442	0.01050	0.00535	0.00507	0.00117	0.00513	0.00429	0.00414	0.63999
27	0.06141	0.13724	0.07679	0.03374	0.04042	0.19377	0.04893	0.06449	0.09143	0.02026	0.02709	0.01487	0.01092	0.00741	0.00811	0.00196	0.12379	0.00515	0.00377	0.02846

[dist]
# distance from previous block
# <min> <max>
1	7

[block]
# block no. 1 follows, 34 sequences, length 74
# corresponding to MSA columns:
# 63-136
name=unknown_B
#
# <colnr> <probs for GDERKNQSTAVLIFYWHMCP>
#	G	D	E	R	K	N	Q	S	T	A	V	L	I	F	Y	W	H	M	C	P
0	0.04451	0.01410	0.02312	0.13361	0.53855	0.01460	0.01788	0.03947	0.01464	0.02103	0.01374	0.07023	0.01226	0.00697	0.00645	0.00201	0.00741	0.00658	0.00348	0.00936
1	0.09493	0.01477	0.01528	0.01312	0.01717	0.01688	0.01042	0.19667	0.48585	0.03053	0.02203	0.02072	0.01639	0.00826	0.00630	0.00211	0.00559	0.00658	0.00630	0.01010
2	0.00787	0.00562	0.00750	0.00900	0.00937	0.00525	0.00600	0.00900	0.01237	0.01649	0.03561	0.76871	0.04274	0.02024	0.00825	0.00262	0.00375	0.01837	0.00600	0.00525
3	0.01181	0.01095	0.01829	0.68879	0.04128	0.01352	0.01685	0.01582	0.01287	0.01651	0.01370	0.08611	0.01174	0.00772	0.00662	0.00220	0.00817	0.00690	0.00316	0.00700
4	0.02207	0.27463	0.02416	0.01375	0.01887	0.08943	0.01189	0.41461	0.02345	0.02982	0.01280	0.01342	0.00983	0.00690	0.00562	0.00173	0.00746	0.00487	0.00493	0.00976
5	0.00869	0.00672	0.00708	0.00694	0.00915	0.00567	0.00522	0.01043	0.01504	0.04999	0.10332	0.08248	0.63494	0.01592	0.00760	0.00218	0.00337	0.01335	0.00616	0.00573
6	0.12109	0.10470	0.15907	0.01284	0.01867	0.03217	0.02853	0.11130	0.01649	0.13274	0.04577	0.01593	0.01227	0.00661	0.00558	0.00173	0.00663	0.00504	0.00461	0.15824
7	0.00945	0.00698	0.00929	0.00949	0.01043	0.00717	0.00712	0.01149	0.01407	0.01945	0.27006	0.19148	0.04101	0.12911	0.07471	0.00367	0.05160	0.12213	0.00567	0.00562
8	0.01800	0.21749	0.29544	0.01631	0.03986	0.05974	0.05626	0.11074	0.01654	0.09284	0.01282	0.01404	0.00950	0.00636	0.00578	0.00184	0.00831	0.00490	0.00382	0.00941
9	0.01543	0.13221	0.04631	0.07468	0.31364	0.04356	0.05119	0.02135	0.13103	0.02033	0.01826	0.02016	0.07001	0.00716	0.00622	0.00193	0.00721	0.00631	0.00389	0.00913
10	0.01122	0.00561	0.00842	0.00842	0.00842	0.00561	0.00561	0.00842	0.00842	0.01122	0.01122	0.01964	0.01122	0.02245	0.02525	0.81201	0.00561	0.00561	0.00281	0.00281
11	0.01065	0.00870	0.03184	0.01043	0.05476	0.00788	0.00758	0.03866	0.05766	0.02449	0.42253	0.04266	0.15674	0.01206	0.00711	0.00201	0.00382	0.01043	0.08324	0.00675
12	0.01701	0.10475	0.36381	0.05248	0.02473	0.06138	0.03520	0.16696	0.01735	0.04087	0.01227	0.01407	0.00906	0.00675	0.00680	0.00198	0.04643	0.00502	0.00371	0.00937
13	0.00823	0.00648	0.00753	0.00815	0.00974	0.00578	0.00619	0.01003	0.01429	0.01781	0.07268	0.23624	0.41847	0.01748	0.00801	0.00243	0.00386	0.13507	0.00602	0.00551
14	0.00787	0.00562	0.00750	0.00900	0.00937	0.00525	0.00600	0.00900	0.01237	0.01649	0.03561	0.76871	0.04274	0.02024	0.00825	0.00262	0.00375	0.01837	0.00600	0.00525
15	0.01650	0.04588	0.09729	0.03265	0.47859	0.09201	0.10318	0.02060	0.01499	0.02024	0.01187	0.01529	0.00971	0.00584	0.00638	0.00192	0.00864	0.00564	0.00316	0.00963
16	0.00787	0.00562	0.00750	0.00900	0.00937	0.00525	0.00600	0.00900	0.01237	0.01649	0.03561	0.76871	0.04274	0.02024	0.00825	0.00262	0.00375	0.01837	0.00600	0.00525
17	0.00992	0.00679	0.00893	0.00839	0.01004	0.00627	0.00637	0.01294	0.01818	0.05169	0.67892	0.04817	0.05848	0.01318	0.00763	0.00206	0.00324	0.03542	0.00710	0.00627
18	0.01662	0.01671	0.02616	0.03718	0.64031	0.07504	0.05298	0.02036	0.01503	0.02066	0.01202	0.01571	0.01006	0.00582	0.00641	0.00191	0.00816	0.00572	0.00321	0.00994
19	0.01204	0.00602	0.00602	0.00602	0.00753	0.00602	0.00452	0.01506	0.01355	0.02409	0.02108	0.02409	0.01656	0.00753	0.00452	0.00151	0.00301	0.00602	0.80879	0.00602
20	0.01351	0.04966	0.59365	0.02026	0.05341	0.01549	0.12343	0.02045	0.01390	0.02038	0.01176	0.01419	0.00850	0.00601	0.00631	0.00204	0.00961	0.00519	0.00282	0.00942
21	0.00882	0.00659	0.00818	0.00778	0.00945	0.00596	0.00584	0.01156	0.01751	0.02406	0.58421	0.05131	0.20711	0.01390	0.00762	0.00206	0.00310	0.01211	0.00687	0.00596
22	0.00787	0.00562	0.00750	0.00900	0.00937	0.00525	0.00600	0.00900	0.01237	0.01649	0.03561	0.76871	0.04274	0.02024	0.00825	0.00262	0.00375	0.01837	0.00600	0.00525
23	0.02456	0.01810	0.01939	0.01487	0.02004	0.02004	0.01228	0.71107	0.03038	0.04072	0.01551	0.01551	0.01099	0.00776	0.00646	0.00194	0.00711	0.00582	0.00646	0.01099
24	0.01059	0.00825	0.00948	0.00943	0.01158	0.00809	0.00755	0.06088	0.08019	0.02085	0.09827	0.05651	0.32327	0.05616	0.00920	0.00261	0.00463	0.21002	0.00604	0.00638
25	0.01535	0.01481	0.02364	0.09138	0.58662	0.04178	0.01799	0.01884	0.01438	0.01992	0.01413	0.01892	0.03251	0.05299	0.00803	0.00220	0.00768	0.00616	0.00331	0.00937
26	0.01956	0.01653	0.02380	0.08567	0.27134	0.01754	0.09103	0.33883	0.02186	0.02974	0.01375	0.01603	0.01040	0.00670	0.00657	0.00198	0.00784	0.00599	0.00469	0.01017
27	0.01639	0.01404	0.01479	0.01321	0.01692	0.01622	0.01030	0.05964	0.69512	0.02754	0.02590	0.02379	0.01940	0.00873	0.00657	0.00218	0.00519	0.00725	0.00657	0.01026
28	0.03693	0.16326	0.11911	0.01886	0.16477	0.06086	0.03154	0.09221	0.01644	0.12965	0.01357	0.01482	0.01026	0.00625	0.00572	0.00174	0.00734	0.00499	0.00421	0.09747
29	0.01471	0.08272	0.15402	0.02415	0.26809	0.01530	0.08986	0.03991	0.03288	0.02104	0.04758	0.03835	0.01406	0.00742	0.00736	0.00202	0.05899	0.02281	0.04981	0.00892
30	0.00960	0.00695	0.00942	0.01079	0.01208	0.00677	0.00894	0.01204	0.01429	0.01853	0.03712	0.23170	0.09577	0.01828	0.00866	0.00283	0.00522	0.47930	0.00596	0.00575
31	0.01718	0.60413	0.02955	0.01166	0.01641	0.10146	0.01094	0.01925	0.01370	0.01575	0.04155	0.01301	0.01102	0.00818	0.03999	0.00191	0.02919	0.00412	0.00305	0.00795
32	0.02724	0.01088	0.01438	0.01116	0.01584	0.00968	0.00917	0.06201	0.01860	0.63929	0.02462	0.02188	0.01581	0.00794	0.00632	0.00195	0.00535	0.00642	0.08091	0.01054
33	0.00931	0.00630	0.00737	0.00744	0.00756	0.00638	0.00439	0.00957	0.00962	0.01293	0.02076	0.07309	0.02368	0.67316	0.09711	0.00648	0.00716	0.00957	0.00397	0.00414
34	0.00787	0.00562	0.00750	0.00900	0.00937	0.00525	0.00600	0.00900	0.01237	0.01649	0.03561	0.76871	0.04274	0.02024	0.00825	0.00262	0.00375	0.01837	0.00600	0.00525
35	0.00787	0.00562	0.00750	0.00900	0.00937	0.00525	0.00600	0.00900	0.01237	0.01649	0.03561	0.76871	0.04274	0.02024	0.00825	0.00262	0.00375	0.01837	0.00600	0.00525
36	0.02456	0.01810	0.01939	0.01487	0.02004	0.02004	0.01228	0.71107	0.03038	0.04072	0.01551	0.01551	0.01099	0.00776	0.00646	0.00194	0.00711	0.00582	0.00646	0.01099
37	0.01296	0.03342	0.73944	0.01842	0.02797	0.01501	0.02387	0.02046	0.01364	0.02046	0.01160	0.01364	0.00818	0.00614	0.00614	0.00205	0.00955	0.00477	0.00273	0.00955
38	0.02456	0.01810	0.01939	0.01487	0.02004	0.02004	0.01228	0.71107	0.03038	0.04072	0.01551	0.01551	0.01099	0.00776	0.00646	0.00194	0.00711	0.00582	0.00646	0.01099
39	0.02456	0.01810	0.01939	0.01487	0.02004	0.02004	0.01228	0.71107	0.03038	0.04072	0.01551	0.01551	0.01099	0.00776	0.00646	0.00194	0.00711	0.00582	0.00646	0.01099
40	0.00884	0.00629	0.00849	0.00991	0.01065	0.00607	0.00743	0.01055	0.01309	0.01727	0.03430	0.48591	0.03975	0.06008	0.00982	0.00294	0.00466	0.25265	0.00587	0.00542
41	0.00940	0.00626	0.00705	0.00705	0.00705	0.00626	0.00392	0.00940	0.00940	0.01253	0.02036	0.04228	0.02349	0.77292	0.03289	0.00626	0.00626	0.00940	0.00392	0.00392
42	0.00898	0.00660	0.00841	0.00796	0.00955	0.00603	0.00597	0.01187	0.01790	0.02499	0.65675	0.04978	0.13400	0.01355	0.00762	0.00205	0.00307	0.01190	0.00699	0.00603
43	0.00938	0.00658	0.00866	0.00866	0.00927	0.00715	0.00598	0.01059	0.00998	0.01402	0.01887	0.03353	0.01971	0.39789	0.38375	0.00818	0.01162	0.00810	0.02320	0.00488
44	0.01684	0.69840	0.08126	0.01150	0.01731	0.02423	0.01181	0.01931	0.01317	0.01577	0.00925	0.01070	0.00833	0.00554	0.00431	0.00141	0.00701	0.00356	0.00280	0.03747
45	0.01387	0.01375	0.01928	0.01661	0.01667	0.01916	0.01381	0.01533	0.00992	0.01552	0.00896	0.01474	0.00890	0.01332	0.06045	0.00324	0.72090	0.00572	0.00286	0.00700
46	0.01530	0.01465	0.02498	0.17059	0.60709	0.01517	0.01949	0.01922	0.01439	0.02027	0.01203	0.01622	0.00994	0.00589	0.00641	0.00196	0.00785	0.00575	0.00314	0.00968
47	0.00796	0.00604	0.00736	0.00826	0.00932	0.00544	0.00581	0.00942	0.01354	0.01742	0.08271	0.47590	0.26598	0.01852	0.00804	0.00246	0.00364	0.04074	0.00606	0.00539
48	0.01478	0.01255	0.01352	0.01245	0.01572	0.01425	0.00977	0.03005	0.58534	0.02582	0.06685	0.03165	0.05701	0.01019	0.00690	0.00225	0.00499	0.06998	0.00652	0.00939
49	0.00807	0.00577	0.00773	0.00923	0.00969	0.00542	0.00635	0.00934	0.01257	0.01672	0.03550	0.71393	0.04230	0.02005	0.00830	0.00265	0.00392	0.07117	0.00599	0.00530
50	0.01599	0.01535	0.02623	0.03966	0.73262	0.01535	0.01983	0.01983	0.01471	0.02111	0.01215	0.01599	0.01023	0.00576	0.00640	0.00192	0.00768	0.00576	0.00320	0.01023
51	0.01607	0.01388	0.01461	0.01315	0.01680	0.01607	0.01023	0.03433	0.72094	0.02703	0.02630	0.02411	0.01972	0.00877	0.00657	0.00219	0.00511	0.00731	0.00657	0.01023
52	0.01204	0.00602	0.00602	0.00602	0.00753	0.00602	0.00452	0.01506	0.01355	0.02409	0.02108	0.02409	0.01656	0.00753	0.00452	0.00151	0.00301	0.00602	0.80879	0.00602
53	0.81856	0.01250	0.00950	0.00850	0.01250	0.01449	0.00700	0.01899	0.01100	0.02899	0.00900	0.01050	0.00700	0.00600	0.00400	0.00200	0.00500	0.00350	0.00400	0.00700
54	0.01607	0.01388	0.01461	0.01315	0.01680	0.01607	0.01023	0.03433	0.72094	0.02703	0.02630	0.02411	0.01972	0.00877	0.00657	0.00219	0.00511	0.00731	0.00657	0.01023
55	0.01607	0.01388	0.01461	0.01315	0.01680	0.01607	0.01023	0.03433	0.72094	0.02703	0.02630	0.02411	0.01972	0.00877	0.00657	0.00219	0.00511	0.00731	0.00657	0.01023
56	0.01568	0.01349	0.01428	0.01295	0.01645	0.01556	0.01003	0.03314	0.68755	0.02653	0.02674	0.05919	0.02081	0.00931	0.00665	0.00221	0.00505	0.00783	0.00655	0.00999
57	0.01607	0.01388	0.01461	0.01315	0.01680	0.01607	0.01023	0.03433	0.72094	0.02703	0.02630	0.02411	0.01972	0.00877	0.00657	0.00219	0.00511	0.00731	0.00657	0.01023
58	0.00787	0.00562	0.00750	0.00900	0.00937	0.00525	0.00600	0.00900	0.01237	0.01649	0.03561	0.76871	0.04274	0.02024	0.00825	0.00262	0.00375	0.01837	0.00600	0.00525
59	0.00967	0.00668	0.00790	0.00821	0.00863	0.00665	0.00515	0.04802	0.01167	0.01557	0.02579	0.31202	0.02998	0.44962	0.02223	0.00467	0.00537	0.01255	0.00483	0.00480
60	0.01204	0.00602	0.00602	0.00602	0.00753	0.00602	0.00452	0.01506	0.01355	0.02409	0.02108	0.02409	0.01656	0.00753	0.00452	0.00151	0.00301	0.00602	0.80879	0.00602
61	0.00787	0.00562	0.00750	0.00900	0.00937	0.00525	0.00600	0.00900	0.01237	0.01649	0.03561	0.76871	0.04274	0.02024	0.00825	0.00262	0.00375	0.01837	0.00600	0.00525
62	0.01431	0.03992	0.35309	0.01652	0.02410	0.01319	0.12398	0.01968	0.01403	0.05435	0.01239	0.01447	0.00924	0.00568	0.00592	0.00171	0.00801	0.00497	0.00341	0.26104
63	0.05761	0.01825	0.21104	0.19503	0.26811	0.01410	0.01843	0.01889	0.01373	0.04669	0.01342	0.05133	0.01104	0.00792	0.02567	0.00227	0.00823	0.00602	0.00336	0.00885
64	0.00791	0.00566	0.00754	0.00897	0.00938	0.00528	0.00600	0.00910	0.01257	0.01681	0.05854	0.74489	0.04334	0.02001	0.00823	0.00260	0.00373	0.01815	0.00603	0.00528
65	0.00920	0.00618	0.00711	0.00730	0.00735	0.00613	0.00419	0.00934	0.00979	0.01305	0.02237	0.13817	0.02603	0.67357	0.02963	0.00578	0.00593	0.01058	0.00419	0.00409
66	0.01657	0.15764	0.22687	0.11963	0.10168	0.07535	0.07987	0.04317	0.01487	0.06871	0.01219	0.01462	0.00928	0.00632	0.00637	0.00192	0.02748	0.00516	0.00339	0.00892
67	0.01075	0.00851	0.01087	0.01024	0.01248	0.00832	0.04723	0.01583	0.14356	0.04380	0.13447	0.21251	0.24072	0.01465	0.00763	0.00231	0.00438	0.05882	0.00616	0.00676
68	0.00852	0.00650	0.00783	0.00767	0.00932	0.00580	0.00569	0.01092	0.01655	0.02221	0.44255	0.11796	0.28519	0.01491	0.00768	0.00214	0.00319	0.01295	0.00664	0.00580
69	0.01535	0.04403	0.22478	0.10687	0.17970	0.07869	0.06997	0.05112	0.05658	0.02029	0.01300	0.01685	0.01046	0.04792	0.00829	0.00225	0.03588	0.00570	0.00340	0.00886
70	0.04522	0.11731	0.15282	0.05774	0.06160	0.10169	0.13747	0.04178	0.03162	0.04180	0.05228	0.04414	0.03123	0.00772	0.00675	0.00200	0.02771	0.02692	0.00386	0.00832
71	0.01318	0.07777	0.34569	0.04240	0.06250	0.01477	0.11483	0.01831	0.01381	0.01985	0.06549	0.06929	0.01503	0.00793	0.00764	0.00210	0.06847	0.00671	0.02578	0.00845
72	0.00793	0.00571	0.00742	0.00876	0.00923	0.00531	0.00584	0.00903	0.01238	0.01638	0.03673	0.69379	0.08328	0.05353	0.00931	0.00276	0.00383	0.01768	0.00591	0.00520
73	0.36352	0.05612	0.10051	0.01514	0.06817	0.07610	0.06383	0.14336	0.01604	0.02717	0.01106	0.01274	0.00845	0.00630	0.00528	0.00194	0.00716	0.00458	0.00407	0.00846

[dist]
# distance from previous block
# <min> <max>
5	12

[block]
# block no. 2 follows, 34 sequences, length 52
# corresponding to MSA columns:
# 150-201
name=unknown_C
#
# <colnr> <probs for GDERKNQSTAVLIFYWHMCP>
#	G	D	E	R	K	N	Q	S	T	A	V	L	I	F	Y	W	H	M	C	P
0	0.15868	0.06368	0.22908	0.01731	0.09030	0.10986	0.05030	0.07650	0.04675	0.02312	0.03713	0.04416	0.01215	0.00711	0.00589	0.00197	0.00791	0.00560	0.00385	0.00865
1	0.41712	0.09827	0.04521	0.01227	0.06215	0.07547	0.00963	0.03681	0.01328	0.02414	0.04761	0.04400	0.05273	0.00766	0.00555	0.00196	0.02927	0.00539	0.00406	0.00742
2	0.01477	0.01396	0.02346	0.06238	0.61131	0.01399	0.01789	0.01829	0.01444	0.02037	0.01649	0.08553	0.04355	0.00753	0.00662	0.00200	0.00717	0.00722	0.00356	0.00947
3	0.01077	0.00924	0.01031	0.01029	0.01151	0.08426	0.00771	0.01264	0.01202	0.01573	0.06001	0.06861	0.04308	0.15590	0.40462	0.00722	0.01228	0.05408	0.00409	0.00564
4	0.01788	0.01910	0.08532	0.04657	0.08749	0.15639	0.01409	0.13227	0.04443	0.04058	0.01270	0.01678	0.01074	0.06349	0.01235	0.00248	0.21942	0.00569	0.00391	0.00833
5	0.01340	0.01148	0.01340	0.00957	0.01531	0.00861	0.00766	0.01627	0.01340	0.02105	0.01148	0.01340	0.00957	0.00479	0.00479	0.00096	0.00479	0.00383	0.00383	0.81242
6	0.00944	0.00699	0.00980	0.00970	0.01050	0.00798	0.00715	0.01109	0.01010	0.01435	0.01784	0.02959	0.01789	0.24393	0.52871	0.00901	0.03952	0.00755	0.00356	0.00531
7	0.01599	0.01535	0.02623	0.03966	0.73262	0.01535	0.01983	0.01983	0.01471	0.02111	0.01215	0.01599	0.01023	0.00576	0.00640	0.00192	0.00768	0.00576	0.00320	0.01023
8	0.00914	0.00660	0.00864	0.00813	0.00965	0.00610	0.00610	0.01219	0.01829	0.02591	0.72921	0.04827	0.06097	0.01321	0.00762	0.00203	0.00305	0.01169	0.00711	0.00610
9	0.00940	0.00626	0.00705	0.00705	0.00705	0.00626	0.00392	0.00940	0.00940	0.01253	0.02036	0.04228	0.02349	0.77292	0.03289	0.00626	0.00626	0.00940	0.00392	0.00392
10	0.00923	0.00692	0.01038	0.01038	0.01154	0.00808	0.00808	0.01154	0.01038	0.01500	0.01731	0.02538	0.01615	0.04846	0.74732	0.01038	0.01731	0.00692	0.00346	0.00577
11	0.02456	0.01810	0.01939	0.01487	0.02004	0.02004	0.01228	0.71107	0.03038	0.04072	0.01551	0.01551	0.01099	0.00776	0.00646	0.00194	0.00711	0.00582	0.00646	0.01099
12	0.01220	0.01148	0.01938	0.75739	0.04450	0.01436	0.01794	0.01651	0.01292	0.01651	0.01148	0.01723	0.00861	0.00646	0.00646	0.00215	0.00861	0.00574	0.00287	0.00718
13	0.01220	0.01148	0.01938	0.75739	0.04450	0.01436	0.01794	0.01651	0.01292	0.01651	0.01148	0.01723	0.00861	0.00646	0.00646	0.00215	0.00861	0.00574	0.00287	0.00718
14	0.01667	0.00865	0.00949	0.00824	0.01086	0.00870	0.00649	0.12272	0.01689	0.14172	0.02095	0.02246	0.01563	0.00764	0.00513	0.00165	0.00403	0.00607	0.55845	0.00757
15	0.00940	0.00626	0.00705	0.00705	0.00705	0.00626	0.00392	0.00940	0.00940	0.01253	0.02036	0.04228	0.02349	0.77292	0.03289	0.00626	0.00626	0.00940	0.00392	0.00392
16	0.00988	0.00710	0.00978	0.01121	0.01254	0.00700	0.00946	0.01250	0.01446	0.01879	0.03569	0.18705	0.06584	0.01818	0.00876	0.00289	0.00548	0.55161	0.00596	0.00581
17	0.00940	0.00626	0.00705	0.00705	0.00705	0.00626	0.00392	0.00940	0.00940	0.01253	0.02036	0.04228	0.02349	0.77292	0.03289	0.00626	0.00626	0.00940	0.00392	0.00392
18	0.01340	0.01148	0.01340	0.00957	0.01531	0.00861	0.00766	0.01627	0.01340	0.02105	0.01148	0.01340	0.00957	0.00479	0.00479	0.00096	0.00479	0.00383	0.00383	0.81242
19	0.01640	0.07787	0.05850	0.01546	0.09620	0.01329	0.04392	0.15249	0.01711	0.09356	0.02035	0.17807	0.01895	0.01022	0.00717	0.00207	0.03997	0.02660	0.10347	0.00835
20	0.01680	0.01657	0.02446	0.10791	0.56218	0.08556	0.01858	0.05257	0.01561	0.02106	0.01204	0.01568	0.00993	0.00601	0.00635	0.00192	0.00812	0.00561	0.00333	0.00970
21	0.01525	0.01743	0.03813	0.02723	0.03377	0.01634	0.70915	0.02070	0.01525	0.02070	0.01307	0.01743	0.00980	0.00545	0.00763	0.00218	0.01089	0.00763	0.00327	0.00871
22	0.01571	0.01280	0.02086	0.31338	0.12958	0.01412	0.09285	0.06492	0.01511	0.10738	0.01688	0.05300	0.04209	0.00792	0.00782	0.00216	0.06404	0.00695	0.00410	0.00833
23	0.13001	0.01575	0.01680	0.01313	0.01793	0.01705	0.01076	0.47293	0.04373	0.10293	0.01551	0.01573	0.01110	0.00796	0.00674	0.03178	0.00644	0.00550	0.00601	0.05220
24	0.00777	0.00655	0.00673	0.00668	0.00881	0.00551	0.00501	0.00953	0.01504	0.01820	0.12365	0.06096	0.67134	0.01609	0.00764	0.00217	0.00325	0.01347	0.00610	0.00551
25	0.01414	0.01414	0.01979	0.01696	0.01696	0.01979	0.01414	0.01555	0.00990	0.01555	0.00848	0.01414	0.00848	0.01131	0.02120	0.00283	0.76110	0.00565	0.00283	0.00707
26	0.01452	0.01447	0.02645	0.28469	0.34350	0.01522	0.16873	0.01887	0.01421	0.01943	0.01212	0.01673	0.00958	0.00593	0.00669	0.00206	0.00870	0.00616	0.00310	0.00885
27	0.02315	0.02625	0.01922	0.04328	0.07952	0.51181	0.01323	0.16647	0.02032	0.02142	0.01136	0.01300	0.00904	0.00680	0.00603	0.00176	0.01028	0.00469	0.00395	0.00843
28	0.01122	0.00561	0.00842	0.00842	0.00842	0.00561	0.00561	0.00842	0.00842	0.01122	0.01122	0.01964	0.01122	0.02245	0.02525	0.81201	0.00561	0.00561	0.00281	0.00281
29	0.06582	0.12587	0.01955	0.01344	0.01814	0.13301	0.01115	0.32048	0.04221	0.14456	0.01544	0.01543	0.01118	0.00724	0.00586	0.00183	0.00726	0.00526	0.02660	0.00969
30	0.01928	0.54057	0.06269	0.01244	0.01778	0.12919	0.01181	0.05481	0.01514	0.06890	0.01076	0.01180	0.00898	0.00601	0.00477	0.00153	0.00764	0.00395	0.00340	0.00856
31	0.01296	0.03342	0.73944	0.01842	0.02797	0.01501	0.02387	0.02046	0.01364	0.02046	0.01160	0.01364	0.00818	0.00614	0.00614	0.00205	0.00955	0.00477	0.00273	0.00955
32	0.00978	0.00738	0.00880	0.00830	0.01018	0.00709	0.00627	0.01427	0.09612	0.02439	0.49500	0.04698	0.17741	0.01303	0.00736	0.00205	0.00332	0.01129	0.04454	0.00644
33	0.01822	0.35146	0.15409	0.01591	0.04921	0.13356	0.07118	0.02155	0.01460	0.07549	0.01139	0.01301	0.00911	0.00619	0.00584	0.00172	0.03091	0.00455	0.00333	0.00868
34	0.00935	0.00684	0.00997	0.00997	0.01105	0.00786	0.00763	0.01152	0.01043	0.01517	0.01768	0.02659	0.01671	0.10071	0.66540	0.00973	0.01593	0.00707	0.03475	0.00564
35	0.00787	0.00562	0.00750	0.00900	0.00937	0.00525	0.00600	0.00900	0.01237	0.01649	0.03561	0.76871	0.04274	0.02024	0.00825	0.00262	0.00375	0.01837	0.00600	0.00525
36	0.02232	0.18773	0.02195	0.01650	0.05130	0.56166	0.01251	0.02417	0.01705	0.01592	0.00987	0.01158	0.00840	0.00638	0.00550	0.00162	0.01047	0.00408	0.00320	0.00778
37	0.05203	0.01573	0.02761	0.10070	0.34093	0.03423	0.23903	0.02086	0.04604	0.04026	0.01317	0.01673	0.01032	0.00595	0.00668	0.00204	0.00861	0.00630	0.00351	0.00926
38	0.00934	0.00624	0.00706	0.00712	0.00713	0.00623	0.00399	0.00938	0.00951	0.01268	0.02093	0.06949	0.02421	0.74474	0.03196	0.00613	0.00617	0.00973	0.00399	0.00397
39	0.00940	0.00626	0.00705	0.00705	0.00705	0.00626	0.00392	0.00940	0.00940	0.01253	0.02036	0.04228	0.02349	0.77292	0.03289	0.00626	0.00626	0.00940	0.00392	0.00392
40	0.01599	0.10337	0.01389	0.02902	0.01365	0.01159	0.00814	0.10228	0.07992	0.12386	0.07833	0.09586	0.07039	0.01027	0.00679	0.03177	0.00485	0.00798	0.18426	0.00778
41	0.04083	0.04102	0.01809	0.01626	0.06063	0.32288	0.02975	0.12198	0.05282	0.02137	0.01298	0.01531	0.01058	0.00992	0.05324	0.00240	0.08582	0.00518	0.07085	0.00807
42	0.81856	0.01250	0.00950	0.00850	0.01250	0.01449	0.00700	0.01899	0.01100	0.02899	0.00900	0.01050	0.00700	0.00600	0.00400	0.00200	0.00500	0.00350	0.00400	0.00700
43	0.01521	0.01487	0.05321	0.23693	0.40421	0.01509	0.01807	0.07354	0.03556	0.02169	0.04043	0.01768	0.01199	0.00650	0.00646	0.00200	0.00772	0.00599	0.00359	0.00924
44	0.02466	0.01886	0.01917	0.01490	0.01992	0.07563	0.01221	0.63758	0.02909	0.06010	0.01539	0.01541	0.01094	0.00768	0.00642	0.00192	0.00741	0.00571	0.00627	0.01072
45	0.00923	0.00692	0.01038	0.01038	0.01154	0.00808	0.00808	0.01154	0.01038	0.01500	0.01731	0.02538	0.01615	0.04846	0.74732	0.01038	0.01731	0.00692	0.00346	0.00577
46	0.01074	0.00787	0.00970	0.00972	0.01121	0.00786	0.00711	0.09713	0.04824	0.02285	0.24191	0.40637	0.04316	0.01601	0.00778	0.00235	0.00407	0.03306	0.00642	0.00645
47	0.00876	0.00659	0.00810	0.00772	0.00942	0.00593	0.00579	0.01145	0.01738	0.02375	0.55938	0.05183	0.23215	0.01402	0.00762	0.00207	0.00311	0.01218	0.00683	0.00593
48	0.81856	0.01250	0.00950	0.00850	0.01250	0.01449	0.00700	0.01899	0.01100	0.02899	0.00900	0.01050	0.00700	0.00600	0.00400	0.00200	0.00500	0.00350	0.00400	0.00700
49	0.01242	0.01267	0.05066	0.66130	0.04203	0.01421	0.04699	0.01684	0.01307	0.01706	0.01156	0.01691	0.00869	0.00633	0.00642	0.00210	0.00858	0.00569	0.00292	0.04354
50	0.01848	0.05188	0.01558	0.01327	0.01625	0.32933	0.01020	0.14092	0.01869	0.02114	0.07415	0.11092	0.06601	0.03177	0.02991	0.00231	0.00835	0.02865	0.00474	0.00744
51	0.10681	0.57224	0.06272	0.01243	0.04729	0.04287	0.01148	0.01944	0.01314	0.01750	0.00937	0.01093	0.00828	0.00562	0.00439	0.00150	0.00690	0.00365	0.00298	0.04047

[dist]
# distance from previous block
# <min> <max>
0	3

[block]
# block no. 3 follows, 34 sequences, length 17
# corresponding to MSA columns:
# 205-221
name=unknown_D
#
# <colnr> <probs for GDERKNQSTAVLIFYWHMCP>
#	G	D	E	R	K	N	Q	S	T	A	V	L	I	F	Y	W	H	M	C	P
0	0.01523	0.05622	0.12160	0.02622	0.14801	0.04560	0.41542	0.02017	0.01486	0.02009	0.01336	0.04800	0.01094	0.00627	0.00702	0.00208	0.00972	0.00707	0.00328	0.00886
1	0.09521	0.06208	0.03673	0.07747	0.04974	0.12794	0.04160	0.22226	0.03549	0.13643	0.01500	0.01588	0.01089	0.00702	0.00597	0.00190	0.00752	0.00540	0.03624	0.00924
2	0.05143	0.17165	0.02154	0.01677	0.07874	0.39320	0.01245	0.09581	0.06460	0.01998	0.01160	0.01295	0.00946	0.00659	0.00559	0.00171	0.00924	0.00451	0.00378	0.00841
3	0.01414	0.01414	0.01979	0.01696	0.01696	0.01979	0.01414	0.01555	0.00990	0.01555	0.00848	0.01414	0.00848	0.01131	0.02120	0.00283	0.76110	0.00565	0.00283	0.00707
4	0.01122	0.00561	0.00842	0.00842	0.00842	0.00561	0.00561	0.00842	0.00842	0.01122	0.01122	0.01964	0.01122	0.02245	0.02525	0.81201	0.00561	0.00561	0.00281	0.00281
5	0.02384	0.02971	0.01866	0.01747	0.04762	0.69057	0.01276	0.05199	0.01864	0.01698	0.01028	0.01197	0.00850	0.00667	0.00587	0.00169	0.01132	0.00429	0.00344	0.00773
6	0.00787	0.00562	0.00750	0.00900	0.00937	0.00525	0.00600	0.00900	0.01237	0.01649	0.03561	0.76871	0.04274	0.02024	0.00825	0.00262	0.00375	0.01837	0.00600	0.00525
7	0.00923	0.00692	0.01038	0.01038	0.01154	0.00808	0.00808	0.01154	0.01038	0.01500	0.01731	0.02538	0.01615	0.04846	0.74732	0.01038	0.01731	0.00692	0.00346	0.00577
8	0.00895	0.00660	0.00836	0.00792	0.00953	0.00601	0.00594	0.01181	0.01782	0.02480	0.64215	0.05009	0.14872	0.01362	0.00762	0.00205	0.00308	0.01194	0.00697	0.00601
9	0.01657	0.01413	0.01489	0.01325	0.01699	0.01630	0.01035	0.07405	0.68041	0.02783	0.02567	0.02360	0.01921	0.00871	0.00657	0.00218	0.00523	0.00722	0.00657	0.01027
10	0.01475	0.27926	0.41502	0.01821	0.08899	0.01861	0.04227	0.02004	0.01362	0.01877	0.01082	0.01289	0.00846	0.00588	0.00555	0.00182	0.00854	0.00452	0.00280	0.00916
11	0.01679	0.01424	0.01502	0.01329	0.01708	0.01641	0.01040	0.09173	0.66238	0.02819	0.02538	0.02338	0.01898	0.00868	0.00657	0.00217	0.00528	0.00718	0.00657	0.01029
12	0.02107	0.11414	0.02194	0.08806	0.08625	0.46940	0.04716	0.04541	0.01711	0.01732	0.01053	0.01282	0.00867	0.00640	0.00585	0.00173	0.01027	0.00459	0.00331	0.00797
13	0.01457	0.03846	0.10642	0.13970	0.33486	0.01496	0.05765	0.01964	0.05769	0.02042	0.03609	0.01712	0.01179	0.00648	0.00695	0.00196	0.03964	0.00583	0.00345	0.06633
14	0.04767	0.24243	0.08496	0.01466	0.05936	0.03418	0.04614	0.14588	0.05100	0.08461	0.05069	0.01940	0.04051	0.00748	0.00583	0.00182	0.00684	0.02331	0.00461	0.02862
15	0.01065	0.04576	0.03389	0.01032	0.01212	0.00836	0.00820	0.03668	0.06295	0.03706	0.03418	0.41430	0.09293	0.01675	0.00784	0.00251	0.00474	0.14856	0.00583	0.00638
16	0.09545	0.04597	0.17263	0.05748	0.04599	0.02915	0.05359	0.03690	0.03807	0.11718	0.07082	0.04494	0.03414	0.00767	0.00604	0.00191	0.00663	0.00637	0.04574	0.08334

[dist]
# distance from previous block
# <min> <max>
2	17

[block]
# block no. 4 follows, 34 sequences, length 27
# corresponding to MSA columns:
# 239-265
name=unknown_E
#
# <colnr> <probs for GDERKNQSTAVLIFYWHMCP>
#	G	D	E	R	K	N	Q	S	T	A	V	L	I	F	Y	W	H	M	C	P
0	0.04518	0.13731	0.13281	0.01277	0.01780	0.01509	0.03076	0.13583	0.05393	0.09447	0.05319	0.02327	0.11555	0.00853	0.00678	0.00191	0.04079	0.00662	0.00489	0.06254
1	0.03704	0.19132	0.25891	0.01540	0.02172	0.04923	0.08487	0.07064	0.03795	0.06236	0.01321	0.01506	0.01013	0.00855	0.04564	0.00229	0.00858	0.00510	0.03125	0.03075
2	0.01500	0.29640	0.23654	0.05694	0.02201	0.06067	0.04933	0.01895	0.01363	0.01783	0.05585	0.01528	0.01191	0.00799	0.02709	0.00209	0.07607	0.00503	0.00312	0.00826
3	0.01605	0.31592	0.20750	0.06041	0.04465	0.10752	0.03169	0.01982	0.01405	0.01776	0.01122	0.01418	0.00938	0.00618	0.00532	0.00168	0.00811	0.02029	0.02594	0.06233
4	0.01727	0.77681	0.03386	0.01106	0.01658	0.02557	0.01106	0.01935	0.01313	0.01520	0.00898	0.01036	0.00829	0.00553	0.00415	0.00138	0.00691	0.00345	0.00276	0.00829
5	0.01257	0.03044	0.65915	0.01717	0.02567	0.01405	0.02168	0.01925	0.01318	0.01959	0.01256	0.01678	0.00986	0.09020	0.00907	0.00251	0.00919	0.00528	0.00286	0.00893
6	0.01607	0.01388	0.01461	0.01315	0.01680	0.01607	0.01023	0.03433	0.72094	0.02703	0.02630	0.02411	0.01972	0.00877	0.00657	0.00219	0.00511	0.00731	0.00657	0.01023
7	0.00845	0.00600	0.00768	0.00870	0.00924	0.00569	0.00592	0.00964	0.01242	0.01650	0.07111	0.49413	0.06978	0.16961	0.01316	0.00333	0.00438	0.07354	0.00564	0.00510
8	0.01296	0.03342	0.73944	0.01842	0.02797	0.01501	0.02387	0.02046	0.01364	0.02046	0.01160	0.01364	0.00818	0.00614	0.00614	0.00205	0.00955	0.00477	0.00273	0.00955
9	0.00840	0.00671	0.00760	0.00776	0.00970	0.00591	0.00607	0.01053	0.01544	0.01941	0.18833	0.06131	0.48343	0.01601	0.00785	0.00229	0.00368	0.12770	0.00621	0.00566
10	0.00787	0.00562	0.00750	0.00900	0.00937	0.00525	0.00600	0.00900	0.01237	0.01649	0.03561	0.76871	0.04274	0.02024	0.00825	0.00262	0.00375	0.01837	0.00600	0.00525
11	0.01041	0.00744	0.01041	0.01190	0.01339	0.00744	0.01041	0.01339	0.01487	0.01934	0.03421	0.07288	0.03719	0.01785	0.00892	0.00297	0.00595	0.68913	0.00595	0.00595
12	0.01607	0.01388	0.01461	0.01315	0.01680	0.01607	0.01023	0.03433	0.72094	0.02703	0.02630	0.02411	0.01972	0.00877	0.00657	0.00219	0.00511	0.00731	0.00657	0.01023
13	0.64068	0.07314	0.11780	0.01014	0.01506	0.01540	0.00976	0.01923	0.01154	0.02671	0.00937	0.01095	0.00727	0.00598	0.00432	0.00196	0.00581	0.00368	0.00372	0.00747
14	0.00786	0.00567	0.00745	0.00888	0.00934	0.00526	0.00594	0.00901	0.01249	0.01654	0.03707	0.73414	0.07635	0.02005	0.00822	0.00260	0.00373	0.01814	0.00600	0.00526
15	0.07476	0.41845	0.02626	0.05283	0.04189	0.12845	0.01179	0.12204	0.03431	0.02056	0.01076	0.01221	0.00897	0.00619	0.00498	0.00163	0.00757	0.00420	0.00359	0.00853
16	0.01511	0.04884	0.01848	0.06948	0.01979	0.05638	0.06881	0.07368	0.01481	0.02100	0.04296	0.01562	0.01159	0.00682	0.00819	0.00165	0.13283	0.00511	0.00382	0.36502
17	0.08689	0.04068	0.21858	0.01741	0.08218	0.15270	0.01541	0.12655	0.09660	0.05673	0.01384	0.01499	0.01038	0.00697	0.00648	0.00197	0.03301	0.00515	0.00423	0.00925
18	0.01450	0.01209	0.01835	0.08660	0.14403	0.03342	0.12941	0.06910	0.01530	0.02277	0.03872	0.02031	0.01401	0.00812	0.02520	0.00208	0.03745	0.00634	0.29442	0.00777
19	0.02655	0.01159	0.01505	0.01192	0.01663	0.01075	0.00983	0.08484	0.07572	0.58385	0.02525	0.02453	0.01710	0.00860	0.00664	0.00207	0.00562	0.04517	0.00764	0.01065
20	0.01778	0.10845	0.05303	0.06987	0.20507	0.07371	0.21476	0.11953	0.01715	0.04055	0.01263	0.01548	0.00982	0.00611	0.00644	0.00193	0.00880	0.00589	0.00373	0.00927
21	0.01506	0.01628	0.03113	0.08321	0.15992	0.04862	0.43580	0.01969	0.01483	0.01986	0.01358	0.01916	0.01098	0.00848	0.04917	0.00260	0.01037	0.02936	0.00333	0.00856
22	0.00940	0.00626	0.00705	0.00705	0.00705	0.00626	0.00392	0.00940	0.00940	0.01253	0.02036	0.04228	0.02349	0.77292	0.03289	0.00626	0.00626	0.00940	0.00392	0.00392
23	0.01066	0.00785	0.01026	0.00938	0.01099	0.00808	0.00726	0.03170	0.01690	0.04906	0.50919	0.04223	0.09741	0.01566	0.06652	0.00277	0.08081	0.01051	0.00633	0.00643
24	0.01542	0.01090	0.01337	0.06254	0.08863	0.01179	0.00977	0.09514	0.18433	0.06848	0.02158	0.02310	0.03850	0.01124	0.06613	0.00257	0.00612	0.00661	0.25545	0.00833
25	0.14038	0.16448	0.05631	0.01729	0.12273	0.16787	0.01287	0.12298	0.07073	0.02319	0.01205	0.01357	0.00966	0.00667	0.00601	0.00184	0.03392	0.00473	0.00396	0.00878
26	0.01313	0.01608	0.12862	0.45444	0.03455	0.07037	0.01647	0.01740	0.01361	0.01766	0.01444	0.01833	0.04950	0.00679	0.00623	0.00196	0.00824	0.00569	0.00318	0.10332

[dist]
# distance from previous block
# <min> <max>
0	21

[block]
# block no. 5 follows, 34 sequences, length 26
# corresponding to MSA columns:
# 287-312
name=unknown_F
#
# <colnr> <probs for GDERKNQSTAVLIFYWHMCP>
#	G	D	E	R	K	N	Q	S	T	A	V	L	I	F	Y	W	H	M	C	P
0	0.07898	0.22382	0.04846	0.01145	0.01640	0.01616	0.01009	0.08197	0.13678	0.07714	0.01584	0.05440	0.01305	0.00713	0.00537	0.00166	0.00584	0.00547	0.00464	0.18535
1	0.10450	0.08547	0.11283	0.04301	0.01929	0.11116	0.03556	0.07618	0.10475	0.10508	0.01540	0.01666	0.01163	0.00919	0.04316	0.00236	0.03810	0.00539	0.05164	0.00864
2	0.05397	0.14878	0.27185	0.01616	0.04691	0.14064	0.01598	0.02242	0.04947	0.08906	0.01260	0.01409	0.00961	0.00688	0.00706	0.00194	0.07529	0.00480	0.00362	0.00886
3	0.01611	0.51458	0.05900	0.01097	0.01600	0.01970	0.01063	0.01855	0.01383	0.05899	0.04543	0.04337	0.04207	0.00746	0.00507	0.00159	0.00632	0.03642	0.00372	0.07021
4	0.01502	0.20473	0.31715	0.01759	0.08950	0.01723	0.04480	0.05188	0.06903	0.02062	0.01308	0.03600	0.01058	0.00652	0.00577	0.00183	0.00786	0.00524	0.00344	0.06213
5	0.81856	0.01250	0.00950	0.00850	0.01250	0.01449	0.00700	0.01899	0.01100	0.02899	0.00900	0.01050	0.00700	0.00600	0.00400	0.00200	0.00500	0.00350	0.00400	0.00700
6	0.01414	0.01414	0.01979	0.01696	0.01696	0.01979	0.01414	0.01555	0.00990	0.01555	0.00848	0.01414	0.00848	0.01131	0.02120	0.00283	0.76110	0.00565	0.00283	0.00707
7	0.01160	0.03922	0.04677	0.01019	0.01240	0.07782	0.00809	0.01501	0.06650	0.04172	0.21002	0.26913	0.12254	0.01419	0.00737	0.00221	0.00487	0.02792	0.00585	0.00658
8	0.00966	0.00775	0.00890	0.00961	0.01075	0.04309	0.00703	0.03025	0.01378	0.01778	0.06670	0.40843	0.12539	0.04582	0.07456	0.00333	0.00571	0.10015	0.00563	0.00567
9	0.81856	0.01250	0.00950	0.00850	0.01250	0.01449	0.00700	0.01899	0.01100	0.02899	0.00900	0.01050	0.00700	0.00600	0.00400	0.00200	0.00500	0.00350	0.00400	0.00700
10	0.01444	0.01107	0.01172	0.01108	0.01306	0.10766	0.00833	0.01770	0.07581	0.11727	0.02108	0.12574	0.01979	0.10708	0.30159	0.00582	0.01079	0.00835	0.00475	0.00686
11	0.01816	0.02138	0.14188	0.05181	0.21461	0.16590	0.13462	0.04237	0.05108	0.07583	0.01357	0.01585	0.01031	0.00636	0.00647	0.00196	0.00907	0.00572	0.00378	0.00926
12	0.01001	0.00762	0.00957	0.01024	0.01207	0.00746	0.00854	0.01384	0.06975	0.02016	0.11624	0.06377	0.21331	0.01627	0.00828	0.00261	0.00490	0.39305	0.00614	0.00617
13	0.01669	0.01519	0.01490	0.01342	0.01705	0.07253	0.01040	0.03367	0.66667	0.02616	0.02504	0.02314	0.01884	0.00860	0.00652	0.00215	0.00562	0.00706	0.00632	0.01002
14	0.01624	0.01718	0.04623	0.14660	0.49621	0.10042	0.04444	0.02006	0.01484	0.01975	0.01182	0.01566	0.00968	0.00597	0.00638	0.00194	0.00846	0.00561	0.00315	0.00937
15	0.01982	0.03923	0.05382	0.02113	0.20669	0.06373	0.07397	0.15882	0.04420	0.15285	0.01839	0.01932	0.04435	0.00727	0.00639	0.00193	0.00726	0.00627	0.04486	0.00969
16	0.01813	0.01477	0.01516	0.01331	0.01716	0.05207	0.01042	0.08068	0.58025	0.08591	0.02467	0.02272	0.01824	0.00853	0.00652	0.00213	0.00561	0.00698	0.00652	0.01021
17	0.19254	0.01444	0.02241	0.10959	0.26224	0.01502	0.13594	0.06662	0.01517	0.08708	0.01296	0.01569	0.00983	0.00617	0.00611	0.00202	0.00753	0.00566	0.00399	0.00903
18	0.00781	0.00586	0.00725	0.00836	0.00920	0.00530	0.00571	0.00907	0.01299	0.01674	0.04340	0.58436	0.22205	0.01923	0.00809	0.00251	0.00362	0.01713	0.00600	0.00530
19	0.01812	0.68497	0.03194	0.01174	0.01700	0.11438	0.01123	0.02014	0.01377	0.01528	0.00911	0.01052	0.00830	0.00567	0.00435	0.00142	0.00749	0.00354	0.00283	0.00819
20	0.01496	0.03273	0.10998	0.15655	0.21125	0.04663	0.12255	0.01916	0.01439	0.05237	0.01467	0.04885	0.01193	0.00686	0.00633	0.00197	0.00787	0.00640	0.10604	0.00849
21	0.00819	0.00653	0.00734	0.00722	0.00909	0.00568	0.00538	0.01032	0.01593	0.02049	0.30550	0.08552	0.45921	0.01537	0.00766	0.00215	0.00321	0.01312	0.00640	0.00568
22	0.00923	0.00692	0.01038	0.01038	0.01154	0.00808	0.00808	0.01154	0.01038	0.01500	0.01731	0.02538	0.01615	0.04846	0.74732	0.01038	0.01731	0.00692	0.00346	0.00577
23	0.01583	0.31716	0.16483	0.01591	0.07789	0.07409	0.03505	0.03866	0.04949	0.01888	0.05210	0.05754	0.01397	0.00744	0.00619	0.00182	0.03540	0.00571	0.00356	0.00848
24	0.02024	0.02419	0.04245	0.01447	0.01749	0.49153	0.01108	0.05667	0.04953	0.01765	0.01408	0.05440	0.01293	0.10575	0.00945	0.00235	0.00965	0.00585	0.03299	0.00724
25	0.04546	0.17698	0.03992	0.07510	0.07959	0.09809	0.03204	0.10904	0.01678	0.04171	0.09433	0.02356	0.08586	0.04610	0.00738	0.00207	0.00696	0.00665	0.00441	0.00798

[dist]
# distance from previous block
# <min> <max>
1	12

[block]
# block no. 6 follows, 34 sequences, length 51
# corresponding to MSA columns:
# 325-375
name=unknown_G
#
# <colnr> <probs for GDERKNQSTAVLIFYWHMCP>
#	G	D	E	R	K	N	Q	S	T	A	V	L	I	F	Y	W	H	M	C	P
0	0.09917	0.11083	0.05603	0.02050	0.16794	0.29854	0.06431	0.04035	0.01577	0.01937	0.01098	0.01349	0.00909	0.00798	0.03746	0.00215	0.00957	0.00479	0.00336	0.00831
1	0.03595	0.01233	0.01277	0.01107	0.01415	0.07683	0.00862	0.17345	0.05066	0.12861	0.20769	0.11951	0.09852	0.01143	0.00698	0.00207	0.00533	0.00955	0.00641	0.00806
2	0.02124	0.05574	0.03781	0.01628	0.08893	0.09061	0.01228	0.35364	0.06193	0.07784	0.04902	0.01740	0.01366	0.00746	0.00620	0.00185	0.00706	0.00580	0.02355	0.05170
3	0.00933	0.00632	0.00733	0.00760	0.00793	0.00623	0.00476	0.00988	0.01057	0.01411	0.02550	0.11120	0.06538	0.57283	0.02628	0.00527	0.00575	0.07148	0.02787	0.00437
4	0.01419	0.01364	0.01901	0.04303	0.08375	0.05141	0.08914	0.01811	0.07967	0.03963	0.05819	0.02520	0.12707	0.01032	0.01242	0.00236	0.29343	0.00757	0.00416	0.00767
5	0.01455	0.01696	0.10354	0.01914	0.02228	0.01767	0.19395	0.05562	0.01307	0.01891	0.01324	0.01740	0.04488	0.00928	0.01454	0.00249	0.40482	0.00647	0.00329	0.00790
6	0.01727	0.77681	0.03386	0.01106	0.01658	0.02557	0.01106	0.01935	0.01313	0.01520	0.00898	0.01036	0.00829	0.00553	0.00415	0.00138	0.00691	0.00345	0.00276	0.00829
7	0.02772	0.01304	0.01626	0.01246	0.01751	0.01252	0.01030	0.22659	0.02191	0.53718	0.02263	0.02013	0.01456	0.00793	0.00649	0.00198	0.00596	0.00630	0.00756	0.01099
8	0.00939	0.00630	0.00721	0.00721	0.00726	0.00635	0.00411	0.00950	0.00944	0.01265	0.02021	0.04148	0.02314	0.73838	0.06695	0.00646	0.00679	0.00928	0.00389	0.00400
9	0.14004	0.01134	0.01420	0.01115	0.01594	0.01051	0.00918	0.02986	0.05056	0.60348	0.02320	0.02047	0.01490	0.00775	0.00615	0.00201	0.00541	0.00611	0.00736	0.01039
