[name]
unknown

[dist]
# distance from previous block
# <min> <max>
0	4

[block]
# block no. 0 follows, 33 sequences, length 26
# corresponding to MSA columns:
# 4-29
name=unknown_A
#
# <colnr> <probs for GDERKNQSTAVLIFYWHMCP>
#	G	D	E	R	K	N	Q	S	T	A	V	L	I	F	Y	W	H	M	C	P
0	0.03900	0.01046	0.01448	0.05591	0.16170	0.01059	0.01118	0.06607	0.04468	0.05552	0.18918	0.07613	0.09894	0.01196	0.00741	0.00226	0.00551	0.12554	0.00569	0.00779
1	0.01608	0.01543	0.02634	0.07954	0.69010	0.01559	0.02010	0.02002	0.01489	0.02125	0.01235	0.01636	0.01034	0.00591	0.00652	0.00197	0.00787	0.00586	0.00324	0.01026
2	0.01342	0.01215	0.01954	0.61862	0.07905	0.01466	0.01731	0.06813	0.01488	0.01943	0.05038	0.01905	0.01192	0.00701	0.00664	0.00216	0.00830	0.00618	0.00345	0.00771
3	0.02254	0.01598	0.01786	0.03651	0.01967	0.01687	0.01144	0.45906	0.06672	0.10659	0.03349	0.01752	0.01315	0.00763	0.00637	0.00186	0.00656	0.00593	0.00626	0.12799
4	0.01923	0.01389	0.01445	0.01211	0.01567	0.10167	0.00947	0.15233	0.01833	0.17756	0.04198	0.11881	0.04652	0.04839	0.03685	0.00251	0.03962	0.00797	0.00570	0.11694
5	0.05979	0.05287	0.47298	0.05120	0.07855	0.03871	0.02029	0.05834	0.01521	0.07383	0.01281	0.01461	0.00919	0.00645	0.00613	0.00203	0.00883	0.00503	0.00351	0.00961
6	0.04859	0.12177	0.16997	0.07227	0.02531	0.07364	0.15005	0.10335	0.07829	0.04997	0.01384	0.01568	0.01039	0.00655	0.00624	0.00196	0.00855	0.00562	0.00404	0.03390
7	0.04485	0.01052	0.01403	0.07000	0.01701	0.01090	0.06977	0.14589	0.03614	0.02402	0.10038	0.21552	0.13025	0.01408	0.02962	0.00252	0.00590	0.02743	0.02386	0.00731
8	0.01584	0.01703	0.09899	0.15601	0.33405	0.01536	0.16966	0.02083	0.03070	0.05761	0.01345	0.01709	0.01036	0.00615	0.00679	0.00208	0.00872	0.00625	0.00350	0.00952
9	0.02126	0.01575	0.09578	0.01335	0.03564	0.10260	0.01130	0.02576	0.08186	0.33325	0.10826	0.05775	0.04946	0.00930	0.00676	0.00205	0.00641	0.00764	0.00640	0.00941
10	0.04927	0.01161	0.07173	0.01236	0.04591	0.00961	0.00986	0.03670	0.05975	0.26554	0.10422	0.21003	0.06157	0.01195	0.00711	0.00222	0.00521	0.01029	0.00650	0.00856
11	0.03185	0.03805	0.09613	0.26785	0.26332	0.01442	0.01722	0.01946	0.04103	0.06034	0.01775	0.02072	0.06935	0.00728	0.00651	0.00207	0.00766	0.00640	0.00375	0.00883
12	0.00935	0.00629	0.00725	0.00747	0.00752	0.00623	0.00430	0.00951	0.01001	0.01335	0.02299	0.14741	0.02677	0.66044	0.02988	0.00585	0.00601	0.01090	0.00430	0.00419
13	0.00901	0.00684	0.00745	0.00727	0.00943	0.00584	0.00546	0.01095	0.01570	0.05075	0.17658	0.08639	0.55332	0.01590	0.00775	0.00221	0.00341	0.01342	0.00640	0.00591
14	0.01670	0.01660	0.02574	0.07699	0.63813	0.06976	0.01954	0.02048	0.01517	0.02085	0.01218	0.01603	0.01019	0.00597	0.00648	0.00195	0.00817	0.00574	0.00325	0.01005
15	0.01494	0.01509	0.05169	0.26682	0.48310	0.01530	0.01975	0.01915	0.01437	0.01999	0.01214	0.01660	0.00982	0.00611	0.00653	0.00204	0.00820	0.00582	0.00313	0.00941
16	0.01381	0.01348	0.01925	0.01639	0.01668	0.01817	0.04322	0.01523	0.01025	0.01566	0.01047	0.01839	0.01075	0.11260	0.02259	0.00332	0.62350	0.00636	0.00305	0.00685
17	0.01562	0.01498	0.02538	0.15742	0.54905	0.01555	0.04537	0.02047	0.05241	0.02103	0.01308	0.01700	0.01066	0.00614	0.00659	0.00202	0.00796	0.00602	0.00339	0.00985
18	0.01695	0.01646	0.02540	0.11837	0.52823	0.06150	0.04568	0.06833	0.01615	0.02202	0.01244	0.01618	0.01015	0.00614	0.00654	0.00198	0.00827	0.00584	0.00347	0.00989
19	0.01608	0.03430	0.05011	0.01747	0.02196	0.01448	0.23623	0.11892	0.08068	0.06466	0.08209	0.11632	0.02025	0.00936	0.00810	0.00219	0.05311	0.00869	0.00505	0.03997
20	0.01270	0.01021	0.00985	0.00926	0.01128	0.09018	0.00691	0.06107	0.01670	0.04056	0.21405	0.10894	0.16475	0.05514	0.03065	0.00252	0.00517	0.01034	0.13323	0.00649
21	0.01618	0.01489	0.02310	0.06050	0.50354	0.01533	0.01725	0.05207	0.12854	0.02336	0.04250	0.01884	0.01394	0.00674	0.00655	0.00198	0.00713	0.00629	0.00412	0.03714
22	0.02459	0.03138	0.01866	0.01696	0.02035	0.74221	0.01272	0.02629	0.01866	0.01611	0.01018	0.01187	0.00848	0.00678	0.00594	0.00170	0.01187	0.00424	0.00339	0.00763
23	0.01365	0.01170	0.01365	0.00975	0.01560	0.00878	0.00780	0.01658	0.01365	0.02145	0.01170	0.01365	0.00975	0.00488	0.00488	0.00098	0.00488	0.00390	0.00390	0.80888
24	0.00826	0.00652	0.00745	0.00758	0.00928	0.00571	0.00555	0.01024	0.01560	0.02006	0.24812	0.18576	0.41356	0.01647	0.00789	0.00226	0.00336	0.01420	0.00644	0.00571
25	0.01780	0.52425	0.08598	0.01243	0.01786	0.09526	0.01211	0.07091	0.01549	0.01834	0.03339	0.01496	0.04392	0.00671	0.00501	0.00159	0.00747	0.00461	0.00344	0.00847

[dist]
# distance from previous block
# <min> <max>
0	2

[block]
# block no. 1 follows, 33 sequences, length 66
# corresponding to MSA columns:
# 32-97
name=unknown_B
#
# <colnr> <probs for GDERKNQSTAVLIFYWHMCP>
#	G	D	E	R	K	N	Q	S	T	A	V	L	I	F	Y	W	H	M	C	P
0	0.01883	0.46185	0.02766	0.01293	0.01771	0.09483	0.01162	0.10409	0.11259	0.02033	0.01245	0.01346	0.01040	0.00680	0.00599	0.00170	0.04945	0.00455	0.00386	0.00890
1	0.64303	0.01486	0.01259	0.01329	0.09991	0.08434	0.00924	0.02012	0.01237	0.02728	0.00965	0.01148	0.00766	0.00615	0.00455	0.00199	0.00607	0.00391	0.00391	0.00758
2	0.01159	0.00917	0.01003	0.00937	0.01184	0.00948	0.00715	0.01956	0.25371	0.02428	0.24062	0.04222	0.22224	0.01222	0.00709	0.00211	0.00388	0.01036	0.08563	0.00746
3	0.02503	0.01844	0.01976	0.01515	0.02042	0.02042	0.01251	0.70562	0.03095	0.04149	0.01581	0.01581	0.01120	0.00790	0.00659	0.00198	0.00724	0.00593	0.00659	0.01120
4	0.02079	0.05214	0.02409	0.02323	0.16974	0.39871	0.11914	0.04577	0.01725	0.01879	0.01119	0.01388	0.00921	0.00661	0.00698	0.00188	0.04343	0.00521	0.00342	0.00853
5	0.01227	0.00614	0.00614	0.00614	0.00767	0.00614	0.00460	0.01534	0.01381	0.02454	0.02148	0.02454	0.01687	0.00767	0.00460	0.00153	0.00307	0.00614	0.80518	0.00614
6	0.00794	0.00670	0.00689	0.00691	0.00908	0.00565	0.00523	0.00972	0.01519	0.01826	0.09790	0.06299	0.67214	0.01656	0.00782	0.00224	0.00340	0.03362	0.00617	0.00560
7	0.01023	0.00765	0.00921	0.00878	0.01062	0.00750	0.00658	0.01522	0.11442	0.02499	0.47868	0.09417	0.11543	0.01330	0.00748	0.00212	0.00347	0.01161	0.05187	0.00667
8	0.01402	0.01263	0.02171	0.56697	0.14673	0.01466	0.05831	0.01831	0.01385	0.05195	0.01258	0.01760	0.00946	0.00649	0.00664	0.00215	0.00862	0.00600	0.00325	0.00806
9	0.00886	0.00665	0.00821	0.00795	0.00959	0.00600	0.00591	0.01149	0.01736	0.02368	0.51965	0.09924	0.22182	0.01471	0.00781	0.00215	0.00321	0.01283	0.00690	0.00600
10	0.01471	0.01167	0.01376	0.00988	0.01568	0.00884	0.00793	0.01761	0.01400	0.06886	0.01265	0.01424	0.01019	0.00509	0.00499	0.00105	0.00492	0.00408	0.00418	0.75567
11	0.00884	0.00671	0.00815	0.00794	0.00967	0.00603	0.00599	0.01142	0.01717	0.02312	0.46894	0.07599	0.27160	0.01487	0.00784	0.00217	0.00331	0.03746	0.00681	0.00597
12	0.02397	0.01640	0.01835	0.04682	0.02035	0.01788	0.01194	0.50364	0.08367	0.13779	0.01813	0.01833	0.01291	0.02981	0.00737	0.00214	0.00688	0.00625	0.00658	0.01076
13	0.00906	0.00647	0.00883	0.01036	0.01120	0.00625	0.00792	0.01097	0.01363	0.01797	0.03571	0.48639	0.04126	0.01964	0.00868	0.00282	0.00472	0.28639	0.00609	0.00564
14	0.00940	0.00705	0.01058	0.01058	0.01176	0.00823	0.00823	0.01176	0.01058	0.01528	0.01763	0.02586	0.01646	0.04937	0.74255	0.01058	0.01763	0.00705	0.00353	0.00588
15	0.01046	0.00691	0.00909	0.00859	0.01024	0.00634	0.00642	0.01334	0.01805	0.06978	0.61199	0.11846	0.05740	0.01384	0.00776	0.00213	0.00333	0.01225	0.00719	0.00644
16	0.02503	0.01844	0.01976	0.01515	0.02042	0.02042	0.01251	0.70562	0.03095	0.04149	0.01581	0.01581	0.01120	0.00790	0.00659	0.00198	0.00724	0.00593	0.00659	0.01120
17	0.00830	0.00598	0.00790	0.00914	0.00979	0.00558	0.00633	0.00980	0.01353	0.01810	0.11579	0.61675	0.07183	0.01952	0.00834	0.00261	0.00385	0.05513	0.00624	0.00549
18	0.02840	0.01095	0.01491	0.01152	0.01641	0.00948	0.00948	0.03098	0.01883	0.69244	0.06524	0.02391	0.01887	0.00845	0.00668	0.00204	0.00546	0.00692	0.00810	0.01092
19	0.01365	0.01170	0.01365	0.00975	0.01560	0.00878	0.00780	0.01658	0.01365	0.02145	0.01170	0.01365	0.00975	0.00488	0.00488	0.00098	0.00488	0.00390	0.00390	0.80888
20	0.01022	0.00798	0.00996	0.01086	0.03206	0.00783	0.00837	0.01442	0.09209	0.02055	0.12170	0.14239	0.21632	0.01617	0.00818	0.00255	0.00471	0.26097	0.00621	0.00647
21	0.00940	0.00705	0.01058	0.01058	0.01176	0.00823	0.00823	0.01176	0.01058	0.01528	0.01763	0.02586	0.01646	0.04937	0.74255	0.01058	0.01763	0.00705	0.00353	0.00588
22	0.01500	0.01219	0.02033	0.01648	0.02012	0.01193	0.22913	0.11581	0.03675	0.07899	0.02486	0.28450	0.02497	0.01250	0.00781	0.00240	0.00698	0.06581	0.00547	0.00797
23	0.10322	0.02130	0.19147	0.02277	0.05488	0.05934	0.38397	0.02095	0.01480	0.02178	0.01255	0.01590	0.00944	0.00592	0.00676	0.00211	0.00980	0.00631	0.02794	0.00878
24	0.01877	0.02366	0.12005	0.01723	0.05375	0.32238	0.03475	0.06530	0.06508	0.01988	0.01489	0.08869	0.01331	0.00869	0.00785	0.00204	0.08034	0.00647	0.02865	0.00821
25	0.01365	0.01170	0.01365	0.00975	0.01560	0.00878	0.00780	0.01658	0.01365	0.02145	0.01170	0.01365	0.00975	0.00488	0.00488	0.00098	0.00488	0.00390	0.00390	0.80888
26	0.01225	0.01326	0.09433	0.01442	0.08439	0.08892	0.01058	0.01521	0.04023	0.04006	0.04406	0.45476	0.03114	0.01502	0.00757	0.00238	0.00586	0.01332	0.00526	0.00699
27	0.01569	0.05289	0.21542	0.02542	0.10734	0.04375	0.38160	0.03895	0.01549	0.02119	0.01261	0.01604	0.00952	0.00588	0.00700	0.00210	0.01015	0.00646	0.00325	0.00926
28	0.81514	0.01273	0.00968	0.00866	0.01273	0.01477	0.00713	0.01935	0.01120	0.02954	0.00917	0.01069	0.00713	0.00611	0.00407	0.00204	0.00509	0.00356	0.00407	0.00713
29	0.00790	0.00667	0.00684	0.00680	0.00897	0.00561	0.00510	0.00969	0.01530	0.01848	0.11982	0.06221	0.67133	0.01641	0.00778	0.00221	0.00332	0.01373	0.00620	0.00561
30	0.01278	0.00964	0.01465	0.05957	0.16209	0.00973	0.01296	0.01605	0.01519	0.05394	0.02852	0.05670	0.02958	0.01453	0.00831	0.00272	0.00655	0.47381	0.00541	0.00727
31	0.01484	0.01416	0.02409	0.30877	0.47058	0.01526	0.01948	0.01893	0.01430	0.01974	0.01213	0.01677	0.00981	0.00614	0.00654	0.00205	0.00818	0.00586	0.00313	0.00925
32	0.01554	0.01776	0.03885	0.02775	0.03441	0.01665	0.70366	0.02109	0.01554	0.02109	0.01332	0.01776	0.00999	0.00555	0.00777	0.00222	0.01110	0.00777	0.00333	0.00888
33	0.01440	0.01440	0.02016	0.01728	0.01728	0.02016	0.01440	0.01584	0.01008	0.01584	0.00864	0.01440	0.00864	0.01152	0.02160	0.00288	0.75659	0.00576	0.00288	0.00720
34	0.00802	0.00573	0.00764	0.00917	0.00955	0.00535	0.00611	0.00917	0.01260	0.01681	0.03628	0.76434	0.04354	0.02062	0.00840	0.00267	0.00382	0.01872	0.00611	0.00535
35	0.02433	0.05904	0.01925	0.01675	0.02022	0.71548	0.01267	0.02604	0.01846	0.01609	0.01014	0.01182	0.00848	0.00674	0.00587	0.00169	0.01169	0.00421	0.00337	0.00766
36	0.09325	0.01202	0.01346	0.00982	0.01548	0.00975	0.00789	0.03941	0.01398	0.02291	0.01158	0.01343	0.00954	0.00510	0.00485	0.00111	0.00497	0.00393	0.00401	0.70351
37	0.01033	0.00738	0.01029	0.01181	0.01320	0.00734	0.01013	0.01316	0.01488	0.01939	0.03501	0.14778	0.03849	0.01845	0.00902	0.00299	0.00582	0.61246	0.00607	0.00599
38	0.00913	0.00671	0.00857	0.00833	0.00989	0.00615	0.00628	0.01195	0.01771	0.02454	0.57606	0.09225	0.13696	0.01446	0.00787	0.00217	0.00331	0.04459	0.00699	0.00608
39	0.01061	0.00758	0.01061	0.01212	0.01364	0.00758	0.01061	0.01364	0.01515	0.01970	0.03486	0.07426	0.03789	0.01819	0.00909	0.00303	0.00606	0.68326	0.00606	0.00606
40	0.01617	0.01552	0.02651	0.06231	0.70660	0.01561	0.02014	0.02010	0.01493	0.02136	0.01236	0.01633	0.01038	0.00589	0.00652	0.00196	0.00785	0.00587	0.00325	0.01033
41	0.00941	0.00703	0.01045	0.01045	0.01158	0.00816	0.00806	0.01167	0.01054	0.01518	0.01775	0.02653	0.01675	0.07734	0.71499	0.01042	0.01720	0.00715	0.00354	0.00580
42	0.02464	0.02996	0.01878	0.01676	0.02036	0.66301	0.01270	0.10083	0.02001	0.01890	0.01079	0.01230	0.00878	0.00691	0.00601	0.00173	0.01136	0.00443	0.00374	0.00802
43	0.07622	0.02010	0.01781	0.01439	0.01910	0.20939	0.01152	0.34586	0.02364	0.12179	0.01491	0.01513	0.01077	0.00731	0.00614	0.00184	0.00796	0.00527	0.00559	0.06527
44	0.01718	0.28903	0.02821	0.02397	0.28966	0.05414	0.06075	0.04250	0.07711	0.02011	0.01386	0.01596	0.02758	0.00640	0.00580	0.00179	0.00760	0.00540	0.00359	0.00938
45	0.01015	0.00692	0.00900	0.00837	0.01010	0.00634	0.00632	0.01317	0.01850	0.05718	0.66662	0.04857	0.08700	0.01335	0.00771	0.00208	0.00323	0.01175	0.00724	0.00641
46	0.50173	0.08358	0.01467	0.01134	0.01545	0.19828	0.00920	0.06132	0.01442	0.02566	0.00981	0.01128	0.00782	0.00634	0.00470	0.00189	0.00709	0.00387	0.00394	0.00761
47	0.81514	0.01273	0.00968	0.00866	0.01273	0.01477	0.00713	0.01935	0.01120	0.02954	0.00917	0.01069	0.00713	0.00611	0.00407	0.00204	0.00509	0.00356	0.00407	0.00713
48	0.00933	0.00678	0.00882	0.00846	0.01004	0.00627	0.00645	0.01236	0.01823	0.02554	0.64685	0.05152	0.09203	0.01393	0.00785	0.00214	0.00331	0.05678	0.00711	0.00617
49	0.00893	0.00671	0.00826	0.00788	0.00960	0.00605	0.00591	0.01167	0.01772	0.02422	0.55815	0.05276	0.22942	0.01427	0.00777	0.00211	0.00316	0.01241	0.00696	0.00605
50	0.00813	0.00581	0.00777	0.00930	0.00973	0.00545	0.00631	0.00936	0.01272	0.01693	0.03622	0.73391	0.04329	0.02052	0.00843	0.00269	0.00392	0.04802	0.00611	0.00538
51	0.81514	0.01273	0.00968	0.00866	0.01273	0.01477	0.00713	0.01935	0.01120	0.02954	0.00917	0.01069	0.00713	0.00611	0.00407	0.00204	0.00509	0.00356	0.00407	0.00713
52	0.00942	0.00699	0.01028	0.01028	0.01135	0.00807	0.00785	0.01156	0.01049	0.01506	0.01791	0.02738	0.01712	0.11293	0.67990	0.01021	0.01664	0.00728	0.00357	0.00571
53	0.01486	0.14272	0.46730	0.02016	0.07947	0.04916	0.09616	0.02089	0.01429	0.01990	0.01155	0.01391	0.00870	0.00608	0.00612	0.00197	0.00942	0.00503	0.00291	0.00940
54	0.10762	0.11419	0.01996	0.01647	0.05293	0.52031	0.01231	0.04951	0.01753	0.01866	0.01026	0.01195	0.00853	0.00658	0.00559	0.00172	0.01023	0.00422	0.00351	0.00794
55	0.00827	0.00599	0.00782	0.00885	0.00957	0.00553	0.00607	0.00984	0.01396	0.01881	0.17779	0.57956	0.08564	0.01895	0.00824	0.00253	0.00365	0.01706	0.00634	0.00553
56	0.01704	0.05997	0.19251	0.15791	0.18437	0.01629	0.01769	0.12103	0.07837	0.06991	0.01459	0.01670	0.01086	0.00679	0.00638	0.00203	0.00796	0.00569	0.00416	0.00974
57	0.00789	0.00662	0.00688	0.00705	0.00910	0.00561	0.00528	0.00956	0.01481	0.01777	0.06314	0.12146	0.64628	0.01705	0.00787	0.00229	0.00346	0.03621	0.00611	0.00556
58	0.01063	0.00936	0.04597	0.01428	0.11776	0.00821	0.00951	0.03538	0.01526	0.02110	0.18471	0.34045	0.06429	0.01504	0.00773	0.00235	0.00476	0.05698	0.02946	0.00677
59	0.09749	0.58675	0.02972	0.01180	0.01700	0.10968	0.01107	0.04124	0.01432	0.01774	0.00948	0.01089	0.00840	0.00588	0.00448	0.00152	0.00743	0.00368	0.00312	0.00830
60	0.02255	0.01936	0.25104	0.01437	0.02081	0.01269	0.01476	0.11086	0.01861	0.37427	0.03836	0.02103	0.01488	0.00793	0.00660	0.00208	0.00711	0.02614	0.00611	0.01044
61	0.07170	0.34948	0.07462	0.01333	0.01856	0.12823	0.03237	0.12915	0.01715	0.05318	0.01201	0.01324	0.00960	0.00644	0.00521	0.00169	0.00771	0.00449	0.04306	0.00878
62	0.03967	0.01148	0.01349	0.00984	0.01539	0.00894	0.00789	0.01796	0.01427	0.08923	0.04189	0.01583	0.01242	0.00557	0.00513	0.00115	0.00488	0.00447	0.00444	0.67604
63	0.01422	0.07610	0.04528	0.01153	0.01404	0.08117	0.00909	0.10719	0.05681	0.04502	0.02592	0.38703	0.02797	0.05668	0.00873	0.00252	0.00587	0.01215	0.00547	0.00722
64	0.10133	0.08762	0.15923	0.01604	0.04485	0.25446	0.01426	0.14133	0.01855	0.08479	0.01272	0.01378	0.00952	0.00680	0.00586	0.00187	0.00889	0.00479	0.00425	0.00908
65	0.01533	0.30636	0.28039	0.03560	0.08407	0.01862	0.01647	0.04462	0.01433	0.01939	0.01217	0.04885	0.01046	0.00665	0.00554	0.00177	0.00782	0.00511	0.00321	0.06324

[dist]
# distance from previous block
# <min> <max>
0	10

[block]
# block no. 2 follows, 33 sequences, length 78
# corresponding to MSA columns:
# 108-185
name=unknown_C
#
# <colnr> <probs for GDERKNQSTAVLIFYWHMCP>
#	G	D	E	R	K	N	Q	S	T	A	V	L	I	F	Y	W	H	M	C	P
0	0.04302	0.22742	0.12476	0.01419	0.01997	0.01865	0.04652	0.17756	0.05755	0.08621	0.01392	0.01484	0.01056	0.00682	0.00631	0.00181	0.03680	0.00508	0.00452	0.08350
1	0.09506	0.02360	0.34174	0.01651	0.02262	0.06276	0.06889	0.02094	0.07090	0.03568	0.04102	0.01812	0.03405	0.00923	0.03592	0.00248	0.08217	0.00587	0.00373	0.00870
2	0.01617	0.01531	0.02593	0.03739	0.63858	0.01533	0.04448	0.04524	0.01548	0.02200	0.01378	0.05484	0.01215	0.00669	0.00666	0.00200	0.00771	0.00660	0.00353	0.01014
3	0.00814	0.00582	0.00776	0.00921	0.00967	0.00544	0.00624	0.00941	0.01290	0.01725	0.06253	0.71824	0.04410	0.02028	0.00840	0.00266	0.00385	0.03653	0.00615	0.00540
4	0.00860	0.00673	0.00783	0.00779	0.00964	0.00596	0.00594	0.01092	0.01635	0.02125	0.31835	0.07988	0.39406	0.01566	0.00789	0.00224	0.00347	0.06503	0.00655	0.00584
5	0.01629	0.01564	0.02672	0.04041	0.72757	0.01564	0.02020	0.02020	0.01499	0.02151	0.01238	0.01629	0.01043	0.00587	0.00652	0.00196	0.00782	0.00587	0.00326	0.01043
6	0.00831	0.00624	0.00773	0.00850	0.00963	0.00566	0.00606	0.01002	0.01439	0.01883	0.15988	0.42181	0.22835	0.01824	0.00816	0.00247	0.00368	0.05016	0.00630	0.00559
7	0.01747	0.01519	0.01547	0.01369	0.01754	0.04448	0.01070	0.09529	0.62712	0.02836	0.02517	0.02329	0.01885	0.00876	0.00666	0.00219	0.00565	0.00718	0.00656	0.01038
8	0.01889	0.01247	0.01451	0.01075	0.01628	0.03380	0.00867	0.04757	0.01593	0.22089	0.01580	0.01612	0.01160	0.00597	0.00546	0.00133	0.00540	0.00475	0.00517	0.52862
9	0.01760	0.77260	0.03450	0.01126	0.01690	0.02605	0.01126	0.01971	0.01338	0.01549	0.00915	0.01056	0.00845	0.00563	0.00422	0.00141	0.00704	0.00352	0.00282	0.00845
10	0.01661	0.01426	0.01502	0.01345	0.01721	0.01648	0.01048	0.05328	0.69700	0.02792	0.02649	0.02432	0.01985	0.00890	0.00670	0.00223	0.00527	0.00740	0.00670	0.01044
11	0.01365	0.01170	0.01365	0.00975	0.01560	0.00878	0.00780	0.01658	0.01365	0.02145	0.01170	0.01365	0.00975	0.00488	0.00488	0.00098	0.00488	0.00390	0.00390	0.80888
12	0.00956	0.00642	0.00737	0.00737	0.00744	0.00649	0.00423	0.00970	0.00963	0.01291	0.02057	0.04211	0.02351	0.72799	0.07358	0.00662	0.00702	0.00943	0.00396	0.00410
13	0.52363	0.01300	0.01227	0.01019	0.01466	0.01412	0.00840	0.10176	0.01543	0.21011	0.01422	0.01427	0.00994	0.00684	0.00501	0.00203	0.00547	0.00462	0.00540	0.00864
14	0.00957	0.00641	0.00734	0.00734	0.00740	0.00647	0.00419	0.00968	0.00962	0.01289	0.02059	0.04226	0.02358	0.73419	0.06747	0.00658	0.00692	0.00945	0.00397	0.00408
15	0.01738	0.01325	0.01437	0.01279	0.01644	0.01489	0.00997	0.05347	0.56269	0.09740	0.02663	0.06058	0.02047	0.00935	0.00669	0.00220	0.00516	0.00782	0.03836	0.01010
16	0.01144	0.00572	0.00858	0.00858	0.00858	0.00572	0.00572	0.00858	0.00858	0.01144	0.01144	0.02001	0.01144	0.02287	0.02573	0.80846	0.00572	0.00572	0.00286	0.00286
17	0.01311	0.00638	0.00658	0.00641	0.00811	0.00631	0.00485	0.01615	0.01405	0.05890	0.02169	0.02444	0.01685	0.00769	0.00470	0.00156	0.00319	0.00616	0.76648	0.00638
18	0.01861	0.08659	0.04877	0.03794	0.04418	0.11978	0.12091	0.16651	0.05710	0.02315	0.01248	0.01523	0.01005	0.00800	0.01029	0.00218	0.19957	0.00577	0.00403	0.00886
19	0.01135	0.00734	0.00935	0.00867	0.01055	0.00692	0.00656	0.01508	0.05147	0.07954	0.56216	0.07089	0.05272	0.01269	0.00743	0.00206	0.00342	0.01114	0.06390	0.00675
20	0.01829	0.40472	0.10291	0.01478	0.05359	0.21094	0.01311	0.02104	0.01529	0.01733	0.06300	0.01441	0.01253	0.00659	0.00527	0.00163	0.00834	0.00459	0.00331	0.00830
21	0.00819	0.00587	0.00775	0.00915	0.00964	0.00549	0.00621	0.00945	0.01284	0.01709	0.05501	0.68194	0.05959	0.04011	0.00906	0.00276	0.00395	0.04443	0.00608	0.00537
22	0.00919	0.00687	0.00938	0.00935	0.01051	0.00744	0.00698	0.01111	0.01148	0.01582	0.06165	0.03527	0.12321	0.15733	0.48474	0.00826	0.01301	0.00870	0.00417	0.00555
23	0.00995	0.00688	0.00892	0.00832	0.01003	0.00630	0.00627	0.01296	0.01847	0.05052	0.66835	0.04892	0.09227	0.01343	0.00773	0.00208	0.00320	0.01182	0.00722	0.00635
24	0.01144	0.00572	0.00858	0.00858	0.00858	0.00572	0.00572	0.00858	0.00858	0.01144	0.01144	0.02001	0.01144	0.02287	0.02573	0.80846	0.00572	0.00572	0.00286	0.00286
25	0.01670	0.01721	0.03490	0.06252	0.06636	0.01662	0.55419	0.08195	0.01687	0.04479	0.01381	0.01765	0.01025	0.00591	0.00751	0.00218	0.01031	0.00738	0.00374	0.00915
26	0.01365	0.01170	0.01365	0.00975	0.01560	0.00878	0.00780	0.01658	0.01365	0.02145	0.01170	0.01365	0.00975	0.00488	0.00488	0.00098	0.00488	0.00390	0.00390	0.80888
27	0.01573	0.01790	0.03660	0.02650	0.03249	0.03980	0.62247	0.02080	0.01517	0.02048	0.01282	0.01728	0.00983	0.00610	0.00890	0.00226	0.07541	0.00748	0.00329	0.00870
28	0.00889	0.00671	0.00820	0.00783	0.00957	0.00603	0.00587	0.01159	0.01761	0.02398	0.53912	0.05317	0.24860	0.01436	0.00777	0.00211	0.00317	0.01247	0.00693	0.00603
29	0.75820	0.06698	0.01145	0.00884	0.01303	0.01557	0.00742	0.01938	0.01136	0.02853	0.00917	0.01068	0.00722	0.00608	0.00408	0.00199	0.00523	0.00356	0.00398	0.00722
30	0.01803	0.72755	0.03353	0.01161	0.01711	0.06958	0.01135	0.02011	0.01370	0.01553	0.00921	0.01064	0.00845	0.00570	0.00433	0.00143	0.00733	0.00356	0.00285	0.00840
31	0.00887	0.00689	0.00801	0.00770	0.00955	0.00621	0.00574	0.01168	0.03553	0.02236	0.40538	0.05432	0.33991	0.03847	0.00855	0.00228	0.00336	0.01255	0.00665	0.00598
32	0.00817	0.00629	0.00748	0.00815	0.00946	0.00561	0.00583	0.00982	0.01438	0.01843	0.12959	0.37033	0.32338	0.01808	0.00810	0.00243	0.00362	0.03904	0.00624	0.00556
33	0.01320	0.03405	0.73453	0.01876	0.02849	0.01529	0.02432	0.02085	0.01390	0.02085	0.01181	0.01390	0.00834	0.00625	0.00625	0.00208	0.00973	0.00486	0.00278	0.00973
34	0.81514	0.01273	0.00968	0.00866	0.01273	0.01477	0.00713	0.01935	0.01120	0.02954	0.00917	0.01069	0.00713	0.00611	0.00407	0.00204	0.00509	0.00356	0.00407	0.00713
35	0.01154	0.00743	0.01002	0.00982	0.01025	0.03431	0.00704	0.01040	0.00954	0.01282	0.01286	0.02096	0.01249	0.02859	0.21036	0.53349	0.04499	0.00601	0.00305	0.00402
36	0.00813	0.00665	0.00689	0.00683	0.00895	0.00565	0.00512	0.01001	0.01536	0.01901	0.13826	0.06024	0.62297	0.01596	0.00765	0.00218	0.00330	0.01337	0.03781	0.00565
37	0.00957	0.00638	0.00718	0.00718	0.00718	0.00638	0.00399	0.00957	0.00957	0.01276	0.02074	0.04308	0.02393	0.76864	0.03351	0.00638	0.00638	0.00957	0.00399	0.00399
38	0.00778	0.00667	0.00667	0.00667	0.00889	0.00556	0.00500	0.00945	0.01501	0.01778	0.06669	0.06336	0.72490	0.01667	0.00778	0.00222	0.00333	0.01389	0.00611	0.00556
39	0.01554	0.01776	0.03885	0.02775	0.03441	0.01665	0.70366	0.02109	0.01554	0.02109	0.01332	0.01776	0.00999	0.00555	0.00777	0.00222	0.01110	0.00777	0.00333	0.00888
40	0.02503	0.01844	0.01976	0.01515	0.02042	0.02042	0.01251	0.70562	0.03095	0.04149	0.01581	0.01581	0.01120	0.00790	0.00659	0.00198	0.00724	0.00593	0.00659	0.01120
41	0.02456	0.01075	0.01424	0.01099	0.01578	0.00912	0.00896	0.02723	0.01798	0.53326	0.10714	0.02420	0.02072	0.00826	0.00648	0.00187	0.00519	0.00681	0.00736	0.13912
42	0.02503	0.01844	0.01976	0.01515	0.02042	0.02042	0.01251	0.70562	0.03095	0.04149	0.01581	0.01581	0.01120	0.00790	0.00659	0.00198	0.00724	0.00593	0.00659	0.01120
43	0.01440	0.01440	0.02016	0.01728	0.01728	0.02016	0.01440	0.01584	0.01008	0.01584	0.00864	0.01440	0.00864	0.01152	0.02160	0.00288	0.75659	0.00576	0.00288	0.00720
44	0.00778	0.00667	0.00667	0.00667	0.00889	0.00556	0.00500	0.00945	0.01501	0.01778	0.06669	0.06336	0.72490	0.01667	0.00778	0.00222	0.00333	0.01389	0.00611	0.00556
45	0.77677	0.01301	0.01017	0.00897	0.01310	0.01504	0.00739	0.05267	0.01216	0.03012	0.00949	0.01094	0.00733	0.00620	0.00420	0.00203	0.00520	0.00368	0.00420	0.00733
46	0.00801	0.00577	0.00759	0.00905	0.00952	0.00536	0.00606	0.00918	0.01272	0.01685	0.03774	0.73077	0.07617	0.02044	0.00837	0.00265	0.00380	0.01848	0.00611	0.00536
47	0.00802	0.00573	0.00764	0.00917	0.00955	0.00535	0.00611	0.00917	0.01260	0.01681	0.03628	0.76434	0.04354	0.02062	0.00840	0.00267	0.00382	0.01872	0.00611	0.00535
48	0.00787	0.00664	0.00682	0.00684	0.00896	0.00558	0.00510	0.00960	0.01511	0.01821	0.10055	0.08697	0.66602	0.01664	0.00780	0.00223	0.00334	0.01396	0.00617	0.00558
49	0.01398	0.01373	0.01916	0.01653	0.01658	0.01903	0.01366	0.01538	0.01008	0.01567	0.00958	0.01624	0.00969	0.04975	0.05006	0.00335	0.69159	0.00600	0.00296	0.00699
50	0.01760	0.77260	0.03450	0.01126	0.01690	0.02605	0.01126	0.01971	0.01338	0.01549	0.00915	0.01056	0.00845	0.00563	0.00422	0.00141	0.00704	0.00352	0.00282	0.00845
51	0.02807	0.01146	0.01521	0.01181	0.01672	0.01028	0.00970	0.05649	0.05258	0.64950	0.04880	0.02315	0.01781	0.00835	0.00666	0.00205	0.00556	0.00681	0.00799	0.01100
52	0.00957	0.00638	0.00718	0.00718	0.00718	0.00638	0.00399	0.00957	0.00957	0.01276	0.02074	0.04308	0.02393	0.76864	0.03351	0.00638	0.00638	0.00957	0.00399	0.00399
53	0.02459	0.03138	0.01866	0.01696	0.02035	0.74221	0.01272	0.02629	0.01866	0.01611	0.01018	0.01187	0.00848	0.00678	0.00594	0.00170	0.01187	0.00424	0.00339	0.00763
54	0.02954	0.01120	0.01528	0.01171	0.01681	0.00968	0.00968	0.03208	0.01884	0.73213	0.02597	0.02241	0.01630	0.00815	0.00662	0.00204	0.00560	0.00662	0.00815	0.01120
55	0.05555	0.01885	0.01931	0.01498	0.02012	0.05524	0.01231	0.64610	0.02959	0.03980	0.01528	0.01542	0.01091	0.00778	0.00646	0.00196	0.00739	0.00575	0.00633	0.01087
56	0.00778	0.00667	0.00667	0.00667	0.00889	0.00556	0.00500	0.00945	0.01501	0.01778	0.06669	0.06336	0.72490	0.01667	0.00778	0.00222	0.00333	0.01389	0.00611	0.00556
57	0.01683	0.01683	0.02567	0.07350	0.63162	0.07958	0.01945	0.02057	0.01522	0.02080	0.01216	0.01597	0.01017	0.00598	0.00647	0.00194	0.00822	0.00572	0.00325	0.01003
58	0.01630	0.01557	0.02614	0.03907	0.69251	0.01568	0.01972	0.02093	0.04957	0.02181	0.01309	0.01670	0.01090	0.00602	0.00653	0.00197	0.00769	0.00594	0.00343	0.01043
59	0.02367	0.02945	0.01823	0.01656	0.01999	0.66109	0.01246	0.02726	0.09656	0.01739	0.01203	0.01329	0.00978	0.00702	0.00602	0.00176	0.01113	0.00460	0.00376	0.00794
60	0.02101	0.02338	0.01715	0.01524	0.01821	0.42831	0.01163	0.11784	0.06074	0.01998	0.01328	0.01696	0.01143	0.07171	0.06670	0.00292	0.06618	0.00543	0.00406	0.00784
61	0.00792	0.00671	0.00686	0.00694	0.00913	0.00566	0.00528	0.00965	0.01501	0.01788	0.06512	0.06389	0.69100	0.01675	0.00785	0.00226	0.00347	0.04693	0.00611	0.00558
62	0.01365	0.01170	0.01365	0.00975	0.01560	0.00878	0.00780	0.01658	0.01365	0.02145	0.01170	0.01365	0.00975	0.00488	0.00488	0.00098	0.00488	0.00390	0.00390	0.80888
63	0.01903	0.08661	0.09957	0.01354	0.01815	0.11528	0.01204	0.12509	0.10196	0.12302	0.03341	0.02269	0.01563	0.03592	0.05208	0.00262	0.00797	0.05259	0.00514	0.05765
64	0.08298	0.57362	0.13486	0.01237	0.01839	0.05025	0.01290	0.02010	0.01347	0.01746	0.00958	0.01111	0.00832	0.00581	0.00457	0.00157	0.00746	0.00375	0.00294	0.00850
65	0.01144	0.00572	0.00858	0.00858	0.00858	0.00572	0.00572	0.00858	0.00858	0.01144	0.01144	0.02001	0.01144	0.02287	0.02573	0.80846	0.00572	0.00572	0.00286	0.00286
66	0.01653	0.01407	0.01489	0.01329	0.01701	0.01619	0.01036	0.06627	0.65709	0.02816	0.05207	0.02505	0.02122	0.00905	0.00673	0.00221	0.00523	0.00754	0.00671	0.01030
67	0.00957	0.00638	0.00718	0.00718	0.00718	0.00638	0.00399	0.00957	0.00957	0.01276	0.02074	0.04308	0.02393	0.76864	0.03351	0.00638	0.00638	0.00957	0.00399	0.00399
68	0.00836	0.00669	0.00747	0.00728	0.00925	0.00580	0.00546	0.01057	0.01638	0.02104	0.31481	0.05800	0.47475	0.01546	0.00777	0.00217	0.00325	0.01314	0.00654	0.00580
69	0.01610	0.09514	0.04032	0.05916	0.02129	0.05506	0.08609	0.07549	0.01343	0.01870	0.01011	0.01451	0.00897	0.00935	0.01512	0.00247	0.44185	0.00566	0.00326	0.00793
70	0.02312	0.02992	0.07254	0.01781	0.04819	0.61012	0.01379	0.04706	0.04454	0.01789	0.01118	0.01279	0.00906	0.00682	0.00603	0.00176	0.01116	0.00452	0.00356	0.00811
71	0.01389	0.13350	0.61278	0.01809	0.02715	0.01680	0.04882	0.02070	0.01389	0.02013	0.01151	0.01360	0.00842	0.00614	0.00604	0.00200	0.00942	0.00479	0.00281	0.00952
72	0.01406	0.16551	0.41568	0.01504	0.02210	0.01556	0.01756	0.04559	0.01521	0.03793	0.10530	0.03694	0.03646	0.00801	0.00624	0.00199	0.00781	0.02032	0.00386	0.00885
73	0.01537	0.02301	0.32500	0.01662	0.02300	0.04172	0.08180	0.10174	0.09641	0.04238	0.05569	0.02223	0.07925	0.00829	0.00731	0.00213	0.03761	0.00681	0.00443	0.00920
74	0.04632	0.10321	0.21997	0.01399	0.01922	0.11448	0.01384	0.04488	0.10583	0.07069	0.08923	0.02069	0.01718	0.04018	0.05019	0.00263	0.00825	0.00612	0.00448	0.00863
75	0.08701	0.16345	0.17924	0.01513	0.02060	0.09688	0.06315	0.08279	0.07714	0.04092	0.01606	0.01729	0.05170	0.00749	0.00686	0.00198	0.05387	0.00559	0.00403	0.00880
76	0.06045	0.09354	0.20830	0.03487	0.02152	0.08928	0.04071	0.06592	0.07723	0.17023	0.03448	0.01718	0.01269	0.00709	0.00610	0.00194	0.00771	0.00554	0.00479	0.04042
77	0.09996	0.22119	0.15460	0.01275	0.01797	0.01738	0.01257	0.13802	0.06966	0.02418	0.06190	0.02096	0.04910	0.00863	0.00662	0.03379	0.00672	0.03098	0.00445	0.00858

[dist]
# distance from previous block
# <min> <max>
2	28

[block]
# block no. 3 follows, 33 sequences, length 48
# corresponding to MSA columns:
# 214-261
name=unknown_D
#
# <colnr> <probs for GDERKNQSTAVLIFYWHMCP>
#	G	D	E	R	K	N	Q	S	T	A	V	L	I	F	Y	W	H	M	C	P
0	0.15489	0.06905	0.04529	0.01916	0.20591	0.01496	0.01267	0.09182	0.08546	0.11972	0.01863	0.01931	0.05746	0.00736	0.00595	0.00194	0.00631	0.00594	0.00490	0.05329
1	0.14413	0.11140	0.07195	0.01627	0.10234	0.09817	0.03428	0.10868	0.08268	0.02363	0.01380	0.01727	0.01158	0.08133	0.00838	0.00230	0.00736	0.00542	0.00418	0.05485
2	0.07677	0.07747	0.03710	0.01339	0.01750	0.09159	0.05202	0.15398	0.11255	0.08504	0.07675	0.02424	0.01844	0.06529	0.00842	0.00233	0.00690	0.04217	0.00536	0.03271
3	0.06273	0.04103	0.04957	0.10110	0.12893	0.05785	0.03283	0.01619	0.01249	0.04431	0.01556	0.02570	0.01503	0.27277	0.07323	0.00419	0.02895	0.00694	0.00369	0.00690
4	0.06362	0.01504	0.04260	0.12082	0.26269	0.04917	0.06798	0.02164	0.09530	0.07203	0.05665	0.02017	0.01481	0.03449	0.00802	0.00224	0.03297	0.00648	0.00425	0.00901
5	0.01961	0.01945	0.01644	0.07840	0.01977	0.28609	0.01128	0.11310	0.06703	0.05826	0.01460	0.01859	0.01224	0.09444	0.03346	0.00262	0.03519	0.00567	0.00437	0.08938
6	0.01332	0.01255	0.02074	0.54927	0.03877	0.01520	0.07292	0.04221	0.03784	0.01871	0.04053	0.01873	0.01145	0.00732	0.00802	0.00224	0.07284	0.00630	0.00339	0.00763
7	0.02503	0.01844	0.01976	0.01515	0.02042	0.02042	0.01251	0.70562	0.03095	0.04149	0.01581	0.01581	0.01120	0.00790	0.00659	0.00198	0.00724	0.00593	0.00659	0.01120
8	0.00884	0.00637	0.00855	0.01000	0.01083	0.00607	0.00750	0.01062	0.01354	0.01778	0.03728	0.50933	0.07429	0.01965	0.00859	0.00277	0.00452	0.23180	0.00610	0.00559
9	0.74551	0.07907	0.01184	0.00888	0.01310	0.01575	0.00749	0.01938	0.01139	0.02831	0.00917	0.01068	0.00724	0.00607	0.00409	0.00198	0.00526	0.00356	0.00396	0.00724
10	0.01325	0.01278	0.01716	0.01521	0.01570	0.04337	0.01244	0.01498	0.01055	0.01568	0.01146	0.01783	0.01104	0.02297	0.24251	0.00520	0.50185	0.00610	0.00310	0.00681
11	0.01144	0.00572	0.00858	0.00858	0.00858	0.00572	0.00572	0.00858	0.00858	0.01144	0.01144	0.02001	0.01144	0.02287	0.02573	0.80846	0.00572	0.00572	0.00286	0.00286
12	0.00926	0.00673	0.00872	0.00822	0.00980	0.00619	0.00617	0.01232	0.01851	0.02609	0.70072	0.04968	0.08569	0.01357	0.00777	0.00208	0.00311	0.01198	0.00721	0.00619
13	0.01793	0.73718	0.03374	0.01154	0.01706	0.06028	0.01133	0.02003	0.01363	0.01552	0.00920	0.01062	0.00845	0.00569	0.00431	0.00142	0.00727	0.00355	0.00284	0.00841
14	0.20239	0.01802	0.15138	0.01389	0.01973	0.01499	0.04018	0.20442	0.01925	0.22896	0.01632	0.01623	0.01113	0.00716	0.00601	0.00204	0.00691	0.00546	0.00561	0.00991
15	0.02352	0.14524	0.02109	0.01609	0.01982	0.63220	0.01250	0.02528	0.01784	0.01602	0.01002	0.01167	0.00848	0.00661	0.00567	0.00165	0.01113	0.00413	0.00330	0.00776
16	0.78393	0.01267	0.00990	0.00878	0.01289	0.01457	0.00723	0.01986	0.01151	0.05745	0.00983	0.01116	0.00749	0.00619	0.00418	0.00204	0.00511	0.00369	0.00424	0.00729
17	0.03997	0.02557	0.38163	0.02298	0.08655	0.01605	0.24784	0.06106	0.01545	0.02247	0.01251	0.01538	0.00919	0.00608	0.00673	0.00211	0.00974	0.00593	0.00327	0.00951
18	0.04278	0.01492	0.02499	0.25590	0.09936	0.03998	0.22323	0.01962	0.04759	0.01988	0.01263	0.01680	0.00986	0.00647	0.00769	0.00209	0.05978	0.00618	0.00341	0.08687
19	0.00818	0.00642	0.00741	0.00773	0.00928	0.00564	0.00558	0.01001	0.01511	0.01937	0.20049	0.25902	0.38815	0.01710	0.00795	0.00232	0.00342	0.01483	0.00636	0.00564
20	0.11066	0.60701	0.07708	0.01167	0.01731	0.05135	0.01170	0.02000	0.01336	0.01750	0.00937	0.01085	0.00829	0.00577	0.00441	0.00154	0.00717	0.00364	0.00298	0.00835
21	0.81514	0.01273	0.00968	0.00866	0.01273	0.01477	0.00713	0.01935	0.01120	0.02954	0.00917	0.01069	0.00713	0.00611	0.00407	0.00204	0.00509	0.00356	0.00407	0.00713
22	0.01604	0.01538	0.02626	0.08745	0.68253	0.01557	0.02008	0.01998	0.01487	0.02120	0.01234	0.01638	0.01032	0.00591	0.00652	0.00197	0.00788	0.00586	0.00324	0.01022
23	0.00800	0.00580	0.00756	0.00897	0.00950	0.00536	0.00602	0.00919	0.01280	0.01688	0.03872	0.70825	0.09806	0.02031	0.00835	0.00264	0.00378	0.01833	0.00611	0.00536
24	0.01548	0.01497	0.02600	0.18167	0.55367	0.01549	0.05725	0.01958	0.01466	0.02055	0.01230	0.01662	0.01007	0.00599	0.00660	0.00202	0.00819	0.00597	0.00320	0.00972
25	0.00957	0.00638	0.00718	0.00718	0.00718	0.00638	0.00399	0.00957	0.00957	0.01276	0.02074	0.04308	0.02393	0.76864	0.03351	0.00638	0.00638	0.00957	0.00399	0.00399
26	0.01580	0.01399	0.01874	0.08348	0.14491	0.01557	0.05279	0.07214	0.34949	0.02552	0.08712	0.02345	0.01976	0.00846	0.00742	0.00217	0.03686	0.00730	0.00546	0.00958
27	0.00913	0.00672	0.00853	0.00808	0.00972	0.00613	0.00606	0.01205	0.01818	0.02532	0.64183	0.05095	0.14506	0.01386	0.00777	0.00209	0.00313	0.01215	0.00711	0.00613
28	0.01344	0.01273	0.02157	0.56631	0.22394	0.01489	0.01879	0.01771	0.01364	0.01805	0.01188	0.01722	0.00921	0.00639	0.00656	0.00213	0.00853	0.00585	0.00301	0.00813
29	0.02339	0.02596	0.01852	0.01677	0.04003	0.50404	0.01258	0.13770	0.01983	0.04958	0.01219	0.01398	0.00977	0.00963	0.04920	0.00232	0.03721	0.00488	0.00410	0.00833
30	0.00897	0.00672	0.00832	0.00792	0.00962	0.00606	0.00594	0.01175	0.01781	0.02444	0.57469	0.05240	0.21275	0.01419	0.00777	0.00211	0.00316	0.01236	0.00699	0.00606
31	0.01086	0.00917	0.01160	0.01119	0.01218	0.05169	0.00854	0.01272	0.01084	0.01502	0.01667	0.02634	0.01624	0.14971	0.51454	0.00859	0.09759	0.00712	0.00352	0.00585
32	0.01687	0.01445	0.01562	0.01453	0.04442	0.01658	0.01091	0.07317	0.64937	0.02811	0.02561	0.02374	0.01921	0.00876	0.00669	0.00221	0.00543	0.00730	0.00656	0.01047
33	0.01861	0.01528	0.01630	0.01546	0.06713	0.05795	0.01132	0.07973	0.51740	0.08965	0.02399	0.02245	0.01780	0.00845	0.00663	0.00215	0.00595	0.00697	0.00639	0.01038
34	0.81514	0.01273	0.00968	0.00866	0.01273	0.01477	0.00713	0.01935	0.01120	0.02954	0.00917	0.01069	0.00713	0.00611	0.00407	0.00204	0.00509	0.00356	0.00407	0.00713
35	0.01314	0.01242	0.02102	0.62308	0.16958	0.01481	0.01863	0.01744	0.01350	0.01767	0.01183	0.01732	0.00908	0.00645	0.00657	0.00215	0.00860	0.00585	0.00299	0.00788
36	0.00953	0.00687	0.00912	0.00907	0.01058	0.00646	0.00708	0.01256	0.01776	0.02477	0.56594	0.07646	0.05673	0.01462	0.00805	0.00228	0.00371	0.14527	0.00698	0.00616
37	0.00887	0.00671	0.00818	0.00781	0.00956	0.00602	0.00586	0.01156	0.01758	0.02389	0.53266	0.05331	0.25512	0.01439	0.00777	0.00211	0.00317	0.01248	0.00692	0.00602
38	0.02453	0.01819	0.01948	0.01505	0.02023	0.02018	0.01239	0.66687	0.07052	0.04068	0.01644	0.01631	0.01171	0.00796	0.00659	0.00199	0.00713	0.00601	0.00659	0.01115
39	0.00861	0.00640	0.00801	0.00824	0.00956	0.00581	0.00594	0.01081	0.01603	0.02169	0.37822	0.27541	0.18840	0.01634	0.00797	0.00229	0.00337	0.01443	0.00667	0.00581
40	0.01431	0.21933	0.55891	0.01688	0.02558	0.01799	0.02105	0.02056	0.01377	0.01950	0.01115	0.01306	0.00837	0.00610	0.00575	0.00192	0.00905	0.00453	0.00279	0.00941
41	0.81514	0.01273	0.00968	0.00866	0.01273	0.01477	0.00713	0.01935	0.01120	0.02954	0.00917	0.01069	0.00713	0.00611	0.00407	0.00204	0.00509	0.00356	0.00407	0.00713
42	0.01962	0.01537	0.01643	0.01388	0.01814	0.01737	0.01105	0.24519	0.47255	0.06061	0.02331	0.02173	0.01715	0.00858	0.00666	0.00214	0.00586	0.00693	0.00672	0.01070
43	0.00802	0.00573	0.00764	0.00917	0.00955	0.00535	0.00611	0.00917	0.01260	0.01681	0.03628	0.76434	0.04354	0.02062	0.00840	0.00267	0.00382	0.01872	0.00611	0.00535
44	0.00832	0.00633	0.00854	0.00928	0.01024	0.00585	0.02609	0.00985	0.01342	0.01767	0.08525	0.55911	0.15438	0.01993	0.03023	0.00278	0.00432	0.01681	0.00603	0.00556
45	0.04707	0.16626	0.13046	0.01602	0.06087	0.06445	0.04584	0.15391	0.08948	0.09177	0.01631	0.06074	0.01315	0.00774	0.00612	0.00195	0.00745	0.00618	0.00476	0.00948
46	0.01672	0.47047	0.17518	0.01452	0.02061	0.07399	0.06316	0.02016	0.01384	0.01703	0.01030	0.01241	0.00878	0.00732	0.02762	0.00194	0.03013	0.00432	0.00291	0.00857
47	0.16069	0.08755	0.05373	0.01455	0.01967	0.06912	0.11943	0.09723	0.08798	0.08746	0.04342	0.01693	0.01296	0.00686	0.00591	0.00188	0.00712	0.00563	0.00474	0.09715

[dist]
# distance from previous block
# <min> <max>
1	13

[block]
# block no. 4 follows, 33 sequences, length 37
# corresponding to MSA columns:
# 275-311
name=unknown_E
#
# <colnr> <probs for GDERKNQSTAVLIFYWHMCP>
#	G	D	E	R	K	N	Q	S	T	A	V	L	I	F	Y	W	H	M	C	P
0	0.01950	0.11796	0.10528	0.01413	0.01876	0.04923	0.01278	0.22991	0.07879	0.10171	0.06105	0.05401	0.01616	0.00878	0.00786	0.00206	0.08069	0.00658	0.00532	0.00945
1	0.05373	0.01307	0.01896	0.48356	0.09352	0.04962	0.01625	0.04205	0.01384	0.01863	0.01317	0.06856	0.01132	0.00793	0.00775	0.00222	0.06830	0.00655	0.00338	0.00757
2	0.02469	0.01827	0.01957	0.01508	0.02029	0.02026	0.01243	0.67987	0.05724	0.04095	0.01623	0.01614	0.01154	0.00794	0.00659	0.00199	0.00717	0.00599	0.00659	0.01117
3	0.01480	0.04285	0.16730	0.02214	0.02920	0.01520	0.42150	0.02015	0.01480	0.02094	0.01260	0.01603	0.00958	0.00556	0.00683	0.00194	0.00954	0.00636	0.00332	0.15937
4	0.02326	0.00982	0.01321	0.01060	0.01463	0.00859	0.00857	0.02593	0.01865	0.51469	0.21692	0.03116	0.05443	0.00990	0.00697	0.00205	0.00484	0.00832	0.00783	0.00964
5	0.01435	0.05289	0.61915	0.01896	0.02807	0.01543	0.08089	0.02140	0.01427	0.05638	0.01257	0.01456	0.00888	0.00627	0.00634	0.00207	0.00956	0.00516	0.00310	0.00969
6	0.02387	0.02810	0.01957	0.01891	0.08669	0.57364	0.01339	0.12023	0.02002	0.02015	0.01117	0.01283	0.00904	0.00685	0.00608	0.00176	0.01085	0.00463	0.00382	0.00839
7	0.00802	0.00573	0.00764	0.00917	0.00955	0.00535	0.00611	0.00917	0.01260	0.01681	0.03628	0.76434	0.04354	0.02062	0.00840	0.00267	0.00382	0.01872	0.00611	0.00535
8	0.01538	0.01277	0.01457	0.01068	0.01635	0.01078	0.00859	0.11439	0.04975	0.02456	0.01300	0.01448	0.01045	0.00550	0.00520	0.00118	0.00522	0.00436	0.00441	0.65837
9	0.00914	0.00672	0.00855	0.00810	0.00973	0.00614	0.00607	0.01208	0.01822	0.02540	0.64819	0.05081	0.13865	0.01383	0.00777	0.00209	0.00313	0.01214	0.00712	0.00614
10	0.00916	0.00672	0.00858	0.00812	0.00974	0.00614	0.00609	0.01212	0.01826	0.02552	0.65679	0.05063	0.12998	0.01379	0.00777	0.00209	0.00313	0.01211	0.00713	0.00614
11	0.02503	0.01844	0.01976	0.01515	0.02042	0.02042	0.01251	0.70562	0.03095	0.04149	0.01581	0.01581	0.01120	0.00790	0.00659	0.00198	0.00724	0.00593	0.00659	0.01120
12	0.02461	0.03072	0.01871	0.01687	0.02036	0.70545	0.01271	0.06088	0.01928	0.01740	0.01046	0.01207	0.00862	0.00684	0.00597	0.00171	0.01164	0.00433	0.00355	0.00781
13	0.01599	0.01517	0.02496	0.09498	0.60035	0.01563	0.01905	0.02144	0.08618	0.02174	0.01380	0.01724	0.01128	0.00624	0.00654	0.00200	0.00763	0.00603	0.00358	0.01018
14	0.01629	0.01564	0.02672	0.04041	0.72757	0.01564	0.02020	0.02020	0.01499	0.02151	0.01238	0.01629	0.01043	0.00587	0.00652	0.00196	0.00782	0.00587	0.00326	0.01043
15	0.00791	0.00667	0.00685	0.00681	0.00897	0.00561	0.00510	0.00970	0.01531	0.01852	0.12251	0.06215	0.66862	0.01640	0.00778	0.00221	0.00332	0.01373	0.00621	0.00561
16	0.00961	0.00744	0.00884	0.00836	0.01030	0.00703	0.00631	0.01385	0.08569	0.02428	0.48569	0.05045	0.22980	0.01385	0.00766	0.00213	0.00337	0.01199	0.00690	0.00645
17	0.00957	0.00638	0.00718	0.00718	0.00718	0.00638	0.00399	0.00957	0.00957	0.01276	0.02074	0.04308	0.02393	0.76864	0.03351	0.00638	0.00638	0.00957	0.00399	0.00399
18	0.01760	0.77260	0.03450	0.01126	0.01690	0.02605	0.01126	0.01971	0.01338	0.01549	0.00915	0.01056	0.00845	0.00563	0.00422	0.00141	0.00704	0.00352	0.00282	0.00845
