[name]
unknown

[dist]
# distance from previous block
# <min> <max>
0	5

[block]
# block no. 0 follows, 31 sequences, length 21
# corresponding to MSA columns:
# 5-25
name=unknown_A
#
# <colnr> <probs for GDERKNQSTAVLIFYWHMCP>
#	G	D	E	R	K	N	Q	S	T	A	V	L	I	F	Y	W	H	M	C	P
0	0.04411	0.04904	0.03486	0.01349	0.03561	0.06440	0.01104	0.04336	0.04114	0.02113	0.02968	0.18048	0.03181	0.01580	0.00826	0.00272	0.00653	0.35377	0.00571	0.00708
1	0.02023	0.22517	0.08141	0.01601	0.04276	0.25739	0.03185	0.10758	0.03902	0.02139	0.03571	0.03896	0.03899	0.00786	0.00610	0.00185	0.00896	0.00580	0.00414	0.00883
2	0.01829	0.76368	0.03585	0.01171	0.01756	0.02707	0.01171	0.02049	0.01390	0.01610	0.00951	0.01097	0.00878	0.00585	0.00439	0.00146	0.00732	0.00366	0.00293	0.00878
3	0.01419	0.01216	0.01419	0.01013	0.01621	0.00912	0.00811	0.01723	0.01419	0.02229	0.01216	0.01419	0.01013	0.00507	0.00507	0.00101	0.00507	0.00405	0.00405	0.80139
4	0.01292	0.01216	0.02052	0.74312	0.04712	0.01520	0.01900	0.01748	0.01368	0.01748	0.01216	0.01824	0.00912	0.00684	0.00684	0.00228	0.00912	0.00608	0.00304	0.00760
5	0.01495	0.14363	0.56103	0.01811	0.02694	0.01801	0.02229	0.04745	0.01487	0.02143	0.01187	0.01402	0.00881	0.00672	0.00692	0.00209	0.04304	0.00493	0.00305	0.00985
6	0.01145	0.00892	0.00973	0.00900	0.01136	0.03467	0.00680	0.01423	0.03657	0.05344	0.22739	0.09795	0.28394	0.03173	0.00864	0.00226	0.02680	0.01174	0.04300	0.07038
7	0.03752	0.01131	0.01646	0.09330	0.07876	0.01181	0.06683	0.06374	0.05534	0.08979	0.10342	0.14518	0.06647	0.05545	0.04251	0.00296	0.03567	0.00999	0.00548	0.00802
8	0.01817	0.06217	0.13309	0.05534	0.04220	0.04573	0.03255	0.07771	0.07321	0.14297	0.03705	0.07585	0.04405	0.00871	0.00663	0.00199	0.00702	0.00723	0.00525	0.12309
9	0.01508	0.08379	0.07030	0.01263	0.01611	0.06184	0.05202	0.04183	0.08956	0.07972	0.11641	0.14975	0.07683	0.09143	0.01018	0.00267	0.00638	0.01007	0.00557	0.00786
10	0.01873	0.72154	0.03498	0.01193	0.01777	0.02674	0.01178	0.05861	0.01493	0.01763	0.00990	0.01128	0.00894	0.00599	0.00453	0.00150	0.00733	0.00380	0.00315	0.00894
11	0.01368	0.01220	0.01388	0.01183	0.03874	0.05002	0.00877	0.01626	0.01405	0.02060	0.01696	0.15122	0.01682	0.01054	0.03898	0.00193	0.03241	0.00719	0.00437	0.51955
12	0.01063	0.00861	0.01199	0.01147	0.01283	0.03514	0.03551	0.01285	0.01137	0.01580	0.01831	0.02846	0.01760	0.14514	0.58099	0.00971	0.01623	0.00761	0.00372	0.00603
13	0.04132	0.23479	0.26202	0.01625	0.02303	0.13156	0.04387	0.06389	0.05075	0.05367	0.01293	0.01429	0.00993	0.00670	0.00592	0.00191	0.00901	0.00493	0.00376	0.00948
14	0.01858	0.09269	0.07811	0.04215	0.01995	0.26495	0.04992	0.04749	0.01819	0.06121	0.14631	0.02600	0.08787	0.00920	0.00676	0.00197	0.00841	0.00730	0.00481	0.00814
15	0.01008	0.00857	0.00905	0.00947	0.01080	0.06422	0.00674	0.01202	0.01590	0.02057	0.24374	0.36912	0.15957	0.01736	0.00822	0.00243	0.00433	0.01528	0.00648	0.00605
16	0.02117	0.01676	0.01781	0.01476	0.01937	0.01896	0.01183	0.34052	0.39359	0.03532	0.02256	0.02132	0.01661	0.00879	0.00691	0.00220	0.00639	0.00701	0.00691	0.01120
17	0.02269	0.16597	0.07945	0.01486	0.02082	0.02110	0.01339	0.46121	0.02592	0.03466	0.01444	0.01504	0.01073	0.00739	0.00621	0.00187	0.00752	0.00543	0.00557	0.06571
18	0.01830	0.58912	0.12701	0.01418	0.05158	0.02412	0.01387	0.02138	0.01437	0.05644	0.01101	0.01240	0.00931	0.00610	0.00492	0.00162	0.00765	0.00414	0.00325	0.00921
19	0.06763	0.06814	0.55789	0.01902	0.05505	0.01685	0.02226	0.07548	0.01570	0.02374	0.01231	0.01431	0.00892	0.00658	0.00628	0.00211	0.00937	0.00503	0.00332	0.01002
20	0.06184	0.23328	0.32183	0.01708	0.05736	0.05073	0.03213	0.04064	0.01465	0.02051	0.01236	0.03354	0.01042	0.03532	0.00743	0.00215	0.03101	0.00529	0.00330	0.00913

[dist]
# distance from previous block
# <min> <max>
3	25

[block]
# block no. 1 follows, 31 sequences, length 24
# corresponding to MSA columns:
# 52-75
name=unknown_B
#
# <colnr> <probs for GDERKNQSTAVLIFYWHMCP>
#	G	D	E	R	K	N	Q	S	T	A	V	L	I	F	Y	W	H	M	C	P
0	0.01881	0.04860	0.17753	0.12423	0.21964	0.01514	0.03884	0.02446	0.06118	0.17952	0.01671	0.01837	0.01206	0.00701	0.00670	0.00212	0.00808	0.00611	0.00459	0.01028
1	0.00854	0.00683	0.00764	0.00769	0.00958	0.00593	0.00567	0.01059	0.01627	0.02070	0.23407	0.14788	0.46059	0.01696	0.00816	0.00233	0.00347	0.01452	0.00666	0.00593
2	0.01771	0.01874	0.15773	0.02484	0.18399	0.01472	0.19702	0.04036	0.01622	0.13546	0.01766	0.08848	0.01455	0.00818	0.00777	0.00225	0.03218	0.00783	0.00450	0.00981
3	0.01688	0.03843	0.12167	0.28612	0.10063	0.07539	0.01667	0.05511	0.01603	0.09603	0.01624	0.07688	0.01334	0.00816	0.00675	0.00216	0.00834	0.00690	0.02947	0.00879
4	0.01466	0.06911	0.26401	0.20294	0.03540	0.01691	0.25834	0.02064	0.01482	0.02036	0.01263	0.01659	0.00939	0.00629	0.00701	0.00220	0.01019	0.00629	0.00313	0.00909
5	0.00826	0.00624	0.00764	0.00876	0.00972	0.00562	0.00601	0.00961	0.01384	0.01777	0.04707	0.55085	0.24345	0.02022	0.00854	0.00264	0.00382	0.01796	0.00635	0.00562
6	0.01495	0.12000	0.40256	0.01818	0.07138	0.03414	0.03974	0.02051	0.01522	0.05450	0.06597	0.05129	0.04643	0.00813	0.00659	0.00209	0.00847	0.00667	0.00386	0.00933
7	0.01533	0.06817	0.38606	0.01855	0.07045	0.05975	0.04659	0.04905	0.01527	0.03986	0.01546	0.04318	0.01340	0.09187	0.00983	0.00265	0.00906	0.03273	0.00369	0.00906
8	0.00874	0.00680	0.00803	0.00871	0.01030	0.00610	0.00656	0.01063	0.01513	0.01907	0.09493	0.26810	0.36852	0.01857	0.00850	0.00257	0.00406	0.12242	0.00642	0.00584
9	0.01535	0.17908	0.55738	0.01764	0.02670	0.01786	0.02194	0.02193	0.01455	0.05020	0.01235	0.01413	0.00904	0.00645	0.00610	0.00202	0.00937	0.00486	0.00313	0.00991
10	0.01617	0.01349	0.02008	0.46012	0.08813	0.04266	0.03543	0.04832	0.04513	0.09563	0.01790	0.02141	0.05092	0.00770	0.00692	0.00222	0.00834	0.00671	0.00420	0.00854
11	0.01497	0.02035	0.18951	0.14832	0.18123	0.01598	0.25617	0.02057	0.01535	0.02143	0.04040	0.01845	0.01200	0.00651	0.00723	0.00221	0.00975	0.00679	0.00340	0.00939
12	0.01589	0.01408	0.02369	0.36599	0.36371	0.01539	0.01941	0.02010	0.01494	0.06204	0.01339	0.01792	0.01040	0.00658	0.00681	0.00215	0.00845	0.00614	0.00353	0.00938
13	0.01719	0.01624	0.02949	0.16434	0.28920	0.01651	0.23840	0.07138	0.01682	0.05247	0.01392	0.01790	0.01069	0.00638	0.00722	0.00217	0.00928	0.00678	0.00382	0.00981
14	0.01968	0.67944	0.03361	0.01176	0.01755	0.02516	0.01152	0.02193	0.01454	0.09512	0.01147	0.01235	0.00969	0.00615	0.00467	0.00154	0.00715	0.00402	0.00355	0.00910
15	0.00834	0.00595	0.00794	0.00953	0.00992	0.00556	0.00635	0.00953	0.01310	0.01746	0.03771	0.75510	0.04525	0.02143	0.00873	0.00278	0.00397	0.01945	0.00635	0.00556
16	0.01195	0.01391	0.13283	0.01527	0.05910	0.01046	0.07172	0.04593	0.04517	0.02180	0.09703	0.27278	0.08811	0.01424	0.00797	0.00247	0.00622	0.06992	0.00550	0.00763
17	0.04461	0.05818	0.26608	0.06768	0.08271	0.13213	0.05021	0.05058	0.05784	0.08087	0.01498	0.01791	0.01144	0.00729	0.00656	0.00210	0.00916	0.02603	0.00409	0.00957
18	0.01315	0.01239	0.02093	0.70315	0.08531	0.01526	0.01911	0.01768	0.01379	0.01776	0.01220	0.01817	0.00922	0.00680	0.00684	0.00227	0.00906	0.00608	0.00306	0.00778
19	0.00832	0.00601	0.00788	0.00936	0.00988	0.00557	0.00628	0.00954	0.01325	0.01753	0.03968	0.71204	0.08704	0.02118	0.00869	0.00275	0.00394	0.01914	0.00635	0.00557
20	0.01585	0.01856	0.10563	0.09177	0.34191	0.06350	0.12166	0.02015	0.01521	0.02076	0.01476	0.08122	0.01318	0.00779	0.00769	0.00220	0.03783	0.00733	0.00357	0.00944
21	0.01457	0.01920	0.20279	0.14263	0.08135	0.04583	0.04970	0.08457	0.01659	0.02255	0.05875	0.07899	0.06420	0.01029	0.02902	0.00241	0.00832	0.00773	0.00427	0.05624
22	0.01478	0.01396	0.02181	0.07458	0.46379	0.04191	0.01673	0.01803	0.01497	0.02056	0.01924	0.21020	0.01967	0.01020	0.00727	0.00223	0.00727	0.00953	0.00415	0.00914
23	0.03780	0.06340	0.09806	0.08539	0.29699	0.04712	0.16626	0.02227	0.01575	0.08145	0.01380	0.01696	0.01061	0.00636	0.00681	0.00209	0.00901	0.00621	0.00376	0.00989

[dist]
# distance from previous block
# <min> <max>
2	5

[block]
# block no. 2 follows, 31 sequences, length 8
# corresponding to MSA columns:
# 81-88
name=unknown_C
#
# <colnr> <probs for GDERKNQSTAVLIFYWHMCP>
#	G	D	E	R	K	N	Q	S	T	A	V	L	I	F	Y	W	H	M	C	P
0	0.01889	0.06750	0.04434	0.11354	0.28314	0.18092	0.01696	0.08254	0.01738	0.02173	0.03381	0.01648	0.01159	0.00721	0.00752	0.00203	0.05561	0.00572	0.00375	0.00935
1	0.01474	0.01153	0.01649	0.07864	0.14258	0.01138	0.03783	0.10071	0.01692	0.06408	0.04904	0.26198	0.05714	0.01226	0.00741	0.00222	0.00606	0.01098	0.00541	0.09259
2	0.01668	0.06199	0.05049	0.07426	0.16073	0.02910	0.04466	0.15529	0.04090	0.04892	0.04253	0.10979	0.09399	0.03056	0.00786	0.00229	0.00702	0.00879	0.00511	0.00902
3	0.01949	0.40755	0.03135	0.08341	0.02384	0.09975	0.13002	0.02252	0.01545	0.08980	0.01242	0.01436	0.00993	0.00633	0.00571	0.00179	0.00861	0.00506	0.00366	0.00895
4	0.01302	0.01118	0.01521	0.01672	0.16308	0.00957	0.01032	0.01573	0.01416	0.02086	0.01993	0.23585	0.02076	0.01017	0.00652	0.00176	0.00539	0.00908	0.00460	0.39609
5	0.01975	0.02549	0.09762	0.01982	0.09304	0.38812	0.07732	0.02306	0.01815	0.02019	0.13281	0.02031	0.01879	0.00797	0.00677	0.00195	0.01001	0.00637	0.00413	0.00833
6	0.01370	0.01159	0.01299	0.09236	0.06037	0.07711	0.00930	0.08385	0.01539	0.01987	0.09608	0.09420	0.02598	0.31138	0.01839	0.00400	0.00702	0.03507	0.00483	0.00652
7	0.01577	0.07583	0.07794	0.05593	0.19063	0.03250	0.06879	0.03839	0.11095	0.02225	0.04448	0.02090	0.04966	0.00796	0.00808	0.00207	0.07624	0.00662	0.00423	0.09079

[dist]
# distance from previous block
# <min> <max>
0	14

[block]
# block no. 3 follows, 31 sequences, length 17
# corresponding to MSA columns:
# 103-119
name=unknown_D
#
# <colnr> <probs for GDERKNQSTAVLIFYWHMCP>
#	G	D	E	R	K	N	Q	S	T	A	V	L	I	F	Y	W	H	M	C	P
0	0.01639	0.05799	0.30386	0.02320	0.03119	0.01665	0.35168	0.02261	0.01564	0.07375	0.01402	0.01692	0.01013	0.00626	0.00721	0.00220	0.01037	0.00661	0.00359	0.00973
1	0.00920	0.00697	0.00848	0.00811	0.00993	0.00625	0.00608	0.01198	0.01824	0.02476	0.52053	0.05552	0.25898	0.01499	0.00807	0.00220	0.00330	0.01299	0.00718	0.00625
2	0.05516	0.01637	0.13004	0.01283	0.01951	0.01107	0.05626	0.01840	0.01423	0.02260	0.01215	0.01435	0.00977	0.00541	0.00545	0.00134	0.00632	0.00446	0.00384	0.58041
3	0.11004	0.01777	0.07014	0.12697	0.04761	0.06939	0.10029	0.18550	0.01971	0.13445	0.01567	0.01732	0.01120	0.00724	0.00656	0.00211	0.00817	0.00602	0.03421	0.00964
4	0.02457	0.01845	0.01972	0.01545	0.02067	0.02054	0.01266	0.58878	0.13980	0.04080	0.01825	0.01788	0.01312	0.00838	0.00686	0.00210	0.00719	0.00641	0.00686	0.01151
5	0.01419	0.01216	0.01419	0.01013	0.01621	0.00912	0.00811	0.01723	0.01419	0.02229	0.01216	0.01419	0.01013	0.00507	0.00507	0.00101	0.00507	0.00405	0.00405	0.80139
6	0.01509	0.01740	0.15289	0.11850	0.20206	0.01403	0.05541	0.02157	0.09754	0.05514	0.10629	0.02371	0.03899	0.00803	0.00696	0.00212	0.00750	0.00720	0.00456	0.04502
7	0.01619	0.01831	0.11452	0.09915	0.57336	0.01612	0.02136	0.02078	0.01527	0.02185	0.01273	0.01673	0.01042	0.00621	0.00674	0.00207	0.00846	0.00596	0.00329	0.01047
8	0.03869	0.01775	0.07861	0.07041	0.30883	0.06998	0.03800	0.10424	0.01758	0.04577	0.01798	0.05729	0.05350	0.00798	0.00680	0.00206	0.00793	0.00700	0.00431	0.04528
9	0.01772	0.05005	0.02152	0.22229	0.17660	0.08984	0.01568	0.13409	0.04334	0.02388	0.04125	0.01786	0.01259	0.00730	0.00710	0.00202	0.03383	0.00596	0.00420	0.07288
10	0.01690	0.05821	0.06739	0.06613	0.01934	0.09617	0.03372	0.05512	0.05207	0.10024	0.14280	0.07984	0.03941	0.01005	0.00804	0.00212	0.06198	0.00812	0.03014	0.05221
11	0.01768	0.07859	0.07642	0.01517	0.07861	0.10308	0.01179	0.06736	0.06503	0.11349	0.14427	0.07349	0.07448	0.01004	0.00689	0.00204	0.00664	0.00829	0.00562	0.04104
12	0.01536	0.01335	0.05156	0.03804	0.08287	0.03781	0.03456	0.04913	0.07073	0.08671	0.06782	0.05325	0.10799	0.06747	0.03847	0.00275	0.02705	0.02395	0.00522	0.12592
13	0.04776	0.03777	0.06619	0.12773	0.13316	0.01387	0.10277	0.05423	0.05613	0.06281	0.06383	0.06491	0.05498	0.07297	0.00943	0.00258	0.00748	0.00815	0.00466	0.00857
14	0.05373	0.03800	0.06982	0.01782	0.11150	0.06783	0.05831	0.13796	0.05406	0.07913	0.09921	0.04585	0.05021	0.00869	0.00676	0.00201	0.00707	0.00734	0.00532	0.07935
15	0.03896	0.04228	0.07434	0.01468	0.01884	0.09576	0.09459	0.09541	0.01757	0.04610	0.10239	0.12283	0.07505	0.01057	0.00788	0.00213	0.04594	0.00891	0.00509	0.08066
16	0.06632	0.08398	0.13654	0.01584	0.07065	0.06054	0.03673	0.04306	0.04342	0.12737	0.04816	0.05163	0.06732	0.00971	0.02416	0.00225	0.03048	0.00699	0.00490	0.06995

[dist]
# distance from previous block
# <min> <max>
15	42

[block]
# block no. 4 follows, 31 sequences, length 41
# corresponding to MSA columns:
# 167-207
name=unknown_E
#
# <colnr> <probs for GDERKNQSTAVLIFYWHMCP>
#	G	D	E	R	K	N	Q	S	T	A	V	L	I	F	Y	W	H	M	C	P
0	0.05373	0.08695	0.03640	0.01462	0.06476	0.01369	0.05606	0.09985	0.04579	0.07995	0.05043	0.13828	0.10349	0.01100	0.00765	0.00216	0.04297	0.00920	0.04343	0.03958
1	0.01691	0.01536	0.05042	0.01399	0.04524	0.06594	0.04028	0.10665	0.05087	0.06031	0.11171	0.04070	0.01951	0.00780	0.00634	0.00168	0.00635	0.00653	0.00517	0.32824
2	0.15417	0.01435	0.01532	0.01268	0.01696	0.05302	0.02586	0.16998	0.09847	0.20269	0.05206	0.05190	0.06208	0.01055	0.02751	0.00241	0.00657	0.00740	0.00645	0.00959
3	0.15704	0.02302	0.05107	0.01527	0.01919	0.32004	0.01248	0.07753	0.01742	0.08934	0.01238	0.01405	0.00965	0.00771	0.00813	0.00203	0.10912	0.00489	0.00431	0.04534
4	0.02075	0.01668	0.01846	0.01625	0.05367	0.01893	0.01243	0.31417	0.35592	0.03396	0.02147	0.02079	0.01596	0.00878	0.00755	0.00222	0.03750	0.00691	0.00657	0.01103
5	0.01717	0.01467	0.01559	0.01366	0.01780	0.01649	0.01068	0.06481	0.61077	0.02871	0.02589	0.02407	0.01948	0.00885	0.00678	0.00219	0.00548	0.00733	0.00669	0.08289
6	0.04155	0.01719	0.03960	0.01418	0.01964	0.01749	0.01184	0.40138	0.12722	0.06004	0.01736	0.01739	0.01271	0.00766	0.00644	0.00189	0.00669	0.00591	0.00618	0.16764
7	0.00978	0.00730	0.01086	0.01086	0.01204	0.00848	0.00839	0.01213	0.01096	0.01578	0.01845	0.02755	0.01740	0.07796	0.70620	0.01083	0.01789	0.00743	0.00368	0.00603
8	0.00995	0.00663	0.00746	0.00746	0.00746	0.00663	0.00415	0.00995	0.00995	0.01327	0.02156	0.04477	0.02487	0.75957	0.03482	0.00663	0.00663	0.00995	0.00415	0.00415
9	0.01496	0.00966	0.01271	0.01171	0.01457	0.00934	0.03721	0.05186	0.07736	0.14337	0.11945	0.11650	0.15227	0.01457	0.00813	0.00251	0.00534	0.18383	0.00680	0.00786
10	0.01583	0.12788	0.43342	0.02156	0.09462	0.07281	0.09794	0.02191	0.01506	0.02064	0.01201	0.01452	0.00910	0.00633	0.00640	0.00205	0.00988	0.00526	0.00306	0.00974
11	0.01779	0.01832	0.02668	0.09099	0.53629	0.11542	0.05281	0.02165	0.01599	0.02118	0.01255	0.01647	0.01040	0.00627	0.00676	0.00203	0.00895	0.00596	0.00338	0.01011
12	0.00962	0.00656	0.00785	0.00816	0.00834	0.00658	0.00494	0.01006	0.01065	0.01430	0.02443	0.18148	0.02819	0.55679	0.08802	0.00625	0.00709	0.01158	0.00453	0.00458
13	0.01932	0.01462	0.02517	0.15999	0.08697	0.01478	0.22101	0.07203	0.05589	0.18582	0.01832	0.04207	0.01363	0.00878	0.02817	0.00248	0.00879	0.00741	0.00507	0.00968
14	0.02237	0.06929	0.02357	0.08288	0.04324	0.33250	0.09608	0.17806	0.02068	0.02359	0.01240	0.01467	0.00974	0.00722	0.00709	0.00197	0.03600	0.00546	0.00418	0.00902
15	0.02194	0.01333	0.01552	0.01240	0.01667	0.01356	0.01005	0.30493	0.02449	0.21546	0.18355	0.03048	0.08632	0.01040	0.00724	0.00211	0.00574	0.00849	0.00738	0.00994
16	0.01734	0.01765	0.02537	0.16475	0.50589	0.10939	0.01962	0.02119	0.01573	0.02075	0.01244	0.01657	0.01026	0.00635	0.00671	0.00204	0.00885	0.00587	0.00334	0.00988
17	0.01607	0.04971	0.02529	0.20641	0.33760	0.01647	0.07928	0.05299	0.07115	0.02192	0.01438	0.01900	0.01174	0.03951	0.00804	0.00232	0.00833	0.00646	0.00377	0.00955
18	0.01902	0.16231	0.09300	0.05508	0.16048	0.13897	0.01520	0.05402	0.05182	0.07454	0.06239	0.01802	0.01447	0.00757	0.00708	0.00198	0.04463	0.00582	0.00426	0.00935
19	0.08728	0.02945	0.51680	0.04344	0.02808	0.01615	0.06731	0.05275	0.01512	0.04207	0.01262	0.01489	0.00905	0.00674	0.00690	0.00219	0.03071	0.00530	0.00339	0.00976
20	0.01763	0.17844	0.19565	0.02246	0.14197	0.04824	0.13398	0.02209	0.01510	0.07739	0.01292	0.01551	0.01006	0.00683	0.00777	0.00207	0.07305	0.00566	0.00357	0.00961
21	0.03610	0.04369	0.14850	0.08888	0.15092	0.03623	0.10796	0.07585	0.03439	0.02271	0.03927	0.09049	0.04005	0.01075	0.04185	0.00262	0.00872	0.00785	0.00420	0.00896
22	0.01898	0.01856	0.15724	0.06463	0.19981	0.01486	0.10897	0.04209	0.04847	0.17735	0.01762	0.02097	0.01323	0.00761	0.00753	0.00222	0.03088	0.03401	0.00477	0.01021
23	0.00998	0.00892	0.01119	0.02816	0.01327	0.03247	0.06326	0.01248	0.01644	0.02069	0.19924	0.08782	0.40962	0.01528	0.00808	0.00232	0.00468	0.04358	0.00619	0.00634
24	0.01681	0.01627	0.06577	0.12984	0.16686	0.01542	0.25079	0.02206	0.04447	0.09554	0.05953	0.02062	0.01470	0.00727	0.00804	0.00224	0.04281	0.00727	0.00426	0.00942
25	0.01792	0.04136	0.04317	0.16618	0.22703	0.01518	0.10903	0.02174	0.01541	0.15001	0.01644	0.05948	0.01322	0.00794	0.00820	0.00223	0.06446	0.00713	0.00438	0.00949
26	0.01455	0.01285	0.01983	0.15917	0.18098	0.03858	0.05616	0.01773	0.01357	0.05195	0.01543	0.02288	0.01362	0.06374	0.18610	0.00467	0.09220	0.02424	0.00372	0.00802
27	0.01702	0.05174	0.30565	0.02224	0.05590	0.08661	0.22697	0.07585	0.04972	0.02312	0.01359	0.01614	0.01011	0.00656	0.00694	0.00214	0.01016	0.00613	0.00365	0.00976
28	0.03376	0.18613	0.22161	0.01851	0.08552	0.07713	0.04464	0.10250	0.05810	0.02333	0.04506	0.01644	0.01261	0.00728	0.00686	0.00200	0.03942	0.00556	0.00398	0.00956
29	0.00949	0.00681	0.00912	0.01056	0.01150	0.00656	0.00809	0.01145	0.01413	0.01853	0.03771	0.41565	0.07111	0.05565	0.01025	0.00309	0.00502	0.28325	0.00622	0.00580
30	0.00957	0.00684	0.00936	0.01094	0.01188	0.00662	0.00850	0.01166	0.01432	0.01885	0.03702	0.44338	0.04255	0.02027	0.00906	0.00295	0.00504	0.31897	0.00633	0.00590
31	0.02354	0.03685	0.02063	0.05405	0.12289	0.16971	0.01384	0.31961	0.02384	0.08796	0.01546	0.01660	0.01145	0.00755	0.00654	0.00197	0.00836	0.00579	0.04314	0.01022
32	0.02135	0.03683	0.01793	0.10809	0.03990	0.06094	0.01236	0.12374	0.08906	0.21163	0.01884	0.01977	0.01366	0.00848	0.00857	0.00217	0.10333	0.00632	0.08744	0.00961
33	0.01292	0.01216	0.02052	0.74312	0.04712	0.01520	0.01900	0.01748	0.01368	0.01748	0.01216	0.01824	0.00912	0.00684	0.00684	0.00228	0.00912	0.00608	0.00304	0.00760
34	0.01015	0.00768	0.00945	0.00889	0.01078	0.00732	0.00670	0.01465	0.08025	0.02649	0.57623	0.05055	0.13700	0.01396	0.00797	0.00219	0.00345	0.01220	0.00734	0.00677
35	0.01374	0.01316	0.01859	0.01631	0.01660	0.01801	0.01345	0.01546	0.01060	0.01633	0.01120	0.01779	0.01091	0.02130	0.19082	0.00489	0.57423	0.00631	0.00315	0.00716
36	0.01879	0.01454	0.01576	0.01387	0.01791	0.01641	0.01094	0.08892	0.56335	0.09266	0.02713	0.02638	0.02041	0.00946	0.00703	0.00231	0.00565	0.03060	0.00707	0.01081
37	0.00995	0.00663	0.00746	0.00746	0.00746	0.00663	0.00415	0.00995	0.00995	0.01327	0.02156	0.04477	0.02487	0.75957	0.03482	0.00663	0.00663	0.00995	0.00415	0.00415
38	0.13573	0.12386	0.02273	0.09613	0.04174	0.16101	0.09575	0.10893	0.01783	0.09050	0.01405	0.03740	0.01112	0.00729	0.00619	0.00200	0.00855	0.00579	0.00446	0.00893
39	0.48359	0.10335	0.01550	0.01132	0.01573	0.09500	0.00936	0.07799	0.08753	0.02829	0.01214	0.01319	0.00949	0.00683	0.00496	0.00202	0.00649	0.00440	0.00451	0.00833
40	0.05008	0.12136	0.05060	0.04581	0.01718	0.03066	0.02820	0.10681	0.05839	0.06165	0.15141	0.09381	0.10704	0.01246	0.03276	0.00244	0.00641	0.00910	0.00564	0.00821

[dist]
# distance from previous block
# <min> <max>
1	8

[block]
# block no. 5 follows, 31 sequences, length 132
# corresponding to MSA columns:
# 216-347
name=unknown_F
#
# <colnr> <probs for GDERKNQSTAVLIFYWHMCP>
#	G	D	E	R	K	N	Q	S	T	A	V	L	I	F	Y	W	H	M	C	P
0	0.01757	0.07229	0.02525	0.07111	0.37131	0.11399	0.05871	0.04569	0.03723	0.02131	0.01678	0.01968	0.06030	0.00739	0.00721	0.00205	0.03234	0.00645	0.00379	0.00957
1	0.01482	0.08864	0.45146	0.06638	0.12450	0.01673	0.04146	0.03868	0.03245	0.02167	0.01338	0.03572	0.01046	0.00692	0.00651	0.00212	0.00923	0.00573	0.00329	0.00985
2	0.01326	0.01098	0.01451	0.06809	0.03598	0.03784	0.02999	0.09320	0.01403	0.01913	0.01701	0.02639	0.01604	0.16527	0.34833	0.00710	0.06460	0.00736	0.00401	0.00689
3	0.01549	0.05906	0.17134	0.05817	0.30258	0.01596	0.12118	0.02103	0.04202	0.02215	0.05429	0.01858	0.01364	0.00668	0.00679	0.00205	0.00850	0.00638	0.00367	0.05043
4	0.01696	0.01267	0.01469	0.01147	0.01647	0.01153	0.00915	0.07970	0.12448	0.10215	0.02050	0.04931	0.05030	0.00785	0.00651	0.00162	0.02631	0.00633	0.00542	0.42659
5	0.00978	0.01074	0.08478	0.01008	0.01314	0.00802	0.03904	0.01330	0.05033	0.02023	0.12888	0.12378	0.40223	0.04394	0.00896	0.00249	0.00478	0.01292	0.00594	0.00664
6	0.01705	0.09474	0.01677	0.01209	0.01581	0.06989	0.05302	0.05936	0.04726	0.14391	0.17816	0.07804	0.13718	0.01120	0.00713	0.00208	0.00589	0.00947	0.00616	0.03480
7	0.01308	0.00910	0.01101	0.01002	0.01243	0.00916	0.00768	0.01997	0.17693	0.08052	0.47807	0.04217	0.04916	0.01226	0.00760	0.00217	0.00393	0.01067	0.03621	0.00785
8	0.02071	0.38621	0.10696	0.01498	0.02037	0.31047	0.01385	0.02338	0.01618	0.01699	0.01025	0.01192	0.00878	0.00641	0.00535	0.00166	0.00966	0.00412	0.00316	0.00859
9	0.01372	0.03539	0.72412	0.01950	0.02961	0.01589	0.02528	0.02167	0.01444	0.02167	0.01228	0.01444	0.00867	0.00650	0.00650	0.00217	0.01011	0.00506	0.00289	0.01011
10	0.01135	0.00972	0.01515	0.09819	0.17636	0.00969	0.03409	0.01415	0.01510	0.02047	0.13620	0.29187	0.08829	0.01422	0.00793	0.00242	0.00567	0.03644	0.00540	0.00729
11	0.01493	0.22810	0.54199	0.01744	0.02642	0.01885	0.02169	0.02135	0.01430	0.02019	0.01155	0.01353	0.00870	0.00633	0.00594	0.00198	0.00937	0.00469	0.00290	0.00976
12	0.03430	0.12964	0.31842	0.02087	0.11460	0.03889	0.08455	0.06273	0.04247	0.02267	0.01285	0.01506	0.00985	0.00642	0.00628	0.00198	0.00890	0.00534	0.00354	0.06065
13	0.00982	0.00712	0.00955	0.00965	0.01026	0.00781	0.00677	0.01113	0.01083	0.01508	0.02168	0.12294	0.02333	0.32089	0.35208	0.00806	0.03373	0.00979	0.00416	0.00532
14	0.02545	0.01889	0.02022	0.01563	0.02100	0.02096	0.01287	0.65351	0.07363	0.04222	0.01713	0.01699	0.01221	0.00828	0.00685	0.00207	0.00740	0.00626	0.00685	0.01158
15	0.28893	0.11891	0.01817	0.01365	0.01779	0.32578	0.01097	0.06980	0.01683	0.02333	0.01131	0.01411	0.00951	0.00712	0.00544	0.00191	0.00878	0.02560	0.00401	0.00807
16	0.00986	0.00762	0.01088	0.01188	0.04384	0.00717	0.04664	0.01189	0.01411	0.01888	0.03831	0.40463	0.14114	0.04486	0.00932	0.00277	0.00490	0.11040	0.05476	0.00615
17	0.01383	0.01049	0.01192	0.08377	0.01475	0.10423	0.00857	0.01267	0.01129	0.01392	0.04139	0.02049	0.01333	0.01900	0.02106	0.55167	0.03396	0.00603	0.00325	0.00441
18	0.00850	0.00672	0.00768	0.00804	0.00973	0.00590	0.00588	0.01039	0.01558	0.01974	0.16489	0.23817	0.41785	0.01787	0.00829	0.00243	0.00364	0.03631	0.00654	0.00585
19	0.02014	0.13728	0.02474	0.04418	0.22057	0.11048	0.03671	0.18893	0.08117	0.02632	0.03512	0.01714	0.01288	0.00723	0.00643	0.00196	0.00814	0.00590	0.00462	0.01006
20	0.01574	0.01522	0.02665	0.27688	0.38609	0.01617	0.10265	0.03960	0.01549	0.02126	0.01285	0.01755	0.01022	0.00637	0.00696	0.00215	0.00887	0.00634	0.00338	0.00957
21	0.01292	0.01216	0.02052	0.74312	0.04712	0.01520	0.01900	0.01748	0.01368	0.01748	0.01216	0.01824	0.00912	0.00684	0.00684	0.00228	0.00912	0.00608	0.00304	0.00760
22	0.00979	0.00726	0.01063	0.01063	0.01173	0.00835	0.00810	0.01198	0.01089	0.01561	0.01866	0.02872	0.01790	0.12410	0.66075	0.01055	0.01712	0.00760	0.00371	0.00591
23	0.00883	0.00708	0.00792	0.00797	0.00992	0.00629	0.00594	0.01140	0.03575	0.02088	0.21972	0.13691	0.44649	0.01678	0.00816	0.00235	0.00359	0.03130	0.00665	0.00607
24	0.01624	0.01354	0.01590	0.01279	0.05310	0.01167	0.00963	0.12043	0.04835	0.02573	0.01355	0.01518	0.01088	0.00579	0.00551	0.00128	0.00561	0.00464	0.00457	0.60559
25	0.01583	0.01836	0.17765	0.04761	0.21654	0.01435	0.05804	0.06307	0.03661	0.06632	0.07553	0.08442	0.01932	0.00925	0.00789	0.00226	0.04131	0.03161	0.00459	0.00944
26	0.05398	0.23917	0.20848	0.01607	0.04381	0.08859	0.04216	0.07717	0.04288	0.05147	0.01548	0.04686	0.03095	0.00758	0.00602	0.00195	0.00827	0.00581	0.00402	0.00928
27	0.01524	0.23436	0.27507	0.01471	0.02085	0.06159	0.01576	0.02118	0.07946	0.02056	0.08152	0.04686	0.01776	0.01002	0.03511	0.00236	0.00835	0.02637	0.00402	0.00888
28	0.00861	0.00642	0.00892	0.00995	0.01069	0.00596	0.02724	0.01004	0.01355	0.01802	0.06318	0.67151	0.07931	0.02047	0.00865	0.00272	0.00415	0.01859	0.00631	0.00571
29	0.01781	0.08631	0.09733	0.14454	0.23085	0.13999	0.09120	0.05209	0.01632	0.02070	0.01216	0.01567	0.00974	0.00663	0.00705	0.00205	0.03114	0.00570	0.00342	0.00932
30	0.01574	0.06376	0.21302	0.13314	0.20267	0.01678	0.11062	0.06085	0.05229	0.02243	0.01427	0.03833	0.01141	0.00700	0.00682	0.00215	0.00892	0.00642	0.00366	0.00972
31	0.01565	0.01194	0.01267	0.01180	0.01450	0.06843	0.00927	0.08164	0.10216	0.10345	0.05817	0.15986	0.17239	0.01420	0.00844	0.00244	0.03709	0.10160	0.00638	0.00792
32	0.00984	0.00725	0.00894	0.00985	0.01067	0.00728	0.00675	0.01315	0.09762	0.01823	0.03347	0.50007	0.03823	0.15443	0.01331	0.00344	0.00476	0.05071	0.00602	0.00599
33	0.01660	0.04999	0.04377	0.07265	0.12889	0.01810	0.14931	0.08112	0.01521	0.04262	0.01324	0.03841	0.01135	0.01023	0.03635	0.00272	0.25000	0.00677	0.00378	0.00888
34	0.04772	0.32578	0.22764	0.01541	0.02185	0.19507	0.01585	0.04396	0.01589	0.01924	0.01078	0.01248	0.00880	0.00642	0.00550	0.00178	0.00927	0.00432	0.00323	0.00900
35	0.00879	0.00737	0.00830	0.00885	0.04160	0.00638	0.00616	0.01092	0.01632	0.02038	0.19029	0.06079	0.55752	0.01618	0.00802	0.00227	0.00363	0.01366	0.00644	0.00614
36	0.01693	0.01626	0.02777	0.04199	0.71689	0.01626	0.02100	0.02100	0.01558	0.02235	0.01287	0.01693	0.01084	0.00610	0.00677	0.00203	0.00813	0.00610	0.00339	0.01084
37	0.00870	0.00692	0.00780	0.00766	0.00964	0.00602	0.00572	0.01097	0.01691	0.02181	0.31019	0.08771	0.44327	0.01623	0.00811	0.00227	0.00340	0.01386	0.00680	0.00602
38	0.00834	0.00595	0.00794	0.00953	0.00992	0.00556	0.00635	0.00953	0.01310	0.01746	0.03771	0.75510	0.04525	0.02143	0.00873	0.00278	0.00397	0.01945	0.00635	0.00556
39	0.01292	0.01216	0.02052	0.74312	0.04712	0.01520	0.01900	0.01748	0.01368	0.01748	0.01216	0.01824	0.00912	0.00684	0.00684	0.00228	0.00912	0.00608	0.00304	0.00760
40	0.00834	0.00595	0.00794	0.00953	0.00992	0.00556	0.00635	0.00953	0.01310	0.01746	0.03771	0.75510	0.04525	0.02143	0.00873	0.00278	0.00397	0.01945	0.00635	0.00556
41	0.11390	0.02028	0.01771	0.01424	0.01923	0.23103	0.03692	0.17351	0.01959	0.02629	0.01240	0.01394	0.00976	0.00655	0.00582	0.00165	0.00809	0.00475	0.00452	0.25982
42	0.01693	0.01626	0.02777	0.04199	0.71689	0.01626	0.02100	0.02100	0.01558	0.02235	0.01287	0.01693	0.01084	0.00610	0.00677	0.00203	0.00813	0.00610	0.00339	0.01084
43	0.00834	0.00595	0.00794	0.00953	0.00992	0.00556	0.00635	0.00953	0.01310	0.01746	0.03771	0.75510	0.04525	0.02143	0.00873	0.00278	0.00397	0.01945	0.00635	0.00556
44	0.00994	0.00667	0.00765	0.00765	0.00771	0.00673	0.00438	0.01007	0.01000	0.01340	0.02139	0.04382	0.02446	0.72213	0.07169	0.00686	0.00725	0.00981	0.00412	0.00425
45	0.05162	0.01324	0.01647	0.01272	0.01793	0.01259	0.01049	0.18142	0.02206	0.52578	0.02544	0.02274	0.03770	0.00863	0.00683	0.00211	0.00612	0.00687	0.00791	0.01133
46	0.01693	0.01626	0.02777	0.04199	0.71689	0.01626	0.02100	0.02100	0.01558	0.02235	0.01287	0.01693	0.01084	0.00610	0.00677	0.00203	0.00813	0.00610	0.00339	0.01084
47	0.00942	0.00698	0.00878	0.00833	0.01006	0.00634	0.00625	0.01240	0.01874	0.02595	0.60643	0.05355	0.17233	0.01454	0.00807	0.00218	0.00327	0.01272	0.00734	0.00634
48	0.01366	0.01291	0.02185	0.61417	0.17030	0.01539	0.01937	0.01813	0.01403	0.01838	0.01229	0.01800	0.00944	0.00670	0.00683	0.00223	0.00894	0.00608	0.00310	0.00820
49	0.01558	0.01212	0.01433	0.01031	0.01632	0.00920	0.00827	0.01859	0.01464	0.08138	0.01341	0.01496	0.01071	0.00535	0.00522	0.00111	0.00513	0.00429	0.00443	0.73466
50	0.01419	0.01216	0.01419	0.01013	0.01621	0.00912	0.00811	0.01723	0.01419	0.02229	0.01216	0.01419	0.01013	0.00507	0.00507	0.00101	0.00507	0.00405	0.00405	0.80139
51	0.01786	0.01763	0.02738	0.03877	0.61508	0.06829	0.04590	0.04597	0.01648	0.02268	0.01287	0.01664	0.01070	0.00623	0.00678	0.00202	0.00854	0.00605	0.00353	0.01059
52	0.00995	0.00663	0.00746	0.00746	0.00746	0.00663	0.00415	0.00995	0.00995	0.01327	0.02156	0.04477	0.02487	0.75957	0.03482	0.00663	0.00663	0.00995	0.00415	0.00415
53	0.01870	0.01895	0.12514	0.01729	0.02267	0.03811	0.12893	0.23887	0.11331	0.05173	0.04098	0.09129	0.01817	0.00950	0.00731	0.00226	0.00788	0.03347	0.00560	0.00984
54	0.01474	0.03401	0.67183	0.01914	0.02890	0.01603	0.02430	0.05654	0.01547	0.03866	0.01282	0.01475	0.00901	0.00663	0.00653	0.00216	0.00988	0.00515	0.00322	0.01022
55	0.01419	0.01216	0.01419	0.01013	0.01621	0.00912	0.00811	0.01723	0.01419	0.02229	0.01216	0.01419	0.01013	0.00507	0.00507	0.00101	0.00507	0.00405	0.00405	0.80139
56	0.01611	0.20165	0.17758	0.02223	0.02951	0.01912	0.37123	0.02138	0.01520	0.02047	0.01243	0.01570	0.00964	0.00592	0.00677	0.00204	0.01003	0.00627	0.00323	0.03350
57	0.00977	0.00733	0.01100	0.01100	0.01222	0.00855	0.00855	0.01222	0.01100	0.01588	0.01833	0.02688	0.01710	0.05131	0.73245	0.01100	0.01833	0.00733	0.00367	0.00611
58	0.02517	0.01622	0.01834	0.01407	0.01950	0.01677	0.01156	0.41404	0.06239	0.20382	0.01905	0.01828	0.01322	0.00793	0.00663	0.00195	0.00669	0.00615	0.00689	0.11132
59	0.02556	0.03261	0.01939	0.01763	0.02115	0.73210	0.01322	0.02732	0.01939	0.01674	0.01058	0.01234	0.00881	0.00705	0.00617	0.00176	0.01234	0.00441	0.00353	0.00793
60	0.01188	0.00594	0.00891	0.00891	0.00891	0.00594	0.00594	0.00891	0.00891	0.01188	0.01188	0.02080	0.01188	0.02377	0.02674	0.80095	0.00594	0.00594	0.00297	0.00297
61	0.01819	0.00880	0.01183	0.01036	0.01332	0.00787	0.00811	0.02090	0.01846	0.31088	0.31268	0.13488	0.04136	0.01292	0.00773	0.00226	0.00452	0.03876	0.00771	0.00846
62	0.01840	0.01071	0.01313	0.01122	0.01474	0.01054	0.00882	0.02582	0.20535	0.24509	0.28946	0.03425	0.03602	0.01069	0.00730	0.00215	0.00469	0.00912	0.00756	0.03494
63	0.00954	0.00734	0.00872	0.00891	0.01045	0.00697	0.00640	0.01308	0.07833	0.02156	0.24870	0.27190	0.21409	0.05061	0.00940	0.00261	0.00387	0.01456	0.00666	0.00630
64	0.77698	0.01317	0.01029	0.00912	0.01340	0.01514	0.00751	0.02064	0.01196	0.05817	0.01022	0.01160	0.00779	0.00643	0.00434	0.00212	0.00531	0.00383	0.00440	0.00758
65	0.01013	0.00713	0.00819	0.00808	0.01016	0.00619	0.00599	0.01213	0.01620	0.07276	0.18443	0.17406	0.42636	0.01670	0.00810	0.00234	0.00368	0.01431	0.00674	0.00631
66	0.00832	0.00689	0.00731	0.00744	0.00952	0.00587	0.00556	0.01017	0.01571	0.01919	0.11812	0.11934	0.58891	0.01743	0.00818	0.00236	0.00357	0.03385	0.00645	0.00583
67	0.02411	0.01822	0.01946	0.01536	0.02049	0.02033	0.01254	0.55521	0.17412	0.04006	0.01884	0.01835	0.01359	0.00844	0.00687	0.00211	0.00708	0.00649	0.00687	0.01146
68	0.06535	0.03823	0.05785	0.02135	0.16890	0.07047	0.06054	0.08698	0.01676	0.15102	0.01523	0.01806	0.01184	0.03150	0.03793	0.00268	0.12501	0.00614	0.00465	0.00953
69	0.01680	0.01612	0.02753	0.06542	0.69451	0.01622	0.02093	0.02088	0.01551	0.02219	0.01285	0.01698	0.01078	0.00612	0.00678	0.00204	0.00816	0.00610	0.00337	0.01073
70	0.21494	0.07765	0.04418	0.01368	0.01885	0.01954	0.01171	0.36988	0.10765	0.03535	0.01544	0.01573	0.01140	0.00764	0.00601	0.00206	0.00680	0.00551	0.00576	0.01022
71	0.05708	0.31414	0.28978	0.01495	0.02207	0.01950	0.03812	0.04238	0.01515	0.04043	0.05488	0.01561	0.01252	0.00675	0.00569	0.00185	0.00805	0.00505	0.00359	0.03241
72	0.01092	0.00830	0.00951	0.00846	0.01118	0.00724	0.00642	0.03885	0.01707	0.04258	0.26458	0.04931	0.31786	0.05205	0.00893	0.00228	0.00401	0.01149	0.00637	0.12259
73	0.01644	0.01575	0.02688	0.12814	0.63459	0.01613	0.02075	0.02056	0.01534	0.02175	0.01278	0.01709	0.01063	0.00619	0.00678	0.00206	0.00825	0.00609	0.00334	0.01044
74	0.01047	0.00728	0.00902	0.00955	0.01025	0.00731	0.00672	0.03734	0.01289	0.01711	0.02824	0.20504	0.03199	0.37447	0.04247	0.00492	0.00635	0.16804	0.00522	0.00531
75	0.01731	0.01484	0.01563	0.01398	0.01790	0.01715	0.01090	0.05760	0.68281	0.02909	0.02748	0.02523	0.02059	0.00925	0.00696	0.00231	0.00548	0.00768	0.00696	0.01085
76	0.02512	0.02010	0.01930	0.01551	0.02044	0.13296	0.01251	0.44647	0.11885	0.09206	0.01788	0.01755	0.01285	0.00819	0.00676	0.00205	0.00787	0.00615	0.00646	0.01094
77	0.05212	0.01695	0.02072	0.01580	0.02127	0.01783	0.07415	0.43093	0.04604	0.20513	0.01885	0.01836	0.01293	0.00802	0.00688	0.00210	0.00735	0.00647	0.00684	0.01125
78	0.04506	0.10827	0.22601	0.05649	0.08298	0.07368	0.03534	0.10386	0.01792	0.13143	0.04433	0.01745	0.01291	0.00725	0.00641	0.00203	0.00837	0.00575	0.00459	0.00986
79	0.01664	0.01603	0.02498	0.08158	0.55191	0.04420	0.01896	0.02186	0.07231	0.02260	0.05098	0.01934	0.01431	0.00686	0.00684	0.00207	0.00788	0.00649	0.00388	0.01028
80	0.01419	0.01216	0.01419	0.01013	0.01621	0.00912	0.00811	0.01723	0.01419	0.02229	0.01216	0.01419	0.01013	0.00507	0.00507	0.00101	0.00507	0.00405	0.00405	0.80139
81	0.01749	0.01419	0.02088	0.09874	0.13052	0.05126	0.11823	0.08978	0.03891	0.11001	0.18612	0.02828	0.02555	0.00910	0.00738	0.00217	0.00732	0.02946	0.00554	0.00905
82	0.01693	0.01626	0.02777	0.04199	0.71689	0.01626	0.02100	0.02100	0.01558	0.02235	0.01287	0.01693	0.01084	0.00610	0.00677	0.00203	0.00813	0.00610	0.00339	0.01084
83	0.00984	0.00706	0.00964	0.00964	0.01040	0.00782	0.00687	0.01135	0.01060	0.01488	0.01956	0.03372	0.02007	0.32207	0.46575	0.00933	0.01386	0.00833	0.00385	0.00536
84	0.00972	0.00662	0.00745	0.00754	0.00774	0.00651	0.00435	0.00992	0.01055	0.01390	0.02609	0.08665	0.07819	0.66153	0.03132	0.00609	0.00624	0.01083	0.00444	0.00435
85	0.01775	0.01566	0.02398	0.06109	0.46732	0.01624	0.01807	0.13901	0.04504	0.02585	0.01649	0.02354	0.01429	0.00796	0.00708	0.00217	0.00777	0.07588	0.00442	0.01037
86	0.00943	0.00660	0.00743	0.00763	0.00807	0.00635	0.00460	0.00987	0.01131	0.01468	0.03176	0.13634	0.14588	0.54058	0.02700	0.00541	0.00576	0.01190	0.00480	0.00460
87	0.01645	0.01424	0.01600	0.04338	0.05555	0.01631	0.01158	0.03342	0.59935	0.02753	0.04410	0.02729	0.02167	0.00948	0.00706	0.00233	0.00568	0.03152	0.00661	0.01043
88	0.00832	0.00638	0.00764	0.00863	0.00979	0.00571	0.00605	0.00977	0.01412	0.01794	0.04965	0.47451	0.29869	0.01980	0.00851	0.00261	0.00384	0.03604	0.00635	0.00566
89	0.05906	0.01529	0.01595	0.01394	0.01807	0.01756	0.01098	0.13368	0.56852	0.03089	0.02520	0.02343	0.01881	0.00897	0.00680	0.00227	0.00572	0.00729	0.00680	0.01077
90	0.01970	0.62194	0.03266	0.01285	0.01826	0.16376	0.01200	0.02181	0.01496	0.01622	0.00972	0.01124	0.00879	0.00609	0.00473	0.00152	0.00829	0.00380	0.00304	0.00862
91	0.00995	0.00663	0.00746	0.00746	0.00746	0.00663	0.00415	0.00995	0.00995	0.01327	0.02156	0.04477	0.02487	0.75957	0.03482	0.00663	0.00663	0.00995	0.00415	0.00415
92	0.01606	0.01745	0.03528	0.05628	0.16588	0.01739	0.47066	0.02103	0.01538	0.02130	0.01311	0.01781	0.01028	0.00649	0.00921	0.00232	0.08397	0.00741	0.00338	0.00931
93	0.01284	0.01191	0.01844	0.01570	0.01693	0.01468	0.09752	0.01492	0.01126	0.01649	0.01426	0.02350	0.01398	0.13936	0.22712	0.00578	0.32784	0.00726	0.00343	0.00679
94	0.02074	0.12382	0.07974	0.01826	0.06113	0.29772	0.06523	0.04744	0.16321	0.03547	0.01512	0.01619	0.01184	0.00723	0.00634	0.00195	0.00944	0.00554	0.00431	0.00928
95	0.00841	0.00630	0.00781	0.00880	0.00978	0.00570	0.00608	0.00993	0.01433	0.01870	0.11242	0.51541	0.21209	0.01968	0.00851	0.00260	0.00377	0.01751	0.00647	0.00570
96	0.01909	0.52081	0.07746	0.01471	0.02062	0.11179	0.07506	0.05620	0.01576	0.01845	0.01057	0.01233	0.00907	0.00616	0.00521	0.00165	0.00851	0.00437	0.00325	0.00895
97	0.01034	0.00799	0.00956	0.00917	0.01111	0.00777	0.00686	0.01543	0.11601	0.02518	0.44466	0.11513	0.16561	0.01457	0.00798	0.00226	0.00365	0.01271	0.00714	0.00688
98	0.00998	0.00733	0.00981	0.00996	0.01095	0.00797	0.00727	0.01233	0.03811	0.01615	0.02423	0.09450	0.05234	0.23350	0.39074	0.00805	0.01228	0.04439	0.00439	0.00572
99	0.00889	0.00692	0.00780	0.00760	0.00938	0.00613	0.00552	0.01096	0.01627	0.02109	0.29694	0.05791	0.39390	0.10732	0.01136	0.00278	0.00377	0.01314	0.00651	0.00582
100	0.00995	0.00663	0.00746	0.00746	0.00746	0.00663	0.00415	0.00995	0.00995	0.01327	0.02156	0.04477	0.02487	0.75957	0.03482	0.00663	0.00663	0.00995	0.00415	0.00415
101	0.70671	0.03921	0.01179	0.00992	0.01414	0.08519	0.00811	0.02082	0.01247	0.02887	0.00963	0.01123	0.00759	0.00640	0.00443	0.00206	0.00604	0.00377	0.00412	0.00750
102	0.01761	0.07437	0.02696	0.07141	0.50000	0.10168	0.04476	0.02133	0.01594	0.02109	0.03282	0.01706	0.01191	0.00645	0.00661	0.00198	0.00860	0.00597	0.00347	0.00998
103	0.07523	0.04043	0.11817	0.02656	0.32861	0.01567	0.01716	0.05262	0.05282	0.15860	0.01599	0.01760	0.01192	0.00707	0.00702	0.00210	0.03129	0.00595	0.00467	0.01052
104	0.32842	0.01819	0.01391	0.01213	0.01612	0.22089	0.00954	0.06109	0.01677	0.09880	0.07130	0.01870	0.04374	0.00791	0.00572	0.00198	0.00726	0.00555	0.00497	0.03698
105	0.01032	0.00731	0.00937	0.00875	0.01055	0.00678	0.00659	0.01388	0.03692	0.04458	0.64501	0.05050	0.09565	0.01390	0.00801	0.00216	0.00336	0.01222	0.00748	0.00666
106	0.01484	0.03272	0.63497	0.02082	0.08100	0.01562	0.02417	0.02222	0.01479	0.05774	0.01308	0.01509	0.00926	0.00657	0.00654	0.00215	0.00974	0.00523	0.00321	0.01024
107	0.01511	0.01440	0.02448	0.36013	0.41298	0.01578	0.02009	0.01940	0.01472	0.02014	0.01255	0.01753	0.01006	0.00643	0.00680	0.00214	0.00858	0.00609	0.00323	0.00937
108	0.00977	0.00733	0.01100	0.01100	0.01222	0.00855	0.00855	0.01222	0.01100	0.01588	0.01833	0.02688	0.01710	0.05131	0.73245	0.01100	0.01833	0.00733	0.00367	0.00611
109	0.00973	0.00725	0.01054	0.01054	0.01169	0.00828	0.00805	0.01193	0.01107	0.01575	0.02044	0.02984	0.04282	0.11207	0.64538	0.01030	0.01677	0.00781	0.00380	0.00592
110	0.04618	0.02736	0.02052	0.04932	0.14422	0.51202	0.01455	0.04462	0.04324	0.01933	0.01179	0.01392	0.00965	0.00697	0.00629	0.00187	0.01088	0.00492	0.00372	0.00862
111	0.00834	0.00595	0.00794	0.00953	0.00992	0.00556	0.00635	0.00953	0.01310	0.01746	0.03771	0.75510	0.04525	0.02143	0.00873	0.00278	0.00397	0.01945	0.00635	0.00556
112	0.01327	0.01268	0.02190	0.67350	0.07697	0.01536	0.05466	0.01787	0.01390	0.01794	0.01228	0.01819	0.00926	0.00675	0.00690	0.00227	0.00920	0.00619	0.00308	0.00783
113	0.00930	0.00793	0.03694	0.00888	0.01075	0.00654	0.00694	0.01207	0.01734	0.02372	0.44213	0.17572	0.18507	0.01564	0.00813	0.00229	0.00368	0.01372	0.00691	0.00631
114	0.76609	0.01339	0.01099	0.01074	0.05042	0.01540	0.00813	0.02016	0.01185	0.03025	0.00970	0.01142	0.00759	0.00634	0.00437	0.00211	0.00544	0.00383	0.00419	0.00759
115	0.01839	0.72044	0.03451	0.01163	0.01734	0.02599	0.01151	0.02062	0.01422	0.03619	0.03062	0.01250	0.01064	0.00616	0.00457	0.00150	0.00715	0.00400	0.00322	0.00879
116	0.00876	0.00684	0.00794	0.00791	0.00972	0.00602	0.00584	0.01103	0.01682	0.02196	0.32437	0.14119	0.37421	0.01647	0.00816	0.00230	0.00343	0.01420	0.00683	0.00602
117	0.00911	0.00708	0.00770	0.00747	0.00971	0.00606	0.00563	0.01122	0.01657	0.04114	0.21543	0.06122	0.54504	0.01630	0.00805	0.00227	0.00348	0.01374	0.00668	0.00610
118	0.06510	0.01144	0.01512	0.01173	0.01678	0.01011	0.00966	0.03184	0.01895	0.65439	0.02596	0.02285	0.01653	0.00835	0.00665	0.00209	0.00566	0.00671	0.04889	0.01118
119	0.00850	0.00695	0.00751	0.00737	0.00950	0.00595	0.00553	0.01062	0.01658	0.02081	0.23707	0.06200	0.54489	0.01646	0.00808	0.00227	0.00340	0.01390	0.00666	0.00595
120	0.00834	0.00595	0.00794	0.00953	0.00992	0.00556	0.00635	0.00953	0.01310	0.01746	0.03771	0.75510	0.04525	0.02143	0.00873	0.00278	0.00397	0.01945	0.00635	0.00556
121	0.02556	0.03261	0.01939	0.01763	0.02115	0.73210	0.01322	0.02732	0.01939	0.01674	0.01058	0.01234	0.00881	0.00705	0.00617	0.00176	0.01234	0.00441	0.00353	0.00793
122	0.01419	0.01216	0.01419	0.01013	0.01621	0.00912	0.00811	0.01723	0.01419	0.02229	0.01216	0.01419	0.01013	0.00507	0.00507	0.00101	0.00507	0.00405	0.00405	0.80139
123	0.01434	0.15290	0.55351	0.01795	0.02682	0.01728	0.04245	0.02103	0.01466	0.02106	0.04795	0.01588	0.01161	0.00676	0.00628	0.00205	0.00934	0.00529	0.00315	0.00968
124	0.00868	0.00695	0.00775	0.00755	0.00960	0.00603	0.00566	0.01096	0.01699	0.02180	0.30785	0.06038	0.47350	0.01609	0.00808	0.00225	0.00338	0.01367	0.00679	0.00603
