[name]
unknown

[dist]
# distance from previous block
# <min> <max>
0	42

[block]
# block no. 0 follows, 33 sequences, length 92
# corresponding to MSA columns:
# 43-134
name=unknown_A
#
# <colnr> <probs for GDERKNQSTAVLIFYWHMCP>
#	G	D	E	R	K	N	Q	S	T	A	V	L	I	F	Y	W	H	M	C	P
0	0.18116	0.02491	0.01656	0.01507	0.01820	0.49516	0.01163	0.02332	0.01624	0.01897	0.01116	0.01519	0.00980	0.00767	0.00708	0.00194	0.07432	0.04058	0.00363	0.00741
1	0.01801	0.01468	0.01676	0.09519	0.02080	0.11478	0.05445	0.03919	0.03563	0.14537	0.01613	0.06189	0.01302	0.00711	0.00602	0.00165	0.00684	0.00595	0.00471	0.32181
2	0.01350	0.01170	0.01439	0.09995	0.01921	0.00949	0.00907	0.01661	0.01359	0.02089	0.01170	0.01412	0.00963	0.00508	0.00508	0.00112	0.00535	0.00414	0.00378	0.71159
3	0.02555	0.01760	0.01924	0.01475	0.02000	0.01918	0.01219	0.62786	0.02955	0.12123	0.01698	0.01657	0.01178	0.00793	0.00659	0.00198	0.00705	0.00601	0.00677	0.01120
4	0.01311	0.01239	0.02097	0.62737	0.16547	0.01481	0.01862	0.01742	0.01349	0.01765	0.01182	0.01733	0.00907	0.00646	0.00657	0.00215	0.00861	0.00585	0.00298	0.00786
5	0.01149	0.00898	0.01020	0.00949	0.01181	0.00927	0.00724	0.01919	0.23397	0.02540	0.36674	0.04189	0.14020	0.01212	0.00722	0.00211	0.00379	0.01041	0.06106	0.00742
6	0.00926	0.00673	0.00873	0.00823	0.00980	0.00619	0.00617	0.01232	0.01851	0.02610	0.70117	0.04967	0.08523	0.01357	0.00777	0.00208	0.00311	0.01198	0.00721	0.00619
7	0.00940	0.00705	0.01058	0.01058	0.01176	0.00823	0.00823	0.01176	0.01058	0.01528	0.01763	0.02586	0.01646	0.04937	0.74255	0.01058	0.01763	0.00705	0.00353	0.00588
8	0.00810	0.00583	0.00768	0.00902	0.00955	0.00541	0.00608	0.00940	0.01310	0.01749	0.08402	0.69136	0.06857	0.02000	0.00834	0.00262	0.00375	0.01808	0.00619	0.00541
9	0.81514	0.01273	0.00968	0.00866	0.01273	0.01477	0.00713	0.01935	0.01120	0.02954	0.00917	0.01069	0.00713	0.00611	0.00407	0.00204	0.00509	0.00356	0.00407	0.00713
10	0.02503	0.01844	0.01976	0.01515	0.02042	0.02042	0.01251	0.70562	0.03095	0.04149	0.01581	0.01581	0.01120	0.00790	0.00659	0.00198	0.00724	0.00593	0.00659	0.01120
11	0.00778	0.00667	0.00667	0.00667	0.00889	0.00556	0.00500	0.00945	0.01501	0.01778	0.06669	0.06336	0.72490	0.01667	0.00778	0.00222	0.00333	0.01389	0.00611	0.00556
12	0.01365	0.01170	0.01365	0.00975	0.01560	0.00878	0.00780	0.01658	0.01365	0.02145	0.01170	0.01365	0.00975	0.00488	0.00488	0.00098	0.00488	0.00390	0.00390	0.80888
13	0.00940	0.00705	0.01058	0.01058	0.01176	0.00823	0.00823	0.01176	0.01058	0.01528	0.01763	0.02586	0.01646	0.04937	0.74255	0.01058	0.01763	0.00705	0.00353	0.00588
14	0.01760	0.77260	0.03450	0.01126	0.01690	0.02605	0.01126	0.01971	0.01338	0.01549	0.00915	0.01056	0.00845	0.00563	0.00422	0.00141	0.00704	0.00352	0.00282	0.00845
15	0.01554	0.01776	0.03885	0.02775	0.03441	0.01665	0.70366	0.02109	0.01554	0.02109	0.01332	0.01776	0.00999	0.00555	0.00777	0.00222	0.01110	0.00777	0.00333	0.00888
16	0.01637	0.01414	0.01489	0.01340	0.01712	0.01637	0.01042	0.03498	0.71568	0.02754	0.02679	0.02456	0.02010	0.00893	0.00670	0.00223	0.00521	0.00744	0.00670	0.01042
17	0.01320	0.03405	0.73453	0.01876	0.02849	0.01529	0.02432	0.02085	0.01390	0.02085	0.01181	0.01390	0.00834	0.00625	0.00625	0.00208	0.00973	0.00486	0.00278	0.00973
18	0.01410	0.02782	0.46864	0.02220	0.03075	0.01581	0.28396	0.02094	0.01453	0.02094	0.01239	0.01537	0.00897	0.00599	0.00683	0.00214	0.01025	0.00597	0.00299	0.00940
19	0.01554	0.01776	0.03885	0.02775	0.03441	0.01665	0.70366	0.02109	0.01554	0.02109	0.01332	0.01776	0.00999	0.00555	0.00777	0.00222	0.01110	0.00777	0.00333	0.00888
20	0.00789	0.00664	0.00685	0.00687	0.00898	0.00559	0.00512	0.00964	0.01517	0.01833	0.11023	0.08723	0.65579	0.01659	0.00780	0.00223	0.00334	0.01393	0.00619	0.00559
21	0.00802	0.00573	0.00764	0.00917	0.00955	0.00535	0.00611	0.00917	0.01260	0.01681	0.03628	0.76434	0.04354	0.02062	0.00840	0.00267	0.00382	0.01872	0.00611	0.00535
22	0.01760	0.77260	0.03450	0.01126	0.01690	0.02605	0.01126	0.01971	0.01338	0.01549	0.00915	0.01056	0.00845	0.00563	0.00422	0.00141	0.00704	0.00352	0.00282	0.00845
23	0.00802	0.00573	0.00764	0.00917	0.00955	0.00535	0.00611	0.00917	0.01260	0.01681	0.03628	0.76434	0.04354	0.02062	0.00840	0.00267	0.00382	0.01872	0.00611	0.00535
24	0.01227	0.00614	0.00614	0.00614	0.00767	0.00614	0.00460	0.01534	0.01381	0.02454	0.02148	0.02454	0.01687	0.00767	0.00460	0.00153	0.00307	0.00614	0.80518	0.00614
25	0.02232	0.01878	0.02211	0.06601	0.02388	0.08213	0.11116	0.46628	0.06427	0.03397	0.01529	0.01634	0.01112	0.00744	0.00670	0.00201	0.00819	0.00612	0.00561	0.01025
26	0.02386	0.02985	0.01832	0.01664	0.02006	0.67776	0.01252	0.02706	0.08054	0.01713	0.01165	0.01300	0.00951	0.00697	0.00600	0.00174	0.01128	0.00452	0.00369	0.00788
27	0.01047	0.00702	0.00894	0.00829	0.01017	0.00635	0.00627	0.01333	0.01813	0.07306	0.58317	0.04938	0.15333	0.01356	0.00769	0.00209	0.00331	0.01183	0.00715	0.00646
28	0.81514	0.01273	0.00968	0.00866	0.01273	0.01477	0.00713	0.01935	0.01120	0.02954	0.00917	0.01069	0.00713	0.00611	0.00407	0.00204	0.00509	0.00356	0.00407	0.00713
29	0.01365	0.01170	0.01365	0.00975	0.01560	0.00878	0.00780	0.01658	0.01365	0.02145	0.01170	0.01365	0.00975	0.00488	0.00488	0.00098	0.00488	0.00390	0.00390	0.80888
30	0.00927	0.00673	0.00873	0.00823	0.00980	0.00619	0.00617	0.01232	0.01851	0.02611	0.70181	0.04966	0.08458	0.01357	0.00777	0.00208	0.00311	0.01197	0.00721	0.00619
31	0.01358	0.01057	0.01292	0.01133	0.01437	0.01095	0.04525	0.02272	0.29561	0.07304	0.25282	0.03820	0.14839	0.01140	0.00727	0.00217	0.00458	0.00987	0.00669	0.00826
32	0.11166	0.02436	0.01759	0.06540	0.02072	0.45814	0.01229	0.06986	0.01780	0.08290	0.01186	0.01347	0.00923	0.00716	0.00676	0.00188	0.05213	0.00468	0.00404	0.00808
33	0.00851	0.00605	0.00805	0.00947	0.00999	0.00575	0.00663	0.00986	0.01278	0.01696	0.03502	0.61316	0.04137	0.07102	0.01021	0.00298	0.00433	0.11655	0.00596	0.00536
34	0.01572	0.01506	0.02569	0.14598	0.62647	0.01549	0.01992	0.01970	0.01472	0.02081	0.01228	0.01648	0.01018	0.00597	0.00653	0.00199	0.00796	0.00586	0.00321	0.00997
35	0.01052	0.00751	0.01050	0.01202	0.01349	0.00750	0.01045	0.01348	0.01506	0.01960	0.03491	0.09870	0.03809	0.01827	0.00907	0.00302	0.00598	0.65972	0.00606	0.00604
36	0.01052	0.00752	0.01049	0.01186	0.01338	0.00748	0.01031	0.01356	0.01539	0.02016	0.08163	0.07256	0.03953	0.01787	0.00900	0.00297	0.00586	0.63770	0.00614	0.00607
37	0.00957	0.00638	0.00718	0.00718	0.00718	0.00638	0.00399	0.00957	0.00957	0.01276	0.02074	0.04308	0.02393	0.76864	0.03351	0.00638	0.00638	0.00957	0.00399	0.00399
38	0.01760	0.77260	0.03450	0.01126	0.01690	0.02605	0.01126	0.01971	0.01338	0.01549	0.00915	0.01056	0.00845	0.00563	0.00422	0.00141	0.00704	0.00352	0.00282	0.00845
39	0.01430	0.01267	0.01684	0.01207	0.01799	0.01014	0.08971	0.04328	0.01453	0.02217	0.01205	0.01422	0.00983	0.00507	0.00528	0.00116	0.00570	0.00443	0.00394	0.68462
40	0.01539	0.01669	0.03389	0.02485	0.03081	0.01612	0.56698	0.02269	0.11610	0.02194	0.01641	0.02176	0.01293	0.00671	0.00769	0.00227	0.00998	0.04388	0.00396	0.00895
41	0.01637	0.01414	0.01489	0.01340	0.01712	0.01637	0.01042	0.03498	0.71568	0.02754	0.02679	0.02456	0.02010	0.00893	0.00670	0.00223	0.00521	0.00744	0.00670	0.01042
42	0.81514	0.01273	0.00968	0.00866	0.01273	0.01477	0.00713	0.01935	0.01120	0.02954	0.00917	0.01069	0.00713	0.00611	0.00407	0.00204	0.00509	0.00356	0.00407	0.00713
43	0.01511	0.01444	0.02459	0.25815	0.51905	0.01533	0.01962	0.01917	0.01443	0.02007	0.01217	0.01668	0.00992	0.00608	0.00654	0.00203	0.00811	0.00586	0.00316	0.00948
44	0.02503	0.01844	0.01976	0.01515	0.02042	0.02042	0.01251	0.70562	0.03095	0.04149	0.01581	0.01581	0.01120	0.00790	0.00659	0.00198	0.00724	0.00593	0.00659	0.01120
45	0.01591	0.01526	0.02604	0.11026	0.66068	0.01554	0.02002	0.01987	0.01481	0.02105	0.01232	0.01642	0.01027	0.00594	0.00652	0.00198	0.00791	0.00586	0.00323	0.01012
46	0.81514	0.01273	0.00968	0.00866	0.01273	0.01477	0.00713	0.01935	0.01120	0.02954	0.00917	0.01069	0.00713	0.00611	0.00407	0.00204	0.00509	0.00356	0.00407	0.00713
47	0.00940	0.00705	0.01058	0.01058	0.01176	0.00823	0.00823	0.01176	0.01058	0.01528	0.01763	0.02586	0.01646	0.04937	0.74255	0.01058	0.01763	0.00705	0.00353	0.00588
48	0.02954	0.01120	0.01528	0.01171	0.01681	0.00968	0.00968	0.03208	0.01884	0.73213	0.02597	0.02241	0.01630	0.00815	0.00662	0.00204	0.00560	0.00662	0.00815	0.01120
49	0.00957	0.00638	0.00718	0.00718	0.00718	0.00638	0.00399	0.00957	0.00957	0.01276	0.02074	0.04308	0.02393	0.76864	0.03351	0.00638	0.00638	0.00957	0.00399	0.00399
50	0.00990	0.00700	0.00815	0.00769	0.00982	0.00611	0.00583	0.01223	0.01679	0.06987	0.33961	0.05463	0.39888	0.01475	0.00770	0.00215	0.00339	0.01257	0.00673	0.00621
51	0.01329	0.03343	0.70810	0.01910	0.02872	0.01534	0.05013	0.02086	0.01396	0.02086	0.01187	0.01405	0.00840	0.00623	0.00631	0.00209	0.00978	0.00497	0.00280	0.00970
52	0.00950	0.00667	0.00866	0.00866	0.00917	0.00719	0.00584	0.01052	0.01001	0.01386	0.01939	0.03558	0.02068	0.45529	0.34240	0.00821	0.01128	0.00848	0.00379	0.00481
53	0.01503	0.01447	0.02496	0.26703	0.48375	0.01536	0.04556	0.01916	0.01443	0.02000	0.01220	0.01675	0.00988	0.00608	0.00659	0.00204	0.00825	0.00593	0.00316	0.00938
54	0.01760	0.77260	0.03450	0.01126	0.01690	0.02605	0.01126	0.01971	0.01338	0.01549	0.00915	0.01056	0.00845	0.00563	0.00422	0.00141	0.00704	0.00352	0.00282	0.00845
55	0.00807	0.00575	0.00763	0.00911	0.00948	0.00538	0.00605	0.00918	0.01251	0.01669	0.03582	0.74289	0.04296	0.04287	0.00915	0.00278	0.00390	0.01844	0.00605	0.00531
56	0.01747	0.09401	0.49099	0.01660	0.02470	0.05401	0.01963	0.02329	0.01510	0.16246	0.01433	0.01520	0.00995	0.00661	0.00613	0.00200	0.00878	0.00506	0.00389	0.00980
57	0.02218	0.01593	0.01735	0.01407	0.01872	0.01760	0.01137	0.36711	0.29578	0.11581	0.02125	0.01997	0.01525	0.00833	0.00663	0.00208	0.00626	0.00660	0.00681	0.01090
58	0.02503	0.01844	0.01976	0.01515	0.02042	0.02042	0.01251	0.70562	0.03095	0.04149	0.01581	0.01581	0.01120	0.00790	0.00659	0.00198	0.00724	0.00593	0.00659	0.01120
59	0.02857	0.01165	0.01540	0.01186	0.01681	0.01045	0.00974	0.08621	0.01955	0.65439	0.02499	0.02249	0.01611	0.03091	0.00742	0.00216	0.00576	0.00665	0.00790	0.01099
60	0.02533	0.01795	0.01945	0.01491	0.02017	0.01969	0.01232	0.65991	0.03013	0.08836	0.01650	0.01625	0.01154	0.00792	0.00659	0.00198	0.00713	0.00597	0.00669	0.01120
61	0.02954	0.01120	0.01528	0.01171	0.01681	0.00968	0.00968	0.03208	0.01884	0.73213	0.02597	0.02241	0.01630	0.00815	0.00662	0.00204	0.00560	0.00662	0.00815	0.01120
62	0.00914	0.00669	0.00858	0.00817	0.00974	0.00613	0.00610	0.01206	0.01813	0.02535	0.64551	0.07259	0.11926	0.01396	0.00779	0.00210	0.00315	0.01229	0.00711	0.00613
63	0.01243	0.01170	0.01975	0.75282	0.04534	0.01463	0.01828	0.01682	0.01316	0.01682	0.01170	0.01755	0.00878	0.00658	0.00658	0.00219	0.00878	0.00585	0.00293	0.00731
64	0.02459	0.03138	0.01866	0.01696	0.02035	0.74221	0.01272	0.02629	0.01866	0.01611	0.01018	0.01187	0.00848	0.00678	0.00594	0.00170	0.01187	0.00424	0.00339	0.00763
65	0.00802	0.00573	0.00764	0.00917	0.00955	0.00535	0.00611	0.00917	0.01260	0.01681	0.03628	0.76434	0.04354	0.02062	0.00840	0.00267	0.00382	0.01872	0.00611	0.00535
66	0.02459	0.03138	0.01866	0.01696	0.02035	0.74221	0.01272	0.02629	0.01866	0.01611	0.01018	0.01187	0.00848	0.00678	0.00594	0.00170	0.01187	0.00424	0.00339	0.00763
67	0.81514	0.01273	0.00968	0.00866	0.01273	0.01477	0.00713	0.01935	0.01120	0.02954	0.00917	0.01069	0.00713	0.00611	0.00407	0.00204	0.00509	0.00356	0.00407	0.00713
68	0.00933	0.00698	0.01042	0.01050	0.01164	0.00807	0.00812	0.01162	0.01069	0.01536	0.01863	0.06539	0.01791	0.04784	0.70326	0.01016	0.01689	0.00768	0.00367	0.00585
69	0.01715	0.01647	0.03074	0.02228	0.02842	0.01564	0.45757	0.09747	0.05907	0.06251	0.01488	0.01767	0.01104	0.00607	0.00714	0.00202	0.00921	0.00698	0.00423	0.11343
70	0.00836	0.00593	0.00756	0.00866	0.00907	0.00559	0.00566	0.00937	0.01231	0.01638	0.05831	0.57349	0.06449	0.16654	0.01327	0.00336	0.00428	0.01652	0.00574	0.00512
71	0.81514	0.01273	0.00968	0.00866	0.01273	0.01477	0.00713	0.01935	0.01120	0.02954	0.00917	0.01069	0.00713	0.00611	0.00407	0.00204	0.00509	0.00356	0.00407	0.00713
72	0.02490	0.02209	0.01945	0.01566	0.02040	0.22381	0.01257	0.51419	0.02749	0.03434	0.01422	0.01470	0.01043	0.00759	0.00640	0.00190	0.00855	0.00545	0.00569	0.01019
73	0.01243	0.01170	0.01975	0.75282	0.04534	0.01463	0.01828	0.01682	0.01316	0.01682	0.01170	0.01755	0.00878	0.00658	0.00658	0.00219	0.00878	0.00585	0.00293	0.00731
74	0.01238	0.00989	0.01209	0.01120	0.01225	0.01142	0.00824	0.07560	0.09132	0.01921	0.05940	0.18788	0.02540	0.25518	0.01884	0.00376	0.16429	0.01030	0.00492	0.00644
75	0.00802	0.00573	0.00764	0.00917	0.00955	0.00535	0.00611	0.00917	0.01260	0.01681	0.03628	0.76434	0.04354	0.02062	0.00840	0.00267	0.00382	0.01872	0.00611	0.00535
76	0.01617	0.01551	0.02649	0.06373	0.70524	0.01561	0.02014	0.02009	0.01493	0.02135	0.01236	0.01633	0.01037	0.00589	0.00652	0.00196	0.00785	0.00587	0.00325	0.01033
77	0.01227	0.00614	0.00614	0.00614	0.00767	0.00614	0.00460	0.01534	0.01381	0.02454	0.02148	0.02454	0.01687	0.00767	0.00460	0.00153	0.00307	0.00614	0.80518	0.00614
78	0.81514	0.01273	0.00968	0.00866	0.01273	0.01477	0.00713	0.01935	0.01120	0.02954	0.00917	0.01069	0.00713	0.00611	0.00407	0.00204	0.00509	0.00356	0.00407	0.00713
79	0.00940	0.00705	0.01058	0.01058	0.01176	0.00823	0.00823	0.01176	0.01058	0.01528	0.01763	0.02586	0.01646	0.04937	0.74255	0.01058	0.01763	0.00705	0.00353	0.00588
80	0.02200	0.01442	0.01652	0.01342	0.01775	0.01560	0.01088	0.33034	0.16250	0.17992	0.02040	0.02039	0.01480	0.01412	0.11235	0.00328	0.00798	0.00654	0.00650	0.01028
81	0.11129	0.01759	0.01660	0.01394	0.01826	0.09969	0.01112	0.29159	0.29225	0.03187	0.01867	0.01817	0.01387	0.00797	0.00627	0.00205	0.00674	0.00606	0.00598	0.01003
82	0.42213	0.02059	0.01399	0.01246	0.01633	0.31852	0.00974	0.04093	0.01524	0.06185	0.01066	0.01195	0.00829	0.00655	0.00505	0.00189	0.00801	0.00407	0.00407	0.00766
83	0.22588	0.01970	0.01665	0.01381	0.01825	0.18452	0.01107	0.33554	0.06298	0.03180	0.01346	0.01411	0.01005	0.00725	0.00580	0.00194	0.00764	0.00503	0.00522	0.00930
84	0.17719	0.62055	0.02953	0.01074	0.01606	0.02379	0.01044	0.01964	0.01294	0.01830	0.00916	0.01059	0.00818	0.00573	0.00419	0.00153	0.00665	0.00353	0.00307	0.00818
85	0.01049	0.00828	0.00899	0.00867	0.01102	0.00780	0.00671	0.10741	0.01695	0.02116	0.05279	0.14686	0.47571	0.01608	0.00781	0.00232	0.00419	0.07421	0.00617	0.00637
86	0.14112	0.11098	0.06297	0.01382	0.01880	0.10382	0.01198	0.33475	0.06699	0.03097	0.03417	0.01535	0.01179	0.00735	0.00587	0.00191	0.00734	0.00529	0.00517	0.00955
87	0.22830	0.08746	0.09590	0.01269	0.01720	0.12446	0.01133	0.15081	0.01758	0.04476	0.07035	0.06054	0.01598	0.00836	0.00585	0.00199	0.00703	0.02639	0.00473	0.00829
88	0.09214	0.01772	0.07515	0.01475	0.03958	0.10597	0.03808	0.23154	0.04329	0.02847	0.13520	0.02222	0.01973	0.00853	0.00697	0.00199	0.03245	0.02543	0.00524	0.05557
89	0.22253	0.09939	0.04154	0.01280	0.01717	0.12544	0.01081	0.21281	0.03824	0.05193	0.01329	0.01488	0.01038	0.01163	0.08751	0.00286	0.00849	0.00497	0.00465	0.00867
90	0.17052	0.01526	0.01789	0.01415	0.01882	0.03545	0.08732	0.29559	0.04093	0.09203	0.04476	0.02165	0.03759	0.00827	0.00639	0.00205	0.00677	0.04242	0.00569	0.03645
91	0.17207	0.01748	0.01748	0.01436	0.01859	0.16991	0.08710	0.15748	0.03793	0.08688	0.01628	0.09822	0.01391	0.00834	0.00621	0.00198	0.00753	0.00673	0.00499	0.05653

[dist]
# distance from previous block
# <min> <max>
1	53

[block]
# block no. 1 follows, 33 sequences, length 98
# corresponding to MSA columns:
# 192-289
name=unknown_B
#
# <colnr> <probs for GDERKNQSTAVLIFYWHMCP>
#	G	D	E	R	K	N	Q	S	T	A	V	L	I	F	Y	W	H	M	C	P
0	0.09705	0.09262	0.08163	0.01387	0.01817	0.21868	0.02849	0.14850	0.01838	0.04555	0.04135	0.06093	0.05287	0.02682	0.00685	0.00206	0.00798	0.02534	0.00461	0.00824
1	0.04142	0.16937	0.07807	0.01329	0.01771	0.12337	0.01180	0.16789	0.01877	0.08699	0.06882	0.04489	0.05534	0.00892	0.00690	0.00196	0.04101	0.02988	0.00494	0.00868
2	0.05372	0.20268	0.11755	0.01447	0.01970	0.16734	0.05357	0.08043	0.03814	0.02086	0.01512	0.01918	0.03598	0.00746	0.00586	0.00181	0.00812	0.05254	0.00391	0.08156
3	0.12483	0.05966	0.08135	0.01428	0.01861	0.15658	0.08973	0.08721	0.01634	0.07101	0.06149	0.02007	0.01488	0.08856	0.04399	0.00279	0.00846	0.00609	0.00437	0.02968
4	0.04135	0.07675	0.18226	0.01753	0.13050	0.01463	0.01429	0.12207	0.08339	0.04095	0.04142	0.09972	0.08865	0.00944	0.00659	0.00208	0.00672	0.00788	0.00478	0.00900
5	0.05591	0.13780	0.10183	0.01499	0.01965	0.26131	0.03159	0.15432	0.03526	0.02253	0.01387	0.03538	0.01200	0.03772	0.00711	0.00206	0.00884	0.03516	0.00417	0.00849
6	0.04674	0.00967	0.01213	0.03195	0.01427	0.04034	0.05117	0.04614	0.01510	0.02089	0.12404	0.33810	0.05226	0.01436	0.00747	0.00227	0.00517	0.06456	0.00556	0.09783
7	0.01586	0.01228	0.01915	0.19305	0.27823	0.01288	0.01501	0.02064	0.07657	0.11828	0.05721	0.09493	0.01862	0.00886	0.00690	0.00216	0.00680	0.02888	0.00474	0.00895
8	0.00949	0.00643	0.00759	0.00765	0.00781	0.00655	0.00456	0.00980	0.00982	0.01323	0.02107	0.07264	0.02394	0.65398	0.11321	0.00670	0.00755	0.00969	0.00403	0.00426
9	0.01709	0.01191	0.01404	0.01083	0.01567	0.01039	0.00863	0.12944	0.01699	0.12633	0.01739	0.07490	0.01497	0.04082	0.00705	0.00172	0.00539	0.02736	0.00519	0.44388
10	0.19115	0.15172	0.17593	0.05230	0.02034	0.16512	0.03278	0.01995	0.01365	0.01966	0.01044	0.01315	0.00852	0.00796	0.00746	0.08631	0.00826	0.00444	0.00323	0.00764
11	0.00808	0.00577	0.00769	0.00913	0.00956	0.00538	0.00612	0.00931	0.01287	0.01722	0.06635	0.73308	0.04435	0.02031	0.00837	0.00265	0.00379	0.01842	0.00616	0.00538
12	0.01365	0.01170	0.01365	0.00975	0.01560	0.00878	0.00780	0.01658	0.01365	0.02145	0.01170	0.01365	0.00975	0.00488	0.00488	0.00098	0.00488	0.00390	0.00390	0.80888
13	0.01948	0.01790	0.13163	0.01532	0.02075	0.04878	0.09212	0.19110	0.06430	0.15164	0.09156	0.04098	0.01806	0.00817	0.00672	0.00200	0.00721	0.00696	0.00563	0.05971
14	0.81514	0.01273	0.00968	0.00866	0.01273	0.01477	0.00713	0.01935	0.01120	0.02954	0.00917	0.01069	0.00713	0.00611	0.00407	0.00204	0.00509	0.00356	0.00407	0.00713
15	0.00984	0.00692	0.00836	0.00793	0.00987	0.00614	0.00597	0.01234	0.01717	0.06173	0.43116	0.07511	0.29408	0.01453	0.00773	0.00214	0.00335	0.01253	0.00686	0.00623
16	0.01760	0.77260	0.03450	0.01126	0.01690	0.02605	0.01126	0.01971	0.01338	0.01549	0.00915	0.01056	0.00845	0.00563	0.00422	0.00141	0.00704	0.00352	0.00282	0.00845
17	0.00932	0.00673	0.00880	0.00828	0.00984	0.00621	0.00621	0.01242	0.01863	0.02640	0.72410	0.04918	0.06212	0.01346	0.00776	0.00207	0.00311	0.01191	0.00725	0.00621
18	0.02459	0.03138	0.01866	0.01696	0.02035	0.74221	0.01272	0.02629	0.01866	0.01611	0.01018	0.01187	0.00848	0.00678	0.00594	0.00170	0.01187	0.00424	0.00339	0.00763
19	0.00786	0.00667	0.00679	0.00676	0.00894	0.00559	0.00507	0.00961	0.01520	0.01826	0.10279	0.06258	0.68850	0.01650	0.00778	0.00221	0.00332	0.01378	0.00618	0.00559
20	0.02459	0.03138	0.01866	0.01696	0.02035	0.74221	0.01272	0.02629	0.01866	0.01611	0.01018	0.01187	0.00848	0.00678	0.00594	0.00170	0.01187	0.00424	0.00339	0.00763
21	0.01061	0.00758	0.01061	0.01212	0.01364	0.00758	0.01061	0.01364	0.01515	0.01970	0.03486	0.07426	0.03789	0.01819	0.00909	0.00303	0.00606	0.68326	0.00606	0.00606
22	0.01637	0.01414	0.01489	0.01340	0.01712	0.01637	0.01042	0.03498	0.71568	0.02754	0.02679	0.02456	0.02010	0.00893	0.00670	0.00223	0.00521	0.00744	0.00670	0.01042
23	0.01637	0.01414	0.01489	0.01340	0.01712	0.01637	0.01042	0.03498	0.71568	0.02754	0.02679	0.02456	0.02010	0.00893	0.00670	0.00223	0.00521	0.00744	0.00670	0.01042
24	0.01365	0.01170	0.01365	0.00975	0.01560	0.00878	0.00780	0.01658	0.01365	0.02145	0.01170	0.01365	0.00975	0.00488	0.00488	0.00098	0.00488	0.00390	0.00390	0.80888
25	0.02954	0.01120	0.01528	0.01171	0.01681	0.00968	0.00968	0.03208	0.01884	0.73213	0.02597	0.02241	0.01630	0.00815	0.00662	0.00204	0.00560	0.00662	0.00815	0.01120
26	0.01061	0.00758	0.01061	0.01212	0.01364	0.00758	0.01061	0.01364	0.01515	0.01970	0.03486	0.07426	0.03789	0.01819	0.00909	0.00303	0.00606	0.68326	0.00606	0.00606
27	0.01076	0.00752	0.00998	0.01100	0.01261	0.00751	0.00938	0.01425	0.03728	0.02107	0.10296	0.06469	0.05668	0.01628	0.00838	0.00273	0.00535	0.50551	0.08987	0.00621
28	0.00778	0.00667	0.00667	0.00667	0.00889	0.00556	0.00500	0.00945	0.01501	0.01778	0.06669	0.06336	0.72490	0.01667	0.00778	0.00222	0.00333	0.01389	0.00611	0.00556
29	0.02464	0.01825	0.01954	0.01507	0.02027	0.02024	0.01242	0.67606	0.06113	0.04087	0.01629	0.01619	0.01159	0.00795	0.00659	0.00199	0.00715	0.00599	0.00659	0.01116
30	0.02503	0.01844	0.01976	0.01515	0.02042	0.02042	0.01251	0.70562	0.03095	0.04149	0.01581	0.01581	0.01120	0.00790	0.00659	0.00198	0.00724	0.00593	0.00659	0.01120
31	0.01286	0.03195	0.67992	0.01801	0.02708	0.01457	0.02296	0.02007	0.01399	0.02085	0.03530	0.04781	0.01157	0.00711	0.00640	0.00211	0.00926	0.00569	0.00307	0.00943
32	0.00800	0.00580	0.00757	0.00899	0.00950	0.00536	0.00603	0.00919	0.01278	0.01688	0.03849	0.71341	0.09305	0.02034	0.00836	0.00264	0.00378	0.01836	0.00611	0.00536
33	0.11849	0.01432	0.01645	0.01276	0.01780	0.01463	0.01054	0.30470	0.02289	0.36988	0.01989	0.01837	0.01316	0.00781	0.00631	0.00201	0.00621	0.00599	0.00704	0.01073
34	0.01571	0.01505	0.02567	0.14804	0.62450	0.01549	0.01991	0.01969	0.01471	0.02080	0.01228	0.01648	0.01018	0.00597	0.00653	0.00199	0.00797	0.00586	0.00321	0.00996
35	0.10354	0.01099	0.01605	0.08798	0.25011	0.01168	0.01247	0.01518	0.01325	0.01977	0.02316	0.23840	0.07591	0.01289	0.03174	0.00255	0.05237	0.01002	0.00437	0.00755
36	0.04102	0.12554	0.02234	0.01501	0.02026	0.03798	0.08381	0.34468	0.10934	0.03082	0.01521	0.01589	0.01146	0.00707	0.00612	0.00184	0.00718	0.00565	0.00529	0.09349
37	0.01565	0.01529	0.04288	0.12969	0.51657	0.01509	0.01855	0.03790	0.01491	0.02127	0.01222	0.01609	0.01007	0.00607	0.00673	0.00192	0.02559	0.00565	0.00334	0.08451
38	0.01626	0.14515	0.34490	0.01692	0.02435	0.05656	0.08676	0.10472	0.01631	0.02237	0.01193	0.01385	0.00904	0.00616	0.00595	0.00183	0.00870	0.00493	0.00347	0.09981
39	0.01484	0.12386	0.35324	0.01892	0.04834	0.01608	0.16075	0.04394	0.01543	0.04189	0.08666	0.01833	0.01470	0.00688	0.00649	0.00201	0.00870	0.00614	0.00367	0.00913
40	0.01557	0.01766	0.03831	0.02830	0.06496	0.01660	0.67354	0.02105	0.01551	0.02111	0.01328	0.01769	0.01001	0.00556	0.00771	0.00221	0.01095	0.00769	0.00333	0.00895
41	0.00850	0.00624	0.00813	0.00967	0.02955	0.00586	0.00632	0.00971	0.01266	0.01668	0.03684	0.56606	0.10845	0.10496	0.01117	0.00304	0.00426	0.04073	0.00579	0.00538
42	0.08319	0.19090	0.10176	0.01962	0.14272	0.16886	0.07948	0.03914	0.01574	0.04587	0.04543	0.01528	0.01173	0.00653	0.00584	0.00183	0.00847	0.00520	0.00366	0.00876
43	0.00858	0.00632	0.00778	0.00876	0.00948	0.00601	0.00587	0.01042	0.04421	0.01687	0.03774	0.54129	0.12926	0.12088	0.01164	0.00310	0.00417	0.01634	0.00585	0.00542
44	0.00800	0.00579	0.00757	0.00899	0.00950	0.00536	0.00603	0.00919	0.01277	0.01687	0.03837	0.71616	0.09038	0.02035	0.00836	0.00264	0.00379	0.01838	0.00611	0.00536
45	0.01556	0.05270	0.08749	0.26172	0.20741	0.01645	0.15339	0.08691	0.01591	0.02154	0.01248	0.01646	0.00961	0.00626	0.00666	0.00207	0.00884	0.00604	0.00343	0.00904
46	0.10268	0.07699	0.01845	0.01996	0.23012	0.09043	0.01230	0.02120	0.11114	0.04544	0.16437	0.02410	0.03943	0.00831	0.00632	0.00196	0.00636	0.00695	0.00485	0.00863
47	0.00874	0.00614	0.00732	0.00796	0.00835	0.00586	0.00498	0.00939	0.01141	0.01498	0.03205	0.34676	0.10552	0.37717	0.02032	0.00440	0.00499	0.01385	0.00510	0.00472
48	0.01556	0.01769	0.03844	0.02818	0.05787	0.01661	0.68053	0.02106	0.01552	0.02110	0.01329	0.01771	0.01000	0.00556	0.00773	0.00221	0.01099	0.00770	0.00333	0.00893
49	0.04201	0.16814	0.26169	0.01830	0.11366	0.07501	0.01659	0.06122	0.03945	0.06264	0.01502	0.01646	0.04097	0.00706	0.00648	0.00194	0.03502	0.00533	0.00376	0.00925
50	0.01093	0.00632	0.00904	0.00943	0.00987	0.00638	0.00690	0.01012	0.01045	0.01386	0.01867	0.03652	0.01972	0.10102	0.05645	0.48143	0.00644	0.17868	0.00382	0.00394
51	0.02133	0.01311	0.01467	0.01203	0.01610	0.01391	0.00968	0.23918	0.19070	0.19822	0.02207	0.02132	0.01575	0.00816	0.00621	0.00196	0.00549	0.00650	0.17366	0.00995
52	0.01537	0.01418	0.02337	0.39637	0.23394	0.01581	0.07731	0.10462	0.01612	0.02161	0.01255	0.01699	0.00965	0.00646	0.00667	0.00210	0.00851	0.00603	0.00351	0.00882
53	0.05442	0.13604	0.18743	0.01867	0.10014	0.20361	0.04588	0.04209	0.09670	0.03584	0.01315	0.01464	0.01025	0.00661	0.00594	0.00189	0.00884	0.00505	0.00375	0.00907
54	0.02010	0.26741	0.04730	0.01524	0.01894	0.35530	0.01294	0.02208	0.01523	0.01602	0.00962	0.01198	0.00849	0.00726	0.00827	0.00183	0.14672	0.00431	0.00309	0.00788
55	0.06080	0.01581	0.05133	0.13380	0.12009	0.09904	0.01282	0.05709	0.01545	0.06338	0.01352	0.04460	0.01113	0.00663	0.00586	0.00169	0.00711	0.00541	0.00404	0.27041
56	0.01508	0.21169	0.50963	0.01692	0.02534	0.01769	0.04257	0.02109	0.01405	0.05163	0.01186	0.01360	0.00878	0.00617	0.00583	0.00192	0.00894	0.00471	0.00305	0.00946
57	0.05196	0.27274	0.05451	0.01180	0.01581	0.01577	0.03178	0.03885	0.08778	0.09975	0.02114	0.23051	0.02070	0.01068	0.00622	0.00203	0.00593	0.00891	0.00495	0.00817
58	0.02236	0.00947	0.01237	0.01008	0.01335	0.00849	0.00763	0.02400	0.01551	0.47367	0.02409	0.02984	0.01904	0.28139	0.01628	0.00360	0.00588	0.00768	0.00665	0.00861
59	0.01177	0.00942	0.01236	0.03703	0.03608	0.00956	0.03938	0.04974	0.13457	0.02559	0.40524	0.06357	0.09414	0.01192	0.00739	0.00212	0.00440	0.01051	0.02785	0.00736
60	0.02057	0.07091	0.16993	0.01592	0.02175	0.09606	0.06705	0.23380	0.05199	0.11911	0.01702	0.01764	0.03111	0.00860	0.02712	0.00222	0.00843	0.00592	0.00505	0.00980
61	0.00802	0.00573	0.00764	0.00917	0.00955	0.00535	0.00611	0.00917	0.01260	0.01681	0.03628	0.76434	0.04354	0.02062	0.00840	0.00267	0.00382	0.01872	0.00611	0.00535
62	0.00819	0.00587	0.00761	0.00886	0.00935	0.00548	0.00590	0.00936	0.01274	0.01697	0.06742	0.64525	0.07263	0.07841	0.01030	0.00292	0.00397	0.01749	0.00600	0.00529
63	0.05210	0.05669	0.28101	0.07975	0.15367	0.07556	0.05616	0.06507	0.05983	0.02205	0.01275	0.01519	0.00974	0.00658	0.00662	0.00204	0.02698	0.00537	0.00351	0.00935
64	0.03408	0.05177	0.42739	0.01967	0.02731	0.01498	0.20545	0.01962	0.01412	0.02053	0.01461	0.09305	0.01243	0.00754	0.00676	0.00216	0.00927	0.00702	0.00331	0.00893
65	0.01309	0.00692	0.00831	0.00794	0.00960	0.00706	0.00598	0.01561	0.01309	0.09510	0.02091	0.02655	0.01743	0.09618	0.19224	0.00435	0.00731	0.00677	0.43919	0.00638
66	0.01365	0.01170	0.01365	0.00975	0.01560	0.00878	0.00780	0.01658	0.01365	0.02145	0.01170	0.01365	0.00975	0.00488	0.00488	0.00098	0.00488	0.00390	0.00390	0.80888
67	0.01554	0.01776	0.03885	0.02775	0.03441	0.01665	0.70366	0.02109	0.01554	0.02109	0.01332	0.01776	0.00999	0.00555	0.00777	0.00222	0.01110	0.00777	0.00333	0.00888
68	0.00801	0.00578	0.00759	0.00903	0.00951	0.00536	0.00605	0.00918	0.01274	0.01686	0.03795	0.72591	0.08089	0.02041	0.00837	0.00265	0.00379	0.01845	0.00611	0.00536
69	0.05643	0.01633	0.01731	0.01385	0.01847	0.01811	0.01126	0.48414	0.16251	0.03652	0.04810	0.02088	0.04876	0.00866	0.00660	0.00204	0.00640	0.00674	0.00650	0.01040
70	0.00945	0.00660	0.00819	0.00819	0.00864	0.00691	0.00531	0.01023	0.01009	0.01373	0.02162	0.03866	0.04939	0.52084	0.24745	0.00749	0.00967	0.00898	0.00393	0.00462
71	0.01369	0.00842	0.01072	0.00939	0.01179	0.00797	0.00728	0.07578	0.01974	0.13271	0.55849	0.04228	0.05086	0.01218	0.00749	0.00206	0.00384	0.01060	0.00732	0.00739
72	0.00935	0.00746	0.00838	0.00802	0.01005	0.00698	0.00600	0.01328	0.08932	0.02198	0.31873	0.05294	0.36351	0.04434	0.00868	0.00233	0.00356	0.01227	0.00654	0.00626
73	0.02954	0.01120	0.01528	0.01171	0.01681	0.00968	0.00968	0.03208	0.01884	0.73213	0.02597	0.02241	0.01630	0.00815	0.00662	0.00204	0.00560	0.00662	0.00815	0.01120
74	0.01320	0.03405	0.73453	0.01876	0.02849	0.01529	0.02432	0.02085	0.01390	0.02085	0.01181	0.01390	0.00834	0.00625	0.00625	0.00208	0.00973	0.00486	0.00278	0.00973
75	0.00811	0.00586	0.00770	0.00913	0.00967	0.00545	0.00622	0.00936	0.01285	0.01698	0.03806	0.69486	0.08432	0.02029	0.00839	0.00266	0.00388	0.04471	0.00611	0.00539
76	0.00818	0.00585	0.00783	0.00935	0.00981	0.00549	0.00640	0.00945	0.01277	0.01699	0.03619	0.72061	0.04318	0.02047	0.00845	0.00270	0.00396	0.06083	0.00611	0.00539
77	0.00802	0.00573	0.00764	0.00917	0.00955	0.00535	0.00611	0.00917	0.01260	0.01681	0.03628	0.76434	0.04354	0.02062	0.00840	0.00267	0.00382	0.01872	0.00611	0.00535
78	0.01796	0.01493	0.01578	0.01372	0.01772	0.01711	0.01080	0.15778	0.59030	0.03009	0.02478	0.02296	0.01847	0.00874	0.00668	0.00219	0.00558	0.00717	0.00668	0.01056
79	0.02377	0.02850	0.01835	0.01644	0.02002	0.60669	0.01246	0.08323	0.09264	0.01940	0.01238	0.01352	0.00992	0.00710	0.00607	0.00178	0.01079	0.00471	0.00400	0.00822
80	0.81514	0.01273	0.00968	0.00866	0.01273	0.01477	0.00713	0.01935	0.01120	0.02954	0.00917	0.01069	0.00713	0.00611	0.00407	0.00204	0.00509	0.00356	0.00407	0.00713
81	0.00806	0.00651	0.00716	0.00735	0.00915	0.00562	0.00538	0.00985	0.01514	0.01893	0.16152	0.18354	0.50503	0.01687	0.00789	0.00228	0.00338	0.01443	0.00629	0.00562
82	0.01966	0.01253	0.01344	0.01094	0.01454	0.01341	0.00883	0.35696	0.02258	0.07774	0.01896	0.02010	0.01404	0.00782	0.00571	0.00178	0.00529	0.00606	0.36068	0.00895
83	0.01748	0.01702	0.02665	0.02988	0.35996	0.05430	0.17227	0.09456	0.11552	0.02407	0.01487	0.01751	0.01167	0.00649	0.00680	0.00204	0.00835	0.00644	0.00411	0.01001
84	0.00970	0.00732	0.00904	0.00858	0.01035	0.00698	0.00644	0.01391	0.07872	0.02509	0.55808	0.08017	0.13316	0.01375	0.00770	0.00213	0.00335	0.01204	0.00702	0.00647
85	0.01760	0.77260	0.03450	0.01126	0.01690	0.02605	0.01126	0.01971	0.01338	0.01549	0.00915	0.01056	0.00845	0.00563	0.00422	0.00141	0.00704	0.00352	0.00282	0.00845
86	0.01716	0.60963	0.14333	0.01304	0.01933	0.02359	0.03816	0.02027	0.01368	0.03594	0.01017	0.01166	0.00870	0.00579	0.00473	0.00156	0.00757	0.00397	0.00297	0.00874
87	0.00802	0.00573	0.00764	0.00917	0.00955	0.00535	0.00611	0.00917	0.01260	0.01681	0.03628	0.76434	0.04354	0.02062	0.00840	0.00267	0.00382	0.01872	0.00611	0.00535
88	0.01518	0.01257	0.01336	0.01215	0.01556	0.01407	0.00940	0.02998	0.55781	0.04948	0.03321	0.05964	0.12800	0.01054	0.00693	0.00224	0.00488	0.00884	0.00664	0.00951
89	0.01520	0.01653	0.03364	0.02469	0.05236	0.01511	0.54914	0.02020	0.01516	0.02117	0.01298	0.01693	0.00996	0.00543	0.00718	0.00197	0.00980	0.00697	0.00344	0.16214
90	0.00802	0.00573	0.00764	0.00917	0.00955	0.00535	0.00611	0.00917	0.01260	0.01681	0.03628	0.76434	0.04354	0.02062	0.00840	0.00267	0.00382	0.01872	0.00611	0.00535
91	0.02733	0.01099	0.01475	0.01153	0.01628	0.00972	0.00944	0.03069	0.05201	0.64358	0.08041	0.02460	0.02005	0.00860	0.00671	0.00205	0.00539	0.00707	0.00801	0.01078
92	0.01535	0.01171	0.03277	0.01125	0.01424	0.04514	0.00919	0.13326	0.07333	0.09360	0.36077	0.03906	0.03949	0.01166	0.00739	0.00215	0.00511	0.07980	0.00675	0.00799
93	0.01984	0.10209	0.02549	0.07875	0.04025	0.04005	0.20598	0.14830	0.05001	0.14462	0.01568	0.01714	0.01140	0.00667	0.00652	0.00194	0.00805	0.00615	0.00484	0.06622
94	0.01842	0.01976	0.08945	0.07039	0.05968	0.14858	0.11590	0.14936	0.01826	0.04568	0.04660	0.01680	0.01226	0.00725	0.00771	0.00196	0.06943	0.00586	0.00423	0.09242
95	0.04114	0.03966	0.05374	0.01980	0.09578	0.27093	0.13573	0.06284	0.07426	0.02139	0.05472	0.01701	0.01323	0.00706	0.00678	0.00191	0.02739	0.00586	0.00404	0.04675
96	0.01959	0.12274	0.11670	0.01777	0.06634	0.16472	0.08618	0.12638	0.10655	0.06604	0.03440	0.01671	0.01257	0.00708	0.00626	0.00192	0.00845	0.00571	0.00451	0.00938
97	0.14932	0.05242	0.12441	0.08479	0.04577	0.10163	0.01351	0.13861	0.09797	0.08350	0.03677	0.01675	0.01243	0.00725	0.00600	0.00200	0.00747	0.00548	0.00476	0.00913

[dist]
# distance from previous block
# <min> <max>
1	20

[block]
# block no. 2 follows, 33 sequences, length 54
# corresponding to MSA columns:
# 310-363
name=unknown_C
#
# <colnr> <probs for GDERKNQSTAVLIFYWHMCP>
#	G	D	E	R	K	N	Q	S	T	A	V	L	I	F	Y	W	H	M	C	P
0	0.08451	0.07360	0.09825	0.04051	0.11782	0.11221	0.09817	0.17083	0.03257	0.04280	0.01296	0.01486	0.00990	0.00651	0.00612	0.00189	0.00829	0.00536	0.00422	0.05862
1	0.05963	0.16156	0.02019	0.01555	0.09979	0.07928	0.04397	0.07062	0.07097	0.02232	0.07975	0.03859	0.05135	0.00811	0.00603	0.00180	0.00656	0.03083	0.00450	0.12859
2	0.06167	0.06926	0.19455	0.01502	0.02081	0.11167	0.04941	0.10142	0.05856	0.14345	0.01646	0.05749	0.01279	0.00763	0.00622	0.00195	0.00782	0.00607	0.00478	0.05297
3	0.03594	0.01651	0.09389	0.01374	0.03945	0.11041	0.01136	0.04378	0.15748	0.07159	0.02070	0.13709	0.01872	0.00965	0.00652	0.00199	0.00655	0.04235	0.00510	0.15720
4	0.01812	0.03857	0.01716	0.01303	0.01758	0.09207	0.06558	0.12823	0.06331	0.10952	0.12738	0.02281	0.04117	0.00798	0.00634	0.00174	0.00637	0.00666	0.00546	0.21093
5	0.01425	0.09263	0.02063	0.05349	0.04227	0.07835	0.16018	0.05126	0.05703	0.02159	0.15698	0.04827	0.12559	0.01004	0.00709	0.00209	0.00698	0.03866	0.00494	0.00770
6	0.01711	0.51634	0.09910	0.01245	0.01795	0.05954	0.01228	0.03953	0.09351	0.01844	0.03157	0.01503	0.02970	0.00667	0.00504	0.00164	0.00716	0.00468	0.00358	0.00870
7	0.07613	0.08990	0.11305	0.01210	0.04246	0.01181	0.01064	0.01722	0.01343	0.02104	0.01328	0.07386	0.01198	0.00654	0.00528	0.00142	0.00579	0.00523	0.00381	0.46503
8	0.11556	0.08675	0.34705	0.01902	0.10883	0.03360	0.05160	0.03765	0.03022	0.09121	0.01317	0.01476	0.00963	0.00640	0.00597	0.00200	0.00826	0.00509	0.00374	0.00948
9	0.01310	0.09496	0.07292	0.01172	0.01507	0.01146	0.04306	0.01867	0.14009	0.07132	0.11383	0.20687	0.11094	0.01270	0.00718	0.00223	0.00532	0.03513	0.00573	0.00769
10	0.01354	0.17132	0.02670	0.13489	0.02596	0.01542	0.26329	0.01707	0.01381	0.01801	0.01732	0.17578	0.01698	0.01133	0.04703	0.00260	0.00869	0.00887	0.00376	0.00762
11	0.01651	0.02181	0.22830	0.03934	0.07877	0.11020	0.12260	0.05764	0.04907	0.06147	0.01627	0.05808	0.01374	0.02794	0.00747	0.00220	0.00873	0.04143	0.00409	0.03432
12	0.01540	0.01738	0.09784	0.10752	0.39110	0.01585	0.15930	0.02083	0.05370	0.02108	0.01317	0.01690	0.01046	0.00621	0.00709	0.00208	0.02484	0.00624	0.00337	0.00965
13	0.01566	0.01695	0.03473	0.05444	0.23541	0.01629	0.48404	0.02070	0.01530	0.02107	0.01300	0.01733	0.01008	0.00567	0.00737	0.00214	0.01008	0.00716	0.00330	0.00928
14	0.01255	0.01137	0.01823	0.16390	0.32787	0.01169	0.01443	0.01577	0.01461	0.01991	0.09284	0.14796	0.10095	0.01039	0.00710	0.00216	0.00637	0.00947	0.00438	0.00804
15	0.01604	0.22993	0.45988	0.01625	0.02421	0.06703	0.01925	0.02153	0.01435	0.05787	0.01176	0.01333	0.00881	0.00623	0.00571	0.00188	0.00893	0.00456	0.00312	0.00933
16	0.00802	0.00573	0.00764	0.00917	0.00955	0.00535	0.00611	0.00917	0.01260	0.01681	0.03628	0.76434	0.04354	0.02062	0.00840	0.00267	0.00382	0.01872	0.00611	0.00535
17	0.00800	0.00581	0.00756	0.00896	0.00950	0.00536	0.00602	0.00919	0.01280	0.01688	0.03875	0.70759	0.09870	0.02030	0.00835	0.00264	0.00378	0.01832	0.00611	0.00536
18	0.01411	0.01318	0.02199	0.51809	0.21573	0.01522	0.03581	0.05221	0.01457	0.01934	0.01212	0.01715	0.00934	0.00644	0.00660	0.00212	0.00852	0.00591	0.00320	0.00833
19	0.01557	0.01725	0.03638	0.05045	0.14427	0.01643	0.57608	0.02083	0.01538	0.02103	0.01312	0.01752	0.01002	0.00563	0.00754	0.00218	0.01051	0.00741	0.00331	0.00908
20	0.00932	0.00673	0.00880	0.00828	0.00984	0.00621	0.00621	0.01242	0.01863	0.02640	0.72410	0.04918	0.06212	0.01346	0.00776	0.00207	0.00311	0.01191	0.00725	0.00621
21	0.00823	0.00588	0.00788	0.00941	0.00988	0.00553	0.00648	0.00953	0.01281	0.01704	0.03617	0.70847	0.04308	0.02043	0.00846	0.00270	0.00400	0.07252	0.00611	0.00541
22	0.01604	0.01836	0.03722	0.02781	0.06731	0.05392	0.63496	0.02131	0.01567	0.02085	0.01311	0.01738	0.00993	0.00563	0.00761	0.00218	0.01098	0.00750	0.00333	0.00889
23	0.00802	0.00573	0.00764	0.00917	0.00955	0.00535	0.00611	0.00917	0.01260	0.01681	0.03628	0.76434	0.04354	0.02062	0.00840	0.00267	0.00382	0.01872	0.00611	0.00535
24	0.02203	0.02047	0.02029	0.01643	0.02104	0.19036	0.08061	0.32547	0.18082	0.03030	0.01670	0.01704	0.01244	0.00764	0.00657	0.00199	0.00827	0.00605	0.00553	0.00995
25	0.01760	0.77260	0.03450	0.01126	0.01690	0.02605	0.01126	0.01971	0.01338	0.01549	0.00915	0.01056	0.00845	0.00563	0.00422	0.00141	0.00704	0.00352	0.00282	0.00845
26	0.11784	0.01640	0.01773	0.01374	0.01883	0.01771	0.01135	0.49730	0.02634	0.17181	0.01697	0.01647	0.01170	0.00774	0.00630	0.00199	0.00668	0.00578	0.00659	0.01072
27	0.01434	0.18008	0.51740	0.01826	0.02683	0.01759	0.09691	0.02065	0.01398	0.01980	0.01145	0.01366	0.00854	0.00605	0.00602	0.00196	0.00934	0.00492	0.00285	0.00938
28	0.00778	0.00667	0.00667	0.00667	0.00889	0.00556	0.00500	0.00945	0.01501	0.01778	0.06669	0.06336	0.72490	0.01667	0.00778	0.00222	0.00333	0.01389	0.00611	0.00556
29	0.04848	0.01478	0.01688	0.01310	0.01815	0.04915	0.01076	0.26974	0.02292	0.43449	0.02116	0.01925	0.01387	0.00794	0.00651	0.00200	0.00647	0.00618	0.00726	0.01092
30	0.01071	0.00785	0.00915	0.00877	0.01102	0.00739	0.00682	0.01490	0.09336	0.06090	0.27896	0.05316	0.31697	0.01442	0.00772	0.00224	0.00386	0.07847	0.00667	0.00667
31	0.00802	0.00573	0.00764	0.00917	0.00955	0.00535	0.00611	0.00917	0.01260	0.01681	0.03628	0.76434	0.04354	0.02062	0.00840	0.00267	0.00382	0.01872	0.00611	0.00535
32	0.01365	0.01170	0.01365	0.00975	0.01560	0.00878	0.00780	0.01658	0.01365	0.02145	0.01170	0.01365	0.00975	0.00488	0.00488	0.00098	0.00488	0.00390	0.00390	0.80888
33	0.01669	0.49969	0.16219	0.01455	0.02078	0.05942	0.08229	0.02015	0.01387	0.01706	0.01037	0.01244	0.00883	0.00717	0.02822	0.00192	0.00852	0.00434	0.00291	0.00860
34	0.01875	0.60726	0.05691	0.01260	0.01796	0.15954	0.01201	0.02098	0.01438	0.01580	0.00944	0.01093	0.00845	0.00587	0.00462	0.00149	0.00804	0.00370	0.00292	0.00834
35	0.01320	0.03405	0.73453	0.01876	0.02849	0.01529	0.02432	0.02085	0.01390	0.02085	0.01181	0.01390	0.00834	0.00625	0.00625	0.00208	0.00973	0.00486	0.00278	0.00973
36	0.01487	0.01419	0.02414	0.30360	0.47553	0.01527	0.01949	0.01895	0.01432	0.01978	0.01213	0.01676	0.00982	0.00613	0.00654	0.00204	0.00817	0.00586	0.00314	0.00928
37	0.01131	0.00810	0.01105	0.01227	0.01397	0.00820	0.01070	0.04721	0.01592	0.02076	0.03393	0.07142	0.03659	0.01769	0.00897	0.00298	0.00612	0.65040	0.00609	0.00631
38	0.05238	0.01428	0.01630	0.01298	0.01761	0.01497	0.01057	0.30207	0.13387	0.26025	0.07719	0.02180	0.01817	0.00852	0.00662	0.00205	0.00598	0.00678	0.00707	0.01053
39	0.00818	0.00609	0.00765	0.00865	0.00957	0.00555	0.00603	0.00969	0.01379	0.01806	0.11080	0.52402	0.18810	0.01901	0.00823	0.00253	0.00372	0.03860	0.00622	0.00550
40	0.01133	0.00579	0.00868	0.00868	0.00874	0.00585	0.00585	0.00874	0.00868	0.01163	0.01175	0.02031	0.01169	0.02423	0.06260	0.76742	0.00633	0.00579	0.00289	0.00301
41	0.01724	0.71246	0.09150	0.01188	0.01784	0.02517	0.01233	0.01981	0.01342	0.01593	0.00937	0.01083	0.00844	0.00568	0.00439	0.00146	0.00726	0.00363	0.00281	0.00855
42	0.00800	0.00582	0.00754	0.00892	0.00948	0.00537	0.00600	0.00919	0.01284	0.01690	0.03933	0.69417	0.11175	0.02023	0.00834	0.00263	0.00377	0.01823	0.00611	0.00537
43	0.01608	0.01543	0.02634	0.07924	0.69038	0.01559	0.02010	0.02002	0.01489	0.02125	0.01235	0.01636	0.01034	0.00590	0.00652	0.00197	0.00787	0.00586	0.00324	0.01026
44	0.01554	0.01776	0.03885	0.02775	0.03441	0.01665	0.70366	0.02109	0.01554	0.02109	0.01332	0.01776	0.00999	0.00555	0.00777	0.00222	0.01110	0.00777	0.00333	0.00888
45	0.01490	0.01372	0.02236	0.42642	0.29870	0.01548	0.01853	0.07385	0.01529	0.02057	0.01229	0.01694	0.00959	0.00642	0.00656	0.00209	0.00829	0.00586	0.00335	0.00879
46	0.02547	0.01062	0.01418	0.01124	0.01567	0.00947	0.00914	0.02899	0.05680	0.57687	0.14161	0.02696	0.02409	0.00907	0.00681	0.00205	0.00517	0.00754	0.00792	0.01033
47	0.01182	0.00776	0.01050	0.01146	0.01311	0.00766	0.00947	0.01514	0.04929	0.07709	0.03407	0.22899	0.03659	0.01749	0.00861	0.00283	0.00546	0.43987	0.00627	0.00653
48	0.01509	0.01500	0.02267	0.38538	0.33814	0.07397	0.01866	0.01905	0.01440	0.01879	0.01187	0.01655	0.00947	0.00629	0.00650	0.00205	0.00861	0.00573	0.00311	0.00868
49	0.81514	0.01273	0.00968	0.00866	0.01273	0.01477	0.00713	0.01935	0.01120	0.02954	0.00917	0.01069	0.00713	0.00611	0.00407	0.00204	0.00509	0.00356	0.00407	0.00713
