[name]
unknown

[dist]
# distance from previous block
# <min> <max>
0	6

[block]
# block no. 0 follows, 32 sequences, length 6
# corresponding to MSA columns:
# 6-11
name=unknown_A
#
# <colnr> <probs for GDERKNQSTAVLIFYWHMCP>
#	G	D	E	R	K	N	Q	S	T	A	V	L	I	F	Y	W	H	M	C	P
0	0.01180	0.00894	0.01143	0.01210	0.01409	0.00932	0.01018	0.01805	0.15364	0.02256	0.12408	0.06227	0.03828	0.01603	0.00861	0.00280	0.00561	0.45666	0.00647	0.00708
1	0.01049	0.00759	0.00903	0.00944	0.01030	0.00771	0.00631	0.05439	0.07311	0.01830	0.02975	0.41963	0.03384	0.25891	0.01655	0.00386	0.00507	0.01427	0.00561	0.00582
2	0.03623	0.01240	0.01939	0.25287	0.21985	0.01330	0.04093	0.01895	0.05856	0.05377	0.01868	0.02582	0.04859	0.08742	0.00970	0.00262	0.00750	0.03991	0.00408	0.02942
3	0.01467	0.01311	0.01931	0.27068	0.06328	0.04900	0.10081	0.05300	0.08043	0.04131	0.05200	0.04953	0.01668	0.08521	0.03997	0.00297	0.00835	0.00753	0.02427	0.00789
4	0.06881	0.01399	0.01489	0.08389	0.01888	0.06319	0.01045	0.17167	0.14575	0.08786	0.08572	0.06157	0.05518	0.02773	0.00733	0.00219	0.00621	0.00773	0.02513	0.04181
5	0.09473	0.01061	0.01187	0.05994	0.01537	0.03281	0.00847	0.07463	0.03732	0.13804	0.06676	0.17553	0.16370	0.03086	0.00770	0.00230	0.00524	0.01040	0.00601	0.04770

[dist]
# distance from previous block
# <min> <max>
2	6

[block]
# block no. 1 follows, 32 sequences, length 6
# corresponding to MSA columns:
# 18-23
name=unknown_B
#
# <colnr> <probs for GDERKNQSTAVLIFYWHMCP>
#	G	D	E	R	K	N	Q	S	T	A	V	L	I	F	Y	W	H	M	C	P
0	0.04090	0.01196	0.01310	0.06409	0.01663	0.04919	0.00900	0.08747	0.07589	0.04232	0.04718	0.12600	0.10395	0.03787	0.03508	0.00239	0.00609	0.00860	0.00521	0.21709
1	0.06282	0.01147	0.01426	0.14917	0.01992	0.03896	0.03987	0.07424	0.07707	0.02241	0.09869	0.11575	0.07301	0.07607	0.01002	0.00260	0.04227	0.00916	0.05497	0.00727
2	0.01541	0.01212	0.01730	0.13516	0.08888	0.01236	0.06477	0.07846	0.09113	0.08124	0.05914	0.07569	0.05928	0.08100	0.00950	0.00248	0.00659	0.00820	0.00509	0.09621
3	0.05840	0.01073	0.01487	0.20549	0.05568	0.01153	0.01159	0.04775	0.01584	0.15754	0.09172	0.10185	0.12067	0.01089	0.00801	0.00226	0.05272	0.00905	0.00545	0.00797
4	0.03916	0.01121	0.01576	0.27333	0.02591	0.01244	0.03827	0.07213	0.09301	0.02220	0.09311	0.13037	0.05585	0.01181	0.03385	0.00253	0.00692	0.00900	0.00491	0.04821
5	0.01405	0.00922	0.01168	0.05715	0.04391	0.00937	0.00825	0.06214	0.05211	0.09238	0.07468	0.09362	0.02477	0.23515	0.04025	0.00372	0.00616	0.04294	0.08338	0.03504

[dist]
# distance from previous block
# <min> <max>
3	6

[block]
# block no. 2 follows, 32 sequences, length 45
# corresponding to MSA columns:
# 31-75
name=unknown_C
#
# <colnr> <probs for GDERKNQSTAVLIFYWHMCP>
#	G	D	E	R	K	N	Q	S	T	A	V	L	I	F	Y	W	H	M	C	P
0	0.01649	0.02216	0.27814	0.01937	0.04535	0.01492	0.18317	0.07538	0.06771	0.08062	0.04997	0.01860	0.01357	0.00692	0.00680	0.00205	0.00856	0.00640	0.00434	0.07950
1	0.04886	0.01164	0.01505	0.01177	0.01657	0.01061	0.00960	0.06768	0.04818	0.56921	0.05914	0.02399	0.01861	0.03060	0.00750	0.00219	0.00565	0.00695	0.00777	0.02844
2	0.00958	0.00717	0.01069	0.01067	0.01189	0.00829	0.00829	0.01202	0.01119	0.01614	0.05256	0.02753	0.01907	0.04852	0.70159	0.01036	0.01724	0.00743	0.00378	0.00601
3	0.01750	0.10156	0.03391	0.01276	0.01661	0.15123	0.01037	0.04559	0.27284	0.06237	0.06120	0.02833	0.13855	0.00975	0.00662	0.00205	0.00657	0.00771	0.00565	0.00885
4	0.02209	0.20316	0.03981	0.01416	0.03852	0.19054	0.01159	0.09451	0.01850	0.18704	0.06484	0.05442	0.01639	0.00820	0.00613	0.00186	0.00770	0.00622	0.00518	0.00914
5	0.06361	0.01234	0.01520	0.01212	0.01674	0.01194	0.00986	0.12941	0.08187	0.45480	0.07238	0.05057	0.01998	0.00908	0.00677	0.00211	0.00566	0.00739	0.00760	0.01058
6	0.00865	0.00661	0.00798	0.00845	0.00992	0.00595	0.00624	0.01068	0.01551	0.02021	0.21967	0.26863	0.29490	0.01750	0.00823	0.00243	0.00373	0.07239	0.00652	0.00581
7	0.08739	0.01471	0.01627	0.01548	0.08719	0.06392	0.01111	0.14927	0.15277	0.20168	0.04243	0.06472	0.04522	0.00914	0.00667	0.00212	0.00629	0.00743	0.00632	0.00987
8	0.20547	0.01454	0.01426	0.03976	0.01667	0.09626	0.01031	0.11970	0.05298	0.06073	0.01982	0.13723	0.03581	0.01086	0.00829	0.00231	0.09273	0.04919	0.00513	0.00795
9	0.00818	0.00584	0.00779	0.00934	0.00973	0.00545	0.00623	0.00934	0.01285	0.01713	0.03698	0.75981	0.04438	0.02102	0.00856	0.00273	0.00389	0.01908	0.00623	0.00545
10	0.01661	0.01594	0.02724	0.04119	0.72233	0.01594	0.02059	0.02059	0.01528	0.02192	0.01262	0.01661	0.01063	0.00598	0.00664	0.00199	0.00797	0.00598	0.00332	0.01063
11	0.10426	0.01432	0.02203	0.06725	0.32067	0.01470	0.08016	0.02342	0.11014	0.11226	0.01728	0.05489	0.01390	0.00748	0.00663	0.00213	0.00719	0.00687	0.00465	0.00978
12	0.05718	0.73088	0.03391	0.01135	0.01701	0.02598	0.01127	0.02007	0.01352	0.01649	0.00933	0.01077	0.00854	0.00576	0.00430	0.00147	0.00708	0.00359	0.00293	0.00854
13	0.00818	0.00584	0.00779	0.00934	0.00973	0.00545	0.00623	0.00934	0.01285	0.01713	0.03698	0.75981	0.04438	0.02102	0.00856	0.00273	0.00389	0.01908	0.00623	0.00545
14	0.01661	0.01594	0.02724	0.04119	0.72233	0.01594	0.02059	0.02059	0.01528	0.02192	0.01262	0.01661	0.01063	0.00598	0.00664	0.00199	0.00797	0.00598	0.00332	0.01063
15	0.01627	0.01831	0.10221	0.05874	0.31843	0.01609	0.27570	0.02182	0.04178	0.04375	0.01388	0.01748	0.01074	0.00612	0.00711	0.00213	0.00929	0.00669	0.00357	0.00987
16	0.02958	0.01226	0.01609	0.01234	0.01755	0.01112	0.01019	0.10909	0.02062	0.64860	0.02529	0.02207	0.01601	0.00828	0.00674	0.00207	0.00590	0.00667	0.00812	0.01142
17	0.01048	0.00749	0.01043	0.01198	0.01338	0.00744	0.01024	0.01333	0.01512	0.01971	0.03571	0.16150	0.03934	0.01885	0.00918	0.00304	0.00589	0.59462	0.00618	0.00609
18	0.00904	0.00730	0.00901	0.00908	0.01086	0.00661	0.03189	0.03505	0.01493	0.01878	0.05084	0.33817	0.38011	0.01789	0.00817	0.00246	0.00411	0.03364	0.00614	0.00593
19	0.02689	0.01651	0.05776	0.01570	0.07273	0.09603	0.01230	0.12616	0.02037	0.45313	0.02126	0.01967	0.01403	0.00782	0.00663	0.00202	0.00710	0.00621	0.00683	0.01085
20	0.01646	0.01579	0.02697	0.06780	0.69687	0.01590	0.02052	0.02046	0.01521	0.02174	0.01260	0.01666	0.01056	0.00601	0.00665	0.00200	0.00801	0.00598	0.00331	0.01051
21	0.01919	0.63928	0.03233	0.01250	0.01784	0.15102	0.01174	0.02127	0.01458	0.01590	0.00951	0.01100	0.00862	0.00595	0.00461	0.00149	0.00804	0.00372	0.00297	0.00847
22	0.01632	0.44710	0.25729	0.01401	0.02078	0.06129	0.01551	0.02025	0.01420	0.01772	0.01357	0.01497	0.04866	0.00665	0.00528	0.00172	0.00812	0.00467	0.00308	0.00882
23	0.01228	0.00775	0.00988	0.00988	0.01164	0.00741	0.00738	0.01568	0.07004	0.11021	0.19752	0.29080	0.07992	0.05366	0.00937	0.00267	0.00441	0.08595	0.00670	0.00684
24	0.01577	0.01656	0.07974	0.20397	0.48409	0.01585	0.02017	0.04524	0.01536	0.02151	0.01254	0.01670	0.01010	0.00626	0.00664	0.00206	0.00833	0.00590	0.00333	0.00986
25	0.01661	0.01594	0.02724	0.04119	0.72233	0.01594	0.02059	0.02059	0.01528	0.02192	0.01262	0.01661	0.01063	0.00598	0.00664	0.00199	0.00797	0.00598	0.00332	0.01063
26	0.01828	0.01776	0.01590	0.01435	0.01808	0.15390	0.01107	0.03397	0.57859	0.02585	0.02408	0.02257	0.01823	0.00869	0.00668	0.00217	0.00660	0.00696	0.00619	0.01008
27	0.01815	0.01409	0.01522	0.01347	0.01741	0.01595	0.01054	0.03533	0.63490	0.10424	0.02722	0.02479	0.02006	0.00902	0.00682	0.00225	0.00535	0.00749	0.00699	0.01071
28	0.00793	0.00680	0.00680	0.00680	0.00906	0.00566	0.00510	0.00963	0.01529	0.01813	0.06797	0.06457	0.71961	0.01699	0.00793	0.00227	0.00340	0.01416	0.00623	0.00566
29	0.01312	0.01239	0.02094	0.66714	0.12361	0.01503	0.01886	0.01754	0.01363	0.01769	0.01201	0.01774	0.00914	0.00662	0.00670	0.00221	0.00883	0.00596	0.00302	0.00782
30	0.36225	0.01848	0.01555	0.01291	0.01744	0.13666	0.01044	0.29733	0.02085	0.03280	0.01226	0.01322	0.00918	0.00708	0.00551	0.00199	0.00722	0.00473	0.00508	0.00904
31	0.00894	0.00666	0.00845	0.00934	0.01062	0.00617	0.00708	0.01099	0.01494	0.01950	0.14422	0.33154	0.20172	0.01842	0.00849	0.00262	0.00422	0.17390	0.00639	0.00580
32	0.00836	0.00597	0.00799	0.00955	0.01002	0.00561	0.00655	0.00966	0.01303	0.01733	0.03688	0.71257	0.04398	0.02085	0.00861	0.00275	0.00405	0.06452	0.00623	0.00550
33	0.02604	0.01794	0.01961	0.01503	0.02038	0.01954	0.01242	0.62240	0.03011	0.12187	0.01731	0.01689	0.01202	0.00808	0.00672	0.00202	0.00719	0.00612	0.00690	0.01141
34	0.10979	0.01700	0.11120	0.01373	0.01902	0.01538	0.01233	0.14913	0.24510	0.20545	0.02106	0.01987	0.01482	0.00803	0.00643	0.00214	0.00638	0.00631	0.00635	0.01049
35	0.00829	0.00674	0.00734	0.00733	0.00932	0.00580	0.00545	0.01027	0.01594	0.01998	0.20834	0.10942	0.52927	0.01655	0.00797	0.00226	0.00338	0.01406	0.00648	0.00580
36	0.01661	0.01594	0.02724	0.04119	0.72233	0.01594	0.02059	0.02059	0.01528	0.02192	0.01262	0.01661	0.01063	0.00598	0.00664	0.00199	0.00797	0.00598	0.00332	0.01063
37	0.02506	0.03198	0.01901	0.01729	0.02074	0.73725	0.01296	0.02679	0.01901	0.01642	0.01037	0.01210	0.00864	0.00691	0.00605	0.00173	0.01210	0.00432	0.00346	0.00778
38	0.01593	0.01685	0.08415	0.03293	0.50552	0.03726	0.01869	0.04504	0.01593	0.02209	0.01745	0.02490	0.04170	0.00799	0.00696	0.00213	0.00786	0.08299	0.00385	0.00980
39	0.01445	0.03261	0.64520	0.01860	0.02790	0.01600	0.02326	0.06883	0.04971	0.02304	0.01308	0.01484	0.00929	0.00663	0.00642	0.00212	0.00951	0.00516	0.00330	0.01005
40	0.00794	0.00676	0.00684	0.00690	0.00909	0.00566	0.00514	0.00962	0.01520	0.01809	0.06675	0.09209	0.69288	0.01715	0.00796	0.00228	0.00342	0.01436	0.00623	0.00566
41	0.01906	0.64145	0.07209	0.01196	0.01788	0.02405	0.01205	0.02158	0.01429	0.09637	0.01142	0.01232	0.00951	0.00607	0.00470	0.00155	0.00716	0.00402	0.00348	0.00900
42	0.02260	0.06354	0.01952	0.01648	0.05400	0.29096	0.03344	0.18144	0.03736	0.10563	0.01703	0.09642	0.01454	0.00878	0.00657	0.00197	0.00870	0.00684	0.00512	0.00909
43	0.01757	0.01725	0.02601	0.10598	0.51159	0.09349	0.06189	0.02142	0.01568	0.04634	0.01287	0.01657	0.01044	0.00621	0.00667	0.00201	0.00864	0.00595	0.00349	0.00994
44	0.35626	0.27305	0.05588	0.01226	0.04180	0.01960	0.01071	0.07361	0.06226	0.02527	0.01135	0.01260	0.00914	0.00640	0.00479	0.00187	0.00638	0.00423	0.00400	0.00853

[dist]
# distance from previous block
# <min> <max>
0	2

[block]
# block no. 3 follows, 32 sequences, length 74
# corresponding to MSA columns:
# 78-151
name=unknown_D
#
# <colnr> <probs for GDERKNQSTAVLIFYWHMCP>
#	G	D	E	R	K	N	Q	S	T	A	V	L	I	F	Y	W	H	M	C	P
0	0.05084	0.01718	0.04227	0.03104	0.43910	0.06217	0.03697	0.07167	0.03803	0.06304	0.01354	0.01649	0.01085	0.00691	0.00783	0.00208	0.07005	0.00590	0.00396	0.01007
1	0.01818	0.14059	0.05922	0.01555	0.05848	0.06300	0.01266	0.12482	0.15942	0.04573	0.01648	0.01755	0.02758	0.00795	0.00819	0.00197	0.10873	0.00572	0.00470	0.10347
2	0.01207	0.00869	0.00969	0.00998	0.01121	0.05326	0.00707	0.03208	0.01382	0.07394	0.03086	0.36678	0.06165	0.17695	0.04665	0.00376	0.00600	0.06384	0.00565	0.00604
3	0.01989	0.56820	0.03085	0.01295	0.01818	0.17831	0.01187	0.06006	0.01580	0.01742	0.00994	0.01135	0.00878	0.00612	0.00482	0.00153	0.00824	0.00388	0.00321	0.00859
4	0.01367	0.03263	0.65609	0.01881	0.02786	0.01594	0.02358	0.02152	0.04249	0.02121	0.01247	0.01464	0.00901	0.00682	0.00736	0.00218	0.05580	0.00512	0.00300	0.00979
5	0.00968	0.00658	0.00783	0.00788	0.00807	0.00674	0.00476	0.01006	0.01001	0.01352	0.02124	0.06639	0.02401	0.63650	0.13354	0.00698	0.00805	0.00972	0.00407	0.00439
6	0.08554	0.01391	0.03383	0.01337	0.01751	0.01435	0.03157	0.16197	0.22841	0.14387	0.05796	0.05248	0.02124	0.01003	0.00697	0.00227	0.00603	0.08246	0.00655	0.00968
7	0.00815	0.00592	0.00770	0.00913	0.00968	0.00547	0.00613	0.00937	0.01305	0.01721	0.03957	0.70183	0.10069	0.02069	0.00851	0.00269	0.00385	0.01867	0.00623	0.00547
8	0.01296	0.00960	0.01317	0.01166	0.01284	0.01091	0.03923	0.04653	0.01202	0.06187	0.01789	0.03056	0.01797	0.33944	0.19217	0.00616	0.14674	0.00799	0.00412	0.00617
9	0.06983	0.51360	0.19704	0.01313	0.01974	0.02251	0.01429	0.02086	0.01384	0.04721	0.01068	0.01207	0.00882	0.00603	0.00489	0.00167	0.00763	0.00404	0.00317	0.00895
10	0.01035	0.00817	0.00958	0.00978	0.01163	0.00816	0.00736	0.01578	0.15430	0.02168	0.16832	0.24849	0.19698	0.01609	0.00803	0.00246	0.00418	0.08535	0.00656	0.00678
11	0.00961	0.00709	0.01026	0.01026	0.01128	0.00810	0.00774	0.01165	0.01063	0.01519	0.01845	0.02901	0.01792	0.15806	0.63143	0.01014	0.01624	0.00758	0.00367	0.00570
12	0.02325	0.01862	0.07254	0.01499	0.02029	0.01878	0.01291	0.51601	0.09612	0.07408	0.01769	0.01846	0.01296	0.04227	0.00794	0.00225	0.00724	0.00632	0.00639	0.01089
13	0.01631	0.01564	0.02671	0.09389	0.67192	0.01587	0.02045	0.02034	0.01514	0.02156	0.01257	0.01670	0.01050	0.00603	0.00665	0.00201	0.00804	0.00598	0.00330	0.01039
14	0.00908	0.00678	0.00978	0.01062	0.01153	0.00643	0.03827	0.01083	0.01358	0.01810	0.06306	0.55584	0.04196	0.04398	0.00947	0.00287	0.00468	0.13136	0.00607	0.00573
15	0.00886	0.00687	0.00746	0.00740	0.00951	0.00587	0.00551	0.01076	0.01575	0.04130	0.15766	0.11757	0.54878	0.01658	0.00794	0.00227	0.00348	0.01404	0.00646	0.00592
16	0.02338	0.01858	0.01942	0.01907	0.13224	0.16684	0.01325	0.17209	0.09933	0.19303	0.01762	0.01788	0.01281	0.00790	0.00756	0.00205	0.05513	0.00600	0.00564	0.01018
17	0.01570	0.01904	0.07869	0.02776	0.03473	0.01689	0.65981	0.02148	0.01574	0.02148	0.01349	0.01788	0.01009	0.00570	0.00783	0.00225	0.01123	0.00775	0.00336	0.00910
18	0.01340	0.01232	0.02013	0.70654	0.04477	0.01524	0.01830	0.05584	0.01444	0.01857	0.01216	0.01779	0.00908	0.00678	0.00671	0.00222	0.00886	0.00597	0.00319	0.00768
19	0.01652	0.01547	0.02470	0.09096	0.37557	0.03796	0.10132	0.04376	0.07503	0.04168	0.04502	0.02127	0.01465	0.00743	0.00747	0.00214	0.03266	0.03259	0.00412	0.00966
20	0.05183	0.42151	0.30391	0.01424	0.02139	0.02105	0.01630	0.02027	0.01393	0.01895	0.03500	0.01346	0.01040	0.00629	0.00523	0.00176	0.00802	0.00442	0.00307	0.00898
21	0.02551	0.01879	0.02014	0.01544	0.02081	0.02081	0.01275	0.69996	0.03155	0.04229	0.01611	0.01611	0.01141	0.00805	0.00671	0.00201	0.00738	0.00604	0.00671	0.01141
22	0.00793	0.00680	0.00680	0.00680	0.00906	0.00566	0.00510	0.00963	0.01529	0.01813	0.06797	0.06457	0.71961	0.01699	0.00793	0.00227	0.00340	0.01416	0.00623	0.00566
23	0.01824	0.13193	0.14198	0.06831	0.14952	0.14058	0.03823	0.04452	0.08244	0.06477	0.04597	0.01738	0.01322	0.00706	0.00628	0.00195	0.00843	0.00571	0.00411	0.00934
24	0.06632	0.11358	0.36845	0.01784	0.02498	0.14392	0.07509	0.05058	0.01552	0.02106	0.01146	0.01364	0.00873	0.00659	0.00665	0.00201	0.03627	0.00493	0.00324	0.00913
25	0.00971	0.00668	0.00819	0.00819	0.00849	0.00698	0.00515	0.01032	0.01002	0.01366	0.02034	0.03949	0.02248	0.58460	0.21112	0.00758	0.00939	0.00911	0.00395	0.00455
26	0.01074	0.01124	0.07837	0.01581	0.11997	0.00915	0.04928	0.01412	0.04372	0.01956	0.06700	0.36185	0.14233	0.01506	0.00783	0.00241	0.00542	0.01359	0.00540	0.00713
27	0.01914	0.06688	0.06665	0.04969	0.35112	0.06110	0.11770	0.02310	0.01604	0.14178	0.01472	0.01713	0.01116	0.00642	0.00664	0.00201	0.00842	0.00608	0.00413	0.01009
28	0.02506	0.03198	0.01901	0.01729	0.02074	0.73725	0.01296	0.02679	0.01901	0.01642	0.01037	0.01210	0.00864	0.00691	0.00605	0.00173	0.01210	0.00432	0.00346	0.00778
29	0.16124	0.11739	0.04663	0.02296	0.26130	0.17736	0.01458	0.05015	0.01565	0.02192	0.01147	0.01416	0.00956	0.00831	0.03884	0.00228	0.00878	0.00490	0.00358	0.00893
30	0.01267	0.01193	0.02013	0.74806	0.04621	0.01491	0.01863	0.01714	0.01342	0.01714	0.01193	0.01789	0.00894	0.00671	0.00671	0.00224	0.00894	0.00596	0.00298	0.00745
31	0.04364	0.28484	0.25455	0.01753	0.09041	0.04260	0.04283	0.02103	0.03848	0.01986	0.01158	0.01354	0.00932	0.00607	0.00554	0.00177	0.00813	0.00463	0.00322	0.08042
32	0.01724	0.65318	0.14405	0.01268	0.01908	0.02483	0.01357	0.02027	0.01372	0.01664	0.00975	0.01130	0.00859	0.00584	0.00463	0.00154	0.00761	0.00380	0.00286	0.00882
33	0.00834	0.00596	0.00798	0.00953	0.01000	0.00559	0.00652	0.00963	0.01301	0.01732	0.03689	0.71635	0.04401	0.02086	0.00861	0.00275	0.00404	0.06089	0.00623	0.00550
34	0.01509	0.00816	0.01064	0.00943	0.01210	0.00731	0.00741	0.01792	0.01840	0.21950	0.40866	0.04577	0.12914	0.01289	0.00767	0.00218	0.00407	0.04858	0.00743	0.00765
35	0.06576	0.13470	0.29348	0.01659	0.02360	0.06838	0.08336	0.04754	0.03576	0.14734	0.01466	0.01563	0.01051	0.00672	0.00616	0.00200	0.00856	0.00535	0.00424	0.00967
36	0.01603	0.01565	0.02529	0.20198	0.54045	0.04366	0.01985	0.02004	0.01500	0.02061	0.01238	0.01673	0.01017	0.00618	0.00663	0.00204	0.00835	0.00591	0.00325	0.00979
37	0.01346	0.03471	0.72942	0.01912	0.02904	0.01558	0.02479	0.02125	0.01417	0.02125	0.01204	0.01417	0.00850	0.00637	0.00637	0.00212	0.00992	0.00496	0.00283	0.00992
38	0.01667	0.01731	0.11174	0.14645	0.16236	0.01531	0.19199	0.06048	0.06696	0.08397	0.01626	0.05168	0.01279	0.00730	0.00706	0.00218	0.00862	0.00713	0.00424	0.00948
39	0.08127	0.03612	0.02452	0.04533	0.17112	0.03477	0.20127	0.06054	0.06434	0.09471	0.01681	0.06459	0.01396	0.03474	0.00818	0.00232	0.02433	0.00735	0.00453	0.00919
40	0.01346	0.03471	0.72942	0.01912	0.02904	0.01558	0.02479	0.02125	0.01417	0.02125	0.01204	0.01417	0.00850	0.00637	0.00637	0.00212	0.00992	0.00496	0.00283	0.00992
41	0.01007	0.00769	0.00936	0.01001	0.01172	0.00745	0.00786	0.03398	0.05917	0.02015	0.06676	0.24764	0.23474	0.01767	0.00842	0.00264	0.00466	0.22742	0.00630	0.00628
42	0.04288	0.16690	0.23456	0.01945	0.08310	0.01757	0.13596	0.06330	0.03889	0.11377	0.01437	0.01590	0.01058	0.00653	0.00628	0.00199	0.00847	0.00564	0.00409	0.00980
43	0.00850	0.00702	0.00840	0.00818	0.01018	0.00611	0.02782	0.01051	0.01559	0.01965	0.17757	0.16845	0.47477	0.01667	0.00803	0.00231	0.00369	0.01436	0.00635	0.00586
44	0.00805	0.00667	0.00705	0.00723	0.00921	0.00567	0.00532	0.00976	0.01518	0.01849	0.10071	0.15682	0.59203	0.01735	0.00801	0.00232	0.00345	0.01470	0.00630	0.00567
45	0.01704	0.05124	0.15563	0.02873	0.26073	0.04170	0.24700	0.04364	0.01603	0.05379	0.01336	0.01654	0.01024	0.00614	0.00691	0.00208	0.00943	0.00633	0.00358	0.00985
46	0.12493	0.09741	0.05293	0.02085	0.15187	0.07361	0.11968	0.11908	0.06056	0.04701	0.03552	0.01663	0.01215	0.00702	0.00677	0.00203	0.03237	0.00586	0.00436	0.00936
47	0.00959	0.00719	0.01078	0.01078	0.01198	0.00839	0.00839	0.01198	0.01078	0.01558	0.01797	0.02636	0.01677	0.05032	0.73760	0.01078	0.01797	0.00719	0.00359	0.00599
48	0.01062	0.00907	0.01526	0.04319	0.04565	0.00877	0.12868	0.01326	0.01414	0.01878	0.03138	0.39935	0.05111	0.01651	0.00845	0.00267	0.00605	0.16506	0.00548	0.00654
49	0.06587	0.12780	0.04291	0.08781	0.15410	0.14063	0.05749	0.02361	0.05225	0.12310	0.01414	0.01604	0.01085	0.00699	0.00699	0.00199	0.04857	0.00549	0.00418	0.00917
50	0.03684	0.04008	0.10292	0.02007	0.08057	0.01519	0.20979	0.14700	0.01860	0.14866	0.01839	0.09852	0.01500	0.00836	0.00709	0.00217	0.00811	0.00787	0.00511	0.00968
51	0.00818	0.00584	0.00779	0.00934	0.00973	0.00545	0.00623	0.00934	0.01285	0.01713	0.03698	0.75981	0.04438	0.02102	0.00856	0.00273	0.00389	0.01908	0.00623	0.00545
52	0.01403	0.01203	0.01397	0.01009	0.01596	0.00926	0.00806	0.01766	0.04241	0.02212	0.01256	0.01437	0.01037	0.00514	0.00505	0.00105	0.00498	0.00412	0.00409	0.77268
53	0.00939	0.00685	0.00882	0.00833	0.00996	0.00629	0.00625	0.01246	0.01875	0.02632	0.67518	0.05109	0.10729	0.01394	0.00791	0.00212	0.00318	0.01227	0.00731	0.00629
54	0.02747	0.01295	0.01615	0.01256	0.01759	0.01237	0.01032	0.17186	0.06079	0.51468	0.02605	0.02326	0.04459	0.00865	0.00679	0.00208	0.00594	0.00695	0.00780	0.01114
55	0.02337	0.01773	0.01893	0.01501	0.01999	0.01981	0.01224	0.53880	0.19619	0.03884	0.01883	0.01827	0.01361	0.00831	0.00674	0.00208	0.00688	0.00642	0.00674	0.01122
56	0.01545	0.02044	0.22206	0.16013	0.21616	0.01533	0.11535	0.04397	0.01530	0.04340	0.01297	0.01638	0.00983	0.00626	0.00666	0.00205	0.00888	0.00586	0.00345	0.06007
57	0.01578	0.13915	0.41468	0.01703	0.04623	0.01551	0.03981	0.02117	0.01465	0.10621	0.01615	0.09534	0.01350	0.00806	0.00640	0.00208	0.00832	0.00662	0.00391	0.00942
58	0.01412	0.14385	0.62612	0.01799	0.02728	0.01721	0.02281	0.02108	0.01409	0.02044	0.01164	0.01366	0.00852	0.00628	0.00607	0.00202	0.00951	0.00475	0.00284	0.00972
59	0.00878	0.00689	0.00797	0.00796	0.00975	0.00618	0.00587	0.01141	0.03559	0.02145	0.29899	0.16139	0.36123	0.01618	0.00799	0.00228	0.00344	0.01397	0.00667	0.00601
60	0.01974	0.50129	0.08441	0.01417	0.04757	0.12595	0.01294	0.02239	0.01506	0.08539	0.01148	0.01263	0.00946	0.00622	0.00505	0.00162	0.00799	0.00420	0.00350	0.00895
61	0.01981	0.03756	0.07193	0.01520	0.04348	0.03079	0.08527	0.08587	0.10228	0.23901	0.08483	0.08878	0.04556	0.00964	0.00706	0.00215	0.00655	0.00840	0.00625	0.00958
62	0.01781	0.01948	0.04202	0.12983	0.41110	0.18114	0.01834	0.02130	0.01556	0.01966	0.01178	0.01557	0.00978	0.00664	0.00740	0.00202	0.05238	0.00556	0.00327	0.00934
63	0.01285	0.00760	0.01004	0.00901	0.01118	0.00691	0.00691	0.01592	0.01903	0.14077	0.60619	0.04568	0.05572	0.01284	0.00772	0.00210	0.00358	0.01126	0.00754	0.00716
64	0.03044	0.03528	0.08262	0.01517	0.11889	0.01023	0.01074	0.03797	0.03902	0.05853	0.07147	0.25118	0.09486	0.08285	0.00990	0.00271	0.00569	0.02964	0.00534	0.00746
65	0.01725	0.11030	0.27083	0.02274	0.18167	0.05186	0.07378	0.05997	0.03761	0.07111	0.01423	0.03408	0.01112	0.00686	0.00642	0.00202	0.00865	0.00585	0.00383	0.00985
66	0.00860	0.00609	0.00782	0.00887	0.00931	0.00581	0.00584	0.00967	0.01247	0.01668	0.06281	0.53973	0.05844	0.17292	0.03901	0.00374	0.00487	0.01634	0.00575	0.00523
67	0.00818	0.00584	0.00779	0.00934	0.00973	0.00545	0.00623	0.00934	0.01285	0.01713	0.03698	0.75981	0.04438	0.02102	0.00856	0.00273	0.00389	0.01908	0.00623	0.00545
68	0.05297	0.09996	0.09715	0.10827	0.15502	0.08361	0.15420	0.02249	0.07593	0.04348	0.01358	0.01639	0.01057	0.00664	0.00696	0.00207	0.03193	0.00591	0.00370	0.00916
69	0.04674	0.10691	0.16729	0.01971	0.14761	0.05543	0.03677	0.10578	0.01699	0.12866	0.01481	0.01756	0.01151	0.05510	0.00864	0.00229	0.03845	0.00574	0.00441	0.00959
70	0.00951	0.00683	0.00869	0.00965	0.01048	0.00664	0.00669	0.03975	0.03796	0.01871	0.05909	0.58558	0.06316	0.03877	0.00978	0.03558	0.00426	0.03695	0.00612	0.00580
71	0.01527	0.01455	0.02474	0.18207	0.49626	0.01535	0.03836	0.01914	0.01443	0.02026	0.01284	0.01803	0.01085	0.03125	0.03338	0.00252	0.03176	0.00619	0.00327	0.00947
72	0.01576	0.05483	0.31217	0.06266	0.09321	0.01591	0.11748	0.08698	0.04351	0.04727	0.01486	0.04321	0.01167	0.00908	0.03980	0.00252	0.00934	0.00636	0.00385	0.00955
73	0.01860	0.05197	0.15297	0.02282	0.21222	0.05754	0.04092	0.13905	0.12345	0.06573	0.03790	0.01830	0.01363	0.00728	0.00659	0.00204	0.00787	0.00615	0.00474	0.01024

[dist]
# distance from previous block
# <min> <max>
0	2

[block]
# block no. 4 follows, 32 sequences, length 40
# corresponding to MSA columns:
# 154-193
name=unknown_E
#
# <colnr> <probs for GDERKNQSTAVLIFYWHMCP>
#	G	D	E	R	K	N	Q	S	T	A	V	L	I	F	Y	W	H	M	C	P
0	0.07733	0.20551	0.23053	0.01676	0.02283	0.07446	0.09915	0.02229	0.08404	0.02048	0.01248	0.01455	0.00988	0.00692	0.00732	0.00203	0.07581	0.00518	0.00347	0.00896
1	0.10995	0.09736	0.04502	0.01551	0.12456	0.01373	0.01119	0.06379	0.01511	0.04242	0.01211	0.01402	0.00981	0.00570	0.00527	0.00146	0.00606	0.00445	0.00403	0.39845
2	0.09028	0.14378	0.04174	0.01903	0.15354	0.18228	0.01338	0.08126	0.06271	0.12873	0.01460	0.01549	0.01110	0.00691	0.00593	0.00188	0.00804	0.00520	0.00460	0.00952
3	0.00910	0.00722	0.01044	0.01037	0.01183	0.00664	0.05950	0.01116	0.01473	0.01956	0.16497	0.42657	0.15409	0.01773	0.00833	0.00252	0.00436	0.04870	0.00622	0.00596
4	0.01598	0.01776	0.07771	0.02465	0.09462	0.01555	0.41545	0.07253	0.01651	0.02303	0.01408	0.04037	0.01125	0.00630	0.00720	0.00204	0.00945	0.00718	0.00378	0.12455
5	0.00857	0.00634	0.00811	0.00937	0.01031	0.00587	0.00679	0.01017	0.01375	0.01782	0.04263	0.51224	0.17189	0.01984	0.00856	0.00270	0.00418	0.12903	0.00622	0.00561
6	0.01653	0.01595	0.02497	0.03570	0.59227	0.04188	0.01845	0.02028	0.01522	0.02171	0.01243	0.01604	0.01045	0.00587	0.00637	0.00184	0.00768	0.00562	0.00342	0.12732
7	0.04616	0.18943	0.19091	0.02248	0.09045	0.04601	0.27989	0.02118	0.01487	0.02033	0.01191	0.01494	0.00932	0.00594	0.00644	0.00200	0.00957	0.00581	0.00318	0.00917
8	0.00884	0.00680	0.00809	0.00784	0.00964	0.00604	0.00585	0.01137	0.01734	0.02317	0.44297	0.08098	0.31629	0.01524	0.00794	0.00219	0.00328	0.01317	0.00690	0.00604
9	0.00960	0.00664	0.00786	0.00826	0.00871	0.00651	0.00540	0.01032	0.01139	0.01493	0.02868	0.13063	0.08225	0.51122	0.02552	0.00524	0.00592	0.11145	0.00479	0.00466
10	0.39989	0.01508	0.01568	0.11881	0.09328	0.05280	0.01165	0.14218	0.01644	0.06008	0.01208	0.01401	0.00908	0.00673	0.00544	0.00206	0.00678	0.00481	0.00451	0.00860
11	0.01694	0.01728	0.06501	0.03312	0.45370	0.01670	0.10895	0.07377	0.06977	0.02360	0.01394	0.01720	0.01119	0.00662	0.00752	0.00210	0.04220	0.00630	0.00382	0.01029
12	0.00996	0.00757	0.00869	0.00840	0.01023	0.00707	0.00616	0.06365	0.01690	0.02218	0.25990	0.15731	0.30360	0.07590	0.01003	0.00261	0.00395	0.01327	0.00646	0.00616
13	0.02084	0.47163	0.02878	0.01364	0.01864	0.24698	0.01206	0.08361	0.01693	0.01838	0.01027	0.01166	0.00887	0.00631	0.00507	0.00158	0.00873	0.00404	0.00340	0.00861
14	0.01114	0.00595	0.00846	0.00850	0.00868	0.00586	0.00565	0.00890	0.00943	0.01240	0.01735	0.04429	0.06792	0.07954	0.02498	0.66160	0.00564	0.00710	0.00334	0.00328
15	0.03929	0.01709	0.04135	0.06163	0.52586	0.07192	0.03379	0.02063	0.01526	0.02151	0.01227	0.01587	0.01019	0.00600	0.00640	0.00190	0.00810	0.00562	0.00339	0.08193
16	0.01786	0.04530	0.07187	0.01516	0.05438	0.03588	0.01221	0.19352	0.32157	0.02914	0.05861	0.02494	0.07174	0.00912	0.00678	0.00213	0.00631	0.00741	0.00605	0.01002
17	0.00907	0.00700	0.00839	0.00892	0.01035	0.00658	0.00647	0.01211	0.06467	0.02003	0.16210	0.35115	0.23952	0.01763	0.00818	0.00247	0.00384	0.04898	0.00647	0.00607
18	0.01809	0.01454	0.01736	0.01291	0.01858	0.04661	0.06213	0.13506	0.03690	0.08891	0.01442	0.01563	0.01104	0.00605	0.00575	0.00143	0.00628	0.00499	0.00484	0.47849
19	0.03679	0.04439	0.03667	0.01760	0.07548	0.08141	0.12624	0.08679	0.14554	0.11438	0.08570	0.04548	0.03509	0.00850	0.00687	0.00208	0.00727	0.00750	0.00549	0.03075
20	0.01654	0.10734	0.40774	0.01947	0.02763	0.01661	0.17052	0.04060	0.01547	0.09538	0.01371	0.01563	0.00981	0.00639	0.00654	0.00207	0.00942	0.00568	0.00364	0.00978
21	0.01141	0.00585	0.00864	0.00872	0.00874	0.00583	0.00578	0.00881	0.00898	0.01197	0.01325	0.05794	0.01373	0.04958	0.02563	0.73653	0.00576	0.00663	0.00312	0.00308
22	0.01753	0.01813	0.02498	0.12485	0.52112	0.13648	0.01907	0.02120	0.01567	0.02041	0.01216	0.01601	0.01009	0.00623	0.00655	0.00198	0.00878	0.00570	0.00330	0.00976
23	0.02463	0.01194	0.01473	0.01203	0.01651	0.01168	0.00970	0.03229	0.23096	0.45840	0.02638	0.02368	0.01784	0.00851	0.00661	0.00210	0.00539	0.00697	0.06886	0.01078
24	0.02464	0.01836	0.01965	0.01526	0.02048	0.02040	0.01254	0.63450	0.09842	0.04089	0.01721	0.01699	0.01230	0.00816	0.00672	0.00204	0.00718	0.00619	0.00672	0.01133
25	0.01838	0.01493	0.07364	0.01504	0.04665	0.01165	0.10403	0.05822	0.01634	0.17602	0.01557	0.01666	0.01141	0.00610	0.00602	0.00158	0.00661	0.00537	0.00487	0.39089
26	0.11814	0.01838	0.01864	0.01948	0.16298	0.16441	0.01296	0.13165	0.12499	0.13785	0.01675	0.01719	0.01239	0.00737	0.00627	0.00201	0.00763	0.00573	0.00530	0.00988
27	0.02062	0.01154	0.01505	0.01264	0.01641	0.01142	0.03301	0.11367	0.08699	0.29390	0.13914	0.05699	0.02752	0.01106	0.00771	0.00228	0.02127	0.10220	0.00716	0.00942
28	0.00827	0.00681	0.00726	0.00715	0.00927	0.00581	0.00536	0.01028	0.01609	0.02001	0.20789	0.06147	0.57851	0.01629	0.00793	0.00223	0.00335	0.01373	0.00648	0.00581
29	0.01421	0.01336	0.02249	0.37122	0.34967	0.01472	0.01858	0.01836	0.01469	0.02006	0.06641	0.01978	0.01387	0.00691	0.00677	0.00212	0.00806	0.00644	0.00347	0.00881
30	0.02352	0.01783	0.02054	0.04530	0.07004	0.09956	0.06520	0.32096	0.05534	0.16086	0.04093	0.01870	0.01397	0.00783	0.00678	0.00203	0.00778	0.00639	0.00603	0.01040
31	0.02557	0.01672	0.01856	0.01431	0.01949	0.01786	0.01180	0.53193	0.02827	0.17867	0.02074	0.01985	0.04729	0.00854	0.00678	0.00204	0.00685	0.00658	0.00701	0.01113
32	0.00817	0.00660	0.00716	0.00743	0.00917	0.00571	0.00535	0.00977	0.01477	0.01824	0.10135	0.20050	0.50933	0.05433	0.00934	0.00256	0.00363	0.01479	0.00620	0.00559
33	0.03993	0.00963	0.01228	0.01042	0.01370	0.00905	0.00822	0.03810	0.07190	0.30247	0.33246	0.06262	0.03825	0.01118	0.00727	0.00213	0.00451	0.00956	0.00756	0.00877
34	0.03974	0.01808	0.07173	0.10460	0.15863	0.07166	0.04782	0.20832	0.05037	0.13871	0.01608	0.01739	0.01162	0.00722	0.00663	0.00206	0.00800	0.00602	0.00515	0.01018
35	0.01749	0.01737	0.02995	0.02409	0.08058	0.07360	0.36846	0.02140	0.01502	0.08351	0.01367	0.01804	0.01083	0.03070	0.01126	0.00245	0.16200	0.00702	0.00376	0.00878
36	0.00973	0.00679	0.00870	0.00875	0.00923	0.00723	0.00586	0.01070	0.01031	0.01417	0.02042	0.03845	0.02204	0.47910	0.29160	0.00797	0.01070	0.02944	0.00396	0.00484
37	0.01733	0.01689	0.02577	0.09244	0.58743	0.06605	0.01953	0.05417	0.01619	0.02218	0.01258	0.01637	0.01040	0.00620	0.00661	0.00199	0.00830	0.00587	0.00347	0.01023
38	0.01747	0.10186	0.17876	0.03968	0.25004	0.09927	0.04919	0.05792	0.03596	0.04799	0.01576	0.01783	0.04508	0.00698	0.00640	0.00198	0.00854	0.00588	0.00379	0.00962
39	0.01330	0.01019	0.01166	0.01072	0.02881	0.02679	0.00804	0.11352	0.05324	0.05252	0.32084	0.04326	0.20475	0.03392	0.00884	0.00228	0.03264	0.01069	0.00657	0.00741

[dist]
# distance from previous block
# <min> <max>
0	507

# created by:
# /home/berkeley/.conda/envs/busco_data_prod/bin/msa2prfl.pl pipeline/OGs_align_augustus/4893/4921.fs
