[name]
unknown

[dist]
# distance from previous block
# <min> <max>
0	305

[block]
# block no. 0 follows, 33 sequences, length 41
# corresponding to MSA columns:
# 305-345
name=unknown_A
#
# <colnr> <probs for GDERKNQSTAVLIFYWHMCP>
#	G	D	E	R	K	N	Q	S	T	A	V	L	I	F	Y	W	H	M	C	P
0	0.01647	0.11906	0.04638	0.05721	0.03669	0.06375	0.04933	0.11392	0.07943	0.06081	0.04804	0.05030	0.07619	0.00975	0.00670	0.00206	0.00681	0.09555	0.00506	0.05650
1	0.01831	0.13311	0.04130	0.01479	0.05775	0.06949	0.04996	0.14461	0.07948	0.06283	0.01453	0.01639	0.01154	0.03573	0.00681	0.00181	0.00693	0.00527	0.00456	0.22478
2	0.01338	0.01262	0.04345	0.06271	0.05877	0.06878	0.06315	0.01812	0.09878	0.04601	0.10100	0.18400	0.08608	0.01151	0.00738	0.00216	0.02225	0.01007	0.05424	0.03553
3	0.00921	0.00736	0.00859	0.00966	0.01053	0.04124	0.00665	0.01054	0.01303	0.01712	0.03360	0.66597	0.03979	0.01900	0.00811	0.00254	0.00433	0.03633	0.00585	0.05055
4	0.01488	0.04192	0.08435	0.04337	0.23845	0.01348	0.08341	0.01976	0.05726	0.02141	0.01292	0.01557	0.01042	0.00569	0.00593	0.00163	0.00704	0.00524	0.00365	0.31362
5	0.01243	0.01170	0.01975	0.75282	0.04534	0.01463	0.01828	0.01682	0.01316	0.01682	0.01170	0.01755	0.00878	0.00658	0.00658	0.00219	0.00878	0.00585	0.00293	0.00731
6	0.00802	0.00573	0.00764	0.00917	0.00955	0.00535	0.00611	0.00917	0.01260	0.01681	0.03628	0.76434	0.04354	0.02062	0.00840	0.00267	0.00382	0.01872	0.00611	0.00535
7	0.01365	0.01170	0.01365	0.00975	0.01560	0.00878	0.00780	0.01658	0.01365	0.02145	0.01170	0.01365	0.00975	0.00488	0.00488	0.00098	0.00488	0.00390	0.00390	0.80888
8	0.00800	0.00668	0.00698	0.00690	0.00903	0.00565	0.00518	0.00988	0.01553	0.01903	0.16177	0.06131	0.62904	0.01621	0.00778	0.00220	0.00330	0.01361	0.00628	0.00565
9	0.01365	0.01170	0.01365	0.00975	0.01560	0.00878	0.00780	0.01658	0.01365	0.02145	0.01170	0.01365	0.00975	0.00488	0.00488	0.00098	0.00488	0.00390	0.00390	0.80888
10	0.01573	0.08935	0.03711	0.03756	0.01741	0.08598	0.00956	0.03848	0.03992	0.03986	0.01285	0.01562	0.01079	0.04740	0.00675	0.00157	0.00626	0.00457	0.00397	0.47926
11	0.00802	0.00573	0.00764	0.00917	0.00955	0.00535	0.00611	0.00917	0.01260	0.01681	0.03628	0.76434	0.04354	0.02062	0.00840	0.00267	0.00382	0.01872	0.00611	0.00535
12	0.01669	0.02126	0.19438	0.10082	0.11978	0.10690	0.17562	0.02145	0.01535	0.07446	0.01390	0.01798	0.01078	0.00663	0.00668	0.00203	0.00926	0.02951	0.00365	0.05285
13	0.01738	0.63020	0.13013	0.01261	0.01868	0.06379	0.01314	0.02023	0.01374	0.01626	0.00958	0.01109	0.00844	0.00578	0.00460	0.00152	0.00768	0.00374	0.00284	0.00858
14	0.01781	0.01486	0.01570	0.01369	0.01767	0.01705	0.01077	0.14648	0.60183	0.02986	0.02497	0.02311	0.01862	0.00876	0.00668	0.00219	0.00555	0.00719	0.00668	0.01055
15	0.00813	0.00581	0.00776	0.00929	0.00972	0.00544	0.00630	0.00935	0.01271	0.01693	0.03622	0.73531	0.04330	0.02052	0.00843	0.00269	0.00391	0.04668	0.00611	0.00538
16	0.01862	0.11389	0.12558	0.06935	0.10850	0.25191	0.13432	0.04944	0.01633	0.01925	0.01138	0.01412	0.00908	0.00639	0.00657	0.00191	0.02615	0.00525	0.00330	0.00868
17	0.01288	0.01216	0.02055	0.67065	0.12403	0.01474	0.01850	0.01721	0.01337	0.01736	0.01178	0.01741	0.00897	0.00650	0.00657	0.00217	0.00867	0.00585	0.00296	0.00767
18	0.00943	0.00696	0.01010	0.01010	0.01111	0.00797	0.00763	0.01145	0.01044	0.01493	0.01807	0.02830	0.01752	0.15117	0.64220	0.00999	0.01604	0.00741	0.00359	0.00561
19	0.00819	0.00601	0.00787	0.00899	0.00971	0.00570	0.00620	0.00959	0.01291	0.01714	0.06517	0.58095	0.11916	0.02281	0.08298	0.00340	0.00514	0.01671	0.00589	0.00546
20	0.02088	0.26132	0.11688	0.01618	0.08779	0.05750	0.02829	0.06937	0.04606	0.21132	0.01564	0.01588	0.01143	0.00676	0.00578	0.00182	0.00737	0.00521	0.00474	0.00977
21	0.01267	0.01164	0.01894	0.67983	0.04222	0.01442	0.01729	0.01788	0.05622	0.01776	0.01299	0.01824	0.00977	0.00677	0.00652	0.00217	0.00835	0.00596	0.03290	0.00746
22	0.00835	0.00629	0.00773	0.00823	0.00946	0.00567	0.00584	0.01023	0.01508	0.01999	0.25358	0.35901	0.23180	0.01739	0.00804	0.00237	0.00347	0.01535	0.00646	0.00567
23	0.01384	0.03136	0.63244	0.01874	0.02776	0.01539	0.05900	0.05804	0.01480	0.02179	0.01232	0.01464	0.00888	0.00787	0.03298	0.00239	0.00995	0.00516	0.00304	0.00963
24	0.01365	0.01170	0.01365	0.00975	0.01560	0.00878	0.00780	0.01658	0.01365	0.02145	0.01170	0.01365	0.00975	0.00488	0.00488	0.00098	0.00488	0.00390	0.00390	0.80888
25	0.00802	0.00573	0.00764	0.00917	0.00955	0.00535	0.00611	0.00917	0.01260	0.01681	0.03628	0.76434	0.04354	0.02062	0.00840	0.00267	0.00382	0.01872	0.00611	0.00535
26	0.01516	0.01785	0.06194	0.02669	0.03321	0.01615	0.65200	0.02060	0.01536	0.02091	0.01418	0.04747	0.01127	0.00618	0.00774	0.00223	0.01076	0.00811	0.00342	0.00877
27	0.01809	0.53613	0.11293	0.01282	0.01877	0.02345	0.01292	0.11964	0.05444	0.02052	0.01139	0.01247	0.00947	0.00621	0.00494	0.00161	0.00728	0.00424	0.00357	0.00910
28	0.01569	0.13066	0.33397	0.03758	0.02302	0.01568	0.03544	0.07884	0.01576	0.06339	0.05618	0.01644	0.01261	0.00681	0.00638	0.00186	0.02719	0.00530	0.00387	0.11335
29	0.01465	0.01640	0.09037	0.23940	0.31098	0.01581	0.12080	0.01909	0.01407	0.01961	0.01199	0.01651	0.00956	0.00649	0.00785	0.00215	0.06613	0.00604	0.00310	0.00899
30	0.01699	0.01838	0.03364	0.05514	0.10842	0.07144	0.49166	0.07946	0.01693	0.02233	0.01313	0.01698	0.00998	0.00592	0.00735	0.00213	0.01038	0.00706	0.00359	0.00909
31	0.01842	0.02115	0.01664	0.04227	0.01779	0.38242	0.01153	0.01985	0.01445	0.01541	0.01210	0.01903	0.01170	0.15415	0.03626	0.00315	0.18776	0.00576	0.00337	0.00677
32	0.01633	0.01694	0.12657	0.17797	0.14724	0.01480	0.11131	0.12779	0.01735	0.07108	0.04194	0.04584	0.03971	0.00769	0.00684	0.00211	0.00804	0.00700	0.00433	0.00911
33	0.01379	0.03771	0.02177	0.29858	0.35122	0.01429	0.01724	0.01751	0.01400	0.01892	0.01652	0.05008	0.05509	0.00906	0.03494	0.00240	0.00809	0.00684	0.00342	0.00853
34	0.01591	0.01339	0.01432	0.01300	0.01640	0.01532	0.01012	0.05909	0.59662	0.02666	0.02653	0.02875	0.02119	0.05607	0.00850	0.00253	0.00542	0.05392	0.00648	0.00976
35	0.01358	0.01278	0.02190	0.32736	0.29200	0.01386	0.06420	0.01748	0.01425	0.01940	0.06661	0.04631	0.01528	0.03807	0.00788	0.00228	0.00789	0.00704	0.00355	0.00829
36	0.01751	0.09480	0.08215	0.15268	0.22314	0.04208	0.13978	0.04855	0.01572	0.10070	0.01364	0.01651	0.01032	0.00631	0.00649	0.00200	0.00851	0.00591	0.00382	0.00937
37	0.02001	0.01201	0.01401	0.01331	0.06992	0.05536	0.00962	0.02579	0.15474	0.28942	0.06109	0.02675	0.07595	0.01059	0.03592	0.00235	0.00596	0.00739	0.10056	0.00926
38	0.00908	0.00666	0.00851	0.00817	0.00972	0.00609	0.00608	0.01191	0.01789	0.02491	0.61343	0.09447	0.13007	0.01423	0.00781	0.00212	0.00317	0.01253	0.00706	0.00609
39	0.01160	0.00965	0.03338	0.06840	0.04182	0.04348	0.03118	0.01336	0.01266	0.05535	0.02501	0.30796	0.02746	0.21439	0.05567	0.00392	0.00676	0.02706	0.00484	0.00606
40	0.02360	0.02008	0.06629	0.01590	0.02121	0.10610	0.05734	0.46457	0.02597	0.08823	0.01564	0.01608	0.01115	0.00752	0.00651	0.00196	0.00797	0.00583	0.02767	0.01038

[dist]
# distance from previous block
# <min> <max>
0	2

[block]
# block no. 1 follows, 33 sequences, length 63
# corresponding to MSA columns:
# 348-410
name=unknown_B
#
# <colnr> <probs for GDERKNQSTAVLIFYWHMCP>
#	G	D	E	R	K	N	Q	S	T	A	V	L	I	F	Y	W	H	M	C	P
0	0.02470	0.02805	0.01894	0.01649	0.02037	0.55659	0.01267	0.20099	0.02182	0.02264	0.01162	0.01288	0.00918	0.00707	0.00610	0.00177	0.01068	0.00467	0.00421	0.00855
1	0.00982	0.01172	0.12632	0.01287	0.04357	0.00827	0.05706	0.01268	0.01398	0.01887	0.08673	0.38957	0.13648	0.01552	0.00782	0.00241	0.00534	0.02900	0.00536	0.00661
2	0.04562	0.33417	0.19913	0.10219	0.05748	0.04336	0.09486	0.02003	0.01389	0.01839	0.01074	0.01330	0.00868	0.00595	0.00554	0.00181	0.00847	0.00473	0.00296	0.00869
3	0.01466	0.01054	0.01362	0.03889	0.01548	0.04134	0.06261	0.09800	0.01747	0.11615	0.17464	0.23802	0.08118	0.03609	0.00831	0.00237	0.00546	0.01159	0.00616	0.00742
4	0.00870	0.00621	0.00841	0.00994	0.01062	0.00593	0.00729	0.01033	0.01327	0.01756	0.03591	0.58416	0.04207	0.01999	0.00858	0.00277	0.00440	0.19223	0.00610	0.00553
5	0.04473	0.01764	0.05517	0.11123	0.10241	0.10245	0.11774	0.09745	0.12496	0.10146	0.01596	0.01766	0.01186	0.00724	0.00729	0.00210	0.04251	0.00616	0.00465	0.00935
6	0.01425	0.04121	0.03928	0.04597	0.10583	0.01382	0.07999	0.05390	0.22486	0.02326	0.06065	0.03081	0.13478	0.00981	0.00737	0.00217	0.02891	0.03820	0.03631	0.00863
7	0.00801	0.00577	0.00760	0.00907	0.00952	0.00536	0.00607	0.00918	0.01270	0.01684	0.03746	0.73728	0.06985	0.02047	0.00838	0.00266	0.00380	0.01853	0.00611	0.00536
8	0.01705	0.24415	0.02646	0.01669	0.01969	0.13172	0.09594	0.01922	0.01303	0.01641	0.00959	0.01327	0.00872	0.00832	0.01235	0.00218	0.32926	0.00510	0.00299	0.00784
9	0.04167	0.04777	0.34718	0.07757	0.04838	0.08649	0.15495	0.02132	0.01463	0.05175	0.01230	0.01501	0.00910	0.00645	0.00703	0.00209	0.03850	0.00551	0.00326	0.00903
10	0.05058	0.01803	0.17799	0.21693	0.21979	0.01522	0.01825	0.04709	0.01450	0.04862	0.01430	0.01765	0.03588	0.00719	0.00767	0.00214	0.06988	0.00586	0.00350	0.00892
11	0.00802	0.00573	0.00764	0.00917	0.00955	0.00535	0.00611	0.00917	0.01260	0.01681	0.03628	0.76434	0.04354	0.02062	0.00840	0.00267	0.00382	0.01872	0.00611	0.00535
12	0.00962	0.00808	0.01197	0.23147	0.02077	0.00853	0.02665	0.01214	0.01391	0.01809	0.10542	0.32094	0.15809	0.01459	0.00766	0.00237	0.00532	0.01302	0.00521	0.00615
13	0.01581	0.09635	0.33504	0.04341	0.09882	0.08060	0.14743	0.04621	0.01518	0.02053	0.01181	0.01457	0.00901	0.00630	0.00683	0.00202	0.03227	0.00542	0.00314	0.00924
14	0.01014	0.00721	0.01075	0.01062	0.01194	0.00828	0.00828	0.01250	0.01088	0.04160	0.01794	0.02574	0.01645	0.04786	0.71553	0.01027	0.01719	0.00704	0.00370	0.00607
15	0.01760	0.77260	0.03450	0.01126	0.01690	0.02605	0.01126	0.01971	0.01338	0.01549	0.00915	0.01056	0.00845	0.00563	0.00422	0.00141	0.00704	0.00352	0.00282	0.00845
16	0.03925	0.02000	0.20041	0.05644	0.17410	0.01554	0.12557	0.11295	0.05222	0.11625	0.01520	0.01698	0.01102	0.00667	0.00662	0.00207	0.00829	0.00604	0.00440	0.00998
17	0.01489	0.02426	0.34214	0.13224	0.05561	0.05678	0.12827	0.06802	0.01536	0.02113	0.01308	0.04468	0.01035	0.00709	0.00724	0.00214	0.03828	0.00613	0.00334	0.00897
18	0.00801	0.00576	0.00760	0.00907	0.00952	0.00536	0.00607	0.00918	0.01269	0.01684	0.03742	0.73821	0.06895	0.02048	0.00838	0.00266	0.00380	0.01854	0.00611	0.00536
19	0.02651	0.04753	0.06796	0.01369	0.01926	0.01179	0.07056	0.05468	0.01842	0.56446	0.02278	0.02065	0.01467	0.00767	0.00659	0.00203	0.00648	0.00643	0.00707	0.01078
20	0.01620	0.01435	0.03628	0.07592	0.18692	0.05615	0.10158	0.04645	0.03388	0.09868	0.06383	0.09582	0.06061	0.00942	0.00830	0.00219	0.07193	0.00824	0.00467	0.00860
21	0.03444	0.04263	0.33969	0.12541	0.02567	0.04417	0.01743	0.06567	0.07002	0.04339	0.07064	0.06071	0.01593	0.00806	0.00649	0.00210	0.00800	0.00658	0.00411	0.00886
22	0.01879	0.08125	0.15297	0.02047	0.12064	0.31463	0.08029	0.02264	0.03761	0.01859	0.03046	0.01503	0.01076	0.00726	0.00700	0.03478	0.00980	0.00522	0.00339	0.00844
23	0.01368	0.01182	0.01394	0.01009	0.01568	0.00928	0.00809	0.01654	0.01349	0.02120	0.01156	0.01368	0.00970	0.00517	0.00562	0.00106	0.03836	0.00398	0.00385	0.77317
24	0.01676	0.01941	0.16667	0.02283	0.19285	0.09036	0.11768	0.02144	0.03372	0.09725	0.01884	0.02474	0.04468	0.00900	0.02245	0.00232	0.00864	0.07705	0.00423	0.00908
25	0.02396	0.01791	0.01916	0.01493	0.02001	0.01992	0.01226	0.62320	0.11510	0.03978	0.01716	0.01688	0.01229	0.00803	0.00660	0.00201	0.00699	0.00611	0.00660	0.01110
26	0.02435	0.01810	0.01938	0.01501	0.02016	0.02010	0.01235	0.65308	0.08460	0.04040	0.01667	0.01649	0.01189	0.00798	0.00659	0.00200	0.00708	0.00605	0.00659	0.01113
27	0.00941	0.00702	0.01039	0.01039	0.01150	0.00812	0.00799	0.01163	0.01052	0.01514	0.01781	0.02684	0.01688	0.09015	0.70236	0.01034	0.01700	0.00720	0.00355	0.00577
28	0.00778	0.00667	0.00667	0.00667	0.00889	0.00556	0.00500	0.00945	0.01501	0.01778	0.06669	0.06336	0.72490	0.01667	0.00778	0.00222	0.00333	0.01389	0.00611	0.00556
29	0.01330	0.03339	0.70614	0.01913	0.02873	0.01534	0.05204	0.02086	0.01397	0.02086	0.01188	0.01406	0.00841	0.00623	0.00632	0.00209	0.00979	0.00498	0.00280	0.00969
30	0.01556	0.05184	0.03658	0.06216	0.10134	0.01689	0.57358	0.02074	0.01527	0.02067	0.01296	0.01728	0.00990	0.00563	0.00743	0.00216	0.01049	0.00730	0.00328	0.00894
31	0.00957	0.00638	0.00718	0.00718	0.00718	0.00638	0.00399	0.00957	0.00957	0.01276	0.02074	0.04308	0.02393	0.76864	0.03351	0.00638	0.00638	0.00957	0.00399	0.00399
32	0.01144	0.00572	0.00858	0.00858	0.00858	0.00572	0.00572	0.00858	0.00858	0.01144	0.01144	0.02001	0.01144	0.02287	0.02573	0.80846	0.00572	0.00572	0.00286	0.00286
33	0.00942	0.00698	0.01022	0.01022	0.01128	0.00804	0.00779	0.01153	0.01047	0.01502	0.01796	0.02766	0.01724	0.12454	0.66846	0.01014	0.01646	0.00732	0.00358	0.00568
34	0.01760	0.77260	0.03450	0.01126	0.01690	0.02605	0.01126	0.01971	0.01338	0.01549	0.00915	0.01056	0.00845	0.00563	0.00422	0.00141	0.00704	0.00352	0.00282	0.00845
35	0.02778	0.01403	0.01703	0.01305	0.01821	0.01387	0.01078	0.29500	0.02357	0.46254	0.02200	0.01983	0.01431	0.00805	0.00661	0.00201	0.00624	0.00635	0.00754	0.01120
36	0.00940	0.00705	0.01058	0.01058	0.01176	0.00823	0.00823	0.01176	0.01058	0.01528	0.01763	0.02586	0.01646	0.04937	0.74255	0.01058	0.01763	0.00705	0.00353	0.00588
37	0.00802	0.00573	0.00764	0.00917	0.00955	0.00535	0.00611	0.00917	0.01260	0.01681	0.03628	0.76434	0.04354	0.02062	0.00840	0.00267	0.00382	0.01872	0.00611	0.00535
38	0.01142	0.01646	0.21405	0.01627	0.02075	0.01091	0.17766	0.01543	0.01364	0.01889	0.02337	0.31792	0.02479	0.04551	0.00879	0.00258	0.00739	0.04236	0.00444	0.00736
39	0.00997	0.00752	0.01047	0.01036	0.01158	0.00863	0.00785	0.01329	0.06569	0.01591	0.01876	0.02801	0.01772	0.14017	0.59227	0.00938	0.01519	0.00741	0.00384	0.00599
40	0.01720	0.70516	0.09842	0.01195	0.01796	0.02507	0.01246	0.01982	0.01342	0.01598	0.00940	0.01087	0.00844	0.00569	0.00441	0.00147	0.00729	0.00364	0.00281	0.00857
41	0.02058	0.02277	0.36579	0.01632	0.02378	0.01292	0.06829	0.02582	0.01620	0.33445	0.01817	0.01794	0.01197	0.00704	0.00653	0.00207	0.00801	0.00585	0.00519	0.01032
42	0.02443	0.01815	0.01942	0.01503	0.02019	0.02014	0.01237	0.65973	0.07781	0.04053	0.01656	0.01640	0.01180	0.00797	0.00659	0.00199	0.00711	0.00603	0.00659	0.01114
43	0.00922	0.00669	0.00869	0.00826	0.00979	0.00616	0.00617	0.01220	0.01828	0.02574	0.67579	0.07774	0.08285	0.01384	0.00779	0.00210	0.00314	0.01224	0.00717	0.00616
44	0.00932	0.00673	0.00880	0.00828	0.00984	0.00621	0.00621	0.01242	0.01863	0.02640	0.72410	0.04918	0.06212	0.01346	0.00776	0.00207	0.00311	0.01191	0.00725	0.00621
45	0.00822	0.00588	0.00785	0.00921	0.00973	0.00550	0.00630	0.00960	0.01318	0.01767	0.09012	0.68119	0.04477	0.01997	0.00838	0.00264	0.00385	0.04429	0.00620	0.00544
46	0.02459	0.03138	0.01866	0.01696	0.02035	0.74221	0.01272	0.02629	0.01866	0.01611	0.01018	0.01187	0.00848	0.00678	0.00594	0.00170	0.01187	0.00424	0.00339	0.00763
47	0.01055	0.00780	0.00947	0.00889	0.01076	0.00748	0.00668	0.08387	0.01853	0.02535	0.45600	0.14892	0.15188	0.01437	0.00773	0.00217	0.00367	0.01254	0.00685	0.00651
48	0.02459	0.03138	0.01866	0.01696	0.02035	0.74221	0.01272	0.02629	0.01866	0.01611	0.01018	0.01187	0.00848	0.00678	0.00594	0.00170	0.01187	0.00424	0.00339	0.00763
49	0.01365	0.01170	0.01365	0.00975	0.01560	0.00878	0.00780	0.01658	0.01365	0.02145	0.01170	0.01365	0.00975	0.00488	0.00488	0.00098	0.00488	0.00390	0.00390	0.80888
50	0.01049	0.00753	0.00976	0.00944	0.01028	0.00839	0.00675	0.04136	0.01118	0.01583	0.01865	0.03201	0.01902	0.34122	0.35444	0.00774	0.04202	0.00795	0.04054	0.00539
51	0.00957	0.00638	0.00718	0.00718	0.00718	0.00638	0.00399	0.00957	0.00957	0.01276	0.02074	0.04308	0.02393	0.76864	0.03351	0.00638	0.00638	0.00957	0.00399	0.00399
52	0.01434	0.01816	0.11551	0.02442	0.03066	0.01510	0.53902	0.01959	0.01499	0.02053	0.01598	0.10938	0.01394	0.00749	0.00767	0.00226	0.01004	0.00878	0.00361	0.00854
53	0.00802	0.00573	0.00764	0.00917	0.00955	0.00535	0.00611	0.00917	0.01260	0.01681	0.03628	0.76434	0.04354	0.02062	0.00840	0.00267	0.00382	0.01872	0.00611	0.00535
54	0.01888	0.01803	0.11698	0.02251	0.02913	0.01468	0.44161	0.02391	0.01620	0.20526	0.01641	0.01850	0.01142	0.00631	0.00729	0.00216	0.00951	0.00712	0.00451	0.00958
55	0.01760	0.77260	0.03450	0.01126	0.01690	0.02605	0.01126	0.01971	0.01338	0.01549	0.00915	0.01056	0.00845	0.00563	0.00422	0.00141	0.00704	0.00352	0.00282	0.00845
56	0.01760	0.77260	0.03450	0.01126	0.01690	0.02605	0.01126	0.01971	0.01338	0.01549	0.00915	0.01056	0.00845	0.00563	0.00422	0.00141	0.00704	0.00352	0.00282	0.00845
57	0.01355	0.01170	0.01415	0.07106	0.01806	0.00926	0.00867	0.01660	0.01361	0.02107	0.01170	0.01397	0.00967	0.00502	0.00502	0.00108	0.00520	0.00406	0.00382	0.74274
58	0.01612	0.01386	0.01470	0.01334	0.01697	0.01599	0.01043	0.03405	0.68522	0.02720	0.02715	0.02672	0.02087	0.00933	0.00680	0.00227	0.00525	0.03683	0.00667	0.01023
59	0.00855	0.00663	0.00791	0.00863	0.01018	0.00599	0.00662	0.01046	0.01457	0.01834	0.08008	0.24879	0.36143	0.01791	0.00824	0.00252	0.00407	0.16728	0.00615	0.00565
60	0.03950	0.01754	0.02160	0.19115	0.23731	0.17765	0.06954	0.02110	0.06082	0.01990	0.04670	0.04061	0.01355	0.00722	0.00656	0.00202	0.00861	0.00636	0.00374	0.00852
61	0.03924	0.24888	0.02621	0.01735	0.06226	0.24320	0.11748	0.07710	0.03696	0.01977	0.01390	0.01558	0.04124	0.00677	0.00584	0.00177	0.00895	0.00530	0.00369	0.00849
62	0.01229	0.03465	0.05321	0.01203	0.04177	0.01111	0.00932	0.04176	0.22989	0.02309	0.15858	0.16176	0.12976	0.01397	0.03440	0.00253	0.00526	0.01074	0.00602	0.00784

[dist]
# distance from previous block
# <min> <max>
1	33

[block]
# block no. 2 follows, 33 sequences, length 39
# corresponding to MSA columns:
# 444-482
name=unknown_C
#
# <colnr> <probs for GDERKNQSTAVLIFYWHMCP>
#	G	D	E	R	K	N	Q	S	T	A	V	L	I	F	Y	W	H	M	C	P
0	0.58271	0.06689	0.01240	0.00963	0.01363	0.01510	0.00800	0.04226	0.05629	0.05503	0.01187	0.01348	0.00933	0.01011	0.06789	0.00274	0.00641	0.00430	0.00434	0.00761
1	0.05439	0.01151	0.01384	0.08113	0.04503	0.01013	0.00910	0.01778	0.06354	0.02187	0.01586	0.01775	0.04460	0.00615	0.00531	0.00136	0.00521	0.00500	0.05179	0.51865
2	0.00937	0.00684	0.00968	0.00975	0.01063	0.00767	0.00718	0.01114	0.01046	0.01480	0.01928	0.06739	0.01950	0.20760	0.54765	0.00924	0.01443	0.00821	0.00376	0.00543
3	0.66119	0.01377	0.01143	0.05524	0.01564	0.04235	0.00847	0.06262	0.03574	0.02893	0.01035	0.01193	0.00796	0.00637	0.00454	0.00204	0.00571	0.00400	0.00422	0.00752
4	0.01581	0.07123	0.20849	0.05244	0.09242	0.01409	0.01498	0.06141	0.01547	0.11366	0.06213	0.02284	0.07841	0.01079	0.04806	0.00256	0.07863	0.00669	0.02113	0.00876
5	0.01258	0.01025	0.01347	0.01220	0.01324	0.01244	0.00946	0.09286	0.01307	0.01855	0.04472	0.07773	0.01875	0.16740	0.23390	0.00567	0.22505	0.00805	0.00411	0.00649
6	0.02006	0.01676	0.01654	0.01411	0.01827	0.08583	0.01115	0.20956	0.43656	0.06439	0.02230	0.02096	0.01648	0.00842	0.00659	0.00211	0.00639	0.00670	0.00643	0.01040
7	0.05680	0.00852	0.01170	0.20702	0.01979	0.00920	0.00981	0.03054	0.01514	0.02150	0.21573	0.18153	0.06249	0.01266	0.00725	0.00227	0.00521	0.06336	0.05302	0.00646
8	0.01401	0.01520	0.03212	0.02380	0.02913	0.01427	0.55024	0.01868	0.01502	0.02029	0.01831	0.14863	0.01710	0.00875	0.00794	0.00234	0.00960	0.04251	0.00394	0.00814
9	0.00855	0.00666	0.00777	0.00757	0.00939	0.00587	0.00565	0.01092	0.01672	0.02203	0.39271	0.08370	0.36838	0.01523	0.00780	0.00216	0.00324	0.01309	0.00668	0.00587
10	0.01555	0.01475	0.02433	0.17576	0.53297	0.01551	0.01897	0.02085	0.07648	0.02113	0.01352	0.01727	0.01096	0.00627	0.00655	0.00203	0.00778	0.00600	0.00350	0.00982
11	0.01243	0.01170	0.01975	0.75282	0.04534	0.01463	0.01828	0.01682	0.01316	0.01682	0.01170	0.01755	0.00878	0.00658	0.00658	0.00219	0.00878	0.00585	0.00293	0.00731
12	0.02205	0.01357	0.01548	0.01283	0.01718	0.01441	0.01029	0.14828	0.33749	0.26329	0.02441	0.02234	0.01717	0.00844	0.00656	0.00209	0.00560	0.00685	0.04102	0.01063
13	0.02675	0.01411	0.01689	0.01312	0.01816	0.01419	0.01078	0.27919	0.08316	0.41846	0.02232	0.02017	0.01475	0.00813	0.00661	0.00203	0.00617	0.00644	0.00745	0.01113
14	0.01524	0.01457	0.02482	0.23435	0.54185	0.01537	0.01968	0.01928	0.01449	0.02023	0.01220	0.01664	0.00998	0.00606	0.00653	0.00202	0.00808	0.00586	0.00317	0.00958
15	0.00801	0.00579	0.00758	0.00901	0.00951	0.00536	0.00604	0.00918	0.01275	0.01687	0.03815	0.72128	0.08540	0.02038	0.00836	0.00265	0.00379	0.01842	0.00611	0.00536
16	0.01058	0.00779	0.00951	0.00884	0.01085	0.00754	0.00670	0.01550	0.10796	0.04421	0.53887	0.04696	0.13310	0.01311	0.00760	0.00211	0.00347	0.01142	0.00707	0.00681
17	0.01228	0.01062	0.01266	0.01163	0.01397	0.04471	0.05066	0.01941	0.22051	0.02236	0.19682	0.14499	0.07467	0.05947	0.04480	0.00292	0.00577	0.03838	0.00600	0.00735
18	0.02503	0.01844	0.01976	0.01515	0.02042	0.02042	0.01251	0.70562	0.03095	0.04149	0.01581	0.01581	0.01120	0.00790	0.00659	0.00198	0.00724	0.00593	0.00659	0.01120
19	0.01021	0.00846	0.00922	0.00909	0.01149	0.00829	0.00713	0.01591	0.16961	0.02081	0.09752	0.05551	0.42037	0.01498	0.00774	0.00234	0.00415	0.11412	0.00631	0.00675
20	0.00800	0.00580	0.00757	0.00899	0.00950	0.00536	0.00603	0.00919	0.01277	0.01687	0.03843	0.71487	0.09163	0.02035	0.00836	0.00264	0.00379	0.01837	0.00611	0.00536
21	0.01726	0.01586	0.02523	0.03597	0.60601	0.01621	0.01876	0.09663	0.05979	0.02408	0.01365	0.01675	0.01111	0.00628	0.00654	0.00197	0.00760	0.00597	0.00384	0.01051
22	0.00957	0.00638	0.00718	0.00718	0.00718	0.00638	0.00399	0.00957	0.00957	0.01276	0.02074	0.04308	0.02393	0.76864	0.03351	0.00638	0.00638	0.00957	0.00399	0.00399
23	0.00832	0.00669	0.00742	0.00724	0.00923	0.00579	0.00543	0.01050	0.01629	0.02083	0.29920	0.05834	0.49049	0.01554	0.00777	0.00217	0.00325	0.01319	0.00651	0.00579
24	0.01482	0.01448	0.02549	0.28484	0.39155	0.01554	0.09709	0.01900	0.01427	0.01967	0.01214	0.01684	0.00975	0.00625	0.00713	0.00210	0.03075	0.00607	0.00314	0.00908
25	0.01705	0.04821	0.35874	0.01963	0.02712	0.01517	0.20732	0.02275	0.01509	0.15199	0.01463	0.01644	0.01028	0.00661	0.00731	0.00212	0.04001	0.00598	0.00393	0.00962
26	0.00788	0.00653	0.00690	0.00711	0.00903	0.00555	0.00522	0.00953	0.01480	0.01800	0.09001	0.16793	0.59456	0.01713	0.00787	0.00228	0.00340	0.01453	0.00616	0.00555
27	0.01243	0.01170	0.01975	0.75282	0.04534	0.01463	0.01828	0.01682	0.01316	0.01682	0.01170	0.01755	0.00878	0.00658	0.00658	0.00219	0.00878	0.00585	0.00293	0.00731
28	0.01477	0.01405	0.01861	0.10710	0.02069	0.06569	0.06833	0.01883	0.07893	0.01901	0.01342	0.01759	0.01125	0.00920	0.01323	0.00237	0.35237	0.00605	0.14100	0.00750
29	0.52701	0.06905	0.01508	0.06138	0.10127	0.09335	0.01030	0.02006	0.01273	0.02533	0.00982	0.01192	0.00787	0.00615	0.00474	0.00196	0.00652	0.00406	0.00374	0.00768
30	0.01854	0.01568	0.01664	0.01602	0.07868	0.06666	0.01157	0.09478	0.50113	0.07080	0.02334	0.02203	0.01740	0.00838	0.00661	0.00214	0.00611	0.00689	0.00625	0.01035
31	0.00816	0.00583	0.00780	0.00933	0.00977	0.00547	0.00636	0.00941	0.01274	0.01696	0.03621	0.72667	0.04323	0.02049	0.00844	0.00269	0.00394	0.05499	0.00611	0.00539
32	0.01758	0.01463	0.02230	0.12464	0.36576	0.01496	0.03317	0.09658	0.06596	0.08288	0.01478	0.01729	0.01139	0.00649	0.00643	0.00193	0.00732	0.00591	0.00429	0.08572
33	0.01611	0.01350	0.04731	0.05704	0.09733	0.01131	0.03815	0.02103	0.08406	0.10708	0.01505	0.01647	0.01153	0.00596	0.00572	0.00150	0.00599	0.00510	0.00449	0.43526
34	0.01760	0.77260	0.03450	0.01126	0.01690	0.02605	0.01126	0.01971	0.01338	0.01549	0.00915	0.01056	0.00845	0.00563	0.00422	0.00141	0.00704	0.00352	0.00282	0.00845
35	0.01545	0.01400	0.01481	0.01504	0.08156	0.08239	0.01058	0.05869	0.35335	0.02458	0.09827	0.07175	0.05893	0.01206	0.04180	0.00257	0.00639	0.02298	0.00589	0.00890
36	0.01018	0.00699	0.00852	0.00802	0.01000	0.00621	0.00605	0.01272	0.01730	0.07222	0.44208	0.07175	0.27479	0.01434	0.00771	0.00213	0.00337	0.01238	0.00691	0.00632
37	0.01280	0.01209	0.02008	0.59429	0.13419	0.01454	0.01777	0.01689	0.01338	0.01746	0.01428	0.01944	0.04293	0.00715	0.00719	0.00219	0.03634	0.00623	0.00312	0.00764
38	0.68038	0.01442	0.01142	0.01102	0.04740	0.07287	0.00833	0.02061	0.04185	0.02800	0.01015	0.01164	0.00794	0.00627	0.00445	0.00201	0.00577	0.00389	0.00409	0.00747

[dist]
# distance from previous block
# <min> <max>
0	9

[block]
# block no. 3 follows, 33 sequences, length 22
# corresponding to MSA columns:
# 492-513
name=unknown_D
#
# <colnr> <probs for GDERKNQSTAVLIFYWHMCP>
#	G	D	E	R	K	N	Q	S	T	A	V	L	I	F	Y	W	H	M	C	P
0	0.01524	0.01150	0.01526	0.06375	0.14692	0.01198	0.01117	0.02319	0.23323	0.10754	0.19569	0.03150	0.08522	0.00986	0.00700	0.00212	0.00530	0.00857	0.00608	0.00889
1	0.01654	0.01469	0.03474	0.08093	0.05999	0.04344	0.05567	0.10781	0.03555	0.05469	0.01322	0.01534	0.01034	0.00619	0.00649	0.00157	0.04075	0.00503	0.00426	0.39277
2	0.00838	0.00599	0.00805	0.00958	0.01012	0.00566	0.00674	0.00979	0.01296	0.01721	0.03609	0.66797	0.04275	0.02028	0.00850	0.00272	0.00413	0.11153	0.00610	0.00545
3	0.02382	0.01784	0.01908	0.01490	0.01996	0.01985	0.01222	0.61196	0.12658	0.03954	0.01734	0.01703	0.01244	0.00805	0.00660	0.00201	0.00696	0.00614	0.00660	0.01109
4	0.01061	0.00758	0.01061	0.01212	0.01364	0.00758	0.01061	0.01364	0.01515	0.01970	0.03486	0.07426	0.03789	0.01819	0.00909	0.00303	0.00606	0.68326	0.00606	0.00606
5	0.01760	0.77260	0.03450	0.01126	0.01690	0.02605	0.01126	0.01971	0.01338	0.01549	0.00915	0.01056	0.00845	0.00563	0.00422	0.00141	0.00704	0.00352	0.00282	0.00845
6	0.01554	0.01776	0.03885	0.02775	0.03441	0.01665	0.70366	0.02109	0.01554	0.02109	0.01332	0.01776	0.00999	0.00555	0.00777	0.00222	0.01110	0.00777	0.00333	0.00888
7	0.00940	0.00705	0.01058	0.01058	0.01176	0.00823	0.00823	0.01176	0.01058	0.01528	0.01763	0.02586	0.01646	0.04937	0.74255	0.01058	0.01763	0.00705	0.00353	0.00588
8	0.15938	0.22868	0.14538	0.01458	0.06506	0.03724	0.01315	0.10528	0.01588	0.10161	0.01264	0.01397	0.00967	0.00722	0.00629	0.03908	0.00715	0.00468	0.00413	0.00893
9	0.01458	0.01371	0.02307	0.21809	0.47894	0.01440	0.01825	0.01853	0.01491	0.02083	0.08683	0.02006	0.01543	0.00684	0.00666	0.00203	0.00757	0.00650	0.00359	0.00919
10	0.00814	0.00582	0.00778	0.00931	0.00974	0.00545	0.00632	0.00938	0.01272	0.01694	0.03622	0.73202	0.04328	0.02051	0.00844	0.00269	0.00392	0.04984	0.00611	0.00538
11	0.00957	0.00638	0.00718	0.00718	0.00718	0.00638	0.00399	0.00957	0.00957	0.01276	0.02074	0.04308	0.02393	0.76864	0.03351	0.00638	0.00638	0.00957	0.00399	0.00399
12	0.81514	0.01273	0.00968	0.00866	0.01273	0.01477	0.00713	0.01935	0.01120	0.02954	0.00917	0.01069	0.00713	0.00611	0.00407	0.00204	0.00509	0.00356	0.00407	0.00713
13	0.05940	0.01767	0.01873	0.01448	0.01954	0.01956	0.01194	0.64607	0.02935	0.04024	0.01575	0.01595	0.01126	0.00781	0.00639	0.00196	0.00697	0.00583	0.04029	0.01080
14	0.02625	0.01648	0.01854	0.01422	0.01944	0.01750	0.01174	0.52306	0.02767	0.22869	0.01856	0.01759	0.01258	0.00797	0.00660	0.00199	0.00680	0.00611	0.00701	0.01120
15	0.01243	0.01170	0.01975	0.75282	0.04534	0.01463	0.01828	0.01682	0.01316	0.01682	0.01170	0.01755	0.00878	0.00658	0.00658	0.00219	0.00878	0.00585	0.00293	0.00731
16	0.00790	0.00658	0.00690	0.00701	0.00901	0.00558	0.00518	0.00961	0.01501	0.01824	0.10596	0.12842	0.61830	0.01684	0.00784	0.00226	0.00337	0.01422	0.00619	0.00558
17	0.01365	0.01170	0.01365	0.00975	0.01560	0.00878	0.00780	0.01658	0.01365	0.02145	0.01170	0.01365	0.00975	0.00488	0.00488	0.00098	0.00488	0.00390	0.00390	0.80888
18	0.01428	0.01207	0.01399	0.01005	0.01587	0.00942	0.00806	0.05454	0.01460	0.02256	0.01193	0.01377	0.00983	0.00504	0.00497	0.00103	0.00501	0.00401	0.00405	0.76493
19	0.39761	0.06485	0.06363	0.01137	0.01607	0.01581	0.01002	0.18249	0.01699	0.09399	0.01419	0.06148	0.01143	0.00763	0.00534	0.00203	0.00601	0.00546	0.00500	0.00861
20	0.01789	0.01416	0.01528	0.01258	0.04639	0.08112	0.00949	0.09822	0.01679	0.11520	0.01518	0.05406	0.01243	0.00669	0.00565	0.00143	0.00599	0.00537	0.00480	0.46128
21	0.41413	0.07836	0.01458	0.04223	0.01640	0.10636	0.00924	0.02264	0.07781	0.09399	0.01282	0.01372	0.00973	0.00655	0.00497	0.00190	0.00631	0.00442	0.00446	0.05939

[dist]
# distance from previous block
# <min> <max>
1	6

[block]
# block no. 4 follows, 33 sequences, length 37
# corresponding to MSA columns:
# 520-556
name=unknown_E
#
# <colnr> <probs for GDERKNQSTAVLIFYWHMCP>
#	G	D	E	R	K	N	Q	S	T	A	V	L	I	F	Y	W	H	M	C	P
0	0.04717	0.09484	0.11606	0.10193	0.06922	0.10031	0.13931	0.04555	0.01491	0.02010	0.01219	0.01554	0.00979	0.00974	0.06963	0.00258	0.00950	0.00541	0.00341	0.11281
1	0.02454	0.01820	0.01948	0.01505	0.02023	0.02019	0.01240	0.66812	0.06924	0.04071	0.01642	0.01630	0.01169	0.00796	0.00659	0.00199	0.00713	0.00601	0.00659	0.01115
2	0.01227	0.00614	0.00614	0.00614	0.00767	0.00614	0.00460	0.01534	0.01381	0.02454	0.02148	0.02454	0.01687	0.00767	0.00460	0.00153	0.00307	0.00614	0.80518	0.00614
3	0.01485	0.01535	0.02067	0.19390	0.02494	0.08101	0.04225	0.01718	0.01177	0.01631	0.00969	0.01507	0.00871	0.00970	0.01611	0.00259	0.48387	0.00573	0.00295	0.00733
4	0.00808	0.00575	0.00762	0.00909	0.00946	0.00539	0.00603	0.00918	0.01249	0.01665	0.03568	0.73632	0.04278	0.04969	0.00938	0.00282	0.00392	0.01836	0.00603	0.00529
5	0.01554	0.01776	0.03885	0.02775	0.03441	0.01665	0.70366	0.02109	0.01554	0.02109	0.01332	0.01776	0.00999	0.00555	0.00777	0.00222	0.01110	0.00777	0.00333	0.00888
6	0.01591	0.01356	0.01437	0.01289	0.01648	0.01549	0.01003	0.05461	0.62520	0.02755	0.06886	0.02723	0.04965	0.00946	0.00680	0.00221	0.00508	0.00791	0.00670	0.01001
7	0.01938	0.59190	0.03097	0.01219	0.01774	0.02470	0.01156	0.18406	0.01759	0.02172	0.01075	0.01182	0.00911	0.00618	0.00479	0.00154	0.00709	0.00410	0.00372	0.00911
8	0.01631	0.01239	0.03228	0.01534	0.11618	0.01148	0.01068	0.08211	0.08737	0.11785	0.14114	0.07184	0.02315	0.00887	0.00691	0.00185	0.02650	0.00752	0.00557	0.20467
9	0.01642	0.10025	0.01725	0.01312	0.01667	0.01733	0.01050	0.06499	0.51170	0.02523	0.02267	0.02297	0.01779	0.05448	0.00900	0.00242	0.05479	0.00694	0.00584	0.00964
10	0.02526	0.01807	0.01953	0.01497	0.02023	0.01986	0.01237	0.67094	0.03033	0.07705	0.01633	0.01615	0.01146	0.00792	0.00659	0.00198	0.00716	0.00596	0.00667	0.01120
11	0.01487	0.01451	0.02025	0.01943	0.09812	0.01917	0.01456	0.01875	0.09938	0.01796	0.01135	0.01590	0.01029	0.01055	0.01801	0.00269	0.57685	0.00598	0.00340	0.00797
12	0.01440	0.01440	0.02016	0.01728	0.01728	0.02016	0.01440	0.01584	0.01008	0.01584	0.00864	0.01440	0.00864	0.01152	0.02160	0.00288	0.75659	0.00576	0.00288	0.00720
13	0.00881	0.00676	0.00810	0.00791	0.00971	0.00605	0.00602	0.01137	0.01705	0.02273	0.43339	0.05607	0.31145	0.01496	0.00785	0.00219	0.00337	0.05351	0.00675	0.00596
14	0.00936	0.00727	0.00863	0.00852	0.01044	0.00677	0.00662	0.01287	0.05925	0.02241	0.34797	0.05625	0.29919	0.01500	0.00788	0.00227	0.00372	0.10273	0.00664	0.00621
15	0.01243	0.00746	0.00954	0.00860	0.01085	0.00668	0.00660	0.01522	0.01810	0.14220	0.50598	0.04694	0.15759	0.01308	0.00758	0.00209	0.00356	0.01134	0.00722	0.00694
16	0.00984	0.00731	0.00952	0.01066	0.01218	0.00712	0.00880	0.01283	0.03898	0.01911	0.04055	0.19298	0.16181	0.01803	0.00865	0.00279	0.00514	0.42157	0.00610	0.00600
17	0.00991	0.00687	0.00967	0.00967	0.01086	0.00779	0.00743	0.01229	0.01110	0.01680	0.01842	0.02631	0.01682	0.07035	0.58621	0.00884	0.01466	0.00699	0.14314	0.00585
18	0.10631	0.01531	0.04876	0.17632	0.44097	0.01540	0.06367	0.01952	0.01420	0.02144	0.01192	0.01592	0.00962	0.00603	0.00633	0.00203	0.00798	0.00569	0.00327	0.00931
19	0.11596	0.01605	0.01827	0.01433	0.01905	0.01760	0.04683	0.47471	0.02487	0.07289	0.01565	0.01680	0.01153	0.01230	0.09013	0.00298	0.00828	0.00591	0.00586	0.00999
20	0.01609	0.01821	0.03530	0.02573	0.03173	0.06052	0.58871	0.02210	0.06135	0.02100	0.01382	0.01771	0.01051	0.00609	0.00815	0.00222	0.04094	0.00745	0.00354	0.00884
21	0.00947	0.00637	0.00735	0.00745	0.00752	0.00639	0.00430	0.00964	0.00981	0.01313	0.02163	0.08961	0.02492	0.69054	0.06057	0.00631	0.00667	0.01007	0.00411	0.00415
22	0.00940	0.00705	0.01058	0.01058	0.01176	0.00823	0.00823	0.01176	0.01058	0.01528	0.01763	0.02586	0.01646	0.04937	0.74255	0.01058	0.01763	0.00705	0.00353	0.00588
23	0.01144	0.00572	0.00858	0.00858	0.00858	0.00572	0.00572	0.00858	0.00858	0.01144	0.01144	0.02001	0.01144	0.02287	0.02573	0.80846	0.00572	0.00572	0.00286	0.00286
24	0.00957	0.00638	0.00718	0.00718	0.00718	0.00638	0.00399	0.00957	0.00957	0.01276	0.02074	0.04308	0.02393	0.76864	0.03351	0.00638	0.00638	0.00957	0.00399	0.00399
25	0.01760	0.77260	0.03450	0.01126	0.01690	0.02605	0.01126	0.01971	0.01338	0.01549	0.00915	0.01056	0.00845	0.00563	0.00422	0.00141	0.00704	0.00352	0.00282	0.00845
26	0.00932	0.00673	0.00880	0.00828	0.00984	0.00621	0.00621	0.01242	0.01863	0.02640	0.72410	0.04918	0.06212	0.01346	0.00776	0.00207	0.00311	0.01191	0.00725	0.00621
27	0.00802	0.00573	0.00764	0.00917	0.00955	0.00535	0.00611	0.00917	0.01260	0.01681	0.03628	0.76434	0.04354	0.02062	0.00840	0.00267	0.00382	0.01872	0.00611	0.00535
28	0.01792	0.73864	0.03377	0.01153	0.01705	0.05886	0.01133	0.02001	0.01362	0.01552	0.00920	0.01062	0.00845	0.00568	0.00430	0.00142	0.00726	0.00355	0.00284	0.00841
29	0.01203	0.05654	0.05013	0.03886	0.01385	0.01011	0.00845	0.05732	0.09092	0.04110	0.28876	0.04117	0.18993	0.06154	0.00890	0.00236	0.00472	0.01011	0.00603	0.00716
30	0.03875	0.14993	0.07161	0.08323	0.02469	0.34311	0.13397	0.02258	0.01597	0.01756	0.01072	0.01337	0.00873	0.00646	0.00652	0.00186	0.03472	0.00495	0.00320	0.00807
31	0.02215	0.02731	0.01902	0.01704	0.01962	0.56920	0.01312	0.02379	0.01660	0.01605	0.00981	0.01248	0.00852	0.00792	0.00969	0.00198	0.19031	0.00460	0.00327	0.00753
32	0.01741	0.07485	0.22872	0.03953	0.02128	0.31862	0.01494	0.02098	0.01591	0.01795	0.04261	0.03910	0.05765	0.03797	0.00735	0.00210	0.00940	0.02214	0.00363	0.00787
33	0.01305	0.01107	0.01301	0.00969	0.01496	0.00841	0.00762	0.01579	0.01354	0.02096	0.01431	0.09331	0.01334	0.00655	0.00525	0.00116	0.00476	0.00547	0.00413	0.72362
34	0.00800	0.00658	0.00704	0.00713	0.00908	0.00562	0.00527	0.00979	0.01521	0.01877	0.14620	0.13481	0.57036	0.01668	0.00784	0.00225	0.00336	0.01415	0.00626	0.00562
35	0.00957	0.00638	0.00718	0.00718	0.00718	0.00638	0.00399	0.00957	0.00957	0.01276	0.02074	0.04308	0.02393	0.76864	0.03351	0.00638	0.00638	0.00957	0.00399	0.00399
36	0.04142	0.01824	0.09121	0.01886	0.05975	0.03803	0.17395	0.23349	0.08062	0.15156	0.01704	0.01775	0.01207	0.00715	0.00676	0.00207	0.00803	0.00639	0.00542	0.01020

[dist]
# distance from previous block
# <min> <max>
0	1

[block]
# block no. 5 follows, 33 sequences, length 18
# corresponding to MSA columns:
# 558-575
name=unknown_F
#
# <colnr> <probs for GDERKNQSTAVLIFYWHMCP>
#	G	D	E	R	K	N	Q	S	T	A	V	L	I	F	Y	W	H	M	C	P
0	0.06059	0.01194	0.01395	0.01066	0.01575	0.01049	0.00858	0.06956	0.05713	0.13037	0.01539	0.01660	0.01186	0.00948	0.06477	0.00211	0.00622	0.00490	0.00488	0.47477
1	0.01481	0.10170	0.51129	0.01928	0.02785	0.01631	0.14111	0.02131	0.01437	0.05379	0.01248	0.01465	0.00901	0.00616	0.00634	0.00204	0.00951	0.00532	0.00313	0.00953
2	0.01410	0.08536	0.49075	0.01993	0.02848	0.01616	0.18090	0.02065	0.01423	0.02052	0.01196	0.01453	0.00879	0.00599	0.00640	0.00202	0.00965	0.00540	0.00296	0.04123
3	0.00810	0.00591	0.00765	0.00900	0.00964	0.00546	0.00617	0.00938	0.01299	0.01704	0.03976	0.65444	0.12246	0.02007	0.00836	0.00264	0.00386	0.04558	0.00611	0.00540
4	0.01320	0.03405	0.73453	0.01876	0.02849	0.01529	0.02432	0.02085	0.01390	0.02085	0.01181	0.01390	0.00834	0.00625	0.00625	0.00208	0.00973	0.00486	0.00278	0.00973
5	0.01147	0.00689	0.01052	0.13546	0.01508	0.00749	0.00803	0.01068	0.00985	0.01348	0.01265	0.02040	0.01177	0.02165	0.08754	0.54951	0.00718	0.00589	0.05038	0.00409
6	0.02381	0.02667	0.01749	0.01566	0.01917	0.57425	0.01187	0.02669	0.05989	0.09924	0.05300	0.01592	0.01307	0.00744	0.00616	0.00179	0.01027	0.00513	0.00435	0.00813
7	0.00802	0.00573	0.00764	0.00917	0.00955	0.00535	0.00611	0.00917	0.01260	0.01681	0.03628	0.76434	0.04354	0.02062	0.00840	0.00267	0.00382	0.01872	0.00611	0.00535
8	0.00944	0.00691	0.00985	0.00985	0.01077	0.00783	0.00732	0.01129	0.01036	0.01474	0.01830	0.02957	0.01807	0.20440	0.58973	0.00968	0.01521	0.00760	0.00363	0.00547
9	0.02555	0.01760	0.01924	0.01475	0.02000	0.01917	0.01218	0.62772	0.02955	0.12137	0.01698	0.01657	0.01179	0.00793	0.00659	0.00198	0.00705	0.00601	0.00677	0.01120
10	0.00785	0.00667	0.00676	0.00674	0.00893	0.00559	0.00506	0.00958	0.01517	0.01817	0.09586	0.06273	0.69549	0.01653	0.00778	0.00222	0.00332	0.01381	0.00616	0.00559
11	0.00812	0.00655	0.00722	0.00733	0.00917	0.00566	0.00539	0.00999	0.01539	0.01934	0.19154	0.15650	0.50159	0.01658	0.00786	0.00225	0.00336	0.01416	0.00634	0.00566
12	0.01337	0.01096	0.01644	0.01930	0.17257	0.01109	0.05063	0.07177	0.03804	0.02211	0.02806	0.05176	0.05171	0.01361	0.00813	0.00261	0.00670	0.39807	0.00536	0.00771
13	0.01734	0.71150	0.03334	0.01175	0.01693	0.02557	0.01152	0.01940	0.01311	0.01552	0.00911	0.01087	0.00846	0.00611	0.00562	0.00153	0.06744	0.00370	0.00282	0.00835
14	0.27470	0.01324	0.01383	0.01225	0.04303	0.05979	0.00943	0.07274	0.03191	0.28425	0.04923	0.01882	0.01445	0.01069	0.06161	0.00266	0.00684	0.00571	0.00582	0.00900
15	0.01762	0.11429	0.40813	0.01847	0.08120	0.10815	0.01903	0.02288	0.01520	0.11596	0.01326	0.01460	0.00962	0.00647	0.00605	0.00194	0.00898	0.00495	0.00363	0.00957
16	0.01725	0.01826	0.11053	0.13329	0.19007	0.05894	0.12865	0.07104	0.11184	0.07160	0.01538	0.01768	0.01152	0.00674	0.00670	0.00208	0.00842	0.00623	0.00421	0.00956
17	0.04889	0.05748	0.07362	0.04101	0.04523	0.27277	0.08136	0.06467	0.05121	0.05641	0.01270	0.01455	0.00993	0.00676	0.00679	0.00184	0.04559	0.00510	0.00395	0.10015

[dist]
# distance from previous block
# <min> <max>
1	19

[block]
# block no. 6 follows, 33 sequences, length 27
# corresponding to MSA columns:
# 595-621
name=unknown_G
#
# <colnr> <probs for GDERKNQSTAVLIFYWHMCP>
#	G	D	E	R	K	N	Q	S	T	A	V	L	I	F	Y	W	H	M	C	P
0	0.16650	0.01752	0.09258	0.03571	0.05299	0.06389	0.09416	0.14017	0.07489	0.05910	0.03641	0.01878	0.04572	0.00770	0.00701	0.00207	0.04577	0.00612	0.00470	0.02822
1	0.10077	0.03377	0.01561	0.05788	0.01833	0.15690	0.01045	0.05388	0.09685	0.20984	0.02025	0.02026	0.05670	0.00906	0.02603	0.00216	0.02823	0.00601	0.00539	0.07161
2	0.03612	0.01564	0.03419	0.23613	0.05972	0.11392	0.01341	0.13306	0.03222	0.05217	0.01836	0.06932	0.06076	0.00856	0.00699	0.00204	0.03144	0.00690	0.00444	0.06461
3	0.01257	0.00798	0.01032	0.00966	0.01171	0.00784	0.00730	0.04581	0.01436	0.10143	0.10299	0.17271	0.06307	0.06322	0.22404	0.00479	0.00829	0.00995	0.05817	0.06380
4	0.01365	0.01170	0.01365	0.00975	0.01560	0.00878	0.00780	0.01658	0.01365	0.02145	0.01170	0.01365	0.00975	0.00488	0.00488	0.00098	0.00488	0.00390	0.00390	0.80888
5	0.01027	0.00627	0.00805	0.00817	0.00847	0.00620	0.00537	0.00968	0.01030	0.01364	0.04632	0.03851	0.05408	0.35898	0.02623	0.30502	0.00585	0.07070	0.00398	0.00391
6	0.81514	0.01273	0.00968	0.00866	0.01273	0.01477	0.00713	0.01935	0.01120	0.02954	0.00917	0.01069	0.00713	0.00611	0.00407	0.00204	0.00509	0.00356	0.00407	0.00713
7	0.01017	0.00690	0.00889	0.00838	0.01011	0.00629	0.00629	0.01301	0.01798	0.06206	0.59167	0.09238	0.11313	0.01388	0.00774	0.00212	0.00330	0.01221	0.00713	0.00637
8	0.00948	0.00637	0.00729	0.00734	0.00744	0.00632	0.00421	0.00970	0.01020	0.01368	0.05763	0.08116	0.02692	0.69074	0.03087	0.00597	0.00608	0.01017	0.00427	0.00417
9	0.01798	0.01494	0.01579	0.01372	0.01773	0.01713	0.01081	0.15978	0.58826	0.03013	0.02475	0.02293	0.01844	0.00874	0.00668	0.00219	0.00559	0.00716	0.00668	0.01056
10	0.01637	0.01414	0.01489	0.01340	0.01712	0.01637	0.01042	0.03498	0.71568	0.02754	0.02679	0.02456	0.02010	0.00893	0.00670	0.00223	0.00521	0.00744	0.00670	0.01042
11	0.01320	0.03405	0.73453	0.01876	0.02849	0.01529	0.02432	0.02085	0.01390	0.02085	0.01181	0.01390	0.00834	0.00625	0.00625	0.00208	0.00973	0.00486	0.00278	0.00973
12	0.07993	0.04197	0.01837	0.01601	0.05513	0.29889	0.01203	0.26102	0.05224	0.02739	0.06313	0.01652	0.01371	0.00761	0.00617	0.00187	0.00853	0.00552	0.00494	0.00902
13	0.01317	0.01216	0.01884	0.61522	0.04009	0.01495	0.01682	0.02020	0.14389	0.01881	0.01451	0.01886	0.01088	0.00702	0.00660	0.00220	0.00811	0.00615	0.00363	0.00789
