[name]
unknown

[dist]
# distance from previous block
# <min> <max>
0	27

[block]
# block no. 0 follows, 33 sequences, length 54
# corresponding to MSA columns:
# 27-80
name=unknown_A
#
# <colnr> <probs for GDERKNQSTAVLIFYWHMCP>
#	G	D	E	R	K	N	Q	S	T	A	V	L	I	F	Y	W	H	M	C	P
0	0.15477	0.01597	0.01707	0.01391	0.01815	0.09585	0.07700	0.21907	0.08434	0.06315	0.08630	0.02292	0.04548	0.00853	0.00642	0.00204	0.00685	0.03014	0.00554	0.02649
1	0.11762	0.09298	0.15300	0.01398	0.01948	0.01510	0.07081	0.09522	0.06296	0.04286	0.08862	0.01835	0.01558	0.00726	0.00648	0.00187	0.03387	0.00577	0.00447	0.13372
2	0.01784	0.01893	0.13861	0.04401	0.05746	0.06346	0.15264	0.08776	0.14831	0.09843	0.04229	0.01910	0.01412	0.00716	0.00668	0.00202	0.00796	0.00644	0.00484	0.06194
3	0.16839	0.08938	0.01808	0.06182	0.04387	0.09699	0.04647	0.02145	0.06123	0.09652	0.01530	0.01672	0.03715	0.00705	0.00655	0.00184	0.05308	0.00525	0.00431	0.14857
4	0.09599	0.15448	0.21791	0.01542	0.02186	0.01632	0.10507	0.03659	0.04322	0.06781	0.01277	0.01451	0.00975	0.00629	0.00627	0.00184	0.03474	0.00501	0.00376	0.13041
5	0.09882	0.01055	0.01332	0.01204	0.01476	0.03723	0.06242	0.01756	0.05880	0.09801	0.08229	0.22135	0.04364	0.01298	0.00780	0.00234	0.03267	0.11125	0.00567	0.05651
6	0.01594	0.05981	0.06380	0.01297	0.01703	0.03149	0.01095	0.10682	0.37016	0.02557	0.02685	0.05497	0.09879	0.00969	0.00716	0.00212	0.03291	0.00779	0.00579	0.03941
7	0.07512	0.10807	0.49469	0.01682	0.02501	0.01645	0.04455	0.04926	0.04243	0.02209	0.01214	0.01394	0.00896	0.00628	0.00591	0.00197	0.00868	0.00484	0.00326	0.03955
8	0.04646	0.01449	0.02598	0.07762	0.04657	0.01520	0.30391	0.04727	0.01510	0.10145	0.04404	0.04591	0.01393	0.00947	0.03557	0.00259	0.13438	0.00741	0.00419	0.00847
9	0.01541	0.01588	0.09479	0.07735	0.02742	0.01370	0.33884	0.02100	0.05757	0.09393	0.07154	0.05314	0.01840	0.00833	0.00748	0.00226	0.00860	0.06122	0.00456	0.00861
10	0.01559	0.01564	0.07471	0.36033	0.20118	0.01594	0.04540	0.12333	0.04291	0.02255	0.01313	0.01699	0.00998	0.00664	0.00659	0.00210	0.00834	0.00593	0.00371	0.00900
11	0.01294	0.01239	0.09797	0.06852	0.06514	0.00980	0.09418	0.01616	0.01485	0.10217	0.07768	0.22885	0.14684	0.01255	0.00746	0.00228	0.00607	0.01132	0.00529	0.00753
12	0.01560	0.01655	0.03501	0.02606	0.05992	0.01550	0.59391	0.02073	0.01578	0.04968	0.04977	0.02074	0.03374	0.00638	0.00767	0.00219	0.01013	0.00803	0.00379	0.00881
13	0.01373	0.01582	0.08150	0.15312	0.02898	0.01584	0.28091	0.01780	0.01349	0.01882	0.03427	0.07717	0.01351	0.00870	0.01091	0.00240	0.19401	0.00770	0.00344	0.00789
14	0.01554	0.01776	0.03885	0.02775	0.03441	0.01665	0.70366	0.02109	0.01554	0.02109	0.01332	0.01776	0.00999	0.00555	0.00777	0.00222	0.01110	0.00777	0.00333	0.00888
15	0.01000	0.00660	0.00828	0.00839	0.00888	0.00675	0.00544	0.01078	0.01057	0.03899	0.02257	0.14678	0.02495	0.47056	0.18587	0.00660	0.00846	0.01028	0.00435	0.00486
16	0.01444	0.01778	0.11160	0.09327	0.10078	0.01546	0.41664	0.01946	0.01465	0.02019	0.01452	0.07508	0.01229	0.00714	0.00791	0.00223	0.03663	0.00785	0.00342	0.00865
17	0.00805	0.00598	0.00751	0.00862	0.00943	0.00544	0.00589	0.00941	0.01343	0.01756	0.08224	0.58247	0.18111	0.01942	0.00824	0.00255	0.00368	0.01735	0.00618	0.00544
18	0.00985	0.00848	0.06226	0.00806	0.00879	0.00706	0.00553	0.01043	0.00990	0.01338	0.02007	0.04087	0.02275	0.71090	0.03144	0.00606	0.00664	0.00922	0.00390	0.00442
19	0.01493	0.02203	0.22104	0.02539	0.03286	0.01629	0.52575	0.02103	0.01511	0.02103	0.01292	0.01675	0.00956	0.00573	0.00737	0.00218	0.01074	0.00701	0.00319	0.00910
20	0.01634	0.12158	0.46925	0.01815	0.04967	0.14916	0.02006	0.04629	0.01535	0.02010	0.01136	0.01328	0.00855	0.00632	0.00597	0.00192	0.00964	0.00466	0.00305	0.00927
21	0.02585	0.01711	0.01894	0.01452	0.01975	0.01845	0.01199	0.58216	0.02873	0.16809	0.01767	0.01702	0.01213	0.00795	0.00659	0.00199	0.00694	0.00605	0.00687	0.01120
22	0.00822	0.00587	0.00786	0.00939	0.00986	0.00552	0.00645	0.00951	0.01280	0.01702	0.03618	0.71208	0.04311	0.02044	0.00845	0.00270	0.00399	0.06904	0.00611	0.00540
23	0.01356	0.01170	0.01413	0.06837	0.01795	0.00924	0.00863	0.01660	0.01361	0.02109	0.01170	0.01396	0.00967	0.00501	0.00501	0.00107	0.00518	0.00405	0.00382	0.74565
24	0.01629	0.01564	0.02672	0.04041	0.72757	0.01564	0.02020	0.02020	0.01499	0.02151	0.01238	0.01629	0.01043	0.00587	0.00652	0.00196	0.00782	0.00587	0.00326	0.01043
25	0.00913	0.00665	0.00859	0.00825	0.00976	0.00611	0.00613	0.01200	0.01796	0.02517	0.63328	0.10417	0.09976	0.01419	0.00781	0.00213	0.00317	0.01254	0.00709	0.00611
26	0.02434	0.06805	0.01986	0.01609	0.02018	0.48151	0.01258	0.23434	0.02214	0.02386	0.01185	0.01301	0.00931	0.00706	0.00604	0.00177	0.01019	0.00472	0.00434	0.00877
27	0.01662	0.04294	0.10339	0.10189	0.05344	0.01437	0.25668	0.04851	0.01613	0.12997	0.06404	0.02252	0.06040	0.00766	0.00750	0.00214	0.03108	0.00737	0.00449	0.00885
28	0.01274	0.00905	0.01088	0.01054	0.01249	0.00931	0.00787	0.09007	0.10732	0.06981	0.09891	0.36664	0.09823	0.01552	0.00817	0.00241	0.02733	0.02912	0.00638	0.00721
29	0.01970	0.01001	0.01278	0.01051	0.01402	0.00934	0.00839	0.10272	0.02008	0.32696	0.32696	0.03426	0.05434	0.01064	0.00714	0.00205	0.00466	0.00901	0.00752	0.00890
30	0.00942	0.00680	0.00941	0.00946	0.01024	0.00756	0.00682	0.01099	0.01032	0.01453	0.01917	0.05292	0.01962	0.27700	0.49587	0.00902	0.01366	0.00819	0.00375	0.00526
31	0.01498	0.01762	0.07854	0.11663	0.03272	0.04085	0.47591	0.02044	0.03553	0.02025	0.01437	0.02046	0.01145	0.00693	0.00791	0.02109	0.01018	0.04220	0.00347	0.00845
32	0.01092	0.00723	0.01003	0.01119	0.01255	0.00708	0.00928	0.01312	0.01434	0.04744	0.03362	0.18933	0.05094	0.01854	0.01014	0.06553	0.00556	0.47137	0.00591	0.00588
33	0.00812	0.00580	0.00773	0.00910	0.00957	0.00541	0.00612	0.00941	0.01306	0.01753	0.08837	0.71018	0.04495	0.02008	0.00835	0.00263	0.00377	0.01820	0.00620	0.00541
34	0.00805	0.00586	0.00751	0.00880	0.00938	0.00541	0.00590	0.00921	0.01278	0.01678	0.03936	0.65465	0.12426	0.04704	0.00923	0.00275	0.00385	0.01781	0.00604	0.00532
35	0.07699	0.05570	0.01890	0.01703	0.04470	0.64259	0.01256	0.02538	0.01784	0.01718	0.01015	0.01190	0.00846	0.00667	0.00577	0.00172	0.01110	0.00423	0.00341	0.00773
36	0.01430	0.03252	0.68637	0.01829	0.02771	0.01491	0.02334	0.02160	0.01423	0.06848	0.01276	0.01447	0.00887	0.00638	0.00628	0.00208	0.00945	0.00498	0.00314	0.00983
37	0.01005	0.00776	0.00910	0.00931	0.01131	0.00745	0.00743	0.03330	0.06756	0.02100	0.13802	0.10037	0.31102	0.01585	0.00799	0.00243	0.00435	0.20278	0.02659	0.00631
38	0.00867	0.00665	0.00795	0.00775	0.00947	0.00592	0.00576	0.01113	0.01693	0.02265	0.44102	0.09858	0.30349	0.01508	0.00781	0.00216	0.00323	0.01305	0.00676	0.00592
39	0.01365	0.01170	0.01365	0.00975	0.01560	0.00878	0.00780	0.01658	0.01365	0.02145	0.01170	0.01365	0.00975	0.00488	0.00488	0.00098	0.00488	0.00390	0.00390	0.80888
40	0.00966	0.00733	0.00986	0.01075	0.01190	0.00728	0.02543	0.01315	0.08578	0.01868	0.03439	0.51170	0.03898	0.01848	0.00837	0.00270	0.00466	0.16868	0.00609	0.00612
41	0.02621	0.01483	0.01724	0.01333	0.01834	0.01526	0.01097	0.37706	0.04607	0.33151	0.02062	0.01916	0.01382	0.00803	0.00653	0.00199	0.00634	0.00627	0.03540	0.01100
42	0.01176	0.00794	0.01048	0.01079	0.01275	0.00778	0.00902	0.04001	0.01620	0.06875	0.14929	0.05946	0.12297	0.01853	0.06400	0.00324	0.00613	0.36814	0.00623	0.00655
43	0.12279	0.03677	0.03585	0.03886	0.01864	0.04164	0.01107	0.18865	0.01996	0.36274	0.01888	0.01796	0.01267	0.00774	0.00676	0.00203	0.03465	0.00579	0.00642	0.01016
44	0.00915	0.00672	0.00859	0.00830	0.00987	0.00616	0.00625	0.01201	0.01785	0.02479	0.59596	0.08123	0.13274	0.01430	0.00785	0.00215	0.00328	0.03967	0.00703	0.00610
45	0.01381	0.05702	0.57676	0.02022	0.02921	0.01593	0.15378	0.02085	0.01419	0.02070	0.01201	0.01452	0.00866	0.00610	0.00647	0.00209	0.00990	0.00537	0.00289	0.00952
46	0.01771	0.02090	0.06827	0.14768	0.24813	0.26452	0.01635	0.02105	0.01600	0.01903	0.06526	0.01726	0.01320	0.00707	0.00685	0.00195	0.03109	0.00569	0.00351	0.00848
47	0.01699	0.07198	0.09073	0.13784	0.18805	0.10729	0.11931	0.09615	0.01667	0.02147	0.01435	0.01734	0.03859	0.00688	0.00692	0.00201	0.02880	0.00602	0.00363	0.00896
48	0.00924	0.00733	0.01044	0.05110	0.09489	0.00708	0.00828	0.01101	0.01339	0.01783	0.06273	0.54034	0.10632	0.01750	0.00800	0.00250	0.00447	0.01580	0.00566	0.00610
49	0.06201	0.09773	0.14629	0.01592	0.04516	0.07536	0.05588	0.18559	0.07133	0.05379	0.01637	0.04439	0.02804	0.03824	0.00786	0.00219	0.03381	0.00625	0.00462	0.00915
50	0.15651	0.21977	0.06997	0.04615	0.06337	0.08916	0.09350	0.04039	0.04125	0.02161	0.06600	0.01796	0.01401	0.00708	0.00573	0.00190	0.00756	0.02596	0.00387	0.00826
51	0.01685	0.16561	0.03528	0.03578	0.11208	0.03146	0.06441	0.14852	0.04578	0.05235	0.02118	0.08002	0.06446	0.02957	0.00733	0.00217	0.00696	0.06671	0.00480	0.00868
52	0.01790	0.16090	0.13486	0.01643	0.10064	0.06468	0.01359	0.11986	0.05932	0.08756	0.06251	0.04136	0.04688	0.00799	0.00616	0.00189	0.00708	0.00637	0.00472	0.03931
53	0.04268	0.21499	0.05391	0.01280	0.04076	0.07196	0.01073	0.09106	0.06130	0.02178	0.10126	0.06717	0.10857	0.01002	0.00689	0.00198	0.03644	0.03294	0.00478	0.00797

[dist]
# distance from previous block
# <min> <max>
0	45

[block]
# block no. 1 follows, 33 sequences, length 13
# corresponding to MSA columns:
# 134-146
name=unknown_B
#
# <colnr> <probs for GDERKNQSTAVLIFYWHMCP>
#	G	D	E	R	K	N	Q	S	T	A	V	L	I	F	Y	W	H	M	C	P
0	0.08959	0.15654	0.01557	0.01041	0.01368	0.04972	0.00867	0.05224	0.01481	0.02037	0.06424	0.08719	0.15277	0.01346	0.05252	0.00252	0.03257	0.06793	0.00473	0.09047
1	0.05736	0.01175	0.05879	0.07835	0.04314	0.01077	0.03316	0.06898	0.05496	0.10251	0.16329	0.10474	0.07172	0.01266	0.03724	0.00253	0.00616	0.04796	0.00567	0.02827
2	0.01730	0.01342	0.01757	0.11186	0.02195	0.01251	0.05818	0.15644	0.01764	0.08758	0.01390	0.01566	0.01050	0.00605	0.00580	0.00152	0.00637	0.00507	0.00464	0.41604
3	0.02551	0.01766	0.01928	0.01478	0.02003	0.01926	0.01221	0.63340	0.02965	0.11554	0.01690	0.01651	0.01174	0.00793	0.00659	0.00198	0.00707	0.00600	0.00675	0.01120
4	0.01535	0.09462	0.02049	0.01582	0.01690	0.09465	0.01317	0.01703	0.01208	0.01677	0.07236	0.01683	0.01335	0.01059	0.01693	0.00253	0.53400	0.00591	0.00331	0.00729
5	0.01582	0.01635	0.04590	0.02992	0.36719	0.05571	0.17240	0.04053	0.01586	0.02166	0.05434	0.02323	0.01547	0.00759	0.00747	0.00213	0.02874	0.06664	0.00383	0.00921
6	0.01091	0.00763	0.01187	0.01159	0.01314	0.00710	0.08153	0.01279	0.01365	0.08096	0.03281	0.57114	0.03714	0.01773	0.00822	0.00259	0.00491	0.06201	0.00599	0.00629
7	0.00864	0.00637	0.00715	0.00747	0.00904	0.00567	0.00541	0.01056	0.01475	0.01964	0.14698	0.23618	0.36396	0.01607	0.00753	0.00223	0.00339	0.01385	0.10946	0.00567
8	0.01654	0.01393	0.04337	0.07971	0.04601	0.03565	0.18533	0.05645	0.01498	0.12958	0.01705	0.03488	0.02628	0.01532	0.12727	0.03663	0.08886	0.01964	0.00432	0.00819
9	0.01557	0.02580	0.32452	0.02290	0.06460	0.09791	0.27358	0.02126	0.01490	0.02018	0.01205	0.01525	0.00909	0.00630	0.00757	0.00212	0.04826	0.00596	0.00308	0.00909
10	0.00833	0.00611	0.00812	0.00929	0.01002	0.00589	0.00655	0.00980	0.01268	0.01684	0.03647	0.55634	0.10412	0.02417	0.11187	0.00376	0.00584	0.05257	0.00574	0.00548
11	0.01835	0.01095	0.01444	0.01223	0.01524	0.01156	0.03061	0.14732	0.01720	0.21223	0.02105	0.10185	0.01761	0.01968	0.18788	0.00421	0.06600	0.00783	0.07532	0.00845
12	0.01604	0.07503	0.31648	0.02319	0.20003	0.06328	0.05396	0.02261	0.08251	0.04581	0.01361	0.01568	0.01038	0.00657	0.00668	0.00202	0.02742	0.00546	0.00354	0.00969

[dist]
# distance from previous block
# <min> <max>
2	6

[block]
# block no. 2 follows, 33 sequences, length 90
# corresponding to MSA columns:
# 153-242
name=unknown_C
#
# <colnr> <probs for GDERKNQSTAVLIFYWHMCP>
#	G	D	E	R	K	N	Q	S	T	A	V	L	I	F	Y	W	H	M	C	P
0	0.06474	0.21749	0.35665	0.05520	0.02352	0.05127	0.01735	0.04187	0.02976	0.02034	0.03087	0.01460	0.01040	0.00787	0.03023	0.00218	0.00871	0.00482	0.00326	0.00885
1	0.01437	0.03582	0.16732	0.12950	0.26242	0.01496	0.09489	0.02039	0.07429	0.02114	0.06058	0.01923	0.01412	0.00830	0.03253	0.00237	0.00850	0.00639	0.00368	0.00919
2	0.01358	0.01257	0.02116	0.24619	0.17788	0.01407	0.10043	0.03974	0.01360	0.01885	0.01360	0.01975	0.01155	0.04919	0.13264	0.00378	0.07243	0.00647	0.02465	0.00787
3	0.01964	0.10722	0.24425	0.01605	0.03707	0.25210	0.01542	0.02340	0.01610	0.12961	0.01498	0.06843	0.01223	0.00768	0.00615	0.00192	0.00902	0.00581	0.00407	0.00884
4	0.05031	0.01787	0.05998	0.25708	0.23033	0.12224	0.01705	0.10414	0.01654	0.02180	0.01198	0.01556	0.00941	0.00669	0.00682	0.00204	0.03225	0.00548	0.00358	0.00885
5	0.00975	0.00749	0.00882	0.00827	0.01027	0.00701	0.00626	0.03838	0.05017	0.02430	0.45833	0.05126	0.26709	0.01405	0.00768	0.00212	0.00343	0.01210	0.00684	0.00639
6	0.01237	0.03756	0.01266	0.04841	0.06050	0.03689	0.00905	0.06975	0.03936	0.04322	0.03013	0.31771	0.10375	0.03513	0.08829	0.00333	0.00671	0.03295	0.00534	0.00689
7	0.01732	0.09500	0.27309	0.01987	0.14473	0.06409	0.03774	0.02256	0.04923	0.13078	0.01635	0.07190	0.01321	0.00764	0.00637	0.00202	0.00802	0.00639	0.00420	0.00949
8	0.01262	0.01189	0.02008	0.71815	0.07854	0.01468	0.01838	0.01698	0.01325	0.01705	0.01173	0.01749	0.00886	0.00655	0.00658	0.00218	0.00873	0.00585	0.00294	0.00746
9	0.00837	0.00613	0.00790	0.00883	0.00973	0.00565	0.00622	0.01006	0.01421	0.01896	0.17601	0.50461	0.12919	0.01861	0.00823	0.00252	0.00373	0.04912	0.00633	0.00558
10	0.03650	0.01529	0.07403	0.37599	0.03242	0.06968	0.06699	0.08408	0.01522	0.01992	0.01406	0.02147	0.01183	0.06605	0.03440	0.00277	0.00901	0.03903	0.00362	0.00765
11	0.05263	0.05672	0.02317	0.02171	0.15875	0.26631	0.09839	0.17199	0.04574	0.02422	0.01275	0.01467	0.01001	0.00670	0.00629	0.00189	0.00924	0.00541	0.00418	0.00922
12	0.00876	0.00715	0.00788	0.00813	0.01019	0.00646	0.00635	0.01153	0.04971	0.01884	0.07956	0.09791	0.51371	0.01664	0.00799	0.00238	0.00392	0.13080	0.00617	0.00590
13	0.81514	0.01273	0.00968	0.00866	0.01273	0.01477	0.00713	0.01935	0.01120	0.02954	0.00917	0.01069	0.00713	0.00611	0.00407	0.00204	0.00509	0.00356	0.00407	0.00713
14	0.01148	0.00864	0.00974	0.00989	0.03685	0.02642	0.00621	0.06208	0.04732	0.01660	0.02278	0.07368	0.05476	0.50525	0.07641	0.00550	0.00711	0.00940	0.00444	0.00544
15	0.10527	0.01885	0.07251	0.02318	0.08599	0.07525	0.36667	0.10425	0.01696	0.02399	0.01343	0.03843	0.01065	0.00652	0.00689	0.00211	0.00945	0.00679	0.00386	0.00894
16	0.00846	0.00683	0.00758	0.00785	0.00965	0.00612	0.00579	0.01094	0.04525	0.01892	0.12222	0.20939	0.45961	0.01691	0.00791	0.00233	0.00359	0.03858	0.00625	0.00581
17	0.81514	0.01273	0.00968	0.00866	0.01273	0.01477	0.00713	0.01935	0.01120	0.02954	0.00917	0.01069	0.00713	0.00611	0.00407	0.00204	0.00509	0.00356	0.00407	0.00713
18	0.02110	0.02037	0.04449	0.01709	0.06428	0.20458	0.05865	0.29816	0.05478	0.02871	0.04315	0.03132	0.01369	0.00776	0.00643	0.00192	0.00822	0.00613	0.05984	0.00933
19	0.01634	0.01605	0.02674	0.07199	0.64035	0.03820	0.05314	0.02028	0.01505	0.02110	0.01233	0.01629	0.01027	0.00591	0.00656	0.00197	0.00815	0.00591	0.00325	0.01012
20	0.00853	0.00627	0.00807	0.00905	0.01004	0.00581	0.00656	0.01030	0.01423	0.01882	0.14743	0.45899	0.14606	0.01861	0.00830	0.00256	0.00393	0.10456	0.00628	0.00561
21	0.02039	0.01537	0.01644	0.01360	0.01790	0.01719	0.01091	0.32841	0.33983	0.05978	0.02156	0.02063	0.01582	0.00836	0.00650	0.00206	0.00597	0.00665	0.06214	0.01049
22	0.01433	0.09691	0.57506	0.01887	0.02766	0.04996	0.08635	0.02102	0.01423	0.02018	0.01165	0.01388	0.00851	0.00616	0.00620	0.00202	0.00972	0.00499	0.00286	0.00944
23	0.00824	0.00589	0.00789	0.00942	0.00990	0.00554	0.00650	0.00955	0.01282	0.01705	0.03616	0.70496	0.04305	0.02041	0.00846	0.00270	0.00401	0.07590	0.00611	0.00541
24	0.00802	0.00573	0.00764	0.00917	0.00955	0.00535	0.00611	0.00917	0.01260	0.01681	0.03628	0.76434	0.04354	0.02062	0.00840	0.00267	0.00382	0.01872	0.00611	0.00535
25	0.00851	0.00670	0.00768	0.00743	0.00934	0.00587	0.00557	0.01085	0.01672	0.02185	0.37724	0.05666	0.41181	0.01515	0.00777	0.00215	0.00323	0.01295	0.00665	0.00587
26	0.00957	0.00640	0.00729	0.00729	0.00732	0.00644	0.00412	0.00964	0.00961	0.01284	0.02064	0.04254	0.02370	0.74596	0.05587	0.00651	0.00674	0.00949	0.00397	0.00405
27	0.02383	0.01749	0.01893	0.01571	0.04901	0.04147	0.01230	0.50253	0.12519	0.09822	0.01792	0.01751	0.01278	0.00795	0.00658	0.00201	0.00698	0.00615	0.00650	0.01094
28	0.02418	0.03059	0.01906	0.01813	0.05571	0.70589	0.01309	0.02598	0.01847	0.01638	0.01029	0.01209	0.00858	0.00674	0.00597	0.00171	0.01167	0.00432	0.00339	0.00777
29	0.02459	0.03138	0.01866	0.01696	0.02035	0.74221	0.01272	0.02629	0.01866	0.01611	0.01018	0.01187	0.00848	0.00678	0.00594	0.00170	0.01187	0.00424	0.00339	0.00763
30	0.01345	0.01147	0.01343	0.00968	0.01533	0.00866	0.00773	0.01638	0.01388	0.02168	0.04463	0.01529	0.01217	0.00527	0.00501	0.00103	0.00479	0.00427	0.00406	0.77178
31	0.06728	0.02867	0.01814	0.01623	0.01984	0.61595	0.01232	0.08507	0.04257	0.01942	0.01116	0.01257	0.00903	0.00692	0.00592	0.00176	0.01088	0.00446	0.00382	0.00801
32	0.00804	0.00590	0.00747	0.00871	0.00936	0.00542	0.00586	0.00922	0.01287	0.01682	0.04045	0.63029	0.14851	0.04631	0.00919	0.00273	0.00383	0.01765	0.00604	0.00533
33	0.01898	0.01884	0.03857	0.06640	0.09367	0.13932	0.08218	0.19911	0.04908	0.02460	0.03029	0.01635	0.01141	0.00813	0.00989	0.00218	0.17177	0.00597	0.00429	0.00899
34	0.00957	0.00638	0.00718	0.00718	0.00718	0.00638	0.00399	0.00957	0.00957	0.01276	0.02074	0.04308	0.02393	0.76864	0.03351	0.00638	0.00638	0.00957	0.00399	0.00399
35	0.05983	0.04653	0.04627	0.16747	0.43298	0.06848	0.01808	0.04601	0.01522	0.02118	0.01191	0.01558	0.00968	0.00616	0.00626	0.00197	0.00815	0.00550	0.00334	0.00939
36	0.03920	0.34675	0.18968	0.01504	0.02118	0.07916	0.05214	0.11876	0.01637	0.02118	0.01100	0.01272	0.00888	0.00642	0.00601	0.00178	0.03672	0.00455	0.00346	0.00901
37	0.01139	0.00773	0.01080	0.01211	0.01377	0.00766	0.01057	0.01441	0.01531	0.04930	0.03449	0.07211	0.03699	0.01777	0.00899	0.00299	0.00604	0.65515	0.00615	0.00628
38	0.01742	0.74192	0.06358	0.01158	0.01738	0.02560	0.01181	0.01976	0.01340	0.01571	0.00926	0.01070	0.00844	0.00566	0.00431	0.00144	0.00715	0.00358	0.00281	0.00850
39	0.00948	0.00662	0.00847	0.00946	0.01036	0.00636	0.00653	0.01205	0.06445	0.04470	0.06473	0.63123	0.06274	0.01889	0.00817	0.00258	0.00394	0.01701	0.00628	0.00598
40	0.00802	0.00573	0.00764	0.00917	0.00955	0.00535	0.00611	0.00917	0.01260	0.01681	0.03628	0.76434	0.04354	0.02062	0.00840	0.00267	0.00382	0.01872	0.00611	0.00535
41	0.14967	0.01105	0.01252	0.01111	0.01435	0.01138	0.00867	0.14060	0.06312	0.19844	0.02505	0.26122	0.02354	0.01213	0.00684	0.00227	0.00522	0.02796	0.00639	0.00845
42	0.00880	0.00680	0.00809	0.00802	0.00985	0.00608	0.00618	0.01129	0.01670	0.02198	0.36760	0.05799	0.34226	0.01535	0.00792	0.00224	0.00353	0.08677	0.00663	0.00592
43	0.01047	0.00748	0.01041	0.01170	0.01322	0.00743	0.01012	0.01351	0.01554	0.02044	0.11084	0.07149	0.04056	0.01766	0.00895	0.00293	0.00574	0.60925	0.00619	0.00608
44	0.01587	0.01521	0.02595	0.11895	0.65236	0.01553	0.01999	0.01983	0.01479	0.02099	0.01231	0.01643	0.01025	0.00594	0.00652	0.00198	0.00793	0.00586	0.00322	0.01008
45	0.00957	0.00638	0.00718	0.00718	0.00718	0.00638	0.00399	0.00957	0.00957	0.01276	0.02074	0.04308	0.02393	0.76864	0.03351	0.00638	0.00638	0.00957	0.00399	0.00399
46	0.00808	0.00665	0.00710	0.00706	0.00909	0.00567	0.00527	0.00999	0.01560	0.01936	0.18840	0.08535	0.57717	0.01621	0.00780	0.00221	0.00331	0.01369	0.00632	0.00567
47	0.01227	0.00614	0.00614	0.00614	0.00767	0.00614	0.00460	0.01534	0.01381	0.02454	0.02148	0.02454	0.01687	0.00767	0.00460	0.00153	0.00307	0.00614	0.80518	0.00614
48	0.01286	0.01214	0.02051	0.67428	0.12055	0.01474	0.01849	0.01719	0.01337	0.01734	0.01178	0.01741	0.00896	0.00650	0.00657	0.00217	0.00867	0.00585	0.00296	0.00766
49	0.01670	0.62184	0.17739	0.01280	0.01926	0.02385	0.01393	0.01994	0.01348	0.01658	0.00970	0.01124	0.00843	0.00576	0.00464	0.00155	0.00759	0.00379	0.00281	0.00871
50	0.00932	0.00673	0.00880	0.00828	0.00984	0.00621	0.00621	0.01242	0.01863	0.02640	0.72410	0.04918	0.06212	0.01346	0.00776	0.00207	0.00311	0.01191	0.00725	0.00621
51	0.01144	0.00572	0.00858	0.00858	0.00858	0.00572	0.00572	0.00858	0.00858	0.01144	0.01144	0.02001	0.01144	0.02287	0.02573	0.80846	0.00572	0.00572	0.00286	0.00286
52	0.01546	0.01478	0.02504	0.12987	0.61217	0.01511	0.01936	0.01935	0.01476	0.02076	0.01445	0.01832	0.03850	0.00638	0.00658	0.00200	0.00777	0.00618	0.00333	0.00984
53	0.01459	0.01608	0.03346	0.02461	0.02988	0.01577	0.55484	0.01923	0.01465	0.02007	0.01536	0.09976	0.01355	0.00784	0.00928	0.00234	0.08804	0.00877	0.00359	0.00831
54	0.00859	0.00638	0.00802	0.00878	0.00992	0.00587	0.00641	0.01044	0.01456	0.01917	0.17774	0.36768	0.19290	0.03649	0.00885	0.00259	0.00392	0.09980	0.00628	0.00562
55	0.00951	0.00664	0.00848	0.00848	0.00893	0.00709	0.00562	0.01041	0.00996	0.01373	0.01955	0.03648	0.02107	0.49280	0.30543	0.00799	0.01070	0.00861	0.00381	0.00471
56	0.71990	0.01514	0.05879	0.00977	0.01419	0.05292	0.00858	0.01982	0.01177	0.02825	0.00940	0.01097	0.00728	0.00616	0.00432	0.00202	0.00576	0.00369	0.00395	0.00733
57	0.01619	0.01553	0.02653	0.05975	0.70905	0.01561	0.02015	0.02011	0.01494	0.02138	0.01236	0.01633	0.01038	0.00589	0.00652	0.00196	0.00785	0.00587	0.00325	0.01034
58	0.01547	0.01754	0.03794	0.02710	0.03373	0.01636	0.67857	0.02092	0.01547	0.02110	0.01326	0.01761	0.00998	0.00553	0.00766	0.00217	0.01087	0.00763	0.00335	0.03773
59	0.00786	0.00667	0.00678	0.00675	0.00894	0.00559	0.00507	0.00960	0.01520	0.01824	0.10114	0.06261	0.69017	0.01650	0.00778	0.00222	0.00332	0.01379	0.00617	0.00559
60	0.01788	0.74326	0.03387	0.01149	0.01703	0.05440	0.01132	0.01997	0.01359	0.01551	0.00919	0.01061	0.00845	0.00568	0.00429	0.00142	0.00723	0.00355	0.00284	0.00842
61	0.02459	0.03138	0.01866	0.01696	0.02035	0.74221	0.01272	0.02629	0.01866	0.01611	0.01018	0.01187	0.00848	0.00678	0.00594	0.00170	0.01187	0.00424	0.00339	0.00763
62	0.00802	0.00573	0.00764	0.00917	0.00955	0.00535	0.00611	0.00917	0.01260	0.01681	0.03628	0.76434	0.04354	0.02062	0.00840	0.00267	0.00382	0.01872	0.00611	0.00535
63	0.01629	0.01564	0.02672	0.04041	0.72757	0.01564	0.02020	0.02020	0.01499	0.02151	0.01238	0.01629	0.01043	0.00587	0.00652	0.00196	0.00782	0.00587	0.00326	0.01043
64	0.01637	0.01414	0.01489	0.01340	0.01712	0.01637	0.01042	0.03498	0.71568	0.02754	0.02679	0.02456	0.02010	0.00893	0.00670	0.00223	0.00521	0.00744	0.00670	0.01042
65	0.02459	0.03138	0.01866	0.01696	0.02035	0.74221	0.01272	0.02629	0.01866	0.01611	0.01018	0.01187	0.00848	0.00678	0.00594	0.00170	0.01187	0.00424	0.00339	0.00763
66	0.01440	0.01440	0.02016	0.01728	0.01728	0.02016	0.01440	0.01584	0.01008	0.01584	0.00864	0.01440	0.00864	0.01152	0.02160	0.00288	0.75659	0.00576	0.00288	0.00720
67	0.01243	0.01170	0.01975	0.75282	0.04534	0.01463	0.01828	0.01682	0.01316	0.01682	0.01170	0.01755	0.00878	0.00658	0.00658	0.00219	0.00878	0.00585	0.00293	0.00731
68	0.81514	0.01273	0.00968	0.00866	0.01273	0.01477	0.00713	0.01935	0.01120	0.02954	0.00917	0.01069	0.00713	0.00611	0.00407	0.00204	0.00509	0.00356	0.00407	0.00713
69	0.01560	0.01332	0.01421	0.01283	0.01632	0.01525	0.00996	0.03249	0.63883	0.02741	0.10367	0.02728	0.02473	0.00943	0.00682	0.00221	0.00498	0.00793	0.00676	0.00996
70	0.00957	0.00638	0.00718	0.00718	0.00718	0.00638	0.00399	0.00957	0.00957	0.01276	0.02074	0.04308	0.02393	0.76864	0.03351	0.00638	0.00638	0.00957	0.00399	0.00399
71	0.00940	0.00705	0.01058	0.01058	0.01176	0.00823	0.00823	0.01176	0.01058	0.01528	0.01763	0.02586	0.01646	0.04937	0.74255	0.01058	0.01763	0.00705	0.00353	0.00588
72	0.00802	0.00573	0.00764	0.00917	0.00955	0.00535	0.00611	0.00917	0.01260	0.01681	0.03628	0.76434	0.04354	0.02062	0.00840	0.00267	0.00382	0.01872	0.00611	0.00535
73	0.00873	0.00625	0.00720	0.00765	0.00825	0.00590	0.00483	0.00943	0.01165	0.01504	0.03533	0.25832	0.18285	0.38568	0.02055	0.00439	0.00497	0.01319	0.00507	0.00473
74	0.01760	0.77260	0.03450	0.01126	0.01690	0.02605	0.01126	0.01971	0.01338	0.01549	0.00915	0.01056	0.00845	0.00563	0.00422	0.00141	0.00704	0.00352	0.00282	0.00845
75	0.00989	0.00788	0.01073	0.01074	0.01196	0.03499	0.00829	0.01216	0.01098	0.01539	0.01829	0.06227	0.01752	0.04638	0.67884	0.00986	0.01673	0.00753	0.00365	0.00592
76	0.01787	0.41867	0.22124	0.01441	0.02076	0.14402	0.01510	0.04675	0.01507	0.01802	0.01030	0.01188	0.00853	0.00608	0.00515	0.00166	0.00859	0.00410	0.00304	0.00876
77	0.00936	0.00689	0.00993	0.01000	0.01096	0.00781	0.00749	0.01130	0.01053	0.01498	0.01901	0.06438	0.01890	0.15574	0.60059	0.00957	0.01528	0.00800	0.00372	0.00557
78	0.01579	0.01473	0.05156	0.21508	0.21936	0.01409	0.16609	0.02003	0.01485	0.08843	0.01532	0.01866	0.03251	0.00646	0.00670	0.00201	0.00824	0.00639	0.00379	0.07991
79	0.01312	0.01113	0.01308	0.00970	0.01503	0.00845	0.00764	0.01587	0.01355	0.02101	0.01403	0.08488	0.01296	0.00637	0.00521	0.00114	0.00478	0.00531	0.00411	0.73264
80	0.00790	0.00663	0.00687	0.00691	0.00899	0.00559	0.00514	0.00965	0.01515	0.01836	0.11242	0.09645	0.64415	0.01663	0.00781	0.00223	0.00334	0.01399	0.00619	0.00559
81	0.01478	0.01928	0.14052	0.12853	0.06094	0.01612	0.47970	0.02042	0.01494	0.02047	0.01283	0.01709	0.00959	0.00581	0.00733	0.00219	0.01044	0.00699	0.00319	0.00885
82	0.05941	0.15785	0.07468	0.01419	0.01915	0.15579	0.01244	0.21357	0.07791	0.05121	0.01363	0.01448	0.01050	0.00710	0.00638	0.00182	0.03744	0.00498	0.00463	0.06285
83	0.00961	0.00646	0.00750	0.00769	0.00784	0.00645	0.00465	0.00992	0.01018	0.01353	0.02256	0.07227	0.02588	0.67499	0.03043	0.00595	0.00626	0.06936	0.00425	0.00422
84	0.04620	0.01305	0.01544	0.01216	0.01674	0.01310	0.00994	0.24408	0.05687	0.36459	0.05092	0.02140	0.01657	0.00823	0.00641	0.00198	0.00576	0.00653	0.07963	0.01039
85	0.00810	0.00599	0.00757	0.00863	0.00945	0.00546	0.00592	0.00952	0.01360	0.01786	0.10481	0.57049	0.17003	0.01925	0.00823	0.00254	0.00367	0.01721	0.00622	0.00546
86	0.03872	0.37202	0.28645	0.01466	0.02152	0.08307	0.01611	0.06366	0.01506	0.01950	0.01063	0.01222	0.00855	0.00611	0.00525	0.00173	0.00839	0.00422	0.00312	0.00898
87	0.16794	0.21217	0.27314	0.01366	0.02016	0.01768	0.01480	0.07126	0.04690	0.02289	0.01244	0.03810	0.01014	0.00673	0.00537	0.00187	0.00733	0.00489	0.00367	0.04886
88	0.05077	0.33842	0.19876	0.01522	0.02143	0.13347	0.06160	0.05579	0.03394	0.01946	0.01104	0.01270	0.00892	0.00618	0.00540	0.00175	0.00860	0.00447	0.00328	0.00879
89	0.01934	0.01527	0.11625	0.01366	0.04346	0.02911	0.01183	0.12051	0.07717	0.23537	0.09765	0.04967	0.07229	0.00959	0.00684	0.00208	0.00613	0.03140	0.00624	0.03614

[dist]
# distance from previous block
# <min> <max>
0	11

[block]
# block no. 3 follows, 33 sequences, length 29
# corresponding to MSA columns:
# 254-282
name=unknown_D
#
# <colnr> <probs for GDERKNQSTAVLIFYWHMCP>
#	G	D	E	R	K	N	Q	S	T	A	V	L	I	F	Y	W	H	M	C	P
0	0.01626	0.05695	0.35611	0.02117	0.16149	0.04314	0.04029	0.04975	0.01553	0.09361	0.01639	0.04861	0.03680	0.00739	0.00645	0.00204	0.00836	0.00620	0.00388	0.00958
1	0.01435	0.01723	0.14350	0.10780	0.38438	0.01431	0.06762	0.01891	0.01477	0.02095	0.06637	0.02087	0.01486	0.00852	0.03302	0.00237	0.00842	0.02898	0.00355	0.00924
2	0.01230	0.02910	0.60736	0.01708	0.02518	0.01355	0.02114	0.01880	0.01367	0.02014	0.01610	0.14519	0.01450	0.00877	0.00663	0.00219	0.00870	0.00729	0.00336	0.00896
3	0.00920	0.00723	0.01034	0.01163	0.04132	0.00714	0.03372	0.01134	0.04083	0.01756	0.03311	0.64992	0.03877	0.01866	0.00867	0.00262	0.02932	0.01688	0.00580	0.00596
4	0.01894	0.07293	0.06727	0.07136	0.27199	0.01636	0.08465	0.12045	0.06749	0.12054	0.01552	0.01730	0.01160	0.00670	0.00650	0.00200	0.00770	0.00604	0.00457	0.01010
5	0.01025	0.00752	0.00970	0.01053	0.01191	0.00746	0.00824	0.04347	0.04802	0.02049	0.10400	0.33533	0.07217	0.01771	0.00841	0.00267	0.00478	0.26487	0.00625	0.00621
6	0.01037	0.00695	0.00874	0.00829	0.01013	0.00625	0.00621	0.01296	0.01735	0.07556	0.47586	0.11717	0.19056	0.01439	0.00774	0.00216	0.00340	0.01256	0.00698	0.00637
7	0.01681	0.05682	0.39576	0.02250	0.18028	0.01540	0.04758	0.05419	0.01561	0.11286	0.01389	0.01562	0.01002	0.00643	0.00635	0.00202	0.00861	0.00542	0.00377	0.01005
8	0.01365	0.01170	0.01365	0.00975	0.01560	0.00878	0.00780	0.01658	0.01365	0.02145	0.01170	0.01365	0.00975	0.00488	0.00488	0.00098	0.00488	0.00390	0.00390	0.80888
9	0.00950	0.00666	0.00859	0.00859	0.00908	0.00715	0.00575	0.01048	0.00999	0.01381	0.01945	0.03592	0.02082	0.46949	0.32840	0.00813	0.01106	0.00853	0.00380	0.00477
10	0.00814	0.00589	0.00757	0.00879	0.00936	0.00546	0.00589	0.00935	0.01289	0.01705	0.06622	0.62963	0.10465	0.06377	0.00979	0.00283	0.00390	0.01747	0.00603	0.00532
11	0.01409	0.07007	0.48314	0.02041	0.02856	0.01652	0.18616	0.02053	0.01402	0.02029	0.01183	0.01467	0.00876	0.00638	0.00748	0.00213	0.05721	0.00554	0.00292	0.00929
12	0.00828	0.00647	0.00726	0.00746	0.00897	0.00572	0.00529	0.00989	0.01452	0.01842	0.16218	0.19174	0.40854	0.10244	0.01082	0.00276	0.00374	0.01400	0.00605	0.00545
13	0.01427	0.01180	0.01376	0.00999	0.01571	0.00917	0.00798	0.01794	0.04747	0.04368	0.01287	0.01444	0.01045	0.00517	0.00502	0.00107	0.00491	0.00415	0.00417	0.74599
14	0.03802	0.00681	0.00814	0.00806	0.00968	0.00647	0.00601	0.01349	0.01574	0.05447	0.30545	0.17459	0.08577	0.01318	0.00695	0.00208	0.00350	0.02837	0.20699	0.00624
15	0.81514	0.01273	0.00968	0.00866	0.01273	0.01477	0.00713	0.01935	0.01120	0.02954	0.00917	0.01069	0.00713	0.00611	0.00407	0.00204	0.00509	0.00356	0.00407	0.00713
16	0.00842	0.00662	0.00761	0.00752	0.00933	0.00581	0.00558	0.01063	0.01629	0.02120	0.33102	0.11165	0.40351	0.01567	0.00782	0.00220	0.00328	0.01346	0.00657	0.00581
17	0.00779	0.00662	0.00672	0.00681	0.00893	0.00555	0.00506	0.00943	0.01487	0.01773	0.06500	0.10243	0.68692	0.01689	0.00782	0.00225	0.00336	0.01416	0.00611	0.00555
18	0.01637	0.01524	0.02400	0.22665	0.32272	0.03246	0.08200	0.10981	0.04472	0.02289	0.01382	0.01838	0.01106	0.00675	0.00672	0.00208	0.00826	0.02289	0.00382	0.00937
19	0.81514	0.01273	0.00968	0.00866	0.01273	0.01477	0.00713	0.01935	0.01120	0.02954	0.00917	0.01069	0.00713	0.00611	0.00407	0.00204	0.00509	0.00356	0.00407	0.00713
20	0.00899	0.00672	0.00834	0.00793	0.00963	0.00607	0.00595	0.01178	0.01785	0.02454	0.58246	0.05223	0.20492	0.01415	0.00777	0.00210	0.00316	0.01233	0.00700	0.00607
21	0.00802	0.00573	0.00764	0.00917	0.00955	0.00535	0.00611	0.00917	0.01260	0.01681	0.03628	0.76434	0.04354	0.02062	0.00840	0.00267	0.00382	0.01872	0.00611	0.00535
22	0.02298	0.04705	0.07285	0.01331	0.01820	0.01448	0.01162	0.19687	0.11214	0.30884	0.05196	0.03820	0.01695	0.00858	0.00712	0.00207	0.03299	0.00677	0.00665	0.01037
23	0.02523	0.01812	0.01956	0.01499	0.02025	0.01994	0.01239	0.67556	0.03041	0.07231	0.01626	0.01610	0.01142	0.00791	0.00659	0.00198	0.00717	0.00596	0.00666	0.01120
24	0.00808	0.00580	0.00757	0.00896	0.00941	0.00540	0.00596	0.00920	0.01259	0.01668	0.03706	0.69913	0.07535	0.05322	0.00947	0.00281	0.00391	0.01808	0.00602	0.00530
25	0.81514	0.01273	0.00968	0.00866	0.01273	0.01477	0.00713	0.01935	0.01120	0.02954	0.00917	0.01069	0.00713	0.00611	0.00407	0.00204	0.00509	0.00356	0.00407	0.00713
26	0.00986	0.00743	0.01018	0.00987	0.01066	0.00844	0.00727	0.01156	0.01131	0.01607	0.11040	0.03288	0.02393	0.24683	0.38351	0.00762	0.07431	0.00830	0.00409	0.00549
27	0.06848	0.01767	0.08182	0.04683	0.13808	0.08563	0.06648	0.13291	0.01732	0.05827	0.01330	0.01597	0.01046	0.03174	0.00693	0.00191	0.00759	0.00535	0.00422	0.18904
28	0.10632	0.02042	0.20480	0.01719	0.08816	0.05532	0.04053	0.16792	0.01782	0.05765	0.01447	0.05897	0.01170	0.00733	0.00613	0.00193	0.00755	0.00590	0.00442	0.10546

[dist]
# distance from previous block
# <min> <max>
0	2

[block]
# block no. 4 follows, 33 sequences, length 14
# corresponding to MSA columns:
# 285-298
name=unknown_E
#
# <colnr> <probs for GDERKNQSTAVLIFYWHMCP>
#	G	D	E	R	K	N	Q	S	T	A	V	L	I	F	Y	W	H	M	C	P
0	0.01704	0.13847	0.28860	0.01810	0.05452	0.05146	0.11914	0.02292	0.06016	0.11149	0.04524	0.01727	0.01280	0.00679	0.00631	0.00198	0.00844	0.00580	0.00405	0.00942
1	0.00932	0.00688	0.00874	0.00845	0.01000	0.00644	0.00627	0.01267	0.04260	0.02480	0.57893	0.12599	0.10555	0.01429	0.00780	0.00215	0.00327	0.01262	0.00703	0.00622
2	0.01501	0.03512	0.01395	0.01113	0.01456	0.01177	0.04083	0.21362	0.05233	0.05743	0.14472	0.06962	0.26864	0.01222	0.00725	0.00211	0.00511	0.01027	0.00631	0.00799
3	0.01133	0.00631	0.00679	0.00667	0.00825	0.00612	0.00500	0.01433	0.01501	0.02462	0.19011	0.03247	0.06591	0.00953	0.00552	0.00170	0.00309	0.00792	0.57319	0.00612
4	0.05179	0.01346	0.03009	0.01383	0.04647	0.06957	0.03138	0.14113	0.14178	0.02464	0.04863	0.23021	0.05023	0.01254	0.00725	0.00230	0.00604	0.06484	0.00574	0.00807
5	0.02311	0.01020	0.01330	0.01073	0.01452	0.00929	0.00846	0.04990	0.04045	0.47766	0.12352	0.02911	0.02385	0.12249	0.01080	0.00269	0.00541	0.00781	0.00730	0.00939
6	0.02102	0.01645	0.01750	0.01434	0.01889	0.01855	0.01154	0.39519	0.34791	0.03503	0.02089	0.01986	0.01532	0.00838	0.00664	0.00209	0.00630	0.00663	0.00664	0.01084
7	0.00924	0.00659	0.00839	0.00852	0.00914	0.00689	0.00576	0.01031	0.01061	0.01439	0.02452	0.09769	0.07798	0.39132	0.28262	0.00725	0.00995	0.00976	0.00416	0.00490
8	0.01020	0.00730	0.00889	0.00831	0.01030	0.00674	0.00629	0.01375	0.05477	0.05501	0.49734	0.05015	0.21863	0.01377	0.00766	0.00211	0.00338	0.01192	0.00698	0.00649
9	0.01730	0.63243	0.13365	0.01260	0.01871	0.05812	0.01320	0.02018	0.01370	0.01628	0.00958	0.01110	0.00843	0.00578	0.00459	0.00152	0.00765	0.00375	0.00284	0.00859
10	0.01235	0.01178	0.01556	0.26445	0.12697	0.07066	0.01268	0.01534	0.01451	0.01845	0.07240	0.13585	0.14705	0.01075	0.00701	0.00213	0.00664	0.00936	0.00438	0.04167
11	0.01495	0.01166	0.01378	0.00991	0.01570	0.00885	0.00795	0.01785	0.01408	0.07975	0.01287	0.01437	0.01029	0.00514	0.00502	0.00106	0.00494	0.00412	0.00425	0.74345
12	0.01738	0.17195	0.25123	0.03565	0.12037	0.07201	0.01674	0.05448	0.09153	0.07102	0.01404	0.01534	0.01067	0.00660	0.00593	0.00189	0.00808	0.00515	0.00390	0.02605
13	0.07605	0.32270	0.20101	0.01420	0.02045	0.08790	0.01456	0.15186	0.01720	0.02286	0.01118	0.01252	0.00886	0.00636	0.00532	0.00176	0.00805	0.00438	0.00367	0.00912

[dist]
# distance from previous block
# <min> <max>
2	4

[block]
# block no. 5 follows, 33 sequences, length 16
# corresponding to MSA columns:
# 303-318
name=unknown_F
#
# <colnr> <probs for GDERKNQSTAVLIFYWHMCP>
#	G	D	E	R	K	N	Q	S	T	A	V	L	I	F	Y	W	H	M	C	P
0	0.01487	0.05174	0.02027	0.07307	0.22601	0.01372	0.06566	0.10771	0.01660	0.02278	0.07801	0.07387	0.06663	0.04295	0.00827	0.00218	0.02519	0.00782	0.00446	0.07819
1	0.13797	0.01409	0.01490	0.10217	0.01944	0.06776	0.01076	0.10166	0.16926	0.05563	0.01943	0.04782	0.05029	0.01028	0.03800	0.00243	0.05345	0.00656	0.00500	0.07310
2	0.13957	0.01369	0.01788	0.01467	0.01875	0.04077	0.14187	0.10445	0.12485	0.08505	0.04233	0.04728	0.07520	0.00979	0.00691	0.00224	0.00671	0.09397	0.00551	0.00849
3	0.01244	0.00980	0.00960	0.00900	0.00994	0.06440	0.00579	0.06880	0.06067	0.01636	0.01995	0.03722	0.02146	0.59666	0.02738	0.00538	0.00679	0.00872	0.00434	0.00529
4	0.03692	0.01388	0.01539	0.01155	0.01692	0.02954	0.00934	0.17955	0.03597	0.06253	0.01360	0.01479	0.01057	0.00611	0.00586	0.00139	0.02532	0.00465	0.00478	0.50135
5	0.01499	0.01385	0.02308	0.17450	0.49081	0.01421	0.01787	0.01841	0.01405	0.01982	0.01213	0.01664	0.01014	0.00724	0.00788	0.06353	0.00764	0.00572	0.00321	0.06429
6	0.63755	0.01239	0.01094	0.00935	0.01365	0.01362	0.00771	0.02223	0.01293	0.18836	0.01297	0.01334	0.00920	0.00657	0.00465	0.00204	0.00521	0.00426	0.00500	0.00805
7	0.00874	0.00664	0.00804	0.00784	0.00952	0.00594	0.00582	0.01124	0.01704	0.02297	0.46581	0.10693	0.26946	0.01500	0.00782	0.00216	0.00323	0.01304	0.00681	0.00594
8	0.02354	0.02024	0.01847	0.01485	0.01947	0.17264	0.01195	0.50501	0.02705	0.03418	0.01872	0.01881	0.06825	0.00837	0.00654	0.00194	0.00791	0.00621	0.00587	0.00998
9	0.00957	0.00638	0.00718	0.00718	0.00718	0.00638	0.00399	0.00957	0.00957	0.01276	0.02074	0.04308	0.02393	0.76864	0.03351	0.00638	0.00638	0.00957	0.00399	0.00399
10	0.01964	0.02312	0.01939	0.01712	0.01886	0.39102	0.01354	0.02121	0.01449	0.01598	0.00943	0.01310	0.00856	0.00909	0.01356	0.00227	0.37409	0.00498	0.00314	0.00742
11	0.00906	0.00672	0.00844	0.00801	0.00968	0.00610	0.00601	0.01192	0.01802	0.02494	0.61304	0.05157	0.17408	0.01400	0.00777	0.00210	0.00314	0.01224	0.00706	0.00610
12	0.01514	0.01704	0.03647	0.02637	0.03240	0.01632	0.63663	0.02028	0.01512	0.02062	0.01411	0.05121	0.01143	0.00654	0.00851	0.00227	0.04928	0.00816	0.00343	0.00863
13	0.00888	0.00671	0.00819	0.00782	0.00956	0.00602	0.00586	0.01157	0.01759	0.02393	0.53554	0.05324	0.25222	0.01438	0.00777	0.00211	0.00317	0.01248	0.00692	0.00602
14	0.01983	0.01715	0.01473	0.01317	0.01649	0.23270	0.01009	0.02678	0.22326	0.16006	0.10188	0.09293	0.02283	0.00975	0.00673	0.00206	0.00693	0.00788	0.00599	0.00877
15	0.06593	0.01503	0.01719	0.05150	0.05885	0.12953	0.08267	0.08461	0.05318	0.04222	0.13419	0.04923	0.02337	0.00958	0.00688	0.00208	0.00711	0.09262	0.00508	0.06914

[dist]
# distance from previous block
# <min> <max>
0	24

# created by:
# /home/berkeley/.conda/envs/busco_data_prod/bin/msa2prfl.pl pipeline/OGs_align_augustus/4893/4956.fs
