[name]
unknown

[dist]
# distance from previous block
# <min> <max>
0	1

[block]
# block no. 0 follows, 34 sequences, length 153
# corresponding to MSA columns:
# 1-153
name=unknown_A
#
# <colnr> <probs for GDERKNQSTAVLIFYWHMCP>
#	G	D	E	R	K	N	Q	S	T	A	V	L	I	F	Y	W	H	M	C	P
0	0.01363	0.00805	0.01121	0.01183	0.01392	0.00779	0.01025	0.01652	0.01550	0.14358	0.03270	0.06407	0.03352	0.01614	0.00850	0.00281	0.00587	0.57096	0.00630	0.00682
1	0.27415	0.01253	0.01576	0.01237	0.01714	0.01248	0.08009	0.05054	0.05408	0.37951	0.01875	0.01781	0.01257	0.00714	0.00583	0.00203	0.00593	0.00569	0.00613	0.00947
2	0.01424	0.00808	0.01017	0.00925	0.01172	0.00745	0.00706	0.01772	0.06842	0.20354	0.27769	0.16458	0.14750	0.01325	0.00737	0.00216	0.00398	0.01149	0.00693	0.00740
3	0.00806	0.00581	0.00733	0.00846	0.00897	0.00541	0.00559	0.00908	0.01220	0.01604	0.03664	0.59066	0.11335	0.12619	0.01166	0.00309	0.00405	0.01660	0.00570	0.00508
4	0.02405	0.01958	0.01899	0.01501	0.01985	0.11769	0.01220	0.58235	0.06596	0.03663	0.01535	0.01546	0.01110	0.00766	0.00638	0.00192	0.00761	0.00567	0.00605	0.01048
5	0.02342	0.01724	0.01898	0.01478	0.01944	0.01933	0.01219	0.60704	0.04369	0.06073	0.01560	0.01602	0.01127	0.00890	0.02307	0.00219	0.06346	0.00588	0.00618	0.01057
6	0.01071	0.00841	0.01046	0.00949	0.01159	0.00833	0.02959	0.04121	0.12191	0.02413	0.41439	0.06937	0.14173	0.05904	0.00898	0.00236	0.00402	0.01105	0.00649	0.00673
7	0.02320	0.02824	0.01792	0.01615	0.01960	0.62862	0.01221	0.05663	0.10221	0.01823	0.01216	0.01330	0.00979	0.00696	0.00594	0.00174	0.01068	0.00461	0.00385	0.00797
8	0.13656	0.00788	0.00876	0.00825	0.01043	0.00770	0.00628	0.01404	0.03910	0.05546	0.38416	0.09213	0.18007	0.01281	0.00702	0.00210	0.00362	0.01087	0.00635	0.00640
9	0.01173	0.00847	0.00984	0.00980	0.01181	0.00855	0.00720	0.01771	0.20323	0.07684	0.05925	0.35062	0.16890	0.01523	0.00752	0.00235	0.00414	0.01334	0.00634	0.00710
10	0.00921	0.00656	0.00878	0.00888	0.00949	0.00713	0.00618	0.01047	0.01009	0.01405	0.01978	0.08028	0.02097	0.35406	0.39671	0.00814	0.01175	0.00871	0.00382	0.00495
11	0.01071	0.00654	0.00799	0.00812	0.00887	0.00621	0.00524	0.01150	0.01179	0.08440	0.05380	0.27379	0.06144	0.39707	0.02042	0.00435	0.00514	0.01226	0.00518	0.00517
12	0.01220	0.01148	0.01938	0.75739	0.04450	0.01436	0.01794	0.01651	0.01292	0.01651	0.01148	0.01723	0.00861	0.00646	0.00646	0.00215	0.00861	0.00574	0.00287	0.00718
13	0.00895	0.00695	0.00803	0.00762	0.00957	0.00626	0.00575	0.03367	0.01705	0.02250	0.40047	0.05360	0.36720	0.01448	0.00759	0.00210	0.00328	0.01239	0.00658	0.00596
14	0.21019	0.01113	0.01279	0.01050	0.01459	0.01104	0.00852	0.04967	0.07522	0.37190	0.13549	0.02350	0.02131	0.00843	0.00610	0.00202	0.00501	0.00668	0.00674	0.00920
15	0.00955	0.00656	0.00769	0.00772	0.00801	0.00670	0.00473	0.01046	0.03096	0.01376	0.03664	0.06495	0.02456	0.62896	0.09016	0.00619	0.00700	0.02685	0.00415	0.00440
16	0.00787	0.00562	0.00750	0.00900	0.00937	0.00525	0.00600	0.00900	0.01237	0.01649	0.03561	0.76871	0.04274	0.02024	0.00825	0.00262	0.00375	0.01837	0.00600	0.00525
17	0.01180	0.00788	0.00920	0.00900	0.01014	0.00798	0.00613	0.11264	0.01410	0.04121	0.02558	0.30959	0.02826	0.31026	0.01731	0.00386	0.00523	0.01196	0.05210	0.00579
18	0.09162	0.01286	0.01351	0.01188	0.01526	0.01445	0.00915	0.09445	0.43920	0.07111	0.02272	0.02454	0.01801	0.12063	0.01018	0.00274	0.00549	0.00706	0.00602	0.00912
19	0.00778	0.00599	0.00712	0.00802	0.00911	0.00533	0.00556	0.00911	0.01331	0.01688	0.04756	0.48595	0.31778	0.01869	0.00800	0.00245	0.00356	0.01647	0.00600	0.00533
20	0.04966	0.01312	0.01613	0.01240	0.01742	0.01272	0.01024	0.23021	0.02177	0.51340	0.02211	0.01977	0.01428	0.00787	0.00642	0.00198	0.00596	0.00621	0.00744	0.01088
21	0.00935	0.00645	0.00797	0.00797	0.00829	0.00677	0.00507	0.00999	0.00967	0.01321	0.01951	0.03760	0.02146	0.57208	0.23095	0.00741	0.00933	0.00871	0.00379	0.00443
22	0.01210	0.00686	0.00838	0.00812	0.00902	0.00662	0.00527	0.01285	0.01143	0.12016	0.02368	0.16459	0.02523	0.47635	0.04951	0.00498	0.00600	0.01033	0.03318	0.00533
23	0.01460	0.00877	0.00913	0.00810	0.01045	0.00915	0.00633	0.17071	0.01753	0.02767	0.04728	0.02425	0.03938	0.00807	0.00517	0.00164	0.00394	0.00642	0.57429	0.00712
24	0.00882	0.00623	0.00755	0.00775	0.00845	0.00591	0.00509	0.01007	0.01301	0.01758	0.22380	0.21354	0.10051	0.32238	0.01799	0.00389	0.00453	0.01248	0.00546	0.00496
25	0.01608	0.01480	0.02442	0.03590	0.63873	0.01485	0.01835	0.02070	0.05937	0.04301	0.01544	0.01841	0.03793	0.00641	0.00646	0.00195	0.00728	0.00617	0.00366	0.01008
26	0.01962	0.52205	0.02855	0.01296	0.01774	0.27192	0.01154	0.02155	0.01490	0.01541	0.00933	0.01080	0.00830	0.00591	0.00472	0.00148	0.00853	0.00370	0.00296	0.00802
27	0.00899	0.00660	0.00842	0.00796	0.00956	0.00603	0.00597	0.01189	0.01792	0.02503	0.66002	0.04972	0.13070	0.01354	0.00762	0.00205	0.00307	0.01189	0.00700	0.00603
28	0.02223	0.05051	0.07225	0.01605	0.02012	0.52245	0.01302	0.08819	0.09803	0.01966	0.01241	0.01351	0.00984	0.00692	0.00594	0.00177	0.01020	0.00469	0.00392	0.00829
29	0.01827	0.01224	0.01431	0.01264	0.04195	0.01260	0.00964	0.30740	0.02188	0.12710	0.10652	0.13297	0.11103	0.01144	0.00706	0.00211	0.00548	0.03010	0.00649	0.00877
30	0.00791	0.00656	0.00695	0.00702	0.00904	0.00560	0.00530	0.00973	0.01500	0.01833	0.12806	0.08679	0.60949	0.01626	0.00771	0.00222	0.00338	0.04301	0.00611	0.00553
31	0.00791	0.00568	0.00745	0.00885	0.00928	0.00529	0.00590	0.00902	0.01237	0.01641	0.03624	0.72172	0.06697	0.04237	0.00895	0.00272	0.00381	0.01793	0.00594	0.00522
32	0.10349	0.09511	0.20335	0.01775	0.02388	0.15134	0.16724	0.12255	0.01698	0.02305	0.01168	0.01374	0.00886	0.00625	0.00604	0.00192	0.00914	0.00518	0.00364	0.00881
33	0.02253	0.02762	0.01859	0.01663	0.01949	0.60186	0.01274	0.04977	0.01740	0.01670	0.00995	0.01220	0.00845	0.00745	0.00834	0.00186	0.13302	0.00447	0.00337	0.00755
34	0.02209	0.01728	0.01789	0.01414	0.01898	0.09001	0.02781	0.37902	0.12959	0.09706	0.01696	0.01680	0.01230	0.00741	0.00625	0.00184	0.00693	0.00574	0.00592	0.10596
35	0.01110	0.00817	0.01064	0.01023	0.01164	0.00908	0.00765	0.09229	0.03514	0.01805	0.01987	0.10564	0.01981	0.17193	0.43002	0.00758	0.01230	0.00847	0.00426	0.00612
36	0.00913	0.00642	0.00780	0.00781	0.00858	0.00619	0.00525	0.01049	0.01307	0.01775	0.24738	0.09531	0.08966	0.37034	0.04142	0.00435	0.00518	0.04360	0.00530	0.00496
37	0.00933	0.03468	0.03663	0.00989	0.01146	0.00698	0.03011	0.01113	0.01333	0.03570	0.05409	0.51007	0.13543	0.01754	0.00790	0.00247	0.00440	0.05724	0.00575	0.00587
38	0.00905	0.00685	0.00838	0.00846	0.01007	0.00638	0.00646	0.01193	0.03903	0.02139	0.33832	0.11772	0.23228	0.04363	0.00878	0.00243	0.00379	0.11276	0.00641	0.00588
39	0.00834	0.00582	0.00736	0.00839	0.00865	0.00556	0.00535	0.00912	0.01145	0.01527	0.03089	0.54362	0.03677	0.25346	0.01588	0.00375	0.00453	0.01559	0.00535	0.00484
40	0.01887	0.01417	0.01537	0.01321	0.01725	0.01589	0.01045	0.13524	0.53467	0.11294	0.02459	0.02257	0.01798	0.00852	0.00655	0.00213	0.00546	0.00699	0.00673	0.01043
41	0.01499	0.04213	0.06122	0.07962	0.07361	0.03795	0.45476	0.01965	0.01461	0.01978	0.03749	0.01755	0.01127	0.00643	0.00849	0.00217	0.07957	0.00698	0.00329	0.00843
42	0.02861	0.01161	0.01538	0.01179	0.01680	0.01041	0.00974	0.09035	0.01952	0.67677	0.02463	0.02143	0.01556	0.00798	0.00649	0.00199	0.00564	0.00644	0.00786	0.01100
43	0.01034	0.00738	0.01033	0.01181	0.01327	0.00737	0.01028	0.01326	0.01480	0.01925	0.03425	0.09346	0.03735	0.01792	0.00890	0.00296	0.00588	0.66929	0.00595	0.00593
44	0.02131	0.16141	0.04502	0.03406	0.02018	0.42371	0.03372	0.08345	0.01755	0.03696	0.01113	0.01300	0.00911	0.00826	0.03474	0.00205	0.02817	0.00455	0.00358	0.00805
45	0.00787	0.00562	0.00750	0.00900	0.00937	0.00525	0.00600	0.00900	0.01237	0.01649	0.03561	0.76871	0.04274	0.02024	0.00825	0.00262	0.00375	0.01837	0.00600	0.00525
46	0.01340	0.01148	0.01340	0.00957	0.01531	0.00861	0.00766	0.01627	0.01340	0.02105	0.01148	0.01340	0.00957	0.00479	0.00479	0.00096	0.00479	0.00383	0.00383	0.81242
47	0.06910	0.01547	0.13942	0.01463	0.02009	0.01168	0.10612	0.04732	0.01683	0.36141	0.04638	0.02480	0.01675	0.00833	0.00671	0.00212	0.00689	0.07044	0.00596	0.00955
48	0.00786	0.00566	0.00746	0.00891	0.00935	0.00526	0.00596	0.00901	0.01246	0.01653	0.03671	0.74271	0.06802	0.02010	0.00822	0.00261	0.00373	0.01819	0.00600	0.00526
49	0.01757	0.01519	0.01878	0.01544	0.01920	0.08747	0.12480	0.06616	0.28339	0.09910	0.07910	0.05016	0.01950	0.00886	0.00790	0.00215	0.06303	0.00753	0.00560	0.00907
50	0.00880	0.00655	0.00840	0.00953	0.01078	0.00615	0.00745	0.01077	0.01391	0.01783	0.04228	0.32746	0.20674	0.01837	0.00836	0.00265	0.00449	0.27791	0.00598	0.00557
51	0.02216	0.01718	0.01766	0.01358	0.01873	0.07556	0.01106	0.45544	0.02477	0.07275	0.01468	0.01507	0.01072	0.00699	0.00602	0.00169	0.00684	0.00526	0.00568	0.19816
52	0.01650	0.01446	0.02433	0.17799	0.13001	0.01438	0.21124	0.10013	0.01637	0.07525	0.01354	0.01661	0.01017	0.00605	0.00650	0.00189	0.00807	0.00602	0.00399	0.14653
53	0.01103	0.00934	0.01402	0.01317	0.03190	0.01097	0.05342	0.01437	0.05897	0.01633	0.01676	0.02509	0.01566	0.08771	0.45302	0.00748	0.12881	0.02187	0.00364	0.00644
54	0.05949	0.01977	0.01879	0.01486	0.01970	0.12980	0.01208	0.57687	0.02770	0.03643	0.01439	0.01471	0.01041	0.00751	0.00626	0.00190	0.00770	0.00546	0.00588	0.01028
55	0.23079	0.01138	0.01359	0.01073	0.01547	0.01077	0.00886	0.02830	0.01658	0.55611	0.02128	0.01905	0.01369	0.00749	0.00586	0.00200	0.00537	0.00573	0.00698	0.00997
56	0.01525	0.01743	0.03813	0.02723	0.03377	0.01634	0.70915	0.02070	0.01525	0.02070	0.01307	0.01743	0.00980	0.00545	0.00763	0.00218	0.01089	0.00763	0.00327	0.00871
57	0.00792	0.00566	0.00754	0.00896	0.00938	0.00528	0.00600	0.00912	0.01259	0.01685	0.06156	0.74176	0.04342	0.01998	0.00822	0.00260	0.00372	0.01812	0.00604	0.00528
58	0.81856	0.01250	0.00950	0.00850	0.01250	0.01449	0.00700	0.01899	0.01100	0.02899	0.00900	0.01050	0.00700	0.00600	0.00400	0.00200	0.00500	0.00350	0.00400	0.00700
59	0.00845	0.00621	0.00802	0.00924	0.01008	0.00588	0.00663	0.01037	0.03088	0.01750	0.05570	0.55712	0.11445	0.01902	0.00822	0.00260	0.00403	0.11403	0.00603	0.00552
60	0.00940	0.00658	0.00745	0.00734	0.00788	0.00647	0.00451	0.01055	0.03360	0.01531	0.12177	0.04452	0.09940	0.56923	0.02608	0.00515	0.00549	0.01007	0.00464	0.00457
61	0.31830	0.01401	0.01449	0.01156	0.01625	0.01499	0.00954	0.26258	0.01985	0.23475	0.01595	0.01551	0.01094	0.00718	0.00557	0.00198	0.00587	0.00516	0.00599	0.00952
62	0.00922	0.00651	0.00813	0.00842	0.00977	0.00596	0.00619	0.01120	0.01495	0.04236	0.25477	0.25468	0.19545	0.06604	0.00955	0.00260	0.00386	0.07836	0.00626	0.00572
63	0.00808	0.00587	0.00755	0.00857	0.00927	0.00542	0.00584	0.00948	0.01334	0.01778	0.13510	0.57557	0.11229	0.04255	0.00887	0.00261	0.00368	0.01669	0.00609	0.00535
64	0.00935	0.00624	0.00706	0.00711	0.00712	0.00623	0.00398	0.00938	0.00949	0.01265	0.02084	0.06526	0.02410	0.74912	0.03211	0.00615	0.00618	0.00968	0.00398	0.00396
65	0.17919	0.01005	0.01095	0.00965	0.01256	0.01027	0.00742	0.10534	0.02968	0.16597	0.08089	0.14275	0.06848	0.09246	0.00917	0.00254	0.00495	0.00885	0.04131	0.00754
66	0.00951	0.00687	0.00861	0.00934	0.01023	0.00682	0.00666	0.03616	0.03906	0.01763	0.04784	0.40141	0.06570	0.16306	0.03712	0.00355	0.00513	0.11419	0.00557	0.00553
67	0.01403	0.01024	0.01092	0.01084	0.01264	0.08295	0.00801	0.08203	0.01560	0.10812	0.02920	0.44390	0.03176	0.03959	0.00844	0.00253	0.00536	0.07112	0.00595	0.00676
68	0.10919	0.01146	0.01463	0.01134	0.01624	0.01047	0.00936	0.05994	0.01825	0.63453	0.02338	0.02054	0.01486	0.00778	0.00624	0.00200	0.00552	0.00616	0.00752	0.01059
69	0.00886	0.00634	0.00759	0.00793	0.00920	0.00571	0.00556	0.01043	0.01411	0.04081	0.17263	0.30909	0.26357	0.09536	0.01043	0.00273	0.00378	0.01430	0.00605	0.00552
70	0.04771	0.03521	0.01965	0.01566	0.01870	0.06757	0.06780	0.23456	0.08157	0.02566	0.01411	0.04043	0.01172	0.00901	0.01110	0.00224	0.24944	0.00621	0.03299	0.00866
71	0.01727	0.77681	0.03386	0.01106	0.01658	0.02557	0.01106	0.01935	0.01313	0.01520	0.00898	0.01036	0.00829	0.00553	0.00415	0.00138	0.00691	0.00345	0.00276	0.00829
72	0.00810	0.00577	0.00745	0.00864	0.00907	0.00541	0.00571	0.00917	0.01230	0.01638	0.05981	0.62818	0.06520	0.11276	0.01124	0.00304	0.00402	0.01685	0.00578	0.00512
73	0.00808	0.00635	0.00731	0.00752	0.00912	0.00557	0.00547	0.00996	0.01510	0.01942	0.23020	0.22179	0.39823	0.01644	0.00777	0.00225	0.00332	0.01423	0.00629	0.00557
74	0.01395	0.01147	0.01345	0.00964	0.01535	0.00864	0.00772	0.01681	0.01358	0.04625	0.01198	0.01370	0.00980	0.00490	0.00485	0.00099	0.00481	0.00392	0.00397	0.78422
75	0.00786	0.00569	0.00743	0.00882	0.00933	0.00526	0.00592	0.00902	0.01254	0.01656	0.03774	0.71834	0.09173	0.01997	0.00820	0.00259	0.00371	0.01803	0.00600	0.00526
76	0.00800	0.00575	0.00761	0.00899	0.00949	0.00536	0.00611	0.00927	0.01274	0.01697	0.06241	0.69776	0.06394	0.01978	0.00823	0.00260	0.00378	0.03987	0.00604	0.00531
77	0.01296	0.03342	0.73944	0.01842	0.02797	0.01501	0.02387	0.02046	0.01364	0.02046	0.01160	0.01364	0.00818	0.00614	0.00614	0.00205	0.00955	0.00477	0.00273	0.00955
78	0.02064	0.14442	0.02228	0.09987	0.05425	0.41952	0.05172	0.05760	0.03856	0.01788	0.01103	0.01315	0.00900	0.00647	0.00581	0.00174	0.00992	0.00467	0.00343	0.00803
79	0.02414	0.03079	0.01831	0.01665	0.01998	0.74698	0.01248	0.02580	0.01831	0.01581	0.00999	0.01165	0.00832	0.00666	0.00583	0.00166	0.01165	0.00416	0.00333	0.00749
80	0.01474	0.01462	0.03789	0.08746	0.37242	0.04587	0.05855	0.02009	0.09868	0.02107	0.07216	0.07555	0.01747	0.00801	0.00707	0.00206	0.02586	0.00737	0.00408	0.00898
81	0.03181	0.01258	0.01921	0.02433	0.32741	0.01271	0.03867	0.02147	0.11902	0.10205	0.05152	0.05297	0.02017	0.00935	0.00699	0.00219	0.00649	0.12696	0.00499	0.00911
82	0.00982	0.00773	0.01124	0.01091	0.01183	0.00932	0.00847	0.01185	0.01025	0.01487	0.01650	0.02536	0.01581	0.10006	0.60615	0.00917	0.10449	0.00696	0.00342	0.00578
83	0.00929	0.00622	0.00708	0.00719	0.00721	0.00619	0.00406	0.00937	0.00961	0.01281	0.02145	0.09407	0.02486	0.71927	0.03113	0.00600	0.00608	0.01004	0.00406	0.00401
84	0.04503	0.07622	0.13838	0.04278	0.05456	0.12900	0.18606	0.03646	0.01429	0.01884	0.01251	0.01687	0.01043	0.03935	0.11266	0.00333	0.04615	0.00585	0.00327	0.00797
85	0.02484	0.01765	0.01911	0.01465	0.01981	0.01937	0.01211	0.66821	0.02963	0.08464	0.01614	0.01592	0.01130	0.00777	0.00647	0.00194	0.00701	0.00586	0.00656	0.01099
86	0.00906	0.00671	0.00779	0.00774	0.00964	0.00590	0.00588	0.01118	0.01571	0.04642	0.25068	0.11391	0.40974	0.01556	0.00773	0.00222	0.00351	0.05837	0.00639	0.00586
87	0.00914	0.00660	0.00864	0.00813	0.00965	0.00610	0.00610	0.01219	0.01829	0.02591	0.72921	0.04827	0.06097	0.01321	0.00762	0.00203	0.00305	0.01169	0.00711	0.00610
88	0.01408	0.01189	0.01376	0.00989	0.01560	0.00931	0.00794	0.05869	0.01444	0.02226	0.01173	0.01353	0.00966	0.00497	0.00489	0.00102	0.00493	0.00395	0.00399	0.76350
89	0.01086	0.00729	0.00857	0.00839	0.00964	0.00711	0.00572	0.01362	0.08037	0.06763	0.13083	0.17534	0.12082	0.30515	0.01724	0.00379	0.00480	0.01150	0.00555	0.00576
90	0.01220	0.01148	0.01938	0.75739	0.04450	0.01436	0.01794	0.01651	0.01292	0.01651	0.01148	0.01723	0.00861	0.00646	0.00646	0.00215	0.00861	0.00574	0.00287	0.00718
91	0.00796	0.00568	0.00759	0.00909	0.00950	0.00532	0.00614	0.00914	0.01245	0.01659	0.03557	0.74588	0.04255	0.02016	0.00827	0.00264	0.00382	0.04037	0.00600	0.00527
92	0.01086	0.00787	0.00982	0.01040	0.01180	0.00803	0.00790	0.03519	0.11312	0.03487	0.06197	0.33900	0.03559	0.08222	0.01022	0.00292	0.00487	0.20101	0.00599	0.00635
93	0.08230	0.00738	0.00845	0.00831	0.01021	0.00698	0.00627	0.01284	0.01459	0.07349	0.18716	0.12541	0.24309	0.10108	0.01031	0.00272	0.00422	0.08322	0.00596	0.00600
94	0.00937	0.00639	0.00766	0.00766	0.00787	0.00660	0.00468	0.00979	0.00958	0.01298	0.01980	0.03918	0.02214	0.63971	0.16425	0.00702	0.00829	0.00894	0.00383	0.00426
95	0.00940	0.00626	0.00705	0.00705	0.00705	0.00626	0.00392	0.00940	0.00940	0.01253	0.02036	0.04228	0.02349	0.77292	0.03289	0.00626	0.00626	0.00940	0.00392	0.00392
96	0.01191	0.00831	0.00940	0.00855	0.01114	0.00781	0.00659	0.04557	0.09143	0.09715	0.23286	0.04818	0.36948	0.01346	0.00735	0.00211	0.00381	0.01136	0.00659	0.00695
97	0.00820	0.00607	0.00761	0.00837	0.00935	0.00556	0.00587	0.00983	0.01398	0.01850	0.17765	0.44241	0.18117	0.04271	0.00883	0.00255	0.00367	0.03612	0.00615	0.00543
98	0.04623	0.01340	0.01490	0.01270	0.01682	0.01462	0.01008	0.08302	0.46550	0.21139	0.02473	0.02248	0.01770	0.00840	0.00646	0.00212	0.00536	0.00686	0.00685	0.01038
99	0.22766	0.01219	0.01306	0.01098	0.01502	0.01284	0.00883	0.10132	0.16327	0.24092	0.05340	0.04844	0.04790	0.00865	0.00602	0.00206	0.00520	0.00678	0.00630	0.00914
100	0.01003	0.00706	0.00865	0.00882	0.01028	0.00683	0.00649	0.02973	0.04471	0.04229	0.15937	0.26534	0.16224	0.06973	0.05455	0.00308	0.00485	0.05884	0.04111	0.00600
101	0.04950	0.01730	0.01870	0.01437	0.01949	0.01893	0.01187	0.62964	0.02873	0.10188	0.01619	0.01593	0.01131	0.00772	0.00639	0.00195	0.00690	0.00581	0.00652	0.01087
102	0.00914	0.00687	0.00997	0.00996	0.01115	0.00779	0.00767	0.01134	0.01087	0.01541	0.04290	0.02897	0.06187	0.07086	0.65314	0.00947	0.01560	0.00757	0.00375	0.00569
103	0.00892	0.00633	0.00798	0.00889	0.00969	0.00620	0.00617	0.01104	0.05044	0.01717	0.03353	0.49606	0.08603	0.06686	0.05099	0.03176	0.00479	0.03704	0.05465	0.00546
104	0.04095	0.00797	0.01075	0.09765	0.01436	0.02400	0.00802	0.03288	0.01197	0.05668	0.07629	0.09226	0.01913	0.01839	0.04848	0.39594	0.00625	0.02895	0.00406	0.00501
105	0.01438	0.02510	0.41326	0.05821	0.07008	0.03814	0.04335	0.04395	0.14584	0.02195	0.01565	0.01711	0.02646	0.00685	0.00630	0.00203	0.00831	0.00564	0.00374	0.03364
106	0.09996	0.06952	0.06532	0.01490	0.04036	0.06403	0.01248	0.42861	0.08767	0.03321	0.01472	0.01511	0.01084	0.00730	0.00602	0.00192	0.00716	0.00540	0.00546	0.01002
107	0.02362	0.02955	0.01806	0.01637	0.01968	0.69794	0.01232	0.04692	0.01841	0.01657	0.01042	0.01226	0.00868	0.00817	0.03204	0.00198	0.01171	0.00431	0.00343	0.00754
108	0.00817	0.00583	0.00779	0.00898	0.00941	0.00567	0.00605	0.00933	0.01187	0.01596	0.03212	0.61725	0.03792	0.09110	0.09619	0.00385	0.00555	0.01624	0.00552	0.00519
109	0.00926	0.00680	0.00979	0.00979	0.01073	0.00775	0.00733	0.01115	0.01021	0.01456	0.01785	0.02842	0.01747	0.17848	0.61909	0.00964	0.01533	0.00737	0.00354	0.00544
110	0.00829	0.00606	0.00740	0.00805	0.00887	0.00559	0.00543	0.00958	0.01314	0.01732	0.13880	0.39787	0.17329	0.15487	0.01250	0.00311	0.00401	0.01487	0.00578	0.00517
111	0.01414	0.01414	0.01979	0.01696	0.01696	0.01979	0.01414	0.01555	0.00990	0.01555	0.00848	0.01414	0.00848	0.01131	0.02120	0.00283	0.76110	0.00565	0.00283	0.00707
112	0.02414	0.03079	0.01831	0.01665	0.01998	0.74698	0.01248	0.02580	0.01831	0.01581	0.00999	0.01165	0.00832	0.00666	0.00583	0.00166	0.01165	0.00416	0.00333	0.00749
113	0.02414	0.03079	0.01831	0.01665	0.01998	0.74698	0.01248	0.02580	0.01831	0.01581	0.00999	0.01165	0.00832	0.00666	0.00583	0.00166	0.01165	0.00416	0.00333	0.00749
114	0.02332	0.01095	0.01408	0.01127	0.01540	0.01023	0.00919	0.12661	0.02007	0.45280	0.17861	0.02864	0.02588	0.00946	0.00683	0.00203	0.00521	0.03217	0.00750	0.00974
115	0.00900	0.00666	0.00843	0.00815	0.00978	0.00609	0.00622	0.01181	0.01746	0.02406	0.57106	0.05232	0.16694	0.01406	0.00772	0.00213	0.00330	0.06197	0.00685	0.00598
116	0.00938	0.00628	0.00714	0.00711	0.00721	0.00625	0.00405	0.00957	0.00994	0.01335	0.06363	0.04265	0.02578	0.72654	0.03134	0.00601	0.00607	0.00954	0.00411	0.00405
117	0.00977	0.00746	0.00837	0.00801	0.01017	0.00691	0.00604	0.01359	0.09113	0.04734	0.24968	0.08783	0.40081	0.01453	0.00751	0.00216	0.00351	0.01237	0.00646	0.00634
118	0.00924	0.00689	0.01022	0.01022	0.01131	0.00799	0.00787	0.01143	0.01033	0.01488	0.01746	0.02623	0.01652	0.08456	0.71172	0.01018	0.01676	0.00705	0.00348	0.00568
119	0.18535	0.01099	0.01086	0.00924	0.01243	0.01192	0.00741	0.21585	0.01799	0.05160	0.01708	0.01872	0.01294	0.00729	0.00503	0.00175	0.00468	0.00545	0.38563	0.00780
120	0.03434	0.00665	0.00745	0.00736	0.00778	0.00661	0.00443	0.01049	0.01013	0.03586	0.02257	0.04253	0.05394	0.66941	0.02935	0.00572	0.00606	0.03076	0.00420	0.00436
121	0.01399	0.00927	0.00964	0.00868	0.01106	0.04478	0.00669	0.09744	0.01736	0.08119	0.18389	0.05979	0.13786	0.01063	0.00627	0.00187	0.00420	0.00882	0.27960	0.00698
122	0.01296	0.03342	0.73944	0.01842	0.02797	0.01501	0.02387	0.02046	0.01364	0.02046	0.01160	0.01364	0.00818	0.00614	0.00614	0.00205	0.00955	0.00477	0.00273	0.00955
123	0.00876	0.00656	0.00805	0.00785	0.00942	0.00595	0.00585	0.01124	0.01662	0.02255	0.47580	0.08414	0.22656	0.04754	0.00880	0.00231	0.00338	0.03621	0.00660	0.00580
124	0.01096	0.00568	0.00828	0.00828	0.00844	0.00560	0.00556	0.00848	0.00889	0.01169	0.01527	0.02281	0.06483	0.02199	0.02394	0.75161	0.00544	0.00621	0.00304	0.00300
125	0.00856	0.00667	0.00792	0.00857	0.01014	0.00610	0.00658	0.01079	0.02936	0.01824	0.08200	0.24222	0.35462	0.01736	0.00805	0.00246	0.00402	0.16464	0.00605	0.00564
126	0.02339	0.02955	0.01842	0.01667	0.01975	0.69275	0.01261	0.02504	0.01768	0.01579	0.00988	0.01184	0.00833	0.00701	0.00697	0.00175	0.06755	0.00427	0.00329	0.00746
127	0.01025	0.00647	0.00739	0.00724	0.00746	0.00640	0.00416	0.01036	0.00979	0.04406	0.02058	0.04140	0.02316	0.73964	0.03174	0.00608	0.00623	0.00927	0.00409	0.00422
128	0.00831	0.00610	0.00784	0.00870	0.00965	0.00563	0.00621	0.01006	0.01417	0.01890	0.19204	0.46555	0.13654	0.01801	0.00808	0.00246	0.00370	0.06630	0.00624	0.00551
129	0.00776	0.00643	0.00681	0.00697	0.00887	0.00547	0.00513	0.00942	0.01463	0.01786	0.10324	0.15631	0.59545	0.01669	0.00772	0.00223	0.00332	0.01415	0.00607	0.00547
130	0.00910	0.00649	0.00870	0.00889	0.00954	0.00694	0.00620	0.01044	0.01065	0.01480	0.05233	0.13606	0.02448	0.30396	0.35435	0.00745	0.01081	0.00962	0.00414	0.00504
131	0.14567	0.01916	0.01528	0.01332	0.01703	0.25774	0.01039	0.13763	0.16759	0.05665	0.08198	0.01860	0.01621	0.00785	0.00600	0.00192	0.00742	0.00580	0.00519	0.00859
132	0.02813	0.01238	0.01585	0.01215	0.01718	0.01154	0.01004	0.16349	0.02080	0.60184	0.02355	0.02073	0.01502	0.00795	0.00649	0.00199	0.00581	0.00637	0.00770	0.01099
133	0.00790	0.00595	0.00732	0.00826	0.00922	0.00537	0.00571	0.00932	0.01347	0.01747	0.09665	0.52057	0.23207	0.01865	0.00803	0.00246	0.00357	0.01657	0.00608	0.00537
134	0.01282	0.01211	0.02049	0.64100	0.15610	0.01452	0.01825	0.01705	0.01321	0.01725	0.01159	0.01703	0.00888	0.00635	0.00645	0.00212	0.00846	0.00574	0.00292	0.00767
135	0.01405	0.22136	0.56106	0.01656	0.02509	0.01768	0.02063	0.02018	0.01351	0.01913	0.01093	0.01281	0.00821	0.00598	0.00563	0.00188	0.00888	0.00444	0.00274	0.00923
136	0.01313	0.06219	0.71214	0.01813	0.02752	0.01541	0.02338	0.02042	0.01362	0.02026	0.01149	0.01351	0.00819	0.00612	0.00606	0.00202	0.00945	0.00472	0.00273	0.00950
137	0.01433	0.01480	0.05589	0.31662	0.38212	0.01502	0.07069	0.01863	0.01401	0.01926	0.01194	0.01648	0.00948	0.00602	0.00650	0.00204	0.00836	0.00585	0.00306	0.00890
138	0.02308	0.02857	0.05700	0.01636	0.02017	0.59408	0.01300	0.10637	0.01936	0.01915	0.01162	0.01447	0.00969	0.00717	0.00603	0.00177	0.01079	0.02959	0.00377	0.00796
139	0.04391	0.12619	0.42324	0.01665	0.05406	0.08891	0.01810	0.02040	0.01460	0.04546	0.07794	0.01650	0.01342	0.00681	0.00593	0.00191	0.00842	0.00524	0.00345	0.00885
140	0.01498	0.19716	0.27587	0.08208	0.08611	0.01701	0.05024	0.03361	0.04009	0.04515	0.04012	0.01646	0.01174	0.02794	0.00717	0.00204	0.03461	0.00538	0.00343	0.00880
141	0.04613	0.00848	0.00856	0.00844	0.00914	0.06205	0.00552	0.01158	0.01110	0.01499	0.06796	0.05487	0.02444	0.51652	0.09402	0.00563	0.00737	0.03429	0.00417	0.00475
142	0.05292	0.01461	0.02124	0.08896	0.39868	0.03852	0.01580	0.06982	0.06890	0.11646	0.04025	0.01821	0.01320	0.00677	0.00635	0.00197	0.00709	0.00603	0.00445	0.00975
143	0.01437	0.01354	0.07191	0.23886	0.06500	0.01325	0.08269	0.06678	0.07587	0.07012	0.08692	0.07609	0.04924	0.00894	0.00742	0.00216	0.03625	0.00786	0.00460	0.00814
144	0.06658	0.01724	0.13563	0.09657	0.04993	0.05281	0.13363	0.09312	0.04973	0.10559	0.01708	0.09304	0.01432	0.03667	0.00760	0.00226	0.00780	0.00726	0.00453	0.00862
145	0.01910	0.02338	0.08831	0.01662	0.04416	0.36432	0.01337	0.08613	0.01668	0.01885	0.01350	0.10221	0.01272	0.00911	0.00895	0.00206	0.14259	0.00638	0.00379	0.00778
146	0.09473	0.01586	0.05571	0.27097	0.09335	0.06271	0.21701	0.01961	0.01418	0.04754	0.01221	0.01603	0.00922	0.00605	0.00643	0.00204	0.00881	0.00588	0.00338	0.03826
147	0.01173	0.06593	0.03716	0.02915	0.03152	0.00929	0.00731	0.04350	0.01321	0.04876	0.13458	0.03627	0.06887	0.35465	0.07751	0.00455	0.00672	0.00874	0.00463	0.00591
148	0.01351	0.01215	0.03960	0.05204	0.01618	0.07469	0.01039	0.06585	0.11156	0.03934	0.10332	0.04241	0.09249	0.01587	0.07652	0.00310	0.00718	0.21101	0.00550	0.00729
149	0.04276	0.03546	0.01606	0.08271	0.01919	0.20471	0.03134	0.08508	0.09465	0.10565	0.07438	0.10028	0.01904	0.01128	0.04641	0.00245	0.00794	0.00742	0.00508	0.00809
150	0.04430	0.21527	0.15874	0.01419	0.01985	0.13067	0.03119	0.09802	0.01639	0.09470	0.01238	0.01356	0.00949	0.00647	0.00603	0.00173	0.03451	0.00461	0.00395	0.08396
151	0.07241	0.20236	0.17405	0.01299	0.01881	0.01619	0.01303	0.10637	0.03826	0.21213	0.01774	0.01874	0.03365	0.00743	0.00580	0.00189	0.00680	0.02694	0.00499	0.00942
152	0.01361	0.07528	0.42086	0.01518	0.02177	0.04526	0.03275	0.03494	0.01420	0.05070	0.01931	0.09739	0.07078	0.03459	0.02348	0.00237	0.00821	0.00715	0.00375	0.00841

[dist]
# distance from previous block
# <min> <max>
5	61

# created by:
# /home/berkeley/.conda/envs/busco_data_prod/bin/msa2prfl.pl pipeline/OGs_align_augustus/4893/5033.fs
