[name]
unknown

[dist]
# distance from previous block
# <min> <max>
0	20

[block]
# block no. 0 follows, 34 sequences, length 21
# corresponding to MSA columns:
# 20-40
name=unknown_A
#
# <colnr> <probs for GDERKNQSTAVLIFYWHMCP>
#	G	D	E	R	K	N	Q	S	T	A	V	L	I	F	Y	W	H	M	C	P
0	0.01042	0.00756	0.01004	0.01096	0.01246	0.00755	0.00911	0.03177	0.03743	0.02032	0.11421	0.14632	0.05710	0.03984	0.00925	0.00285	0.00530	0.45536	0.00606	0.00608
1	0.03649	0.01604	0.06627	0.19120	0.34093	0.03475	0.10206	0.05916	0.03033	0.02145	0.03144	0.01704	0.01116	0.00630	0.00651	0.00202	0.00821	0.00602	0.00349	0.00911
2	0.01028	0.00744	0.01024	0.00998	0.01100	0.00844	0.00743	0.03467	0.03469	0.01546	0.01737	0.02737	0.01684	0.17620	0.48488	0.08151	0.02980	0.00721	0.00368	0.00551
3	0.00909	0.00610	0.00782	0.00850	0.00907	0.00581	0.00563	0.01022	0.01241	0.03831	0.11088	0.45445	0.03832	0.21522	0.03436	0.00369	0.00474	0.01460	0.00558	0.00519
4	0.01179	0.00728	0.00913	0.00833	0.01026	0.00670	0.00622	0.01462	0.03265	0.11554	0.45403	0.04473	0.12584	0.09473	0.01011	0.00249	0.00378	0.01077	0.02447	0.00651
5	0.01296	0.03342	0.73944	0.01842	0.02797	0.01501	0.02387	0.02046	0.01364	0.02046	0.01160	0.01364	0.00818	0.00614	0.00614	0.00205	0.00955	0.00477	0.00273	0.00955
6	0.01192	0.01191	0.08073	0.01301	0.01454	0.01259	0.01119	0.03337	0.01097	0.01626	0.01344	0.02026	0.01251	0.05116	0.30318	0.08190	0.26120	0.00620	0.02729	0.00637
7	0.00892	0.00704	0.00955	0.01032	0.01064	0.00767	0.00735	0.01009	0.01196	0.01634	0.03109	0.64292	0.03702	0.01875	0.01041	0.00266	0.13000	0.01625	0.00547	0.00555
8	0.01405	0.01332	0.05326	0.01187	0.01726	0.01075	0.05036	0.06274	0.01430	0.02169	0.01200	0.01447	0.00990	0.00777	0.04550	0.00175	0.04771	0.00450	0.00384	0.58298
9	0.01278	0.01167	0.01752	0.55017	0.03558	0.05139	0.01538	0.01559	0.01227	0.01553	0.01119	0.01716	0.00903	0.00942	0.01043	0.13717	0.05276	0.00563	0.00288	0.00646
10	0.00778	0.00655	0.00674	0.00669	0.00881	0.00551	0.00502	0.00954	0.01506	0.01824	0.12681	0.06090	0.66815	0.01607	0.00764	0.00217	0.00325	0.01346	0.00610	0.00551
11	0.53942	0.05879	0.02999	0.05165	0.03651	0.06246	0.05653	0.06041	0.01328	0.02644	0.00999	0.01190	0.00778	0.00610	0.00475	0.00196	0.00641	0.00416	0.00387	0.00760
12	0.01817	0.01263	0.01465	0.01433	0.09327	0.03567	0.01008	0.14841	0.17711	0.13811	0.09225	0.02515	0.05412	0.00868	0.00634	0.00195	0.00541	0.00718	0.12734	0.00913
13	0.01017	0.00809	0.00933	0.00896	0.01102	0.00803	0.00678	0.01595	0.16666	0.02308	0.33660	0.10082	0.22359	0.01373	0.00748	0.00217	0.00368	0.03050	0.00659	0.00674
14	0.06014	0.01519	0.01625	0.01377	0.01710	0.09820	0.04854	0.25592	0.08212	0.04343	0.03402	0.16091	0.01858	0.01258	0.05097	0.00262	0.04745	0.00833	0.00540	0.00847
15	0.00890	0.00696	0.00811	0.00785	0.00970	0.00639	0.00587	0.01219	0.05812	0.02216	0.39026	0.09180	0.31892	0.01457	0.00760	0.00213	0.00330	0.01256	0.00659	0.00604
16	0.01144	0.03088	0.00997	0.00878	0.01062	0.00765	0.00664	0.01379	0.05634	0.07821	0.23884	0.08891	0.20789	0.01604	0.03175	0.13738	0.02269	0.01039	0.00574	0.00606
17	0.00837	0.00639	0.00769	0.00775	0.00928	0.00571	0.00566	0.01056	0.01591	0.02115	0.36458	0.19219	0.29000	0.01566	0.00775	0.00220	0.00326	0.01365	0.00651	0.00571
18	0.01400	0.13518	0.49911	0.01588	0.02341	0.01549	0.01910	0.01976	0.01361	0.05249	0.03126	0.01549	0.01068	0.00900	0.04981	0.00244	0.03153	0.00504	0.02777	0.00894
19	0.30397	0.09854	0.05279	0.01192	0.01613	0.09152	0.01030	0.08935	0.05675	0.10488	0.01321	0.01442	0.01011	0.00936	0.04953	0.00244	0.04730	0.00473	0.00448	0.00828
20	0.01378	0.09509	0.06436	0.04251	0.05705	0.06576	0.01001	0.05348	0.05703	0.03939	0.16736	0.08850	0.06238	0.04754	0.00957	0.07841	0.00591	0.00829	0.02650	0.00708

[dist]
# distance from previous block
# <min> <max>
2	3

[block]
# block no. 1 follows, 34 sequences, length 11
# corresponding to MSA columns:
# 44-54
name=unknown_B
#
# <colnr> <probs for GDERKNQSTAVLIFYWHMCP>
#	G	D	E	R	K	N	Q	S	T	A	V	L	I	F	Y	W	H	M	C	P
0	0.01092	0.00798	0.01043	0.01040	0.05036	0.00707	0.00723	0.01348	0.01544	0.05102	0.31523	0.19114	0.05948	0.01335	0.02716	0.00216	0.00428	0.01082	0.03108	0.16097
1	0.01357	0.01433	0.10515	0.09390	0.18644	0.01230	0.04999	0.10176	0.01670	0.02295	0.11301	0.05071	0.13886	0.00935	0.00678	0.00204	0.00645	0.00821	0.03930	0.00820
2	0.01077	0.00725	0.00887	0.00860	0.01030	0.00681	0.00630	0.04749	0.01563	0.07384	0.23460	0.22506	0.19535	0.07349	0.04308	0.00290	0.00455	0.01271	0.00621	0.00618
3	0.05833	0.01507	0.07150	0.09204	0.18010	0.01491	0.08267	0.10249	0.06453	0.04804	0.06849	0.06034	0.01608	0.00830	0.00816	0.00215	0.08662	0.00702	0.00438	0.00877
4	0.06098	0.01775	0.10121	0.01809	0.12207	0.11275	0.06974	0.14334	0.01723	0.02315	0.02069	0.07718	0.09942	0.01013	0.02840	0.00228	0.03874	0.00740	0.02113	0.00832
5	0.03880	0.05001	0.01082	0.02791	0.01206	0.00896	0.00724	0.07872	0.03543	0.03719	0.12206	0.29589	0.17012	0.04571	0.00840	0.00243	0.00447	0.03149	0.00584	0.00645
6	0.16269	0.05932	0.03742	0.04923	0.15279	0.01545	0.06184	0.10670	0.08764	0.10244	0.01479	0.01621	0.01114	0.00679	0.00635	0.00195	0.03271	0.00549	0.02532	0.04375
7	0.15159	0.03937	0.08101	0.03473	0.01862	0.04793	0.05103	0.17345	0.05286	0.02567	0.01588	0.01806	0.04960	0.04021	0.00755	0.00204	0.03914	0.00561	0.00445	0.14121
8	0.07441	0.15238	0.05974	0.06572	0.07684	0.12448	0.12163	0.04601	0.11980	0.02088	0.03089	0.03587	0.01255	0.00708	0.00637	0.00194	0.02508	0.00590	0.00394	0.00851
9	0.08093	0.04842	0.08568	0.10313	0.09669	0.05894	0.03372	0.11891	0.07990	0.03836	0.03416	0.12003	0.03636	0.02803	0.00709	0.00218	0.00690	0.00764	0.00461	0.00832
10	0.01008	0.04968	0.01152	0.06566	0.04987	0.00872	0.00823	0.01355	0.07653	0.01919	0.13634	0.34646	0.12890	0.01505	0.00750	0.00231	0.00450	0.03383	0.00566	0.00642

[dist]
# distance from previous block
# <min> <max>
7	17

[block]
# block no. 2 follows, 34 sequences, length 14
# corresponding to MSA columns:
# 77-90
name=unknown_C
#
# <colnr> <probs for GDERKNQSTAVLIFYWHMCP>
#	G	D	E	R	K	N	Q	S	T	A	V	L	I	F	Y	W	H	M	C	P
0	0.06095	0.03713	0.06463	0.02878	0.12471	0.01278	0.02842	0.12511	0.08614	0.03841	0.11201	0.08831	0.06353	0.01088	0.02639	0.00229	0.00615	0.03315	0.04194	0.00829
1	0.01411	0.01470	0.15043	0.01351	0.05175	0.01164	0.01171	0.05714	0.17638	0.07745	0.09330	0.06274	0.06824	0.06014	0.06389	0.00300	0.00679	0.02945	0.02534	0.00829
2	0.01618	0.12686	0.04816	0.01452	0.07685	0.04846	0.01128	0.16736	0.08669	0.02465	0.11783	0.02450	0.09209	0.00896	0.00731	0.00192	0.05952	0.00698	0.00499	0.05488
3	0.00776	0.00645	0.00679	0.00692	0.00886	0.00547	0.00511	0.00943	0.01469	0.01789	0.10470	0.14048	0.61003	0.01660	0.00770	0.00222	0.00331	0.01404	0.00607	0.00547
4	0.01471	0.04374	0.13046	0.11681	0.15673	0.04468	0.01447	0.09899	0.06461	0.02228	0.04774	0.09530	0.04920	0.00864	0.00646	0.00200	0.00696	0.00736	0.02374	0.04511
5	0.00794	0.00571	0.00742	0.00876	0.00922	0.00531	0.00583	0.00903	0.01235	0.01635	0.03655	0.69069	0.08134	0.05869	0.00948	0.00279	0.00385	0.01764	0.00589	0.00519
6	0.01359	0.01178	0.01436	0.01183	0.06922	0.00912	0.00857	0.01654	0.01350	0.02106	0.01153	0.01359	0.00962	0.00486	0.00491	0.00103	0.00500	0.00397	0.00378	0.75213
7	0.14016	0.03916	0.01273	0.01137	0.03508	0.04981	0.00865	0.01742	0.06162	0.03742	0.06824	0.02177	0.01660	0.05663	0.08670	0.00312	0.13645	0.00617	0.18399	0.00691
8	0.01592	0.02061	0.26519	0.09749	0.08812	0.07981	0.01613	0.04921	0.04735	0.10518	0.05481	0.07578	0.03964	0.00836	0.00653	0.00206	0.00771	0.00695	0.00437	0.00879
9	0.01340	0.01046	0.03376	0.00968	0.01235	0.06318	0.00776	0.01582	0.01599	0.12832	0.25183	0.03984	0.21554	0.04184	0.04192	0.00256	0.03644	0.00972	0.00592	0.04367
10	0.05194	0.14154	0.13181	0.01923	0.16357	0.03516	0.07262	0.08522	0.04179	0.02181	0.05008	0.07535	0.04152	0.03237	0.00707	0.00209	0.00722	0.00694	0.00406	0.00859
11	0.01221	0.06950	0.09982	0.01230	0.05934	0.01056	0.01000	0.04080	0.06719	0.04491	0.14324	0.13838	0.14626	0.03150	0.03469	0.00244	0.00564	0.00974	0.00522	0.05625
12	0.06270	0.09257	0.03407	0.05351	0.06356	0.23366	0.02875	0.04987	0.14790	0.02045	0.01665	0.10811	0.01494	0.00845	0.00610	0.00192	0.00771	0.00673	0.00434	0.03801
13	0.07459	0.09536	0.08458	0.03244	0.05041	0.02943	0.06887	0.09924	0.04778	0.04882	0.07204	0.15358	0.02196	0.01036	0.00664	0.00213	0.00641	0.06442	0.02298	0.00796

[dist]
# distance from previous block
# <min> <max>
5	16

[block]
# block no. 3 follows, 34 sequences, length 15
# corresponding to MSA columns:
# 107-121
name=unknown_D
#
# <colnr> <probs for GDERKNQSTAVLIFYWHMCP>
#	G	D	E	R	K	N	Q	S	T	A	V	L	I	F	Y	W	H	M	C	P
0	0.11289	0.02014	0.16235	0.04212	0.15106	0.08245	0.07637	0.15789	0.03977	0.05026	0.01327	0.01530	0.01002	0.00781	0.02877	0.00223	0.00843	0.00544	0.00414	0.00928
1	0.16022	0.14840	0.09057	0.05155	0.05351	0.09351	0.08187	0.03430	0.04753	0.02165	0.06531	0.01607	0.01299	0.00654	0.00555	0.00178	0.00726	0.00519	0.00381	0.09238
2	0.19764	0.07728	0.03808	0.03613	0.08216	0.14281	0.01070	0.05234	0.01504	0.10597	0.01654	0.14430	0.01522	0.00882	0.00586	0.00196	0.00676	0.00697	0.00456	0.03086
3	0.01473	0.06599	0.22243	0.01377	0.01847	0.03881	0.05076	0.04892	0.06121	0.06608	0.05607	0.08285	0.01697	0.00866	0.00725	0.00201	0.06330	0.00696	0.14656	0.00818
4	0.04902	0.00769	0.01071	0.01047	0.02966	0.00818	0.02961	0.01259	0.01078	0.05424	0.01783	0.06223	0.01767	0.22256	0.26812	0.11691	0.02758	0.00767	0.03103	0.00545
5	0.01420	0.01386	0.04380	0.02943	0.06959	0.09486	0.02703	0.08058	0.15416	0.02258	0.11320	0.10002	0.11510	0.01289	0.04169	0.00253	0.00661	0.04463	0.00539	0.00785
6	0.00911	0.00676	0.00842	0.00900	0.01019	0.00644	0.00648	0.03817	0.03449	0.01986	0.17390	0.44441	0.13654	0.01741	0.00796	0.00243	0.00384	0.05249	0.00625	0.00584
7	0.01317	0.01259	0.02141	0.56117	0.13400	0.01474	0.06961	0.01836	0.05658	0.01808	0.01260	0.01750	0.00960	0.00643	0.00655	0.00213	0.00845	0.00598	0.00317	0.00789
8	0.00918	0.00607	0.00807	0.00907	0.00979	0.00574	0.00621	0.01043	0.01248	0.05516	0.03387	0.61719	0.05903	0.05696	0.06478	0.00333	0.00496	0.01630	0.00582	0.00554
9	0.01653	0.01631	0.02187	0.20960	0.33336	0.10835	0.01684	0.07168	0.03455	0.02063	0.01212	0.01573	0.00978	0.00654	0.00709	0.00197	0.04890	0.00552	0.00347	0.03916
10	0.02087	0.07262	0.09935	0.04762	0.01899	0.03531	0.01188	0.17351	0.04154	0.26160	0.07502	0.02197	0.04330	0.00977	0.03547	0.00229	0.00692	0.00653	0.00593	0.00953
11	0.01408	0.04004	0.06170	0.13558	0.22219	0.03988	0.01371	0.03249	0.04968	0.05705	0.05520	0.16068	0.04010	0.03972	0.00779	0.00227	0.00666	0.00868	0.00442	0.00808
12	0.07235	0.01572	0.05481	0.05704	0.20584	0.05263	0.01333	0.16582	0.05085	0.06368	0.01603	0.01760	0.03518	0.00689	0.00597	0.00182	0.00675	0.00564	0.04655	0.10548
13	0.06262	0.09788	0.11110	0.01469	0.03937	0.07714	0.06779	0.14906	0.09553	0.04062	0.07691	0.02024	0.04231	0.00768	0.00609	0.00189	0.00698	0.00622	0.04256	0.03333
14	0.04210	0.10442	0.08960	0.08579	0.11799	0.13061	0.07097	0.05839	0.04409	0.11240	0.04710	0.01700	0.01273	0.00678	0.00609	0.00187	0.00795	0.00561	0.00425	0.03427

[dist]
# distance from previous block
# <min> <max>
5	15

[block]
# block no. 4 follows, 34 sequences, length 15
# corresponding to MSA columns:
# 138-152
name=unknown_E
#
# <colnr> <probs for GDERKNQSTAVLIFYWHMCP>
#	G	D	E	R	K	N	Q	S	T	A	V	L	I	F	Y	W	H	M	C	P
0	0.01198	0.00763	0.00932	0.00908	0.01107	0.00716	0.00688	0.01513	0.06695	0.11939	0.15860	0.17778	0.20602	0.07450	0.00964	0.00262	0.00430	0.08900	0.00634	0.00658
1	0.01387	0.03389	0.01240	0.01143	0.01396	0.04998	0.00949	0.05131	0.04411	0.08845	0.09189	0.07772	0.05174	0.01584	0.05439	0.00290	0.00649	0.30957	0.00578	0.05481
2	0.01730	0.17576	0.07316	0.01258	0.01661	0.05240	0.01107	0.23618	0.01883	0.04664	0.01912	0.14698	0.01854	0.06002	0.00815	0.00230	0.00671	0.06436	0.00501	0.00829
3	0.04237	0.07865	0.07746	0.01308	0.03446	0.01295	0.03200	0.14357	0.08205	0.09486	0.05646	0.23001	0.02393	0.01152	0.00686	0.00218	0.00584	0.03786	0.00561	0.00830
4	0.01466	0.01275	0.05587	0.01122	0.01506	0.04113	0.00924	0.07846	0.06878	0.07413	0.03877	0.14223	0.04284	0.05619	0.00845	0.00209	0.03218	0.02765	0.00502	0.26329
5	0.03506	0.15176	0.16166	0.04241	0.06345	0.08682	0.09749	0.01900	0.01456	0.03445	0.07148	0.05423	0.01493	0.00712	0.00596	0.00178	0.00763	0.00604	0.00371	0.12046
6	0.19826	0.14200	0.10711	0.04436	0.01893	0.07158	0.06703	0.07480	0.01454	0.05780	0.01330	0.01844	0.01136	0.07566	0.00849	0.02372	0.00737	0.03352	0.00393	0.00780
7	0.07393	0.01393	0.02271	0.09686	0.55451	0.01429	0.01747	0.01850	0.01407	0.02087	0.01399	0.08383	0.01280	0.00715	0.00639	0.00201	0.00721	0.00673	0.00348	0.00928
8	0.01122	0.00561	0.00842	0.00842	0.00842	0.00561	0.00561	0.00842	0.00842	0.01122	0.01122	0.01964	0.01122	0.02245	0.02525	0.81201	0.00561	0.00561	0.00281	0.00281
9	0.08907	0.06137	0.01532	0.01278	0.01612	0.17362	0.01041	0.15568	0.10616	0.02474	0.01938	0.02863	0.01736	0.00960	0.00636	0.00208	0.00702	0.15843	0.07785	0.00804
10	0.01379	0.01308	0.02183	0.30982	0.40482	0.01407	0.01775	0.01760	0.01403	0.01903	0.01675	0.02067	0.07513	0.00699	0.00653	0.00203	0.00763	0.00647	0.00333	0.00864
11	0.01541	0.01900	0.18311	0.09156	0.33376	0.03699	0.01811	0.08166	0.05755	0.02217	0.01473	0.07008	0.01254	0.00733	0.00648	0.00203	0.00781	0.00649	0.00376	0.00944
12	0.04869	0.33524	0.16344	0.08295	0.02352	0.01886	0.14069	0.01871	0.01318	0.01764	0.01108	0.01477	0.00937	0.04458	0.00741	0.02565	0.00814	0.00503	0.00297	0.00807
13	0.00801	0.00568	0.00746	0.00882	0.00916	0.00534	0.00581	0.00903	0.01210	0.01613	0.03422	0.70258	0.04098	0.08876	0.01049	0.00296	0.00398	0.01755	0.00581	0.00513
14	0.01659	0.01486	0.01595	0.05151	0.08247	0.16791	0.04798	0.08557	0.01698	0.08377	0.07553	0.17612	0.04884	0.01108	0.00725	0.00213	0.02036	0.04809	0.01936	0.00768

[dist]
# distance from previous block
# <min> <max>
0	3

[block]
# block no. 5 follows, 34 sequences, length 16
# corresponding to MSA columns:
# 156-171
name=unknown_F
#
# <colnr> <probs for GDERKNQSTAVLIFYWHMCP>
#	G	D	E	R	K	N	Q	S	T	A	V	L	I	F	Y	W	H	M	C	P
0	0.14538	0.07682	0.03538	0.05272	0.06000	0.06484	0.03303	0.06044	0.03647	0.07957	0.03520	0.01766	0.01252	0.05322	0.02433	0.00231	0.07327	0.00544	0.03206	0.09935
1	0.01103	0.00669	0.00772	0.00741	0.00797	0.00651	0.00446	0.01133	0.01048	0.07647	0.02318	0.04155	0.06004	0.66585	0.02924	0.00567	0.00604	0.00936	0.00438	0.00462
2	0.01679	0.03881	0.16936	0.10240	0.10620	0.06036	0.06103	0.18877	0.05756	0.02532	0.05703	0.03695	0.01417	0.00746	0.00643	0.00199	0.00782	0.00630	0.02612	0.00913
3	0.00841	0.00615	0.00711	0.00756	0.00836	0.00571	0.00494	0.00934	0.01218	0.01568	0.06423	0.27855	0.23115	0.29171	0.01698	0.00380	0.00450	0.01353	0.00528	0.00485
4	0.04238	0.03693	0.12244	0.21401	0.04480	0.07122	0.03937	0.05481	0.03709	0.04522	0.01563	0.08292	0.01337	0.01043	0.04992	0.00254	0.03220	0.00668	0.07024	0.00780
5	0.01204	0.00602	0.00602	0.00602	0.00753	0.00602	0.00452	0.01506	0.01355	0.02409	0.02108	0.02409	0.01656	0.00753	0.00452	0.00151	0.00301	0.00602	0.80879	0.00602
6	0.03938	0.00990	0.01197	0.05177	0.05385	0.03494	0.00867	0.07659	0.01545	0.13068	0.03020	0.29052	0.12077	0.03528	0.02837	0.00254	0.00553	0.01135	0.00566	0.03659
7	0.13402	0.06119	0.03515	0.01560	0.08955	0.13291	0.05283	0.04502	0.03776	0.10334	0.06039	0.01802	0.01414	0.00748	0.00697	0.00193	0.06840	0.00566	0.10145	0.00818
8	0.01204	0.00602	0.00602	0.00602	0.00753	0.00602	0.00452	0.01506	0.01355	0.02409	0.02108	0.02409	0.01656	0.00753	0.00452	0.00151	0.00301	0.00602	0.80879	0.00602
9	0.11822	0.12504	0.06156	0.04495	0.21249	0.15158	0.05848	0.03934	0.01467	0.02035	0.01107	0.01386	0.00913	0.00644	0.00669	0.00189	0.05963	0.00493	0.03120	0.00848
10	0.10994	0.04119	0.01929	0.01670	0.08085	0.10256	0.09910	0.14446	0.07607	0.09854	0.01609	0.04441	0.01312	0.05475	0.03188	0.00253	0.02862	0.00638	0.00480	0.00871
11	0.01522	0.10370	0.04325	0.01418	0.06760	0.01290	0.07159	0.09665	0.05179	0.06628	0.12280	0.08806	0.04032	0.00878	0.00629	0.00181	0.00582	0.00762	0.03433	0.14099
12	0.00795	0.00618	0.00723	0.00778	0.00912	0.00546	0.00552	0.00957	0.01426	0.01826	0.14711	0.35014	0.35333	0.01751	0.00788	0.00234	0.00344	0.01530	0.00616	0.00546
13	0.00788	0.00632	0.00690	0.00722	0.00881	0.00549	0.00515	0.00937	0.01403	0.01736	0.09055	0.22015	0.49342	0.06622	0.00941	0.00254	0.00356	0.01433	0.00592	0.00534
14	0.03832	0.24073	0.06848	0.01409	0.01925	0.06832	0.04873	0.26128	0.10628	0.02677	0.01422	0.01496	0.01095	0.00688	0.00568	0.00180	0.00727	0.00518	0.03142	0.00941
15	0.11684	0.06895	0.10639	0.08011	0.18933	0.05989	0.01504	0.19886	0.03698	0.04908	0.01298	0.01479	0.00985	0.00659	0.00592	0.00193	0.00755	0.00520	0.00428	0.00944

[dist]
# distance from previous block
# <min> <max>
0	1

[block]
# block no. 6 follows, 34 sequences, length 30
# corresponding to MSA columns:
# 173-202
name=unknown_G
#
# <colnr> <probs for GDERKNQSTAVLIFYWHMCP>
#	G	D	E	R	K	N	Q	S	T	A	V	L	I	F	Y	W	H	M	C	P
0	0.03655	0.18278	0.09707	0.05300	0.06561	0.03470	0.08156	0.11948	0.03783	0.02256	0.10530	0.02200	0.04915	0.03746	0.02616	0.00227	0.00736	0.00656	0.00430	0.00830
1	0.02195	0.18637	0.08779	0.01533	0.01980	0.48500	0.01306	0.02429	0.01680	0.05840	0.01083	0.01217	0.00875	0.00645	0.00554	0.00166	0.01010	0.00421	0.00343	0.00805
2	0.01170	0.00654	0.00699	0.00683	0.00836	0.00663	0.00509	0.03588	0.01374	0.02278	0.04535	0.02787	0.05466	0.06322	0.06946	0.00264	0.00458	0.00689	0.59478	0.00599
3	0.01617	0.01618	0.04221	0.13096	0.18642	0.09766	0.09795	0.09792	0.07653	0.02148	0.01500	0.04157	0.01285	0.08395	0.00917	0.00241	0.00808	0.00659	0.00399	0.03288
4	0.01430	0.01269	0.02100	0.19380	0.41798	0.01319	0.01648	0.01805	0.01511	0.04563	0.14695	0.02253	0.01958	0.00739	0.00664	0.00200	0.00694	0.00689	0.00402	0.00880
5	0.00793	0.00612	0.00725	0.00789	0.00914	0.00544	0.00557	0.00950	0.01406	0.01805	0.13323	0.39303	0.32402	0.01780	0.00792	0.00237	0.00347	0.01562	0.00614	0.00544
6	0.02123	0.02285	0.01842	0.12110	0.02286	0.38737	0.01308	0.18937	0.01966	0.02196	0.01240	0.04196	0.01031	0.00774	0.00725	0.00192	0.06282	0.00543	0.00409	0.00818
7	0.01732	0.38983	0.20668	0.01392	0.02008	0.09267	0.03605	0.04262	0.01477	0.05999	0.01347	0.01461	0.03986	0.00647	0.00528	0.00169	0.00794	0.00468	0.00339	0.00866
8	0.00993	0.00709	0.00986	0.01135	0.01262	0.00702	0.00957	0.01255	0.01440	0.01879	0.03448	0.20578	0.03825	0.01831	0.00880	0.00291	0.00553	0.56102	0.00596	0.00582
9	0.01340	0.01148	0.01340	0.00957	0.01531	0.00861	0.00766	0.01627	0.01340	0.02105	0.01148	0.01340	0.00957	0.00479	0.00479	0.00096	0.00479	0.00383	0.00383	0.81242
10	0.02424	0.01794	0.01921	0.01480	0.01992	0.01989	0.01220	0.68561	0.05637	0.04021	0.01592	0.01584	0.01132	0.00779	0.00647	0.00195	0.00703	0.00587	0.00647	0.01096
11	0.01326	0.08600	0.68954	0.01790	0.02716	0.01575	0.02297	0.02038	0.01361	0.02009	0.01141	0.01341	0.00819	0.00610	0.00600	0.00200	0.00936	0.00468	0.00273	0.00946
12	0.01071	0.00853	0.00890	0.00861	0.00894	0.05962	0.00549	0.01111	0.01014	0.01315	0.01865	0.03697	0.02088	0.61069	0.09160	0.00609	0.05304	0.00859	0.00377	0.00452
13	0.01122	0.00561	0.00842	0.00842	0.00842	0.00561	0.00561	0.00842	0.00842	0.01122	0.01122	0.01964	0.01122	0.02245	0.02525	0.81201	0.00561	0.00561	0.00281	0.00281
14	0.01795	0.01155	0.05757	0.01256	0.01622	0.01016	0.04555	0.02317	0.11840	0.27008	0.06305	0.03822	0.02440	0.06616	0.00917	0.00261	0.00601	0.19227	0.00634	0.00854
15	0.01315	0.06688	0.70769	0.01808	0.02745	0.01548	0.02330	0.02041	0.01362	0.02023	0.01148	0.01349	0.00819	0.00611	0.00605	0.00202	0.00943	0.00472	0.00273	0.00949
16	0.00816	0.00574	0.00741	0.00863	0.00893	0.00544	0.00560	0.00907	0.01181	0.01575	0.03273	0.63151	0.03910	0.16240	0.01290	0.00331	0.00422	0.01667	0.00560	0.00500
17	0.01041	0.00744	0.01041	0.01190	0.01339	0.00744	0.01041	0.01339	0.01487	0.01934	0.03421	0.07288	0.03719	0.01785	0.00892	0.00297	0.00595	0.68913	0.00595	0.00595
18	0.01727	0.77681	0.03386	0.01106	0.01658	0.02557	0.01106	0.01935	0.01313	0.01520	0.00898	0.01036	0.00829	0.00553	0.00415	0.00138	0.00691	0.00345	0.00276	0.00829
19	0.00987	0.00795	0.01072	0.01065	0.01190	0.03983	0.00827	0.01215	0.01072	0.01503	0.01699	0.02479	0.01582	0.04666	0.71546	0.01001	0.01706	0.00680	0.00346	0.00584
20	0.01122	0.00561	0.00842	0.00842	0.00842	0.00561	0.00561	0.00842	0.00842	0.01122	0.01122	0.01964	0.01122	0.02245	0.02525	0.81201	0.00561	0.00561	0.00281	0.00281
21	0.01414	0.01414	0.01979	0.01696	0.01696	0.01979	0.01414	0.01555	0.00990	0.01555	0.00848	0.01414	0.00848	0.01131	0.02120	0.00283	0.76110	0.00565	0.00283	0.00707
22	0.01204	0.00602	0.00602	0.00602	0.00753	0.00602	0.00452	0.01506	0.01355	0.02409	0.02108	0.02409	0.01656	0.00753	0.00452	0.00151	0.00301	0.00602	0.80879	0.00602
23	0.01487	0.01442	0.01976	0.01682	0.01718	0.01981	0.01401	0.06474	0.01134	0.01733	0.00898	0.01423	0.00866	0.01106	0.02016	0.00276	0.70777	0.00567	0.00308	0.00735
24	0.01599	0.01535	0.02623	0.03966	0.73262	0.01535	0.01983	0.01983	0.01471	0.02111	0.01215	0.01599	0.01023	0.00576	0.00640	0.00192	0.00768	0.00576	0.00320	0.01023
25	0.01340	0.01148	0.01340	0.00957	0.01531	0.00861	0.00766	0.01627	0.01340	0.02105	0.01148	0.01340	0.00957	0.00479	0.00479	0.00096	0.00479	0.00383	0.00383	0.81242
26	0.01722	0.32428	0.02499	0.01380	0.01763	0.02038	0.04764	0.07168	0.12314	0.06161	0.01397	0.03685	0.01183	0.00807	0.00900	0.00199	0.17772	0.00555	0.00406	0.00860
27	0.01289	0.14635	0.06259	0.01125	0.01501	0.03364	0.04463	0.05736	0.05064	0.02139	0.17748	0.05357	0.16244	0.01079	0.00665	0.00195	0.00552	0.05646	0.00514	0.06424
28	0.09381	0.11606	0.15348	0.03971	0.09525	0.11265	0.05879	0.02018	0.04822	0.01994	0.02984	0.01569	0.02613	0.00696	0.00719	0.00191	0.07954	0.00522	0.00348	0.06597
29	0.06366	0.18247	0.07314	0.01555	0.07012	0.11938	0.01270	0.18633	0.09198	0.04337	0.01343	0.01442	0.01046	0.00687	0.00616	0.00181	0.03340	0.00495	0.00440	0.04540

[dist]
# distance from previous block
# <min> <max>
8	29

[block]
# block no. 7 follows, 34 sequences, length 28
# corresponding to MSA columns:
# 232-259
name=unknown_H
#
# <colnr> <probs for GDERKNQSTAVLIFYWHMCP>
#	G	D	E	R	K	N	Q	S	T	A	V	L	I	F	Y	W	H	M	C	P
0	0.05063	0.01553	0.04227	0.04650	0.15163	0.01571	0.03282	0.25762	0.12453	0.09071	0.01798	0.01857	0.03405	0.00737	0.00631	0.00194	0.00666	0.00611	0.00536	0.06771
1	0.00795	0.00568	0.00756	0.00895	0.00939	0.00530	0.00600	0.00918	0.01272	0.01705	0.07641	0.72633	0.04381	0.01983	0.00821	0.00259	0.00371	0.01798	0.00606	0.00530
2	0.01513	0.01535	0.04678	0.06507	0.26104	0.08116	0.14421	0.03445	0.01580	0.04142	0.10671	0.06743	0.03666	0.00841	0.00695	0.00206	0.00770	0.03098	0.00422	0.00846
3	0.01340	0.01148	0.01340	0.00957	0.01531	0.00861	0.00766	0.01627	0.01340	0.02105	0.01148	0.01340	0.00957	0.00479	0.00479	0.00096	0.00479	0.00383	0.00383	0.81242
4	0.01691	0.01233	0.01387	0.06094	0.03520	0.06132	0.00987	0.15093	0.09310	0.12162	0.02456	0.22190	0.04608	0.01146	0.00738	0.00217	0.03385	0.00961	0.05870	0.00819
5	0.01438	0.07850	0.07551	0.05341	0.06973	0.03394	0.06059	0.09595	0.04976	0.04940	0.14209	0.10395	0.09696	0.01032	0.00736	0.00208	0.03428	0.00879	0.00505	0.00796
6	0.31563	0.09807	0.01617	0.01270	0.03222	0.23544	0.00992	0.07752	0.03993	0.04504	0.01156	0.01352	0.00938	0.02952	0.02711	0.00220	0.00783	0.00442	0.00404	0.00779
7	0.01296	0.03342	0.73944	0.01842	0.02797	0.01501	0.02387	0.02046	0.01364	0.02046	0.01160	0.01364	0.00818	0.00614	0.00614	0.00205	0.00955	0.00477	0.00273	0.00955
8	0.00789	0.00607	0.00722	0.00796	0.00914	0.00540	0.00558	0.00938	0.01380	0.01768	0.10695	0.43068	0.31281	0.01812	0.00795	0.00240	0.00350	0.01594	0.00609	0.00540
9	0.00831	0.00579	0.00761	0.00887	0.00944	0.00544	0.00608	0.00976	0.01298	0.01775	0.08660	0.64481	0.04235	0.01888	0.00801	0.00253	0.00374	0.04239	0.05330	0.00538
10	0.00831	0.00631	0.00765	0.00786	0.00928	0.00566	0.00569	0.01037	0.01551	0.02060	0.32457	0.25190	0.27051	0.01617	0.00780	0.00224	0.00331	0.01416	0.00645	0.00566
11	0.71695	0.01321	0.01076	0.00931	0.01346	0.01520	0.00767	0.10756	0.01348	0.03049	0.00983	0.01114	0.00751	0.00622	0.00431	0.00199	0.00527	0.00380	0.00431	0.00751
12	0.23607	0.22291	0.08116	0.01218	0.01710	0.11669	0.01109	0.11419	0.03990	0.02391	0.03452	0.01337	0.01046	0.00650	0.00504	0.00175	0.00702	0.00441	0.00399	0.03774
13	0.02305	0.01705	0.01837	0.01430	0.01930	0.01870	0.01172	0.57280	0.11799	0.05620	0.01697	0.01668	0.01217	0.00775	0.00640	0.00193	0.00670	0.00593	0.00639	0.04959
14	0.00950	0.00688	0.00931	0.00892	0.00962	0.00713	0.03195	0.01063	0.01062	0.01461	0.06877	0.06066	0.02407	0.45624	0.23693	0.00689	0.00934	0.00906	0.00405	0.00483
15	0.00889	0.00625	0.00726	0.00755	0.00807	0.00600	0.00477	0.00961	0.01140	0.01496	0.07173	0.17392	0.13182	0.46095	0.02261	0.00467	0.00519	0.03494	0.00484	0.00457
16	0.01263	0.01098	0.03686	0.01417	0.01725	0.01038	0.17279	0.06128	0.05620	0.04708	0.02573	0.24161	0.06474	0.01694	0.10404	0.00333	0.00770	0.02843	0.06065	0.00722
17	0.13903	0.00837	0.00917	0.00856	0.01104	0.00829	0.00661	0.01678	0.05753	0.11791	0.17277	0.11694	0.14331	0.01169	0.00649	0.00207	0.00399	0.02735	0.12518	0.00692
18	0.09345	0.03511	0.01729	0.01486	0.04151	0.12521	0.08398	0.09050	0.09721	0.04571	0.04109	0.13280	0.06311	0.01009	0.00795	0.00215	0.07698	0.00820	0.00485	0.00793
19	0.06144	0.01681	0.12221	0.04154	0.15579	0.01392	0.05755	0.14562	0.01700	0.07375	0.01347	0.01549	0.01025	0.00746	0.02928	0.00201	0.00739	0.00525	0.00425	0.19951
20	0.08465	0.22408	0.09071	0.01519	0.06425	0.09217	0.04600	0.08443	0.06320	0.12555	0.01485	0.04235	0.01176	0.00706	0.00567	0.00184	0.00731	0.00546	0.00443	0.00902
21	0.01425	0.01060	0.01219	0.01124	0.01349	0.01173	0.00841	0.08626	0.33723	0.02235	0.04912	0.10265	0.02040	0.01422	0.01244	0.24744	0.00522	0.00801	0.00538	0.00736
22	0.04165	0.00779	0.00899	0.00881	0.01027	0.00769	0.00617	0.08383	0.01439	0.05395	0.07404	0.29649	0.12619	0.21342	0.01413	0.00335	0.00478	0.01254	0.00559	0.00592
23	0.04792	0.10605	0.06982	0.01584	0.07580	0.07955	0.04883	0.08501	0.15099	0.09020	0.01569	0.01703	0.01214	0.02284	0.00748	0.02048	0.03640	0.00554	0.00460	0.08779
24	0.14017	0.05779	0.19510	0.09552	0.11315	0.09444	0.01551	0.12106	0.01633	0.04687	0.01282	0.04028	0.01019	0.00692	0.00588	0.00196	0.00792	0.00536	0.00390	0.00882
25	0.04467	0.01324	0.02098	0.25303	0.27869	0.01427	0.05674	0.06339	0.04949	0.03622	0.06438	0.02075	0.04175	0.00721	0.00655	0.00204	0.00736	0.00659	0.00398	0.00867
26	0.01146	0.00884	0.01032	0.03769	0.04018	0.04321	0.00759	0.01463	0.06342	0.06187	0.21838	0.18470	0.14805	0.08542	0.00986	0.00259	0.00471	0.03473	0.00590	0.00645
27	0.01432	0.04086	0.05594	0.03855	0.14555	0.01143	0.01120	0.06650	0.08349	0.08412	0.09303	0.08226	0.15690	0.01060	0.00681	0.00206	0.00551	0.03533	0.02635	0.02919

[dist]
# distance from previous block
# <min> <max>
0	6

[block]
# block no. 8 follows, 34 sequences, length 21
# corresponding to MSA columns:
# 266-286
name=unknown_I
#
# <colnr> <probs for GDERKNQSTAVLIFYWHMCP>
#	G	D	E	R	K	N	Q	S	T	A	V	L	I	F	Y	W	H	M	C	P
0	0.04222	0.25569	0.10138	0.01785	0.13382	0.07021	0.03838	0.07757	0.09594	0.06261	0.01426	0.03805	0.01164	0.00687	0.00568	0.00182	0.00737	0.00543	0.00406	0.00916
1	0.16145	0.18154	0.06878	0.03712	0.01807	0.16266	0.01135	0.07511	0.04034	0.04805	0.01235	0.03388	0.01027	0.00823	0.03043	0.00206	0.02714	0.00481	0.00391	0.06245
2	0.19177	0.10029	0.11184	0.04238	0.05836	0.15956	0.01255	0.06387	0.07590	0.06977	0.02878	0.03324	0.01174	0.00708	0.00559	0.00190	0.00749	0.00520	0.00423	0.00847
3	0.04434	0.01344	0.06485	0.04275	0.01584	0.07366	0.00987	0.13817	0.03855	0.06614	0.10564	0.11231	0.10610	0.05646	0.05856	0.00291	0.00683	0.03068	0.00539	0.00750
4	0.01010	0.00730	0.00910	0.00869	0.01056	0.00672	0.00644	0.01344	0.05699	0.04687	0.39735	0.20721	0.10871	0.01403	0.00746	0.00211	0.00355	0.01237	0.00652	0.06445
5	0.03447	0.06937	0.01714	0.17207	0.04622	0.03020	0.08106	0.03124	0.08329	0.01977	0.08600	0.14387	0.06631	0.03693	0.03178	0.00253	0.00673	0.00903	0.02478	0.00721
6	0.01289	0.00684	0.00693	0.00662	0.00838	0.00697	0.00504	0.06232	0.01469	0.02522	0.02070	0.02351	0.01618	0.00754	0.00465	0.00154	0.00329	0.00601	0.75431	0.00636
7	0.07518	0.01434	0.03910	0.04687	0.18412	0.03793	0.03817	0.15068	0.01803	0.18851	0.04037	0.03941	0.03083	0.03611	0.02966	0.00240	0.00712	0.00662	0.00524	0.00932
8	0.04628	0.01827	0.05185	0.08825	0.30453	0.13464	0.05973	0.09282	0.06061	0.06086	0.01361	0.01597	0.01054	0.00648	0.00632	0.00195	0.00826	0.00564	0.00401	0.00941
9	0.01204	0.00602	0.00602	0.00602	0.00753	0.00602	0.00452	0.01506	0.01355	0.02409	0.02108	0.02409	0.01656	0.00753	0.00452	0.00151	0.00301	0.00602	0.80879	0.00602
10	0.07169	0.04207	0.01944	0.08320	0.06910	0.18857	0.05957	0.16839	0.03265	0.04493	0.01398	0.05785	0.01172	0.00797	0.00760	0.00201	0.07917	0.00607	0.02558	0.00843
11	0.01847	0.01462	0.04650	0.06079	0.06854	0.05721	0.03507	0.13393	0.13205	0.14447	0.08069	0.02154	0.01749	0.00964	0.03311	0.00233	0.05404	0.00664	0.05380	0.00908
12	0.01314	0.01213	0.06023	0.04400	0.08251	0.03173	0.01019	0.03388	0.13777	0.05707	0.16100	0.10614	0.13081	0.01086	0.00686	0.00203	0.00521	0.00934	0.00554	0.07958
13	0.00804	0.00604	0.00781	0.03602	0.01056	0.00565	0.00625	0.00944	0.01303	0.01702	0.06591	0.58985	0.16309	0.01879	0.00805	0.00251	0.00382	0.01682	0.00593	0.00539
14	0.81856	0.01250	0.00950	0.00850	0.01250	0.01449	0.00700	0.01899	0.01100	0.02899	0.00900	0.01050	0.00700	0.00600	0.00400	0.00200	0.00500	0.00350	0.00400	0.00700
15	0.01467	0.07486	0.22531	0.04130	0.02260	0.01446	0.13946	0.10960	0.04072	0.04007	0.06055	0.06552	0.04528	0.03785	0.03697	0.00254	0.00818	0.00734	0.00426	0.00849
16	0.01146	0.01026	0.04505	0.10974	0.10279	0.00933	0.02875	0.01493	0.03743	0.04229	0.20950	0.14179	0.10550	0.03990	0.00804	0.00223	0.00531	0.01009	0.00519	0.06040
17	0.01705	0.01645	0.06669	0.01362	0.01785	0.06014	0.01133	0.11816	0.48455	0.02738	0.05126	0.02211	0.01842	0.00836	0.00646	0.00207	0.00598	0.00680	0.00601	0.03933
18	0.04955	0.01598	0.02065	0.13534	0.17532	0.11906	0.09320	0.06680	0.08066	0.09100	0.05297	0.01928	0.01409	0.02935	0.00724	0.00212	0.00788	0.00629	0.00442	0.00878
19	0.06109	0.50747	0.17190	0.01290	0.01899	0.06986	0.01354	0.04738	0.01414	0.01806	0.00983	0.01131	0.00831	0.00584	0.00474	0.00159	0.00765	0.00386	0.00301	0.00853
20	0.24719	0.04144	0.06494	0.03909	0.13678	0.06498	0.04820	0.09728	0.01492	0.02438	0.01124	0.01375	0.00898	0.00668	0.00696	0.00196	0.08153	0.00485	0.02866	0.05619

[dist]
# distance from previous block
# <min> <max>
0	1

[block]
# block no. 9 follows, 34 sequences, length 14
# corresponding to MSA columns:
# 288-301
name=unknown_J
#
# <colnr> <probs for GDERKNQSTAVLIFYWHMCP>
#	G	D	E	R	K	N	Q	S	T	A	V	L	I	F	Y	W	H	M	C	P
0	0.00970	0.00712	0.00878	0.00938	0.01057	0.00689	0.00673	0.07816	0.01495	0.01978	0.08501	0.52534	0.12104	0.01795	0.00799	0.00248	0.00409	0.05197	0.00612	0.00593
1	0.00967	0.00655	0.00859	0.00879	0.01000	0.00664	0.00645	0.01159	0.01259	0.04234	0.09085	0.21138	0.11241	0.07940	0.27086	0.00539	0.00859	0.01097	0.08122	0.00571
2	0.06359	0.01519	0.02214	0.19165	0.37893	0.07552	0.04482	0.04021	0.01513	0.02103	0.05999	0.01779	0.01294	0.00655	0.00635	0.00197	0.00786	0.00596	0.00355	0.00882
3	0.00789	0.00616	0.00696	0.00754	0.00883	0.00545	0.00524	0.00918	0.01334	0.01664	0.04990	0.33301	0.40144	0.08572	0.01014	0.00272	0.00372	0.01508	0.00581	0.00524
4	0.08456	0.01520	0.06359	0.05105	0.05971	0.13063	0.01177	0.01660	0.01239	0.01749	0.01324	0.04057	0.01225	0.05038	0.21654	0.00458	0.14554	0.00598	0.00339	0.04453
5	0.01599	0.01535	0.02623	0.03966	0.73262	0.01535	0.01983	0.01983	0.01471	0.02111	0.01215	0.01599	0.01023	0.00576	0.00640	0.00192	0.00768	0.00576	0.00320	0.01023
6	0.01138	0.00648	0.01053	0.00980	0.01030	0.00647	0.05306	0.00942	0.00899	0.01208	0.01170	0.01982	0.01141	0.02280	0.06558	0.71146	0.00664	0.00582	0.00287	0.00337
7	0.01848	0.04461	0.03651	0.03690	0.18405	0.31334	0.08095	0.02188	0.03751	0.01881	0.01342	0.01788	0.01140	0.00711	0.00658	0.00188	0.02950	0.03930	0.07171	0.00817
8	0.00855	0.00621	0.00814	0.00914	0.00992	0.00592	0.00642	0.01076	0.03827	0.01888	0.17185	0.56092	0.04521	0.01832	0.00810	0.00251	0.00378	0.05523	0.00623	0.00563
9	0.01301	0.01376	0.05522	0.14478	0.15699	0.03536	0.18503	0.01705	0.03009	0.01914	0.05811	0.10490	0.06317	0.04713	0.02547	0.00254	0.00797	0.00857	0.00396	0.00774
10	0.01139	0.00706	0.01028	0.01036	0.01175	0.00648	0.04487	0.01296	0.01343	0.12311	0.03289	0.61748	0.03699	0.01763	0.00795	0.00251	0.00440	0.01603	0.00614	0.00629
11	0.01415	0.05496	0.15123	0.04746	0.05734	0.07205	0.09208	0.09067	0.01658	0.02194	0.13875	0.06305	0.07394	0.03420	0.02975	0.00242	0.00757	0.01948	0.00452	0.00787
12	0.04847	0.10680	0.02025	0.13149	0.13966	0.03834	0.04527	0.09404	0.09725	0.04711	0.05476	0.02235	0.08378	0.00811	0.00682	0.00200	0.03374	0.00669	0.00450	0.00856
13	0.10310	0.03650	0.06222	0.03953	0.01872	0.23802	0.01164	0.16062	0.06596	0.07126	0.01744	0.07786	0.03163	0.00865	0.00620	0.00198	0.00784	0.02756	0.00485	0.00842

[dist]
# distance from previous block
# <min> <max>
1	9

[block]
# block no. 10 follows, 34 sequences, length 30
# corresponding to MSA columns:
# 311-340
name=unknown_K
#
# <colnr> <probs for GDERKNQSTAVLIFYWHMCP>
#	G	D	E	R	K	N	Q	S	T	A	V	L	I	F	Y	W	H	M	C	P
0	0.01482	0.06244	0.03406	0.10027	0.10869	0.05715	0.01215	0.06024	0.22539	0.02198	0.06777	0.05624	0.03942	0.02623	0.05892	0.00273	0.03094	0.00730	0.00481	0.00845
1	0.00926	0.00649	0.00810	0.00807	0.00858	0.00676	0.00530	0.01017	0.01036	0.01414	0.05713	0.03840	0.05247	0.48857	0.24224	0.00710	0.00925	0.00895	0.00403	0.00464
2	0.04078	0.18391	0.01922	0.05556	0.04432	0.03587	0.01000	0.07582	0.01514	0.06386	0.01227	0.01389	0.00983	0.00569	0.00504	0.00137	0.00599	0.00431	0.02653	0.37059
3	0.04601	0.01124	0.01431	0.04833	0.01701	0.00957	0.04931	0.03792	0.01438	0.07784	0.01938	0.02224	0.08769	0.02817	0.00640	0.00158	0.00539	0.02634	0.00446	0.47243
4	0.01556	0.06068	0.35698	0.03828	0.06286	0.01429	0.01704	0.10997	0.01629	0.08698	0.04694	0.01966	0.05066	0.01054	0.06277	0.00263	0.00858	0.00601	0.00414	0.00912
5	0.01526	0.16245	0.02042	0.01463	0.04330	0.14247	0.11033	0.05770	0.01497	0.01833	0.01930	0.15195	0.05272	0.03531	0.06269	0.01902	0.00819	0.00814	0.03558	0.00724
6	0.05671	0.26606	0.10435	0.01324	0.01725	0.01855	0.01251	0.07643	0.01405	0.06151	0.03999	0.01574	0.01182	0.01195	0.08502	0.00284	0.17498	0.00515	0.00370	0.00814
7	0.00866	0.00659	0.00796	0.00762	0.00935	0.00589	0.00571	0.01125	0.01714	0.02317	0.51406	0.05278	0.27783	0.01423	0.00763	0.00208	0.00312	0.01232	0.00675	0.00589
8	0.00995	0.00772	0.00875	0.00883	0.01052	0.02585	0.00649	0.01338	0.07981	0.04003	0.22342	0.26708	0.22687	0.01557	0.00767	0.00228	0.00387	0.02936	0.00633	0.00621
9	0.01745	0.01115	0.01277	0.01136	0.01421	0.04089	0.00887	0.18423	0.01829	0.17444	0.02683	0.19926	0.06047	0.06700	0.05445	0.00302	0.00645	0.07480	0.00612	0.00796
10	0.06655	0.01533	0.01991	0.04476	0.02120	0.01640	0.12889	0.32609	0.12672	0.06693	0.04215	0.02113	0.05800	0.00808	0.00664	0.00205	0.00694	0.00691	0.00572	0.00961
11	0.00789	0.00597	0.00731	0.00835	0.00932	0.00539	0.00583	0.00925	0.01319	0.01690	0.04473	0.52565	0.25375	0.01896	0.00808	0.00250	0.00368	0.04190	0.00600	0.00534
12	0.00920	0.00688	0.00848	0.00906	0.01024	0.00668	0.00650	0.03430	0.04974	0.01898	0.11475	0.41967	0.14834	0.04985	0.03394	0.00288	0.00447	0.05425	0.00599	0.00582
13	0.02223	0.02663	0.06727	0.01575	0.01980	0.49232	0.01273	0.15118	0.04977	0.02128	0.01476	0.01572	0.04771	0.00743	0.00609	0.00179	0.00995	0.00515	0.00415	0.00828
14	0.01299	0.01164	0.08586	0.01090	0.01362	0.03158	0.02844	0.03284	0.04974	0.08994	0.06347	0.14275	0.12689	0.10630	0.05147	0.00311	0.04563	0.00969	0.07623	0.00692
15	0.01158	0.00831	0.00958	0.00945	0.01127	0.02917	0.00699	0.05084	0.05597	0.07384	0.19008	0.32076	0.14882	0.01540	0.00764	0.00230	0.00420	0.03089	0.00637	0.00656
16	0.01785	0.04712	0.02163	0.09284	0.33838	0.24417	0.01560	0.03999	0.01625	0.01950	0.05134	0.01777	0.03599	0.00690	0.00625	0.00186	0.00857	0.00575	0.00359	0.00867
17	0.16990	0.04794	0.05434	0.01231	0.01704	0.05768	0.01055	0.23981	0.01984	0.22692	0.01664	0.01717	0.01189	0.03747	0.00685	0.00209	0.00650	0.00548	0.03015	0.00943
18	0.01900	0.02225	0.01947	0.01685	0.01954	0.39203	0.07883	0.02211	0.06082	0.01686	0.01177	0.01499	0.01005	0.01207	0.08680	0.00291	0.17738	0.00531	0.00344	0.00751
19	0.09439	0.01623	0.01767	0.01366	0.01869	0.01750	0.01128	0.51845	0.02638	0.17549	0.01689	0.01634	0.01162	0.00765	0.00626	0.00196	0.00661	0.00575	0.00655	0.01064
20	0.16014	0.01365	0.06250	0.01149	0.01552	0.01356	0.00974	0.07210	0.30468	0.10240	0.04547	0.02224	0.04069	0.00822	0.00593	0.00203	0.00522	0.00649	0.08893	0.00900
21	0.01220	0.01148	0.01938	0.75739	0.04450	0.01436	0.01794	0.01651	0.01292	0.01651	0.01148	0.01723	0.00861	0.00646	0.00646	0.00215	0.00861	0.00574	0.00287	0.00718
22	0.00967	0.00774	0.01115	0.03466	0.03558	0.00875	0.00857	0.01193	0.01205	0.01692	0.10498	0.10601	0.08205	0.03299	0.41592	0.00677	0.07494	0.00903	0.00428	0.00602
23	0.01129	0.00796	0.00900	0.00846	0.01055	0.00764	0.00627	0.01541	0.11634	0.07902	0.17194	0.04763	0.29792	0.14678	0.01186	0.00288	0.00429	0.03222	0.00609	0.00646
24	0.01154	0.01007	0.01087	0.01088	0.01190	0.08804	0.00798	0.01289	0.01316	0.04496	0.04965	0.42177	0.10149	0.03988	0.01070	0.00258	0.12702	0.01337	0.00524	0.00601
25	0.00800	0.00583	0.00753	0.00864	0.00934	0.00537	0.00590	0.00940	0.01330	0.01769	0.11909	0.61151	0.11657	0.01902	0.00811	0.00251	0.00362	0.01710	0.00613	0.00537
26	0.01588	0.01474	0.03669	0.18825	0.37539	0.01553	0.04279	0.10981	0.01582	0.02188	0.01223	0.01629	0.00988	0.00731	0.00820	0.04295	0.04797	0.00580	0.00351	0.00906
27	0.04486	0.06656	0.03475	0.01142	0.01481	0.06160	0.00950	0.21028	0.04616	0.06802	0.01820	0.01984	0.03899	0.01020	0.03856	0.03238	0.04653	0.00591	0.21327	0.00814
28	0.26163	0.04482	0.16350	0.03932	0.13023	0.07646	0.02840	0.05702	0.01431	0.04654	0.01125	0.01332	0.00869	0.00628	0.00587	0.00192	0.02966	0.00461	0.00369	0.05250
29	0.08844	0.19178	0.10734	0.07357	0.06391	0.06071	0.06364	0.12220	0.08832	0.03741	0.01306	0.01471	0.01014	0.00668	0.00621	0.00190	0.03190	0.00514	0.00401	0.00894

[dist]
# distance from previous block
# <min> <max>
1	5

[block]
# block no. 11 follows, 34 sequences, length 18
# corresponding to MSA columns:
# 346-363
name=unknown_L
#
# <colnr> <probs for GDERKNQSTAVLIFYWHMCP>
#	G	D	E	R	K	N	Q	S	T	A	V	L	I	F	Y	W	H	M	C	P
0	0.04473	0.03556	0.09391	0.12222	0.06946	0.04723	0.16832	0.05355	0.02707	0.05052	0.05158	0.03161	0.03431	0.00748	0.00783	0.00205	0.07512	0.00653	0.00391	0.06701
1	0.00971	0.00690	0.00825	0.00842	0.01009	0.00639	0.00615	0.01226	0.04991	0.06214	0.12637	0.29634	0.29604	0.01824	0.04951	0.00277	0.00443	0.01390	0.00614	0.00605
2	0.00996	0.00703	0.00980	0.00977	0.01094	0.00685	0.03387	0.01168	0.01325	0.05320	0.12873	0.34809	0.07554	0.11900	0.07711	0.00366	0.02325	0.04695	0.00557	0.00575
3	0.00844	0.00633	0.00753	0.00768	0.00917	0.00567	0.00559	0.01054	0.01546	0.02067	0.30487	0.21914	0.29102	0.01572	0.00764	0.00220	0.00329	0.01369	0.03967	0.00567
4	0.01122	0.00561	0.00842	0.00842	0.00842	0.00561	0.00561	0.00842	0.00842	0.01122	0.01122	0.01964	0.01122	0.02245	0.02525	0.81201	0.00561	0.00561	0.00281	0.00281
5	0.01002	0.00692	0.00849	0.00841	0.01015	0.00633	0.00627	0.01271	0.03875	0.06771	0.30010	0.21067	0.23377	0.01532	0.00770	0.00224	0.00360	0.03809	0.00656	0.00618
6	0.00929	0.00622	0.00708	0.00719	0.00722	0.00619	0.00407	0.00937	0.00961	0.01282	0.02147	0.09531	0.02490	0.71798	0.03109	0.00600	0.00608	0.01005	0.00407	0.00401
7	0.18845	0.01482	0.01467	0.01197	0.01631	0.09742	0.00967	0.16740	0.04388	0.28692	0.07027	0.01911	0.01568	0.00779	0.00598	0.00196	0.00624	0.00588	0.00620	0.00938
8	0.00895	0.00701	0.00817	0.00797	0.00972	0.00660	0.00590	0.01210	0.06140	0.02055	0.28947	0.08602	0.32090	0.06061	0.06303	0.00298	0.00453	0.01204	0.00613	0.00592
9	0.49876	0.24181	0.01765	0.01009	0.01448	0.09280	0.00877	0.01980	0.01238	0.02354	0.00909	0.01058	0.00752	0.00593	0.00423	0.00178	0.00625	0.00355	0.00356	0.00743
10	0.01178	0.00882	0.00983	0.00925	0.01147	0.00882	0.00697	0.13698	0.06335	0.02353	0.12592	0.22795	0.24349	0.01429	0.00728	0.00218	0.00415	0.01224	0.06486	0.00682
11	0.19156	0.13036	0.05066	0.03871	0.01784	0.16877	0.01109	0.15007	0.04474	0.02460	0.01363	0.01741	0.01133	0.00739	0.00550	0.00188	0.00735	0.04923	0.04973	0.00816
