[name]
unknown

[dist]
# distance from previous block
# <min> <max>
0	19

[block]
# block no. 0 follows, 31 sequences, length 58
# corresponding to MSA columns:
# 19-76
name=unknown_A
#
# <colnr> <probs for GDERKNQSTAVLIFYWHMCP>
#	G	D	E	R	K	N	Q	S	T	A	V	L	I	F	Y	W	H	M	C	P
0	0.01724	0.01544	0.02383	0.21195	0.24269	0.01696	0.07696	0.15135	0.05762	0.02507	0.01514	0.02032	0.01224	0.00771	0.00785	0.00224	0.04611	0.03535	0.00429	0.00965
1	0.01552	0.04768	0.03912	0.07183	0.10242	0.04890	0.14086	0.04099	0.07041	0.04044	0.06413	0.09962	0.03849	0.00959	0.00889	0.00224	0.09061	0.00835	0.00455	0.05535
2	0.01137	0.00953	0.00992	0.00928	0.01173	0.05026	0.00703	0.01533	0.08183	0.03969	0.25518	0.06890	0.30478	0.01590	0.04212	0.00259	0.00495	0.01174	0.00643	0.04144
3	0.01041	0.00753	0.01021	0.01004	0.01102	0.00839	0.00731	0.03595	0.01142	0.01602	0.01929	0.03221	0.01939	0.27581	0.48377	0.00928	0.01421	0.00812	0.00393	0.00568
4	0.08551	0.00871	0.01068	0.09985	0.01563	0.00885	0.00827	0.01624	0.03451	0.10248	0.07254	0.14371	0.15276	0.04820	0.00912	0.03223	0.00506	0.03911	0.09963	0.00690
5	0.01029	0.00772	0.01120	0.01205	0.05347	0.00857	0.00848	0.01258	0.01155	0.01660	0.02096	0.02994	0.05067	0.11922	0.54480	0.00912	0.01502	0.00782	0.04375	0.00618
6	0.00995	0.00663	0.00746	0.00746	0.00746	0.00663	0.00415	0.00995	0.00995	0.01327	0.02156	0.04477	0.02487	0.75957	0.03482	0.00663	0.00663	0.00995	0.00415	0.00415
7	0.01188	0.00594	0.00891	0.00891	0.00891	0.00594	0.00594	0.00891	0.00891	0.01188	0.01188	0.02080	0.01188	0.02377	0.02674	0.80095	0.00594	0.00594	0.00297	0.00297
8	0.00911	0.00713	0.00807	0.00851	0.01015	0.00647	0.00610	0.04479	0.01536	0.01930	0.05288	0.36253	0.38771	0.01864	0.00830	0.00250	0.00389	0.01619	0.00638	0.00598
9	0.00995	0.00663	0.00746	0.00746	0.00746	0.00663	0.00415	0.00995	0.00995	0.01327	0.02156	0.04477	0.02487	0.75957	0.03482	0.00663	0.00663	0.00995	0.00415	0.00415
10	0.80789	0.01323	0.01006	0.00900	0.01323	0.01535	0.00741	0.02011	0.01164	0.03070	0.00953	0.01111	0.00741	0.00635	0.00423	0.00212	0.00529	0.00370	0.00423	0.00741
11	0.00839	0.00598	0.00792	0.00946	0.00985	0.00559	0.00628	0.00954	0.01300	0.01733	0.03720	0.73281	0.04461	0.04460	0.00955	0.00290	0.00405	0.01915	0.00628	0.00551
12	0.00855	0.00681	0.00766	0.00775	0.00960	0.00592	0.00570	0.01060	0.01623	0.02071	0.23563	0.16215	0.44445	0.01704	0.00818	0.00234	0.00348	0.01462	0.00667	0.00592
13	0.02556	0.03261	0.01939	0.01763	0.02115	0.73210	0.01322	0.02732	0.01939	0.01674	0.01058	0.01234	0.00881	0.00705	0.00617	0.00176	0.01234	0.00441	0.00353	0.00793
14	0.02556	0.03261	0.01939	0.01763	0.02115	0.73210	0.01322	0.02732	0.01939	0.01674	0.01058	0.01234	0.00881	0.00705	0.00617	0.00176	0.01234	0.00441	0.00353	0.00793
15	0.00947	0.00698	0.00885	0.00838	0.01009	0.00636	0.00629	0.01250	0.01886	0.02623	0.62683	0.05308	0.15175	0.01443	0.00807	0.00217	0.00326	0.01265	0.00737	0.00636
16	0.00834	0.00595	0.00794	0.00953	0.00992	0.00556	0.00635	0.00953	0.01310	0.01746	0.03771	0.75510	0.04525	0.02143	0.00873	0.00278	0.00397	0.01945	0.00635	0.00556
17	0.00977	0.00733	0.01100	0.01100	0.01222	0.00855	0.00855	0.01222	0.01100	0.01588	0.01833	0.02688	0.01710	0.05131	0.73245	0.01100	0.01833	0.00733	0.00367	0.00611
18	0.00968	0.00699	0.00914	0.00861	0.01022	0.00646	0.00646	0.01291	0.01937	0.02743	0.71328	0.05110	0.06455	0.01399	0.00807	0.00215	0.00323	0.01237	0.00753	0.00646
19	0.00968	0.00699	0.00914	0.00861	0.01022	0.00646	0.00646	0.01291	0.01937	0.02743	0.71328	0.05110	0.06455	0.01399	0.00807	0.00215	0.00323	0.01237	0.00753	0.00646
20	0.00809	0.00693	0.00693	0.00693	0.00924	0.00578	0.00520	0.00982	0.01559	0.01848	0.06931	0.06584	0.71411	0.01733	0.00809	0.00231	0.00347	0.01444	0.00635	0.00578
21	0.00833	0.00599	0.00790	0.00943	0.00990	0.00557	0.00631	0.00954	0.01319	0.01750	0.03888	0.72942	0.07017	0.02128	0.00871	0.00276	0.00395	0.01926	0.00635	0.00557
22	0.02545	0.01809	0.01967	0.01516	0.02043	0.01979	0.01249	0.61966	0.03076	0.08286	0.05280	0.01861	0.01467	0.00852	0.00691	0.00206	0.00721	0.00652	0.00698	0.01137
23	0.03070	0.01164	0.01588	0.01217	0.01746	0.01006	0.01006	0.03334	0.01958	0.72163	0.02699	0.02329	0.01694	0.00847	0.00688	0.00212	0.00582	0.00688	0.00847	0.01164
24	0.03070	0.01164	0.01588	0.01217	0.01746	0.01006	0.01006	0.03334	0.01958	0.72163	0.02699	0.02329	0.01694	0.00847	0.00688	0.00212	0.00582	0.00688	0.00847	0.01164
25	0.01627	0.00904	0.01149	0.01009	0.01289	0.00840	0.00792	0.06096	0.01905	0.21088	0.33410	0.04451	0.10510	0.05681	0.00936	0.00249	0.00465	0.06072	0.00733	0.00795
26	0.01829	0.76368	0.03585	0.01171	0.01756	0.02707	0.01171	0.02049	0.01390	0.01610	0.00951	0.01097	0.00878	0.00585	0.00439	0.00146	0.00732	0.00366	0.00293	0.00878
27	0.00811	0.00684	0.00702	0.00717	0.00930	0.00576	0.00530	0.00979	0.01537	0.01839	0.06643	0.12863	0.65318	0.01770	0.00814	0.00235	0.00351	0.01490	0.00635	0.00576
28	0.01075	0.00726	0.00931	0.00864	0.01054	0.00660	0.00653	0.01379	0.01898	0.06742	0.60409	0.05104	0.13105	0.01402	0.00800	0.00217	0.00341	0.01227	0.00746	0.00669
29	0.73371	0.01432	0.04119	0.01113	0.05001	0.01542	0.00886	0.02022	0.01196	0.02989	0.00981	0.01155	0.00764	0.00634	0.00446	0.00211	0.00564	0.00388	0.00413	0.00770
30	0.01399	0.01200	0.01387	0.01013	0.01592	0.00928	0.00807	0.01766	0.04348	0.02237	0.01575	0.01732	0.04669	0.00587	0.00530	0.00114	0.00500	0.00474	0.00429	0.72712
31	0.15301	0.01842	0.01970	0.05581	0.10928	0.10838	0.04532	0.24294	0.12801	0.03050	0.01552	0.01669	0.01172	0.00747	0.00639	0.00209	0.00778	0.00585	0.00521	0.00991
32	0.00956	0.00703	0.00885	0.00986	0.01077	0.00683	0.00681	0.04080	0.04713	0.01956	0.06532	0.63023	0.07173	0.01980	0.00851	0.00268	0.00414	0.01781	0.00645	0.00612
33	0.01419	0.01216	0.01419	0.01013	0.01621	0.00912	0.00811	0.01723	0.01419	0.02229	0.01216	0.01419	0.01013	0.00507	0.00507	0.00101	0.00507	0.00405	0.00405	0.80139
34	0.01693	0.01626	0.02777	0.04199	0.71689	0.01626	0.02100	0.02100	0.01558	0.02235	0.01287	0.01693	0.01084	0.00610	0.00677	0.00203	0.00813	0.00610	0.00339	0.01084
35	0.02569	0.01779	0.01945	0.01512	0.02041	0.01941	0.01242	0.54653	0.09780	0.12568	0.01887	0.01818	0.01322	0.00835	0.00686	0.00209	0.00711	0.00641	0.00706	0.01156
36	0.00880	0.00665	0.00820	0.00931	0.01026	0.00627	0.00640	0.01116	0.05434	0.01831	0.04297	0.58470	0.16741	0.01996	0.00851	0.00266	0.00396	0.01783	0.00639	0.00591
37	0.00942	0.00698	0.00878	0.00833	0.01006	0.00634	0.00625	0.01240	0.01874	0.02595	0.60624	0.05355	0.17252	0.01454	0.00807	0.00218	0.00327	0.01272	0.00734	0.00634
38	0.00834	0.00595	0.00794	0.00953	0.00992	0.00556	0.00635	0.00953	0.01310	0.01746	0.03771	0.75510	0.04525	0.02143	0.00873	0.00278	0.00397	0.01945	0.00635	0.00556
39	0.00834	0.00595	0.00794	0.00953	0.00992	0.00556	0.00635	0.00953	0.01310	0.01746	0.03771	0.75510	0.04525	0.02143	0.00873	0.00278	0.00397	0.01945	0.00635	0.00556
40	0.02174	0.00972	0.01289	0.01092	0.01436	0.00876	0.00854	0.02447	0.03585	0.41882	0.12263	0.11655	0.02868	0.09424	0.01046	0.00275	0.00535	0.03665	0.00749	0.00915
41	0.01829	0.76368	0.03585	0.01171	0.01756	0.02707	0.01171	0.02049	0.01390	0.01610	0.00951	0.01097	0.00878	0.00585	0.00439	0.00146	0.00732	0.00366	0.00293	0.00878
42	0.00809	0.00693	0.00693	0.00693	0.00924	0.00578	0.00520	0.00982	0.01559	0.01848	0.06931	0.06584	0.71411	0.01733	0.00809	0.00231	0.00347	0.01444	0.00635	0.00578
43	0.00916	0.00657	0.00840	0.00954	0.01012	0.00637	0.00647	0.01108	0.04126	0.01772	0.05386	0.54734	0.04113	0.14009	0.01291	0.00339	0.00459	0.05833	0.00605	0.00562
44	0.01419	0.01216	0.01419	0.01013	0.01621	0.00912	0.00811	0.01723	0.01419	0.02229	0.01216	0.01419	0.01013	0.00507	0.00507	0.00101	0.00507	0.00405	0.00405	0.80139
45	0.02627	0.01674	0.01866	0.01440	0.01960	0.01786	0.01186	0.50725	0.02832	0.19287	0.01912	0.01849	0.01316	0.00826	0.00673	0.00204	0.00689	0.00633	0.05384	0.01133
46	0.00927	0.00635	0.00766	0.00833	0.00850	0.00618	0.00508	0.00977	0.01128	0.01504	0.02838	0.34476	0.03348	0.44784	0.02380	0.00500	0.00551	0.01396	0.00508	0.00474
47	0.01226	0.00874	0.01010	0.00970	0.01187	0.00857	0.00717	0.05455	0.11035	0.06985	0.13873	0.23448	0.22340	0.05666	0.00942	0.00262	0.00440	0.01332	0.00665	0.00715
48	0.00860	0.00691	0.00759	0.00749	0.00947	0.00599	0.00554	0.01067	0.01636	0.02073	0.24427	0.08149	0.49036	0.04315	0.00906	0.00244	0.00353	0.01386	0.00660	0.00590
49	0.01693	0.01626	0.02777	0.04199	0.71689	0.01626	0.02100	0.02100	0.01558	0.02235	0.01287	0.01693	0.01084	0.00610	0.00677	0.00203	0.00813	0.00610	0.00339	0.01084
50	0.00859	0.00625	0.00781	0.00884	0.00975	0.00572	0.00609	0.01015	0.01422	0.01893	0.10949	0.53116	0.16979	0.01944	0.00840	0.00259	0.00377	0.01734	0.03594	0.00572
51	0.01444	0.01023	0.01139	0.01032	0.01309	0.01047	0.00793	0.12987	0.12815	0.06212	0.12712	0.14598	0.18190	0.01314	0.00734	0.00222	0.00458	0.01113	0.10057	0.00798
52	0.02717	0.01402	0.01688	0.01316	0.01814	0.01393	0.01078	0.28184	0.02384	0.40369	0.02325	0.05254	0.01618	0.00891	0.00686	0.00210	0.00627	0.00713	0.04217	0.01115
53	0.01419	0.01216	0.01419	0.01013	0.01621	0.00912	0.00811	0.01723	0.01419	0.02229	0.01216	0.01419	0.01013	0.00507	0.00507	0.00101	0.00507	0.00405	0.00405	0.80139
54	0.00988	0.00660	0.00748	0.00755	0.00757	0.00659	0.00424	0.00993	0.01009	0.01345	0.02226	0.07560	0.02576	0.72753	0.03369	0.00647	0.00652	0.01036	0.00424	0.00421
55	0.01019	0.00706	0.00813	0.00799	0.00824	0.00731	0.00489	0.01058	0.01053	0.01434	0.02371	0.04320	0.06421	0.62555	0.05315	0.00612	0.04182	0.00979	0.03864	0.00456
56	0.01102	0.00880	0.00931	0.00858	0.01127	0.00822	0.00666	0.11280	0.01847	0.02314	0.12587	0.05726	0.52381	0.01567	0.00794	0.00228	0.00413	0.03151	0.00654	0.00674
57	0.01611	0.22101	0.06696	0.01802	0.04866	0.02160	0.07271	0.01969	0.05327	0.01809	0.01100	0.01485	0.00981	0.00906	0.01381	0.00239	0.36565	0.00558	0.00326	0.00847

[dist]
# distance from previous block
# <min> <max>
0	6

[block]
# block no. 1 follows, 31 sequences, length 24
# corresponding to MSA columns:
# 83-106
name=unknown_B
#
# <colnr> <probs for GDERKNQSTAVLIFYWHMCP>
#	G	D	E	R	K	N	Q	S	T	A	V	L	I	F	Y	W	H	M	C	P
0	0.01542	0.01405	0.02233	0.25923	0.31538	0.01573	0.01768	0.07133	0.01532	0.02113	0.01338	0.01912	0.01127	0.04588	0.05485	0.00297	0.06603	0.00635	0.00357	0.00899
1	0.01008	0.00715	0.00806	0.00796	0.01011	0.00616	0.00592	0.01198	0.01599	0.07377	0.14335	0.16967	0.47148	0.01686	0.00809	0.00235	0.00370	0.01438	0.00667	0.00628
2	0.04642	0.01666	0.04258	0.06003	0.19406	0.05007	0.08774	0.09319	0.07020	0.07985	0.01492	0.01724	0.01151	0.00718	0.00791	0.00204	0.06992	0.00602	0.00450	0.11797
3	0.01047	0.00836	0.01233	0.01193	0.01299	0.01022	0.00941	0.01279	0.01093	0.01596	0.01707	0.02528	0.01601	0.04602	0.63700	0.00992	0.11630	0.00715	0.00357	0.00629
4	0.04116	0.11821	0.02203	0.15077	0.05790	0.06210	0.01396	0.25806	0.04547	0.05220	0.01401	0.01602	0.01071	0.00764	0.00758	0.00204	0.06717	0.00561	0.00481	0.04253
5	0.01396	0.01326	0.01705	0.06449	0.10139	0.08543	0.03947	0.03261	0.03669	0.01848	0.01908	0.02598	0.05644	0.04280	0.27146	0.00557	0.11335	0.03105	0.00393	0.00749
6	0.01292	0.01216	0.02052	0.74312	0.04712	0.01520	0.01900	0.01748	0.01368	0.01748	0.01216	0.01824	0.00912	0.00684	0.00684	0.00228	0.00912	0.00608	0.00304	0.00760
7	0.00847	0.00695	0.00746	0.00733	0.00948	0.00594	0.00550	0.01056	0.01650	0.02062	0.22325	0.06232	0.55884	0.01653	0.00808	0.00227	0.00341	0.01394	0.00663	0.00594
8	0.09260	0.00785	0.00938	0.00895	0.01089	0.00755	0.00661	0.01245	0.01290	0.04103	0.07454	0.11345	0.18154	0.02066	0.09441	0.21215	0.00623	0.00961	0.00490	0.07231
9	0.04943	0.01301	0.01488	0.01221	0.01625	0.01341	0.00992	0.28382	0.02287	0.19499	0.08040	0.04785	0.05055	0.02566	0.00751	0.00223	0.00589	0.05218	0.08733	0.00961
10	0.00832	0.00601	0.00788	0.00937	0.00988	0.00557	0.00628	0.00954	0.01325	0.01753	0.03960	0.71373	0.08540	0.02119	0.00869	0.00275	0.00394	0.01915	0.00635	0.00557
11	0.00844	0.00701	0.00743	0.00750	0.00970	0.00599	0.00575	0.01041	0.01591	0.01936	0.11893	0.06552	0.60937	0.01718	0.00819	0.00236	0.00366	0.06497	0.00644	0.00587
12	0.06643	0.00814	0.00985	0.00957	0.01175	0.00768	0.00727	0.01583	0.03001	0.13615	0.15762	0.21513	0.15822	0.05850	0.00944	0.00268	0.00456	0.07754	0.00664	0.00698
13	0.01038	0.00751	0.00963	0.01060	0.01169	0.00747	0.00787	0.04474	0.04334	0.01994	0.05722	0.44438	0.04032	0.07297	0.01062	0.00308	0.00495	0.18085	0.00627	0.00618
14	0.08639	0.01870	0.01972	0.01522	0.02060	0.02076	0.01257	0.64203	0.03058	0.04216	0.01589	0.01602	0.01131	0.00807	0.00664	0.00206	0.00736	0.00597	0.00664	0.01131
15	0.11414	0.00810	0.00830	0.00801	0.01007	0.00837	0.00612	0.03588	0.03951	0.02574	0.12192	0.05662	0.05838	0.04121	0.00705	0.00213	0.00398	0.03616	0.40162	0.00668
16	0.04363	0.00877	0.01006	0.00961	0.01151	0.00874	0.00703	0.11667	0.01760	0.02415	0.20404	0.25362	0.14598	0.09413	0.01075	0.00282	0.00459	0.01322	0.00640	0.00668
17	0.80789	0.01323	0.01006	0.00900	0.01323	0.01535	0.00741	0.02011	0.01164	0.03070	0.00953	0.01111	0.00741	0.00635	0.00423	0.00212	0.00529	0.00370	0.00423	0.00741
18	0.01078	0.00780	0.01068	0.01212	0.01376	0.00770	0.01053	0.01381	0.01574	0.02031	0.03900	0.07622	0.09607	0.01877	0.00933	0.00308	0.00606	0.61569	0.00630	0.00626
19	0.00981	0.00692	0.00822	0.00834	0.00971	0.00636	0.00589	0.01143	0.01457	0.04389	0.16192	0.17989	0.25358	0.18487	0.03364	0.00360	0.00483	0.04074	0.00607	0.00573
20	0.00901	0.00624	0.00815	0.00953	0.01010	0.00593	0.00661	0.01045	0.01324	0.01798	0.03549	0.58796	0.04152	0.07191	0.01040	0.00302	0.00436	0.08884	0.05368	0.00559
21	0.00968	0.00699	0.00914	0.00861	0.01022	0.00646	0.00646	0.01291	0.01937	0.02743	0.71328	0.05110	0.06455	0.01399	0.00807	0.00215	0.00323	0.01237	0.00753	0.00646
22	0.02701	0.01755	0.01953	0.01497	0.02041	0.01882	0.01237	0.55221	0.02946	0.18880	0.01869	0.01790	0.01277	0.00827	0.00685	0.00207	0.00716	0.00631	0.00719	0.01164
23	0.12287	0.01231	0.01389	0.07268	0.01745	0.03703	0.02784	0.11786	0.11100	0.05350	0.02158	0.12568	0.02026	0.12025	0.04546	0.00333	0.00700	0.03517	0.02694	0.00790

[dist]
# distance from previous block
# <min> <max>
0	2

[block]
# block no. 2 follows, 31 sequences, length 33
# corresponding to MSA columns:
# 109-141
name=unknown_C
#
# <colnr> <probs for GDERKNQSTAVLIFYWHMCP>
#	G	D	E	R	K	N	Q	S	T	A	V	L	I	F	Y	W	H	M	C	P
0	0.18786	0.01398	0.01933	0.18673	0.24750	0.01543	0.01507	0.08669	0.03909	0.02532	0.05241	0.01858	0.01343	0.00917	0.03987	0.00254	0.00778	0.00604	0.00420	0.00897
1	0.02241	0.04856	0.02156	0.11161	0.11521	0.19909	0.01473	0.30162	0.05007	0.02894	0.01414	0.01585	0.01076	0.00742	0.00658	0.00199	0.00893	0.00567	0.00493	0.00995
2	0.00847	0.00610	0.00805	0.00946	0.01003	0.00568	0.00644	0.00985	0.01360	0.01811	0.07367	0.66981	0.07486	0.02080	0.00869	0.00274	0.00398	0.03763	0.00641	0.00563
3	0.18283	0.01325	0.05744	0.03199	0.06279	0.01289	0.01050	0.11245	0.07366	0.07155	0.01934	0.10522	0.01786	0.09191	0.01135	0.07260	0.00632	0.03294	0.00513	0.00798
4	0.00934	0.00672	0.00865	0.00863	0.00999	0.00617	0.00628	0.01170	0.01719	0.02370	0.47266	0.19681	0.12725	0.01633	0.00907	0.03923	0.00353	0.01376	0.00695	0.00604
5	0.01611	0.00927	0.00978	0.00872	0.01129	0.00968	0.00680	0.12114	0.07241	0.06750	0.02213	0.02401	0.01688	0.00814	0.00539	0.00175	0.00417	0.00648	0.57054	0.00782
6	0.00878	0.00691	0.00928	0.00983	0.01113	0.00628	0.03677	0.01044	0.01411	0.01814	0.04561	0.48343	0.23505	0.01941	0.00856	0.00265	0.00430	0.05727	0.00622	0.00583
7	0.01268	0.00848	0.01029	0.00996	0.01208	0.00806	0.00737	0.04454	0.06882	0.09265	0.11740	0.29960	0.13516	0.05969	0.00954	0.00266	0.00458	0.04273	0.00653	0.04720
8	0.80789	0.01323	0.01006	0.00900	0.01323	0.01535	0.00741	0.02011	0.01164	0.03070	0.00953	0.01111	0.00741	0.00635	0.00423	0.00212	0.00529	0.00370	0.00423	0.00741
9	0.00837	0.00694	0.00732	0.00722	0.00941	0.00589	0.00542	0.01036	0.01625	0.02005	0.18216	0.06326	0.60028	0.01674	0.00808	0.00228	0.00342	0.01408	0.00656	0.00589
10	0.04414	0.00990	0.01115	0.00982	0.01279	0.00988	0.00767	0.09139	0.09990	0.10714	0.23863	0.04012	0.18182	0.01197	0.00718	0.00213	0.00437	0.01001	0.09199	0.00801
11	0.00881	0.00629	0.00821	0.00956	0.01013	0.00595	0.00662	0.01013	0.01316	0.01740	0.03700	0.57283	0.06783	0.10056	0.01160	0.00322	0.00451	0.09457	0.00611	0.00550
12	0.02999	0.01180	0.01586	0.01226	0.01748	0.01041	0.01009	0.03350	0.05471	0.68608	0.02703	0.02340	0.01714	0.00851	0.00688	0.00213	0.00580	0.00692	0.00839	0.01160
13	0.02601	0.01916	0.02053	0.01574	0.02122	0.02122	0.01300	0.69408	0.03217	0.04312	0.01643	0.01643	0.01163	0.00821	0.00684	0.00205	0.00753	0.00616	0.00684	0.01163
14	0.01069	0.00751	0.00902	0.00927	0.01083	0.00715	0.00664	0.01392	0.07676	0.05922	0.12839	0.32736	0.19297	0.07936	0.01044	0.00285	0.00427	0.03042	0.00649	0.00644
15	0.02630	0.01870	0.02024	0.01552	0.02098	0.02053	0.01282	0.65316	0.03139	0.08513	0.01708	0.01685	0.01196	0.00823	0.00685	0.00206	0.00742	0.00620	0.00694	0.01164
16	0.02601	0.01916	0.02053	0.01574	0.02122	0.02122	0.01300	0.69408	0.03217	0.04312	0.01643	0.01643	0.01163	0.00821	0.00684	0.00205	0.00753	0.00616	0.00684	0.01163
17	0.80789	0.01323	0.01006	0.00900	0.01323	0.01535	0.00741	0.02011	0.01164	0.03070	0.00953	0.01111	0.00741	0.00635	0.00423	0.00212	0.00529	0.00370	0.00423	0.00741
18	0.00954	0.00649	0.00768	0.00803	0.00823	0.00636	0.00482	0.01002	0.01128	0.01514	0.06695	0.21861	0.03223	0.53464	0.02685	0.00542	0.00578	0.01241	0.00489	0.00463
19	0.80789	0.01323	0.01006	0.00900	0.01323	0.01535	0.00741	0.02011	0.01164	0.03070	0.00953	0.01111	0.00741	0.00635	0.00423	0.00212	0.00529	0.00370	0.00423	0.00741
20	0.01372	0.03539	0.72412	0.01950	0.02961	0.01589	0.02528	0.02167	0.01444	0.02167	0.01228	0.01444	0.00867	0.00650	0.00650	0.00217	0.01011	0.00506	0.00289	0.01011
21	0.01106	0.00852	0.00997	0.00927	0.01148	0.00831	0.00704	0.05677	0.09265	0.02609	0.42217	0.07714	0.20499	0.01418	0.00790	0.00222	0.00381	0.01224	0.00711	0.00705
22	0.01757	0.01497	0.01578	0.01403	0.01800	0.01727	0.01096	0.07650	0.66348	0.02950	0.02715	0.02497	0.02032	0.00922	0.00695	0.00230	0.00554	0.00764	0.00695	0.01088
23	0.00995	0.00663	0.00746	0.00746	0.00746	0.00663	0.00415	0.00995	0.00995	0.01327	0.02156	0.04477	0.02487	0.75957	0.03482	0.00663	0.00663	0.00995	0.00415	0.00415
24	0.00834	0.00595	0.00794	0.00953	0.00992	0.00556	0.00635	0.00953	0.01310	0.01746	0.03771	0.75510	0.04525	0.02143	0.00873	0.00278	0.00397	0.01945	0.00635	0.00556
25	0.01615	0.01845	0.04037	0.02884	0.03576	0.01730	0.69204	0.02191	0.01615	0.02191	0.01384	0.01845	0.01038	0.00577	0.00807	0.00231	0.01153	0.00807	0.00346	0.00923
26	0.00832	0.00601	0.00788	0.00937	0.00988	0.00557	0.00628	0.00954	0.01325	0.01753	0.03966	0.71242	0.08667	0.02118	0.00869	0.00275	0.00394	0.01914	0.00635	0.00557
27	0.01817	0.01483	0.01580	0.01396	0.01798	0.01696	0.01093	0.07637	0.63305	0.06029	0.02711	0.02487	0.02014	0.00918	0.00695	0.00230	0.00556	0.00760	0.00702	0.01091
28	0.01654	0.01593	0.02009	0.01726	0.01784	0.07754	0.01419	0.01807	0.01169	0.05597	0.01054	0.01622	0.00995	0.03649	0.02067	0.00297	0.62097	0.00604	0.00338	0.00764
29	0.01196	0.00876	0.01082	0.01046	0.01199	0.03951	0.00786	0.01465	0.03786	0.05647	0.04503	0.03127	0.04989	0.15284	0.43943	0.00805	0.01330	0.00805	0.03544	0.00637
30	0.01039	0.00804	0.01139	0.01105	0.01188	0.00955	0.00837	0.01223	0.01072	0.01541	0.01794	0.02921	0.01779	0.19219	0.50982	0.00920	0.09755	0.00772	0.00369	0.00586
31	0.15431	0.01906	0.11329	0.06286	0.24864	0.04944	0.12451	0.06127	0.01573	0.02422	0.01231	0.01553	0.00969	0.00647	0.00684	0.00210	0.02823	0.00572	0.00369	0.03609
32	0.03867	0.05628	0.17414	0.02176	0.06408	0.08033	0.21535	0.05463	0.01544	0.02128	0.01311	0.04739	0.01106	0.00802	0.00987	0.00231	0.14710	0.00669	0.00355	0.00896

[dist]
# distance from previous block
# <min> <max>
0	4

[block]
# block no. 3 follows, 31 sequences, length 59
# corresponding to MSA columns:
# 146-204
name=unknown_D
#
# <colnr> <probs for GDERKNQSTAVLIFYWHMCP>
#	G	D	E	R	K	N	Q	S	T	A	V	L	I	F	Y	W	H	M	C	P
0	0.01421	0.07658	0.03918	0.04964	0.04887	0.03013	0.01004	0.05090	0.11273	0.04968	0.21380	0.03465	0.14160	0.01065	0.00697	0.00201	0.00540	0.00892	0.00583	0.08819
1	0.11122	0.01553	0.01756	0.01360	0.01887	0.01613	0.01123	0.35844	0.02495	0.31269	0.01991	0.01860	0.01330	0.00812	0.00658	0.00209	0.00661	0.00619	0.00721	0.01119
2	0.00834	0.00595	0.00794	0.00953	0.00992	0.00556	0.00635	0.00953	0.01310	0.01746	0.03771	0.75510	0.04525	0.02143	0.00873	0.00278	0.00397	0.01945	0.00635	0.00556
3	0.02412	0.05365	0.02057	0.01735	0.02133	0.53530	0.04171	0.09596	0.08730	0.02080	0.01296	0.01426	0.01035	0.00729	0.00634	0.00186	0.01096	0.00504	0.00418	0.00868
4	0.80789	0.01323	0.01006	0.00900	0.01323	0.01535	0.00741	0.02011	0.01164	0.03070	0.00953	0.01111	0.00741	0.00635	0.00423	0.00212	0.00529	0.00370	0.00423	0.00741
5	0.01188	0.00594	0.00891	0.00891	0.00891	0.00594	0.00594	0.00891	0.00891	0.01188	0.01188	0.02080	0.01188	0.02377	0.02674	0.80095	0.00594	0.00594	0.00297	0.00297
6	0.02601	0.01916	0.02053	0.01574	0.02122	0.02122	0.01300	0.69408	0.03217	0.04312	0.01643	0.01643	0.01163	0.00821	0.00684	0.00205	0.00753	0.00616	0.00684	0.01163
7	0.02601	0.01916	0.02053	0.01574	0.02122	0.02122	0.01300	0.69408	0.03217	0.04312	0.01643	0.01643	0.01163	0.00821	0.00684	0.00205	0.00753	0.00616	0.00684	0.01163
8	0.80789	0.01323	0.01006	0.00900	0.01323	0.01535	0.00741	0.02011	0.01164	0.03070	0.00953	0.01111	0.00741	0.00635	0.00423	0.00212	0.00529	0.00370	0.00423	0.00741
9	0.01702	0.01470	0.01547	0.01392	0.01779	0.01702	0.01083	0.03635	0.70453	0.02862	0.02785	0.02553	0.02088	0.00928	0.00696	0.00232	0.00541	0.00773	0.00696	0.01083
10	0.80789	0.01323	0.01006	0.00900	0.01323	0.01535	0.00741	0.02011	0.01164	0.03070	0.00953	0.01111	0.00741	0.00635	0.00423	0.00212	0.00529	0.00370	0.00423	0.00741
11	0.64845	0.01275	0.01104	0.00966	0.01396	0.01418	0.00799	0.02200	0.01310	0.14195	0.01348	0.01588	0.01031	0.00723	0.00488	0.00216	0.00542	0.03252	0.00501	0.00805
12	0.03070	0.01164	0.01588	0.01217	0.01746	0.01006	0.01006	0.03334	0.01958	0.72163	0.02699	0.02329	0.01694	0.00847	0.00688	0.00212	0.00582	0.00688	0.00847	0.01164
13	0.80789	0.01323	0.01006	0.00900	0.01323	0.01535	0.00741	0.02011	0.01164	0.03070	0.00953	0.01111	0.00741	0.00635	0.00423	0.00212	0.00529	0.00370	0.00423	0.00741
14	0.00832	0.00621	0.00774	0.00890	0.00977	0.00563	0.00609	0.00969	0.01385	0.01799	0.06439	0.57614	0.19985	0.02027	0.00856	0.00265	0.00383	0.01809	0.00639	0.00563
15	0.01103	0.00700	0.00860	0.00855	0.00971	0.00652	0.00580	0.01245	0.01423	0.07733	0.18434	0.21921	0.11463	0.26981	0.01725	0.00385	0.00481	0.01303	0.00604	0.00581
16	0.80789	0.01323	0.01006	0.00900	0.01323	0.01535	0.00741	0.02011	0.01164	0.03070	0.00953	0.01111	0.00741	0.00635	0.00423	0.00212	0.00529	0.00370	0.00423	0.00741
17	0.13209	0.01814	0.01887	0.01474	0.01997	0.02022	0.01214	0.57124	0.06109	0.04074	0.01602	0.01613	0.01150	0.00801	0.00649	0.00207	0.00712	0.00590	0.00649	0.01102
18	0.38778	0.01277	0.01239	0.01043	0.01424	0.01387	0.00822	0.14162	0.01630	0.14155	0.01591	0.02051	0.01307	0.15185	0.01101	0.00297	0.00604	0.00586	0.00537	0.00823
19	0.07147	0.01056	0.01191	0.01051	0.01343	0.01070	0.00816	0.17385	0.01970	0.09635	0.17013	0.14211	0.12895	0.04464	0.00854	0.00243	0.00499	0.02664	0.03700	0.00791
20	0.00977	0.00733	0.01100	0.01100	0.01222	0.00855	0.00855	0.01222	0.01100	0.01588	0.01833	0.02688	0.01710	0.05131	0.73245	0.01100	0.01833	0.00733	0.00367	0.00611
21	0.01025	0.00732	0.01013	0.01171	0.01294	0.00720	0.00967	0.01283	0.01498	0.01960	0.03665	0.27345	0.04107	0.01963	0.00924	0.00304	0.00562	0.48225	0.00631	0.00608
22	0.00936	0.00676	0.00845	0.00929	0.01011	0.00644	0.00631	0.03918	0.01429	0.01901	0.09332	0.53359	0.09649	0.09980	0.01137	0.00308	0.00431	0.01687	0.00623	0.00576
23	0.00863	0.00608	0.00785	0.00915	0.00947	0.00575	0.00595	0.00960	0.01252	0.01670	0.03476	0.62529	0.04153	0.15633	0.01350	0.00348	0.00446	0.01771	0.00595	0.00530
24	0.01702	0.01470	0.01547	0.01392	0.01779	0.01702	0.01083	0.03635	0.70453	0.02862	0.02785	0.02553	0.02088	0.00928	0.00696	0.00232	0.00541	0.00773	0.00696	0.01083
25	0.02447	0.01840	0.01967	0.01543	0.02063	0.02050	0.01263	0.58157	0.14718	0.04064	0.01838	0.01798	0.01322	0.00840	0.00686	0.00210	0.00717	0.00643	0.00686	0.01150
26	0.00864	0.00689	0.00755	0.00759	0.00944	0.00602	0.00557	0.01050	0.01563	0.01962	0.17715	0.09965	0.47962	0.08338	0.01055	0.00272	0.00382	0.03355	0.00636	0.00575
27	0.00917	0.00618	0.00775	0.00872	0.00904	0.00594	0.00559	0.00994	0.01204	0.01635	0.03108	0.47584	0.03647	0.24727	0.01721	0.03324	0.00482	0.01542	0.04288	0.00507
28	0.01719	0.01881	0.06166	0.13673	0.42105	0.11537	0.01929	0.02096	0.01528	0.02028	0.01205	0.01617	0.01002	0.00692	0.00818	0.00213	0.07923	0.00579	0.00329	0.00961
29	0.00943	0.00689	0.00814	0.00829	0.00985	0.00620	0.00600	0.01133	0.01553	0.03766	0.21262	0.18897	0.30473	0.09852	0.01117	0.00287	0.00404	0.04539	0.00645	0.00589
30	0.01705	0.01539	0.01674	0.04686	0.01950	0.08208	0.03097	0.11877	0.01740	0.02460	0.01269	0.01466	0.01019	0.00583	0.00561	0.00134	0.00653	0.00462	0.00435	0.54481
31	0.00930	0.00714	0.00857	0.00810	0.01009	0.00632	0.00609	0.01202	0.01794	0.02428	0.47520	0.05479	0.27930	0.01480	0.00797	0.00217	0.00337	0.01278	0.00702	0.03273
32	0.08254	0.01674	0.02250	0.16882	0.19920	0.07223	0.08163	0.11907	0.08802	0.02520	0.01438	0.01719	0.01112	0.00689	0.00661	0.00208	0.00825	0.00604	0.00430	0.04721
33	0.01004	0.00805	0.01140	0.05191	0.01432	0.00784	0.05035	0.01311	0.04458	0.02028	0.15431	0.29417	0.14710	0.04820	0.00949	0.00273	0.00498	0.09468	0.00611	0.00635
34	0.02571	0.01691	0.01880	0.01471	0.01992	0.01822	0.01206	0.45766	0.12664	0.18619	0.02034	0.01921	0.01411	0.00842	0.00687	0.00211	0.00686	0.00654	0.00721	0.01152
35	0.00834	0.00595	0.00794	0.00953	0.00992	0.00556	0.00635	0.00953	0.01310	0.01746	0.03771	0.75510	0.04525	0.02143	0.00873	0.00278	0.00397	0.01945	0.00635	0.00556
36	0.00850	0.00612	0.00809	0.00955	0.01012	0.00571	0.00654	0.00987	0.01352	0.01795	0.05861	0.67075	0.07389	0.02091	0.00872	0.00276	0.00405	0.05232	0.00638	0.00563
37	0.01020	0.00731	0.00909	0.00967	0.01080	0.00709	0.00684	0.06527	0.01561	0.02108	0.12924	0.48842	0.08175	0.05027	0.00948	0.00275	0.00429	0.03648	0.02818	0.00617
38	0.00993	0.00672	0.00790	0.00790	0.00805	0.00687	0.00469	0.01023	0.01008	0.01359	0.02116	0.04256	0.02391	0.67201	0.12106	0.00717	0.00808	0.00963	0.00409	0.00439
39	0.05243	0.01688	0.01867	0.01456	0.01979	0.01817	0.01196	0.46268	0.09448	0.18959	0.01962	0.01864	0.01356	0.00831	0.00678	0.00210	0.00687	0.00639	0.00712	0.01142
40	0.01008	0.00708	0.00860	0.00848	0.01022	0.00638	0.00628	0.01236	0.01666	0.05453	0.32231	0.13940	0.25856	0.06488	0.00992	0.00262	0.00388	0.04474	0.00679	0.00622
41	0.00880	0.00616	0.00832	0.00983	0.01034	0.00583	0.00684	0.01001	0.01319	0.01753	0.03632	0.64592	0.04302	0.02127	0.00967	0.04075	0.00432	0.09018	0.00618	0.00552
42	0.01468	0.01269	0.01564	0.01121	0.01731	0.00992	0.04078	0.04019	0.01488	0.02297	0.01238	0.01446	0.01020	0.00521	0.00527	0.00111	0.00546	0.00432	0.00412	0.73720
43	0.00966	0.00677	0.00789	0.00822	0.00865	0.00667	0.00508	0.01085	0.03596	0.01563	0.04940	0.22842	0.07278	0.47598	0.02471	0.00509	0.00561	0.01266	0.00505	0.00491
44	0.39992	0.01241	0.01255	0.01040	0.01479	0.01293	0.00845	0.06752	0.01592	0.27833	0.01965	0.02010	0.04492	0.04624	0.00710	0.00235	0.00561	0.00582	0.00602	0.00896
45	0.00995	0.00663	0.00746	0.00746	0.00746	0.00663	0.00415	0.00995	0.00995	0.01327	0.02156	0.04477	0.02487	0.75957	0.03482	0.00663	0.00663	0.00995	0.00415	0.00415
46	0.00832	0.00600	0.00790	0.00941	0.00989	0.00557	0.00630	0.00954	0.01321	0.01751	0.03906	0.72559	0.07389	0.02126	0.00870	0.00276	0.00395	0.01923	0.00635	0.00557
47	0.00881	0.00613	0.00794	0.00925	0.00968	0.00582	0.00617	0.00999	0.01282	0.01729	0.03491	0.60654	0.04127	0.12141	0.01217	0.00328	0.00439	0.04266	0.03405	0.00542
48	0.00979	0.00725	0.01060	0.01060	0.01168	0.00834	0.00806	0.01196	0.01088	0.01559	0.01869	0.02889	0.01798	0.13088	0.65408	0.01050	0.01701	0.00762	0.00372	0.00589
49	0.00985	0.00677	0.00830	0.00836	0.00866	0.00704	0.00525	0.01046	0.01031	0.01403	0.02140	0.06670	0.02381	0.56727	0.19655	0.00751	0.00926	0.00969	0.00411	0.00466
50	0.01684	0.01691	0.02569	0.17595	0.44332	0.07807	0.06055	0.02177	0.05433	0.02123	0.01343	0.01737	0.01086	0.00648	0.00682	0.00209	0.00874	0.00616	0.00354	0.00985
51	0.00839	0.00605	0.00795	0.00936	0.00991	0.00561	0.00630	0.00971	0.01353	0.01802	0.07370	0.68701	0.07739	0.02086	0.00867	0.00272	0.00391	0.01885	0.00641	0.00561
52	0.03958	0.46781	0.07729	0.01343	0.01903	0.09169	0.05033	0.02105	0.03821	0.01846	0.03876	0.01582	0.03631	0.00681	0.00529	0.00167	0.00773	0.00493	0.00352	0.04228
53	0.08282	0.11352	0.06503	0.01570	0.06871	0.01626	0.04890	0.15446	0.09816	0.10989	0.10933	0.05003	0.02054	0.00878	0.00660	0.00208	0.00660	0.00725	0.00571	0.00963
54	0.09912	0.04913	0.12856	0.04111	0.04874	0.15391	0.04595	0.13362	0.08955	0.08252	0.03424	0.01719	0.01270	0.00760	0.00681	0.00208	0.02699	0.00579	0.00484	0.00956
55	0.01513	0.13673	0.11373	0.05747	0.05092	0.09085	0.08818	0.03687	0.01540	0.01976	0.07027	0.05799	0.08440	0.01213	0.05540	0.00271	0.07230	0.00759	0.00406	0.00811
56	0.01354	0.01364	0.07247	0.01448	0.04978	0.04242	0.05559	0.03380	0.10124	0.04071	0.13358	0.03246	0.13185	0.01820	0.14051	0.00380	0.05092	0.00873	0.00518	0.03711
57	0.01901	0.08197	0.07624	0.01489	0.01937	0.07722	0.05367	0.19390	0.06606	0.08043	0.07211	0.02244	0.04233	0.01404	0.09783	0.00320	0.04385	0.00691	0.00529	0.00925
58	0.04460	0.01480	0.03464	0.03346	0.01777	0.05798	0.01117	0.22721	0.05803	0.06102	0.08693	0.08767	0.02121	0.01515	0.09162	0.00321	0.05547	0.02611	0.00569	0.04624

[dist]
# distance from previous block
# <min> <max>
3	45

[block]
# block no. 4 follows, 31 sequences, length 51
# corresponding to MSA columns:
# 256-306
name=unknown_E
#
# <colnr> <probs for GDERKNQSTAVLIFYWHMCP>
#	G	D	E	R	K	N	Q	S	T	A	V	L	I	F	Y	W	H	M	C	P
0	0.01769	0.01649	0.04984	0.11591	0.10334	0.06868	0.03470	0.21499	0.06203	0.02681	0.02232	0.08913	0.08333	0.00953	0.00701	0.00212	0.00741	0.00802	0.00515	0.05549
1	0.01300	0.01187	0.06474	0.01394	0.04627	0.01067	0.06657	0.06916	0.10185	0.02062	0.02618	0.21383	0.06670	0.09111	0.01347	0.12585	0.00628	0.02572	0.00510	0.00706
2	0.04077	0.06447	0.01505	0.01191	0.01491	0.03087	0.00961	0.09835	0.08904	0.11366	0.11016	0.05810	0.08851	0.03962	0.09679	0.00345	0.06257	0.03802	0.00587	0.00827
3	0.01902	0.11501	0.01963	0.07091	0.06198	0.01578	0.03330	0.19331	0.07321	0.11408	0.02255	0.11174	0.05026	0.03161	0.00759	0.00224	0.00660	0.00823	0.03360	0.00932
4	0.01286	0.00919	0.01167	0.01275	0.06010	0.00928	0.00868	0.07123	0.07792	0.05741	0.03146	0.33786	0.05637	0.12132	0.01193	0.00316	0.00540	0.08827	0.00604	0.00711
5	0.01524	0.01326	0.02062	0.24922	0.22447	0.01446	0.03398	0.06679	0.03524	0.04486	0.04867	0.08474	0.03736	0.00894	0.00787	0.00223	0.04602	0.00784	0.00433	0.03385
6	0.03749	0.11063	0.15517	0.04547	0.04183	0.06302	0.07581	0.08619	0.03425	0.12420	0.03880	0.08199	0.01564	0.00876	0.00758	0.00215	0.04983	0.00713	0.00478	0.00931
7	0.04484	0.01730	0.04598	0.04569	0.05654	0.08483	0.03691	0.01880	0.03224	0.01806	0.01029	0.01521	0.00939	0.01036	0.01744	0.00270	0.51638	0.00585	0.00324	0.00795
8	0.01026	0.00795	0.00864	0.00862	0.00984	0.03871	0.00606	0.01160	0.01445	0.01868	0.20022	0.08738	0.19721	0.23309	0.01718	0.05784	0.00511	0.05614	0.00563	0.00539
9	0.03814	0.01425	0.09894	0.05783	0.03860	0.03123	0.01137	0.12393	0.04795	0.02384	0.09430	0.14579	0.11965	0.06649	0.03152	0.00287	0.03000	0.01011	0.00538	0.00781
10	0.01859	0.12093	0.07946	0.06355	0.11142	0.06176	0.13816	0.13102	0.01820	0.06308	0.04091	0.01895	0.03490	0.00768	0.00785	0.00210	0.06117	0.00648	0.00436	0.00945
11	0.01595	0.01371	0.01449	0.01322	0.01679	0.01565	0.01021	0.03314	0.62134	0.02734	0.03120	0.06630	0.06961	0.01047	0.00713	0.00234	0.00521	0.00880	0.00689	0.01021
12	0.01126	0.00666	0.00816	0.00842	0.00955	0.00638	0.00596	0.01315	0.01432	0.05187	0.14744	0.24607	0.03527	0.11279	0.01169	0.03841	0.00423	0.03602	0.22640	0.00594
13	0.04390	0.01571	0.04628	0.13914	0.21642	0.03833	0.06119	0.14880	0.01840	0.04977	0.05495	0.02206	0.01531	0.03198	0.04557	0.00274	0.00858	0.02698	0.00455	0.00933
14	0.01519	0.01556	0.05633	0.41280	0.28490	0.03748	0.01965	0.04040	0.01515	0.02020	0.01251	0.01736	0.00978	0.00661	0.00678	0.00216	0.00886	0.00599	0.00329	0.00902
15	0.00884	0.00652	0.00833	0.00956	0.01031	0.00621	0.00652	0.01110	0.04957	0.01858	0.07101	0.64235	0.08514	0.02020	0.00857	0.00270	0.00398	0.01820	0.00644	0.00589
16	0.03494	0.01554	0.02453	0.18902	0.37352	0.03952	0.06453	0.06538	0.01596	0.02207	0.01355	0.04171	0.01145	0.00754	0.00785	0.02111	0.03214	0.00656	0.00365	0.00942
17	0.10730	0.01775	0.14426	0.09925	0.07119	0.04217	0.03570	0.06227	0.05363	0.09875	0.06356	0.02106	0.01560	0.00772	0.00645	0.00204	0.00733	0.02930	0.00478	0.10989
18	0.00840	0.00600	0.00800	0.00948	0.00994	0.00560	0.00636	0.00969	0.01339	0.01794	0.06962	0.72184	0.04616	0.02108	0.00870	0.00275	0.00393	0.01911	0.00641	0.00560
19	0.00952	0.00718	0.00854	0.00818	0.00985	0.00664	0.00596	0.01247	0.03969	0.02324	0.42806	0.05346	0.23437	0.10946	0.01144	0.00277	0.00380	0.01247	0.00676	0.00612
20	0.01106	0.00965	0.05828	0.00999	0.01261	0.00762	0.03975	0.01361	0.01582	0.06541	0.20997	0.09214	0.27068	0.11604	0.01162	0.00289	0.00495	0.03523	0.00611	0.00656
21	0.01419	0.01216	0.01419	0.01013	0.01621	0.00912	0.00811	0.01723	0.01419	0.02229	0.01216	0.01419	0.01013	0.00507	0.00507	0.00101	0.00507	0.00405	0.00405	0.80139
22	0.00980	0.00722	0.01043	0.01043	0.01146	0.00825	0.00785	0.01185	0.01083	0.01546	0.01884	0.02973	0.01834	0.16436	0.62110	0.01030	0.01646	0.00775	0.00374	0.00580
23	0.01102	0.00787	0.01102	0.01260	0.01417	0.00787	0.01102	0.01417	0.01575	0.02047	0.03622	0.07717	0.03937	0.01890	0.00945	0.00315	0.00630	0.67084	0.00630	0.00630
24	0.00846	0.00618	0.00786	0.00902	0.00974	0.00569	0.00610	0.00980	0.01369	0.01805	0.08400	0.58482	0.13690	0.05331	0.00977	0.00285	0.00397	0.01789	0.00633	0.00558
25	0.01419	0.01216	0.01419	0.01013	0.01621	0.00912	0.00811	0.01723	0.01419	0.02229	0.01216	0.01419	0.01013	0.00507	0.00507	0.00101	0.00507	0.00405	0.00405	0.80139
26	0.00834	0.00595	0.00794	0.00953	0.00992	0.00556	0.00635	0.00953	0.01310	0.01746	0.03771	0.75510	0.04525	0.02143	0.00873	0.00278	0.00397	0.01945	0.00635	0.00556
27	0.05523	0.01592	0.01682	0.01421	0.01864	0.01802	0.01133	0.24015	0.44184	0.05639	0.02345	0.02198	0.01728	0.00879	0.00680	0.00222	0.00608	0.00704	0.00685	0.01096
28	0.01842	0.01528	0.01614	0.01402	0.01814	0.01742	0.01105	0.16101	0.55188	0.03103	0.02713	0.02521	0.04354	0.00936	0.00698	0.00227	0.00575	0.00767	0.00692	0.01080
29	0.00961	0.00699	0.00905	0.00853	0.01018	0.00643	0.00640	0.01277	0.01920	0.02704	0.68482	0.05176	0.09326	0.01413	0.00807	0.00216	0.00324	0.01246	0.00748	0.00643
30	0.00977	0.00733	0.01100	0.01100	0.01222	0.00855	0.00855	0.01222	0.01100	0.01588	0.01833	0.02688	0.01710	0.05131	0.73245	0.01100	0.01833	0.00733	0.00367	0.00611
31	0.00864	0.00608	0.00785	0.00914	0.00946	0.00576	0.00594	0.00961	0.01251	0.01667	0.03467	0.62130	0.04141	0.16047	0.01365	0.00350	0.00447	0.01766	0.00594	0.00529
32	0.01005	0.00662	0.00742	0.00742	0.00748	0.00662	0.00417	0.01017	0.01011	0.01372	0.02158	0.04405	0.02460	0.73140	0.03370	0.00644	0.00650	0.00982	0.03388	0.00423
33	0.01372	0.03539	0.72412	0.01950	0.02961	0.01589	0.02528	0.02167	0.01444	0.02167	0.01228	0.01444	0.00867	0.00650	0.00650	0.00217	0.01011	0.00506	0.00289	0.01011
34	0.00977	0.00733	0.01100	0.01100	0.01222	0.00855	0.00855	0.01222	0.01100	0.01588	0.01833	0.02688	0.01710	0.05131	0.73245	0.01100	0.01833	0.00733	0.00367	0.00611
35	0.00874	0.00624	0.00840	0.00999	0.01056	0.00590	0.00705	0.01022	0.01350	0.01792	0.03748	0.65329	0.04437	0.02105	0.00884	0.00283	0.00432	0.11727	0.00634	0.00567
36	0.00809	0.00693	0.00693	0.00693	0.00924	0.00578	0.00520	0.00982	0.01559	0.01848	0.06931	0.06584	0.71411	0.01733	0.00809	0.00231	0.00347	0.01444	0.00635	0.00578
37	0.02556	0.03261	0.01939	0.01763	0.02115	0.73210	0.01322	0.02732	0.01939	0.01674	0.01058	0.01234	0.00881	0.00705	0.00617	0.00176	0.01234	0.00441	0.00353	0.00793
38	0.01615	0.01845	0.04037	0.02884	0.03576	0.01730	0.69204	0.02191	0.01615	0.02191	0.01384	0.01845	0.01038	0.00577	0.00807	0.00231	0.01153	0.00807	0.00346	0.00923
39	0.30251	0.01253	0.01405	0.01122	0.01615	0.01241	0.00926	0.05816	0.01736	0.44955	0.02041	0.01872	0.01336	0.00772	0.00595	0.00211	0.00571	0.00574	0.00691	0.01016
40	0.00955	0.00699	0.00896	0.00847	0.01014	0.00640	0.00635	0.01266	0.01906	0.02671	0.66088	0.05230	0.11740	0.01426	0.00807	0.00216	0.00325	0.01254	0.00744	0.00640
41	0.02685	0.01651	0.01875	0.01448	0.01974	0.01740	0.01192	0.47560	0.02782	0.24473	0.02024	0.04153	0.01427	0.00870	0.00691	0.00209	0.00691	0.00679	0.00731	0.01145
42	0.01419	0.01216	0.01419	0.01013	0.01621	0.00912	0.00811	0.01723	0.01419	0.02229	0.01216	0.01419	0.01013	0.00507	0.00507	0.00101	0.00507	0.00405	0.00405	0.80139
43	0.01702	0.01470	0.01547	0.01392	0.01779	0.01702	0.01083	0.03635	0.70453	0.02862	0.02785	0.02553	0.02088	0.00928	0.00696	0.00232	0.00541	0.00773	0.00696	0.01083
44	0.00834	0.00595	0.00794	0.00953	0.00992	0.00556	0.00635	0.00953	0.01310	0.01746	0.03771	0.75510	0.04525	0.02143	0.00873	0.00278	0.00397	0.01945	0.00635	0.00556
45	0.00852	0.00609	0.00815	0.00974	0.01021	0.00572	0.00667	0.00985	0.01328	0.01767	0.03761	0.70858	0.04485	0.02126	0.00878	0.00280	0.00413	0.06415	0.00635	0.00561
46	0.00995	0.00663	0.00746	0.00746	0.00746	0.00663	0.00415	0.00995	0.00995	0.01327	0.02156	0.04477	0.02487	0.75957	0.03482	0.00663	0.00663	0.00995	0.00415	0.00415
47	0.01466	0.01244	0.01444	0.01036	0.01641	0.00960	0.00830	0.04405	0.01490	0.02312	0.01233	0.01428	0.01019	0.00519	0.00514	0.00105	0.00516	0.00414	0.00416	0.77009
48	0.00824	0.00633	0.00755	0.00853	0.00966	0.00564	0.00591	0.00964	0.01405	0.01785	0.04979	0.49159	0.30096	0.01986	0.00849	0.00260	0.00378	0.01753	0.00635	0.00564
49	0.13084	0.43538	0.08972	0.01310	0.01854	0.12368	0.01258	0.02181	0.01448	0.04352	0.01050	0.01207	0.00887	0.00647	0.00556	0.00174	0.03502	0.00409	0.00339	0.00864
50	0.17520	0.10416	0.14995	0.01773	0.06643	0.01641	0.13816	0.05738	0.04036	0.05194	0.01423	0.04813	0.01156	0.00705	0.00614	0.00202	0.00779	0.00603	0.00413	0.07518

[dist]
# distance from previous block
# <min> <max>
1	15

[block]
# block no. 5 follows, 31 sequences, length 59
# corresponding to MSA columns:
# 322-380
name=unknown_F
#
# <colnr> <probs for GDERKNQSTAVLIFYWHMCP>
#	G	D	E	R	K	N	Q	S	T	A	V	L	I	F	Y	W	H	M	C	P
0	0.01032	0.00724	0.00831	0.00795	0.00871	0.00684	0.00480	0.01078	0.01072	0.01470	0.02178	0.10037	0.02481	0.60768	0.02908	0.00564	0.00622	0.01004	0.00432	0.09969
1	0.00987	0.00668	0.00760	0.00760	0.00775	0.00669	0.00439	0.01005	0.01022	0.01359	0.02333	0.04480	0.05227	0.69735	0.06559	0.00666	0.00704	0.01001	0.00421	0.00430
2	0.01548	0.01556	0.02210	0.05782	0.16972	0.05767	0.04291	0.01801	0.01319	0.01893	0.06920	0.01857	0.01408	0.01011	0.01565	0.00259	0.42014	0.00655	0.00351	0.00822
3	0.01715	0.01618	0.02708	0.07568	0.65181	0.01643	0.02053	0.05154	0.01624	0.02306	0.01300	0.01697	0.01079	0.00623	0.00678	0.00205	0.00815	0.00610	0.00353	0.01071
4	0.00953	0.00725	0.01027	0.01027	0.01161	0.00807	0.00790	0.01178	0.01163	0.01617	0.02595	0.03326	0.12005	0.07180	0.60065	0.00956	0.01572	0.00847	0.00408	0.00599
5	0.01358	0.01328	0.02378	0.60489	0.07700	0.01556	0.11823	0.01830	0.01413	0.01836	0.01244	0.01821	0.00939	0.00665	0.00702	0.00227	0.00943	0.00637	0.00312	0.00799
6	0.01750	0.65299	0.03359	0.11944	0.02191	0.02532	0.01278	0.02004	0.01387	0.01630	0.00990	0.01204	0.00883	0.00600	0.00475	0.00158	0.00758	0.00401	0.00294	0.00861
7	0.00871	0.00700	0.00804	0.00833	0.01019	0.00641	0.00635	0.01060	0.01457	0.01807	0.05448	0.11692	0.46832	0.04408	0.11574	0.00384	0.00607	0.08059	0.00589	0.00581
8	0.00976	0.00728	0.01072	0.01064	0.01192	0.00824	0.00824	0.01232	0.01223	0.01758	0.12069	0.03045	0.02409	0.04581	0.62576	0.00969	0.01610	0.00807	0.00423	0.00616
9	0.00970	0.00704	0.00942	0.00896	0.01051	0.00676	0.00676	0.01281	0.01813	0.02573	0.61092	0.04754	0.05756	0.01948	0.11476	0.00345	0.00545	0.01163	0.00696	0.00640
10	0.01552	0.01240	0.01391	0.01287	0.01600	0.01405	0.00991	0.02939	0.48656	0.05729	0.02761	0.11456	0.02312	0.01692	0.11403	0.00364	0.00716	0.00906	0.00647	0.00953
