[name]
unknown

[dist]
# distance from previous block
# <min> <max>
0	9

[block]
# block no. 0 follows, 30 sequences, length 26
# corresponding to MSA columns:
# 9-34
name=unknown_A
#
# <colnr> <probs for GDERKNQSTAVLIFYWHMCP>
#	G	D	E	R	K	N	Q	S	T	A	V	L	I	F	Y	W	H	M	C	P
0	0.01731	0.19010	0.06267	0.01639	0.07965	0.05025	0.04251	0.02150	0.05501	0.10705	0.04087	0.05653	0.03710	0.01108	0.00722	0.00230	0.00728	0.18115	0.00523	0.00879
1	0.01824	0.13190	0.15926	0.06041	0.02364	0.19015	0.06016	0.05099	0.01636	0.03598	0.01380	0.04929	0.01180	0.01090	0.05861	0.00266	0.04256	0.00597	0.00376	0.05356
2	0.01693	0.15764	0.15955	0.17086	0.12743	0.07566	0.08444	0.05888	0.01643	0.02135	0.03857	0.01701	0.01178	0.00688	0.00656	0.00206	0.00920	0.00586	0.00358	0.00932
3	0.01917	0.20914	0.09437	0.04113	0.15582	0.01838	0.11151	0.04886	0.05541	0.12482	0.01776	0.01916	0.03969	0.00725	0.00653	0.00202	0.00808	0.00632	0.00452	0.01006
4	0.11639	0.01884	0.12567	0.20679	0.26300	0.04307	0.08655	0.02084	0.01493	0.02228	0.01243	0.01646	0.00972	0.00650	0.00667	0.00218	0.00898	0.00589	0.00342	0.00940
5	0.01102	0.11033	0.06649	0.01239	0.01515	0.01058	0.07598	0.01340	0.01418	0.01851	0.03415	0.44428	0.11364	0.01655	0.00800	0.00250	0.00566	0.01486	0.00546	0.00684
6	0.01241	0.01221	0.05573	0.15528	0.06340	0.01168	0.05717	0.01856	0.12479	0.02240	0.14970	0.16283	0.10056	0.01234	0.00776	0.00238	0.00624	0.01104	0.00556	0.00795
7	0.10662	0.01629	0.08608	0.01349	0.01924	0.01420	0.01198	0.15707	0.08459	0.31037	0.02064	0.01948	0.01405	0.00789	0.00651	0.00206	0.00654	0.00614	0.00670	0.09007
8	0.01628	0.01829	0.03701	0.14693	0.03784	0.04373	0.54987	0.02181	0.01617	0.02140	0.01371	0.01855	0.01031	0.00611	0.00795	0.00233	0.01139	0.00776	0.00346	0.00909
9	0.00850	0.00607	0.00810	0.00972	0.01012	0.00567	0.00648	0.00972	0.01336	0.01781	0.03846	0.75020	0.04615	0.02186	0.00891	0.00283	0.00405	0.01984	0.00648	0.00567
10	0.01691	0.01621	0.02768	0.10380	0.65306	0.01649	0.02124	0.02110	0.01572	0.02236	0.01306	0.01739	0.01090	0.00628	0.00691	0.00209	0.00838	0.00622	0.00342	0.01076
11	0.50323	0.01286	0.01257	0.01044	0.01518	0.01355	0.00861	0.02577	0.01503	0.29788	0.01665	0.01617	0.01134	0.00732	0.00537	0.00216	0.00561	0.00504	0.00600	0.00924
12	0.01639	0.01795	0.09592	0.13451	0.55391	0.01640	0.02157	0.02100	0.01551	0.02206	0.01297	0.01720	0.01060	0.00636	0.00689	0.00212	0.00863	0.00611	0.00336	0.01053
13	0.00848	0.00614	0.00803	0.00954	0.01007	0.00568	0.00640	0.00974	0.01353	0.01788	0.04062	0.70439	0.09058	0.02158	0.00886	0.00280	0.00401	0.01950	0.00648	0.00568
14	0.01212	0.00606	0.00909	0.00909	0.00909	0.00606	0.00606	0.00909	0.00909	0.01212	0.01212	0.02121	0.01212	0.02424	0.02727	0.79697	0.00606	0.00606	0.00303	0.00303
15	0.01060	0.00708	0.00917	0.00910	0.01032	0.00753	0.00672	0.01293	0.01307	0.01956	0.11002	0.03477	0.05158	0.15129	0.33326	0.00685	0.01074	0.00863	0.18076	0.00600
16	0.01537	0.00953	0.01206	0.06159	0.01479	0.01060	0.00889	0.06250	0.01565	0.09277	0.05882	0.02509	0.01846	0.01561	0.11660	0.00340	0.09265	0.00697	0.35108	0.00758
17	0.00906	0.00692	0.00832	0.00835	0.01002	0.00618	0.00612	0.01144	0.01726	0.02296	0.36442	0.18278	0.28725	0.01682	0.00836	0.00237	0.00351	0.01465	0.00704	0.00618
18	0.01446	0.10793	0.65083	0.01910	0.02898	0.01734	0.02441	0.02198	0.01468	0.02153	0.01224	0.01438	0.00885	0.00656	0.00642	0.00214	0.01003	0.00501	0.00295	0.01018
19	0.01770	0.01940	0.11959	0.13676	0.13882	0.06362	0.16634	0.08066	0.03861	0.06273	0.01661	0.02294	0.01343	0.00791	0.00738	0.00229	0.00935	0.06193	0.00432	0.00960
20	0.01447	0.01562	0.03133	0.14286	0.03317	0.01539	0.43713	0.01931	0.01577	0.02083	0.02340	0.02698	0.13030	0.00829	0.00849	0.00237	0.03291	0.00895	0.00395	0.00847
21	0.00911	0.00676	0.00850	0.00878	0.01014	0.00615	0.00631	0.01143	0.01689	0.02288	0.36502	0.28964	0.17781	0.01745	0.00846	0.00244	0.00359	0.01544	0.00706	0.00615
22	0.01825	0.04533	0.02941	0.12453	0.32140	0.06705	0.18566	0.04741	0.01683	0.05636	0.01383	0.01758	0.01082	0.00649	0.00712	0.00214	0.00942	0.00655	0.00381	0.01000
23	0.01635	0.05830	0.32060	0.13959	0.08115	0.05006	0.13176	0.07889	0.01674	0.02289	0.01297	0.01614	0.00964	0.00668	0.00689	0.00218	0.01000	0.00592	0.00348	0.00977
24	0.01268	0.08805	0.41164	0.01527	0.02212	0.01367	0.01776	0.01826	0.01548	0.02189	0.13514	0.09814	0.08094	0.01028	0.00707	0.00222	0.00771	0.00854	0.00438	0.00874
25	0.01102	0.01064	0.06972	0.01145	0.01358	0.00918	0.00910	0.01703	0.16246	0.02165	0.10059	0.46213	0.03959	0.01714	0.00826	0.00262	0.00482	0.01530	0.00643	0.00731

[dist]
# distance from previous block
# <min> <max>
2	14

[block]
# block no. 1 follows, 30 sequences, length 37
# corresponding to MSA columns:
# 49-85
name=unknown_B
#
# <colnr> <probs for GDERKNQSTAVLIFYWHMCP>
#	G	D	E	R	K	N	Q	S	T	A	V	L	I	F	Y	W	H	M	C	P
0	0.16617	0.36792	0.04754	0.05023	0.07673	0.07973	0.01307	0.03755	0.01455	0.02074	0.01042	0.01274	0.00897	0.00677	0.00640	0.00188	0.06197	0.00441	0.00343	0.00875
1	0.01317	0.00990	0.01132	0.01037	0.01311	0.01009	0.00796	0.02136	0.23576	0.06626	0.32069	0.04524	0.18067	0.01311	0.00780	0.00228	0.00421	0.01122	0.00730	0.00817
2	0.01920	0.01730	0.01988	0.04183	0.15699	0.10355	0.03927	0.08250	0.30026	0.06194	0.06671	0.02304	0.01902	0.00853	0.00706	0.00219	0.00733	0.00725	0.00580	0.01033
3	0.01135	0.00869	0.01187	0.01128	0.01229	0.01038	0.00876	0.01356	0.01207	0.01813	0.05257	0.02904	0.04016	0.10046	0.37127	0.00719	0.14866	0.00780	0.11812	0.00635
4	0.02179	0.01785	0.01823	0.01519	0.01984	0.05289	0.01213	0.32200	0.37451	0.03510	0.02246	0.02133	0.01658	0.00888	0.00701	0.00222	0.00680	0.00702	0.00688	0.01127
5	0.01845	0.01603	0.01707	0.01470	0.07531	0.09881	0.01066	0.09266	0.01756	0.06675	0.01366	0.01529	0.01082	0.00606	0.00576	0.00140	0.00665	0.00476	0.00460	0.50302
6	0.01842	0.01708	0.02686	0.07524	0.53540	0.04134	0.03936	0.07755	0.01731	0.04226	0.01360	0.01730	0.01105	0.00670	0.00741	0.00212	0.03018	0.00624	0.00386	0.01071
7	0.01009	0.00700	0.00882	0.00882	0.00924	0.00742	0.00573	0.01092	0.01051	0.01443	0.02088	0.03955	0.02271	0.51935	0.26729	0.00826	0.01076	0.00925	0.00406	0.00490
8	0.00983	0.00820	0.00871	0.00839	0.01084	0.00764	0.00635	0.01441	0.11321	0.02196	0.17948	0.05863	0.49537	0.01590	0.00808	0.00233	0.00377	0.01338	0.00678	0.00675
9	0.02607	0.03326	0.01978	0.01798	0.02157	0.72674	0.01348	0.02787	0.01978	0.01708	0.01079	0.01258	0.00899	0.00719	0.00629	0.00180	0.01258	0.00449	0.00360	0.00809
10	0.02870	0.01373	0.01706	0.01333	0.01859	0.01331	0.01093	0.16084	0.10420	0.50336	0.02555	0.02267	0.01671	0.00869	0.00702	0.00217	0.00622	0.00698	0.00813	0.01177
11	0.00850	0.00607	0.00810	0.00972	0.01012	0.00567	0.00648	0.00972	0.01336	0.01781	0.03846	0.75020	0.04615	0.02186	0.00891	0.00283	0.00405	0.01984	0.00648	0.00567
12	0.01060	0.00783	0.01011	0.01025	0.01190	0.00767	0.00795	0.01495	0.07505	0.02507	0.40851	0.15706	0.05370	0.01605	0.00854	0.00252	0.00427	0.15399	0.00719	0.00679
13	0.01460	0.03529	0.68473	0.01970	0.02979	0.01647	0.02517	0.05443	0.01561	0.02316	0.01273	0.01483	0.00899	0.00671	0.00665	0.00220	0.01019	0.00521	0.00314	0.01039
14	0.00889	0.00636	0.00849	0.00977	0.01045	0.00596	0.00680	0.01056	0.01453	0.01960	0.14317	0.59794	0.04885	0.02051	0.00885	0.00276	0.00408	0.05990	0.00666	0.00586
15	0.01555	0.00904	0.01009	0.00911	0.01185	0.00896	0.00706	0.03872	0.11674	0.12630	0.11411	0.03503	0.13207	0.01064	0.00650	0.00201	0.00414	0.00880	0.32528	0.00801
16	0.00978	0.00711	0.00996	0.01021	0.01106	0.00783	0.00742	0.01154	0.01132	0.01588	0.02249	0.14451	0.02363	0.19688	0.46759	0.00896	0.01386	0.00998	0.00427	0.00572
17	0.01338	0.01034	0.01471	0.01323	0.01596	0.01033	0.08994	0.01981	0.16486	0.07047	0.13145	0.24845	0.07974	0.01473	0.00823	0.00254	0.00550	0.07182	0.00658	0.00793
18	0.01626	0.01813	0.03855	0.08908	0.08725	0.01739	0.58163	0.02191	0.01622	0.02201	0.01390	0.01869	0.01052	0.00600	0.00803	0.00233	0.01130	0.00792	0.00349	0.00940
19	0.00847	0.00619	0.00797	0.00940	0.01004	0.00569	0.00634	0.00975	0.01367	0.01794	0.04234	0.66793	0.12592	0.02136	0.00883	0.00278	0.00399	0.01922	0.00648	0.00569
20	0.12878	0.08137	0.07380	0.01218	0.01609	0.03737	0.05948	0.03871	0.06758	0.02622	0.24006	0.02985	0.04779	0.00971	0.00660	0.00207	0.00580	0.00809	0.10048	0.00797
21	0.01538	0.15978	0.56813	0.01844	0.02768	0.05237	0.02282	0.02217	0.01488	0.02088	0.01196	0.01402	0.00887	0.00654	0.00624	0.00207	0.00993	0.00488	0.00298	0.00997
22	0.00997	0.00739	0.00956	0.01044	0.01205	0.00698	0.00846	0.01260	0.01631	0.02128	0.16386	0.16583	0.18961	0.01840	0.00899	0.00279	0.00491	0.31767	0.00667	0.00623
23	0.68082	0.01373	0.01112	0.00996	0.01422	0.01592	0.00810	0.02311	0.11945	0.03098	0.01264	0.01364	0.00971	0.00695	0.00475	0.00219	0.00542	0.00442	0.00475	0.00810
24	0.18108	0.01739	0.01884	0.04394	0.18211	0.09325	0.01344	0.16857	0.10269	0.04720	0.01570	0.01720	0.01202	0.00743	0.00625	0.00209	0.00739	0.00579	0.04775	0.00986
25	0.01866	0.75896	0.03657	0.01194	0.01791	0.02761	0.01194	0.02090	0.01418	0.01642	0.00970	0.01119	0.00896	0.00597	0.00448	0.00149	0.00746	0.00373	0.00299	0.00896
26	0.00850	0.00607	0.00810	0.00972	0.01012	0.00567	0.00648	0.00972	0.01336	0.01781	0.03846	0.75020	0.04615	0.02186	0.00891	0.00283	0.00405	0.01984	0.00648	0.00567
27	0.01436	0.03359	0.62022	0.02127	0.03111	0.01642	0.12165	0.02214	0.01499	0.02214	0.01275	0.01533	0.00909	0.00652	0.00686	0.00223	0.01052	0.00560	0.00303	0.01018
28	0.02562	0.01240	0.01953	0.04981	0.02147	0.01123	0.11626	0.02881	0.01848	0.49470	0.02589	0.08210	0.01891	0.00954	0.00745	0.00229	0.00688	0.03072	0.00732	0.01061
29	0.01015	0.00677	0.00761	0.00761	0.00761	0.00677	0.00423	0.01015	0.01015	0.01353	0.02199	0.04567	0.02537	0.75476	0.03552	0.00677	0.00677	0.01015	0.00423	0.00423
30	0.03057	0.01307	0.01693	0.01298	0.01841	0.01202	0.01072	0.13557	0.02197	0.61168	0.02586	0.02266	0.01643	0.00860	0.00701	0.00215	0.00621	0.00690	0.00838	0.01187
31	0.01558	0.01860	0.13791	0.34962	0.12656	0.05076	0.07573	0.02038	0.01479	0.04489	0.01287	0.01744	0.00983	0.00722	0.00827	0.00230	0.06881	0.00614	0.00338	0.00890
32	0.01527	0.01527	0.02137	0.01832	0.01832	0.02137	0.01527	0.01679	0.01069	0.01679	0.00916	0.01527	0.00916	0.01221	0.02290	0.00305	0.74198	0.00611	0.00305	0.00763
33	0.02914	0.12919	0.01957	0.01248	0.01798	0.01341	0.01064	0.05695	0.01956	0.58079	0.02433	0.02152	0.01576	0.00821	0.00662	0.00205	0.00624	0.00647	0.00769	0.01142
34	0.52825	0.01679	0.01306	0.01158	0.01581	0.11340	0.00925	0.06387	0.12177	0.02979	0.01321	0.01413	0.01016	0.00716	0.00518	0.00214	0.00653	0.00467	0.00481	0.00843
35	0.13706	0.01257	0.01926	0.62383	0.04265	0.01553	0.01753	0.01825	0.01363	0.01994	0.01198	0.01747	0.00903	0.00690	0.00656	0.00230	0.00869	0.00582	0.00329	0.00772
36	0.05610	0.20814	0.23973	0.12955	0.02749	0.10196	0.04052	0.06229	0.01622	0.03999	0.01218	0.01455	0.00937	0.00671	0.00609	0.00200	0.00925	0.00505	0.00354	0.00929

[dist]
# distance from previous block
# <min> <max>
0	3

[block]
# block no. 2 follows, 30 sequences, length 21
# corresponding to MSA columns:
# 89-109
name=unknown_C
#
# <colnr> <probs for GDERKNQSTAVLIFYWHMCP>
#	G	D	E	R	K	N	Q	S	T	A	V	L	I	F	Y	W	H	M	C	P
0	0.01373	0.01170	0.01553	0.01332	0.01652	0.01230	0.08329	0.02417	0.30290	0.02787	0.34752	0.03756	0.04115	0.01134	0.00776	0.00228	0.00516	0.01016	0.00698	0.00876
1	0.00874	0.00709	0.00775	0.00758	0.00973	0.00610	0.00569	0.01096	0.01706	0.02159	0.26152	0.06265	0.51586	0.01665	0.00824	0.00231	0.00346	0.01410	0.00684	0.00610
2	0.04805	0.01989	0.01742	0.01520	0.01895	0.24609	0.04723	0.05579	0.25655	0.04769	0.13119	0.02453	0.02295	0.00914	0.00697	0.00213	0.00789	0.00733	0.00581	0.00921
3	0.05546	0.03966	0.11605	0.03508	0.07383	0.04014	0.03806	0.15662	0.01999	0.04922	0.16852	0.02928	0.09923	0.00979	0.00708	0.00211	0.00681	0.00815	0.00556	0.03936
4	0.01870	0.42229	0.22944	0.01494	0.02209	0.02330	0.01614	0.13794	0.01760	0.02287	0.01174	0.01318	0.00943	0.00658	0.00553	0.00180	0.00832	0.00459	0.00367	0.00985
5	0.01866	0.75896	0.03657	0.01194	0.01791	0.02761	0.01194	0.02090	0.01418	0.01642	0.00970	0.01119	0.00896	0.00597	0.00448	0.00149	0.00746	0.00373	0.00299	0.00896
6	0.00982	0.00698	0.00940	0.01075	0.01168	0.00676	0.00822	0.01187	0.01460	0.01935	0.07906	0.38138	0.04336	0.07817	0.01126	0.00326	0.00517	0.27667	0.00636	0.00592
7	0.01385	0.00992	0.01390	0.05327	0.07930	0.01014	0.01201	0.05478	0.04212	0.06475	0.03168	0.14973	0.03300	0.01616	0.00875	0.00285	0.00644	0.38354	0.00618	0.00763
8	0.00850	0.00607	0.00810	0.00972	0.01012	0.00567	0.00648	0.00972	0.01336	0.01781	0.03846	0.75020	0.04615	0.02186	0.00891	0.00283	0.00405	0.01984	0.00648	0.00567
9	0.01033	0.00807	0.01200	0.15742	0.01889	0.00890	0.01021	0.01292	0.01343	0.01814	0.06480	0.25020	0.03016	0.05418	0.21433	0.00528	0.00963	0.08977	0.00499	0.00634
10	0.00938	0.00694	0.00886	0.01007	0.01086	0.00678	0.00690	0.01238	0.07558	0.01942	0.07559	0.64516	0.04503	0.02031	0.00871	0.00276	0.00414	0.01835	0.00660	0.00621
11	0.01318	0.01240	0.02093	0.73798	0.04806	0.01550	0.01938	0.01783	0.01395	0.01783	0.01240	0.01860	0.00930	0.00698	0.00698	0.00233	0.00930	0.00620	0.00310	0.00775
12	0.01803	0.01820	0.02700	0.07644	0.60056	0.09477	0.02044	0.02194	0.01622	0.02191	0.01283	0.01682	0.01073	0.00636	0.00684	0.00206	0.00882	0.00603	0.00345	0.01055
13	0.02103	0.02008	0.02203	0.01782	0.02251	0.16109	0.12992	0.21736	0.20493	0.02938	0.04424	0.04325	0.01666	0.00864	0.00720	0.00218	0.00853	0.00736	0.00574	0.01006
14	0.01616	0.01392	0.01771	0.01492	0.08063	0.01207	0.03631	0.09194	0.01656	0.02486	0.01290	0.01517	0.01054	0.00590	0.00628	0.00137	0.03247	0.00479	0.00432	0.58119
15	0.04079	0.29985	0.17451	0.01645	0.02228	0.04271	0.10541	0.02056	0.03238	0.01944	0.01520	0.05600	0.03760	0.00815	0.00774	0.00207	0.08014	0.00629	0.00355	0.00886
16	0.00850	0.00607	0.00810	0.00972	0.01012	0.00567	0.00648	0.00972	0.01336	0.01781	0.03846	0.75020	0.04615	0.02186	0.00891	0.00283	0.00405	0.01984	0.00648	0.00567
17	0.01615	0.01899	0.06752	0.02912	0.07368	0.01712	0.59784	0.02186	0.01626	0.02222	0.01481	0.04313	0.01174	0.00647	0.00812	0.00235	0.01125	0.00838	0.00360	0.00942
18	0.04416	0.18064	0.26035	0.01771	0.05406	0.05818	0.05939	0.05472	0.04298	0.14127	0.01524	0.01620	0.01110	0.00698	0.00630	0.00203	0.00863	0.00549	0.00441	0.01016
19	0.01335	0.01146	0.05422	0.04125	0.05655	0.01026	0.06411	0.05551	0.03666	0.05995	0.02983	0.21896	0.08186	0.14793	0.01309	0.00331	0.00654	0.08232	0.00550	0.00735
20	0.00865	0.00651	0.00802	0.00885	0.00998	0.00587	0.00618	0.01035	0.01507	0.01971	0.15378	0.45476	0.22788	0.01952	0.00862	0.00260	0.00379	0.01731	0.00667	0.00587

[dist]
# distance from previous block
# <min> <max>
0	21

# created by:
# /home/berkeley/.conda/envs/busco_data_prod/bin/msa2prfl.pl pipeline/OGs_align_augustus/4893/5130.fs
