[name]
unknown

[dist]
# distance from previous block
# <min> <max>
0	31

[block]
# block no. 0 follows, 33 sequences, length 30
# corresponding to MSA columns:
# 31-60
name=unknown_A
#
# <colnr> <probs for GDERKNQSTAVLIFYWHMCP>
#	G	D	E	R	K	N	Q	S	T	A	V	L	I	F	Y	W	H	M	C	P
0	0.01125	0.00896	0.01272	0.03708	0.06271	0.01006	0.01011	0.03909	0.04373	0.01818	0.02264	0.06469	0.04552	0.04979	0.35844	0.00648	0.05530	0.13221	0.00438	0.00666
1	0.01343	0.03641	0.10990	0.06598	0.01839	0.01256	0.05059	0.09535	0.05741	0.02342	0.16325	0.02891	0.07879	0.04243	0.04134	0.00265	0.06595	0.00795	0.07760	0.00770
2	0.02075	0.01010	0.01253	0.01142	0.05374	0.00974	0.00847	0.07782	0.05142	0.31461	0.02261	0.02252	0.01598	0.00784	0.00579	0.00183	0.00481	0.00637	0.33260	0.00905
3	0.01798	0.23671	0.08706	0.03277	0.03706	0.13177	0.05713	0.06365	0.19928	0.02123	0.01493	0.01594	0.01181	0.00712	0.00649	0.00190	0.03849	0.00539	0.00418	0.00910
4	0.00855	0.00606	0.00780	0.00856	0.00941	0.00558	0.00592	0.00976	0.01371	0.01823	0.16677	0.45066	0.14961	0.01889	0.00986	0.08009	0.00379	0.01545	0.00601	0.00530
5	0.01629	0.01564	0.02672	0.04041	0.72757	0.01564	0.02020	0.02020	0.01499	0.02151	0.01238	0.01629	0.01043	0.00587	0.00652	0.00196	0.00782	0.00587	0.00326	0.01043
6	0.00858	0.00616	0.00814	0.00878	0.00967	0.00572	0.00615	0.01058	0.01523	0.02098	0.33523	0.45351	0.05161	0.01751	0.00813	0.00241	0.00351	0.01576	0.00660	0.00572
7	0.00932	0.00673	0.00880	0.00828	0.00984	0.00621	0.00621	0.01242	0.01863	0.02640	0.72410	0.04918	0.06212	0.01346	0.00776	0.00207	0.00311	0.01191	0.00725	0.00621
8	0.00810	0.00576	0.00761	0.00906	0.00942	0.00540	0.00600	0.00919	0.01245	0.01659	0.03547	0.72659	0.04252	0.05978	0.00972	0.00287	0.00395	0.01824	0.00600	0.00528
9	0.00802	0.00573	0.00764	0.00917	0.00955	0.00535	0.00611	0.00917	0.01260	0.01681	0.03628	0.76434	0.04354	0.02062	0.00840	0.00267	0.00382	0.01872	0.00611	0.00535
10	0.81514	0.01273	0.00968	0.00866	0.01273	0.01477	0.00713	0.01935	0.01120	0.02954	0.00917	0.01069	0.00713	0.00611	0.00407	0.00204	0.00509	0.00356	0.00407	0.00713
11	0.04954	0.21499	0.53027	0.01647	0.02494	0.01792	0.02035	0.02050	0.01365	0.01991	0.01104	0.01294	0.00831	0.00609	0.00566	0.00192	0.00886	0.00448	0.00285	0.00930
12	0.02503	0.01844	0.01976	0.01515	0.02042	0.02042	0.01251	0.70562	0.03095	0.04149	0.01581	0.01581	0.01120	0.00790	0.00659	0.00198	0.00724	0.00593	0.00659	0.01120
13	0.02528	0.01803	0.01950	0.01495	0.02021	0.01981	0.01235	0.66738	0.03026	0.08071	0.01638	0.01618	0.01149	0.00792	0.00659	0.00198	0.00715	0.00597	0.00667	0.01120
14	0.00932	0.00673	0.00880	0.00828	0.00984	0.00621	0.00621	0.01242	0.01863	0.02640	0.72410	0.04918	0.06212	0.01346	0.00776	0.00207	0.00311	0.01191	0.00725	0.00621
15	0.81514	0.01273	0.00968	0.00866	0.01273	0.01477	0.00713	0.01935	0.01120	0.02954	0.00917	0.01069	0.00713	0.00611	0.00407	0.00204	0.00509	0.00356	0.00407	0.00713
16	0.01629	0.01564	0.02672	0.04041	0.72757	0.01564	0.02020	0.02020	0.01499	0.02151	0.01238	0.01629	0.01043	0.00587	0.00652	0.00196	0.00782	0.00587	0.00326	0.01043
17	0.02230	0.01708	0.01822	0.01460	0.01938	0.01914	0.01185	0.49420	0.24681	0.03709	0.01927	0.01857	0.01400	0.00823	0.00662	0.00206	0.00660	0.00640	0.00662	0.01095
18	0.02543	0.01680	0.01862	0.01439	0.01954	0.01811	0.01185	0.53851	0.06595	0.17458	0.01838	0.01756	0.01267	0.00801	0.00660	0.00200	0.00681	0.00614	0.00689	0.01115
19	0.00801	0.00649	0.00711	0.00734	0.00913	0.00559	0.00536	0.00974	0.01497	0.01860	0.13777	0.19692	0.51589	0.01706	0.00790	0.00229	0.00340	0.01459	0.00625	0.00559
20	0.01005	0.00689	0.00882	0.00830	0.01005	0.00627	0.00624	0.01289	0.01800	0.05827	0.59022	0.07869	0.13272	0.01386	0.00774	0.00211	0.00328	0.01216	0.00712	0.00634
21	0.04498	0.01357	0.01455	0.01311	0.01678	0.01543	0.01036	0.05693	0.57567	0.06064	0.02640	0.02773	0.02060	0.00952	0.00679	0.00227	0.00537	0.06266	0.00662	0.01001
22	0.01262	0.01189	0.02008	0.71911	0.07762	0.01467	0.01837	0.01698	0.01325	0.01704	0.01173	0.01749	0.00885	0.00655	0.00658	0.00218	0.00873	0.00585	0.00294	0.00746
23	0.00910	0.00651	0.00854	0.00887	0.00950	0.00683	0.00609	0.01031	0.01085	0.01481	0.02502	0.18977	0.05840	0.30225	0.29601	0.00700	0.00997	0.01075	0.00436	0.00507
24	0.01533	0.01290	0.01521	0.01569	0.10924	0.01406	0.01075	0.09683	0.37479	0.02708	0.13774	0.03016	0.09199	0.00988	0.00693	0.00214	0.00525	0.00840	0.00626	0.00937
25	0.01664	0.01412	0.01602	0.01375	0.01764	0.01582	0.04647	0.12018	0.51543	0.02842	0.05977	0.02645	0.06108	0.00928	0.00685	0.00219	0.00558	0.00784	0.00650	0.00996
26	0.81514	0.01273	0.00968	0.00866	0.01273	0.01477	0.00713	0.01935	0.01120	0.02954	0.00917	0.01069	0.00713	0.00611	0.00407	0.00204	0.00509	0.00356	0.00407	0.00713
27	0.01727	0.02009	0.14065	0.05896	0.38864	0.08120	0.01852	0.09233	0.07577	0.02328	0.01363	0.01620	0.01074	0.00651	0.00645	0.00199	0.00826	0.00569	0.00381	0.01001
28	0.00955	0.00646	0.00756	0.00756	0.00769	0.00659	0.00446	0.00982	0.00969	0.01304	0.02040	0.04117	0.02310	0.68869	0.11232	0.00685	0.00763	0.00929	0.00394	0.00420
29	0.01278	0.01284	0.02201	0.09291	0.02357	0.03913	0.25108	0.01603	0.01375	0.01840	0.02120	0.21065	0.04476	0.01249	0.03127	0.00264	0.10069	0.03975	0.00418	0.02986

[dist]
# distance from previous block
# <min> <max>
0	1

[block]
# block no. 1 follows, 33 sequences, length 20
# corresponding to MSA columns:
# 62-81
name=unknown_B
#
# <colnr> <probs for GDERKNQSTAVLIFYWHMCP>
#	G	D	E	R	K	N	Q	S	T	A	V	L	I	F	Y	W	H	M	C	P
0	0.01540	0.01497	0.02306	0.16281	0.48413	0.04889	0.01792	0.01993	0.05249	0.02048	0.01672	0.02004	0.06043	0.00696	0.00660	0.00202	0.00773	0.00643	0.00359	0.00940
1	0.05259	0.02341	0.01741	0.01541	0.01861	0.40433	0.01193	0.09605	0.13317	0.02149	0.01379	0.01518	0.01101	0.00781	0.00778	0.00195	0.09438	0.00517	0.04020	0.00832
2	0.02426	0.05572	0.02081	0.01674	0.02100	0.45100	0.07721	0.10327	0.01957	0.12900	0.01348	0.01443	0.01012	0.00696	0.00622	0.00182	0.01012	0.00510	0.00445	0.00873
3	0.02843	0.01124	0.01516	0.01158	0.01672	0.00961	0.00954	0.03100	0.01848	0.68253	0.02498	0.02180	0.01584	0.00792	0.00650	0.00196	0.00555	0.00643	0.00785	0.06688
4	0.01637	0.01414	0.01489	0.01340	0.01712	0.01637	0.01042	0.03498	0.71568	0.02754	0.02679	0.02456	0.02010	0.00893	0.00670	0.00223	0.00521	0.00744	0.00670	0.01042
5	0.00778	0.00667	0.00667	0.00667	0.00889	0.00556	0.00500	0.00945	0.01501	0.01778	0.06669	0.06336	0.72490	0.01667	0.00778	0.00222	0.00333	0.01389	0.00611	0.00556
6	0.81514	0.01273	0.00968	0.00866	0.01273	0.01477	0.00713	0.01935	0.01120	0.02954	0.00917	0.01069	0.00713	0.00611	0.00407	0.00204	0.00509	0.00356	0.00407	0.00713
7	0.02954	0.01120	0.01528	0.01171	0.01681	0.00968	0.00968	0.03208	0.01884	0.73213	0.02597	0.02241	0.01630	0.00815	0.00662	0.00204	0.00560	0.00662	0.00815	0.01120
8	0.02954	0.01120	0.01528	0.01171	0.01681	0.00968	0.00968	0.03208	0.01884	0.73213	0.02597	0.02241	0.01630	0.00815	0.00662	0.00204	0.00560	0.00662	0.00815	0.01120
9	0.00956	0.00645	0.00751	0.00751	0.00762	0.00656	0.00440	0.00978	0.00967	0.01301	0.02044	0.04143	0.02322	0.69967	0.10150	0.00678	0.00746	0.00933	0.00394	0.00417
10	0.01474	0.01183	0.01293	0.01165	0.01467	0.01294	0.00904	0.12619	0.33545	0.02660	0.11701	0.06657	0.10364	0.05797	0.00879	0.00249	0.00511	0.04731	0.00646	0.00862
11	0.01769	0.01511	0.01544	0.01358	0.01734	0.04790	0.01060	0.12439	0.56200	0.02824	0.02392	0.02263	0.01801	0.00930	0.00748	0.03711	0.00580	0.00702	0.00637	0.01008
12	0.01561	0.01487	0.02493	0.16541	0.57332	0.01550	0.01940	0.02030	0.04754	0.02096	0.01294	0.01690	0.01059	0.00614	0.00654	0.00201	0.00787	0.00594	0.00336	0.00988
13	0.01929	0.05668	0.09703	0.01573	0.04598	0.06726	0.03990	0.11998	0.32969	0.10755	0.02047	0.01981	0.01503	0.00785	0.00648	0.00207	0.00691	0.00639	0.00573	0.01018
14	0.00834	0.00660	0.00747	0.00769	0.00941	0.00581	0.00572	0.01022	0.01511	0.01909	0.17247	0.15722	0.44237	0.04481	0.00891	0.00247	0.00367	0.06077	0.00623	0.00562
15	0.04011	0.02377	0.34278	0.05082	0.06079	0.03740	0.11481	0.08226	0.05855	0.04007	0.04030	0.01815	0.01249	0.03982	0.00772	0.00227	0.00872	0.00607	0.00387	0.00922
16	0.01008	0.00662	0.00921	0.00996	0.04140	0.00650	0.00654	0.01043	0.01225	0.01669	0.16725	0.14863	0.07123	0.10018	0.08395	0.27351	0.00600	0.01006	0.00467	0.00484
17	0.01478	0.12344	0.21677	0.01383	0.03794	0.06424	0.01351	0.07663	0.01652	0.02252	0.14398	0.02242	0.05526	0.00794	0.00611	0.00177	0.00689	0.00633	0.00434	0.14479
18	0.14613	0.24588	0.11755	0.05105	0.02011	0.04799	0.03839	0.12621	0.06154	0.02413	0.03425	0.01497	0.01134	0.00674	0.00543	0.00185	0.00721	0.00496	0.02553	0.00875
19	0.05832	0.18265	0.19149	0.01558	0.06597	0.11218	0.01430	0.09809	0.01643	0.05236	0.01466	0.01615	0.03783	0.00799	0.02553	0.00203	0.00813	0.00511	0.03375	0.04145

[dist]
# distance from previous block
# <min> <max>
0	17

[block]
# block no. 2 follows, 33 sequences, length 38
# corresponding to MSA columns:
# 99-136
name=unknown_C
#
# <colnr> <probs for GDERKNQSTAVLIFYWHMCP>
#	G	D	E	R	K	N	Q	S	T	A	V	L	I	F	Y	W	H	M	C	P
0	0.01444	0.01309	0.02180	0.15717	0.43949	0.01393	0.01692	0.01740	0.01336	0.01876	0.01254	0.01818	0.01092	0.03426	0.04998	0.08815	0.04193	0.00602	0.00318	0.00849
1	0.01627	0.04806	0.11165	0.22484	0.17704	0.01573	0.07139	0.08582	0.07735	0.06473	0.03366	0.01815	0.01226	0.00688	0.00657	0.00207	0.00801	0.00614	0.00411	0.00928
2	0.00890	0.00666	0.00826	0.00797	0.00961	0.00602	0.00594	0.01158	0.01748	0.02394	0.53874	0.09322	0.20828	0.01458	0.00780	0.00214	0.00320	0.01274	0.00693	0.00602
3	0.01857	0.04207	0.06210	0.05796	0.13602	0.22821	0.04586	0.06527	0.11309	0.02059	0.01321	0.01564	0.01067	0.00766	0.00888	0.00209	0.13388	0.00556	0.00386	0.00880
4	0.00907	0.00637	0.00808	0.00899	0.00957	0.00616	0.00628	0.01030	0.01242	0.01644	0.05660	0.34859	0.05807	0.26142	0.01661	0.00391	0.00505	0.14553	0.00546	0.00509
5	0.01391	0.03312	0.69194	0.01855	0.02801	0.01559	0.02362	0.06165	0.01492	0.02208	0.01205	0.01401	0.00851	0.00635	0.00627	0.00208	0.00958	0.00493	0.00301	0.00982
6	0.00788	0.00663	0.00684	0.00687	0.00898	0.00559	0.00512	0.00961	0.01512	0.01826	0.10460	0.09160	0.65713	0.01665	0.00781	0.00223	0.00334	0.01398	0.00618	0.00559
7	0.01144	0.00572	0.00858	0.00858	0.00858	0.00572	0.00572	0.00858	0.00858	0.01144	0.01144	0.02001	0.01144	0.02287	0.02573	0.80846	0.00572	0.00572	0.00286	0.00286
8	0.01760	0.77260	0.03450	0.01126	0.01690	0.02605	0.01126	0.01971	0.01338	0.01549	0.00915	0.01056	0.00845	0.00563	0.00422	0.00141	0.00704	0.00352	0.00282	0.00845
9	0.01637	0.01414	0.01489	0.01340	0.01712	0.01637	0.01042	0.03498	0.71568	0.02754	0.02679	0.02456	0.02010	0.00893	0.00670	0.00223	0.00521	0.00744	0.00670	0.01042
10	0.02954	0.01120	0.01528	0.01171	0.01681	0.00968	0.00968	0.03208	0.01884	0.73213	0.02597	0.02241	0.01630	0.00815	0.00662	0.00204	0.00560	0.00662	0.00815	0.01120
11	0.81514	0.01273	0.00968	0.00866	0.01273	0.01477	0.00713	0.01935	0.01120	0.02954	0.00917	0.01069	0.00713	0.00611	0.00407	0.00204	0.00509	0.00356	0.00407	0.00713
12	0.01554	0.01776	0.03885	0.02775	0.03441	0.01665	0.70366	0.02109	0.01554	0.02109	0.01332	0.01776	0.00999	0.00555	0.00777	0.00222	0.01110	0.00777	0.00333	0.00888
13	0.01320	0.03405	0.73453	0.01876	0.02849	0.01529	0.02432	0.02085	0.01390	0.02085	0.01181	0.01390	0.00834	0.00625	0.00625	0.00208	0.00973	0.00486	0.00278	0.00973
14	0.01243	0.01170	0.01975	0.75282	0.04534	0.01463	0.01828	0.01682	0.01316	0.01682	0.01170	0.01755	0.00878	0.00658	0.00658	0.00219	0.00878	0.00585	0.00293	0.00731
15	0.00940	0.00705	0.01058	0.01058	0.01176	0.00823	0.00823	0.01176	0.01058	0.01528	0.01763	0.02586	0.01646	0.04937	0.74255	0.01058	0.01763	0.00705	0.00353	0.00588
16	0.01308	0.01236	0.02091	0.63389	0.15923	0.01480	0.01860	0.01739	0.01347	0.01760	0.01181	0.01734	0.00905	0.00646	0.00657	0.00215	0.00862	0.00585	0.00298	0.00783
17	0.02529	0.01801	0.01949	0.01494	0.02020	0.01978	0.01234	0.66549	0.03023	0.08264	0.01641	0.01620	0.01150	0.00792	0.00659	0.00198	0.00715	0.00597	0.00668	0.01120
18	0.00818	0.00584	0.00782	0.00935	0.00980	0.00548	0.00638	0.00944	0.01276	0.01698	0.03620	0.72235	0.04320	0.02048	0.00844	0.00270	0.00396	0.05915	0.00611	0.00539
19	0.02228	0.01132	0.01408	0.01164	0.01573	0.01108	0.00932	0.02966	0.22454	0.40630	0.14276	0.02751	0.02507	0.00927	0.00683	0.00210	0.00507	0.00775	0.00757	0.01014
20	0.01374	0.01197	0.01478	0.01056	0.01645	0.00913	0.03910	0.01678	0.01374	0.02144	0.01177	0.01384	0.00976	0.00491	0.00501	0.00103	0.00516	0.00407	0.00387	0.77290
21	0.01032	0.00744	0.01023	0.01159	0.01311	0.00735	0.01000	0.01322	0.01519	0.01975	0.06143	0.09354	0.07800	0.01800	0.00895	0.00294	0.00573	0.60109	0.00611	0.00602
22	0.00940	0.00705	0.01058	0.01058	0.01176	0.00823	0.00823	0.01176	0.01058	0.01528	0.01763	0.02586	0.01646	0.04937	0.74255	0.01058	0.01763	0.00705	0.00353	0.00588
23	0.00942	0.00700	0.01029	0.01029	0.01136	0.00807	0.00786	0.01157	0.01049	0.01507	0.01790	0.02734	0.01710	0.11116	0.68164	0.01022	0.01667	0.00727	0.00357	0.00572
24	0.01243	0.01170	0.01975	0.75282	0.04534	0.01463	0.01828	0.01682	0.01316	0.01682	0.01170	0.01755	0.00878	0.00658	0.00658	0.00219	0.00878	0.00585	0.00293	0.00731
25	0.07650	0.15262	0.03936	0.01740	0.07723	0.49529	0.01300	0.02408	0.01685	0.01749	0.01016	0.01198	0.00854	0.00646	0.00558	0.00170	0.01022	0.00422	0.00332	0.00802
26	0.01945	0.01381	0.01524	0.01317	0.01725	0.01529	0.01039	0.07276	0.54003	0.16635	0.02601	0.02364	0.01884	0.00872	0.00668	0.00218	0.00540	0.00720	0.00698	0.01062
27	0.01852	0.60663	0.07188	0.01264	0.01814	0.14499	0.01225	0.02088	0.01429	0.01590	0.00948	0.01097	0.00845	0.00586	0.00463	0.00149	0.00800	0.00372	0.00291	0.00839
28	0.01024	0.00700	0.00868	0.00810	0.01005	0.00627	0.00613	0.01294	0.01773	0.06995	0.51264	0.05103	0.22673	0.01393	0.00769	0.00211	0.00333	0.01207	0.00702	0.00637
29	0.02954	0.01120	0.01528	0.01171	0.01681	0.00968	0.00968	0.03208	0.01884	0.73213	0.02597	0.02241	0.01630	0.00815	0.00662	0.00204	0.00560	0.00662	0.00815	0.01120
30	0.00812	0.00599	0.00762	0.00879	0.00957	0.00549	0.00606	0.00951	0.01339	0.01755	0.07670	0.59095	0.15785	0.01953	0.00829	0.00258	0.00377	0.03663	0.00617	0.00545
31	0.00851	0.00657	0.00777	0.00774	0.00941	0.00583	0.00570	0.01077	0.01634	0.02158	0.36240	0.15135	0.33083	0.01574	0.00786	0.00221	0.00330	0.01364	0.00663	0.00583
32	0.00932	0.00673	0.00880	0.00828	0.00984	0.00621	0.00621	0.01242	0.01863	0.02640	0.72410	0.04918	0.06212	0.01346	0.00776	0.00207	0.00311	0.01191	0.00725	0.00621
33	0.00954	0.00650	0.00777	0.00777	0.00798	0.00670	0.00473	0.00995	0.00975	0.01320	0.02020	0.04009	0.02263	0.64367	0.15670	0.00711	0.00834	0.00914	0.00391	0.00432
34	0.01727	0.60692	0.15045	0.01284	0.01903	0.06520	0.01353	0.02028	0.01377	0.01642	0.00966	0.01119	0.00843	0.00580	0.00466	0.00154	0.00777	0.00379	0.00284	0.00862
35	0.00881	0.00641	0.00830	0.00845	0.00968	0.00590	0.00610	0.01121	0.01651	0.02283	0.46528	0.27435	0.09980	0.01592	0.00797	0.00227	0.00334	0.01417	0.00682	0.00590
36	0.12497	0.01445	0.01495	0.01294	0.01702	0.01642	0.01026	0.13494	0.48041	0.06726	0.02272	0.02126	0.01681	0.00836	0.00633	0.00216	0.00553	0.00665	0.00641	0.01014
37	0.01774	0.13559	0.13508	0.03736	0.14264	0.12172	0.08157	0.10966	0.01739	0.03952	0.05407	0.05019	0.01412	0.00743	0.00633	0.00193	0.00834	0.00625	0.00404	0.00904

[dist]
# distance from previous block
# <min> <max>
0	2

[block]
# block no. 3 follows, 33 sequences, length 20
# corresponding to MSA columns:
# 139-158
name=unknown_D
#
# <colnr> <probs for GDERKNQSTAVLIFYWHMCP>
#	G	D	E	R	K	N	Q	S	T	A	V	L	I	F	Y	W	H	M	C	P
0	0.01443	0.01668	0.16623	0.04492	0.07766	0.01194	0.04733	0.06683	0.03934	0.04661	0.06098	0.06569	0.03947	0.00772	0.00625	0.00176	0.00657	0.00664	0.00440	0.26856
1	0.01794	0.08018	0.19771	0.07022	0.02302	0.04298	0.06243	0.13726	0.06843	0.11902	0.02001	0.02079	0.07036	0.00914	0.02961	0.00230	0.00804	0.00642	0.00480	0.00934
2	0.02331	0.01759	0.01879	0.01480	0.01976	0.01962	0.01210	0.57287	0.16649	0.03873	0.01798	0.01754	0.01296	0.00811	0.00661	0.00203	0.00684	0.00623	0.00661	0.01104
3	0.01057	0.00828	0.02874	0.07468	0.03165	0.00767	0.04758	0.01239	0.01289	0.05647	0.02984	0.45162	0.05483	0.12710	0.01169	0.00307	0.00536	0.01417	0.00533	0.00608
4	0.01794	0.03960	0.11437	0.12119	0.13463	0.06235	0.16561	0.10528	0.07056	0.08154	0.01482	0.01712	0.01098	0.00666	0.00670	0.00206	0.00869	0.00617	0.00423	0.00951
5	0.05735	0.01412	0.02044	0.05416	0.40378	0.05021	0.01550	0.01879	0.01416	0.02127	0.01399	0.01917	0.01199	0.00736	0.00788	0.00203	0.09304	0.03154	0.13445	0.00876
6	0.02751	0.01076	0.01463	0.01137	0.01611	0.00933	0.00933	0.03011	0.01882	0.66144	0.09590	0.02509	0.02089	0.00868	0.00673	0.00204	0.00535	0.00715	0.00806	0.01070
7	0.06114	0.08460	0.11544	0.08181	0.13479	0.03112	0.16962	0.01943	0.04191	0.02017	0.01507	0.06117	0.01346	0.00814	0.00789	0.00220	0.06761	0.05232	0.00365	0.00848
8	0.02282	0.04206	0.01920	0.01541	0.04636	0.01895	0.01215	0.47344	0.17793	0.07523	0.01841	0.01792	0.01329	0.00799	0.00653	0.00202	0.00673	0.00621	0.00644	0.01091
9	0.01144	0.00572	0.00858	0.00858	0.00858	0.00572	0.00572	0.00858	0.00858	0.01144	0.01144	0.02001	0.01144	0.02287	0.02573	0.80846	0.00572	0.00572	0.00286	0.00286
10	0.00822	0.00663	0.00695	0.00690	0.00870	0.00575	0.00495	0.00975	0.01446	0.01777	0.12070	0.05871	0.54829	0.13929	0.01198	0.00289	0.00381	0.01300	0.00587	0.00536
11	0.01577	0.36585	0.23039	0.01726	0.02402	0.02071	0.16774	0.02016	0.01385	0.01824	0.01079	0.01325	0.00877	0.00605	0.00635	0.00184	0.04226	0.00493	0.00292	0.00885
12	0.01392	0.15478	0.62010	0.01754	0.02660	0.01705	0.02219	0.02066	0.01381	0.01997	0.01138	0.01335	0.00836	0.00615	0.00592	0.00197	0.00929	0.00464	0.00279	0.00952
13	0.00802	0.00573	0.00764	0.00917	0.00955	0.00535	0.00611	0.00917	0.01260	0.01681	0.03628	0.76434	0.04354	0.02062	0.00840	0.00267	0.00382	0.01872	0.00611	0.00535
14	0.01719	0.01927	0.02414	0.07434	0.11349	0.22551	0.20204	0.02109	0.04404	0.01864	0.01386	0.05784	0.01207	0.01009	0.05158	0.00261	0.07373	0.00675	0.00358	0.00815
15	0.04372	0.14368	0.09965	0.01571	0.06101	0.12516	0.01314	0.22509	0.11059	0.02636	0.01481	0.01640	0.01164	0.03481	0.00693	0.00204	0.00773	0.00543	0.02673	0.00939
16	0.01033	0.00840	0.01269	0.13228	0.01744	0.01018	0.01014	0.01280	0.01090	0.01543	0.01609	0.02455	0.01498	0.08168	0.51937	0.00831	0.07802	0.00690	0.00340	0.00611
17	0.01304	0.00785	0.00980	0.00934	0.01154	0.00737	0.00726	0.01647	0.05769	0.13820	0.24308	0.12200	0.14430	0.03039	0.00812	0.00235	0.00421	0.10069	0.05930	0.00701
18	0.05658	0.17925	0.19939	0.01723	0.02318	0.05971	0.14851	0.07941	0.01575	0.04978	0.03787	0.01550	0.01117	0.00694	0.00740	0.00200	0.07220	0.00554	0.00370	0.00889
19	0.09407	0.18059	0.23603	0.03074	0.06155	0.09152	0.04536	0.10603	0.05534	0.02297	0.01226	0.01389	0.00946	0.00647	0.00574	0.00190	0.00832	0.00487	0.00371	0.00918

[dist]
# distance from previous block
# <min> <max>
0	7

[block]
# block no. 4 follows, 33 sequences, length 15
# corresponding to MSA columns:
# 166-180
name=unknown_E
#
# <colnr> <probs for GDERKNQSTAVLIFYWHMCP>
#	G	D	E	R	K	N	Q	S	T	A	V	L	I	F	Y	W	H	M	C	P
0	0.00920	0.00753	0.00829	0.00812	0.01026	0.00691	0.00604	0.01290	0.09063	0.02024	0.16379	0.15306	0.41971	0.01544	0.00764	0.00222	0.00362	0.01319	0.00628	0.03491
1	0.01370	0.01293	0.01945	0.07257	0.07468	0.05613	0.16676	0.06298	0.01647	0.02204	0.15597	0.08634	0.08833	0.01049	0.00817	0.00220	0.05014	0.03714	0.03593	0.00757
2	0.00911	0.00733	0.00822	0.00811	0.01013	0.00678	0.00613	0.01273	0.07915	0.02105	0.24092	0.10381	0.40449	0.01542	0.00777	0.00225	0.00358	0.04035	0.00648	0.00618
3	0.01115	0.00999	0.01540	0.09280	0.13119	0.00982	0.08014	0.01447	0.03354	0.01993	0.13778	0.04092	0.27062	0.01374	0.04004	0.02437	0.00622	0.03581	0.00502	0.00704
4	0.00846	0.00614	0.00789	0.00860	0.00948	0.00567	0.00596	0.01019	0.01451	0.01963	0.24639	0.45756	0.10713	0.04913	0.00920	0.00261	0.00367	0.01586	0.00637	0.00557
5	0.01075	0.00707	0.00913	0.00842	0.01029	0.00643	0.00638	0.01369	0.01836	0.07988	0.61780	0.04826	0.11175	0.01331	0.00768	0.00208	0.00332	0.01166	0.00723	0.00654
6	0.66456	0.01244	0.01075	0.00924	0.01351	0.01379	0.00762	0.02179	0.01267	0.16421	0.01239	0.01294	0.00889	0.00650	0.00456	0.00204	0.00519	0.00415	0.00485	0.00791
7	0.02463	0.03021	0.01876	0.01680	0.02036	0.67700	0.01270	0.08766	0.01977	0.01840	0.01068	0.01223	0.00873	0.00689	0.00599	0.00172	0.01145	0.00439	0.00368	0.00795
8	0.01629	0.01564	0.02672	0.04041	0.72757	0.01564	0.02020	0.02020	0.01499	0.02151	0.01238	0.01629	0.01043	0.00587	0.00652	0.00196	0.00782	0.00587	0.00326	0.01043
9	0.01440	0.01137	0.01335	0.01432	0.10370	0.05781	0.00983	0.06822	0.05796	0.07572	0.07580	0.03808	0.20097	0.01514	0.06786	0.02423	0.02631	0.07700	0.04037	0.00757
10	0.01760	0.77260	0.03450	0.01126	0.01690	0.02605	0.01126	0.01971	0.01338	0.01549	0.00915	0.01056	0.00845	0.00563	0.00422	0.00141	0.00704	0.00352	0.00282	0.00845
11	0.00799	0.00585	0.00751	0.00884	0.00946	0.00537	0.00597	0.00920	0.01291	0.01693	0.04021	0.67382	0.13153	0.02011	0.00832	0.00262	0.00376	0.01809	0.00611	0.00537
12	0.03491	0.06119	0.16286	0.01199	0.03580	0.01040	0.01096	0.01421	0.01451	0.02045	0.17574	0.18335	0.14598	0.01273	0.00790	0.00221	0.04768	0.01068	0.02945	0.00701
13	0.05574	0.12878	0.08244	0.03112	0.06553	0.01582	0.01236	0.05822	0.04156	0.09438	0.04380	0.02113	0.07701	0.00884	0.00926	0.00208	0.16511	0.00629	0.03595	0.04461
14	0.20604	0.07010	0.21518	0.04249	0.06702	0.01544	0.05736	0.06155	0.05807	0.04102	0.01332	0.01621	0.01040	0.00668	0.00575	0.00197	0.00734	0.02530	0.00395	0.07483

[dist]
# distance from previous block
# <min> <max>
4	23

[block]
# block no. 5 follows, 33 sequences, length 22
# corresponding to MSA columns:
# 206-227
name=unknown_F
#
# <colnr> <probs for GDERKNQSTAVLIFYWHMCP>
#	G	D	E	R	K	N	Q	S	T	A	V	L	I	F	Y	W	H	M	C	P
0	0.12736	0.13952	0.09948	0.01302	0.04033	0.09635	0.01117	0.05850	0.03036	0.04113	0.01406	0.03713	0.01267	0.04471	0.00985	0.11948	0.00710	0.04262	0.00391	0.05121
1	0.01306	0.01420	0.07752	0.04107	0.12184	0.10405	0.01149	0.01634	0.03772	0.01927	0.06201	0.23500	0.06434	0.01327	0.03528	0.00246	0.02827	0.01006	0.04877	0.04397
2	0.03907	0.17231	0.08059	0.05130	0.02032	0.07696	0.04730	0.07467	0.10577	0.02205	0.01334	0.01479	0.01059	0.00622	0.00553	0.00161	0.00706	0.00483	0.00404	0.24166
3	0.01116	0.00688	0.00923	0.00923	0.01035	0.00686	0.00665	0.01229	0.01223	0.07993	0.06697	0.17227	0.07162	0.16689	0.20127	0.09805	0.00821	0.03943	0.00493	0.00556
4	0.01341	0.01034	0.02951	0.01441	0.09998	0.00965	0.04416	0.03788	0.06381	0.08338	0.24273	0.07193	0.07083	0.05265	0.04591	0.03016	0.00588	0.02557	0.00569	0.04211
5	0.01250	0.01158	0.08886	0.03810	0.06911	0.00897	0.01020	0.01561	0.02911	0.07750	0.06254	0.25312	0.05183	0.04868	0.04839	0.00273	0.00610	0.01035	0.00504	0.14967
6	0.00932	0.00673	0.00880	0.00828	0.00984	0.00621	0.00621	0.01242	0.01863	0.02640	0.72410	0.04918	0.06212	0.01346	0.00776	0.00207	0.00311	0.01191	0.00725	0.00621
7	0.02503	0.01844	0.01976	0.01515	0.02042	0.02042	0.01251	0.70562	0.03095	0.04149	0.01581	0.01581	0.01120	0.00790	0.00659	0.00198	0.00724	0.00593	0.00659	0.01120
8	0.02954	0.01120	0.01528	0.01171	0.01681	0.00968	0.00968	0.03208	0.01884	0.73213	0.02597	0.02241	0.01630	0.00815	0.00662	0.00204	0.00560	0.00662	0.00815	0.01120
9	0.01568	0.01491	0.02532	0.03811	0.67470	0.01488	0.01917	0.01939	0.01481	0.02116	0.01414	0.07137	0.01287	0.00695	0.00666	0.00201	0.00753	0.00681	0.00347	0.01005
10	0.01719	0.01452	0.01573	0.05437	0.01907	0.01676	0.01110	0.11372	0.59554	0.02861	0.02466	0.02313	0.01841	0.00868	0.00668	0.00220	0.00565	0.00717	0.00648	0.01034
11	0.74119	0.05533	0.01138	0.00912	0.01325	0.04298	0.00757	0.01963	0.01161	0.02825	0.00920	0.01073	0.00725	0.00611	0.00415	0.00199	0.00546	0.00359	0.00398	0.00722
12	0.01461	0.06717	0.39702	0.01546	0.02187	0.01420	0.01736	0.06218	0.01449	0.07637	0.01525	0.05558	0.01261	0.03536	0.11615	0.00347	0.04209	0.00620	0.00376	0.00880
13	0.65820	0.01643	0.01146	0.01031	0.01424	0.15918	0.00824	0.02073	0.01268	0.02687	0.00937	0.01093	0.00740	0.00624	0.00444	0.00197	0.00644	0.00370	0.00394	0.00723
14	0.00845	0.00664	0.00730	0.00716	0.00889	0.00585	0.00517	0.01024	0.01515	0.01929	0.23126	0.05668	0.44895	0.12656	0.01156	0.00280	0.00372	0.01274	0.00610	0.00550
15	0.04307	0.16255	0.22376	0.01622	0.02222	0.16762	0.08434	0.04290	0.07153	0.04405	0.03166	0.01661	0.03168	0.00697	0.00604	0.00190	0.00876	0.00546	0.00382	0.00883
16	0.01511	0.08450	0.45555	0.01839	0.06116	0.01559	0.06171	0.04298	0.05525	0.06372	0.03675	0.01746	0.02892	0.00694	0.00635	0.00204	0.00857	0.00571	0.00372	0.00958
17	0.00816	0.00583	0.00780	0.00933	0.00977	0.00547	0.00636	0.00941	0.01274	0.01696	0.03621	0.72661	0.04323	0.02049	0.00844	0.00269	0.00394	0.05505	0.00611	0.00539
18	0.01170	0.01008	0.00884	0.00859	0.00921	0.11469	0.00533	0.01203	0.01118	0.01351	0.02148	0.03950	0.05662	0.61895	0.02816	0.00548	0.00704	0.00900	0.00401	0.00460
19	0.03861	0.15721	0.30416	0.01834	0.10193	0.05565	0.04052	0.01980	0.03603	0.01981	0.01561	0.06881	0.01418	0.00829	0.00632	0.00207	0.00817	0.07216	0.00359	0.00873
20	0.05987	0.16695	0.15278	0.05599	0.05589	0.08224	0.02907	0.11543	0.01659	0.02210	0.01991	0.02119	0.11466	0.00811	0.00641	0.00193	0.02784	0.00619	0.02843	0.00844
21	0.00849	0.00694	0.00754	0.00757	0.00954	0.00619	0.00560	0.01118	0.05119	0.01948	0.16150	0.14652	0.50241	0.01628	0.00780	0.00226	0.00346	0.01386	0.00632	0.00588

[dist]
# distance from previous block
# <min> <max>
0	1

[block]
# block no. 6 follows, 33 sequences, length 13
# corresponding to MSA columns:
# 229-241
name=unknown_G
#
# <colnr> <probs for GDERKNQSTAVLIFYWHMCP>
#	G	D	E	R	K	N	Q	S	T	A	V	L	I	F	Y	W	H	M	C	P
0	0.04304	0.00943	0.01153	0.00983	0.01316	0.00873	0.00776	0.05032	0.05322	0.29066	0.19974	0.07015	0.18150	0.01177	0.00714	0.00212	0.00447	0.00990	0.00713	0.00837
1	0.05078	0.05959	0.14339	0.14231	0.25278	0.07392	0.04182	0.11703	0.01683	0.02305	0.01221	0.01519	0.00951	0.00639	0.00627	0.00198	0.00849	0.00542	0.00362	0.00940
2	0.07965	0.12494	0.06839	0.08710	0.03899	0.08051	0.14376	0.08832	0.01589	0.04911	0.01566	0.12073	0.01426	0.00855	0.00700	0.00208	0.03528	0.00735	0.00414	0.00827
3	0.00861	0.00664	0.00788	0.00785	0.00956	0.00591	0.00587	0.01093	0.01643	0.02168	0.36113	0.12528	0.33165	0.01565	0.00788	0.00223	0.00338	0.03894	0.00663	0.00585
4	0.01368	0.01181	0.01449	0.01213	0.07191	0.00922	0.00872	0.01669	0.01396	0.02166	0.04096	0.01532	0.01195	0.00531	0.00512	0.00110	0.00504	0.00438	0.00399	0.71256
5	0.01560	0.10238	0.14688	0.01561	0.09455	0.05752	0.01298	0.03493	0.03044	0.08197	0.03462	0.10422	0.03919	0.00890	0.00629	0.00188	0.00672	0.04203	0.00447	0.15882
6	0.03976	0.22740	0.31610	0.01594	0.02302	0.04561	0.04647	0.14198	0.04433	0.02339	0.01232	0.01376	0.00937	0.00647	0.00578	0.00188	0.00840	0.00486	0.00370	0.00948
7	0.01621	0.01475	0.02562	0.10709	0.41885	0.01490	0.12649	0.05046	0.01578	0.05236	0.01528	0.02228	0.01302	0.00722	0.00697	0.00213	0.00815	0.06905	0.00385	0.00952
8	0.00955	0.00648	0.00765	0.00765	0.00782	0.00664	0.00458	0.00988	0.00971	0.01312	0.02031	0.04068	0.02289	0.66823	0.13249	0.00697	0.00795	0.00922	0.00392	0.00425
9	0.01354	0.01349	0.06409	0.10858	0.18032	0.05001	0.01288	0.01884	0.10125	0.04172	0.17662	0.05366	0.11780	0.00999	0.00700	0.00210	0.00616	0.00869	0.00508	0.00816
10	0.01482	0.01258	0.04442	0.06175	0.18642	0.01232	0.01256	0.09110	0.06716	0.06873	0.04477	0.22050	0.04778	0.01135	0.00784	0.00222	0.04396	0.00985	0.00514	0.03471
11	0.01434	0.05292	0.10794	0.01633	0.07072	0.01282	0.11017	0.09891	0.01631	0.04296	0.08198	0.19314	0.02278	0.01056	0.00757	0.00214	0.03821	0.00937	0.04702	0.04382
12	0.07515	0.13410	0.13390	0.01538	0.05088	0.11237	0.04999	0.10374	0.03688	0.09347	0.05308	0.03530	0.03406	0.00759	0.00605	0.00189	0.00759	0.00598	0.00456	0.03806

[dist]
# distance from previous block
# <min> <max>
12	25

[block]
# block no. 7 follows, 33 sequences, length 7
# corresponding to MSA columns:
# 268-274
name=unknown_H
#
# <colnr> <probs for GDERKNQSTAVLIFYWHMCP>
#	G	D	E	R	K	N	Q	S	T	A	V	L	I	F	Y	W	H	M	C	P
0	0.04270	0.03945	0.01760	0.09867	0.09302	0.09471	0.01221	0.21888	0.12335	0.02705	0.07012	0.02406	0.09251	0.00878	0.00658	0.00202	0.00690	0.00708	0.00530	0.00901
1	0.01964	0.08230	0.05825	0.05754	0.05978	0.13157	0.04261	0.17017	0.01856	0.10396	0.01603	0.04787	0.01347	0.04969	0.00855	0.00222	0.04129	0.03104	0.00474	0.04072
2	0.11432	0.05279	0.07181	0.11737	0.07521	0.10220	0.07074	0.11173	0.13058	0.02470	0.05406	0.01806	0.01385	0.00728	0.00625	0.00203	0.00771	0.00597	0.00449	0.00886
3	0.13119	0.04166	0.04960	0.04768	0.02023	0.03717	0.05084	0.26981	0.10523	0.05011	0.03640	0.01699	0.01269	0.00769	0.00717	0.00204	0.05736	0.00581	0.00522	0.04512
4	0.24873	0.01513	0.01508	0.05739	0.01829	0.05736	0.01047	0.25233	0.08845	0.07965	0.01593	0.04179	0.01237	0.01012	0.04701	0.00252	0.00713	0.00585	0.00539	0.00902
5	0.01227	0.00614	0.00614	0.00614	0.00767	0.00614	0.00460	0.01534	0.01381	0.02454	0.02148	0.02454	0.01687	0.00767	0.00460	0.00153	0.00307	0.00614	0.80518	0.00614
6	0.09244	0.01996	0.06222	0.04876	0.05060	0.25595	0.01176	0.11122	0.05698	0.05129	0.01959	0.02053	0.08599	0.00808	0.00607	0.00191	0.00789	0.00604	0.07447	0.00825

[dist]
# distance from previous block
# <min> <max>
0	2

# created by:
# /home/berkeley/.conda/envs/busco_data_prod/bin/msa2prfl.pl pipeline/OGs_align_augustus/4893/5236.fs
