[name]
unknown

[dist]
# distance from previous block
# <min> <max>
0	33

[block]
# block no. 0 follows, 33 sequences, length 86
# corresponding to MSA columns:
# 33-118
name=unknown_A
#
# <colnr> <probs for GDERKNQSTAVLIFYWHMCP>
#	G	D	E	R	K	N	Q	S	T	A	V	L	I	F	Y	W	H	M	C	P
0	0.09499	0.01473	0.02318	0.06995	0.28009	0.03416	0.14469	0.03962	0.04036	0.02201	0.01628	0.04556	0.03580	0.00772	0.00728	0.00212	0.03762	0.04065	0.00390	0.03930
1	0.00779	0.00662	0.00672	0.00679	0.00893	0.00555	0.00506	0.00943	0.01488	0.01774	0.06516	0.09857	0.69067	0.01687	0.00781	0.00225	0.00336	0.01414	0.00611	0.00555
2	0.02189	0.01856	0.02026	0.10778	0.07009	0.21129	0.08176	0.11209	0.03529	0.18780	0.01647	0.04200	0.01242	0.00766	0.00693	0.00201	0.02527	0.00626	0.00500	0.00917
3	0.02523	0.01321	0.02008	0.01510	0.02026	0.01238	0.13446	0.08923	0.01869	0.47826	0.02135	0.02023	0.01406	0.00770	0.00751	0.00206	0.04443	0.00661	0.00671	0.04244
4	0.00782	0.00652	0.00682	0.00706	0.00899	0.00552	0.00518	0.00940	0.01463	0.01763	0.06193	0.17315	0.61818	0.01729	0.00788	0.00229	0.00341	0.01465	0.00611	0.00552
5	0.14307	0.13581	0.09496	0.01402	0.01890	0.23123	0.01236	0.09885	0.08878	0.08295	0.01368	0.01432	0.01040	0.00691	0.00563	0.00186	0.00816	0.00481	0.00443	0.00887
6	0.13787	0.14251	0.13011	0.01539	0.06560	0.03992	0.08940	0.05647	0.03718	0.02222	0.05335	0.05239	0.11437	0.00860	0.00616	0.00200	0.00694	0.00711	0.00424	0.00817
7	0.05029	0.13817	0.05951	0.01567	0.09280	0.04432	0.03810	0.11828	0.03947	0.13680	0.04480	0.02351	0.10602	0.00989	0.03119	0.00225	0.02806	0.00680	0.00506	0.00899
8	0.01760	0.77260	0.03450	0.01126	0.01690	0.02605	0.01126	0.01971	0.01338	0.01549	0.00915	0.01056	0.00845	0.00563	0.00422	0.00141	0.00704	0.00352	0.00282	0.00845
9	0.00866	0.00670	0.00788	0.00759	0.00943	0.00593	0.00569	0.01114	0.01707	0.02269	0.44130	0.05528	0.34723	0.01484	0.00777	0.00214	0.00320	0.01276	0.00676	0.00593
10	0.05400	0.01634	0.02022	0.04025	0.01898	0.10345	0.04148	0.01746	0.01145	0.01677	0.00913	0.01416	0.00861	0.01032	0.01792	0.00265	0.58090	0.00556	0.00302	0.00732
11	0.01297	0.01219	0.02047	0.45181	0.22408	0.01379	0.03211	0.01687	0.01375	0.01822	0.01641	0.07884	0.04499	0.00795	0.00679	0.00217	0.00792	0.00729	0.00342	0.00795
12	0.00782	0.00652	0.00682	0.00705	0.00899	0.00553	0.00517	0.00940	0.01463	0.01763	0.06199	0.17167	0.61962	0.01728	0.00788	0.00229	0.00341	0.01464	0.00611	0.00553
13	0.01637	0.01414	0.01489	0.01340	0.01712	0.01637	0.01042	0.03498	0.71568	0.02754	0.02679	0.02456	0.02010	0.00893	0.00670	0.00223	0.00521	0.00744	0.00670	0.01042
14	0.02518	0.01819	0.01960	0.01503	0.02029	0.02005	0.01242	0.68253	0.03054	0.06517	0.01615	0.01603	0.01137	0.00791	0.00659	0.00198	0.00719	0.00595	0.00664	0.01120
15	0.70547	0.01352	0.01108	0.00956	0.01380	0.01555	0.00788	0.11460	0.01394	0.03120	0.01009	0.01140	0.00769	0.00636	0.00442	0.00203	0.00539	0.00389	0.00442	0.00769
16	0.01554	0.01776	0.03885	0.02775	0.03441	0.01665	0.70366	0.02109	0.01554	0.02109	0.01332	0.01776	0.00999	0.00555	0.00777	0.00222	0.01110	0.00777	0.00333	0.00888
17	0.00932	0.00673	0.00880	0.00828	0.00984	0.00621	0.00621	0.01242	0.01863	0.02640	0.72410	0.04918	0.06212	0.01346	0.00776	0.00207	0.00311	0.01191	0.00725	0.00621
18	0.00783	0.00667	0.00674	0.00672	0.00892	0.00558	0.00504	0.00955	0.01513	0.01807	0.08855	0.06288	0.70286	0.01657	0.00778	0.00222	0.00333	0.01383	0.00615	0.00558
19	0.00995	0.00821	0.00893	0.00848	0.01083	0.00794	0.00644	0.01547	0.15899	0.02213	0.23803	0.05157	0.40012	0.01422	0.00756	0.00218	0.00365	0.01203	0.00654	0.00673
20	0.01743	0.74311	0.06245	0.01156	0.01736	0.02562	0.01179	0.01976	0.01340	0.01570	0.00926	0.01069	0.00844	0.00566	0.00431	0.00144	0.00715	0.00357	0.00281	0.00850
21	0.00801	0.00577	0.00759	0.00905	0.00952	0.00536	0.00606	0.00918	0.01271	0.01685	0.03768	0.73206	0.07492	0.02044	0.00837	0.00265	0.00380	0.01849	0.00611	0.00536
22	0.01518	0.01155	0.01349	0.08523	0.01770	0.01259	0.00979	0.05650	0.33821	0.08790	0.15563	0.03262	0.11489	0.01038	0.00700	0.00217	0.00508	0.00876	0.00647	0.00884
23	0.02056	0.01564	0.01681	0.01398	0.01838	0.01754	0.01119	0.29620	0.40590	0.07635	0.02246	0.02102	0.01639	0.00848	0.00665	0.00212	0.00603	0.00680	0.00674	0.01077
24	0.02500	0.01037	0.01360	0.01082	0.01516	0.00924	0.00880	0.02832	0.05028	0.55535	0.07295	0.02649	0.05509	0.00891	0.00658	0.00201	0.00508	0.00732	0.07851	0.01011
25	0.00900	0.00666	0.00839	0.00808	0.00967	0.00606	0.00601	0.01176	0.01770	0.02447	0.57936	0.09371	0.16593	0.01439	0.00780	0.00213	0.00318	0.01262	0.00700	0.00606
26	0.01629	0.01564	0.02672	0.04041	0.72757	0.01564	0.02020	0.02020	0.01499	0.02151	0.01238	0.01629	0.01043	0.00587	0.00652	0.00196	0.00782	0.00587	0.00326	0.01043
27	0.01320	0.03405	0.73453	0.01876	0.02849	0.01529	0.02432	0.02085	0.01390	0.02085	0.01181	0.01390	0.00834	0.00625	0.00625	0.00208	0.00973	0.00486	0.00278	0.00973
28	0.00809	0.00582	0.00768	0.00903	0.00955	0.00541	0.00608	0.00938	0.01305	0.01743	0.07957	0.69840	0.06599	0.02006	0.00834	0.00262	0.00376	0.01815	0.00618	0.00541
29	0.00853	0.00640	0.00790	0.00815	0.00951	0.00578	0.00587	0.01066	0.01584	0.02123	0.34372	0.27548	0.22388	0.01650	0.00797	0.00230	0.00339	0.01453	0.00661	0.00578
30	0.01662	0.60779	0.19071	0.01294	0.01948	0.02365	0.01418	0.01997	0.01349	0.01668	0.00975	0.01131	0.00842	0.00577	0.00468	0.00156	0.00764	0.00382	0.00281	0.00873
31	0.02459	0.03138	0.01866	0.01696	0.02035	0.74221	0.01272	0.02629	0.01866	0.01611	0.01018	0.01187	0.00848	0.00678	0.00594	0.00170	0.01187	0.00424	0.00339	0.00763
32	0.02503	0.01844	0.01976	0.01515	0.02042	0.02042	0.01251	0.70562	0.03095	0.04149	0.01581	0.01581	0.01120	0.00790	0.00659	0.00198	0.00724	0.00593	0.00659	0.01120
33	0.00784	0.00643	0.00691	0.00730	0.00906	0.00550	0.00528	0.00938	0.01440	0.01754	0.05901	0.24043	0.55278	0.01767	0.00794	0.00234	0.00346	0.01511	0.00611	0.00550
34	0.01760	0.77260	0.03450	0.01126	0.01690	0.02605	0.01126	0.01971	0.01338	0.01549	0.00915	0.01056	0.00845	0.00563	0.00422	0.00141	0.00704	0.00352	0.00282	0.00845
35	0.02907	0.01195	0.01574	0.01207	0.01718	0.01078	0.00997	0.10139	0.02009	0.66106	0.02493	0.02173	0.01577	0.00812	0.00662	0.00203	0.00577	0.00655	0.00799	0.01120
36	0.27184	0.03864	0.01841	0.01766	0.10977	0.19052	0.03856	0.03843	0.01397	0.02186	0.01004	0.01293	0.00847	0.00745	0.00894	0.00212	0.17421	0.00473	0.00354	0.00790
37	0.05534	0.01211	0.01562	0.01202	0.01710	0.01112	0.00993	0.11167	0.02003	0.62652	0.02420	0.02123	0.01538	0.00805	0.00653	0.00203	0.00578	0.00644	0.00783	0.01107
38	0.01956	0.29563	0.02497	0.03324	0.03762	0.09801	0.01256	0.19969	0.06550	0.02339	0.01226	0.01391	0.01004	0.00747	0.00787	0.00189	0.11825	0.00494	0.00415	0.00905
39	0.01618	0.01702	0.03112	0.04332	0.15873	0.03670	0.38324	0.05497	0.03604	0.02135	0.01283	0.01692	0.01016	0.00679	0.00948	0.00224	0.12353	0.00687	0.00350	0.00900
40	0.00799	0.00658	0.00678	0.00688	0.00874	0.00564	0.00496	0.00944	0.01426	0.01717	0.05977	0.10428	0.60599	0.09949	0.01064	0.00271	0.00370	0.01372	0.00588	0.00537
41	0.01482	0.30543	0.47730	0.01601	0.02423	0.01924	0.01952	0.02043	0.01371	0.01888	0.01084	0.01267	0.00838	0.00603	0.00551	0.00184	0.00874	0.00437	0.00279	0.00926
42	0.00856	0.00646	0.00702	0.00721	0.00890	0.00570	0.00523	0.01039	0.01469	0.01915	0.12962	0.16655	0.43727	0.04597	0.00855	0.00237	0.00348	0.01340	0.09390	0.00560
43	0.01231	0.01007	0.01116	0.01038	0.01298	0.01067	0.00791	0.03850	0.31183	0.02496	0.24047	0.09214	0.16501	0.01252	0.00733	0.00221	0.00419	0.01073	0.00671	0.00793
44	0.00936	0.00629	0.00724	0.00745	0.00750	0.00624	0.00428	0.00952	0.00998	0.01331	0.02285	0.14090	0.02659	0.66719	0.03010	0.00588	0.00603	0.01081	0.00428	0.00417
45	0.01556	0.01509	0.02629	0.16494	0.56184	0.01553	0.06491	0.01967	0.01470	0.02065	0.01232	0.01661	0.01011	0.00597	0.00661	0.00201	0.00820	0.00599	0.00320	0.00978
46	0.02238	0.19010	0.02276	0.01770	0.07910	0.52645	0.01304	0.02436	0.01721	0.01643	0.01014	0.01196	0.00864	0.00646	0.00562	0.00166	0.01049	0.00422	0.00326	0.00804
47	0.00996	0.00794	0.01087	0.01081	0.01207	0.03495	0.00839	0.01228	0.01087	0.01531	0.01736	0.02535	0.01617	0.04782	0.71573	0.01026	0.01742	0.00695	0.00352	0.00594
48	0.81514	0.01273	0.00968	0.00866	0.01273	0.01477	0.00713	0.01935	0.01120	0.02954	0.00917	0.01069	0.00713	0.00611	0.00407	0.00204	0.00509	0.00356	0.00407	0.00713
49	0.00870	0.00670	0.00804	0.00861	0.01008	0.00617	0.00639	0.01111	0.03728	0.01927	0.14909	0.29991	0.29145	0.01747	0.00811	0.00245	0.00384	0.09324	0.00629	0.00580
50	0.01430	0.21747	0.56067	0.01690	0.02561	0.01796	0.02108	0.02057	0.01377	0.01952	0.01115	0.01307	0.00837	0.00610	0.00575	0.00192	0.00906	0.00453	0.00279	0.00941
51	0.05437	0.01701	0.01839	0.01429	0.01920	0.01868	0.01173	0.59226	0.02808	0.08175	0.01639	0.01719	0.01192	0.03177	0.03408	0.00242	0.00741	0.00603	0.00640	0.01064
52	0.00813	0.00650	0.00706	0.00725	0.00891	0.00566	0.00518	0.00967	0.01440	0.01787	0.11385	0.16985	0.49128	0.09209	0.01045	0.00270	0.00370	0.01405	0.00600	0.00542
53	0.01320	0.03405	0.73453	0.01876	0.02849	0.01529	0.02432	0.02085	0.01390	0.02085	0.01181	0.01390	0.00834	0.00625	0.00625	0.00208	0.00973	0.00486	0.00278	0.00973
54	0.01202	0.00617	0.00629	0.00627	0.00773	0.00615	0.00463	0.01494	0.01378	0.02402	0.04820	0.02641	0.01895	0.04612	0.00617	0.00180	0.00324	0.00653	0.73455	0.00603
55	0.02390	0.01602	0.01780	0.01403	0.01888	0.01724	0.01156	0.49239	0.07266	0.15252	0.02087	0.02200	0.03789	0.00882	0.00676	0.00206	0.00665	0.04043	0.00681	0.01070
56	0.01760	0.77260	0.03450	0.01126	0.01690	0.02605	0.01126	0.01971	0.01338	0.01549	0.00915	0.01056	0.00845	0.00563	0.00422	0.00141	0.00704	0.00352	0.00282	0.00845
57	0.02244	0.25985	0.02354	0.01520	0.01929	0.52147	0.01227	0.02426	0.01703	0.01592	0.00986	0.01147	0.00847	0.00643	0.00541	0.00161	0.01038	0.00402	0.00321	0.00788
58	0.81514	0.01273	0.00968	0.00866	0.01273	0.01477	0.00713	0.01935	0.01120	0.02954	0.00917	0.01069	0.00713	0.00611	0.00407	0.00204	0.00509	0.00356	0.00407	0.00713
59	0.01900	0.35365	0.06266	0.01293	0.01805	0.05426	0.01185	0.22120	0.06815	0.02528	0.08001	0.01695	0.01513	0.00735	0.00561	0.00174	0.00697	0.00539	0.00463	0.00921
60	0.81514	0.01273	0.00968	0.00866	0.01273	0.01477	0.00713	0.01935	0.01120	0.02954	0.00917	0.01069	0.00713	0.00611	0.00407	0.00204	0.00509	0.00356	0.00407	0.00713
61	0.00783	0.00667	0.00673	0.00672	0.00892	0.00558	0.00504	0.00954	0.01512	0.01805	0.08677	0.06292	0.70466	0.01657	0.00778	0.00222	0.00333	0.01383	0.00615	0.00558
62	0.04179	0.15423	0.04578	0.01467	0.03726	0.04259	0.04370	0.32535	0.02189	0.07951	0.01405	0.01480	0.01049	0.00679	0.00588	0.00174	0.00713	0.00519	0.00511	0.12205
63	0.01482	0.04362	0.27011	0.01712	0.09013	0.01335	0.05008	0.05740	0.03787	0.04042	0.04833	0.01691	0.01269	0.00641	0.00597	0.00173	0.00726	0.00538	0.03076	0.22965
64	0.04461	0.21523	0.23067	0.01491	0.02131	0.05956	0.04245	0.13375	0.01759	0.10888	0.04182	0.01573	0.01198	0.00688	0.00587	0.00187	0.00790	0.00523	0.00434	0.00944
65	0.02285	0.21959	0.02283	0.01530	0.01947	0.47973	0.01232	0.09920	0.01866	0.01874	0.01053	0.01197	0.00877	0.00661	0.00557	0.00165	0.01013	0.00424	0.00360	0.00823
66	0.00943	0.00689	0.00941	0.00952	0.01018	0.00763	0.00679	0.01084	0.01051	0.01470	0.02080	0.12834	0.02217	0.27426	0.39664	0.00796	0.03532	0.00936	0.00399	0.00525
67	0.04057	0.14917	0.40911	0.01843	0.05757	0.04606	0.08020	0.04639	0.01502	0.06084	0.01234	0.01418	0.00912	0.00626	0.00602	0.00196	0.00895	0.00502	0.00336	0.00945
68	0.08343	0.01696	0.01586	0.01330	0.01710	0.11962	0.01046	0.31833	0.13553	0.02987	0.01703	0.01981	0.01367	0.08697	0.04823	0.00288	0.00775	0.00618	0.02794	0.00908
69	0.00805	0.00582	0.00761	0.00897	0.00952	0.00539	0.00604	0.00930	0.01297	0.01719	0.06158	0.69401	0.08898	0.02012	0.00834	0.00262	0.00376	0.01817	0.00615	0.00539
70	0.10568	0.01183	0.01466	0.01168	0.01645	0.01127	0.00954	0.03128	0.13110	0.54785	0.02443	0.02159	0.01600	0.00807	0.00638	0.00207	0.00549	0.00645	0.00751	0.01067
71	0.00914	0.00712	0.01055	0.01275	0.07530	0.00676	0.03122	0.01077	0.01304	0.01751	0.03329	0.63985	0.03916	0.01867	0.00824	0.00261	0.00453	0.04779	0.00576	0.00596
72	0.01614	0.01548	0.02644	0.06884	0.70035	0.01560	0.02013	0.02007	0.01492	0.02132	0.01236	0.01634	0.01036	0.00589	0.00652	0.00196	0.00786	0.00587	0.00325	0.01030
73	0.01429	0.01430	0.01939	0.01676	0.01694	0.03860	0.01389	0.01581	0.01035	0.01581	0.00937	0.01521	0.00923	0.01428	0.07622	0.00344	0.68022	0.00582	0.00294	0.00711
74	0.01184	0.01057	0.01525	0.08708	0.01704	0.01375	0.01147	0.01380	0.01054	0.01545	0.01351	0.02171	0.01305	0.09279	0.30126	0.00611	0.32854	0.00661	0.00323	0.00641
75	0.01637	0.01414	0.01489	0.01340	0.01712	0.01637	0.01042	0.03498	0.71568	0.02754	0.02679	0.02456	0.02010	0.00893	0.00670	0.00223	0.00521	0.00744	0.00670	0.01042
76	0.02503	0.01844	0.01976	0.01515	0.02042	0.02042	0.01251	0.70562	0.03095	0.04149	0.01581	0.01581	0.01120	0.00790	0.00659	0.00198	0.00724	0.00593	0.00659	0.01120
77	0.01629	0.01564	0.02672	0.04041	0.72757	0.01564	0.02020	0.02020	0.01499	0.02151	0.01238	0.01629	0.01043	0.00587	0.00652	0.00196	0.00782	0.00587	0.00326	0.01043
78	0.00780	0.00661	0.00673	0.00683	0.00894	0.00554	0.00507	0.00943	0.01485	0.01772	0.06469	0.10955	0.68000	0.01693	0.00782	0.00225	0.00337	0.01421	0.00611	0.00554
79	0.02215	0.01784	0.06349	0.06135	0.06960	0.04167	0.02996	0.39934	0.07238	0.10923	0.01801	0.01829	0.03034	0.00781	0.00661	0.00202	0.00736	0.00623	0.00589	0.01045
80	0.02092	0.04447	0.09669	0.01802	0.07921	0.19396	0.03538	0.25300	0.14310	0.02765	0.01537	0.01612	0.01160	0.00733	0.00637	0.00195	0.00844	0.00565	0.00494	0.00982
81	0.00957	0.00638	0.00718	0.00718	0.00718	0.00638	0.00399	0.00957	0.00957	0.01276	0.02074	0.04308	0.02393	0.76864	0.03351	0.00638	0.00638	0.00957	0.00399	0.00399
82	0.01538	0.11267	0.34738	0.02114	0.05158	0.06490	0.23192	0.02153	0.03439	0.02020	0.01231	0.01496	0.00927	0.00606	0.00649	0.00202	0.00979	0.00567	0.00312	0.00922
83	0.01760	0.77260	0.03450	0.01126	0.01690	0.02605	0.01126	0.01971	0.01338	0.01549	0.00915	0.01056	0.00845	0.00563	0.00422	0.00141	0.00704	0.00352	0.00282	0.00845
84	0.00884	0.00668	0.00818	0.00800	0.00967	0.00602	0.00601	0.01141	0.01711	0.02312	0.47068	0.09809	0.24986	0.01498	0.00785	0.00218	0.00331	0.03522	0.00681	0.00597
85	0.02274	0.01493	0.01694	0.01369	0.01816	0.01601	0.01120	0.40398	0.09975	0.16953	0.02105	0.05078	0.01634	0.01088	0.03621	0.00245	0.00692	0.05139	0.00672	0.01034

[dist]
# distance from previous block
# <min> <max>
0	1

[block]
# block no. 1 follows, 33 sequences, length 18
# corresponding to MSA columns:
# 120-137
name=unknown_B
#
# <colnr> <probs for GDERKNQSTAVLIFYWHMCP>
#	G	D	E	R	K	N	Q	S	T	A	V	L	I	F	Y	W	H	M	C	P
0	0.01941	0.01817	0.05192	0.11145	0.16509	0.12708	0.09297	0.15540	0.04441	0.08128	0.01485	0.01701	0.01114	0.00687	0.00648	0.00198	0.00835	0.00593	0.05082	0.00938
1	0.00968	0.00678	0.00857	0.00823	0.00991	0.00614	0.00613	0.01232	0.01742	0.05016	0.51801	0.12438	0.16855	0.01454	0.00779	0.00216	0.00331	0.01274	0.00697	0.00620
2	0.03932	0.03948	0.05562	0.04476	0.12052	0.03776	0.11434	0.10700	0.27107	0.02600	0.06121	0.02092	0.01674	0.00771	0.00668	0.00210	0.00714	0.00686	0.00513	0.00966
3	0.01779	0.01484	0.01568	0.01368	0.01766	0.01703	0.01076	0.14448	0.60388	0.02982	0.02500	0.02313	0.01864	0.00876	0.00668	0.00219	0.00554	0.00720	0.00668	0.01055
4	0.00848	0.00592	0.00750	0.00857	0.00884	0.00566	0.00548	0.00929	0.01170	0.01560	0.03165	0.54912	0.03769	0.24383	0.01589	0.00378	0.00458	0.01599	0.00548	0.00494
5	0.81514	0.01273	0.00968	0.00866	0.01273	0.01477	0.00713	0.01935	0.01120	0.02954	0.00917	0.01069	0.00713	0.00611	0.00407	0.00204	0.00509	0.00356	0.00407	0.00713
6	0.00957	0.00638	0.00718	0.00718	0.00718	0.00638	0.00399	0.00957	0.00957	0.01276	0.02074	0.04308	0.02393	0.76864	0.03351	0.00638	0.00638	0.00957	0.00399	0.00399
7	0.01243	0.01170	0.01975	0.75282	0.04534	0.01463	0.01828	0.01682	0.01316	0.01682	0.01170	0.01755	0.00878	0.00658	0.00658	0.00219	0.00878	0.00585	0.00293	0.00731
8	0.81514	0.01273	0.00968	0.00866	0.01273	0.01477	0.00713	0.01935	0.01120	0.02954	0.00917	0.01069	0.00713	0.00611	0.00407	0.00204	0.00509	0.00356	0.00407	0.00713
9	0.01320	0.03405	0.73453	0.01876	0.02849	0.01529	0.02432	0.02085	0.01390	0.02085	0.01181	0.01390	0.00834	0.00625	0.00625	0.00208	0.00973	0.00486	0.00278	0.00973
10	0.02954	0.01120	0.01528	0.01171	0.01681	0.00968	0.00968	0.03208	0.01884	0.73213	0.02597	0.02241	0.01630	0.00815	0.00662	0.00204	0.00560	0.00662	0.00815	0.01120
11	0.00798	0.00590	0.00746	0.00871	0.00943	0.00539	0.00591	0.00922	0.01304	0.01698	0.04181	0.63684	0.16747	0.01991	0.00829	0.00259	0.00373	0.01784	0.00611	0.00539
12	0.02524	0.01514	0.01730	0.01340	0.01819	0.01583	0.01091	0.43255	0.02533	0.26177	0.01948	0.02013	0.01386	0.06918	0.00876	0.00235	0.00665	0.00644	0.00688	0.01062
13	0.02503	0.01844	0.01976	0.01515	0.02042	0.02042	0.01251	0.70562	0.03095	0.04149	0.01581	0.01581	0.01120	0.00790	0.00659	0.00198	0.00724	0.00593	0.00659	0.01120
14	0.00818	0.00607	0.00768	0.00889	0.00974	0.00557	0.00624	0.00958	0.01329	0.01723	0.04234	0.56781	0.18124	0.01963	0.00833	0.00261	0.00390	0.07013	0.00611	0.00545
15	0.01405	0.00675	0.00734	0.00690	0.00884	0.00654	0.00528	0.01706	0.01467	0.10498	0.06494	0.02581	0.01957	0.00808	0.00502	0.00162	0.00336	0.00654	0.66593	0.00672
16	0.13540	0.01469	0.01794	0.01408	0.01897	0.07166	0.09367	0.08303	0.08489	0.36777	0.02009	0.01904	0.01358	0.00750	0.00635	0.00205	0.00679	0.00616	0.00635	0.00999
17	0.00879	0.00690	0.00808	0.00832	0.01023	0.00618	0.00660	0.01110	0.01585	0.02015	0.20486	0.06280	0.41499	0.01632	0.00809	0.00238	0.00393	0.17227	0.00635	0.00582

[dist]
# distance from previous block
# <min> <max>
0	1

[block]
# block no. 2 follows, 33 sequences, length 8
# corresponding to MSA columns:
# 139-146
name=unknown_C
#
# <colnr> <probs for GDERKNQSTAVLIFYWHMCP>
#	G	D	E	R	K	N	Q	S	T	A	V	L	I	F	Y	W	H	M	C	P
0	0.13056	0.01546	0.08650	0.01286	0.01832	0.01358	0.01149	0.19704	0.02036	0.39727	0.01983	0.01838	0.01303	0.00763	0.00624	0.00203	0.00635	0.00587	0.00669	0.01052
1	0.01943	0.02093	0.02286	0.08295	0.30359	0.26355	0.04120	0.08104	0.01719	0.02067	0.01167	0.01478	0.00958	0.00675	0.00733	0.00195	0.05655	0.00538	0.00354	0.00904
2	0.00881	0.00630	0.00815	0.00886	0.00970	0.00594	0.00627	0.01056	0.01422	0.01925	0.22348	0.38269	0.07315	0.11192	0.01141	0.00299	0.00414	0.08051	0.00615	0.00549
3	0.01769	0.01478	0.03921	0.01218	0.01588	0.07816	0.00995	0.24889	0.09843	0.06072	0.19553	0.03008	0.09880	0.01013	0.00686	0.00202	0.00587	0.00823	0.03785	0.00874
4	0.00909	0.00672	0.00848	0.00804	0.00969	0.00611	0.00603	0.01197	0.01809	0.02510	0.62475	0.05132	0.16228	0.01394	0.00777	0.00209	0.00314	0.01221	0.00708	0.00611
5	0.01159	0.00961	0.01041	0.00971	0.01226	0.01000	0.00736	0.02017	0.29086	0.02337	0.20051	0.04392	0.26321	0.04720	0.00853	0.00238	0.00416	0.01070	0.00651	0.00755
6	0.01715	0.01453	0.01532	0.01355	0.01741	0.01674	0.01061	0.09484	0.65457	0.02878	0.02581	0.02378	0.01930	0.00884	0.00669	0.00221	0.00539	0.00731	0.00669	0.01049
7	0.01790	0.01568	0.01528	0.01366	0.01742	0.08751	0.01061	0.03397	0.60923	0.06462	0.02511	0.02320	0.01875	0.00868	0.00662	0.00217	0.00589	0.00708	0.00645	0.01019

[dist]
# distance from previous block
# <min> <max>
0	2

[block]
# block no. 3 follows, 33 sequences, length 17
# corresponding to MSA columns:
# 149-165
name=unknown_D
#
# <colnr> <probs for GDERKNQSTAVLIFYWHMCP>
#	G	D	E	R	K	N	Q	S	T	A	V	L	I	F	Y	W	H	M	C	P
0	0.01655	0.01672	0.10707	0.01590	0.04388	0.03835	0.08578	0.06076	0.34052	0.07403	0.07574	0.02491	0.05269	0.00866	0.00685	0.00215	0.00659	0.00751	0.00573	0.00963
1	0.09507	0.01865	0.05413	0.09474	0.26058	0.17405	0.02980	0.04773	0.04368	0.02113	0.01378	0.06732	0.01209	0.00759	0.00679	0.00203	0.03213	0.00624	0.00377	0.00870
2	0.27778	0.01265	0.01309	0.01009	0.01524	0.01194	0.00820	0.08593	0.01499	0.08816	0.01252	0.01366	0.00961	0.00586	0.00493	0.00151	0.00524	0.00423	0.00459	0.39977
3	0.01476	0.01236	0.01425	0.01028	0.01607	0.00991	0.00826	0.08367	0.01534	0.02340	0.01210	0.01386	0.00989	0.00517	0.00504	0.00107	0.00511	0.00410	0.00416	0.73121
4	0.01476	0.01408	0.02396	0.32248	0.45745	0.01524	0.01944	0.01886	0.01427	0.01965	0.01211	0.01679	0.00977	0.00615	0.00654	0.00205	0.00820	0.00586	0.00313	0.00919
5	0.07432	0.01129	0.01496	0.01154	0.01657	0.00997	0.00953	0.03136	0.01841	0.69208	0.02501	0.02174	0.01577	0.00803	0.00648	0.00204	0.00557	0.00645	0.00792	0.01097
6	0.01719	0.28340	0.02126	0.01199	0.01566	0.05975	0.01034	0.02093	0.08207	0.12259	0.01759	0.01959	0.04135	0.01708	0.17174	0.00380	0.06537	0.00578	0.00431	0.00821
7	0.01575	0.01633	0.09353	0.19777	0.47180	0.01510	0.01967	0.02007	0.01465	0.05406	0.01282	0.01663	0.01013	0.00617	0.00651	0.00203	0.00812	0.00580	0.00337	0.00969
8	0.00813	0.00595	0.00764	0.00876	0.00950	0.00547	0.00598	0.00955	0.01355	0.01794	0.11273	0.59987	0.13202	0.01937	0.00826	0.00255	0.00368	0.01738	0.00623	0.00547
9	0.01305	0.12655	0.52113	0.01594	0.02380	0.01515	0.01952	0.01913	0.01443	0.02062	0.09595	0.02010	0.05218	0.00755	0.00624	0.00200	0.00828	0.00597	0.00347	0.00894
10	0.00933	0.00685	0.00939	0.00939	0.01033	0.00754	0.00686	0.01100	0.01064	0.01480	0.02209	0.03322	0.07079	0.23838	0.49956	0.00885	0.01358	0.00823	0.00384	0.00535
11	0.06630	0.35936	0.02478	0.01319	0.01787	0.23474	0.01135	0.05971	0.06802	0.07078	0.01233	0.01313	0.00996	0.00655	0.00520	0.00167	0.00813	0.00438	0.00393	0.00862
12	0.01559	0.01414	0.03812	0.06930	0.04050	0.08419	0.01165	0.09090	0.05554	0.05221	0.01938	0.04421	0.03633	0.11826	0.02739	0.00306	0.14463	0.09523	0.00457	0.03481
13	0.07793	0.19620	0.02092	0.01537	0.08115	0.15549	0.01165	0.08918	0.03355	0.07425	0.07590	0.03540	0.01630	0.00827	0.00689	0.00192	0.05370	0.03295	0.00451	0.00846
14	0.81514	0.01273	0.00968	0.00866	0.01273	0.01477	0.00713	0.01935	0.01120	0.02954	0.00917	0.01069	0.00713	0.00611	0.00407	0.00204	0.00509	0.00356	0.00407	0.00713
15	0.01704	0.01726	0.08537	0.09174	0.23343	0.06494	0.01606	0.09243	0.07057	0.05721	0.03890	0.01866	0.02882	0.00801	0.00900	0.00216	0.12880	0.00620	0.00419	0.00923
16	0.00891	0.00703	0.00996	0.06445	0.01331	0.00673	0.04340	0.01077	0.01351	0.01785	0.06097	0.48026	0.17120	0.01727	0.00794	0.00246	0.00442	0.01552	0.03827	0.00578

[dist]
# distance from previous block
# <min> <max>
0	1

[block]
# block no. 4 follows, 33 sequences, length 63
# corresponding to MSA columns:
# 167-229
name=unknown_E
#
# <colnr> <probs for GDERKNQSTAVLIFYWHMCP>
#	G	D	E	R	K	N	Q	S	T	A	V	L	I	F	Y	W	H	M	C	P
0	0.07044	0.01786	0.02012	0.02131	0.20561	0.08706	0.01396	0.33180	0.09191	0.03107	0.01558	0.01774	0.01211	0.00754	0.00643	0.00200	0.00747	0.02459	0.00525	0.01018
1	0.01739	0.01782	0.02523	0.08099	0.46049	0.12151	0.07627	0.03757	0.05901	0.02121	0.01306	0.01636	0.01061	0.00626	0.00656	0.00197	0.00858	0.00589	0.00355	0.00970
2	0.01837	0.01590	0.01644	0.05790	0.01941	0.06993	0.01144	0.19880	0.38446	0.02878	0.04138	0.02255	0.03952	0.00884	0.00722	0.00215	0.03402	0.00700	0.00606	0.00984
3	0.01187	0.00979	0.01080	0.01001	0.01263	0.01027	0.00766	0.02106	0.30709	0.02475	0.27290	0.04245	0.20774	0.01237	0.00733	0.00218	0.00404	0.01054	0.00674	0.00780
4	0.01485	0.01169	0.01259	0.01148	0.01465	0.01293	0.00893	0.02787	0.47162	0.05316	0.09261	0.03191	0.09557	0.01022	0.00677	0.00217	0.00467	0.02600	0.08125	0.00907
5	0.02310	0.01748	0.01867	0.01476	0.01968	0.01952	0.01205	0.55623	0.18348	0.03838	0.01825	0.01776	0.01318	0.00813	0.00661	0.00203	0.00679	0.00626	0.00661	0.01102
6	0.01243	0.01170	0.01975	0.75282	0.04534	0.01463	0.01828	0.01682	0.01316	0.01682	0.01170	0.01755	0.00878	0.00658	0.00658	0.00219	0.00878	0.00585	0.00293	0.00731
7	0.02459	0.03138	0.01866	0.01696	0.02035	0.74221	0.01272	0.02629	0.01866	0.01611	0.01018	0.01187	0.00848	0.00678	0.00594	0.00170	0.01187	0.00424	0.00339	0.00763
8	0.01630	0.01544	0.02513	0.03677	0.63179	0.01574	0.01888	0.02220	0.10946	0.02232	0.01433	0.01741	0.01173	0.00628	0.00654	0.00199	0.00747	0.00608	0.00372	0.01043
9	0.81514	0.01273	0.00968	0.00866	0.01273	0.01477	0.00713	0.01935	0.01120	0.02954	0.00917	0.01069	0.00713	0.00611	0.00407	0.00204	0.00509	0.00356	0.00407	0.00713
10	0.01671	0.01431	0.01507	0.01346	0.01725	0.01653	0.01050	0.06087	0.68925	0.02808	0.02637	0.02422	0.01975	0.00889	0.00669	0.00222	0.00529	0.00738	0.00669	0.01045
11	0.01783	0.01509	0.01547	0.01364	0.01752	0.04438	0.01067	0.09328	0.60892	0.04862	0.02517	0.02325	0.01876	0.00874	0.00666	0.00218	0.00566	0.00716	0.00660	0.01040
12	0.00917	0.00672	0.00840	0.00808	0.00958	0.00618	0.00598	0.01176	0.01710	0.02359	0.53628	0.05151	0.15220	0.08819	0.01034	0.00255	0.00357	0.03617	0.00672	0.00589
13	0.01291	0.01416	0.07511	0.01932	0.06391	0.01286	0.27195	0.01711	0.03517	0.02002	0.04065	0.18079	0.05881	0.01051	0.00889	0.00231	0.08321	0.00992	0.05466	0.00773
14	0.00861	0.00652	0.00794	0.00796	0.00950	0.00585	0.00583	0.01091	0.01641	0.02199	0.39622	0.18699	0.25975	0.01577	0.00789	0.00223	0.00331	0.01378	0.00669	0.00585
15	0.02210	0.01704	0.02116	0.06646	0.06692	0.01875	0.06592	0.46702	0.07259	0.06161	0.01599	0.01689	0.01159	0.00773	0.00726	0.00206	0.03640	0.00618	0.00581	0.01051
16	0.03929	0.17115	0.07649	0.04059	0.11742	0.13284	0.17371	0.02051	0.01437	0.01852	0.01087	0.01420	0.00907	0.00683	0.00854	0.00203	0.12649	0.00543	0.00313	0.00851
17	0.00808	0.00588	0.00764	0.00901	0.00961	0.00544	0.00614	0.00934	0.01293	0.01700	0.03931	0.67165	0.11219	0.02015	0.00836	0.00264	0.00384	0.03930	0.00611	0.00539
18	0.00957	0.00638	0.00718	0.00718	0.00718	0.00638	0.00399	0.00957	0.00957	0.01276	0.02074	0.04308	0.02393	0.76864	0.03351	0.00638	0.00638	0.00957	0.00399	0.00399
19	0.01844	0.12040	0.02059	0.01783	0.09684	0.31764	0.01292	0.02050	0.01470	0.01645	0.01124	0.01494	0.01003	0.01438	0.12975	0.00336	0.14403	0.00506	0.00323	0.00769
20	0.02302	0.02783	0.01815	0.01637	0.01976	0.58803	0.01241	0.04564	0.12667	0.01856	0.01285	0.01402	0.01036	0.00729	0.00656	0.00182	0.03372	0.00483	0.00397	0.00815
21	0.00825	0.00587	0.00782	0.00929	0.00974	0.00553	0.00634	0.00948	0.01267	0.01686	0.03565	0.69346	0.04248	0.04649	0.00932	0.00283	0.00406	0.06249	0.00603	0.00535
22	0.01365	0.01170	0.01365	0.00975	0.01560	0.00878	0.00780	0.01658	0.01365	0.02145	0.01170	0.01365	0.00975	0.00488	0.00488	0.00098	0.00488	0.00390	0.00390	0.80888
23	0.00932	0.00673	0.00880	0.00828	0.00984	0.00621	0.00621	0.01242	0.01863	0.02640	0.72410	0.04918	0.06212	0.01346	0.00776	0.00207	0.00311	0.01191	0.00725	0.00621
24	0.01243	0.01170	0.01975	0.75282	0.04534	0.01463	0.01828	0.01682	0.01316	0.01682	0.01170	0.01755	0.00878	0.00658	0.00658	0.00219	0.00878	0.00585	0.00293	0.00731
25	0.01455	0.01438	0.02602	0.33479	0.31776	0.01540	0.14335	0.01896	0.01433	0.01948	0.01227	0.01708	0.00966	0.00611	0.00677	0.00210	0.00881	0.00620	0.00313	0.00885
26	0.01595	0.01657	0.06857	0.06868	0.65765	0.01558	0.02037	0.02010	0.01485	0.02127	0.01232	0.01620	0.01024	0.00592	0.00650	0.00197	0.00797	0.00581	0.00322	0.01026
27	0.01497	0.21606	0.51925	0.01681	0.02515	0.06121	0.02041	0.02089	0.01405	0.01924	0.01106	0.01295	0.00837	0.00613	0.00573	0.00189	0.00919	0.00450	0.00283	0.00929
28	0.00945	0.00633	0.00722	0.00733	0.00736	0.00630	0.00415	0.00954	0.00981	0.01308	0.02195	0.09902	0.02545	0.71062	0.03156	0.00609	0.00618	0.01028	0.00415	0.00409
29	0.01346	0.03430	0.09701	0.01130	0.01499	0.03100	0.01000	0.08461	0.15466	0.04125	0.21432	0.03817	0.18829	0.01152	0.00713	0.00212	0.00522	0.02659	0.00606	0.00799
30	0.01444	0.01379	0.02322	0.36290	0.38192	0.01541	0.01904	0.01845	0.01391	0.01909	0.01189	0.01677	0.00959	0.00648	0.00731	0.00211	0.04590	0.00585	0.00309	0.00885
31	0.02158	0.02414	0.01734	0.01552	0.01916	0.42564	0.01186	0.07485	0.27721	0.02203	0.01670	0.01683	0.01296	0.00765	0.00626	0.00191	0.00910	0.00554	0.00483	0.00890
32	0.03412	0.00947	0.01124	0.01004	0.01167	0.01065	0.00773	0.06082	0.03616	0.06947	0.04983	0.02950	0.08342	0.15087	0.03748	0.00316	0.15138	0.00766	0.21861	0.00673
33	0.01591	0.01525	0.02603	0.11110	0.65988	0.01554	0.02001	0.01987	0.01481	0.02104	0.01232	0.01642	0.01026	0.00594	0.00652	0.00198	0.00792	0.00586	0.00323	0.01012
34	0.01455	0.01403	0.02053	0.56679	0.12654	0.06835	0.01777	0.05894	0.01485	0.01882	0.01192	0.01688	0.00910	0.00659	0.00653	0.00211	0.00879	0.00574	0.00322	0.00795
35	0.01535	0.01811	0.06399	0.02654	0.03277	0.01689	0.62067	0.02065	0.01502	0.02065	0.01287	0.01733	0.00981	0.00607	0.00885	0.00227	0.07262	0.00749	0.00327	0.00877
36	0.00957	0.00640	0.00729	0.00729	0.00733	0.00644	0.00413	0.00965	0.00961	0.01285	0.02064	0.04251	0.02369	0.74474	0.05707	0.00652	0.00676	0.00949	0.00397	0.00405
37	0.07517	0.01676	0.01769	0.01564	0.06077	0.10791	0.03441	0.17969	0.21144	0.18244	0.01959	0.01890	0.01404	0.00778	0.00641	0.00203	0.00694	0.00618	0.00608	0.01014
38	0.01684	0.01536	0.02564	0.10417	0.58098	0.01568	0.03799	0.06108	0.01590	0.04405	0.01297	0.01661	0.01049	0.00612	0.00656	0.00199	0.00790	0.00594	0.00358	0.01016
39	0.01361	0.00758	0.00773	0.00724	0.00921	0.00785	0.00555	0.08049	0.04130	0.02624	0.02114	0.02373	0.01646	0.00774	0.00486	0.00160	0.00354	0.00616	0.70119	0.00677
40	0.00808	0.00647	0.00723	0.00749	0.00919	0.00562	0.00545	0.00987	0.01506	0.01897	0.16676	0.21838	0.46420	0.01704	0.00792	0.00230	0.00341	0.01465	0.00630	0.00562
41	0.04526	0.04172	0.06080	0.01383	0.01838	0.10797	0.01160	0.15233	0.27672	0.14405	0.04486	0.02034	0.01636	0.00815	0.00642	0.00204	0.00675	0.00638	0.00607	0.00998
42	0.00848	0.00613	0.00806	0.00926	0.00990	0.00582	0.00636	0.01039	0.03293	0.01831	0.11690	0.64110	0.04492	0.01939	0.00830	0.00260	0.00383	0.03544	0.00626	0.00561
43	0.00796	0.00597	0.00739	0.00851	0.00938	0.00540	0.00582	0.00924	0.01323	0.01706	0.04422	0.58128	0.22148	0.01959	0.00824	0.00256	0.00369	0.01746	0.00611	0.00540
44	0.01554	0.01776	0.03885	0.02775	0.03441	0.01665	0.70366	0.02109	0.01554	0.02109	0.01332	0.01776	0.00999	0.00555	0.00777	0.00222	0.01110	0.00777	0.00333	0.00888
45	0.13943	0.01726	0.01968	0.01515	0.02031	0.03809	0.07729	0.46258	0.02521	0.09803	0.01535	0.01572	0.01086	0.00741	0.00632	0.00201	0.00728	0.00577	0.00596	0.01029
46	0.00940	0.00705	0.01058	0.01058	0.01176	0.00823	0.00823	0.01176	0.01058	0.01528	0.01763	0.02586	0.01646	0.04937	0.74255	0.01058	0.01763	0.00705	0.00353	0.00588
47	0.02692	0.01239	0.01568	0.01226	0.01712	0.01178	0.01004	0.13096	0.08696	0.53869	0.04884	0.02257	0.01750	0.00837	0.00666	0.00205	0.00572	0.00678	0.00775	0.01095
48	0.00815	0.00644	0.00736	0.00780	0.00938	0.00565	0.00568	0.00989	0.01477	0.01865	0.13898	0.26633	0.41793	0.01748	0.00801	0.00237	0.00355	0.03974	0.00625	0.00560
49	0.00815	0.03423	0.00774	0.00700	0.00922	0.00628	0.00530	0.00980	0.01479	0.01764	0.06260	0.10796	0.65386	0.01654	0.00769	0.00222	0.00350	0.01384	0.00599	0.00565
50	0.01828	0.02047	0.03032	0.02287	0.02812	0.18824	0.41940	0.08823	0.01744	0.02152	0.01345	0.04296	0.01090	0.00686	0.00782	0.00212	0.04157	0.00707	0.00374	0.00861
51	0.04741	0.20536	0.27745	0.01535	0.04286	0.03853	0.01575	0.03980	0.13852	0.06928	0.01473	0.01547	0.01112	0.00669	0.00574	0.00189	0.00760	0.00507	0.00405	0.03734
52	0.05927	0.14400	0.02337	0.05396	0.17687	0.27630	0.05946	0.02297	0.03743	0.04824	0.01218	0.01438	0.00985	0.00642	0.00586	0.00181	0.00897	0.00500	0.02504	0.00862
53	0.00937	0.00697	0.00784	0.00780	0.00973	0.00639	0.00600	0.01235	0.04111	0.02153	0.23352	0.05405	0.36188	0.01448	0.00744	0.00217	0.00356	0.07583	0.11194	0.00603
54	0.01655	0.01587	0.02531	0.12905	0.50989	0.04002	0.05451	0.06138	0.04273	0.02212	0.01303	0.01667	0.01054	0.00621	0.00658	0.00200	0.00812	0.00597	0.00355	0.00989
55	0.00892	0.00647	0.00720	0.00733	0.00815	0.00608	0.00471	0.00972	0.01197	0.01530	0.06133	0.09929	0.24980	0.43216	0.02207	0.00457	0.00512	0.03013	0.00498	0.00471
56	0.02197	0.01701	0.01874	0.01614	0.06154	0.01895	0.01236	0.46830	0.23065	0.03621	0.01882	0.01840	0.01376	0.00808	0.00661	0.00205	0.00668	0.00637	0.00642	0.01092
57	0.00893	0.00671	0.00827	0.00788	0.00960	0.00605	0.00591	0.01168	0.01773	0.02425	0.56018	0.05271	0.22738	0.01426	0.00777	0.00211	0.00316	0.01240	0.00696	0.00605
58	0.01280	0.00778	0.01002	0.00937	0.01032	0.00804	0.00657	0.10057	0.03164	0.01756	0.08452	0.04481	0.01905	0.11343	0.02148	0.48031	0.00568	0.00723	0.00411	0.00468
59	0.02135	0.02597	0.01914	0.01706	0.01937	0.51219	0.01326	0.02296	0.01592	0.01603	0.00969	0.01268	0.00853	0.00829	0.01093	0.00207	0.24912	0.00472	0.00323	0.00749
60	0.00894	0.00722	0.00827	0.00791	0.00985	0.00669	0.00599	0.01184	0.04321	0.02160	0.33089	0.05459	0.40603	0.01491	0.00816	0.00218	0.02658	0.01259	0.00650	0.00606
61	0.01815	0.01699	0.01529	0.01378	0.01726	0.15992	0.01059	0.07474	0.44767	0.04411	0.02363	0.09045	0.01929	0.00951	0.00670	0.00215	0.00655	0.00774	0.00602	0.00946
62	0.07249	0.01583	0.01764	0.01362	0.01878	0.03195	0.03622	0.35090	0.08597	0.10388	0.01634	0.01648	0.01185	0.00717	0.00612	0.00181	0.00651	0.00560	0.00585	0.17497

[dist]
# distance from previous block
# <min> <max>
3	4

[block]
# block no. 5 follows, 33 sequences, length 13
# corresponding to MSA columns:
# 235-247
name=unknown_F
#
# <colnr> <probs for GDERKNQSTAVLIFYWHMCP>
#	G	D	E	R	K	N	Q	S	T	A	V	L	I	F	Y	W	H	M	C	P
0	0.01566	0.01499	0.02557	0.15753	0.61541	0.01547	0.01989	0.01965	0.01469	0.02074	0.01227	0.01650	0.01016	0.00598	0.00653	0.00199	0.00798	0.00586	0.00320	0.00992
1	0.02104	0.02008	0.02042	0.08092	0.02332	0.19676	0.08333	0.26800	0.16759	0.02808	0.01610	0.01701	0.01205	0.00749	0.00657	0.00200	0.00849	0.00601	0.00517	0.00958
2	0.01097	0.00870	0.01131	0.09074	0.01548	0.02970	0.03113	0.04402	0.03919	0.03945	0.07861	0.44391	0.09900	0.01602	0.00782	0.00243	0.00500	0.01433	0.00577	0.00643
3	0.00938	0.00685	0.00805	0.00784	0.00978	0.00604	0.00592	0.01168	0.01649	0.05000	0.32542	0.09474	0.37084	0.01531	0.00781	0.00221	0.00345	0.03549	0.00665	0.00605
4	0.00812	0.00582	0.00756	0.00891	0.00935	0.00543	0.00591	0.00921	0.01251	0.01657	0.03669	0.68030	0.07533	0.07222	0.01011	0.00291	0.00397	0.01785	0.00596	0.00526
5	0.06269	0.01703	0.01875	0.06417	0.02133	0.01885	0.01236	0.55074	0.05878	0.08458	0.01638	0.01651	0.01157	0.00779	0.00647	0.00201	0.00704	0.00592	0.00633	0.01070
6	0.01801	0.01495	0.01581	0.01373	0.01774	0.01714	0.01082	0.16169	0.58631	0.03017	0.02472	0.02291	0.01841	0.00874	0.00668	0.00218	0.00559	0.00716	0.00668	0.01057
7	0.04757	0.01290	0.01391	0.06133	0.01753	0.06123	0.01009	0.07813	0.20886	0.09154	0.02529	0.10392	0.05606	0.01057	0.00683	0.00215	0.00592	0.08500	0.00579	0.09541
8	0.14829	0.01367	0.01855	0.20503	0.24214	0.03748	0.01452	0.06668	0.03288	0.05578	0.01733	0.04652	0.05874	0.00770	0.00628	0.00208	0.00708	0.00651	0.00415	0.00859
9	0.01986	0.11841	0.04899	0.04146	0.13165	0.26200	0.01362	0.12183	0.03739	0.02183	0.01270	0.01480	0.01025	0.00698	0.00654	0.00183	0.04230	0.00505	0.07379	0.00870
10	0.01797	0.04186	0.07389	0.02122	0.09591	0.07991	0.23771	0.18048	0.01884	0.02511	0.01425	0.05220	0.01164	0.00696	0.00672	0.00195	0.00870	0.00664	0.00423	0.09382
11	0.21926	0.22689	0.08315	0.01247	0.01752	0.10053	0.01142	0.11839	0.05637	0.05900	0.01259	0.01352	0.00977	0.00662	0.00516	0.00182	0.00708	0.00451	0.02523	0.00871
12	0.00954	0.00751	0.00973	0.01139	0.05869	0.00702	0.00838	0.01188	0.01492	0.01898	0.07119	0.14544	0.30574	0.01689	0.00828	0.00257	0.00475	0.27510	0.00594	0.00608

[dist]
# distance from previous block
# <min> <max>
0	4

[block]
# block no. 6 follows, 33 sequences, length 37
# corresponding to MSA columns:
# 252-288
name=unknown_G
#
# <colnr> <probs for GDERKNQSTAVLIFYWHMCP>
#	G	D	E	R	K	N	Q	S	T	A	V	L	I	F	Y	W	H	M	C	P
0	0.03204	0.01366	0.01658	0.07189	0.06294	0.04814	0.04893	0.15430	0.06712	0.02414	0.01712	0.10238	0.01563	0.07167	0.00856	0.00219	0.00655	0.00720	0.00472	0.22425
1	0.01558	0.01505	0.02610	0.16523	0.57292	0.01551	0.05389	0.01965	0.01470	0.02066	0.01231	0.01659	0.01012	0.00598	0.00659	0.00201	0.00815	0.00596	0.00320	0.00980
2	0.01921	0.02213	0.02085	0.23061	0.19303	0.36626	0.01605	0.02219	0.01624	0.01758	0.01112	0.01451	0.00902	0.00651	0.00625	0.00190	0.01005	0.00508	0.00323	0.00820
3	0.00817	0.00653	0.00685	0.00700	0.00894	0.00560	0.00516	0.00993	0.01484	0.01853	0.09317	0.13898	0.57088	0.01639	0.00765	0.00222	0.00336	0.01385	0.05634	0.00560
4	0.01011	0.00761	0.00962	0.01057	0.04609	0.00730	0.00714	0.06663	0.01584	0.02129	0.17913	0.39480	0.15118	0.01653	0.00786	0.00237	0.00406	0.01465	0.02092	0.00630
5	0.13358	0.01957	0.01753	0.01435	0.01889	0.16650	0.01158	0.40155	0.05431	0.05575	0.01507	0.01653	0.01138	0.00777	0.00618	0.00197	0.00772	0.02442	0.00563	0.00973
6	0.00882	0.00667	0.00777	0.00750	0.00933	0.00593	0.00562	0.01132	0.01687	0.02269	0.41340	0.05390	0.33796	0.01452	0.00761	0.00211	0.00320	0.01245	0.04636	0.00593
7	0.00948	0.00637	0.00732	0.00741	0.00748	0.00638	0.00426	0.00962	0.00979	0.01309	0.02156	0.08551	0.02485	0.69966	0.05604	0.00630	0.00661	0.01003	0.00410	0.00413
8	0.81514	0.01273	0.00968	0.00866	0.01273	0.01477	0.00713	0.01935	0.01120	0.02954	0.00917	0.01069	0.00713	0.00611	0.00407	0.00204	0.00509	0.00356	0.00407	0.00713
9	0.02363	0.01667	0.01825	0.01423	0.01914	0.01807	0.01164	0.56188	0.05155	0.09398	0.03149	0.05435	0.01445	0.00861	0.00666	0.00200	0.00673	0.00673	0.00663	0.03332
10	0.04004	0.09858	0.02006	0.01469	0.01935	0.18747	0.01196	0.35726	0.10745	0.05648	0.01536	0.01553	0.01145	0.00750	0.00615	0.00189	0.00795	0.00544	0.00547	0.00991
11	0.20061	0.01370	0.01448	0.01160	0.01609	0.03305	0.00949	0.22892	0.02022	0.27400	0.01829	0.01778	0.01259	0.00753	0.00581	0.00196	0.00587	0.00562	0.09275	0.00965
12	0.10802	0.00844	0.01005	0.01070	0.01256	0.00876	0.00865	0.01548	0.09098	0.02164	0.09024	0.19900	0.06351	0.01575	0.00792	0.00264	0.00504	0.30812	0.00600	0.00651
13	0.01543	0.01543	0.02468	0.27764	0.14579	0.05278	0.15291	0.06176	0.01476	0.01976	0.01176	0.01643	0.00940	0.00725	0.00950	0.00225	0.14466	0.00614	0.00330	0.00837
14	0.68735	0.01220	0.00998	0.00895	0.01256	0.01420	0.00733	0.01845	0.01146	0.02789	0.01261	0.01422	0.04344	0.00704	0.00533	0.00207	0.04972	0.00434	0.04385	0.00701
15	0.00836	0.00610	0.00791	0.00916	0.00979	0.00577	0.00622	0.01022	0.03580	0.01779	0.08025	0.67059	0.06819	0.01966	0.00829	0.00261	0.00380	0.01775	0.00620	0.00557
16	0.01965	0.09987	0.12049	0.01468	0.02019	0.01566	0.08392	0.21412	0.04537	0.15737	0.05659	0.02294	0.08301	0.00838	0.00659	0.00200	0.00701	0.00695	0.00558	0.00963
17	0.01601	0.10236	0.28270	0.01586	0.05186	0.04529	0.01583	0.12171	0.01642	0.02305	0.01275	0.03807	0.01035	0.00675	0.00631	0.00176	0.03067	0.00515	0.00377	0.19334
18	0.00827	0.00662	0.00742	0.00761	0.00944	0.00578	0.00571	0.01022	0.01537	0.01934	0.18003	0.14842	0.47716	0.01668	0.00794	0.00230	0.00352	0.05616	0.00632	0.00568
19	0.03776	0.22705	0.10757	0.01846	0.12550	0.18387	0.01452	0.13533	0.05175	0.02235	0.01213	0.01365	0.00973	0.00655	0.00570	0.00178	0.00847	0.00478	0.00385	0.00923
20	0.00905	0.00656	0.00841	0.00974	0.03685	0.00601	0.00641	0.01051	0.01359	0.03836	0.07814	0.48654	0.19220	0.05389	0.00930	0.00267	0.00400	0.01601	0.00602	0.00574
21	0.01646	0.17136	0.09892	0.04125	0.04757	0.03094	0.01238	0.13561	0.12211	0.03910	0.08226	0.03647	0.06165	0.00870	0.00686	0.00197	0.03871	0.00680	0.03203	0.00885
22	0.00802	0.00590	0.00753	0.00876	0.00946	0.00541	0.00595	0.00931	0.01315	0.01725	0.06198	0.63618	0.14737	0.01981	0.00829	0.00259	0.00372	0.01778	0.00615	0.00541
23	0.01778	0.59092	0.10160	0.01223	0.01804	0.02325	0.01241	0.06837	0.01484	0.04376	0.01146	0.03850	0.01016	0.00648	0.00483	0.00158	0.00716	0.00448	0.00339	0.00876
24	0.00823	0.00596	0.00779	0.00899	0.00966	0.00552	0.00618	0.00968	0.01352	0.01803	0.11570	0.61710	0.09089	0.01948	0.00831	0.00259	0.00377	0.03689	0.00624	0.00548
25	0.02346	0.05028	0.01864	0.01605	0.01961	0.56953	0.01225	0.12591	0.01996	0.01990	0.01254	0.05729	0.01097	0.00774	0.00613	0.00179	0.01056	0.00533	0.00401	0.00805
26	0.01774	0.01795	0.09066	0.01324	0.01890	0.11618	0.03067	0.10514	0.06273	0.06585	0.01388	0.01504	0.01067	0.00614	0.00568	0.00150	0.00691	0.00480	0.00446	0.39187
27	0.01144	0.00927	0.01076	0.05405	0.01332	0.03620	0.00773	0.03972	0.10282	0.01818	0.06611	0.04880	0.10086	0.23299	0.21328	0.00561	0.00907	0.00887	0.00469	0.00625
28	0.01577	0.06023	0.02580	0.11662	0.54387	0.01656	0.01893	0.01940	0.01424	0.02011	0.01177	0.01592	0.00996	0.00645	0.00776	0.00203	0.07605	0.00571	0.00316	0.00967
