[name]
unknown

[dist]
# distance from previous block
# <min> <max>
0	24

[block]
# block no. 0 follows, 33 sequences, length 23
# corresponding to MSA columns:
# 24-46
name=unknown_A
#
# <colnr> <probs for GDERKNQSTAVLIFYWHMCP>
#	G	D	E	R	K	N	Q	S	T	A	V	L	I	F	Y	W	H	M	C	P
0	0.00875	0.00657	0.00786	0.00795	0.00935	0.00597	0.00575	0.01075	0.01539	0.02040	0.30540	0.15528	0.25982	0.10747	0.01105	0.00277	0.00381	0.04378	0.00628	0.00561
1	0.20331	0.12995	0.04781	0.03656	0.01538	0.05706	0.00951	0.03771	0.05248	0.04389	0.07913	0.08228	0.06697	0.01410	0.09431	0.00303	0.00733	0.00718	0.00459	0.00743
2	0.04034	0.19343	0.02204	0.09096	0.03800	0.04498	0.07732	0.05727	0.01541	0.12901	0.04910	0.09838	0.01664	0.02036	0.00781	0.00209	0.06389	0.00719	0.01748	0.00829
3	0.01128	0.00719	0.00910	0.00889	0.01035	0.00789	0.00681	0.04524	0.01277	0.02009	0.01920	0.02555	0.01668	0.05928	0.38623	0.00641	0.01090	0.00674	0.32326	0.00615
4	0.00957	0.00638	0.00718	0.00718	0.00718	0.00638	0.00399	0.00957	0.00957	0.01276	0.02074	0.04308	0.02393	0.76864	0.03351	0.00638	0.00638	0.00957	0.00399	0.00399
5	0.01504	0.04637	0.14863	0.13729	0.18281	0.01473	0.15739	0.02023	0.04108	0.06352	0.03171	0.01995	0.04148	0.00882	0.04026	0.00247	0.00886	0.00661	0.00377	0.00898
6	0.03171	0.13584	0.18888	0.13723	0.06547	0.03676	0.01560	0.06274	0.04128	0.01998	0.01502	0.08404	0.01368	0.03036	0.00835	0.00225	0.07133	0.02744	0.00372	0.00830
7	0.15399	0.01649	0.02187	0.12972	0.42637	0.10262	0.01680	0.02032	0.01453	0.02160	0.01147	0.01497	0.00940	0.00612	0.00604	0.00197	0.00797	0.00527	0.00337	0.00910
8	0.01238	0.01026	0.01459	0.13859	0.07387	0.01155	0.03028	0.04377	0.11637	0.01948	0.02039	0.04415	0.04859	0.07466	0.25245	0.00523	0.02229	0.00751	0.04629	0.00731
9	0.01318	0.00950	0.01171	0.01085	0.01271	0.03021	0.00830	0.10270	0.01418	0.05249	0.01951	0.11291	0.01870	0.08589	0.33290	0.03701	0.03622	0.00815	0.04833	0.03455
10	0.01912	0.48365	0.02768	0.01261	0.01748	0.15449	0.01131	0.07296	0.08132	0.01897	0.01192	0.01299	0.01005	0.00639	0.00496	0.00158	0.00762	0.00429	0.03200	0.00861
11	0.04649	0.32303	0.21112	0.01380	0.01979	0.01891	0.03798	0.06981	0.05320	0.04784	0.01396	0.04994	0.01201	0.04742	0.00702	0.00207	0.00749	0.00555	0.00378	0.00878
12	0.06110	0.03927	0.04753	0.08940	0.13554	0.08661	0.06770	0.07418	0.02861	0.02105	0.01630	0.01946	0.05970	0.01183	0.08187	0.00287	0.07944	0.00617	0.00383	0.06752
13	0.00895	0.00616	0.00754	0.00828	0.00851	0.00599	0.00522	0.00959	0.01115	0.01484	0.02814	0.35678	0.03309	0.40908	0.02148	0.00462	0.00526	0.04564	0.00501	0.00468
14	0.01072	0.00885	0.03447	0.03707	0.04549	0.00797	0.00816	0.06305	0.01555	0.04040	0.11338	0.30843	0.22358	0.01679	0.03261	0.00261	0.00494	0.01347	0.00588	0.00656
15	0.04827	0.22674	0.16729	0.11203	0.07051	0.14736	0.07400	0.02052	0.01457	0.01830	0.01167	0.03886	0.00987	0.00662	0.00582	0.00187	0.00887	0.00524	0.00316	0.00842
16	0.00937	0.00636	0.00752	0.00770	0.00784	0.00641	0.00459	0.00971	0.01002	0.01346	0.02235	0.12829	0.02567	0.61926	0.08918	0.00628	0.00701	0.01046	0.00421	0.00431
17	0.00824	0.00624	0.00742	0.00802	0.00916	0.00562	0.00557	0.00972	0.01397	0.01807	0.13573	0.36868	0.27972	0.08023	0.01018	0.00275	0.00377	0.01540	0.00609	0.00542
18	0.07050	0.07133	0.02103	0.21680	0.07090	0.08281	0.09028	0.10088	0.06503	0.06111	0.01709	0.04462	0.04415	0.00769	0.00644	0.00205	0.00787	0.00657	0.00433	0.00852
19	0.01318	0.00943	0.01150	0.01167	0.04439	0.05494	0.00831	0.01492	0.01248	0.09285	0.02133	0.03252	0.04528	0.19461	0.28442	0.02933	0.02947	0.05755	0.02552	0.00630
20	0.01766	0.29780	0.05895	0.04162	0.15076	0.11437	0.01420	0.05179	0.03857	0.01884	0.01102	0.01346	0.00942	0.00678	0.00735	0.00182	0.09813	0.00471	0.00333	0.03942
21	0.01548	0.04187	0.01604	0.01537	0.09522	0.09160	0.03438	0.11562	0.06154	0.04640	0.10529	0.10874	0.05194	0.05123	0.11594	0.00351	0.00820	0.00864	0.00511	0.00789
22	0.06281	0.10516	0.04056	0.07877	0.15007	0.04171	0.04444	0.04703	0.04690	0.09910	0.01554	0.04705	0.01291	0.03879	0.02403	0.00222	0.00716	0.00606	0.02544	0.10426

[dist]
# distance from previous block
# <min> <max>
10	23

[block]
# block no. 1 follows, 33 sequences, length 17
# corresponding to MSA columns:
# 73-89
name=unknown_B
#
# <colnr> <probs for GDERKNQSTAVLIFYWHMCP>
#	G	D	E	R	K	N	Q	S	T	A	V	L	I	F	Y	W	H	M	C	P
0	0.03862	0.45927	0.02713	0.01250	0.01708	0.11378	0.03702	0.07565	0.01504	0.01805	0.01144	0.01501	0.01045	0.07116	0.05087	0.00249	0.00835	0.00468	0.00339	0.00803
1	0.14224	0.22331	0.29446	0.01364	0.02002	0.04093	0.01503	0.02006	0.01410	0.05687	0.07118	0.03457	0.01393	0.00714	0.00555	0.00190	0.00744	0.00530	0.00374	0.00858
2	0.01579	0.05992	0.02624	0.13747	0.51988	0.01620	0.05340	0.02045	0.04841	0.02076	0.01284	0.01660	0.01052	0.00608	0.00646	0.00198	0.00795	0.00590	0.00335	0.00979
3	0.00831	0.00614	0.00777	0.00853	0.00951	0.00560	0.00595	0.01004	0.01453	0.01939	0.21507	0.46764	0.16103	0.01816	0.00814	0.00245	0.00356	0.01620	0.00640	0.00560
4	0.04792	0.10007	0.06734	0.05019	0.11366	0.05748	0.13012	0.04526	0.04403	0.10236	0.06589	0.11127	0.01842	0.00871	0.00667	0.00206	0.00739	0.00784	0.00466	0.00867
5	0.01621	0.05794	0.18680	0.12017	0.04956	0.04652	0.23791	0.02106	0.01485	0.08942	0.01423	0.01875	0.01099	0.00702	0.00772	0.00217	0.05273	0.03343	0.00368	0.00885
6	0.00881	0.00611	0.00759	0.00825	0.00861	0.00587	0.00526	0.00972	0.01208	0.01629	0.11145	0.38492	0.03773	0.32536	0.01858	0.00412	0.00478	0.01417	0.00538	0.00489
7	0.00908	0.00681	0.00909	0.00907	0.01030	0.00716	0.00674	0.01104	0.01227	0.01676	0.11240	0.05804	0.15267	0.14025	0.40007	0.00723	0.01132	0.00956	0.00458	0.00558
8	0.01748	0.08231	0.17979	0.06489	0.12056	0.16234	0.16072	0.06466	0.01617	0.02048	0.01178	0.01471	0.00922	0.00646	0.00708	0.00200	0.04152	0.00554	0.00334	0.00897
9	0.01331	0.00964	0.01108	0.01125	0.04806	0.03962	0.00794	0.04352	0.08500	0.09789	0.15122	0.20282	0.17474	0.01447	0.02487	0.00241	0.00491	0.01164	0.03835	0.00729
10	0.10220	0.01299	0.01251	0.01126	0.01452	0.05364	0.00877	0.06913	0.35806	0.02684	0.05827	0.02528	0.06065	0.00889	0.00611	0.00203	0.00510	0.00712	0.14791	0.00871
11	0.01316	0.01148	0.01605	0.01527	0.06133	0.06926	0.12256	0.01612	0.01577	0.06118	0.10466	0.12603	0.13521	0.01338	0.00790	0.00240	0.00647	0.18923	0.00548	0.00708
12	0.01651	0.15370	0.17373	0.05951	0.09268	0.01689	0.12112	0.07273	0.08736	0.06320	0.01559	0.04828	0.01246	0.00717	0.00630	0.00199	0.00789	0.00629	0.02732	0.00928
13	0.00901	0.00626	0.00794	0.00896	0.00997	0.00571	0.00632	0.01044	0.01351	0.04602	0.04193	0.54781	0.17988	0.01916	0.00825	0.00258	0.00394	0.06045	0.00619	0.00567
14	0.01506	0.01379	0.02306	0.09632	0.51498	0.01447	0.01759	0.01800	0.01362	0.01935	0.01211	0.01699	0.01046	0.00956	0.03075	0.09787	0.05808	0.00587	0.00316	0.00891
15	0.03208	0.04636	0.06737	0.08581	0.09214	0.03719	0.09110	0.06952	0.06889	0.09148	0.02171	0.17335	0.04016	0.04310	0.00811	0.00237	0.00698	0.00905	0.00490	0.00833
16	0.06024	0.03554	0.15564	0.03109	0.13681	0.05343	0.03377	0.01901	0.06524	0.04399	0.05206	0.05306	0.04065	0.10734	0.01101	0.00271	0.05465	0.03151	0.00419	0.00807

[dist]
# distance from previous block
# <min> <max>
0	36

[block]
# block no. 2 follows, 33 sequences, length 22
# corresponding to MSA columns:
# 126-147
name=unknown_C
#
# <colnr> <probs for GDERKNQSTAVLIFYWHMCP>
#	G	D	E	R	K	N	Q	S	T	A	V	L	I	F	Y	W	H	M	C	P
0	0.01702	0.01338	0.01727	0.03101	0.06749	0.01449	0.05859	0.20740	0.17619	0.05843	0.07710	0.11976	0.02176	0.01250	0.05113	0.00269	0.03019	0.00863	0.00584	0.00912
1	0.01411	0.06997	0.15399	0.01819	0.14796	0.01279	0.04968	0.01813	0.01502	0.05392	0.15817	0.02240	0.02078	0.00949	0.03903	0.00222	0.03343	0.00658	0.00429	0.14985
2	0.01554	0.08172	0.24391	0.10855	0.19206	0.06720	0.05396	0.02112	0.05459	0.03444	0.01309	0.01631	0.01032	0.02850	0.00704	0.00209	0.00860	0.00551	0.00339	0.03209
3	0.00990	0.00738	0.00971	0.03789	0.01203	0.00715	0.02554	0.01286	0.05856	0.03822	0.20108	0.31625	0.13474	0.08543	0.01024	0.00274	0.00434	0.01377	0.00608	0.00610
4	0.00946	0.00693	0.00839	0.00845	0.00882	0.00726	0.00552	0.01010	0.01077	0.01439	0.02708	0.17044	0.09695	0.45595	0.07184	0.00531	0.06192	0.01119	0.00447	0.00475
5	0.01550	0.14371	0.33283	0.06471	0.02643	0.04112	0.11219	0.07074	0.01522	0.02095	0.01168	0.01422	0.00892	0.00638	0.00680	0.00196	0.04332	0.00516	0.00324	0.05492
6	0.01364	0.00898	0.01096	0.01075	0.01272	0.00906	0.00794	0.10400	0.09265	0.10174	0.05075	0.46291	0.03413	0.01604	0.00779	0.00246	0.00466	0.03496	0.00649	0.00735
7	0.03544	0.00918	0.01103	0.00959	0.01268	0.00857	0.00749	0.08016	0.01731	0.26539	0.07351	0.14529	0.16020	0.01189	0.00684	0.00210	0.00452	0.00999	0.12071	0.00811
8	0.01514	0.11380	0.20611	0.01546	0.02018	0.14353	0.05830	0.02001	0.07004	0.01868	0.01724	0.13549	0.01640	0.01140	0.04103	0.00251	0.05156	0.03112	0.00392	0.00806
9	0.01513	0.02687	0.40553	0.09853	0.02786	0.12239	0.08113	0.02109	0.03292	0.03558	0.01400	0.06380	0.01134	0.00736	0.00654	0.00209	0.00947	0.00615	0.00338	0.00884
10	0.01518	0.02026	0.14568	0.02637	0.03350	0.01644	0.59934	0.02105	0.01529	0.02105	0.01309	0.01717	0.00974	0.00566	0.00754	0.00220	0.01089	0.00732	0.00325	0.00901
11	0.00809	0.00586	0.00765	0.00893	0.00952	0.00542	0.00604	0.00941	0.01319	0.01754	0.08597	0.66662	0.09171	0.01986	0.00832	0.00260	0.00374	0.01791	0.00619	0.00542
12	0.01413	0.01310	0.02195	0.31058	0.38943	0.01420	0.01790	0.01802	0.01409	0.01956	0.01398	0.06219	0.01208	0.00711	0.00657	0.00207	0.00773	0.00665	0.03993	0.00873
13	0.01248	0.00803	0.00983	0.00965	0.01152	0.00765	0.00707	0.09050	0.01633	0.10249	0.10204	0.41728	0.14638	0.01647	0.00784	0.00239	0.00427	0.01449	0.00650	0.00679
14	0.00891	0.00630	0.00837	0.00969	0.01033	0.00607	0.00703	0.01040	0.01289	0.01705	0.03390	0.48834	0.03951	0.11648	0.01182	0.00325	0.00474	0.19372	0.00582	0.00536
15	0.02230	0.02785	0.01710	0.01561	0.01878	0.63701	0.01171	0.02410	0.01840	0.01699	0.06695	0.01818	0.06175	0.00796	0.00620	0.00176	0.01064	0.00547	0.00386	0.00738
16	0.01274	0.01201	0.02030	0.69619	0.09957	0.01471	0.01844	0.01709	0.01331	0.01719	0.01176	0.01745	0.00891	0.00652	0.00658	0.00217	0.00870	0.00585	0.00295	0.00756
17	0.00810	0.00639	0.00689	0.00729	0.00899	0.00554	0.00527	0.00971	0.01431	0.01791	0.05613	0.24495	0.50571	0.01719	0.00776	0.00230	0.00345	0.01471	0.05185	0.00554
18	0.01987	0.01002	0.01281	0.01087	0.01429	0.00944	0.00869	0.10048	0.01853	0.33441	0.13335	0.09199	0.07894	0.03489	0.04173	0.00268	0.00571	0.05549	0.00705	0.00877
19	0.01395	0.16501	0.57678	0.05095	0.02719	0.01718	0.02171	0.02046	0.01377	0.01971	0.01133	0.01347	0.00838	0.00616	0.00591	0.00197	0.00921	0.00467	0.00279	0.00939
20	0.14466	0.01409	0.01852	0.32469	0.02970	0.06882	0.08192	0.06926	0.06996	0.02175	0.02989	0.01739	0.01114	0.00798	0.00760	0.05740	0.00790	0.00582	0.00385	0.00766
21	0.01538	0.10459	0.41550	0.07463	0.07990	0.01709	0.07817	0.09888	0.01596	0.02243	0.01216	0.01455	0.00900	0.00631	0.00625	0.00201	0.00907	0.00524	0.00331	0.00956

[dist]
# distance from previous block
# <min> <max>
0	2

[block]
# block no. 3 follows, 33 sequences, length 21
# corresponding to MSA columns:
# 150-170
name=unknown_D
#
# <colnr> <probs for GDERKNQSTAVLIFYWHMCP>
#	G	D	E	R	K	N	Q	S	T	A	V	L	I	F	Y	W	H	M	C	P
0	0.06998	0.01576	0.05393	0.01365	0.01812	0.01636	0.01149	0.23249	0.33457	0.05105	0.02167	0.02371	0.01684	0.00883	0.00659	0.00215	0.00612	0.05585	0.00620	0.03466
1	0.06401	0.11339	0.01872	0.04140	0.04135	0.33536	0.01143	0.03921	0.04386	0.12194	0.09261	0.01823	0.01607	0.00761	0.00601	0.00182	0.00845	0.00558	0.00464	0.00832
2	0.01144	0.00572	0.00858	0.00858	0.00858	0.00572	0.00572	0.00858	0.00858	0.01144	0.01144	0.02001	0.01144	0.02287	0.02573	0.80846	0.00572	0.00572	0.00286	0.00286
3	0.00820	0.00659	0.00737	0.00779	0.00956	0.00576	0.00585	0.00999	0.01476	0.01826	0.09283	0.19573	0.49031	0.01740	0.00803	0.00238	0.00369	0.08372	0.00617	0.00560
4	0.01133	0.00864	0.00996	0.00941	0.01167	0.00866	0.00711	0.01780	0.19258	0.04858	0.30793	0.11572	0.19777	0.01357	0.00752	0.00220	0.00384	0.01172	0.00677	0.00721
5	0.05213	0.08146	0.09078	0.01241	0.03993	0.01114	0.01051	0.01423	0.01157	0.01713	0.01612	0.05046	0.01498	0.03424	0.47655	0.00743	0.01382	0.00662	0.00351	0.03498
6	0.01336	0.01080	0.01283	0.00968	0.01471	0.00832	0.00760	0.01610	0.01398	0.04438	0.05257	0.09323	0.01623	0.00706	0.00545	0.00124	0.00470	0.00594	0.00444	0.65738
7	0.00822	0.00588	0.00784	0.00922	0.00973	0.00550	0.00630	0.00959	0.01316	0.01765	0.08863	0.68272	0.04473	0.01998	0.00838	0.00264	0.00385	0.04433	0.00620	0.00544
8	0.01007	0.00718	0.01086	0.01033	0.01130	0.00770	0.04374	0.01110	0.01035	0.01442	0.01778	0.05969	0.01802	0.19860	0.38979	0.15037	0.01212	0.00790	0.00361	0.00507
9	0.01301	0.01174	0.04060	0.03793	0.05863	0.01161	0.05641	0.08016	0.13233	0.02391	0.20144	0.06423	0.11847	0.04238	0.02312	0.00254	0.03779	0.03025	0.00568	0.00778
10	0.04064	0.00859	0.01000	0.00933	0.01142	0.00872	0.00725	0.11999	0.01836	0.02690	0.31393	0.11180	0.03890	0.01226	0.00697	0.00209	0.00413	0.06803	0.17379	0.00690
11	0.10799	0.01061	0.01334	0.01057	0.01503	0.00968	0.00866	0.02829	0.01731	0.55477	0.02357	0.02152	0.01544	0.00787	0.00606	0.00196	0.00517	0.00623	0.12590	0.01003
12	0.01476	0.01767	0.12916	0.26112	0.16180	0.07092	0.01754	0.04757	0.01430	0.01917	0.01300	0.06305	0.01128	0.00810	0.00885	0.00222	0.12144	0.00638	0.00335	0.00832
13	0.05002	0.07610	0.08053	0.02466	0.03128	0.01733	0.55382	0.04512	0.01563	0.02173	0.01282	0.01660	0.00969	0.00571	0.00720	0.00213	0.01031	0.00702	0.00340	0.00891
14	0.00841	0.00604	0.00794	0.00905	0.00965	0.00575	0.00621	0.00978	0.01291	0.01729	0.08757	0.55771	0.06831	0.07899	0.05173	0.00336	0.00481	0.04322	0.00589	0.00538
15	0.01001	0.00739	0.00924	0.00922	0.01054	0.00752	0.00668	0.06338	0.01412	0.01899	0.11260	0.22298	0.13832	0.13196	0.20108	0.00505	0.00785	0.01190	0.00531	0.00587
16	0.07823	0.06925	0.06675	0.03519	0.19421	0.01613	0.15198	0.09044	0.06948	0.04639	0.01545	0.03526	0.01268	0.00737	0.00698	0.00208	0.03173	0.03088	0.03029	0.00922
17	0.00962	0.00797	0.00886	0.00941	0.03001	0.03268	0.00667	0.01195	0.03698	0.01856	0.12845	0.15112	0.31483	0.10299	0.04015	0.00312	0.00501	0.07005	0.00575	0.00585
18	0.06354	0.01130	0.01329	0.01103	0.01481	0.01125	0.00877	0.13360	0.08969	0.30690	0.05055	0.08101	0.04618	0.03920	0.00756	0.00222	0.00526	0.00789	0.08667	0.00928
19	0.01731	0.01726	0.04180	0.16048	0.13468	0.15314	0.06279	0.11713	0.03328	0.04201	0.05676	0.08568	0.01625	0.00923	0.02140	0.00223	0.00842	0.00726	0.00439	0.00850
20	0.03767	0.07507	0.16471	0.04488	0.19759	0.01479	0.05447	0.02096	0.07900	0.08047	0.01818	0.07201	0.04046	0.00937	0.02836	0.00235	0.03940	0.00699	0.00418	0.00911

[dist]
# distance from previous block
# <min> <max>
0	34

[block]
# block no. 4 follows, 33 sequences, length 26
# corresponding to MSA columns:
# 205-230
name=unknown_E
#
# <colnr> <probs for GDERKNQSTAVLIFYWHMCP>
#	G	D	E	R	K	N	Q	S	T	A	V	L	I	F	Y	W	H	M	C	P
0	0.08016	0.09445	0.15662	0.04992	0.05329	0.10219	0.14391	0.05082	0.08384	0.02213	0.04149	0.03607	0.01324	0.00714	0.00626	0.00200	0.00829	0.00615	0.03336	0.00866
1	0.01475	0.08452	0.29992	0.03488	0.13397	0.03074	0.04279	0.03750	0.11380	0.02164	0.03229	0.01909	0.04925	0.00731	0.00663	0.00201	0.02290	0.00603	0.00385	0.03613
2	0.04579	0.11241	0.15733	0.01759	0.08200	0.12321	0.04486	0.15811	0.05342	0.12130	0.01474	0.01554	0.01082	0.00690	0.00612	0.00192	0.00819	0.00536	0.00465	0.00973
3	0.01185	0.00992	0.02815	0.01126	0.01277	0.03158	0.02751	0.07837	0.01309	0.01780	0.02011	0.11802	0.02090	0.22972	0.26032	0.00622	0.05834	0.03366	0.00428	0.00612
4	0.00909	0.00689	0.00825	0.00922	0.01004	0.03026	0.00647	0.01025	0.01337	0.01734	0.08610	0.49933	0.12160	0.01920	0.00964	0.06739	0.00428	0.06008	0.00584	0.00536
5	0.01295	0.02638	0.49676	0.01599	0.02352	0.01402	0.01894	0.02165	0.13898	0.02158	0.02275	0.02325	0.11840	0.00830	0.00656	0.00213	0.00796	0.00668	0.00398	0.00922
6	0.03263	0.07541	0.12556	0.14476	0.10594	0.05789	0.19936	0.07407	0.01625	0.02191	0.07088	0.01842	0.01373	0.00678	0.00668	0.00204	0.00880	0.00641	0.00374	0.00873
7	0.01487	0.00690	0.00751	0.00698	0.00905	0.00667	0.00537	0.01786	0.01456	0.13116	0.02215	0.02422	0.01679	0.00774	0.00491	0.00161	0.00345	0.00621	0.68509	0.00690
8	0.56230	0.01137	0.01000	0.00881	0.01258	0.01242	0.00715	0.01928	0.01327	0.11310	0.09477	0.02086	0.07585	0.00807	0.00511	0.00206	0.00478	0.00574	0.00509	0.00739
9	0.01243	0.01170	0.01975	0.75282	0.04534	0.01463	0.01828	0.01682	0.01316	0.01682	0.01170	0.01755	0.00878	0.00658	0.00658	0.00219	0.00878	0.00585	0.00293	0.00731
10	0.01752	0.04116	0.01432	0.01184	0.01519	0.08695	0.00930	0.08043	0.22342	0.13288	0.21785	0.05019	0.05048	0.01020	0.00688	0.00206	0.00551	0.00846	0.00655	0.00879
11	0.00839	0.00677	0.00751	0.00755	0.00956	0.00590	0.00581	0.01050	0.01579	0.01981	0.20333	0.06142	0.51592	0.01614	0.00791	0.00227	0.00356	0.07977	0.00635	0.00575
12	0.01524	0.01580	0.02004	0.01726	0.01754	0.07962	0.01426	0.01670	0.01079	0.01587	0.00877	0.01419	0.00863	0.01113	0.02031	0.00278	0.69526	0.00564	0.00292	0.00724
13	0.01362	0.01167	0.01725	0.39833	0.06106	0.01360	0.01513	0.07490	0.09247	0.02094	0.01943	0.03209	0.01746	0.00978	0.00721	0.00238	0.00755	0.17290	0.00443	0.00780
14	0.02217	0.01630	0.01737	0.01379	0.01837	0.01807	0.01124	0.52071	0.13204	0.03733	0.01815	0.01819	0.01323	0.00803	0.00636	0.00196	0.00643	0.00618	0.10363	0.01046
15	0.00900	0.00614	0.00735	0.00792	0.00806	0.00600	0.00478	0.00942	0.01070	0.01426	0.02650	0.31047	0.03120	0.49133	0.02420	0.00501	0.00543	0.01296	0.00478	0.00449
16	0.01974	0.02110	0.01770	0.01781	0.09654	0.30724	0.01251	0.05477	0.30198	0.02249	0.01847	0.02040	0.01481	0.00810	0.00647	0.00201	0.00829	0.03548	0.00496	0.00914
17	0.00859	0.00666	0.00793	0.00876	0.01007	0.00619	0.00634	0.01099	0.04997	0.01796	0.04644	0.41717	0.28312	0.01841	0.00816	0.00252	0.00392	0.07493	0.00614	0.00575
18	0.01227	0.00614	0.00614	0.00614	0.00767	0.00614	0.00460	0.01534	0.01381	0.02454	0.02148	0.02454	0.01687	0.00767	0.00460	0.00153	0.00307	0.00614	0.80518	0.00614
19	0.00825	0.00583	0.00757	0.00887	0.00919	0.00550	0.00579	0.00923	0.01215	0.01620	0.03394	0.65567	0.04059	0.13333	0.01219	0.00323	0.00421	0.01734	0.00579	0.00514
20	0.02139	0.02575	0.02323	0.02412	0.19636	0.47012	0.10324	0.02412	0.01735	0.01808	0.01112	0.01372	0.00915	0.00640	0.00631	0.00183	0.01077	0.00509	0.00335	0.00848
21	0.01760	0.77260	0.03450	0.01126	0.01690	0.02605	0.01126	0.01971	0.01338	0.01549	0.00915	0.01056	0.00845	0.00563	0.00422	0.00141	0.00704	0.00352	0.00282	0.00845
22	0.01293	0.01221	0.02064	0.66146	0.13282	0.01476	0.01853	0.01725	0.01340	0.01742	0.01179	0.01739	0.00899	0.00649	0.00657	0.00216	0.00865	0.00585	0.00297	0.00771
23	0.02335	0.16331	0.02148	0.01595	0.01974	0.61473	0.01246	0.02512	0.01772	0.01600	0.00999	0.01164	0.00847	0.00658	0.00563	0.00164	0.01101	0.00411	0.00329	0.00778
24	0.01310	0.01561	0.15493	0.01148	0.01764	0.00977	0.01091	0.01681	0.01361	0.02095	0.01375	0.07552	0.01226	0.00644	0.00544	0.00133	0.00574	0.00531	0.00386	0.58555
25	0.01848	0.03848	0.10451	0.11002	0.08167	0.20815	0.01416	0.09997	0.06144	0.06726	0.05152	0.02015	0.05106	0.00935	0.03347	0.00228	0.00875	0.00617	0.00445	0.00866

[dist]
# distance from previous block
# <min> <max>
0	2

[block]
# block no. 5 follows, 33 sequences, length 39
# corresponding to MSA columns:
# 233-271
name=unknown_F
#
# <colnr> <probs for GDERKNQSTAVLIFYWHMCP>
#	G	D	E	R	K	N	Q	S	T	A	V	L	I	F	Y	W	H	M	C	P
0	0.01782	0.04832	0.05236	0.11421	0.03831	0.08940	0.09453	0.03820	0.01544	0.15550	0.01715	0.06398	0.01423	0.00965	0.03029	0.00232	0.06360	0.03575	0.02624	0.07270
1	0.01551	0.04373	0.40450	0.06665	0.06433	0.01600	0.05083	0.14564	0.04061	0.02427	0.01447	0.05774	0.01148	0.00742	0.00651	0.00209	0.00862	0.00615	0.00386	0.00958
2	0.02437	0.05456	0.01915	0.01678	0.02024	0.71981	0.01267	0.02608	0.01849	0.01609	0.01014	0.01183	0.00848	0.00675	0.00588	0.00169	0.01172	0.00422	0.00337	0.00766
3	0.01489	0.01421	0.02419	0.29873	0.48019	0.01527	0.01951	0.01898	0.01433	0.01981	0.01214	0.01675	0.00983	0.00613	0.00654	0.00204	0.00817	0.00586	0.00314	0.00930
4	0.01492	0.01459	0.02411	0.33355	0.39404	0.03758	0.04863	0.01903	0.01437	0.01939	0.01207	0.01674	0.00967	0.00618	0.00658	0.00206	0.00848	0.00589	0.00313	0.00899
5	0.04757	0.00994	0.01283	0.01127	0.01339	0.01077	0.04756	0.05953	0.05157	0.04165	0.04306	0.06517	0.23583	0.01593	0.05435	0.10196	0.12414	0.00918	0.03771	0.00659
6	0.78222	0.01246	0.00953	0.00855	0.01252	0.01441	0.00703	0.01919	0.01131	0.02933	0.00967	0.01126	0.00753	0.00617	0.00410	0.00202	0.00501	0.00367	0.03692	0.00709
7	0.01465	0.00810	0.00990	0.00873	0.01120	0.00761	0.00678	0.05553	0.01802	0.16125	0.34748	0.03740	0.08180	0.01100	0.00675	0.00194	0.00382	0.00935	0.19128	0.00739
8	0.00924	0.00688	0.00970	0.00977	0.01084	0.00766	0.00733	0.01118	0.01088	0.01521	0.02271	0.06137	0.07489	0.13955	0.56139	0.00904	0.01446	0.00840	0.00390	0.00558
9	0.01107	0.00803	0.01029	0.01033	0.01165	0.00853	0.00778	0.08046	0.02940	0.01897	0.04386	0.17997	0.02749	0.17629	0.23010	0.00571	0.00913	0.11988	0.00501	0.00607
10	0.00926	0.00634	0.00718	0.00733	0.00757	0.00621	0.00429	0.00952	0.01036	0.01362	0.02641	0.11682	0.08865	0.62673	0.02870	0.00564	0.00585	0.01087	0.00439	0.00426
11	0.16953	0.01128	0.01306	0.01069	0.01496	0.01100	0.00867	0.05057	0.08407	0.39270	0.06671	0.02618	0.09433	0.00907	0.00635	0.00208	0.00514	0.00720	0.00693	0.00948
12	0.01946	0.02291	0.01540	0.01427	0.01720	0.46464	0.01068	0.02339	0.10877	0.01842	0.06083	0.09300	0.08445	0.00972	0.00655	0.00193	0.00892	0.00740	0.00456	0.00750
13	0.00799	0.00584	0.00752	0.00886	0.00947	0.00537	0.00598	0.00920	0.01290	0.01693	0.04000	0.67857	0.12691	0.02014	0.00833	0.00262	0.00376	0.01813	0.00611	0.00537
14	0.01178	0.02511	0.50084	0.01596	0.02278	0.01230	0.01889	0.01751	0.01372	0.01982	0.01955	0.18992	0.01913	0.01065	0.00701	0.00231	0.00804	0.07242	0.00385	0.00839
15	0.00947	0.00637	0.00737	0.00759	0.00769	0.00634	0.00448	0.00971	0.01011	0.01345	0.02285	0.11341	0.02642	0.66431	0.03004	0.00588	0.00612	0.03989	0.00428	0.00421
16	0.01595	0.01538	0.05539	0.12389	0.37076	0.01487	0.11181	0.06295	0.01581	0.04917	0.01566	0.02078	0.02983	0.00830	0.02945	0.00235	0.00846	0.03596	0.00381	0.00941
17	0.00919	0.00705	0.00773	0.00788	0.00976	0.00636	0.00572	0.01175	0.05824	0.04196	0.05352	0.22689	0.46274	0.04972	0.00895	0.00251	0.00378	0.01421	0.00613	0.00593
18	0.00942	0.00699	0.01026	0.01026	0.01132	0.00805	0.00783	0.01155	0.01048	0.01504	0.01793	0.02750	0.01717	0.11767	0.67523	0.01018	0.01657	0.00729	0.00357	0.00570
19	0.05132	0.01650	0.02106	0.04792	0.11376	0.11785	0.06603	0.01930	0.01307	0.06253	0.01130	0.01549	0.00970	0.01059	0.04376	0.00275	0.35991	0.00573	0.00345	0.00801
20	0.01368	0.01407	0.07193	0.30783	0.19086	0.01379	0.09686	0.01776	0.01398	0.03460	0.01563	0.07208	0.01391	0.00853	0.00765	0.01996	0.02033	0.05484	0.00359	0.00813
21	0.00799	0.00585	0.00751	0.00884	0.00946	0.00537	0.00597	0.00920	0.01292	0.01693	0.04026	0.67277	0.13254	0.02011	0.00832	0.00261	0.00376	0.01809	0.00611	0.00537
22	0.17984	0.02846	0.06353	0.16229	0.10817	0.08309	0.09912	0.02982	0.01357	0.02086	0.01105	0.01490	0.00895	0.00818	0.02826	0.00240	0.12075	0.00539	0.00335	0.00803
23	0.02618	0.02488	0.01757	0.01527	0.01921	0.50642	0.01174	0.02815	0.01872	0.24658	0.01526	0.01526	0.01100	0.00722	0.00616	0.00181	0.00985	0.00501	0.00492	0.00878
24	0.03137	0.01109	0.01757	0.31868	0.12478	0.01318	0.01466	0.01611	0.01254	0.03481	0.01409	0.02092	0.01210	0.01939	0.21590	0.00461	0.08292	0.02453	0.00338	0.00738
25	0.14864	0.53040	0.09597	0.01179	0.01753	0.02282	0.01190	0.06275	0.01417	0.01993	0.00982	0.01123	0.00839	0.00591	0.00454	0.00161	0.00699	0.00381	0.00326	0.00853
26	0.00978	0.00698	0.00965	0.01117	0.01232	0.00686	0.00916	0.01220	0.01433	0.01877	0.03532	0.29638	0.03971	0.01897	0.00887	0.00292	0.00534	0.46936	0.00608	0.00583
27	0.00962	0.00677	0.00826	0.00864	0.01028	0.00616	0.00660	0.01177	0.01526	0.04681	0.17387	0.21748	0.27222	0.01651	0.00796	0.00240	0.00394	0.12867	0.04082	0.00596
28	0.03692	0.01768	0.02204	0.16934	0.35035	0.14973	0.01688	0.05024	0.08335	0.02120	0.01329	0.01636	0.01063	0.00656	0.00638	0.00198	0.00841	0.00566	0.00371	0.00926
29	0.02362	0.02976	0.01880	0.01699	0.02006	0.67365	0.01288	0.02530	0.01784	0.01609	0.01003	0.01211	0.00850	0.00723	0.00742	0.00181	0.08258	0.00438	0.00334	0.00759
30	0.00859	0.00624	0.00822	0.00960	0.01041	0.00587	0.00703	0.01021	0.01341	0.01756	0.03885	0.54119	0.10695	0.01970	0.00850	0.00271	0.00428	0.16906	0.00610	0.00553
31	0.00937	0.00664	0.00799	0.00765	0.00935	0.00606	0.00574	0.01216	0.01722	0.02430	0.49088	0.04901	0.19880	0.01339	0.00735	0.00203	0.00315	0.01158	0.11123	0.00606
32	0.01708	0.01714	0.02596	0.03818	0.66042	0.08463	0.01949	0.02078	0.01534	0.02100	0.01217	0.01587	0.01024	0.00595	0.00646	0.00193	0.00821	0.00571	0.00327	0.01016
33	0.01047	0.00698	0.00917	0.00848	0.01023	0.00641	0.00641	0.01354	0.01865	0.06653	0.68440	0.04765	0.05951	0.01316	0.00770	0.00207	0.00325	0.01161	0.00730	0.00650
34	0.00851	0.00612	0.00788	0.00883	0.00950	0.00581	0.00606	0.00988	0.01301	0.01736	0.10245	0.48473	0.09262	0.11840	0.04170	0.00341	0.00472	0.04783	0.00584	0.00533
35	0.01528	0.04871	0.47670	0.02109	0.07525	0.04194	0.13475	0.05082	0.01527	0.04100	0.01253	0.01485	0.00910	0.00624	0.00648	0.00206	0.00961	0.00545	0.00324	0.00963
36	0.02453	0.01820	0.01948	0.01505	0.02023	0.02019	0.01239	0.66748	0.06989	0.04070	0.01643	0.01630	0.01170	0.00796	0.00659	0.00199	0.00713	0.00601	0.00659	0.01115
37	0.01333	0.01291	0.01956	0.58645	0.03911	0.04158	0.01717	0.01781	0.04361	0.01712	0.01186	0.01719	0.00924	0.00742	0.00876	0.00228	0.11821	0.00585	0.00310	0.00744
38	0.12674	0.03432	0.04652	0.02599	0.01685	0.05706	0.07657	0.10717	0.04871	0.08577	0.13820	0.05612	0.03964	0.07705	0.00890	0.00243	0.00636	0.00776	0.02991	0.00792

[dist]
# distance from previous block
# <min> <max>
7	20

[block]
# block no. 6 follows, 33 sequences, length 40
# corresponding to MSA columns:
# 292-331
name=unknown_G
#
# <colnr> <probs for GDERKNQSTAVLIFYWHMCP>
#	G	D	E	R	K	N	Q	S	T	A	V	L	I	F	Y	W	H	M	C	P
0	0.04237	0.01411	0.01649	0.10671	0.04371	0.11496	0.01225	0.01609	0.01191	0.01620	0.01272	0.04499	0.01238	0.08583	0.10866	0.03224	0.29189	0.00646	0.00331	0.00670
1	0.01614	0.09729	0.02274	0.27663	0.25378	0.08632	0.01646	0.03778	0.05135	0.03342	0.03763	0.01736	0.01190	0.00670	0.00629	0.00197	0.00810	0.00576	0.00361	0.00876
2	0.07970	0.01382	0.01652	0.01433	0.06081	0.01414	0.01087	0.29167	0.02214	0.29146	0.02109	0.09889	0.01624	0.00912	0.00661	0.00208	0.00615	0.00740	0.00673	0.01023
3	0.01343	0.01401	0.02362	0.01866	0.02169	0.04413	0.28016	0.01642	0.01346	0.01817	0.02140	0.13721	0.09245	0.03230	0.01238	0.00257	0.21720	0.00946	0.00395	0.00732
4	0.01161	0.01011	0.05165	0.01341	0.08544	0.00898	0.00973	0.01632	0.10210	0.04616	0.14096	0.20923	0.11913	0.01413	0.00764	0.00236	0.00493	0.11163	0.02725	0.00723
5	0.00900	0.00672	0.00835	0.00794	0.00964	0.00607	0.00596	0.01180	0.01787	0.02459	0.58622	0.05215	0.20113	0.01413	0.00777	0.00210	0.00315	0.01232	0.00701	0.00607
6	0.01462	0.01231	0.01464	0.11983	0.05905	0.03847	0.01131	0.02458	0.33223	0.05283	0.02765	0.11352	0.06811	0.01099	0.00712	0.00231	0.00591	0.07016	0.00575	0.00862
7	0.00947	0.00680	0.00930	0.00930	0.01003	0.00753	0.00663	0.01093	0.01020	0.01434	0.01880	0.03234	0.01927	0.32000	0.47577	0.00900	0.01340	0.00800	0.00370	0.00517
8	0.01789	0.01916	0.01728	0.01801	0.11826	0.29565	0.01229	0.04901	0.01544	0.01842	0.01364	0.04371	0.01235	0.03990	0.09970	0.00320	0.12368	0.00598	0.06885	0.00757
9	0.00974	0.00747	0.01094	0.01075	0.01176	0.00885	0.00830	0.01185	0.01047	0.01513	0.01729	0.02645	0.01653	0.10218	0.64172	0.00976	0.06430	0.00716	0.00352	0.00582
10	0.00943	0.00696	0.01011	0.01011	0.01113	0.00798	0.00765	0.01146	0.01044	0.01494	0.01806	0.02822	0.01748	0.14801	0.64532	0.01000	0.01609	0.00740	0.00359	0.00562
11	0.00958	0.00692	0.00937	0.01072	0.01194	0.00671	0.00870	0.01195	0.01448	0.01892	0.06156	0.28480	0.08576	0.01867	0.00875	0.00283	0.00509	0.41131	0.00612	0.00581
12	0.72119	0.01255	0.01035	0.00902	0.01322	0.01416	0.00743	0.02087	0.01212	0.11356	0.01118	0.01210	0.00823	0.00635	0.00438	0.00204	0.00515	0.00393	0.00456	0.00762
13	0.01326	0.02059	0.28643	0.15792	0.05779	0.01411	0.14183	0.04515	0.01449	0.02023	0.01615	0.13694	0.01462	0.00866	0.00724	0.00223	0.02239	0.00792	0.00362	0.00845
14	0.00958	0.00732	0.01092	0.01082	0.01195	0.00865	0.00845	0.01190	0.01056	0.01530	0.01731	0.02545	0.01618	0.04803	0.71686	0.01031	0.04397	0.00701	0.00350	0.00593
15	0.00969	0.00738	0.01078	0.01063	0.01164	0.00870	0.00817	0.01178	0.01046	0.01508	0.01744	0.02681	0.01672	0.11230	0.64015	0.00979	0.05596	0.00721	0.00353	0.00578
16	0.63771	0.01234	0.01036	0.00916	0.01314	0.01399	0.00747	0.02146	0.07097	0.08629	0.01273	0.01361	0.00953	0.00660	0.00453	0.00202	0.00503	0.00429	0.05109	0.00768
17	0.01270	0.00695	0.00741	0.00714	0.00885	0.00719	0.00545	0.05499	0.01445	0.02452	0.02073	0.02418	0.01650	0.01219	0.08455	0.00254	0.00489	0.00622	0.67214	0.00640
18	0.01094	0.01188	0.09216	0.10489	0.01913	0.01116	0.05171	0.01401	0.01219	0.01710	0.04819	0.08258	0.05697	0.05210	0.29139	0.00566	0.09932	0.00813	0.00380	0.00669
19	0.01347	0.02561	0.45453	0.06055	0.15218	0.01445	0.02077	0.02031	0.05472	0.02083	0.01520	0.06674	0.01278	0.00773	0.00659	0.00215	0.00856	0.03005	0.00344	0.00935
20	0.06533	0.01907	0.01598	0.01470	0.04735	0.27014	0.01096	0.16950	0.01954	0.07956	0.05832	0.02394	0.03737	0.06019	0.03406	0.00256	0.00853	0.04968	0.00501	0.00823
21	0.01878	0.48493	0.05610	0.01486	0.02026	0.18693	0.09786	0.02141	0.01486	0.01651	0.00999	0.01187	0.00864	0.00591	0.00512	0.00160	0.00873	0.00426	0.00301	0.00836
22	0.01004	0.00759	0.01016	0.00983	0.01036	0.00876	0.00705	0.01125	0.01008	0.01423	0.01799	0.03217	0.01888	0.36260	0.34837	0.00786	0.09590	0.00802	0.00366	0.00519
23	0.04532	0.08664	0.29136	0.04316	0.04804	0.11063	0.05140	0.03676	0.06207	0.09240	0.03372	0.04258	0.01281	0.00733	0.00625	0.00200	0.00844	0.00589	0.00407	0.00913
24	0.01424	0.01325	0.02200	0.23950	0.36155	0.01412	0.04519	0.03648	0.03690	0.02021	0.01608	0.12050	0.01485	0.00825	0.00686	0.00214	0.00758	0.00777	0.00376	0.00878
25	0.48508	0.01279	0.01246	0.01027	0.01479	0.01367	0.00847	0.08986	0.01558	0.25751	0.01523	0.01497	0.01048	0.00694	0.00514	0.00203	0.00547	0.00478	0.00563	0.00884
26	0.01080	0.00825	0.01118	0.01011	0.01108	0.00877	0.05199	0.03576	0.01165	0.01607	0.04582	0.06723	0.04703	0.43236	0.11752	0.00562	0.06583	0.00923	0.02839	0.00531
27	0.01405	0.02082	0.27368	0.05822	0.10635	0.03616	0.06767	0.03817	0.11351	0.02131	0.04039	0.05862	0.03773	0.05311	0.00873	0.00240	0.02906	0.00714	0.00405	0.00881
28	0.01148	0.00892	0.01144	0.01078	0.01120	0.03539	0.00791	0.01177	0.01002	0.01384	0.01494	0.02636	0.01545	0.23046	0.20849	0.19295	0.16316	0.00707	0.00336	0.00499
29	0.01059	0.00638	0.00855	0.00947	0.01042	0.00586	0.00654	0.01191	0.01335	0.10235	0.03505	0.67561	0.04028	0.01913	0.00819	0.00260	0.00403	0.01727	0.00635	0.00605
30	0.01830	0.02108	0.05394	0.06039	0.04955	0.26055	0.20555	0.07726	0.04192	0.02055	0.01511	0.06153	0.01313	0.00930	0.03268	0.00236	0.01014	0.03441	0.00397	0.00828
31	0.01328	0.10554	0.23218	0.06672	0.10538	0.03584	0.01529	0.01864	0.07031	0.02001	0.06615	0.14044	0.04470	0.00986	0.00668	0.00212	0.00712	0.02720	0.00422	0.00831
32	0.02697	0.01177	0.01506	0.01179	0.01656	0.01096	0.00966	0.09388	0.07316	0.56709	0.02479	0.02210	0.01615	0.00815	0.00649	0.00201	0.00556	0.00659	0.06043	0.01081
33	0.00903	0.00602	0.00802	0.00878	0.00918	0.00588	0.00585	0.00957	0.01167	0.01576	0.07348	0.41317	0.03409	0.15570	0.07554	0.12902	0.00565	0.01367	0.00509	0.00482
34	0.01163	0.09037	0.01275	0.01149	0.04241	0.00946	0.00826	0.05802	0.01441	0.04384	0.02996	0.47372	0.03397	0.04065	0.00857	0.00260	0.00496	0.09074	0.00566	0.00653
35	0.08956	0.09966	0.16221	0.04107	0.02133	0.07223	0.09120	0.04189	0.07100	0.08489	0.01963	0.02071	0.08773	0.00808	0.00732	0.00207	0.06017	0.00635	0.00429	0.00861
36	0.01416	0.00815	0.00842	0.00767	0.00971	0.00847	0.00585	0.12703	0.01631	0.02652	0.02051	0.02435	0.01642	0.05787	0.00683	0.00193	0.00396	0.00633	0.62271	0.00682
37	0.01606	0.03833	0.01730	0.15034	0.02231	0.05696	0.01176	0.08289	0.09781	0.04007	0.01367	0.01597	0.01083	0.00699	0.00773	0.00176	0.09971	0.00517	0.00421	0.30011
38	0.03887	0.05135	0.01456	0.11356	0.04063	0.01161	0.01012	0.04841	0.08950	0.12581	0.18170	0.09805	0.05299	0.03746	0.00842	0.00232	0.03175	0.02922	0.00579	0.00788
39	0.03665	0.11741	0.02064	0.07217	0.14260	0.11083	0.03469	0.10620	0.03902	0.06271	0.01564	0.07442	0.01364	0.01231	0.08586	0.00285	0.00873	0.00651	0.00430	0.03283

[dist]
# distance from previous block
# <min> <max>
0	10

[block]
# block no. 7 follows, 33 sequences, length 21
# corresponding to MSA columns:
# 342-362
name=unknown_H
#
# <colnr> <probs for GDERKNQSTAVLIFYWHMCP>
#	G	D	E	R	K	N	Q	S	T	A	V	L	I	F	Y	W	H	M	C	P
0	0.03293	0.02747	0.01216	0.03554	0.01378	0.01093	0.00840	0.08528	0.10220	0.05193	0.02384	0.12627	0.05211	0.11397	0.10359	0.00377	0.04431	0.03260	0.09064	0.02829
1	0.11949	0.07223	0.02034	0.01784	0.11015	0.08886	0.08004	0.16319	0.05933	0.02513	0.01429	0.03002	0.01172	0.01167	0.08335	0.00289	0.04392	0.00589	0.03090	0.00873
2	0.05517	0.01481	0.01888	0.15509	0.19855	0.07202	0.01412	0.08985	0.07423	0.06598	0.01553	0.05807	0.01288	0.00847	0.02151	0.00217	0.03404	0.00637	0.00437	0.07791
3	0.01320	0.01338	0.02588	0.02018	0.04782	0.01300	0.37821	0.01666	0.01456	0.01959	0.08013	0.02822	0.13945	0.01034	0.01059	0.08261	0.06595	0.00875	0.00405	0.00740
4	0.01152	0.01266	0.10578	0.15498	0.06009	0.01096	0.03811	0.01517	0.03833	0.01846	0.06576	0.07221	0.11572	0.08730	0.01149	0.03871	0.04410	0.08740	0.00438	0.00688
5	0.01691	0.07914	0.15619	0.07996	0.12384	0.12652	0.07364	0.04629	0.11065	0.03996	0.01436	0.01676	0.01121	0.00909	0.03890	0.02910	0.00901	0.00569	0.00385	0.00893
6	0.01477	0.01349	0.02310	0.28446	0.24683	0.01479	0.10034	0.01900	0.03103	0.05236	0.01466	0.05588	0.01244	0.00770	0.00799	0.00221	0.06454	0.02218	0.00364	0.00858
7	0.00798	0.00663	0.00698	0.00698	0.00904	0.00563	0.00520	0.00981	0.01535	0.01882	0.14754	0.09285	0.61163	0.01645	0.00781	0.00222	0.00333	0.01386	0.00625	0.00563
8	0.00867	0.00613	0.00785	0.00893	0.00980	0.00573	0.00637	0.01037	0.01373	0.01860	0.09971	0.50818	0.11068	0.01844	0.00809	0.00253	0.00389	0.08514	0.06159	0.00557
9	0.03330	0.00957	0.01276	0.03707	0.04420	0.00993	0.03875	0.01615	0.08199	0.07092	0.14223	0.14208	0.21137	0.01337	0.00891	0.00232	0.07963	0.03255	0.00576	0.00712
10	0.00969	0.00675	0.00948	0.01116	0.04973	0.00661	0.00731	0.01121	0.01256	0.04768	0.03090	0.54378	0.03539	0.05170	0.12883	0.00403	0.00646	0.01524	0.00554	0.00592
11	0.00820	0.00590	0.00797	0.00928	0.00978	0.00567	0.00633	0.00954	0.01262	0.01699	0.05880	0.66539	0.04150	0.02324	0.08155	0.00344	0.00517	0.01731	0.00589	0.00543
12	0.00920	0.00739	0.00823	0.00796	0.00998	0.00687	0.00594	0.01295	0.08576	0.02135	0.27366	0.07625	0.39438	0.04035	0.00856	0.00233	0.00357	0.01261	0.00647	0.00620
13	0.01384	0.01230	0.01616	0.01154	0.01748	0.00956	0.07716	0.01703	0.01384	0.02142	0.01186	0.01406	0.00977	0.00494	0.00516	0.00110	0.00550	0.00429	0.00384	0.72915
14	0.00981	0.00682	0.00834	0.00856	0.00922	0.00687	0.00596	0.01110	0.01244	0.01706	0.12177	0.11426	0.05827	0.38052	0.02079	0.00437	0.03022	0.11792	0.05066	0.00504
15	0.07986	0.01208	0.01713	0.14522	0.05572	0.01198	0.04078	0.04458	0.04836	0.42305	0.03988	0.02088	0.01505	0.00768	0.00651	0.00208	0.00642	0.00644	0.00637	0.00992
16	0.00880	0.00649	0.00809	0.00892	0.01001	0.00606	0.00657	0.01049	0.01382	0.01794	0.09671	0.31506	0.19667	0.10721	0.01133	0.00304	0.00443	0.15696	0.00594	0.00546
17	0.00844	0.00601	0.00783	0.00897	0.00969	0.00560	0.00623	0.01001	0.01367	0.01849	0.12733	0.57999	0.07844	0.01896	0.00820	0.00255	0.00378	0.04848	0.03178	0.00553
18	0.02184	0.01430	0.01659	0.01437	0.03964	0.05448	0.01125	0.13080	0.17438	0.26490	0.05088	0.02302	0.01747	0.00913	0.00860	0.00219	0.09999	0.02987	0.00640	0.00992
19	0.01573	0.05719	0.01964	0.27659	0.12141	0.11528	0.01478	0.04534	0.12709	0.01981	0.01576	0.07532	0.01354	0.00823	0.00728	0.00212	0.04582	0.00676	0.00401	0.00831
20	0.04867	0.01377	0.02202	0.41505	0.19971	0.01575	0.05535	0.08657	0.01530	0.02111	0.01214	0.01669	0.00940	0.00664	0.00706	0.00214	0.03480	0.00587	0.00344	0.00850

[dist]
# distance from previous block
# <min> <max>
4	33

[block]
# block no. 8 follows, 33 sequences, length 25
# corresponding to MSA columns:
# 397-421
name=unknown_I
#
# <colnr> <probs for GDERKNQSTAVLIFYWHMCP>
#	G	D	E	R	K	N	Q	S	T	A	V	L	I	F	Y	W	H	M	C	P
0	0.01436	0.00942	0.01108	0.05609	0.01427	0.05116	0.00823	0.01726	0.04404	0.15961	0.15423	0.23690	0.08838	0.03004	0.00803	0.00237	0.00501	0.05106	0.03130	0.00717
1	0.14032	0.06016	0.01715	0.06866	0.03833	0.03613	0.04474	0.09189	0.01639	0.20841	0.01795	0.04259	0.03256	0.03778	0.00746	0.00210	0.02583	0.00617	0.00522	0.10017
2	0.04055	0.03593	0.09299	0.11967	0.13871	0.03008	0.11457	0.01779	0.03362	0.02003	0.05694	0.06488	0.05789	0.01077	0.05093	0.00259	0.04300	0.00742	0.00389	0.05775
3	0.01059	0.11023	0.01310	0.03308	0.03283	0.01021	0.00774	0.01242	0.01324	0.01738	0.12638	0.10930	0.17811	0.14237	0.11227	0.00398	0.04575	0.01015	0.00478	0.00608
4	0.01082	0.00855	0.01273	0.01168	0.01333	0.00959	0.05130	0.05323	0.01216	0.01709	0.01919	0.02739	0.04421	0.10480	0.53910	0.00861	0.03868	0.00748	0.00382	0.00624
5	0.07697	0.12919	0.06789	0.07246	0.12438	0.03866	0.02767	0.02054	0.04643	0.09296	0.01511	0.01718	0.03857	0.00751	0.00815	0.00198	0.11906	0.00553	0.00398	0.08579
6	0.01667	0.03423	0.03960	0.02831	0.01780	0.05631	0.03727	0.07002	0.09782	0.09633	0.01784	0.08502	0.01520	0.00785	0.00604	0.00167	0.00607	0.02025	0.00496	0.34073
7	0.00905	0.00648	0.00801	0.00867	0.01000	0.00586	0.00632	0.01080	0.01448	0.04202	0.12745	0.38234	0.24733	0.01795	0.00815	0.00248	0.00385	0.07668	0.00631	0.00577
8	0.01010	0.00877	0.00928	0.00944	0.03513	0.05025	0.00667	0.01307	0.04861	0.02115	0.29521	0.07340	0.33465	0.04474	0.00863	0.00231	0.00414	0.01201	0.00621	0.00624
9	0.01577	0.03718	0.11099	0.13971	0.24037	0.01470	0.05545	0.04340	0.10227	0.07221	0.01665	0.06185	0.01365	0.00920	0.03580	0.00243	0.00803	0.00683	0.00420	0.00930
10	0.01912	0.01137	0.01260	0.01055	0.01392	0.01188	0.00840	0.24067	0.06357	0.14231	0.02157	0.06481	0.01672	0.00866	0.00591	0.00187	0.00499	0.00697	0.32533	0.00879
11	0.00863	0.00623	0.00784	0.00847	0.00936	0.00592	0.00586	0.01020	0.01339	0.01808	0.14309	0.37848	0.13860	0.10763	0.07737	0.00362	0.00516	0.01444	0.03220	0.00543
12	0.01246	0.01140	0.01586	0.15467	0.13249	0.05587	0.05646	0.01618	0.05524	0.01909	0.02606	0.24499	0.08970	0.01179	0.00713	0.00223	0.00633	0.01060	0.06418	0.00727
13	0.01990	0.02010	0.01894	0.06168	0.02161	0.25275	0.07639	0.10258	0.26616	0.04224	0.01781	0.01834	0.01350	0.00760	0.00647	0.00200	0.00832	0.00611	0.02835	0.00916
14	0.81514	0.01273	0.00968	0.00866	0.01273	0.01477	0.00713	0.01935	0.01120	0.02954	0.00917	0.01069	0.00713	0.00611	0.00407	0.00204	0.00509	0.00356	0.00407	0.00713
15	0.02118	0.34042	0.02575	0.01595	0.06041	0.40008	0.01255	0.02318	0.01623	0.01617	0.00988	0.01158	0.00858	0.00625	0.00525	0.00159	0.00961	0.00403	0.00314	0.00814
16	0.00854	0.00643	0.00796	0.00897	0.00990	0.00607	0.00619	0.01089	0.05487	0.01804	0.07248	0.57268	0.15466	0.01895	0.00817	0.00255	0.00379	0.01694	0.00620	0.00572
17	0.05835	0.03087	0.01758	0.05178	0.08841	0.01400	0.05022	0.15680	0.07158	0.07014	0.04245	0.05137	0.05698	0.03476	0.00893	0.02865	0.05313	0.00705	0.00500	0.10194
18	0.09404	0.04866	0.08825	0.07548	0.12523	0.01249	0.06236	0.01772	0.08295	0.02108	0.06239	0.23723	0.02334	0.01103	0.00688	0.00223	0.00630	0.00984	0.00466	0.00783
19	0.00937	0.00668	0.00895	0.00907	0.00970	0.00725	0.00631	0.01066	0.01032	0.01435	0.02032	0.08844	0.02159	0.34502	0.39385	0.00825	0.01194	0.00897	0.00391	0.00506
20	0.04527	0.51251	0.10203	0.01443	0.06241	0.10759	0.01313	0.02103	0.01426	0.04050	0.01030	0.01180	0.00878	0.00594	0.00485	0.00159	0.00782	0.00399	0.00313	0.00865
21	0.01790	0.05333	0.14774	0.05755	0.13162	0.06149	0.06022	0.04455	0.14966	0.13191	0.03484	0.04903	0.01507	0.00777	0.00657	0.00206	0.00752	0.00668	0.00487	0.00960
