[name]
unknown

[dist]
# distance from previous block
# <min> <max>
0	25

[block]
# block no. 0 follows, 31 sequences, length 44
# corresponding to MSA columns:
# 25-68
name=unknown_A
#
# <colnr> <probs for GDERKNQSTAVLIFYWHMCP>
#	G	D	E	R	K	N	Q	S	T	A	V	L	I	F	Y	W	H	M	C	P
0	0.00853	0.00699	0.00754	0.00752	0.00967	0.00601	0.00572	0.01061	0.01629	0.02023	0.18580	0.06371	0.56087	0.01679	0.00815	0.00232	0.00356	0.04719	0.00657	0.00593
1	0.00877	0.00639	0.00871	0.04648	0.01174	0.00629	0.00695	0.01011	0.01277	0.01706	0.03413	0.62400	0.04033	0.07793	0.05078	0.00350	0.00523	0.01739	0.00587	0.00558
2	0.01615	0.03912	0.08842	0.09309	0.39464	0.06887	0.08283	0.02035	0.01537	0.02074	0.01539	0.01915	0.04209	0.00901	0.04345	0.00252	0.00931	0.00643	0.00346	0.00960
3	0.05666	0.03667	0.03594	0.04915	0.01887	0.01212	0.01083	0.10279	0.01990	0.46095	0.08492	0.02343	0.01921	0.00855	0.00674	0.00207	0.00607	0.00690	0.00732	0.03091
4	0.03047	0.01201	0.01610	0.01235	0.01765	0.01060	0.01020	0.06546	0.02019	0.68865	0.02648	0.02295	0.01668	0.00846	0.00688	0.00211	0.00590	0.00684	0.00839	0.01164
5	0.06484	0.01887	0.02001	0.01541	0.02082	0.02092	0.01273	0.66061	0.03115	0.04250	0.01608	0.01616	0.01142	0.00812	0.00671	0.00206	0.00742	0.00604	0.00671	0.01142
6	0.02162	0.01524	0.01683	0.01350	0.01783	0.01644	0.01086	0.41126	0.10135	0.09211	0.12412	0.02603	0.04107	0.04956	0.00857	0.00235	0.00636	0.00775	0.00693	0.01021
7	0.01693	0.01626	0.02777	0.04199	0.71689	0.01626	0.02100	0.02100	0.01558	0.02235	0.01287	0.01693	0.01084	0.00610	0.00677	0.00203	0.00813	0.00610	0.00339	0.01084
8	0.01275	0.00638	0.00638	0.00638	0.00797	0.00638	0.00478	0.01594	0.01435	0.02551	0.02232	0.02551	0.01754	0.00797	0.00478	0.00159	0.00319	0.00638	0.79755	0.00638
9	0.01598	0.03965	0.04265	0.17889	0.33426	0.04562	0.01767	0.04690	0.01485	0.02029	0.01283	0.01865	0.01116	0.06575	0.01087	0.00254	0.10274	0.00621	0.00344	0.00904
10	0.01199	0.00750	0.00988	0.00900	0.01101	0.00685	0.00685	0.01515	0.01939	0.10354	0.63804	0.04805	0.05933	0.01338	0.00794	0.00215	0.00351	0.01177	0.00763	0.00702
11	0.00878	0.00658	0.00817	0.00902	0.01009	0.00610	0.00629	0.01097	0.03648	0.01960	0.15092	0.48738	0.17627	0.01907	0.00845	0.00257	0.00380	0.01699	0.00656	0.00591
12	0.01767	0.65274	0.10214	0.01280	0.01876	0.02565	0.01320	0.02039	0.01377	0.01666	0.00975	0.01153	0.00878	0.00624	0.00556	0.00161	0.04707	0.00392	0.00293	0.00884
13	0.01372	0.03539	0.72412	0.01950	0.02961	0.01589	0.02528	0.02167	0.01444	0.02167	0.01228	0.01444	0.00867	0.00650	0.00650	0.00217	0.01011	0.00506	0.00289	0.01011
14	0.01907	0.01779	0.06338	0.05918	0.41735	0.01727	0.01821	0.21446	0.02015	0.02810	0.01380	0.01656	0.01084	0.00671	0.00670	0.00200	0.00795	0.00595	0.00437	0.05016
15	0.00995	0.00663	0.00746	0.00746	0.00746	0.00663	0.00415	0.00995	0.00995	0.01327	0.02156	0.04477	0.02487	0.75957	0.03482	0.00663	0.00663	0.00995	0.00415	0.00415
16	0.01419	0.01216	0.01419	0.01013	0.01621	0.00912	0.00811	0.01723	0.01419	0.02229	0.01216	0.01419	0.01013	0.00507	0.00507	0.00101	0.00507	0.00405	0.00405	0.80139
17	0.08906	0.01610	0.01696	0.01442	0.04539	0.07788	0.01116	0.27167	0.04785	0.22249	0.06299	0.02052	0.01645	0.00834	0.00656	0.00204	0.00675	0.00646	0.04660	0.01031
18	0.01695	0.06277	0.18397	0.04548	0.36134	0.05521	0.01948	0.04462	0.10098	0.02287	0.01437	0.01687	0.01135	0.00670	0.00657	0.00206	0.00843	0.00584	0.00380	0.01035
19	0.00995	0.00663	0.00746	0.00746	0.00746	0.00663	0.00415	0.00995	0.00995	0.01327	0.02156	0.04477	0.02487	0.75957	0.03482	0.00663	0.00663	0.00995	0.00415	0.00415
20	0.01121	0.00828	0.01025	0.00980	0.01047	0.00921	0.00675	0.04127	0.03553	0.01608	0.02022	0.05611	0.02159	0.45108	0.19693	0.00692	0.06959	0.00903	0.00421	0.00548
21	0.01372	0.03539	0.72412	0.01950	0.02961	0.01589	0.02528	0.02167	0.01444	0.02167	0.01228	0.01444	0.00867	0.00650	0.00650	0.00217	0.01011	0.00506	0.00289	0.01011
22	0.02032	0.05976	0.04464	0.04537	0.24995	0.09949	0.01521	0.18392	0.01999	0.07451	0.01657	0.01821	0.04109	0.00730	0.00650	0.00192	0.00790	0.00599	0.00472	0.07663
23	0.02029	0.33788	0.08966	0.01666	0.06827	0.29903	0.01395	0.02295	0.01626	0.01736	0.01231	0.01398	0.03143	0.00676	0.00555	0.00171	0.00945	0.00459	0.00330	0.00862
24	0.01395	0.01188	0.01392	0.01005	0.01589	0.00898	0.00802	0.01700	0.01446	0.02257	0.04958	0.01616	0.01304	0.00554	0.00523	0.00107	0.00497	0.00450	0.00424	0.75896
25	0.02096	0.13967	0.10762	0.01777	0.09342	0.16633	0.01426	0.11016	0.09293	0.10820	0.01681	0.05302	0.01346	0.00797	0.00638	0.00198	0.00826	0.00617	0.00487	0.00975
26	0.01686	0.01624	0.02569	0.06591	0.56280	0.04214	0.01952	0.03599	0.01566	0.02191	0.01369	0.01959	0.01196	0.00726	0.00804	0.00216	0.06252	0.03834	0.00357	0.01015
27	0.00820	0.00694	0.00709	0.00705	0.00931	0.00582	0.00529	0.01004	0.01587	0.01913	0.11577	0.06478	0.66725	0.01709	0.00808	0.00230	0.00345	0.01429	0.00644	0.00582
28	0.00983	0.00712	0.00995	0.00995	0.01081	0.00798	0.00725	0.01154	0.01069	0.01511	0.01928	0.03218	0.01940	0.26112	0.52580	0.00970	0.01486	0.00811	0.00381	0.00553
29	0.01659	0.20847	0.44149	0.01676	0.02499	0.01880	0.01974	0.07135	0.05064	0.05115	0.01330	0.01467	0.00987	0.00669	0.00605	0.00199	0.00883	0.00501	0.00362	0.01000
30	0.02601	0.01916	0.02053	0.01574	0.02122	0.02122	0.01300	0.69408	0.03217	0.04312	0.01643	0.01643	0.01163	0.00821	0.00684	0.00205	0.00753	0.00616	0.00684	0.01163
31	0.00977	0.00733	0.01100	0.01100	0.01222	0.00855	0.00855	0.01222	0.01100	0.01588	0.01833	0.02688	0.01710	0.05131	0.73245	0.01100	0.01833	0.00733	0.00367	0.00611
32	0.01166	0.00903	0.01081	0.03369	0.07210	0.04369	0.00800	0.01440	0.01570	0.02240	0.24090	0.07735	0.09661	0.06019	0.07970	0.00319	0.00602	0.00989	0.17803	0.00664
33	0.06162	0.01691	0.05207	0.09617	0.40926	0.04145	0.01799	0.06556	0.07288	0.04764	0.01429	0.01727	0.01134	0.00695	0.00729	0.00212	0.03895	0.00602	0.00406	0.01016
34	0.00992	0.00676	0.00809	0.00809	0.00830	0.00697	0.00492	0.01035	0.01013	0.01373	0.02098	0.04161	0.02350	0.63429	0.15822	0.00740	0.00870	0.00949	0.00406	0.00449
35	0.00855	0.00659	0.00789	0.00882	0.01015	0.00592	0.00643	0.01020	0.01445	0.01824	0.05059	0.38943	0.32103	0.01943	0.00855	0.00263	0.00404	0.09497	0.00635	0.00574
36	0.01582	0.01797	0.11813	0.21797	0.38589	0.01621	0.05795	0.04910	0.01568	0.02187	0.01281	0.01700	0.01012	0.00641	0.00683	0.00213	0.00881	0.00607	0.00338	0.00985
37	0.05336	0.05710	0.04424	0.10686	0.07496	0.23554	0.01370	0.13428	0.03990	0.07626	0.01466	0.04077	0.01171	0.00757	0.00635	0.00194	0.00875	0.00576	0.00459	0.06170
38	0.01574	0.01529	0.02340	0.36563	0.31402	0.05586	0.01912	0.04084	0.01521	0.02017	0.01236	0.01719	0.00987	0.00681	0.00745	0.00217	0.04050	0.00599	0.00333	0.00905
39	0.01880	0.01306	0.01447	0.01207	0.01564	0.01389	0.00946	0.27784	0.12293	0.08915	0.11453	0.04714	0.07330	0.09246	0.01011	0.00262	0.00581	0.00859	0.04894	0.00918
40	0.08131	0.30883	0.05836	0.01389	0.01867	0.27075	0.01217	0.02370	0.04476	0.04912	0.05059	0.01499	0.01263	0.00705	0.00552	0.00175	0.00869	0.00478	0.00390	0.00852
41	0.11086	0.04593	0.12554	0.01467	0.01989	0.07837	0.01339	0.26393	0.02154	0.11149	0.05449	0.04120	0.01486	0.00852	0.00726	0.00211	0.04425	0.00632	0.00554	0.00982
42	0.05551	0.26119	0.27037	0.01727	0.05209	0.12036	0.05297	0.02152	0.01480	0.01940	0.01144	0.01383	0.00927	0.00857	0.04241	0.00233	0.00971	0.00478	0.00315	0.00903
43	0.61804	0.04482	0.01234	0.00969	0.01430	0.01523	0.00805	0.05311	0.01334	0.05794	0.01086	0.01220	0.00836	0.00637	0.00457	0.00197	0.00548	0.00399	0.00446	0.09489

[dist]
# distance from previous block
# <min> <max>
0	2

[block]
# block no. 1 follows, 31 sequences, length 7
# corresponding to MSA columns:
# 71-77
name=unknown_B
#
# <colnr> <probs for GDERKNQSTAVLIFYWHMCP>
#	G	D	E	R	K	N	Q	S	T	A	V	L	I	F	Y	W	H	M	C	P
0	0.01114	0.00910	0.01174	0.01040	0.01286	0.00860	0.06573	0.08633	0.01686	0.02165	0.11156	0.15473	0.33999	0.09496	0.01090	0.00280	0.00500	0.01304	0.00603	0.00658
1	0.01423	0.01774	0.15675	0.09633	0.38547	0.01406	0.01857	0.01863	0.01519	0.02102	0.02361	0.02604	0.14637	0.00842	0.00698	0.00213	0.00770	0.00751	0.00383	0.00942
2	0.02052	0.14449	0.13184	0.01547	0.02051	0.32897	0.01390	0.10944	0.01894	0.02103	0.01840	0.01933	0.09284	0.00814	0.00625	0.00188	0.00951	0.00581	0.00409	0.00863
3	0.09561	0.02833	0.41795	0.01699	0.02475	0.09230	0.01909	0.09739	0.01726	0.10743	0.01403	0.01516	0.00987	0.00697	0.00633	0.00210	0.00909	0.00519	0.00418	0.00996
4	0.08565	0.25017	0.17562	0.01630	0.02247	0.17514	0.07362	0.08784	0.01699	0.02178	0.01138	0.01320	0.00906	0.00651	0.00577	0.00186	0.00922	0.00475	0.00359	0.00908
5	0.01801	0.10845	0.10519	0.10864	0.21557	0.07944	0.14838	0.06904	0.01679	0.04731	0.01308	0.01620	0.01017	0.00645	0.00668	0.00204	0.00926	0.00596	0.00369	0.00967
6	0.00847	0.00627	0.00774	0.00877	0.00961	0.00573	0.00594	0.00978	0.01371	0.01786	0.07610	0.51992	0.18912	0.07443	0.01048	0.00293	0.00402	0.01733	0.00625	0.00554

[dist]
# distance from previous block
# <min> <max>
0	2

[block]
# block no. 2 follows, 31 sequences, length 15
# corresponding to MSA columns:
# 80-94
name=unknown_C
#
# <colnr> <probs for GDERKNQSTAVLIFYWHMCP>
#	G	D	E	R	K	N	Q	S	T	A	V	L	I	F	Y	W	H	M	C	P
0	0.01865	0.05046	0.12487	0.01840	0.11563	0.01394	0.05886	0.04883	0.04575	0.17445	0.04236	0.04354	0.01504	0.00782	0.00749	0.00198	0.05088	0.00651	0.00503	0.14948
1	0.01088	0.00786	0.00970	0.01008	0.01135	0.00776	0.00719	0.09445	0.01627	0.02183	0.12359	0.48070	0.06467	0.06231	0.00996	0.00283	0.00454	0.04121	0.00643	0.00637
2	0.01556	0.01335	0.01412	0.01281	0.01636	0.01510	0.00992	0.03193	0.58504	0.02739	0.07319	0.03166	0.10287	0.01048	0.00716	0.00231	0.00506	0.00878	0.00693	0.00999
3	0.01897	0.01621	0.01654	0.01440	0.01854	0.04608	0.01132	0.15450	0.55626	0.03076	0.02510	0.02336	0.01874	0.00900	0.00691	0.00225	0.00607	0.00732	0.00680	0.01086
4	0.00819	0.00693	0.00707	0.00704	0.00930	0.00582	0.00528	0.01001	0.01583	0.01905	0.10986	0.06491	0.67321	0.01712	0.00808	0.00230	0.00345	0.01431	0.00643	0.00582
5	0.02451	0.02050	0.04212	0.09683	0.02351	0.18777	0.01347	0.28330	0.05452	0.16027	0.01692	0.01729	0.01200	0.00782	0.00668	0.00204	0.00852	0.00590	0.00581	0.01022
6	0.09412	0.11611	0.23466	0.02261	0.11209	0.01736	0.22018	0.02206	0.01506	0.06394	0.01308	0.01572	0.00983	0.00625	0.00654	0.00210	0.00921	0.00589	0.00359	0.00960
7	0.01483	0.01430	0.02484	0.39972	0.33208	0.01578	0.06165	0.01926	0.01464	0.01983	0.01257	0.01770	0.00993	0.00646	0.00689	0.00218	0.00885	0.00621	0.00321	0.00908
8	0.01047	0.00780	0.00814	0.00816	0.00848	0.03942	0.00490	0.01079	0.01084	0.01399	0.02385	0.08821	0.05245	0.62343	0.05662	0.00616	0.00703	0.01038	0.00433	0.00454
9	0.01694	0.16207	0.47029	0.01753	0.02605	0.01756	0.04627	0.05135	0.01571	0.09503	0.01356	0.01499	0.00975	0.00664	0.00624	0.00204	0.00910	0.00516	0.00367	0.01006
10	0.02117	0.09956	0.12557	0.03970	0.10548	0.31024	0.01573	0.11024	0.06847	0.02230	0.01303	0.01469	0.01027	0.00704	0.00628	0.00192	0.00981	0.00514	0.00401	0.00935
11	0.51908	0.01705	0.04263	0.01596	0.11132	0.10061	0.03605	0.02108	0.01332	0.02672	0.01035	0.01259	0.00826	0.00659	0.00571	0.00210	0.03417	0.00441	0.00391	0.00811
12	0.01544	0.12059	0.52035	0.01819	0.04916	0.01632	0.02129	0.02178	0.01471	0.07215	0.01411	0.01772	0.01085	0.02766	0.00716	0.00223	0.00916	0.02786	0.00347	0.00979
13	0.00977	0.00733	0.01100	0.01100	0.01222	0.00855	0.00855	0.01222	0.01100	0.01588	0.01833	0.02688	0.01710	0.05131	0.73245	0.01100	0.01833	0.00733	0.00367	0.00611
14	0.01927	0.01851	0.12323	0.04605	0.07366	0.07321	0.09749	0.13420	0.04614	0.13999	0.02175	0.10879	0.04778	0.00945	0.00718	0.00220	0.00792	0.00824	0.00537	0.00957

[dist]
# distance from previous block
# <min> <max>
0	2

[block]
# block no. 3 follows, 31 sequences, length 59
# corresponding to MSA columns:
# 97-155
name=unknown_D
#
# <colnr> <probs for GDERKNQSTAVLIFYWHMCP>
#	G	D	E	R	K	N	Q	S	T	A	V	L	I	F	Y	W	H	M	C	P
0	0.01708	0.08683	0.24453	0.01889	0.10931	0.01644	0.01690	0.10019	0.01714	0.08549	0.09034	0.02070	0.03284	0.00854	0.00869	0.00218	0.10335	0.00649	0.00451	0.00956
1	0.01738	0.07217	0.07846	0.07395	0.16473	0.01760	0.26210	0.09808	0.01735	0.04565	0.03765	0.01819	0.01229	0.00693	0.00792	0.00217	0.04696	0.00681	0.00400	0.00963
2	0.30967	0.20299	0.02012	0.01304	0.01711	0.23838	0.01086	0.02211	0.01447	0.02168	0.00980	0.01177	0.00830	0.00691	0.00636	0.00192	0.06891	0.00410	0.00359	0.00791
3	0.66727	0.03936	0.01211	0.00980	0.01426	0.01575	0.00815	0.06779	0.01375	0.08378	0.01134	0.01241	0.00848	0.00662	0.00462	0.00209	0.00556	0.00412	0.00469	0.00807
4	0.00947	0.00662	0.00755	0.00770	0.00819	0.00637	0.00471	0.01007	0.01175	0.01543	0.07453	0.13232	0.13117	0.51560	0.02610	0.00526	0.00563	0.01189	0.00495	0.00470
5	0.00977	0.00733	0.01100	0.01100	0.01222	0.00855	0.00855	0.01222	0.01100	0.01588	0.01833	0.02688	0.01710	0.05131	0.73245	0.01100	0.01833	0.00733	0.00367	0.00611
6	0.04280	0.01411	0.02355	0.38903	0.35948	0.01570	0.01953	0.01922	0.01450	0.02023	0.01240	0.01738	0.00986	0.00647	0.00672	0.00216	0.00852	0.00600	0.00324	0.00911
7	0.00831	0.00605	0.00784	0.00927	0.00986	0.00558	0.00624	0.00955	0.01334	0.01756	0.04080	0.68767	0.11069	0.02103	0.00867	0.00273	0.00392	0.01896	0.00635	0.00558
8	0.01011	0.00779	0.01140	0.01123	0.01227	0.00923	0.00867	0.01231	0.01095	0.01580	0.01836	0.04561	0.01773	0.09223	0.62026	0.00995	0.06862	0.00771	0.00372	0.00607
9	0.01497	0.01497	0.02095	0.01796	0.01796	0.02095	0.01497	0.01646	0.01048	0.01646	0.00898	0.01497	0.00898	0.01197	0.02245	0.00299	0.74704	0.00599	0.00299	0.00748
10	0.01829	0.76368	0.03585	0.01171	0.01756	0.02707	0.01171	0.02049	0.01390	0.01610	0.00951	0.01097	0.00878	0.00585	0.00439	0.00146	0.00732	0.00366	0.00293	0.00878
11	0.00844	0.00694	0.00742	0.00730	0.00946	0.00593	0.00548	0.01050	0.01643	0.02046	0.21140	0.06259	0.57078	0.01659	0.00808	0.00228	0.00341	0.01398	0.00661	0.00593
12	0.01657	0.01599	0.02476	0.14338	0.48942	0.04144	0.01907	0.02229	0.09357	0.02194	0.01426	0.01788	0.01159	0.00679	0.00728	0.00212	0.03154	0.00622	0.00373	0.01014
13	0.00834	0.00595	0.00794	0.00953	0.00992	0.00556	0.00635	0.00953	0.01310	0.01746	0.03771	0.75510	0.04525	0.02143	0.00873	0.00278	0.00397	0.01945	0.00635	0.00556
14	0.00958	0.00699	0.00901	0.00850	0.01016	0.00641	0.00638	0.01272	0.01913	0.02689	0.67374	0.05201	0.10443	0.01419	0.00807	0.00216	0.00324	0.01250	0.00746	0.00641
15	0.01406	0.00764	0.00777	0.00730	0.00928	0.00784	0.00559	0.08291	0.01611	0.02725	0.02174	0.02461	0.01695	0.00799	0.00499	0.00164	0.00362	0.00636	0.71946	0.00690
16	0.01529	0.01258	0.01362	0.01253	0.01576	0.01393	0.00978	0.09073	0.41283	0.02660	0.03350	0.08430	0.11540	0.03761	0.00841	0.00255	0.00539	0.07330	0.00667	0.00922
17	0.01133	0.01026	0.01010	0.01072	0.01258	0.09614	0.00845	0.01347	0.01568	0.01879	0.04477	0.18491	0.27018	0.01734	0.00845	0.00262	0.00565	0.24640	0.00598	0.00619
18	0.00849	0.00606	0.00811	0.00970	0.01016	0.00569	0.00662	0.00979	0.01325	0.01764	0.03762	0.71664	0.04492	0.02129	0.00877	0.00280	0.00410	0.05641	0.00635	0.00560
19	0.00820	0.00694	0.00709	0.00705	0.00931	0.00582	0.00529	0.01004	0.01586	0.01912	0.11508	0.06479	0.66794	0.01709	0.00808	0.00230	0.00345	0.01429	0.00644	0.00582
20	0.01628	0.01730	0.02270	0.01900	0.02008	0.10059	0.08164	0.01822	0.01204	0.01703	0.00964	0.01502	0.00910	0.01081	0.01920	0.00279	0.59176	0.00602	0.00310	0.00771
21	0.00984	0.00705	0.00958	0.00958	0.01031	0.00778	0.00678	0.01131	0.01058	0.01483	0.01962	0.03406	0.02022	0.33562	0.45241	0.00924	0.01363	0.00838	0.00386	0.00532
22	0.01047	0.00837	0.01143	0.01127	0.01246	0.03212	0.00870	0.01273	0.01119	0.01580	0.01792	0.02691	0.01695	0.08472	0.64905	0.01020	0.04261	0.00732	0.00366	0.00611
23	0.01937	0.01473	0.01726	0.01410	0.06099	0.01368	0.01066	0.24557	0.02065	0.07376	0.01458	0.01568	0.01111	0.00640	0.00588	0.00149	0.00613	0.00507	0.00523	0.43766
24	0.01582	0.01702	0.03386	0.02435	0.03093	0.01569	0.52035	0.02182	0.05482	0.02237	0.01431	0.01803	0.01093	0.00583	0.00743	0.00206	0.00993	0.00727	0.00377	0.16341
25	0.76309	0.05581	0.01152	0.00915	0.01348	0.01601	0.00765	0.02013	0.01177	0.02987	0.00953	0.01111	0.00749	0.00632	0.00424	0.00208	0.00541	0.00370	0.00416	0.00749
26	0.01899	0.01547	0.01636	0.01410	0.01827	0.01765	0.01114	0.19084	0.52264	0.03193	0.02496	0.02338	0.01859	0.00899	0.00686	0.00223	0.00584	0.00732	0.03358	0.01087
27	0.01354	0.01279	0.02164	0.63459	0.15080	0.01536	0.01931	0.01802	0.01397	0.01823	0.01227	0.01804	0.00939	0.00672	0.00683	0.00224	0.00897	0.00608	0.00309	0.00810
28	0.02149	0.02261	0.02107	0.01975	0.09612	0.30698	0.07766	0.15649	0.08611	0.02405	0.01549	0.01973	0.01294	0.05784	0.00864	0.00232	0.00962	0.02737	0.00462	0.00907
29	0.00977	0.00733	0.01100	0.01100	0.01222	0.00855	0.00855	0.01222	0.01100	0.01588	0.01833	0.02688	0.01710	0.05131	0.73245	0.01100	0.01833	0.00733	0.00367	0.00611
30	0.01513	0.01678	0.03601	0.02622	0.03227	0.01581	0.59687	0.02032	0.01563	0.02122	0.01625	0.08661	0.01390	0.00935	0.04215	0.00276	0.01116	0.00909	0.00374	0.00874
31	0.01010	0.00734	0.00989	0.01131	0.01269	0.00713	0.00935	0.01266	0.01513	0.01958	0.04003	0.23032	0.11141	0.01931	0.00914	0.00298	0.00547	0.45377	0.00632	0.00608
32	0.00962	0.00699	0.00906	0.00854	0.01018	0.00643	0.00640	0.01279	0.01921	0.02707	0.68721	0.05170	0.09085	0.01412	0.00807	0.00216	0.00324	0.01246	0.00748	0.00643
33	0.01829	0.76368	0.03585	0.01171	0.01756	0.02707	0.01171	0.02049	0.01390	0.01610	0.00951	0.01097	0.00878	0.00585	0.00439	0.00146	0.00732	0.00366	0.00293	0.00878
34	0.01689	0.01638	0.02848	0.04125	0.67824	0.01631	0.05907	0.02105	0.01561	0.02233	0.01292	0.01702	0.01081	0.00608	0.00685	0.00205	0.00832	0.00621	0.00339	0.01075
35	0.00995	0.00663	0.00746	0.00746	0.00746	0.00663	0.00415	0.00995	0.00995	0.01327	0.02156	0.04477	0.02487	0.75957	0.03482	0.00663	0.00663	0.00995	0.00415	0.00415
36	0.01084	0.00855	0.01160	0.01137	0.01282	0.03193	0.00886	0.03662	0.01200	0.01686	0.01801	0.02605	0.01665	0.04840	0.68398	0.01039	0.01776	0.00720	0.00377	0.00636
37	0.01657	0.01592	0.02697	0.08763	0.63939	0.01641	0.02058	0.02055	0.01521	0.02175	0.01264	0.01693	0.01064	0.00642	0.00751	0.00209	0.04289	0.00609	0.00334	0.01046
38	0.00995	0.00663	0.00746	0.00746	0.00746	0.00663	0.00415	0.00995	0.00995	0.01327	0.02156	0.04477	0.02487	0.75957	0.03482	0.00663	0.00663	0.00995	0.00415	0.00415
39	0.05633	0.01348	0.01678	0.01291	0.01821	0.01289	0.01066	0.18989	0.02230	0.53662	0.02388	0.02124	0.01535	0.00833	0.00678	0.00210	0.00621	0.00660	0.00794	0.01150
40	0.01962	0.01553	0.01656	0.01411	0.01841	0.01752	0.01119	0.21378	0.47391	0.05649	0.02617	0.02439	0.04255	0.00925	0.00697	0.00224	0.00593	0.00751	0.00696	0.01090
41	0.01372	0.03539	0.72412	0.01950	0.02961	0.01589	0.02528	0.02167	0.01444	0.02167	0.01228	0.01444	0.00867	0.00650	0.00650	0.00217	0.01011	0.00506	0.00289	0.01011
42	0.00834	0.00595	0.00794	0.00953	0.00992	0.00556	0.00635	0.00953	0.01310	0.01746	0.03771	0.75510	0.04525	0.02143	0.00873	0.00278	0.00397	0.01945	0.00635	0.00556
43	0.00838	0.00640	0.00773	0.00875	0.00990	0.00575	0.00618	0.00987	0.01413	0.01798	0.04897	0.47307	0.28502	0.01983	0.00854	0.00263	0.00391	0.05093	0.00635	0.00567
44	0.00831	0.00605	0.00784	0.00926	0.00985	0.00558	0.00623	0.00956	0.01335	0.01757	0.04093	0.68488	0.11339	0.02102	0.00867	0.00273	0.00392	0.01894	0.00635	0.00558
45	0.01292	0.01216	0.02052	0.74312	0.04712	0.01520	0.01900	0.01748	0.01368	0.01748	0.01216	0.01824	0.00912	0.00684	0.00684	0.00228	0.00912	0.00608	0.00304	0.00760
46	0.01372	0.03539	0.72412	0.01950	0.02961	0.01589	0.02528	0.02167	0.01444	0.02167	0.01228	0.01444	0.00867	0.00650	0.00650	0.00217	0.01011	0.00506	0.00289	0.01011
47	0.01367	0.00665	0.00686	0.00667	0.00846	0.00656	0.00505	0.01683	0.01461	0.06108	0.02256	0.02539	0.01750	0.00800	0.00489	0.00162	0.00332	0.00640	0.75723	0.00665
48	0.00999	0.00722	0.01048	0.01048	0.01165	0.00829	0.00804	0.01234	0.01117	0.01639	0.01878	0.02781	0.01758	0.08888	0.64256	0.01010	0.01662	0.00741	0.05819	0.00601
49	0.01491	0.01419	0.02412	0.39521	0.37947	0.01572	0.01999	0.01922	0.01462	0.01990	0.01251	0.01759	0.00997	0.00647	0.00681	0.00216	0.00863	0.00609	0.00321	0.00921
50	0.00926	0.00708	0.00869	0.03167	0.01104	0.00683	0.00655	0.01123	0.01493	0.01992	0.18483	0.23623	0.25732	0.06349	0.03511	0.00295	0.02882	0.01387	0.04426	0.00591
51	0.75986	0.01442	0.01063	0.00953	0.01372	0.05935	0.00777	0.02055	0.01212	0.02984	0.00959	0.01119	0.00750	0.00639	0.00435	0.00210	0.00572	0.00375	0.00419	0.00744
52	0.01292	0.00822	0.00997	0.00920	0.01175	0.00753	0.00718	0.01655	0.05997	0.13055	0.30712	0.05192	0.26672	0.01429	0.00792	0.00228	0.00405	0.05741	0.00717	0.00728
53	0.01900	0.01584	0.02219	0.01900	0.07000	0.05900	0.17420	0.13641	0.14409	0.10518	0.02349	0.08876	0.05026	0.00958	0.00743	0.00226	0.00770	0.03025	0.00571	0.00964
54	0.00885	0.00639	0.00812	0.00923	0.00983	0.00608	0.00616	0.01055	0.03326	0.01786	0.07342	0.57577	0.07448	0.11164	0.01184	0.00319	0.00428	0.01732	0.00616	0.00559
55	0.04152	0.04684	0.01388	0.01173	0.01474	0.01314	0.00922	0.12069	0.23244	0.02708	0.15548	0.12614	0.06786	0.03414	0.00820	0.00244	0.00521	0.05422	0.00653	0.00849
56	0.07488	0.11495	0.05346	0.01893	0.06645	0.11493	0.13564	0.16883	0.01890	0.05791	0.01351	0.01589	0.01055	0.00945	0.04459	0.00252	0.05906	0.00581	0.00438	0.00937
57	0.06654	0.13665	0.17448	0.01475	0.02027	0.16017	0.01409	0.08506	0.10290	0.06165	0.06306	0.01939	0.03681	0.00795	0.00624	0.00198	0.00812	0.00595	0.00469	0.00924
58	0.01779	0.12888	0.13662	0.01561	0.05019	0.13159	0.03408	0.10476	0.05305	0.04635	0.05900	0.05202	0.06973	0.03509	0.00752	0.00214	0.00787	0.00708	0.00468	0.03594

[dist]
# distance from previous block
# <min> <max>
4	21

[block]
# block no. 4 follows, 31 sequences, length 71
# corresponding to MSA columns:
# 177-247
name=unknown_E
#
# <colnr> <probs for GDERKNQSTAVLIFYWHMCP>
#	G	D	E	R	K	N	Q	S	T	A	V	L	I	F	Y	W	H	M	C	P
0	0.06497	0.13335	0.14586	0.01600	0.09172	0.01549	0.01333	0.10686	0.04390	0.05125	0.03648	0.10833	0.01733	0.06536	0.00849	0.00237	0.00696	0.00744	0.00464	0.05987
1	0.03920	0.16917	0.25406	0.04047	0.08227	0.01817	0.06045	0.06624	0.11327	0.02335	0.03753	0.01715	0.01277	0.00701	0.00625	0.00201	0.00811	0.00572	0.00404	0.03276
2	0.01745	0.11353	0.17370	0.10256	0.18712	0.05454	0.03407	0.02285	0.05994	0.09246	0.04240	0.01806	0.01319	0.00701	0.00644	0.00201	0.00817	0.00590	0.00413	0.03449
3	0.02087	0.01735	0.01728	0.01469	0.01905	0.07709	0.01163	0.22619	0.42581	0.05927	0.02307	0.02171	0.01705	0.00876	0.00686	0.00219	0.00662	0.00697	0.00670	0.01086
4	0.01620	0.12007	0.46380	0.01665	0.02494	0.01630	0.01973	0.06308	0.01607	0.07674	0.04551	0.01649	0.01216	0.00693	0.00627	0.00200	0.00864	0.00536	0.00385	0.05921
5	0.00894	0.00621	0.00776	0.00875	0.00900	0.00596	0.00553	0.00968	0.01192	0.01589	0.03166	0.48919	0.03762	0.29775	0.01850	0.00422	0.00497	0.01589	0.00553	0.00503
6	0.03759	0.26611	0.11706	0.01580	0.02141	0.08099	0.08099	0.18061	0.01858	0.02405	0.01271	0.01571	0.01052	0.05097	0.00825	0.00218	0.03776	0.00540	0.00406	0.00925
7	0.01771	0.07518	0.06227	0.13966	0.35266	0.05871	0.03885	0.05508	0.01605	0.05425	0.01297	0.01647	0.01038	0.00684	0.00756	0.00209	0.05395	0.00585	0.00367	0.00980
8	0.01539	0.01077	0.01521	0.01279	0.01638	0.01027	0.10344	0.02097	0.13344	0.15760	0.07350	0.08963	0.24572	0.01283	0.00778	0.00235	0.00558	0.05152	0.00652	0.00830
9	0.00824	0.00694	0.00714	0.00709	0.00933	0.00584	0.00532	0.01011	0.01595	0.01933	0.13026	0.06445	0.65263	0.01701	0.00808	0.00230	0.00344	0.01424	0.00646	0.00584
10	0.07199	0.01727	0.01844	0.01500	0.03764	0.06312	0.01192	0.40481	0.02611	0.20608	0.04588	0.01893	0.01459	0.00827	0.00670	0.00206	0.00713	0.00633	0.00681	0.01092
11	0.01900	0.02251	0.08658	0.05397	0.15863	0.28684	0.01549	0.02195	0.01591	0.04525	0.01375	0.05445	0.01212	0.01173	0.06692	0.00283	0.09369	0.00617	0.00370	0.00852
12	0.01863	0.72938	0.03508	0.01198	0.01773	0.06015	0.01178	0.02081	0.01416	0.01613	0.00956	0.01104	0.00878	0.00591	0.00447	0.00148	0.00755	0.00369	0.00295	0.00874
13	0.00994	0.00668	0.00769	0.00769	0.00777	0.00676	0.00443	0.01009	0.01002	0.01343	0.02135	0.04362	0.02437	0.71403	0.07967	0.00691	0.00738	0.00978	0.00411	0.00427
14	0.00820	0.00680	0.00707	0.00726	0.00924	0.00579	0.00528	0.00979	0.01504	0.01812	0.06339	0.14536	0.60384	0.05244	0.00941	0.00257	0.00367	0.01481	0.00625	0.00567
15	0.01678	0.01605	0.02711	0.06889	0.66914	0.01624	0.02061	0.02132	0.03644	0.02235	0.01330	0.01725	0.01107	0.00622	0.00678	0.00205	0.00808	0.00614	0.00348	0.01071
16	0.00821	0.00696	0.00711	0.00714	0.00941	0.00586	0.00540	0.01003	0.01570	0.01878	0.08589	0.06577	0.67681	0.01728	0.00812	0.00233	0.00354	0.03345	0.00638	0.00581
17	0.02619	0.01888	0.02035	0.01560	0.02107	0.02079	0.01289	0.66880	0.03169	0.06907	0.01683	0.01669	0.01184	0.00822	0.00685	0.00206	0.00746	0.00619	0.00691	0.01163
18	0.01726	0.01516	0.01860	0.01576	0.01980	0.04426	0.09958	0.12058	0.36384	0.02815	0.06698	0.03107	0.02283	0.01012	0.00745	0.00236	0.00676	0.09339	0.00630	0.00976
19	0.07179	0.01984	0.01673	0.01408	0.01822	0.23949	0.01110	0.22024	0.04226	0.13039	0.07680	0.02154	0.04889	0.00870	0.00658	0.00199	0.00792	0.00652	0.02759	0.00934
20	0.00977	0.00733	0.01100	0.01100	0.01222	0.00855	0.00855	0.01222	0.01100	0.01588	0.01833	0.02688	0.01710	0.05131	0.73245	0.01100	0.01833	0.00733	0.00367	0.00611
21	0.01906	0.01625	0.02552	0.06917	0.21120	0.01677	0.16737	0.17279	0.09909	0.07103	0.04931	0.02023	0.01486	0.00742	0.00717	0.00216	0.00813	0.00709	0.00507	0.01030
22	0.00923	0.00666	0.00876	0.00915	0.01033	0.00619	0.00667	0.01166	0.01673	0.02309	0.40547	0.31340	0.07239	0.01713	0.00840	0.00245	0.00370	0.05552	0.00699	0.00610
23	0.06611	0.01276	0.01440	0.01048	0.01640	0.01044	0.00843	0.06865	0.01538	0.02441	0.01231	0.01416	0.01007	0.00539	0.00515	0.00116	0.00527	0.00419	0.00428	0.69055
24	0.01057	0.00747	0.00930	0.00905	0.01101	0.00717	0.00686	0.01328	0.03416	0.06538	0.18394	0.11204	0.28187	0.02460	0.18690	0.00445	0.00734	0.01204	0.00609	0.00650
25	0.02136	0.01322	0.04346	0.03750	0.03405	0.01244	0.01095	0.13346	0.11207	0.28317	0.13165	0.03021	0.06855	0.01003	0.00719	0.00218	0.00584	0.02551	0.00715	0.01001
26	0.01533	0.02921	0.44490	0.02317	0.07696	0.06244	0.18848	0.02191	0.01516	0.02133	0.01251	0.01548	0.00925	0.00647	0.00729	0.00219	0.02922	0.00585	0.00311	0.00974
27	0.02059	0.01819	0.01737	0.01489	0.01917	0.10811	0.01173	0.21833	0.43117	0.03116	0.02249	0.02133	0.01679	0.00870	0.00683	0.00218	0.00687	0.00688	0.00650	0.01069
28	0.00971	0.00725	0.01078	0.01085	0.01201	0.00837	0.00836	0.01204	0.01107	0.01590	0.01928	0.06069	0.01856	0.06502	0.68437	0.01052	0.01742	0.00794	0.00380	0.00604
29	0.01428	0.01418	0.02181	0.01822	0.01929	0.01850	0.09963	0.01647	0.01128	0.01706	0.01110	0.01733	0.01046	0.01752	0.13488	0.00419	0.53669	0.00647	0.00316	0.00748
30	0.00947	0.00791	0.00838	0.00816	0.01051	0.00732	0.00614	0.01368	0.10561	0.02097	0.14977	0.08463	0.51089	0.01598	0.00796	0.00231	0.00371	0.01348	0.00659	0.00652
31	0.01941	0.01966	0.05657	0.10154	0.27090	0.11570	0.07403	0.16470	0.06421	0.02580	0.01426	0.01690	0.01107	0.00695	0.00682	0.00207	0.00888	0.00610	0.00432	0.01010
32	0.01867	0.01616	0.01636	0.01435	0.01842	0.05096	0.01124	0.12771	0.57874	0.03009	0.02545	0.02364	0.01903	0.00903	0.00691	0.00226	0.00603	0.00736	0.00678	0.01081
33	0.15157	0.01471	0.02249	0.11019	0.43625	0.01521	0.01711	0.02201	0.01521	0.11116	0.01400	0.01690	0.01084	0.00652	0.00637	0.00208	0.00747	0.00579	0.00413	0.01000
34	0.01725	0.53726	0.12609	0.01287	0.01860	0.06880	0.01307	0.02008	0.01396	0.01672	0.01108	0.01426	0.01010	0.05228	0.04074	0.00233	0.00850	0.00444	0.00307	0.00851
35	0.19958	0.01217	0.05860	0.01277	0.01569	0.01177	0.04779	0.04360	0.05034	0.02336	0.02486	0.22408	0.02611	0.01379	0.00823	0.00260	0.04573	0.16631	0.00533	0.00728
36	0.01689	0.51151	0.18021	0.01418	0.02017	0.02390	0.01501	0.02021	0.01357	0.01733	0.01003	0.01223	0.00878	0.00679	0.00719	0.00181	0.10412	0.00426	0.00293	0.00889
37	0.00834	0.00595	0.00794	0.00953	0.00992	0.00556	0.00635	0.00953	0.01310	0.01746	0.03771	0.75510	0.04525	0.02143	0.00873	0.00278	0.00397	0.01945	0.00635	0.00556
38	0.00995	0.00663	0.00746	0.00746	0.00746	0.00663	0.00415	0.00995	0.00995	0.01327	0.02156	0.04477	0.02487	0.75957	0.03482	0.00663	0.00663	0.00995	0.00415	0.00415
39	0.02515	0.01874	0.02005	0.01557	0.02089	0.02081	0.01280	0.63121	0.09644	0.04173	0.01752	0.01730	0.01252	0.00831	0.00686	0.00208	0.00733	0.00631	0.00686	0.01156
40	0.02601	0.01916	0.02053	0.01574	0.02122	0.02122	0.01300	0.69408	0.03217	0.04312	0.01643	0.01643	0.01163	0.00821	0.00684	0.00205	0.00753	0.00616	0.00684	0.01163
41	0.01222	0.01014	0.01181	0.01214	0.05800	0.01035	0.00864	0.03971	0.21199	0.02432	0.18623	0.06601	0.26133	0.01353	0.00773	0.00231	0.00455	0.04454	0.00660	0.00787
42	0.00842	0.00722	0.00725	0.00719	0.00956	0.00620	0.00541	0.01082	0.04161	0.01886	0.06774	0.06432	0.68793	0.01702	0.00804	0.00231	0.00354	0.01419	0.00638	0.00597
43	0.07315	0.01899	0.04515	0.01481	0.01981	0.08795	0.01231	0.38228	0.12021	0.10882	0.01811	0.01832	0.01316	0.02680	0.00732	0.00219	0.00746	0.00618	0.00633	0.01065
44	0.01657	0.01544	0.02515	0.19528	0.49419	0.01635	0.01961	0.06034	0.04846	0.02278	0.01362	0.01760	0.01097	0.00653	0.00680	0.00210	0.00819	0.00617	0.00368	0.01016
45	0.02601	0.01916	0.02053	0.01574	0.02122	0.02122	0.01300	0.69408	0.03217	0.04312	0.01643	0.01643	0.01163	0.00821	0.00684	0.00205	0.00753	0.00616	0.00684	0.01163
46	0.01740	0.01986	0.09556	0.01862	0.02377	0.12862	0.21380	0.10585	0.07149	0.02443	0.08102	0.02334	0.06237	0.00834	0.00765	0.00213	0.03186	0.00749	0.02227	0.03411
47	0.00833	0.00599	0.00790	0.00943	0.00990	0.00557	0.00631	0.00954	0.01319	0.01750	0.03892	0.72874	0.07083	0.02128	0.00871	0.00276	0.00395	0.01926	0.00635	0.00557
48	0.01849	0.70661	0.05659	0.01223	0.01810	0.05981	0.01220	0.02084	0.01418	0.01630	0.00965	0.01115	0.00878	0.00593	0.00454	0.00150	0.00764	0.00374	0.00295	0.00878
49	0.01617	0.01813	0.06812	0.09679	0.20767	0.09972	0.12349	0.02040	0.03606	0.01965	0.01299	0.01754	0.01085	0.01187	0.08195	0.00314	0.13691	0.00630	0.00342	0.00883
50	0.01292	0.01216	0.02052	0.74312	0.04712	0.01520	0.01900	0.01748	0.01368	0.01748	0.01216	0.01824	0.00912	0.00684	0.00684	0.00228	0.00912	0.00608	0.00304	0.00760
51	0.01551	0.01279	0.01473	0.01080	0.01652	0.01059	0.00867	0.10850	0.01694	0.02543	0.05583	0.01676	0.01368	0.00604	0.00549	0.00122	0.00529	0.00485	0.00464	0.64572
52	0.01513	0.06242	0.02274	0.12502	0.08241	0.01668	0.11518	0.02172	0.15261	0.02115	0.03225	0.05350	0.01483	0.00876	0.00994	0.00227	0.15379	0.00713	0.00425	0.07823
53	0.01448	0.15697	0.60922	0.01820	0.02760	0.01776	0.02301	0.02147	0.01435	0.02074	0.01182	0.01386	0.00869	0.00639	0.00615	0.00205	0.00964	0.00482	0.00290	0.00989
54	0.01167	0.00691	0.00923	0.00975	0.01102	0.00633	0.00688	0.01338	0.01498	0.11729	0.14180	0.54295	0.04431	0.01846	0.00837	0.00259	0.00411	0.01659	0.00683	0.00655
55	0.01419	0.01216	0.01419	0.01013	0.01621	0.00912	0.00811	0.01723	0.01419	0.02229	0.01216	0.01419	0.01013	0.00507	0.00507	0.00101	0.00507	0.00405	0.00405	0.80139
56	0.02374	0.05444	0.01977	0.01721	0.02040	0.61560	0.01316	0.02552	0.01806	0.01666	0.01068	0.01308	0.00914	0.00913	0.03484	0.00221	0.08040	0.00464	0.00346	0.00785
57	0.02259	0.02097	0.11139	0.01688	0.04496	0.04795	0.01451	0.44827	0.14057	0.03617	0.01743	0.01753	0.01265	0.00805	0.00679	0.00210	0.00772	0.00621	0.00610	0.01113
58	0.02291	0.05833	0.11230	0.01831	0.04949	0.43059	0.01509	0.13313	0.01997	0.02182	0.01171	0.01354	0.00934	0.00734	0.00713	0.00193	0.04934	0.00489	0.00392	0.00894
59	0.01022	0.00671	0.00776	0.00783	0.00812	0.00679	0.00480	0.01079	0.01065	0.01479	0.02209	0.04349	0.02442	0.61678	0.07598	0.00633	0.00708	0.03982	0.07097	0.00456
60	0.01409	0.02810	0.48945	0.02162	0.12897	0.01548	0.02182	0.02142	0.05698	0.02201	0.04065	0.04622	0.01331	0.00774	0.00745	0.00222	0.04286	0.00626	0.00353	0.00982
61	0.00852	0.00678	0.00765	0.00779	0.00960	0.00591	0.00570	0.01053	0.01610	0.02052	0.22299	0.17933	0.44002	0.01720	0.00819	0.00235	0.00349	0.01478	0.00664	0.00591
62	0.02259	0.02739	0.01764	0.01606	0.01937	0.56230	0.01209	0.02640	0.09165	0.01939	0.10379	0.01877	0.01734	0.00819	0.00650	0.00187	0.01042	0.00579	0.00441	0.00804
63	0.01930	0.02020	0.02487	0.07767	0.46686	0.19351	0.01853	0.05792	0.01728	0.02176	0.01245	0.01585	0.01027	0.00649	0.00663	0.00198	0.00920	0.00568	0.00358	0.00996
64	0.00893	0.00690	0.00814	0.00796	0.00979	0.00611	0.00592	0.01140	0.01739	0.02306	0.40084	0.10058	0.33663	0.01585	0.00812	0.00226	0.00337	0.01368	0.00696	0.00611
65	0.00825	0.00678	0.00729	0.00765	0.00957	0.00582	0.00565	0.00994	0.01512	0.01837	0.06196	0.19784	0.55960	0.01817	0.00826	0.00243	0.00367	0.04152	0.00635	0.00575
66	0.01444	0.01187	0.01396	0.01017	0.01597	0.00899	0.00809	0.01739	0.01431	0.04394	0.01377	0.04765	0.01192	0.00591	0.00529	0.00113	0.00504	0.00483	0.00429	0.74107
67	0.01674	0.01839	0.03848	0.02765	0.03426	0.01767	0.62688	0.06496	0.01700	0.02310	0.01385	0.01821	0.01042	0.00612	0.00845	0.00231	0.03464	0.00788	0.00366	0.00933
68	0.01981	0.05957	0.01630	0.01287	0.01712	0.01528	0.01032	0.06185	0.41782	0.18400	0.02960	0.02721	0.07881	0.00954	0.00688	0.00221	0.00555	0.00780	0.00700	0.01049
69	0.21402	0.09678	0.01749	0.01346	0.01754	0.27346	0.01067	0.07997	0.07493	0.02370	0.01400	0.06122	0.01214	0.00785	0.00573	0.00191	0.00813	0.00553	0.00442	0.05706
70	0.01514	0.11826	0.05941	0.01183	0.01559	0.04711	0.01019	0.16476	0.01876	0.02404	0.05071	0.16207	0.17656	0.01290	0.00722	0.00220	0.00606	0.05715	0.00559	0.03444

[dist]
# distance from previous block
# <min> <max>
0	5

[block]
# block no. 5 follows, 31 sequences, length 28
# corresponding to MSA columns:
# 253-280
name=unknown_F
#
# <colnr> <probs for GDERKNQSTAVLIFYWHMCP>
#	G	D	E	R	K	N	Q	S	T	A	V	L	I	F	Y	W	H	M	C	P
0	0.01677	0.07914	0.35742	0.04330	0.02735	0.17084	0.11314	0.02216	0.01542	0.01973	0.01208	0.01495	0.00930	0.00844	0.03593	0.00243	0.03394	0.00539	0.00315	0.00910
1	0.01469	0.07854	0.35426	0.01459	0.02138	0.01306	0.01633	0.01972	0.01517	0.09296	0.06738	0.09767	0.05921	0.00920	0.00665	0.00205	0.00739	0.00758	0.00448	0.09771
2	0.02960	0.01340	0.01696	0.01301	0.01834	0.01266	0.01074	0.18774	0.02252	0.56307	0.02452	0.02168	0.01570	0.00841	0.00687	0.00210	0.00622	0.00671	0.00809	0.01164
3	0.01781	0.01867	0.01584	0.01252	0.01779	0.23946	0.00974	0.02044	0.01584	0.02053	0.01165	0.01360	0.00971	0.00570	0.00542	0.00125	0.00738	0.00417	0.00388	0.54859
4	0.01434	0.01352	0.02285	0.45150	0.29620	0.01530	0.01942	0.01866	0.01447	0.01942	0.01340	0.02013	0.01098	0.00705	0.00692	0.00222	0.00864	0.03292	0.00330	0.00876
5	0.00840	0.00598	0.00792	0.00944	0.00982	0.00560	0.00626	0.00954	0.01297	0.01730	0.03706	0.72680	0.04444	0.05084	0.00977	0.00293	0.00408	0.01907	0.00626	0.00550
6	0.80789	0.01323	0.01006	0.00900	0.01323	0.01535	0.00741	0.02011	0.01164	0.03070	0.00953	0.01111	0.00741	0.00635	0.00423	0.00212	0.00529	0.00370	0.00423	0.00741
7	0.00995	0.00663	0.00746	0.00746	0.00746	0.00663	0.00415	0.00995	0.00995	0.01327	0.02156	0.04477	0.02487	0.75957	0.03482	0.00663	0.00663	0.00995	0.00415	0.00415
8	0.00895	0.00659	0.00837	0.00871	0.00997	0.00602	0.00623	0.01119	0.01647	0.02240	0.36647	0.31783	0.15099	0.01727	0.00832	0.00241	0.00354	0.01533	0.00692	0.00602
9	0.11677	0.01214	0.01518	0.01199	0.01702	0.01137	0.00984	0.03216	0.08902	0.57270	0.02511	0.02215	0.01627	0.00831	0.00659	0.00214	0.00572	0.00661	0.00784	0.01108
10	0.11050	0.01181	0.01528	0.01185	0.01703	0.01060	0.00978	0.03198	0.01877	0.65068	0.02520	0.02204	0.01596	0.00825	0.00661	0.00212	0.00577	0.00655	0.00803	0.01121
11	0.02556	0.03261	0.01939	0.01763	0.02115	0.73210	0.01322	0.02732	0.01939	0.01674	0.01058	0.01234	0.00881	0.00705	0.00617	0.00176	0.01234	0.00441	0.00353	0.00793
12	0.01516	0.01292	0.01379	0.01253	0.01595	0.01452	0.00969	0.03064	0.54638	0.02743	0.11954	0.03293	0.09764	0.01071	0.00722	0.00230	0.00494	0.00901	0.00697	0.00975
13	0.02601	0.01916	0.02053	0.01574	0.02122	0.02122	0.01300	0.69408	0.03217	0.04312	0.01643	0.01643	0.01163	0.00821	0.00684	0.00205	0.00753	0.00616	0.00684	0.01163
14	0.04994	0.03074	0.01920	0.01729	0.02077	0.65188	0.01310	0.05357	0.01930	0.01824	0.01071	0.01257	0.00889	0.00727	0.00679	0.00184	0.04167	0.00452	0.00366	0.00805
15	0.00828	0.00694	0.00720	0.00713	0.00936	0.00586	0.00535	0.01020	0.01605	0.01957	0.14777	0.06405	0.63496	0.01692	0.00808	0.00229	0.00344	0.01419	0.00650	0.00586
16	0.01419	0.01216	0.01419	0.01013	0.01621	0.00912	0.00811	0.01723	0.01419	0.02229	0.01216	0.01419	0.01013	0.00507	0.00507	0.00101	0.00507	0.00405	0.00405	0.80139
17	0.01829	0.76368	0.03585	0.01171	0.01756	0.02707	0.01171	0.02049	0.01390	0.01610	0.00951	0.01097	0.00878	0.00585	0.00439	0.00146	0.00732	0.00366	0.00293	0.00878
18	0.01419	0.01216	0.01419	0.01013	0.01621	0.00912	0.00811	0.01723	0.01419	0.02229	0.01216	0.01419	0.01013	0.00507	0.00507	0.00101	0.00507	0.00405	0.00405	0.80139
19	0.01702	0.01470	0.01547	0.01392	0.01779	0.01702	0.01083	0.03635	0.70453	0.02862	0.02785	0.02553	0.02088	0.00928	0.00696	0.00232	0.00541	0.00773	0.00696	0.01083
20	0.00843	0.00617	0.00782	0.00901	0.00971	0.00568	0.00608	0.00972	0.01355	0.01780	0.06836	0.59198	0.14140	0.05767	0.00992	0.00288	0.00400	0.01797	0.00629	0.00555
21	0.01565	0.01307	0.01496	0.01094	0.01685	0.01086	0.00879	0.09388	0.04972	0.02493	0.01340	0.01499	0.01082	0.00562	0.00536	0.00119	0.00536	0.00447	0.00451	0.67464
22	0.01419	0.01216	0.01419	0.01013	0.01621	0.00912	0.00811	0.01723	0.01419	0.02229	0.01216	0.01419	0.01013	0.00507	0.00507	0.00101	0.00507	0.00405	0.00405	0.80139
23	0.01567	0.01350	0.01542	0.08843	0.02009	0.01575	0.01138	0.03134	0.54512	0.02585	0.02502	0.02495	0.01919	0.01439	0.09950	0.00342	0.00744	0.00751	0.00614	0.00990
24	0.01406	0.06258	0.66306	0.01893	0.02857	0.01638	0.02405	0.02233	0.04793	0.02179	0.01293	0.01485	0.00926	0.00661	0.00644	0.00215	0.00977	0.00513	0.00309	0.01009
25	0.01021	0.00761	0.00989	0.01102	0.01280	0.00729	0.00940	0.01296	0.01571	0.01992	0.04542	0.07402	0.22702	0.01846	0.00907	0.00292	0.00551	0.48830	0.00631	0.00615
26	0.01050	0.00762	0.01034	0.01176	0.01331	0.00746	0.01003	0.01333	0.01551	0.02002	0.03975	0.13326	0.10916	0.01895	0.00925	0.00303	0.00581	0.54842	0.00631	0.00618
27	0.01880	0.01579	0.01700	0.08920	0.02150	0.04503	0.01210	0.14397	0.47621	0.04808	0.02363	0.02268	0.01756	0.00874	0.00690	0.00224	0.00643	0.00715	0.00645	0.01054

[dist]
# distance from previous block
# <min> <max>
0	20

[block]
# block no. 6 follows, 31 sequences, length 19
# corresponding to MSA columns:
# 301-319
name=unknown_G
#
# <colnr> <probs for GDERKNQSTAVLIFYWHMCP>
#	G	D	E	R	K	N	Q	S	T	A	V	L	I	F	Y	W	H	M	C	P
0	0.01763	0.01750	0.02247	0.31617	0.23454	0.13111	0.01785	0.09476	0.01707	0.02158	0.01247	0.01660	0.00984	0.00699	0.00727	0.00213	0.03553	0.00582	0.00364	0.00904
1	0.00994	0.00669	0.00774	0.00774	0.00783	0.00678	0.00449	0.01013	0.01003	0.01347	0.02130	0.04338	0.02427	0.70440	0.08916	0.00697	0.00754	0.00975	0.00411	0.00430
2	0.00979	0.00704	0.00897	0.01004	0.01085	0.00684	0.00690	0.06576	0.01466	0.01957	0.03596	0.69442	0.04249	0.02035	0.00858	0.00272	0.00426	0.01836	0.00639	0.00606
3	0.01497	0.01497	0.02095	0.01796	0.01796	0.02095	0.01497	0.01646	0.01048	0.01646	0.00898	0.01497	0.00898	0.01197	0.02245	0.00299	0.74704	0.00599	0.00299	0.00748
4	0.01419	0.01216	0.01419	0.01013	0.01621	0.00912	0.00811	0.01723	0.01419	0.02229	0.01216	0.01419	0.01013	0.00507	0.00507	0.00101	0.00507	0.00405	0.00405	0.80139
5	0.02556	0.03261	0.01939	0.01763	0.02115	0.73210	0.01322	0.02732	0.01939	0.01674	0.01058	0.01234	0.00881	0.00705	0.00617	0.00176	0.01234	0.00441	0.00353	0.00793
6	0.05279	0.00632	0.00897	0.00892	0.00913	0.00643	0.00602	0.00949	0.00905	0.01285	0.01176	0.02030	0.01165	0.02287	0.02558	0.75990	0.00591	0.00583	0.00304	0.00320
7	0.00977	0.00733	0.01100	0.01100	0.01222	0.00855	0.00855	0.01222	0.01100	0.01588	0.01833	0.02688	0.01710	0.05131	0.73245	0.01100	0.01833	0.00733	0.00367	0.00611
8	0.02611	0.01394	0.01596	0.01265	0.01752	0.07035	0.01019	0.11376	0.02008	0.44483	0.02349	0.07750	0.01704	0.00895	0.00676	0.00201	0.00635	0.00725	0.00720	0.09807
9	0.00859	0.00614	0.00823	0.00982	0.01033	0.00578	0.00680	0.00997	0.01335	0.01775	0.03757	0.69027	0.04469	0.02119	0.00880	0.00281	0.00419	0.08175	0.00635	0.00563
