[name]
unknown

[dist]
# distance from previous block
# <min> <max>
0	23

[block]
# block no. 0 follows, 33 sequences, length 7
# corresponding to MSA columns:
# 23-29
name=unknown_A
#
# <colnr> <probs for GDERKNQSTAVLIFYWHMCP>
#	G	D	E	R	K	N	Q	S	T	A	V	L	I	F	Y	W	H	M	C	P
0	0.06710	0.10124	0.01822	0.10512	0.06722	0.04187	0.04252	0.11551	0.01564	0.04510	0.01690	0.06540	0.01557	0.06107	0.14650	0.00393	0.00924	0.04981	0.00430	0.00776
1	0.06543	0.17290	0.02000	0.01369	0.01746	0.22205	0.01118	0.12574	0.11046	0.02221	0.01716	0.04790	0.05287	0.00846	0.00708	0.00193	0.06460	0.00600	0.00446	0.00843
2	0.05061	0.01342	0.05679	0.08773	0.01988	0.01247	0.06304	0.15544	0.05874	0.02484	0.05139	0.10928	0.11501	0.00984	0.00668	0.00199	0.00613	0.00843	0.00510	0.14319
3	0.01234	0.00681	0.00946	0.00919	0.00967	0.00695	0.00633	0.06842	0.01081	0.01443	0.01373	0.07721	0.01390	0.02141	0.02275	0.67696	0.00570	0.00674	0.00343	0.00377
4	0.01363	0.05871	0.08872	0.43359	0.15732	0.01538	0.07044	0.01813	0.01382	0.01837	0.01278	0.01900	0.01032	0.00678	0.00660	0.00213	0.00866	0.03428	0.00313	0.00820
5	0.01144	0.00903	0.01249	0.01382	0.09687	0.00965	0.00922	0.01492	0.06784	0.04208	0.13696	0.14780	0.09674	0.05496	0.18006	0.00441	0.06950	0.01021	0.00510	0.00690
6	0.06947	0.13489	0.01879	0.01292	0.03132	0.04196	0.07802	0.08019	0.01568	0.05570	0.07429	0.06746	0.07824	0.06649	0.00883	0.00221	0.03589	0.00743	0.00464	0.11559

[dist]
# distance from previous block
# <min> <max>
2	6

[block]
# block no. 1 follows, 33 sequences, length 20
# corresponding to MSA columns:
# 36-55
name=unknown_B
#
# <colnr> <probs for GDERKNQSTAVLIFYWHMCP>
#	G	D	E	R	K	N	Q	S	T	A	V	L	I	F	Y	W	H	M	C	P
0	0.03774	0.03404	0.13229	0.06145	0.04632	0.10651	0.08004	0.04262	0.02837	0.03390	0.01760	0.10050	0.04758	0.01269	0.06678	0.00290	0.12942	0.00749	0.00390	0.00787
1	0.01869	0.12518	0.07821	0.05191	0.05484	0.13750	0.01273	0.09852	0.13548	0.08565	0.09816	0.02026	0.01776	0.00803	0.00669	0.00195	0.02818	0.00622	0.00499	0.00904
2	0.00941	0.00701	0.01038	0.01038	0.01148	0.00812	0.00797	0.01162	0.01052	0.01513	0.01782	0.02690	0.01691	0.09260	0.69994	0.01033	0.01696	0.00720	0.00355	0.00576
3	0.01650	0.06297	0.18636	0.04816	0.09252	0.07781	0.03614	0.11648	0.06451	0.03968	0.04675	0.04191	0.03456	0.00806	0.00646	0.00197	0.00766	0.03412	0.00443	0.07295
4	0.07104	0.01717	0.01812	0.01420	0.01912	0.01902	0.01165	0.57728	0.08243	0.03850	0.01880	0.01855	0.04719	0.00831	0.00650	0.00201	0.00676	0.00630	0.00642	0.01061
5	0.01210	0.00644	0.00694	0.04163	0.00958	0.00654	0.00535	0.01523	0.01407	0.02429	0.06330	0.02569	0.01921	0.00797	0.00489	0.00160	0.00334	0.00647	0.71916	0.00620
6	0.06333	0.11311	0.08258	0.09075	0.18113	0.05081	0.11142	0.01954	0.04280	0.01980	0.01420	0.06581	0.01274	0.00792	0.00777	0.00212	0.07485	0.02723	0.00358	0.00853
7	0.27846	0.01357	0.04425	0.06541	0.08583	0.01325	0.02592	0.07117	0.04764	0.04191	0.01560	0.01824	0.04595	0.00747	0.00610	0.02489	0.00603	0.02076	0.00434	0.16318
8	0.01245	0.01181	0.01486	0.01347	0.01561	0.09720	0.10450	0.01519	0.04101	0.01847	0.07016	0.21946	0.10473	0.01473	0.00987	0.05088	0.05577	0.11830	0.00507	0.00646
9	0.01731	0.13086	0.14584	0.01747	0.07487	0.11846	0.08320	0.04467	0.01487	0.08252	0.01352	0.01714	0.01107	0.04284	0.07958	0.03354	0.05452	0.00563	0.00371	0.00838
10	0.00837	0.00643	0.00909	0.00981	0.01071	0.00593	0.04078	0.00979	0.01302	0.01713	0.03855	0.64847	0.11830	0.01943	0.00830	0.00260	0.00413	0.01763	0.00597	0.00555
11	0.73767	0.08654	0.01209	0.00891	0.01314	0.01586	0.00753	0.01939	0.01141	0.02817	0.00917	0.01068	0.00726	0.00606	0.00409	0.00198	0.00528	0.00356	0.00395	0.00726
12	0.02004	0.16046	0.16607	0.01468	0.02073	0.11626	0.01407	0.24950	0.02025	0.04772	0.01285	0.01388	0.00973	0.00666	0.00580	0.00174	0.00801	0.00483	0.00443	0.10228
13	0.81514	0.01273	0.00968	0.00866	0.01273	0.01477	0.00713	0.01935	0.01120	0.02954	0.00917	0.01069	0.00713	0.00611	0.00407	0.00204	0.00509	0.00356	0.00407	0.00713
14	0.00913	0.00675	0.00808	0.00827	0.01000	0.00604	0.00627	0.01128	0.01570	0.03910	0.23421	0.17651	0.33613	0.01641	0.00800	0.00234	0.00372	0.08968	0.00647	0.00591
15	0.00933	0.00634	0.00807	0.00888	0.00999	0.00577	0.00627	0.01087	0.01393	0.05667	0.09254	0.51599	0.16987	0.01859	0.00817	0.00252	0.00385	0.04027	0.00630	0.00579
16	0.00836	0.00649	0.00753	0.00767	0.00925	0.00574	0.00555	0.01030	0.01545	0.02004	0.25959	0.19591	0.36422	0.04307	0.00881	0.00241	0.00347	0.01408	0.00638	0.00566
17	0.28791	0.05286	0.01699	0.02885	0.01758	0.09928	0.08581	0.11691	0.01554	0.06712	0.01212	0.01469	0.00953	0.00921	0.00878	0.13283	0.00716	0.00502	0.00423	0.00758
18	0.05651	0.19588	0.05631	0.13223	0.03850	0.05958	0.01235	0.11453	0.03707	0.06042	0.01527	0.09322	0.01343	0.00797	0.00588	0.00186	0.00702	0.00631	0.00431	0.08135
19	0.04318	0.11508	0.01765	0.01427	0.08379	0.03426	0.03048	0.07008	0.01493	0.04963	0.06890	0.07766	0.08091	0.05599	0.01053	0.04605	0.08299	0.00758	0.00449	0.09154

[dist]
# distance from previous block
# <min> <max>
2	5

[block]
# block no. 2 follows, 33 sequences, length 16
# corresponding to MSA columns:
# 61-76
name=unknown_C
#
# <colnr> <probs for GDERKNQSTAVLIFYWHMCP>
#	G	D	E	R	K	N	Q	S	T	A	V	L	I	F	Y	W	H	M	C	P
0	0.01276	0.00721	0.00931	0.00881	0.01041	0.00679	0.00644	0.01437	0.01455	0.13197	0.21931	0.10752	0.07275	0.15718	0.04918	0.07397	0.00525	0.04016	0.04593	0.00615
1	0.03987	0.01282	0.06783	0.03232	0.05769	0.01164	0.01099	0.12452	0.07134	0.16421	0.11768	0.07531	0.03911	0.04974	0.03187	0.00267	0.00630	0.06941	0.00604	0.00863
2	0.01080	0.00887	0.01356	0.07805	0.06611	0.00996	0.04257	0.01288	0.01113	0.01557	0.01733	0.05138	0.01734	0.22548	0.33170	0.00695	0.06284	0.00784	0.00361	0.00605
3	0.01924	0.00930	0.01256	0.01126	0.04188	0.00842	0.00852	0.02179	0.01706	0.36830	0.16735	0.03418	0.13508	0.01540	0.09587	0.00310	0.00630	0.00881	0.00690	0.00868
4	0.04882	0.34137	0.10917	0.04982	0.11364	0.06318	0.04456	0.05393	0.04279	0.03770	0.01167	0.01362	0.00953	0.00633	0.00588	0.00179	0.02907	0.00473	0.00345	0.00897
5	0.06274	0.15794	0.05526	0.04381	0.02051	0.10584	0.03670	0.23912	0.03262	0.07660	0.01323	0.01462	0.01012	0.00750	0.00771	0.00198	0.09458	0.00523	0.00463	0.00927
6	0.01242	0.00751	0.00922	0.00863	0.01100	0.00663	0.00669	0.01474	0.01665	0.15022	0.25377	0.09992	0.30040	0.01453	0.00770	0.00223	0.00391	0.06019	0.00682	0.00680
7	0.01428	0.06986	0.11701	0.06050	0.11330	0.01465	0.08333	0.06757	0.09874	0.02165	0.06551	0.05683	0.03644	0.04784	0.06364	0.00296	0.04570	0.00743	0.00431	0.00845
8	0.00967	0.00635	0.00725	0.00725	0.00725	0.00635	0.00408	0.00952	0.00952	0.01270	0.02026	0.04189	0.02329	0.73027	0.03311	0.04765	0.00635	0.00938	0.00393	0.00393
9	0.01674	0.05167	0.02458	0.14090	0.11362	0.04433	0.19591	0.10573	0.09847	0.04877	0.04706	0.05174	0.01501	0.00759	0.00690	0.00210	0.00813	0.00723	0.00449	0.00902
10	0.06527	0.03995	0.01873	0.01406	0.01917	0.04307	0.01163	0.48750	0.02650	0.18224	0.01718	0.01662	0.01187	0.00776	0.00637	0.00196	0.00695	0.00582	0.00656	0.01079
11	0.01299	0.00995	0.01170	0.04611	0.01373	0.06814	0.00843	0.01534	0.03714	0.07807	0.01871	0.04772	0.01781	0.21256	0.33513	0.00687	0.04152	0.00763	0.00416	0.00629
12	0.01371	0.00903	0.00822	0.00789	0.00986	0.06019	0.00597	0.01879	0.10927	0.02435	0.02139	0.02364	0.01671	0.00778	0.00498	0.00164	0.00399	0.00618	0.63960	0.00682
13	0.01482	0.39928	0.11668	0.01341	0.05244	0.01847	0.03407	0.01789	0.01333	0.01766	0.04035	0.01746	0.01303	0.04766	0.09170	0.00288	0.00828	0.00518	0.06747	0.00794
14	0.06273	0.24024	0.09087	0.05002	0.01873	0.07606	0.01248	0.03327	0.03143	0.08981	0.03065	0.02345	0.01503	0.01074	0.04490	0.00247	0.05785	0.09691	0.00421	0.00816
15	0.48343	0.01552	0.04942	0.08699	0.03872	0.07735	0.03248	0.05244	0.02662	0.02590	0.01103	0.01374	0.00876	0.02583	0.02626	0.00237	0.00703	0.00455	0.00394	0.00762

[dist]
# distance from previous block
# <min> <max>
0	1

[block]
# block no. 3 follows, 33 sequences, length 9
# corresponding to MSA columns:
# 78-86
name=unknown_D
#
# <colnr> <probs for GDERKNQSTAVLIFYWHMCP>
#	G	D	E	R	K	N	Q	S	T	A	V	L	I	F	Y	W	H	M	C	P
0	0.01687	0.08763	0.01742	0.05483	0.04966	0.01484	0.01110	0.21121	0.03985	0.06736	0.12204	0.07933	0.02317	0.03123	0.03661	0.00259	0.06832	0.05199	0.00549	0.00845
1	0.01365	0.01170	0.01365	0.00975	0.01560	0.00878	0.00780	0.01658	0.01365	0.02145	0.01170	0.01365	0.00975	0.00488	0.00488	0.00098	0.00488	0.00390	0.00390	0.80888
2	0.01264	0.00829	0.01029	0.00938	0.01155	0.00794	0.00713	0.09062	0.01885	0.09174	0.42895	0.15123	0.09806	0.01366	0.00762	0.00216	0.00392	0.01192	0.00700	0.00705
3	0.00942	0.00697	0.01018	0.01018	0.01122	0.00801	0.00773	0.01150	0.01046	0.01499	0.01800	0.02789	0.01734	0.13398	0.65915	0.01009	0.01631	0.00735	0.00358	0.00566
4	0.01725	0.01531	0.01428	0.01286	0.01590	0.15553	0.01028	0.22868	0.02107	0.02639	0.12779	0.07667	0.08145	0.01209	0.00736	0.00222	0.00680	0.15428	0.00588	0.00790
5	0.02491	0.01396	0.01653	0.01320	0.01794	0.01429	0.01086	0.27307	0.11631	0.34302	0.02302	0.02373	0.01639	0.00882	0.00678	0.00211	0.00617	0.05089	0.00726	0.01076
6	0.10513	0.01010	0.01143	0.01024	0.01290	0.01041	0.00773	0.07990	0.10771	0.16626	0.05018	0.12864	0.02327	0.17660	0.01253	0.00311	0.00540	0.03474	0.03604	0.00770
7	0.01543	0.05476	0.01970	0.09925	0.20906	0.07393	0.04891	0.05010	0.06290	0.04538	0.15408	0.04817	0.02378	0.00914	0.00692	0.00209	0.00696	0.05616	0.00481	0.00846
8	0.01260	0.05219	0.06331	0.08904	0.09812	0.01073	0.01101	0.01598	0.05140	0.06509	0.02694	0.25174	0.08277	0.06976	0.00956	0.00260	0.02661	0.02905	0.02423	0.00726

[dist]
# distance from previous block
# <min> <max>
0	3

[block]
# block no. 4 follows, 33 sequences, length 19
# corresponding to MSA columns:
# 90-108
name=unknown_E
#
# <colnr> <probs for GDERKNQSTAVLIFYWHMCP>
#	G	D	E	R	K	N	Q	S	T	A	V	L	I	F	Y	W	H	M	C	P
0	0.01555	0.21917	0.08226	0.03782	0.06570	0.03282	0.01142	0.11265	0.04746	0.02128	0.04260	0.05811	0.03874	0.11190	0.00961	0.00242	0.00671	0.00670	0.02380	0.05328
1	0.06809	0.01523	0.06837	0.01398	0.04836	0.04084	0.03104	0.18007	0.04678	0.05944	0.01677	0.09347	0.01449	0.01087	0.05599	0.00239	0.00718	0.00666	0.00492	0.21507
2	0.01677	0.00914	0.01149	0.01011	0.01263	0.00913	0.00772	0.09324	0.01555	0.21589	0.02430	0.07860	0.05398	0.15416	0.18248	0.00480	0.00826	0.00831	0.07588	0.00756
3	0.04850	0.01402	0.04914	0.08790	0.05005	0.01398	0.01214	0.05300	0.06207	0.06105	0.01296	0.01556	0.01040	0.00735	0.00933	0.00187	0.18004	0.00513	0.00406	0.30146
4	0.00935	0.00683	0.00999	0.01014	0.01111	0.00774	0.00764	0.01125	0.01063	0.01512	0.01941	0.09699	0.01939	0.09673	0.59795	0.03694	0.01511	0.00829	0.00378	0.00559
5	0.01023	0.00789	0.00994	0.01008	0.01146	0.00776	0.00725	0.05763	0.01390	0.01898	0.03150	0.54912	0.06328	0.01720	0.00874	0.00243	0.05457	0.01510	0.00568	0.09727
6	0.04457	0.29099	0.11168	0.01273	0.04212	0.03497	0.01167	0.01925	0.01394	0.06624	0.01332	0.06462	0.01175	0.00675	0.00523	0.00155	0.00654	0.00515	0.00377	0.23317
7	0.01413	0.01326	0.11751	0.01302	0.03659	0.01025	0.04382	0.10404	0.01718	0.10136	0.10849	0.20602	0.13693	0.01288	0.00743	0.00226	0.00570	0.03544	0.00582	0.00785
8	0.00978	0.00802	0.01142	0.01137	0.05977	0.00737	0.05464	0.01254	0.01667	0.02259	0.40352	0.07556	0.22618	0.04092	0.00864	0.00229	0.00418	0.01191	0.00625	0.00640
9	0.04619	0.04320	0.13787	0.01602	0.07265	0.03268	0.08492	0.03792	0.06807	0.11544	0.08296	0.02786	0.09229	0.01145	0.04161	0.03021	0.00739	0.03786	0.00496	0.00845
10	0.01726	0.01796	0.09295	0.08432	0.13530	0.08958	0.20170	0.05677	0.01587	0.09114	0.01478	0.03433	0.01177	0.02777	0.05495	0.00274	0.03137	0.00664	0.00396	0.00886
11	0.01808	0.72171	0.03341	0.01166	0.01713	0.07521	0.01136	0.02016	0.01374	0.01553	0.00922	0.01065	0.00845	0.00571	0.00434	0.00143	0.00737	0.00357	0.00286	0.00839
12	0.01144	0.00572	0.00858	0.00858	0.00858	0.00572	0.00572	0.00858	0.00858	0.01144	0.01144	0.02001	0.01144	0.02287	0.02573	0.80846	0.00572	0.00572	0.00286	0.00286
13	0.03677	0.14146	0.09306	0.05588	0.18211	0.15331	0.12772	0.02194	0.01532	0.06677	0.01222	0.01483	0.00966	0.00638	0.00672	0.00193	0.03606	0.00539	0.00350	0.00899
14	0.01668	0.04123	0.04759	0.09242	0.25718	0.03477	0.02707	0.08404	0.10803	0.06160	0.03284	0.02135	0.03373	0.00826	0.00741	0.03837	0.00709	0.02815	0.00449	0.04771
15	0.00978	0.00724	0.01030	0.00976	0.01063	0.00774	0.03961	0.01115	0.01033	0.01435	0.01893	0.03379	0.01976	0.39471	0.36473	0.00815	0.01188	0.00831	0.00374	0.00511
16	0.01075	0.00912	0.01066	0.04716	0.04743	0.00921	0.00797	0.01697	0.18719	0.02138	0.13664	0.10330	0.33972	0.01364	0.00744	0.00223	0.00429	0.01165	0.00611	0.00714
17	0.05853	0.01606	0.04688	0.01498	0.01902	0.07993	0.08842	0.16586	0.11934	0.12047	0.01963	0.08759	0.01652	0.04351	0.00888	0.00237	0.05186	0.02562	0.00549	0.00902
18	0.09326	0.07274	0.06627	0.04714	0.01733	0.09823	0.01076	0.07880	0.08237	0.09795	0.15416	0.05119	0.05076	0.00968	0.00653	0.00206	0.00635	0.04072	0.00548	0.00821

[dist]
# distance from previous block
# <min> <max>
1	4

[block]
# block no. 5 follows, 33 sequences, length 74
# corresponding to MSA columns:
# 113-186
name=unknown_F
#
# <colnr> <probs for GDERKNQSTAVLIFYWHMCP>
#	G	D	E	R	K	N	Q	S	T	A	V	L	I	F	Y	W	H	M	C	P
0	0.05411	0.06719	0.03418	0.03253	0.05680	0.03800	0.01018	0.11505	0.01520	0.05234	0.01729	0.02285	0.04665	0.12395	0.13538	0.00397	0.05667	0.00641	0.00428	0.10696
1	0.01297	0.09084	0.15310	0.01257	0.01616	0.09784	0.02916	0.01618	0.01435	0.01900	0.14476	0.09255	0.03979	0.06690	0.11338	0.00353	0.02780	0.00815	0.03390	0.00708
2	0.43466	0.03545	0.02973	0.07596	0.03819	0.10599	0.01041	0.06343	0.04948	0.07155	0.01202	0.01348	0.00911	0.00669	0.00539	0.00201	0.01954	0.00451	0.00433	0.00807
3	0.64581	0.01278	0.01227	0.11774	0.06572	0.01481	0.00962	0.01905	0.01174	0.02717	0.00975	0.01206	0.00759	0.00616	0.00460	0.00205	0.00581	0.00405	0.00385	0.00738
4	0.05348	0.11045	0.01920	0.01408	0.06045	0.01634	0.01098	0.27479	0.01974	0.02795	0.01314	0.01495	0.01047	0.00945	0.05591	0.00222	0.03227	0.00499	0.00468	0.24448
5	0.01161	0.00704	0.00836	0.00797	0.00854	0.00702	0.00494	0.02852	0.01079	0.06876	0.02026	0.03850	0.02186	0.60947	0.06137	0.06032	0.00679	0.00889	0.00428	0.00473
6	0.07128	0.01666	0.07780	0.12221	0.25817	0.01593	0.09301	0.13051	0.05777	0.05208	0.01402	0.01663	0.01067	0.00654	0.00646	0.00203	0.00787	0.00592	0.00418	0.03026
7	0.01188	0.00893	0.01214	0.05859	0.01469	0.01021	0.00905	0.11241	0.01359	0.01891	0.01731	0.02568	0.01599	0.11639	0.51389	0.00835	0.01437	0.00708	0.00398	0.00654
8	0.39202	0.01462	0.01436	0.01158	0.01627	0.01606	0.00956	0.27825	0.01983	0.14798	0.01438	0.01451	0.01014	0.00711	0.00543	0.00201	0.00598	0.00494	0.00567	0.00931
9	0.00821	0.00662	0.00731	0.00727	0.00919	0.00572	0.00540	0.01023	0.01582	0.02003	0.24076	0.10693	0.50129	0.01608	0.00782	0.00221	0.00331	0.01369	0.00642	0.00572
10	0.00945	0.00689	0.00974	0.00974	0.01063	0.00777	0.00718	0.01122	0.01033	0.01466	0.01840	0.03011	0.01830	0.22689	0.56755	0.00954	0.01486	0.00768	0.00364	0.00541
11	0.01859	0.01160	0.01410	0.01098	0.01586	0.01011	0.00891	0.07051	0.06421	0.22239	0.06721	0.02332	0.01777	0.00772	0.00608	0.00164	0.00522	0.04926	0.00584	0.36869
12	0.00861	0.00651	0.00800	0.00843	0.00985	0.00590	0.00626	0.01071	0.01546	0.02036	0.25778	0.25916	0.25723	0.01696	0.00809	0.00239	0.00368	0.08242	0.00646	0.00575
13	0.00870	0.00679	0.00796	0.00844	0.00988	0.00630	0.00603	0.01151	0.06243	0.01931	0.14837	0.35851	0.28698	0.01736	0.00797	0.00239	0.00364	0.01522	0.00632	0.00590
14	0.00950	0.00732	0.01102	0.01107	0.01246	0.00728	0.05229	0.01186	0.01377	0.01872	0.13069	0.29933	0.05221	0.02439	0.17021	0.00436	0.00766	0.14439	0.00552	0.00596
15	0.02034	0.01478	0.01629	0.01309	0.01714	0.01614	0.01060	0.49274	0.02608	0.03560	0.11348	0.05439	0.02023	0.01187	0.05401	0.00254	0.00694	0.00739	0.05676	0.00960
16	0.00907	0.00643	0.00799	0.00828	0.00894	0.00633	0.00554	0.01026	0.01222	0.01649	0.12970	0.19913	0.08695	0.33162	0.11083	0.00508	0.00653	0.02853	0.00507	0.00501
17	0.01778	0.01473	0.01565	0.01368	0.01762	0.01685	0.01081	0.15619	0.57108	0.02985	0.02503	0.02441	0.01899	0.00901	0.00675	0.00221	0.00560	0.02667	0.00666	0.01044
18	0.02433	0.01303	0.01559	0.01234	0.01696	0.01298	0.01006	0.22189	0.09487	0.37577	0.06243	0.02495	0.06609	0.00902	0.00676	0.00205	0.00574	0.00728	0.00736	0.01047
19	0.02351	0.02818	0.01798	0.01605	0.01959	0.60702	0.01217	0.10554	0.01986	0.01923	0.01466	0.01582	0.05721	0.00758	0.00614	0.00176	0.01075	0.00509	0.00395	0.00791
20	0.00911	0.00621	0.00741	0.00783	0.00803	0.00607	0.00474	0.00963	0.01101	0.01477	0.06796	0.25386	0.03197	0.50459	0.02462	0.00504	0.00544	0.01238	0.00481	0.00452
21	0.01049	0.00706	0.00904	0.00852	0.01039	0.00643	0.00654	0.01337	0.01796	0.07021	0.55014	0.05086	0.14567	0.01383	0.00777	0.00215	0.00348	0.05257	0.00708	0.00644
22	0.00950	0.00695	0.00761	0.00745	0.00968	0.00594	0.00564	0.01136	0.01547	0.06743	0.12241	0.10017	0.55767	0.01606	0.00777	0.00224	0.00357	0.03071	0.00636	0.00601
23	0.01511	0.01220	0.01295	0.01173	0.01507	0.01359	0.00910	0.02921	0.52235	0.05008	0.05669	0.03072	0.11850	0.01005	0.00674	0.00217	0.00474	0.00837	0.06129	0.00933
24	0.00886	0.00643	0.00816	0.00837	0.00960	0.00591	0.00604	0.01093	0.01575	0.02142	0.37645	0.24430	0.14883	0.04420	0.00947	0.02651	0.00362	0.03299	0.00649	0.00570
25	0.08018	0.00914	0.00985	0.00884	0.01051	0.00953	0.00608	0.10722	0.03969	0.06800	0.02068	0.03394	0.03411	0.46229	0.02237	0.00460	0.00604	0.00819	0.05264	0.00611
26	0.00815	0.00579	0.00764	0.00903	0.00941	0.00543	0.00598	0.00927	0.01256	0.01678	0.05130	0.70397	0.04278	0.06585	0.00991	0.00288	0.00396	0.01800	0.00601	0.00528
27	0.01758	0.01443	0.01533	0.01350	0.01740	0.01651	0.01058	0.09450	0.63146	0.05239	0.02579	0.02371	0.01918	0.00881	0.00669	0.00220	0.00540	0.00728	0.00674	0.01052
28	0.00890	0.00656	0.00820	0.00807	0.00949	0.00600	0.00587	0.01132	0.01669	0.02288	0.48101	0.14897	0.16646	0.05877	0.00935	0.00243	0.00343	0.01303	0.00672	0.00586
29	0.00914	0.00700	0.00830	0.00866	0.01014	0.00659	0.00625	0.05192	0.01484	0.01917	0.08906	0.36691	0.28930	0.01992	0.05823	0.00297	0.00475	0.01495	0.00604	0.00587
30	0.06396	0.00923	0.01028	0.00931	0.01173	0.00941	0.00717	0.11889	0.06362	0.02699	0.32200	0.08832	0.12862	0.01217	0.00700	0.00207	0.00407	0.01032	0.08769	0.00714
31	0.00985	0.00636	0.00707	0.00707	0.00723	0.00636	0.00405	0.01016	0.01000	0.01396	0.02082	0.04120	0.02322	0.69138	0.03057	0.00589	0.00605	0.00922	0.08533	0.00421
32	0.00816	0.00633	0.00724	0.00772	0.00906	0.00562	0.00541	0.00964	0.01407	0.01784	0.11439	0.30037	0.37104	0.08007	0.01013	0.00271	0.00373	0.01500	0.00604	0.00542
33	0.02219	0.02249	0.01698	0.01478	0.01860	0.36762	0.01143	0.15703	0.13982	0.07204	0.01994	0.01985	0.07187	0.00829	0.00639	0.00191	0.00870	0.00609	0.00512	0.00886
34	0.00938	0.00766	0.00843	0.00827	0.01041	0.00721	0.00626	0.01364	0.10980	0.02092	0.19674	0.09810	0.42387	0.01525	0.00772	0.00225	0.00367	0.03765	0.00643	0.00635
35	0.03453	0.01653	0.01993	0.21547	0.15403	0.11080	0.01505	0.13391	0.05949	0.02285	0.01287	0.01596	0.01015	0.00718	0.00778	0.00202	0.08161	0.00555	0.00398	0.07031
36	0.21906	0.22003	0.02249	0.04039	0.08710	0.06546	0.05973	0.07939	0.10684	0.02383	0.01277	0.01424	0.01018	0.00650	0.00537	0.00188	0.00705	0.00489	0.00408	0.00873
37	0.06975	0.01436	0.02257	0.27808	0.38340	0.01567	0.01797	0.08105	0.01556	0.02227	0.01224	0.01630	0.00971	0.00631	0.00638	0.00204	0.00791	0.00571	0.00350	0.00922
38	0.01640	0.01219	0.01620	0.09552	0.06253	0.01140	0.01085	0.01930	0.01410	0.13808	0.01373	0.01579	0.01063	0.00649	0.00752	0.00158	0.09865	0.00492	0.00433	0.43979
39	0.01360	0.01049	0.01456	0.06329	0.01641	0.01266	0.01076	0.08536	0.01374	0.06242	0.06086	0.02287	0.01649	0.02854	0.35648	0.00626	0.18703	0.00684	0.00417	0.00717
40	0.01298	0.01215	0.02042	0.32890	0.20039	0.01357	0.06285	0.01676	0.01436	0.01962	0.12001	0.06511	0.01926	0.00850	0.00790	0.00219	0.05563	0.00763	0.00386	0.00789
41	0.18657	0.01159	0.01452	0.10563	0.13049	0.03687	0.01108	0.01579	0.01213	0.01949	0.01688	0.02324	0.06038	0.11167	0.14610	0.00424	0.07613	0.00653	0.00370	0.00697
42	0.06757	0.01001	0.01209	0.01018	0.01359	0.00959	0.00797	0.03842	0.09713	0.31534	0.16183	0.03310	0.09750	0.08469	0.00945	0.00251	0.00493	0.00855	0.00691	0.00863
43	0.02129	0.01519	0.01679	0.01351	0.01788	0.01629	0.01086	0.46623	0.06768	0.07958	0.02038	0.14382	0.01748	0.00998	0.00681	0.00206	0.00631	0.00813	0.00647	0.05327
44	0.01396	0.01411	0.01923	0.26410	0.10111	0.11339	0.08406	0.01734	0.01450	0.01825	0.05787	0.07410	0.03512	0.01219	0.06402	0.00285	0.03411	0.04845	0.00385	0.00741
45	0.00894	0.00661	0.00817	0.00899	0.01002	0.00622	0.00626	0.04563	0.01433	0.01882	0.08043	0.56123	0.16220	0.01886	0.00816	0.00252	0.00387	0.01681	0.00620	0.00574
46	0.00896	0.00608	0.00805	0.00920	0.00983	0.00569	0.00630	0.01029	0.01314	0.03870	0.08205	0.62118	0.04261	0.06304	0.00979	0.00284	0.00407	0.04652	0.00612	0.00553
47	0.01507	0.01439	0.02451	0.26631	0.51124	0.01532	0.01959	0.01913	0.01441	0.02002	0.01217	0.01669	0.00990	0.00609	0.00654	0.00203	0.00812	0.00586	0.00315	0.00944
48	0.00910	0.00639	0.00763	0.00797	0.00909	0.00587	0.00550	0.01066	0.01397	0.03302	0.17048	0.28558	0.20618	0.14877	0.01233	0.00304	0.00402	0.01386	0.04106	0.00548
49	0.42032	0.01245	0.01279	0.01042	0.01502	0.01294	0.00860	0.07126	0.01586	0.33569	0.01692	0.01613	0.01139	0.00712	0.00535	0.00203	0.00546	0.00505	0.00601	0.00917
50	0.02462	0.01520	0.01704	0.01324	0.01802	0.01609	0.01088	0.45847	0.02595	0.20889	0.01897	0.01846	0.01312	0.00794	0.00636	0.00194	0.00635	0.00612	0.10175	0.01060
51	0.01027	0.00756	0.00940	0.00968	0.01104	0.00747	0.00707	0.06052	0.05736	0.02194	0.22460	0.38783	0.06173	0.03527	0.00865	0.00254	0.00415	0.06020	0.00644	0.00632
52	0.00900	0.00623	0.00771	0.00856	0.00957	0.00565	0.00588	0.01026	0.01328	0.04820	0.04227	0.52082	0.20560	0.06251	0.00963	0.00275	0.00393	0.01649	0.00608	0.00558
53	0.02665	0.01229	0.01535	0.01197	0.01674	0.01172	0.00982	0.15919	0.05131	0.51028	0.02369	0.02142	0.01554	0.00810	0.00645	0.00199	0.00569	0.00648	0.07457	0.01074
54	0.02251	0.01638	0.01757	0.01396	0.01863	0.01812	0.01137	0.50142	0.15614	0.06064	0.01865	0.01838	0.01349	0.00808	0.00644	0.00199	0.00647	0.00625	0.07287	0.01063
55	0.05253	0.00738	0.00823	0.00824	0.01015	0.00698	0.00615	0.01257	0.06270	0.02124	0.22849	0.17528	0.32643	0.01545	0.00765	0.00227	0.00366	0.03214	0.00634	0.00612
56	0.02331	0.02791	0.01920	0.01870	0.08366	0.57854	0.01322	0.07224	0.06682	0.01909	0.01189	0.01340	0.00963	0.00692	0.00608	0.00177	0.01074	0.00472	0.00382	0.00831
57	0.00920	0.00692	0.00833	0.00904	0.01031	0.00651	0.00649	0.05428	0.01461	0.01884	0.04334	0.47942	0.23058	0.01856	0.00815	0.00253	0.00404	0.05688	0.00614	0.00582
58	0.01322	0.01003	0.01104	0.01015	0.01292	0.01034	0.00777	0.06682	0.24285	0.06278	0.10249	0.11250	0.26122	0.01337	0.00785	0.02504	0.00443	0.01093	0.00646	0.00779
59	0.00873	0.00706	0.00802	0.00795	0.00988	0.00655	0.00596	0.01163	0.05291	0.01960	0.18152	0.10233	0.43570	0.01956	0.08966	0.00316	0.00502	0.01274	0.00607	0.00597
60	0.01292	0.00813	0.00933	0.00860	0.00966	0.00820	0.00558	0.09104	0.01299	0.07690	0.02162	0.08458	0.02309	0.56950	0.02655	0.00527	0.00625	0.00950	0.00477	0.00551
61	0.00982	0.00752	0.00916	0.00918	0.01083	0.00735	0.00684	0.01433	0.10901	0.02278	0.34403	0.21753	0.13718	0.01524	0.00785	0.00231	0.00375	0.05211	0.00669	0.00647
62	0.03934	0.01243	0.01391	0.01187	0.01563	0.01319	0.00940	0.13775	0.28546	0.16149	0.10692	0.05034	0.09317	0.01016	0.00687	0.00214	0.00515	0.00841	0.00687	0.00951
63	0.01473	0.01532	0.06780	0.42472	0.17661	0.04206	0.05786	0.06486	0.01514	0.02010	0.01241	0.01693	0.00951	0.00648	0.00654	0.00209	0.00864	0.00585	0.02391	0.00843
64	0.01943	0.00990	0.01274	0.01092	0.01430	0.00928	0.00883	0.09578	0.01908	0.31921	0.19780	0.08343	0.06240	0.01184	0.00737	0.00221	0.00502	0.09443	0.00728	0.00872
65	0.00894	0.00643	0.00822	0.00930	0.01009	0.00611	0.00656	0.02941	0.01337	0.01756	0.03700	0.53680	0.10660	0.06304	0.01025	0.02264	0.00432	0.09196	0.00592	0.00547
66	0.01611	0.02912	0.02009	0.15597	0.20778	0.07088	0.04788	0.13648	0.03844	0.02297	0.02066	0.07468	0.07614	0.00910	0.00690	0.00212	0.00752	0.04403	0.00447	0.00865
67	0.03275	0.03150	0.03789	0.12669	0.12371	0.03105	0.11470	0.06024	0.08624	0.03366	0.04709	0.17466	0.05107	0.01022	0.00709	0.00221	0.00698	0.00937	0.00471	0.00818
68	0.00837	0.00623	0.00784	0.00890	0.00978	0.00581	0.00618	0.01028	0.03336	0.01799	0.08753	0.56458	0.15335	0.01911	0.00823	0.00256	0.00379	0.03430	0.00620	0.00560
69	0.06118	0.01648	0.09338	0.13392	0.10796	0.01596	0.07991	0.16814	0.01759	0.09517	0.01420	0.01687	0.01063	0.00857	0.02932	0.00238	0.08833	0.00593	0.02486	0.00920
70	0.01557	0.22630	0.07767	0.19217	0.08160	0.03685	0.05900	0.06769	0.03035	0.01920	0.01304	0.06030	0.01143	0.00783	0.00745	0.01853	0.05719	0.00603	0.00348	0.00829
71	0.01502	0.12599	0.27059	0.02013	0.04297	0.03528	0.21919	0.02099	0.05743	0.01993	0.01312	0.03446	0.01055	0.00699	0.00793	0.00212	0.07890	0.00614	0.00331	0.00897
72	0.01290	0.01224	0.01813	0.01562	0.01636	0.01599	0.05872	0.01474	0.01054	0.01585	0.01204	0.01946	0.01174	0.07239	0.20230	0.00501	0.46958	0.00648	0.00315	0.00676
73	0.01643	0.04051	0.21430	0.01538	0.04953	0.15582	0.01418	0.04112	0.07057	0.07251	0.16965	0.02442	0.04747	0.00880	0.00706	0.00202	0.02991	0.00698	0.00480	0.00853

[dist]
# distance from previous block
# <min> <max>
0	1

[block]
# block no. 6 follows, 33 sequences, length 74
# corresponding to MSA columns:
# 188-261
name=unknown_G
#
# <colnr> <probs for GDERKNQSTAVLIFYWHMCP>
#	G	D	E	R	K	N	Q	S	T	A	V	L	I	F	Y	W	H	M	C	P
0	0.01287	0.01413	0.08553	0.01666	0.09709	0.07141	0.04085	0.03230	0.01302	0.01775	0.01782	0.07069	0.04406	0.02616	0.31374	0.00570	0.10189	0.00737	0.00368	0.00728
1	0.75017	0.01303	0.01040	0.00911	0.01328	0.01497	0.00750	0.05958	0.01254	0.04724	0.00996	0.01128	0.00759	0.00626	0.00428	0.00203	0.00523	0.00378	0.00432	0.00746
2	0.01092	0.00771	0.00924	0.00863	0.01083	0.00730	0.00659	0.01481	0.07773	0.07488	0.33701	0.04791	0.27176	0.01659	0.06588	0.00281	0.00470	0.01140	0.00659	0.00670
3	0.01495	0.00877	0.01091	0.00970	0.01236	0.00842	0.00750	0.02004	0.12087	0.18672	0.36527	0.07686	0.07569	0.01189	0.00726	0.00211	0.00403	0.01027	0.03850	0.00789
4	0.10646	0.01569	0.01550	0.07484	0.01931	0.09142	0.01074	0.17474	0.21746	0.02756	0.04191	0.02025	0.04378	0.00794	0.00615	0.00194	0.00646	0.00619	0.00537	0.10629
5	0.07209	0.01286	0.01501	0.01364	0.05360	0.01348	0.01029	0.13083	0.22760	0.18791	0.05151	0.02646	0.01930	0.04675	0.00796	0.00233	0.00576	0.05526	0.00639	0.04096
6	0.06670	0.06574	0.03619	0.06448	0.05890	0.19962	0.01259	0.08854	0.03369	0.05268	0.01338	0.03705	0.01163	0.05023	0.04519	0.00272	0.14286	0.00581	0.00398	0.00801
7	0.07831	0.10658	0.06691	0.03072	0.01780	0.01525	0.03970	0.14987	0.08104	0.07982	0.08115	0.06938	0.01863	0.01325	0.08474	0.00297	0.04303	0.00714	0.00511	0.00860
8	0.00925	0.00682	0.00779	0.00762	0.00938	0.00608	0.00562	0.01116	0.01533	0.04039	0.23687	0.05591	0.38506	0.12476	0.01155	0.00282	0.00392	0.04779	0.00617	0.00570
9	0.06342	0.00732	0.00917	0.00989	0.01149	0.00705	0.00773	0.01300	0.01438	0.06632	0.07354	0.31410	0.12656	0.01717	0.00811	0.00262	0.00465	0.23117	0.00616	0.00615
10	0.01781	0.15179	0.05544	0.01785	0.08820	0.12513	0.04981	0.11750	0.06234	0.02126	0.01317	0.03320	0.01128	0.01071	0.05738	0.00262	0.14621	0.00575	0.00390	0.00865
11	0.00906	0.00665	0.00833	0.00927	0.01011	0.00647	0.00649	0.01152	0.05923	0.01783	0.06989	0.47719	0.08613	0.11206	0.01141	0.00308	0.00437	0.07934	0.00594	0.00564
12	0.00865	0.00607	0.00759	0.00842	0.00878	0.00588	0.00541	0.00946	0.01150	0.01530	0.03093	0.43535	0.06317	0.29278	0.05613	0.00441	0.00545	0.01459	0.00521	0.00489
13	0.08917	0.01457	0.05341	0.01336	0.01684	0.06117	0.06262	0.15271	0.13059	0.05300	0.01562	0.01875	0.01252	0.02590	0.03500	0.21916	0.00728	0.00600	0.00464	0.00769
14	0.03949	0.14020	0.06064	0.01694	0.08206	0.12734	0.03541	0.15384	0.12603	0.04359	0.01573	0.05514	0.01304	0.00803	0.00709	0.00199	0.05345	0.00614	0.00463	0.00922
15	0.01815	0.50770	0.02866	0.08432	0.02012	0.14145	0.01209	0.04848	0.01481	0.01679	0.01027	0.01243	0.00900	0.00818	0.04158	0.00201	0.00854	0.00414	0.00311	0.00819
16	0.01459	0.00989	0.01390	0.01617	0.14674	0.00961	0.01040	0.01845	0.07867	0.13770	0.02760	0.23946	0.04664	0.03308	0.03845	0.00276	0.00595	0.09770	0.00570	0.04653
17	0.01782	0.06144	0.01451	0.01131	0.01494	0.01271	0.00906	0.05477	0.28267	0.18607	0.16333	0.02954	0.06128	0.00971	0.00669	0.00206	0.00491	0.00808	0.03984	0.00926
18	0.00944	0.00646	0.00745	0.00745	0.00770	0.00649	0.00443	0.00976	0.01002	0.01332	0.02349	0.04288	0.06939	0.65486	0.09521	0.00648	0.00719	0.00963	0.00409	0.00426
19	0.01805	0.01220	0.01406	0.01311	0.06161	0.04579	0.00962	0.12677	0.10738	0.18166	0.19192	0.03355	0.12237	0.01058	0.00706	0.00208	0.00536	0.02133	0.00665	0.00885
20	0.05616	0.01071	0.01133	0.01005	0.01307	0.01126	0.00786	0.13338	0.18447	0.02676	0.16520	0.03808	0.22776	0.01159	0.00691	0.00210	0.00447	0.00958	0.06139	0.00790
21	0.00815	0.00594	0.00769	0.00892	0.00960	0.00549	0.00611	0.00954	0.01335	0.01767	0.08869	0.62316	0.11554	0.01964	0.00831	0.00259	0.00377	0.03418	0.00619	0.00545
22	0.01814	0.61970	0.07283	0.01234	0.01781	0.07166	0.01219	0.02054	0.01383	0.04392	0.01001	0.01146	0.00876	0.00609	0.00527	0.00155	0.03845	0.00386	0.00306	0.00853
23	0.00901	0.00623	0.00741	0.00783	0.00817	0.00602	0.00484	0.00966	0.01141	0.01522	0.07982	0.25976	0.06577	0.45371	0.02289	0.00476	0.00523	0.01268	0.00496	0.00463
24	0.00821	0.00621	0.00743	0.00809	0.00920	0.00560	0.00561	0.00970	0.01396	0.01807	0.13277	0.39152	0.27032	0.06984	0.00984	0.00270	0.00374	0.01562	0.00611	0.00543
25	0.02223	0.01436	0.01634	0.01299	0.01738	0.01516	0.01055	0.37977	0.08248	0.17893	0.15435	0.02427	0.02272	0.00910	0.00683	0.00203	0.00595	0.00734	0.00704	0.01018
26	0.01120	0.00895	0.01022	0.00967	0.01192	0.00919	0.00739	0.01844	0.22339	0.02389	0.30679	0.04601	0.17597	0.05266	0.00889	0.00244	0.00414	0.05503	0.00661	0.00720
27	0.01007	0.00693	0.00822	0.00848	0.00907	0.00690	0.00547	0.05553	0.01262	0.01708	0.05392	0.31659	0.03188	0.38090	0.02029	0.00436	0.00523	0.01282	0.02852	0.00513
28	0.01019	0.00721	0.00865	0.00910	0.01056	0.00687	0.00666	0.01295	0.06547	0.05336	0.04099	0.30353	0.21756	0.11049	0.01123	0.00300	0.00451	0.10568	0.00599	0.00600
29	0.00896	0.00607	0.00750	0.00829	0.00886	0.00590	0.00549	0.01015	0.01197	0.01661	0.03111	0.41555	0.06976	0.20793	0.06253	0.00397	0.00526	0.01400	0.09495	0.00514
30	0.01591	0.01984	0.09799	0.02716	0.07868	0.05867	0.55882	0.02131	0.01554	0.02080	0.01294	0.01698	0.00979	0.00570	0.00745	0.00216	0.01081	0.00718	0.00328	0.00898
31	0.00852	0.00602	0.00744	0.00836	0.00903	0.00562	0.00559	0.00978	0.01285	0.01728	0.07685	0.49111	0.12249	0.13112	0.01185	0.00308	0.00406	0.01570	0.04797	0.00526
32	0.01381	0.00762	0.00778	0.00722	0.00921	0.00786	0.00556	0.09864	0.01588	0.02659	0.02079	0.02349	0.01619	0.00770	0.00484	0.00159	0.00357	0.00611	0.70881	0.00675
33	0.01554	0.01776	0.03885	0.02775	0.03441	0.01665	0.70366	0.02109	0.01554	0.02109	0.01332	0.01776	0.00999	0.00555	0.00777	0.00222	0.01110	0.00777	0.00333	0.00888
34	0.00952	0.00699	0.00897	0.00867	0.01018	0.00663	0.00642	0.01318	0.05457	0.02518	0.59558	0.14329	0.05742	0.01418	0.00779	0.00216	0.00331	0.01258	0.00707	0.00632
35	0.09998	0.01203	0.01917	0.01533	0.01883	0.01196	0.22515	0.08140	0.01507	0.03814	0.02233	0.06380	0.06516	0.17977	0.01319	0.00323	0.00743	0.09626	0.00463	0.00714
36	0.01118	0.01129	0.00924	0.00885	0.01138	0.12813	0.00667	0.01406	0.06581	0.01821	0.05449	0.05206	0.55595	0.01448	0.00740	0.00214	0.00488	0.01184	0.00571	0.00625
37	0.00936	0.00677	0.00838	0.00802	0.00976	0.00609	0.00600	0.01201	0.01745	0.04066	0.51325	0.08964	0.21928	0.01448	0.00777	0.00214	0.00326	0.01262	0.00694	0.00613
38	0.01388	0.01163	0.05358	0.01191	0.01487	0.04797	0.01035	0.01929	0.12744	0.09525	0.03589	0.05207	0.15674	0.01408	0.00788	0.00252	0.00589	0.30519	0.00606	0.00750
39	0.01314	0.01285	0.01968	0.71001	0.04389	0.05695	0.01796	0.01737	0.01348	0.01678	0.01161	0.01722	0.00876	0.00659	0.00654	0.00216	0.00896	0.00576	0.00295	0.00733
40	0.00930	0.00697	0.00817	0.00878	0.00982	0.00683	0.00599	0.01236	0.09201	0.01767	0.03748	0.41154	0.15724	0.15023	0.01244	0.00317	0.00432	0.01467	0.02527	0.00574
41	0.00955	0.00644	0.00746	0.00742	0.00758	0.00646	0.00435	0.00987	0.01022	0.01379	0.06690	0.04263	0.02608	0.68311	0.06710	0.00631	0.00673	0.00960	0.00418	0.00423
42	0.04966	0.13670	0.22503	0.01559	0.02165	0.01748	0.07278	0.17418	0.05065	0.02481	0.01625	0.01778	0.05163	0.00875	0.02983	0.00225	0.04236	0.00582	0.00418	0.03263
43	0.01269	0.01186	0.01943	0.70413	0.04348	0.01474	0.01777	0.01802	0.05942	0.01753	0.01269	0.01801	0.00952	0.00674	0.00659	0.00220	0.00854	0.00596	0.00317	0.00752
44	0.01638	0.03841	0.01526	0.05807	0.10054	0.18221	0.01073	0.01918	0.03283	0.09668	0.13701	0.07946	0.09334	0.04640	0.00819	0.00226	0.00688	0.04341	0.00516	0.00759
45	0.01427	0.01540	0.07298	0.11694	0.10018	0.01415	0.30100	0.07076	0.01589	0.02163	0.04635	0.14432	0.01767	0.00881	0.00740	0.00223	0.00852	0.00901	0.00412	0.00836
46	0.01320	0.03405	0.73453	0.01876	0.02849	0.01529	0.02432	0.02085	0.01390	0.02085	0.01181	0.01390	0.00834	0.00625	0.00625	0.00208	0.00973	0.00486	0.00278	0.00973
47	0.01583	0.01455	0.02510	0.11667	0.54990	0.01478	0.05480	0.01940	0.01449	0.03777	0.01263	0.01691	0.01043	0.00710	0.00786	0.05506	0.00791	0.00597	0.00332	0.00952
48	0.01299	0.01227	0.02075	0.65065	0.14318	0.01477	0.01856	0.01731	0.01343	0.01749	0.01180	0.01737	0.00901	0.00648	0.00657	0.00216	0.00864	0.00585	0.00297	0.00776
49	0.00855	0.00655	0.00765	0.00814	0.00954	0.00593	0.00597	0.01022	0.01420	0.01803	0.11085	0.21736	0.34175	0.10440	0.01106	0.00290	0.00413	0.10135	0.00596	0.00546
50	0.00996	0.00769	0.00867	0.00810	0.01027	0.00717	0.00616	0.05751	0.03943	0.02347	0.33722	0.05191	0.35646	0.01424	0.00757	0.00212	0.00355	0.01210	0.03002	0.00637
51	0.01118	0.00782	0.00883	0.00839	0.00929	0.00793	0.00544	0.09423	0.01336	0.01782	0.07042	0.11438	0.06381	0.51112	0.02464	0.00497	0.00585	0.01044	0.00485	0.00523
52	0.00891	0.00633	0.00781	0.00824	0.00880	0.00624	0.00540	0.00988	0.01157	0.01545	0.06426	0.25501	0.09722	0.34073	0.11989	0.00526	0.00672	0.01244	0.00491	0.00491
53	0.01179	0.00730	0.00852	0.00826	0.00998	0.00712	0.00606	0.01552	0.07484	0.06924	0.20881	0.14872	0.08705	0.07234	0.00885	0.00238	0.00383	0.01056	0.23233	0.00652
54	0.81514	0.01273	0.00968	0.00866	0.01273	0.01477	0.00713	0.01935	0.01120	0.02954	0.00917	0.01069	0.00713	0.00611	0.00407	0.00204	0.00509	0.00356	0.00407	0.00713
55	0.06310	0.00741	0.00866	0.00843	0.01018	0.00708	0.00616	0.01333	0.04288	0.05642	0.30752	0.17435	0.17081	0.08242	0.00986	0.00260	0.00391	0.01230	0.00635	0.00620
56	0.02974	0.00767	0.00856	0.00840	0.01030	0.00717	0.00609	0.02866	0.05096	0.01921	0.07651	0.19495	0.26744	0.12890	0.01135	0.00284	0.00434	0.04001	0.02903	0.06785
57	0.00852	0.00604	0.00798	0.00936	0.00985	0.00574	0.00649	0.00980	0.01264	0.01678	0.03455	0.60174	0.04085	0.09473	0.01099	0.00309	0.00437	0.10529	0.00589	0.00531
58	0.01798	0.01163	0.01345	0.01122	0.01479	0.01188	0.00894	0.19921	0.11789	0.16149	0.23340	0.03379	0.11445	0.01078	0.00710	0.00208	0.00497	0.00898	0.00703	0.00895
59	0.00860	0.00660	0.00790	0.00846	0.00995	0.00598	0.00638	0.01053	0.01479	0.01894	0.14580	0.23173	0.32455	0.04190	0.00899	0.00259	0.00399	0.13048	0.00620	0.00564
60	0.01135	0.00774	0.00920	0.00879	0.01078	0.00747	0.00659	0.01586	0.10410	0.06864	0.31978	0.14251	0.15576	0.01349	0.00733	0.00214	0.00366	0.01170	0.08628	0.00682
61	0.02424	0.03800	0.01799	0.01381	0.01869	0.03394	0.01131	0.35516	0.16549	0.22053	0.02040	0.01908	0.01421	0.00808	0.00653	0.00202	0.00650	0.00631	0.00684	0.01088
62	0.02079	0.02494	0.02426	0.01962	0.02388	0.43699	0.22827	0.05165	0.01759	0.01850	0.01209	0.01593	0.01008	0.05657	0.00835	0.00218	0.01108	0.00576	0.00354	0.00793
63	0.00841	0.00659	0.00761	0.00757	0.00933	0.00579	0.00560	0.01059	0.01618	0.02107	0.32200	0.13240	0.39170	0.01583	0.00784	0.00221	0.00330	0.01363	0.00656	0.00579
64	0.00807	0.00582	0.00756	0.00892	0.00941	0.00540	0.00595	0.00920	0.01264	0.01671	0.03768	0.68997	0.08761	0.04966	0.00934	0.00279	0.00389	0.01804	0.00603	0.00531
65	0.01220	0.00664	0.00944	0.00914	0.00956	0.00685	0.00633	0.05465	0.01018	0.01367	0.01213	0.02012	0.01175	0.02363	0.07167	0.70286	0.00660	0.00582	0.00315	0.00361
66	0.06020	0.00977	0.01254	0.01032	0.01402	0.00888	0.00826	0.04477	0.01835	0.40780	0.22973	0.06048	0.06531	0.01049	0.00695	0.00208	0.00472	0.00882	0.00746	0.00905
67	0.00897	0.00687	0.00743	0.00718	0.00940	0.00585	0.00542	0.01095	0.01585	0.04895	0.18924	0.05898	0.57035	0.01571	0.00773	0.00219	0.00339	0.01322	0.00641	0.00591
68	0.01546	0.01156	0.01349	0.01014	0.01518	0.00966	0.00810	0.09095	0.01618	0.07395	0.06131	0.03944	0.01521	0.00662	0.00546	0.00131	0.00493	0.00540	0.05138	0.54426
69	0.01489	0.01365	0.03556	0.09263	0.02178	0.01393	0.12052	0.09557	0.14798	0.02346	0.01992	0.06962	0.04990	0.00864	0.00786	0.00204	0.07028	0.00739	0.05128	0.13308
70	0.00937	0.00639	0.00795	0.00824	0.00865	0.00656	0.00534	0.01025	0.01059	0.01468	0.02314	0.17894	0.02580	0.43116	0.17892	0.00632	0.00813	0.01064	0.04418	0.00476
71	0.05305	0.03541	0.01596	0.03653	0.01740	0.01446	0.01039	0.21258	0.12496	0.18140	0.07756	0.02391	0.05888	0.01062	0.03617	0.00240	0.04583	0.00706	0.00625	0.02918
72	0.05375	0.14834	0.13152	0.01641	0.06888	0.06596	0.06354	0.13307	0.09083	0.02401	0.01677	0.01879	0.04675	0.00734	0.00605	0.00188	0.00750	0.02163	0.00432	0.07265
73	0.08761	0.01218	0.01371	0.06011	0.01648	0.04821	0.00959	0.10861	0.05248	0.10987	0.19491	0.05996	0.06296	0.01019	0.00792	0.00208	0.06847	0.00810	0.00578	0.06077

[dist]
# distance from previous block
# <min> <max>
0	11

[block]
# block no. 7 follows, 33 sequences, length 40
# corresponding to MSA columns:
# 273-312
name=unknown_H
#
# <colnr> <probs for GDERKNQSTAVLIFYWHMCP>
#	G	D	E	R	K	N	Q	S	T	A	V	L	I	F	Y	W	H	M	C	P
0	0.01818	0.22292	0.04860	0.05144	0.08601	0.13422	0.03057	0.10846	0.03550	0.03404	0.03274	0.01625	0.01187	0.03403	0.03094	0.00225	0.05717	0.00531	0.00389	0.03561
1	0.11851	0.16294	0.07582	0.04157	0.11453	0.08612	0.01306	0.13111	0.01668	0.02322	0.01645	0.01805	0.07573	0.00765	0.00670	0.00192	0.05279	0.00560	0.00404	0.02752
2	0.12960	0.21246	0.02031	0.05274	0.01791	0.11649	0.01101	0.08939	0.06529	0.04369	0.01371	0.04801	0.01199	0.03488	0.03282	0.00239	0.07953	0.00557	0.00411	0.00810
3	0.01076	0.00654	0.00885	0.00919	0.00996	0.00634	0.00651	0.03351	0.01244	0.03320	0.07180	0.27520	0.07147	0.01994	0.01540	0.33405	0.00484	0.06030	0.00491	0.00478
4	0.04210	0.24109	0.19238	0.01427	0.01986	0.06448	0.06813	0.02083	0.09624	0.02052	0.09861	0.02124	0.05833	0.00781	0.00600	0.00189	0.00736	0.00627	0.00409	0.00849
5	0.00948	0.00767	0.00858	0.00864	0.01055	0.00738	0.00635	0.01401	0.13001	0.02041	0.14931	0.23074	0.34064	0.01592	0.00776	0.00232	0.00373	0.01375	0.00638	0.00640
6	0.00814	0.00581	0.00777	0.00930	0.00973	0.00545	0.00632	0.00937	0.01272	0.01694	0.03622	0.73300	0.04328	0.02051	0.00843	0.00269	0.00392	0.04890	0.00611	0.00538
7	0.01932	0.01486	0.01666	0.07111	0.02000	0.03964	0.01074	0.26398	0.05106	0.08250	0.01486	0.01581	0.01109	0.00658	0.00587	0.00159	0.00634	0.00515	0.00521	0.33763
8	0.01338	0.01139	0.01335	0.00966	0.01524	0.00862	0.00770	0.01632	0.01396	0.02176	0.05582	0.01585	0.01299	0.00541	0.00505	0.00104	0.00477	0.00440	0.00411	0.75917
9	0.00957	0.00638	0.00718	0.00718	0.00718	0.00638	0.00399	0.00957	0.00957	0.01276	0.02074	0.04308	0.02393	0.76864	0.03351	0.00638	0.00638	0.00957	0.00399	0.00399
10	0.06839	0.00736	0.00911	0.00850	0.01040	0.00699	0.00650	0.01366	0.01790	0.05460	0.60514	0.04644	0.07627	0.01294	0.00749	0.00210	0.00344	0.02934	0.00699	0.00645
11	0.00932	0.00691	0.01015	0.01026	0.01130	0.00790	0.00780	0.01143	0.01066	0.01523	0.01919	0.08039	0.01890	0.09425	0.64317	0.00973	0.01590	0.00806	0.00374	0.00572
12	0.00814	0.00582	0.00778	0.00931	0.00974	0.00545	0.00632	0.00938	0.01272	0.01694	0.03622	0.73184	0.04328	0.02051	0.00844	0.00269	0.00393	0.05001	0.00611	0.00538
13	0.00931	0.00640	0.00743	0.00761	0.00796	0.00625	0.00467	0.00987	0.01110	0.01475	0.07706	0.12031	0.07499	0.56088	0.02650	0.00530	0.00567	0.03482	0.00466	0.00447
