[name]
unknown

[dist]
# distance from previous block
# <min> <max>
0	13

[block]
# block no. 0 follows, 32 sequences, length 27
# corresponding to MSA columns:
# 13-39
name=unknown_A
#
# <colnr> <probs for GDERKNQSTAVLIFYWHMCP>
#	G	D	E	R	K	N	Q	S	T	A	V	L	I	F	Y	W	H	M	C	P
0	0.01133	0.00813	0.01132	0.11139	0.01687	0.00835	0.00995	0.01438	0.04099	0.04801	0.07808	0.17163	0.09667	0.01640	0.00944	0.05194	0.00565	0.27735	0.00574	0.00637
1	0.81159	0.01298	0.00986	0.00882	0.01298	0.01505	0.00727	0.01972	0.01142	0.03010	0.00934	0.01090	0.00727	0.00623	0.00415	0.00208	0.00519	0.00363	0.00415	0.00727
2	0.00954	0.00619	0.00827	0.00950	0.01019	0.00572	0.00645	0.01080	0.01324	0.06130	0.03633	0.71395	0.04265	0.02023	0.00845	0.00268	0.00401	0.01831	0.00636	0.00582
3	0.00891	0.00649	0.00818	0.00840	0.00968	0.00591	0.00603	0.01086	0.01587	0.02143	0.34878	0.26279	0.18419	0.01706	0.00911	0.04615	0.00357	0.01426	0.00657	0.00575
4	0.01385	0.01182	0.01382	0.01022	0.01578	0.00940	0.00814	0.01779	0.05707	0.02191	0.01321	0.01529	0.01097	0.00770	0.04508	0.00161	0.00570	0.00438	0.00413	0.71213
5	0.01536	0.01447	0.02460	0.22952	0.51278	0.01527	0.01948	0.01920	0.01452	0.02023	0.01240	0.01710	0.01022	0.00686	0.00743	0.03377	0.00815	0.00597	0.00321	0.00947
6	0.00859	0.00650	0.00744	0.00776	0.00897	0.00588	0.00532	0.00998	0.01396	0.01791	0.13490	0.23120	0.31442	0.18049	0.01380	0.00328	0.00417	0.01416	0.00591	0.00535
7	0.00839	0.00659	0.00762	0.00813	0.00972	0.00583	0.00598	0.01020	0.01500	0.01896	0.12905	0.26704	0.39931	0.01792	0.00821	0.00244	0.00372	0.06383	0.00636	0.00571
8	0.05077	0.01461	0.02266	0.04137	0.11240	0.01434	0.16152	0.13459	0.03630	0.28394	0.01901	0.02016	0.01342	0.03433	0.00787	0.00226	0.00759	0.00678	0.00585	0.01025
9	0.01675	0.01220	0.01895	0.04667	0.10912	0.01207	0.12025	0.12421	0.01755	0.13238	0.02428	0.28769	0.02380	0.01210	0.00757	0.00233	0.00662	0.01117	0.00568	0.00862
10	0.00818	0.00584	0.00779	0.00934	0.00973	0.00545	0.00623	0.00934	0.01285	0.01713	0.03698	0.75981	0.04438	0.02102	0.00856	0.00273	0.00389	0.01908	0.00623	0.00545
11	0.01610	0.01263	0.01489	0.03865	0.01765	0.01061	0.00902	0.08366	0.03849	0.06923	0.01376	0.01521	0.01081	0.00568	0.00538	0.00125	0.00541	0.00454	0.00457	0.62246
12	0.01227	0.01119	0.01869	0.19371	0.20175	0.01156	0.07652	0.01568	0.01495	0.02027	0.12620	0.17608	0.07110	0.01105	0.00744	0.00226	0.00667	0.01026	0.00463	0.00772
13	0.00844	0.00640	0.00778	0.00832	0.00960	0.00574	0.00590	0.01028	0.01518	0.01994	0.22114	0.36142	0.25975	0.01790	0.00820	0.00242	0.00355	0.01577	0.00653	0.00574
14	0.02651	0.01718	0.01914	0.01467	0.02000	0.01842	0.01212	0.55415	0.02885	0.19190	0.01837	0.01758	0.01255	0.00811	0.00672	0.00203	0.00702	0.00620	0.00706	0.01141
15	0.01230	0.01058	0.01156	0.01269	0.05737	0.07943	0.00907	0.01589	0.07364	0.03893	0.08014	0.21721	0.16094	0.01667	0.03406	0.00276	0.00595	0.14807	0.00585	0.00686
16	0.00858	0.00629	0.00780	0.00863	0.00950	0.00580	0.00594	0.01001	0.01378	0.01813	0.12452	0.43436	0.16875	0.10828	0.01146	0.00303	0.00411	0.03948	0.00611	0.00546
17	0.01313	0.00842	0.00917	0.00888	0.01073	0.00881	0.00656	0.08528	0.09964	0.02454	0.02555	0.20201	0.02396	0.05440	0.00777	0.00226	0.00420	0.00968	0.38804	0.00698
18	0.14349	0.01017	0.01201	0.01026	0.01389	0.00986	0.00829	0.02373	0.06158	0.31498	0.14511	0.03104	0.05330	0.00992	0.00657	0.00212	0.00486	0.04973	0.08030	0.00881
19	0.01093	0.00715	0.00925	0.00956	0.01093	0.00673	0.00691	0.04023	0.01593	0.07284	0.22259	0.43440	0.06854	0.01735	0.00818	0.00248	0.00403	0.03886	0.00671	0.00640
20	0.00874	0.00663	0.00770	0.00777	0.00919	0.00597	0.00549	0.01055	0.01520	0.01990	0.25836	0.16082	0.30430	0.13495	0.01217	0.00296	0.00389	0.01357	0.00625	0.00559
21	0.42687	0.01512	0.01446	0.01173	0.01646	0.01682	0.00968	0.28874	0.02009	0.10204	0.01366	0.01410	0.00980	0.00715	0.00541	0.00205	0.00610	0.00488	0.00556	0.00930
22	0.00972	0.00725	0.00852	0.00852	0.00997	0.00687	0.00612	0.03567	0.03128	0.02053	0.22386	0.16757	0.22387	0.15842	0.01302	0.00314	0.00434	0.04934	0.00616	0.00585
23	0.18593	0.00948	0.01049	0.00949	0.01247	0.00939	0.00746	0.03575	0.03443	0.15971	0.19696	0.10741	0.14403	0.01224	0.00694	0.00222	0.00449	0.03707	0.00649	0.00755
24	0.01198	0.00749	0.00990	0.00994	0.01096	0.00763	0.00730	0.07912	0.01325	0.01780	0.02326	0.18231	0.05081	0.02144	0.05592	0.35747	0.00611	0.09237	0.02987	0.00508
25	0.00840	0.00635	0.00767	0.00861	0.00968	0.00577	0.00608	0.00982	0.01366	0.01742	0.04606	0.43022	0.26534	0.06781	0.01007	0.00285	0.00408	0.06854	0.00608	0.00549
26	0.05374	0.01025	0.01309	0.01110	0.01480	0.00960	0.00875	0.02586	0.09322	0.40922	0.11578	0.15504	0.02746	0.01122	0.00712	0.00222	0.00500	0.00956	0.00750	0.00947

[dist]
# distance from previous block
# <min> <max>
0	1

[block]
# block no. 1 follows, 32 sequences, length 48
# corresponding to MSA columns:
# 41-88
name=unknown_B
#
# <colnr> <probs for GDERKNQSTAVLIFYWHMCP>
#	G	D	E	R	K	N	Q	S	T	A	V	L	I	F	Y	W	H	M	C	P
0	0.00995	0.00732	0.00850	0.00852	0.01011	0.00702	0.00626	0.04911	0.01427	0.01837	0.04277	0.13957	0.32227	0.11135	0.08402	0.06294	0.00583	0.05253	0.03366	0.00565
1	0.00822	0.00602	0.00773	0.00896	0.00966	0.00553	0.00609	0.00957	0.01351	0.01781	0.07935	0.63043	0.13229	0.02009	0.00845	0.00263	0.00379	0.01805	0.00629	0.00553
2	0.01391	0.01193	0.01391	0.00994	0.01590	0.00894	0.00795	0.01690	0.01391	0.02186	0.01193	0.01391	0.00994	0.00497	0.00497	0.00099	0.00497	0.00398	0.00398	0.80521
3	0.01167	0.00843	0.01076	0.01139	0.01304	0.00851	0.00917	0.09583	0.01655	0.02182	0.05373	0.26608	0.05898	0.04314	0.00952	0.00291	0.00549	0.34025	0.00622	0.00652
4	0.01581	0.34941	0.40513	0.01578	0.02366	0.04704	0.01864	0.02096	0.01412	0.01873	0.01082	0.01263	0.00855	0.00612	0.00547	0.00181	0.00882	0.00435	0.00287	0.00928
5	0.81159	0.01298	0.00986	0.00882	0.01298	0.01505	0.00727	0.01972	0.01142	0.03010	0.00934	0.01090	0.00727	0.00623	0.00415	0.00208	0.00519	0.00363	0.00415	0.00727
6	0.01575	0.01915	0.08289	0.09281	0.03451	0.04827	0.53894	0.02114	0.01547	0.02069	0.01303	0.01745	0.00984	0.00605	0.00806	0.00225	0.03422	0.00732	0.00331	0.00885
7	0.00962	0.00704	0.01002	0.01002	0.01095	0.00797	0.00743	0.01149	0.01056	0.01501	0.01868	0.03025	0.01846	0.20861	0.58162	0.00983	0.01543	0.00776	0.00370	0.00556
8	0.01365	0.01190	0.01987	0.70662	0.04458	0.01462	0.01814	0.01802	0.01374	0.05711	0.01274	0.01817	0.00938	0.00680	0.00671	0.00223	0.00876	0.00601	0.00328	0.00768
9	0.01460	0.01452	0.02005	0.57214	0.03976	0.09067	0.01744	0.04128	0.01429	0.01782	0.01159	0.01690	0.00898	0.00729	0.00822	0.00225	0.08564	0.00579	0.00315	0.00761
10	0.01669	0.01441	0.01517	0.01365	0.01745	0.01669	0.01062	0.03565	0.71021	0.02807	0.02731	0.02503	0.02048	0.00910	0.00683	0.00228	0.00531	0.00759	0.00683	0.01062
11	0.00959	0.00719	0.01078	0.01078	0.01198	0.00839	0.00839	0.01198	0.01078	0.01558	0.01797	0.02636	0.01677	0.05032	0.73760	0.01078	0.01797	0.00719	0.00359	0.00599
12	0.00802	0.00680	0.00692	0.00689	0.00912	0.00570	0.00517	0.00980	0.01550	0.01862	0.10461	0.06376	0.68266	0.01681	0.00793	0.00226	0.00339	0.01405	0.00630	0.00570
13	0.02551	0.01879	0.02014	0.01544	0.02081	0.02081	0.01275	0.69996	0.03155	0.04229	0.01611	0.01611	0.01141	0.00805	0.00671	0.00201	0.00738	0.00604	0.00671	0.01141
14	0.01346	0.03471	0.72942	0.01912	0.02904	0.01558	0.02479	0.02125	0.01417	0.02125	0.01204	0.01417	0.00850	0.00637	0.00637	0.00212	0.00992	0.00496	0.00283	0.00992
15	0.02506	0.03198	0.01901	0.01729	0.02074	0.73725	0.01296	0.02679	0.01901	0.01642	0.01037	0.01210	0.00864	0.00691	0.00605	0.00173	0.01210	0.00432	0.00346	0.00778
16	0.03010	0.01142	0.01557	0.01194	0.01713	0.00986	0.00986	0.03270	0.01920	0.72698	0.02647	0.02284	0.01661	0.00830	0.00675	0.00208	0.00571	0.00675	0.00830	0.01142
17	0.00818	0.00584	0.00779	0.00934	0.00973	0.00545	0.00623	0.00934	0.01285	0.01713	0.03698	0.75981	0.04438	0.02102	0.00856	0.00273	0.00389	0.01908	0.00623	0.00545
18	0.01038	0.00742	0.01032	0.01187	0.01322	0.00735	0.01007	0.01316	0.01502	0.01960	0.03576	0.18682	0.03955	0.01894	0.00915	0.00303	0.00581	0.57026	0.00619	0.00606
19	0.01391	0.01193	0.01391	0.00994	0.01590	0.00894	0.00795	0.01690	0.01391	0.02186	0.01193	0.01391	0.00994	0.00497	0.00497	0.00099	0.00497	0.00398	0.00398	0.80521
20	0.02551	0.01879	0.02014	0.01544	0.02081	0.02081	0.01275	0.69996	0.03155	0.04229	0.01611	0.01611	0.01141	0.00805	0.00671	0.00201	0.00738	0.00604	0.00671	0.01141
21	0.01584	0.01810	0.03959	0.02828	0.03507	0.01697	0.69796	0.02149	0.01584	0.02149	0.01357	0.01810	0.01018	0.00566	0.00792	0.00226	0.01131	0.00792	0.00339	0.00905
22	0.03010	0.01142	0.01557	0.01194	0.01713	0.00986	0.00986	0.03270	0.01920	0.72698	0.02647	0.02284	0.01661	0.00830	0.00675	0.00208	0.00571	0.00675	0.00830	0.01142
23	0.00959	0.00719	0.01078	0.01078	0.01198	0.00839	0.00839	0.01198	0.01078	0.01558	0.01797	0.02636	0.01677	0.05032	0.73760	0.01078	0.01797	0.00719	0.00359	0.00599
24	0.02551	0.01879	0.02014	0.01544	0.02081	0.02081	0.01275	0.69996	0.03155	0.04229	0.01611	0.01611	0.01141	0.00805	0.00671	0.00201	0.00738	0.00604	0.00671	0.01141
25	0.00959	0.00719	0.01078	0.01078	0.01198	0.00839	0.00839	0.01198	0.01078	0.01558	0.01797	0.02636	0.01677	0.05032	0.73760	0.01078	0.01797	0.00719	0.00359	0.00599
26	0.00976	0.00651	0.00732	0.00732	0.00732	0.00651	0.00407	0.00976	0.00976	0.01301	0.02114	0.04391	0.02439	0.76419	0.03415	0.00651	0.00651	0.00976	0.00407	0.00407
27	0.01267	0.01193	0.02013	0.74806	0.04621	0.01491	0.01863	0.01714	0.01342	0.01714	0.01193	0.01789	0.00894	0.00671	0.00671	0.00224	0.00894	0.00596	0.00298	0.00745
28	0.01346	0.03471	0.72942	0.01912	0.02904	0.01558	0.02479	0.02125	0.01417	0.02125	0.01204	0.01417	0.00850	0.00637	0.00637	0.00212	0.00992	0.00496	0.00283	0.00992
29	0.02108	0.01659	0.01764	0.01454	0.01912	0.01874	0.01168	0.36616	0.37256	0.03514	0.02174	0.02059	0.01597	0.00858	0.00677	0.00215	0.00634	0.00682	0.00677	0.01101
30	0.01346	0.03471	0.72942	0.01912	0.02904	0.01558	0.02479	0.02125	0.01417	0.02125	0.01204	0.01417	0.00850	0.00637	0.00637	0.00212	0.00992	0.00496	0.00283	0.00992
31	0.01166	0.00583	0.00874	0.00874	0.00874	0.00583	0.00583	0.00874	0.00874	0.01166	0.01166	0.02040	0.01166	0.02331	0.02622	0.80478	0.00583	0.00583	0.00291	0.00291
32	0.02506	0.03198	0.01901	0.01729	0.02074	0.73725	0.01296	0.02679	0.01901	0.01642	0.01037	0.01210	0.00864	0.00691	0.00605	0.00173	0.01210	0.00432	0.00346	0.00778
33	0.00833	0.00688	0.00735	0.00759	0.00952	0.00603	0.00555	0.01058	0.03948	0.01853	0.07903	0.20018	0.54266	0.01742	0.00802	0.00235	0.00356	0.01484	0.00628	0.00582
34	0.00834	0.00597	0.00793	0.00923	0.00977	0.00556	0.00624	0.00976	0.01361	0.01835	0.12190	0.67142	0.04674	0.02011	0.00848	0.00265	0.00380	0.01821	0.00637	0.00556
35	0.01267	0.01193	0.02013	0.74806	0.04621	0.01491	0.01863	0.01714	0.01342	0.01714	0.01193	0.01789	0.00894	0.00671	0.00671	0.00224	0.00894	0.00596	0.00298	0.00745
36	0.81159	0.01298	0.00986	0.00882	0.01298	0.01505	0.00727	0.01972	0.01142	0.03010	0.00934	0.01090	0.00727	0.00623	0.00415	0.00208	0.00519	0.00363	0.00415	0.00727
37	0.00959	0.00716	0.01063	0.01063	0.01178	0.00831	0.00820	0.01188	0.01074	0.01546	0.01811	0.02713	0.01711	0.08151	0.70686	0.01060	0.01747	0.00730	0.00362	0.00591
38	0.01267	0.01193	0.02013	0.74806	0.04621	0.01491	0.01863	0.01714	0.01342	0.01714	0.01193	0.01789	0.00894	0.00671	0.00671	0.00224	0.00894	0.00596	0.00298	0.00745
39	0.06574	0.01676	0.01771	0.03699	0.06465	0.06391	0.01212	0.25288	0.29439	0.07386	0.02005	0.01956	0.01476	0.00813	0.00657	0.00211	0.00673	0.00644	0.00617	0.01047
40	0.01567	0.02255	0.23347	0.02512	0.03273	0.01633	0.48356	0.02182	0.01548	0.04642	0.01360	0.01716	0.00993	0.00595	0.00744	0.00222	0.01072	0.00704	0.00341	0.00938
41	0.00810	0.00654	0.00721	0.00761	0.00931	0.00565	0.00549	0.00975	0.01486	0.01842	0.10186	0.25580	0.49016	0.01789	0.00810	0.00238	0.00352	0.01539	0.00631	0.00565
42	0.01461	0.18021	0.42721	0.02036	0.13577	0.01727	0.02016	0.02033	0.01456	0.02061	0.05874	0.01626	0.01252	0.00667	0.00610	0.00196	0.00859	0.00532	0.00322	0.00952
43	0.03746	0.04509	0.23690	0.04085	0.02123	0.05527	0.04458	0.04005	0.07211	0.09276	0.06877	0.06909	0.07961	0.00952	0.00778	0.00219	0.05558	0.00767	0.00475	0.00874
44	0.00932	0.00664	0.00841	0.00941	0.01007	0.00648	0.00661	0.01105	0.03138	0.01692	0.03325	0.39405	0.06006	0.21869	0.01547	0.00378	0.00505	0.14232	0.00566	0.00537
45	0.03656	0.03792	0.07923	0.10198	0.06100	0.03867	0.09773	0.03806	0.01655	0.04753	0.22635	0.03197	0.07206	0.03216	0.00794	0.00224	0.00672	0.02936	0.00506	0.03092
46	0.02036	0.20254	0.04635	0.01713	0.06049	0.28197	0.03637	0.08870	0.05847	0.02005	0.01208	0.01414	0.01004	0.00855	0.03047	0.00215	0.07274	0.00497	0.00376	0.00868
47	0.01480	0.01367	0.06734	0.04276	0.08938	0.05342	0.01206	0.11817	0.01774	0.04741	0.10995	0.14060	0.05019	0.03376	0.00881	0.00249	0.02927	0.13478	0.00551	0.00789

[dist]
# distance from previous block
# <min> <max>
0	15

[block]
# block no. 2 follows, 32 sequences, length 26
# corresponding to MSA columns:
# 104-129
name=unknown_C
#
# <colnr> <probs for GDERKNQSTAVLIFYWHMCP>
#	G	D	E	R	K	N	Q	S	T	A	V	L	I	F	Y	W	H	M	C	P
0	0.01835	0.04904	0.03668	0.01493	0.04102	0.01666	0.03495	0.16907	0.32344	0.04817	0.01983	0.01962	0.01496	0.00786	0.00689	0.00198	0.02931	0.00634	0.00577	0.13512
1	0.02047	0.01369	0.01489	0.01222	0.01630	0.04047	0.00980	0.25262	0.10317	0.17953	0.11496	0.03090	0.14069	0.01041	0.00706	0.00210	0.00576	0.00844	0.00694	0.00958
2	0.01610	0.17204	0.02352	0.11270	0.02286	0.01733	0.10194	0.08025	0.05390	0.04569	0.06480	0.02232	0.03215	0.00859	0.00867	0.00210	0.11285	0.03941	0.00434	0.05844
3	0.01537	0.18395	0.38049	0.01780	0.05323	0.01728	0.07169	0.04020	0.03319	0.04444	0.06886	0.01734	0.01376	0.00693	0.00622	0.00198	0.00850	0.00567	0.00366	0.00943
4	0.01329	0.01232	0.02004	0.62712	0.09340	0.01489	0.01790	0.03703	0.03553	0.01858	0.01448	0.01956	0.03377	0.00712	0.00675	0.00221	0.00853	0.00630	0.00334	0.00784
5	0.02364	0.02965	0.01807	0.01650	0.01968	0.66976	0.01231	0.02530	0.01820	0.01621	0.01124	0.01436	0.00980	0.04921	0.03597	0.00234	0.01203	0.00472	0.00350	0.00751
6	0.04309	0.04806	0.18160	0.08673	0.04903	0.07777	0.03897	0.02362	0.06625	0.18958	0.04773	0.08417	0.01689	0.00863	0.00667	0.00212	0.00759	0.00720	0.00507	0.00922
7	0.01119	0.01261	0.11122	0.01233	0.01616	0.00934	0.10051	0.01538	0.05297	0.04398	0.14620	0.10103	0.31404	0.01315	0.00767	0.00225	0.00552	0.01156	0.00566	0.00723
8	0.00957	0.00699	0.00914	0.00947	0.01099	0.00656	0.00746	0.01235	0.01696	0.02304	0.38620	0.13256	0.12302	0.01618	0.00837	0.00247	0.00412	0.20159	0.00680	0.00613
9	0.16637	0.01617	0.07860	0.01463	0.05626	0.01503	0.01211	0.21048	0.06440	0.27164	0.01862	0.01791	0.01273	0.00762	0.00624	0.00207	0.00653	0.00585	0.00629	0.01045
10	0.10081	0.01936	0.10444	0.01821	0.08688	0.01852	0.05555	0.38183	0.09151	0.03402	0.01557	0.01640	0.01139	0.00744	0.00649	0.00207	0.00755	0.00593	0.00549	0.01052
11	0.01166	0.00583	0.00874	0.00874	0.00874	0.00583	0.00583	0.00874	0.00874	0.01166	0.01166	0.02040	0.01166	0.02331	0.02622	0.80478	0.00583	0.00583	0.00291	0.00291
12	0.00856	0.00611	0.00823	0.00978	0.01034	0.00578	0.00689	0.01001	0.01322	0.01756	0.03677	0.66039	0.04354	0.02066	0.00867	0.00278	0.00423	0.11471	0.00622	0.00556
13	0.01544	0.02429	0.28027	0.08860	0.03197	0.06997	0.31106	0.02213	0.05069	0.02097	0.01334	0.01659	0.00988	0.00628	0.00707	0.00217	0.01035	0.00640	0.00334	0.00920
14	0.01485	0.16119	0.53440	0.01835	0.02707	0.04528	0.06777	0.02128	0.01437	0.02013	0.01161	0.01376	0.00864	0.00624	0.00611	0.00200	0.00962	0.00490	0.00290	0.00955
15	0.00976	0.00715	0.00916	0.00867	0.00944	0.00712	0.03515	0.01058	0.01090	0.01443	0.02653	0.04296	0.11445	0.52866	0.13177	0.00638	0.00797	0.00989	0.00425	0.00477
16	0.81159	0.01298	0.00986	0.00882	0.01298	0.01505	0.00727	0.01972	0.01142	0.03010	0.00934	0.01090	0.00727	0.00623	0.00415	0.00208	0.00519	0.00363	0.00415	0.00727
17	0.01547	0.00943	0.01166	0.01065	0.01340	0.00930	0.00831	0.02157	0.16484	0.18026	0.25648	0.11853	0.07361	0.01288	0.00760	0.00229	0.00452	0.06378	0.00719	0.00823
18	0.01661	0.01594	0.02724	0.04119	0.72233	0.01594	0.02059	0.02059	0.01528	0.02192	0.01262	0.01661	0.01063	0.00598	0.00664	0.00199	0.00797	0.00598	0.00332	0.01063
19	0.01743	0.01424	0.01547	0.01375	0.01744	0.01646	0.01078	0.03447	0.63128	0.07117	0.02631	0.02437	0.01964	0.00919	0.00760	0.00230	0.04343	0.00745	0.00672	0.01050
20	0.02816	0.04143	0.01814	0.01325	0.01856	0.01308	0.03511	0.17459	0.02152	0.52881	0.02316	0.02078	0.01497	0.00806	0.00669	0.00205	0.00632	0.00652	0.00759	0.01123
21	0.00904	0.00712	0.00820	0.00809	0.00996	0.00649	0.00600	0.01218	0.05373	0.02198	0.31657	0.13300	0.35181	0.01573	0.00793	0.00226	0.00346	0.01356	0.00671	0.00617
22	0.01095	0.00928	0.01244	0.01197	0.01311	0.04237	0.00942	0.01319	0.01108	0.01569	0.01643	0.02418	0.01536	0.04330	0.61063	0.00935	0.11461	0.00689	0.00350	0.00625
23	0.01567	0.08059	0.19223	0.09229	0.11652	0.06752	0.08041	0.02099	0.06436	0.01956	0.01231	0.01570	0.00993	0.00767	0.00991	0.00224	0.17417	0.00570	0.00332	0.00892
24	0.02128	0.37720	0.02675	0.01446	0.01895	0.33046	0.01233	0.06150	0.01681	0.01758	0.01014	0.01181	0.00879	0.00664	0.00596	0.00166	0.04183	0.00414	0.00334	0.00836
25	0.01761	0.09659	0.33205	0.04297	0.02477	0.08704	0.04912	0.06774	0.03601	0.08675	0.01360	0.01520	0.01000	0.00683	0.00679	0.00198	0.03654	0.00522	0.00388	0.05931

[dist]
# distance from previous block
# <min> <max>
0	1

[block]
# block no. 3 follows, 32 sequences, length 150
# corresponding to MSA columns:
# 131-280
name=unknown_D
#
# <colnr> <probs for GDERKNQSTAVLIFYWHMCP>
#	G	D	E	R	K	N	Q	S	T	A	V	L	I	F	Y	W	H	M	C	P
0	0.01356	0.10658	0.01675	0.03471	0.01562	0.07444	0.01064	0.01664	0.05881	0.01660	0.01543	0.02261	0.01436	0.05018	0.31065	0.03315	0.15100	0.02771	0.00364	0.00692
1	0.71318	0.01391	0.01189	0.03123	0.03430	0.04253	0.02947	0.02000	0.01200	0.02873	0.00967	0.01152	0.00755	0.00624	0.00448	0.00207	0.00582	0.00392	0.00405	0.00744
2	0.01617	0.46014	0.30231	0.01543	0.04572	0.02197	0.01692	0.02055	0.01389	0.01810	0.01049	0.01227	0.00864	0.00599	0.00518	0.00172	0.00826	0.00420	0.00287	0.00918
3	0.01773	0.01478	0.01568	0.01372	0.01767	0.01691	0.01078	0.13374	0.58289	0.03014	0.05187	0.02466	0.02076	0.00912	0.00685	0.00223	0.00554	0.00753	0.00683	0.01058
4	0.00818	0.00584	0.00779	0.00934	0.00973	0.00545	0.00623	0.00934	0.01285	0.01713	0.03698	0.75981	0.04438	0.02102	0.00856	0.00273	0.00389	0.01908	0.00623	0.00545
5	0.00959	0.00719	0.01078	0.01078	0.01198	0.00839	0.00839	0.01198	0.01078	0.01558	0.01797	0.02636	0.01677	0.05032	0.73760	0.01078	0.01797	0.00719	0.00359	0.00599
6	0.76236	0.01288	0.01022	0.00902	0.01324	0.01473	0.00743	0.02054	0.01191	0.07400	0.01042	0.01165	0.00786	0.00636	0.00432	0.00208	0.00522	0.00383	0.00441	0.00753
7	0.00889	0.00677	0.00817	0.00796	0.00969	0.00605	0.00592	0.01143	0.01735	0.02334	0.45719	0.10459	0.27762	0.01531	0.00796	0.00220	0.00329	0.01329	0.00693	0.00605
8	0.00952	0.00676	0.00948	0.00991	0.01063	0.00658	0.03224	0.01060	0.01234	0.01654	0.05610	0.37027	0.03463	0.19004	0.05219	0.06958	0.00584	0.08629	0.00527	0.00520
9	0.01617	0.01716	0.02033	0.01757	0.01806	0.12325	0.01443	0.01767	0.01153	0.01619	0.00903	0.01431	0.00878	0.01105	0.01973	0.00276	0.64590	0.00565	0.00301	0.00740
10	0.02814	0.01266	0.01611	0.01256	0.01763	0.01195	0.01030	0.11714	0.09220	0.56840	0.02525	0.02222	0.01635	0.00836	0.00675	0.00209	0.00588	0.00675	0.00795	0.01134
11	0.01609	0.01417	0.03988	0.01313	0.01909	0.01179	0.08572	0.08966	0.06001	0.05072	0.01406	0.01565	0.01099	0.00579	0.00570	0.00140	0.00612	0.00499	0.00450	0.53056
12	0.01267	0.01193	0.02013	0.74806	0.04621	0.01491	0.01863	0.01714	0.01342	0.01714	0.01193	0.01789	0.00894	0.00671	0.00671	0.00224	0.00894	0.00596	0.00298	0.00745
13	0.81159	0.01298	0.00986	0.00882	0.01298	0.01505	0.00727	0.01972	0.01142	0.03010	0.00934	0.01090	0.00727	0.00623	0.00415	0.00208	0.00519	0.00363	0.00415	0.00727
14	0.01794	0.76823	0.03516	0.01148	0.01722	0.02655	0.01148	0.02009	0.01363	0.01579	0.00933	0.01076	0.00861	0.00574	0.00431	0.00144	0.00718	0.00359	0.00287	0.00861
15	0.81159	0.01298	0.00986	0.00882	0.01298	0.01505	0.00727	0.01972	0.01142	0.03010	0.00934	0.01090	0.00727	0.00623	0.00415	0.00208	0.00519	0.00363	0.00415	0.00727
16	0.01669	0.01441	0.01517	0.01365	0.01745	0.01669	0.01062	0.03565	0.71021	0.02807	0.02731	0.02503	0.02048	0.00910	0.00683	0.00228	0.00531	0.00759	0.00683	0.01062
17	0.01346	0.03471	0.72942	0.01912	0.02904	0.01558	0.02479	0.02125	0.01417	0.02125	0.01204	0.01417	0.00850	0.00637	0.00637	0.00212	0.00992	0.00496	0.00283	0.00992
18	0.02978	0.01194	0.01590	0.01219	0.01739	0.01064	0.01007	0.08011	0.02008	0.67833	0.02574	0.02236	0.01624	0.00829	0.00675	0.00207	0.00583	0.00670	0.00819	0.01142
19	0.00998	0.00744	0.00965	0.01071	0.01245	0.00711	0.00910	0.01269	0.01552	0.01977	0.06690	0.07180	0.22578	0.01796	0.00886	0.00283	0.00532	0.47385	0.00623	0.00604
20	0.00989	0.00687	0.00895	0.00860	0.01017	0.00631	0.00638	0.01275	0.01813	0.04594	0.59414	0.13614	0.08125	0.01456	0.00796	0.00219	0.00334	0.01289	0.00723	0.00635
21	0.00815	0.00592	0.00770	0.00912	0.00967	0.00547	0.00613	0.00937	0.01306	0.01722	0.03971	0.69868	0.10375	0.02067	0.00851	0.00268	0.00385	0.01864	0.00623	0.00547
22	0.02785	0.01175	0.01524	0.01191	0.01679	0.01076	0.00976	0.07459	0.06276	0.59469	0.02557	0.02268	0.01656	0.00831	0.00662	0.00205	0.00563	0.00672	0.05872	0.01104
23	0.01846	0.00893	0.01149	0.00976	0.01312	0.00781	0.00778	0.02102	0.01811	0.34023	0.23199	0.04203	0.19571	0.01220	0.00744	0.00216	0.00446	0.03134	0.00749	0.00846
24	0.01391	0.01193	0.01391	0.00994	0.01590	0.00894	0.00795	0.01690	0.01391	0.02186	0.01193	0.01391	0.00994	0.00497	0.00497	0.00099	0.00497	0.00398	0.00398	0.80521
25	0.01166	0.00583	0.00874	0.00874	0.00874	0.00583	0.00583	0.00874	0.00874	0.01166	0.01166	0.02040	0.01166	0.02331	0.02622	0.80478	0.00583	0.00583	0.00291	0.00291
26	0.01246	0.01209	0.05859	0.01462	0.08181	0.03470	0.01056	0.01662	0.09589	0.01799	0.04445	0.04842	0.01928	0.20390	0.20644	0.00556	0.09759	0.00788	0.00416	0.00699
27	0.02408	0.02991	0.01856	0.01686	0.02035	0.65219	0.01269	0.02784	0.10061	0.01780	0.01237	0.01363	0.01004	0.00717	0.00614	0.00179	0.01130	0.00471	0.00386	0.00811
28	0.15704	0.01452	0.07684	0.01225	0.01679	0.01335	0.01075	0.16033	0.08133	0.18912	0.15079	0.02569	0.02308	0.00915	0.00657	0.00212	0.00583	0.02867	0.00641	0.00937
29	0.01727	0.54946	0.20112	0.01365	0.02027	0.06488	0.01477	0.02076	0.01407	0.01714	0.01004	0.01166	0.00859	0.00596	0.00490	0.00162	0.00812	0.00396	0.00290	0.00888
30	0.55939	0.15722	0.01605	0.03168	0.03162	0.07354	0.00914	0.02029	0.01257	0.02578	0.00957	0.01130	0.00775	0.00620	0.00446	0.00193	0.00627	0.00380	0.00380	0.00764
31	0.01356	0.07135	0.44928	0.01964	0.06327	0.01503	0.11157	0.01955	0.01421	0.02035	0.01534	0.08269	0.01345	0.03046	0.00759	0.00231	0.00908	0.02883	0.00338	0.00907
32	0.01032	0.05438	0.01021	0.00865	0.00936	0.00846	0.00586	0.01122	0.01105	0.01500	0.07768	0.05847	0.02537	0.48426	0.15477	0.00638	0.03009	0.00926	0.00421	0.00502
33	0.02506	0.03198	0.01901	0.01729	0.02074	0.73725	0.01296	0.02679	0.01901	0.01642	0.01037	0.01210	0.00864	0.00691	0.00605	0.00173	0.01210	0.00432	0.00346	0.00778
34	0.01188	0.01057	0.01052	0.01006	0.01231	0.07219	0.00753	0.01777	0.16848	0.02288	0.26161	0.13130	0.20927	0.01381	0.00760	0.00223	0.00456	0.01180	0.00649	0.00712
35	0.67660	0.01494	0.01154	0.01009	0.01432	0.06852	0.00822	0.08720	0.01396	0.03030	0.01008	0.01150	0.00778	0.00646	0.00454	0.00204	0.00591	0.00392	0.00435	0.00771
36	0.81159	0.01298	0.00986	0.00882	0.01298	0.01505	0.00727	0.01972	0.01142	0.03010	0.00934	0.01090	0.00727	0.00623	0.00415	0.00208	0.00519	0.00363	0.00415	0.00727
37	0.02290	0.01079	0.01391	0.01132	0.01539	0.01007	0.00910	0.04905	0.10038	0.43672	0.21077	0.03015	0.02934	0.00983	0.00707	0.00211	0.00504	0.00826	0.00784	0.00997
38	0.06688	0.01284	0.01613	0.01243	0.01760	0.01211	0.01026	0.15381	0.02108	0.56852	0.02376	0.02104	0.01521	0.00816	0.00662	0.00206	0.00599	0.00647	0.00781	0.01122
39	0.00822	0.00591	0.00780	0.00922	0.00972	0.00549	0.00620	0.00948	0.01316	0.01753	0.06387	0.71000	0.06733	0.02061	0.00852	0.00269	0.00385	0.01865	0.00627	0.00549
40	0.48479	0.01268	0.01247	0.01029	0.01489	0.01341	0.00849	0.05726	0.01527	0.28837	0.01600	0.01557	0.01092	0.00708	0.00524	0.00207	0.00549	0.00490	0.00581	0.00900
41	0.00934	0.00765	0.00833	0.00802	0.01026	0.00707	0.00605	0.01335	0.09286	0.02170	0.24739	0.05614	0.45718	0.01520	0.00780	0.00222	0.00354	0.01286	0.00662	0.00640
42	0.07772	0.01538	0.01724	0.01344	0.01854	0.03817	0.01104	0.31413	0.04417	0.34946	0.02050	0.01895	0.01367	0.00804	0.00655	0.00204	0.00658	0.00620	0.00717	0.01101
43	0.00834	0.00596	0.00798	0.00953	0.00999	0.00559	0.00652	0.00963	0.01301	0.01731	0.03689	0.71671	0.04402	0.02086	0.00861	0.00275	0.00404	0.06053	0.00623	0.00550
44	0.07242	0.01263	0.01482	0.01236	0.01654	0.01290	0.00992	0.14700	0.16047	0.30736	0.04469	0.09855	0.02068	0.01004	0.00689	0.00220	0.00565	0.02765	0.00716	0.01009
45	0.01290	0.01226	0.02101	0.70155	0.06694	0.01501	0.04177	0.01740	0.01356	0.01744	0.01200	0.01786	0.00904	0.00665	0.00675	0.00223	0.00899	0.00603	0.00301	0.00761
46	0.00967	0.00686	0.00914	0.00914	0.00977	0.00749	0.00634	0.01093	0.01030	0.01436	0.01948	0.03469	0.02039	0.38903	0.40384	0.00875	0.01253	0.00841	0.00382	0.00508
47	0.00970	0.00648	0.00733	0.00739	0.00740	0.00647	0.00414	0.00974	0.00987	0.01316	0.02171	0.06950	0.02511	0.73763	0.03324	0.00637	0.00641	0.01009	0.00414	0.00412
48	0.02538	0.01841	0.02020	0.01618	0.04449	0.02021	0.01291	0.65070	0.03051	0.06847	0.01640	0.01639	0.01159	0.00799	0.00671	0.00202	0.00734	0.00607	0.00666	0.01138
49	0.01267	0.01193	0.02013	0.74806	0.04621	0.01491	0.01863	0.01714	0.01342	0.01714	0.01193	0.01789	0.00894	0.00671	0.00671	0.00224	0.00894	0.00596	0.00298	0.00745
50	0.01166	0.00583	0.00874	0.00874	0.00874	0.00583	0.00583	0.00874	0.00874	0.01166	0.01166	0.02040	0.01166	0.02331	0.02622	0.80478	0.00583	0.00583	0.00291	0.00291
51	0.01391	0.01193	0.01391	0.00994	0.01590	0.00894	0.00795	0.01690	0.01391	0.02186	0.01193	0.01391	0.00994	0.00497	0.00497	0.00099	0.00497	0.00398	0.00398	0.80521
52	0.00907	0.00674	0.00845	0.00825	0.00982	0.00612	0.00610	0.01176	0.01766	0.02427	0.52827	0.13084	0.17764	0.01510	0.00799	0.00221	0.00329	0.01326	0.00705	0.00612
53	0.01166	0.00583	0.00874	0.00874	0.00874	0.00583	0.00583	0.00874	0.00874	0.01166	0.01166	0.02040	0.01166	0.02331	0.02622	0.80478	0.00583	0.00583	0.00291	0.00291
54	0.02551	0.01879	0.02014	0.01544	0.02081	0.02081	0.01275	0.69996	0.03155	0.04229	0.01611	0.01611	0.01141	0.00805	0.00671	0.00201	0.00738	0.00604	0.00671	0.01141
55	0.01648	0.01581	0.02700	0.06422	0.70030	0.01591	0.02053	0.02048	0.01522	0.02177	0.01260	0.01665	0.01057	0.00600	0.00664	0.00200	0.00800	0.00598	0.00331	0.01052
56	0.02506	0.03198	0.01901	0.01729	0.02074	0.73725	0.01296	0.02679	0.01901	0.01642	0.01037	0.01210	0.00864	0.00691	0.00605	0.00173	0.01210	0.00432	0.00346	0.00778
57	0.00794	0.00677	0.00683	0.00688	0.00909	0.00566	0.00514	0.00962	0.01521	0.01809	0.06694	0.08772	0.69713	0.01713	0.00795	0.00228	0.00342	0.01432	0.00623	0.00566
58	0.00799	0.00680	0.00688	0.00686	0.00910	0.00569	0.00514	0.00974	0.01543	0.01846	0.09236	0.06403	0.69501	0.01687	0.00793	0.00226	0.00339	0.01409	0.00627	0.00569
59	0.00888	0.00675	0.00817	0.00798	0.00969	0.00604	0.00592	0.01141	0.01729	0.02326	0.45191	0.11331	0.27419	0.01538	0.00797	0.00221	0.00330	0.01336	0.00692	0.00604
60	0.00950	0.00686	0.00897	0.00844	0.01002	0.00633	0.00633	0.01266	0.01899	0.02691	0.71879	0.05012	0.06331	0.01372	0.00791	0.00211	0.00317	0.01213	0.00739	0.00633
61	0.00917	0.00635	0.00740	0.00782	0.00813	0.00615	0.00474	0.00963	0.01108	0.01457	0.02953	0.23988	0.09054	0.49736	0.02492	0.00511	0.00553	0.01267	0.00484	0.00458
62	0.02485	0.01844	0.01978	0.01521	0.02054	0.02031	0.01254	0.65617	0.05499	0.04118	0.01638	0.01636	0.01169	0.00800	0.00666	0.00199	0.00724	0.00603	0.00663	0.03501
63	0.01461	0.08366	0.61219	0.01960	0.06822	0.01614	0.02304	0.02158	0.01439	0.04861	0.01245	0.01441	0.00895	0.00638	0.00626	0.00207	0.00945	0.00499	0.00308	0.00993
64	0.02234	0.31351	0.02519	0.01507	0.01940	0.46549	0.01240	0.02423	0.01696	0.01618	0.00997	0.01159	0.00863	0.00647	0.00538	0.00162	0.01022	0.00404	0.00323	0.00810
65	0.01545	0.01250	0.01446	0.01058	0.01636	0.01020	0.00849	0.06398	0.05375	0.04999	0.01360	0.01501	0.01087	0.00553	0.00525	0.00117	0.00518	0.00442	0.00448	0.67874
66	0.08133	0.09045	0.04405	0.20502	0.19659	0.06104	0.04290	0.04103	0.01434	0.02033	0.01152	0.01550	0.00945	0.00714	0.00835	0.00213	0.11310	0.00548	0.02169	0.00856
67	0.09773	0.06161	0.04245	0.01361	0.05218	0.01306	0.01096	0.07505	0.04422	0.41517	0.06508	0.02141	0.01713	0.00823	0.00689	0.00207	0.02971	0.00645	0.00673	0.01028
68	0.02788	0.01498	0.01778	0.01363	0.01891	0.01515	0.01126	0.35496	0.02517	0.39630	0.02147	0.01959	0.01410	0.00818	0.00673	0.00205	0.00652	0.00641	0.00754	0.01142
69	0.00839	0.00600	0.00804	0.00959	0.01008	0.00564	0.00661	0.00972	0.01306	0.01737	0.03686	0.70317	0.04390	0.02082	0.00862	0.00276	0.00408	0.07356	0.00622	0.00551
70	0.01377	0.01270	0.02082	0.63832	0.11107	0.01533	0.01850	0.05520	0.01460	0.01900	0.01223	0.01767	0.00925	0.00671	0.00670	0.00220	0.00876	0.00597	0.00322	0.00798
71	0.02650	0.01720	0.01915	0.01468	0.02001	0.01844	0.01213	0.55561	0.02888	0.19041	0.01835	0.01757	0.01254	0.00811	0.00672	0.00203	0.00702	0.00619	0.00706	0.01141
72	0.01166	0.00583	0.00874	0.00874	0.00874	0.00583	0.00583	0.00874	0.00874	0.01166	0.01166	0.02040	0.01166	0.02331	0.02622	0.80478	0.00583	0.00583	0.00291	0.00291
73	0.00976	0.00674	0.00861	0.00824	0.00977	0.00628	0.00615	0.01283	0.01816	0.02623	0.60923	0.08152	0.05732	0.01342	0.00759	0.00208	0.00320	0.01182	0.09477	0.00628
74	0.01536	0.13491	0.34187	0.01978	0.05336	0.03839	0.13500	0.02210	0.07544	0.02056	0.01296	0.01537	0.00997	0.00684	0.00766	0.00211	0.07002	0.00559	0.00333	0.00940
75	0.03010	0.01142	0.01557	0.01194	0.01713	0.00986	0.00986	0.03270	0.01920	0.72698	0.02647	0.02284	0.01661	0.00830	0.00675	0.00208	0.00571	0.00675	0.00830	0.01142
76	0.00959	0.00719	0.01078	0.01078	0.01198	0.00839	0.00839	0.01198	0.01078	0.01558	0.01797	0.02636	0.01677	0.05032	0.73760	0.01078	0.01797	0.00719	0.00359	0.00599
77	0.01449	0.01440	0.02018	0.01736	0.01740	0.02009	0.01444	0.01599	0.01030	0.01613	0.00916	0.01512	0.00911	0.01321	0.04917	0.00323	0.72407	0.00592	0.00296	0.00729
78	0.05615	0.01637	0.01593	0.03796	0.01872	0.09264	0.01121	0.07137	0.52092	0.02706	0.02296	0.02193	0.01735	0.00867	0.00706	0.00221	0.02852	0.00686	0.00610	0.01001
79	0.02415	0.01902	0.02056	0.01809	0.09237	0.05969	0.01346	0.56134	0.06186	0.03809	0.01598	0.01637	0.01161	0.00783	0.00667	0.00201	0.00760	0.00601	0.00619	0.01109
80	0.00818	0.00584	0.00779	0.00934	0.00973	0.00545	0.00623	0.00934	0.01285	0.01713	0.03698	0.75981	0.04438	0.02102	0.00856	0.00273	0.00389	0.01908	0.00623	0.00545
81	0.01794	0.76823	0.03516	0.01148	0.01722	0.02655	0.01148	0.02009	0.01363	0.01579	0.00933	0.01076	0.00861	0.00574	0.00431	0.00144	0.00718	0.00359	0.00287	0.00861
82	0.00825	0.00587	0.00776	0.00925	0.00962	0.00550	0.00612	0.00936	0.01270	0.01693	0.03622	0.72535	0.04342	0.05679	0.00980	0.00291	0.00402	0.01863	0.00612	0.00538
83	0.01669	0.01441	0.01517	0.01365	0.01745	0.01669	0.01062	0.03565	0.71021	0.02807	0.02731	0.02503	0.02048	0.00910	0.00683	0.00228	0.00531	0.00759	0.00683	0.01062
84	0.78504	0.01292	0.01006	0.00893	0.01312	0.01488	0.00735	0.02016	0.01168	0.05377	0.00992	0.01131	0.00758	0.00630	0.00424	0.00208	0.00521	0.00374	0.00429	0.00741
85	0.81159	0.01298	0.00986	0.00882	0.01298	0.01505	0.00727	0.01972	0.01142	0.03010	0.00934	0.01090	0.00727	0.00623	0.00415	0.00208	0.00519	0.00363	0.00415	0.00727
86	0.02551	0.01879	0.02014	0.01544	0.02081	0.02081	0.01275	0.69996	0.03155	0.04229	0.01611	0.01611	0.01141	0.00805	0.00671	0.00201	0.00738	0.00604	0.00671	0.01141
87	0.00794	0.00675	0.00685	0.00692	0.00910	0.00565	0.00515	0.00962	0.01517	0.01808	0.06643	0.09924	0.68594	0.01719	0.00796	0.00229	0.00342	0.01441	0.00623	0.00565
88	0.01346	0.03471	0.72942	0.01912	0.02904	0.01558	0.02479	0.02125	0.01417	0.02125	0.01204	0.01417	0.00850	0.00637	0.00637	0.00212	0.00992	0.00496	0.00283	0.00992
89	0.02865	0.01376	0.01702	0.01305	0.01830	0.01333	0.01078	0.24439	0.02312	0.50976	0.02318	0.02070	0.01496	0.00823	0.00674	0.00206	0.00624	0.00652	0.00780	0.01142
90	0.03010	0.01142	0.01557	0.01194	0.01713	0.00986	0.00986	0.03270	0.01920	0.72698	0.02647	0.02284	0.01661	0.00830	0.00675	0.00208	0.00571	0.00675	0.00830	0.01142
91	0.00861	0.00682	0.00774	0.00751	0.00948	0.00595	0.00563	0.01095	0.01690	0.02195	0.35131	0.05828	0.43389	0.01557	0.00792	0.00220	0.00330	0.01328	0.00673	0.00595
92	0.01044	0.00847	0.00954	0.00896	0.01068	0.05319	0.00672	0.01347	0.01888	0.02595	0.65254	0.04815	0.08080	0.01339	0.00779	0.00209	0.00375	0.01170	0.00710	0.00640
93	0.00830	0.00600	0.00787	0.00923	0.00983	0.00557	0.00630	0.00965	0.01335	0.01772	0.06930	0.66321	0.08835	0.02036	0.00852	0.00268	0.00390	0.03807	0.00628	0.00552
94	0.01794	0.76823	0.03516	0.01148	0.01722	0.02655	0.01148	0.02009	0.01363	0.01579	0.00933	0.01076	0.00861	0.00574	0.00431	0.00144	0.00718	0.00359	0.00287	0.00861
95	0.01021	0.00755	0.01073	0.01055	0.01177	0.00864	0.00805	0.03782	0.01145	0.01629	0.01827	0.02802	0.01746	0.13224	0.62757	0.00995	0.01623	0.00745	0.00377	0.00597
96	0.01730	0.01261	0.01481	0.01080	0.01660	0.01036	0.00872	0.09338	0.01653	0.11664	0.01429	0.01532	0.01097	0.00574	0.00539	0.00125	0.00533	0.00456	0.00484	0.61454
97	0.53114	0.01564	0.04010	0.01132	0.01607	0.01691	0.00967	0.23658	0.01794	0.03366	0.01160	0.01268	0.00863	0.00682	0.00505	0.00206	0.00607	0.00445	0.00492	0.00869
98	0.01840	0.01798	0.11918	0.01622	0.07762	0.08360	0.01315	0.08961	0.22364	0.11517	0.13142	0.02440	0.02228	0.00877	0.00682	0.00210	0.00675	0.00723	0.00590	0.00974
99	0.05171	0.02740	0.09644	0.01660	0.02139	0.40437	0.01398	0.24089	0.02222	0.02569	0.01235	0.01356	0.00946	0.00720	0.00623	0.00188	0.01011	0.00492	0.00445	0.00915
100	0.01806	0.69621	0.06900	0.01214	0.01798	0.06021	0.01222	0.02047	0.01392	0.01609	0.00951	0.01100	0.00861	0.00583	0.00449	0.00148	0.00755	0.00369	0.00290	0.00864
101	0.00987	0.00731	0.01025	0.07431	0.01323	0.00818	0.00765	0.01154	0.01072	0.01484	0.01926	0.05785	0.01981	0.30318	0.39363	0.00820	0.01254	0.00843	0.00380	0.00541
102	0.00966	0.00646	0.00735	0.00745	0.00747	0.00644	0.00420	0.00973	0.00996	0.01327	0.02216	0.08982	0.02568	0.71653	0.03251	0.00626	0.00634	0.01036	0.00420	0.00415
103	0.01624	0.30904	0.23363	0.04778	0.12913	0.04304	0.09328	0.02076	0.01444	0.01898	0.01121	0.01374	0.00907	0.00602	0.00580	0.00185	0.00877	0.00493	0.00301	0.00927
104	0.01023	0.00809	0.01183	0.01146	0.01245	0.00981	0.00896	0.01239	0.01067	0.01552	0.01699	0.02578	0.01616	0.08112	0.61338	0.00959	0.10883	0.00715	0.00354	0.00606
105	0.00994	0.00739	0.00936	0.00912	0.01085	0.00706	0.00701	0.01391	0.06220	0.02519	0.52361	0.07939	0.10632	0.01448	0.00802	0.00227	0.00368	0.08660	0.00709	0.00650
106	0.01353	0.03420	0.70854	0.01940	0.02922	0.01562	0.04517	0.02126	0.01422	0.02126	0.01209	0.01429	0.00855	0.00635	0.00642	0.00213	0.00996	0.00505	0.00285	0.00989
107	0.00823	0.00670	0.00729	0.00737	0.00931	0.00576	0.00544	0.01013	0.01567	0.01955	0.17811	0.13975	0.52959	0.01687	0.00800	0.00229	0.00341	0.01436	0.00643	0.00576
108	0.04748	0.01353	0.01520	0.01318	0.01540	0.05941	0.01038	0.20698	0.01690	0.02342	0.01539	0.02245	0.01404	0.13514	0.21624	0.00529	0.15080	0.00669	0.00443	0.00764
109	0.00960	0.00713	0.01050	0.01050	0.01160	0.00823	0.00803	0.01180	0.01070	0.01537	0.01823	0.02780	0.01740	0.10876	0.68001	0.01043	0.01703	0.00740	0.00363	0.00583
110	0.04464	0.36762	0.11460	0.01394	0.01927	0.13365	0.01336	0.04784	0.01550	0.09635	0.01193	0.01324	0.00956	0.00686	0.00657	0.00180	0.06613	0.00449	0.00375	0.00892
111	0.81159	0.01298	0.00986	0.00882	0.01298	0.01505	0.00727	0.01972	0.01142	0.03010	0.00934	0.01090	0.00727	0.00623	0.00415	0.00208	0.00519	0.00363	0.00415	0.00727
112	0.00821	0.00596	0.00781	0.00919	0.00976	0.00557	0.00622	0.00946	0.01297	0.01715	0.03877	0.67819	0.09720	0.02175	0.03457	0.00298	0.00436	0.01826	0.00613	0.00549
113	0.02506	0.03198	0.01901	0.01729	0.02074	0.73725	0.01296	0.02679	0.01901	0.01642	0.01037	0.01210	0.00864	0.00691	0.00605	0.00173	0.01210	0.00432	0.00346	0.00778
114	0.81159	0.01298	0.00986	0.00882	0.01298	0.01505	0.00727	0.01972	0.01142	0.03010	0.00934	0.01090	0.00727	0.00623	0.00415	0.00208	0.00519	0.00363	0.00415	0.00727
115	0.09572	0.03037	0.59574	0.01734	0.02615	0.01492	0.02162	0.02134	0.01430	0.05633	0.03772	0.01553	0.01072	0.00672	0.00622	0.00212	0.00899	0.00517	0.00339	0.00959
116	0.00933	0.00771	0.03244	0.01019	0.01132	0.00696	0.00752	0.01250	0.07467	0.01888	0.06804	0.59340	0.04164	0.01898	0.00835	0.00266	0.00432	0.05872	0.00622	0.00614
117	0.01391	0.01193	0.01391	0.00994	0.01590	0.00894	0.00795	0.01690	0.01391	0.02186	0.01193	0.01391	0.00994	0.00497	0.00497	0.00099	0.00497	0.00398	0.00398	0.80521
118	0.02506	0.03198	0.01901	0.01729	0.02074	0.73725	0.01296	0.02679	0.01901	0.01642	0.01037	0.01210	0.00864	0.00691	0.00605	0.00173	0.01210	0.00432	0.00346	0.00778
119	0.00818	0.00584	0.00779	0.00934	0.00973	0.00545	0.00623	0.00934	0.01285	0.01713	0.03698	0.75981	0.04438	0.02102	0.00856	0.00273	0.00389	0.01908	0.00623	0.00545
120	0.01794	0.76823	0.03516	0.01148	0.01722	0.02655	0.01148	0.02009	0.01363	0.01579	0.00933	0.01076	0.00861	0.00574	0.00431	0.00144	0.00718	0.00359	0.00287	0.00861
121	0.00843	0.00608	0.00804	0.00952	0.01012	0.00569	0.00663	0.00981	0.01323	0.01747	0.03838	0.65658	0.07747	0.02057	0.00860	0.00274	0.00410	0.08479	0.00622	0.00553
122	0.00927	0.00673	0.00874	0.00849	0.00995	0.00620	0.00627	0.01213	0.01808	0.02534	0.60828	0.13913	0.08671	0.01476	0.00800	0.00219	0.00327	0.01308	0.00720	0.00620
123	0.02506	0.03198	0.01901	0.01729	0.02074	0.73725	0.01296	0.02679	0.01901	0.01642	0.01037	0.01210	0.00864	0.00691	0.00605	0.00173	0.01210	0.00432	0.00346	0.00778
124	0.00920	0.00735	0.00830	0.00797	0.01005	0.00671	0.00600	0.01272	0.06517	0.02253	0.34028	0.05572	0.39355	0.01506	0.00785	0.00220	0.00343	0.01285	0.00676	0.00629
125	0.08734	0.01153	0.01515	0.01171	0.01682	0.01024	0.00967	0.03175	0.01863	0.67594	0.02522	0.02196	0.01593	0.00815	0.00656	0.00208	0.00567	0.00652	0.00800	0.01111
126	0.00899	0.00684	0.00826	0.00791	0.00971	0.00611	0.00593	0.01167	0.01779	0.02404	0.50659	0.05483	0.27730	0.01479	0.00792	0.00216	0.00324	0.01280	0.00701	0.00611
127	0.01896	0.01600	0.02054	0.01792	0.06408	0.01930	0.03402	0.29993	0.01959	0.02739	0.01301	0.01697	0.01090	0.03769	0.04184	0.00290	0.31904	0.00620	0.00461	0.00912
128	0.00855	0.00708	0.00753	0.00737	0.00955	0.00619	0.00554	0.01116	0.04057	0.02024	0.19684	0.06028	0.56352	0.01606	0.00789	0.00224	0.00342	0.01352	0.00648	0.00597
129	0.01865	0.01307	0.01443	0.01255	0.01650	0.01415	0.00988	0.05799	0.46152	0.16699	0.03162	0.02903	0.10392	0.00986	0.00694	0.00222	0.00524	0.00815	0.00705	0.01021
130	0.01375	0.03267	0.64480	0.02025	0.02978	0.01575	0.10737	0.02128	0.01437	0.02128	0.01223	0.01465	0.00871	0.00629	0.00656	0.00214	0.01009	0.00532	0.00290	0.00981
131	0.01468	0.01468	0.02055	0.01762	0.01762	0.02055	0.01468	0.01615	0.01028	0.01615	0.00881	0.01468	0.00881	0.01174	0.02202	0.00294	0.75191	0.00587	0.00294	0.00734
132	0.01346	0.03471	0.72942	0.01912	0.02904	0.01558	0.02479	0.02125	0.01417	0.02125	0.01204	0.01417	0.00850	0.00637	0.00637	0.00212	0.00992	0.00496	0.00283	0.00992
133	0.81159	0.01298	0.00986	0.00882	0.01298	0.01505	0.00727	0.01972	0.01142	0.03010	0.00934	0.01090	0.00727	0.00623	0.00415	0.00208	0.00519	0.00363	0.00415	0.00727
134	0.01053	0.00756	0.01044	0.01177	0.01330	0.00747	0.01012	0.01352	0.01564	0.02047	0.09190	0.09775	0.06013	0.01819	0.00909	0.00297	0.00577	0.58093	0.00628	0.00615
135	0.01627	0.03683	0.02738	0.08426	0.59697	0.01604	0.06119	0.02031	0.01511	0.02141	0.01252	0.01654	0.01042	0.00597	0.00661	0.00198	0.00813	0.00597	0.00331	0.03279
136	0.01049	0.00708	0.00929	0.00861	0.01037	0.00650	0.00650	0.01363	0.01900	0.06060	0.68547	0.04881	0.06106	0.01346	0.00786	0.00211	0.00329	0.01188	0.00743	0.00658
137	0.02597	0.01805	0.01968	0.01509	0.02044	0.01971	0.01246	0.63292	0.03031	0.11108	0.01715	0.01679	0.01193	0.00808	0.00672	0.00202	0.00722	0.00611	0.00687	0.01141
