[name]
unknown

[dist]
# distance from previous block
# <min> <max>
0	15

[block]
# block no. 0 follows, 34 sequences, length 22
# corresponding to MSA columns:
# 15-36
name=unknown_A
#
# <colnr> <probs for GDERKNQSTAVLIFYWHMCP>
#	G	D	E	R	K	N	Q	S	T	A	V	L	I	F	Y	W	H	M	C	P
0	0.01289	0.05068	0.01276	0.01197	0.01397	0.00985	0.01031	0.06148	0.01550	0.06066	0.02919	0.05846	0.03063	0.05918	0.01026	0.00295	0.03825	0.49871	0.00568	0.00663
1	0.01757	0.01505	0.07816	0.01502	0.07176	0.04002	0.04106	0.20874	0.07408	0.10088	0.18033	0.02668	0.04081	0.05075	0.00821	0.00224	0.00631	0.00764	0.00581	0.00889
2	0.05244	0.13070	0.05309	0.01588	0.07391	0.32086	0.03725	0.05208	0.01644	0.01852	0.01976	0.04689	0.11958	0.00834	0.00602	0.00182	0.00848	0.00634	0.00388	0.00771
3	0.01960	0.06763	0.17541	0.04070	0.13475	0.08266	0.01584	0.26369	0.05883	0.05800	0.01415	0.01533	0.01049	0.00689	0.00619	0.00192	0.00798	0.00540	0.00461	0.00993
4	0.36163	0.01553	0.01578	0.07367	0.17674	0.12457	0.01178	0.03277	0.01373	0.05628	0.01139	0.01388	0.00905	0.00865	0.04800	0.00242	0.00764	0.00465	0.00383	0.00799
5	0.01338	0.00964	0.01322	0.09849	0.01650	0.01066	0.03406	0.02880	0.01349	0.06190	0.06541	0.02183	0.01622	0.01238	0.08516	0.00277	0.13610	0.00628	0.26843	0.08529
6	0.00806	0.00580	0.00745	0.00860	0.00914	0.00540	0.00574	0.00923	0.01261	0.01674	0.07442	0.61348	0.09369	0.08465	0.01030	0.00287	0.00389	0.01687	0.00588	0.00519
7	0.02073	0.04168	0.06000	0.01439	0.03594	0.04423	0.01198	0.38113	0.11108	0.06084	0.01589	0.01610	0.01169	0.00715	0.00609	0.00179	0.00673	0.00551	0.00558	0.14149
8	0.01674	0.01536	0.05206	0.01406	0.01793	0.08697	0.06095	0.05847	0.07353	0.10053	0.01724	0.07161	0.03459	0.00864	0.00906	0.00196	0.15063	0.00657	0.00455	0.19854
9	0.03632	0.20933	0.33777	0.01646	0.04508	0.05292	0.03336	0.06307	0.04719	0.03821	0.01194	0.01366	0.00920	0.00656	0.00657	0.00191	0.05322	0.00476	0.00337	0.00909
10	0.01559	0.13064	0.40124	0.01646	0.02352	0.01556	0.07225	0.02110	0.02905	0.10996	0.01470	0.05980	0.01163	0.00737	0.00686	0.00203	0.04345	0.00594	0.00372	0.00913
11	0.00928	0.00621	0.00708	0.00720	0.00723	0.00618	0.00408	0.00936	0.00963	0.01284	0.02156	0.09931	0.02500	0.71383	0.03095	0.00598	0.00607	0.01010	0.00408	0.00402
12	0.00804	0.00570	0.00745	0.00878	0.00911	0.00536	0.00576	0.00904	0.01204	0.01605	0.03390	0.68708	0.04057	0.10482	0.01102	0.00303	0.00403	0.01736	0.00576	0.00510
13	0.01444	0.01509	0.13209	0.01666	0.10895	0.01212	0.06476	0.11603	0.05424	0.05222	0.25102	0.06288	0.02892	0.00943	0.00691	0.00202	0.00613	0.00835	0.00539	0.03235
14	0.01460	0.01392	0.02322	0.14727	0.47093	0.01460	0.04501	0.01887	0.04026	0.02046	0.05411	0.01989	0.03868	0.00702	0.00727	0.00203	0.04265	0.00649	0.00357	0.00914
15	0.01317	0.00765	0.00990	0.00927	0.01134	0.00711	0.00696	0.01644	0.05681	0.16667	0.34942	0.22701	0.06471	0.01380	0.00750	0.00219	0.00385	0.01216	0.00694	0.00708
16	0.07251	0.01676	0.13711	0.06080	0.12074	0.01327	0.01352	0.12992	0.01656	0.08378	0.01323	0.01488	0.00996	0.00607	0.00569	0.00166	0.00666	0.00489	0.00428	0.26771
17	0.03533	0.02637	0.46626	0.06251	0.09594	0.01528	0.05594	0.07054	0.04797	0.02232	0.01262	0.01481	0.00924	0.00628	0.00621	0.00201	0.00874	0.00520	0.00332	0.03311
18	0.01112	0.00673	0.00862	0.00860	0.00955	0.00654	0.00584	0.01229	0.01225	0.09668	0.09456	0.24416	0.03091	0.31408	0.10451	0.00482	0.00645	0.01154	0.00522	0.00552
19	0.00923	0.00632	0.00717	0.00712	0.00744	0.00618	0.00421	0.00966	0.01070	0.01424	0.09433	0.04444	0.08268	0.63804	0.02839	0.00552	0.00571	0.00996	0.00440	0.00425
20	0.04695	0.07988	0.21177	0.10893	0.30495	0.04356	0.03629	0.01958	0.01386	0.01978	0.01131	0.01463	0.00906	0.00624	0.00683	0.00198	0.04702	0.00521	0.00302	0.00913
21	0.01395	0.01516	0.13800	0.01165	0.01562	0.06997	0.01073	0.07225	0.08527	0.07501	0.10275	0.07023	0.23284	0.01171	0.00705	0.00213	0.00584	0.04656	0.00556	0.00772

[dist]
# distance from previous block
# <min> <max>
0	2

[block]
# block no. 1 follows, 34 sequences, length 27
# corresponding to MSA columns:
# 39-65
name=unknown_B
#
# <colnr> <probs for GDERKNQSTAVLIFYWHMCP>
#	G	D	E	R	K	N	Q	S	T	A	V	L	I	F	Y	W	H	M	C	P
0	0.01616	0.04455	0.40326	0.05295	0.08741	0.07593	0.05024	0.02160	0.01501	0.11013	0.05146	0.01683	0.01226	0.00673	0.00629	0.00199	0.00866	0.00553	0.00375	0.00925
1	0.01790	0.07063	0.03877	0.04836	0.32458	0.05653	0.04500	0.13720	0.07700	0.05548	0.01543	0.05685	0.01281	0.00728	0.00638	0.00196	0.00743	0.00642	0.00435	0.00966
2	0.03458	0.01970	0.13473	0.02373	0.19449	0.09463	0.10727	0.04112	0.01391	0.01946	0.01085	0.01463	0.00906	0.00767	0.01102	0.00223	0.24358	0.00560	0.00315	0.00860
3	0.01288	0.01213	0.01492	0.08365	0.10578	0.08271	0.05757	0.07321	0.01649	0.02079	0.11955	0.10474	0.24630	0.01168	0.00715	0.00210	0.00600	0.01013	0.00509	0.00716
4	0.02048	0.01514	0.01836	0.01463	0.01912	0.03919	0.08539	0.25840	0.21868	0.14076	0.07077	0.02213	0.03005	0.00833	0.00671	0.00205	0.00650	0.00703	0.00633	0.00998
5	0.00866	0.00628	0.00817	0.00834	0.00952	0.00579	0.00601	0.01102	0.01620	0.02246	0.47322	0.28357	0.08532	0.01564	0.00783	0.00223	0.00329	0.01395	0.00670	0.00579
6	0.01643	0.01799	0.01989	0.31415	0.10548	0.22562	0.01579	0.01933	0.01403	0.01660	0.01050	0.01485	0.00868	0.00745	0.00934	0.00213	0.16587	0.00527	0.00303	0.00757
7	0.00849	0.00617	0.00807	0.00897	0.00991	0.00576	0.00651	0.01036	0.01430	0.01918	0.20194	0.44593	0.10500	0.01793	0.00814	0.00249	0.00383	0.10519	0.00626	0.00556
8	0.01981	0.01598	0.01719	0.04686	0.05220	0.05214	0.01178	0.26584	0.35427	0.06275	0.02047	0.01978	0.01508	0.00804	0.00648	0.00206	0.00640	0.00647	0.00613	0.01026
9	0.01218	0.00797	0.01015	0.01023	0.01220	0.00778	0.00809	0.01636	0.09529	0.10270	0.16914	0.19691	0.09714	0.01516	0.00788	0.00246	0.00457	0.21045	0.00649	0.00685
10	0.01599	0.01535	0.02623	0.03966	0.73262	0.01535	0.01983	0.01983	0.01471	0.02111	0.01215	0.01599	0.01023	0.00576	0.00640	0.00192	0.00768	0.00576	0.00320	0.01023
11	0.01220	0.01148	0.01938	0.75739	0.04450	0.01436	0.01794	0.01651	0.01292	0.01651	0.01148	0.01723	0.00861	0.00646	0.00646	0.00215	0.00861	0.00574	0.00287	0.00718
12	0.01094	0.08880	0.01099	0.00929	0.01068	0.00796	0.00679	0.01238	0.01285	0.07730	0.03008	0.54047	0.03402	0.04193	0.03737	0.00281	0.00482	0.01451	0.03996	0.00607
13	0.00840	0.00644	0.00769	0.00766	0.00927	0.00574	0.00564	0.01064	0.01612	0.02140	0.38188	0.15541	0.30958	0.01539	0.00772	0.00217	0.00323	0.01336	0.00654	0.00574
14	0.10028	0.04942	0.29488	0.02039	0.17045	0.01459	0.06264	0.05239	0.03102	0.02263	0.06307	0.01954	0.05688	0.00721	0.00620	0.00200	0.00762	0.00609	0.00376	0.00892
15	0.03943	0.04391	0.01882	0.15223	0.07975	0.04981	0.01365	0.08110	0.05191	0.01974	0.02712	0.05370	0.01253	0.01117	0.04723	0.00272	0.27731	0.00637	0.00373	0.00777
16	0.01742	0.60561	0.05245	0.01241	0.01727	0.08925	0.01190	0.01955	0.01326	0.01545	0.00910	0.01098	0.00831	0.00627	0.00619	0.00158	0.08823	0.00379	0.00282	0.00813
17	0.08071	0.01366	0.05134	0.01176	0.01633	0.05045	0.03684	0.06034	0.01492	0.07819	0.04668	0.09163	0.01538	0.00779	0.00654	0.00164	0.04594	0.00626	0.00454	0.35907
18	0.00901	0.00660	0.00845	0.00799	0.00957	0.00604	0.00599	0.01194	0.01798	0.02517	0.67070	0.04949	0.11994	0.01349	0.00762	0.00205	0.00307	0.01186	0.00701	0.00604
19	0.01448	0.10103	0.44227	0.01754	0.02513	0.01604	0.10314	0.07836	0.04560	0.02211	0.04607	0.03348	0.01235	0.00689	0.00629	0.00201	0.00862	0.00582	0.00355	0.00921
20	0.44426	0.01318	0.03082	0.05085	0.18370	0.01378	0.03792	0.01827	0.01240	0.02473	0.01224	0.07105	0.01084	0.00698	0.00522	0.00199	0.00601	0.00548	0.00385	0.04643
21	0.02152	0.02473	0.01716	0.01563	0.04076	0.51637	0.01156	0.02414	0.04423	0.05180	0.01199	0.01365	0.00973	0.00839	0.03944	0.00200	0.01021	0.00452	0.00376	0.12842
22	0.01683	0.13267	0.05143	0.03576	0.04065	0.08504	0.04527	0.02024	0.04877	0.13889	0.02090	0.11346	0.06499	0.00874	0.00610	0.00180	0.00643	0.00728	0.00474	0.14999
23	0.01277	0.03208	0.70285	0.01790	0.02705	0.01456	0.02298	0.02005	0.01387	0.02074	0.04753	0.01538	0.01083	0.00649	0.00621	0.00205	0.00922	0.00512	0.00295	0.00938
24	0.01006	0.00737	0.00939	0.00999	0.03770	0.00775	0.00637	0.03733	0.01132	0.01540	0.02284	0.22343	0.02586	0.39971	0.10643	0.00530	0.04323	0.01095	0.00442	0.00514
25	0.01882	0.57407	0.03034	0.01295	0.01799	0.19531	0.03610	0.02092	0.01443	0.01554	0.00936	0.01092	0.00835	0.00579	0.00467	0.00148	0.00817	0.00377	0.00292	0.00812
26	0.05090	0.01189	0.01441	0.01173	0.01591	0.01182	0.00952	0.13565	0.12826	0.37094	0.12102	0.02617	0.02236	0.00905	0.00665	0.00206	0.00535	0.02922	0.00721	0.00989

[dist]
# distance from previous block
# <min> <max>
0	1

[block]
# block no. 2 follows, 34 sequences, length 14
# corresponding to MSA columns:
# 67-80
name=unknown_C
#
# <colnr> <probs for GDERKNQSTAVLIFYWHMCP>
#	G	D	E	R	K	N	Q	S	T	A	V	L	I	F	Y	W	H	M	C	P
0	0.05659	0.04869	0.13423	0.02012	0.15287	0.30597	0.01510	0.12185	0.01793	0.02175	0.01229	0.04057	0.01022	0.00699	0.00602	0.00185	0.00918	0.00525	0.00377	0.00876
1	0.01567	0.01627	0.01941	0.05993	0.09124	0.19212	0.12555	0.01810	0.01418	0.03974	0.01679	0.15556	0.01673	0.07082	0.02809	0.00269	0.09761	0.00831	0.00391	0.00727
2	0.01340	0.01148	0.01340	0.00957	0.01531	0.00861	0.00766	0.01627	0.01340	0.02105	0.01148	0.01340	0.00957	0.00479	0.00479	0.00096	0.00479	0.00383	0.00383	0.81242
3	0.01392	0.08134	0.05594	0.07584	0.06138	0.03432	0.03805	0.05059	0.03831	0.04556	0.10020	0.15160	0.02199	0.03540	0.01061	0.00238	0.16204	0.00860	0.00446	0.00749
4	0.06458	0.00879	0.01122	0.01004	0.01227	0.00915	0.00765	0.06065	0.01339	0.18904	0.01935	0.02698	0.01694	0.20250	0.31160	0.00638	0.01052	0.00712	0.00487	0.00699
5	0.01633	0.68691	0.03091	0.01071	0.01577	0.02329	0.01048	0.01851	0.01373	0.01645	0.09305	0.01479	0.01444	0.00642	0.00455	0.00146	0.00646	0.00442	0.00327	0.00804
6	0.00858	0.00658	0.00786	0.00754	0.00931	0.00586	0.00566	0.01111	0.01697	0.02277	0.48265	0.05343	0.30948	0.01438	0.00763	0.00209	0.00313	0.01241	0.00670	0.00586
7	0.02508	0.01727	0.01888	0.01447	0.01962	0.01881	0.01196	0.63175	0.02899	0.12201	0.01668	0.01627	0.01157	0.00778	0.00647	0.00195	0.00692	0.00590	0.00664	0.01099
8	0.01427	0.01357	0.02360	0.26795	0.32795	0.01444	0.10984	0.01893	0.03986	0.01986	0.01378	0.01923	0.01123	0.00656	0.00658	0.00205	0.00802	0.02932	0.04428	0.00868
9	0.01402	0.01429	0.06564	0.06756	0.41834	0.01321	0.06718	0.01800	0.01492	0.02089	0.07560	0.02858	0.01889	0.00851	0.00701	0.00215	0.00739	0.12502	0.00396	0.00883
10	0.02499	0.01440	0.01673	0.01316	0.01800	0.01493	0.01076	0.31094	0.14210	0.33122	0.02153	0.01969	0.01457	0.00803	0.00650	0.00201	0.00609	0.00635	0.00713	0.01086
11	0.10417	0.01795	0.08980	0.12975	0.05969	0.05446	0.24389	0.13184	0.06226	0.02434	0.01330	0.01606	0.00994	0.00638	0.00652	0.00207	0.00871	0.00606	0.00397	0.00884
12	0.04168	0.05216	0.04275	0.01251	0.03220	0.10618	0.02664	0.19169	0.03299	0.02316	0.02612	0.12561	0.14069	0.10509	0.00991	0.00256	0.00656	0.00890	0.00505	0.00754
13	0.01452	0.01160	0.01379	0.01490	0.11785	0.04835	0.00982	0.09912	0.12191	0.06601	0.16513	0.17104	0.09544	0.01182	0.00712	0.00213	0.00524	0.01025	0.00593	0.00802

[dist]
# distance from previous block
# <min> <max>
0	7

[block]
# block no. 3 follows, 34 sequences, length 16
# corresponding to MSA columns:
# 88-103
name=unknown_D
#
# <colnr> <probs for GDERKNQSTAVLIFYWHMCP>
#	G	D	E	R	K	N	Q	S	T	A	V	L	I	F	Y	W	H	M	C	P
0	0.09071	0.14075	0.14823	0.01686	0.07652	0.08662	0.08040	0.10662	0.01659	0.10640	0.01406	0.04489	0.01111	0.00694	0.00590	0.00188	0.00778	0.00560	0.00423	0.02792
1	0.05961	0.01448	0.01441	0.04294	0.01699	0.10764	0.00962	0.16338	0.06122	0.15583	0.05337	0.02379	0.10465	0.00850	0.00619	0.00183	0.00616	0.00668	0.02829	0.11443
2	0.05754	0.08020	0.01972	0.06709	0.02104	0.17320	0.01233	0.40959	0.04722	0.03076	0.01361	0.01447	0.01016	0.00721	0.00604	0.00186	0.00800	0.00522	0.00515	0.00957
3	0.01799	0.12718	0.03912	0.02064	0.13855	0.08871	0.15286	0.13191	0.15750	0.02400	0.02886	0.01716	0.01262	0.00681	0.00633	0.00193	0.00795	0.00606	0.00441	0.00941
4	0.01604	0.02085	0.18261	0.07688	0.40165	0.10159	0.01912	0.02139	0.06000	0.02042	0.01264	0.01556	0.01006	0.00619	0.00629	0.00195	0.00846	0.00545	0.00330	0.00956
5	0.01387	0.01938	0.24832	0.05470	0.06877	0.01337	0.10673	0.06453	0.07512	0.02263	0.08081	0.02198	0.04451	0.00753	0.00651	0.00195	0.00747	0.02317	0.00416	0.11449
6	0.00923	0.00692	0.01038	0.01038	0.01154	0.00808	0.00808	0.01154	0.01038	0.01500	0.01731	0.02538	0.01615	0.04846	0.74732	0.01038	0.01731	0.00692	0.00346	0.00577
7	0.03767	0.08541	0.01870	0.11179	0.08101	0.01341	0.03477	0.10473	0.01556	0.02260	0.01180	0.01416	0.00949	0.00559	0.00537	0.00143	0.00624	0.00458	0.00387	0.41184
8	0.00822	0.00603	0.00775	0.00863	0.00952	0.00555	0.00607	0.00990	0.01404	0.01875	0.18745	0.49675	0.13244	0.01815	0.00807	0.00246	0.00363	0.04489	0.00623	0.00549
9	0.00797	0.00579	0.00753	0.00872	0.00935	0.00534	0.00592	0.00932	0.01312	0.01746	0.10357	0.64446	0.09906	0.01927	0.00814	0.00253	0.00364	0.01736	0.00610	0.00534
10	0.00848	0.00648	0.00770	0.00758	0.00918	0.00579	0.00556	0.01071	0.01606	0.02137	0.39120	0.12096	0.30377	0.04571	0.00871	0.00231	0.00333	0.01294	0.00647	0.00569
11	0.01167	0.01064	0.01760	0.59734	0.06144	0.01284	0.01606	0.01548	0.01301	0.01680	0.01582	0.11877	0.01459	0.00882	0.00682	0.00225	0.00781	0.04183	0.00345	0.00696
12	0.01078	0.00714	0.00892	0.00888	0.01087	0.00648	0.00705	0.01318	0.01599	0.08907	0.24081	0.09937	0.26693	0.01525	0.00786	0.00234	0.00408	0.17222	0.00649	0.00627
13	0.01991	0.01482	0.01758	0.04987	0.08913	0.01625	0.01204	0.37252	0.14020	0.05505	0.01733	0.01979	0.01339	0.00966	0.00864	0.09167	0.00664	0.03034	0.00563	0.00953
14	0.01035	0.00751	0.01062	0.01211	0.08147	0.00793	0.00827	0.01285	0.01243	0.01826	0.05822	0.06901	0.05827	0.05354	0.34503	0.00598	0.01038	0.06209	0.14951	0.00618
15	0.55976	0.01299	0.01207	0.11324	0.04193	0.04590	0.00921	0.01850	0.01194	0.02546	0.01039	0.03200	0.00854	0.00636	0.00467	0.00194	0.00583	0.00433	0.00383	0.07110

[dist]
# distance from previous block
# <min> <max>
0	4

[block]
# block no. 4 follows, 34 sequences, length 40
# corresponding to MSA columns:
# 108-147
name=unknown_E
#
# <colnr> <probs for GDERKNQSTAVLIFYWHMCP>
#	G	D	E	R	K	N	Q	S	T	A	V	L	I	F	Y	W	H	M	C	P
0	0.01511	0.01383	0.02328	0.12605	0.55653	0.01411	0.01797	0.01877	0.01458	0.03909	0.04066	0.06324	0.01405	0.00706	0.00657	0.00200	0.00733	0.00676	0.00360	0.00941
1	0.01634	0.01439	0.01600	0.06357	0.04232	0.10420	0.03625	0.04942	0.23911	0.07752	0.10196	0.06803	0.04514	0.00973	0.00825	0.00216	0.08387	0.00785	0.00542	0.00847
2	0.01599	0.01535	0.02623	0.03966	0.73262	0.01535	0.01983	0.01983	0.01471	0.02111	0.01215	0.01599	0.01023	0.00576	0.00640	0.00192	0.00768	0.00576	0.00320	0.01023
3	0.01178	0.00712	0.00815	0.00780	0.00891	0.00790	0.00587	0.01416	0.01235	0.02094	0.01917	0.02527	0.01642	0.10887	0.05964	0.00287	0.09855	0.00647	0.55189	0.00587
4	0.06824	0.01617	0.01737	0.01365	0.01801	0.01797	0.01111	0.55856	0.02639	0.03636	0.05468	0.01887	0.01431	0.06190	0.00876	0.00228	0.03322	0.00625	0.00605	0.00985
5	0.01716	0.01412	0.01500	0.01323	0.01705	0.01617	0.01037	0.08778	0.64364	0.05103	0.02542	0.02336	0.01891	0.00866	0.00656	0.00217	0.00528	0.00716	0.00661	0.01031
6	0.00939	0.00726	0.00914	0.00961	0.04226	0.00682	0.00672	0.01256	0.04889	0.02218	0.39514	0.11277	0.20299	0.04585	0.00868	0.00234	0.00372	0.04114	0.00638	0.00616
7	0.00898	0.00654	0.00845	0.00809	0.00958	0.00601	0.00602	0.01184	0.01774	0.02488	0.65061	0.09078	0.09867	0.01380	0.00766	0.00208	0.00310	0.01219	0.00698	0.00601
8	0.01803	0.15410	0.07333	0.08513	0.25579	0.11068	0.01565	0.13166	0.03208	0.02223	0.01204	0.01439	0.00967	0.00627	0.00587	0.00180	0.00802	0.00506	0.00369	0.03452
9	0.02635	0.01281	0.01589	0.01224	0.01725	0.01220	0.01006	0.18689	0.05688	0.49633	0.02237	0.02008	0.01464	0.00778	0.00639	0.00193	0.00580	0.00622	0.00731	0.06059
10	0.04427	0.34338	0.14757	0.01598	0.07015	0.07982	0.05417	0.09575	0.01578	0.03603	0.01188	0.03644	0.01000	0.00651	0.00541	0.00173	0.00786	0.00493	0.00353	0.00881
11	0.01918	0.08173	0.20901	0.01628	0.02189	0.18748	0.05818	0.16156	0.05275	0.05667	0.03922	0.01571	0.01174	0.00714	0.00667	0.00192	0.03414	0.00540	0.00425	0.00910
12	0.00791	0.00567	0.00745	0.00886	0.00928	0.00529	0.00590	0.00902	0.01236	0.01641	0.03616	0.72292	0.06533	0.04287	0.00897	0.00272	0.00381	0.01794	0.00594	0.00521
13	0.01727	0.77681	0.03386	0.01106	0.01658	0.02557	0.01106	0.01935	0.01313	0.01520	0.00898	0.01036	0.00829	0.00553	0.00415	0.00138	0.00691	0.00345	0.00276	0.00829
14	0.01700	0.01549	0.02679	0.03543	0.57352	0.01536	0.10525	0.05161	0.01569	0.06152	0.01316	0.01648	0.01053	0.00593	0.00656	0.00196	0.00793	0.00603	0.00362	0.01012
15	0.00940	0.00626	0.00705	0.00705	0.00705	0.00626	0.00392	0.00940	0.00940	0.01253	0.02036	0.04228	0.02349	0.77292	0.03289	0.00626	0.00626	0.00940	0.00392	0.00392
16	0.01122	0.00561	0.00842	0.00842	0.00842	0.00561	0.00561	0.00842	0.00842	0.01122	0.01122	0.01964	0.01122	0.02245	0.02525	0.81201	0.00561	0.00561	0.00281	0.00281
17	0.01517	0.01647	0.03398	0.02974	0.21084	0.01569	0.50809	0.02005	0.01501	0.02065	0.01366	0.04435	0.01111	0.00606	0.00734	0.00213	0.00981	0.00754	0.00335	0.00898
18	0.01652	0.51138	0.19169	0.05439	0.02095	0.07554	0.01444	0.01992	0.01361	0.01651	0.00979	0.01158	0.00829	0.00580	0.00485	0.00160	0.00795	0.00393	0.00280	0.00846
19	0.00961	0.00729	0.01052	0.01044	0.01170	0.00847	0.00808	0.01274	0.04964	0.01559	0.01789	0.02580	0.01656	0.06695	0.68597	0.00981	0.01632	0.00701	0.00365	0.00596
20	0.02032	0.01472	0.01625	0.01295	0.01711	0.01594	0.01051	0.47390	0.06585	0.05868	0.19729	0.02451	0.02431	0.00920	0.00676	0.00198	0.00592	0.00741	0.00668	0.00971
21	0.02541	0.01873	0.01830	0.01446	0.01929	0.13866	0.01174	0.45610	0.02591	0.18115	0.01667	0.01622	0.01158	0.00762	0.00636	0.00191	0.00753	0.00568	0.00626	0.01041
22	0.01284	0.00860	0.03298	0.00930	0.01181	0.00747	0.00748	0.01661	0.05819	0.14368	0.43784	0.06880	0.11311	0.01255	0.00739	0.00210	0.00392	0.03125	0.00691	0.00717
23	0.01154	0.00738	0.00902	0.00850	0.01042	0.00684	0.00628	0.01453	0.05482	0.11015	0.30786	0.13809	0.18819	0.08520	0.00988	0.00254	0.00391	0.01185	0.00652	0.00649
24	0.01560	0.01495	0.02552	0.11409	0.66125	0.01525	0.01963	0.01949	0.01453	0.02063	0.01208	0.01612	0.01007	0.00583	0.00640	0.00194	0.00777	0.00576	0.00316	0.00992
25	0.28279	0.04134	0.01606	0.03680	0.04955	0.05608	0.01064	0.28975	0.07882	0.03104	0.01419	0.04077	0.01119	0.00744	0.00561	0.00198	0.00644	0.00545	0.00510	0.00898
26	0.44224	0.01684	0.01404	0.01187	0.01592	0.12393	0.00961	0.21463	0.01748	0.02975	0.01095	0.01224	0.00838	0.00683	0.00573	0.00197	0.04051	0.00435	0.00454	0.00820
27	0.01036	0.00740	0.01034	0.01174	0.01323	0.00738	0.01023	0.01334	0.01502	0.01961	0.06317	0.07186	0.03818	0.01766	0.00887	0.00294	0.00583	0.66090	0.00600	0.00596
28	0.01877	0.04437	0.01960	0.01758	0.08680	0.22893	0.07726	0.12994	0.16501	0.02352	0.05706	0.02011	0.04160	0.00908	0.02987	0.00220	0.00837	0.00638	0.00476	0.00879
29	0.64194	0.03392	0.01186	0.03292	0.01482	0.13699	0.00835	0.02006	0.01233	0.02608	0.00924	0.01089	0.00730	0.00611	0.00438	0.00193	0.00627	0.00368	0.00382	0.00712
30	0.00787	0.00562	0.00750	0.00900	0.00937	0.00525	0.00600	0.00900	0.01237	0.01649	0.03561	0.76871	0.04274	0.02024	0.00825	0.00262	0.00375	0.01837	0.00600	0.00525
31	0.00826	0.00654	0.00743	0.00727	0.00913	0.00571	0.00543	0.01046	0.01611	0.02088	0.33607	0.07884	0.43453	0.01520	0.00765	0.00213	0.00320	0.01299	0.00646	0.00571
32	0.01599	0.01535	0.02623	0.03966	0.73262	0.01535	0.01983	0.01983	0.01471	0.02111	0.01215	0.01599	0.01023	0.00576	0.00640	0.00192	0.00768	0.00576	0.00320	0.01023
33	0.01581	0.01495	0.02460	0.03623	0.64104	0.01515	0.01861	0.02098	0.08120	0.02161	0.01423	0.01867	0.01203	0.00645	0.00650	0.00198	0.00738	0.02889	0.00361	0.01009
34	0.01568	0.01503	0.02566	0.09933	0.67541	0.01527	0.01967	0.01955	0.01456	0.02073	0.01210	0.01609	0.01010	0.00582	0.00640	0.00194	0.00775	0.00576	0.00317	0.00998
35	0.01564	0.01490	0.02493	0.10659	0.62747	0.01530	0.01912	0.02032	0.05358	0.02100	0.01287	0.01656	0.01060	0.00599	0.00641	0.00196	0.00762	0.00584	0.00335	0.00994
36	0.01653	0.01578	0.02503	0.03645	0.64204	0.03534	0.01875	0.04602	0.06021	0.02205	0.01312	0.01637	0.01081	0.00605	0.00640	0.00193	0.00760	0.00581	0.00353	0.01019
37	0.01609	0.03184	0.02458	0.10078	0.56564	0.01541	0.01826	0.06503	0.01547	0.02185	0.01221	0.01580	0.01006	0.00589	0.00626	0.00187	0.00754	0.00560	0.00341	0.05640
38	0.06574	0.01446	0.01972	0.08995	0.26931	0.01536	0.01434	0.17317	0.11383	0.11248	0.03642	0.01841	0.01347	0.00716	0.00635	0.00200	0.00674	0.00610	0.00507	0.00991
39	0.11464	0.01401	0.02061	0.12139	0.36957	0.01472	0.01555	0.06255	0.07100	0.11210	0.01465	0.01684	0.01114	0.00651	0.00615	0.00199	0.00697	0.00570	0.00431	0.00959

[dist]
# distance from previous block
# <min> <max>
4	25

# created by:
# /home/berkeley/.conda/envs/busco_data_prod/bin/msa2prfl.pl pipeline/OGs_align_augustus/4893/5413.fs
