[name]
unknown

[dist]
# distance from previous block
# <min> <max>
0	22

[block]
# block no. 0 follows, 33 sequences, length 29
# corresponding to MSA columns:
# 22-50
name=unknown_A
#
# <colnr> <probs for GDERKNQSTAVLIFYWHMCP>
#	G	D	E	R	K	N	Q	S	T	A	V	L	I	F	Y	W	H	M	C	P
0	0.02036	0.08417	0.01906	0.03296	0.01907	0.01682	0.03385	0.32425	0.09697	0.10104	0.02042	0.04753	0.01711	0.00970	0.00723	0.00217	0.02573	0.10588	0.00603	0.00966
1	0.01630	0.06870	0.16609	0.01484	0.03720	0.08425	0.05817	0.09805	0.03322	0.08705	0.03582	0.12140	0.09092	0.03279	0.00763	0.00224	0.00729	0.02475	0.00489	0.00839
2	0.02232	0.01159	0.03790	0.01189	0.01626	0.01020	0.03211	0.02725	0.11491	0.44021	0.07281	0.06708	0.08569	0.00988	0.00693	0.00212	0.00540	0.00835	0.00726	0.00983
3	0.00957	0.00638	0.00718	0.00718	0.00718	0.00638	0.00399	0.00957	0.00957	0.01276	0.02074	0.04308	0.02393	0.76864	0.03351	0.00638	0.00638	0.00957	0.00399	0.00399
4	0.11345	0.01966	0.10476	0.10430	0.14247	0.14523	0.16981	0.02035	0.01471	0.02040	0.01289	0.05651	0.01095	0.00709	0.00691	0.00209	0.03030	0.00632	0.00345	0.00838
5	0.03490	0.10104	0.27391	0.09516	0.18352	0.01600	0.09523	0.01982	0.03170	0.02020	0.01362	0.06088	0.01146	0.00700	0.00639	0.00205	0.00849	0.00624	0.00330	0.00910
6	0.00821	0.00629	0.00753	0.00806	0.00937	0.00561	0.00572	0.00996	0.01477	0.01920	0.19333	0.35475	0.29820	0.01765	0.00804	0.00238	0.00349	0.01550	0.00635	0.00561
7	0.01489	0.01483	0.02220	0.42915	0.29265	0.07747	0.01851	0.01887	0.01430	0.01847	0.01182	0.01660	0.00935	0.00634	0.00650	0.00206	0.00869	0.00572	0.00309	0.00848
8	0.01319	0.01312	0.06167	0.01206	0.03717	0.00957	0.05465	0.01649	0.01397	0.02100	0.01771	0.01932	0.08613	0.00630	0.00551	0.00129	0.00552	0.00534	0.00401	0.59598
9	0.01300	0.00881	0.01005	0.00919	0.01168	0.00837	0.00687	0.08850	0.04897	0.07722	0.05251	0.20802	0.18748	0.06748	0.00889	0.00239	0.00446	0.01116	0.09331	0.08164
10	0.01227	0.00614	0.00614	0.00614	0.00767	0.00614	0.00460	0.01534	0.01381	0.02454	0.02148	0.02454	0.01687	0.00767	0.00460	0.00153	0.00307	0.00614	0.80518	0.00614
11	0.00888	0.00671	0.00819	0.00782	0.00957	0.00602	0.00587	0.01157	0.01760	0.02394	0.53608	0.05323	0.25168	0.01438	0.00777	0.00211	0.00317	0.01247	0.00692	0.00602
12	0.05485	0.15595	0.28751	0.04897	0.05614	0.03938	0.03376	0.02267	0.01495	0.17777	0.01516	0.03949	0.01137	0.00702	0.00600	0.00196	0.00790	0.00555	0.00421	0.00940
13	0.00825	0.00597	0.00780	0.00887	0.00957	0.00552	0.00607	0.00979	0.01386	0.01865	0.16627	0.59345	0.08338	0.01908	0.00825	0.00254	0.00366	0.01719	0.00632	0.00552
14	0.02503	0.01844	0.01976	0.01515	0.02042	0.02042	0.01251	0.70562	0.03095	0.04149	0.01581	0.01581	0.01120	0.00790	0.00659	0.00198	0.00724	0.00593	0.00659	0.01120
15	0.03856	0.01456	0.02653	0.31176	0.26968	0.01547	0.18933	0.01909	0.01431	0.01983	0.01226	0.01698	0.00958	0.00607	0.00678	0.00212	0.00892	0.00627	0.00317	0.00874
16	0.01051	0.01018	0.05010	0.01090	0.01313	0.02764	0.05743	0.02876	0.04856	0.01884	0.08918	0.23063	0.21142	0.10291	0.03512	0.00307	0.02758	0.01237	0.00537	0.00631
17	0.02604	0.01233	0.01543	0.01232	0.01708	0.01193	0.01002	0.07026	0.19158	0.51974	0.02561	0.02257	0.01695	0.00833	0.00664	0.00208	0.00560	0.00678	0.00770	0.01101
18	0.00957	0.00638	0.00718	0.00718	0.00718	0.00638	0.00399	0.00957	0.00957	0.01276	0.02074	0.04308	0.02393	0.76864	0.03351	0.00638	0.00638	0.00957	0.00399	0.00399
19	0.01113	0.01041	0.01447	0.11464	0.01872	0.07145	0.10090	0.01349	0.01399	0.01795	0.07281	0.45088	0.03251	0.01503	0.00781	0.00242	0.00611	0.01380	0.00514	0.00634
20	0.01347	0.01394	0.08335	0.01456	0.11428	0.01006	0.01084	0.01687	0.01398	0.02109	0.01653	0.01831	0.07111	0.00616	0.00548	0.00132	0.00561	0.00512	0.00390	0.55404
21	0.01738	0.08641	0.05543	0.06535	0.14910	0.09430	0.09965	0.02318	0.12113	0.07711	0.01621	0.01790	0.02775	0.00690	0.00667	0.00190	0.02736	0.00593	0.00423	0.09612
22	0.01647	0.04950	0.35111	0.01961	0.08511	0.07810	0.09806	0.05565	0.01624	0.07994	0.07432	0.01809	0.01414	0.00702	0.00653	0.00202	0.00879	0.00599	0.00395	0.00936
23	0.01927	0.12938	0.01890	0.04767	0.01825	0.03451	0.01095	0.29625	0.07358	0.07510	0.09178	0.05555	0.05999	0.00931	0.00693	0.00200	0.02823	0.00732	0.00578	0.00924
24	0.01065	0.00785	0.01052	0.00949	0.01034	0.00781	0.06465	0.04252	0.01135	0.01517	0.02130	0.10581	0.02395	0.59954	0.02776	0.00548	0.00659	0.01009	0.00425	0.00486
25	0.01658	0.40151	0.02356	0.01135	0.01531	0.16458	0.00989	0.01819	0.01460	0.01630	0.06446	0.02144	0.11089	0.00938	0.00714	0.07091	0.00713	0.00583	0.00368	0.00726
26	0.07703	0.07794	0.06188	0.01051	0.01567	0.01105	0.00908	0.03688	0.01394	0.03810	0.01513	0.11680	0.01419	0.00746	0.00542	0.00146	0.00534	0.00607	0.00423	0.47182
27	0.04370	0.11405	0.08853	0.01887	0.02420	0.29580	0.20996	0.04357	0.01687	0.06605	0.01226	0.01434	0.00945	0.00635	0.00629	0.00189	0.01014	0.00540	0.00368	0.00859
28	0.02436	0.12251	0.02133	0.01444	0.01962	0.06770	0.01211	0.50871	0.02668	0.09554	0.01539	0.01539	0.01108	0.00754	0.00622	0.00188	0.00738	0.00554	0.00599	0.01058

[dist]
# distance from previous block
# <min> <max>
0	1

[block]
# block no. 1 follows, 33 sequences, length 17
# corresponding to MSA columns:
# 52-68
name=unknown_B
#
# <colnr> <probs for GDERKNQSTAVLIFYWHMCP>
#	G	D	E	R	K	N	Q	S	T	A	V	L	I	F	Y	W	H	M	C	P
0	0.03508	0.08889	0.18580	0.02045	0.12200	0.01556	0.15802	0.03806	0.09409	0.05314	0.01648	0.04383	0.02926	0.00708	0.00645	0.00199	0.00793	0.00648	0.00404	0.06536
1	0.00799	0.00583	0.00753	0.00890	0.00948	0.00537	0.00599	0.00920	0.01286	0.01691	0.03956	0.68878	0.11699	0.02020	0.00834	0.00263	0.00377	0.01820	0.00611	0.00537
2	0.01109	0.00815	0.01205	0.04554	0.10762	0.00778	0.02770	0.01308	0.01392	0.06955	0.05901	0.46941	0.09688	0.01613	0.00785	0.00244	0.00482	0.01460	0.00571	0.00668
3	0.04103	0.13760	0.06503	0.01714	0.08210	0.12458	0.07637	0.06048	0.14240	0.08928	0.04359	0.01922	0.03570	0.00762	0.00667	0.00196	0.02927	0.00613	0.00469	0.00914
4	0.04057	0.01325	0.01783	0.01407	0.01818	0.01371	0.08485	0.19336	0.03817	0.26542	0.02043	0.07197	0.01551	0.00892	0.00798	0.00212	0.07483	0.00725	0.08200	0.00957
5	0.00817	0.00584	0.00781	0.00934	0.00978	0.00548	0.00637	0.00942	0.01275	0.01697	0.03620	0.72452	0.04322	0.02048	0.00844	0.00269	0.00395	0.05707	0.00611	0.00539
6	0.01531	0.01649	0.11769	0.17671	0.27541	0.01489	0.04151	0.03871	0.09057	0.05187	0.04120	0.01986	0.03292	0.00728	0.00711	0.00211	0.03062	0.00644	0.00400	0.00930
7	0.01846	0.07297	0.15796	0.07362	0.13937	0.07375	0.01558	0.10971	0.12062	0.10217	0.01668	0.04211	0.01289	0.00751	0.00637	0.00202	0.00769	0.00613	0.00468	0.00971
8	0.00827	0.00599	0.00782	0.00883	0.00957	0.00554	0.00606	0.00985	0.01398	0.01882	0.17856	0.57487	0.08961	0.01892	0.00823	0.00252	0.00364	0.01703	0.00634	0.00554
9	0.01567	0.08471	0.28010	0.06839	0.02277	0.16897	0.01599	0.05847	0.01566	0.01966	0.03996	0.01954	0.06191	0.01206	0.08559	0.00287	0.00993	0.00587	0.00361	0.00826
10	0.04029	0.06898	0.05963	0.05392	0.08751	0.11381	0.11351	0.13295	0.05465	0.05390	0.05666	0.04407	0.03992	0.02453	0.00753	0.00212	0.02576	0.00689	0.00460	0.00878
11	0.01466	0.01769	0.13087	0.05157	0.26650	0.06527	0.08065	0.01959	0.05547	0.02092	0.05987	0.02345	0.09056	0.00805	0.00731	0.00206	0.03750	0.00708	0.03211	0.00881
12	0.00799	0.00583	0.00753	0.00890	0.00948	0.00537	0.00599	0.00920	0.01286	0.01691	0.03956	0.68878	0.11699	0.02020	0.00834	0.00263	0.00377	0.01820	0.00611	0.00537
13	0.02077	0.11529	0.13954	0.03450	0.04300	0.06230	0.08512	0.25833	0.02078	0.11203	0.01489	0.01589	0.01078	0.00697	0.00626	0.00193	0.00804	0.00562	0.02805	0.00989
14	0.04093	0.01887	0.12496	0.01765	0.10088	0.07958	0.04117	0.21943	0.10179	0.04102	0.01984	0.07287	0.05155	0.00868	0.00660	0.00206	0.00734	0.00716	0.02823	0.00941
15	0.01021	0.08920	0.01120	0.00898	0.01039	0.00892	0.00673	0.01182	0.01204	0.01649	0.02781	0.20312	0.11050	0.15155	0.18791	0.00490	0.02656	0.01053	0.08542	0.00573
16	0.04241	0.10190	0.13454	0.06905	0.05212	0.11832	0.08506	0.01953	0.03376	0.04101	0.01910	0.04694	0.08475	0.00908	0.02443	0.00216	0.02980	0.00662	0.03074	0.04867

[dist]
# distance from previous block
# <min> <max>
1	10

[block]
# block no. 2 follows, 33 sequences, length 20
# corresponding to MSA columns:
# 79-98
name=unknown_C
#
# <colnr> <probs for GDERKNQSTAVLIFYWHMCP>
#	G	D	E	R	K	N	Q	S	T	A	V	L	I	F	Y	W	H	M	C	P
0	0.01850	0.07963	0.12601	0.01589	0.03558	0.03750	0.08199	0.26593	0.06168	0.05703	0.06124	0.08092	0.03107	0.00880	0.00670	0.00205	0.00733	0.00741	0.00529	0.00946
1	0.00910	0.05186	0.00932	0.00874	0.00970	0.00698	0.00614	0.01043	0.01304	0.01720	0.10608	0.42187	0.09894	0.15571	0.01267	0.00319	0.00446	0.04351	0.00564	0.00542
2	0.02138	0.01684	0.01850	0.01429	0.01947	0.05969	0.04423	0.37301	0.09451	0.07163	0.01612	0.01644	0.01184	0.00717	0.00624	0.00178	0.00688	0.00566	0.00574	0.18860
3	0.08685	0.01373	0.07738	0.01287	0.01794	0.01114	0.09378	0.04858	0.03984	0.11542	0.05361	0.06987	0.03704	0.00783	0.00609	0.00177	0.00600	0.00677	0.03634	0.25716
4	0.01936	0.01933	0.02452	0.06231	0.27829	0.19836	0.13104	0.04970	0.01680	0.07826	0.01315	0.01583	0.01025	0.00630	0.00651	0.00190	0.00909	0.00574	0.00385	0.04942
5	0.00858	0.00608	0.00744	0.00822	0.00869	0.00575	0.00529	0.00946	0.01202	0.01589	0.06074	0.42524	0.09988	0.27607	0.01692	0.00388	0.00462	0.01488	0.00543	0.00494
6	0.17340	0.01111	0.01327	0.01079	0.01507	0.01071	0.00877	0.02713	0.07698	0.43910	0.12231	0.02420	0.02142	0.00859	0.00631	0.00206	0.00512	0.00687	0.00713	0.00966
7	0.01763	0.61445	0.12295	0.01271	0.01868	0.08592	0.01306	0.02042	0.01390	0.01623	0.00958	0.01110	0.00844	0.00581	0.00463	0.00152	0.00780	0.00375	0.00286	0.00854
8	0.00940	0.00705	0.01058	0.01058	0.01176	0.00823	0.00823	0.01176	0.01058	0.01528	0.01763	0.02586	0.01646	0.04937	0.74255	0.01058	0.01763	0.00705	0.00353	0.00588
9	0.00892	0.00668	0.00827	0.00795	0.00961	0.00603	0.00594	0.01162	0.01758	0.02408	0.54893	0.08074	0.21046	0.01447	0.00779	0.00213	0.00319	0.01262	0.00695	0.00603
10	0.00942	0.00641	0.00765	0.00778	0.00796	0.00653	0.00471	0.00982	0.00995	0.01342	0.02163	0.10059	0.02460	0.61476	0.12208	0.00661	0.00761	0.01001	0.00411	0.00434
11	0.00932	0.00700	0.00868	0.00829	0.00999	0.00651	0.00620	0.01279	0.04772	0.02469	0.56204	0.08061	0.16341	0.01407	0.00775	0.00213	0.00326	0.01231	0.00700	0.00625
12	0.01365	0.01170	0.01365	0.00975	0.01560	0.00878	0.00780	0.01658	0.01365	0.02145	0.01170	0.01365	0.00975	0.00488	0.00488	0.00098	0.00488	0.00390	0.00390	0.80888
13	0.00793	0.00660	0.00692	0.00699	0.00902	0.00560	0.00518	0.00967	0.01513	0.01842	0.11886	0.11403	0.61964	0.01670	0.00783	0.00224	0.00335	0.01409	0.00621	0.00560
14	0.07401	0.01458	0.01668	0.01306	0.01796	0.01514	0.01072	0.32875	0.07685	0.30764	0.04261	0.01978	0.01522	0.00814	0.00649	0.00203	0.00619	0.00636	0.00707	0.01073
15	0.05117	0.01612	0.01958	0.01720	0.07744	0.01857	0.01315	0.36490	0.02198	0.10770	0.01446	0.01600	0.01085	0.00867	0.01052	0.00223	0.20829	0.00587	0.00539	0.00991
16	0.00826	0.00607	0.00780	0.00900	0.00980	0.00560	0.00632	0.00973	0.01346	0.01766	0.07505	0.57059	0.14293	0.01949	0.00834	0.00261	0.00390	0.07174	0.00616	0.00548
17	0.00808	0.00576	0.00762	0.00909	0.00945	0.00539	0.00602	0.00918	0.01248	0.01664	0.03565	0.73495	0.04274	0.05111	0.00943	0.00282	0.00392	0.01834	0.00602	0.00529
18	0.01576	0.01560	0.02498	0.10835	0.50275	0.05817	0.07099	0.01964	0.01537	0.02108	0.07117	0.01899	0.01439	0.00660	0.00669	0.00199	0.00802	0.00641	0.00357	0.00947
19	0.01554	0.01689	0.03365	0.02643	0.09026	0.01695	0.50742	0.02152	0.07181	0.02103	0.01378	0.01779	0.01069	0.00656	0.00921	0.00228	0.09836	0.00734	0.00354	0.00894

[dist]
# distance from previous block
# <min> <max>
0	1

[block]
# block no. 3 follows, 33 sequences, length 25
# corresponding to MSA columns:
# 100-124
name=unknown_D
#
# <colnr> <probs for GDERKNQSTAVLIFYWHMCP>
#	G	D	E	R	K	N	Q	S	T	A	V	L	I	F	Y	W	H	M	C	P
0	0.01677	0.23888	0.19582	0.03506	0.11744	0.08494	0.04511	0.07311	0.01564	0.02037	0.01223	0.04093	0.01035	0.00661	0.00576	0.00178	0.00820	0.00523	0.00343	0.06233
1	0.07397	0.01736	0.05213	0.06879	0.02321	0.01785	0.09312	0.41113	0.05893	0.09372	0.01603	0.01674	0.01137	0.00742	0.00655	0.00205	0.00753	0.00607	0.00575	0.01028
2	0.00808	0.00577	0.00769	0.00913	0.00956	0.00539	0.00612	0.00931	0.01287	0.01723	0.06647	0.73295	0.04436	0.02031	0.00837	0.00265	0.00379	0.01842	0.00616	0.00539
3	0.49271	0.04585	0.01296	0.01016	0.01457	0.06093	0.00833	0.10435	0.01465	0.02827	0.01084	0.01230	0.00849	0.00624	0.00464	0.00181	0.00577	0.00404	0.03241	0.12067
4	0.01498	0.26585	0.17113	0.05317	0.03291	0.04209	0.04397	0.03347	0.09733	0.02061	0.11746	0.02132	0.04393	0.00781	0.00600	0.00188	0.00713	0.00627	0.00415	0.00854
5	0.01732	0.01533	0.06731	0.06111	0.02070	0.01414	0.05876	0.21129	0.11226	0.05412	0.05917	0.04619	0.01601	0.00772	0.00636	0.00183	0.00647	0.00652	0.00528	0.21210
6	0.01665	0.01548	0.05130	0.01900	0.02400	0.03953	0.32505	0.06385	0.01655	0.11923	0.02565	0.02702	0.15683	0.00880	0.00835	0.00220	0.05886	0.00838	0.00472	0.00854
7	0.01782	0.01362	0.01476	0.01283	0.01669	0.01516	0.01010	0.11224	0.49819	0.09404	0.05680	0.02667	0.06274	0.00939	0.00679	0.00218	0.00529	0.00776	0.00681	0.01012
8	0.04222	0.02269	0.34007	0.10635	0.06279	0.04079	0.04111	0.04625	0.08037	0.02265	0.09292	0.01971	0.01596	0.00742	0.00645	0.00207	0.00803	0.00617	0.02707	0.00890
9	0.01236	0.01192	0.10681	0.01422	0.06052	0.00979	0.04040	0.03216	0.01321	0.07553	0.02125	0.17440	0.02070	0.02811	0.32227	0.00586	0.01136	0.02745	0.00445	0.00725
10	0.00886	0.00656	0.00827	0.00817	0.00964	0.00597	0.00600	0.01142	0.01708	0.02347	0.50802	0.16806	0.16384	0.01514	0.00787	0.00219	0.00326	0.01333	0.00688	0.00597
11	0.00832	0.00590	0.00751	0.00866	0.00904	0.00556	0.00564	0.00926	0.01210	0.01603	0.03445	0.58969	0.06847	0.17078	0.01342	0.00340	0.00431	0.01667	0.00568	0.00508
12	0.10337	0.01353	0.04754	0.11403	0.06194	0.06356	0.02589	0.13789	0.01648	0.02312	0.02142	0.29834	0.02226	0.01201	0.00695	0.00227	0.00647	0.01036	0.00496	0.00759
13	0.00909	0.00743	0.00794	0.00773	0.00992	0.00674	0.00581	0.03586	0.05297	0.02034	0.15731	0.10442	0.51947	0.01575	0.00772	0.00222	0.00357	0.01330	0.00633	0.00610
14	0.00854	0.00680	0.00763	0.00811	0.00967	0.00623	0.00582	0.01100	0.05600	0.01786	0.05083	0.30439	0.39592	0.05069	0.00910	0.00259	0.00382	0.03323	0.00605	0.00572
15	0.13686	0.01468	0.01545	0.05688	0.01839	0.06078	0.01050	0.23506	0.08262	0.18210	0.01791	0.01879	0.01306	0.03291	0.03813	0.00250	0.00701	0.00593	0.04106	0.00941
16	0.01380	0.01481	0.06673	0.12143	0.02342	0.01697	0.09844	0.03192	0.01230	0.01776	0.01286	0.04578	0.01212	0.01169	0.03976	0.00290	0.39933	0.04714	0.00335	0.00749
17	0.00821	0.00601	0.00759	0.00869	0.00942	0.00554	0.00593	0.00951	0.01313	0.01723	0.07293	0.55911	0.14726	0.06706	0.00989	0.00282	0.00393	0.03434	0.00603	0.00535
18	0.01073	0.00725	0.00901	0.00930	0.01066	0.00694	0.00660	0.04285	0.04400	0.06500	0.13712	0.44494	0.10503	0.05690	0.00931	0.00265	0.00413	0.01498	0.00634	0.00626
19	0.01556	0.04938	0.05495	0.45647	0.12315	0.01640	0.01739	0.14776	0.01680	0.02219	0.01245	0.01657	0.00940	0.00668	0.00645	0.00208	0.00833	0.00571	0.00365	0.00860
20	0.00989	0.00745	0.00904	0.00958	0.01093	0.00733	0.00691	0.05262	0.07137	0.02019	0.09561	0.47173	0.13475	0.01768	0.00805	0.00250	0.00411	0.04773	0.00628	0.00623
21	0.03509	0.01036	0.01129	0.00970	0.01257	0.01095	0.00761	0.18744	0.06254	0.09529	0.02032	0.02306	0.01581	0.05571	0.04614	0.00252	0.00549	0.00641	0.37368	0.00801
22	0.01144	0.00572	0.00858	0.00858	0.00858	0.00572	0.00572	0.00858	0.00858	0.01144	0.01144	0.02001	0.01144	0.02287	0.02573	0.80846	0.00572	0.00572	0.00286	0.00286
23	0.01912	0.01570	0.01865	0.09123	0.02156	0.04881	0.04870	0.35116	0.07182	0.02937	0.01644	0.05118	0.01352	0.03979	0.06956	0.00299	0.06915	0.00683	0.00523	0.00918
24	0.01690	0.06498	0.12646	0.07184	0.11892	0.01578	0.03153	0.17508	0.04684	0.05852	0.01707	0.11842	0.01510	0.00907	0.00773	0.00213	0.06263	0.00743	0.00465	0.02892

[dist]
# distance from previous block
# <min> <max>
0	2

[block]
# block no. 4 follows, 33 sequences, length 24
# corresponding to MSA columns:
# 127-150
name=unknown_E
#
# <colnr> <probs for GDERKNQSTAVLIFYWHMCP>
#	G	D	E	R	K	N	Q	S	T	A	V	L	I	F	Y	W	H	M	C	P
0	0.01911	0.01373	0.01683	0.07784	0.08805	0.01490	0.01199	0.16893	0.26622	0.13824	0.02337	0.06250	0.03428	0.00913	0.00681	0.00216	0.00615	0.02362	0.00619	0.00995
1	0.00890	0.00619	0.00737	0.00788	0.00824	0.00596	0.00489	0.00955	0.01141	0.01512	0.06034	0.29351	0.08319	0.42303	0.02186	0.00461	0.00513	0.01314	0.00502	0.00467
2	0.06546	0.08942	0.01738	0.01189	0.01714	0.08737	0.00978	0.15236	0.01807	0.12909	0.01404	0.01470	0.01058	0.00627	0.00546	0.00150	0.00637	0.00467	0.00489	0.33356
3	0.01242	0.05554	0.14300	0.05223	0.16538	0.01262	0.09067	0.01599	0.01382	0.01892	0.02361	0.22835	0.08382	0.01126	0.00780	0.00225	0.04016	0.01008	0.00418	0.00789
4	0.01803	0.07055	0.23118	0.01976	0.10564	0.15601	0.08293	0.07819	0.03051	0.05678	0.03032	0.01559	0.01104	0.00657	0.00625	0.00189	0.00892	0.00539	0.00384	0.06061
5	0.00983	0.00762	0.00976	0.01134	0.04429	0.00771	0.00750	0.01408	0.13247	0.01885	0.03355	0.60348	0.03801	0.01795	0.00802	0.00257	0.00424	0.01620	0.00608	0.00645
6	0.07126	0.01127	0.01376	0.01117	0.01515	0.01085	0.00889	0.13678	0.01872	0.40832	0.02366	0.09659	0.01829	0.07123	0.00872	0.00242	0.00559	0.00775	0.05006	0.00951
7	0.01620	0.03016	0.07091	0.07044	0.13618	0.08978	0.22480	0.07482	0.06610	0.02260	0.07472	0.04361	0.01661	0.00771	0.00704	0.00210	0.00862	0.02456	0.00423	0.00883
8	0.01612	0.01862	0.04833	0.02741	0.11458	0.07728	0.51844	0.02101	0.01557	0.02052	0.01418	0.01811	0.02819	0.00611	0.00773	0.00216	0.02611	0.00730	0.00338	0.00886
9	0.00816	0.00574	0.00759	0.00907	0.00949	0.00537	0.00606	0.00937	0.01264	0.01706	0.03579	0.73980	0.04266	0.02020	0.00828	0.00264	0.00379	0.01830	0.03262	0.00537
10	0.00975	0.00676	0.00814	0.00845	0.00891	0.00680	0.00539	0.04200	0.01168	0.01565	0.02565	0.28827	0.02958	0.42962	0.06979	0.00518	0.00628	0.01238	0.00481	0.00491
11	0.01436	0.01179	0.01356	0.01051	0.01547	0.01013	0.00840	0.07398	0.08192	0.02346	0.01621	0.05348	0.01419	0.00706	0.00557	0.00139	0.00505	0.04179	0.03255	0.55913
12	0.00817	0.00608	0.00743	0.00832	0.00920	0.00554	0.00566	0.00948	0.01334	0.01733	0.08698	0.48197	0.21377	0.08205	0.01032	0.00283	0.00387	0.01630	0.00601	0.00534
13	0.01153	0.00872	0.00964	0.00916	0.01138	0.00860	0.00688	0.12486	0.05496	0.02305	0.09854	0.23266	0.29394	0.01502	0.00748	0.00224	0.00416	0.01285	0.05756	0.00677
14	0.01858	0.01736	0.01533	0.01362	0.01732	0.18542	0.01048	0.04315	0.39605	0.06917	0.02212	0.06862	0.01771	0.00882	0.00649	0.00203	0.00673	0.00708	0.00577	0.06814
15	0.00994	0.00720	0.00899	0.00875	0.00900	0.00793	0.00577	0.01056	0.00983	0.01356	0.01906	0.03701	0.02106	0.55210	0.18324	0.00698	0.07183	0.00872	0.00380	0.00466
16	0.00801	0.00577	0.00760	0.00906	0.00952	0.00536	0.00606	0.00918	0.01271	0.01685	0.03763	0.73329	0.07372	0.02045	0.00838	0.00265	0.00380	0.01850	0.00611	0.00536
17	0.01069	0.00795	0.00841	0.00778	0.01041	0.00710	0.00599	0.06955	0.01675	0.06597	0.08860	0.05611	0.59043	0.01525	0.00761	0.00218	0.00380	0.01267	0.00633	0.00642
18	0.07932	0.04257	0.02091	0.01693	0.05824	0.09392	0.07039	0.40593	0.06976	0.05494	0.01518	0.01583	0.01113	0.00736	0.00637	0.00197	0.00774	0.00578	0.00556	0.01016
19	0.01877	0.01931	0.08825	0.05096	0.04081	0.12066	0.05723	0.21732	0.06755	0.02653	0.01382	0.01530	0.01054	0.00658	0.00609	0.00172	0.00773	0.00526	0.00458	0.22098
20	0.01703	0.48720	0.08720	0.01219	0.01736	0.09082	0.01178	0.06157	0.01511	0.01788	0.01617	0.05585	0.07070	0.00766	0.00523	0.00166	0.00726	0.00553	0.00355	0.00824
21	0.01508	0.05427	0.02104	0.07032	0.26811	0.06060	0.07029	0.01898	0.05061	0.04193	0.01799	0.16622	0.01730	0.00902	0.00669	0.00201	0.00707	0.00827	0.00419	0.09002
22	0.04296	0.14171	0.26794	0.01875	0.10200	0.07816	0.05339	0.07907	0.04956	0.02232	0.05868	0.01655	0.01296	0.00695	0.00638	0.00195	0.02222	0.00551	0.00377	0.00918
23	0.02053	0.04776	0.03960	0.01461	0.01825	0.48680	0.01146	0.05917	0.01832	0.01876	0.06356	0.02056	0.09464	0.00826	0.00620	0.00176	0.00948	0.00592	0.00412	0.05023

[dist]
# distance from previous block
# <min> <max>
2	12

[block]
# block no. 5 follows, 33 sequences, length 18
# corresponding to MSA columns:
# 163-180
name=unknown_F
#
# <colnr> <probs for GDERKNQSTAVLIFYWHMCP>
#	G	D	E	R	K	N	Q	S	T	A	V	L	I	F	Y	W	H	M	C	P
0	0.01303	0.04616	0.03597	0.06990	0.03842	0.02813	0.00959	0.08199	0.01505	0.05972	0.02807	0.25848	0.09714	0.03117	0.06795	0.05120	0.00666	0.04936	0.00516	0.00685
1	0.02160	0.01176	0.04090	0.01149	0.01567	0.01051	0.00954	0.08055	0.09863	0.38459	0.11119	0.07566	0.07787	0.01023	0.00695	0.00212	0.00526	0.00855	0.00726	0.00966
2	0.30408	0.01391	0.01375	0.01128	0.01573	0.04812	0.00919	0.15550	0.04500	0.24445	0.01997	0.01921	0.05724	0.00789	0.00576	0.00203	0.00587	0.00579	0.00600	0.00920
3	0.01333	0.00754	0.00877	0.00800	0.01034	0.00693	0.00615	0.03479	0.01652	0.13374	0.20592	0.06060	0.20963	0.01183	0.00667	0.00196	0.00368	0.00995	0.23673	0.00691
4	0.01489	0.11303	0.06725	0.05391	0.12366	0.03445	0.10866	0.04173	0.08670	0.04330	0.05399	0.09981	0.04737	0.01020	0.02357	0.00229	0.00732	0.03663	0.02282	0.00842
5	0.01538	0.00926	0.01131	0.01031	0.01302	0.00910	0.00787	0.02131	0.17416	0.19416	0.19711	0.18914	0.09459	0.01294	0.00738	0.00224	0.00435	0.01123	0.00700	0.00813
6	0.00817	0.00579	0.00759	0.00898	0.00932	0.00545	0.00591	0.00921	0.01231	0.01642	0.03480	0.69522	0.04166	0.09231	0.01081	0.00303	0.00407	0.01784	0.00591	0.00522
7	0.06278	0.03115	0.04405	0.08210	0.07340	0.08000	0.03777	0.04379	0.01376	0.06427	0.01596	0.06799	0.01452	0.07592	0.14409	0.00402	0.09340	0.00694	0.03667	0.00744
8	0.01746	0.06050	0.10606	0.07432	0.05975	0.06122	0.20199	0.04444	0.04315	0.13068	0.05145	0.02081	0.04112	0.00876	0.03066	0.00235	0.02502	0.00685	0.00448	0.00894
9	0.00884	0.00621	0.00798	0.00862	0.00907	0.00617	0.00569	0.00991	0.01173	0.01592	0.07919	0.36009	0.03437	0.28043	0.12060	0.00502	0.00659	0.01343	0.00510	0.00502
10	0.01072	0.00778	0.00921	0.00901	0.01004	0.00813	0.00618	0.04442	0.08052	0.01769	0.07979	0.11032	0.04996	0.38628	0.11527	0.00538	0.00715	0.03163	0.00491	0.00561
11	0.01782	0.03202	0.03822	0.07220	0.16797	0.07914	0.09931	0.14642	0.10045	0.05174	0.01889	0.05486	0.05061	0.00823	0.00725	0.00209	0.03163	0.00714	0.00471	0.00929
12	0.02475	0.01619	0.01804	0.01412	0.01912	0.01743	0.01157	0.45651	0.12940	0.19329	0.01969	0.01857	0.01365	0.00811	0.00661	0.00203	0.00658	0.00631	0.00695	0.01108
13	0.01094	0.00724	0.00882	0.00904	0.01067	0.00669	0.00651	0.05120	0.01512	0.08376	0.07348	0.43691	0.21984	0.01740	0.00794	0.00243	0.00402	0.01531	0.00638	0.00631
14	0.05086	0.01601	0.09225	0.11154	0.12974	0.04776	0.04017	0.08482	0.04203	0.24061	0.02051	0.02098	0.05774	0.00772	0.00655	0.00205	0.00724	0.00647	0.00531	0.00964
15	0.01616	0.01637	0.04935	0.01506	0.06282	0.17623	0.05948	0.06707	0.03975	0.05287	0.13563	0.04926	0.07224	0.12169	0.01130	0.00268	0.03152	0.00814	0.00487	0.00751
16	0.01543	0.01722	0.03666	0.07026	0.09787	0.01644	0.60260	0.02076	0.01535	0.02088	0.01314	0.01761	0.00996	0.00564	0.00759	0.00219	0.01067	0.00749	0.00330	0.00893
17	0.01766	0.03889	0.08388	0.08198	0.22853	0.07399	0.06951	0.16533	0.01840	0.02491	0.03536	0.01669	0.01176	0.00663	0.00635	0.00188	0.00797	0.00577	0.02393	0.08059

[dist]
# distance from previous block
# <min> <max>
4	14

[block]
# block no. 6 follows, 33 sequences, length 21
# corresponding to MSA columns:
# 196-216
name=unknown_G
#
# <colnr> <probs for GDERKNQSTAVLIFYWHMCP>
#	G	D	E	R	K	N	Q	S	T	A	V	L	I	F	Y	W	H	M	C	P
0	0.01638	0.01430	0.01489	0.03617	0.01730	0.11184	0.03341	0.13617	0.15631	0.04412	0.02525	0.17207	0.04203	0.01192	0.00724	0.00226	0.00657	0.10719	0.00571	0.03886
1	0.00921	0.00661	0.00858	0.00975	0.01050	0.00640	0.00684	0.05007	0.01387	0.01847	0.03498	0.66659	0.04121	0.01969	0.00835	0.00266	0.00419	0.07014	0.00613	0.00574
2	0.01739	0.01464	0.01754	0.03240	0.01914	0.03579	0.06417	0.22174	0.03618	0.02690	0.01372	0.01605	0.01093	0.03526	0.00683	0.00166	0.00645	0.00517	0.00468	0.41334
3	0.04419	0.01635	0.01743	0.01396	0.01840	0.10668	0.03630	0.21548	0.08076	0.21006	0.01990	0.01958	0.04453	0.00816	0.00736	0.00198	0.05413	0.00621	0.00594	0.07260
4	0.00849	0.00615	0.00803	0.00936	0.01009	0.00578	0.00669	0.00996	0.01315	0.01724	0.03834	0.55507	0.10611	0.04734	0.00938	0.00283	0.00425	0.13027	0.00602	0.00544
5	0.39090	0.01274	0.01282	0.01074	0.01514	0.01367	0.00875	0.05745	0.13504	0.25468	0.01787	0.01705	0.01247	0.00733	0.00545	0.00207	0.00537	0.00531	0.00594	0.00918
6	0.01512	0.06304	0.02094	0.06340	0.01923	0.06583	0.01434	0.01681	0.01103	0.01590	0.00896	0.01420	0.00863	0.01054	0.01857	0.00267	0.61503	0.00553	0.00291	0.00731
7	0.09276	0.01385	0.01501	0.01254	0.01644	0.01505	0.01018	0.34938	0.09026	0.07386	0.06467	0.07133	0.01978	0.00983	0.00663	0.00212	0.00591	0.06239	0.05872	0.00931
8	0.00908	0.00767	0.00802	0.00774	0.00973	0.03486	0.00580	0.01134	0.01664	0.02127	0.33513	0.05549	0.42379	0.01496	0.00770	0.00214	0.00358	0.01269	0.00647	0.00591
9	0.01800	0.01521	0.01799	0.01621	0.06363	0.01694	0.05500	0.18210	0.45435	0.02958	0.02373	0.02277	0.03711	0.00852	0.00676	0.00216	0.00615	0.00721	0.00623	0.01036
10	0.00947	0.00766	0.00809	0.00779	0.00997	0.00705	0.00580	0.05475	0.04624	0.01989	0.09982	0.10079	0.51866	0.06317	0.00932	0.00249	0.00387	0.01301	0.00611	0.00606
11	0.00872	0.00661	0.00944	0.00991	0.01090	0.00615	0.04997	0.01024	0.01296	0.01738	0.03639	0.59676	0.10091	0.04372	0.00897	0.00268	0.00429	0.01672	0.04172	0.00558
12	0.00802	0.00573	0.00764	0.00917	0.00955	0.00535	0.00611	0.00917	0.01260	0.01681	0.03628	0.76434	0.04354	0.02062	0.00840	0.00267	0.00382	0.01872	0.00611	0.00535
13	0.01752	0.36758	0.09021	0.01614	0.09436	0.06948	0.01341	0.02357	0.15407	0.04126	0.01382	0.01489	0.01123	0.00678	0.00609	0.00179	0.03989	0.00492	0.00384	0.00914
14	0.00902	0.00719	0.00785	0.00789	0.00983	0.00649	0.00581	0.05358	0.01566	0.01956	0.09539	0.22559	0.47890	0.01686	0.00785	0.00231	0.00368	0.01441	0.00621	0.00590
15	0.00800	0.00581	0.00756	0.00896	0.00949	0.00536	0.00602	0.00919	0.01281	0.01689	0.03884	0.70549	0.10075	0.02029	0.00835	0.00264	0.00378	0.01831	0.00611	0.00536
16	0.03574	0.02072	0.26302	0.04007	0.09529	0.07058	0.10106	0.01895	0.04653	0.02045	0.05233	0.16861	0.01904	0.00956	0.00692	0.00218	0.00799	0.00854	0.00406	0.00836
17	0.04614	0.14091	0.09613	0.01656	0.02104	0.08597	0.15389	0.09979	0.03823	0.02097	0.01366	0.03796	0.01206	0.09035	0.01097	0.00253	0.09449	0.00633	0.00381	0.00821
18	0.07638	0.02181	0.16295	0.01579	0.03567	0.13408	0.01423	0.22275	0.11690	0.02745	0.03520	0.01744	0.02684	0.00792	0.00725	0.00206	0.05524	0.00580	0.00484	0.00940
19	0.06092	0.05963	0.06003	0.01411	0.06250	0.05953	0.01125	0.21926	0.01930	0.02724	0.05555	0.01744	0.03233	0.00696	0.00579	0.00162	0.00647	0.00539	0.00475	0.26993
20	0.01577	0.04169	0.15759	0.01780	0.05737	0.13780	0.12467	0.04485	0.08542	0.02047	0.01798	0.04990	0.03728	0.04354	0.02848	0.00250	0.02000	0.04862	0.00408	0.04420

[dist]
# distance from previous block
# <min> <max>
0	4

[block]
# block no. 7 follows, 33 sequences, length 19
# corresponding to MSA columns:
# 221-239
name=unknown_H
#
# <colnr> <probs for GDERKNQSTAVLIFYWHMCP>
#	G	D	E	R	K	N	Q	S	T	A	V	L	I	F	Y	W	H	M	C	P
0	0.01765	0.09515	0.24432	0.01927	0.08598	0.10907	0.10413	0.07149	0.01616	0.08474	0.01366	0.01597	0.01040	0.01020	0.07066	0.00271	0.00989	0.00554	0.00380	0.00919
1	0.00972	0.00754	0.00891	0.00919	0.01080	0.00724	0.00660	0.03292	0.09056	0.02008	0.11266	0.40920	0.18663	0.01680	0.00783	0.00238	0.00393	0.01482	0.00623	0.03595
2	0.05599	0.01932	0.13862	0.02532	0.06660	0.01584	0.50393	0.02043	0.01492	0.02133	0.01377	0.04726	0.01099	0.00631	0.00732	0.00220	0.01012	0.00747	0.00340	0.00885
3	0.01020	0.03967	0.04709	0.01014	0.01169	0.00805	0.00773	0.07110	0.01430	0.01904	0.03260	0.59040	0.05670	0.03760	0.00860	0.00261	0.00461	0.01589	0.00579	0.00618
4	0.01631	0.03576	0.09548	0.07770	0.13421	0.01348	0.06917	0.06985	0.07768	0.11250	0.07181	0.02575	0.07914	0.00867	0.00717	0.00209	0.02849	0.02320	0.04260	0.00895
5	0.01681	0.00967	0.01141	0.00970	0.01291	0.00926	0.00767	0.10780	0.05170	0.20807	0.19517	0.03780	0.19540	0.01137	0.00697	0.00204	0.00443	0.00948	0.08415	0.00818
6	0.01004	0.00750	0.00865	0.00878	0.01044	0.00713	0.00637	0.08425	0.01591	0.02088	0.10089	0.36184	0.26675	0.01683	0.00779	0.00235	0.00393	0.01467	0.03882	0.00615
7	0.06858	0.10994	0.16126	0.12387	0.10701	0.09307	0.01592	0.12815	0.01713	0.07702	0.01283	0.01485	0.00966	0.00676	0.00639	0.00196	0.02723	0.00514	0.00401	0.00921
8	0.05762	0.01301	0.01434	0.01190	0.01602	0.01370	0.00955	0.19750	0.21433	0.19159	0.02887	0.02713	0.12366	0.00949	0.00661	0.00208	0.00543	0.00762	0.03981	0.00972
9	0.00802	0.00573	0.00764	0.00917	0.00955	0.00535	0.00611	0.00917	0.01260	0.01681	0.03628	0.76434	0.04354	0.02062	0.00840	0.00267	0.00382	0.01872	0.00611	0.00535
10	0.06494	0.05817	0.12149	0.23246	0.05452	0.13058	0.05936	0.06632	0.03450	0.02019	0.01207	0.01597	0.00962	0.03026	0.00813	0.00221	0.06207	0.00548	0.00346	0.00820
11	0.01062	0.01053	0.07624	0.07473	0.01554	0.00872	0.00938	0.01513	0.08672	0.03867	0.14164	0.09276	0.30345	0.01376	0.00756	0.00229	0.00490	0.07471	0.00580	0.00686
12	0.00816	0.00579	0.00760	0.00899	0.00934	0.00544	0.00593	0.00920	0.01234	0.01645	0.03493	0.70129	0.04183	0.08602	0.01060	0.00300	0.00404	0.01792	0.00593	0.00523
13	0.00943	0.00694	0.01002	0.01002	0.01100	0.00793	0.00753	0.01140	0.01041	0.01487	0.01815	0.02869	0.01769	0.16769	0.62591	0.00989	0.01578	0.00747	0.00360	0.00557
14	0.01615	0.03341	0.02132	0.21172	0.08046	0.05426	0.12394	0.10393	0.01650	0.05791	0.06063	0.03938	0.01508	0.03893	0.00887	0.00229	0.06059	0.00694	0.03948	0.00821
15	0.04117	0.29865	0.15078	0.04625	0.07975	0.08894	0.01462	0.05447	0.01498	0.01955	0.05727	0.01518	0.01225	0.00707	0.00690	0.00185	0.07333	0.00499	0.00343	0.00856
16	0.00959	0.00671	0.00762	0.00782	0.00967	0.00593	0.00584	0.01147	0.01478	0.05541	0.08565	0.20636	0.40673	0.01621	0.00765	0.00229	0.00368	0.05451	0.07613	0.00592
17	0.01061	0.03411	0.00939	0.00868	0.01066	0.06054	0.00644	0.01236	0.01516	0.05187	0.12574	0.24489	0.35379	0.01588	0.00764	0.00225	0.00430	0.01358	0.00603	0.00609
18	0.10429	0.10962	0.02046	0.05478	0.10511	0.11774	0.03098	0.13422	0.06334	0.08053	0.01455	0.04295	0.01179	0.00763	0.00697	0.00197	0.05581	0.00576	0.00455	0.02695

[dist]
# distance from previous block
# <min> <max>
0	3

[block]
# block no. 8 follows, 33 sequences, length 23
# corresponding to MSA columns:
# 243-265
name=unknown_I
#
# <colnr> <probs for GDERKNQSTAVLIFYWHMCP>
#	G	D	E	R	K	N	Q	S	T	A	V	L	I	F	Y	W	H	M	C	P
0	0.77616	0.01281	0.01019	0.00908	0.01295	0.01503	0.00748	0.01918	0.01115	0.02887	0.00914	0.01087	0.00720	0.00637	0.00493	0.00208	0.04168	0.00367	0.00402	0.00713
1	0.01320	0.03405	0.73453	0.01876	0.02849	0.01529	0.02432	0.02085	0.01390	0.02085	0.01181	0.01390	0.00834	0.00625	0.00625	0.00208	0.00973	0.00486	0.00278	0.00973
2	0.00969	0.00754	0.00902	0.00924	0.01112	0.00722	0.00727	0.01362	0.08241	0.02127	0.21875	0.11600	0.26840	0.01581	0.00804	0.00242	0.00416	0.17528	0.00644	0.00629
3	0.00806	0.00588	0.00759	0.00886	0.00949	0.00541	0.00600	0.00935	0.01315	0.01737	0.07266	0.65642	0.11580	0.01987	0.00831	0.00260	0.00373	0.01788	0.00617	0.00541
4	0.02503	0.01844	0.01976	0.01515	0.02042	0.02042	0.01251	0.70562	0.03095	0.04149	0.01581	0.01581	0.01120	0.00790	0.00659	0.00198	0.00724	0.00593	0.00659	0.01120
5	0.01202	0.01071	0.01001	0.00973	0.01061	0.12893	0.00659	0.01294	0.01135	0.01400	0.01814	0.03322	0.01934	0.44676	0.22168	0.00675	0.01035	0.00800	0.00376	0.00511
6	0.00842	0.00669	0.00756	0.00735	0.00929	0.00583	0.00551	0.01070	0.01653	0.02140	0.34231	0.05741	0.44702	0.01533	0.00777	0.00216	0.00324	0.01306	0.00659	0.00583
7	0.00819	0.00586	0.00779	0.00905	0.00959	0.00546	0.00612	0.00959	0.01338	0.01804	0.12502	0.67207	0.04594	0.01970	0.00832	0.00260	0.00373	0.01784	0.00626	0.00546
8	0.01365	0.01170	0.01365	0.00975	0.01560	0.00878	0.00780	0.01658	0.01365	0.02145	0.01170	0.01365	0.00975	0.00488	0.00488	0.00098	0.00488	0.00390	0.00390	0.80888
9	0.81514	0.01273	0.00968	0.00866	0.01273	0.01477	0.00713	0.01935	0.01120	0.02954	0.00917	0.01069	0.00713	0.00611	0.00407	0.00204	0.00509	0.00356	0.00407	0.00713
10	0.02378	0.02988	0.01858	0.01684	0.02008	0.67889	0.01271	0.02613	0.04559	0.01655	0.01075	0.01249	0.00894	0.00710	0.00672	0.00177	0.04754	0.00444	0.00350	0.00772
11	0.00880	0.00666	0.00811	0.00784	0.00954	0.00598	0.00585	0.01139	0.01728	0.02340	0.49717	0.08663	0.25780	0.01474	0.00780	0.00214	0.00321	0.01281	0.00686	0.00598
12	0.02503	0.01844	0.01976	0.01515	0.02042	0.02042	0.01251	0.70562	0.03095	0.04149	0.01581	0.01581	0.01120	0.00790	0.00659	0.00198	0.00724	0.00593	0.00659	0.01120
13	0.01890	0.01283	0.01492	0.01259	0.01617	0.01396	0.01004	0.14412	0.27570	0.16731	0.16366	0.02692	0.02552	0.00968	0.00783	0.00216	0.05339	0.00781	0.00683	0.00966
14	0.00899	0.00622	0.00727	0.00770	0.00799	0.00602	0.00467	0.00945	0.01088	0.01432	0.02897	0.24747	0.08837	0.49522	0.02429	0.00499	0.00541	0.01251	0.00476	0.00450
15	0.02119	0.01363	0.01552	0.01257	0.01673	0.01440	0.01014	0.29752	0.14627	0.18091	0.14717	0.02503	0.02317	0.00912	0.00676	0.00204	0.00565	0.00742	0.03477	0.00999
16	0.01711	0.01546	0.02570	0.06212	0.64282	0.01559	0.01935	0.05244	0.01583	0.05112	0.01307	0.01656	0.01065	0.00608	0.00653	0.00197	0.00774	0.00590	0.00360	0.01039
17	0.00851	0.00634	0.00778	0.00813	0.00934	0.00576	0.00574	0.01038	0.01507	0.02009	0.27994	0.30170	0.21362	0.06515	0.00964	0.00259	0.00362	0.01461	0.00637	0.00561
18	0.00816	0.00583	0.00756	0.00888	0.00930	0.00545	0.00587	0.00922	0.01242	0.01647	0.03611	0.66806	0.07013	0.09000	0.01071	0.00300	0.00404	0.01766	0.00591	0.00523
19	0.04665	0.00955	0.01065	0.00999	0.01239	0.02924	0.00778	0.07017	0.08442	0.09301	0.17220	0.13699	0.06385	0.01229	0.00697	0.00217	0.00461	0.08153	0.13814	0.00738
20	0.01492	0.01259	0.02009	0.12642	0.38656	0.01283	0.01557	0.04225	0.01523	0.06528	0.02148	0.12584	0.07047	0.00947	0.00698	0.00215	0.00683	0.03181	0.00435	0.00886
21	0.01365	0.01170	0.01365	0.00975	0.01560	0.00878	0.00780	0.01658	0.01365	0.02145	0.01170	0.01365	0.00975	0.00488	0.00488	0.00098	0.00488	0.00390	0.00390	0.80888
22	0.76392	0.01292	0.01077	0.01069	0.05856	0.01482	0.00797	0.01941	0.01145	0.02902	0.00937	0.01105	0.00734	0.00610	0.00423	0.00203	0.00527	0.00371	0.00402	0.00734

[dist]
# distance from previous block
# <min> <max>
0	2

[block]
# block no. 9 follows, 33 sequences, length 30
# corresponding to MSA columns:
# 268-297
name=unknown_J
#
# <colnr> <probs for GDERKNQSTAVLIFYWHMCP>
#	G	D	E	R	K	N	Q	S	T	A	V	L	I	F	Y	W	H	M	C	P
0	0.01120	0.00888	0.01009	0.00930	0.01167	0.00892	0.00711	0.05065	0.16813	0.02512	0.36657	0.04597	0.22470	0.01306	0.00748	0.00214	0.00382	0.01117	0.00680	0.00719
1	0.02129	0.02570	0.02068	0.02031	0.10730	0.48842	0.03950	0.02336	0.01646	0.01691	0.01027	0.01312	0.00881	0.00753	0.00906	0.00197	0.15324	0.00486	0.00328	0.00794
2	0.01485	0.01058	0.01294	0.01163	0.01402	0.03871	0.00916	0.15248	0.01594	0.08311	0.04475	0.02451	0.01709	0.05960	0.45090	0.00731	0.01335	0.00696	0.00469	0.00742
3	0.01767	0.04234	0.02560	0.05928	0.46268	0.04022	0.07528	0.08151	0.03188	0.05777	0.01416	0.01817	0.01153	0.00659	0.00661	0.00200	0.00797	0.02481	0.00393	0.01000
4	0.00913	0.00666	0.00859	0.00824	0.00976	0.00611	0.00613	0.01202	0.01800	0.02521	0.63656	0.09926	0.10137	0.01415	0.00781	0.00212	0.00317	0.01250	0.00710	0.00611
5	0.01106	0.00707	0.00859	0.00797	0.01003	0.00635	0.00606	0.01373	0.01725	0.08921	0.42086	0.04816	0.22866	0.01328	0.00737	0.00206	0.00339	0.01141	0.08100	0.00649
6	0.01232	0.00759	0.00844	0.00798	0.01010	0.00728	0.00615	0.06577	0.01632	0.06217	0.13055	0.08169	0.20233	0.01197	0.00651	0.00197	0.00377	0.03957	0.31090	0.00661
7	0.05748	0.08731	0.12334	0.13499	0.14751	0.01650	0.03972	0.15023	0.01746	0.09920	0.01442	0.03667	0.01115	0.00721	0.00669	0.00203	0.02839	0.00590	0.00436	0.00944
8	0.04354	0.01157	0.01282	0.01129	0.01455	0.01243	0.00882	0.09088	0.31209	0.09872	0.17830	0.05104	0.06620	0.01032	0.00682	0.00212	0.00474	0.00865	0.04616	0.00893
9	0.00817	0.00592	0.00776	0.00918	0.00976	0.00551	0.00632	0.00947	0.01294	0.01706	0.03839	0.66931	0.09250	0.02018	0.00840	0.00266	0.00393	0.06102	0.00611	0.00541
10	0.04281	0.16241	0.17049	0.06066	0.15916	0.03842	0.08492	0.10477	0.04719	0.02257	0.01247	0.01487	0.00979	0.00654	0.00664	0.00196	0.03595	0.00536	0.00364	0.00938
11	0.00973	0.00732	0.00884	0.00924	0.01061	0.00725	0.00661	0.01407	0.11962	0.02103	0.19437	0.39333	0.10606	0.01631	0.00778	0.00238	0.00379	0.01448	0.04083	0.00636
12	0.00952	0.00680	0.00877	0.00963	0.01038	0.00685	0.00698	0.01158	0.03910	0.01668	0.02968	0.30490	0.03352	0.22769	0.07915	0.00445	0.00632	0.17730	0.00531	0.00539
13	0.26683	0.01710	0.14244	0.03909	0.05361	0.01460	0.03637	0.10871	0.06302	0.14333	0.04367	0.01704	0.01275	0.00716	0.00584	0.00206	0.00665	0.00552	0.00503	0.00918
14	0.01551	0.09715	0.10210	0.01565	0.08301	0.01412	0.04606	0.12457	0.05523	0.06254	0.04159	0.12300	0.04897	0.06627	0.05350	0.00292	0.02628	0.00833	0.00483	0.00838
15	0.00811	0.00590	0.00768	0.00906	0.00966	0.00546	0.00620	0.00939	0.01294	0.01702	0.03907	0.66913	0.10699	0.02015	0.00837	0.00265	0.00387	0.04685	0.00611	0.00540
16	0.00799	0.00585	0.00752	0.00885	0.00946	0.00537	0.00597	0.00920	0.01291	0.01693	0.04016	0.67510	0.13029	0.02012	0.00832	0.00262	0.00376	0.01810	0.00611	0.00537
17	0.01486	0.01088	0.01477	0.05940	0.01711	0.01117	0.07880	0.14693	0.05692	0.06373	0.18797	0.08722	0.06303	0.01070	0.00700	0.00210	0.00547	0.03445	0.11962	0.00787
18	0.01048	0.00878	0.01090	0.03305	0.07558	0.03538	0.00861	0.01377	0.07107	0.01903	0.07479	0.38778	0.12586	0.01629	0.00791	0.00247	0.00485	0.08115	0.00578	0.00650
19	0.00908	0.00672	0.00847	0.00803	0.00969	0.00611	0.00602	0.01196	0.01807	0.02507	0.62241	0.05137	0.16464	0.01396	0.00777	0.00209	0.00314	0.01221	0.00707	0.00611
20	0.00940	0.00705	0.01058	0.01058	0.01176	0.00823	0.00823	0.01176	0.01058	0.01528	0.01763	0.02586	0.01646	0.04937	0.74255	0.01058	0.01763	0.00705	0.00353	0.00588
21	0.08957	0.37608	0.02577	0.06317	0.04402	0.20735	0.01215	0.07843	0.01605	0.01935	0.01025	0.01201	0.00866	0.00623	0.00508	0.00166	0.00827	0.00415	0.00341	0.00834
22	0.01760	0.77260	0.03450	0.01126	0.01690	0.02605	0.01126	0.01971	0.01338	0.01549	0.00915	0.01056	0.00845	0.00563	0.00422	0.00141	0.00704	0.00352	0.00282	0.00845
23	0.01530	0.01198	0.04119	0.01393	0.08087	0.01171	0.01003	0.15257	0.09492	0.07631	0.05204	0.09414	0.09541	0.12097	0.07533	0.00351	0.00694	0.02924	0.00554	0.00807
24	0.08216	0.19842	0.09331	0.01445	0.04599	0.01936	0.01273	0.31561	0.04017	0.05048	0.03497	0.01677	0.03318	0.00743	0.00586	0.00187	0.00696	0.00553	0.00504	0.00972
25	0.00801	0.00578	0.00759	0.00903	0.00951	0.00536	0.00605	0.00918	0.01273	0.01686	0.03794	0.72625	0.08056	0.02041	0.00837	0.00265	0.00379	0.01845	0.00611	0.00536
26	0.19942	0.05475	0.08820	0.05652	0.04544	0.19101	0.09423	0.07479	0.01563	0.02243	0.01141	0.01473	0.00926	0.00709	0.00724	0.00205	0.07471	0.01923	0.00369	0.00819
27	0.01308	0.00865	0.01028	0.00941	0.01194	0.00837	0.00720	0.01848	0.14557	0.12536	0.29649	0.09558	0.19721	0.01311	0.00745	0.00217	0.00395	0.01127	0.00694	0.00749
28	0.01711	0.01593	0.06937	0.07090	0.10934	0.03703	0.11543	0.09830	0.12596	0.08580	0.03681	0.05293	0.01539	0.03732	0.00931	0.00236	0.07961	0.00721	0.00478	0.00911
29	0.01331	0.09200	0.12610	0.07236	0.07870	0.03256	0.03157	0.06425	0.05403	0.02159	0.12237	0.11579	0.11309	0.01072	0.00689	0.00211	0.00639	0.02339	0.00485	0.00791

[dist]
# distance from previous block
# <min> <max>
7	38

[block]
# block no. 10 follows, 33 sequences, length 35
# corresponding to MSA columns:
# 340-374
name=unknown_K
#
# <colnr> <probs for GDERKNQSTAVLIFYWHMCP>
#	G	D	E	R	K	N	Q	S	T	A	V	L	I	F	Y	W	H	M	C	P
0	0.06222	0.10488	0.06329	0.06210	0.11188	0.14941	0.01363	0.20453	0.07248	0.02576	0.03603	0.03777	0.01295	0.00753	0.00614	0.00192	0.00788	0.00582	0.00458	0.00922
1	0.08088	0.01545	0.05374	0.06719	0.13661	0.05738	0.07558	0.06417	0.05991	0.04667	0.04140	0.01797	0.01299	0.03452	0.00704	0.00194	0.00705	0.00571	0.00423	0.20957
