[name]
unknown

[dist]
# distance from previous block
# <min> <max>
0	66

[block]
# block no. 0 follows, 34 sequences, length 9
# corresponding to MSA columns:
# 67-75
name=unknown_A
#
# <colnr> <probs for GDERKNQSTAVLIFYWHMCP>
#	G	D	E	R	K	N	Q	S	T	A	V	L	I	F	Y	W	H	M	C	P
0	0.08574	0.03519	0.04301	0.07326	0.04447	0.13337	0.01109	0.11315	0.04089	0.02299	0.01679	0.06775	0.01506	0.00874	0.00653	0.00195	0.03179	0.07059	0.10432	0.07333
1	0.01659	0.01607	0.08411	0.06075	0.04795	0.03376	0.17132	0.11722	0.16116	0.06860	0.04089	0.02661	0.01734	0.00865	0.00707	0.00220	0.00763	0.09798	0.00507	0.00903
2	0.01174	0.02918	0.04071	0.05979	0.07298	0.00957	0.02696	0.05723	0.03726	0.03915	0.07103	0.25677	0.14057	0.01370	0.00739	0.00228	0.00528	0.07869	0.00539	0.03433
3	0.00931	0.00690	0.00840	0.00799	0.00949	0.00651	0.00581	0.01245	0.05030	0.02285	0.50057	0.04816	0.14599	0.12392	0.01125	0.00268	0.00365	0.01141	0.00647	0.00589
4	0.01122	0.00561	0.00842	0.00842	0.00842	0.00561	0.00561	0.00842	0.00842	0.01122	0.01122	0.01964	0.01122	0.02245	0.02525	0.81201	0.00561	0.00561	0.00281	0.00281
5	0.00867	0.00659	0.00798	0.00763	0.00936	0.00589	0.00572	0.01127	0.01717	0.02325	0.52024	0.05265	0.27160	0.01420	0.00763	0.00208	0.00312	0.01230	0.00676	0.00589
6	0.01465	0.01223	0.01407	0.01017	0.01584	0.00990	0.00818	0.09433	0.01531	0.02326	0.01194	0.01364	0.00973	0.00512	0.00497	0.00107	0.00505	0.00405	0.00412	0.72238
7	0.01658	0.64631	0.03058	0.01139	0.01625	0.02365	0.01094	0.01957	0.05269	0.01645	0.04785	0.01336	0.01172	0.00647	0.00552	0.00155	0.05345	0.00424	0.00321	0.00821
8	0.04306	0.11796	0.30207	0.01644	0.06583	0.03588	0.03612	0.07601	0.03943	0.07645	0.01307	0.01443	0.00974	0.00620	0.00574	0.00178	0.00772	0.00486	0.00382	0.12340

[dist]
# distance from previous block
# <min> <max>
0	2

[block]
# block no. 1 follows, 34 sequences, length 16
# corresponding to MSA columns:
# 78-93
name=unknown_B
#
# <colnr> <probs for GDERKNQSTAVLIFYWHMCP>
#	G	D	E	R	K	N	Q	S	T	A	V	L	I	F	Y	W	H	M	C	P
0	0.01577	0.19092	0.14862	0.09863	0.07173	0.06047	0.05079	0.02181	0.11969	0.05868	0.06796	0.01940	0.03413	0.00729	0.00603	0.00190	0.00739	0.00598	0.00412	0.00869
1	0.01489	0.05976	0.26564	0.06278	0.15290	0.01545	0.13339	0.01970	0.01389	0.06260	0.01355	0.05374	0.01111	0.00729	0.00800	0.00212	0.08454	0.00630	0.00341	0.00896
2	0.01017	0.00777	0.00907	0.00875	0.01064	0.00771	0.00654	0.01552	0.14556	0.02337	0.35609	0.13286	0.16618	0.01347	0.00732	0.00213	0.00355	0.01170	0.05498	0.00663
3	0.00940	0.00626	0.00705	0.00705	0.00705	0.00626	0.00392	0.00940	0.00940	0.01253	0.02036	0.04228	0.02349	0.77292	0.03289	0.00626	0.00626	0.00940	0.00392	0.00392
4	0.01128	0.00789	0.00979	0.03035	0.01187	0.00764	0.00701	0.01584	0.10038	0.07766	0.45110	0.07306	0.14530	0.01282	0.00741	0.00210	0.00370	0.01115	0.00679	0.00686
5	0.01450	0.01444	0.02658	0.17115	0.37372	0.01469	0.19202	0.01864	0.01434	0.01980	0.01394	0.07049	0.01214	0.00685	0.00685	0.00208	0.00838	0.00713	0.00335	0.00891
6	0.45148	0.01180	0.01205	0.00989	0.01435	0.01217	0.00816	0.02480	0.01448	0.35820	0.01667	0.01584	0.01118	0.00693	0.00516	0.00200	0.00523	0.00489	0.00586	0.00886
7	0.01482	0.05910	0.34118	0.02139	0.09761	0.01616	0.16906	0.02132	0.06518	0.04358	0.01308	0.01562	0.00986	0.00664	0.00780	0.00211	0.07714	0.00575	0.00335	0.00925
8	0.00825	0.00593	0.00738	0.00826	0.00884	0.00554	0.00545	0.00934	0.01245	0.01646	0.08549	0.48788	0.11737	0.17449	0.01321	0.00328	0.00416	0.01551	0.00565	0.00506
9	0.01108	0.00760	0.00964	0.02953	0.01191	0.00743	0.00720	0.03310	0.07286	0.07260	0.24258	0.32368	0.09007	0.01526	0.00768	0.00232	0.00405	0.03840	0.00645	0.00657
10	0.01959	0.12938	0.12997	0.08723	0.04317	0.09548	0.01426	0.23084	0.09775	0.06885	0.01470	0.01560	0.01091	0.00702	0.00603	0.00190	0.00778	0.00534	0.00469	0.00954
11	0.01573	0.05710	0.14542	0.04424	0.09269	0.01529	0.01375	0.13449	0.23455	0.02477	0.02161	0.02395	0.06564	0.00909	0.00726	0.03417	0.00664	0.03947	0.00497	0.00917
12	0.01688	0.21351	0.15404	0.04314	0.23808	0.12323	0.01624	0.05227	0.01532	0.01936	0.01333	0.01548	0.03956	0.00646	0.00575	0.00179	0.00821	0.00510	0.00328	0.00897
13	0.05727	0.07745	0.01495	0.01255	0.05759	0.08240	0.00931	0.09834	0.15170	0.02363	0.11156	0.03044	0.18056	0.00987	0.00640	0.00192	0.00558	0.00797	0.00537	0.05515
14	0.01429	0.08640	0.01406	0.01150	0.04356	0.09819	0.00859	0.07633	0.05476	0.05690	0.23962	0.07577	0.17186	0.01143	0.00685	0.00198	0.00530	0.00951	0.00575	0.00735
15	0.01675	0.06381	0.02241	0.14059	0.37252	0.04944	0.01613	0.07288	0.06164	0.05792	0.01640	0.01885	0.04863	0.00691	0.00632	0.00195	0.00740	0.00609	0.00398	0.00935

[dist]
# distance from previous block
# <min> <max>
3	14

[block]
# block no. 2 follows, 34 sequences, length 7
# corresponding to MSA columns:
# 108-114
name=unknown_C
#
# <colnr> <probs for GDERKNQSTAVLIFYWHMCP>
#	G	D	E	R	K	N	Q	S	T	A	V	L	I	F	Y	W	H	M	C	P
0	0.01275	0.08113	0.05609	0.01247	0.03797	0.06416	0.04729	0.01879	0.16720	0.02092	0.14386	0.10912	0.17961	0.01144	0.00690	0.00208	0.00552	0.00977	0.00540	0.00753
1	0.01042	0.07564	0.01080	0.00842	0.01043	0.00782	0.00653	0.01299	0.01682	0.05379	0.48377	0.11512	0.13663	0.01337	0.00732	0.00205	0.00360	0.01162	0.00651	0.00634
2	0.01439	0.08171	0.02218	0.36620	0.18323	0.03453	0.04812	0.03558	0.04675	0.01900	0.02965	0.01729	0.01100	0.00670	0.00685	0.00203	0.03771	0.00581	0.02308	0.00819
3	0.01197	0.00849	0.01099	0.01143	0.06557	0.00795	0.00780	0.01580	0.08038	0.08574	0.24988	0.21389	0.11033	0.01309	0.00724	0.00210	0.00415	0.01152	0.00618	0.07549
4	0.08846	0.13668	0.04966	0.01326	0.05186	0.14316	0.02998	0.01695	0.01409	0.04352	0.02226	0.26622	0.05220	0.01165	0.00649	0.00209	0.00657	0.03329	0.00452	0.00709
5	0.26071	0.13329	0.07565	0.01253	0.01756	0.08958	0.01120	0.21365	0.01834	0.09325	0.01263	0.01329	0.00936	0.00668	0.00529	0.00186	0.00694	0.00458	0.00470	0.00892
6	0.01848	0.07313	0.02140	0.04664	0.11669	0.05687	0.07679	0.18165	0.17548	0.05851	0.01696	0.04402	0.01346	0.00793	0.00750	0.00206	0.06147	0.00650	0.00496	0.00949

[dist]
# distance from previous block
# <min> <max>
0	5

[block]
# block no. 3 follows, 34 sequences, length 15
# corresponding to MSA columns:
# 120-134
name=unknown_D
#
# <colnr> <probs for GDERKNQSTAVLIFYWHMCP>
#	G	D	E	R	K	N	Q	S	T	A	V	L	I	F	Y	W	H	M	C	P
0	0.01250	0.02240	0.36911	0.01552	0.02165	0.05268	0.07787	0.01850	0.06270	0.02007	0.05652	0.09945	0.12440	0.00958	0.00679	0.00212	0.00765	0.00820	0.00410	0.00819
1	0.01418	0.01199	0.03756	0.12752	0.21553	0.01203	0.01332	0.06033	0.03844	0.07027	0.13446	0.09262	0.05950	0.01007	0.00757	0.00215	0.03686	0.04250	0.00491	0.00818
2	0.01447	0.10120	0.29759	0.01975	0.06443	0.01613	0.18951	0.04394	0.06212	0.02083	0.01580	0.01970	0.03770	0.00719	0.00697	0.00208	0.03037	0.03771	0.00355	0.00895
3	0.00879	0.00641	0.00788	0.00794	0.00894	0.00617	0.00550	0.01036	0.01330	0.01790	0.22283	0.14201	0.16230	0.23733	0.10977	0.00442	0.00593	0.01166	0.00538	0.00520
4	0.04274	0.01344	0.08000	0.10179	0.04371	0.01126	0.01123	0.10363	0.01577	0.09336	0.01731	0.13972	0.01555	0.00842	0.00609	0.00177	0.00597	0.00711	0.00470	0.27644
5	0.01061	0.01212	0.13212	0.01192	0.04977	0.00833	0.03657	0.01365	0.01471	0.05469	0.06884	0.10531	0.37265	0.01361	0.00742	0.00223	0.00520	0.06808	0.00535	0.00683
6	0.01846	0.15005	0.09492	0.05399	0.05293	0.12184	0.01296	0.24174	0.02002	0.02555	0.08576	0.06163	0.01659	0.00817	0.00616	0.00187	0.00748	0.00639	0.00469	0.00881
7	0.01501	0.25735	0.28155	0.01599	0.04301	0.06750	0.05836	0.03438	0.01396	0.01832	0.01300	0.07587	0.01163	0.00894	0.03514	0.00221	0.03032	0.00579	0.00321	0.00845
8	0.00924	0.00732	0.00841	0.00826	0.01012	0.00693	0.00613	0.01331	0.10026	0.02159	0.30155	0.14921	0.30407	0.01482	0.00759	0.00219	0.00348	0.01281	0.00648	0.00623
9	0.01739	0.01143	0.01577	0.01273	0.01564	0.01206	0.09042	0.14728	0.01636	0.14812	0.01786	0.02312	0.01466	0.13578	0.03875	0.03461	0.08935	0.00679	0.14411	0.00777
10	0.01583	0.05761	0.04253	0.01125	0.01706	0.01069	0.04393	0.04079	0.01461	0.10263	0.01314	0.01448	0.01023	0.00537	0.00519	0.00123	0.00554	0.00440	0.00426	0.57924
11	0.01126	0.00895	0.03950	0.00932	0.01165	0.00797	0.00751	0.04951	0.06910	0.05280	0.56496	0.04298	0.07458	0.01224	0.00739	0.00204	0.00376	0.01067	0.00686	0.00694
12	0.02414	0.03079	0.01831	0.01665	0.01998	0.74698	0.01248	0.02580	0.01831	0.01581	0.00999	0.01165	0.00832	0.00666	0.00583	0.00166	0.01165	0.00416	0.00333	0.00749
13	0.01340	0.01148	0.01340	0.00957	0.01531	0.00861	0.00766	0.01627	0.01340	0.02105	0.01148	0.01340	0.00957	0.00479	0.00479	0.00096	0.00479	0.00383	0.00383	0.81242
14	0.02222	0.01678	0.01762	0.01466	0.04252	0.06759	0.01146	0.40669	0.13445	0.10458	0.01918	0.01872	0.03669	0.00793	0.00639	0.00192	0.00672	0.00616	0.00616	0.05155

[dist]
# distance from previous block
# <min> <max>
0	1

[block]
# block no. 4 follows, 34 sequences, length 49
# corresponding to MSA columns:
# 136-184
name=unknown_E
#
# <colnr> <probs for GDERKNQSTAVLIFYWHMCP>
#	G	D	E	R	K	N	Q	S	T	A	V	L	I	F	Y	W	H	M	C	P
0	0.01837	0.01629	0.01536	0.01340	0.01720	0.11485	0.01048	0.14725	0.43740	0.04676	0.02503	0.02362	0.06751	0.00883	0.00653	0.00207	0.00622	0.00706	0.00611	0.00967
1	0.00940	0.00626	0.00705	0.00705	0.00705	0.00626	0.00392	0.00940	0.00940	0.01253	0.02036	0.04228	0.02349	0.77292	0.03289	0.00626	0.00626	0.00940	0.00392	0.00392
2	0.01698	0.72593	0.08215	0.01156	0.01736	0.02484	0.01193	0.01942	0.01316	0.01556	0.00916	0.01059	0.00828	0.00557	0.00428	0.00143	0.00709	0.00355	0.00276	0.00838
3	0.01570	0.01537	0.02423	0.14072	0.56820	0.05542	0.01881	0.01945	0.01466	0.02009	0.01273	0.01798	0.01087	0.00634	0.00647	0.00198	0.00797	0.03027	0.00326	0.00949
4	0.00910	0.00701	0.00818	0.00773	0.00966	0.00636	0.00584	0.03733	0.01728	0.02298	0.42858	0.05277	0.33498	0.01430	0.00758	0.00209	0.00329	0.01227	0.00663	0.00602
5	0.01716	0.61947	0.13132	0.01248	0.01842	0.07582	0.01295	0.01997	0.01357	0.01598	0.00942	0.01091	0.00828	0.00569	0.00454	0.00150	0.00762	0.00369	0.00280	0.00841
6	0.02024	0.45448	0.02714	0.01347	0.01805	0.33727	0.01167	0.02214	0.01537	0.01547	0.00942	0.01092	0.00831	0.00602	0.00487	0.00150	0.00896	0.00376	0.00301	0.00795
7	0.01009	0.00721	0.01005	0.01154	0.01288	0.00716	0.00986	0.01284	0.01456	0.01898	0.03439	0.16009	0.03788	0.01815	0.00884	0.00293	0.00567	0.60506	0.00596	0.00586
8	0.02456	0.01810	0.01939	0.01487	0.02004	0.02004	0.01228	0.71107	0.03038	0.04072	0.01551	0.01551	0.01099	0.00776	0.00646	0.00194	0.00711	0.00582	0.00646	0.01099
9	0.01286	0.03237	0.70984	0.01815	0.02737	0.01470	0.02333	0.02018	0.01369	0.02042	0.01251	0.01605	0.00936	0.00661	0.00625	0.00208	0.00940	0.03256	0.00286	0.00940
10	0.00787	0.00562	0.00750	0.00900	0.00937	0.00525	0.00600	0.00900	0.01237	0.01649	0.03561	0.76871	0.04274	0.02024	0.00825	0.00262	0.00375	0.01837	0.00600	0.00525
11	0.01607	0.01388	0.01461	0.01315	0.01680	0.01607	0.01023	0.03433	0.72094	0.02703	0.02630	0.02411	0.01972	0.00877	0.00657	0.00219	0.00511	0.00731	0.00657	0.01023
12	0.01367	0.01337	0.01855	0.01600	0.01600	0.01847	0.01314	0.01495	0.00985	0.01526	0.00964	0.01688	0.00994	0.08555	0.02234	0.00316	0.68752	0.00602	0.00293	0.00676
13	0.00787	0.00562	0.00750	0.00900	0.00937	0.00525	0.00600	0.00900	0.01237	0.01649	0.03561	0.76871	0.04274	0.02024	0.00825	0.00262	0.00375	0.01837	0.00600	0.00525
14	0.02414	0.03079	0.01831	0.01665	0.01998	0.74698	0.01248	0.02580	0.01831	0.01581	0.00999	0.01165	0.00832	0.00666	0.00583	0.00166	0.01165	0.00416	0.00333	0.00749
15	0.01296	0.03342	0.73944	0.01842	0.02797	0.01501	0.02387	0.02046	0.01364	0.02046	0.01160	0.01364	0.00818	0.00614	0.00614	0.00205	0.00955	0.00477	0.00273	0.00955
16	0.01710	0.01137	0.01378	0.01003	0.01559	0.00882	0.00809	0.01988	0.01461	0.19104	0.01481	0.01544	0.01110	0.00555	0.00519	0.00120	0.00495	0.00446	0.00482	0.62217
17	0.02472	0.01784	0.01923	0.01474	0.01991	0.01966	0.01218	0.68647	0.02995	0.06593	0.01587	0.01575	0.01117	0.00777	0.00646	0.00194	0.00705	0.00584	0.00652	0.01099
18	0.00914	0.00660	0.00864	0.00813	0.00965	0.00610	0.00610	0.01219	0.01829	0.02591	0.72921	0.04827	0.06097	0.01321	0.00762	0.00203	0.00305	0.01169	0.00711	0.00610
19	0.00787	0.00562	0.00750	0.00900	0.00937	0.00525	0.00600	0.00900	0.01237	0.01649	0.03561	0.76871	0.04274	0.02024	0.00825	0.00262	0.00375	0.01837	0.00600	0.00525
20	0.01063	0.00892	0.01178	0.01124	0.01211	0.03675	0.00865	0.01242	0.01045	0.01476	0.01599	0.02545	0.01564	0.14647	0.49323	0.00819	0.14116	0.00697	0.00342	0.00578
21	0.02414	0.03079	0.01831	0.01665	0.01998	0.74698	0.01248	0.02580	0.01831	0.01581	0.00999	0.01165	0.00832	0.00666	0.00583	0.00166	0.01165	0.00416	0.00333	0.00749
22	0.00787	0.00562	0.00750	0.00900	0.00937	0.00525	0.00600	0.00900	0.01237	0.01649	0.03561	0.76871	0.04274	0.02024	0.00825	0.00262	0.00375	0.01837	0.00600	0.00525
23	0.01321	0.03167	0.66260	0.01938	0.02860	0.01515	0.09896	0.02049	0.01382	0.02049	0.01176	0.01406	0.00836	0.00606	0.00630	0.00206	0.00970	0.00509	0.00279	0.00946
24	0.02279	0.02824	0.01962	0.02045	0.13786	0.62595	0.01370	0.02481	0.01772	0.01669	0.01035	0.01237	0.00864	0.00651	0.00592	0.00171	0.01099	0.00443	0.00331	0.00794
25	0.01220	0.01148	0.01938	0.75739	0.04450	0.01436	0.01794	0.01651	0.01292	0.01651	0.01148	0.01723	0.00861	0.00646	0.00646	0.00215	0.00861	0.00574	0.00287	0.00718
26	0.00924	0.00689	0.01020	0.01020	0.01129	0.00798	0.00785	0.01142	0.01033	0.01486	0.01748	0.02632	0.01656	0.08856	0.70777	0.01016	0.01670	0.00706	0.00349	0.00567
27	0.01680	0.07971	0.05021	0.09902	0.26227	0.05565	0.12044	0.02086	0.03463	0.09726	0.01530	0.04589	0.01277	0.00730	0.00690	0.00203	0.02639	0.03363	0.00395	0.00901
28	0.01688	0.53530	0.13237	0.01213	0.01781	0.04809	0.01250	0.05910	0.01441	0.01818	0.01077	0.01231	0.00911	0.00595	0.00466	0.00153	0.00715	0.00402	0.06932	0.00841
29	0.08595	0.66088	0.03072	0.01122	0.01647	0.07381	0.01081	0.01976	0.01330	0.01642	0.00905	0.01046	0.00818	0.00564	0.00425	0.00145	0.00707	0.00351	0.00291	0.00813
30	0.01009	0.00800	0.00908	0.00996	0.01110	0.04827	0.00737	0.03916	0.01426	0.01851	0.05324	0.47328	0.08338	0.01771	0.00801	0.00253	0.00469	0.14719	0.02836	0.00580
31	0.00764	0.00655	0.00655	0.00655	0.00873	0.00545	0.00491	0.00927	0.01473	0.01745	0.06546	0.06218	0.73000	0.01636	0.00764	0.00218	0.00327	0.01364	0.00600	0.00545
32	0.00923	0.00692	0.01038	0.01038	0.01154	0.00808	0.00808	0.01154	0.01038	0.01500	0.01731	0.02538	0.01615	0.04846	0.74732	0.01038	0.01731	0.00692	0.00346	0.00577
33	0.01607	0.01388	0.01461	0.01315	0.01680	0.01607	0.01023	0.03433	0.72094	0.02703	0.02630	0.02411	0.01972	0.00877	0.00657	0.00219	0.00511	0.00731	0.00657	0.01023
34	0.00923	0.00692	0.01038	0.01038	0.01154	0.00808	0.00808	0.01154	0.01038	0.01500	0.01731	0.02538	0.01615	0.04846	0.74732	0.01038	0.01731	0.00692	0.00346	0.00577
35	0.02456	0.01810	0.01939	0.01487	0.02004	0.02004	0.01228	0.71107	0.03038	0.04072	0.01551	0.01551	0.01099	0.00776	0.00646	0.00194	0.00711	0.00582	0.00646	0.01099
36	0.81856	0.01250	0.00950	0.00850	0.01250	0.01449	0.00700	0.01899	0.01100	0.02899	0.00900	0.01050	0.00700	0.00600	0.00400	0.00200	0.00500	0.00350	0.00400	0.00700
37	0.00787	0.00562	0.00750	0.00900	0.00937	0.00525	0.00600	0.00900	0.01237	0.01649	0.03561	0.76871	0.04274	0.02024	0.00825	0.00262	0.00375	0.01837	0.00600	0.00525
38	0.00940	0.00626	0.00705	0.00705	0.00705	0.00626	0.00392	0.00940	0.00940	0.01253	0.02036	0.04228	0.02349	0.77292	0.03289	0.00626	0.00626	0.00940	0.00392	0.00392
39	0.00787	0.00562	0.00750	0.00900	0.00937	0.00525	0.00600	0.00900	0.01237	0.01649	0.03561	0.76871	0.04274	0.02024	0.00825	0.00262	0.00375	0.01837	0.00600	0.00525
40	0.00914	0.00660	0.00864	0.00813	0.00965	0.00610	0.00610	0.01219	0.01829	0.02591	0.72921	0.04827	0.06097	0.01321	0.00762	0.00203	0.00305	0.01169	0.00711	0.00610
41	0.02899	0.01100	0.01499	0.01150	0.01649	0.00950	0.00950	0.03149	0.01849	0.73709	0.02549	0.02199	0.01599	0.00800	0.00650	0.00200	0.00550	0.00650	0.00800	0.01100
42	0.00782	0.00649	0.00687	0.00712	0.00906	0.00554	0.00534	0.00947	0.01447	0.01745	0.06035	0.14281	0.61379	0.01689	0.00778	0.00228	0.00347	0.05157	0.00600	0.00546
43	0.02414	0.03079	0.01831	0.01665	0.01998	0.74698	0.01248	0.02580	0.01831	0.01581	0.00999	0.01165	0.00832	0.00666	0.00583	0.00166	0.01165	0.00416	0.00333	0.00749
44	0.01340	0.01148	0.01340	0.00957	0.01531	0.00861	0.00766	0.01627	0.01340	0.02105	0.01148	0.01340	0.00957	0.00479	0.00479	0.00096	0.00479	0.00383	0.00383	0.81242
45	0.00923	0.00692	0.01038	0.01038	0.01154	0.00808	0.00808	0.01154	0.01038	0.01500	0.01731	0.02538	0.01615	0.04846	0.74732	0.01038	0.01731	0.00692	0.00346	0.00577
46	0.01869	0.01404	0.01642	0.03725	0.09408	0.03365	0.01133	0.29798	0.04902	0.04884	0.01625	0.01808	0.01241	0.00786	0.00757	0.00194	0.08931	0.00588	0.21042	0.00898
47	0.02246	0.09589	0.04758	0.01692	0.02102	0.55998	0.06572	0.06258	0.01811	0.01768	0.01050	0.01226	0.00858	0.00651	0.00586	0.00171	0.01084	0.00448	0.00343	0.00792
48	0.00808	0.00627	0.00738	0.00795	0.00934	0.00557	0.00577	0.00979	0.01434	0.01832	0.14040	0.31900	0.35235	0.01745	0.00793	0.00237	0.00357	0.05250	0.00614	0.00549

[dist]
# distance from previous block
# <min> <max>
0	1

[block]
# block no. 5 follows, 34 sequences, length 17
# corresponding to MSA columns:
# 186-202
name=unknown_F
#
# <colnr> <probs for GDERKNQSTAVLIFYWHMCP>
#	G	D	E	R	K	N	Q	S	T	A	V	L	I	F	Y	W	H	M	C	P
0	0.01832	0.09312	0.02200	0.13833	0.23935	0.28508	0.01506	0.02119	0.01551	0.01787	0.01090	0.01385	0.00904	0.00610	0.00586	0.00174	0.00899	0.00480	0.00320	0.06969
1	0.00868	0.00691	0.00769	0.00796	0.00967	0.00631	0.00577	0.03567	0.03926	0.01862	0.07634	0.29571	0.42423	0.01697	0.00776	0.00232	0.00363	0.01465	0.00608	0.00578
2	0.00923	0.00692	0.01038	0.01038	0.01154	0.00808	0.00808	0.01154	0.01038	0.01500	0.01731	0.02538	0.01615	0.04846	0.74732	0.01038	0.01731	0.00692	0.00346	0.00577
3	0.08020	0.01944	0.01729	0.01438	0.01870	0.17641	0.01145	0.35010	0.19160	0.03119	0.01642	0.01637	0.01221	0.00763	0.00617	0.00194	0.00746	0.00565	0.00563	0.00976
4	0.05437	0.02048	0.12898	0.02099	0.02682	0.11309	0.35202	0.04129	0.01513	0.02067	0.01186	0.01514	0.00916	0.00617	0.00770	0.00201	0.06444	0.00603	0.00335	0.08030
5	0.01569	0.21421	0.41110	0.01821	0.09175	0.01825	0.01894	0.10167	0.01559	0.02161	0.01146	0.01328	0.00874	0.00614	0.00571	0.00186	0.00843	0.00466	0.00322	0.00947
6	0.01002	0.00803	0.01090	0.01054	0.01163	0.00937	0.00808	0.01275	0.05111	0.01578	0.02256	0.06470	0.08592	0.11747	0.43141	0.00738	0.10419	0.00825	0.00398	0.00592
7	0.00840	0.00707	0.00823	0.07896	0.01249	0.00648	0.00656	0.01054	0.01504	0.01859	0.14819	0.05648	0.54016	0.01506	0.00758	0.00219	0.00387	0.04254	0.00585	0.00573
8	0.02010	0.10788	0.09120	0.04363	0.18775	0.29883	0.01527	0.12162	0.01802	0.02104	0.01138	0.01344	0.00915	0.00642	0.00591	0.00178	0.00925	0.00480	0.00362	0.00891
9	0.01030	0.00835	0.01081	0.06886	0.06564	0.03289	0.00849	0.05084	0.01381	0.01818	0.03005	0.58797	0.03479	0.01696	0.00779	0.00247	0.00487	0.01529	0.00549	0.00616
10	0.00924	0.00689	0.01022	0.01022	0.01132	0.00799	0.00787	0.01143	0.01034	0.01488	0.01746	0.02621	0.01651	0.08404	0.71223	0.01018	0.01676	0.00704	0.00348	0.00568
11	0.01578	0.01696	0.01971	0.01698	0.01776	0.14838	0.03276	0.01734	0.01160	0.01576	0.00959	0.03374	0.00940	0.01056	0.01776	0.00260	0.58739	0.00578	0.00301	0.00714
12	0.44420	0.02002	0.01374	0.01218	0.01603	0.29679	0.00957	0.08151	0.01549	0.02494	0.00994	0.01138	0.00785	0.00640	0.00492	0.00187	0.00774	0.00395	0.00395	0.00753
13	0.02100	0.01712	0.02149	0.01752	0.06094	0.05219	0.12940	0.44600	0.02467	0.03328	0.03991	0.01747	0.01278	0.00738	0.00652	0.00194	0.00754	0.00626	0.06676	0.00985
14	0.01573	0.01722	0.07309	0.01688	0.09515	0.12522	0.04661	0.05438	0.01484	0.02032	0.03920	0.04103	0.01233	0.00742	0.00846	0.00178	0.13513	0.00555	0.00374	0.26591
15	0.01728	0.01732	0.06290	0.06829	0.36748	0.10360	0.04040	0.02205	0.06898	0.07269	0.01384	0.01625	0.01086	0.00622	0.00623	0.00185	0.00780	0.00556	0.00384	0.08658
16	0.01496	0.10317	0.36982	0.08282	0.07835	0.01703	0.07740	0.08580	0.01506	0.02121	0.01162	0.01431	0.00881	0.00657	0.00728	0.00204	0.06621	0.00520	0.00319	0.00914

[dist]
# distance from previous block
# <min> <max>
0	19

[block]
# block no. 6 follows, 34 sequences, length 54
# corresponding to MSA columns:
# 222-275
name=unknown_G
#
# <colnr> <probs for GDERKNQSTAVLIFYWHMCP>
#	G	D	E	R	K	N	Q	S	T	A	V	L	I	F	Y	W	H	M	C	P
0	0.01718	0.37644	0.14140	0.01869	0.13827	0.02079	0.06944	0.10990	0.01589	0.02076	0.01109	0.01303	0.00907	0.00595	0.00540	0.00171	0.00779	0.00468	0.00335	0.00919
1	0.01851	0.02203	0.01583	0.01460	0.01721	0.47032	0.04387	0.02033	0.01668	0.01699	0.07151	0.20345	0.02100	0.01049	0.00665	0.00196	0.00899	0.00844	0.00428	0.00688
2	0.01503	0.01507	0.05860	0.02923	0.47387	0.01324	0.01625	0.01876	0.01425	0.02106	0.01192	0.01507	0.00992	0.00547	0.00588	0.00163	0.00687	0.00511	0.00337	0.25940
3	0.01340	0.01148	0.01340	0.00957	0.01531	0.00861	0.00766	0.01627	0.01340	0.02105	0.01148	0.01340	0.00957	0.00479	0.00479	0.00096	0.00479	0.00383	0.00383	0.81242
4	0.01414	0.01414	0.01979	0.01696	0.01696	0.01979	0.01414	0.01555	0.00990	0.01555	0.00848	0.01414	0.00848	0.01131	0.02120	0.00283	0.76110	0.00565	0.00283	0.00707
5	0.00775	0.00655	0.00671	0.00667	0.00880	0.00551	0.00500	0.00950	0.01501	0.01812	0.11753	0.06109	0.67750	0.01612	0.00764	0.00217	0.00326	0.01348	0.00609	0.00551
6	0.00938	0.00633	0.00740	0.00740	0.00752	0.00646	0.00436	0.00962	0.00950	0.01279	0.02003	0.04049	0.02271	0.69606	0.10868	0.00670	0.00744	0.00913	0.00387	0.00411
7	0.05656	0.01450	0.05001	0.01234	0.01732	0.09821	0.01045	0.02982	0.01796	0.59039	0.02236	0.01993	0.01437	0.00767	0.00631	0.00196	0.00641	0.00603	0.00704	0.01036
8	0.00853	0.00674	0.00771	0.00749	0.00937	0.00601	0.00560	0.01121	0.03486	0.02141	0.35622	0.07466	0.39723	0.01488	0.00762	0.00213	0.00324	0.01274	0.00651	0.00586
9	0.02744	0.01134	0.01495	0.01169	0.01653	0.01028	0.00958	0.03183	0.10256	0.65211	0.02559	0.02225	0.01644	0.00809	0.00651	0.00202	0.00545	0.00659	0.00783	0.01090
10	0.01296	0.03342	0.73944	0.01842	0.02797	0.01501	0.02387	0.02046	0.01364	0.02046	0.01160	0.01364	0.00818	0.00614	0.00614	0.00205	0.00955	0.00477	0.00273	0.00955
11	0.01522	0.02644	0.39483	0.01875	0.02572	0.10272	0.14917	0.05412	0.04403	0.02059	0.01294	0.01641	0.01006	0.05343	0.00841	0.00230	0.02700	0.00570	0.00331	0.00884
12	0.02743	0.01065	0.01450	0.01123	0.01596	0.00923	0.00923	0.02998	0.01848	0.68129	0.08070	0.02405	0.01952	0.00841	0.00659	0.00200	0.00531	0.00690	0.00793	0.01061
13	0.00924	0.00687	0.01012	0.01012	0.01119	0.00793	0.00775	0.01137	0.01031	0.01481	0.01755	0.02671	0.01673	0.10530	0.69126	0.01006	0.01644	0.00712	0.00350	0.00562
14	0.03738	0.01752	0.10370	0.19540	0.03507	0.01569	0.45931	0.01965	0.01442	0.01994	0.01244	0.01680	0.00928	0.00577	0.00710	0.00215	0.01006	0.00678	0.00314	0.00839
15	0.02178	0.06262	0.02018	0.08196	0.11170	0.53235	0.01380	0.04817	0.01758	0.01739	0.01053	0.01275	0.00868	0.00651	0.00589	0.00173	0.01051	0.00452	0.00336	0.00797
16	0.00787	0.00562	0.00750	0.00900	0.00937	0.00525	0.00600	0.00900	0.01237	0.01649	0.03561	0.76871	0.04274	0.02024	0.00825	0.00262	0.00375	0.01837	0.00600	0.00525
17	0.00826	0.00609	0.00840	0.01047	0.04414	0.00573	0.00666	0.00952	0.01248	0.01672	0.03448	0.73253	0.04117	0.01955	0.00816	0.00259	0.00394	0.01776	0.00586	0.00549
18	0.01830	0.01520	0.01865	0.01666	0.07458	0.01713	0.05466	0.26430	0.25561	0.02920	0.02012	0.02053	0.04319	0.00854	0.00820	0.00213	0.09001	0.00673	0.02652	0.00974
19	0.01522	0.15419	0.25168	0.01861	0.05784	0.09291	0.15884	0.02065	0.05772	0.01918	0.01440	0.08331	0.01251	0.00737	0.00630	0.00197	0.00870	0.00651	0.00347	0.00863
20	0.09869	0.04660	0.02466	0.10515	0.49877	0.03494	0.06007	0.01960	0.01421	0.02106	0.01163	0.01529	0.00958	0.00585	0.00612	0.00194	0.00776	0.00550	0.00324	0.00935
21	0.01377	0.01511	0.05140	0.09086	0.11867	0.04368	0.32864	0.01831	0.03327	0.01983	0.04832	0.11083	0.06013	0.00850	0.00728	0.00216	0.00845	0.00878	0.00394	0.00807
22	0.02020	0.45905	0.02724	0.01344	0.01803	0.33285	0.01166	0.02210	0.01534	0.01546	0.00941	0.01091	0.00831	0.00601	0.00486	0.00150	0.00893	0.00376	0.00300	0.00795
23	0.01525	0.01743	0.03813	0.02723	0.03377	0.01634	0.70915	0.02070	0.01525	0.02070	0.01307	0.01743	0.00980	0.00545	0.00763	0.00218	0.01089	0.00763	0.00327	0.00871
24	0.02391	0.01778	0.01903	0.01474	0.01979	0.01973	0.01212	0.65934	0.08317	0.03967	0.01634	0.01617	0.01166	0.00783	0.00647	0.00196	0.00696	0.00593	0.00647	0.01093
25	0.00791	0.00656	0.00692	0.00683	0.00889	0.00557	0.00512	0.00979	0.01536	0.01896	0.18368	0.05970	0.61083	0.01580	0.00763	0.00216	0.00323	0.01329	0.00620	0.00557
26	0.00787	0.00562	0.00750	0.00900	0.00937	0.00525	0.00600	0.00900	0.01237	0.01649	0.03561	0.76871	0.04274	0.02024	0.00825	0.00262	0.00375	0.01837	0.00600	0.00525
27	0.00914	0.00660	0.00864	0.00813	0.00965	0.00610	0.00610	0.01219	0.01829	0.02591	0.72921	0.04827	0.06097	0.01321	0.00762	0.00203	0.00305	0.01169	0.00711	0.00610
28	0.01607	0.01388	0.01461	0.01315	0.01680	0.01607	0.01023	0.03433	0.72094	0.02703	0.02630	0.02411	0.01972	0.00877	0.00657	0.00219	0.00511	0.00731	0.00657	0.01023
29	0.81856	0.01250	0.00950	0.00850	0.01250	0.01449	0.00700	0.01899	0.01100	0.02899	0.00900	0.01050	0.00700	0.00600	0.00400	0.00200	0.00500	0.00350	0.00400	0.00700
30	0.01296	0.03342	0.73944	0.01842	0.02797	0.01501	0.02387	0.02046	0.01364	0.02046	0.01160	0.01364	0.00818	0.00614	0.00614	0.00205	0.00955	0.00477	0.00273	0.00955
31	0.02456	0.01810	0.01939	0.01487	0.02004	0.02004	0.01228	0.71107	0.03038	0.04072	0.01551	0.01551	0.01099	0.00776	0.00646	0.00194	0.00711	0.00582	0.00646	0.01099
32	0.81856	0.01250	0.00950	0.00850	0.01250	0.01449	0.00700	0.01899	0.01100	0.02899	0.00900	0.01050	0.00700	0.00600	0.00400	0.00200	0.00500	0.00350	0.00400	0.00700
33	0.02899	0.01100	0.01499	0.01150	0.01649	0.00950	0.00950	0.03149	0.01849	0.73709	0.02549	0.02199	0.01599	0.00800	0.00650	0.00200	0.00550	0.00650	0.00800	0.01100
34	0.81856	0.01250	0.00950	0.00850	0.01250	0.01449	0.00700	0.01899	0.01100	0.02899	0.00900	0.01050	0.00700	0.00600	0.00400	0.00200	0.00500	0.00350	0.00400	0.00700
35	0.01599	0.01535	0.02623	0.03966	0.73262	0.01535	0.01983	0.01983	0.01471	0.02111	0.01215	0.01599	0.01023	0.00576	0.00640	0.00192	0.00768	0.00576	0.00320	0.01023
36	0.01607	0.01388	0.01461	0.01315	0.01680	0.01607	0.01023	0.03433	0.72094	0.02703	0.02630	0.02411	0.01972	0.00877	0.00657	0.00219	0.00511	0.00731	0.00657	0.01023
37	0.01304	0.03284	0.71376	0.01874	0.02818	0.01505	0.04897	0.02047	0.01370	0.02047	0.01165	0.01378	0.00824	0.00611	0.00619	0.00205	0.00960	0.00488	0.00275	0.00952
38	0.02414	0.03079	0.01831	0.01665	0.01998	0.74698	0.01248	0.02580	0.01831	0.01581	0.00999	0.01165	0.00832	0.00666	0.00583	0.00166	0.01165	0.00416	0.00333	0.00749
39	0.01607	0.01388	0.01461	0.01315	0.01680	0.01607	0.01023	0.03433	0.72094	0.02703	0.02630	0.02411	0.01972	0.00877	0.00657	0.00219	0.00511	0.00731	0.00657	0.01023
40	0.01599	0.01535	0.02623	0.03966	0.73262	0.01535	0.01983	0.01983	0.01471	0.02111	0.01215	0.01599	0.01023	0.00576	0.00640	0.00192	0.00768	0.00576	0.00320	0.01023
41	0.01514	0.01446	0.02440	0.10253	0.62596	0.01465	0.01874	0.01888	0.01455	0.02047	0.01536	0.01894	0.05426	0.00647	0.00648	0.00196	0.00749	0.00624	0.00334	0.00966
42	0.00764	0.00655	0.00655	0.00655	0.00873	0.00545	0.00491	0.00927	0.01473	0.01745	0.06546	0.06218	0.73000	0.01636	0.00764	0.00218	0.00327	0.01364	0.00600	0.00545
43	0.00787	0.00562	0.00750	0.00900	0.00937	0.00525	0.00600	0.00900	0.01237	0.01649	0.03561	0.76871	0.04274	0.02024	0.00825	0.00262	0.00375	0.01837	0.00600	0.00525
44	0.01573	0.01868	0.05598	0.02634	0.03276	0.06114	0.64776	0.02100	0.01539	0.02039	0.01284	0.01697	0.00967	0.00554	0.00747	0.00214	0.01090	0.00734	0.00326	0.00866
45	0.00923	0.00692	0.01038	0.01038	0.01154	0.00808	0.00808	0.01154	0.01038	0.01500	0.01731	0.02538	0.01615	0.04846	0.74732	0.01038	0.01731	0.00692	0.00346	0.00577
46	0.00787	0.00562	0.00750	0.00900	0.00937	0.00525	0.00600	0.00900	0.01237	0.01649	0.03561	0.76871	0.04274	0.02024	0.00825	0.00262	0.00375	0.01837	0.00600	0.00525
47	0.02770	0.01166	0.01523	0.01183	0.01674	0.01066	0.00972	0.07342	0.07434	0.63864	0.02494	0.02176	0.01598	0.00804	0.00650	0.00201	0.00557	0.00652	0.00779	0.01094
48	0.02520	0.01782	0.01867	0.01447	0.01951	0.06308	0.01188	0.56784	0.02787	0.14287	0.01666	0.01624	0.01157	0.00772	0.00643	0.00193	0.00715	0.00582	0.00650	0.01077
49	0.00779	0.00655	0.00675	0.00670	0.00882	0.00552	0.00503	0.00956	0.01508	0.01829	0.13102	0.06081	0.66391	0.01605	0.00763	0.00217	0.00325	0.01344	0.00611	0.00552
50	0.01607	0.01388	0.01461	0.01315	0.01680	0.01607	0.01023	0.03433	0.72094	0.02703	0.02630	0.02411	0.01972	0.00877	0.00657	0.00219	0.00511	0.00731	0.00657	0.01023
51	0.02141	0.01797	0.07532	0.01497	0.02006	0.01809	0.04121	0.50248	0.10924	0.03507	0.01634	0.01684	0.01190	0.00825	0.00723	0.03527	0.00706	0.00598	0.02505	0.01024
52	0.05629	0.25769	0.18765	0.03983	0.02008	0.05771	0.01390	0.13171	0.01647	0.04247	0.03312	0.01691	0.05452	0.00732	0.00622	0.00184	0.03841	0.00528	0.00391	0.00867
53	0.01760	0.34643	0.09352	0.01470	0.05460	0.06534	0.01296	0.12633	0.07845	0.02107	0.01304	0.04460	0.01124	0.00735	0.00663	0.00181	0.06640	0.00523	0.00386	0.00882

[dist]
# distance from previous block
# <min> <max>
0	26

[block]
# block no. 7 follows, 34 sequences, length 42
# corresponding to MSA columns:
# 302-343
name=unknown_H
#
# <colnr> <probs for GDERKNQSTAVLIFYWHMCP>
#	G	D	E	R	K	N	Q	S	T	A	V	L	I	F	Y	W	H	M	C	P
0	0.10339	0.07830	0.03949	0.01578	0.07539	0.21671	0.05097	0.11697	0.06950	0.02285	0.04376	0.02127	0.10285	0.00810	0.00609	0.00189	0.00768	0.00630	0.00447	0.00823
1	0.04168	0.05596	0.06872	0.01504	0.04718	0.03365	0.06492	0.15807	0.03407	0.04221	0.10992	0.10032	0.03860	0.02915	0.00970	0.00228	0.12751	0.00803	0.00488	0.00811
2	0.04010	0.06050	0.50655	0.04897	0.07718	0.07954	0.05842	0.02065	0.01408	0.02001	0.01138	0.01374	0.00841	0.00610	0.00607	0.00199	0.00938	0.00489	0.00289	0.00914
3	0.04659	0.01862	0.01924	0.01609	0.05772	0.07463	0.01248	0.58080	0.05008	0.03701	0.01507	0.01538	0.01091	0.00755	0.00634	0.00193	0.00736	0.00567	0.00598	0.01054
4	0.00940	0.00626	0.00705	0.00705	0.00705	0.00626	0.00392	0.00940	0.00940	0.01253	0.02036	0.04228	0.02349	0.77292	0.03289	0.00626	0.00626	0.00940	0.00392	0.00392
5	0.01296	0.03342	0.73944	0.01842	0.02797	0.01501	0.02387	0.02046	0.01364	0.02046	0.01160	0.01364	0.00818	0.00614	0.00614	0.00205	0.00955	0.00477	0.00273	0.00955
6	0.01236	0.01128	0.01628	0.30637	0.09292	0.05122	0.03174	0.01630	0.04336	0.01814	0.02129	0.14140	0.02132	0.01132	0.00733	0.00238	0.00723	0.17640	0.00431	0.00706
7	0.01579	0.01514	0.02586	0.07855	0.69533	0.01530	0.01973	0.01965	0.01462	0.02086	0.01212	0.01606	0.01015	0.00580	0.00640	0.00193	0.00773	0.00576	0.00318	0.01007
8	0.00764	0.00655	0.00655	0.00655	0.00873	0.00545	0.00491	0.00927	0.01473	0.01745	0.06546	0.06218	0.73000	0.01636	0.00764	0.00218	0.00327	0.01364	0.00600	0.00545
9	0.00787	0.00562	0.00750	0.00900	0.00937	0.00525	0.00600	0.00900	0.01237	0.01649	0.03561	0.76871	0.04274	0.02024	0.00825	0.00262	0.00375	0.01837	0.00600	0.00525
10	0.01555	0.01872	0.07247	0.04805	0.06080	0.05515	0.58882	0.02080	0.01524	0.02032	0.01275	0.01686	0.00962	0.00559	0.00737	0.00213	0.01067	0.00716	0.00323	0.00871
11	0.02481	0.01770	0.01914	0.01468	0.01984	0.01944	0.01212	0.67269	0.02971	0.08005	0.01608	0.01588	0.01127	0.00777	0.00647	0.00194	0.00702	0.00586	0.00655	0.01099
12	0.02414	0.03079	0.01831	0.01665	0.01998	0.74698	0.01248	0.02580	0.01831	0.01581	0.00999	0.01165	0.00832	0.00666	0.00583	0.00166	0.01165	0.00416	0.00333	0.00749
13	0.01340	0.01148	0.01340	0.00957	0.01531	0.00861	0.00766	0.01627	0.01340	0.02105	0.01148	0.01340	0.00957	0.00479	0.00479	0.00096	0.00479	0.00383	0.00383	0.81242
14	0.00773	0.00655	0.00668	0.00665	0.00879	0.00550	0.00498	0.00946	0.01495	0.01799	0.10772	0.06130	0.68739	0.01616	0.00764	0.00217	0.00326	0.01351	0.00607	0.00550
15	0.00787	0.00562	0.00750	0.00900	0.00937	0.00525	0.00600	0.00900	0.01237	0.01649	0.03561	0.76871	0.04274	0.02024	0.00825	0.00262	0.00375	0.01837	0.00600	0.00525
16	0.01296	0.03342	0.73944	0.01842	0.02797	0.01501	0.02387	0.02046	0.01364	0.02046	0.01160	0.01364	0.00818	0.00614	0.00614	0.00205	0.00955	0.00477	0.00273	0.00955
17	0.02483	0.01767	0.01913	0.01466	0.01982	0.01940	0.01211	0.66995	0.02966	0.08285	0.01612	0.01590	0.01129	0.00777	0.00647	0.00194	0.00701	0.00586	0.00656	0.01099
18	0.00940	0.00626	0.00705	0.00705	0.00705	0.00626	0.00392	0.00940	0.00940	0.01253	0.02036	0.04228	0.02349	0.77292	0.03289	0.00626	0.00626	0.00940	0.00392	0.00392
19	0.81856	0.01250	0.00950	0.00850	0.01250	0.01449	0.00700	0.01899	0.01100	0.02899	0.00900	0.01050	0.00700	0.00600	0.00400	0.00200	0.00500	0.00350	0.00400	0.00700
20	0.02414	0.03079	0.01831	0.01665	0.01998	0.74698	0.01248	0.02580	0.01831	0.01581	0.00999	0.01165	0.00832	0.00666	0.00583	0.00166	0.01165	0.00416	0.00333	0.00749
21	0.02768	0.01309	0.01629	0.01249	0.01754	0.01260	0.01032	0.23183	0.02200	0.53180	0.02255	0.02008	0.01452	0.00793	0.00649	0.00198	0.00597	0.00630	0.00755	0.01099
22	0.01525	0.01743	0.03813	0.02723	0.03377	0.01634	0.70915	0.02070	0.01525	0.02070	0.01307	0.01743	0.00980	0.00545	0.00763	0.00218	0.01089	0.00763	0.00327	0.00871
23	0.01607	0.01388	0.01461	0.01315	0.01680	0.01607	0.01023	0.03433	0.72094	0.02703	0.02630	0.02411	0.01972	0.00877	0.00657	0.00219	0.00511	0.00731	0.00657	0.01023
24	0.00898	0.00654	0.00845	0.00810	0.00958	0.00601	0.00603	0.01182	0.01770	0.02483	0.64727	0.09677	0.09601	0.01385	0.00766	0.00208	0.00311	0.01223	0.00698	0.00601
25	0.01235	0.01163	0.01964	0.72982	0.07094	0.01439	0.01802	0.01664	0.01299	0.01669	0.01151	0.01718	0.00868	0.00643	0.00646	0.00214	0.00858	0.00574	0.00288	0.00730
26	0.02414	0.03079	0.01831	0.01665	0.01998	0.74698	0.01248	0.02580	0.01831	0.01581	0.00999	0.01165	0.00832	0.00666	0.00583	0.00166	0.01165	0.00416	0.00333	0.00749
27	0.02414	0.03079	0.01831	0.01665	0.01998	0.74698	0.01248	0.02580	0.01831	0.01581	0.00999	0.01165	0.00832	0.00666	0.00583	0.00166	0.01165	0.00416	0.00333	0.00749
28	0.02414	0.03079	0.01831	0.01665	0.01998	0.74698	0.01248	0.02580	0.01831	0.01581	0.00999	0.01165	0.00832	0.00666	0.00583	0.00166	0.01165	0.00416	0.00333	0.00749
29	0.02456	0.01810	0.01939	0.01487	0.02004	0.02004	0.01228	0.71107	0.03038	0.04072	0.01551	0.01551	0.01099	0.00776	0.00646	0.00194	0.00711	0.00582	0.00646	0.01099
30	0.02456	0.01810	0.01939	0.01487	0.02004	0.02004	0.01228	0.71107	0.03038	0.04072	0.01551	0.01551	0.01099	0.00776	0.00646	0.00194	0.00711	0.00582	0.00646	0.01099
31	0.01220	0.01148	0.01938	0.75739	0.04450	0.01436	0.01794	0.01651	0.01292	0.01651	0.01148	0.01723	0.00861	0.00646	0.00646	0.00215	0.00861	0.00574	0.00287	0.00718
32	0.00940	0.00626	0.00705	0.00705	0.00705	0.00626	0.00392	0.00940	0.00940	0.01253	0.02036	0.04228	0.02349	0.77292	0.03289	0.00626	0.00626	0.00940	0.00392	0.00392
33	0.81856	0.01250	0.00950	0.00850	0.01250	0.01449	0.00700	0.01899	0.01100	0.02899	0.00900	0.01050	0.00700	0.00600	0.00400	0.00200	0.00500	0.00350	0.00400	0.00700
34	0.01599	0.01535	0.02623	0.03966	0.73262	0.01535	0.01983	0.01983	0.01471	0.02111	0.01215	0.01599	0.01023	0.00576	0.00640	0.00192	0.00768	0.00576	0.00320	0.01023
35	0.00940	0.00626	0.00705	0.00705	0.00705	0.00626	0.00392	0.00940	0.00940	0.01253	0.02036	0.04228	0.02349	0.77292	0.03289	0.00626	0.00626	0.00940	0.00392	0.00392
36	0.00764	0.00655	0.00655	0.00655	0.00873	0.00545	0.00491	0.00927	0.01473	0.01745	0.06546	0.06218	0.73000	0.01636	0.00764	0.00218	0.00327	0.01364	0.00600	0.00545
37	0.01586	0.01522	0.02599	0.06467	0.70864	0.01532	0.01976	0.01971	0.01465	0.02095	0.01213	0.01603	0.01018	0.00578	0.00640	0.00193	0.00771	0.00576	0.00319	0.01013
38	0.00764	0.00655	0.00655	0.00655	0.00873	0.00545	0.00491	0.00927	0.01473	0.01745	0.06546	0.06218	0.73000	0.01636	0.00764	0.00218	0.00327	0.01364	0.00600	0.00545
39	0.01415	0.08642	0.55219	0.02025	0.09267	0.04642	0.05919	0.02056	0.01398	0.01995	0.01146	0.01374	0.00848	0.00604	0.00608	0.00198	0.00934	0.00490	0.00283	0.00939
40	0.00930	0.00628	0.00702	0.00702	0.00714	0.00622	0.00397	0.00939	0.00968	0.01279	0.02276	0.04334	0.06118	0.73257	0.03154	0.00605	0.00610	0.00962	0.00403	0.00400
41	0.01911	0.58056	0.02990	0.01235	0.01748	0.14509	0.01141	0.08616	0.01563	0.01773	0.00977	0.01107	0.00855	0.00593	0.00465	0.00148	0.00772	0.00380	0.00321	0.00841

[dist]
# distance from previous block
# <min> <max>
1	5

[block]
# block no. 8 follows, 34 sequences, length 42
# corresponding to MSA columns:
# 349-390
name=unknown_I
#
# <colnr> <probs for GDERKNQSTAVLIFYWHMCP>
#	G	D	E	R	K	N	Q	S	T	A	V	L	I	F	Y	W	H	M	C	P
0	0.01393	0.01265	0.01552	0.24151	0.02363	0.08212	0.01226	0.10202	0.01515	0.01964	0.05617	0.12093	0.01857	0.05362	0.06776	0.00310	0.10046	0.02970	0.00421	0.00703
1	0.72230	0.01250	0.01138	0.00980	0.01380	0.01426	0.05192	0.01869	0.01123	0.02768	0.00972	0.01177	0.00769	0.00832	0.04550	0.00248	0.00606	0.00395	0.00392	0.00704
2	0.01529	0.01439	0.02410	0.06854	0.61364	0.01458	0.01859	0.01947	0.03419	0.02090	0.01461	0.02167	0.01298	0.00702	0.00664	0.00204	0.00748	0.07066	0.00354	0.00969
3	0.00764	0.00655	0.00655	0.00655	0.00873	0.00545	0.00491	0.00927	0.01473	0.01745	0.06546	0.06218	0.73000	0.01636	0.00764	0.00218	0.00327	0.01364	0.00600	0.00545
4	0.02175	0.02693	0.01677	0.01541	0.01850	0.61922	0.01153	0.02427	0.05541	0.01655	0.01558	0.06350	0.05120	0.00818	0.00612	0.00178	0.01033	0.00576	0.00382	0.00738
5	0.81856	0.01250	0.00950	0.00850	0.01250	0.01449	0.00700	0.01899	0.01100	0.02899	0.00900	0.01050	0.00700	0.00600	0.00400	0.00200	0.00500	0.00350	0.00400	0.00700
6	0.02784	0.01076	0.01454	0.01123	0.01608	0.00928	0.00925	0.03030	0.01829	0.69850	0.02763	0.02415	0.05428	0.00845	0.00656	0.00201	0.00538	0.00688	0.00789	0.01070
7	0.01469	0.01651	0.06607	0.04080	0.01928	0.07972	0.05287	0.01676	0.01121	0.01607	0.00970	0.01545	0.00921	0.04465	0.01825	0.00278	0.55006	0.00575	0.00294	0.00721
8	0.00781	0.00655	0.00679	0.00673	0.00883	0.00553	0.00505	0.00961	0.01514	0.01842	0.14154	0.06059	0.65330	0.01600	0.00763	0.00216	0.00325	0.01341	0.00613	0.00553
9	0.01403	0.21735	0.56487	0.01660	0.02515	0.01762	0.02070	0.02019	0.01351	0.01916	0.01095	0.01283	0.00821	0.00599	0.00565	0.00188	0.00890	0.00445	0.00274	0.00924
10	0.01122	0.00561	0.00842	0.00842	0.00842	0.00561	0.00561	0.00842	0.00842	0.01122	0.01122	0.01964	0.01122	0.02245	0.02525	0.81201	0.00561	0.00561	0.00281	0.00281
11	0.00923	0.00692	0.01038	0.01038	0.01154	0.00808	0.00808	0.01154	0.01038	0.01500	0.01731	0.02538	0.01615	0.04846	0.74732	0.01038	0.01731	0.00692	0.00346	0.00577
12	0.00787	0.00562	0.00750	0.00900	0.00937	0.00525	0.00600	0.00900	0.01237	0.01649	0.03561	0.76871	0.04274	0.02024	0.00825	0.00262	0.00375	0.01837	0.00600	0.00525
13	0.00794	0.00565	0.00748	0.00891	0.00927	0.00529	0.00590	0.00901	0.01224	0.01632	0.03493	0.73607	0.04187	0.05406	0.00935	0.00279	0.00386	0.01797	0.00590	0.00519
14	0.01296	0.03342	0.73944	0.01842	0.02797	0.01501	0.02387	0.02046	0.01364	0.02046	0.01160	0.01364	0.00818	0.00614	0.00614	0.00205	0.00955	0.00477	0.00273	0.00955
15	0.01599	0.01535	0.02623	0.03966	0.73262	0.01535	0.01983	0.01983	0.01471	0.02111	0.01215	0.01599	0.01023	0.00576	0.00640	0.00192	0.00768	0.00576	0.00320	0.01023
16	0.02456	0.01810	0.01939	0.01487	0.02004	0.02004	0.01228	0.71107	0.03038	0.04072	0.01551	0.01551	0.01099	0.00776	0.00646	0.00194	0.00711	0.00582	0.00646	0.01099
17	0.01220	0.01148	0.01938	0.75739	0.04450	0.01436	0.01794	0.01651	0.01292	0.01651	0.01148	0.01723	0.00861	0.00646	0.00646	0.00215	0.00861	0.00574	0.00287	0.00718
18	0.00837	0.00657	0.00756	0.00731	0.00918	0.00577	0.00549	0.01069	0.01646	0.02156	0.38794	0.05542	0.40495	0.01483	0.00763	0.00211	0.00316	0.01269	0.00654	0.00577
19	0.00958	0.00743	0.00829	0.00787	0.01006	0.00685	0.00597	0.01338	0.08726	0.04100	0.28117	0.05261	0.41621	0.01432	0.00749	0.00213	0.00344	0.01215	0.00648	0.00630
20	0.01687	0.03724	0.07800	0.01804	0.02162	0.23437	0.16275	0.02082	0.05951	0.01786	0.01323	0.05567	0.01165	0.01040	0.04870	0.00259	0.17299	0.00637	0.00351	0.00780
21	0.01622	0.01765	0.06814	0.02561	0.03216	0.01575	0.62350	0.02153	0.01543	0.07656	0.01397	0.01761	0.01021	0.00568	0.00747	0.00216	0.01041	0.00741	0.00361	0.00893
