[name]
unknown

[dist]
# distance from previous block
# <min> <max>
0	56

[block]
# block no. 0 follows, 34 sequences, length 14
# corresponding to MSA columns:
# 56-69
name=unknown_A
#
# <colnr> <probs for GDERKNQSTAVLIFYWHMCP>
#	G	D	E	R	K	N	Q	S	T	A	V	L	I	F	Y	W	H	M	C	P
0	0.00848	0.00622	0.00810	0.00897	0.00992	0.00567	0.00627	0.01006	0.01339	0.01816	0.12594	0.57583	0.06446	0.01816	0.00797	0.00245	0.00380	0.04576	0.00601	0.05439
1	0.10789	0.16625	0.08767	0.06170	0.12433	0.08417	0.03551	0.04851	0.07546	0.04271	0.03413	0.01546	0.01143	0.00699	0.00696	0.00194	0.07126	0.00520	0.00381	0.00860
2	0.09328	0.04534	0.05484	0.01513	0.07950	0.01505	0.01182	0.21430	0.10679	0.26969	0.01889	0.01806	0.01309	0.00746	0.00616	0.00198	0.00630	0.00587	0.00616	0.01030
3	0.01867	0.26767	0.03868	0.01171	0.01603	0.01660	0.01023	0.16644	0.04592	0.14546	0.05425	0.14413	0.01907	0.00944	0.00605	0.00190	0.00598	0.00759	0.00536	0.00881
4	0.00817	0.00645	0.00736	0.00737	0.00912	0.00565	0.00544	0.01022	0.01564	0.02018	0.28520	0.14236	0.42234	0.01577	0.00770	0.00218	0.00325	0.01355	0.00637	0.00565
5	0.01158	0.03323	0.07313	0.00974	0.01263	0.00860	0.00843	0.04156	0.05192	0.06715	0.32549	0.07596	0.19019	0.01287	0.00733	0.00213	0.00438	0.05047	0.00625	0.00697
6	0.02065	0.01749	0.07961	0.01425	0.01937	0.01727	0.01237	0.40832	0.18888	0.05764	0.01832	0.01905	0.01360	0.00796	0.00643	0.00198	0.00662	0.02494	0.00605	0.05920
7	0.00927	0.00635	0.00765	0.00767	0.00800	0.00641	0.00477	0.00995	0.01069	0.01456	0.10185	0.07915	0.02792	0.56079	0.11322	0.00608	0.00707	0.00984	0.00434	0.00445
8	0.00854	0.00657	0.00794	0.00851	0.01006	0.00596	0.00657	0.01059	0.01481	0.01896	0.15244	0.20910	0.32879	0.01703	0.00805	0.00243	0.00395	0.16793	0.00616	0.00562
9	0.02686	0.01107	0.01455	0.01129	0.01605	0.00983	0.00928	0.07364	0.01894	0.62988	0.02829	0.02504	0.07725	0.00870	0.00659	0.00201	0.00541	0.00707	0.00773	0.01052
10	0.02366	0.02980	0.01809	0.01644	0.01979	0.70417	0.01235	0.02630	0.05946	0.01647	0.01094	0.01238	0.00899	0.00678	0.00587	0.00170	0.01127	0.00435	0.00352	0.00765
11	0.04249	0.05488	0.01171	0.00947	0.01192	0.00908	0.00740	0.06006	0.01631	0.13232	0.25923	0.12140	0.09643	0.04020	0.09487	0.00318	0.00587	0.01004	0.00607	0.00707
12	0.21038	0.17189	0.03547	0.01388	0.05547	0.18762	0.01100	0.04687	0.05767	0.05856	0.01173	0.01303	0.00937	0.00651	0.00572	0.00177	0.03632	0.00437	0.00392	0.05844
13	0.06174	0.00927	0.00953	0.00883	0.01126	0.04450	0.00674	0.05740	0.03664	0.06760	0.23200	0.10705	0.29634	0.01343	0.00719	0.00212	0.00421	0.01129	0.00622	0.00664

[dist]
# distance from previous block
# <min> <max>
0	2

[block]
# block no. 1 follows, 34 sequences, length 15
# corresponding to MSA columns:
# 72-86
name=unknown_B
#
# <colnr> <probs for GDERKNQSTAVLIFYWHMCP>
#	G	D	E	R	K	N	Q	S	T	A	V	L	I	F	Y	W	H	M	C	P
0	0.04184	0.07221	0.23744	0.01562	0.04504	0.01535	0.03510	0.17787	0.01840	0.17237	0.03614	0.01668	0.01214	0.00711	0.00657	0.00194	0.02985	0.00554	0.00491	0.04790
1	0.01558	0.01494	0.02577	0.09374	0.46091	0.01532	0.12081	0.05835	0.01555	0.02184	0.05370	0.01807	0.01294	0.00653	0.00724	0.00202	0.03729	0.00638	0.00358	0.00943
2	0.06072	0.01213	0.01507	0.01186	0.01659	0.01165	0.00971	0.11646	0.09535	0.51978	0.04549	0.02172	0.01677	0.00812	0.00643	0.00201	0.00556	0.00653	0.00745	0.01059
3	0.13708	0.25404	0.09660	0.01401	0.01902	0.15649	0.08957	0.02069	0.01446	0.05802	0.03400	0.01573	0.02822	0.02935	0.00621	0.00190	0.00794	0.00503	0.00363	0.00800
4	0.01468	0.04890	0.39402	0.02263	0.17883	0.01498	0.07986	0.02119	0.05330	0.05124	0.01430	0.01828	0.01120	0.00679	0.00644	0.00206	0.00858	0.03975	0.00348	0.00950
5	0.01263	0.00960	0.04427	0.00972	0.01241	0.00843	0.00779	0.04597	0.10700	0.11152	0.11924	0.21999	0.23776	0.01407	0.00738	0.00223	0.00434	0.01210	0.00632	0.00722
6	0.06332	0.01264	0.01572	0.01211	0.01710	0.01206	0.01000	0.18172	0.02080	0.55091	0.02254	0.02004	0.01448	0.00785	0.00638	0.00199	0.00583	0.00621	0.00748	0.01082
7	0.06182	0.01425	0.05641	0.04247	0.05118	0.03526	0.01092	0.23147	0.08679	0.08796	0.06848	0.11845	0.06499	0.01000	0.00663	0.00207	0.00598	0.00827	0.02782	0.00878
8	0.13189	0.03854	0.02331	0.05386	0.17020	0.04001	0.19542	0.05037	0.04892	0.02256	0.06777	0.01933	0.03506	0.00731	0.00759	0.00209	0.06685	0.00654	0.00397	0.00841
9	0.00882	0.00707	0.00798	0.00816	0.00990	0.00661	0.00595	0.01228	0.08904	0.01949	0.15436	0.25242	0.36199	0.01616	0.00769	0.00228	0.00356	0.01399	0.00623	0.00600
10	0.02599	0.01333	0.01614	0.01264	0.01750	0.01328	0.01036	0.21746	0.11888	0.44874	0.02288	0.02052	0.01514	0.00804	0.00650	0.00201	0.00589	0.00642	0.00738	0.01089
11	0.01937	0.13239	0.24312	0.05660	0.04508	0.19777	0.01598	0.09929	0.01709	0.09614	0.01274	0.01404	0.00946	0.00656	0.00588	0.00184	0.00889	0.00482	0.00387	0.00907
12	0.07018	0.01393	0.05890	0.07808	0.08901	0.01330	0.04537	0.18156	0.01836	0.19136	0.01921	0.09980	0.01584	0.01080	0.04248	0.00250	0.00720	0.02750	0.00547	0.00914
13	0.00808	0.00645	0.00714	0.00718	0.00892	0.00561	0.00524	0.00990	0.01502	0.01901	0.20814	0.13259	0.47510	0.05177	0.00889	0.00239	0.00341	0.01350	0.00615	0.00550
14	0.04047	0.04667	0.09434	0.01600	0.06633	0.09017	0.08058	0.11515	0.12917	0.05592	0.15087	0.02412	0.04518	0.00845	0.00658	0.00199	0.00690	0.00717	0.00519	0.00876

[dist]
# distance from previous block
# <min> <max>
0	2

[block]
# block no. 2 follows, 34 sequences, length 123
# corresponding to MSA columns:
# 89-211
name=unknown_C
#
# <colnr> <probs for GDERKNQSTAVLIFYWHMCP>
#	G	D	E	R	K	N	Q	S	T	A	V	L	I	F	Y	W	H	M	C	P
0	0.18879	0.01603	0.03936	0.13655	0.32492	0.08339	0.05511	0.02018	0.01412	0.04662	0.01168	0.01482	0.00924	0.00607	0.00590	0.00197	0.00777	0.00523	0.00349	0.00875
1	0.01707	0.07572	0.12730	0.08000	0.15162	0.06461	0.08971	0.15344	0.06847	0.02377	0.01464	0.01906	0.01190	0.00734	0.00683	0.00204	0.02645	0.04670	0.00411	0.00921
2	0.01026	0.00676	0.00801	0.00798	0.00945	0.00620	0.00563	0.01213	0.02767	0.07512	0.15189	0.21851	0.23538	0.15602	0.01225	0.00298	0.00411	0.01273	0.03114	0.00577
3	0.01554	0.01613	0.07455	0.14684	0.54995	0.01536	0.01952	0.04701	0.01499	0.02115	0.01215	0.01600	0.00987	0.00597	0.00639	0.00196	0.00793	0.00569	0.00325	0.00975
4	0.00786	0.00567	0.00745	0.00888	0.00934	0.00526	0.00595	0.00901	0.01248	0.01654	0.03705	0.73472	0.07580	0.02006	0.00822	0.00260	0.00373	0.01814	0.00600	0.00526
5	0.00806	0.00591	0.00757	0.00853	0.00934	0.00542	0.00587	0.00957	0.01368	0.01821	0.15678	0.55499	0.13520	0.01855	0.00806	0.00247	0.00357	0.01662	0.00619	0.00542
6	0.01584	0.39403	0.25051	0.06680	0.02364	0.02005	0.08056	0.02008	0.01367	0.04478	0.01097	0.01295	0.00871	0.00587	0.00534	0.00174	0.00816	0.00453	0.00301	0.00874
7	0.00832	0.00630	0.00754	0.00776	0.00911	0.00567	0.00554	0.01020	0.01498	0.01976	0.27976	0.24294	0.27762	0.06340	0.00936	0.00250	0.00351	0.01396	0.00625	0.00552
8	0.00852	0.00658	0.00777	0.00747	0.00927	0.00583	0.00560	0.01098	0.01681	0.02239	0.45276	0.05406	0.33962	0.01452	0.00763	0.00209	0.00314	0.01250	0.00665	0.00583
9	0.00912	0.00696	0.00928	0.01047	0.05481	0.00648	0.00719	0.01147	0.01555	0.02103	0.31861	0.24498	0.15722	0.01563	0.00785	0.00231	0.00387	0.08488	0.00627	0.00601
10	0.13382	0.01259	0.01376	0.01137	0.01534	0.04706	0.00906	0.13730	0.05277	0.33266	0.02153	0.09438	0.01675	0.04257	0.00740	0.00222	0.00576	0.00720	0.02723	0.00922
11	0.00795	0.00568	0.00757	0.00894	0.00939	0.00530	0.00600	0.00920	0.01274	0.01708	0.07878	0.72387	0.04387	0.01981	0.00821	0.00259	0.00371	0.01795	0.00607	0.00530
12	0.08685	0.01365	0.02217	0.30427	0.41139	0.01490	0.01797	0.01852	0.01371	0.02010	0.01162	0.01596	0.00934	0.00604	0.00620	0.00201	0.00778	0.00555	0.00315	0.00880
13	0.04519	0.44340	0.20578	0.01303	0.01938	0.05542	0.01392	0.02061	0.01381	0.06608	0.01091	0.01217	0.00880	0.00588	0.00491	0.00161	0.00754	0.00404	0.00323	0.04431
14	0.04305	0.01412	0.10292	0.05982	0.01828	0.05624	0.06410	0.03943	0.01246	0.01759	0.01530	0.06745	0.01453	0.09658	0.23699	0.00514	0.11855	0.00708	0.00355	0.00684
15	0.00864	0.00640	0.00765	0.00832	0.00937	0.00597	0.00600	0.01001	0.01286	0.01638	0.04093	0.24561	0.24954	0.19830	0.01407	0.00342	0.00462	0.14129	0.00549	0.00513
16	0.01326	0.01119	0.01207	0.01135	0.01416	0.01240	0.00862	0.02575	0.47684	0.02389	0.06043	0.15734	0.12172	0.01193	0.00704	0.00226	0.00455	0.01022	0.00642	0.00857
17	0.02500	0.01740	0.01896	0.01453	0.01969	0.01900	0.01201	0.64413	0.02921	0.10932	0.01650	0.01615	0.01148	0.00778	0.00647	0.00195	0.00695	0.00588	0.00661	0.01099
18	0.03191	0.15506	0.43386	0.01586	0.02353	0.05194	0.03738	0.02064	0.04507	0.01989	0.01170	0.01346	0.00890	0.00600	0.00564	0.00180	0.00840	0.00458	0.00310	0.10129
19	0.01644	0.49289	0.25105	0.01374	0.02035	0.07443	0.01512	0.02016	0.01366	0.01687	0.00986	0.01147	0.00826	0.00580	0.00488	0.00161	0.00807	0.00391	0.00279	0.00862
20	0.04777	0.21768	0.19493	0.01500	0.02058	0.05896	0.07580	0.04499	0.04576	0.07683	0.01382	0.05493	0.01148	0.00736	0.00687	0.00191	0.06221	0.00566	0.00381	0.03363
21	0.09641	0.04730	0.01636	0.06518	0.09618	0.03499	0.01109	0.18986	0.13148	0.02708	0.10362	0.08238	0.03317	0.00906	0.00637	0.00201	0.00597	0.00748	0.00535	0.02866
22	0.01561	0.05782	0.22670	0.03979	0.11546	0.08381	0.07134	0.06644	0.13761	0.02222	0.04511	0.04199	0.03240	0.00760	0.00643	0.00201	0.00793	0.00646	0.00416	0.00909
23	0.01220	0.01148	0.01938	0.75739	0.04450	0.01436	0.01794	0.01651	0.01292	0.01651	0.01148	0.01723	0.00861	0.00646	0.00646	0.00215	0.00861	0.00574	0.00287	0.00718
24	0.01365	0.01413	0.04548	0.15356	0.24466	0.01368	0.22204	0.01786	0.01463	0.01990	0.04636	0.04408	0.05898	0.00794	0.00711	0.00215	0.00817	0.05352	0.00374	0.00835
25	0.05442	0.01882	0.05229	0.09943	0.42784	0.16407	0.05088	0.02076	0.01509	0.01992	0.01153	0.01494	0.00944	0.00602	0.00622	0.00191	0.00868	0.00538	0.00322	0.00914
26	0.07735	0.01233	0.01542	0.01190	0.01686	0.01165	0.00983	0.14946	0.02010	0.57134	0.02272	0.02014	0.01456	0.00783	0.00634	0.00199	0.00575	0.00619	0.00748	0.01075
27	0.00827	0.00591	0.00794	0.00935	0.00992	0.00558	0.00659	0.00972	0.01297	0.01729	0.06614	0.64390	0.04280	0.01961	0.00831	0.00264	0.00401	0.10762	0.00604	0.00538
28	0.10207	0.06214	0.04964	0.06251	0.06245	0.06375	0.03891	0.05004	0.07782	0.04236	0.01382	0.01725	0.01137	0.03317	0.03286	0.00249	0.17514	0.00561	0.08873	0.00787
29	0.01229	0.00673	0.00715	0.00700	0.00861	0.00690	0.00528	0.05328	0.01420	0.02393	0.02142	0.07004	0.01785	0.01110	0.05507	0.00220	0.00425	0.00684	0.65962	0.00623
30	0.00802	0.00578	0.00764	0.00907	0.00959	0.00539	0.00622	0.00928	0.01263	0.01671	0.03685	0.69412	0.07283	0.01992	0.00826	0.00263	0.00386	0.05990	0.00600	0.00530
31	0.07384	0.01756	0.01820	0.01423	0.01917	0.04694	0.01167	0.56276	0.06134	0.08543	0.01609	0.01591	0.01140	0.00767	0.00629	0.00195	0.00695	0.00573	0.00630	0.01057
32	0.10731	0.04312	0.01551	0.05846	0.01786	0.05033	0.01031	0.23859	0.14553	0.08469	0.03842	0.02189	0.04792	0.00834	0.00610	0.00198	0.00609	0.02443	0.06407	0.00903
33	0.00848	0.00656	0.00755	0.00730	0.00915	0.00578	0.00548	0.01084	0.01643	0.02173	0.38721	0.05447	0.38685	0.01461	0.00755	0.00209	0.00316	0.01250	0.02648	0.00578
34	0.00792	0.00568	0.00744	0.00882	0.00925	0.00530	0.00587	0.00902	0.01234	0.01637	0.03616	0.71230	0.06858	0.05019	0.00921	0.00275	0.00383	0.01783	0.00591	0.00520
35	0.14823	0.01710	0.12363	0.03637	0.04752	0.04946	0.01248	0.16194	0.07449	0.19125	0.01676	0.01707	0.01189	0.00847	0.02918	0.00224	0.00709	0.00552	0.02986	0.00945
36	0.04519	0.01972	0.08435	0.04968	0.18879	0.20042	0.05143	0.02140	0.03587	0.06132	0.01258	0.01546	0.01011	0.00821	0.02676	0.00223	0.12087	0.00540	0.03173	0.00849
37	0.00919	0.00691	0.00849	0.00927	0.01033	0.00676	0.00648	0.03352	0.07792	0.01884	0.07597	0.56666	0.10912	0.01803	0.00794	0.00249	0.00389	0.01612	0.00613	0.00595
38	0.09174	0.13479	0.06299	0.01248	0.03856	0.01516	0.01066	0.16422	0.01668	0.02484	0.01165	0.01321	0.00933	0.00594	0.00557	0.00148	0.02762	0.00433	0.00412	0.34465
39	0.04388	0.03904	0.13716	0.01995	0.19938	0.04670	0.01455	0.12014	0.01678	0.06558	0.04148	0.01606	0.01194	0.00651	0.00627	0.00175	0.02520	0.00527	0.00418	0.17820
40	0.01917	0.38270	0.10246	0.01365	0.01935	0.03955	0.05173	0.12322	0.06907	0.10167	0.01361	0.01422	0.01047	0.00646	0.00538	0.00172	0.00727	0.00482	0.00421	0.00927
41	0.09950	0.01262	0.01908	0.04064	0.08838	0.01358	0.14852	0.03649	0.11359	0.04156	0.11467	0.09197	0.03954	0.00958	0.00859	0.00223	0.09840	0.00828	0.00479	0.00800
42	0.00787	0.00562	0.00750	0.00900	0.00937	0.00525	0.00600	0.00900	0.01237	0.01649	0.03561	0.76871	0.04274	0.02024	0.00825	0.00262	0.00375	0.01837	0.00600	0.00525
43	0.01531	0.01246	0.01702	0.01776	0.14495	0.01284	0.05823	0.21187	0.06243	0.02534	0.02273	0.27889	0.02296	0.01179	0.00716	0.00220	0.00607	0.02802	0.00540	0.03657
44	0.01493	0.01432	0.02318	0.16132	0.52211	0.03298	0.01799	0.01859	0.01430	0.01988	0.01342	0.06284	0.01190	0.00677	0.00645	0.00196	0.00759	0.00643	0.00334	0.03971
45	0.02355	0.02969	0.01888	0.01829	0.07087	0.69473	0.01301	0.02537	0.01805	0.01619	0.01014	0.01196	0.00846	0.00659	0.00587	0.00168	0.01137	0.00428	0.00332	0.00769
46	0.01472	0.33687	0.45143	0.01541	0.02332	0.01932	0.01864	0.02001	0.01343	0.01832	0.01053	0.01230	0.00823	0.00589	0.00533	0.00178	0.00847	0.00424	0.00274	0.00904
47	0.00939	0.00694	0.00818	0.00789	0.00965	0.00651	0.00590	0.01293	0.06039	0.02320	0.41813	0.08278	0.22442	0.01356	0.00731	0.00206	0.00326	0.01172	0.07963	0.00614
48	0.02211	0.01726	0.04357	0.01460	0.01955	0.05215	0.03962	0.40853	0.12933	0.10863	0.01805	0.03676	0.01332	0.00794	0.00647	0.00196	0.00692	0.00632	0.00612	0.04078
49	0.00907	0.00654	0.00857	0.00818	0.00964	0.00604	0.00609	0.01199	0.01792	0.02532	0.68605	0.09310	0.05983	0.01365	0.00766	0.00207	0.00309	0.01210	0.00704	0.00604
50	0.00842	0.00654	0.00774	0.00808	0.00971	0.00585	0.00615	0.01049	0.01519	0.01953	0.21008	0.17556	0.36411	0.01648	0.00792	0.00233	0.00368	0.11026	0.00625	0.00564
51	0.00901	0.00617	0.00723	0.00754	0.00792	0.00602	0.00467	0.00965	0.01091	0.01467	0.04926	0.20305	0.08127	0.47722	0.04595	0.00498	0.00561	0.01157	0.03278	0.00452
52	0.01857	0.14803	0.18200	0.01737	0.03608	0.15929	0.11626	0.11542	0.08230	0.04459	0.01340	0.01479	0.01019	0.00655	0.00607	0.00188	0.00882	0.00530	0.00396	0.00914
53	0.00940	0.00626	0.00705	0.00705	0.00705	0.00626	0.00392	0.00940	0.00940	0.01253	0.02036	0.04228	0.02349	0.77292	0.03289	0.00626	0.00626	0.00940	0.00392	0.00392
54	0.00944	0.00680	0.00975	0.00975	0.01081	0.00775	0.00742	0.01156	0.01050	0.01536	0.01787	0.02700	0.01692	0.11883	0.62498	0.00937	0.01523	0.00711	0.05794	0.00560
55	0.01598	0.01360	0.02250	0.02170	0.16659	0.03828	0.21503	0.05675	0.03760	0.10095	0.02027	0.15606	0.01892	0.03360	0.00808	0.00233	0.00755	0.05102	0.00473	0.00847
56	0.06573	0.06684	0.01962	0.01455	0.01942	0.12452	0.01196	0.53326	0.02655	0.03494	0.01397	0.01437	0.01023	0.00737	0.00610	0.00187	0.00764	0.00531	0.00565	0.01011
57	0.01575	0.01503	0.02526	0.08579	0.65556	0.01532	0.01928	0.02025	0.04587	0.02107	0.01274	0.01643	0.01055	0.00594	0.00641	0.00195	0.00762	0.00582	0.00333	0.01003
58	0.00888	0.00655	0.00783	0.00821	0.00922	0.00628	0.00574	0.01064	0.03111	0.01691	0.10299	0.21138	0.19503	0.23778	0.05135	0.00392	0.00519	0.07042	0.00539	0.00520
59	0.01632	0.44513	0.23620	0.01415	0.02062	0.06654	0.03571	0.02104	0.05744	0.01766	0.01100	0.01246	0.00902	0.00597	0.00508	0.00167	0.00798	0.00424	0.00304	0.00874
60	0.01707	0.74105	0.06780	0.01141	0.01713	0.02506	0.01167	0.01940	0.01315	0.01545	0.00911	0.01052	0.00829	0.00556	0.00424	0.00141	0.00704	0.00352	0.00276	0.00835
61	0.01746	0.08761	0.13490	0.01517	0.02029	0.05872	0.07618	0.21486	0.16266	0.02630	0.01953	0.07752	0.04306	0.00855	0.00648	0.00203	0.00726	0.00711	0.00503	0.00928
62	0.07507	0.01391	0.06436	0.01189	0.01598	0.06344	0.02750	0.11069	0.01722	0.23609	0.06222	0.08921	0.03593	0.08055	0.00888	0.00236	0.00620	0.00756	0.00574	0.06520
63	0.01064	0.00754	0.00796	0.00850	0.00970	0.04190	0.00603	0.01359	0.05741	0.02007	0.05135	0.38581	0.05027	0.01414	0.00670	0.00213	0.00392	0.01238	0.28398	0.00597
64	0.01224	0.00774	0.01011	0.01041	0.01227	0.00744	0.00833	0.03611	0.03402	0.10690	0.10742	0.23911	0.09263	0.01612	0.00808	0.00255	0.00483	0.27070	0.00637	0.00662
65	0.01531	0.07235	0.08385	0.05719	0.40260	0.05651	0.06382	0.01976	0.04842	0.01995	0.01475	0.08897	0.01334	0.00738	0.00645	0.00198	0.00775	0.00685	0.00356	0.00917
66	0.01361	0.08312	0.61973	0.01794	0.02672	0.01573	0.05401	0.03986	0.01406	0.02050	0.01181	0.01433	0.00872	0.02459	0.00672	0.00210	0.00928	0.00496	0.00289	0.00933
67	0.04200	0.01055	0.01172	0.01041	0.01343	0.01110	0.00811	0.06560	0.27282	0.09314	0.22100	0.03494	0.13188	0.01080	0.00684	0.00208	0.00438	0.00907	0.03183	0.00830
68	0.00825	0.00580	0.00749	0.00861	0.00893	0.00556	0.00560	0.00916	0.01165	0.01557	0.03168	0.58557	0.03767	0.18706	0.03652	0.00367	0.00472	0.01604	0.00546	0.00497
69	0.04558	0.05600	0.10574	0.01501	0.01882	0.03369	0.09147	0.13447	0.07187	0.02324	0.06169	0.10027	0.01891	0.03399	0.00968	0.00237	0.11463	0.04979	0.00465	0.00812
70	0.66645	0.01221	0.01056	0.00907	0.01327	0.01353	0.00748	0.02140	0.01244	0.16540	0.01217	0.01271	0.00873	0.00638	0.00448	0.00200	0.00509	0.00408	0.00477	0.00777
71	0.00842	0.00610	0.00722	0.00787	0.00854	0.00571	0.00516	0.00932	0.01192	0.01540	0.03676	0.34196	0.18556	0.28147	0.01671	0.00381	0.00458	0.03337	0.00527	0.00485
72	0.04014	0.07196	0.09507	0.07068	0.04300	0.19083	0.01311	0.18413	0.01910	0.12042	0.01486	0.03525	0.01140	0.00845	0.02665	0.00211	0.00837	0.00554	0.02996	0.00896
73	0.02405	0.01676	0.01765	0.01442	0.03391	0.08617	0.01144	0.42560	0.02477	0.18940	0.01796	0.04614	0.01326	0.00977	0.03610	0.00229	0.00748	0.00634	0.00629	0.01021
74	0.00792	0.00571	0.00750	0.00883	0.00935	0.00530	0.00595	0.00915	0.01276	0.01696	0.06789	0.69971	0.07962	0.01973	0.00819	0.00257	0.00369	0.01782	0.00605	0.00530
75	0.01497	0.00867	0.01069	0.00961	0.01235	0.00822	0.00766	0.04525	0.06976	0.18996	0.24894	0.04280	0.14900	0.01217	0.00720	0.00214	0.00431	0.09142	0.05728	0.00761
76	0.12517	0.07213	0.08026	0.04225	0.11120	0.01442	0.05244	0.11460	0.07129	0.04145	0.01665	0.11111	0.01471	0.00822	0.00602	0.00195	0.00641	0.00692	0.03667	0.06614
77	0.01034	0.00736	0.01018	0.01156	0.01294	0.00736	0.00996	0.01311	0.01449	0.01886	0.03324	0.07075	0.03623	0.07052	0.01060	0.00320	0.00597	0.64171	0.00581	0.00581
78	0.01676	0.08628	0.04376	0.10682	0.37765	0.06660	0.09066	0.02048	0.01504	0.06821	0.03771	0.01693	0.01182	0.00626	0.00633	0.00192	0.00806	0.00586	0.00359	0.00927
79	0.04529	0.01119	0.01159	0.06087	0.01424	0.10614	0.00856	0.04835	0.01309	0.01860	0.01625	0.02308	0.01456	0.10704	0.27187	0.00534	0.04380	0.00633	0.16751	0.00629
80	0.00963	0.00713	0.00806	0.00787	0.00917	0.00686	0.00548	0.03740	0.03603	0.01828	0.15811	0.06931	0.23895	0.30676	0.01736	0.00377	0.00473	0.04434	0.00542	0.00535
81	0.07328	0.01435	0.01578	0.01300	0.01690	0.01607	0.01053	0.40153	0.11293	0.03212	0.04448	0.01965	0.01487	0.01664	0.16404	0.00378	0.00872	0.00631	0.00570	0.00932
82	0.06504	0.00937	0.01077	0.02699	0.01286	0.00942	0.02520	0.12729	0.03441	0.02383	0.15720	0.09766	0.27248	0.03582	0.00793	0.00228	0.00459	0.04338	0.02670	0.00679
83	0.15553	0.11798	0.07664	0.01435	0.01901	0.13900	0.08436	0.14615	0.05611	0.02467	0.05802	0.05213	0.01428	0.00761	0.00589	0.00192	0.00755	0.00599	0.00443	0.00839
84	0.01516	0.09445	0.27107	0.02115	0.04452	0.07487	0.28177	0.02037	0.01448	0.01944	0.01251	0.01694	0.00998	0.00653	0.00729	0.00207	0.04387	0.03168	0.00312	0.00872
85	0.01285	0.00879	0.01003	0.00910	0.01179	0.00849	0.00701	0.04370	0.13774	0.11507	0.20409	0.07371	0.30610	0.01308	0.00728	0.00213	0.00399	0.01107	0.00663	0.00734
86	0.05270	0.01488	0.10729	0.05822	0.09574	0.01319	0.03634	0.11548	0.13377	0.06939	0.06646	0.07175	0.07981	0.01047	0.02615	0.00234	0.00661	0.02548	0.00521	0.00872
87	0.01866	0.06849	0.04794	0.01681	0.09117	0.06085	0.07522	0.16786	0.13392	0.09483	0.03994	0.01995	0.04546	0.00751	0.00630	0.00188	0.00688	0.00631	0.00517	0.08485
88	0.00926	0.00702	0.00858	0.00903	0.01026	0.00689	0.00640	0.01305	0.10436	0.02012	0.20741	0.40888	0.10688	0.04005	0.00859	0.00250	0.00378	0.01460	0.00628	0.00607
89	0.00813	0.00580	0.00772	0.00906	0.00956	0.00545	0.00620	0.00944	0.01277	0.01708	0.07427	0.66722	0.04291	0.04064	0.00894	0.00271	0.00391	0.05688	0.00600	0.00530
90	0.04812	0.10332	0.08236	0.08990	0.23232	0.16044	0.04241	0.04341	0.08020	0.03866	0.01293	0.01516	0.01023	0.00640	0.00600	0.00188	0.00833	0.00526	0.00367	0.00901
91	0.01084	0.00759	0.00961	0.04220	0.01209	0.00756	0.00706	0.01340	0.05763	0.07009	0.08102	0.26640	0.16567	0.08705	0.05711	0.03151	0.02862	0.01212	0.00550	0.02692
92	0.00785	0.00570	0.00742	0.00879	0.00932	0.00527	0.00590	0.00902	0.01257	0.01658	0.03818	0.70795	0.10183	0.01991	0.00819	0.00259	0.00371	0.01796	0.00600	0.00527
93	0.05253	0.01556	0.04259	0.04555	0.26814	0.04423	0.06304	0.16217	0.07692	0.04330	0.01704	0.10847	0.01495	0.00831	0.00661	0.00206	0.00716	0.00740	0.00464	0.00933
94	0.01789	0.32335	0.14538	0.01828	0.12602	0.15404	0.03635	0.05506	0.03389	0.01879	0.01097	0.01281	0.00905	0.00606	0.00540	0.00170	0.00842	0.00449	0.00322	0.00884
95	0.01619	0.16318	0.15792	0.03911	0.13227	0.11471	0.12972	0.04899	0.01539	0.01973	0.05643	0.01734	0.01290	0.04039	0.00731	0.00206	0.00859	0.00577	0.00346	0.00854
96	0.00923	0.00692	0.01038	0.01038	0.01154	0.00808	0.00808	0.01154	0.01038	0.01500	0.01731	0.02538	0.01615	0.04846	0.74732	0.01038	0.01731	0.00692	0.00346	0.00577
97	0.01577	0.05720	0.06286	0.02171	0.06979	0.05536	0.35458	0.08842	0.01671	0.02232	0.08916	0.02069	0.03696	0.00728	0.00785	0.00208	0.05147	0.00728	0.00400	0.00852
98	0.01606	0.01386	0.01747	0.01278	0.01842	0.03917	0.09333	0.11612	0.01636	0.04406	0.01259	0.01436	0.00994	0.00545	0.00545	0.00130	0.00613	0.00466	0.00423	0.54826
99	0.23362	0.04362	0.01606	0.04358	0.06180	0.03815	0.01076	0.17517	0.20773	0.08245	0.01665	0.01676	0.01233	0.00728	0.00573	0.00201	0.00611	0.00550	0.00537	0.00931
100	0.02029	0.06828	0.04549	0.04759	0.15478	0.22644	0.11414	0.20045	0.01968	0.02407	0.01230	0.01446	0.00958	0.00651	0.00628	0.00187	0.00917	0.00541	0.00404	0.00918
101	0.01123	0.00956	0.01225	0.01132	0.01172	0.03072	0.00848	0.01234	0.01006	0.01424	0.01553	0.02804	0.01639	0.31646	0.22333	0.00619	0.24580	0.00741	0.00344	0.00550
102	0.00812	0.00588	0.00776	0.00902	0.00963	0.00540	0.00607	0.00932	0.01242	0.01670	0.03454	0.73526	0.04127	0.01956	0.00809	0.00255	0.00379	0.01772	0.00590	0.04099
103	0.02837	0.01113	0.01498	0.01158	0.01651	0.00981	0.00953	0.03163	0.05229	0.70293	0.02553	0.02209	0.01617	0.00803	0.00650	0.00201	0.00548	0.00654	0.00793	0.01096
104	0.02347	0.01155	0.01470	0.01103	0.01629	0.00978	0.00903	0.06392	0.01743	0.45631	0.02020	0.01873	0.01354	0.00690	0.00592	0.00164	0.00535	0.00556	0.00650	0.28216
105	0.01220	0.01015	0.01109	0.01023	0.01294	0.01083	0.00785	0.02237	0.36074	0.02459	0.23955	0.03953	0.18828	0.01173	0.00711	0.00214	0.00411	0.00998	0.00660	0.00797
106	0.01220	0.01148	0.01938	0.75739	0.04450	0.01436	0.01794	0.01651	0.01292	0.01651	0.01148	0.01723	0.00861	0.00646	0.00646	0.00215	0.00861	0.00574	0.00287	0.00718
107	0.01006	0.00814	0.00992	0.00995	0.01093	0.05315	0.00730	0.01175	0.01085	0.01467	0.01915	0.09562	0.01961	0.19353	0.48612	0.00829	0.01343	0.00831	0.00378	0.00544
108	0.00968	0.00772	0.01097	0.06101	0.04005	0.00786	0.04088	0.01132	0.01228	0.01636	0.08045	0.17743	0.13629	0.22155	0.09886	0.01925	0.02686	0.01102	0.00464	0.00553
109	0.15418	0.01247	0.01376	0.01096	0.01574	0.01215	0.00883	0.06755	0.16945	0.19664	0.01790	0.01744	0.01298	0.00681	0.00556	0.00171	0.00521	0.00529	0.00562	0.25975
110	0.00931	0.00623	0.00707	0.00715	0.00718	0.00621	0.00403	0.00937	0.00956	0.01275	0.02120	0.08236	0.02455	0.73139	0.03153	0.00606	0.00613	0.00989	0.00403	0.00399
111	0.01488	0.01847	0.15058	0.08677	0.18802	0.08145	0.10294	0.04143	0.09028	0.02085	0.03544	0.10781	0.01579	0.00826	0.00673	0.00209	0.00798	0.00751	0.00401	0.00871
112	0.00825	0.00677	0.00709	0.00720	0.00919	0.00598	0.00532	0.01070	0.04899	0.01817	0.07113	0.15060	0.57105	0.01616	0.00757	0.00222	0.00341	0.01367	0.03086	0.00569
113	0.00822	0.00593	0.00785	0.00921	0.00985	0.00556	0.00650	0.00966	0.01299	0.01719	0.05870	0.62429	0.07623	0.01953	0.00828	0.00263	0.00398	0.10200	0.00603	0.00537
114	0.01544	0.22636	0.22831	0.09219	0.12879	0.03581	0.03328	0.07370	0.01521	0.02032	0.03981	0.03867	0.01195	0.00679	0.00585	0.00186	0.00792	0.00549	0.00342	0.00885
115	0.04839	0.06822	0.01934	0.07003	0.09519	0.29913	0.01293	0.10960	0.13465	0.04069	0.01397	0.01526	0.01092	0.00710	0.00638	0.00188	0.02807	0.00520	0.00430	0.00875
116	0.00811	0.00646	0.00729	0.00741	0.00917	0.00564	0.00550	0.01005	0.01526	0.01940	0.21911	0.15648	0.45562	0.01619	0.00775	0.00223	0.00336	0.03312	0.00626	0.00559
117	0.00874	0.00650	0.00874	0.00922	0.00997	0.00684	0.00658	0.01019	0.01134	0.01542	0.02851	0.30480	0.08971	0.14097	0.28546	0.00600	0.02897	0.01206	0.00467	0.00531
118	0.09999	0.16457	0.13535	0.08448	0.01990	0.08346	0.03051	0.01852	0.04065	0.03748	0.04122	0.07355	0.08514	0.00889	0.00652	0.00200	0.03341	0.02269	0.00400	0.00767
119	0.01459	0.01447	0.02255	0.34381	0.30193	0.06297	0.06069	0.01890	0.03431	0.01877	0.01297	0.04174	0.01074	0.00667	0.00653	0.00205	0.00834	0.00623	0.00326	0.00848
120	0.01179	0.02772	0.01059	0.01066	0.05704	0.06692	0.00653	0.03175	0.01113	0.01429	0.01751	0.03323	0.01901	0.49801	0.07995	0.07964	0.00759	0.00796	0.00373	0.00496
121	0.12648	0.01746	0.14860	0.01888	0.14483	0.05612	0.08236	0.06203	0.01389	0.02091	0.01375	0.04266	0.01260	0.14598	0.01201	0.00284	0.06068	0.00641	0.00364	0.00788
122	0.04534	0.08010	0.06677	0.01624	0.11568	0.07227	0.01211	0.14087	0.10585	0.09338	0.05865	0.02357	0.06730	0.02260	0.00679	0.00202	0.00661	0.02731	0.00514	0.03140

[dist]
# distance from previous block
# <min> <max>
1	10

[block]
# block no. 3 follows, 34 sequences, length 40
# corresponding to MSA columns:
# 222-261
name=unknown_D
#
# <colnr> <probs for GDERKNQSTAVLIFYWHMCP>
#	G	D	E	R	K	N	Q	S	T	A	V	L	I	F	Y	W	H	M	C	P
0	0.06157	0.07562	0.17187	0.01842	0.10857	0.13193	0.08495	0.04191	0.03667	0.11348	0.05463	0.01868	0.03920	0.00717	0.00621	0.00193	0.00805	0.00595	0.00427	0.00890
1	0.01911	0.20593	0.04161	0.01493	0.04605	0.34519	0.01185	0.03856	0.05881	0.01826	0.08415	0.01665	0.01475	0.00869	0.03160	0.00202	0.02496	0.00519	0.00382	0.00789
2	0.06483	0.05417	0.04253	0.01990	0.21538	0.07292	0.02632	0.05411	0.04305	0.02162	0.06652	0.05659	0.04220	0.00801	0.00724	0.00188	0.06479	0.00650	0.00411	0.12735
3	0.01792	0.10249	0.14284	0.09390	0.13817	0.09653	0.01527	0.15022	0.04092	0.06312	0.03324	0.04975	0.01287	0.00741	0.00619	0.00193	0.00783	0.00599	0.00427	0.00915
4	0.00936	0.00697	0.00904	0.00933	0.01039	0.00675	0.02676	0.04149	0.01308	0.01718	0.03419	0.38682	0.12968	0.17153	0.04519	0.00362	0.00530	0.06245	0.00541	0.00544
5	0.02286	0.02056	0.01649	0.01420	0.01807	0.32202	0.01104	0.13364	0.13034	0.16747	0.01923	0.04089	0.03801	0.00818	0.00631	0.00190	0.00815	0.00614	0.00544	0.00904
6	0.01737	0.44181	0.07034	0.01420	0.04510	0.09575	0.04248	0.06690	0.04070	0.01828	0.01278	0.01440	0.03415	0.00775	0.02687	0.00191	0.03272	0.00470	0.00338	0.00842
7	0.03440	0.00754	0.01023	0.01068	0.02792	0.00729	0.02759	0.01395	0.05233	0.09589	0.06055	0.50658	0.05144	0.01800	0.04088	0.00280	0.00492	0.01455	0.00598	0.00647
8	0.00932	0.00632	0.00748	0.00754	0.00770	0.00645	0.00451	0.00965	0.00964	0.01299	0.02058	0.06899	0.02334	0.65304	0.12070	0.00663	0.00754	0.00944	0.00394	0.00420
9	0.00812	0.00656	0.00722	0.00705	0.00902	0.00566	0.00529	0.01021	0.01587	0.02017	0.27877	0.05771	0.51498	0.01535	0.00763	0.00213	0.00320	0.01301	0.00636	0.00566
10	0.01594	0.02309	0.31564	0.05863	0.25755	0.04250	0.08174	0.04187	0.01510	0.06812	0.01288	0.01544	0.00962	0.00616	0.00639	0.00200	0.00876	0.00551	0.00342	0.00965
11	0.01713	0.01263	0.01360	0.01202	0.01555	0.01413	0.00941	0.06169	0.51710	0.09675	0.02497	0.02351	0.01850	0.00846	0.00626	0.00206	0.00493	0.00697	0.12460	0.00972
12	0.00936	0.00642	0.00785	0.00785	0.00813	0.00670	0.00492	0.00991	0.00963	0.01312	0.01962	0.03820	0.02172	0.59805	0.20534	0.00726	0.00893	0.00880	0.00381	0.00436
13	0.00773	0.00617	0.00693	0.00753	0.00899	0.00537	0.00535	0.00916	0.01378	0.01707	0.05345	0.34647	0.45346	0.01792	0.00788	0.00236	0.00346	0.01554	0.00600	0.00537
14	0.03894	0.01572	0.01856	0.03333	0.04913	0.09778	0.03547	0.15208	0.01605	0.04289	0.03810	0.08047	0.01400	0.01015	0.01273	0.00236	0.32316	0.00686	0.00422	0.00799
15	0.00834	0.00653	0.00755	0.00738	0.00918	0.00574	0.00550	0.01060	0.01626	0.02130	0.36968	0.08746	0.39119	0.01509	0.00766	0.00213	0.00319	0.01295	0.00651	0.00574
16	0.07275	0.01105	0.01436	0.01120	0.01587	0.00999	0.00920	0.05981	0.01858	0.60751	0.08086	0.02316	0.01888	0.00829	0.00644	0.00200	0.00534	0.00671	0.00763	0.01037
17	0.02201	0.02064	0.01721	0.01471	0.01875	0.26741	0.01151	0.21558	0.24527	0.07396	0.01771	0.01735	0.01319	0.00772	0.00628	0.00193	0.00793	0.00577	0.00553	0.00955
18	0.78426	0.01243	0.00974	0.00863	0.01267	0.01428	0.00711	0.01954	0.01132	0.05976	0.00971	0.01100	0.00739	0.00608	0.00411	0.00200	0.00502	0.00363	0.00417	0.00717
19	0.01296	0.03342	0.73944	0.01842	0.02797	0.01501	0.02387	0.02046	0.01364	0.02046	0.01160	0.01364	0.00818	0.00614	0.00614	0.00205	0.00955	0.00477	0.00273	0.00955
20	0.01599	0.01535	0.02623	0.03966	0.73262	0.01535	0.01983	0.01983	0.01471	0.02111	0.01215	0.01599	0.01023	0.00576	0.00640	0.00192	0.00768	0.00576	0.00320	0.01023
21	0.01727	0.77681	0.03386	0.01106	0.01658	0.02557	0.01106	0.01935	0.01313	0.01520	0.00898	0.01036	0.00829	0.00553	0.00415	0.00138	0.00691	0.00345	0.00276	0.00829
22	0.01340	0.01148	0.01340	0.00957	0.01531	0.00861	0.00766	0.01627	0.01340	0.02105	0.01148	0.01340	0.00957	0.00479	0.00479	0.00096	0.00479	0.00383	0.00383	0.81242
23	0.01287	0.01217	0.02059	0.63088	0.16579	0.01453	0.01828	0.01709	0.01324	0.01732	0.01160	0.01701	0.00890	0.00634	0.00645	0.00211	0.00845	0.00574	0.00293	0.00772
24	0.02414	0.03079	0.01831	0.01665	0.01998	0.74698	0.01248	0.02580	0.01831	0.01581	0.00999	0.01165	0.00832	0.00666	0.00583	0.00166	0.01165	0.00416	0.00333	0.00749
25	0.00787	0.00562	0.00750	0.00900	0.00937	0.00525	0.00600	0.00900	0.01237	0.01649	0.03561	0.76871	0.04274	0.02024	0.00825	0.00262	0.00375	0.01837	0.00600	0.00525
26	0.00796	0.00572	0.00757	0.00901	0.00949	0.00534	0.00612	0.00917	0.01255	0.01663	0.03668	0.71678	0.06835	0.02001	0.00825	0.00262	0.00381	0.04266	0.00600	0.00528
27	0.00874	0.00695	0.00778	0.00815	0.00983	0.00639	0.00594	0.03353	0.04620	0.01836	0.05043	0.31344	0.40755	0.01718	0.00781	0.00236	0.00373	0.03381	0.00604	0.00579
28	0.02456	0.01810	0.01939	0.01487	0.02004	0.02004	0.01228	0.71107	0.03038	0.04072	0.01551	0.01551	0.01099	0.00776	0.00646	0.00194	0.00711	0.00582	0.00646	0.01099
29	0.00940	0.00626	0.00705	0.00705	0.00705	0.00626	0.00392	0.00940	0.00940	0.01253	0.02036	0.04228	0.02349	0.77292	0.03289	0.00626	0.00626	0.00940	0.00392	0.00392
30	0.01730	0.01637	0.03939	0.24797	0.19084	0.10045	0.12811	0.05218	0.03221	0.09216	0.01366	0.01681	0.01024	0.00642	0.00656	0.00202	0.00868	0.00596	0.00382	0.00883
31	0.00782	0.00581	0.00731	0.00851	0.00924	0.00529	0.00578	0.00905	0.01284	0.01669	0.04160	0.62706	0.18052	0.01947	0.00812	0.00254	0.00365	0.01742	0.00600	0.00529
32	0.02417	0.02977	0.01840	0.01650	0.01998	0.68834	0.01247	0.08108	0.01928	0.01782	0.01043	0.01196	0.00854	0.00675	0.00588	0.00169	0.01129	0.00430	0.00358	0.00777
33	0.01671	0.01793	0.14758	0.12499	0.21594	0.01550	0.06179	0.14910	0.07201	0.05273	0.01541	0.01955	0.01211	0.00722	0.00660	0.00207	0.00786	0.04107	0.00427	0.00954
34	0.01398	0.09743	0.07270	0.08114	0.12270	0.01389	0.06842	0.10069	0.06033	0.02126	0.02473	0.11909	0.12823	0.03771	0.00765	0.00222	0.00660	0.00865	0.00452	0.00806
35	0.00793	0.00655	0.00698	0.00704	0.00905	0.00560	0.00531	0.00976	0.01504	0.01844	0.13731	0.08890	0.59941	0.01622	0.00771	0.00222	0.00338	0.04149	0.00612	0.00554
36	0.07997	0.01415	0.01430	0.01234	0.01609	0.03598	0.00976	0.18924	0.38100	0.02942	0.04271	0.02305	0.04924	0.00863	0.00626	0.00205	0.00547	0.00688	0.06403	0.00945
37	0.03963	0.01557	0.01871	0.05490	0.07589	0.03604	0.06622	0.23341	0.30492	0.02908	0.02062	0.02064	0.03887	0.00798	0.00655	0.00207	0.00665	0.00672	0.00566	0.00986
38	0.07101	0.01947	0.04174	0.01657	0.06351	0.21579	0.04807	0.12235	0.18310	0.06940	0.01689	0.01915	0.01326	0.00787	0.00680	0.00202	0.03274	0.03630	0.00494	0.00903
39	0.00823	0.00573	0.00745	0.00866	0.00896	0.00543	0.00565	0.00904	0.01176	0.01568	0.03234	0.62622	0.03858	0.14276	0.01281	0.02949	0.00422	0.01649	0.00556	0.00495

[dist]
# distance from previous block
# <min> <max>
1	3

[block]
# block no. 4 follows, 34 sequences, length 113
# corresponding to MSA columns:
# 265-377
name=unknown_E
#
# <colnr> <probs for GDERKNQSTAVLIFYWHMCP>
#	G	D	E	R	K	N	Q	S	T	A	V	L	I	F	Y	W	H	M	C	P
0	0.02030	0.12935	0.08030	0.01490	0.01873	0.44116	0.01248	0.02260	0.01611	0.04624	0.01224	0.04076	0.01058	0.00994	0.05547	0.00232	0.03273	0.00500	0.02112	0.00768
1	0.01197	0.00833	0.00943	0.00847	0.01106	0.00776	0.00656	0.08216	0.03770	0.08961	0.24633	0.04875	0.38006	0.01361	0.00738	0.00210	0.00385	0.01146	0.00657	0.00684
2	0.03758	0.22399	0.16775	0.03031	0.04649	0.04765	0.01344	0.13676	0.04330	0.05982	0.05161	0.01802	0.03478	0.03021	0.00653	0.00193	0.00716	0.00552	0.00426	0.03290
3	0.05756	0.01977	0.10263	0.02315	0.21105	0.10705	0.11000	0.17720	0.01829	0.02502	0.01242	0.01480	0.00964	0.00641	0.00662	0.00191	0.02658	0.00548	0.00398	0.06045
4	0.00958	0.00665	0.00790	0.00778	0.00789	0.00700	0.00474	0.00986	0.00951	0.01289	0.01957	0.03950	0.02217	0.67213	0.10059	0.00651	0.03868	0.00900	0.00383	0.00422
5	0.04021	0.01492	0.02413	0.06478	0.58150	0.01509	0.01808	0.06251	0.01579	0.08122	0.01334	0.01635	0.01059	0.00610	0.00634	0.00194	0.00743	0.00576	0.00380	0.01012
6	0.01376	0.03063	0.59450	0.01983	0.02864	0.04258	0.13876	0.02070	0.01409	0.02033	0.01178	0.01420	0.00846	0.00604	0.00638	0.00205	0.00985	0.00523	0.00284	0.00933
7	0.01681	0.46128	0.16932	0.01465	0.04663	0.02075	0.05878	0.02076	0.03492	0.06108	0.01147	0.01288	0.00929	0.00587	0.00508	0.00163	0.00751	0.00438	0.00327	0.03364
8	0.00787	0.00562	0.00750	0.00900	0.00937	0.00525	0.00600	0.00900	0.01237	0.01649	0.03561	0.76871	0.04274	0.02024	0.00825	0.00262	0.00375	0.01837	0.00600	0.00525
9	0.00940	0.00626	0.00705	0.00705	0.00705	0.00626	0.00392	0.00940	0.00940	0.01253	0.02036	0.04228	0.02349	0.77292	0.03289	0.00626	0.00626	0.00940	0.00392	0.00392
10	0.01727	0.77681	0.03386	0.01106	0.01658	0.02557	0.01106	0.01935	0.01313	0.01520	0.00898	0.01036	0.00829	0.00553	0.00415	0.00138	0.00691	0.00345	0.00276	0.00829
11	0.00902	0.00731	0.00810	0.00777	0.00987	0.00676	0.00587	0.01284	0.08760	0.02140	0.29534	0.05342	0.42225	0.01448	0.00752	0.00213	0.00338	0.01231	0.00645	0.00616
12	0.00792	0.00566	0.00754	0.00896	0.00938	0.00528	0.00600	0.00912	0.01260	0.01685	0.06204	0.74125	0.04343	0.01997	0.00822	0.00260	0.00372	0.01811	0.00604	0.00528
13	0.00940	0.00626	0.00705	0.00705	0.00705	0.00626	0.00392	0.00940	0.00940	0.01253	0.02036	0.04228	0.02349	0.77292	0.03289	0.00626	0.00626	0.00940	0.00392	0.00392
14	0.01531	0.00839	0.00888	0.00788	0.01024	0.00862	0.00616	0.13329	0.01672	0.07550	0.02044	0.02250	0.01558	0.00760	0.00498	0.00161	0.00387	0.00602	0.61919	0.00720
15	0.00923	0.00692	0.01038	0.01038	0.01154	0.00808	0.00808	0.01154	0.01038	0.01500	0.01731	0.02538	0.01615	0.04846	0.74732	0.01038	0.01731	0.00692	0.00346	0.00577
16	0.00940	0.00626	0.00705	0.00705	0.00705	0.00626	0.00392	0.00940	0.00940	0.01253	0.02036	0.04228	0.02349	0.77292	0.03289	0.00626	0.00626	0.00940	0.00392	0.00392
17	0.01340	0.01148	0.01340	0.00957	0.01531	0.00861	0.00766	0.01627	0.01340	0.02105	0.01148	0.01340	0.00957	0.00479	0.00479	0.00096	0.00479	0.00383	0.00383	0.81242
18	0.00764	0.00655	0.00655	0.00655	0.00873	0.00545	0.00491	0.00927	0.01473	0.01745	0.06546	0.06218	0.73000	0.01636	0.00764	0.00218	0.00327	0.01364	0.00600	0.00545
19	0.01596	0.01353	0.01446	0.01312	0.01666	0.01553	0.01033	0.06102	0.63374	0.02697	0.02650	0.02777	0.02080	0.00947	0.00676	0.00225	0.00527	0.06345	0.00652	0.00991
20	0.00940	0.00626	0.00705	0.00705	0.00705	0.00626	0.00392	0.00940	0.00940	0.01253	0.02036	0.04228	0.02349	0.77292	0.03289	0.00626	0.00626	0.00940	0.00392	0.00392
21	0.01535	0.01463	0.02458	0.16027	0.58586	0.01521	0.01911	0.01988	0.04406	0.02058	0.01263	0.01654	0.01036	0.00600	0.00641	0.00197	0.00773	0.00582	0.00328	0.00972
22	0.01340	0.01148	0.01340	0.00957	0.01531	0.00861	0.00766	0.01627	0.01340	0.02105	0.01148	0.01340	0.00957	0.00479	0.00479	0.00096	0.00479	0.00383	0.00383	0.81242
23	0.01340	0.01148	0.01340	0.00957	0.01531	0.00861	0.00766	0.01627	0.01340	0.02105	0.01148	0.01340	0.00957	0.00479	0.00479	0.00096	0.00479	0.00383	0.00383	0.81242
24	0.01725	0.01586	0.04453	0.03566	0.61967	0.01544	0.01881	0.07740	0.01616	0.05773	0.01307	0.01618	0.01052	0.00604	0.00640	0.00193	0.00757	0.00577	0.00369	0.01032
25	0.02101	0.25338	0.02319	0.01493	0.01863	0.42472	0.01222	0.04822	0.01630	0.01653	0.00973	0.01167	0.00843	0.00686	0.00699	0.00171	0.09026	0.00417	0.00322	0.00782
26	0.01727	0.77681	0.03386	0.01106	0.01658	0.02557	0.01106	0.01935	0.01313	0.01520	0.00898	0.01036	0.00829	0.00553	0.00415	0.00138	0.00691	0.00345	0.00276	0.00829
27	0.01340	0.01148	0.01340	0.00957	0.01531	0.00861	0.00766	0.01627	0.01340	0.02105	0.01148	0.01340	0.00957	0.00479	0.00479	0.00096	0.00479	0.00383	0.00383	0.81242
28	0.00923	0.00692	0.01038	0.01038	0.01154	0.00808	0.00808	0.01154	0.01038	0.01500	0.01731	0.02538	0.01615	0.04846	0.74732	0.01038	0.01731	0.00692	0.00346	0.00577
29	0.01625	0.01610	0.02512	0.07943	0.62465	0.06315	0.01907	0.01990	0.01470	0.02033	0.01186	0.01573	0.00996	0.00602	0.00680	0.00194	0.03037	0.00565	0.00318	0.00978
30	0.00764	0.00655	0.00655	0.00655	0.00873	0.00545	0.00491	0.00927	0.01473	0.01745	0.06546	0.06218	0.73000	0.01636	0.00764	0.00218	0.00327	0.01364	0.00600	0.00545
31	0.02206	0.01647	0.01770	0.01418	0.01887	0.01834	0.01152	0.46872	0.24838	0.06532	0.01934	0.01850	0.01396	0.00809	0.00650	0.00202	0.00641	0.00632	0.00656	0.01075
32	0.02416	0.02870	0.01807	0.01619	0.01970	0.65519	0.01225	0.05514	0.04060	0.05497	0.01154	0.01274	0.00919	0.00684	0.00591	0.00171	0.01094	0.00445	0.00381	0.00791
33	0.04060	0.07487	0.15233	0.01567	0.02089	0.09638	0.10707	0.14162	0.05425	0.09225	0.04579	0.06820	0.01506	0.00951	0.03466	0.00231	0.00823	0.00672	0.00469	0.00889
34	0.01709	0.74560	0.06349	0.01136	0.01706	0.02512	0.01159	0.01939	0.01315	0.01542	0.00909	0.01050	0.00829	0.00555	0.00423	0.00141	0.00702	0.00351	0.00276	0.00834
35	0.00787	0.00562	0.00750	0.00900	0.00937	0.00525	0.00600	0.00900	0.01237	0.01649	0.03561	0.76871	0.04274	0.02024	0.00825	0.00262	0.00375	0.01837	0.00600	0.00525
36	0.01599	0.01535	0.02623	0.03966	0.73262	0.01535	0.01983	0.01983	0.01471	0.02111	0.01215	0.01599	0.01023	0.00576	0.00640	0.00192	0.00768	0.00576	0.00320	0.01023
37	0.01076	0.00822	0.01091	0.01062	0.01232	0.00815	0.04761	0.05014	0.09362	0.03638	0.07045	0.43330	0.09787	0.04798	0.00886	0.00259	0.00462	0.03320	0.00595	0.00647
38	0.02803	0.01246	0.03298	0.01210	0.01723	0.01099	0.01020	0.11924	0.01992	0.62968	0.02386	0.02095	0.01516	0.00792	0.00648	0.00199	0.00580	0.00637	0.00767	0.01096
39	0.00787	0.00562	0.00750	0.00900	0.00937	0.00525	0.00600	0.00900	0.01237	0.01649	0.03561	0.76871	0.04274	0.02024	0.00825	0.00262	0.00375	0.01837	0.00600	0.00525
40	0.01236	0.01180	0.02036	0.71916	0.04394	0.01446	0.05414	0.01673	0.01304	0.01673	0.01157	0.01724	0.00868	0.00641	0.00652	0.00215	0.00873	0.00584	0.00289	0.00726
41	0.02238	0.04270	0.08251	0.04297	0.02128	0.19974	0.01338	0.41865	0.02436	0.03058	0.01395	0.03242	0.01068	0.00753	0.00626	0.00189	0.00842	0.00555	0.00511	0.00964
42	0.02813	0.01145	0.01516	0.01172	0.01666	0.01028	0.00965	0.06017	0.05577	0.67067	0.02511	0.02183	0.01598	0.00803	0.00650	0.00201	0.00555	0.00651	0.00786	0.01096
43	0.00779	0.00649	0.00683	0.00707	0.00902	0.00553	0.00529	0.00944	0.01448	0.01744	0.06070	0.14021	0.62181	0.01686	0.00776	0.00227	0.00345	0.04611	0.00600	0.00546
44	0.02316	0.01542	0.01701	0.01342	0.01810	0.01663	0.01096	0.44890	0.12249	0.15881	0.02017	0.01933	0.03000	0.00813	0.00642	0.00197	0.00626	0.00633	0.04598	0.01051
