[name]
unknown

[dist]
# distance from previous block
# <min> <max>
2	63

[block]
# block no. 0 follows, 32 sequences, length 72
# corresponding to MSA columns:
# 93-164
name=unknown_A
#
# <colnr> <probs for GDERKNQSTAVLIFYWHMCP>
#	G	D	E	R	K	N	Q	S	T	A	V	L	I	F	Y	W	H	M	C	P
0	0.01763	0.06143	0.01702	0.01276	0.01732	0.08523	0.03276	0.11524	0.16975	0.05974	0.08938	0.02239	0.04476	0.00805	0.00627	0.00177	0.00622	0.00653	0.00547	0.22029
1	0.03504	0.03057	0.05603	0.04961	0.10447	0.01050	0.01043	0.01705	0.11220	0.02269	0.22161	0.16370	0.11452	0.01256	0.00737	0.00223	0.00507	0.01099	0.00576	0.00759
2	0.04818	0.01730	0.02165	0.05414	0.02301	0.01867	0.09838	0.45803	0.02524	0.03474	0.01459	0.01600	0.01072	0.00750	0.00735	0.00200	0.04347	0.00598	0.00557	0.08746
3	0.08987	0.01218	0.01227	0.05297	0.01547	0.09032	0.00911	0.12385	0.03778	0.02320	0.05915	0.36463	0.02965	0.01439	0.00741	0.00238	0.00585	0.03666	0.00569	0.00717
4	0.05702	0.01442	0.01757	0.12431	0.05891	0.04151	0.03424	0.15003	0.11172	0.09462	0.05882	0.01953	0.01522	0.00743	0.00634	0.00189	0.00667	0.00614	0.00529	0.16834
5	0.03977	0.01718	0.01920	0.05881	0.05519	0.07114	0.04776	0.29282	0.20136	0.03099	0.01828	0.02008	0.01403	0.00807	0.00668	0.00206	0.00729	0.02859	0.00571	0.05501
6	0.03805	0.01302	0.01517	0.04489	0.04307	0.01394	0.01056	0.27211	0.10120	0.03073	0.17285	0.10345	0.02815	0.01095	0.00716	0.00216	0.00575	0.04139	0.00634	0.03906
7	0.04372	0.01243	0.01334	0.10993	0.01817	0.06691	0.00968	0.14621	0.03948	0.02564	0.20629	0.03571	0.18516	0.01108	0.00707	0.00206	0.00571	0.00916	0.00580	0.04644
8	0.02192	0.01877	0.01981	0.01674	0.04604	0.10743	0.04546	0.38849	0.13706	0.03269	0.01767	0.05330	0.01395	0.00868	0.00745	0.00211	0.03957	0.00679	0.00586	0.01023
9	0.08356	0.01459	0.01682	0.01456	0.04100	0.08456	0.09985	0.09169	0.16071	0.02511	0.09770	0.03082	0.16522	0.00995	0.00693	0.00211	0.00644	0.00846	0.00552	0.03441
10	0.07309	0.01483	0.01696	0.01357	0.01808	0.03899	0.03589	0.28412	0.02177	0.13876	0.03825	0.04239	0.03506	0.00913	0.00724	0.00204	0.03473	0.05836	0.00602	0.11070
11	0.01394	0.01118	0.01316	0.01310	0.04882	0.01163	0.00989	0.04015	0.28185	0.04249	0.05309	0.07248	0.12116	0.01242	0.00747	0.00234	0.00528	0.15956	0.00622	0.07377
12	0.05614	0.01676	0.02800	0.02091	0.02612	0.05595	0.35947	0.08199	0.01657	0.06612	0.01482	0.05503	0.01207	0.00743	0.00854	0.00216	0.07910	0.00729	0.00419	0.08132
13	0.02225	0.02368	0.02035	0.01716	0.02101	0.38670	0.09162	0.14930	0.02006	0.05645	0.01525	0.09043	0.01337	0.00865	0.00721	0.00200	0.03468	0.00673	0.00456	0.00853
14	0.00975	0.00663	0.00865	0.00889	0.01016	0.00608	0.00638	0.01199	0.01626	0.05240	0.37379	0.34529	0.08500	0.01669	0.00814	0.00237	0.00359	0.01489	0.00689	0.00615
15	0.01047	0.00748	0.01041	0.01196	0.01335	0.00742	0.01021	0.01330	0.01510	0.01969	0.03572	0.16566	0.03937	0.01886	0.00918	0.00304	0.00588	0.59062	0.00619	0.00608
16	0.02506	0.03198	0.01901	0.01729	0.02074	0.73725	0.01296	0.02679	0.01901	0.01642	0.01037	0.01210	0.00864	0.00691	0.00605	0.00173	0.01210	0.00432	0.00346	0.00778
17	0.01871	0.01469	0.02129	0.10317	0.32264	0.01546	0.01576	0.10409	0.14882	0.11391	0.04100	0.02018	0.01491	0.00744	0.00675	0.00209	0.00706	0.00659	0.00511	0.01034
18	0.02113	0.01514	0.01924	0.16412	0.15352	0.08078	0.01395	0.09788	0.01799	0.22540	0.01655	0.01784	0.01183	0.00698	0.00643	0.00192	0.00745	0.00579	0.00515	0.11092
19	0.00942	0.00686	0.00886	0.00836	0.00998	0.00630	0.00627	0.01252	0.01882	0.02648	0.68748	0.05082	0.09489	0.01388	0.00791	0.00212	0.00318	0.01223	0.00733	0.00630
20	0.01940	0.01688	0.01703	0.01527	0.04198	0.07496	0.01163	0.18839	0.47478	0.03023	0.02288	0.02166	0.01711	0.00858	0.00673	0.00216	0.00642	0.00691	0.00642	0.01058
21	0.01887	0.02545	0.40647	0.01639	0.02383	0.04947	0.01839	0.05063	0.05603	0.20562	0.01788	0.02000	0.01287	0.00771	0.00664	0.00214	0.00839	0.03829	0.00482	0.01012
22	0.01510	0.02241	0.27839	0.02180	0.06095	0.01565	0.25221	0.08082	0.01587	0.02234	0.01470	0.07325	0.01232	0.00827	0.00861	0.03173	0.04556	0.00728	0.00367	0.00906
23	0.01778	0.74180	0.06017	0.01176	0.01765	0.02615	0.01196	0.02013	0.01365	0.01598	0.00943	0.01089	0.00861	0.00576	0.00438	0.00146	0.00727	0.00364	0.00287	0.00866
24	0.02551	0.01879	0.02014	0.01544	0.02081	0.02081	0.01275	0.69996	0.03155	0.04229	0.01611	0.01611	0.01141	0.00805	0.00671	0.00201	0.00738	0.00604	0.00671	0.01141
25	0.00818	0.00584	0.00779	0.00934	0.00973	0.00545	0.00623	0.00934	0.01285	0.01713	0.03698	0.75981	0.04438	0.02102	0.00856	0.00273	0.00389	0.01908	0.00623	0.00545
26	0.00960	0.00714	0.01053	0.01053	0.01164	0.00825	0.00807	0.01182	0.01071	0.01539	0.01820	0.02763	0.01733	0.10212	0.68656	0.01047	0.01714	0.00738	0.00363	0.00585
27	0.01265	0.01166	0.01653	0.01477	0.01521	0.01562	0.01202	0.01441	0.01044	0.01583	0.01258	0.01994	0.01225	0.05120	0.28451	0.00593	0.45801	0.00649	0.00322	0.00674
28	0.00884	0.00719	0.00838	0.04392	0.01171	0.00652	0.00677	0.01112	0.01587	0.01989	0.17520	0.06130	0.47512	0.01613	0.00805	0.00235	0.00401	0.10541	0.00627	0.00594
29	0.01251	0.00625	0.00625	0.00625	0.00782	0.00625	0.00469	0.01563	0.01407	0.02502	0.02189	0.02502	0.01720	0.00782	0.00469	0.00156	0.00313	0.00625	0.80144	0.00625
30	0.01384	0.04115	0.01262	0.01263	0.07021	0.00901	0.00858	0.03366	0.05142	0.13336	0.12778	0.37413	0.05457	0.01503	0.00769	0.00237	0.00470	0.01334	0.00638	0.00751
31	0.11551	0.02128	0.01530	0.01420	0.01744	0.36585	0.01097	0.02498	0.12953	0.04681	0.01805	0.05433	0.01600	0.00923	0.00641	0.00207	0.00859	0.08393	0.03156	0.00798
32	0.00953	0.00727	0.00886	0.00868	0.01054	0.00676	0.00671	0.01297	0.04718	0.02377	0.43219	0.05597	0.23676	0.01498	0.00803	0.00227	0.00367	0.09063	0.00691	0.00632
33	0.01539	0.01471	0.02505	0.25889	0.51410	0.01562	0.01999	0.01953	0.01471	0.02045	0.01241	0.01700	0.01011	0.00620	0.00666	0.00207	0.00827	0.00597	0.00322	0.00965
34	0.01473	0.01387	0.02303	0.34218	0.37297	0.01527	0.01892	0.01967	0.05028	0.02013	0.01382	0.01950	0.01132	0.00686	0.00677	0.00215	0.00819	0.02776	0.00345	0.00912
35	0.01326	0.01253	0.02119	0.64245	0.14723	0.01506	0.01893	0.01766	0.01369	0.01786	0.01203	0.01770	0.00920	0.00660	0.00670	0.00220	0.00880	0.00597	0.00303	0.00793
36	0.00818	0.00584	0.00779	0.00934	0.00973	0.00545	0.00623	0.00934	0.01285	0.01713	0.03698	0.75981	0.04438	0.02102	0.00856	0.00273	0.00389	0.01908	0.00623	0.00545
37	0.04872	0.05979	0.61529	0.01876	0.04975	0.01571	0.02268	0.02167	0.01431	0.05540	0.01254	0.01439	0.00891	0.00642	0.00623	0.00209	0.00934	0.00497	0.00317	0.00985
38	0.03459	0.01179	0.01612	0.09441	0.05311	0.03904	0.08350	0.08747	0.01658	0.06402	0.10551	0.06643	0.02122	0.03769	0.03281	0.00251	0.03860	0.00786	0.17901	0.00773
39	0.00823	0.00593	0.00781	0.00920	0.00972	0.00550	0.00619	0.00952	0.01324	0.01764	0.07133	0.69899	0.07084	0.02051	0.00851	0.00268	0.00384	0.01855	0.00629	0.00550
40	0.01549	0.01242	0.01457	0.01059	0.01633	0.01006	0.00853	0.06271	0.01524	0.05738	0.01283	0.01451	0.01033	0.00550	0.00559	0.00116	0.02358	0.00429	0.00434	0.69454
41	0.01584	0.01810	0.03959	0.02828	0.03507	0.01697	0.69796	0.02149	0.01584	0.02149	0.01357	0.01810	0.01018	0.00566	0.00792	0.00226	0.01131	0.00792	0.00339	0.00905
42	0.00822	0.00605	0.00773	0.00904	0.00976	0.00556	0.00620	0.00954	0.01332	0.01738	0.04184	0.62740	0.15110	0.02030	0.00849	0.00266	0.00389	0.03978	0.00623	0.00551
43	0.01574	0.01631	0.03113	0.05342	0.33223	0.01635	0.30800	0.02016	0.01500	0.02100	0.01353	0.04190	0.01137	0.00681	0.00843	0.00221	0.06634	0.00723	0.00341	0.00944
44	0.01391	0.01193	0.01391	0.00994	0.01590	0.00894	0.00795	0.01690	0.01391	0.02186	0.01193	0.01391	0.00994	0.00497	0.00497	0.00099	0.00497	0.00398	0.00398	0.80521
45	0.00961	0.00710	0.01034	0.01034	0.01139	0.00815	0.00784	0.01170	0.01065	0.01525	0.01837	0.02859	0.01774	0.14095	0.64830	0.01024	0.01652	0.00752	0.00365	0.00575
46	0.00827	0.00594	0.00786	0.00932	0.00983	0.00554	0.00631	0.00955	0.01314	0.01748	0.05520	0.70427	0.06439	0.02066	0.00855	0.00271	0.00392	0.03533	0.00626	0.00550
47	0.02433	0.02844	0.02133	0.01822	0.02225	0.58277	0.09966	0.02663	0.01863	0.07865	0.01217	0.01379	0.00953	0.00688	0.00635	0.00183	0.01145	0.00499	0.00387	0.00826
48	0.00818	0.00584	0.00779	0.00934	0.00973	0.00545	0.00623	0.00934	0.01285	0.01713	0.03698	0.75981	0.04438	0.02102	0.00856	0.00273	0.00389	0.01908	0.00623	0.00545
49	0.03010	0.01142	0.01557	0.01194	0.01713	0.00986	0.00986	0.03270	0.01920	0.72698	0.02647	0.02284	0.01661	0.00830	0.00675	0.00208	0.00571	0.00675	0.00830	0.01142
50	0.01109	0.00940	0.01366	0.01280	0.01364	0.01197	0.01024	0.01321	0.01063	0.01574	0.01527	0.02292	0.01443	0.03895	0.52667	0.00847	0.23432	0.00680	0.00340	0.00639
51	0.02564	0.01509	0.02020	0.01538	0.02072	0.01514	0.09829	0.26615	0.07662	0.34254	0.02126	0.02004	0.01427	0.00794	0.00689	0.00209	0.00698	0.00671	0.00701	0.01105
52	0.02549	0.01940	0.02009	0.01552	0.02081	0.05395	0.01276	0.66882	0.03097	0.04109	0.01584	0.01592	0.01128	0.00800	0.00668	0.00200	0.00760	0.00596	0.00656	0.01124
53	0.02659	0.01706	0.01907	0.01462	0.01995	0.01824	0.01208	0.54344	0.02865	0.20290	0.01854	0.01769	0.01263	0.00811	0.00672	0.00203	0.00699	0.00621	0.00709	0.01141
54	0.01490	0.03269	0.66755	0.01850	0.02801	0.01509	0.02350	0.02224	0.01460	0.08242	0.01329	0.01492	0.00920	0.00654	0.00641	0.00212	0.00955	0.00511	0.00331	0.01005
55	0.00864	0.00632	0.00812	0.00875	0.00977	0.00580	0.00615	0.01061	0.01538	0.02087	0.29364	0.42502	0.12031	0.01789	0.00826	0.00245	0.00357	0.01599	0.00666	0.00580
56	0.01193	0.00703	0.00929	0.00990	0.01114	0.00654	0.00695	0.03200	0.01432	0.12388	0.03483	0.62906	0.03931	0.01876	0.00824	0.00261	0.00426	0.01687	0.00655	0.00651
57	0.02436	0.01753	0.01886	0.01468	0.01972	0.01932	0.01205	0.59351	0.07491	0.06504	0.01755	0.01744	0.01252	0.00812	0.00661	0.00201	0.00695	0.00618	0.05156	0.01107
58	0.01374	0.08072	0.68587	0.01865	0.02830	0.01627	0.02396	0.02118	0.01413	0.02091	0.01187	0.01395	0.00851	0.00634	0.00625	0.00208	0.00974	0.00487	0.00284	0.00983
59	0.01354	0.01314	0.02255	0.54199	0.10848	0.01576	0.07730	0.01776	0.01349	0.01789	0.01182	0.01745	0.00920	0.00706	0.00837	0.00229	0.08486	0.00612	0.00305	0.00789
60	0.01584	0.01810	0.03959	0.02828	0.03507	0.01697	0.69796	0.02149	0.01584	0.02149	0.01357	0.01810	0.01018	0.00566	0.00792	0.00226	0.01131	0.00792	0.00339	0.00905
61	0.02742	0.01573	0.01824	0.01398	0.01928	0.01626	0.01155	0.42265	0.02642	0.32684	0.02042	0.01891	0.01357	0.00816	0.00673	0.00204	0.00669	0.00633	0.00737	0.01141
62	0.00829	0.00593	0.00789	0.00926	0.00976	0.00553	0.00624	0.00963	0.01338	0.01798	0.09608	0.69830	0.04602	0.02039	0.00851	0.00267	0.00383	0.01847	0.00633	0.00553
63	0.00845	0.00596	0.00770	0.00898	0.00931	0.00564	0.00585	0.00942	0.01230	0.01640	0.03418	0.63321	0.04084	0.15245	0.01309	0.00339	0.00435	0.01743	0.00585	0.00521
64	0.00818	0.00584	0.00779	0.00934	0.00973	0.00545	0.00623	0.00934	0.01285	0.01713	0.03698	0.75981	0.04438	0.02102	0.00856	0.00273	0.00389	0.01908	0.00623	0.00545
65	0.02591	0.01816	0.01974	0.01513	0.02049	0.01986	0.01250	0.64213	0.03048	0.10163	0.01701	0.01669	0.01186	0.00808	0.00672	0.00202	0.00724	0.00610	0.00685	0.01141
66	0.01584	0.01810	0.03959	0.02828	0.03507	0.01697	0.69796	0.02149	0.01584	0.02149	0.01357	0.01810	0.01018	0.00566	0.00792	0.00226	0.01131	0.00792	0.00339	0.00905
67	0.01608	0.01563	0.02746	0.08941	0.58616	0.01573	0.08644	0.02024	0.01521	0.02149	0.01334	0.01858	0.01129	0.00637	0.00685	0.00207	0.00831	0.02586	0.00339	0.01012
68	0.01624	0.12982	0.03734	0.02478	0.03117	0.01818	0.55221	0.04307	0.01593	0.02119	0.01373	0.03926	0.01102	0.00621	0.00736	0.00214	0.01034	0.00755	0.00351	0.00895
69	0.01698	0.01724	0.03467	0.02525	0.03114	0.03377	0.55128	0.02184	0.01571	0.08200	0.01497	0.04044	0.01163	0.00682	0.00881	0.00230	0.06436	0.00792	0.00387	0.00899
70	0.01491	0.01443	0.02796	0.02195	0.04698	0.01398	0.39871	0.04363	0.03340	0.04981	0.02054	0.16437	0.01948	0.01010	0.00846	0.00241	0.03359	0.06240	0.00454	0.00835
71	0.01573	0.04555	0.17751	0.02099	0.04516	0.05405	0.28011	0.07665	0.03375	0.02188	0.01566	0.08190	0.01365	0.04426	0.00913	0.00242	0.04120	0.00770	0.00388	0.00881

[dist]
# distance from previous block
# <min> <max>
11	52

[block]
# block no. 1 follows, 32 sequences, length 12
# corresponding to MSA columns:
# 222-233
name=unknown_B
#
# <colnr> <probs for GDERKNQSTAVLIFYWHMCP>
#	G	D	E	R	K	N	Q	S	T	A	V	L	I	F	Y	W	H	M	C	P
0	0.08019	0.01740	0.04158	0.01369	0.01830	0.10211	0.01123	0.20094	0.21306	0.07408	0.01818	0.01838	0.01364	0.00991	0.04487	0.00241	0.00747	0.00591	0.00565	0.10101
1	0.04401	0.13515	0.12919	0.01358	0.01834	0.08851	0.01245	0.08351	0.20259	0.04326	0.04387	0.08401	0.05526	0.00931	0.00643	0.00206	0.00690	0.00741	0.00513	0.00905
2	0.09417	0.01182	0.01506	0.10976	0.01950	0.01304	0.03306	0.14082	0.03954	0.07528	0.07185	0.13463	0.06813	0.01175	0.00846	0.00237	0.06957	0.06765	0.00555	0.00798
3	0.01267	0.01193	0.02013	0.74806	0.04621	0.01491	0.01863	0.01714	0.01342	0.01714	0.01193	0.01789	0.00894	0.00671	0.00671	0.00224	0.00894	0.00596	0.00298	0.00745
4	0.01753	0.07823	0.01864	0.01331	0.01807	0.01518	0.07023	0.21106	0.13656	0.05025	0.02674	0.02642	0.14719	0.00905	0.00659	0.00192	0.00617	0.00750	0.00565	0.13370
5	0.02374	0.01766	0.01872	0.01481	0.01963	0.04831	0.01209	0.53522	0.07299	0.07198	0.01729	0.01776	0.01262	0.01181	0.07095	0.00279	0.00829	0.00621	0.00639	0.01073
6	0.06484	0.01567	0.01779	0.07848	0.02115	0.01712	0.01199	0.41682	0.07277	0.13598	0.01901	0.06567	0.01449	0.00879	0.00671	0.00211	0.00679	0.00696	0.00646	0.01041
7	0.01187	0.07508	0.01129	0.00879	0.01141	0.00940	0.00684	0.05784	0.05020	0.05687	0.04713	0.09394	0.39846	0.09562	0.01034	0.00268	0.00467	0.03504	0.00587	0.00668
8	0.02551	0.01879	0.02014	0.01544	0.02081	0.02081	0.01275	0.69996	0.03155	0.04229	0.01611	0.01611	0.01141	0.00805	0.00671	0.00201	0.00738	0.00604	0.00671	0.01141
9	0.04606	0.02003	0.01780	0.01512	0.01903	0.21734	0.01197	0.19216	0.19990	0.09919	0.01764	0.01772	0.01317	0.00831	0.00783	0.00209	0.07338	0.00595	0.00559	0.00972
10	0.06359	0.01761	0.01603	0.01349	0.01744	0.16108	0.01058	0.26402	0.08082	0.11238	0.02183	0.06936	0.06156	0.04997	0.00813	0.00229	0.00731	0.00736	0.00591	0.00923
11	0.02328	0.01769	0.01888	0.01499	0.01996	0.01977	0.01221	0.53189	0.20325	0.03869	0.01894	0.01837	0.01371	0.00832	0.00674	0.00208	0.00686	0.00643	0.00674	0.01121

[dist]
# distance from previous block
# <min> <max>
7	35

[block]
# block no. 2 follows, 32 sequences, length 124
# corresponding to MSA columns:
# 273-396
name=unknown_C
#
# <colnr> <probs for GDERKNQSTAVLIFYWHMCP>
#	G	D	E	R	K	N	Q	S	T	A	V	L	I	F	Y	W	H	M	C	P
0	0.02191	0.02021	0.01941	0.01599	0.02022	0.22999	0.06973	0.20764	0.10925	0.08678	0.03533	0.05048	0.01476	0.00842	0.00721	0.00202	0.03371	0.00661	0.00540	0.03495
1	0.05932	0.02116	0.01726	0.01469	0.01888	0.29602	0.01157	0.17862	0.08056	0.16403	0.01862	0.01964	0.03214	0.00825	0.00647	0.00198	0.00847	0.02728	0.00563	0.00942
2	0.07109	0.01358	0.01331	0.01155	0.01458	0.09858	0.00881	0.12032	0.05884	0.04613	0.10846	0.11044	0.04169	0.09891	0.01052	0.00253	0.03909	0.00842	0.00536	0.11777
3	0.07472	0.02504	0.01827	0.01595	0.01968	0.42058	0.01237	0.16202	0.10340	0.02389	0.01340	0.01452	0.01054	0.00763	0.00703	0.00194	0.05061	0.00510	0.00453	0.00879
4	0.01102	0.00970	0.05719	0.01193	0.01427	0.00834	0.01078	0.03785	0.01601	0.02084	0.05839	0.06712	0.14143	0.01700	0.00874	0.00283	0.00595	0.48806	0.00602	0.00653
5	0.01344	0.07243	0.64516	0.01802	0.02717	0.01557	0.02287	0.02063	0.01445	0.02132	0.05785	0.01632	0.01207	0.00682	0.00636	0.00209	0.00933	0.00535	0.00313	0.00961
6	0.04241	0.61003	0.16130	0.01279	0.01925	0.02418	0.01378	0.02029	0.01366	0.01724	0.00982	0.01139	0.00855	0.00587	0.00468	0.00158	0.00761	0.00384	0.00290	0.00881
7	0.01755	0.01450	0.01541	0.01367	0.01759	0.01663	0.01069	0.06495	0.65584	0.05332	0.02678	0.02456	0.01994	0.00903	0.00682	0.00226	0.00542	0.00749	0.00687	0.01068
8	0.00898	0.00685	0.00984	0.01012	0.01127	0.00637	0.04362	0.01097	0.01472	0.01992	0.20584	0.49246	0.07693	0.01813	0.00836	0.00254	0.00416	0.03666	0.00636	0.00589
9	0.00828	0.00596	0.00786	0.00919	0.00974	0.00553	0.00620	0.00964	0.01345	0.01800	0.09666	0.67820	0.06586	0.02027	0.00849	0.00266	0.00382	0.01833	0.00633	0.00553
10	0.01669	0.01441	0.01517	0.01365	0.01745	0.01669	0.01062	0.03565	0.71021	0.02807	0.02731	0.02503	0.02048	0.00910	0.00683	0.00228	0.00531	0.00759	0.00683	0.01062
11	0.00973	0.00661	0.00785	0.00785	0.00804	0.00680	0.00473	0.01010	0.00992	0.01341	0.02065	0.04121	0.02322	0.65419	0.14255	0.00716	0.00827	0.00936	0.00399	0.00436
12	0.02611	0.01782	0.01953	0.01498	0.02032	0.01936	0.01237	0.61185	0.02992	0.13270	0.01748	0.01700	0.01210	0.00809	0.00672	0.00202	0.00716	0.00613	0.00692	0.01141
13	0.01070	0.00765	0.01066	0.01203	0.01357	0.00761	0.01043	0.01380	0.01575	0.02066	0.09334	0.07352	0.04071	0.01813	0.00915	0.00301	0.00592	0.62090	0.00628	0.00619
14	0.81159	0.01298	0.00986	0.00882	0.01298	0.01505	0.00727	0.01972	0.01142	0.03010	0.00934	0.01090	0.00727	0.00623	0.00415	0.00208	0.00519	0.00363	0.00415	0.00727
15	0.00793	0.00680	0.00680	0.00680	0.00906	0.00566	0.00510	0.00963	0.01529	0.01813	0.06797	0.06457	0.71961	0.01699	0.00793	0.00227	0.00340	0.01416	0.00623	0.00566
16	0.00930	0.00647	0.00842	0.00966	0.01038	0.00619	0.00658	0.01148	0.05095	0.03920	0.03614	0.69757	0.04224	0.01999	0.00841	0.00268	0.00402	0.01808	0.00632	0.00591
17	0.01391	0.01193	0.01391	0.00994	0.01590	0.00894	0.00795	0.01690	0.01391	0.02186	0.01193	0.01391	0.00994	0.00497	0.00497	0.00099	0.00497	0.00398	0.00398	0.80521
18	0.00912	0.00754	0.00776	0.00754	0.00989	0.00667	0.00568	0.05588	0.01622	0.01968	0.06248	0.10653	0.62823	0.01666	0.00789	0.00228	0.00370	0.01394	0.00626	0.00604
19	0.02228	0.01719	0.01832	0.01479	0.01958	0.01930	0.01197	0.45683	0.27994	0.03708	0.02021	0.01938	0.01473	0.00844	0.00675	0.00211	0.00662	0.00661	0.00675	0.01112
20	0.01062	0.00931	0.05916	0.01171	0.01384	0.00787	0.01050	0.01405	0.01636	0.02208	0.22636	0.06430	0.04352	0.01635	0.00869	0.00275	0.00558	0.44415	0.00629	0.00648
21	0.01868	0.66821	0.05667	0.01215	0.01785	0.07396	0.01197	0.02101	0.01420	0.03985	0.01006	0.01137	0.00888	0.00593	0.00458	0.00150	0.00755	0.00379	0.00309	0.00869
22	0.01251	0.00625	0.00625	0.00625	0.00782	0.00625	0.00469	0.01563	0.01407	0.02502	0.02189	0.02502	0.01720	0.00782	0.00469	0.00156	0.00313	0.00625	0.80144	0.00625
23	0.01794	0.76823	0.03516	0.01148	0.01722	0.02655	0.01148	0.02009	0.01363	0.01579	0.00933	0.01076	0.00861	0.00574	0.00431	0.00144	0.00718	0.00359	0.00287	0.00861
24	0.01391	0.01193	0.01391	0.00994	0.01590	0.00894	0.00795	0.01690	0.01391	0.02186	0.01193	0.01391	0.00994	0.00497	0.00497	0.00099	0.00497	0.00398	0.00398	0.80521
25	0.00945	0.00686	0.00890	0.00839	0.00999	0.00631	0.00629	0.01256	0.01887	0.02663	0.69789	0.05059	0.08439	0.01382	0.00791	0.00212	0.00317	0.01220	0.00735	0.00631
26	0.01669	0.01441	0.01517	0.01365	0.01745	0.01669	0.01062	0.03565	0.71021	0.02807	0.02731	0.02503	0.02048	0.00910	0.00683	0.00228	0.00531	0.00759	0.00683	0.01062
27	0.01568	0.01921	0.08583	0.02767	0.03466	0.01688	0.65284	0.02148	0.01573	0.02148	0.01347	0.01784	0.01007	0.00570	0.00782	0.00225	0.01122	0.00772	0.00336	0.00911
28	0.00817	0.00587	0.00776	0.00927	0.00971	0.00546	0.00620	0.00935	0.01292	0.01716	0.03789	0.73937	0.06423	0.02090	0.00855	0.00271	0.00388	0.01893	0.00623	0.00546
29	0.02603	0.01795	0.01962	0.01504	0.02039	0.01956	0.01242	0.62393	0.03014	0.12030	0.01729	0.01688	0.01200	0.00808	0.00672	0.00202	0.00719	0.00612	0.00689	0.01141
30	0.01563	0.01685	0.03371	0.02925	0.18113	0.01680	0.45049	0.02030	0.01498	0.02083	0.01355	0.04074	0.01120	0.00691	0.00929	0.00230	0.09594	0.00761	0.00341	0.00908
31	0.00818	0.00584	0.00779	0.00934	0.00973	0.00545	0.00623	0.00934	0.01285	0.01713	0.03698	0.75981	0.04438	0.02102	0.00856	0.00273	0.00389	0.01908	0.00623	0.00545
32	0.00976	0.00651	0.00732	0.00732	0.00732	0.00651	0.00407	0.00976	0.00976	0.01301	0.02114	0.04391	0.02439	0.76419	0.03415	0.00651	0.00651	0.00976	0.00407	0.00407
33	0.01563	0.01770	0.03833	0.07508	0.03579	0.01683	0.65379	0.02121	0.01568	0.02121	0.01347	0.01809	0.01010	0.00572	0.00784	0.00226	0.01116	0.00779	0.00337	0.00895
34	0.01584	0.01810	0.03959	0.02828	0.03507	0.01697	0.69796	0.02149	0.01584	0.02149	0.01357	0.01810	0.01018	0.00566	0.00792	0.00226	0.01131	0.00792	0.00339	0.00905
35	0.81159	0.01298	0.00986	0.00882	0.01298	0.01505	0.00727	0.01972	0.01142	0.03010	0.00934	0.01090	0.00727	0.00623	0.00415	0.00208	0.00519	0.00363	0.00415	0.00727
36	0.02616	0.01775	0.01949	0.01494	0.02029	0.01926	0.01235	0.60584	0.02981	0.13886	0.01757	0.01706	0.01214	0.00809	0.00672	0.00202	0.00715	0.00614	0.00694	0.01141
37	0.01428	0.01214	0.01411	0.01011	0.01606	0.00932	0.00810	0.03866	0.01448	0.02252	0.01206	0.01398	0.00999	0.00507	0.00502	0.00103	0.00505	0.00404	0.00406	0.77991
38	0.00818	0.00584	0.00779	0.00934	0.00973	0.00545	0.00623	0.00934	0.01285	0.01713	0.03698	0.75981	0.04438	0.02102	0.00856	0.00273	0.00389	0.01908	0.00623	0.00545
39	0.01251	0.00625	0.00625	0.00625	0.00782	0.00625	0.00469	0.01563	0.01407	0.02502	0.02189	0.02502	0.01720	0.00782	0.00469	0.00156	0.00313	0.00625	0.80144	0.00625
40	0.00815	0.00681	0.00710	0.00703	0.00920	0.00576	0.00527	0.01006	0.01582	0.01937	0.15999	0.06253	0.62682	0.01653	0.00793	0.00224	0.00337	0.01387	0.00639	0.00576
41	0.00807	0.00648	0.00721	0.00771	0.00932	0.00562	0.00552	0.00964	0.01460	0.01810	0.08044	0.29876	0.46855	0.01824	0.00814	0.00242	0.00356	0.01575	0.00627	0.00562
42	0.00976	0.00651	0.00732	0.00732	0.00732	0.00651	0.00407	0.00976	0.00976	0.01301	0.02114	0.04391	0.02439	0.76419	0.03415	0.00651	0.00651	0.00976	0.00407	0.00407
43	0.02506	0.03198	0.01901	0.01729	0.02074	0.73725	0.01296	0.02679	0.01901	0.01642	0.01037	0.01210	0.00864	0.00691	0.00605	0.00173	0.01210	0.00432	0.00346	0.00778
44	0.02781	0.01296	0.01628	0.01269	0.01770	0.01238	0.01040	0.17100	0.05884	0.52707	0.02466	0.04214	0.01651	0.00865	0.00680	0.00209	0.00599	0.00699	0.00784	0.01121
45	0.00942	0.00680	0.00890	0.00849	0.01001	0.00628	0.00633	0.01248	0.01866	0.02637	0.68126	0.08918	0.06227	0.01412	0.00795	0.00214	0.00321	0.01252	0.00732	0.00628
46	0.01586	0.01538	0.02682	0.16561	0.55574	0.01583	0.06631	0.02004	0.01499	0.02105	0.01256	0.01694	0.01030	0.00609	0.00674	0.00205	0.00837	0.00611	0.00327	0.00996
47	0.01469	0.01284	0.01430	0.01038	0.01623	0.03414	0.00828	0.04043	0.01469	0.02237	0.01202	0.01393	0.00994	0.00514	0.00507	0.00105	0.00529	0.00406	0.00405	0.75110
48	0.01568	0.01765	0.03708	0.02687	0.03276	0.01744	0.60777	0.02079	0.01510	0.02079	0.01295	0.01765	0.01000	0.00646	0.00978	0.00235	0.10907	0.00765	0.00333	0.00882
49	0.01155	0.00831	0.00933	0.00890	0.00980	0.03011	0.00609	0.04933	0.01260	0.01776	0.06717	0.03555	0.02316	0.40810	0.14107	0.00575	0.03187	0.00854	0.10956	0.00544
50	0.01709	0.01562	0.02651	0.06096	0.67097	0.01564	0.02006	0.02103	0.01540	0.05298	0.01321	0.01692	0.01084	0.00610	0.00665	0.00200	0.00790	0.00601	0.00353	0.01057
51	0.00820	0.00593	0.00776	0.00915	0.00970	0.00549	0.00616	0.00946	0.01319	0.01749	0.05984	0.69291	0.08886	0.02054	0.00850	0.00268	0.00384	0.01854	0.00626	0.00549
52	0.01570	0.01209	0.01418	0.01044	0.01615	0.00969	0.00836	0.01999	0.07334	0.08985	0.01462	0.01571	0.01147	0.00564	0.00530	0.00121	0.00507	0.00455	0.00463	0.66203
53	0.00939	0.00685	0.00883	0.00833	0.00996	0.00629	0.00625	0.01246	0.01875	0.02633	0.67597	0.05107	0.10649	0.01393	0.00791	0.00212	0.00318	0.01227	0.00731	0.00629
54	0.00923	0.00685	0.00859	0.00816	0.00986	0.00622	0.00612	0.01214	0.01835	0.02539	0.60609	0.05262	0.17696	0.01428	0.00792	0.00214	0.00321	0.01249	0.00719	0.00622
55	0.02616	0.01775	0.01949	0.01494	0.02029	0.01926	0.01235	0.60584	0.02981	0.13886	0.01757	0.01706	0.01214	0.00809	0.00672	0.00202	0.00715	0.00614	0.00694	0.01141
56	0.02551	0.01879	0.02014	0.01544	0.02081	0.02081	0.01275	0.69996	0.03155	0.04229	0.01611	0.01611	0.01141	0.00805	0.00671	0.00201	0.00738	0.00604	0.00671	0.01141
57	0.01794	0.76823	0.03516	0.01148	0.01722	0.02655	0.01148	0.02009	0.01363	0.01579	0.00933	0.01076	0.00861	0.00574	0.00431	0.00144	0.00718	0.00359	0.00287	0.00861
58	0.01794	0.76823	0.03516	0.01148	0.01722	0.02655	0.01148	0.02009	0.01363	0.01579	0.00933	0.01076	0.00861	0.00574	0.00431	0.00144	0.00718	0.00359	0.00287	0.00861
59	0.00946	0.00746	0.01039	0.01073	0.01208	0.00715	0.04835	0.01238	0.06047	0.01881	0.05989	0.50678	0.11399	0.01841	0.00838	0.00263	0.00456	0.07582	0.00613	0.00613
60	0.01661	0.01594	0.02724	0.04119	0.72233	0.01594	0.02059	0.02059	0.01528	0.02192	0.01262	0.01661	0.01063	0.00598	0.00664	0.00199	0.00797	0.00598	0.00332	0.01063
61	0.00825	0.00681	0.00724	0.00714	0.00926	0.00580	0.00535	0.01025	0.01606	0.01994	0.20209	0.06160	0.58437	0.01632	0.00793	0.00223	0.00335	0.01374	0.00647	0.00580
62	0.01251	0.00625	0.00625	0.00625	0.00782	0.00625	0.00469	0.01563	0.01407	0.02502	0.02189	0.02502	0.01720	0.00782	0.00469	0.00156	0.00313	0.00625	0.80144	0.00625
63	0.01661	0.01594	0.02724	0.04119	0.72233	0.01594	0.02059	0.02059	0.01528	0.02192	0.01262	0.01661	0.01063	0.00598	0.00664	0.00199	0.00797	0.00598	0.00332	0.01063
64	0.01661	0.01594	0.02724	0.04119	0.72233	0.01594	0.02059	0.02059	0.01528	0.02192	0.01262	0.01661	0.01063	0.00598	0.00664	0.00199	0.00797	0.00598	0.00332	0.01063
65	0.02551	0.01879	0.02014	0.01544	0.02081	0.02081	0.01275	0.69996	0.03155	0.04229	0.01611	0.01611	0.01141	0.00805	0.00671	0.00201	0.00738	0.00604	0.00671	0.01141
66	0.00793	0.00680	0.00680	0.00680	0.00906	0.00566	0.00510	0.00963	0.01529	0.01813	0.06797	0.06457	0.71961	0.01699	0.00793	0.00227	0.00340	0.01416	0.00623	0.00566
67	0.00960	0.00715	0.01058	0.01058	0.01171	0.00828	0.00814	0.01185	0.01072	0.01543	0.01816	0.02737	0.01721	0.09154	0.69698	0.01054	0.01731	0.00734	0.00362	0.00588
68	0.01794	0.76823	0.03516	0.01148	0.01722	0.02655	0.01148	0.02009	0.01363	0.01579	0.00933	0.01076	0.00861	0.00574	0.00431	0.00144	0.00718	0.00359	0.00287	0.00861
69	0.00976	0.00651	0.00732	0.00732	0.00732	0.00651	0.00407	0.00976	0.00976	0.01301	0.02114	0.04391	0.02439	0.76419	0.03415	0.00651	0.00651	0.00976	0.00407	0.00407
70	0.00793	0.00680	0.00680	0.00680	0.00906	0.00566	0.00510	0.00963	0.01529	0.01813	0.06797	0.06457	0.71961	0.01699	0.00793	0.00227	0.00340	0.01416	0.00623	0.00566
71	0.00852	0.00609	0.00819	0.00974	0.01028	0.00575	0.00683	0.00994	0.01319	0.01752	0.03679	0.66950	0.04362	0.02069	0.00866	0.00277	0.00419	0.10595	0.00622	0.00555
72	0.63559	0.01311	0.01144	0.00975	0.01415	0.01460	0.00804	0.06603	0.01397	0.14226	0.01252	0.01315	0.00903	0.00668	0.00473	0.00207	0.00542	0.00429	0.00498	0.00820
73	0.01137	0.00620	0.00676	0.00707	0.00838	0.00608	0.00513	0.01408	0.01413	0.02343	0.07047	0.18582	0.02608	0.01106	0.00574	0.00185	0.00330	0.00941	0.57755	0.00608
74	0.01661	0.01594	0.02724	0.04119	0.72233	0.01594	0.02059	0.02059	0.01528	0.02192	0.01262	0.01661	0.01063	0.00598	0.00664	0.00199	0.00797	0.00598	0.00332	0.01063
75	0.01525	0.01631	0.05292	0.05437	0.33948	0.03603	0.23709	0.01949	0.01515	0.02081	0.01604	0.11502	0.01475	0.00793	0.00728	0.00218	0.00873	0.00825	0.00370	0.00922
76	0.01391	0.01360	0.01964	0.01689	0.01731	0.01849	0.03688	0.01566	0.01055	0.01624	0.01043	0.01666	0.01013	0.01770	0.13590	0.00417	0.60946	0.00615	0.00306	0.00718
77	0.00954	0.00645	0.00753	0.00774	0.00785	0.00645	0.00454	0.00980	0.01021	0.01367	0.02311	0.13837	0.02672	0.63374	0.06188	0.00619	0.00667	0.01088	0.00433	0.00434
78	0.02796	0.01197	0.01604	0.01343	0.04837	0.01092	0.01042	0.03251	0.09888	0.61502	0.02596	0.02282	0.01679	0.00829	0.00675	0.00210	0.00576	0.00681	0.00791	0.01129
79	0.00965	0.00646	0.00735	0.00745	0.00748	0.00644	0.00421	0.00973	0.00996	0.01328	0.02217	0.09046	0.02569	0.71587	0.03249	0.00626	0.00634	0.01036	0.00421	0.00416
80	0.02320	0.02674	0.01859	0.06394	0.02180	0.51305	0.01288	0.12553	0.06504	0.02110	0.01438	0.01569	0.03404	0.00755	0.00630	0.00186	0.01046	0.00523	0.00422	0.00841
81	0.01794	0.76823	0.03516	0.01148	0.01722	0.02655	0.01148	0.02009	0.01363	0.01579	0.00933	0.01076	0.00861	0.00574	0.00431	0.00144	0.00718	0.00359	0.00287	0.00861
82	0.01346	0.03471	0.72942	0.01912	0.02904	0.01558	0.02479	0.02125	0.01417	0.02125	0.01204	0.01417	0.00850	0.00637	0.00637	0.00212	0.00992	0.00496	0.00283	0.00992
83	0.01375	0.08240	0.68428	0.01863	0.02827	0.01630	0.02393	0.02117	0.01413	0.02089	0.01186	0.01395	0.00851	0.00633	0.00624	0.00208	0.00974	0.00487	0.00284	0.00983
84	0.00818	0.00584	0.00779	0.00934	0.00973	0.00545	0.00623	0.00934	0.01285	0.01713	0.03698	0.75981	0.04438	0.02102	0.00856	0.00273	0.00389	0.01908	0.00623	0.00545
85	0.00976	0.00651	0.00732	0.00732	0.00732	0.00651	0.00407	0.00976	0.00976	0.01301	0.02114	0.04391	0.02439	0.76419	0.03415	0.00651	0.00651	0.00976	0.00407	0.00407
86	0.01668	0.01458	0.01648	0.01664	0.09392	0.01661	0.01170	0.03402	0.63482	0.02740	0.02572	0.02412	0.01941	0.00876	0.00681	0.00225	0.00560	0.00741	0.00645	0.01062
87	0.00793	0.00680	0.00680	0.00680	0.00906	0.00566	0.00510	0.00963	0.01529	0.01813	0.06797	0.06457	0.71961	0.01699	0.00793	0.00227	0.00340	0.01416	0.00623	0.00566
88	0.02522	0.01865	0.01997	0.01538	0.02070	0.02067	0.01268	0.67810	0.05388	0.04182	0.01648	0.01640	0.01171	0.00809	0.00672	0.00202	0.00732	0.00609	0.00672	0.01138
89	0.01794	0.76823	0.03516	0.01148	0.01722	0.02655	0.01148	0.02009	0.01363	0.01579	0.00933	0.01076	0.00861	0.00574	0.00431	0.00144	0.00718	0.00359	0.00287	0.00861
90	0.00950	0.00686	0.00897	0.00844	0.01002	0.00633	0.00633	0.01266	0.01899	0.02691	0.71879	0.05012	0.06331	0.01372	0.00791	0.00211	0.00317	0.01213	0.00739	0.00633
91	0.00975	0.00653	0.00743	0.00743	0.00747	0.00657	0.00421	0.00983	0.00979	0.01309	0.02104	0.04334	0.02415	0.74093	0.05707	0.00664	0.00688	0.00967	0.00405	0.00413
92	0.05303	0.01597	0.01836	0.01424	0.01916	0.01710	0.01177	0.41930	0.02554	0.25878	0.01871	0.01799	0.01276	0.00831	0.00763	0.00210	0.05518	0.00617	0.00689	0.01101
93	0.02471	0.03079	0.01888	0.01707	0.02060	0.68280	0.01285	0.04838	0.05000	0.01775	0.01130	0.01280	0.00925	0.00705	0.00611	0.00176	0.01165	0.00452	0.00371	0.00802
94	0.02462	0.01782	0.01924	0.01501	0.02017	0.01967	0.01232	0.57706	0.11857	0.07846	0.01813	0.01764	0.01287	0.00820	0.00673	0.00205	0.00702	0.00628	0.00682	0.01131
95	0.01669	0.01441	0.01517	0.01365	0.01745	0.01669	0.01062	0.03565	0.71021	0.02807	0.02731	0.02503	0.02048	0.00910	0.00683	0.00228	0.00531	0.00759	0.00683	0.01062
96	0.07587	0.24651	0.07744	0.01425	0.01952	0.14960	0.01277	0.21971	0.07931	0.02604	0.01323	0.01404	0.01034	0.00699	0.00568	0.00182	0.00803	0.00488	0.00451	0.00945
97	0.01662	0.12166	0.03033	0.02117	0.02512	0.08951	0.29820	0.01995	0.01390	0.01835	0.01101	0.01531	0.00934	0.00792	0.01216	0.00233	0.26942	0.00626	0.00317	0.00827
98	0.00877	0.00609	0.00761	0.00858	0.00882	0.00585	0.00541	0.00950	0.01168	0.01558	0.03102	0.49032	0.03686	0.30077	0.01820	0.00415	0.00488	0.01557	0.00541	0.00493
99	0.00955	0.00735	0.00892	0.00944	0.01113	0.00698	0.00733	0.01288	0.06202	0.02051	0.15715	0.20480	0.25652	0.01714	0.00832	0.00254	0.00429	0.18049	0.00645	0.00619
100	0.01659	0.01576	0.02658	0.08645	0.65923	0.01601	0.02025	0.03890	0.01560	0.02217	0.01267	0.01668	0.01054	0.00608	0.00665	0.00201	0.00802	0.00598	0.00339	0.01044
101	0.00950	0.00686	0.00897	0.00844	0.01002	0.00633	0.00633	0.01266	0.01899	0.02691	0.71879	0.05012	0.06331	0.01372	0.00791	0.00211	0.00317	0.01213	0.00739	0.00633
102	0.00828	0.00602	0.00781	0.00904	0.00970	0.00555	0.00614	0.00968	0.01364	0.01814	0.10430	0.63274	0.10422	0.01998	0.00845	0.00263	0.00378	0.01799	0.00634	0.00555
103	0.01730	0.60263	0.16975	0.01309	0.01963	0.02424	0.01411	0.04110	0.01428	0.01766	0.01006	0.01159	0.00867	0.00593	0.00478	0.00159	0.00772	0.00393	0.00298	0.00895
104	0.00950	0.00686	0.00897	0.00844	0.01002	0.00633	0.00633	0.01266	0.01899	0.02691	0.71879	0.05012	0.06331	0.01372	0.00791	0.00211	0.00317	0.01213	0.00739	0.00633
105	0.00941	0.00686	0.00885	0.00835	0.00997	0.00629	0.00626	0.01250	0.01879	0.02642	0.68297	0.05092	0.09943	0.01390	0.00791	0.00212	0.00318	0.01225	0.00732	0.00629
106	0.01474	0.06193	0.20680	0.03423	0.04493	0.05566	0.03597	0.08372	0.12665	0.02325	0.06583	0.02911	0.16990	0.00966	0.00684	0.00211	0.00707	0.00793	0.00490	0.00877
107	0.01807	0.01368	0.01485	0.01312	0.01703	0.01530	0.01028	0.03411	0.58824	0.11989	0.02900	0.02649	0.05091	0.00935	0.00687	0.00225	0.00528	0.00777	0.00700	0.01051
108	0.00815	0.00593	0.00769	0.00911	0.00967	0.00547	0.00612	0.00937	0.01307	0.01722	0.03986	0.69518	0.10714	0.02065	0.00851	0.00268	0.00385	0.01862	0.00623	0.00547
109	0.00942	0.00690	0.00902	0.01026	0.01150	0.00658	0.00812	0.01154	0.01438	0.01855	0.04099	0.29986	0.15425	0.04301	0.00961	0.00294	0.00496	0.32619	0.00614	0.00578
110	0.02239	0.30864	0.02508	0.01510	0.01942	0.47019	0.01241	0.02428	0.01699	0.01618	0.00998	0.01160	0.00863	0.00647	0.00539	0.00162	0.01025	0.00405	0.00324	0.00809
111	0.02487	0.01657	0.01841	0.01440	0.01936	0.01784	0.01178	0.52186	0.04989	0.15514	0.01956	0.06588	0.01472	0.00897	0.00684	0.00208	0.00681	0.00706	0.00695	0.01100
112	0.02711	0.01241	0.01629	0.01258	0.01751	0.01158	0.02799	0.14411	0.02107	0.52688	0.07066	0.02346	0.01870	0.00854	0.00680	0.00206	0.00590	0.00701	0.02847	0.01088
113	0.01375	0.01175	0.01373	0.00992	0.01572	0.00884	0.00790	0.01667	0.01388	0.02173	0.01266	0.03579	0.01095	0.00544	0.00507	0.00104	0.00494	0.00442	0.00404	0.78176
114	0.01593	0.13667	0.30000	0.01994	0.02723	0.06498	0.21692	0.02309	0.09115	0.02094	0.01365	0.01586	0.01033	0.00640	0.00655	0.00205	0.00955	0.00586	0.00348	0.00941
115	0.00867	0.00690	0.00783	0.00782	0.00982	0.00606	0.00602	0.01094	0.01641	0.02093	0.25841	0.06135	0.45869	0.01617	0.00805	0.00230	0.00360	0.07755	0.00657	0.00591
116	0.00976	0.00651	0.00732	0.00732	0.00732	0.00651	0.00407	0.00976	0.00976	0.01301	0.02114	0.04391	0.02439	0.76419	0.03415	0.00651	0.00651	0.00976	0.00407	0.00407
117	0.03578	0.01148	0.01312	0.00995	0.01474	0.00958	0.00771	0.07117	0.01485	0.02260	0.03483	0.03964	0.01441	0.10617	0.00913	0.00191	0.00529	0.00555	0.00438	0.56770
118	0.02037	0.01634	0.02090	0.04221	0.09097	0.01740	0.06802	0.32867	0.09763	0.05257	0.01594	0.01716	0.01194	0.00753	0.00750	0.00198	0.05191	0.00608	0.00545	0.11942
119	0.01527	0.01154	0.01649	0.12518	0.07948	0.01191	0.06434	0.06323	0.11490	0.10811	0.10802	0.08173	0.12698	0.03278	0.00807	0.00234	0.00613	0.00939	0.00571	0.00839
120	0.04163	0.14807	0.19446	0.01695	0.09016	0.01663	0.03491	0.09392	0.05710	0.02324	0.01473	0.01637	0.03426	0.00677	0.00627	0.00180	0.02681	0.00529	0.00395	0.16669
121	0.01604	0.03595	0.10342	0.04340	0.17901	0.01470	0.07768	0.11231	0.06041	0.04466	0.05759	0.02567	0.04769	0.05385	0.00908	0.00240	0.03272	0.04345	0.00464	0.03532
122	0.01273	0.03688	0.12746	0.01212	0.01626	0.01121	0.03335	0.07595	0.09151	0.02375	0.15811	0.08073	0.17290	0.01190	0.00727	0.00216	0.00564	0.05310	0.00566	0.06131
123	0.01589	0.07510	0.17448	0.01950	0.02541	0.01686	0.24590	0.10417	0.08210	0.02345	0.01777	0.06902	0.03807	0.00824	0.00796	0.00222	0.05287	0.00758	0.00423	0.00917

[dist]
# distance from previous block
# <min> <max>
0	39

[block]
# block no. 3 follows, 32 sequences, length 118
# corresponding to MSA columns:
# 436-553
name=unknown_D
#
# <colnr> <probs for GDERKNQSTAVLIFYWHMCP>
#	G	D	E	R	K	N	Q	S	T	A	V	L	I	F	Y	W	H	M	C	P
0	0.03827	0.01293	0.01724	0.01540	0.05985	0.03929	0.09106	0.12805	0.03793	0.04913	0.10716	0.15160	0.05477	0.01251	0.03626	0.00249	0.05287	0.00941	0.00536	0.07840
1	0.01954	0.01641	0.01839	0.09774	0.06752	0.09950	0.03521	0.23966	0.08084	0.06794	0.07834	0.02310	0.03922	0.00853	0.00679	0.00202	0.00733	0.02600	0.00554	0.06040
2	0.06197	0.01349	0.02050	0.04985	0.34287	0.01360	0.03820	0.05741	0.05467	0.04802	0.01376	0.01750	0.01132	0.00936	0.00988	0.14373	0.00705	0.00584	0.00392	0.07706
3	0.01807	0.01467	0.01790	0.04187	0.17497	0.06316	0.01265	0.17729	0.04447	0.06622	0.01820	0.02172	0.03603	0.01288	0.09436	0.00297	0.00832	0.02843	0.04757	0.09824
4	0.01716	0.03983	0.01890	0.04287	0.01941	0.19116	0.06869	0.09659	0.03921	0.02011	0.01602	0.08303	0.01512	0.03866	0.10067	0.00346	0.14681	0.03042	0.00417	0.00773
5	0.02003	0.09925	0.10976	0.01478	0.01999	0.09148	0.01321	0.22445	0.24079	0.05044	0.01948	0.01916	0.03141	0.00805	0.00642	0.00203	0.00735	0.00619	0.00556	0.01016
6	0.01624	0.35849	0.37477	0.01549	0.02326	0.02079	0.01810	0.06590	0.01509	0.02023	0.01111	0.01279	0.00874	0.00621	0.00548	0.00181	0.00853	0.00442	0.00311	0.00944
7	0.01189	0.01080	0.01741	0.01507	0.01665	0.01305	0.10072	0.01444	0.01130	0.01652	0.01473	0.02188	0.01359	0.03324	0.43367	0.00738	0.23061	0.00690	0.00338	0.00678
8	0.15179	0.16998	0.01772	0.01147	0.01526	0.08282	0.00949	0.14790	0.04439	0.02513	0.10365	0.02338	0.05955	0.05350	0.05458	0.00273	0.00720	0.00654	0.00489	0.00804
9	0.01661	0.01594	0.02724	0.04119	0.72233	0.01594	0.02059	0.02059	0.01528	0.02192	0.01262	0.01661	0.01063	0.00598	0.00664	0.00199	0.00797	0.00598	0.00332	0.01063
10	0.00808	0.00680	0.00701	0.00696	0.00916	0.00573	0.00522	0.00993	0.01566	0.01898	0.13156	0.06316	0.65549	0.01667	0.00793	0.00225	0.00338	0.01396	0.00634	0.00573
11	0.00918	0.00705	0.00854	0.00875	0.01061	0.00641	0.00695	0.01173	0.01657	0.02157	0.27817	0.06253	0.32744	0.01628	0.00826	0.00242	0.00402	0.18088	0.00661	0.00602
12	0.01569	0.01501	0.02558	0.20561	0.56506	0.01570	0.02014	0.01979	0.01485	0.02081	0.01246	0.01691	0.01024	0.00615	0.00666	0.00205	0.00820	0.00597	0.00324	0.00989
13	0.01346	0.03471	0.72942	0.01912	0.02904	0.01558	0.02479	0.02125	0.01417	0.02125	0.01204	0.01417	0.00850	0.00637	0.00637	0.00212	0.00992	0.00496	0.00283	0.00992
14	0.00962	0.00645	0.00736	0.00749	0.00752	0.00642	0.00425	0.00972	0.01002	0.01336	0.02248	0.10452	0.02609	0.70127	0.03199	0.00619	0.00628	0.01055	0.00425	0.00418
15	0.00916	0.00685	0.00850	0.00809	0.00982	0.00619	0.00606	0.01201	0.01819	0.02501	0.57822	0.05324	0.20507	0.01443	0.00792	0.00214	0.00322	0.01257	0.00714	0.00619
16	0.04159	0.02151	0.28785	0.01562	0.02250	0.04078	0.05403	0.04550	0.01711	0.32844	0.02045	0.01992	0.03852	0.00763	0.00662	0.00210	0.00782	0.00622	0.00554	0.01026
17	0.01669	0.01441	0.01517	0.01365	0.01745	0.01669	0.01062	0.03565	0.71021	0.02807	0.02731	0.02503	0.02048	0.00910	0.00683	0.00228	0.00531	0.00759	0.00683	0.01062
18	0.01346	0.03471	0.72942	0.01912	0.02904	0.01558	0.02479	0.02125	0.01417	0.02125	0.01204	0.01417	0.00850	0.00637	0.00637	0.00212	0.00992	0.00496	0.00283	0.00992
19	0.01267	0.01193	0.02013	0.74806	0.04621	0.01491	0.01863	0.01714	0.01342	0.01714	0.01193	0.01789	0.00894	0.00671	0.00671	0.00224	0.00894	0.00596	0.00298	0.00745
20	0.01661	0.01594	0.02724	0.04119	0.72233	0.01594	0.02059	0.02059	0.01528	0.02192	0.01262	0.01661	0.01063	0.00598	0.00664	0.00199	0.00797	0.00598	0.00332	0.01063
21	0.00959	0.00719	0.01078	0.01078	0.01198	0.00839	0.00839	0.01198	0.01078	0.01558	0.01797	0.02636	0.01677	0.05032	0.73760	0.01078	0.01797	0.00719	0.00359	0.00599
22	0.00950	0.00686	0.00897	0.00844	0.01002	0.00633	0.00633	0.01266	0.01899	0.02691	0.71879	0.05012	0.06331	0.01372	0.00791	0.00211	0.00317	0.01213	0.00739	0.00633
23	0.01432	0.01398	0.01852	0.01611	0.01636	0.04350	0.01318	0.01581	0.01071	0.01621	0.01070	0.01761	0.01062	0.06324	0.06827	0.00359	0.60450	0.00617	0.02958	0.00702
24	0.01794	0.76823	0.03516	0.01148	0.01722	0.02655	0.01148	0.02009	0.01363	0.01579	0.00933	0.01076	0.00861	0.00574	0.00431	0.00144	0.00718	0.00359	0.00287	0.00861
25	0.00835	0.00597	0.00799	0.00955	0.01001	0.00560	0.00654	0.00965	0.01302	0.01733	0.03688	0.71386	0.04399	0.02085	0.00861	0.00275	0.00405	0.06328	0.00623	0.00550
26	0.01346	0.03471	0.72942	0.01912	0.02904	0.01558	0.02479	0.02125	0.01417	0.02125	0.01204	0.01417	0.00850	0.00637	0.00637	0.00212	0.00992	0.00496	0.00283	0.00992
27	0.00908	0.00753	0.00804	0.00784	0.01008	0.00686	0.00590	0.01272	0.08380	0.02069	0.18301	0.07759	0.51144	0.01573	0.00784	0.00225	0.00356	0.01328	0.00650	0.00627
28	0.00818	0.00584	0.00779	0.00934	0.00973	0.00545	0.00623	0.00934	0.01285	0.01713	0.03698	0.75981	0.04438	0.02102	0.00856	0.00273	0.00389	0.01908	0.00623	0.00545
29	0.02004	0.30832	0.17186	0.01526	0.02114	0.23442	0.01482	0.10406	0.01749	0.02029	0.01101	0.01251	0.00893	0.00650	0.00554	0.00173	0.00923	0.00438	0.00350	0.00897
30	0.01545	0.01679	0.08741	0.07618	0.37442	0.01541	0.11648	0.02196	0.10989	0.02235	0.04024	0.04371	0.01458	0.00721	0.00694	0.00213	0.00802	0.00704	0.00398	0.00981
