[name]
unknown

[dist]
# distance from previous block
# <min> <max>
0	52

[block]
# block no. 0 follows, 33 sequences, length 26
# corresponding to MSA columns:
# 52-77
name=unknown_A
#
# <colnr> <probs for GDERKNQSTAVLIFYWHMCP>
#	G	D	E	R	K	N	Q	S	T	A	V	L	I	F	Y	W	H	M	C	P
0	0.08340	0.07420	0.13402	0.01446	0.04378	0.05078	0.03347	0.12452	0.03334	0.07030	0.06597	0.02541	0.01771	0.03041	0.06139	0.00279	0.00790	0.08212	0.00479	0.03922
1	0.04151	0.01709	0.10237	0.10778	0.41225	0.01535	0.10788	0.04426	0.01511	0.02168	0.01338	0.04703	0.01126	0.00663	0.00666	0.00206	0.00828	0.00646	0.00345	0.00954
2	0.01601	0.06321	0.04107	0.06033	0.01746	0.13397	0.01047	0.12574	0.07505	0.04456	0.05071	0.14984	0.10760	0.01384	0.05794	0.00268	0.00748	0.00904	0.00517	0.00782
3	0.43459	0.01291	0.01271	0.01079	0.01460	0.01459	0.00884	0.12620	0.03117	0.12022	0.01377	0.01515	0.01036	0.01041	0.06231	0.00272	0.05516	0.00490	0.03036	0.00824
4	0.00802	0.00573	0.00764	0.00917	0.00955	0.00535	0.00611	0.00917	0.01260	0.01681	0.03628	0.76434	0.04354	0.02062	0.00840	0.00267	0.00382	0.01872	0.00611	0.00535
5	0.00832	0.00607	0.00783	0.00870	0.00956	0.00558	0.00603	0.01000	0.01434	0.01929	0.21017	0.51825	0.11462	0.01846	0.00818	0.00248	0.00359	0.01655	0.00639	0.00558
6	0.00806	0.00580	0.00765	0.00904	0.00953	0.00539	0.00607	0.00930	0.01293	0.01721	0.06383	0.71026	0.07015	0.02020	0.00835	0.00263	0.00377	0.01827	0.00615	0.00539
7	0.00782	0.00651	0.00683	0.00709	0.00900	0.00552	0.00519	0.00940	0.01460	0.01762	0.06158	0.18113	0.61043	0.01734	0.00789	0.00230	0.00342	0.01470	0.00611	0.00552
8	0.01440	0.01440	0.02016	0.01728	0.01728	0.02016	0.01440	0.01584	0.01008	0.01584	0.00864	0.01440	0.00864	0.01152	0.02160	0.00288	0.75659	0.00576	0.00288	0.00720
9	0.01365	0.01170	0.01365	0.00975	0.01560	0.00878	0.00780	0.01658	0.01365	0.02145	0.01170	0.01365	0.00975	0.00488	0.00488	0.00098	0.00488	0.00390	0.00390	0.80888
10	0.08398	0.01151	0.01501	0.01160	0.01662	0.01033	0.00958	0.05015	0.01865	0.66390	0.02452	0.02141	0.01552	0.00800	0.00644	0.00204	0.00561	0.00639	0.00782	0.01092
11	0.01085	0.00748	0.00924	0.00876	0.01082	0.00695	0.00678	0.01438	0.05345	0.07292	0.42889	0.05150	0.20535	0.01401	0.00775	0.00220	0.00370	0.07142	0.00692	0.00661
12	0.01703	0.01447	0.01526	0.01353	0.01737	0.01668	0.01058	0.08611	0.66347	0.02860	0.02596	0.02389	0.01942	0.00885	0.00669	0.00221	0.00537	0.00733	0.00669	0.01048
13	0.01531	0.01561	0.06688	0.07101	0.02091	0.05157	0.07554	0.02807	0.42623	0.02494	0.10990	0.02510	0.02216	0.00871	0.00685	0.00217	0.00641	0.00757	0.00573	0.00932
14	0.01643	0.07427	0.07354	0.05400	0.05614	0.06638	0.05649	0.09124	0.28208	0.02453	0.05331	0.05029	0.01871	0.00887	0.00671	0.00213	0.00694	0.04347	0.00525	0.00922
15	0.01365	0.01170	0.01365	0.00975	0.01560	0.00878	0.00780	0.01658	0.01365	0.02145	0.01170	0.01365	0.00975	0.00488	0.00488	0.00098	0.00488	0.00390	0.00390	0.80888
16	0.05258	0.08758	0.57568	0.01725	0.02595	0.01627	0.02126	0.06860	0.01507	0.04377	0.01219	0.01388	0.00873	0.00637	0.00603	0.00202	0.00901	0.00483	0.00327	0.00966
17	0.01154	0.04798	0.02974	0.01589	0.14875	0.00975	0.01003	0.06079	0.01490	0.02020	0.07797	0.44644	0.03361	0.01526	0.00763	0.00238	0.00512	0.02952	0.00544	0.00706
18	0.00875	0.00629	0.00829	0.00867	0.00971	0.00583	0.00617	0.01100	0.01600	0.02221	0.42404	0.36117	0.05401	0.01658	0.00804	0.00233	0.00342	0.01488	0.00675	0.00583
19	0.01436	0.02387	0.41629	0.07237	0.02515	0.01361	0.04318	0.02167	0.08652	0.08282	0.09744	0.02156	0.03669	0.00781	0.00663	0.00211	0.00795	0.00652	0.00428	0.00919
20	0.01961	0.11038	0.05216	0.07761	0.20578	0.14231	0.03958	0.09088	0.03896	0.10836	0.01608	0.01762	0.03787	0.00704	0.00625	0.00191	0.00812	0.00578	0.00433	0.00937
21	0.01801	0.01124	0.01415	0.01278	0.04838	0.02858	0.03534	0.02430	0.17805	0.24231	0.17219	0.03244	0.08716	0.05462	0.00858	0.00236	0.00532	0.00865	0.00668	0.00887
22	0.01555	0.01586	0.07261	0.05983	0.51763	0.01454	0.06621	0.01968	0.01521	0.04158	0.06585	0.03697	0.01498	0.00688	0.00673	0.00202	0.00770	0.00671	0.00372	0.00975
23	0.01665	0.02231	0.23897	0.06577	0.12644	0.11639	0.12430	0.02170	0.03267	0.08307	0.01665	0.05288	0.03747	0.00747	0.00670	0.00207	0.00893	0.00663	0.00388	0.00905
24	0.11913	0.06427	0.14438	0.01638	0.02111	0.13879	0.12602	0.06796	0.03090	0.02174	0.02940	0.10047	0.01412	0.00856	0.00758	0.00212	0.06799	0.00692	0.00398	0.00817
25	0.05727	0.07073	0.01710	0.01223	0.01698	0.01356	0.01015	0.16309	0.03968	0.38879	0.02102	0.05386	0.01503	0.00834	0.00679	0.00197	0.03039	0.00651	0.00669	0.05982

[dist]
# distance from previous block
# <min> <max>
6	8

[block]
# block no. 1 follows, 33 sequences, length 75
# corresponding to MSA columns:
# 86-160
name=unknown_B
#
# <colnr> <probs for GDERKNQSTAVLIFYWHMCP>
#	G	D	E	R	K	N	Q	S	T	A	V	L	I	F	Y	W	H	M	C	P
0	0.04221	0.40930	0.09975	0.01371	0.01865	0.15915	0.01300	0.02136	0.01433	0.05744	0.01052	0.01224	0.00887	0.00670	0.00675	0.00174	0.08837	0.00421	0.00327	0.00841
1	0.01528	0.01726	0.03728	0.08708	0.03530	0.01648	0.64758	0.02074	0.01534	0.02074	0.01319	0.01774	0.00989	0.00563	0.00767	0.00222	0.01091	0.00761	0.00330	0.00875
2	0.00989	0.00736	0.00961	0.00944	0.00983	0.00828	0.00655	0.01086	0.01019	0.01420	0.01981	0.09380	0.02164	0.40565	0.25135	0.00703	0.08644	0.00915	0.00391	0.00502
3	0.00802	0.00573	0.00764	0.00917	0.00955	0.00535	0.00611	0.00917	0.01260	0.01681	0.03628	0.76434	0.04354	0.02062	0.00840	0.00267	0.00382	0.01872	0.00611	0.00535
4	0.00818	0.00668	0.00723	0.00709	0.00914	0.00573	0.00532	0.01023	0.01595	0.02004	0.23860	0.05965	0.55158	0.01583	0.00778	0.00218	0.00327	0.01337	0.00641	0.00573
5	0.02305	0.09000	0.01951	0.01607	0.01969	0.59797	0.01233	0.02678	0.10046	0.01741	0.01205	0.01326	0.00985	0.00694	0.00589	0.00174	0.01069	0.00456	0.00373	0.00803
6	0.01613	0.01548	0.02643	0.06986	0.69937	0.01560	0.02012	0.02006	0.01491	0.02131	0.01235	0.01635	0.01036	0.00590	0.00652	0.00197	0.00786	0.00587	0.00324	0.01030
7	0.00837	0.00619	0.00782	0.00847	0.00952	0.00564	0.00595	0.01018	0.01481	0.01983	0.24627	0.43093	0.16621	0.01781	0.00811	0.00242	0.00352	0.01586	0.00645	0.00564
8	0.02405	0.02826	0.01920	0.01687	0.02053	0.62096	0.05022	0.02607	0.01850	0.07528	0.03247	0.01415	0.01077	0.00702	0.00615	0.00176	0.01106	0.00485	0.00389	0.00795
9	0.01790	0.66542	0.07730	0.01220	0.01791	0.08398	0.01221	0.02032	0.01384	0.01588	0.00940	0.01088	0.00844	0.00577	0.00449	0.00147	0.00761	0.00366	0.00286	0.00846
10	0.48784	0.07834	0.07672	0.01297	0.06090	0.03815	0.01075	0.12359	0.01506	0.02855	0.01063	0.01212	0.00820	0.00636	0.00486	0.00197	0.00635	0.00420	0.00417	0.00830
11	0.02459	0.01805	0.01934	0.01577	0.04589	0.04899	0.01246	0.56140	0.06549	0.09548	0.01687	0.01667	0.01195	0.00786	0.00657	0.00198	0.00721	0.00599	0.00647	0.01098
12	0.01053	0.00769	0.00901	0.00847	0.01055	0.00715	0.00639	0.06833	0.01769	0.04525	0.33379	0.12916	0.29179	0.01478	0.00771	0.00218	0.00368	0.01271	0.00669	0.00644
13	0.08368	0.01677	0.02198	0.02423	0.26361	0.08239	0.08991	0.11572	0.14238	0.04560	0.03815	0.01822	0.01357	0.00706	0.00649	0.00203	0.00757	0.00624	0.00467	0.00972
14	0.00824	0.00604	0.00780	0.00892	0.00968	0.00552	0.00607	0.00960	0.01321	0.01762	0.08146	0.64069	0.09952	0.01941	0.00821	0.00255	0.00376	0.01747	0.00612	0.02809
15	0.03195	0.10062	0.26637	0.05597	0.13633	0.01607	0.10086	0.07666	0.01594	0.07325	0.01611	0.01799	0.04903	0.00690	0.00638	0.00201	0.00832	0.00596	0.00384	0.00943
16	0.01960	0.35618	0.02694	0.01750	0.12864	0.16910	0.02919	0.06227	0.01627	0.06049	0.03074	0.01402	0.01090	0.00638	0.00541	0.00165	0.00802	0.00469	0.00370	0.02829
17	0.14791	0.16436	0.14820	0.01393	0.01940	0.17841	0.01315	0.08673	0.03286	0.11816	0.01315	0.01388	0.00981	0.00670	0.00554	0.00185	0.00807	0.00466	0.00430	0.00896
18	0.01701	0.01773	0.05952	0.04576	0.41346	0.09434	0.04555	0.08011	0.03375	0.02261	0.04916	0.01904	0.03645	0.00713	0.00704	0.00200	0.02956	0.00632	0.00390	0.00956
19	0.00940	0.00705	0.01058	0.01058	0.01176	0.00823	0.00823	0.01176	0.01058	0.01528	0.01763	0.02586	0.01646	0.04937	0.74255	0.01058	0.01763	0.00705	0.00353	0.00588
20	0.01694	0.59477	0.16400	0.01360	0.03837	0.04314	0.01397	0.02012	0.01366	0.01666	0.00976	0.01137	0.00848	0.00579	0.00471	0.00156	0.00769	0.00385	0.00284	0.00872
21	0.01021	0.00800	0.02980	0.00887	0.01084	0.00704	0.00688	0.01387	0.06080	0.04816	0.43953	0.13500	0.14793	0.03320	0.00835	0.00228	0.00372	0.01230	0.00673	0.00650
22	0.00810	0.00668	0.00712	0.00701	0.00909	0.00570	0.00526	0.01007	0.01577	0.01960	0.20520	0.06037	0.58526	0.01600	0.00778	0.00219	0.00329	0.01347	0.00635	0.00570
23	0.01096	0.00953	0.01465	0.07819	0.03342	0.01122	0.05287	0.01336	0.01143	0.01607	0.01937	0.02654	0.07232	0.07650	0.38675	0.00685	0.14256	0.00745	0.00358	0.00638
24	0.00940	0.00705	0.01058	0.01058	0.01176	0.00823	0.00823	0.01176	0.01058	0.01528	0.01763	0.02586	0.01646	0.04937	0.74255	0.01058	0.01763	0.00705	0.00353	0.00588
25	0.00839	0.00605	0.00796	0.00894	0.00970	0.00562	0.00621	0.01008	0.01422	0.01926	0.20592	0.55092	0.06897	0.01869	0.00824	0.00252	0.00368	0.03267	0.00639	0.00558
26	0.01637	0.01414	0.01489	0.01340	0.01712	0.01637	0.01042	0.03498	0.71568	0.02754	0.02679	0.02456	0.02010	0.00893	0.00670	0.00223	0.00521	0.00744	0.00670	0.01042
27	0.01352	0.01156	0.01351	0.00971	0.01543	0.00870	0.00775	0.01645	0.01380	0.02160	0.03260	0.01469	0.01129	0.00513	0.00496	0.00101	0.00482	0.00414	0.00400	0.78534
28	0.01320	0.03405	0.73453	0.01876	0.02849	0.01529	0.02432	0.02085	0.01390	0.02085	0.01181	0.01390	0.00834	0.00625	0.00625	0.00208	0.00973	0.00486	0.00278	0.00973
29	0.02057	0.01613	0.08496	0.02613	0.35251	0.01426	0.01616	0.11322	0.01806	0.22098	0.01828	0.01921	0.03478	0.00715	0.00657	0.00200	0.00716	0.00625	0.00510	0.01053
30	0.01566	0.01353	0.07359	0.08161	0.03839	0.03582	0.02482	0.05306	0.01567	0.11933	0.06743	0.12330	0.01892	0.00867	0.00631	0.00177	0.00603	0.00742	0.00494	0.28374
31	0.01720	0.32946	0.24550	0.01477	0.02136	0.03695	0.03344	0.08769	0.09811	0.03808	0.01321	0.01423	0.01027	0.00651	0.00555	0.00181	0.00786	0.00483	0.00377	0.00939
32	0.01800	0.24511	0.30821	0.01637	0.04202	0.01822	0.05617	0.08217	0.01605	0.11897	0.01343	0.01454	0.00987	0.00643	0.00583	0.00187	0.00818	0.00500	0.00391	0.00965
33	0.00808	0.00666	0.00713	0.00728	0.00928	0.00571	0.00549	0.00990	0.01514	0.01852	0.11657	0.11277	0.58437	0.01677	0.00790	0.00229	0.00350	0.05083	0.00620	0.00562
34	0.01367	0.01315	0.02337	0.04827	0.32681	0.01309	0.15950	0.01719	0.01456	0.02021	0.04849	0.16834	0.03620	0.00987	0.00787	0.00224	0.03487	0.02970	0.00413	0.00847
35	0.00957	0.00638	0.00718	0.00718	0.00718	0.00638	0.00399	0.00957	0.00957	0.01276	0.02074	0.04308	0.02393	0.76864	0.03351	0.00638	0.00638	0.00957	0.00399	0.00399
36	0.01428	0.01207	0.01399	0.01005	0.01587	0.00941	0.00806	0.05441	0.01460	0.02255	0.01193	0.01377	0.00983	0.00504	0.00497	0.00103	0.00501	0.00401	0.00405	0.76509
37	0.04957	0.01446	0.05818	0.06724	0.27142	0.01382	0.01436	0.11611	0.05855	0.07175	0.15313	0.02315	0.02119	0.00801	0.00663	0.00200	0.00649	0.00699	0.00503	0.03193
38	0.01558	0.01457	0.02315	0.13826	0.48205	0.01539	0.01792	0.02213	0.13863	0.02184	0.01549	0.01963	0.01270	0.00687	0.00663	0.00207	0.00745	0.02590	0.00390	0.00985
39	0.00815	0.00578	0.00760	0.00900	0.00935	0.00543	0.00594	0.00920	0.01236	0.01647	0.03501	0.70532	0.04194	0.08184	0.01046	0.00298	0.00403	0.01797	0.00594	0.00524
40	0.00787	0.00667	0.00680	0.00677	0.00895	0.00560	0.00507	0.00963	0.01522	0.01830	0.10615	0.06251	0.68512	0.01648	0.00778	0.00221	0.00332	0.01377	0.00618	0.00560
41	0.13933	0.01309	0.01431	0.01074	0.01615	0.01195	0.00872	0.14782	0.01690	0.07657	0.01309	0.01422	0.01008	0.00586	0.00520	0.00140	0.00541	0.00442	0.00473	0.48000
42	0.01061	0.00780	0.00941	0.00876	0.01082	0.00750	0.00665	0.01540	0.10596	0.04839	0.49905	0.04764	0.17022	0.01327	0.00760	0.00212	0.00349	0.01151	0.00701	0.00679
43	0.00797	0.00594	0.00742	0.00860	0.00940	0.00539	0.00586	0.00923	0.01315	0.01703	0.04315	0.60600	0.19745	0.01973	0.00826	0.00257	0.00371	0.01763	0.00611	0.00539
44	0.16393	0.01353	0.01735	0.04203	0.05890	0.05419	0.08425	0.04155	0.03966	0.26429	0.01763	0.01997	0.01316	0.07087	0.03068	0.00269	0.04491	0.00621	0.00533	0.00886
45	0.08434	0.17335	0.08578	0.06323	0.15983	0.05566	0.07508	0.10645	0.01678	0.10024	0.01324	0.01503	0.01007	0.00643	0.00593	0.00190	0.00784	0.00528	0.00413	0.00941
46	0.02569	0.01407	0.01679	0.01326	0.01809	0.01427	0.01098	0.31767	0.04336	0.35964	0.02239	0.02390	0.01600	0.00889	0.00681	0.00210	0.00633	0.06172	0.00727	0.01076
47	0.00829	0.00592	0.00794	0.00947	0.00997	0.00558	0.00657	0.00963	0.01287	0.01710	0.03614	0.69328	0.04296	0.02037	0.00847	0.00271	0.00405	0.08715	0.00611	0.00542
48	0.01644	0.01645	0.02526	0.13083	0.54140	0.07502	0.04093	0.02063	0.03158	0.02058	0.01248	0.01634	0.01027	0.00610	0.00652	0.00198	0.00832	0.00583	0.00331	0.00974
49	0.01691	0.16039	0.07770	0.01246	0.03505	0.04065	0.01068	0.04530	0.10295	0.12457	0.04391	0.07467	0.05550	0.03079	0.00684	0.00194	0.00609	0.00693	0.00502	0.14168
50	0.32933	0.07987	0.01679	0.01403	0.04310	0.32453	0.01071	0.07421	0.01616	0.02337	0.01021	0.01177	0.00823	0.00649	0.00515	0.00184	0.00838	0.00411	0.00385	0.00787
51	0.81514	0.01273	0.00968	0.00866	0.01273	0.01477	0.00713	0.01935	0.01120	0.02954	0.00917	0.01069	0.00713	0.00611	0.00407	0.00204	0.00509	0.00356	0.00407	0.00713
52	0.01563	0.01352	0.01925	0.13113	0.18536	0.03177	0.05150	0.17141	0.01790	0.02419	0.06546	0.10329	0.03489	0.01257	0.06760	0.00283	0.03046	0.00806	0.00463	0.00855
53	0.00841	0.00590	0.00757	0.00870	0.00903	0.00560	0.00564	0.00935	0.01210	0.01618	0.05289	0.58239	0.03970	0.18746	0.01399	0.00348	0.00437	0.01647	0.00567	0.00507
54	0.00953	0.00719	0.01031	0.01037	0.01145	0.00818	0.00799	0.01162	0.01102	0.01552	0.02148	0.05716	0.05010	0.10552	0.55678	0.00888	0.03758	0.04967	0.00391	0.00574
55	0.81514	0.01273	0.00968	0.00866	0.01273	0.01477	0.00713	0.01935	0.01120	0.02954	0.00917	0.01069	0.00713	0.00611	0.00407	0.00204	0.00509	0.00356	0.00407	0.00713
56	0.00802	0.00573	0.00764	0.00917	0.00955	0.00535	0.00611	0.00917	0.01260	0.01681	0.03628	0.76434	0.04354	0.02062	0.00840	0.00267	0.00382	0.01872	0.00611	0.00535
57	0.02233	0.01659	0.01800	0.01409	0.01890	0.01816	0.01153	0.55150	0.07192	0.03711	0.01657	0.01717	0.01220	0.01030	0.05129	0.00244	0.00744	0.00597	0.03554	0.06095
58	0.01802	0.69293	0.05395	0.01193	0.01751	0.08162	0.01176	0.02026	0.01380	0.01570	0.00931	0.01076	0.00845	0.00574	0.00442	0.00145	0.00750	0.00362	0.00286	0.00842
59	0.01680	0.01334	0.01789	0.02097	0.24433	0.05504	0.03259	0.04359	0.11078	0.12436	0.13802	0.04914	0.08580	0.00934	0.00693	0.00206	0.00618	0.00822	0.00552	0.00908
60	0.00922	0.00681	0.00988	0.01009	0.01106	0.00767	0.00757	0.01121	0.01078	0.01528	0.02052	0.13126	0.02090	0.10608	0.57933	0.00911	0.01474	0.00891	0.00393	0.00564
61	0.01611	0.01563	0.02722	0.06447	0.66152	0.01567	0.06181	0.02014	0.01496	0.02132	0.01242	0.01643	0.01034	0.00587	0.00660	0.00198	0.00805	0.00598	0.00325	0.01022
62	0.00859	0.00641	0.00799	0.00821	0.00955	0.00581	0.00593	0.01079	0.01601	0.02163	0.37375	0.27210	0.19636	0.01634	0.00796	0.00229	0.00337	0.01442	0.00666	0.00581
63	0.01725	0.58020	0.08204	0.01279	0.01866	0.06273	0.04574	0.01997	0.01383	0.01667	0.00981	0.01147	0.00862	0.00567	0.00469	0.00148	0.00752	0.00389	0.00296	0.07402
64	0.02954	0.01120	0.01528	0.01171	0.01681	0.00968	0.00968	0.03208	0.01884	0.73213	0.02597	0.02241	0.01630	0.00815	0.00662	0.00204	0.00560	0.00662	0.00815	0.01120
65	0.00806	0.00576	0.00767	0.00914	0.00956	0.00537	0.00611	0.00926	0.01278	0.01709	0.05687	0.74294	0.04410	0.02041	0.00838	0.00266	0.00380	0.01851	0.00615	0.00537
66	0.00831	0.00650	0.00754	0.00768	0.00932	0.00572	0.00561	0.01033	0.01566	0.02029	0.26697	0.20161	0.37803	0.01647	0.00790	0.00227	0.00336	0.01425	0.00647	0.00572
67	0.02463	0.03014	0.01876	0.01679	0.02036	0.67323	0.01270	0.09121	0.01983	0.01854	0.01071	0.01225	0.00874	0.00689	0.00600	0.00172	0.01143	0.00440	0.00370	0.00797
68	0.78877	0.03786	0.01050	0.00874	0.01287	0.01514	0.00727	0.01936	0.01128	0.02907	0.00917	0.01069	0.00717	0.00610	0.00408	0.00202	0.00516	0.00356	0.00403	0.00717
69	0.00948	0.00637	0.00732	0.00741	0.00748	0.00639	0.00426	0.00963	0.00978	0.01309	0.02154	0.08441	0.02481	0.70028	0.05658	0.00631	0.00662	0.01002	0.00410	0.00413
70	0.01445	0.11612	0.51731	0.01663	0.02478	0.01644	0.02003	0.06928	0.05937	0.02193	0.01574	0.01703	0.04864	0.00704	0.00615	0.00202	0.00861	0.00544	0.00348	0.00950
71	0.00859	0.00715	0.00756	0.00738	0.00958	0.00635	0.00555	0.01158	0.05983	0.01990	0.17898	0.05843	0.56469	0.01562	0.00771	0.00220	0.00341	0.01314	0.00635	0.00598
72	0.01223	0.07076	0.01257	0.01077	0.04785	0.00929	0.00790	0.05529	0.01767	0.06309	0.39438	0.08378	0.11610	0.03183	0.00802	0.00220	0.00432	0.03856	0.00638	0.00700
73	0.04751	0.04530	0.07536	0.10625	0.08101	0.21318	0.01428	0.19367	0.05440	0.02467	0.01289	0.01478	0.00995	0.00699	0.00653	0.00190	0.02888	0.00518	0.00426	0.05301
74	0.05814	0.17302	0.25295	0.01605	0.05080	0.11945	0.01570	0.04248	0.07682	0.06432	0.03418	0.01546	0.01161	0.00699	0.00639	0.00192	0.03567	0.00509	0.00388	0.00907

[dist]
# distance from previous block
# <min> <max>
1	8

[block]
# block no. 2 follows, 33 sequences, length 10
# corresponding to MSA columns:
# 169-178
name=unknown_C
#
# <colnr> <probs for GDERKNQSTAVLIFYWHMCP>
#	G	D	E	R	K	N	Q	S	T	A	V	L	I	F	Y	W	H	M	C	P
0	0.04157	0.16339	0.23907	0.07542	0.05937	0.01588	0.03941	0.04423	0.05492	0.06338	0.01560	0.07420	0.01339	0.04053	0.03017	0.00245	0.00799	0.00642	0.00390	0.00870
1	0.00940	0.00705	0.01058	0.01058	0.01176	0.00823	0.00823	0.01176	0.01058	0.01528	0.01763	0.02586	0.01646	0.04937	0.74255	0.01058	0.01763	0.00705	0.00353	0.00588
2	0.01290	0.01183	0.01725	0.09817	0.01872	0.01533	0.03962	0.01505	0.01140	0.01710	0.05075	0.02075	0.01413	0.06557	0.10123	0.00376	0.41155	0.00662	0.06150	0.00678
3	0.01144	0.00572	0.00858	0.00858	0.00858	0.00572	0.00572	0.00858	0.00858	0.01144	0.01144	0.02001	0.01144	0.02287	0.02573	0.80846	0.00572	0.00572	0.00286	0.00286
4	0.01001	0.00910	0.03674	0.04199	0.05212	0.00802	0.04818	0.01328	0.03373	0.02185	0.32634	0.09273	0.22647	0.03990	0.00852	0.00231	0.00457	0.01163	0.00596	0.00656
5	0.01638	0.01629	0.02511	0.14012	0.57598	0.07136	0.01935	0.02019	0.01501	0.02042	0.01212	0.01613	0.01004	0.00604	0.00648	0.00197	0.00827	0.00574	0.00322	0.00977
6	0.01676	0.01718	0.05152	0.07477	0.48641	0.07657	0.01842	0.05719	0.01569	0.02139	0.01300	0.01815	0.01115	0.00700	0.00758	0.00206	0.05828	0.03374	0.00350	0.00963
7	0.07380	0.14410	0.06138	0.01325	0.01862	0.01582	0.05212	0.15058	0.06452	0.18694	0.01643	0.01675	0.01198	0.00838	0.03219	0.00211	0.00699	0.00544	0.00527	0.11333
8	0.06094	0.07044	0.05260	0.04314	0.04805	0.10661	0.05952	0.05100	0.17798	0.04234	0.10863	0.02342	0.01986	0.06885	0.00853	0.00232	0.00696	0.00685	0.00493	0.03704
9	0.01697	0.01574	0.08339	0.01483	0.04168	0.05290	0.05784	0.15465	0.13516	0.07567	0.04238	0.06631	0.06407	0.02765	0.03786	0.00255	0.00721	0.04529	0.00546	0.05238

[dist]
# distance from previous block
# <min> <max>
0	6

[block]
# block no. 3 follows, 33 sequences, length 9
# corresponding to MSA columns:
# 185-193
name=unknown_D
#
# <colnr> <probs for GDERKNQSTAVLIFYWHMCP>
#	G	D	E	R	K	N	Q	S	T	A	V	L	I	F	Y	W	H	M	C	P
0	0.05216	0.01180	0.01599	0.01458	0.07517	0.04533	0.07666	0.04581	0.03876	0.21032	0.30179	0.03100	0.03273	0.00970	0.00704	0.00205	0.00565	0.00854	0.00641	0.00854
1	0.02064	0.01284	0.01500	0.01191	0.01639	0.01258	0.00958	0.23689	0.06494	0.21636	0.07827	0.07029	0.04984	0.00915	0.00657	0.00190	0.00556	0.00749	0.00655	0.14725
2	0.00877	0.00658	0.00812	0.00801	0.00957	0.00593	0.00590	0.01125	0.01693	0.02299	0.47010	0.14910	0.22217	0.01521	0.00785	0.00219	0.00326	0.01331	0.00682	0.00593
3	0.06927	0.01411	0.01786	0.01480	0.05780	0.01425	0.04400	0.17708	0.01790	0.12979	0.01427	0.01569	0.01077	0.00711	0.00796	0.00180	0.10738	0.00529	0.00495	0.26793
4	0.00799	0.00586	0.00751	0.00883	0.00946	0.00538	0.00596	0.00920	0.01293	0.01694	0.04039	0.66981	0.13543	0.02009	0.00832	0.00261	0.00375	0.01806	0.00611	0.00538
5	0.01643	0.01446	0.02293	0.15134	0.43378	0.04417	0.03997	0.02013	0.01535	0.08234	0.05883	0.04186	0.01483	0.00714	0.00669	0.00203	0.00764	0.00670	0.00397	0.00939
6	0.07725	0.04619	0.11401	0.01502	0.04633	0.14634	0.01278	0.17030	0.07946	0.08143	0.01553	0.04633	0.01225	0.00747	0.00605	0.00186	0.00755	0.00570	0.00486	0.10329
7	0.04012	0.01623	0.02178	0.19392	0.26126	0.08284	0.03709	0.15216	0.01803	0.05059	0.03485	0.01716	0.01167	0.00697	0.00689	0.00203	0.02705	0.00593	0.00416	0.00928
8	0.06291	0.01675	0.05054	0.02044	0.15286	0.03913	0.09365	0.20635	0.09534	0.08197	0.01623	0.01862	0.01245	0.00745	0.00708	0.00204	0.03459	0.02551	0.00504	0.05105

[dist]
# distance from previous block
# <min> <max>
28	73

[block]
# block no. 4 follows, 33 sequences, length 17
# corresponding to MSA columns:
# 285-301
name=unknown_E
#
# <colnr> <probs for GDERKNQSTAVLIFYWHMCP>
#	G	D	E	R	K	N	Q	S	T	A	V	L	I	F	Y	W	H	M	C	P
0	0.08699	0.38149	0.16638	0.01291	0.01909	0.02046	0.01329	0.08912	0.05535	0.02154	0.01156	0.01280	0.00936	0.00615	0.00504	0.00167	0.00715	0.00429	0.00360	0.07177
1	0.05969	0.28830	0.16678	0.01375	0.01970	0.01833	0.05275	0.11174	0.01625	0.04085	0.04832	0.04735	0.01331	0.00713	0.00561	0.00177	0.00719	0.00554	0.00400	0.07165
2	0.01636	0.15366	0.10694	0.01470	0.07888	0.06820	0.01202	0.09365	0.04134	0.07770	0.10465	0.09210	0.07173	0.03089	0.00722	0.00209	0.00659	0.00790	0.00496	0.00842
3	0.09184	0.03474	0.10199	0.01190	0.01569	0.08987	0.01030	0.11025	0.01658	0.10887	0.06426	0.12216	0.04477	0.11510	0.01023	0.00265	0.00661	0.00822	0.00516	0.02882
4	0.04453	0.01432	0.05040	0.01434	0.07768	0.08245	0.01060	0.16045	0.01919	0.11536	0.16711	0.11426	0.04495	0.04471	0.00813	0.00227	0.00618	0.00885	0.00586	0.00837
5	0.01829	0.36804	0.04800	0.01320	0.01809	0.07457	0.04025	0.05540	0.17243	0.06797	0.01623	0.05287	0.01353	0.00750	0.00560	0.00180	0.00700	0.00575	0.00444	0.00904
6	0.01828	0.06666	0.01785	0.01470	0.07547	0.04423	0.03920	0.21378	0.01919	0.09135	0.06525	0.05897	0.01783	0.10851	0.00994	0.00243	0.00659	0.00708	0.00524	0.11745
7	0.04465	0.11161	0.01897	0.01320	0.01769	0.06442	0.01088	0.34244	0.08395	0.10552	0.07222	0.01996	0.01640	0.03986	0.00741	0.00211	0.00674	0.00627	0.00595	0.00974
8	0.01537	0.01468	0.02465	0.06959	0.63382	0.01471	0.01879	0.01911	0.01491	0.02097	0.01711	0.02047	0.07297	0.00685	0.00663	0.00199	0.00747	0.00657	0.00349	0.00986
9	0.02302	0.01332	0.01669	0.01338	0.01781	0.01348	0.04359	0.23193	0.10581	0.30823	0.02378	0.12014	0.01857	0.00972	0.00691	0.00214	0.00608	0.00819	0.00700	0.01021
10	0.01851	0.01526	0.02558	0.08452	0.30088	0.01535	0.16350	0.12072	0.01778	0.11387	0.01578	0.02006	0.01232	0.00700	0.00693	0.00209	0.00815	0.03736	0.00448	0.00986
11	0.00920	0.00641	0.00812	0.00844	0.00882	0.00662	0.00549	0.01002	0.01047	0.01425	0.02331	0.19339	0.02629	0.43105	0.20291	0.00662	0.00861	0.01091	0.00433	0.00475
12	0.00928	0.00633	0.00759	0.00810	0.00833	0.00623	0.00509	0.00983	0.01081	0.01437	0.02581	0.22342	0.02999	0.51867	0.02519	0.00518	0.00572	0.07086	0.00469	0.00451
13	0.01826	0.37869	0.17287	0.01576	0.07982	0.05612	0.01453	0.02281	0.06244	0.10224	0.01321	0.01415	0.01031	0.00636	0.00537	0.00174	0.00760	0.00466	0.00377	0.00930
14	0.04363	0.17283	0.15344	0.01640	0.05324	0.11239	0.06122	0.16544	0.05852	0.02424	0.03644	0.01744	0.04234	0.00729	0.00606	0.00189	0.00807	0.00569	0.00427	0.00915
15	0.01477	0.07773	0.01354	0.01090	0.01342	0.05573	0.00844	0.05018	0.11739	0.10110	0.14227	0.20421	0.03101	0.06356	0.03344	0.00276	0.00577	0.04029	0.00595	0.00753
16	0.03932	0.22119	0.14089	0.01541	0.05990	0.04255	0.01383	0.14537	0.04107	0.11129	0.01498	0.05096	0.01208	0.00773	0.00686	0.00194	0.05497	0.00573	0.00452	0.00939

[dist]
# distance from previous block
# <min> <max>
1	8

[block]
# block no. 5 follows, 33 sequences, length 11
# corresponding to MSA columns:
# 310-320
name=unknown_F
#
# <colnr> <probs for GDERKNQSTAVLIFYWHMCP>
#	G	D	E	R	K	N	Q	S	T	A	V	L	I	F	Y	W	H	M	C	P
0	0.01821	0.31991	0.31515	0.01440	0.02159	0.01840	0.01625	0.02265	0.01468	0.16123	0.01360	0.01429	0.00998	0.00639	0.00553	0.00181	0.00784	0.00469	0.00387	0.00952
1	0.01970	0.06102	0.06360	0.01345	0.01813	0.01661	0.01147	0.42981	0.02370	0.03203	0.01792	0.12179	0.01590	0.04639	0.00785	0.00218	0.00666	0.00752	0.00569	0.07856
2	0.00801	0.00657	0.00688	0.00699	0.00885	0.00563	0.00507	0.00955	0.01451	0.01764	0.08675	0.12212	0.58283	0.07719	0.00990	0.00259	0.00361	0.01389	0.00599	0.00544
3	0.01854	0.33406	0.26905	0.01431	0.02123	0.01954	0.01564	0.09791	0.01624	0.11706	0.01307	0.01388	0.00978	0.00644	0.00550	0.00179	0.00779	0.00466	0.00394	0.00956
4	0.01320	0.03405	0.73453	0.01876	0.02849	0.01529	0.02432	0.02085	0.01390	0.02085	0.01181	0.01390	0.00834	0.00625	0.00625	0.00208	0.00973	0.00486	0.00278	0.00973
5	0.01735	0.41957	0.21035	0.01631	0.07733	0.12276	0.01552	0.02096	0.01438	0.01743	0.01023	0.01206	0.00858	0.00597	0.00517	0.00167	0.00847	0.00415	0.00292	0.00882
6	0.01799	0.39473	0.21043	0.01417	0.02048	0.10081	0.01477	0.06238	0.05040	0.04144	0.01175	0.01294	0.00941	0.00630	0.00527	0.00171	0.00814	0.00438	0.00345	0.00903
7	0.00802	0.00573	0.00764	0.00917	0.00955	0.00535	0.00611	0.00917	0.01260	0.01681	0.03628	0.76434	0.04354	0.02062	0.00840	0.00267	0.00382	0.01872	0.00611	0.00535
8	0.00848	0.00658	0.00771	0.00768	0.00938	0.00581	0.00566	0.01070	0.01628	0.02139	0.34748	0.14448	0.35318	0.01577	0.00785	0.00221	0.00330	0.01363	0.00660	0.00581
9	0.03684	0.22547	0.11976	0.03250	0.06459	0.05867	0.03341	0.05377	0.08380	0.10808	0.07789	0.02023	0.04272	0.00766	0.00599	0.00188	0.00703	0.00607	0.00463	0.00901
10	0.12295	0.08332	0.35729	0.01829	0.08425	0.04373	0.05225	0.06552	0.01535	0.07984	0.01271	0.01434	0.00928	0.00640	0.00594	0.00200	0.00840	0.00500	0.00372	0.00943

[dist]
# distance from previous block
# <min> <max>
2	7

[block]
# block no. 6 follows, 33 sequences, length 43
# corresponding to MSA columns:
# 328-370
name=unknown_G
#
# <colnr> <probs for GDERKNQSTAVLIFYWHMCP>
#	G	D	E	R	K	N	Q	S	T	A	V	L	I	F	Y	W	H	M	C	P
0	0.11709	0.22250	0.04024	0.01352	0.03497	0.12378	0.03616	0.07685	0.07933	0.03768	0.01256	0.01376	0.01007	0.00628	0.00528	0.00164	0.00717	0.00456	0.00405	0.15250
1	0.13808	0.04230	0.03640	0.01363	0.06539	0.10700	0.01035	0.05190	0.06136	0.06447	0.10992	0.05205	0.02121	0.00909	0.00626	0.00195	0.00628	0.07515	0.00503	0.12219
2	0.00789	0.00667	0.00683	0.00679	0.00896	0.00561	0.00509	0.00967	0.01527	0.01842	0.11537	0.06231	0.67582	0.01643	0.00778	0.00221	0.00332	0.01375	0.00620	0.00561
3	0.01685	0.01404	0.01490	0.01334	0.01711	0.01613	0.01039	0.03488	0.69064	0.05285	0.02677	0.02448	0.01996	0.00890	0.00670	0.00223	0.00522	0.00741	0.00675	0.01045
4	0.01082	0.00732	0.00993	0.01095	0.01247	0.00709	0.00909	0.01339	0.01504	0.05276	0.08394	0.17432	0.07955	0.03523	0.00927	0.00289	0.00534	0.44826	0.00620	0.00613
5	0.00824	0.00651	0.00742	0.00757	0.00927	0.00569	0.00553	0.01019	0.01553	0.01991	0.23709	0.19145	0.41915	0.01656	0.00789	0.00227	0.00336	0.01427	0.00642	0.00569
6	0.01534	0.01463	0.06834	0.01534	0.05965	0.01442	0.05073	0.02843	0.44859	0.04892	0.06750	0.02857	0.06946	0.00944	0.00693	0.00221	0.00582	0.03006	0.00604	0.00959
7	0.01227	0.00614	0.00614	0.00614	0.00767	0.00614	0.00460	0.01534	0.01381	0.02454	0.02148	0.02454	0.01687	0.00767	0.00460	0.00153	0.00307	0.00614	0.80518	0.00614
8	0.63099	0.01216	0.01047	0.01002	0.03638	0.01373	0.00768	0.01965	0.05257	0.05138	0.01514	0.05891	0.04400	0.00768	0.00482	0.00209	0.00505	0.00534	0.00455	0.00739
9	0.01569	0.01499	0.02530	0.09800	0.61369	0.01550	0.01945	0.01950	0.01461	0.02079	0.01289	0.01823	0.01111	0.00660	0.00731	0.00205	0.04285	0.02825	0.00331	0.00987
10	0.02050	0.01619	0.01721	0.01423	0.01869	0.01830	0.01142	0.35442	0.38954	0.03418	0.02156	0.02039	0.01586	0.00844	0.00664	0.00211	0.00618	0.00672	0.00664	0.01079
11	0.05444	0.01760	0.02701	0.03425	0.50241	0.09627	0.13056	0.02098	0.01531	0.02122	0.01214	0.01578	0.00999	0.00593	0.00654	0.00197	0.00868	0.00589	0.00332	0.00971
12	0.01752	0.01576	0.01712	0.01468	0.01862	0.08452	0.06794	0.05430	0.51071	0.05205	0.05631	0.02358	0.01969	0.00860	0.00676	0.00216	0.00631	0.00729	0.00618	0.00989
13	0.01482	0.01381	0.02262	0.34830	0.35876	0.01499	0.01832	0.04691	0.01478	0.02029	0.01219	0.01667	0.00970	0.00620	0.00645	0.00200	0.00804	0.00575	0.00329	0.05612
14	0.01360	0.01282	0.02130	0.53607	0.21854	0.01497	0.01841	0.01853	0.04642	0.01852	0.01258	0.01756	0.00973	0.00651	0.00657	0.00213	0.00837	0.00593	0.00319	0.00825
15	0.01443	0.01374	0.02335	0.38475	0.39782	0.01515	0.01928	0.01857	0.01411	0.01924	0.01205	0.01690	0.00963	0.00621	0.00655	0.00207	0.00828	0.00586	0.00310	0.00892
16	0.01604	0.01538	0.02626	0.08769	0.68230	0.01557	0.02008	0.01998	0.01487	0.02120	0.01234	0.01638	0.01032	0.00591	0.00652	0.00197	0.00788	0.00586	0.00324	0.01022
17	0.02954	0.01120	0.01528	0.01171	0.01681	0.00968	0.00968	0.03208	0.01884	0.73213	0.02597	0.02241	0.01630	0.00815	0.00662	0.00204	0.00560	0.00662	0.00815	0.01120
18	0.01227	0.00614	0.00614	0.00614	0.00767	0.00614	0.00460	0.01534	0.01381	0.02454	0.02148	0.02454	0.01687	0.00767	0.00460	0.00153	0.00307	0.00614	0.80518	0.00614
19	0.01629	0.01564	0.02672	0.04041	0.72757	0.01564	0.02020	0.02020	0.01499	0.02151	0.01238	0.01629	0.01043	0.00587	0.00652	0.00196	0.00782	0.00587	0.00326	0.01043
20	0.01760	0.77260	0.03450	0.01126	0.01690	0.02605	0.01126	0.01971	0.01338	0.01549	0.00915	0.01056	0.00845	0.00563	0.00422	0.00141	0.00704	0.00352	0.00282	0.00845
21	0.01227	0.00614	0.00614	0.00614	0.00767	0.00614	0.00460	0.01534	0.01381	0.02454	0.02148	0.02454	0.01687	0.00767	0.00460	0.00153	0.00307	0.00614	0.80518	0.00614
22	0.01973	0.01581	0.01677	0.01408	0.01840	0.01794	0.01123	0.29486	0.45034	0.03294	0.02254	0.02117	0.01665	0.00853	0.00665	0.00213	0.00600	0.00686	0.00665	0.01072
23	0.01227	0.00614	0.00614	0.00614	0.00767	0.00614	0.00460	0.01534	0.01381	0.02454	0.02148	0.02454	0.01687	0.00767	0.00460	0.00153	0.00307	0.00614	0.80518	0.00614
24	0.81514	0.01273	0.00968	0.00866	0.01273	0.01477	0.00713	0.01935	0.01120	0.02954	0.00917	0.01069	0.00713	0.00611	0.00407	0.00204	0.00509	0.00356	0.00407	0.00713
25	0.00891	0.00683	0.00939	0.01015	0.01140	0.00638	0.03363	0.01080	0.01381	0.01788	0.04080	0.42992	0.16972	0.01869	0.00843	0.00266	0.00457	0.18433	0.00599	0.00570
26	0.01574	0.01508	0.02572	0.14257	0.62974	0.01550	0.01993	0.01972	0.01473	0.02084	0.01229	0.01647	0.01019	0.00597	0.00653	0.00199	0.00796	0.00586	0.00321	0.00998
27	0.01346	0.07675	0.69406	0.01833	0.02782	0.01591	0.02357	0.02078	0.01387	0.02054	0.01166	0.01371	0.00835	0.00622	0.00614	0.00205	0.00957	0.00479	0.00278	0.00966
28	0.01373	0.05656	0.27060	0.02069	0.02738	0.01478	0.30922	0.01925	0.01472	0.02033	0.01790	0.04688	0.04094	0.00818	0.00726	0.00225	0.00933	0.08778	0.00363	0.00858
29	0.01416	0.03383	0.67463	0.01861	0.02781	0.07611	0.02335	0.02130	0.01430	0.02045	0.01168	0.01373	0.00835	0.00630	0.00623	0.00205	0.00991	0.00481	0.00283	0.00955
30	0.01335	0.03039	0.60222	0.01953	0.02838	0.01501	0.11109	0.02045	0.01418	0.02081	0.01336	0.01795	0.01029	0.00687	0.00662	0.00216	0.00969	0.04519	0.00304	0.00940
31	0.01688	0.02040	0.14153	0.07067	0.15017	0.08238	0.32822	0.02185	0.01555	0.06803	0.01338	0.01666	0.01001	0.00606	0.00700	0.00209	0.00988	0.00647	0.00353	0.00922
32	0.01343	0.03079	0.64315	0.01782	0.02661	0.01442	0.02242	0.02043	0.01391	0.04385	0.01344	0.01703	0.01013	0.00924	0.04893	0.00261	0.00992	0.02932	0.00312	0.00942
33	0.00799	0.00655	0.00704	0.00718	0.00909	0.00561	0.00529	0.00976	0.01511	0.01865	0.13876	0.15313	0.55939	0.01682	0.00786	0.00226	0.00337	0.01429	0.00624	0.00561
34	0.01885	0.53376	0.09375	0.01318	0.01874	0.15995	0.01277	0.05076	0.01518	0.01721	0.00987	0.01133	0.00856	0.00600	0.00483	0.00155	0.00820	0.00388	0.00308	0.00853
35	0.08937	0.12814	0.04977	0.01563	0.05237	0.15798	0.05975	0.08248	0.09907	0.17843	0.01620	0.01640	0.01185	0.00705	0.00599	0.00191	0.00773	0.00546	0.00502	0.00941
36	0.01230	0.00841	0.01012	0.05099	0.01323	0.00805	0.00737	0.01663	0.09847	0.11334	0.24361	0.06276	0.30273	0.01325	0.00745	0.00216	0.00410	0.01128	0.00659	0.00714
37	0.01351	0.01267	0.02091	0.60594	0.04091	0.01554	0.05798	0.05681	0.01407	0.01842	0.01178	0.01720	0.00898	0.00701	0.00791	0.00224	0.07139	0.00596	0.00316	0.00762
38	0.02345	0.01551	0.01822	0.05939	0.10208	0.06651	0.01244	0.23625	0.08364	0.26059	0.01970	0.04120	0.01422	0.00807	0.00661	0.00203	0.00691	0.00654	0.00627	0.01039
39	0.01784	0.01529	0.02607	0.14558	0.16711	0.04895	0.24553	0.02270	0.04855	0.14389	0.04097	0.01940	0.01323	0.00673	0.00699	0.00210	0.00859	0.00684	0.00438	0.00924
40	0.01554	0.01776	0.03885	0.02775	0.03441	0.01665	0.70366	0.02109	0.01554	0.02109	0.01332	0.01776	0.00999	0.00555	0.00777	0.00222	0.01110	0.00777	0.00333	0.00888
41	0.01688	0.41549	0.15080	0.01566	0.05344	0.06168	0.07111	0.02123	0.05548	0.03516	0.01260	0.04069	0.01081	0.00661	0.00543	0.00174	0.00789	0.00511	0.00338	0.00882
42	0.06298	0.01536	0.02351	0.09564	0.32308	0.04717	0.11397	0.05999	0.07022	0.05441	0.01550	0.06104	0.01294	0.00727	0.00667	0.00208	0.00783	0.00685	0.00413	0.00938

[dist]
# distance from previous block
# <min> <max>
0	5

[block]
# block no. 7 follows, 33 sequences, length 61
# corresponding to MSA columns:
# 376-436
name=unknown_H
#
# <colnr> <probs for GDERKNQSTAVLIFYWHMCP>
#	G	D	E	R	K	N	Q	S	T	A	V	L	I	F	Y	W	H	M	C	P
0	0.01308	0.01075	0.07759	0.01091	0.03749	0.00811	0.00896	0.01648	0.01734	0.11946	0.42567	0.03752	0.07168	0.01092	0.00708	0.00194	0.00444	0.00946	0.00637	0.10475
1	0.00903	0.00672	0.00840	0.00798	0.00966	0.00609	0.00599	0.01187	0.01796	0.02480	0.60177	0.05181	0.18544	0.01406	0.00777	0.00210	0.00315	0.01228	0.00704	0.00609
2	0.01698	0.01649	0.05200	0.03534	0.52989	0.01564	0.13528	0.04141	0.01571	0.05756	0.01330	0.01675	0.01060	0.00600	0.00673	0.00201	0.00831	0.00619	0.00360	0.01020
3	0.00951	0.00635	0.00720	0.00727	0.00728	0.00634	0.00408	0.00956	0.00971	0.01294	0.02143	0.07475	0.02479	0.73579	0.03241	0.00622	0.00627	0.00997	0.00408	0.00405
4	0.04671	0.11700	0.01908	0.01358	0.01813	0.01907	0.01117	0.27354	0.35176	0.03101	0.01989	0.01907	0.01490	0.00803	0.00624	0.00202	0.00618	0.00624	0.00605	0.01032
5	0.04715	0.11878	0.47254	0.01728	0.05384	0.01622	0.01950	0.04161	0.04366	0.05706	0.01285	0.01438	0.00942	0.00635	0.00592	0.00195	0.00846	0.00488	0.00345	0.04470
6	0.01635	0.33281	0.26569	0.01607	0.02314	0.03734	0.10922	0.02082	0.01423	0.04980	0.01150	0.01336	0.00903	0.00593	0.00556	0.00176	0.00843	0.00472	0.00318	0.05107
7	0.01340	0.06648	0.70379	0.01843	0.02798	0.01576	0.02375	0.02080	0.01388	0.02061	0.01170	0.01375	0.00834	0.00623	0.00617	0.00206	0.00961	0.00481	0.00278	0.00967
8	0.00802	0.00573	0.00764	0.00917	0.00955	0.00535	0.00611	0.00917	0.01260	0.01681	0.03628	0.76434	0.04354	0.02062	0.00840	0.00267	0.00382	0.01872	0.00611	0.00535
9	0.01838	0.01491	0.01540	0.01353	0.01745	0.04626	0.01060	0.07985	0.58348	0.08546	0.02529	0.02327	0.01870	0.00871	0.00665	0.00218	0.00566	0.00714	0.00667	0.01042
10	0.01320	0.03405	0.73453	0.01876	0.02849	0.01529	0.02432	0.02085	0.01390	0.02085	0.01181	0.01390	0.00834	0.00625	0.00625	0.00208	0.00973	0.00486	0.00278	0.00973
11	0.00803	0.00668	0.00702	0.00694	0.00905	0.00567	0.00520	0.00994	0.01561	0.01921	0.17531	0.06101	0.61539	0.01614	0.00778	0.00220	0.00330	0.01357	0.00630	0.00567
12	0.01760	0.77260	0.03450	0.01126	0.01690	0.02605	0.01126	0.01971	0.01338	0.01549	0.00915	0.01056	0.00845	0.00563	0.00422	0.00141	0.00704	0.00352	0.00282	0.00845
13	0.00957	0.00638	0.00718	0.00718	0.00718	0.00638	0.00399	0.00957	0.00957	0.01276	0.02074	0.04308	0.02393	0.76864	0.03351	0.00638	0.00638	0.00957	0.00399	0.00399
14	0.01637	0.01414	0.01489	0.01340	0.01712	0.01637	0.01042	0.03498	0.71568	0.02754	0.02679	0.02456	0.02010	0.00893	0.00670	0.00223	0.00521	0.00744	0.00670	0.01042
15	0.00797	0.00668	0.00693	0.00687	0.00901	0.00564	0.00515	0.00982	0.01546	0.01885	0.14827	0.06160	0.64265	0.01627	0.00778	0.00220	0.00331	0.01365	0.00625	0.00564
16	0.01488	0.20933	0.38365	0.01927	0.02721	0.01826	0.19763	0.02063	0.01420	0.01961	0.01156	0.01409	0.00879	0.00592	0.00615	0.00196	0.00943	0.00529	0.00293	0.00920
17	0.78209	0.01297	0.01010	0.00893	0.01305	0.01500	0.00735	0.04806	0.01203	0.03004	0.00944	0.01091	0.00730	0.00619	0.00418	0.00203	0.00518	0.00366	0.00418	0.00730
18	0.01664	0.01630	0.02639	0.03943	0.69819	0.04583	0.01989	0.02046	0.01514	0.02128	0.01229	0.01611	0.01035	0.00590	0.00649	0.00194	0.00799	0.00580	0.00326	0.01031
19	0.01569	0.01509	0.02598	0.10015	0.62459	0.01529	0.04279	0.01962	0.01478	0.02095	0.01306	0.03833	0.01124	0.00635	0.00662	0.00201	0.00790	0.00630	0.00332	0.00996
20	0.00907	0.00668	0.00849	0.00812	0.00971	0.00609	0.00606	0.01192	0.01793	0.02494	0.61435	0.08195	0.14185	0.01416	0.00779	0.00212	0.00316	0.01244	0.00706	0.00609
21	0.81514	0.01273	0.00968	0.00866	0.01273	0.01477	0.00713	0.01935	0.01120	0.02954	0.00917	0.01069	0.00713	0.00611	0.00407	0.00204	0.00509	0.00356	0.00407	0.00713
22	0.81514	0.01273	0.00968	0.00866	0.01273	0.01477	0.00713	0.01935	0.01120	0.02954	0.00917	0.01069	0.00713	0.00611	0.00407	0.00204	0.00509	0.00356	0.00407	0.00713
23	0.01227	0.00614	0.00614	0.00614	0.00767	0.00614	0.00460	0.01534	0.01381	0.02454	0.02148	0.02454	0.01687	0.00767	0.00460	0.00153	0.00307	0.00614	0.80518	0.00614
24	0.75358	0.01418	0.01038	0.00930	0.01332	0.07141	0.00756	0.01989	0.01178	0.02849	0.00925	0.01079	0.00723	0.00616	0.00422	0.00201	0.00562	0.00362	0.00402	0.00717
25	0.02503	0.01844	0.01976	0.01515	0.02042	0.02042	0.01251	0.70562	0.03095	0.04149	0.01581	0.01581	0.01120	0.00790	0.00659	0.00198	0.00724	0.00593	0.00659	0.01120
26	0.01227	0.00614	0.00614	0.00614	0.00767	0.00614	0.00460	0.01534	0.01381	0.02454	0.02148	0.02454	0.01687	0.00767	0.00460	0.00153	0.00307	0.00614	0.80518	0.00614
27	0.02529	0.01646	0.01834	0.01423	0.01933	0.01768	0.01170	0.49836	0.08694	0.19388	0.01901	0.01802	0.01309	0.00805	0.00660	0.00201	0.00670	0.00621	0.00694	0.01113
28	0.00802	0.00573	0.00764	0.00917	0.00955	0.00535	0.00611	0.00917	0.01260	0.01681	0.03628	0.76434	0.04354	0.02062	0.00840	0.00267	0.00382	0.01872	0.00611	0.00535
29	0.81514	0.01273	0.00968	0.00866	0.01273	0.01477	0.00713	0.01935	0.01120	0.02954	0.00917	0.01069	0.00713	0.00611	0.00407	0.00204	0.00509	0.00356	0.00407	0.00713
30	0.01760	0.77260	0.03450	0.01126	0.01690	0.02605	0.01126	0.01971	0.01338	0.01549	0.00915	0.01056	0.00845	0.00563	0.00422	0.00141	0.00704	0.00352	0.00282	0.00845
31	0.02954	0.01120	0.01528	0.01171	0.01681	0.00968	0.00968	0.03208	0.01884	0.73213	0.02597	0.02241	0.01630	0.00815	0.00662	0.00204	0.00560	0.00662	0.00815	0.01120
32	0.00957	0.00638	0.00718	0.00718	0.00718	0.00638	0.00399	0.00957	0.00957	0.01276	0.02074	0.04308	0.02393	0.76864	0.03351	0.00638	0.00638	0.00957	0.00399	0.00399
33	0.01243	0.01170	0.01975	0.75282	0.04534	0.01463	0.01828	0.01682	0.01316	0.01682	0.01170	0.01755	0.00878	0.00658	0.00658	0.00219	0.00878	0.00585	0.00293	0.00731
34	0.01227	0.00614	0.00614	0.00614	0.00767	0.00614	0.00460	0.01534	0.01381	0.02454	0.02148	0.02454	0.01687	0.00767	0.00460	0.00153	0.00307	0.00614	0.80518	0.00614
35	0.02359	0.05097	0.01978	0.01475	0.01984	0.02014	0.01219	0.58943	0.11808	0.03856	0.01692	0.01670	0.01222	0.00794	0.00650	0.00198	0.00697	0.00602	0.00643	0.01098
36	0.81514	0.01273	0.00968	0.00866	0.01273	0.01477	0.00713	0.01935	0.01120	0.02954	0.00917	0.01069	0.00713	0.00611	0.00407	0.00204	0.00509	0.00356	0.00407	0.00713
37	0.01227	0.00614	0.00614	0.00614	0.00767	0.00614	0.00460	0.01534	0.01381	0.02454	0.02148	0.02454	0.01687	0.00767	0.00460	0.00153	0.00307	0.00614	0.80518	0.00614
38	0.01365	0.01170	0.01365	0.00975	0.01560	0.00878	0.00780	0.01658	0.01365	0.02145	0.01170	0.01365	0.00975	0.00488	0.00488	0.00098	0.00488	0.00390	0.00390	0.80888
39	0.00940	0.00705	0.01058	0.01058	0.01176	0.00823	0.00823	0.01176	0.01058	0.01528	0.01763	0.02586	0.01646	0.04937	0.74255	0.01058	0.01763	0.00705	0.00353	0.00588
40	0.00802	0.00573	0.00764	0.00917	0.00955	0.00535	0.00611	0.00917	0.01260	0.01681	0.03628	0.76434	0.04354	0.02062	0.00840	0.00267	0.00382	0.01872	0.00611	0.00535
41	0.81514	0.01273	0.00968	0.00866	0.01273	0.01477	0.00713	0.01935	0.01120	0.02954	0.00917	0.01069	0.00713	0.00611	0.00407	0.00204	0.00509	0.00356	0.00407	0.00713
