[name]
unknown

[dist]
# distance from previous block
# <min> <max>
66	217

[block]
# block no. 0 follows, 33 sequences, length 38
# corresponding to MSA columns:
# 270-307
name=unknown_A
#
# <colnr> <probs for GDERKNQSTAVLIFYWHMCP>
#	G	D	E	R	K	N	Q	S	T	A	V	L	I	F	Y	W	H	M	C	P
0	0.01897	0.04492	0.06042	0.01514	0.06387	0.09573	0.01194	0.22871	0.03849	0.08613	0.05606	0.07211	0.05012	0.01057	0.02876	0.00227	0.03091	0.02936	0.00539	0.05014
1	0.08187	0.16099	0.05812	0.11656	0.02171	0.04622	0.03567	0.22189	0.01882	0.02553	0.03482	0.09342	0.04026	0.00868	0.00619	0.00199	0.00710	0.00695	0.00466	0.00857
2	0.01871	0.04468	0.01937	0.03482	0.01985	0.13387	0.11259	0.20072	0.03221	0.07075	0.02076	0.11201	0.05869	0.01034	0.02542	0.00223	0.00785	0.00794	0.03232	0.03485
3	0.07181	0.01596	0.01612	0.05322	0.04535	0.10073	0.01111	0.19513	0.20443	0.02756	0.07633	0.02148	0.01757	0.04703	0.00824	0.00224	0.03035	0.00656	0.00544	0.04334
4	0.04687	0.37681	0.05459	0.01122	0.01570	0.03678	0.01039	0.05343	0.01520	0.09317	0.05361	0.07108	0.04092	0.02586	0.00623	0.00191	0.00634	0.04106	0.03070	0.00814
5	0.04487	0.13496	0.10256	0.18566	0.04464	0.09005	0.05921	0.06369	0.01552	0.03447	0.03355	0.04363	0.01456	0.00838	0.00678	0.00210	0.02451	0.07888	0.00390	0.00808
6	0.02180	0.06480	0.01706	0.01236	0.01725	0.10576	0.01007	0.17027	0.01977	0.22024	0.06660	0.01861	0.01532	0.00733	0.00602	0.00168	0.00649	0.00567	0.00575	0.20716
7	0.01423	0.01194	0.01456	0.01143	0.01579	0.01100	0.03221	0.10132	0.05165	0.02347	0.05565	0.09242	0.05297	0.00852	0.00705	0.00162	0.05559	0.00697	0.00479	0.42685
8	0.06874	0.01436	0.01786	0.40520	0.07652	0.10005	0.01487	0.08771	0.01569	0.02046	0.01663	0.06445	0.05432	0.00813	0.00652	0.00212	0.00805	0.00679	0.00384	0.00771
9	0.10376	0.06707	0.01833	0.01338	0.01825	0.01843	0.01111	0.46768	0.06782	0.07259	0.01921	0.01892	0.05796	0.00822	0.00626	0.00198	0.00655	0.00617	0.00613	0.01018
10	0.13805	0.06325	0.01604	0.01161	0.01650	0.01274	0.00967	0.07363	0.07537	0.48216	0.02188	0.01971	0.01446	0.00774	0.00610	0.00201	0.00570	0.00600	0.00700	0.01038
11	0.01677	0.06651	0.02440	0.17577	0.34308	0.04388	0.05335	0.09105	0.07926	0.02251	0.01364	0.01677	0.01081	0.00650	0.00644	0.00200	0.00799	0.00589	0.00382	0.00956
12	0.01153	0.01088	0.00996	0.00936	0.01139	0.13058	0.00702	0.01405	0.01777	0.02259	0.44531	0.04627	0.21233	0.01310	0.00746	0.00204	0.00464	0.01109	0.00632	0.00629
13	0.00828	0.00626	0.00770	0.00864	0.00978	0.00569	0.00623	0.00988	0.01393	0.01791	0.08195	0.43704	0.25692	0.01876	0.00825	0.00254	0.00386	0.08468	0.00617	0.00553
14	0.02158	0.01601	0.01739	0.01402	0.01836	0.01760	0.01129	0.54404	0.07251	0.03640	0.01999	0.14303	0.01725	0.01012	0.00690	0.00211	0.00653	0.00819	0.00651	0.01016
15	0.01216	0.00928	0.01097	0.01058	0.01242	0.01001	0.00793	0.08626	0.15049	0.02065	0.02764	0.15008	0.07393	0.16488	0.16103	0.00482	0.00787	0.06680	0.00534	0.00685
16	0.00801	0.00668	0.00699	0.00691	0.00903	0.00565	0.00518	0.00989	0.01554	0.01906	0.16427	0.06125	0.62653	0.01620	0.00778	0.00220	0.00330	0.01360	0.00628	0.00565
17	0.06690	0.22384	0.27928	0.01438	0.02119	0.01688	0.03041	0.02387	0.05065	0.19035	0.01512	0.01547	0.01083	0.00665	0.00572	0.00190	0.00754	0.00504	0.00436	0.00960
18	0.06949	0.18575	0.14886	0.01332	0.01901	0.11146	0.01286	0.02460	0.01593	0.25774	0.01626	0.01731	0.01190	0.00710	0.00578	0.00185	0.00744	0.02481	0.00489	0.04365
19	0.11820	0.42915	0.20424	0.01329	0.01944	0.05861	0.01417	0.02016	0.01339	0.01865	0.00985	0.01160	0.00826	0.00610	0.00537	0.00172	0.03230	0.00397	0.00300	0.00852
20	0.01679	0.63708	0.16295	0.01264	0.01902	0.02407	0.01366	0.01992	0.01347	0.01647	0.00964	0.01117	0.00843	0.00575	0.00460	0.00153	0.00753	0.00377	0.00281	0.00868
21	0.00940	0.00676	0.00913	0.01018	0.01135	0.00649	0.00804	0.01178	0.01503	0.02008	0.17964	0.29797	0.06491	0.01797	0.00855	0.00269	0.00462	0.30325	0.00633	0.00584
22	0.01767	0.46225	0.11598	0.01543	0.02167	0.02248	0.13012	0.10691	0.01603	0.02036	0.01101	0.01284	0.00904	0.00598	0.00536	0.00170	0.00807	0.00470	0.00338	0.00902
23	0.01564	0.44326	0.34666	0.01461	0.02207	0.02125	0.01709	0.02022	0.01361	0.01788	0.01034	0.01205	0.00840	0.00591	0.00513	0.00171	0.00824	0.00412	0.00280	0.00902
24	0.00956	0.00643	0.00740	0.00740	0.00748	0.00650	0.00427	0.00972	0.00964	0.01293	0.02054	0.04196	0.02345	0.72172	0.07976	0.00666	0.00712	0.00941	0.00396	0.00411
25	0.01427	0.01904	0.19584	0.02737	0.30849	0.01496	0.10641	0.01869	0.01398	0.02012	0.01479	0.10416	0.01359	0.00828	0.00847	0.00221	0.08938	0.00738	0.00345	0.00911
26	0.04455	0.48756	0.02732	0.01237	0.01663	0.13164	0.01115	0.01935	0.01379	0.01625	0.01288	0.05296	0.03751	0.00764	0.00661	0.00172	0.08390	0.00506	0.00325	0.00788
27	0.00806	0.00603	0.00751	0.00865	0.00953	0.00548	0.00600	0.00940	0.01329	0.01715	0.04377	0.56540	0.21231	0.01956	0.00827	0.00257	0.00378	0.04169	0.00611	0.00543
28	0.01540	0.01885	0.08834	0.02756	0.05919	0.01651	0.63004	0.02104	0.01540	0.02109	0.01318	0.01743	0.00989	0.00561	0.00761	0.00220	0.01088	0.00749	0.00329	0.00900
29	0.11193	0.23072	0.05165	0.11465	0.21193	0.08999	0.01480	0.06617	0.01524	0.02095	0.01100	0.01362	0.00905	0.00616	0.00553	0.00182	0.00783	0.00474	0.00341	0.00883
30	0.17599	0.31616	0.26996	0.01371	0.02030	0.06816	0.01504	0.02047	0.01348	0.02019	0.01014	0.01183	0.00815	0.00602	0.00501	0.00179	0.00790	0.00404	0.00309	0.00857
31	0.00944	0.00640	0.00748	0.00749	0.00777	0.00629	0.00449	0.01003	0.01129	0.01532	0.14069	0.08764	0.03158	0.59572	0.02764	0.00543	0.00567	0.01052	0.00467	0.00445
32	0.01492	0.01690	0.07743	0.13446	0.22782	0.07203	0.15090	0.01987	0.05757	0.01998	0.01942	0.02224	0.09480	0.00768	0.00740	0.00211	0.03496	0.00707	0.00373	0.00869
33	0.05343	0.02153	0.01783	0.01616	0.06139	0.30861	0.01191	0.22591	0.03952	0.09927	0.01583	0.01742	0.02747	0.04559	0.00761	0.00210	0.00871	0.00563	0.00503	0.00905
34	0.07190	0.01059	0.01383	0.01199	0.05056	0.00946	0.00914	0.02620	0.01753	0.50848	0.05570	0.02926	0.13695	0.00954	0.00670	0.00207	0.00521	0.00781	0.00728	0.00979
35	0.00989	0.00821	0.00944	0.00993	0.01139	0.03514	0.00765	0.01245	0.04112	0.01873	0.08935	0.26668	0.23210	0.01704	0.00884	0.00254	0.04218	0.16537	0.00594	0.00600
36	0.14717	0.29642	0.24098	0.01438	0.02086	0.07290	0.04059	0.06193	0.01471	0.02123	0.01059	0.01228	0.00843	0.00612	0.00522	0.00180	0.00806	0.00429	0.00330	0.00874
37	0.15811	0.15886	0.22161	0.01633	0.08929	0.06092	0.01486	0.07636	0.01528	0.05888	0.01351	0.06380	0.01136	0.00731	0.00569	0.00194	0.00755	0.00556	0.00391	0.00888

[dist]
# distance from previous block
# <min> <max>
2	4

[block]
# block no. 1 follows, 33 sequences, length 13
# corresponding to MSA columns:
# 312-324
name=unknown_B
#
# <colnr> <probs for GDERKNQSTAVLIFYWHMCP>
#	G	D	E	R	K	N	Q	S	T	A	V	L	I	F	Y	W	H	M	C	P
0	0.08369	0.01622	0.06917	0.01596	0.05393	0.01625	0.06709	0.16672	0.32113	0.05497	0.02063	0.05195	0.01597	0.00836	0.00658	0.00215	0.00649	0.00704	0.00577	0.00994
1	0.01144	0.00572	0.00858	0.00858	0.00858	0.00572	0.00572	0.00858	0.00858	0.01144	0.01144	0.02001	0.01144	0.02287	0.02573	0.80846	0.00572	0.00572	0.00286	0.00286
2	0.00802	0.00573	0.00764	0.00917	0.00955	0.00535	0.00611	0.00917	0.01260	0.01681	0.03628	0.76434	0.04354	0.02062	0.00840	0.00267	0.00382	0.01872	0.00611	0.00535
3	0.01347	0.01170	0.01457	0.12218	0.02010	0.00966	0.00939	0.01661	0.01358	0.02075	0.01170	0.01424	0.00960	0.00513	0.00513	0.00116	0.00547	0.00420	0.00375	0.68760
4	0.01588	0.01665	0.03282	0.08131	0.19374	0.01617	0.43758	0.05380	0.01592	0.02189	0.01305	0.01716	0.01005	0.00579	0.00723	0.00210	0.00976	0.00696	0.00346	0.03868
5	0.01036	0.00858	0.01142	0.01062	0.01280	0.00806	0.04504	0.01353	0.06541	0.01927	0.07101	0.39078	0.10507	0.01495	0.00805	0.00224	0.03514	0.01323	0.00554	0.14890
6	0.05776	0.07084	0.02063	0.02020	0.18226	0.14500	0.06057	0.08436	0.09758	0.06132	0.01926	0.05102	0.06379	0.00804	0.00638	0.00195	0.00754	0.00672	0.00460	0.03019
7	0.05409	0.03505	0.01966	0.10932	0.09907	0.05497	0.05494	0.22111	0.07657	0.09459	0.04067	0.01940	0.03487	0.00758	0.00644	0.00197	0.00719	0.00629	0.00522	0.05099
8	0.06293	0.21898	0.10922	0.01552	0.08543	0.05731	0.04611	0.03841	0.03454	0.05955	0.09412	0.05001	0.03433	0.00908	0.02692	0.00210	0.00724	0.00642	0.00425	0.03753
9	0.14973	0.10120	0.07607	0.08702	0.15972	0.06145	0.01419	0.08025	0.04145	0.07534	0.01280	0.01490	0.00994	0.00687	0.00687	0.00198	0.06100	0.00511	0.00405	0.03008
10	0.04687	0.11547	0.09075	0.01464	0.05654	0.01689	0.01238	0.21575	0.08298	0.04481	0.01725	0.01847	0.04255	0.00895	0.02666	0.00216	0.06660	0.00584	0.06213	0.05230
11	0.04160	0.04181	0.07505	0.09956	0.13813	0.03466	0.01457	0.22794	0.04514	0.10949	0.01591	0.01887	0.01218	0.00766	0.00698	0.00204	0.03451	0.03335	0.00501	0.03555
12	0.01789	0.11259	0.19233	0.04129	0.08842	0.01647	0.05285	0.14308	0.08330	0.08937	0.04088	0.01742	0.01302	0.00701	0.00623	0.00192	0.00749	0.00577	0.00462	0.05805

[dist]
# distance from previous block
# <min> <max>
73	125

[block]
# block no. 2 follows, 33 sequences, length 59
# corresponding to MSA columns:
# 466-524
name=unknown_C
#
# <colnr> <probs for GDERKNQSTAVLIFYWHMCP>
#	G	D	E	R	K	N	Q	S	T	A	V	L	I	F	Y	W	H	M	C	P
0	0.07876	0.03981	0.06827	0.04648	0.07683	0.05945	0.01087	0.04524	0.07973	0.02206	0.06636	0.15605	0.03687	0.00963	0.00632	0.00191	0.00598	0.00810	0.00471	0.17655
1	0.01452	0.03196	0.15312	0.03490	0.09492	0.01334	0.06374	0.09110	0.09755	0.04342	0.13954	0.05917	0.05851	0.04691	0.00860	0.00234	0.02461	0.00816	0.00501	0.00858
2	0.03716	0.01571	0.08294	0.08785	0.12310	0.04246	0.10789	0.10702	0.05194	0.05110	0.05138	0.07354	0.01633	0.02939	0.05598	0.00273	0.00828	0.00734	0.00448	0.04338
3	0.05112	0.01852	0.17269	0.16053	0.19249	0.03751	0.03370	0.05282	0.01515	0.06148	0.01276	0.01557	0.00971	0.00619	0.00613	0.00188	0.00788	0.00528	0.00367	0.13492
4	0.06067	0.01332	0.01477	0.01131	0.01626	0.03638	0.00910	0.07251	0.05967	0.04710	0.01301	0.01465	0.01046	0.00619	0.00662	0.00142	0.07037	0.00453	0.00434	0.52734
5	0.00845	0.00593	0.00765	0.00871	0.00916	0.00558	0.00575	0.00944	0.01252	0.01672	0.08184	0.55877	0.06393	0.13125	0.01265	0.03027	0.00420	0.01628	0.00577	0.00513
6	0.01385	0.01188	0.01775	0.14978	0.15956	0.02906	0.07301	0.04089	0.04719	0.06166	0.16724	0.03227	0.14867	0.00978	0.00712	0.00210	0.00637	0.00876	0.00506	0.00802
7	0.00802	0.00573	0.00764	0.00917	0.00955	0.00535	0.00611	0.00917	0.01260	0.01681	0.03628	0.76434	0.04354	0.02062	0.00840	0.00267	0.00382	0.01872	0.00611	0.00535
8	0.01006	0.00713	0.01012	0.01003	0.01123	0.00825	0.00780	0.01251	0.01112	0.01691	0.01801	0.02526	0.01628	0.04090	0.59102	0.00876	0.03905	0.00685	0.14274	0.00597
9	0.81514	0.01273	0.00968	0.00866	0.01273	0.01477	0.00713	0.01935	0.01120	0.02954	0.00917	0.01069	0.00713	0.00611	0.00407	0.00204	0.00509	0.00356	0.00407	0.00713
10	0.02088	0.02420	0.02044	0.02201	0.18014	0.42716	0.01446	0.05251	0.01697	0.01837	0.01099	0.01387	0.00935	0.00876	0.03463	0.00224	0.10630	0.00498	0.00344	0.00830
11	0.02503	0.01844	0.01976	0.01515	0.02042	0.02042	0.01251	0.70562	0.03095	0.04149	0.01581	0.01581	0.01120	0.00790	0.00659	0.00198	0.00724	0.00593	0.00659	0.01120
12	0.00829	0.00595	0.00791	0.00930	0.00988	0.00557	0.00645	0.00969	0.01316	0.01752	0.06987	0.65716	0.06057	0.01999	0.00841	0.00266	0.00395	0.07205	0.00616	0.00545
13	0.69144	0.01305	0.01059	0.03837	0.01437	0.03849	0.00783	0.02010	0.01203	0.06813	0.01058	0.01203	0.00802	0.00631	0.00439	0.00202	0.00544	0.00392	0.02554	0.00736
14	0.00882	0.00673	0.00843	0.05004	0.01141	0.00644	0.00656	0.01057	0.01380	0.01796	0.13524	0.25114	0.23156	0.12797	0.03555	0.00326	0.00484	0.05850	0.00569	0.00550
15	0.00860	0.00653	0.00705	0.00706	0.00830	0.00592	0.00472	0.00969	0.01302	0.01634	0.09152	0.07775	0.38048	0.31410	0.01798	0.00387	0.00454	0.01221	0.00535	0.00497
16	0.08320	0.01543	0.01660	0.01266	0.01797	0.01570	0.01034	0.38016	0.05300	0.03290	0.01431	0.01502	0.01075	0.00674	0.00579	0.00164	0.00615	0.00509	0.00545	0.29106
17	0.01502	0.01238	0.03694	0.01021	0.01612	0.00906	0.00849	0.01807	0.01411	0.08350	0.01295	0.01442	0.01028	0.00521	0.00507	0.00110	0.00509	0.00417	0.00424	0.71356
18	0.01743	0.16551	0.02065	0.01717	0.12425	0.12096	0.01203	0.05181	0.27688	0.02182	0.01763	0.01948	0.01440	0.05062	0.03944	0.00253	0.00760	0.00602	0.00465	0.00912
19	0.02338	0.02807	0.01837	0.01644	0.01975	0.60162	0.01251	0.09181	0.01907	0.01855	0.01109	0.01314	0.00920	0.00947	0.04796	0.00227	0.04110	0.00462	0.00369	0.00787
20	0.03441	0.01220	0.05582	0.26788	0.05750	0.01148	0.01273	0.01646	0.01335	0.05016	0.01715	0.09032	0.04165	0.04573	0.00810	0.00212	0.03206	0.00697	0.00393	0.21995
21	0.00855	0.00621	0.00759	0.00817	0.00913	0.00576	0.00562	0.00957	0.01288	0.01666	0.07980	0.33479	0.23988	0.10684	0.05023	0.06865	0.00479	0.01419	0.00554	0.00513
22	0.01243	0.01170	0.01975	0.75282	0.04534	0.01463	0.01828	0.01682	0.01316	0.01682	0.01170	0.01755	0.00878	0.00658	0.00658	0.00219	0.00878	0.00585	0.00293	0.00731
23	0.00864	0.00662	0.00863	0.05050	0.01186	0.00636	0.00698	0.01055	0.01401	0.01836	0.12850	0.37199	0.20239	0.01968	0.05548	0.00300	0.00493	0.05992	0.00591	0.00570
24	0.01587	0.01430	0.02412	0.19719	0.52136	0.01487	0.01888	0.01980	0.01487	0.05465	0.03256	0.01778	0.01177	0.00634	0.00657	0.00202	0.00780	0.00607	0.00353	0.00965
25	0.00867	0.00610	0.00751	0.00846	0.00926	0.00570	0.00583	0.01009	0.01305	0.01760	0.06012	0.46263	0.14082	0.10045	0.01076	0.00292	0.00406	0.04993	0.07068	0.00536
26	0.02954	0.01120	0.01528	0.01171	0.01681	0.00968	0.00968	0.03208	0.01884	0.73213	0.02597	0.02241	0.01630	0.00815	0.00662	0.00204	0.00560	0.00662	0.00815	0.01120
27	0.01797	0.01623	0.07090	0.15765	0.17039	0.04421	0.01538	0.16069	0.08060	0.08354	0.01660	0.05183	0.01339	0.00817	0.00747	0.00214	0.04731	0.02138	0.00473	0.00941
28	0.00869	0.00622	0.00756	0.00837	0.00931	0.00576	0.00586	0.00988	0.01293	0.01687	0.04044	0.37394	0.21525	0.10861	0.01197	0.04087	0.00424	0.07001	0.03799	0.00521
29	0.01114	0.01005	0.01377	0.01280	0.01372	0.03515	0.04935	0.01297	0.01321	0.01832	0.13865	0.35356	0.03300	0.01538	0.01214	0.00258	0.23023	0.01259	0.00508	0.00633
30	0.01070	0.00893	0.03132	0.01167	0.01356	0.00847	0.04825	0.01539	0.11104	0.02037	0.07738	0.33831	0.03601	0.01608	0.00805	0.00258	0.00510	0.19009	0.04006	0.00665
31	0.05505	0.10137	0.02073	0.03678	0.03836	0.30205	0.01307	0.12548	0.01721	0.02058	0.01059	0.01320	0.00893	0.00798	0.00980	0.00205	0.20000	0.00487	0.00370	0.00819
32	0.01526	0.01585	0.08826	0.08361	0.31782	0.03323	0.01606	0.06491	0.03397	0.02194	0.01473	0.03464	0.01264	0.00917	0.04132	0.00235	0.02430	0.03525	0.03449	0.10018
33	0.01283	0.01030	0.01484	0.18467	0.09391	0.04199	0.02706	0.03191	0.01231	0.01602	0.01669	0.02332	0.06341	0.01702	0.07055	0.30309	0.02778	0.02301	0.00342	0.00586
34	0.01170	0.00985	0.05190	0.01132	0.01349	0.00987	0.00927	0.01679	0.12328	0.05173	0.01937	0.02595	0.01707	0.08600	0.50210	0.00809	0.01389	0.00714	0.00424	0.00695
35	0.01687	0.01495	0.02064	0.22727	0.20627	0.06731	0.03832	0.11486	0.01677	0.05853	0.01542	0.01864	0.03852	0.00881	0.03605	0.00235	0.03449	0.00610	0.00404	0.05378
36	0.01243	0.00887	0.01207	0.16353	0.01865	0.00932	0.00954	0.03373	0.05060	0.08455	0.05867	0.16322	0.11054	0.08747	0.08350	0.00351	0.00687	0.04863	0.00521	0.02909
37	0.01354	0.00798	0.00961	0.00917	0.01106	0.00764	0.00672	0.04189	0.04550	0.14023	0.05704	0.19233	0.12717	0.18150	0.01318	0.00320	0.00489	0.05626	0.06444	0.00666
38	0.01412	0.01196	0.01392	0.01349	0.05078	0.06611	0.00996	0.13308	0.03892	0.02089	0.01977	0.05278	0.05529	0.06037	0.32519	0.00596	0.07173	0.00742	0.02095	0.00730
39	0.01349	0.02666	0.01657	0.01447	0.04350	0.04896	0.11820	0.10080	0.01675	0.02207	0.13100	0.09346	0.07337	0.09597	0.05892	0.00326	0.00739	0.10283	0.00518	0.00714
40	0.01088	0.00712	0.00895	0.00929	0.01054	0.00683	0.00656	0.01359	0.06421	0.07919	0.12243	0.40762	0.07341	0.11252	0.01123	0.00297	0.00435	0.03594	0.00620	0.00618
41	0.00853	0.00624	0.00789	0.00886	0.00960	0.00590	0.00602	0.01043	0.03703	0.01793	0.10730	0.55464	0.09980	0.07478	0.01009	0.00284	0.00394	0.01656	0.00609	0.00552
42	0.00983	0.00782	0.00888	0.00991	0.01071	0.04748	0.00681	0.04594	0.01389	0.01804	0.03377	0.68361	0.03991	0.01919	0.00817	0.00258	0.00445	0.01725	0.00598	0.00578
43	0.01246	0.01002	0.01065	0.01010	0.01245	0.04149	0.00767	0.04833	0.17868	0.04098	0.14564	0.13170	0.22186	0.01422	0.00850	0.04751	0.00466	0.03978	0.00620	0.00713
44	0.01249	0.00759	0.00912	0.00886	0.01015	0.00740	0.00605	0.04896	0.03221	0.10155	0.05838	0.25206	0.05193	0.30501	0.01749	0.00388	0.00514	0.01176	0.04391	0.00603
45	0.00924	0.00652	0.00829	0.00861	0.00916	0.00671	0.00582	0.01028	0.01088	0.01467	0.02540	0.15868	0.05950	0.38596	0.21051	0.00649	0.00872	0.04526	0.00442	0.00488
46	0.01451	0.01171	0.01282	0.01160	0.01475	0.01290	0.00897	0.02756	0.47204	0.05168	0.19035	0.03338	0.08847	0.01059	0.00703	0.00219	0.00458	0.00898	0.00683	0.00907
47	0.05941	0.00798	0.00927	0.00836	0.01100	0.00719	0.00641	0.01591	0.01606	0.18017	0.19094	0.07281	0.30242	0.04593	0.00834	0.00231	0.00404	0.01098	0.03348	0.00700
48	0.00868	0.00613	0.00781	0.00859	0.00930	0.00590	0.00585	0.01007	0.01274	0.01734	0.09399	0.43492	0.09227	0.13200	0.08196	0.00383	0.00538	0.01469	0.04322	0.00533
49	0.00841	0.00606	0.00804	0.00942	0.01008	0.00569	0.00667	0.00991	0.01328	0.01761	0.06377	0.61365	0.07304	0.01985	0.00844	0.00268	0.00407	0.10770	0.00615	0.00549
50	0.07728	0.01296	0.01495	0.01191	0.01635	0.01321	0.00972	0.23175	0.07252	0.31790	0.05213	0.02120	0.01650	0.00818	0.00628	0.00198	0.00565	0.00645	0.09298	0.01010
51	0.01087	0.00823	0.01192	0.01081	0.01252	0.00879	0.04664	0.01333	0.01351	0.04690	0.17519	0.03464	0.11155	0.06207	0.30136	0.00571	0.07061	0.00892	0.04012	0.00632
52	0.05935	0.01229	0.01852	0.54446	0.03738	0.01453	0.01596	0.07302	0.03383	0.10718	0.01403	0.01782	0.01010	0.00691	0.00645	0.00215	0.00797	0.00587	0.00401	0.00816
53	0.01479	0.01258	0.01624	0.01370	0.01694	0.01369	0.09819	0.07693	0.35447	0.02441	0.07920	0.02844	0.02204	0.14891	0.04705	0.00335	0.00676	0.00810	0.00566	0.00855
54	0.01013	0.00864	0.04728	0.01037	0.01185	0.00851	0.00821	0.03589	0.01133	0.01600	0.01867	0.05771	0.01853	0.19916	0.49766	0.00863	0.01390	0.00790	0.00380	0.00583
55	0.05926	0.13237	0.08041	0.01651	0.06629	0.29171	0.02974	0.02061	0.01464	0.01723	0.01153	0.01603	0.01039	0.07650	0.05109	0.00277	0.08686	0.00513	0.00329	0.00766
56	0.12416	0.01278	0.03916	0.04127	0.05028	0.01116	0.00988	0.07625	0.01522	0.02414	0.04535	0.02103	0.01444	0.00711	0.00563	0.00158	0.00561	0.06898	0.00440	0.42157
57	0.06316	0.05424	0.05713	0.05487	0.08105	0.01553	0.10152	0.11214	0.09846	0.12705	0.01799	0.01913	0.03995	0.00764	0.00758	0.00205	0.06581	0.00629	0.00492	0.06350
58	0.06145	0.09444	0.02052	0.01541	0.01976	0.26466	0.08800	0.04893	0.15479	0.08535	0.01555	0.01640	0.01195	0.00818	0.02655	0.00210	0.00875	0.00549	0.00458	0.04716

[dist]
# distance from previous block
# <min> <max>
4	10

[block]
# block no. 3 follows, 33 sequences, length 65
# corresponding to MSA columns:
# 535-599
name=unknown_D
#
# <colnr> <probs for GDERKNQSTAVLIFYWHMCP>
#	G	D	E	R	K	N	Q	S	T	A	V	L	I	F	Y	W	H	M	C	P
0	0.01118	0.06324	0.01134	0.00933	0.01037	0.00977	0.00661	0.04137	0.03637	0.01554	0.01914	0.05634	0.02036	0.43218	0.18978	0.00637	0.04276	0.00844	0.00402	0.00547
1	0.02204	0.01790	0.03551	0.07259	0.03885	0.05737	0.01304	0.43886	0.13985	0.05528	0.01698	0.01731	0.01234	0.00790	0.00687	0.00204	0.02280	0.00607	0.00595	0.01044
2	0.07684	0.05262	0.01610	0.01362	0.01681	0.31269	0.01048	0.12802	0.06578	0.02206	0.04551	0.08214	0.01620	0.04669	0.06347	0.00278	0.00912	0.00667	0.00457	0.00782
3	0.07956	0.00849	0.01063	0.01066	0.04297	0.00886	0.00724	0.03884	0.09313	0.01802	0.04342	0.02162	0.01485	0.04825	0.01796	0.44662	0.00551	0.00613	0.04391	0.03331
4	0.01897	0.01538	0.04869	0.01390	0.04251	0.04741	0.01110	0.27814	0.13912	0.08557	0.16046	0.02684	0.06378	0.00949	0.00686	0.00205	0.00608	0.00774	0.00639	0.00950
5	0.13795	0.55678	0.02759	0.01078	0.01559	0.02200	0.01024	0.01862	0.01268	0.01760	0.01026	0.01258	0.00930	0.01143	0.10077	0.00270	0.00813	0.00399	0.00310	0.00791
6	0.10813	0.02465	0.01053	0.00965	0.01178	0.00928	0.00750	0.03487	0.03768	0.05156	0.05739	0.08699	0.14959	0.04567	0.31859	0.00583	0.01006	0.00892	0.00483	0.00652
7	0.01331	0.00754	0.00941	0.00902	0.01092	0.00690	0.00652	0.01540	0.03496	0.17453	0.11212	0.27250	0.15387	0.12815	0.01155	0.00293	0.00447	0.01279	0.00638	0.00671
8	0.01423	0.01200	0.01099	0.01029	0.01281	0.11435	0.00769	0.05050	0.11454	0.07426	0.03794	0.15402	0.25451	0.05494	0.00860	0.00239	0.00542	0.01084	0.04254	0.00715
9	0.01008	0.00657	0.00758	0.00762	0.00826	0.00627	0.00473	0.01062	0.01128	0.05004	0.03008	0.15047	0.13015	0.51003	0.02469	0.00501	0.00552	0.01140	0.00482	0.00478
10	0.01149	0.00741	0.00873	0.00839	0.01019	0.00685	0.00602	0.01396	0.05108	0.10479	0.14924	0.16323	0.24906	0.16466	0.01279	0.00308	0.00435	0.01229	0.00615	0.00625
11	0.00940	0.00646	0.00738	0.00784	0.00885	0.00612	0.00531	0.02752	0.01311	0.01794	0.03682	0.31246	0.18693	0.18427	0.01323	0.00321	0.00425	0.01332	0.13022	0.00536
12	0.01919	0.01977	0.01448	0.01305	0.01571	0.34831	0.00972	0.12632	0.01784	0.02064	0.01576	0.05427	0.01443	0.12952	0.04514	0.00292	0.00903	0.00639	0.11029	0.00723
13	0.01298	0.00836	0.00966	0.00881	0.01125	0.00793	0.00673	0.07221	0.04854	0.10412	0.17969	0.09513	0.27694	0.01379	0.00813	0.04042	0.00408	0.01101	0.07328	0.00693
14	0.00900	0.00617	0.00785	0.00871	0.00945	0.00605	0.00607	0.01051	0.01238	0.01723	0.03205	0.41712	0.07641	0.11642	0.10258	0.00398	0.00585	0.04561	0.10117	0.00538
15	0.00955	0.00648	0.00770	0.00770	0.00788	0.00666	0.00463	0.00991	0.00973	0.01315	0.02027	0.04046	0.02280	0.65913	0.14146	0.00702	0.00810	0.00919	0.00392	0.00428
16	0.01730	0.01460	0.01541	0.01358	0.01747	0.01681	0.01064	0.10679	0.64236	0.02903	0.02562	0.02362	0.01914	0.00882	0.00669	0.00221	0.00543	0.00728	0.00669	0.01050
17	0.03576	0.00726	0.00858	0.00854	0.01010	0.00680	0.00604	0.03279	0.01434	0.08397	0.11017	0.28645	0.19596	0.14824	0.01225	0.00306	0.00439	0.01332	0.00600	0.00601
18	0.01780	0.09224	0.28961	0.01698	0.02241	0.28361	0.01705	0.02176	0.01497	0.01778	0.01075	0.01334	0.00872	0.00857	0.03287	0.00228	0.11312	0.00472	0.00305	0.00837
19	0.01398	0.41935	0.02280	0.01049	0.01431	0.01739	0.00952	0.01695	0.04757	0.01798	0.08993	0.09146	0.10257	0.01057	0.00602	0.00191	0.00577	0.08950	0.00447	0.00745
20	0.00999	0.00715	0.00830	0.00828	0.00983	0.00672	0.00590	0.03642	0.03525	0.03992	0.16529	0.22861	0.24959	0.11843	0.01122	0.00284	0.00408	0.01322	0.03303	0.00593
21	0.02290	0.01235	0.01483	0.01222	0.01647	0.01244	0.00982	0.10346	0.22335	0.36916	0.02632	0.02640	0.03802	0.04696	0.00811	0.00235	0.00566	0.03172	0.00721	0.01027
22	0.01591	0.01546	0.02699	0.10007	0.62049	0.01563	0.06844	0.01998	0.01487	0.02108	0.01239	0.01650	0.01026	0.00590	0.00661	0.00199	0.00813	0.00600	0.00324	0.01005
23	0.00873	0.00703	0.00749	0.00731	0.00944	0.00626	0.00550	0.01160	0.05070	0.02034	0.19690	0.05677	0.52240	0.01522	0.00758	0.00216	0.00337	0.01282	0.04242	0.00596
24	0.00825	0.00660	0.00723	0.00722	0.00903	0.00574	0.00527	0.01009	0.01529	0.01928	0.20619	0.10454	0.48893	0.06552	0.00950	0.00249	0.00352	0.01349	0.00622	0.00558
25	0.02782	0.01082	0.01473	0.01142	0.01621	0.00938	0.00938	0.03041	0.01882	0.67214	0.08532	0.02468	0.02019	0.00860	0.00672	0.00204	0.00539	0.00707	0.00807	0.01078
26	0.00957	0.00641	0.00734	0.00734	0.00740	0.00647	0.00419	0.00968	0.00962	0.01288	0.02060	0.04227	0.02358	0.73471	0.06695	0.00658	0.00691	0.00945	0.00397	0.00408
27	0.81514	0.01273	0.00968	0.00866	0.01273	0.01477	0.00713	0.01935	0.01120	0.02954	0.00917	0.01069	0.00713	0.00611	0.00407	0.00204	0.00509	0.00356	0.00407	0.00713
28	0.00939	0.00630	0.00724	0.00742	0.00746	0.00626	0.00424	0.00952	0.00994	0.01325	0.02261	0.12963	0.02629	0.67888	0.03050	0.00594	0.00607	0.01067	0.00424	0.00415
29	0.01144	0.00572	0.00858	0.00858	0.00858	0.00572	0.00572	0.00858	0.00858	0.01144	0.01144	0.02001	0.01144	0.02287	0.02573	0.80846	0.00572	0.00572	0.00286	0.00286
30	0.01852	0.67565	0.03243	0.01201	0.01735	0.11972	0.01145	0.02057	0.01407	0.01557	0.00929	0.01073	0.00845	0.00578	0.00445	0.00145	0.00767	0.00361	0.00289	0.00834
31	0.01760	0.77260	0.03450	0.01126	0.01690	0.02605	0.01126	0.01971	0.01338	0.01549	0.00915	0.01056	0.00845	0.00563	0.00422	0.00141	0.00704	0.00352	0.00282	0.00845
32	0.02446	0.01918	0.05371	0.01532	0.02080	0.02017	0.01307	0.67309	0.03014	0.04051	0.01562	0.01572	0.01106	0.00782	0.00657	0.00198	0.00736	0.00588	0.00640	0.01113
33	0.01635	0.06648	0.15313	0.02284	0.02952	0.01630	0.43616	0.02154	0.01512	0.08094	0.01364	0.01678	0.01009	0.00612	0.00767	0.00212	0.04058	0.00671	0.00361	0.03429
34	0.00973	0.00696	0.00959	0.01101	0.01218	0.00681	0.00899	0.01218	0.01452	0.01911	0.06781	0.28981	0.04081	0.01873	0.00881	0.00287	0.00522	0.44289	0.00613	0.00584
35	0.00971	0.00654	0.00763	0.00783	0.00803	0.00654	0.00485	0.01011	0.01030	0.01367	0.02259	0.04716	0.02576	0.67048	0.03031	0.00594	0.00634	0.09769	0.00426	0.00426
36	0.01972	0.09536	0.07738	0.11604	0.10962	0.04569	0.04033	0.03519	0.01541	0.23834	0.01593	0.01764	0.01164	0.00931	0.04116	0.00245	0.08904	0.00582	0.00468	0.00927
37	0.05176	0.01240	0.05461	0.01195	0.01702	0.01027	0.01031	0.03009	0.04445	0.60564	0.04127	0.02240	0.01682	0.00936	0.02846	0.00230	0.00610	0.00660	0.00751	0.01069
38	0.01211	0.01178	0.03317	0.12580	0.01976	0.04518	0.04848	0.01587	0.06018	0.01717	0.02092	0.02596	0.09633	0.04021	0.26527	0.00529	0.13843	0.00739	0.00382	0.00689
39	0.59321	0.04358	0.01363	0.01169	0.03512	0.12490	0.02941	0.04452	0.01333	0.02695	0.00976	0.01141	0.00770	0.00623	0.00463	0.00196	0.00651	0.00394	0.00397	0.00754
40	0.01406	0.01667	0.13156	0.21460	0.32998	0.01456	0.05679	0.01854	0.01436	0.02009	0.04588	0.05226	0.01353	0.00722	0.00698	0.00211	0.02177	0.00668	0.00341	0.00896
41	0.03431	0.16098	0.28549	0.04776	0.15820	0.12950	0.03812	0.02110	0.01470	0.01934	0.01117	0.01361	0.00884	0.00611	0.00587	0.00186	0.00901	0.00479	0.00305	0.02619
42	0.00940	0.00705	0.01058	0.01058	0.01176	0.00823	0.00823	0.01176	0.01058	0.01528	0.01763	0.02586	0.01646	0.04937	0.74255	0.01058	0.01763	0.00705	0.00353	0.00588
43	0.01391	0.04835	0.01931	0.15444	0.27852	0.01352	0.01435	0.04338	0.08075	0.02190	0.12151	0.04380	0.08050	0.00904	0.00684	0.00209	0.00649	0.02817	0.00458	0.00854
44	0.02041	0.01606	0.01718	0.01398	0.01862	0.01777	0.01125	0.36247	0.32591	0.03391	0.02025	0.01943	0.01494	0.00812	0.00650	0.00201	0.00618	0.00643	0.00643	0.07217
45	0.00829	0.00631	0.00732	0.00779	0.00899	0.00568	0.00538	0.00971	0.01385	0.01775	0.12611	0.30067	0.31580	0.12193	0.01156	0.00294	0.00390	0.01473	0.00595	0.00534
46	0.01128	0.00676	0.00902	0.00911	0.01007	0.00656	0.00642	0.02691	0.01276	0.06713	0.10168	0.24894	0.05517	0.10248	0.06626	0.21259	0.00572	0.03073	0.00513	0.00526
47	0.01491	0.14991	0.32758	0.02012	0.02754	0.04005	0.25048	0.02049	0.01436	0.01963	0.01210	0.01513	0.00929	0.00791	0.04022	0.00240	0.01018	0.00570	0.00303	0.00899
48	0.01135	0.01004	0.01525	0.27469	0.02475	0.01127	0.05606	0.01541	0.06689	0.01840	0.08385	0.08859	0.13677	0.04046	0.05024	0.03112	0.04455	0.00914	0.00445	0.00675
49	0.01204	0.00897	0.01016	0.00986	0.01150	0.00939	0.00704	0.09243	0.13981	0.02106	0.04570	0.25682	0.07531	0.20987	0.01423	0.00340	0.00510	0.02802	0.03265	0.00664
50	0.74969	0.01274	0.01051	0.04312	0.01439	0.01495	0.00790	0.01911	0.01125	0.02846	0.00926	0.01114	0.00726	0.00633	0.00482	0.00207	0.03211	0.00375	0.00398	0.00714
51	0.00804	0.00647	0.00702	0.00729	0.00896	0.00561	0.00523	0.00959	0.01440	0.01779	0.09835	0.19822	0.50351	0.06778	0.00963	0.00258	0.00362	0.01442	0.00604	0.00545
52	0.05819	0.09395	0.06316	0.07274	0.01677	0.01201	0.01017	0.03344	0.10384	0.07850	0.10880	0.12129	0.05761	0.04947	0.00876	0.02773	0.00572	0.06501	0.00532	0.00752
53	0.01691	0.01624	0.02617	0.10344	0.52155	0.04199	0.07475	0.07844	0.01635	0.02254	0.01261	0.01633	0.01023	0.00611	0.00661	0.00199	0.00827	0.00597	0.00352	0.00997
54	0.00931	0.00654	0.00792	0.00840	0.00893	0.00640	0.00543	0.03146	0.01221	0.01630	0.06139	0.34635	0.06493	0.33974	0.04115	0.00442	0.00538	0.01353	0.00519	0.00502
55	0.01064	0.00820	0.01139	0.01090	0.01202	0.00959	0.00837	0.04652	0.01187	0.01691	0.05091	0.04881	0.01927	0.12748	0.49495	0.00827	0.08618	0.00774	0.00392	0.00605
56	0.04123	0.07904	0.03570	0.29850	0.15911	0.04210	0.04676	0.01871	0.05090	0.01884	0.01565	0.03548	0.04466	0.00780	0.00761	0.00214	0.06549	0.01865	0.00352	0.00812
57	0.01359	0.07557	0.01516	0.07657	0.04099	0.03867	0.00991	0.09495	0.04755	0.01951	0.04994	0.04955	0.01899	0.17691	0.17527	0.00488	0.04914	0.03158	0.00430	0.00696
58	0.00899	0.00610	0.00810	0.00930	0.01002	0.00567	0.00645	0.01039	0.01331	0.04341	0.06777	0.64766	0.06337	0.01960	0.00833	0.00263	0.00396	0.05306	0.00623	0.00564
59	0.01385	0.02097	0.28822	0.29344	0.10647	0.01511	0.05415	0.05168	0.02871	0.02073	0.03638	0.01719	0.01098	0.00667	0.00655	0.00212	0.00882	0.00582	0.00332	0.00883
60	0.04555	0.03830	0.14627	0.07052	0.13696	0.07870	0.01534	0.16512	0.10663	0.07572	0.01633	0.04735	0.01277	0.00764	0.00641	0.00204	0.00769	0.00620	0.00477	0.00969
61	0.01575	0.01504	0.02504	0.12451	0.58114	0.01574	0.01926	0.02031	0.04784	0.02099	0.01283	0.01676	0.01061	0.00634	0.00717	0.00204	0.03942	0.00593	0.00337	0.00991
62	0.00934	0.00699	0.01043	0.01051	0.01165	0.00809	0.00812	0.01163	0.01068	0.01536	0.01857	0.06276	0.01781	0.04794	0.70587	0.01019	0.01694	0.00764	0.00366	0.00585
63	0.57786	0.04203	0.01289	0.01049	0.01455	0.07846	0.00860	0.08125	0.01375	0.02799	0.00993	0.01154	0.00784	0.00651	0.00530	0.00197	0.04043	0.00395	0.00413	0.04053
64	0.01923	0.01485	0.01763	0.05382	0.12164	0.06751	0.01216	0.18883	0.04796	0.12408	0.06576	0.02209	0.04817	0.03600	0.00871	0.00215	0.06631	0.00668	0.00533	0.07106

[dist]
# distance from previous block
# <min> <max>
4	5

[block]
# block no. 4 follows, 33 sequences, length 12
# corresponding to MSA columns:
# 605-616
name=unknown_E
#
# <colnr> <probs for GDERKNQSTAVLIFYWHMCP>
#	G	D	E	R	K	N	Q	S	T	A	V	L	I	F	Y	W	H	M	C	P
0	0.00813	0.00647	0.00703	0.00727	0.00886	0.00566	0.00515	0.00960	0.01415	0.01754	0.09644	0.18370	0.47930	0.10772	0.01099	0.00279	0.00377	0.01410	0.00593	0.00537
1	0.01010	0.00750	0.00872	0.00875	0.01025	0.00720	0.00639	0.06712	0.01514	0.01967	0.11641	0.19209	0.23783	0.17132	0.01325	0.00322	0.00466	0.08875	0.00583	0.00578
2	0.01332	0.01127	0.01312	0.00954	0.01491	0.00858	0.00749	0.01600	0.01332	0.02074	0.01244	0.01606	0.01091	0.06730	0.00722	0.00142	0.00500	0.00436	0.00391	0.74310
3	0.01210	0.00878	0.00974	0.01002	0.04977	0.04395	0.00627	0.01316	0.01258	0.07338	0.05283	0.06821	0.14064	0.41635	0.02119	0.00435	0.00589	0.00980	0.00480	0.03619
4	0.01560	0.04272	0.02350	0.17065	0.41897	0.03599	0.03578	0.05389	0.01522	0.02066	0.01386	0.02062	0.01214	0.04947	0.00811	0.00228	0.00798	0.03993	0.00354	0.00909
5	0.01544	0.01093	0.01142	0.01029	0.01313	0.06863	0.00795	0.07880	0.06141	0.14864	0.14671	0.12872	0.22638	0.01311	0.00736	0.00218	0.00500	0.02978	0.00651	0.00763
6	0.04027	0.02597	0.02575	0.01277	0.05730	0.01012	0.04413	0.04669	0.08056	0.03446	0.07708	0.23364	0.16930	0.01674	0.06796	0.00298	0.03011	0.01160	0.00547	0.00711
7	0.07076	0.09795	0.01608	0.01355	0.06614	0.06307	0.00983	0.14243	0.07535	0.02305	0.02133	0.18194	0.04296	0.05355	0.06779	0.00298	0.00712	0.00877	0.00496	0.03038
8	0.06626	0.17390	0.16857	0.01653	0.05688	0.06146	0.09268	0.03700	0.04633	0.04290	0.01382	0.04398	0.01161	0.01094	0.07496	0.00272	0.03033	0.00577	0.00368	0.03967
9	0.06129	0.21612	0.24411	0.01547	0.04542	0.01688	0.04669	0.01893	0.01367	0.04571	0.03761	0.02009	0.03765	0.01015	0.04840	0.00250	0.06718	0.04013	0.00358	0.00842
10	0.01591	0.09578	0.28837	0.06481	0.02256	0.07814	0.01588	0.07533	0.05801	0.06547	0.05209	0.10566	0.01668	0.00874	0.00646	0.00206	0.00783	0.00709	0.00434	0.00881
11	0.03773	0.04586	0.23633	0.08484	0.07692	0.09239	0.03412	0.02044	0.03457	0.07855	0.01697	0.07786	0.03227	0.00848	0.00732	0.00211	0.05002	0.02399	0.00399	0.03524

[dist]
# distance from previous block
# <min> <max>
4	8

[block]
# block no. 5 follows, 33 sequences, length 7
# corresponding to MSA columns:
# 625-631
name=unknown_F
#
# <colnr> <probs for GDERKNQSTAVLIFYWHMCP>
#	G	D	E	R	K	N	Q	S	T	A	V	L	I	F	Y	W	H	M	C	P
0	0.01001	0.00958	0.06610	0.01282	0.06591	0.00814	0.00959	0.01229	0.01347	0.01816	0.06156	0.33455	0.08625	0.07925	0.01085	0.00290	0.03909	0.14789	0.00536	0.00623
1	0.01651	0.01537	0.07405	0.26313	0.14761	0.04095	0.01569	0.09964	0.09901	0.07833	0.01699	0.07400	0.01383	0.00805	0.00668	0.00213	0.00758	0.00694	0.00450	0.00901
2	0.11749	0.05144	0.01701	0.07476	0.01974	0.09953	0.01123	0.23212	0.15342	0.07799	0.04277	0.01958	0.03878	0.00805	0.00620	0.00201	0.00685	0.00615	0.00557	0.00933
3	0.08368	0.01650	0.01834	0.10042	0.07626	0.05467	0.01274	0.33811	0.11210	0.06177	0.01592	0.01674	0.01169	0.00740	0.00629	0.00198	0.00709	0.00577	0.00551	0.04702
4	0.01039	0.00907	0.01012	0.01121	0.05333	0.06792	0.00769	0.01250	0.01521	0.01961	0.20290	0.26240	0.17696	0.01763	0.05090	0.00280	0.00540	0.05199	0.00583	0.00616
5	0.01835	0.01435	0.01592	0.05285	0.01908	0.01622	0.01124	0.17162	0.45605	0.06867	0.02415	0.02520	0.01849	0.00910	0.00681	0.00221	0.00589	0.04707	0.00652	0.01020
6	0.01561	0.07912	0.07563	0.03273	0.13815	0.08853	0.02592	0.07078	0.03066	0.05651	0.04353	0.08497	0.03126	0.12926	0.06601	0.00332	0.00812	0.00764	0.00434	0.00791

[dist]
# distance from previous block
# <min> <max>
2	7

[block]
# block no. 6 follows, 33 sequences, length 39
# corresponding to MSA columns:
# 639-677
name=unknown_G
#
# <colnr> <probs for GDERKNQSTAVLIFYWHMCP>
#	G	D	E	R	K	N	Q	S	T	A	V	L	I	F	Y	W	H	M	C	P
0	0.04499	0.01734	0.11902	0.03961	0.24292	0.09819	0.03068	0.01975	0.03529	0.06545	0.08681	0.04830	0.07626	0.01007	0.03487	0.00236	0.00777	0.00731	0.00436	0.00866
1	0.01661	0.01793	0.06972	0.06154	0.29750	0.10102	0.10779	0.07963	0.03806	0.02187	0.01647	0.07090	0.03811	0.00783	0.00714	0.00207	0.02561	0.00711	0.00393	0.00915
2	0.01765	0.07734	0.04658	0.15501	0.14597	0.05739	0.04582	0.15803	0.03683	0.07021	0.04034	0.03742	0.04470	0.00898	0.02738	0.00225	0.00788	0.00662	0.00457	0.00904
3	0.06549	0.11636	0.15801	0.03312	0.11623	0.05763	0.01397	0.03472	0.01412	0.03739	0.01275	0.03577	0.01078	0.00994	0.06487	0.00244	0.03040	0.00518	0.00358	0.17725
4	0.01002	0.00682	0.00807	0.03411	0.00964	0.00659	0.00526	0.01100	0.01226	0.04290	0.11798	0.07861	0.14772	0.45546	0.02276	0.00465	0.00539	0.01077	0.00498	0.00499
5	0.09231	0.22457	0.06695	0.01602	0.07110	0.08247	0.09686	0.04496	0.03733	0.02049	0.01323	0.06093	0.01172	0.00809	0.02632	0.00201	0.00779	0.00568	0.00371	0.10747
6	0.01217	0.00923	0.01002	0.00963	0.01201	0.00952	0.00739	0.07458	0.17981	0.02309	0.03893	0.15645	0.23291	0.01343	0.00711	0.00222	0.00432	0.05680	0.13310	0.00726
7	0.01308	0.01108	0.01317	0.00981	0.01505	0.00861	0.00778	0.01589	0.01334	0.02074	0.01305	0.03941	0.01147	0.00944	0.07205	0.00190	0.00600	0.00467	0.00394	0.70950
8	0.01243	0.01170	0.01975	0.75282	0.04534	0.01463	0.01828	0.01682	0.01316	0.01682	0.01170	0.01755	0.00878	0.00658	0.00658	0.00219	0.00878	0.00585	0.00293	0.00731
9	0.02954	0.01120	0.01528	0.01171	0.01681	0.00968	0.00968	0.03208	0.01884	0.73213	0.02597	0.02241	0.01630	0.00815	0.00662	0.00204	0.00560	0.00662	0.00815	0.01120
10	0.01046	0.00673	0.00818	0.00801	0.00846	0.00687	0.00503	0.01100	0.01018	0.04615	0.02041	0.03897	0.02221	0.60161	0.16263	0.00696	0.00842	0.00898	0.00409	0.00467
11	0.02219	0.01071	0.01362	0.01154	0.01534	0.01025	0.00923	0.05129	0.12853	0.41521	0.02741	0.11932	0.02194	0.03401	0.00782	0.00234	0.00537	0.05809	0.02617	0.00963
12	0.01243	0.01170	0.01975	0.75282	0.04534	0.01463	0.01828	0.01682	0.01316	0.01682	0.01170	0.01755	0.00878	0.00658	0.00658	0.00219	0.00878	0.00585	0.00293	0.00731
13	0.02495	0.02071	0.01956	0.01546	0.02040	0.14685	0.01255	0.58662	0.02880	0.03704	0.01482	0.01512	0.01072	0.00771	0.00647	0.00193	0.00805	0.00563	0.00603	0.01057
14	0.02503	0.01844	0.01976	0.01515	0.02042	0.02042	0.01251	0.70562	0.03095	0.04149	0.01581	0.01581	0.01120	0.00790	0.00659	0.00198	0.00724	0.00593	0.00659	0.01120
15	0.01144	0.00572	0.00858	0.00858	0.00858	0.00572	0.00572	0.00858	0.00858	0.01144	0.01144	0.02001	0.01144	0.02287	0.02573	0.80846	0.00572	0.00572	0.00286	0.00286
16	0.10889	0.02939	0.01770	0.01607	0.01954	0.66464	0.01212	0.02555	0.01786	0.01754	0.01007	0.01175	0.00834	0.00671	0.00574	0.00173	0.01115	0.00417	0.00346	0.00758
17	0.01243	0.01170	0.01975	0.75282	0.04534	0.01463	0.01828	0.01682	0.01316	0.01682	0.01170	0.01755	0.00878	0.00658	0.00658	0.00219	0.00878	0.00585	0.00293	0.00731
18	0.00946	0.00787	0.00853	0.00872	0.01049	0.03618	0.00659	0.01207	0.03811	0.02010	0.20839	0.17663	0.32525	0.01611	0.00792	0.00233	0.00408	0.08892	0.00628	0.00597
19	0.01716	0.57876	0.17317	0.01312	0.01943	0.06881	0.01396	0.02035	0.01381	0.01660	0.00975	0.01131	0.00843	0.00583	0.00474	0.00156	0.00788	0.00383	0.00284	0.00865
20	0.00832	0.00586	0.00755	0.00878	0.00909	0.00555	0.00570	0.00925	0.01202	0.01603	0.03329	0.62515	0.03976	0.16498	0.01325	0.00339	0.00431	0.01695	0.00570	0.00509
21	0.01005	0.00780	0.00924	0.00910	0.01087	0.00770	0.00676	0.01504	0.13327	0.02262	0.31804	0.17416	0.16818	0.04245	0.00869	0.00242	0.00385	0.03659	0.00659	0.00656
22	0.02521	0.01815	0.01957	0.01501	0.02027	0.01998	0.01240	0.67825	0.03046	0.06955	0.01622	0.01607	0.01140	0.00791	0.00659	0.00198	0.00718	0.00596	0.00665	0.01120
23	0.01893	0.01547	0.01596	0.01375	0.01777	0.04622	0.01084	0.18840	0.48243	0.05585	0.02384	0.04448	0.01815	0.00893	0.00669	0.00216	0.00592	0.00728	0.00657	0.01036
24	0.01093	0.00740	0.00881	0.00820	0.01012	0.00683	0.00608	0.04087	0.01686	0.06953	0.35215	0.07167	0.23493	0.09455	0.01034	0.00257	0.00388	0.01169	0.02629	0.00630
25	0.01773	0.01068	0.01138	0.00958	0.01262	0.01126	0.00764	0.25333	0.02001	0.07473	0.01981	0.02141	0.01489	0.00778	0.00541	0.00172	0.00466	0.00609	0.48108	0.00819
26	0.01169	0.00694	0.00827	0.00789	0.00851	0.00686	0.00488	0.01212	0.01063	0.08964	0.02109	0.03973	0.02262	0.63957	0.07793	0.00620	0.00705	0.00909	0.00440	0.00488
27	0.01144	0.00572	0.00858	0.00858	0.00858	0.00572	0.00572	0.00858	0.00858	0.01144	0.01144	0.02001	0.01144	0.02287	0.02573	0.80846	0.00572	0.00572	0.00286	0.00286
28	0.00812	0.00647	0.00733	0.00782	0.00945	0.00567	0.00575	0.00982	0.01455	0.01814	0.09422	0.25974	0.44993	0.01769	0.00804	0.00239	0.00364	0.05948	0.00618	0.00557
29	0.49570	0.01379	0.01299	0.01069	0.01522	0.01520	0.00882	0.18092	0.01711	0.15391	0.01362	0.01391	0.00966	0.00688	0.00510	0.00202	0.00568	0.00464	0.00536	0.00878
30	0.00945	0.00642	0.00844	0.00943	0.01021	0.00616	0.00675	0.01092	0.01300	0.03908	0.05575	0.44685	0.05764	0.12988	0.03662	0.00349	0.00507	0.13353	0.00580	0.00551
31	0.06803	0.00742	0.00846	0.00833	0.00926	0.00748	0.00552	0.03541	0.01230	0.04354	0.08958	0.14003	0.02898	0.45151	0.02249	0.00469	0.00561	0.04122	0.00493	0.00522
32	0.00828	0.00591	0.00767	0.00882	0.00933	0.00553	0.00588	0.00951	0.01292	0.01731	0.09814	0.60948	0.06226	0.09283	0.01078	0.00297	0.00399	0.01707	0.00601	0.00530
33	0.02516	0.01769	0.01923	0.01480	0.02001	0.01937	0.01221	0.62773	0.05024	0.10052	0.01701	0.01663	0.01190	0.00795	0.00659	0.00199	0.00704	0.00603	0.00672	0.01117
34	0.00813	0.00656	0.00683	0.00692	0.00861	0.00570	0.00488	0.00945	0.01384	0.01678	0.05617	0.10351	0.55072	0.15794	0.01264	0.00303	0.00394	0.01339	0.00571	0.00525
35	0.06954	0.04515	0.01988	0.21659	0.14754	0.26292	0.01490	0.02052	0.01489	0.01801	0.01124	0.01505	0.00932	0.00943	0.05313	0.00251	0.05310	0.00515	0.00325	0.00789
36	0.05782	0.30379	0.07410	0.05576	0.04336	0.24926	0.01324	0.09571	0.01691	0.01979	0.01062	0.01235	0.00877	0.00637	0.00536	0.00170	0.00880	0.00431	0.00348	0.00851
37	0.00991	0.05490	0.01120	0.00974	0.01096	0.00885	0.00737	0.01169	0.01066	0.01481	0.01929	0.02991	0.03922	0.20728	0.51452	0.00881	0.01401	0.00761	0.00366	0.00560
38	0.01729	0.74325	0.03358	0.01124	0.01670	0.02537	0.01115	0.01941	0.01327	0.01548	0.00948	0.01115	0.00876	0.00731	0.03253	0.00176	0.00745	0.00366	0.00284	0.00835

[dist]
# distance from previous block
# <min> <max>
0	3

[block]
# block no. 7 follows, 33 sequences, length 19
# corresponding to MSA columns:
# 681-699
name=unknown_H
#
# <colnr> <probs for GDERKNQSTAVLIFYWHMCP>
#	G	D	E	R	K	N	Q	S	T	A	V	L	I	F	Y	W	H	M	C	P
