[name]
unknown

[dist]
# distance from previous block
# <min> <max>
25	108

[block]
# block no. 0 follows, 34 sequences, length 63
# corresponding to MSA columns:
# 137-199
name=unknown_A
#
# <colnr> <probs for GDERKNQSTAVLIFYWHMCP>
#	G	D	E	R	K	N	Q	S	T	A	V	L	I	F	Y	W	H	M	C	P
0	0.01856	0.01475	0.03559	0.08991	0.02020	0.01577	0.01155	0.32561	0.19240	0.05518	0.06435	0.04811	0.06093	0.00910	0.00668	0.00207	0.00620	0.00742	0.00607	0.00955
1	0.02178	0.03714	0.01797	0.01404	0.01864	0.04208	0.01142	0.43997	0.21699	0.06199	0.03825	0.01875	0.01479	0.00810	0.00644	0.00199	0.00653	0.00629	0.00637	0.01046
2	0.05052	0.01526	0.01683	0.01347	0.01816	0.01654	0.01096	0.36130	0.21215	0.18495	0.02030	0.01902	0.01426	0.00802	0.00642	0.00202	0.00616	0.00628	0.00674	0.01065
3	0.02287	0.01687	0.01812	0.01425	0.01908	0.01865	0.01165	0.56206	0.13856	0.06026	0.01898	0.01843	0.03337	0.00817	0.00652	0.00199	0.00663	0.00630	0.00652	0.01071
4	0.02309	0.01655	0.01800	0.01413	0.01890	0.01817	0.01155	0.55806	0.10206	0.08320	0.03663	0.03802	0.01441	0.00836	0.00656	0.00199	0.00660	0.00651	0.00658	0.01062
5	0.02102	0.01638	0.01881	0.04081	0.02023	0.07488	0.07453	0.35973	0.05964	0.09419	0.06819	0.01899	0.01522	0.00770	0.00645	0.00190	0.00707	0.00630	0.03086	0.05708
6	0.01220	0.01148	0.01938	0.75739	0.04450	0.01436	0.01794	0.01651	0.01292	0.01651	0.01148	0.01723	0.00861	0.00646	0.00646	0.00215	0.00861	0.00574	0.00287	0.00718
7	0.01885	0.01233	0.01505	0.07291	0.01856	0.01130	0.00970	0.15277	0.01786	0.19577	0.01805	0.03487	0.03741	0.00702	0.00583	0.00157	0.00564	0.00568	0.00538	0.35344
8	0.01599	0.01535	0.02623	0.03966	0.73262	0.01535	0.01983	0.01983	0.01471	0.02111	0.01215	0.01599	0.01023	0.00576	0.00640	0.00192	0.00768	0.00576	0.00320	0.01023
9	0.01628	0.01562	0.01555	0.08403	0.06680	0.14141	0.01128	0.06937	0.31085	0.02383	0.10814	0.02555	0.06568	0.00894	0.00661	0.00204	0.00651	0.00735	0.00546	0.00871
10	0.00987	0.00730	0.01061	0.01038	0.01120	0.00858	0.00790	0.01131	0.01003	0.01439	0.01620	0.02543	0.01567	0.11112	0.53997	0.09905	0.07533	0.00691	0.00338	0.00537
11	0.00926	0.00647	0.00763	0.00773	0.00795	0.00660	0.00474	0.00964	0.01010	0.01348	0.02403	0.12839	0.06209	0.58271	0.06519	0.00572	0.02925	0.01045	0.00422	0.00435
12	0.01204	0.00602	0.00602	0.00602	0.00753	0.00602	0.00452	0.01506	0.01355	0.02409	0.02108	0.02409	0.01656	0.00753	0.00452	0.00151	0.00301	0.00602	0.80879	0.00602
13	0.01655	0.56129	0.20526	0.01302	0.01952	0.02274	0.01424	0.05085	0.01403	0.01764	0.00991	0.01140	0.00839	0.00578	0.00474	0.00157	0.00756	0.00388	0.00292	0.00872
14	0.00940	0.00717	0.01071	0.01061	0.01172	0.00848	0.00829	0.01168	0.01037	0.01502	0.01700	0.02500	0.01589	0.04718	0.72231	0.01012	0.04293	0.00688	0.00344	0.00581
15	0.01599	0.37460	0.27297	0.01703	0.07868	0.02029	0.05835	0.05867	0.01453	0.01923	0.01074	0.01264	0.00865	0.00587	0.00534	0.00173	0.00812	0.00447	0.00302	0.00905
16	0.64782	0.09730	0.01312	0.00956	0.01373	0.06445	0.00801	0.04623	0.01246	0.02707	0.00931	0.01075	0.00738	0.00606	0.00423	0.00191	0.00573	0.00363	0.00391	0.00733
17	0.01204	0.00602	0.00602	0.00602	0.00753	0.00602	0.00452	0.01506	0.01355	0.02409	0.02108	0.02409	0.01656	0.00753	0.00452	0.00151	0.00301	0.00602	0.80879	0.00602
18	0.04983	0.27477	0.05445	0.01330	0.01757	0.25504	0.01149	0.04763	0.07625	0.03587	0.03159	0.01486	0.01159	0.01016	0.06750	0.00240	0.00908	0.00475	0.00376	0.00810
19	0.01599	0.01535	0.02623	0.03966	0.73262	0.01535	0.01983	0.01983	0.01471	0.02111	0.01215	0.01599	0.01023	0.00576	0.00640	0.00192	0.00768	0.00576	0.00320	0.01023
20	0.05177	0.01274	0.01557	0.01207	0.01685	0.01241	0.00994	0.22240	0.02150	0.46825	0.05380	0.02102	0.01633	0.00809	0.00641	0.00197	0.00577	0.00643	0.02615	0.01053
21	0.00940	0.00626	0.00705	0.00705	0.00705	0.00626	0.00392	0.00940	0.00940	0.01253	0.02036	0.04228	0.02349	0.77292	0.03289	0.00626	0.00626	0.00940	0.00392	0.00392
22	0.01966	0.01508	0.01588	0.01348	0.01762	0.03910	0.01070	0.19105	0.46433	0.10486	0.02320	0.02150	0.01694	0.00838	0.00652	0.00210	0.00582	0.00678	0.00660	0.01040
23	0.01220	0.01148	0.01938	0.75739	0.04450	0.01436	0.01794	0.01651	0.01292	0.01651	0.01148	0.01723	0.00861	0.00646	0.00646	0.00215	0.00861	0.00574	0.00287	0.00718
24	0.01340	0.01148	0.01340	0.00957	0.01531	0.00861	0.00766	0.01627	0.01340	0.02105	0.01148	0.01340	0.00957	0.00479	0.00479	0.00096	0.00479	0.00383	0.00383	0.81242
25	0.04821	0.01749	0.01868	0.01442	0.01942	0.01934	0.01189	0.66356	0.02933	0.03980	0.04227	0.01660	0.01275	0.00791	0.00643	0.00194	0.00689	0.00597	0.00641	0.01068
26	0.00983	0.00805	0.01174	0.01128	0.01293	0.00779	0.08506	0.03579	0.06453	0.01864	0.03482	0.53286	0.10721	0.01694	0.00793	0.00247	0.00471	0.01546	0.00575	0.00621
27	0.00787	0.00562	0.00750	0.00900	0.00937	0.00525	0.00600	0.00900	0.01237	0.01649	0.03561	0.76871	0.04274	0.02024	0.00825	0.00262	0.00375	0.01837	0.00600	0.00525
28	0.01657	0.01413	0.01489	0.01325	0.01699	0.01630	0.01035	0.07394	0.68053	0.02783	0.02567	0.02360	0.01921	0.00871	0.00657	0.00218	0.00523	0.00722	0.00657	0.01027
29	0.01333	0.08486	0.66763	0.01818	0.02736	0.01579	0.04496	0.02039	0.01366	0.02010	0.01146	0.01353	0.00824	0.00607	0.00605	0.00200	0.00941	0.00477	0.00275	0.00943
30	0.01414	0.01414	0.01979	0.01696	0.01696	0.01979	0.01414	0.01555	0.00990	0.01555	0.00848	0.01414	0.00848	0.01131	0.02120	0.00283	0.76110	0.00565	0.00283	0.00707
31	0.01525	0.01743	0.03813	0.02723	0.03377	0.01634	0.70915	0.02070	0.01525	0.02070	0.01307	0.01743	0.00980	0.00545	0.00763	0.00218	0.01089	0.00763	0.00327	0.00871
32	0.01338	0.04446	0.12783	0.01746	0.02203	0.06248	0.24662	0.03280	0.03754	0.01978	0.04353	0.19575	0.04365	0.01058	0.00732	0.00224	0.00788	0.05265	0.00436	0.00768
33	0.01984	0.01466	0.01591	0.01322	0.01743	0.01621	0.01058	0.28373	0.35046	0.09572	0.04840	0.02297	0.04370	0.00876	0.00660	0.00207	0.00575	0.00707	0.00666	0.01026
34	0.01050	0.00716	0.00888	0.00821	0.00995	0.00666	0.00610	0.03495	0.01732	0.06069	0.51334	0.04698	0.13692	0.09193	0.01015	0.00249	0.00367	0.01124	0.00667	0.00620
35	0.01414	0.01414	0.01979	0.01696	0.01696	0.01979	0.01414	0.01555	0.00990	0.01555	0.00848	0.01414	0.00848	0.01131	0.02120	0.00283	0.76110	0.00565	0.00283	0.00707
36	0.01327	0.01384	0.02676	0.15569	0.02907	0.01459	0.36038	0.01717	0.01354	0.01846	0.01597	0.14559	0.01503	0.00903	0.00952	0.00235	0.11972	0.00883	0.00360	0.00760
37	0.78811	0.01246	0.00987	0.03678	0.01370	0.01449	0.00741	0.01890	0.01107	0.02852	0.00909	0.01075	0.00706	0.00602	0.00409	0.00201	0.00513	0.00358	0.00396	0.00700
38	0.00852	0.00708	0.00877	0.07424	0.03757	0.00659	0.00693	0.01048	0.01435	0.01804	0.11140	0.21769	0.42365	0.01573	0.00763	0.00226	0.00399	0.01358	0.00573	0.00578
39	0.01502	0.01436	0.02446	0.22435	0.55555	0.01510	0.01934	0.01898	0.01425	0.01993	0.01198	0.01631	0.00982	0.00594	0.00641	0.00198	0.00792	0.00575	0.00311	0.00945
40	0.01665	0.01250	0.01550	0.06640	0.01870	0.03600	0.04073	0.05449	0.01526	0.13536	0.01471	0.03954	0.01163	0.00616	0.00554	0.00140	0.00578	0.00515	0.00458	0.49391
41	0.00975	0.00685	0.00842	0.00823	0.00840	0.00739	0.00525	0.01008	0.00954	0.01304	0.01882	0.03721	0.02102	0.59208	0.13540	0.03433	0.05745	0.00866	0.00374	0.00435
42	0.03982	0.04181	0.04698	0.06934	0.34375	0.01547	0.16832	0.04478	0.06958	0.02180	0.01516	0.01809	0.03589	0.00638	0.00652	0.00198	0.00791	0.00632	0.00369	0.03641
43	0.01204	0.00602	0.00602	0.00602	0.00753	0.00602	0.00452	0.01506	0.01355	0.02409	0.02108	0.02409	0.01656	0.00753	0.00452	0.00151	0.00301	0.00602	0.80879	0.00602
44	0.04408	0.32942	0.11859	0.01333	0.01867	0.18353	0.01260	0.04100	0.03683	0.01831	0.01058	0.01213	0.00884	0.00609	0.00540	0.00158	0.02561	0.00407	0.00328	0.10606
45	0.01349	0.01645	0.11232	0.02171	0.10261	0.02954	0.31947	0.01832	0.03456	0.02062	0.09087	0.06730	0.08521	0.00850	0.00764	0.00215	0.02844	0.00853	0.00408	0.00818
46	0.01204	0.00602	0.00602	0.00602	0.00753	0.00602	0.00452	0.01506	0.01355	0.02409	0.02108	0.02409	0.01656	0.00753	0.00452	0.00151	0.00301	0.00602	0.80879	0.00602
47	0.15975	0.28964	0.13805	0.01302	0.01861	0.04179	0.04376	0.04396	0.03111	0.07357	0.01161	0.01296	0.00914	0.00624	0.00560	0.00175	0.03360	0.00438	0.00369	0.05777
48	0.01615	0.01561	0.05051	0.20231	0.40998	0.01581	0.05472	0.11553	0.01647	0.02273	0.01249	0.01620	0.00986	0.00620	0.00648	0.00199	0.00805	0.00582	0.00356	0.00952
49	0.11527	0.01602	0.03841	0.01523	0.04435	0.01673	0.05712	0.33845	0.10445	0.14362	0.01701	0.01700	0.01208	0.00753	0.00664	0.00203	0.02612	0.00591	0.00591	0.01012
50	0.00938	0.00633	0.00740	0.00740	0.00753	0.00646	0.00436	0.00962	0.00950	0.01279	0.02003	0.04048	0.02271	0.69574	0.10900	0.00670	0.00744	0.00913	0.00387	0.00411
51	0.02231	0.01290	0.01521	0.01229	0.01657	0.01325	0.00993	0.20758	0.17659	0.30241	0.11759	0.02429	0.02155	0.00880	0.00666	0.00203	0.00551	0.00719	0.00716	0.01017
52	0.01431	0.01364	0.02319	0.35782	0.42758	0.01491	0.01899	0.01836	0.01392	0.01907	0.01186	0.01654	0.00952	0.00607	0.00642	0.00202	0.00809	0.00575	0.00305	0.00888
53	0.01595	0.01566	0.02615	0.03672	0.62415	0.03900	0.07114	0.01980	0.01488	0.02082	0.01315	0.01853	0.01136	0.00631	0.00658	0.00198	0.00797	0.03670	0.00333	0.00984
54	0.02130	0.01607	0.01689	0.01353	0.01797	0.04216	0.01099	0.48013	0.10447	0.06164	0.02223	0.02193	0.08765	0.01058	0.04003	0.00237	0.00704	0.00682	0.00624	0.00997
55	0.01414	0.01414	0.01979	0.01696	0.01696	0.01979	0.01414	0.01555	0.00990	0.01555	0.00848	0.01414	0.00848	0.01131	0.02120	0.00283	0.76110	0.00565	0.00283	0.00707
56	0.00787	0.00562	0.00750	0.00900	0.00937	0.00525	0.00600	0.00900	0.01237	0.01649	0.03561	0.76871	0.04274	0.02024	0.00825	0.00262	0.00375	0.01837	0.00600	0.00525
57	0.01414	0.06191	0.64661	0.01797	0.02680	0.08196	0.02234	0.02090	0.01405	0.01984	0.01135	0.01333	0.00820	0.00616	0.00603	0.00199	0.00964	0.00467	0.00278	0.00931
58	0.01220	0.01148	0.01938	0.75739	0.04450	0.01436	0.01794	0.01651	0.01292	0.01651	0.01148	0.01723	0.00861	0.00646	0.00646	0.00215	0.00861	0.00574	0.00287	0.00718
59	0.01414	0.01414	0.01979	0.01696	0.01696	0.01979	0.01414	0.01555	0.00990	0.01555	0.00848	0.01414	0.00848	0.01131	0.02120	0.00283	0.76110	0.00565	0.00283	0.00707
60	0.00840	0.00605	0.00798	0.00928	0.00998	0.00571	0.00665	0.00992	0.01307	0.01726	0.06104	0.55635	0.08180	0.04283	0.00908	0.00275	0.00416	0.13635	0.00596	0.00537
61	0.00939	0.00700	0.00870	0.00865	0.00938	0.00742	0.00607	0.01038	0.01113	0.01503	0.02921	0.13085	0.16054	0.28338	0.14947	0.03490	0.07167	0.01034	0.03147	0.00501
62	0.02117	0.01545	0.01680	0.01348	0.01779	0.01696	0.01090	0.49861	0.10980	0.05475	0.06256	0.07202	0.01764	0.00909	0.00662	0.00201	0.00622	0.00726	0.03084	0.01004

[dist]
# distance from previous block
# <min> <max>
3	5

[block]
# block no. 1 follows, 34 sequences, length 56
# corresponding to MSA columns:
# 206-261
name=unknown_B
#
# <colnr> <probs for GDERKNQSTAVLIFYWHMCP>
#	G	D	E	R	K	N	Q	S	T	A	V	L	I	F	Y	W	H	M	C	P
0	0.01535	0.16148	0.36001	0.01684	0.04914	0.05518	0.03774	0.04748	0.13058	0.02108	0.01437	0.01680	0.01125	0.00688	0.00599	0.00196	0.00822	0.02673	0.00367	0.00927
1	0.01550	0.01486	0.02535	0.13188	0.64421	0.01522	0.01959	0.01940	0.01448	0.02052	0.01207	0.01615	0.01003	0.00585	0.00640	0.00195	0.00780	0.00576	0.00316	0.00984
2	0.01340	0.01148	0.01340	0.00957	0.01531	0.00861	0.00766	0.01627	0.01340	0.02105	0.01148	0.01340	0.00957	0.00479	0.00479	0.00096	0.00479	0.00383	0.00383	0.81242
3	0.00934	0.00649	0.00782	0.00792	0.00808	0.00673	0.00490	0.00975	0.00987	0.01335	0.02151	0.12628	0.02458	0.58508	0.10444	0.00616	0.02915	0.01010	0.00408	0.00436
4	0.01543	0.01478	0.02168	0.04165	0.11108	0.03355	0.09746	0.07809	0.04745	0.01994	0.01183	0.01613	0.01016	0.01029	0.03792	0.00268	0.38323	0.00602	0.03253	0.00809
5	0.01204	0.00602	0.00602	0.00602	0.00753	0.00602	0.00452	0.01506	0.01355	0.02409	0.02108	0.02409	0.01656	0.00753	0.00452	0.00151	0.00301	0.00602	0.80879	0.00602
6	0.02317	0.01692	0.01912	0.01538	0.04213	0.01836	0.02819	0.57929	0.04550	0.07132	0.01672	0.04321	0.01251	0.00805	0.00651	0.00195	0.00690	0.00633	0.00628	0.03217
7	0.01027	0.00816	0.01137	0.01090	0.03799	0.00839	0.03795	0.03110	0.01469	0.02038	0.30155	0.03932	0.11117	0.13535	0.14434	0.00424	0.05170	0.00978	0.00527	0.00609
8	0.01204	0.00602	0.00602	0.00602	0.00753	0.00602	0.00452	0.01506	0.01355	0.02409	0.02108	0.02409	0.01656	0.00753	0.00452	0.00151	0.00301	0.00602	0.80879	0.00602
9	0.47003	0.07281	0.04159	0.01226	0.01648	0.17853	0.04781	0.03767	0.01355	0.02423	0.00968	0.01146	0.00772	0.00627	0.00522	0.00191	0.02755	0.00403	0.00370	0.00749
10	0.01599	0.01535	0.02623	0.03966	0.73262	0.01535	0.01983	0.01983	0.01471	0.02111	0.01215	0.01599	0.01023	0.00576	0.00640	0.00192	0.00768	0.00576	0.00320	0.01023
11	0.79257	0.01268	0.00982	0.00871	0.01274	0.01468	0.00717	0.04165	0.01163	0.02937	0.00921	0.01066	0.00713	0.00606	0.00408	0.00200	0.00507	0.00357	0.00408	0.00713
12	0.00990	0.00724	0.00887	0.00854	0.00995	0.00713	0.00616	0.01396	0.09305	0.02305	0.45946	0.11286	0.04783	0.12867	0.01132	0.00274	0.00383	0.01135	0.02796	0.00613
13	0.01444	0.01230	0.01313	0.01192	0.01517	0.01385	0.00923	0.02928	0.56859	0.02602	0.11787	0.03060	0.08964	0.01002	0.00680	0.00217	0.00469	0.00843	0.00659	0.00927
14	0.01607	0.01388	0.01461	0.01315	0.01680	0.01607	0.01023	0.03433	0.72094	0.02703	0.02630	0.02411	0.01972	0.00877	0.00657	0.00219	0.00511	0.00731	0.00657	0.01023
15	0.03627	0.01295	0.04486	0.39269	0.12076	0.01386	0.03753	0.07790	0.03271	0.06050	0.01564	0.09737	0.01334	0.00805	0.00661	0.00214	0.00759	0.00715	0.00398	0.00810
16	0.01525	0.01743	0.03813	0.02723	0.03377	0.01634	0.70915	0.02070	0.01525	0.02070	0.01307	0.01743	0.00980	0.00545	0.00763	0.00218	0.01089	0.00763	0.00327	0.00871
17	0.01514	0.01711	0.03637	0.02625	0.03216	0.01667	0.64243	0.02020	0.01474	0.02020	0.01263	0.01711	0.00968	0.00601	0.00893	0.00224	0.08292	0.00744	0.00323	0.00856
18	0.00787	0.00562	0.00750	0.00900	0.00937	0.00525	0.00600	0.00900	0.01237	0.01649	0.03561	0.76871	0.04274	0.02024	0.00825	0.00262	0.00375	0.01837	0.00600	0.00525
19	0.01544	0.01414	0.02395	0.23371	0.51910	0.01486	0.01894	0.01936	0.01436	0.04633	0.01246	0.01655	0.01001	0.00603	0.00642	0.00199	0.00785	0.00578	0.00329	0.00943
20	0.01220	0.01148	0.01938	0.75739	0.04450	0.01436	0.01794	0.01651	0.01292	0.01651	0.01148	0.01723	0.00861	0.00646	0.00646	0.00215	0.00861	0.00574	0.00287	0.00718
21	0.01414	0.01414	0.01979	0.01696	0.01696	0.01979	0.01414	0.01555	0.00990	0.01555	0.00848	0.01414	0.00848	0.01131	0.02120	0.00283	0.76110	0.00565	0.00283	0.00707
22	0.01354	0.03261	0.71335	0.01817	0.02755	0.01481	0.02336	0.02086	0.01382	0.04627	0.01210	0.01394	0.00847	0.00621	0.00615	0.00204	0.00940	0.00484	0.00292	0.00960
23	0.00802	0.00656	0.00708	0.00695	0.00896	0.00562	0.00521	0.01001	0.01563	0.01960	0.23355	0.05866	0.56057	0.01557	0.00763	0.00214	0.00322	0.01314	0.00628	0.00562
24	0.01586	0.01366	0.01443	0.01300	0.01658	0.01577	0.01010	0.03366	0.69954	0.02699	0.04771	0.02484	0.02098	0.00890	0.00661	0.00219	0.00505	0.00744	0.00659	0.01010
25	0.01414	0.01414	0.01979	0.01696	0.01696	0.01979	0.01414	0.01555	0.00990	0.01555	0.00848	0.01414	0.00848	0.01131	0.02120	0.00283	0.76110	0.00565	0.00283	0.00707
26	0.01640	0.01405	0.01480	0.01322	0.01693	0.01623	0.01031	0.06092	0.69382	0.02757	0.02587	0.02377	0.01938	0.00873	0.00657	0.00218	0.00519	0.00725	0.00657	0.01026
27	0.01555	0.01484	0.02525	0.05927	0.68276	0.01491	0.01920	0.01929	0.01456	0.02078	0.01310	0.04708	0.01153	0.00638	0.00647	0.00195	0.00754	0.00628	0.00330	0.00994
28	0.02456	0.01810	0.01939	0.01487	0.02004	0.02004	0.01228	0.71107	0.03038	0.04072	0.01551	0.01551	0.01099	0.00776	0.00646	0.00194	0.00711	0.00582	0.00646	0.01099
29	0.00940	0.00626	0.00705	0.00705	0.00705	0.00626	0.00392	0.00940	0.00940	0.01253	0.02036	0.04228	0.02349	0.77292	0.03289	0.00626	0.00626	0.00940	0.00392	0.00392
30	0.01506	0.01485	0.04072	0.04499	0.35991	0.05666	0.04279	0.01827	0.01458	0.04266	0.09301	0.02222	0.06341	0.00833	0.00908	0.00211	0.13191	0.00688	0.00389	0.00865
31	0.01204	0.00602	0.00602	0.00602	0.00753	0.00602	0.00452	0.01506	0.01355	0.02409	0.02108	0.02409	0.01656	0.00753	0.00452	0.00151	0.00301	0.00602	0.80879	0.00602
32	0.01436	0.01299	0.03744	0.01093	0.01623	0.01106	0.00897	0.03799	0.19976	0.02308	0.01548	0.01627	0.01223	0.00595	0.00534	0.00134	0.00508	0.00482	0.00458	0.55611
33	0.01010	0.01041	0.09417	0.01158	0.01352	0.00957	0.01007	0.01265	0.01061	0.01543	0.01590	0.02367	0.01478	0.06839	0.55447	0.03835	0.07027	0.00663	0.00332	0.00611
34	0.01393	0.14843	0.43230	0.01825	0.10376	0.01569	0.01880	0.01938	0.01362	0.01966	0.01183	0.03245	0.00949	0.00618	0.00572	0.00180	0.00815	0.00489	0.00301	0.11267
35	0.52273	0.10638	0.05690	0.01097	0.01534	0.15887	0.00953	0.02045	0.01283	0.02431	0.00934	0.01089	0.00748	0.00608	0.00450	0.00186	0.00679	0.00370	0.00365	0.00739
36	0.01204	0.00602	0.00602	0.00602	0.00753	0.00602	0.00452	0.01506	0.01355	0.02409	0.02108	0.02409	0.01656	0.00753	0.00452	0.00151	0.00301	0.00602	0.80879	0.00602
37	0.11365	0.16506	0.04318	0.01454	0.01910	0.24993	0.06668	0.11882	0.05356	0.05020	0.01419	0.01519	0.03552	0.00692	0.00567	0.00180	0.00834	0.00507	0.00416	0.00844
38	0.01275	0.06804	0.57533	0.01750	0.02561	0.01453	0.06383	0.01911	0.01357	0.01975	0.01429	0.09997	0.01224	0.00768	0.00637	0.00209	0.00883	0.00644	0.00314	0.00894
39	0.02294	0.01426	0.01731	0.12893	0.02217	0.01528	0.01194	0.32689	0.07705	0.24396	0.01887	0.01863	0.01296	0.00770	0.00643	0.00200	0.00659	0.00613	0.02976	0.01019
40	0.00939	0.00629	0.00717	0.00717	0.00721	0.00633	0.00407	0.00947	0.00943	0.01262	0.02025	0.04167	0.02323	0.74679	0.05866	0.00641	0.00666	0.00931	0.00390	0.00398
41	0.00952	0.00735	0.01094	0.01077	0.01186	0.00876	0.00843	0.01177	0.01036	0.01503	0.01679	0.02472	0.01570	0.04628	0.70470	0.00994	0.06097	0.00685	0.00342	0.00585
42	0.01563	0.01498	0.02557	0.10856	0.66656	0.01526	0.01965	0.01951	0.01454	0.02067	0.01209	0.01611	0.01008	0.00582	0.00640	0.00194	0.00777	0.00576	0.00317	0.00994
43	0.01414	0.01414	0.01979	0.01696	0.01696	0.01979	0.01414	0.01555	0.00990	0.01555	0.00848	0.01414	0.00848	0.01131	0.02120	0.00283	0.76110	0.00565	0.00283	0.00707
44	0.01347	0.01173	0.01442	0.01030	0.01607	0.00893	0.03660	0.01645	0.01347	0.02104	0.01155	0.01356	0.00958	0.00481	0.00490	0.00101	0.00504	0.00398	0.00381	0.77927
45	0.01528	0.01695	0.03511	0.02546	0.03145	0.01646	0.61338	0.02179	0.08278	0.02109	0.01415	0.01793	0.01070	0.00601	0.00808	0.00221	0.04129	0.00751	0.00357	0.00879
46	0.00787	0.00562	0.00750	0.00900	0.00937	0.00525	0.00600	0.00900	0.01237	0.01649	0.03561	0.76871	0.04274	0.02024	0.00825	0.00262	0.00375	0.01837	0.00600	0.00525
47	0.01220	0.01148	0.01938	0.75739	0.04450	0.01436	0.01794	0.01651	0.01292	0.01651	0.01148	0.01723	0.00861	0.00646	0.00646	0.00215	0.00861	0.00574	0.00287	0.00718
48	0.02571	0.01625	0.01825	0.01399	0.01912	0.01730	0.01156	0.53438	0.02729	0.22178	0.01811	0.01720	0.01229	0.00782	0.00647	0.00195	0.00669	0.00599	0.00686	0.01099
49	0.01414	0.01414	0.01979	0.01696	0.01696	0.01979	0.01414	0.01555	0.00990	0.01555	0.00848	0.01414	0.00848	0.01131	0.02120	0.00283	0.76110	0.00565	0.00283	0.00707
50	0.00783	0.00655	0.00681	0.00675	0.00884	0.00554	0.00506	0.00964	0.01518	0.01852	0.14914	0.06043	0.64564	0.01597	0.00763	0.00216	0.00324	0.01339	0.00614	0.00554
51	0.00816	0.00583	0.00783	0.00933	0.00983	0.00550	0.00650	0.00950	0.01266	0.01682	0.03545	0.68881	0.04210	0.01997	0.00832	0.00266	0.00400	0.09538	0.00599	0.00533
52	0.02549	0.01567	0.01778	0.01373	0.01877	0.01656	0.01131	0.46486	0.06273	0.25611	0.01917	0.01797	0.01300	0.00788	0.00648	0.00197	0.00651	0.00611	0.00695	0.01095
53	0.01043	0.00709	0.00882	0.00828	0.00990	0.00667	0.00606	0.01350	0.04735	0.06300	0.48042	0.06889	0.10880	0.11934	0.01106	0.00266	0.00377	0.01126	0.00656	0.00617
54	0.01414	0.01414	0.01979	0.01696	0.01696	0.01979	0.01414	0.01555	0.00990	0.01555	0.00848	0.01414	0.00848	0.01131	0.02120	0.00283	0.76110	0.00565	0.00283	0.00707
55	0.01027	0.01704	0.29447	0.08452	0.02001	0.00993	0.01413	0.01420	0.01292	0.01805	0.02392	0.40170	0.02597	0.01341	0.00725	0.00235	0.00648	0.01185	0.00442	0.00711

[dist]
# distance from previous block
# <min> <max>
0	1

[block]
# block no. 2 follows, 34 sequences, length 28
# corresponding to MSA columns:
# 263-290
name=unknown_C
#
# <colnr> <probs for GDERKNQSTAVLIFYWHMCP>
#	G	D	E	R	K	N	Q	S	T	A	V	L	I	F	Y	W	H	M	C	P
0	0.01663	0.01608	0.02508	0.03654	0.64275	0.04995	0.01879	0.04073	0.05068	0.02172	0.01286	0.01618	0.01064	0.00601	0.00638	0.00192	0.00772	0.00576	0.00347	0.01013
1	0.00787	0.00562	0.00750	0.00900	0.00937	0.00525	0.00600	0.00900	0.01237	0.01649	0.03561	0.76871	0.04274	0.02024	0.00825	0.00262	0.00375	0.01837	0.00600	0.00525
2	0.01672	0.01406	0.01560	0.03902	0.09910	0.06279	0.01104	0.10797	0.31605	0.06358	0.09474	0.02688	0.08587	0.00918	0.00668	0.00207	0.00584	0.00766	0.00592	0.00923
3	0.01204	0.00602	0.00602	0.00602	0.00753	0.00602	0.00452	0.01506	0.01355	0.02409	0.02108	0.02409	0.01656	0.00753	0.00452	0.00151	0.00301	0.00602	0.80879	0.00602
4	0.11265	0.01927	0.22845	0.02028	0.17927	0.01396	0.05367	0.01932	0.03699	0.02168	0.01250	0.01623	0.01018	0.00650	0.00672	0.00189	0.05030	0.02700	0.00346	0.15968
5	0.01365	0.02916	0.06696	0.01587	0.01854	0.01503	0.13234	0.07939	0.01397	0.01956	0.05175	0.06083	0.08079	0.06432	0.03670	0.00292	0.27904	0.00786	0.00398	0.00736
6	0.01204	0.00602	0.00602	0.00602	0.00753	0.00602	0.00452	0.01506	0.01355	0.02409	0.02108	0.02409	0.01656	0.00753	0.00452	0.00151	0.00301	0.00602	0.80879	0.00602
7	0.26880	0.09190	0.01789	0.01357	0.01759	0.25505	0.03033	0.15442	0.01737	0.02476	0.01066	0.01220	0.00847	0.00676	0.00605	0.00187	0.04578	0.00438	0.00406	0.00810
8	0.01599	0.01535	0.02623	0.03966	0.73262	0.01535	0.01983	0.01983	0.01471	0.02111	0.01215	0.01599	0.01023	0.00576	0.00640	0.00192	0.00768	0.00576	0.00320	0.01023
9	0.01624	0.04550	0.24722	0.06745	0.09954	0.03913	0.03970	0.12744	0.15353	0.02397	0.01479	0.01644	0.01118	0.00722	0.00738	0.00208	0.06185	0.00569	0.00415	0.00951
10	0.00925	0.00620	0.00709	0.00724	0.00728	0.00616	0.00412	0.00936	0.00969	0.01292	0.02186	0.11395	0.02539	0.69866	0.03046	0.00591	0.00602	0.01028	0.00412	0.00405
11	0.01539	0.01703	0.03585	0.02961	0.16719	0.01615	0.57755	0.02053	0.01515	0.02078	0.01290	0.01715	0.00989	0.00551	0.00739	0.00213	0.01028	0.00727	0.00325	0.00900
12	0.01378	0.01236	0.01894	0.61548	0.03953	0.01507	0.01667	0.08668	0.07996	0.01987	0.01325	0.01769	0.00987	0.00680	0.00647	0.00214	0.00814	0.00589	0.00357	0.00783
13	0.01340	0.01148	0.01340	0.00957	0.01531	0.00861	0.00766	0.01627	0.01340	0.02105	0.01148	0.01340	0.00957	0.00479	0.00479	0.00096	0.00479	0.00383	0.00383	0.81242
14	0.01259	0.00836	0.01167	0.01091	0.01281	0.00932	0.00860	0.07804	0.01303	0.08862	0.01795	0.02414	0.01566	0.04071	0.60588	0.00878	0.01520	0.00678	0.00419	0.00677
15	0.01500	0.01205	0.01895	0.61530	0.03948	0.01440	0.01659	0.08206	0.01508	0.08984	0.01324	0.01754	0.00956	0.00673	0.00646	0.00212	0.00817	0.00582	0.00371	0.00791
16	0.00787	0.00562	0.00750	0.00900	0.00937	0.00525	0.00600	0.00900	0.01237	0.01649	0.03561	0.76871	0.04274	0.02024	0.00825	0.00262	0.00375	0.01837	0.00600	0.00525
17	0.01549	0.01615	0.06301	0.26165	0.34880	0.06190	0.07844	0.01963	0.01448	0.04119	0.01226	0.01628	0.00963	0.00610	0.00648	0.00201	0.00854	0.00578	0.00323	0.00895
18	0.02101	0.02258	0.01858	0.01616	0.01903	0.40016	0.04022	0.04539	0.06262	0.08146	0.01321	0.03826	0.01102	0.00834	0.00944	0.00204	0.17294	0.00554	0.00403	0.00798
19	0.01414	0.01414	0.01979	0.01696	0.01696	0.01979	0.01414	0.01555	0.00990	0.01555	0.00848	0.01414	0.00848	0.01131	0.02120	0.00283	0.76110	0.00565	0.00283	0.00707
20	0.01044	0.01157	0.08105	0.01027	0.01291	0.07529	0.00899	0.01298	0.01485	0.01820	0.06185	0.12410	0.33443	0.01513	0.00770	0.00236	0.00537	0.18089	0.00545	0.00617
21	0.02057	0.05449	0.01721	0.01480	0.07755	0.02945	0.03265	0.13578	0.10431	0.26019	0.04410	0.02810	0.07093	0.00929	0.00672	0.00208	0.00609	0.06989	0.00627	0.00953
22	0.01552	0.01487	0.02537	0.12945	0.64653	0.01523	0.01959	0.01941	0.01449	0.02053	0.01207	0.01615	0.01003	0.00584	0.00640	0.00195	0.00779	0.00576	0.00316	0.00985
23	0.01303	0.01234	0.01698	0.01481	0.01485	0.01674	0.01194	0.01421	0.00982	0.01495	0.01110	0.01996	0.01166	0.15820	0.05262	0.00379	0.58710	0.00642	0.00306	0.00641
24	0.01414	0.01414	0.01979	0.01696	0.01696	0.01979	0.01414	0.01555	0.00990	0.01555	0.00848	0.01414	0.00848	0.01131	0.02120	0.00283	0.76110	0.00565	0.00283	0.00707
25	0.11530	0.10352	0.01885	0.01514	0.01877	0.58992	0.01171	0.02437	0.01694	0.01728	0.00977	0.01139	0.00817	0.00647	0.00545	0.00167	0.01041	0.00401	0.00335	0.00751
26	0.01338	0.01258	0.04976	0.01001	0.01595	0.00893	0.00847	0.01648	0.01341	0.02102	0.01149	0.01341	0.00950	0.00485	0.00485	0.00101	0.00502	0.00388	0.00377	0.77222
27	0.01714	0.27846	0.22855	0.01530	0.02130	0.16008	0.06315	0.02145	0.03754	0.04195	0.03152	0.03263	0.01128	0.00667	0.00563	0.00178	0.00857	0.00507	0.00339	0.00854

[dist]
# distance from previous block
# <min> <max>
0	3

[block]
# block no. 3 follows, 34 sequences, length 7
# corresponding to MSA columns:
# 294-300
name=unknown_D
#
# <colnr> <probs for GDERKNQSTAVLIFYWHMCP>
#	G	D	E	R	K	N	Q	S	T	A	V	L	I	F	Y	W	H	M	C	P
0	0.01413	0.01165	0.01560	0.06972	0.13609	0.01033	0.01064	0.04629	0.01510	0.04674	0.09540	0.02114	0.01701	0.00685	0.00582	0.00150	0.00552	0.03593	0.00438	0.43016
1	0.00923	0.00692	0.01038	0.01038	0.01154	0.00808	0.00808	0.01154	0.01038	0.01500	0.01731	0.02538	0.01615	0.04846	0.74732	0.01038	0.01731	0.00692	0.00346	0.00577
2	0.01673	0.01748	0.03230	0.02358	0.02930	0.06519	0.51505	0.04810	0.01577	0.05715	0.01321	0.01676	0.00997	0.00609	0.00811	0.00210	0.05813	0.00692	0.00364	0.05444
3	0.01204	0.00602	0.00602	0.00602	0.00753	0.00602	0.00452	0.01506	0.01355	0.02409	0.02108	0.02409	0.01656	0.00753	0.00452	0.00151	0.00301	0.00602	0.80879	0.00602
4	0.01950	0.13766	0.02020	0.01542	0.06628	0.07957	0.01182	0.23513	0.29352	0.02797	0.01798	0.01774	0.01368	0.00757	0.00608	0.00192	0.00672	0.00588	0.00544	0.00992
5	0.01120	0.00939	0.01030	0.00971	0.01014	0.06298	0.00668	0.01191	0.01062	0.01408	0.04828	0.03412	0.02089	0.48923	0.10074	0.00562	0.12709	0.00827	0.00379	0.00496
6	0.08300	0.01408	0.01516	0.04642	0.04082	0.07273	0.01030	0.18557	0.04828	0.16224	0.01998	0.07761	0.03936	0.00870	0.00626	0.00191	0.00625	0.03224	0.00560	0.12349

[dist]
# distance from previous block
# <min> <max>
0	1

[block]
# block no. 4 follows, 34 sequences, length 51
# corresponding to MSA columns:
# 302-352
name=unknown_E
#
# <colnr> <probs for GDERKNQSTAVLIFYWHMCP>
#	G	D	E	R	K	N	Q	S	T	A	V	L	I	F	Y	W	H	M	C	P
0	0.30993	0.04262	0.01507	0.01187	0.01616	0.06696	0.00969	0.27664	0.04567	0.07449	0.03735	0.03997	0.01256	0.00761	0.00555	0.00196	0.00624	0.00548	0.00533	0.00883
1	0.01204	0.00602	0.00602	0.00602	0.00753	0.00602	0.00452	0.01506	0.01355	0.02409	0.02108	0.02409	0.01656	0.00753	0.00452	0.00151	0.00301	0.00602	0.80879	0.00602
2	0.03301	0.01096	0.01191	0.01096	0.01338	0.03728	0.00837	0.10880	0.18270	0.05737	0.11239	0.21595	0.02798	0.01192	0.00734	0.00216	0.03291	0.01006	0.09674	0.00781
3	0.01479	0.06638	0.12014	0.05284	0.24503	0.01530	0.19430	0.04995	0.01484	0.02072	0.01462	0.08776	0.01293	0.00743	0.00712	0.00206	0.03135	0.00717	0.02641	0.00886
4	0.06035	0.01728	0.09637	0.01282	0.01723	0.10850	0.01125	0.22828	0.04555	0.12243	0.10713	0.02084	0.01808	0.00808	0.00616	0.00190	0.00661	0.00628	0.09590	0.00896
5	0.00939	0.00628	0.00714	0.00714	0.00718	0.00632	0.00404	0.00946	0.00943	0.01260	0.02027	0.04179	0.02328	0.75175	0.05377	0.00638	0.00659	0.00932	0.00390	0.00397
6	0.01616	0.01656	0.07195	0.16434	0.47271	0.03585	0.01883	0.08648	0.01594	0.02199	0.01226	0.01589	0.00983	0.00613	0.00638	0.00196	0.00803	0.00565	0.00343	0.00964
7	0.01548	0.01381	0.01387	0.01256	0.01603	0.04759	0.00973	0.03112	0.60981	0.02545	0.02999	0.02785	0.09935	0.00953	0.00666	0.00217	0.00520	0.00788	0.00636	0.00957
8	0.01122	0.00561	0.00842	0.00842	0.00842	0.00561	0.00561	0.00842	0.00842	0.01122	0.01122	0.01964	0.01122	0.02245	0.02525	0.81201	0.00561	0.00561	0.00281	0.00281
9	0.02049	0.01608	0.01710	0.01404	0.01849	0.01814	0.01130	0.38660	0.36148	0.03416	0.02068	0.01963	0.01518	0.00824	0.00652	0.00206	0.00615	0.00653	0.00652	0.01062
10	0.05338	0.01419	0.02243	0.01775	0.04730	0.04550	0.23365	0.05167	0.04038	0.31829	0.02003	0.04889	0.01481	0.00780	0.00688	0.00210	0.00756	0.03221	0.00569	0.00950
11	0.00797	0.00572	0.00771	0.00910	0.00953	0.00545	0.00615	0.00918	0.01223	0.01639	0.03428	0.71455	0.04080	0.02230	0.06209	0.00319	0.00474	0.01753	0.00581	0.00529
12	0.01522	0.01693	0.03547	0.04968	0.03264	0.01625	0.62580	0.02175	0.07671	0.02111	0.01417	0.01800	0.01063	0.00577	0.00750	0.00218	0.01032	0.00754	0.00354	0.00880
13	0.01753	0.01536	0.02376	0.04221	0.02377	0.05689	0.27740	0.14678	0.08909	0.08838	0.01924	0.13446	0.01656	0.00883	0.00716	0.00216	0.00800	0.00857	0.00502	0.00883
14	0.01414	0.01414	0.01979	0.01696	0.01696	0.01979	0.01414	0.01555	0.00990	0.01555	0.00848	0.01414	0.00848	0.01131	0.02120	0.00283	0.76110	0.00565	0.00283	0.00707
15	0.00856	0.00709	0.00758	0.00754	0.00959	0.00642	0.00561	0.01173	0.07534	0.01917	0.13732	0.12742	0.52220	0.01573	0.00760	0.00221	0.00345	0.01333	0.00618	0.00592
16	0.01587	0.01527	0.02579	0.03814	0.68462	0.01565	0.01945	0.01954	0.01439	0.02074	0.01191	0.01587	0.01012	0.00613	0.00739	0.00198	0.05821	0.00575	0.00317	0.01002
17	0.01899	0.05056	0.15405	0.05053	0.04229	0.35692	0.05975	0.05161	0.06422	0.01937	0.03490	0.01712	0.01202	0.00722	0.00624	0.00190	0.00971	0.03060	0.00373	0.00827
18	0.01651	0.60652	0.03098	0.01229	0.01722	0.02303	0.05973	0.01929	0.03577	0.01626	0.01056	0.01288	0.00949	0.02618	0.00619	0.00168	0.04902	0.00425	0.03405	0.00811
19	0.01414	0.01414	0.01979	0.01696	0.01696	0.01979	0.01414	0.01555	0.00990	0.01555	0.00848	0.01414	0.00848	0.01131	0.02120	0.00283	0.76110	0.00565	0.00283	0.00707
20	0.01340	0.01148	0.01340	0.00957	0.01531	0.00861	0.00766	0.01627	0.01340	0.02105	0.01148	0.01340	0.00957	0.00479	0.00479	0.00096	0.00479	0.00383	0.00383	0.81242
21	0.01599	0.01535	0.02623	0.03966	0.73262	0.01535	0.01983	0.01983	0.01471	0.02111	0.01215	0.01599	0.01023	0.00576	0.00640	0.00192	0.00768	0.00576	0.00320	0.01023
22	0.00790	0.00569	0.00750	0.00887	0.00936	0.00528	0.00596	0.00911	0.01266	0.01684	0.05913	0.71730	0.07077	0.01986	0.00820	0.00259	0.00371	0.01796	0.00603	0.00528
23	0.01469	0.01371	0.04053	0.17434	0.22828	0.01323	0.03513	0.08299	0.03700	0.02182	0.01421	0.06722	0.01224	0.00693	0.00617	0.00179	0.00689	0.00621	0.00388	0.21273
24	0.01204	0.00602	0.00602	0.00602	0.00753	0.00602	0.00452	0.01506	0.01355	0.02409	0.02108	0.02409	0.01656	0.00753	0.00452	0.00151	0.00301	0.00602	0.80879	0.00602
25	0.07044	0.01441	0.05475	0.01201	0.03777	0.03206	0.00983	0.12583	0.01638	0.06841	0.01279	0.01410	0.00992	0.00568	0.00525	0.00135	0.00574	0.00440	0.00441	0.49447
26	0.00861	0.00706	0.00843	0.04171	0.03288	0.00637	0.00635	0.01091	0.01585	0.02037	0.28510	0.05406	0.45011	0.01453	0.00754	0.00212	0.00357	0.01238	0.00615	0.00590
27	0.01204	0.00602	0.00602	0.00602	0.00753	0.00602	0.00452	0.01506	0.01355	0.02409	0.02108	0.02409	0.01656	0.00753	0.00452	0.00151	0.00301	0.00602	0.80879	0.00602
28	0.22420	0.15971	0.03618	0.01600	0.08999	0.20397	0.03266	0.06439	0.01514	0.03866	0.01051	0.01243	0.00857	0.00654	0.00622	0.00185	0.05678	0.00440	0.00364	0.00815
29	0.01578	0.01513	0.02584	0.08070	0.69327	0.01530	0.01972	0.01964	0.01461	0.02085	0.01212	0.01606	0.01014	0.00580	0.00640	0.00193	0.00773	0.00576	0.00318	0.01006
30	0.01467	0.01095	0.01412	0.01115	0.01520	0.00990	0.03158	0.04150	0.01387	0.10194	0.01628	0.09527	0.01468	0.03400	0.06839	0.00242	0.07268	0.00643	0.00449	0.42049
31	0.01141	0.00601	0.00634	0.00647	0.00786	0.00594	0.00477	0.01422	0.01369	0.02335	0.06369	0.10808	0.02204	0.00927	0.00511	0.00166	0.00310	0.00772	0.67333	0.00594
32	0.00914	0.00660	0.00864	0.00813	0.00965	0.00610	0.00610	0.01219	0.01829	0.02591	0.72921	0.04827	0.06097	0.01321	0.00762	0.00203	0.00305	0.01169	0.00711	0.00610
33	0.78810	0.01244	0.00971	0.00861	0.01265	0.01430	0.00709	0.01948	0.01129	0.05631	0.00963	0.01094	0.00734	0.00608	0.00410	0.00200	0.00502	0.00361	0.00415	0.00715
34	0.01350	0.09090	0.62935	0.01891	0.04997	0.01591	0.05340	0.02036	0.01371	0.02008	0.01147	0.01363	0.00833	0.00605	0.00606	0.00200	0.00934	0.00483	0.00277	0.00943
35	0.02114	0.07252	0.04019	0.01544	0.02004	0.18980	0.06969	0.24670	0.14229	0.06774	0.03951	0.01728	0.01344	0.00747	0.00630	0.00191	0.00798	0.00587	0.00523	0.00946
36	0.81856	0.01250	0.00950	0.00850	0.01250	0.01449	0.00700	0.01899	0.01100	0.02899	0.00900	0.01050	0.00700	0.00600	0.00400	0.00200	0.00500	0.00350	0.00400	0.00700
37	0.00791	0.00565	0.00753	0.00897	0.00938	0.00527	0.00600	0.00909	0.01253	0.01676	0.05487	0.74871	0.04324	0.02005	0.00823	0.00261	0.00373	0.01818	0.00603	0.00527
38	0.01763	0.01642	0.04852	0.10808	0.18948	0.03892	0.30142	0.06563	0.01630	0.11164	0.01426	0.01724	0.01053	0.00616	0.00690	0.00206	0.00898	0.00654	0.00399	0.00930
39	0.01236	0.01075	0.01153	0.01257	0.01432	0.11226	0.01071	0.01515	0.01536	0.01884	0.03078	0.06420	0.03309	0.01626	0.00849	0.00279	0.00676	0.59204	0.00558	0.00617
40	0.01414	0.01414	0.01979	0.01696	0.01696	0.01979	0.01414	0.01555	0.00990	0.01555	0.00848	0.01414	0.00848	0.01131	0.02120	0.00283	0.76110	0.00565	0.00283	0.00707
41	0.01032	0.00741	0.01029	0.01173	0.01324	0.00737	0.01024	0.01326	0.01487	0.01928	0.03520	0.07255	0.05907	0.01780	0.00888	0.00295	0.00587	0.66779	0.00595	0.00593
42	0.01468	0.01399	0.03810	0.07995	0.28581	0.07153	0.01373	0.04412	0.06053	0.04633	0.02645	0.07307	0.15909	0.00972	0.00682	0.00208	0.00667	0.03444	0.00452	0.00838
43	0.00816	0.00657	0.00727	0.00709	0.00905	0.00568	0.00532	0.01028	0.01596	0.02038	0.29535	0.05736	0.49828	0.01527	0.00763	0.00213	0.00320	0.01296	0.00639	0.00568
44	0.01414	0.01414	0.01979	0.01696	0.01696	0.01979	0.01414	0.01555	0.00990	0.01555	0.00848	0.01414	0.00848	0.01131	0.02120	0.00283	0.76110	0.00565	0.00283	0.00707
45	0.01822	0.67486	0.03179	0.01174	0.01705	0.09463	0.01124	0.04759	0.01432	0.01628	0.00934	0.01069	0.00840	0.00573	0.00440	0.00143	0.00737	0.00362	0.00297	0.00832
46	0.01580	0.35524	0.34143	0.01474	0.02183	0.04904	0.01673	0.04087	0.05453	0.01895	0.01135	0.01279	0.00898	0.00609	0.00529	0.00175	0.00816	0.00435	0.00310	0.00900
47	0.02244	0.04563	0.01826	0.01474	0.04137	0.09643	0.01152	0.38914	0.11414	0.10778	0.01773	0.03916	0.01350	0.02963	0.00712	0.00207	0.00706	0.00627	0.00597	0.01002
48	0.00948	0.00748	0.01012	0.06023	0.01346	0.00761	0.02741	0.01317	0.10187	0.01807	0.03324	0.55519	0.06177	0.01723	0.00790	0.00252	0.00450	0.03683	0.00578	0.00613
49	0.00903	0.00660	0.00848	0.00801	0.00959	0.00605	0.00601	0.01198	0.01803	0.02529	0.68063	0.04928	0.10993	0.01344	0.00762	0.00204	0.00306	0.01183	0.00703	0.00605
50	0.01414	0.01050	0.01201	0.01169	0.04594	0.01076	0.00869	0.06405	0.24179	0.09420	0.03988	0.06527	0.27486	0.01233	0.00718	0.00222	0.00476	0.06535	0.00628	0.00813

[dist]
# distance from previous block
# <min> <max>
0	1

[block]
# block no. 5 follows, 34 sequences, length 9
# corresponding to MSA columns:
# 354-362
name=unknown_F
#
# <colnr> <probs for GDERKNQSTAVLIFYWHMCP>
#	G	D	E	R	K	N	Q	S	T	A	V	L	I	F	Y	W	H	M	C	P
0	0.01487	0.01421	0.02420	0.25244	0.52861	0.01506	0.01927	0.01885	0.01418	0.01975	0.01196	0.01636	0.00975	0.00597	0.00642	0.00199	0.00795	0.00575	0.00310	0.00933
1	0.02354	0.02966	0.01889	0.01833	0.07224	0.69333	0.01302	0.02536	0.01805	0.01620	0.01015	0.01197	0.00846	0.00659	0.00587	0.00168	0.01136	0.00428	0.00332	0.00769
2	0.01122	0.00561	0.00842	0.00842	0.00842	0.00561	0.00561	0.00842	0.00842	0.01122	0.01122	0.01964	0.01122	0.02245	0.02525	0.81201	0.00561	0.00561	0.00281	0.00281
3	0.01616	0.01605	0.02593	0.08451	0.61425	0.05546	0.05333	0.01998	0.01482	0.02050	0.01204	0.01591	0.01000	0.00584	0.00643	0.00193	0.00811	0.00576	0.00319	0.00981
4	0.01204	0.00602	0.00602	0.00602	0.00753	0.00602	0.00452	0.01506	0.01355	0.02409	0.02108	0.02409	0.01656	0.00753	0.00452	0.00151	0.00301	0.00602	0.80879	0.00602
5	0.01761	0.06272	0.17055	0.01837	0.06075	0.08599	0.07573	0.17356	0.05444	0.02350	0.01239	0.01481	0.00975	0.00776	0.00970	0.00214	0.18174	0.00551	0.00391	0.00904
6	0.01068	0.00875	0.01053	0.04653	0.03330	0.00895	0.00775	0.07640	0.04148	0.02052	0.12417	0.09608	0.34476	0.04038	0.05714	0.00286	0.04653	0.01117	0.00556	0.00648
7	0.01204	0.00602	0.00602	0.00602	0.00753	0.00602	0.00452	0.01506	0.01355	0.02409	0.02108	0.02409	0.01656	0.00753	0.00452	0.00151	0.00301	0.00602	0.80879	0.00602
8	0.01779	0.21220	0.08889	0.01350	0.01879	0.04040	0.04995	0.15246	0.06402	0.06435	0.05257	0.01634	0.01317	0.00690	0.00620	0.00171	0.03296	0.00529	0.00447	0.13804

[dist]
# distance from previous block
# <min> <max>
1	13

[block]
# block no. 6 follows, 34 sequences, length 35
# corresponding to MSA columns:
# 376-410
name=unknown_G
#
# <colnr> <probs for GDERKNQSTAVLIFYWHMCP>
#	G	D	E	R	K	N	Q	S	T	A	V	L	I	F	Y	W	H	M	C	P
0	0.01973	0.01573	0.04588	0.01351	0.01785	0.01632	0.01128	0.44780	0.09637	0.03308	0.04244	0.04887	0.01654	0.04983	0.03643	0.00256	0.00696	0.03614	0.00597	0.03673
1	0.00951	0.00630	0.00723	0.00723	0.00738	0.00638	0.00423	0.00982	0.00967	0.01326	0.02018	0.04023	0.02265	0.68567	0.08082	0.00632	0.00687	0.00906	0.04305	0.00415
2	0.02537	0.01356	0.01607	0.01245	0.01735	0.07644	0.03174	0.09173	0.01890	0.48347	0.04126	0.02009	0.01520	0.00756	0.00631	0.00185	0.00622	0.00611	0.00679	0.10154
3	0.01506	0.01440	0.02455	0.21576	0.56378	0.01511	0.01937	0.01901	0.01427	0.01998	0.01199	0.01629	0.00984	0.00593	0.00641	0.00198	0.00791	0.00575	0.00312	0.00948
4	0.01561	0.01481	0.02514	0.03774	0.68297	0.01481	0.01918	0.01939	0.01472	0.02099	0.01368	0.01992	0.01209	0.00659	0.00657	0.00199	0.00756	0.05292	0.00339	0.00994
5	0.02112	0.01606	0.01791	0.01468	0.01855	0.10482	0.05696	0.24007	0.08785	0.16469	0.01938	0.07923	0.01575	0.00933	0.00802	0.00213	0.07348	0.03484	0.00580	0.00933
6	0.04271	0.39043	0.17044	0.01347	0.01910	0.01921	0.05657	0.04565	0.03807	0.01905	0.03642	0.06899	0.01402	0.00761	0.00551	0.00180	0.00719	0.03184	0.00359	0.00832
7	0.00815	0.00582	0.00781	0.00931	0.00981	0.00549	0.00648	0.00947	0.01264	0.01680	0.03546	0.69301	0.04213	0.01998	0.00832	0.00266	0.00399	0.09134	0.00599	0.00532
8	0.00838	0.00617	0.00782	0.00858	0.00958	0.00569	0.00614	0.01012	0.01412	0.01875	0.18693	0.41013	0.15959	0.04680	0.00902	0.00260	0.00381	0.07414	0.00615	0.00547
9	0.05405	0.06782	0.12384	0.01687	0.02257	0.05988	0.16351	0.14935	0.11822	0.13464	0.01646	0.01710	0.01184	0.00692	0.00640	0.00200	0.00791	0.00603	0.00497	0.00963
10	0.01414	0.01414	0.01979	0.01696	0.01696	0.01979	0.01414	0.01555	0.00990	0.01555	0.00848	0.01414	0.00848	0.01131	0.02120	0.00283	0.76110	0.00565	0.00283	0.00707
11	0.00945	0.00719	0.01057	0.01045	0.01148	0.00846	0.00807	0.01157	0.01030	0.01486	0.01713	0.02600	0.01630	0.09397	0.66963	0.00979	0.04859	0.00703	0.00346	0.00570
12	0.06866	0.01478	0.12359	0.08540	0.07304	0.01224	0.07553	0.06297	0.03971	0.14356	0.04546	0.06817	0.04023	0.00961	0.00690	0.00222	0.00690	0.10749	0.00506	0.00849
13	0.01704	0.18282	0.33339	0.01801	0.07539	0.06523	0.04446	0.14904	0.01709	0.02290	0.01178	0.01350	0.00895	0.00629	0.00584	0.00186	0.00860	0.00484	0.00352	0.00944
14	0.01388	0.07619	0.08895	0.01374	0.08606	0.01255	0.01070	0.11698	0.08418	0.02302	0.08984	0.03070	0.11475	0.08741	0.03439	0.00269	0.00621	0.03077	0.06918	0.00782
15	0.01414	0.01414	0.01979	0.01696	0.01696	0.01979	0.01414	0.01555	0.00990	0.01555	0.00848	0.01414	0.00848	0.01131	0.02120	0.00283	0.76110	0.00565	0.00283	0.00707
16	0.07971	0.03717	0.01856	0.06177	0.19448	0.03607	0.03044	0.06513	0.11396	0.05772	0.01638	0.01794	0.03899	0.00686	0.00634	0.00180	0.02869	0.00566	0.00438	0.17796
17	0.11111	0.25071	0.29565	0.01477	0.02144	0.08464	0.03784	0.05443	0.01463	0.04464	0.01107	0.01261	0.00854	0.00611	0.00534	0.00181	0.00820	0.00437	0.00332	0.00878
18	0.01432	0.03476	0.25569	0.01804	0.14051	0.01232	0.01529	0.05180	0.01540	0.08897	0.11563	0.14474	0.02240	0.00978	0.00720	0.00212	0.02947	0.00836	0.00464	0.00858
19	0.01265	0.17102	0.01556	0.00980	0.01284	0.01164	0.02414	0.03771	0.01447	0.05363	0.10738	0.13801	0.17390	0.06502	0.00888	0.00222	0.03411	0.00954	0.00499	0.09250
