[name]
unknown

[dist]
# distance from previous block
# <min> <max>
0	45

[block]
# block no. 0 follows, 31 sequences, length 74
# corresponding to MSA columns:
# 68-141
name=unknown_A
#
# <colnr> <probs for GDERKNQSTAVLIFYWHMCP>
#	G	D	E	R	K	N	Q	S	T	A	V	L	I	F	Y	W	H	M	C	P
0	0.04343	0.21631	0.04998	0.02974	0.01888	0.10935	0.03815	0.08173	0.11233	0.06400	0.01951	0.04620	0.04278	0.01043	0.03568	0.00236	0.00792	0.04000	0.02235	0.00886
1	0.12611	0.11541	0.09006	0.01362	0.01844	0.06799	0.05981	0.11082	0.04092	0.06224	0.14260	0.04137	0.04100	0.00880	0.00642	0.00202	0.00687	0.00711	0.00519	0.03319
2	0.04062	0.16225	0.11485	0.01637	0.06374	0.07654	0.03300	0.10508	0.12151	0.07598	0.01813	0.01881	0.04525	0.00784	0.00692	0.00200	0.03979	0.00597	0.00476	0.04059
3	0.15037	0.04698	0.09697	0.01336	0.01834	0.03715	0.03878	0.12561	0.01818	0.18299	0.03983	0.05808	0.06133	0.00930	0.00685	0.00215	0.02079	0.03291	0.00570	0.03433
4	0.01523	0.06739	0.01514	0.06823	0.01694	0.01258	0.00932	0.08745	0.11306	0.05958	0.04341	0.02693	0.04025	0.16303	0.08632	0.00372	0.00745	0.00720	0.00499	0.15176
5	0.09256	0.04418	0.02194	0.10510	0.15267	0.07214	0.06932	0.19569	0.08675	0.02768	0.01539	0.03972	0.01229	0.00755	0.00657	0.00208	0.00792	0.00636	0.00477	0.02929
6	0.17113	0.01687	0.01925	0.12460	0.20722	0.12302	0.01462	0.02253	0.10304	0.02252	0.01361	0.01665	0.01102	0.00908	0.03656	0.00252	0.06736	0.00563	0.00396	0.00882
7	0.04257	0.01551	0.01910	0.06080	0.16982	0.07277	0.03092	0.12224	0.07362	0.06929	0.01878	0.08976	0.03253	0.00881	0.00734	0.00205	0.03675	0.00735	0.00497	0.11503
8	0.09572	0.07025	0.01915	0.01512	0.01904	0.30630	0.04530	0.06521	0.05607	0.04309	0.01549	0.01700	0.04370	0.00784	0.00737	0.00193	0.06921	0.00547	0.02386	0.07287
9	0.66408	0.01384	0.04193	0.04618	0.01569	0.01478	0.00881	0.02046	0.01226	0.06800	0.01115	0.01339	0.00865	0.03085	0.00560	0.00227	0.00577	0.00426	0.00435	0.00767
10	0.05321	0.01409	0.07628	0.31686	0.06497	0.03642	0.01468	0.01946	0.08840	0.04038	0.09733	0.02771	0.10423	0.00914	0.00696	0.00222	0.00724	0.00774	0.00459	0.00808
11	0.01570	0.01462	0.02256	0.11184	0.39322	0.01465	0.01672	0.02030	0.05357	0.02184	0.01326	0.01679	0.01094	0.00640	0.00715	0.00187	0.04417	0.00568	0.00369	0.20499
12	0.02336	0.22510	0.02338	0.01528	0.01974	0.43609	0.01237	0.05438	0.01823	0.05771	0.01155	0.01286	0.00945	0.00676	0.00571	0.00168	0.01006	0.00440	0.00381	0.04809
13	0.01700	0.01886	0.03397	0.05495	0.03187	0.08064	0.48610	0.04585	0.01632	0.02158	0.01307	0.01731	0.01010	0.00652	0.00892	0.00224	0.07545	0.00721	0.00356	0.04847
14	0.02596	0.01481	0.04527	0.01322	0.01870	0.01353	0.01124	0.23673	0.02273	0.37956	0.04902	0.02094	0.01613	0.00817	0.00671	0.00198	0.00634	0.00650	0.00723	0.09523
15	0.00948	0.00734	0.00886	0.00856	0.01062	0.00642	0.00640	0.01193	0.01662	0.02244	0.32212	0.16433	0.24714	0.01548	0.00794	0.00223	0.00371	0.03900	0.00661	0.08275
16	0.01746	0.01463	0.01708	0.01591	0.05775	0.01639	0.04092	0.03413	0.58646	0.06230	0.02726	0.02551	0.03488	0.00909	0.00702	0.00229	0.00581	0.00776	0.00667	0.01069
17	0.01753	0.01587	0.02522	0.06683	0.54585	0.01627	0.01888	0.11601	0.01771	0.02480	0.01485	0.06159	0.01296	0.00736	0.00690	0.00209	0.00783	0.00691	0.00404	0.01049
18	0.01494	0.01265	0.01458	0.01063	0.01655	0.01017	0.00850	0.05205	0.05397	0.02369	0.01326	0.01494	0.01081	0.00546	0.00526	0.00114	0.00521	0.00437	0.00436	0.71748
19	0.00866	0.00782	0.03019	0.00780	0.01014	0.00625	0.00617	0.01093	0.01641	0.02073	0.22266	0.07766	0.51799	0.01628	0.00805	0.00228	0.00363	0.01377	0.00653	0.00607
20	0.02316	0.01660	0.01900	0.01509	0.02003	0.01807	0.03904	0.38714	0.21016	0.11859	0.04589	0.02102	0.01662	0.00864	0.00697	0.00215	0.00676	0.00697	0.00696	0.01114
21	0.00940	0.00692	0.00865	0.00914	0.01037	0.00648	0.00649	0.03798	0.01604	0.02154	0.23784	0.42353	0.14382	0.01816	0.00837	0.00250	0.00383	0.01615	0.00671	0.00609
22	0.01936	0.65645	0.03344	0.01257	0.01809	0.13049	0.01193	0.02149	0.01471	0.01619	0.00967	0.01117	0.00878	0.00603	0.00465	0.00151	0.00805	0.00377	0.00301	0.00866
23	0.16735	0.11826	0.09196	0.01388	0.01960	0.04590	0.03421	0.19570	0.01977	0.18296	0.01570	0.01587	0.01115	0.00721	0.00597	0.00198	0.00722	0.00535	0.00547	0.03449
24	0.05120	0.04347	0.12295	0.09091	0.02342	0.15891	0.04776	0.06274	0.11032	0.12203	0.01967	0.02059	0.05183	0.00957	0.03291	0.00242	0.00878	0.00638	0.00491	0.00923
25	0.01771	0.01504	0.01586	0.01406	0.01805	0.01734	0.01100	0.08703	0.65272	0.02974	0.02697	0.02482	0.02017	0.00920	0.00695	0.00230	0.00558	0.00761	0.00695	0.01089
26	0.77097	0.01316	0.01033	0.00915	0.01343	0.01510	0.00753	0.02074	0.01202	0.06351	0.01036	0.01169	0.00786	0.00645	0.00436	0.00212	0.00532	0.00386	0.00443	0.00761
27	0.01372	0.03539	0.72412	0.01950	0.02961	0.01589	0.02528	0.02167	0.01444	0.02167	0.01228	0.01444	0.00867	0.00650	0.00650	0.00217	0.01011	0.00506	0.00289	0.01011
28	0.00958	0.00696	0.00902	0.00857	0.01017	0.00640	0.00640	0.01268	0.01901	0.02676	0.66585	0.07540	0.08877	0.01437	0.00809	0.00218	0.00326	0.01269	0.00745	0.00640
29	0.00963	0.00749	0.00987	0.01032	0.01183	0.00712	0.02936	0.01265	0.05374	0.01996	0.10973	0.36220	0.17915	0.01823	0.00854	0.00265	0.00453	0.13040	0.00640	0.00624
30	0.00968	0.00699	0.00914	0.00861	0.01022	0.00646	0.00646	0.01291	0.01937	0.02743	0.71328	0.05110	0.06455	0.01399	0.00807	0.00215	0.00323	0.01237	0.00753	0.00646
31	0.01379	0.01305	0.02209	0.59081	0.19261	0.01543	0.01943	0.01824	0.01409	0.01854	0.01231	0.01796	0.00949	0.00668	0.00683	0.00223	0.00890	0.00608	0.00312	0.00830
32	0.01679	0.01596	0.02642	0.06638	0.63005	0.01628	0.02003	0.02221	0.07581	0.02271	0.01415	0.01773	0.01165	0.00640	0.00679	0.00207	0.00793	0.00624	0.00369	0.01071
33	0.02457	0.01546	0.01756	0.01378	0.01872	0.01617	0.01119	0.36262	0.10387	0.22098	0.04079	0.02132	0.01610	0.03774	0.00791	0.00223	0.00655	0.00676	0.00708	0.04861
34	0.01752	0.01495	0.01575	0.01403	0.01798	0.01725	0.01095	0.07341	0.66665	0.02944	0.02720	0.02501	0.02036	0.00922	0.00695	0.00231	0.00553	0.00765	0.00695	0.01087
35	0.80789	0.01323	0.01006	0.00900	0.01323	0.01535	0.00741	0.02011	0.01164	0.03070	0.00953	0.01111	0.00741	0.00635	0.00423	0.00212	0.00529	0.00370	0.00423	0.00741
36	0.01693	0.01626	0.02777	0.04199	0.71689	0.01626	0.02100	0.02100	0.01558	0.02235	0.01287	0.01693	0.01084	0.00610	0.00677	0.00203	0.00813	0.00610	0.00339	0.01084
37	0.01846	0.01374	0.01638	0.01429	0.03784	0.01455	0.03708	0.15925	0.28018	0.10196	0.08721	0.05723	0.05730	0.01010	0.00716	0.00220	0.00585	0.02492	0.00670	0.04760
38	0.01567	0.01497	0.02549	0.26276	0.50600	0.01592	0.02037	0.01989	0.01498	0.02082	0.01265	0.01734	0.01030	0.00633	0.00679	0.00211	0.00844	0.00609	0.00328	0.00982
39	0.00877	0.00691	0.00791	0.00776	0.00968	0.00605	0.00578	0.01110	0.01706	0.02219	0.33794	0.09240	0.40986	0.01612	0.00811	0.00227	0.00339	0.01381	0.00685	0.00605
40	0.01292	0.01216	0.02052	0.74312	0.04712	0.01520	0.01900	0.01748	0.01368	0.01748	0.01216	0.01824	0.00912	0.00684	0.00684	0.00228	0.00912	0.00608	0.00304	0.00760
41	0.01638	0.01569	0.02677	0.13896	0.62426	0.01611	0.02072	0.02051	0.01532	0.02168	0.01277	0.01711	0.01060	0.00620	0.00678	0.00207	0.00826	0.00609	0.00334	0.01039
42	0.80789	0.01323	0.01006	0.00900	0.01323	0.01535	0.00741	0.02011	0.01164	0.03070	0.00953	0.01111	0.00741	0.00635	0.00423	0.00212	0.00529	0.00370	0.00423	0.00741
43	0.01615	0.01845	0.04037	0.02884	0.03576	0.01730	0.69204	0.02191	0.01615	0.02191	0.01384	0.01845	0.01038	0.00577	0.00807	0.00231	0.01153	0.00807	0.00346	0.00923
44	0.02276	0.01750	0.01871	0.01495	0.01996	0.01943	0.01213	0.46397	0.23811	0.03780	0.01976	0.01913	0.01442	0.00841	0.00681	0.00209	0.00678	0.00656	0.00676	0.04397
45	0.01683	0.08374	0.38464	0.01891	0.06403	0.01694	0.04572	0.08531	0.06343	0.07322	0.01523	0.03756	0.01164	0.00759	0.00736	0.00217	0.04553	0.00600	0.00409	0.01005
46	0.01400	0.05709	0.67413	0.02019	0.05759	0.01625	0.02468	0.02160	0.01447	0.02152	0.01222	0.01444	0.00876	0.00646	0.00645	0.00214	0.00994	0.00506	0.00291	0.01010
47	0.01494	0.05825	0.52877	0.02100	0.03000	0.05060	0.15775	0.02194	0.01500	0.02128	0.01241	0.01502	0.00902	0.00636	0.00672	0.00215	0.01040	0.00558	0.00303	0.00978
48	0.00977	0.00733	0.01100	0.01100	0.01222	0.00855	0.00855	0.01222	0.01100	0.01588	0.01833	0.02688	0.01710	0.05131	0.73245	0.01100	0.01833	0.00733	0.00367	0.00611
49	0.03253	0.02324	0.26881	0.04748	0.08269	0.04306	0.27776	0.02131	0.02932	0.02193	0.02973	0.04088	0.01238	0.00695	0.00714	0.00220	0.00981	0.00698	0.02651	0.00928
50	0.05693	0.05194	0.25500	0.09110	0.08429	0.13970	0.08828	0.03945	0.03768	0.04863	0.01301	0.01554	0.00983	0.00688	0.00704	0.00211	0.03413	0.00554	0.00363	0.00931
51	0.01590	0.02017	0.10952	0.02789	0.03513	0.01716	0.62460	0.02189	0.01598	0.02189	0.01368	0.01805	0.01021	0.00584	0.00791	0.00229	0.01139	0.00777	0.00340	0.00932
52	0.00899	0.00680	0.00963	0.07597	0.03333	0.00672	0.00790	0.01056	0.01322	0.01760	0.03472	0.66832	0.04104	0.01969	0.00851	0.00271	0.00455	0.01788	0.00597	0.00589
53	0.01516	0.08313	0.10006	0.14422	0.04919	0.03977	0.12842	0.03803	0.01499	0.04814	0.07215	0.02076	0.01543	0.01397	0.11028	0.00344	0.08385	0.00676	0.00390	0.00833
54	0.01541	0.11630	0.10158	0.02030	0.02423	0.01962	0.21971	0.01895	0.01314	0.01864	0.01181	0.04002	0.01055	0.00904	0.01362	0.00249	0.32631	0.00666	0.00323	0.00839
55	0.00998	0.00730	0.01006	0.00998	0.01075	0.00824	0.00722	0.01156	0.01062	0.01500	0.01917	0.03267	0.01954	0.29237	0.47452	0.00928	0.03427	0.00819	0.00381	0.00547
56	0.01045	0.00772	0.00817	0.00813	0.00846	0.03577	0.00490	0.01078	0.01070	0.01389	0.02322	0.05885	0.05259	0.63426	0.07946	0.00647	0.00747	0.00994	0.00423	0.00453
57	0.04801	0.09928	0.25566	0.01893	0.03897	0.07996	0.17423	0.02094	0.04166	0.02111	0.03901	0.07372	0.04232	0.00819	0.00683	0.00214	0.00900	0.00731	0.00385	0.00888
58	0.01150	0.03714	0.09047	0.05553	0.01626	0.04350	0.03946	0.01503	0.01712	0.02339	0.36947	0.10273	0.09820	0.01249	0.00755	0.00217	0.00535	0.01091	0.03465	0.00706
59	0.04477	0.07643	0.50125	0.01891	0.02741	0.09295	0.06787	0.05409	0.01579	0.02217	0.01213	0.01426	0.00890	0.00654	0.00638	0.00208	0.00998	0.00511	0.00323	0.00971
60	0.08734	0.01853	0.07719	0.08858	0.36659	0.07927	0.10000	0.02205	0.01563	0.06148	0.01318	0.01648	0.01035	0.00639	0.00665	0.00208	0.00876	0.00594	0.00370	0.00981
61	0.80789	0.01323	0.01006	0.00900	0.01323	0.01535	0.00741	0.02011	0.01164	0.03070	0.00953	0.01111	0.00741	0.00635	0.00423	0.00212	0.00529	0.00370	0.00423	0.00741
62	0.01419	0.01216	0.01419	0.01013	0.01621	0.00912	0.00811	0.01723	0.01419	0.02229	0.01216	0.01419	0.01013	0.00507	0.00507	0.00101	0.00507	0.00405	0.00405	0.80139
63	0.01325	0.01278	0.05868	0.01821	0.16139	0.01187	0.03440	0.02067	0.18236	0.02496	0.25628	0.09747	0.05651	0.01125	0.00750	0.00223	0.00554	0.01006	0.00597	0.00863
64	0.01233	0.01036	0.01641	0.41737	0.05900	0.01218	0.01415	0.01540	0.01385	0.01871	0.10666	0.04756	0.03685	0.01082	0.01005	0.09972	0.03774	0.00754	0.04647	0.00683
65	0.01702	0.01470	0.01547	0.01392	0.01779	0.01702	0.01083	0.03635	0.70453	0.02862	0.02785	0.02553	0.02088	0.00928	0.00696	0.00232	0.00541	0.00773	0.00696	0.01083
66	0.01506	0.13524	0.43561	0.01745	0.05287	0.04419	0.01945	0.02085	0.01456	0.02082	0.01181	0.01391	0.00905	0.00614	0.00592	0.00183	0.00877	0.00468	0.00316	0.15862
67	0.01130	0.03822	0.29190	0.01265	0.01807	0.01066	0.01379	0.01600	0.01618	0.02254	0.23824	0.03766	0.19314	0.01127	0.00724	0.00213	0.00618	0.00943	0.00516	0.03824
68	0.53295	0.06396	0.01488	0.04918	0.05626	0.14547	0.01007	0.02135	0.01351	0.02613	0.01003	0.01201	0.00803	0.00646	0.00487	0.00202	0.00704	0.00408	0.00392	0.00779
69	0.01334	0.00676	0.00986	0.00946	0.00986	0.00688	0.00654	0.01108	0.00981	0.06514	0.01327	0.02167	0.01264	0.05033	0.02539	0.67888	0.03566	0.00617	0.00343	0.00384
70	0.01046	0.00747	0.01038	0.01196	0.01329	0.00739	0.01005	0.01321	0.01520	0.01985	0.03653	0.21852	0.04060	0.01943	0.00930	0.00307	0.00581	0.53502	0.00631	0.00614
71	0.01866	0.48981	0.02987	0.01398	0.04007	0.06099	0.04139	0.04856	0.07359	0.04840	0.04150	0.01734	0.01365	0.00718	0.00545	0.00174	0.00738	0.02738	0.00401	0.00904
72	0.01904	0.02061	0.08969	0.06899	0.25061	0.16222	0.04387	0.08594	0.04101	0.05585	0.01674	0.02022	0.03982	0.00778	0.00723	0.00210	0.02758	0.02686	0.00424	0.00960
73	0.03881	0.01496	0.11270	0.01352	0.04625	0.08911	0.03285	0.01698	0.01613	0.06518	0.19861	0.09407	0.12073	0.01516	0.06125	0.03400	0.00722	0.00968	0.00536	0.00744

[dist]
# distance from previous block
# <min> <max>
3	14

[block]
# block no. 1 follows, 31 sequences, length 43
# corresponding to MSA columns:
# 158-200
name=unknown_B
#
# <colnr> <probs for GDERKNQSTAVLIFYWHMCP>
#	G	D	E	R	K	N	Q	S	T	A	V	L	I	F	Y	W	H	M	C	P
0	0.01444	0.03402	0.05443	0.01222	0.02956	0.06340	0.00964	0.03422	0.01440	0.09061	0.04400	0.13286	0.04848	0.13974	0.13568	0.00443	0.03609	0.04252	0.00496	0.05430
1	0.01861	0.59966	0.04679	0.01206	0.01761	0.04980	0.01168	0.02098	0.01432	0.05243	0.01099	0.01243	0.00952	0.00625	0.00521	0.00155	0.02935	0.00405	0.02635	0.05036
2	0.01091	0.00697	0.00867	0.00898	0.01036	0.00642	0.00630	0.01235	0.01396	0.08970	0.05633	0.35929	0.19824	0.11855	0.05708	0.00361	0.00527	0.01478	0.00614	0.00610
3	0.01965	0.01946	0.13661	0.11086	0.04622	0.01787	0.03029	0.27013	0.19703	0.05412	0.01829	0.01894	0.01330	0.00791	0.00684	0.00218	0.00767	0.00643	0.00560	0.01058
4	0.01118	0.01026	0.00973	0.00975	0.01173	0.08581	0.00713	0.01478	0.08668	0.02025	0.13591	0.24357	0.29553	0.01607	0.00794	0.00236	0.00474	0.01376	0.00627	0.00656
5	0.01693	0.01626	0.02777	0.04199	0.71689	0.01626	0.02100	0.02100	0.01558	0.02235	0.01287	0.01693	0.01084	0.00610	0.00677	0.00203	0.00813	0.00610	0.00339	0.01084
6	0.01533	0.01650	0.02873	0.02206	0.02596	0.05590	0.34969	0.01898	0.01423	0.01952	0.01497	0.10335	0.01396	0.00948	0.01216	0.00249	0.22684	0.00844	0.00369	0.03773
7	0.01816	0.07324	0.17249	0.01662	0.02205	0.18169	0.08788	0.02521	0.14575	0.06565	0.08547	0.02184	0.03767	0.00819	0.00676	0.00207	0.00858	0.00674	0.00476	0.00917
8	0.01292	0.01216	0.02052	0.74312	0.04712	0.01520	0.01900	0.01748	0.01368	0.01748	0.01216	0.01824	0.00912	0.00684	0.00684	0.00228	0.00912	0.00608	0.00304	0.00760
9	0.01446	0.01556	0.03167	0.02373	0.02855	0.01539	0.47704	0.01882	0.01488	0.02040	0.01802	0.16453	0.01715	0.00960	0.00988	0.00248	0.09547	0.01009	0.00398	0.00829
10	0.01471	0.01324	0.02100	0.16326	0.32026	0.01383	0.03707	0.05792	0.04245	0.02347	0.14515	0.05248	0.04801	0.00889	0.00720	0.00216	0.00706	0.00817	0.00464	0.00904
11	0.00864	0.00622	0.00825	0.00970	0.01033	0.00583	0.00677	0.01012	0.01369	0.01817	0.06387	0.63627	0.07031	0.02075	0.00875	0.00277	0.00415	0.08334	0.00639	0.00567
12	0.01905	0.01389	0.01634	0.01396	0.01787	0.03826	0.04500	0.16283	0.21408	0.12617	0.09133	0.03463	0.04967	0.01096	0.00750	0.00233	0.00631	0.11343	0.00678	0.00961
13	0.30316	0.06029	0.01678	0.01255	0.01746	0.05890	0.01040	0.25226	0.02071	0.16358	0.01523	0.01528	0.01081	0.00739	0.00574	0.00204	0.00668	0.00518	0.00580	0.00976
14	0.01012	0.00752	0.00986	0.03238	0.01117	0.00817	0.00689	0.01159	0.01198	0.01657	0.11643	0.05944	0.05293	0.34142	0.22612	0.00664	0.05120	0.00963	0.00452	0.00542
15	0.01377	0.00731	0.00828	0.00777	0.00993	0.00702	0.00595	0.01663	0.01456	0.09227	0.02607	0.05494	0.07218	0.01355	0.08025	0.00268	0.00515	0.00752	0.50729	0.04687
16	0.01485	0.01809	0.11192	0.09136	0.02806	0.01812	0.24780	0.01891	0.01322	0.01903	0.01166	0.01681	0.00971	0.01003	0.03814	0.00286	0.31124	0.00664	0.00317	0.00836
17	0.01241	0.01134	0.01862	0.51130	0.11073	0.01329	0.01648	0.01629	0.01406	0.01840	0.04377	0.12964	0.03688	0.00948	0.00719	0.00232	0.00787	0.00853	0.00383	0.00755
18	0.00999	0.00644	0.00874	0.00966	0.01035	0.00623	0.00663	0.01102	0.01269	0.05212	0.03205	0.53720	0.03688	0.06815	0.09606	0.06248	0.00604	0.01585	0.00577	0.00565
19	0.00979	0.00727	0.01069	0.01069	0.01181	0.00839	0.00817	0.01202	0.01091	0.01566	0.01860	0.02841	0.01777	0.11193	0.67274	0.01062	0.01732	0.00755	0.00371	0.00594
20	0.00981	0.00718	0.01024	0.01024	0.01121	0.00814	0.00762	0.01174	0.01077	0.01533	0.01901	0.03068	0.01875	0.20167	0.58435	0.01007	0.01584	0.00789	0.00377	0.00569
21	0.01472	0.01762	0.09047	0.22800	0.03187	0.09544	0.22108	0.01902	0.01488	0.01905	0.01618	0.12047	0.01473	0.01016	0.03173	0.00260	0.03194	0.00831	0.00369	0.00803
22	0.12394	0.01346	0.02112	0.44381	0.23142	0.01552	0.01796	0.01884	0.01393	0.02068	0.01200	0.01689	0.00937	0.00656	0.00646	0.00219	0.00831	0.00576	0.00330	0.00849
23	0.01696	0.21798	0.05259	0.24073	0.15307	0.08468	0.08089	0.04075	0.01542	0.01925	0.01172	0.01535	0.00948	0.00639	0.00621	0.00196	0.00897	0.00544	0.00326	0.00889
24	0.01011	0.00778	0.01172	0.08604	0.01547	0.00910	0.00931	0.01260	0.01120	0.01586	0.01792	0.02726	0.01683	0.09707	0.60825	0.00979	0.01655	0.00739	0.00363	0.00612
25	0.01828	0.01799	0.16017	0.09283	0.06594	0.01447	0.08658	0.10015	0.01729	0.15234	0.01808	0.07320	0.01469	0.00879	0.00810	0.00223	0.05881	0.02930	0.00493	0.05584
26	0.01689	0.17673	0.31004	0.01856	0.08745	0.06471	0.04656	0.04630	0.01592	0.06549	0.01777	0.01910	0.07086	0.00746	0.00631	0.00199	0.00862	0.00592	0.00381	0.00950
27	0.01560	0.00788	0.00842	0.00768	0.00995	0.00788	0.00595	0.06900	0.01623	0.09843	0.02235	0.02459	0.01703	0.00804	0.00515	0.00168	0.00379	0.00641	0.65660	0.00732
28	0.01811	0.00928	0.01299	0.01268	0.04914	0.00886	0.00915	0.02025	0.01569	0.29726	0.05406	0.29178	0.02846	0.01813	0.08770	0.00336	0.03636	0.01166	0.00666	0.00841
29	0.02047	0.09431	0.14478	0.02334	0.19242	0.08327	0.09503	0.06866	0.03223	0.15651	0.01559	0.01704	0.01146	0.00685	0.00662	0.00203	0.00863	0.00594	0.00455	0.01026
30	0.01190	0.00713	0.00936	0.00954	0.01091	0.00664	0.00681	0.01368	0.01495	0.11258	0.17080	0.36902	0.05959	0.10407	0.03411	0.00327	0.00489	0.03779	0.00653	0.00643
31	0.07206	0.01163	0.01301	0.01063	0.01446	0.01183	0.00859	0.19567	0.02027	0.23213	0.02134	0.02161	0.01520	0.00807	0.00589	0.00190	0.00520	0.00630	0.31489	0.00932
32	0.04666	0.08110	0.15647	0.05433	0.02450	0.08514	0.13248	0.11189	0.07107	0.02375	0.01740	0.04960	0.03611	0.00851	0.00767	0.00220	0.04743	0.03025	0.00434	0.00908
33	0.01513	0.01859	0.17180	0.02495	0.24484	0.01460	0.08675	0.06026	0.05904	0.02302	0.03733	0.04306	0.01546	0.01256	0.08580	0.00312	0.00935	0.03424	0.00410	0.03599
34	0.00841	0.00609	0.00790	0.00925	0.00982	0.00564	0.00621	0.00970	0.01346	0.01784	0.06748	0.65754	0.09459	0.03949	0.00932	0.00282	0.00397	0.01855	0.00634	0.00557
35	0.00952	0.00864	0.03675	0.06273	0.04322	0.00759	0.03360	0.01173	0.01436	0.01882	0.08084	0.41636	0.19542	0.01725	0.00822	0.00253	0.00484	0.01543	0.00583	0.00632
36	0.10210	0.10167	0.13070	0.03820	0.02287	0.01622	0.14672	0.06271	0.07833	0.04500	0.01620	0.08069	0.01379	0.00805	0.00700	0.00209	0.03241	0.00694	0.00436	0.08396
37	0.01425	0.01251	0.02010	0.21474	0.23150	0.01332	0.05535	0.01939	0.08557	0.04587	0.02146	0.18181	0.03422	0.01030	0.00735	0.00232	0.00722	0.00952	0.00457	0.00864
38	0.00984	0.00702	0.00944	0.00941	0.01015	0.00765	0.00663	0.01131	0.01098	0.01538	0.05469	0.03549	0.02271	0.34214	0.40762	0.00875	0.01273	0.00867	0.00406	0.00531
39	0.01685	0.04793	0.35995	0.05202	0.13704	0.03627	0.10262	0.02335	0.04391	0.09361	0.01458	0.01668	0.01060	0.00667	0.00673	0.00214	0.00928	0.00587	0.00380	0.01010
40	0.12027	0.05266	0.06281	0.01166	0.01699	0.03352	0.01007	0.07236	0.08794	0.04861	0.07573	0.01848	0.01581	0.00700	0.00571	0.00163	0.00584	0.00543	0.00489	0.34255
41	0.01053	0.00738	0.00917	0.00921	0.01060	0.00703	0.00657	0.01205	0.01358	0.05316	0.07723	0.26676	0.15960	0.16819	0.06535	0.00390	0.02679	0.03971	0.00568	0.04752
42	0.10319	0.05769	0.10121	0.01655	0.02135	0.43272	0.03834	0.05272	0.03948	0.02065	0.01160	0.01330	0.00927	0.00684	0.00600	0.00185	0.01034	0.00467	0.00377	0.04845

[dist]
# distance from previous block
# <min> <max>
0	5

[block]
# block no. 2 follows, 31 sequences, length 19
# corresponding to MSA columns:
# 206-224
name=unknown_C
#
# <colnr> <probs for GDERKNQSTAVLIFYWHMCP>
#	G	D	E	R	K	N	Q	S	T	A	V	L	I	F	Y	W	H	M	C	P
0	0.01637	0.01598	0.02815	0.12484	0.56891	0.01623	0.08735	0.02067	0.01541	0.02172	0.01288	0.01724	0.01059	0.00615	0.00691	0.00209	0.00858	0.00629	0.00335	0.01029
1	0.00988	0.00748	0.00938	0.01026	0.01187	0.00718	0.00816	0.01305	0.05018	0.02018	0.09147	0.22550	0.21098	0.01826	0.00872	0.00274	0.00479	0.27724	0.00644	0.00624
2	0.01838	0.06054	0.08379	0.06464	0.20481	0.03874	0.17591	0.05096	0.01666	0.12140	0.03331	0.04836	0.01386	0.00753	0.00749	0.00215	0.03023	0.00709	0.00440	0.00974
3	0.01438	0.01365	0.02315	0.48882	0.29005	0.01558	0.01972	0.01876	0.01437	0.01925	0.01242	0.01777	0.00974	0.00657	0.00682	0.00219	0.00876	0.00609	0.00317	0.00877
4	0.01372	0.03539	0.72412	0.01950	0.02961	0.01589	0.02528	0.02167	0.01444	0.02167	0.01228	0.01444	0.00867	0.00650	0.00650	0.00217	0.01011	0.00506	0.00289	0.01011
5	0.00870	0.00703	0.00837	0.00967	0.04520	0.00626	0.00638	0.01028	0.01446	0.01810	0.05308	0.31356	0.40807	0.04722	0.00930	0.00264	0.00401	0.01567	0.00612	0.00589
6	0.01850	0.21762	0.30049	0.01752	0.02488	0.08045	0.09721	0.05611	0.01631	0.09035	0.01327	0.01482	0.00988	0.00657	0.00617	0.00196	0.00920	0.00523	0.00377	0.00970
7	0.05954	0.03411	0.68292	0.01889	0.02867	0.01586	0.02425	0.02158	0.01428	0.02219	0.01212	0.01425	0.00859	0.00649	0.00637	0.00216	0.00983	0.00498	0.00297	0.00995
8	0.00832	0.00600	0.00789	0.00939	0.00989	0.00557	0.00629	0.00954	0.01323	0.01752	0.03934	0.71949	0.07981	0.02122	0.00870	0.00275	0.00394	0.01919	0.00635	0.00557
9	0.04428	0.14077	0.30260	0.09499	0.11812	0.06855	0.05236	0.02202	0.01507	0.06188	0.01264	0.01507	0.00956	0.00650	0.00624	0.00202	0.00912	0.00524	0.00343	0.00954
10	0.06662	0.00963	0.01307	0.01230	0.01353	0.01192	0.00973	0.01459	0.04052	0.01747	0.01629	0.02398	0.01521	0.06847	0.47140	0.00814	0.16987	0.00692	0.00372	0.00661
11	0.00989	0.00735	0.00950	0.01042	0.01207	0.00697	0.00858	0.01252	0.01593	0.02061	0.13175	0.13454	0.20672	0.01812	0.00887	0.00278	0.00500	0.36578	0.00648	0.00612
12	0.01127	0.00791	0.01038	0.00977	0.01213	0.00698	0.04628	0.01333	0.01557	0.09514	0.07502	0.23283	0.37184	0.01669	0.00818	0.00244	0.00445	0.04672	0.00645	0.00661
13	0.01870	0.09005	0.26813	0.02118	0.13086	0.03939	0.07354	0.06847	0.07762	0.12252	0.01593	0.01714	0.01160	0.00697	0.00659	0.00208	0.00855	0.00588	0.00444	0.01034
14	0.01842	0.01722	0.02636	0.18227	0.18908	0.09261	0.17771	0.05090	0.01647	0.09048	0.01399	0.01756	0.01065	0.00700	0.00810	0.00220	0.05920	0.00646	0.00397	0.00933
15	0.01867	0.08671	0.01503	0.01070	0.01429	0.01444	0.00880	0.29102	0.02152	0.03170	0.01866	0.02039	0.01428	0.00786	0.00558	0.00177	0.00536	0.00602	0.39847	0.00874
16	0.01538	0.01426	0.02128	0.22782	0.18482	0.03549	0.07122	0.07989	0.03693	0.02221	0.01917	0.04249	0.06808	0.00832	0.00730	0.00212	0.02343	0.02814	0.00418	0.08747
17	0.07404	0.03289	0.08189	0.10646	0.05892	0.06779	0.03684	0.10917	0.06184	0.16698	0.01876	0.08369	0.01501	0.00857	0.00667	0.00211	0.00741	0.00709	0.00536	0.04849
18	0.01608	0.01718	0.09160	0.09958	0.24627	0.06363	0.05510	0.04124	0.01566	0.05093	0.04733	0.06811	0.04993	0.00902	0.00892	0.00225	0.09647	0.00756	0.00411	0.00902

[dist]
# distance from previous block
# <min> <max>
0	15

# created by:
# /home/berkeley/.conda/envs/busco_data_prod/bin/msa2prfl.pl pipeline/OGs_align_augustus/4893/5700.fs
