[name]
unknown

[dist]
# distance from previous block
# <min> <max>
0	16

[block]
# block no. 0 follows, 34 sequences, length 101
# corresponding to MSA columns:
# 16-116
name=unknown_A
#
# <colnr> <probs for GDERKNQSTAVLIFYWHMCP>
#	G	D	E	R	K	N	Q	S	T	A	V	L	I	F	Y	W	H	M	C	P
0	0.01899	0.01803	0.02192	0.09887	0.17409	0.14245	0.09190	0.21915	0.03618	0.02534	0.01432	0.01868	0.01161	0.00724	0.00655	0.00197	0.00840	0.04389	0.00439	0.03600
1	0.11884	0.01849	0.02057	0.10593	0.05610	0.19358	0.13300	0.12082	0.01709	0.02302	0.01170	0.01419	0.00911	0.00619	0.00595	0.00180	0.00848	0.00513	0.00387	0.12615
2	0.01463	0.01467	0.02367	0.25847	0.05780	0.05820	0.22119	0.06077	0.05707	0.02022	0.03914	0.02018	0.03976	0.00896	0.03850	0.00249	0.04567	0.00686	0.00375	0.00802
3	0.01791	0.01707	0.02109	0.03813	0.02102	0.15288	0.15305	0.13352	0.01654	0.06094	0.01357	0.01801	0.01130	0.05773	0.09270	0.00330	0.15297	0.00621	0.00404	0.00802
4	0.01710	0.01852	0.01980	0.11277	0.25692	0.24694	0.01467	0.01956	0.01447	0.01721	0.01203	0.01788	0.01092	0.10331	0.01110	0.00251	0.08747	0.00570	0.00325	0.00787
5	0.00829	0.00648	0.00721	0.00723	0.00873	0.00590	0.00513	0.00973	0.01342	0.01687	0.10646	0.08571	0.43079	0.17816	0.07814	0.00377	0.00514	0.01220	0.00543	0.00520
6	0.01596	0.01543	0.02668	0.03918	0.70588	0.01539	0.04620	0.01986	0.01473	0.02109	0.01219	0.01605	0.01022	0.00575	0.00644	0.00193	0.00780	0.00583	0.00320	0.01018
7	0.01293	0.01223	0.02069	0.61960	0.17661	0.01455	0.01831	0.01715	0.01326	0.01739	0.01161	0.01699	0.00892	0.00633	0.00645	0.00211	0.00843	0.00575	0.00293	0.00776
8	0.01340	0.01148	0.01340	0.00957	0.01531	0.00861	0.00766	0.01627	0.01340	0.02105	0.01148	0.01340	0.00957	0.00479	0.00479	0.00096	0.00479	0.00383	0.00383	0.81242
9	0.01727	0.77681	0.03386	0.01106	0.01658	0.02557	0.01106	0.01935	0.01313	0.01520	0.00898	0.01036	0.00829	0.00553	0.00415	0.00138	0.00691	0.00345	0.00276	0.00829
10	0.01149	0.00851	0.01036	0.00931	0.01142	0.00850	0.00714	0.09620	0.07337	0.02774	0.59147	0.04256	0.05193	0.01223	0.00740	0.00203	0.00368	0.01066	0.00700	0.00699
11	0.26171	0.01522	0.01632	0.01294	0.01768	0.01666	0.03930	0.34211	0.07565	0.11825	0.01548	0.01552	0.01101	0.00724	0.00579	0.00199	0.00629	0.00539	0.00578	0.00964
12	0.01166	0.00735	0.00949	0.00861	0.01065	0.00678	0.00658	0.01505	0.03988	0.11032	0.59388	0.04501	0.08430	0.01259	0.00746	0.00204	0.00341	0.01102	0.00715	0.00678
13	0.01220	0.01148	0.01938	0.75739	0.04450	0.01436	0.01794	0.01651	0.01292	0.01651	0.01148	0.01723	0.00861	0.00646	0.00646	0.00215	0.00861	0.00574	0.00287	0.00718
14	0.01727	0.77681	0.03386	0.01106	0.01658	0.02557	0.01106	0.01935	0.01313	0.01520	0.00898	0.01036	0.00829	0.00553	0.00415	0.00138	0.00691	0.00345	0.00276	0.00829
15	0.01525	0.01460	0.02489	0.18005	0.59802	0.01516	0.01946	0.01918	0.01436	0.02021	0.01202	0.01623	0.00992	0.00589	0.00641	0.00196	0.00786	0.00575	0.00313	0.00964
16	0.01599	0.01535	0.02623	0.03966	0.73262	0.01535	0.01983	0.01983	0.01471	0.02111	0.01215	0.01599	0.01023	0.00576	0.00640	0.00192	0.00768	0.00576	0.00320	0.01023
17	0.00787	0.00562	0.00750	0.00900	0.00937	0.00525	0.00600	0.00900	0.01237	0.01649	0.03561	0.76871	0.04274	0.02024	0.00825	0.00262	0.00375	0.01837	0.00600	0.00525
18	0.01510	0.40290	0.38875	0.01476	0.02231	0.02025	0.01750	0.01991	0.01339	0.01785	0.01030	0.01201	0.00824	0.00584	0.00515	0.00172	0.00824	0.00412	0.00275	0.00892
19	0.05282	0.01156	0.01264	0.01106	0.01452	0.01224	0.00860	0.02502	0.39285	0.02588	0.20335	0.02793	0.02806	0.00913	0.00643	0.00194	0.00453	0.00769	0.00615	0.13761
20	0.00795	0.00568	0.00757	0.00899	0.00937	0.00536	0.00600	0.00908	0.01223	0.01635	0.03467	0.72758	0.04144	0.04103	0.03063	0.00295	0.00421	0.01779	0.00587	0.00523
21	0.02091	0.02533	0.01837	0.04959	0.10535	0.54174	0.01307	0.02302	0.01672	0.01638	0.01117	0.01402	0.00949	0.01147	0.09326	0.00274	0.01172	0.00474	0.00331	0.00760
22	0.05592	0.00944	0.01166	0.01002	0.01311	0.00916	0.00788	0.02220	0.12775	0.25558	0.35752	0.03419	0.03740	0.01048	0.00692	0.00204	0.00426	0.00893	0.00716	0.00837
23	0.01525	0.01743	0.03813	0.02723	0.03377	0.01634	0.70915	0.02070	0.01525	0.02070	0.01307	0.01743	0.00980	0.00545	0.00763	0.00218	0.01089	0.00763	0.00327	0.00871
24	0.00795	0.00568	0.00757	0.00894	0.00939	0.00530	0.00600	0.00919	0.01274	0.01708	0.07848	0.72418	0.04386	0.01981	0.00821	0.00259	0.00371	0.01796	0.00607	0.00530
25	0.01599	0.01535	0.02623	0.03966	0.73262	0.01535	0.01983	0.01983	0.01471	0.02111	0.01215	0.01599	0.01023	0.00576	0.00640	0.00192	0.00768	0.00576	0.00320	0.01023
26	0.01599	0.01535	0.02623	0.03966	0.73262	0.01535	0.01983	0.01983	0.01471	0.02111	0.01215	0.01599	0.01023	0.00576	0.00640	0.00192	0.00768	0.00576	0.00320	0.01023
27	0.00814	0.00654	0.00713	0.00700	0.00887	0.00567	0.00516	0.01005	0.01534	0.01939	0.23809	0.05727	0.50952	0.06229	0.00919	0.00239	0.00340	0.01286	0.00617	0.00553
28	0.01713	0.75107	0.05829	0.01131	0.01698	0.02520	0.01150	0.01939	0.01315	0.01538	0.00907	0.01048	0.00829	0.00555	0.00421	0.00140	0.00700	0.00350	0.00276	0.00834
29	0.09964	0.01701	0.05833	0.01849	0.02344	0.07552	0.28878	0.02449	0.22800	0.02340	0.06294	0.02007	0.01563	0.00714	0.00671	0.00211	0.00802	0.00694	0.00457	0.00876
30	0.01310	0.05787	0.71624	0.01817	0.02759	0.01535	0.02345	0.02043	0.01362	0.02029	0.01151	0.01353	0.00819	0.00612	0.00607	0.00202	0.00946	0.00473	0.00273	0.00951
31	0.00816	0.00642	0.00738	0.00744	0.00913	0.00563	0.00547	0.01018	0.01552	0.02006	0.27681	0.16831	0.40460	0.01594	0.00773	0.00220	0.00327	0.01374	0.00636	0.00563
32	0.08910	0.06158	0.02017	0.01458	0.01955	0.04707	0.12551	0.14071	0.05522	0.30549	0.04309	0.01904	0.01432	0.00738	0.00634	0.00198	0.00688	0.00625	0.00599	0.00975
33	0.04365	0.00892	0.01133	0.01047	0.01295	0.00857	0.02396	0.07376	0.04516	0.19806	0.03209	0.38774	0.08774	0.01453	0.00738	0.00233	0.00469	0.01277	0.00642	0.00751
34	0.00796	0.00619	0.00724	0.00776	0.00912	0.00547	0.00552	0.00961	0.01434	0.01836	0.15478	0.34031	0.35543	0.01742	0.00788	0.00233	0.00343	0.01522	0.00617	0.00547
35	0.01289	0.01218	0.02062	0.62757	0.16897	0.01454	0.01829	0.01711	0.01324	0.01734	0.01161	0.01700	0.00891	0.00633	0.00645	0.00211	0.00844	0.00574	0.00293	0.00773
36	0.01622	0.01567	0.02723	0.03749	0.63451	0.01562	0.09147	0.04437	0.01532	0.02176	0.01237	0.01612	0.01022	0.00580	0.00653	0.00195	0.00799	0.00595	0.00332	0.01010
37	0.01525	0.01743	0.03813	0.02723	0.03377	0.01634	0.70915	0.02070	0.01525	0.02070	0.01307	0.01743	0.00980	0.00545	0.00763	0.00218	0.01089	0.00763	0.00327	0.00871
38	0.00767	0.00655	0.00660	0.00658	0.00875	0.00547	0.00494	0.00934	0.01481	0.01766	0.08125	0.06185	0.71407	0.01629	0.00764	0.00218	0.00327	0.01359	0.00603	0.00547
39	0.01700	0.72921	0.07903	0.01153	0.01731	0.02489	0.01188	0.01942	0.01316	0.01554	0.00915	0.01057	0.00829	0.00557	0.00427	0.00142	0.00708	0.00354	0.00276	0.00837
40	0.09239	0.04618	0.10479	0.02250	0.05279	0.09278	0.40095	0.04964	0.01539	0.02146	0.01201	0.01531	0.00919	0.00597	0.00711	0.00207	0.03126	0.00623	0.00339	0.00860
41	0.01608	0.01685	0.01794	0.01548	0.01808	0.20016	0.09446	0.04420	0.11256	0.01882	0.01801	0.05184	0.04011	0.04843	0.07999	0.00318	0.14707	0.04508	0.00417	0.00749
42	0.01551	0.09652	0.03695	0.02631	0.07517	0.01724	0.59373	0.02050	0.01500	0.02015	0.01259	0.01660	0.00967	0.00547	0.00719	0.00208	0.01028	0.00707	0.00321	0.00876
43	0.01121	0.00849	0.00932	0.00873	0.01060	0.04950	0.00642	0.01385	0.03437	0.06397	0.37400	0.10482	0.14507	0.09243	0.01002	0.00249	0.00423	0.01117	0.00623	0.03307
44	0.21502	0.04939	0.01677	0.01335	0.01770	0.24313	0.01070	0.24346	0.02002	0.06218	0.01230	0.01314	0.00928	0.00679	0.00551	0.00181	0.00783	0.00460	0.00472	0.04230
45	0.11292	0.49928	0.12190	0.01393	0.06888	0.02188	0.01293	0.05094	0.01384	0.01912	0.00985	0.01144	0.00838	0.00578	0.00465	0.00161	0.00709	0.00390	0.00311	0.00856
46	0.16719	0.06871	0.01831	0.01617	0.11093	0.03795	0.05401	0.17625	0.07666	0.07153	0.09743	0.04428	0.01765	0.00797	0.00609	0.00197	0.00631	0.00653	0.00518	0.00889
47	0.06711	0.01431	0.04580	0.01317	0.01757	0.01453	0.03452	0.13319	0.32756	0.17792	0.06730	0.02243	0.01867	0.00835	0.00647	0.00208	0.00574	0.00687	0.00646	0.00997
48	0.01546	0.01582	0.03097	0.02478	0.10205	0.01526	0.47109	0.09394	0.01682	0.02293	0.05805	0.07057	0.01533	0.00721	0.00741	0.00215	0.00918	0.00822	0.00403	0.00872
49	0.01950	0.19184	0.09624	0.01798	0.04989	0.20801	0.13467	0.14898	0.01806	0.02178	0.01153	0.01350	0.00913	0.00642	0.00629	0.00182	0.02678	0.00507	0.00370	0.00883
50	0.01762	0.02499	0.39032	0.01884	0.05511	0.01568	0.10169	0.17241	0.01806	0.10226	0.01415	0.01550	0.00992	0.00659	0.00644	0.00203	0.00866	0.00557	0.00420	0.00995
51	0.01341	0.01262	0.02083	0.52813	0.21849	0.01472	0.01795	0.01846	0.05713	0.01833	0.01257	0.01734	0.00971	0.00642	0.00645	0.00210	0.00816	0.00584	0.00318	0.00815
52	0.01614	0.01846	0.10328	0.03214	0.41202	0.04094	0.20727	0.05177	0.01558	0.02164	0.01242	0.01597	0.00987	0.00583	0.00669	0.00200	0.00886	0.00611	0.00332	0.00969
53	0.06518	0.01591	0.04437	0.03319	0.55325	0.03239	0.03398	0.06287	0.01572	0.03897	0.03460	0.01663	0.01167	0.00620	0.00630	0.00193	0.00751	0.00580	0.00367	0.00986
54	0.00787	0.00562	0.00750	0.00900	0.00937	0.00525	0.00600	0.00900	0.01237	0.01649	0.03561	0.76871	0.04274	0.02024	0.00825	0.00262	0.00375	0.01837	0.00600	0.00525
55	0.01479	0.01632	0.03144	0.06922	0.02970	0.04136	0.48242	0.01909	0.01411	0.01914	0.01322	0.05562	0.01115	0.00736	0.00994	0.00230	0.14381	0.00760	0.00331	0.00810
56	0.07444	0.37833	0.17227	0.01405	0.01989	0.12493	0.04526	0.02154	0.06152	0.01839	0.01101	0.01247	0.00902	0.00606	0.00510	0.00169	0.00805	0.00428	0.00321	0.00849
57	0.01556	0.05651	0.26456	0.02463	0.16323	0.01610	0.24823	0.04509	0.01503	0.04871	0.01266	0.01560	0.00953	0.00609	0.00704	0.00205	0.03070	0.00598	0.00334	0.00938
58	0.01513	0.01506	0.01280	0.01240	0.01465	0.20496	0.00913	0.05198	0.20494	0.02024	0.02543	0.33461	0.02602	0.01301	0.00708	0.00222	0.00636	0.01107	0.00547	0.00744
59	0.01521	0.01455	0.02482	0.18761	0.59077	0.01515	0.01944	0.01915	0.01434	0.02016	0.01202	0.01625	0.00990	0.00590	0.00641	0.00197	0.00787	0.00575	0.00313	0.00960
60	0.01507	0.08944	0.52905	0.01915	0.08515	0.01654	0.02099	0.11051	0.01588	0.02274	0.01194	0.01382	0.00873	0.00627	0.00604	0.00197	0.00886	0.00489	0.00326	0.00969
61	0.00780	0.00654	0.00671	0.00668	0.00874	0.00553	0.00496	0.00949	0.01481	0.01790	0.11139	0.06054	0.65903	0.04096	0.00846	0.00231	0.00335	0.01336	0.00601	0.00545
62	0.00792	0.00685	0.00734	0.05295	0.01094	0.00600	0.00571	0.00972	0.01462	0.01740	0.06212	0.05940	0.68541	0.01575	0.00756	0.00218	0.00360	0.01315	0.00581	0.00556
63	0.01568	0.01504	0.02567	0.09836	0.67634	0.01527	0.01968	0.01956	0.01457	0.02073	0.01210	0.01609	0.01010	0.00581	0.00640	0.00194	0.00775	0.00576	0.00317	0.00998
64	0.01611	0.04030	0.01495	0.01326	0.03978	0.03555	0.01002	0.02995	0.52267	0.06535	0.08719	0.02656	0.05170	0.00915	0.00659	0.00211	0.00521	0.00763	0.00634	0.00957
65	0.01525	0.01743	0.03813	0.02723	0.03377	0.01634	0.70915	0.02070	0.01525	0.02070	0.01307	0.01743	0.00980	0.00545	0.00763	0.00218	0.01089	0.00763	0.00327	0.00871
66	0.02712	0.01399	0.01685	0.01292	0.01799	0.01394	0.01067	0.31824	0.02351	0.44325	0.02128	0.01926	0.01388	0.00790	0.00648	0.00197	0.00618	0.00621	0.00735	0.01099
67	0.01692	0.63546	0.09640	0.01259	0.01841	0.04078	0.04136	0.02015	0.03699	0.01631	0.00999	0.01144	0.00873	0.00571	0.00459	0.00151	0.00736	0.00389	0.00292	0.00847
68	0.00793	0.00565	0.00748	0.00892	0.00928	0.00529	0.00592	0.00901	0.01226	0.01634	0.03502	0.74062	0.04199	0.04934	0.00920	0.00276	0.00385	0.01802	0.00592	0.00520
69	0.01599	0.01535	0.02623	0.03966	0.73262	0.01535	0.01983	0.01983	0.01471	0.02111	0.01215	0.01599	0.01023	0.00576	0.00640	0.00192	0.00768	0.00576	0.00320	0.01023
70	0.11552	0.01975	0.04037	0.01398	0.01806	0.21903	0.01130	0.20920	0.15013	0.07061	0.01570	0.01667	0.01199	0.03396	0.00726	0.00209	0.02474	0.00549	0.00512	0.00903
71	0.01336	0.01266	0.02146	0.53893	0.25395	0.01466	0.01852	0.01752	0.01347	0.01791	0.01169	0.01685	0.00911	0.00625	0.00644	0.00208	0.00833	0.00575	0.00297	0.00811
72	0.01220	0.01148	0.01938	0.75739	0.04450	0.01436	0.01794	0.01651	0.01292	0.01651	0.01148	0.01723	0.00861	0.00646	0.00646	0.00215	0.00861	0.00574	0.00287	0.00718
73	0.02043	0.02383	0.02678	0.02093	0.02580	0.36288	0.30643	0.09510	0.01828	0.02047	0.01187	0.01449	0.00923	0.00626	0.00665	0.00191	0.01086	0.00580	0.00363	0.00837
74	0.02128	0.01716	0.05210	0.01719	0.02226	0.13112	0.21012	0.02671	0.10629	0.27162	0.04387	0.01987	0.01473	0.00726	0.00675	0.00202	0.00806	0.00666	0.00547	0.00945
75	0.00784	0.00655	0.00683	0.00676	0.00885	0.00554	0.00507	0.00967	0.01521	0.01861	0.15604	0.06028	0.63869	0.01593	0.00763	0.00216	0.00324	0.01337	0.00615	0.00554
76	0.01367	0.01336	0.01854	0.01599	0.01599	0.01846	0.01313	0.01495	0.00985	0.01525	0.00965	0.01690	0.00996	0.08614	0.02235	0.00316	0.68693	0.00602	0.00293	0.00676
77	0.01610	0.55554	0.21908	0.01306	0.01959	0.02247	0.01440	0.02014	0.03687	0.01698	0.01025	0.01169	0.00864	0.00580	0.00475	0.00158	0.00755	0.00393	0.00288	0.00869
78	0.01876	0.04801	0.02603	0.11163	0.14554	0.13315	0.20432	0.18847	0.01896	0.02414	0.01267	0.01551	0.00973	0.00638	0.00658	0.00196	0.00913	0.00594	0.00398	0.00913
79	0.00773	0.00655	0.00668	0.00665	0.00879	0.00550	0.00499	0.00946	0.01496	0.01801	0.10872	0.06128	0.68639	0.01616	0.00764	0.00217	0.00326	0.01351	0.00607	0.00550
80	0.01582	0.01518	0.02592	0.07229	0.70133	0.01531	0.01974	0.01968	0.01463	0.02090	0.01212	0.01605	0.01016	0.00579	0.00640	0.00193	0.00772	0.00576	0.00318	0.01010
81	0.01647	0.01594	0.02697	0.02018	0.02501	0.07895	0.39881	0.07414	0.01633	0.07299	0.04226	0.04787	0.03512	0.08708	0.00995	0.00254	0.00905	0.00796	0.00424	0.00815
82	0.00787	0.00565	0.00747	0.00894	0.00936	0.00525	0.00597	0.00900	0.01243	0.01652	0.03635	0.75114	0.05982	0.02015	0.00823	0.00261	0.00374	0.01825	0.00600	0.00525
83	0.01701	0.73087	0.07746	0.01151	0.01729	0.02491	0.01185	0.01942	0.01316	0.01553	0.00914	0.01057	0.00829	0.00557	0.00427	0.00142	0.00707	0.00354	0.00276	0.00837
84	0.15446	0.01610	0.06023	0.01271	0.01772	0.07871	0.01092	0.19202	0.01983	0.34618	0.01818	0.01713	0.01217	0.00738	0.00600	0.00196	0.00660	0.00553	0.00624	0.00995
85	0.01698	0.05503	0.11663	0.02235	0.02826	0.10427	0.40844	0.05011	0.01572	0.04801	0.01261	0.01583	0.00956	0.00627	0.00791	0.00209	0.06131	0.00643	0.00347	0.00872
86	0.00797	0.00653	0.00706	0.00728	0.00920	0.00563	0.00551	0.00975	0.01474	0.01803	0.10132	0.12726	0.57190	0.01664	0.00779	0.00227	0.00351	0.06602	0.00606	0.00551
87	0.01558	0.01493	0.02549	0.11710	0.65837	0.01524	0.01963	0.01947	0.01452	0.02061	0.01208	0.01613	0.01006	0.00583	0.00640	0.00194	0.00778	0.00576	0.00316	0.00990
88	0.01220	0.01148	0.01938	0.75739	0.04450	0.01436	0.01794	0.01651	0.01292	0.01651	0.01148	0.01723	0.00861	0.00646	0.00646	0.00215	0.00861	0.00574	0.00287	0.00718
89	0.01551	0.01504	0.02618	0.12068	0.61102	0.01530	0.06222	0.01951	0.01454	0.02056	0.01213	0.01622	0.01002	0.00582	0.00648	0.00196	0.00798	0.00587	0.00317	0.00979
90	0.01991	0.05387	0.01844	0.01726	0.10369	0.22435	0.01220	0.12287	0.26613	0.05174	0.01849	0.01851	0.02868	0.00765	0.00623	0.00193	0.00761	0.00595	0.00510	0.00940
91	0.25665	0.04415	0.01525	0.01273	0.01669	0.27475	0.01004	0.04334	0.10439	0.14239	0.01445	0.01466	0.01071	0.00694	0.00546	0.00188	0.00758	0.00477	0.00478	0.00839
92	0.01383	0.07289	0.50889	0.02036	0.02886	0.01599	0.20780	0.02046	0.01405	0.02022	0.01184	0.01447	0.00863	0.00592	0.00642	0.00204	0.00976	0.00547	0.00288	0.00925
93	0.00790	0.00656	0.00691	0.00682	0.00889	0.00557	0.00512	0.00978	0.01535	0.01892	0.18076	0.05977	0.61378	0.01582	0.00763	0.00216	0.00323	0.01330	0.00619	0.00557
94	0.04779	0.09647	0.09453	0.01499	0.01979	0.33804	0.02898	0.07946	0.01802	0.18141	0.01403	0.01447	0.01024	0.00684	0.00588	0.00180	0.00901	0.00488	0.00453	0.00886
95	0.01525	0.23512	0.42506	0.01544	0.02297	0.01780	0.01805	0.02232	0.09843	0.05238	0.01327	0.01437	0.00995	0.00637	0.00566	0.00188	0.00811	0.00479	0.00344	0.00935
96	0.01451	0.01369	0.02312	0.15721	0.54140	0.01413	0.01807	0.01814	0.01417	0.01985	0.01449	0.09472	0.01335	0.00739	0.00660	0.00203	0.00742	0.00707	0.00344	0.00920
97	0.00907	0.00695	0.00842	0.00894	0.01022	0.00674	0.00635	0.01270	0.09876	0.01974	0.17437	0.42838	0.15124	0.01689	0.00783	0.00239	0.00370	0.01500	0.00628	0.00604
98	0.81856	0.01250	0.00950	0.00850	0.01250	0.01449	0.00700	0.01899	0.01100	0.02899	0.00900	0.01050	0.00700	0.00600	0.00400	0.00200	0.00500	0.00350	0.00400	0.00700
99	0.11184	0.01445	0.02242	0.14259	0.48511	0.01529	0.01731	0.04364	0.04665	0.02230	0.01243	0.01587	0.01006	0.00610	0.00613	0.00198	0.00736	0.00556	0.00351	0.00941
100	0.01711	0.01713	0.02556	0.03599	0.61048	0.09187	0.04179	0.04423	0.01564	0.02122	0.01207	0.01557	0.01005	0.00591	0.00638	0.00190	0.00818	0.00565	0.00333	0.00992

[dist]
# distance from previous block
# <min> <max>
0	7

[block]
# block no. 1 follows, 34 sequences, length 74
# corresponding to MSA columns:
# 124-197
name=unknown_B
#
# <colnr> <probs for GDERKNQSTAVLIFYWHMCP>
#	G	D	E	R	K	N	Q	S	T	A	V	L	I	F	Y	W	H	M	C	P
0	0.04565	0.01562	0.01766	0.01629	0.09303	0.08786	0.01189	0.19853	0.07259	0.25770	0.01837	0.03754	0.01342	0.00819	0.00770	0.00205	0.07390	0.00623	0.00591	0.00989
1	0.01621	0.01576	0.02602	0.13910	0.42865	0.05419	0.13372	0.02070	0.03818	0.04550	0.01303	0.01666	0.01034	0.00603	0.00659	0.00199	0.00840	0.00606	0.00345	0.00942
2	0.00924	0.00671	0.00925	0.00925	0.01007	0.00744	0.00670	0.01081	0.01020	0.01430	0.01956	0.03161	0.03780	0.27187	0.50607	0.00889	0.01351	0.00787	0.00367	0.00519
3	0.01993	0.01988	0.02637	0.02008	0.02532	0.15762	0.29554	0.23762	0.08441	0.02656	0.01444	0.01633	0.01079	0.00670	0.00682	0.00201	0.00934	0.00637	0.00457	0.00932
4	0.02136	0.01787	0.01750	0.01442	0.01883	0.09524	0.01154	0.38727	0.28577	0.03301	0.01894	0.01830	0.01395	0.00802	0.00644	0.00200	0.00685	0.00620	0.00617	0.01034
5	0.06955	0.01115	0.01226	0.01081	0.01423	0.01162	0.00840	0.02433	0.33066	0.08818	0.12381	0.07819	0.07594	0.00998	0.00652	0.00202	0.00459	0.00838	0.00620	0.10318
6	0.17394	0.08150	0.14528	0.01255	0.01828	0.01335	0.02744	0.05248	0.01599	0.34720	0.01736	0.01670	0.01170	0.00691	0.00573	0.00192	0.00641	0.00528	0.00555	0.03443
7	0.01468	0.19997	0.48277	0.01746	0.02564	0.01738	0.09280	0.02057	0.01384	0.04141	0.01159	0.01355	0.00862	0.00598	0.00585	0.00191	0.00897	0.00483	0.00296	0.00922
8	0.01496	0.00801	0.00979	0.00853	0.01148	0.00692	0.00668	0.01721	0.01679	0.25419	0.20858	0.04580	0.33969	0.01289	0.00726	0.00209	0.00395	0.01085	0.00691	0.00741
9	0.01716	0.01461	0.02452	0.08554	0.60695	0.01464	0.01857	0.02088	0.01501	0.09949	0.01357	0.01674	0.01076	0.00605	0.00641	0.00194	0.00750	0.00584	0.00370	0.01011
10	0.01599	0.01628	0.07775	0.02138	0.02698	0.01435	0.43440	0.08136	0.01663	0.08133	0.05466	0.09475	0.01636	0.00781	0.00739	0.00217	0.00888	0.00848	0.00439	0.00867
11	0.01240	0.01169	0.01974	0.71914	0.08118	0.01441	0.01804	0.01669	0.01302	0.01675	0.01152	0.01716	0.00870	0.00642	0.00646	0.00214	0.00856	0.00574	0.00289	0.00734
12	0.00863	0.00722	0.00902	0.01098	0.08850	0.00648	0.00690	0.01034	0.01396	0.01755	0.04995	0.28558	0.42864	0.01645	0.00770	0.00230	0.00391	0.01430	0.00569	0.00591
13	0.02295	0.06019	0.06983	0.05481	0.02094	0.22785	0.05129	0.10070	0.01862	0.25671	0.04177	0.01748	0.01311	0.00728	0.00625	0.00188	0.00822	0.00567	0.00524	0.00922
14	0.01417	0.05373	0.49400	0.04341	0.02785	0.01551	0.13642	0.02178	0.07227	0.04047	0.01334	0.01537	0.00964	0.00628	0.00637	0.00206	0.00917	0.00549	0.00329	0.00938
15	0.00765	0.00651	0.00658	0.00664	0.00875	0.00545	0.00495	0.00926	0.01464	0.01742	0.06436	0.08817	0.70472	0.01651	0.00766	0.00220	0.00329	0.01381	0.00600	0.00545
16	0.01555	0.48018	0.31541	0.01399	0.02113	0.02135	0.01617	0.01979	0.01333	0.01730	0.01003	0.01167	0.00825	0.00577	0.00494	0.00165	0.00796	0.00398	0.00275	0.00879
17	0.01674	0.31004	0.33306	0.01532	0.02255	0.01887	0.05368	0.05993	0.01490	0.08136	0.01211	0.01343	0.00914	0.00612	0.00552	0.00179	0.00814	0.00464	0.00343	0.00924
18	0.01621	0.08484	0.23667	0.01642	0.04749	0.01461	0.09088	0.14272	0.01713	0.08514	0.01917	0.12208	0.03761	0.00909	0.00666	0.00209	0.00750	0.03018	0.00459	0.00892
19	0.00781	0.00659	0.00678	0.00683	0.00896	0.00556	0.00519	0.00955	0.01485	0.01781	0.08571	0.06220	0.67763	0.01633	0.00769	0.00221	0.00338	0.04337	0.00603	0.00550
20	0.21475	0.01499	0.01594	0.01251	0.01736	0.01609	0.01033	0.37674	0.02280	0.21164	0.01645	0.01593	0.01129	0.00740	0.00589	0.00197	0.00621	0.00543	0.00626	0.01004
21	0.04928	0.01711	0.01816	0.01433	0.01917	0.01910	0.01172	0.55964	0.16084	0.03773	0.01734	0.01698	0.01251	0.00789	0.00640	0.00199	0.00666	0.00602	0.00640	0.01071
22	0.81856	0.01250	0.00950	0.00850	0.01250	0.01449	0.00700	0.01899	0.01100	0.02899	0.00900	0.01050	0.00700	0.00600	0.00400	0.00200	0.00500	0.00350	0.00400	0.00700
23	0.07147	0.42661	0.21610	0.01393	0.02021	0.09714	0.03705	0.02033	0.01373	0.01777	0.00991	0.01160	0.00823	0.00584	0.00495	0.00165	0.00810	0.00401	0.00291	0.00846
24	0.00798	0.00570	0.00762	0.00911	0.00954	0.00534	0.00618	0.00918	0.01247	0.01661	0.03556	0.74038	0.04251	0.02015	0.00827	0.00264	0.00384	0.04567	0.00600	0.00528
25	0.02383	0.01774	0.01898	0.01472	0.01976	0.01970	0.01210	0.65303	0.08961	0.03955	0.01644	0.01625	0.01174	0.00784	0.00647	0.00196	0.00694	0.00594	0.00647	0.01092
26	0.00782	0.00584	0.00727	0.00841	0.00922	0.00530	0.00574	0.00906	0.01293	0.01672	0.04272	0.60046	0.20640	0.01932	0.00810	0.00252	0.00364	0.01724	0.00600	0.00530
27	0.00911	0.00660	0.00858	0.00809	0.00963	0.00608	0.00607	0.01212	0.01820	0.02569	0.71226	0.04862	0.07804	0.01329	0.00762	0.00204	0.00305	0.01174	0.00708	0.00608
28	0.01395	0.08318	0.48113	0.02047	0.02884	0.01617	0.22483	0.02045	0.01408	0.02015	0.01184	0.01452	0.00867	0.00589	0.00643	0.00204	0.00975	0.00552	0.00289	0.00921
29	0.01296	0.03342	0.73944	0.01842	0.02797	0.01501	0.02387	0.02046	0.01364	0.02046	0.01160	0.01364	0.00818	0.00614	0.00614	0.00205	0.00955	0.00477	0.00273	0.00955
30	0.01559	0.01494	0.02550	0.11536	0.66004	0.01525	0.01963	0.01948	0.01452	0.02062	0.01208	0.01612	0.01006	0.00583	0.00640	0.00194	0.00777	0.00576	0.00316	0.00991
31	0.00876	0.00640	0.00885	0.04773	0.01213	0.00627	0.00767	0.01057	0.01326	0.01759	0.06464	0.53191	0.04047	0.01866	0.00829	0.00266	0.00449	0.17821	0.00588	0.00555
32	0.00984	0.00758	0.01095	0.15958	0.01754	0.00818	0.00967	0.01214	0.01301	0.01741	0.02839	0.35564	0.03155	0.04097	0.00914	0.00270	0.03003	0.18922	0.04059	0.00587
33	0.00893	0.00660	0.00834	0.00790	0.00952	0.00601	0.00593	0.01178	0.01778	0.02471	0.63457	0.05025	0.15635	0.01366	0.00762	0.00205	0.00308	0.01196	0.00695	0.00601
34	0.01599	0.01535	0.02623	0.03966	0.73262	0.01535	0.01983	0.01983	0.01471	0.02111	0.01215	0.01599	0.01023	0.00576	0.00640	0.00192	0.00768	0.00576	0.00320	0.01023
35	0.01296	0.03342	0.73944	0.01842	0.02797	0.01501	0.02387	0.02046	0.01364	0.02046	0.01160	0.01364	0.00818	0.00614	0.00614	0.00205	0.00955	0.00477	0.00273	0.00955
36	0.01074	0.00756	0.00999	0.01088	0.01254	0.00740	0.00912	0.03780	0.01532	0.03912	0.06022	0.15237	0.11909	0.01718	0.00849	0.00274	0.00530	0.46193	0.00607	0.00613
37	0.01561	0.01797	0.03732	0.02680	0.03321	0.04608	0.68079	0.02090	0.01538	0.02050	0.01295	0.01719	0.00974	0.00550	0.00755	0.00216	0.01092	0.00748	0.00327	0.00866
38	0.06388	0.01772	0.01887	0.01465	0.01965	0.07127	0.03660	0.50591	0.02632	0.13628	0.01611	0.01597	0.01126	0.00754	0.00634	0.00194	0.00725	0.00574	0.00622	0.01046
39	0.00787	0.00562	0.00750	0.00900	0.00937	0.00525	0.00600	0.00900	0.01237	0.01649	0.03561	0.76871	0.04274	0.02024	0.00825	0.00262	0.00375	0.01837	0.00600	0.00525
40	0.02350	0.02920	0.01845	0.01660	0.01978	0.67029	0.01258	0.05244	0.01824	0.01679	0.01011	0.01197	0.00844	0.00701	0.00686	0.00175	0.06065	0.00433	0.00342	0.00760
41	0.01599	0.01535	0.02623	0.03966	0.73262	0.01535	0.01983	0.01983	0.01471	0.02111	0.01215	0.01599	0.01023	0.00576	0.00640	0.00192	0.00768	0.00576	0.00320	0.01023
42	0.00786	0.00566	0.00746	0.00891	0.00935	0.00526	0.00596	0.00901	0.01245	0.01653	0.03665	0.74405	0.06672	0.02011	0.00823	0.00261	0.00373	0.01820	0.00600	0.00526
43	0.01614	0.01487	0.01638	0.01390	0.01737	0.15634	0.11122	0.10891	0.01779	0.07004	0.03179	0.05880	0.21074	0.01149	0.00726	0.00217	0.00713	0.11488	0.00526	0.00751
44	0.01532	0.01467	0.02501	0.16699	0.61054	0.01518	0.01950	0.01924	0.01439	0.02029	0.01204	0.01621	0.00995	0.00588	0.00641	0.00196	0.00784	0.00575	0.00314	0.00969
45	0.01727	0.77681	0.03386	0.01106	0.01658	0.02557	0.01106	0.01935	0.01313	0.01520	0.00898	0.01036	0.00829	0.00553	0.00415	0.00138	0.00691	0.00345	0.00276	0.00829
46	0.00818	0.00585	0.00766	0.00890	0.00938	0.00556	0.00603	0.00934	0.01220	0.01621	0.03442	0.61106	0.06482	0.09504	0.04013	0.00329	0.00462	0.04644	0.00569	0.00518
47	0.01518	0.01279	0.02256	0.01818	0.05916	0.01223	0.27962	0.08794	0.01786	0.09062	0.23463	0.05439	0.04668	0.00911	0.00736	0.00210	0.00700	0.00901	0.00537	0.00823
48	0.01983	0.01215	0.01573	0.01302	0.01651	0.08348	0.08739	0.02230	0.01652	0.33151	0.09854	0.18718	0.02495	0.01091	0.00745	0.00215	0.02603	0.00952	0.00633	0.00850
49	0.00835	0.00657	0.00753	0.00729	0.00916	0.00576	0.00547	0.01065	0.01640	0.02143	0.37751	0.05564	0.41546	0.01488	0.00763	0.00211	0.00317	0.01272	0.00652	0.00576
50	0.01416	0.24073	0.54268	0.01636	0.02479	0.01795	0.02030	0.02015	0.01350	0.01900	0.01087	0.01273	0.00821	0.00597	0.00558	0.00186	0.00881	0.00441	0.00274	0.00920
51	0.01340	0.01148	0.01340	0.00957	0.01531	0.00861	0.00766	0.01627	0.01340	0.02105	0.01148	0.01340	0.00957	0.00479	0.00479	0.00096	0.00479	0.00383	0.00383	0.81242
52	0.00808	0.00656	0.00716	0.00701	0.00900	0.00564	0.00526	0.01013	0.01577	0.01994	0.26053	0.05809	0.53337	0.01544	0.00763	0.00214	0.00321	0.01306	0.00633	0.00564
53	0.01466	0.01399	0.02382	0.29155	0.49113	0.01500	0.01917	0.01866	0.01408	0.01949	0.01192	0.01643	0.00967	0.00600	0.00642	0.00200	0.00800	0.00575	0.00308	0.00916
54	0.01619	0.01523	0.02540	0.08731	0.64768	0.01553	0.01930	0.05645	0.01543	0.02184	0.01229	0.01605	0.01016	0.00591	0.00640	0.00194	0.00771	0.00576	0.00335	0.01007
55	0.02456	0.01706	0.01860	0.01431	0.01931	0.01860	0.01177	0.62386	0.02860	0.10854	0.01664	0.01692	0.01184	0.02985	0.00723	0.00207	0.00693	0.00599	0.00654	0.01079
56	0.00835	0.00663	0.00758	0.00781	0.00965	0.00586	0.00604	0.01042	0.01524	0.01922	0.17936	0.10720	0.45759	0.01627	0.00787	0.00230	0.00367	0.11709	0.00619	0.00563
57	0.01603	0.47346	0.28938	0.01390	0.02087	0.02149	0.01576	0.05026	0.01408	0.01824	0.01022	0.01178	0.00837	0.00585	0.00497	0.00165	0.00788	0.00404	0.00291	0.00887
58	0.01918	0.15958	0.21079	0.01695	0.04119	0.16079	0.09523	0.04141	0.04465	0.12993	0.01384	0.01492	0.01022	0.00648	0.00598	0.00186	0.00873	0.00517	0.00399	0.00913
59	0.01676	0.67779	0.10840	0.01227	0.01825	0.02420	0.03136	0.01950	0.01324	0.01591	0.00937	0.01090	0.00832	0.00559	0.00445	0.00147	0.00730	0.00371	0.00277	0.00844
60	0.01477	0.01410	0.02401	0.27157	0.51028	0.01503	0.01922	0.01876	0.01413	0.01962	0.01194	0.01639	0.00971	0.00598	0.00642	0.00199	0.00798	0.00575	0.00309	0.00925
61	0.02338	0.04530	0.06009	0.01415	0.04200	0.04459	0.05628	0.05265	0.09966	0.42247	0.02366	0.02196	0.04774	0.00796	0.00648	0.00200	0.00640	0.00662	0.00649	0.01013
62	0.01814	0.01519	0.02513	0.04700	0.40618	0.01523	0.12495	0.08320	0.06639	0.11093	0.01521	0.01751	0.01157	0.00639	0.00662	0.00200	0.00770	0.00625	0.00432	0.01008
63	0.00764	0.00655	0.00655	0.00655	0.00873	0.00545	0.00491	0.00927	0.01473	0.01745	0.06546	0.06218	0.73000	0.01636	0.00764	0.00218	0.00327	0.01364	0.00600	0.00545
64	0.02205	0.09404	0.01646	0.01189	0.01602	0.09786	0.00968	0.04055	0.13363	0.34168	0.12557	0.02365	0.02143	0.00847	0.00635	0.00193	0.00597	0.00679	0.00651	0.00945
65	0.01812	0.02337	0.33469	0.01938	0.05465	0.03435	0.16409	0.08053	0.01654	0.16868	0.01506	0.01635	0.01045	0.00651	0.00656	0.00204	0.00878	0.00584	0.00427	0.00976
66	0.00796	0.00569	0.00760	0.00910	0.00952	0.00533	0.00616	0.00915	0.01246	0.01660	0.03556	0.74378	0.04254	0.02016	0.00827	0.00264	0.00383	0.04240	0.00600	0.00527
67	0.01599	0.01535	0.02623	0.03966	0.73262	0.01535	0.01983	0.01983	0.01471	0.02111	0.01215	0.01599	0.01023	0.00576	0.00640	0.00192	0.00768	0.00576	0.00320	0.01023
68	0.01547	0.06575	0.40314	0.02105	0.07401	0.01573	0.19482	0.04527	0.01501	0.06989	0.01295	0.01521	0.00937	0.00609	0.00646	0.00203	0.00926	0.00564	0.00339	0.00947
69	0.01327	0.03136	0.65184	0.01995	0.05330	0.01514	0.08478	0.02046	0.01382	0.02051	0.01175	0.01406	0.00840	0.00606	0.00628	0.00205	0.00960	0.00506	0.00279	0.00950
70	0.00787	0.00562	0.00750	0.00900	0.00937	0.00525	0.00600	0.00900	0.01237	0.01649	0.03561	0.76871	0.04274	0.02024	0.00825	0.00262	0.00375	0.01837	0.00600	0.00525
71	0.05838	0.02662	0.01767	0.01570	0.01932	0.54683	0.01198	0.11238	0.09316	0.02070	0.01235	0.01339	0.00979	0.00699	0.00590	0.00177	0.01010	0.00467	0.00409	0.00819
72	0.15893	0.04051	0.14451	0.01507	0.02049	0.05493	0.08174	0.16929	0.06925	0.12858	0.01488	0.01565	0.01071	0.00708	0.00664	0.00203	0.04006	0.00545	0.00487	0.00933
73	0.00993	0.00842	0.04804	0.01059	0.01205	0.00734	0.00841	0.06133	0.01431	0.01911	0.03256	0.51481	0.03733	0.01804	0.00816	0.00262	0.00480	0.17024	0.00585	0.00605

[dist]
# distance from previous block
# <min> <max>
0	3

[block]
# block no. 2 follows, 34 sequences, length 136
# corresponding to MSA columns:
# 201-336
name=unknown_C
#
# <colnr> <probs for GDERKNQSTAVLIFYWHMCP>
#	G	D	E	R	K	N	Q	S	T	A	V	L	I	F	Y	W	H	M	C	P
0	0.02378	0.02986	0.01916	0.01703	0.02055	0.69469	0.04132	0.04638	0.01855	0.01677	0.01028	0.01201	0.00847	0.00664	0.00592	0.00169	0.01148	0.00436	0.00342	0.00765
1	0.01671	0.01272	0.01464	0.01081	0.01630	0.01102	0.00873	0.14135	0.04609	0.08073	0.01391	0.01489	0.01074	0.00573	0.00529	0.00126	0.00527	0.00453	0.00473	0.57456
2	0.01569	0.01458	0.02395	0.22077	0.50144	0.01546	0.01876	0.07299	0.01548	0.02147	0.01225	0.01627	0.00988	0.00609	0.00642	0.00198	0.00787	0.00576	0.00337	0.00951
3	0.01385	0.11006	0.62031	0.01742	0.02617	0.03834	0.02175	0.02096	0.03698	0.01999	0.01176	0.01358	0.00858	0.00618	0.00594	0.00197	0.00919	0.00470	0.00288	0.00938
4	0.00856	0.00632	0.00799	0.00812	0.00943	0.00576	0.00588	0.01085	0.01609	0.02198	0.43328	0.24967	0.16089	0.01565	0.00780	0.00222	0.00328	0.01384	0.00663	0.00576
5	0.02510	0.01723	0.01886	0.01446	0.01961	0.01875	0.01194	0.62831	0.02893	0.12553	0.01673	0.01630	0.01160	0.00779	0.00647	0.00195	0.00691	0.00590	0.00665	0.01099
6	0.02473	0.04158	0.01721	0.01374	0.01813	0.22044	0.01097	0.14741	0.11674	0.29403	0.01901	0.01789	0.01324	0.00761	0.00624	0.00190	0.00750	0.00574	0.00606	0.00982
7	0.01582	0.06412	0.03018	0.03190	0.39935	0.01639	0.26037	0.02097	0.05723	0.02095	0.01312	0.01663	0.01053	0.00581	0.00670	0.00199	0.00860	0.00636	0.00340	0.00958
8	0.00938	0.00632	0.00731	0.00731	0.00740	0.00641	0.00424	0.00956	0.00947	0.01272	0.02012	0.04096	0.02292	0.71632	0.08871	0.00659	0.00713	0.00920	0.00388	0.00406
9	0.01344	0.11657	0.66053	0.01759	0.02669	0.01619	0.02244	0.02034	0.01358	0.01987	0.01130	0.01328	0.00820	0.00607	0.00592	0.00197	0.00925	0.00463	0.00273	0.00941
10	0.01835	0.07606	0.19359	0.01772	0.06726	0.01683	0.09117	0.17971	0.16176	0.08766	0.01666	0.01723	0.01215	0.00705	0.00636	0.00201	0.00758	0.00595	0.00490	0.00999
11	0.01798	0.01849	0.01460	0.01323	0.01653	0.27362	0.01011	0.02690	0.32156	0.04745	0.05467	0.02575	0.11322	0.00920	0.00649	0.00199	0.00712	0.00719	0.00542	0.00847
12	0.01525	0.01743	0.03813	0.02723	0.03377	0.01634	0.70915	0.02070	0.01525	0.02070	0.01307	0.01743	0.00980	0.00545	0.00763	0.00218	0.01089	0.00763	0.00327	0.00871
13	0.06370	0.01865	0.18894	0.02297	0.22266	0.01422	0.10196	0.07698	0.01617	0.15494	0.01566	0.04754	0.01199	0.00699	0.00645	0.00203	0.00775	0.00629	0.00441	0.00970
14	0.01534	0.05410	0.10325	0.09453	0.49139	0.01583	0.09275	0.01969	0.01443	0.02033	0.01198	0.01572	0.00974	0.00581	0.00640	0.00195	0.00826	0.00574	0.00311	0.00965
15	0.00785	0.00571	0.00740	0.00876	0.00931	0.00527	0.00589	0.00902	0.01260	0.01659	0.03854	0.69938	0.11017	0.01986	0.00819	0.00258	0.00370	0.01790	0.00600	0.00527
16	0.02351	0.09878	0.01973	0.01614	0.01967	0.68124	0.01235	0.02521	0.01784	0.01576	0.00990	0.01153	0.00832	0.00656	0.00567	0.00164	0.01122	0.00410	0.00328	0.00756
17	0.01829	0.21075	0.17641	0.01798	0.07766	0.13234	0.08852	0.09898	0.05487	0.04710	0.01263	0.01418	0.00978	0.00635	0.00585	0.00182	0.00856	0.00505	0.00374	0.00913
18	0.00825	0.00616	0.00776	0.00877	0.00980	0.00566	0.00636	0.00988	0.01367	0.01775	0.08936	0.45924	0.20320	0.01853	0.00816	0.00253	0.00389	0.10952	0.00607	0.00545
19	0.01669	0.01923	0.02975	0.02258	0.02705	0.16491	0.41250	0.02050	0.01487	0.01880	0.02847	0.01633	0.01045	0.00705	0.00997	0.00220	0.16067	0.00663	0.00328	0.00808
20	0.02371	0.01911	0.09675	0.01494	0.02057	0.01853	0.01328	0.57448	0.02749	0.10208	0.01600	0.01590	0.01114	0.00760	0.00643	0.00196	0.00723	0.00577	0.00620	0.01083
21	0.01726	0.01628	0.05387	0.03505	0.59915	0.01572	0.01880	0.10192	0.01663	0.04419	0.01292	0.01601	0.01041	0.00607	0.00640	0.00193	0.00762	0.00575	0.00370	0.01032
22	0.02157	0.02168	0.01707	0.01487	0.01873	0.32513	0.01153	0.15547	0.26805	0.05396	0.01739	0.01718	0.01315	0.00766	0.00623	0.00191	0.00826	0.00567	0.00524	0.00924
23	0.01525	0.01743	0.03813	0.02723	0.03377	0.01634	0.70915	0.02070	0.01525	0.02070	0.01307	0.01743	0.00980	0.00545	0.00763	0.00218	0.01089	0.00763	0.00327	0.00871
24	0.29581	0.01150	0.01148	0.01006	0.01329	0.01261	0.00798	0.14201	0.09612	0.02938	0.24302	0.05556	0.02780	0.00950	0.00605	0.00205	0.00472	0.00755	0.00580	0.00771
25	0.00886	0.00658	0.00820	0.00793	0.00950	0.00600	0.00593	0.01148	0.01703	0.02334	0.53354	0.07136	0.19062	0.03868	0.00850	0.00225	0.00331	0.03432	0.00672	0.00587
26	0.00962	0.00747	0.01103	0.01081	0.01184	0.00894	0.00844	0.01179	0.01032	0.01498	0.01670	0.02496	0.01575	0.06518	0.67123	0.00968	0.07512	0.00689	0.00342	0.00582
27	0.01727	0.77681	0.03386	0.01106	0.01658	0.02557	0.01106	0.01935	0.01313	0.01520	0.00898	0.01036	0.00829	0.00553	0.00415	0.00138	0.00691	0.00345	0.00276	0.00829
28	0.01586	0.01573	0.02841	0.03737	0.60411	0.01553	0.14658	0.01999	0.01481	0.02103	0.01232	0.01626	0.01016	0.00570	0.00662	0.00197	0.00827	0.00610	0.00321	0.00996
29	0.01262	0.01191	0.02014	0.67772	0.12089	0.01447	0.01815	0.01688	0.01312	0.01702	0.01156	0.01709	0.00879	0.00638	0.00645	0.00213	0.00851	0.00574	0.00291	0.00752
30	0.01736	0.01783	0.03280	0.02579	0.09932	0.04342	0.48811	0.14775	0.01809	0.02424	0.01332	0.01673	0.01001	0.00595	0.00723	0.00209	0.00991	0.00698	0.00385	0.00924
31	0.06242	0.01318	0.01561	0.06400	0.10239	0.03165	0.01120	0.08177	0.30241	0.09448	0.12908	0.02442	0.02213	0.00858	0.00653	0.00207	0.00568	0.00720	0.00592	0.00928
32	0.00792	0.00569	0.00751	0.00888	0.00936	0.00529	0.00597	0.00914	0.01269	0.01692	0.06530	0.71566	0.06608	0.01982	0.00820	0.00259	0.00370	0.01794	0.00604	0.00529
33	0.00932	0.00641	0.00757	0.00763	0.00796	0.00649	0.00475	0.00982	0.01005	0.01339	0.02312	0.04259	0.06343	0.60949	0.11848	0.00640	0.00744	0.03728	0.00406	0.00431
34	0.02016	0.02166	0.01570	0.01426	0.01745	0.40534	0.01080	0.02625	0.19979	0.06621	0.07303	0.06626	0.01806	0.00866	0.00636	0.00191	0.00839	0.00661	0.00494	0.00817
35	0.01599	0.01535	0.02623	0.03966	0.73262	0.01535	0.01983	0.01983	0.01471	0.02111	0.01215	0.01599	0.01023	0.00576	0.00640	0.00192	0.00768	0.00576	0.00320	0.01023
36	0.01250	0.01179	0.01991	0.70131	0.09827	0.01443	0.01809	0.01677	0.01306	0.01687	0.01154	0.01713	0.00874	0.00641	0.00646	0.00214	0.00854	0.00574	0.00290	0.00742
37	0.02300	0.01636	0.01737	0.01394	0.01861	0.04738	0.01130	0.39391	0.21116	0.14803	0.01975	0.01867	0.01400	0.00802	0.00647	0.00200	0.00651	0.00625	0.00661	0.01064
38	0.02708	0.01083	0.01454	0.01140	0.01607	0.00957	0.00932	0.03031	0.05233	0.65808	0.04416	0.04985	0.01831	0.00861	0.00659	0.00203	0.00535	0.00710	0.00783	0.01062
39	0.00785	0.00570	0.00742	0.00881	0.00932	0.00526	0.00591	0.00902	0.01255	0.01657	0.03794	0.71350	0.09643	0.01994	0.00820	0.00259	0.00371	0.01800	0.00600	0.00526
40	0.00932	0.00696	0.01039	0.01050	0.01168	0.00803	0.00826	0.01168	0.01074	0.01534	0.01863	0.02910	0.01780	0.04607	0.68962	0.00981	0.01642	0.06023	0.00366	0.00578
41	0.05814	0.01825	0.02294	0.02871	0.40934	0.14036	0.03901	0.14002	0.01797	0.04567	0.01264	0.01513	0.01004	0.00632	0.00624	0.00189	0.00816	0.00547	0.00397	0.00971
42	0.01591	0.01526	0.02607	0.05588	0.71706	0.01533	0.01979	0.01975	0.01467	0.02101	0.01214	0.01602	0.01020	0.00577	0.00640	0.00192	0.00770	0.00576	0.00319	0.01017
43	0.01220	0.01148	0.01938	0.75739	0.04450	0.01436	0.01794	0.01651	0.01292	0.01651	0.01148	0.01723	0.00861	0.00646	0.00646	0.00215	0.00861	0.00574	0.00287	0.00718
44	0.01710	0.74625	0.06287	0.01136	0.01705	0.02513	0.01158	0.01939	0.01315	0.01542	0.00909	0.01050	0.00829	0.00555	0.00423	0.00141	0.00702	0.00351	0.00276	0.00834
45	0.01296	0.03342	0.73944	0.01842	0.02797	0.01501	0.02387	0.02046	0.01364	0.02046	0.01160	0.01364	0.00818	0.00614	0.00614	0.00205	0.00955	0.00477	0.00273	0.00955
46	0.00793	0.00646	0.00702	0.00708	0.00896	0.00555	0.00523	0.00976	0.01512	0.01886	0.18064	0.13273	0.53975	0.01620	0.00770	0.00220	0.00328	0.01378	0.00620	0.00555
47	0.00934	0.00679	0.00994	0.00994	0.01091	0.00777	0.00752	0.01116	0.01018	0.01456	0.01733	0.02689	0.01669	0.12381	0.63675	0.04882	0.01557	0.00712	0.00348	0.00543
48	0.05033	0.01493	0.01761	0.01369	0.01857	0.01563	0.03613	0.36637	0.08947	0.25687	0.04008	0.01921	0.01465	0.00794	0.00648	0.00199	0.00637	0.00633	0.00678	0.01056
49	0.01520	0.01761	0.05369	0.02731	0.06701	0.01637	0.63819	0.02049	0.01502	0.02055	0.01285	0.01717	0.00975	0.00566	0.00794	0.00218	0.03361	0.00741	0.00324	0.00876
50	0.00764	0.00655	0.00655	0.00655	0.00873	0.00545	0.00491	0.00927	0.01473	0.01745	0.06546	0.06218	0.73000	0.01636	0.00764	0.00218	0.00327	0.01364	0.00600	0.00545
51	0.01388	0.01343	0.02064	0.51027	0.20218	0.04870	0.01766	0.01880	0.05671	0.01819	0.01247	0.01710	0.00965	0.00645	0.00642	0.00208	0.00832	0.00577	0.00319	0.00809
52	0.01569	0.01615	0.03063	0.03318	0.40599	0.01580	0.30730	0.02090	0.04918	0.02122	0.01322	0.01699	0.01051	0.00577	0.00692	0.00204	0.00890	0.00661	0.00339	0.00960
53	0.00775	0.00655	0.00671	0.00667	0.00880	0.00550	0.00500	0.00950	0.01501	0.01812	0.11732	0.06110	0.67772	0.01612	0.00764	0.00217	0.00326	0.01348	0.00609	0.00550
54	0.01280	0.01223	0.02110	0.63695	0.12551	0.01457	0.05169	0.01711	0.01325	0.01726	0.01164	0.01709	0.00886	0.00633	0.00651	0.00213	0.00861	0.00584	0.00293	0.00761
55	0.18630	0.05115	0.01662	0.01250	0.01720	0.03863	0.03520	0.17102	0.10095	0.27898	0.01837	0.01747	0.01269	0.00737	0.00589	0.00197	0.00616	0.00565	0.00612	0.00976
56	0.01727	0.77681	0.03386	0.01106	0.01658	0.02557	0.01106	0.01935	0.01313	0.01520	0.00898	0.01036	0.00829	0.00553	0.00415	0.00138	0.00691	0.00345	0.00276	0.00829
57	0.00940	0.00626	0.00705	0.00705	0.00705	0.00626	0.00392	0.00940	0.00940	0.01253	0.02036	0.04228	0.02349	0.77292	0.03289	0.00626	0.00626	0.00940	0.00392	0.00392
58	0.07971	0.68710	0.06042	0.01115	0.01672	0.02428	0.01126	0.01936	0.01298	0.01649	0.00909	0.01051	0.00819	0.00559	0.00421	0.00146	0.00687	0.00351	0.00286	0.00824
59	0.06881	0.02977	0.01781	0.01619	0.01955	0.70579	0.01218	0.02542	0.01790	0.01655	0.00993	0.01159	0.00825	0.00662	0.00572	0.00168	0.01128	0.00412	0.00337	0.00746
60	0.01296	0.03342	0.73944	0.01842	0.02797	0.01501	0.02387	0.02046	0.01364	0.02046	0.01160	0.01364	0.00818	0.00614	0.00614	0.00205	0.00955	0.00477	0.00273	0.00955
61	0.00928	0.00621	0.00708	0.00720	0.00723	0.00618	0.00408	0.00937	0.00963	0.01284	0.02155	0.09904	0.02499	0.71411	0.03096	0.00598	0.00607	0.01010	0.00408	0.00402
62	0.01596	0.01545	0.02679	0.03907	0.69961	0.01540	0.05239	0.01987	0.01474	0.02109	0.01220	0.01606	0.01021	0.00574	0.00645	0.00193	0.00783	0.00585	0.00320	0.01016
63	0.02563	0.01548	0.01723	0.01347	0.01838	0.04545	0.01103	0.36131	0.07914	0.31398	0.02007	0.01859	0.01354	0.00789	0.00646	0.00197	0.00650	0.00613	0.00695	0.01079
64	0.00936	0.00640	0.00775	0.00775	0.00799	0.00665	0.00479	0.00985	0.00960	0.01305	0.01972	0.03873	0.02195	0.62044	0.18326	0.00713	0.00859	0.00888	0.00382	0.00431
