[name]
unknown

[dist]
# distance from previous block
# <min> <max>
0	25

[block]
# block no. 0 follows, 32 sequences, length 28
# corresponding to MSA columns:
# 25-52
name=unknown_A
#
# <colnr> <probs for GDERKNQSTAVLIFYWHMCP>
#	G	D	E	R	K	N	Q	S	T	A	V	L	I	F	Y	W	H	M	C	P
0	0.02465	0.01861	0.01908	0.01512	0.02008	0.07421	0.01238	0.53911	0.06658	0.08284	0.01779	0.01929	0.01320	0.00849	0.00678	0.00206	0.00747	0.03483	0.00655	0.01087
1	0.02414	0.01756	0.02037	0.01574	0.02099	0.01910	0.05664	0.51376	0.11671	0.09744	0.01827	0.01796	0.01294	0.00806	0.00681	0.00207	0.00723	0.00642	0.00665	0.01116
2	0.00825	0.00590	0.00785	0.00929	0.00975	0.00550	0.00623	0.00953	0.01318	0.01767	0.07439	0.72087	0.04542	0.02062	0.00853	0.00269	0.00385	0.01869	0.00629	0.00550
3	0.00818	0.00584	0.00779	0.00934	0.00973	0.00545	0.00623	0.00934	0.01285	0.01713	0.03698	0.75981	0.04438	0.02102	0.00856	0.00273	0.00389	0.01908	0.00623	0.00545
4	0.04812	0.01833	0.02112	0.01790	0.06648	0.09179	0.09717	0.35948	0.09606	0.03242	0.04771	0.01973	0.03650	0.00808	0.00680	0.00206	0.00779	0.00669	0.00569	0.01007
5	0.02462	0.02049	0.01950	0.01557	0.02049	0.13472	0.01259	0.53138	0.09206	0.03685	0.01623	0.01629	0.01180	0.00797	0.00662	0.00199	0.00795	0.00591	0.00620	0.01076
6	0.00959	0.00719	0.01078	0.01078	0.01198	0.00839	0.00839	0.01198	0.01078	0.01558	0.01797	0.02636	0.01677	0.05032	0.73760	0.01078	0.01797	0.00719	0.00359	0.00599
7	0.01394	0.11294	0.65537	0.01831	0.02778	0.01675	0.02337	0.02113	0.01411	0.02067	0.01175	0.01380	0.00851	0.00631	0.00615	0.00205	0.00962	0.00481	0.00284	0.00978
8	0.02397	0.01686	0.01932	0.01505	0.02012	0.01825	0.03983	0.47841	0.11818	0.12395	0.04307	0.01938	0.01499	0.00832	0.00682	0.00207	0.00692	0.00662	0.00681	0.01104
9	0.01550	0.36894	0.41308	0.01564	0.02366	0.02058	0.01873	0.02072	0.01392	0.01876	0.01081	0.01262	0.00855	0.00609	0.00543	0.00181	0.00867	0.00433	0.00285	0.00932
10	0.01000	0.00652	0.00741	0.00741	0.00762	0.00658	0.00436	0.01042	0.01021	0.01426	0.02104	0.04121	0.02332	0.65561	0.06941	0.00628	0.00681	0.00929	0.07787	0.00437
11	0.01539	0.01545	0.02835	0.14252	0.40856	0.01555	0.19413	0.01977	0.01514	0.02091	0.01547	0.01953	0.04496	0.00654	0.00704	0.00211	0.00876	0.00688	0.00343	0.00950
12	0.01873	0.01384	0.01486	0.01284	0.01663	0.03858	0.01009	0.12654	0.36971	0.12589	0.10510	0.04997	0.04749	0.00993	0.00699	0.00219	0.00554	0.00823	0.00693	0.00994
13	0.01712	0.01312	0.01432	0.01283	0.01641	0.01459	0.00995	0.06786	0.50361	0.09195	0.02948	0.10417	0.05366	0.01059	0.00705	0.00229	0.00522	0.00894	0.00687	0.00997
14	0.00858	0.00617	0.00768	0.00860	0.00916	0.00585	0.00566	0.00959	0.01232	0.01620	0.03619	0.47206	0.12123	0.20043	0.04482	0.00391	0.00504	0.01574	0.00560	0.00517
15	0.03853	0.22381	0.31360	0.01816	0.02542	0.11493	0.13508	0.02168	0.01488	0.01945	0.01129	0.01358	0.00880	0.00615	0.00599	0.00191	0.00960	0.00499	0.00306	0.00907
16	0.01622	0.01995	0.11567	0.02682	0.05477	0.01703	0.55671	0.06541	0.01665	0.02283	0.01354	0.01748	0.01009	0.00590	0.00763	0.00222	0.01080	0.00740	0.00354	0.00935
17	0.05859	0.01196	0.01450	0.01179	0.01627	0.01175	0.00954	0.05358	0.18439	0.44020	0.02516	0.02283	0.01702	0.00835	0.00646	0.00207	0.00540	0.00674	0.08282	0.01056
18	0.01429	0.01440	0.04911	0.17302	0.36541	0.01405	0.08883	0.01836	0.01497	0.02074	0.04662	0.04730	0.06751	0.00781	0.00694	0.00211	0.00778	0.00747	0.02431	0.00897
19	0.01826	0.04460	0.01758	0.06348	0.01938	0.05369	0.06303	0.15506	0.14164	0.11336	0.09654	0.09103	0.02257	0.05863	0.00877	0.00243	0.00664	0.00842	0.00595	0.00895
20	0.07451	0.06199	0.01475	0.01260	0.03683	0.09299	0.00942	0.12379	0.01762	0.14113	0.02577	0.28346	0.05256	0.01262	0.00701	0.00222	0.00607	0.01062	0.00589	0.00814
21	0.00834	0.00607	0.00789	0.00922	0.00990	0.00562	0.00636	0.00973	0.01344	0.01772	0.06288	0.62805	0.11374	0.02023	0.00852	0.00268	0.00394	0.05388	0.00626	0.00554
22	0.01885	0.04515	0.05286	0.08983	0.09752	0.05424	0.15473	0.19002	0.01967	0.08758	0.04686	0.07929	0.01585	0.00833	0.00702	0.00212	0.00814	0.00758	0.00497	0.00940
23	0.06017	0.05547	0.10008	0.05665	0.05226	0.14272	0.13183	0.04179	0.04181	0.05024	0.11044	0.04833	0.06218	0.00866	0.00681	0.00207	0.00811	0.00751	0.00456	0.00832
24	0.02900	0.01258	0.01555	0.01215	0.01709	0.05687	0.00993	0.03156	0.01918	0.65448	0.05158	0.02317	0.01786	0.00842	0.00675	0.00205	0.00603	0.00679	0.00796	0.01099
25	0.06389	0.04453	0.01880	0.06883	0.08935	0.01366	0.05552	0.14017	0.01753	0.07020	0.01654	0.01813	0.04875	0.00676	0.00596	0.00167	0.00646	0.00563	0.00465	0.30297
26	0.13973	0.01820	0.01685	0.01399	0.01850	0.12680	0.01120	0.27708	0.18388	0.10018	0.01787	0.01747	0.01301	0.00788	0.00626	0.00205	0.00713	0.00585	0.00602	0.01006
27	0.01587	0.08943	0.14170	0.04778	0.03089	0.01735	0.43544	0.06465	0.01619	0.02195	0.01402	0.04739	0.01123	0.00660	0.00726	0.00217	0.01007	0.00734	0.00358	0.00909

[dist]
# distance from previous block
# <min> <max>
0	12

[block]
# block no. 1 follows, 32 sequences, length 26
# corresponding to MSA columns:
# 65-90
name=unknown_B
#
# <colnr> <probs for GDERKNQSTAVLIFYWHMCP>
#	G	D	E	R	K	N	Q	S	T	A	V	L	I	F	Y	W	H	M	C	P
0	0.00886	0.00653	0.00838	0.00969	0.01035	0.00635	0.00658	0.01146	0.06889	0.01801	0.03620	0.70076	0.04246	0.02006	0.00842	0.00269	0.00401	0.01815	0.00628	0.00587
1	0.01758	0.01522	0.02401	0.02982	0.40480	0.01547	0.07894	0.11469	0.07336	0.05747	0.01736	0.08932	0.01502	0.00804	0.00697	0.00212	0.00748	0.00759	0.00459	0.01013
2	0.01502	0.01946	0.16356	0.02094	0.02674	0.01622	0.31057	0.04044	0.13000	0.02227	0.01950	0.02182	0.06847	0.00796	0.00885	0.00230	0.08514	0.00753	0.00412	0.00909
3	0.00852	0.00667	0.00771	0.00776	0.00950	0.00587	0.00570	0.01065	0.01622	0.02106	0.29197	0.16504	0.38648	0.01645	0.00802	0.00228	0.00339	0.01419	0.00664	0.00587
4	0.01388	0.03177	0.60745	0.02074	0.03011	0.01583	0.14382	0.02129	0.01446	0.02129	0.01231	0.01486	0.00880	0.00625	0.00665	0.00215	0.01016	0.00548	0.00293	0.00976
5	0.05707	0.02076	0.16842	0.02318	0.03010	0.01669	0.42322	0.10490	0.01721	0.02434	0.01525	0.01832	0.03434	0.00651	0.00728	0.00220	0.00997	0.00711	0.00383	0.00930
6	0.01597	0.01832	0.04732	0.02213	0.02654	0.11736	0.36596	0.01993	0.01454	0.01899	0.01288	0.01774	0.01062	0.01330	0.11436	0.00352	0.14214	0.00687	0.00334	0.00816
7	0.01573	0.01611	0.02984	0.03180	0.34507	0.01662	0.25737	0.01986	0.01454	0.02064	0.01265	0.01730	0.01049	0.00876	0.04329	0.00263	0.11790	0.00670	0.00330	0.00938
8	0.01706	0.62430	0.17138	0.01298	0.01954	0.02440	0.01409	0.02032	0.01374	0.01686	0.00986	0.01143	0.00859	0.00586	0.00471	0.00157	0.00771	0.00386	0.00286	0.00887
9	0.01393	0.11192	0.65634	0.01832	0.02780	0.01674	0.02339	0.02113	0.01411	0.02067	0.01176	0.01381	0.00851	0.00631	0.00616	0.00205	0.00963	0.00481	0.00284	0.00978
10	0.01065	0.00769	0.00955	0.01021	0.01131	0.00764	0.00716	0.10803	0.01552	0.02072	0.03400	0.65353	0.03967	0.01917	0.00830	0.00262	0.00439	0.01721	0.00630	0.00630
11	0.03582	0.00659	0.00826	0.00897	0.00960	0.00663	0.00608	0.01039	0.01174	0.01624	0.02941	0.36022	0.05600	0.24468	0.13045	0.00508	0.00698	0.03653	0.00510	0.00522
12	0.01688	0.59460	0.19949	0.01329	0.02002	0.02395	0.01463	0.02037	0.01376	0.01708	0.00997	0.01157	0.00858	0.00589	0.00480	0.00160	0.00782	0.00391	0.00286	0.00892
13	0.00813	0.00601	0.00761	0.00889	0.00961	0.00549	0.00603	0.00939	0.01328	0.01730	0.04244	0.63740	0.16327	0.02031	0.00845	0.00264	0.00381	0.01821	0.00623	0.00549
14	0.00856	0.00670	0.00780	0.00823	0.00974	0.00605	0.00590	0.01087	0.03697	0.01958	0.16691	0.31488	0.33834	0.01765	0.00812	0.00241	0.00360	0.01540	0.00645	0.00586
15	0.01731	0.66535	0.13253	0.01255	0.01888	0.02501	0.01335	0.02025	0.01371	0.01655	0.00971	0.01124	0.00860	0.00583	0.00460	0.00153	0.00756	0.00378	0.00287	0.00879
16	0.01642	0.01814	0.03843	0.02751	0.03421	0.01720	0.65693	0.06212	0.01678	0.02274	0.01373	0.01798	0.01025	0.00580	0.00785	0.00225	0.01108	0.00781	0.00359	0.00919
17	0.01051	0.00762	0.01039	0.01177	0.01339	0.00750	0.01021	0.01345	0.01543	0.01987	0.03897	0.07451	0.11085	0.01837	0.00913	0.00300	0.00588	0.60685	0.00618	0.00612
18	0.01622	0.37047	0.38057	0.01531	0.02311	0.02038	0.01805	0.02120	0.01413	0.04853	0.01140	0.01297	0.00889	0.00617	0.00544	0.00181	0.00848	0.00440	0.00308	0.00938
19	0.00842	0.00678	0.00750	0.00741	0.00939	0.00586	0.00552	0.01054	0.01632	0.02077	0.26570	0.08950	0.49040	0.01616	0.00795	0.00224	0.00335	0.01375	0.00658	0.00586
20	0.01346	0.03471	0.72942	0.01912	0.02904	0.01558	0.02479	0.02125	0.01417	0.02125	0.01204	0.01417	0.00850	0.00637	0.00637	0.00212	0.00992	0.00496	0.00283	0.00992
21	0.00876	0.00669	0.00804	0.00799	0.00965	0.00597	0.00588	0.01113	0.01682	0.02243	0.39336	0.15660	0.29053	0.01591	0.00801	0.00225	0.00335	0.01384	0.00682	0.00597
22	0.02433	0.03085	0.01853	0.01694	0.02027	0.70561	0.01267	0.02604	0.01875	0.01645	0.01152	0.04443	0.01019	0.00752	0.00616	0.00177	0.01175	0.00496	0.00358	0.00768
23	0.02483	0.03053	0.01897	0.01705	0.02064	0.66565	0.01288	0.07288	0.04179	0.01855	0.01130	0.01278	0.00921	0.00706	0.00612	0.00177	0.01156	0.00454	0.00379	0.00812
24	0.09300	0.01472	0.01629	0.01364	0.01749	0.01647	0.01110	0.31120	0.13921	0.07964	0.04391	0.06743	0.01838	0.01009	0.00806	0.00226	0.06612	0.05505	0.00626	0.00967
25	0.17425	0.00899	0.00960	0.00884	0.01157	0.00885	0.00690	0.04463	0.01650	0.08919	0.23291	0.08201	0.23440	0.01296	0.00708	0.00221	0.00419	0.03161	0.00635	0.00696

[dist]
# distance from previous block
# <min> <max>
1	4

[block]
# block no. 2 follows, 32 sequences, length 18
# corresponding to MSA columns:
# 95-112
name=unknown_C
#
# <colnr> <probs for GDERKNQSTAVLIFYWHMCP>
#	G	D	E	R	K	N	Q	S	T	A	V	L	I	F	Y	W	H	M	C	P
0	0.08072	0.01269	0.01431	0.01171	0.01600	0.01263	0.00936	0.17780	0.10322	0.12237	0.09010	0.08355	0.02127	0.00932	0.00649	0.00193	0.00545	0.02712	0.00614	0.18782
1	0.01992	0.01810	0.02885	0.02314	0.08094	0.08598	0.34256	0.10229	0.08384	0.12026	0.01654	0.01848	0.01206	0.00676	0.00724	0.00214	0.00935	0.00702	0.00477	0.00979
2	0.01539	0.12491	0.32572	0.11957	0.02823	0.01660	0.10236	0.04960	0.03600	0.05399	0.05415	0.01760	0.01282	0.00691	0.00647	0.00206	0.00875	0.00590	0.00373	0.00923
3	0.01346	0.01294	0.02281	0.52718	0.13304	0.01487	0.09780	0.01792	0.01407	0.01846	0.01358	0.02110	0.01104	0.00717	0.00699	0.00226	0.00893	0.04515	0.00326	0.00799
4	0.02655	0.01313	0.01588	0.01245	0.01720	0.03558	0.01017	0.17210	0.02180	0.47630	0.10462	0.02424	0.02070	0.00884	0.00685	0.00206	0.00598	0.00715	0.00770	0.01070
5	0.02006	0.01593	0.01815	0.09086	0.08321	0.11170	0.03996	0.13204	0.13690	0.14876	0.05205	0.06292	0.03951	0.00896	0.00689	0.00211	0.00724	0.00751	0.00575	0.00949
6	0.01193	0.00863	0.01178	0.01094	0.01227	0.00932	0.03389	0.09154	0.01317	0.01806	0.01979	0.12709	0.02044	0.19288	0.25743	0.11289	0.02872	0.00905	0.00431	0.00587
7	0.01600	0.01533	0.02615	0.14947	0.61876	0.01578	0.02029	0.02006	0.01499	0.02119	0.01251	0.01680	0.01037	0.00609	0.00665	0.00203	0.00812	0.00598	0.00327	0.01014
8	0.02693	0.01632	0.05747	0.01405	0.01959	0.01553	0.01210	0.35824	0.02496	0.35306	0.02060	0.01907	0.01362	0.00808	0.00671	0.00205	0.00676	0.00630	0.00722	0.01133
9	0.01783	0.01529	0.02576	0.05917	0.51466	0.01566	0.05806	0.02155	0.01526	0.10359	0.01393	0.01730	0.01108	0.00677	0.00809	0.00211	0.07362	0.00617	0.00386	0.01023
10	0.00848	0.00622	0.00802	0.00920	0.01004	0.00575	0.00649	0.01006	0.01390	0.01833	0.09704	0.54958	0.13422	0.01967	0.00849	0.00265	0.00397	0.07597	0.00632	0.00562
11	0.01267	0.01193	0.02013	0.74806	0.04621	0.01491	0.01863	0.01714	0.01342	0.01714	0.01193	0.01789	0.00894	0.00671	0.00671	0.00224	0.00894	0.00596	0.00298	0.00745
12	0.04882	0.44249	0.21957	0.01587	0.06013	0.05410	0.03704	0.02076	0.01409	0.01838	0.01042	0.01230	0.00869	0.00599	0.00518	0.00172	0.00823	0.00426	0.00298	0.00900
13	0.00958	0.00664	0.00937	0.00969	0.01038	0.00717	0.00695	0.01069	0.01079	0.01501	0.02161	0.17887	0.02302	0.15458	0.38945	0.10523	0.01178	0.00987	0.00413	0.00520
14	0.01539	0.01483	0.02564	0.25243	0.49001	0.01568	0.04931	0.01960	0.01474	0.02047	0.01245	0.01706	0.01010	0.00618	0.00672	0.00208	0.00841	0.00606	0.00322	0.00961
15	0.01598	0.01554	0.02396	0.18058	0.44124	0.04530	0.01862	0.02086	0.06622	0.02067	0.01314	0.01714	0.01078	0.00691	0.00800	0.00214	0.07383	0.00602	0.00348	0.00957
16	0.01602	0.19405	0.14550	0.03684	0.05509	0.01825	0.29380	0.02173	0.06324	0.03612	0.01384	0.01740	0.01101	0.03895	0.00778	0.00222	0.00918	0.00634	0.00355	0.00906
17	0.01275	0.00742	0.00922	0.00866	0.01083	0.00664	0.00652	0.01515	0.01678	0.14553	0.28101	0.16552	0.19853	0.01429	0.00757	0.00220	0.00378	0.01236	0.06832	0.00691

[dist]
# distance from previous block
# <min> <max>
0	1

[block]
# block no. 3 follows, 32 sequences, length 24
# corresponding to MSA columns:
# 114-137
name=unknown_D
#
# <colnr> <probs for GDERKNQSTAVLIFYWHMCP>
#	G	D	E	R	K	N	Q	S	T	A	V	L	I	F	Y	W	H	M	C	P
0	0.06876	0.04398	0.10072	0.01595	0.02058	0.30907	0.04586	0.12826	0.09664	0.02340	0.01661	0.04749	0.03773	0.00809	0.00638	0.00198	0.00912	0.00611	0.00450	0.00878
1	0.01746	0.27665	0.19968	0.01732	0.08303	0.03686	0.03689	0.10229	0.06565	0.03697	0.01447	0.01822	0.01197	0.00729	0.00599	0.00193	0.00797	0.04591	0.00398	0.00949
2	0.00849	0.00663	0.00770	0.00782	0.00951	0.00584	0.00572	0.01057	0.01604	0.02082	0.27584	0.19239	0.37528	0.01669	0.00805	0.00230	0.00342	0.01443	0.00661	0.00584
3	0.01648	0.01536	0.02499	0.05795	0.59042	0.01565	0.01882	0.04918	0.05994	0.02327	0.05130	0.01894	0.01404	0.00670	0.00673	0.00203	0.00755	0.00641	0.00389	0.01034
4	0.01682	0.08133	0.08288	0.07599	0.04568	0.01550	0.26782	0.04077	0.08750	0.10457	0.04210	0.05505	0.03701	0.00787	0.00710	0.00216	0.00833	0.00773	0.00464	0.00914
5	0.01449	0.01342	0.01762	0.01451	0.06257	0.04063	0.09046	0.01839	0.04553	0.02154	0.01456	0.06767	0.01286	0.00651	0.00581	0.00142	0.00614	0.00581	0.00413	0.53592
6	0.00827	0.00588	0.00776	0.00922	0.00958	0.00552	0.00609	0.00937	0.01265	0.01687	0.03598	0.71464	0.04312	0.06791	0.01018	0.00296	0.00406	0.01849	0.00609	0.00536
7	0.01707	0.01989	0.08139	0.07086	0.12595	0.10023	0.39023	0.02259	0.04474	0.03990	0.01378	0.01732	0.01047	0.00618	0.00727	0.00215	0.01031	0.00686	0.00360	0.00921
8	0.07335	0.08729	0.11764	0.05827	0.24875	0.03661	0.16006	0.09711	0.01668	0.02370	0.01252	0.01556	0.00980	0.00625	0.00648	0.00203	0.00874	0.00583	0.00366	0.00966
9	0.00828	0.00592	0.00772	0.00912	0.00954	0.00553	0.00604	0.00938	0.01271	0.01687	0.03685	0.68723	0.06436	0.07337	0.01035	0.00298	0.00406	0.01826	0.00608	0.00536
10	0.00983	0.00823	0.02734	0.01024	0.01230	0.00731	0.03074	0.01304	0.03548	0.02159	0.24228	0.12980	0.21538	0.01601	0.00828	0.00249	0.00460	0.19235	0.00640	0.00633
11	0.01772	0.57554	0.14492	0.01358	0.02001	0.02349	0.04869	0.02097	0.01411	0.05220	0.01083	0.01228	0.00907	0.00596	0.00494	0.00162	0.00775	0.00418	0.00316	0.00898
12	0.02135	0.12067	0.06913	0.01395	0.01896	0.01785	0.01225	0.33890	0.08716	0.11141	0.01955	0.08410	0.01600	0.00921	0.00661	0.00207	0.00680	0.02781	0.00605	0.01016
13	0.07734	0.01537	0.01984	0.44605	0.11152	0.09698	0.01658	0.07842	0.03668	0.02109	0.01245	0.01662	0.00953	0.00680	0.00643	0.00212	0.00866	0.00566	0.00360	0.00826
14	0.01891	0.61641	0.03294	0.01326	0.01871	0.13400	0.04829	0.02118	0.01457	0.01619	0.00971	0.01136	0.00870	0.00591	0.00476	0.00152	0.00814	0.00393	0.00299	0.00851
15	0.01286	0.01212	0.02047	0.71424	0.07857	0.01496	0.01873	0.01731	0.01351	0.01737	0.01196	0.01783	0.00903	0.00667	0.00671	0.00222	0.00890	0.00596	0.00300	0.00761
16	0.01940	0.57528	0.08084	0.01267	0.01842	0.09864	0.01244	0.02194	0.01471	0.07657	0.01108	0.01217	0.00928	0.00613	0.00484	0.00157	0.00776	0.00403	0.00339	0.00885
17	0.01372	0.01396	0.10065	0.11848	0.05778	0.04113	0.07101	0.04723	0.01545	0.06317	0.04081	0.24456	0.02553	0.01274	0.00768	0.00243	0.00706	0.10388	0.00504	0.00768
18	0.00818	0.00584	0.00779	0.00934	0.00973	0.00545	0.00623	0.00934	0.01285	0.01713	0.03698	0.75981	0.04438	0.02102	0.00856	0.00273	0.00389	0.01908	0.00623	0.00545
19	0.00953	0.00641	0.00739	0.00761	0.00767	0.00635	0.00438	0.00970	0.01021	0.01361	0.02345	0.14812	0.02730	0.65601	0.03043	0.00595	0.00612	0.01111	0.00438	0.00427
20	0.47636	0.04199	0.11187	0.01264	0.01808	0.01595	0.06389	0.09840	0.01468	0.02867	0.01097	0.01268	0.00834	0.00632	0.00509	0.00200	0.00661	0.00444	0.00416	0.05684
21	0.33535	0.24242	0.09406	0.01156	0.01701	0.01833	0.01108	0.07076	0.01480	0.11280	0.01225	0.01307	0.00927	0.00649	0.00494	0.00188	0.00650	0.00432	0.00433	0.00877
22	0.06727	0.01380	0.01864	0.07856	0.02125	0.06475	0.10846	0.06120	0.03395	0.19552	0.05363	0.08211	0.01934	0.01007	0.00857	0.00232	0.07747	0.06892	0.00552	0.00864
23	0.08372	0.01866	0.06734	0.01455	0.01892	0.15944	0.03079	0.11194	0.06973	0.18293	0.01760	0.05952	0.01374	0.00854	0.00775	0.00208	0.07198	0.00639	0.00537	0.04902

[dist]
# distance from previous block
# <min> <max>
0	14

[block]
# block no. 4 follows, 32 sequences, length 107
# corresponding to MSA columns:
# 152-258
name=unknown_E
#
# <colnr> <probs for GDERKNQSTAVLIFYWHMCP>
#	G	D	E	R	K	N	Q	S	T	A	V	L	I	F	Y	W	H	M	C	P
0	0.12966	0.10570	0.01764	0.01328	0.01659	0.22462	0.01059	0.08091	0.03378	0.04204	0.01315	0.01719	0.01145	0.07317	0.08835	0.00324	0.07446	0.00532	0.00404	0.03480
1	0.01248	0.05079	0.05479	0.01160	0.01417	0.02882	0.03257	0.01545	0.03513	0.08045	0.05133	0.29002	0.11475	0.01576	0.00798	0.00252	0.00554	0.16300	0.00589	0.00695
2	0.02109	0.36185	0.06127	0.01442	0.01948	0.27079	0.01278	0.10794	0.03805	0.01995	0.01119	0.01248	0.00931	0.00657	0.00539	0.00167	0.00899	0.00433	0.00367	0.00880
3	0.04440	0.37578	0.27198	0.01476	0.02171	0.07027	0.01615	0.07820	0.01562	0.02044	0.01091	0.01249	0.00876	0.00625	0.00534	0.00176	0.00841	0.00432	0.00326	0.00920
4	0.10374	0.25566	0.39359	0.01577	0.02348	0.01896	0.03974	0.02116	0.03461	0.02077	0.01142	0.01321	0.00881	0.00622	0.00556	0.00192	0.00846	0.00456	0.00313	0.00922
5	0.01584	0.01810	0.03959	0.02828	0.03507	0.01697	0.69796	0.02149	0.01584	0.02149	0.01357	0.01810	0.01018	0.00566	0.00792	0.00226	0.01131	0.00792	0.00339	0.00905
6	0.01283	0.01208	0.02041	0.72013	0.07293	0.01495	0.01871	0.01728	0.01349	0.01733	0.01195	0.01784	0.00901	0.00668	0.00671	0.00223	0.00891	0.00596	0.00299	0.00758
7	0.01572	0.01890	0.07296	0.02784	0.03478	0.01690	0.66540	0.02148	0.01576	0.02148	0.01350	0.01791	0.01010	0.00569	0.00784	0.00226	0.01124	0.00778	0.00337	0.00909
8	0.01584	0.01810	0.03959	0.02828	0.03507	0.01697	0.69796	0.02149	0.01584	0.02149	0.01357	0.01810	0.01018	0.00566	0.00792	0.00226	0.01131	0.00792	0.00339	0.00905
9	0.00843	0.00602	0.00807	0.00963	0.01013	0.00567	0.00666	0.00978	0.01309	0.01741	0.03684	0.69496	0.04383	0.02079	0.00863	0.00276	0.00411	0.08146	0.00622	0.00552
10	0.00817	0.00588	0.00775	0.00924	0.00971	0.00546	0.00618	0.00935	0.01294	0.01717	0.03821	0.73234	0.07106	0.02086	0.00854	0.00271	0.00387	0.01888	0.00623	0.00546
11	0.02432	0.06775	0.02150	0.01697	0.07654	0.01858	0.03713	0.44932	0.02599	0.14620	0.01680	0.01686	0.01190	0.00760	0.00654	0.00196	0.00722	0.00599	0.00623	0.03457
12	0.02512	0.03044	0.01915	0.01707	0.02075	0.65365	0.01294	0.10534	0.02048	0.01944	0.01104	0.01257	0.00897	0.00705	0.00613	0.00176	0.01155	0.00452	0.00384	0.00820
13	0.01468	0.01468	0.02055	0.01762	0.01762	0.02055	0.01468	0.01615	0.01028	0.01615	0.00881	0.01468	0.00881	0.01174	0.02202	0.00294	0.75191	0.00587	0.00294	0.00734
14	0.02693	0.01457	0.01865	0.01443	0.01932	0.05332	0.06096	0.14839	0.02053	0.46726	0.02162	0.02016	0.01425	0.00822	0.00782	0.00212	0.05713	0.00651	0.00703	0.01077
15	0.00868	0.00699	0.00779	0.00796	0.00985	0.00626	0.00592	0.01127	0.04368	0.01980	0.16110	0.17620	0.45189	0.01689	0.00804	0.00235	0.00363	0.03933	0.00643	0.00595
16	0.00818	0.00584	0.00779	0.00934	0.00973	0.00545	0.00623	0.00934	0.01285	0.01713	0.03698	0.75981	0.04438	0.02102	0.00856	0.00273	0.00389	0.01908	0.00623	0.00545
17	0.01906	0.01980	0.03130	0.02328	0.02911	0.12314	0.42820	0.12415	0.06898	0.04258	0.01481	0.01755	0.01105	0.00651	0.00736	0.00214	0.01027	0.00706	0.00427	0.00939
18	0.06106	0.01463	0.02365	0.28930	0.36283	0.01592	0.04403	0.06964	0.01562	0.02217	0.01248	0.01676	0.00988	0.00639	0.00658	0.00210	0.00824	0.00592	0.00350	0.00930
19	0.02103	0.01657	0.01761	0.01453	0.01910	0.01872	0.01167	0.36250	0.37630	0.03506	0.02180	0.02064	0.01602	0.00859	0.00677	0.00215	0.00633	0.00683	0.00677	0.01101
20	0.75850	0.01426	0.01048	0.00939	0.01350	0.06380	0.00765	0.02020	0.01193	0.02918	0.00941	0.01098	0.00736	0.00627	0.00428	0.00205	0.00566	0.00368	0.00411	0.00730
21	0.01787	0.52994	0.14107	0.01330	0.01944	0.05826	0.01364	0.05509	0.06187	0.01881	0.01135	0.01259	0.00953	0.00624	0.00500	0.00164	0.00773	0.00423	0.00335	0.00905
22	0.01451	0.01380	0.02345	0.41774	0.36216	0.01539	0.01955	0.01876	0.01429	0.01938	0.01225	0.01729	0.00973	0.00637	0.00668	0.00212	0.00849	0.00597	0.00314	0.00894
23	0.00818	0.00584	0.00779	0.00934	0.00973	0.00545	0.00623	0.00934	0.01285	0.01713	0.03698	0.75981	0.04438	0.02102	0.00856	0.00273	0.00389	0.01908	0.00623	0.00545
24	0.03555	0.01274	0.02129	0.34430	0.15269	0.01405	0.09999	0.01886	0.06224	0.02122	0.13031	0.02333	0.01913	0.00776	0.00698	0.00217	0.00776	0.00728	0.00411	0.00822
25	0.01776	0.73845	0.06334	0.01179	0.01770	0.02610	0.01202	0.02014	0.01366	0.01601	0.00944	0.01090	0.00861	0.00577	0.00439	0.00146	0.00729	0.00364	0.00287	0.00866
26	0.02992	0.01171	0.01575	0.01208	0.01727	0.01029	0.00998	0.05907	0.01969	0.69992	0.02606	0.02257	0.01640	0.00829	0.00675	0.00207	0.00578	0.00672	0.00824	0.01142
27	0.02029	0.01659	0.01845	0.01527	0.01973	0.05584	0.05778	0.24310	0.35249	0.06500	0.02221	0.02285	0.01678	0.00874	0.00691	0.00218	0.00678	0.03209	0.00643	0.01048
28	0.01282	0.01222	0.02107	0.71324	0.04567	0.01501	0.05150	0.01735	0.01353	0.01735	0.01201	0.01790	0.00900	0.00666	0.00677	0.00224	0.00906	0.00606	0.00300	0.00753
29	0.00894	0.00705	0.00817	0.00872	0.01034	0.00653	0.00644	0.01179	0.05951	0.01912	0.08906	0.29818	0.34390	0.01781	0.00820	0.00249	0.00394	0.07748	0.00633	0.00600
30	0.02994	0.01168	0.01573	0.01206	0.01726	0.01025	0.00997	0.05650	0.01965	0.70256	0.02610	0.02260	0.01642	0.00830	0.00675	0.00207	0.00577	0.00672	0.00825	0.01142
31	0.02199	0.02430	0.01791	0.01647	0.04426	0.42226	0.01221	0.11929	0.14241	0.02314	0.07620	0.01842	0.01596	0.00802	0.00646	0.00191	0.00933	0.00588	0.00484	0.00875
32	0.01429	0.17085	0.60057	0.01771	0.02685	0.01762	0.02232	0.02103	0.01407	0.02024	0.01154	0.01353	0.00852	0.00626	0.00599	0.00200	0.00941	0.00470	0.00284	0.00967
33	0.01734	0.01427	0.01519	0.01357	0.01743	0.01636	0.01058	0.03551	0.67678	0.06188	0.02727	0.02493	0.02030	0.00906	0.00682	0.00227	0.00533	0.00755	0.00690	0.01066
34	0.01346	0.03471	0.72942	0.01912	0.02904	0.01558	0.02479	0.02125	0.01417	0.02125	0.01204	0.01417	0.00850	0.00637	0.00637	0.00212	0.00992	0.00496	0.00283	0.00992
35	0.51781	0.05493	0.01549	0.01238	0.01666	0.17877	0.05554	0.04194	0.01415	0.02610	0.01006	0.01181	0.00796	0.00638	0.00492	0.00198	0.00733	0.00415	0.00396	0.00769
36	0.00848	0.00682	0.00756	0.00737	0.00940	0.00590	0.00553	0.01069	0.01658	0.02119	0.29505	0.05953	0.49063	0.01585	0.00792	0.00221	0.00332	0.01345	0.00663	0.00590
37	0.81159	0.01298	0.00986	0.00882	0.01298	0.01505	0.00727	0.01972	0.01142	0.03010	0.00934	0.01090	0.00727	0.00623	0.00415	0.00208	0.00519	0.00363	0.00415	0.00727
38	0.02611	0.01990	0.01928	0.01523	0.02026	0.13788	0.01236	0.49060	0.02766	0.13841	0.01668	0.01643	0.01171	0.00790	0.00661	0.00198	0.00792	0.00586	0.00641	0.01081
39	0.01638	0.01850	0.03846	0.02760	0.03425	0.03674	0.65899	0.04172	0.01639	0.02197	0.01356	0.01788	0.01018	0.00576	0.00783	0.00224	0.01122	0.00776	0.00349	0.00908
40	0.00804	0.00680	0.00695	0.00691	0.00913	0.00571	0.00519	0.00985	0.01556	0.01875	0.11450	0.06354	0.67269	0.01676	0.00793	0.00225	0.00338	0.01402	0.00631	0.00571
41	0.01081	0.00772	0.01081	0.01236	0.01390	0.00772	0.01081	0.01390	0.01545	0.02008	0.03553	0.07569	0.03862	0.01854	0.00927	0.00309	0.00618	0.67717	0.00618	0.00618
42	0.01434	0.01286	0.01329	0.04327	0.01691	0.12881	0.01157	0.05136	0.06363	0.02099	0.02894	0.05657	0.02994	0.01500	0.00835	0.00272	0.00726	0.46146	0.00567	0.00705
43	0.01794	0.76823	0.03516	0.01148	0.01722	0.02655	0.01148	0.02009	0.01363	0.01579	0.00933	0.01076	0.00861	0.00574	0.00431	0.00144	0.00718	0.00359	0.00287	0.00861
44	0.00818	0.00584	0.00779	0.00934	0.00973	0.00545	0.00623	0.00934	0.01285	0.01713	0.03698	0.75981	0.04438	0.02102	0.00856	0.00273	0.00389	0.01908	0.00623	0.00545
45	0.01267	0.01193	0.02013	0.74806	0.04621	0.01491	0.01863	0.01714	0.01342	0.01714	0.01193	0.01789	0.00894	0.00671	0.00671	0.00224	0.00894	0.00596	0.00298	0.00745
46	0.02555	0.01701	0.01891	0.01470	0.01985	0.01833	0.01217	0.55442	0.02869	0.15591	0.01880	0.02017	0.01362	0.00861	0.00684	0.00208	0.00704	0.03917	0.00695	0.01115
47	0.01584	0.01810	0.03959	0.02828	0.03507	0.01697	0.69796	0.02149	0.01584	0.02149	0.01357	0.01810	0.01018	0.00566	0.00792	0.00226	0.01131	0.00792	0.00339	0.00905
48	0.01267	0.01193	0.02013	0.74806	0.04621	0.01491	0.01863	0.01714	0.01342	0.01714	0.01193	0.01789	0.00894	0.00671	0.00671	0.00224	0.00894	0.00596	0.00298	0.00745
49	0.01346	0.03471	0.72942	0.01912	0.02904	0.01558	0.02479	0.02125	0.01417	0.02125	0.01204	0.01417	0.00850	0.00637	0.00637	0.00212	0.00992	0.00496	0.00283	0.00992
50	0.01734	0.01427	0.01519	0.01357	0.01743	0.01636	0.01058	0.03551	0.67678	0.06188	0.02727	0.02493	0.02030	0.00906	0.00682	0.00227	0.00533	0.00755	0.00690	0.01066
51	0.00818	0.00584	0.00779	0.00934	0.00973	0.00545	0.00623	0.00934	0.01285	0.01713	0.03698	0.75981	0.04438	0.02102	0.00856	0.00273	0.00389	0.01908	0.00623	0.00545
52	0.01346	0.03471	0.72942	0.01912	0.02904	0.01558	0.02479	0.02125	0.01417	0.02125	0.01204	0.01417	0.00850	0.00637	0.00637	0.00212	0.00992	0.00496	0.00283	0.00992
53	0.02366	0.02963	0.01922	0.01733	0.02032	0.64009	0.01320	0.02535	0.01783	0.01638	0.01016	0.01245	0.00867	0.00757	0.00822	0.00189	0.11240	0.00453	0.00339	0.00772
54	0.02783	0.01415	0.01715	0.01325	0.01843	0.01403	0.01091	0.26660	0.05752	0.45274	0.02288	0.02059	0.01498	0.00826	0.00674	0.00206	0.00628	0.00654	0.00767	0.01138
55	0.01267	0.01193	0.02013	0.74806	0.04621	0.01491	0.01863	0.01714	0.01342	0.01714	0.01193	0.01789	0.00894	0.00671	0.00671	0.00224	0.00894	0.00596	0.00298	0.00745
56	0.01797	0.06087	0.03430	0.02428	0.03022	0.07479	0.49475	0.04912	0.01652	0.06892	0.01380	0.01727	0.01038	0.00636	0.00819	0.00219	0.05007	0.00713	0.00381	0.00909
57	0.01794	0.01734	0.01617	0.01452	0.01801	0.13631	0.01128	0.03287	0.54848	0.02533	0.02326	0.02219	0.01773	0.00892	0.00772	0.00223	0.05683	0.00693	0.00601	0.00993
58	0.00818	0.00584	0.00779	0.00934	0.00973	0.00545	0.00623	0.00934	0.01285	0.01713	0.03698	0.75981	0.04438	0.02102	0.00856	0.00273	0.00389	0.01908	0.00623	0.00545
59	0.01023	0.00704	0.00785	0.00775	0.00800	0.00719	0.00451	0.01151	0.05703	0.01403	0.02156	0.04264	0.02413	0.71322	0.03231	0.00622	0.00642	0.00961	0.00425	0.00451
60	0.01527	0.01678	0.03450	0.02530	0.03093	0.01646	0.55650	0.02104	0.05469	0.02114	0.01556	0.06871	0.01298	0.00739	0.00904	0.00235	0.07036	0.00849	0.00375	0.00876
61	0.03010	0.01142	0.01557	0.01194	0.01713	0.00986	0.00986	0.03270	0.01920	0.72698	0.02647	0.02284	0.01661	0.00830	0.00675	0.00208	0.00571	0.00675	0.00830	0.01142
62	0.01794	0.76823	0.03516	0.01148	0.01722	0.02655	0.01148	0.02009	0.01363	0.01579	0.00933	0.01076	0.00861	0.00574	0.00431	0.00144	0.00718	0.00359	0.00287	0.00861
63	0.02514	0.01814	0.01958	0.01515	0.02040	0.01999	0.01247	0.62230	0.07675	0.07501	0.01738	0.01704	0.01228	0.00814	0.00672	0.00203	0.00716	0.00618	0.00680	0.01136
64	0.00959	0.00719	0.01078	0.01078	0.01198	0.00839	0.00839	0.01198	0.01078	0.01558	0.01797	0.02636	0.01677	0.05032	0.73760	0.01078	0.01797	0.00719	0.00359	0.00599
65	0.00927	0.00678	0.00869	0.00835	0.00992	0.00621	0.00621	0.01217	0.01825	0.02546	0.61434	0.09932	0.12096	0.01450	0.00796	0.00217	0.00324	0.01279	0.00720	0.00621
66	0.01794	0.76823	0.03516	0.01148	0.01722	0.02655	0.01148	0.02009	0.01363	0.01579	0.00933	0.01076	0.00861	0.00574	0.00431	0.00144	0.00718	0.00359	0.00287	0.00861
67	0.01661	0.01594	0.02724	0.04119	0.72233	0.01594	0.02059	0.02059	0.01528	0.02192	0.01262	0.01661	0.01063	0.00598	0.00664	0.00199	0.00797	0.00598	0.00332	0.01063
68	0.02551	0.01879	0.02014	0.01544	0.02081	0.02081	0.01275	0.69996	0.03155	0.04229	0.01611	0.01611	0.01141	0.00805	0.00671	0.00201	0.00738	0.00604	0.00671	0.01141
69	0.00861	0.00693	0.00774	0.00785	0.00989	0.00606	0.00609	0.01076	0.01600	0.02001	0.18386	0.06340	0.50676	0.01660	0.00811	0.00235	0.00373	0.10295	0.00644	0.00586
70	0.01436	0.01355	0.02272	0.48205	0.23038	0.01549	0.04635	0.03750	0.03550	0.01965	0.01276	0.01771	0.00987	0.00657	0.00674	0.00217	0.00862	0.00610	0.00331	0.00860
71	0.01669	0.01441	0.01517	0.01365	0.01745	0.01669	0.01062	0.03565	0.71021	0.02807	0.02731	0.02503	0.02048	0.00910	0.00683	0.00228	0.00531	0.00759	0.00683	0.01062
72	0.00817	0.00588	0.00775	0.00924	0.00971	0.00546	0.00618	0.00935	0.01295	0.01717	0.03824	0.73159	0.07179	0.02086	0.00854	0.00271	0.00387	0.01888	0.00623	0.00546
73	0.01634	0.01567	0.02676	0.08890	0.67670	0.01587	0.02046	0.02036	0.01515	0.02160	0.01257	0.01669	0.01051	0.00603	0.00665	0.00201	0.00804	0.00598	0.00330	0.01041
74	0.01605	0.01355	0.01446	0.01295	0.01653	0.01540	0.01008	0.06496	0.57836	0.02832	0.10446	0.02862	0.04699	0.00981	0.00698	0.00224	0.00511	0.00822	0.00686	0.01003
75	0.01081	0.00772	0.01081	0.01236	0.01390	0.00772	0.01081	0.01390	0.01545	0.02008	0.03553	0.07569	0.03862	0.01854	0.00927	0.00309	0.00618	0.67717	0.00618	0.00618
76	0.02438	0.01795	0.01929	0.01508	0.02022	0.01990	0.01236	0.58538	0.12837	0.06021	0.01802	0.01758	0.01286	0.00821	0.00673	0.00205	0.00704	0.00628	0.00678	0.01130
77	0.01292	0.01208	0.01982	0.70332	0.04446	0.01502	0.01815	0.01827	0.05586	0.01781	0.01286	0.01832	0.00965	0.00685	0.00672	0.00224	0.00872	0.00606	0.00322	0.00765
78	0.01267	0.01193	0.02013	0.74806	0.04621	0.01491	0.01863	0.01714	0.01342	0.01714	0.01193	0.01789	0.00894	0.00671	0.00671	0.00224	0.00894	0.00596	0.00298	0.00745
79	0.00818	0.00584	0.00779	0.00934	0.00973	0.00545	0.00623	0.00934	0.01285	0.01713	0.03698	0.75981	0.04438	0.02102	0.00856	0.00273	0.00389	0.01908	0.00623	0.00545
80	0.00910	0.00684	0.00842	0.00803	0.00978	0.00616	0.00602	0.01189	0.01806	0.02468	0.55396	0.05378	0.22953	0.01455	0.00792	0.00215	0.00322	0.01265	0.00709	0.00616
81	0.03010	0.01142	0.01557	0.01194	0.01713	0.00986	0.00986	0.03270	0.01920	0.72698	0.02647	0.02284	0.01661	0.00830	0.00675	0.00208	0.00571	0.00675	0.00830	0.01142
82	0.02506	0.03198	0.01901	0.01729	0.02074	0.73725	0.01296	0.02679	0.01901	0.01642	0.01037	0.01210	0.00864	0.00691	0.00605	0.00173	0.01210	0.00432	0.00346	0.00778
83	0.01661	0.01594	0.02724	0.04119	0.72233	0.01594	0.02059	0.02059	0.01528	0.02192	0.01262	0.01661	0.01063	0.00598	0.00664	0.00199	0.00797	0.00598	0.00332	0.01063
84	0.01030	0.00662	0.00761	0.00760	0.00779	0.00654	0.00440	0.01046	0.01027	0.03608	0.02238	0.09156	0.02549	0.68990	0.03155	0.00611	0.00630	0.01029	0.00435	0.00439
85	0.00794	0.00677	0.00683	0.00687	0.00908	0.00566	0.00513	0.00962	0.01522	0.01810	0.06707	0.08484	0.69992	0.01711	0.00795	0.00228	0.00341	0.01430	0.00623	0.00566
86	0.02551	0.01879	0.02014	0.01544	0.02081	0.02081	0.01275	0.69996	0.03155	0.04229	0.01611	0.01611	0.01141	0.00805	0.00671	0.00201	0.00738	0.00604	0.00671	0.01141
87	0.00959	0.00719	0.01078	0.01078	0.01198	0.00839	0.00839	0.01198	0.01078	0.01558	0.01797	0.02636	0.01677	0.05032	0.73760	0.01078	0.01797	0.00719	0.00359	0.00599
88	0.03010	0.01142	0.01557	0.01194	0.01713	0.00986	0.00986	0.03270	0.01920	0.72698	0.02647	0.02284	0.01661	0.00830	0.00675	0.00208	0.00571	0.00675	0.00830	0.01142
89	0.00793	0.00680	0.00680	0.00680	0.00906	0.00566	0.00510	0.00963	0.01529	0.01813	0.06797	0.06457	0.71961	0.01699	0.00793	0.00227	0.00340	0.01416	0.00623	0.00566
90	0.00793	0.00680	0.00680	0.00680	0.00906	0.00566	0.00510	0.00963	0.01529	0.01813	0.06797	0.06457	0.71961	0.01699	0.00793	0.00227	0.00340	0.01416	0.00623	0.00566
91	0.09578	0.01155	0.01509	0.01168	0.01678	0.01030	0.00964	0.03161	0.01855	0.66841	0.02503	0.02183	0.01582	0.00813	0.00653	0.00208	0.00567	0.00649	0.00796	0.01107
92	0.00950	0.00686	0.00897	0.00844	0.01002	0.00633	0.00633	0.01266	0.01899	0.02691	0.71879	0.05012	0.06331	0.01372	0.00791	0.00211	0.00317	0.01213	0.00739	0.00633
93	0.00818	0.00584	0.00779	0.00934	0.00973	0.00545	0.00623	0.00934	0.01285	0.01713	0.03698	0.75981	0.04438	0.02102	0.00856	0.00273	0.00389	0.01908	0.00623	0.00545
94	0.00803	0.00680	0.00694	0.00691	0.00913	0.00571	0.00518	0.00983	0.01554	0.01870	0.11069	0.06363	0.67654	0.01678	0.00793	0.00226	0.00338	0.01403	0.00631	0.00571
95	0.00820	0.00593	0.00776	0.00915	0.00970	0.00549	0.00616	0.00946	0.01319	0.01749	0.05984	0.69369	0.08807	0.02054	0.00850	0.00268	0.00384	0.01855	0.00626	0.00549
96	0.00818	0.00584	0.00779	0.00934	0.00973	0.00545	0.00623	0.00934	0.01285	0.01713	0.03698	0.75981	0.04438	0.02102	0.00856	0.00273	0.00389	0.01908	0.00623	0.00545
97	0.00793	0.00680	0.00680	0.00680	0.00906	0.00566	0.00510	0.00963	0.01529	0.01813	0.06797	0.06457	0.71961	0.01699	0.00793	0.00227	0.00340	0.01416	0.00623	0.00566
98	0.00817	0.00587	0.00775	0.00926	0.00971	0.00546	0.00619	0.00935	0.01292	0.01716	0.03797	0.73762	0.06593	0.02089	0.00854	0.00271	0.00388	0.01892	0.00623	0.00546
99	0.00835	0.00597	0.00799	0.00955	0.01002	0.00560	0.00654	0.00965	0.01302	0.01733	0.03688	0.71324	0.04399	0.02085	0.00861	0.00275	0.00405	0.06388	0.00623	0.00550
100	0.00950	0.00686	0.00897	0.00844	0.01002	0.00633	0.00633	0.01266	0.01899	0.02691	0.71879	0.05012	0.06331	0.01372	0.00791	0.00211	0.00317	0.01213	0.00739	0.00633
101	0.00814	0.00598	0.00764	0.00898	0.00964	0.00548	0.00607	0.00938	0.01319	0.01727	0.04140	0.66081	0.14053	0.02045	0.00847	0.00266	0.00382	0.01838	0.00623	0.00548
102	0.00972	0.00666	0.00813	0.00813	0.00841	0.00694	0.00507	0.01028	0.01000	0.01361	0.02040	0.03982	0.02262	0.59776	0.19815	0.00750	0.00918	0.00916	0.00396	0.00451
103	0.02637	0.01741	0.01928	0.01478	0.02012	0.01875	0.01221	0.57478	0.02923	0.17073	0.01805	0.01737	0.01239	0.00810	0.00672	0.00203	0.00707	0.00617	0.00701	0.01141
104	0.01661	0.01594	0.02724	0.04119	0.72233	0.01594	0.02059	0.02059	0.01528	0.02192	0.01262	0.01661	0.01063	0.00598	0.00664	0.00199	0.00797	0.00598	0.00332	0.01063
105	0.00976	0.00651	0.00732	0.00732	0.00732	0.00651	0.00407	0.00976	0.00976	0.01301	0.02114	0.04391	0.02439	0.76419	0.03415	0.00651	0.00651	0.00976	0.00407	0.00407
106	0.01572	0.01547	0.02416	0.23859	0.42689	0.05158	0.01908	0.01948	0.01444	0.01973	0.01194	0.01656	0.00987	0.00679	0.00813	0.00214	0.08106	0.00588	0.00319	0.00927

[dist]
# distance from previous block
# <min> <max>
0	1

# created by:
# /home/berkeley/.conda/envs/busco_data_prod/bin/msa2prfl.pl pipeline/OGs_align_augustus/4893/5794.fs
