[name]
unknown

[dist]
# distance from previous block
# <min> <max>
0	55

[block]
# block no. 0 follows, 29 sequences, length 20
# corresponding to MSA columns:
# 55-74
name=unknown_A
#
# <colnr> <probs for GDERKNQSTAVLIFYWHMCP>
#	G	D	E	R	K	N	Q	S	T	A	V	L	I	F	Y	W	H	M	C	P
0	0.05998	0.01399	0.01590	0.01372	0.01751	0.01527	0.01113	0.26100	0.12465	0.08923	0.02336	0.03223	0.02004	0.06370	0.09885	0.00384	0.00837	0.11111	0.00646	0.00965
1	0.02109	0.01707	0.01759	0.01453	0.01899	0.05802	0.01159	0.32194	0.22509	0.03543	0.13098	0.02542	0.02366	0.00967	0.00726	0.00218	0.00666	0.00776	0.00698	0.03810
2	0.00960	0.00659	0.00799	0.00873	0.00892	0.00640	0.00534	0.01016	0.01183	0.01577	0.02998	0.35993	0.03540	0.42344	0.02406	0.00510	0.00566	0.01479	0.00534	0.00497
3	0.05086	0.06828	0.09176	0.05452	0.12512	0.09829	0.12616	0.16291	0.02044	0.11059	0.01542	0.01723	0.01134	0.00723	0.00695	0.00214	0.00920	0.00624	0.00489	0.01044
4	0.01600	0.01536	0.02301	0.44157	0.18924	0.05307	0.01922	0.05718	0.01579	0.02071	0.01271	0.01797	0.01001	0.00749	0.00845	0.00234	0.07124	0.00624	0.00349	0.00890
5	0.01146	0.00626	0.00894	0.00926	0.00934	0.00618	0.00609	0.00950	0.01022	0.01363	0.01852	0.16383	0.02037	0.09344	0.02501	0.56519	0.00586	0.00930	0.00389	0.00373
6	0.01669	0.01588	0.02696	0.11061	0.59983	0.01617	0.02077	0.02080	0.01587	0.02246	0.01481	0.05955	0.01316	0.00734	0.00717	0.00219	0.00831	0.00714	0.00367	0.01063
7	0.01762	0.01692	0.02890	0.04371	0.70533	0.01692	0.02185	0.02185	0.01621	0.02326	0.01339	0.01762	0.01128	0.00634	0.00705	0.00211	0.00846	0.00634	0.00352	0.01128
8	0.01690	0.00942	0.01152	0.01014	0.01288	0.00893	0.00760	0.02091	0.09488	0.21275	0.18496	0.04199	0.13481	0.15538	0.01402	0.03235	0.00520	0.01033	0.00700	0.00803
9	0.01609	0.27534	0.42930	0.01841	0.02717	0.02056	0.07755	0.02216	0.01500	0.02063	0.01195	0.01418	0.00921	0.00647	0.00617	0.00202	0.00968	0.00504	0.00307	0.00998
10	0.00868	0.00620	0.00826	0.00991	0.01033	0.00578	0.00661	0.00991	0.01363	0.01818	0.03925	0.74510	0.04710	0.02231	0.00909	0.00289	0.00413	0.02024	0.00661	0.00578
11	0.01106	0.00746	0.00930	0.00957	0.01104	0.00698	0.00687	0.01277	0.01536	0.07826	0.11679	0.37398	0.21749	0.04945	0.01034	0.00281	0.03123	0.01602	0.00671	0.00650
12	0.01750	0.61026	0.03362	0.01289	0.01827	0.02454	0.04939	0.01985	0.01449	0.01729	0.01416	0.11191	0.01441	0.00830	0.00540	0.00176	0.00739	0.00631	0.00356	0.00871
13	0.00868	0.00620	0.00826	0.00991	0.01033	0.00578	0.00661	0.00991	0.01363	0.01818	0.03925	0.74510	0.04710	0.02231	0.00909	0.00289	0.00413	0.02024	0.00661	0.00578
14	0.02815	0.01198	0.01561	0.01238	0.01735	0.01083	0.01018	0.06886	0.04119	0.55204	0.03056	0.02921	0.06272	0.00986	0.00727	0.00224	0.00591	0.03501	0.03739	0.01126
15	0.01995	0.32401	0.23046	0.01644	0.02310	0.23592	0.01681	0.02385	0.01637	0.01866	0.01108	0.01292	0.00911	0.00667	0.00578	0.00183	0.01006	0.00447	0.00322	0.00928
16	0.01736	0.01664	0.02842	0.08800	0.66313	0.01685	0.02172	0.02162	0.01609	0.02294	0.01335	0.01771	0.01116	0.00639	0.00705	0.00213	0.00853	0.00634	0.00350	0.01106
17	0.00868	0.00620	0.00826	0.00991	0.01033	0.00578	0.00661	0.00991	0.01363	0.01818	0.03925	0.74510	0.04710	0.02231	0.00909	0.00289	0.00413	0.02024	0.00661	0.00578
18	0.09241	0.12075	0.11944	0.04955	0.37094	0.06372	0.01901	0.02196	0.01546	0.02240	0.01220	0.01552	0.01010	0.00667	0.00690	0.00208	0.03180	0.00550	0.00346	0.01015
19	0.00868	0.00675	0.00789	0.00860	0.01003	0.00597	0.00607	0.01036	0.01538	0.01955	0.11105	0.37623	0.34869	0.01969	0.00872	0.00261	0.00383	0.01723	0.00672	0.00597

[dist]
# distance from previous block
# <min> <max>
0	1

[block]
# block no. 1 follows, 29 sequences, length 27
# corresponding to MSA columns:
# 77-103
name=unknown_B
#
# <colnr> <probs for GDERKNQSTAVLIFYWHMCP>
#	G	D	E	R	K	N	Q	S	T	A	V	L	I	F	Y	W	H	M	C	P
0	0.14586	0.21499	0.02409	0.01814	0.11430	0.09084	0.01338	0.07529	0.01564	0.02258	0.01174	0.01495	0.01019	0.01140	0.06606	0.00286	0.12980	0.00517	0.00381	0.00892
1	0.01002	0.00765	0.00948	0.00912	0.01049	0.00754	0.00665	0.01224	0.01641	0.02236	0.34817	0.08864	0.18928	0.14003	0.04500	0.00354	0.04806	0.01268	0.00647	0.00616
2	0.04752	0.01543	0.01720	0.01295	0.01882	0.01475	0.01053	0.26138	0.05386	0.07680	0.01596	0.01668	0.01201	0.00695	0.00613	0.00163	0.00628	0.00538	0.00573	0.39399
3	0.04846	0.02034	0.02230	0.01807	0.02270	0.19324	0.13314	0.10914	0.13949	0.12167	0.01832	0.01946	0.01369	0.01061	0.04768	0.00273	0.03693	0.00669	0.00545	0.00991
4	0.02319	0.01914	0.02190	0.02038	0.11741	0.10194	0.05122	0.35383	0.02500	0.06888	0.01654	0.01857	0.01260	0.01376	0.09940	0.00332	0.01011	0.00649	0.00567	0.01065
5	0.02126	0.01460	0.01546	0.01314	0.01700	0.07172	0.01032	0.19580	0.09755	0.18061	0.11015	0.12913	0.06833	0.01188	0.00760	0.00229	0.00629	0.00987	0.00721	0.00978
6	0.01863	0.01900	0.02305	0.14425	0.31062	0.14738	0.01753	0.02623	0.17550	0.02289	0.01649	0.01906	0.01305	0.00743	0.00699	0.00218	0.00878	0.00642	0.00437	0.01017
7	0.01762	0.01692	0.02890	0.04371	0.70533	0.01692	0.02185	0.02185	0.01621	0.02326	0.01339	0.01762	0.01128	0.00634	0.00705	0.00211	0.00846	0.00634	0.00352	0.01128
8	0.02186	0.08930	0.02058	0.01463	0.01983	0.11715	0.04657	0.15508	0.05785	0.13045	0.01688	0.01797	0.01279	0.01079	0.06092	0.00254	0.00865	0.00581	0.00541	0.18494
9	0.01975	0.21105	0.13695	0.01951	0.14475	0.01817	0.01548	0.02626	0.12074	0.15162	0.05394	0.02008	0.01611	0.00776	0.00648	0.00205	0.00742	0.00627	0.00511	0.01051
10	0.00921	0.00683	0.00870	0.00981	0.01094	0.00631	0.00718	0.01109	0.01520	0.01986	0.10654	0.43757	0.17839	0.02031	0.00901	0.00280	0.00435	0.12312	0.00671	0.00604
11	0.01195	0.00782	0.00915	0.00856	0.01105	0.00679	0.00651	0.01431	0.01782	0.11074	0.25367	0.08859	0.39467	0.01600	0.00828	0.00235	0.00387	0.01361	0.00726	0.00700
12	0.01791	0.22695	0.24014	0.01595	0.02246	0.01832	0.05318	0.04473	0.04563	0.10546	0.04093	0.07771	0.01605	0.00874	0.00719	0.00214	0.03524	0.00697	0.00455	0.00974
13	0.01438	0.01055	0.01373	0.01589	0.12540	0.02818	0.01009	0.01824	0.07318	0.10032	0.09528	0.19849	0.13770	0.05669	0.04403	0.00313	0.00621	0.03432	0.00619	0.00803
14	0.00863	0.00704	0.00763	0.00786	0.00985	0.00604	0.00575	0.01050	0.01618	0.02001	0.13119	0.18472	0.52300	0.01842	0.00853	0.00247	0.00367	0.01571	0.00674	0.00604
15	0.01460	0.14710	0.42589	0.01875	0.02678	0.01715	0.10079	0.02067	0.01497	0.02105	0.01610	0.11398	0.01442	0.00867	0.00692	0.00224	0.00936	0.00744	0.00357	0.00954
16	0.01950	0.26104	0.18947	0.01746	0.06408	0.09527	0.01626	0.11052	0.03782	0.04526	0.01428	0.04649	0.01195	0.00785	0.00679	0.00201	0.03417	0.00577	0.00414	0.00987
17	0.01407	0.04769	0.01914	0.01596	0.01658	0.01800	0.01313	0.01585	0.01119	0.01680	0.01255	0.02011	0.01235	0.05778	0.20703	0.00541	0.47900	0.00668	0.00335	0.00731
18	0.00868	0.00620	0.00826	0.00991	0.01033	0.00578	0.00661	0.00991	0.01363	0.01818	0.03925	0.74510	0.04710	0.02231	0.00909	0.00289	0.00413	0.02024	0.00661	0.00578
19	0.01806	0.02345	0.15767	0.06376	0.13852	0.19834	0.03827	0.05238	0.05718	0.02215	0.05240	0.02088	0.03472	0.01235	0.07623	0.00303	0.01060	0.00657	0.00417	0.00925
20	0.08326	0.04713	0.09546	0.06140	0.05367	0.07900	0.01423	0.17761	0.05035	0.06854	0.08441	0.04443	0.01799	0.00931	0.00852	0.00227	0.08046	0.00701	0.00533	0.00961
21	0.00916	0.00669	0.00918	0.04409	0.01256	0.00648	0.00768	0.01076	0.01392	0.01847	0.03786	0.64889	0.04476	0.02135	0.00907	0.00290	0.00461	0.07919	0.00644	0.00596
22	0.10860	0.18408	0.21084	0.02071	0.15026	0.06979	0.01733	0.06468	0.04672	0.02389	0.01280	0.01481	0.01014	0.00676	0.00604	0.00200	0.00854	0.00510	0.00381	0.03309
23	0.07823	0.02423	0.29902	0.02467	0.22087	0.01649	0.02004	0.09451	0.04010	0.05054	0.05281	0.01857	0.01388	0.00743	0.00682	0.00220	0.00853	0.00617	0.00433	0.01056
24	0.01536	0.01264	0.01516	0.04675	0.01853	0.00985	0.00908	0.01858	0.01495	0.04918	0.01325	0.01534	0.01076	0.00550	0.00544	0.00116	0.00551	0.00444	0.00434	0.72418
25	0.00897	0.00643	0.00853	0.00971	0.01039	0.00598	0.00663	0.01066	0.01502	0.02038	0.17962	0.59846	0.05135	0.02067	0.00894	0.00275	0.00397	0.01868	0.00687	0.00598
26	0.01874	0.68500	0.03504	0.01229	0.01797	0.05310	0.01193	0.02095	0.01464	0.01686	0.01158	0.05252	0.01126	0.00705	0.00489	0.00161	0.00762	0.00476	0.00327	0.00892

[dist]
# distance from previous block
# <min> <max>
1	2

[block]
# block no. 2 follows, 29 sequences, length 23
# corresponding to MSA columns:
# 106-128
name=unknown_C
#
# <colnr> <probs for GDERKNQSTAVLIFYWHMCP>
#	G	D	E	R	K	N	Q	S	T	A	V	L	I	F	Y	W	H	M	C	P
0	0.01280	0.09726	0.01638	0.01301	0.03332	0.03281	0.03244	0.01566	0.03784	0.02077	0.17436	0.13550	0.13400	0.05576	0.01198	0.00271	0.12399	0.03670	0.00551	0.00722
1	0.01645	0.25038	0.48130	0.01755	0.02653	0.01976	0.02141	0.02270	0.01509	0.04988	0.01256	0.01434	0.00942	0.00665	0.00612	0.00203	0.00946	0.00491	0.00326	0.01018
2	0.01025	0.00733	0.00992	0.00992	0.01067	0.00808	0.00701	0.01174	0.01099	0.01541	0.02046	0.03567	0.02114	0.34103	0.43848	0.00957	0.01405	0.00876	0.00402	0.00551
3	0.01477	0.01266	0.01477	0.01055	0.01687	0.00949	0.00844	0.01793	0.01477	0.02320	0.01266	0.01477	0.01055	0.00527	0.00527	0.00105	0.00527	0.00422	0.00422	0.79328
4	0.01428	0.03683	0.71286	0.02030	0.03082	0.01654	0.02631	0.02255	0.01503	0.02255	0.01278	0.01503	0.00902	0.00677	0.00677	0.00226	0.01052	0.00526	0.00301	0.01052
5	0.00868	0.00620	0.00826	0.00991	0.01033	0.00578	0.00661	0.00991	0.01363	0.01818	0.03925	0.74510	0.04710	0.02231	0.00909	0.00289	0.00413	0.02024	0.00661	0.00578
6	0.08401	0.01694	0.05319	0.06938	0.29897	0.01631	0.12470	0.06013	0.05565	0.12637	0.01645	0.01881	0.01229	0.00704	0.00708	0.00222	0.00839	0.00665	0.00475	0.01066
7	0.05747	0.09858	0.11510	0.01559	0.02113	0.01809	0.05118	0.20871	0.15422	0.07915	0.02065	0.09308	0.01697	0.00945	0.00697	0.00224	0.00736	0.00776	0.00589	0.01041
8	0.01026	0.00729	0.00975	0.00975	0.01044	0.00798	0.00679	0.01163	0.01094	0.01528	0.02062	0.03655	0.02153	0.37409	0.40594	0.00935	0.01347	0.00888	0.00404	0.00542
9	0.01019	0.00755	0.01105	0.01105	0.01218	0.00868	0.00840	0.01246	0.01133	0.01623	0.01944	0.02999	0.01868	0.12888	0.64725	0.01095	0.01775	0.00792	0.00387	0.00614
10	0.06045	0.25733	0.36845	0.01784	0.05719	0.01969	0.04110	0.02173	0.01480	0.02152	0.01236	0.01458	0.00964	0.00658	0.00591	0.00199	0.00889	0.00496	0.04525	0.00973
11	0.05504	0.05351	0.09773	0.01503	0.02063	0.05821	0.01337	0.34954	0.02490	0.13583	0.01994	0.02107	0.04235	0.05050	0.00853	0.00240	0.00782	0.00666	0.00624	0.01070
12	0.01523	0.05074	0.01462	0.01323	0.04620	0.01218	0.00987	0.11586	0.10652	0.06267	0.11314	0.18795	0.10282	0.01602	0.03844	0.00284	0.00607	0.07058	0.00658	0.00843
13	0.09373	0.05409	0.08020	0.01457	0.05656	0.01315	0.04183	0.04583	0.07920	0.17334	0.13041	0.02940	0.07924	0.03474	0.00798	0.00233	0.00630	0.00808	0.00613	0.04287
14	0.05964	0.04690	0.13842	0.01602	0.06590	0.01243	0.06937	0.01952	0.03879	0.08461	0.14495	0.04976	0.02412	0.04448	0.04831	0.06754	0.00766	0.00800	0.00503	0.04854
15	0.01840	0.18352	0.13400	0.01664	0.07441	0.05522	0.01433	0.19323	0.02028	0.02641	0.04506	0.08946	0.08019	0.00985	0.00680	0.00210	0.00764	0.00787	0.00501	0.00958
16	0.06478	0.10144	0.10046	0.01817	0.05379	0.03897	0.09189	0.21173	0.04050	0.04885	0.04959	0.01816	0.01387	0.00802	0.00804	0.00214	0.06621	0.00630	0.00500	0.05210
17	0.06031	0.13027	0.16822	0.01674	0.05774	0.01809	0.04129	0.19462	0.04637	0.02767	0.04103	0.02171	0.04551	0.04865	0.04905	0.00289	0.00861	0.00667	0.00484	0.00972
18	0.01658	0.16008	0.25539	0.03739	0.11970	0.03588	0.01810	0.05777	0.07488	0.02279	0.01534	0.01939	0.01259	0.01010	0.04742	0.00261	0.00923	0.03337	0.00395	0.04744
19	0.01930	0.20477	0.17556	0.01684	0.04929	0.10852	0.01562	0.10103	0.15181	0.02453	0.01557	0.01648	0.01212	0.00735	0.00624	0.00197	0.00844	0.00549	0.00450	0.05458
20	0.01831	0.27501	0.18309	0.05330	0.05960	0.06061	0.01602	0.12152	0.01807	0.02350	0.03746	0.05056	0.01357	0.00780	0.00620	0.00195	0.00836	0.00596	0.00410	0.03503
21	0.17757	0.06866	0.05575	0.10223	0.05423	0.03991	0.01257	0.13881	0.01904	0.12096	0.07352	0.02325	0.06730	0.00878	0.00655	0.00217	0.00699	0.00683	0.00553	0.00935
22	0.02103	0.13139	0.16547	0.01580	0.02173	0.12480	0.01499	0.14982	0.12808	0.08518	0.05904	0.01952	0.01597	0.00820	0.00667	0.00208	0.00834	0.00624	0.00535	0.01030

[dist]
# distance from previous block
# <min> <max>
2	113

[block]
# block no. 3 follows, 29 sequences, length 20
# corresponding to MSA columns:
# 242-261
name=unknown_D
#
# <colnr> <probs for GDERKNQSTAVLIFYWHMCP>
#	G	D	E	R	K	N	Q	S	T	A	V	L	I	F	Y	W	H	M	C	P
0	0.01810	0.14522	0.21601	0.04959	0.04164	0.01563	0.01544	0.05427	0.04247	0.14513	0.02047	0.14380	0.01797	0.00987	0.00688	0.00220	0.00753	0.00817	0.00510	0.03451
1	0.09680	0.04193	0.05709	0.01465	0.01994	0.12363	0.05633	0.09071	0.10164	0.07351	0.06273	0.01932	0.01583	0.00763	0.00641	0.00190	0.00751	0.00605	0.00524	0.19116
2	0.05617	0.07306	0.17291	0.01517	0.02079	0.06764	0.04931	0.06162	0.07301	0.11575	0.05926	0.11581	0.01994	0.00974	0.00697	0.00218	0.00757	0.00811	0.00536	0.05963
3	0.24999	0.11428	0.08218	0.01541	0.07288	0.08982	0.01242	0.08220	0.06555	0.02656	0.03526	0.05213	0.03113	0.00823	0.00599	0.00208	0.00727	0.00613	0.00466	0.03582
4	0.01988	0.05720	0.19152	0.01720	0.05641	0.04168	0.01570	0.21853	0.10140	0.06913	0.04720	0.05438	0.01646	0.00872	0.00694	0.00214	0.00782	0.00699	0.00556	0.05514
5	0.01837	0.04622	0.10317	0.03868	0.02035	0.10471	0.01270	0.11467	0.14347	0.04910	0.04961	0.02362	0.05507	0.04437	0.00814	0.00221	0.00747	0.00684	0.00533	0.14589
6	0.11213	0.09842	0.06466	0.01545	0.07721	0.06790	0.01202	0.08608	0.03737	0.15400	0.08057	0.04938	0.01912	0.04818	0.00810	0.00232	0.00702	0.00701	0.00558	0.04745
7	0.04872	0.04344	0.04481	0.02083	0.16038	0.07477	0.07390	0.07916	0.08286	0.09182	0.02047	0.11113	0.01805	0.04663	0.00857	0.00246	0.00763	0.00836	0.04654	0.00950
8	0.01976	0.16399	0.02481	0.04188	0.14265	0.12172	0.06788	0.02519	0.11134	0.09537	0.01828	0.07783	0.01553	0.00845	0.00672	0.00207	0.00814	0.00715	0.00482	0.03641
9	0.09101	0.05067	0.01540	0.01344	0.01575	0.31624	0.01000	0.01931	0.01458	0.01677	0.01183	0.01685	0.01074	0.01641	0.05488	0.30141	0.00978	0.00526	0.00350	0.00618
10	0.01067	0.00752	0.00919	0.00911	0.00966	0.00799	0.00592	0.01238	0.04494	0.01535	0.02185	0.04050	0.02347	0.52212	0.22219	0.00792	0.01017	0.00949	0.00433	0.00522
11	0.02682	0.02742	0.02073	0.01743	0.02205	0.39561	0.01365	0.33260	0.02637	0.03021	0.01384	0.01482	0.01054	0.00790	0.00675	0.00198	0.01051	0.00544	0.00528	0.01005
12	0.01933	0.07035	0.02229	0.02443	0.23778	0.20812	0.01512	0.05651	0.08520	0.02195	0.01748	0.11379	0.01632	0.00952	0.00793	0.00219	0.05007	0.00772	0.00447	0.00942
13	0.00876	0.00626	0.00833	0.00986	0.01035	0.00584	0.00662	0.01012	0.01401	0.01878	0.07746	0.70518	0.04826	0.02186	0.00905	0.00285	0.00409	0.01982	0.00668	0.00584
14	0.01852	0.34276	0.02793	0.11006	0.06192	0.15549	0.03216	0.02110	0.01514	0.01745	0.01192	0.01625	0.01074	0.05131	0.04274	0.00261	0.04485	0.00523	0.00334	0.00847
15	0.01024	0.00686	0.00780	0.00791	0.00794	0.00683	0.00447	0.01033	0.01058	0.01411	0.02358	0.09429	0.02734	0.70008	0.03439	0.00663	0.00671	0.01103	0.00447	0.00441
16	0.10346	0.09452	0.02314	0.01888	0.10460	0.01895	0.07370	0.27111	0.06886	0.06573	0.07279	0.02015	0.01659	0.00817	0.00679	0.00213	0.00742	0.00672	0.00579	0.01050
17	0.05021	0.07646	0.17490	0.11985	0.05041	0.14993	0.06235	0.09945	0.04975	0.07870	0.01471	0.01666	0.01090	0.00730	0.00672	0.00213	0.00956	0.00579	0.00439	0.00983
18	0.01558	0.15924	0.14112	0.01661	0.07607	0.10008	0.05205	0.03870	0.01682	0.02074	0.04778	0.03314	0.21166	0.01055	0.00705	0.00214	0.00778	0.02982	0.00457	0.00852
19	0.05684	0.10076	0.02098	0.12245	0.08819	0.07137	0.01359	0.14724	0.11636	0.04730	0.05418	0.02141	0.04051	0.00846	0.00711	0.00212	0.02630	0.00665	0.00520	0.04299

[dist]
# distance from previous block
# <min> <max>
0	15

[block]
# block no. 4 follows, 29 sequences, length 50
# corresponding to MSA columns:
# 283-332
name=unknown_E
#
# <colnr> <probs for GDERKNQSTAVLIFYWHMCP>
#	G	D	E	R	K	N	Q	S	T	A	V	L	I	F	Y	W	H	M	C	P
0	0.06706	0.07297	0.10130	0.01880	0.12161	0.04794	0.04009	0.02735	0.11327	0.21781	0.01961	0.02089	0.01455	0.04631	0.00821	0.00237	0.00752	0.00648	0.00559	0.04026
1	0.06593	0.08372	0.11400	0.01520	0.01987	0.13698	0.06147	0.10327	0.01816	0.05988	0.01942	0.12023	0.01783	0.02640	0.00752	0.00230	0.00814	0.03802	0.07291	0.00874
2	0.10383	0.01908	0.06220	0.03468	0.05768	0.04972	0.05452	0.30953	0.09004	0.03337	0.01865	0.01959	0.04404	0.00844	0.00741	0.00219	0.03247	0.00658	0.00568	0.04030
3	0.04879	0.06128	0.02386	0.07437	0.09133	0.01663	0.13109	0.14909	0.07754	0.02726	0.01605	0.04510	0.01305	0.00741	0.00674	0.00197	0.00774	0.00666	0.00481	0.18922
4	0.01034	0.00698	0.00813	0.00813	0.00826	0.00710	0.00477	0.01059	0.01046	0.01408	0.02210	0.04474	0.02508	0.68040	0.10450	0.00736	0.00812	0.01008	0.00426	0.00452
5	0.01921	0.01544	0.02469	0.07419	0.39448	0.01593	0.04380	0.08214	0.01754	0.11178	0.01601	0.01952	0.01262	0.01181	0.07891	0.00312	0.03708	0.00666	0.00452	0.01057
6	0.01036	0.00690	0.00777	0.00777	0.00777	0.00690	0.00431	0.01036	0.01036	0.01381	0.02244	0.04660	0.02589	0.74975	0.03624	0.00690	0.00690	0.01036	0.00431	0.00431
7	0.04593	0.08145	0.02397	0.11581	0.18876	0.32287	0.03750	0.02492	0.01767	0.05836	0.01274	0.01547	0.01020	0.00699	0.00656	0.00200	0.01032	0.00542	0.00383	0.00925
8	0.01005	0.00677	0.00786	0.00816	0.00823	0.00670	0.00473	0.01027	0.01095	0.01461	0.02551	0.17432	0.02977	0.61673	0.03128	0.00617	0.00640	0.01216	0.00473	0.00458
9	0.01713	0.06674	0.11816	0.02167	0.02584	0.09431	0.20455	0.02090	0.01431	0.01945	0.01143	0.01599	0.00969	0.00896	0.01403	0.00257	0.31580	0.00640	0.00329	0.00879
10	0.01648	0.09414	0.52318	0.01997	0.02900	0.11224	0.06365	0.02326	0.01579	0.02140	0.01240	0.01470	0.00916	0.00674	0.00664	0.00215	0.01069	0.00525	0.00314	0.01005
11	0.01096	0.00780	0.01045	0.04428	0.04265	0.00829	0.00771	0.01291	0.01240	0.01782	0.02462	0.07910	0.06350	0.24370	0.26366	0.00678	0.01043	0.00940	0.11752	0.00603
12	0.00924	0.00666	0.00835	0.00930	0.01006	0.00624	0.00634	0.01064	0.01410	0.01864	0.10054	0.43484	0.12273	0.15395	0.01395	0.00353	0.00465	0.05426	0.00630	0.00567
13	0.02153	0.11197	0.04785	0.01648	0.02161	0.08676	0.08237	0.26936	0.12653	0.03100	0.01738	0.01840	0.01318	0.00803	0.00706	0.00208	0.02502	0.00635	0.07671	0.01032
14	0.01904	0.75404	0.03731	0.01218	0.01828	0.02818	0.01218	0.02132	0.01447	0.01675	0.00990	0.01142	0.00914	0.00609	0.00457	0.00152	0.00761	0.00381	0.00305	0.00914
15	0.00918	0.00724	0.00828	0.00802	0.01009	0.00634	0.00601	0.01170	0.01804	0.02353	0.36229	0.06146	0.40961	0.01643	0.00841	0.00233	0.00349	0.01404	0.00718	0.00634
16	0.01452	0.01311	0.02354	0.06997	0.10189	0.01244	0.23286	0.01869	0.01752	0.06214	0.20479	0.03507	0.12266	0.01020	0.00802	0.00228	0.00747	0.00996	0.00541	0.02746
17	0.10099	0.14673	0.09679	0.01328	0.01764	0.13004	0.01192	0.06120	0.03663	0.04199	0.05649	0.02135	0.04465	0.01500	0.09673	0.05709	0.00926	0.00622	0.02776	0.00822
18	0.04633	0.02039	0.02381	0.12293	0.21771	0.18134	0.06413	0.08415	0.08540	0.02375	0.01436	0.01734	0.01140	0.00753	0.00784	0.00219	0.04923	0.00617	0.00422	0.00976
19	0.01738	0.01222	0.01384	0.01226	0.01584	0.01297	0.00956	0.02922	0.37016	0.13704	0.18083	0.03623	0.09895	0.01144	0.00760	0.00234	0.00500	0.00966	0.00756	0.00988
20	0.01770	0.01420	0.02404	0.10813	0.15865	0.01438	0.16399	0.05636	0.05269	0.11152	0.03846	0.04321	0.01738	0.02912	0.05290	0.02680	0.00907	0.04703	0.00497	0.00940
21	0.01585	0.09628	0.26927	0.11424	0.14675	0.01709	0.04881	0.07923	0.01693	0.02318	0.01945	0.02178	0.08475	0.00801	0.00692	0.00218	0.00882	0.00674	0.00390	0.00979
22	0.01445	0.00825	0.01032	0.00982	0.01190	0.00777	0.00722	0.01703	0.05489	0.14962	0.10290	0.19848	0.14795	0.06524	0.03980	0.08179	0.00534	0.01219	0.04791	0.00713
23	0.02660	0.03394	0.02018	0.01834	0.02201	0.72116	0.01376	0.02843	0.02018	0.01743	0.01101	0.01284	0.00917	0.00734	0.00642	0.00183	0.01284	0.00459	0.00367	0.00825
24	0.01462	0.07824	0.61045	0.05731	0.03125	0.01726	0.04998	0.02226	0.01503	0.02198	0.01266	0.01518	0.00912	0.00671	0.00671	0.00222	0.01035	0.00535	0.00304	0.01027
25	0.02433	0.05591	0.02022	0.07674	0.02310	0.34617	0.01345	0.15959	0.06336	0.08579	0.01539	0.01682	0.01178	0.01019	0.04394	0.00250	0.01059	0.00567	0.00499	0.00948
26	0.01117	0.00782	0.00952	0.00916	0.01120	0.00720	0.00683	0.01466	0.05328	0.06594	0.36963	0.15396	0.22087	0.01596	0.00837	0.00238	0.00382	0.01389	0.00738	0.00697
27	0.01686	0.01907	0.04121	0.03085	0.07832	0.01794	0.63902	0.02275	0.01677	0.02284	0.01434	0.01911	0.01083	0.00602	0.00832	0.00238	0.01179	0.00828	0.00360	0.00971
28	0.01822	0.63103	0.15317	0.01358	0.02043	0.02618	0.01461	0.02153	0.01457	0.01775	0.01039	0.01204	0.00912	0.00621	0.00495	0.00165	0.00811	0.00406	0.00304	0.00938
29	0.01636	0.01046	0.01276	0.01146	0.01392	0.01118	0.00874	0.11081	0.08373	0.11069	0.02254	0.03144	0.01990	0.18905	0.23300	0.00610	0.01026	0.02692	0.06272	0.00795
30	0.00883	0.00626	0.00822	0.00972	0.01010	0.00589	0.00640	0.00995	0.01334	0.01778	0.03772	0.68169	0.04517	0.08835	0.01155	0.00326	0.00438	0.01935	0.00640	0.00565
31	0.02733	0.01953	0.02111	0.01619	0.02188	0.02147	0.01337	0.64742	0.03279	0.08002	0.01768	0.01747	0.01240	0.00856	0.00713	0.00214	0.00774	0.00645	0.00721	0.01211
32	0.01926	0.08402	0.01886	0.01457	0.01904	0.01934	0.01170	0.13437	0.52968	0.03089	0.02541	0.02373	0.01911	0.00916	0.00698	0.00229	0.00615	0.00741	0.00684	0.01120
33	0.00915	0.00738	0.00820	0.00860	0.01043	0.00668	0.00621	0.01196	0.05648	0.02002	0.09194	0.27920	0.42090	0.01870	0.00856	0.00255	0.00388	0.01614	0.00671	0.00629
34	0.01866	0.01604	0.05699	0.01715	0.06218	0.01472	0.09109	0.16792	0.01950	0.08599	0.02069	0.02232	0.07455	0.01027	0.03884	0.00239	0.05750	0.00691	0.00521	0.21107
35	0.02534	0.01530	0.01760	0.01430	0.01930	0.01615	0.01155	0.20028	0.27691	0.28481	0.02563	0.02330	0.01777	0.00907	0.00718	0.00227	0.00635	0.00731	0.00779	0.01180
36	0.00956	0.00726	0.00880	0.00841	0.01032	0.00650	0.00631	0.01243	0.01893	0.02565	0.50517	0.05798	0.26541	0.01564	0.00840	0.00229	0.00344	0.01355	0.00746	0.00650
37	0.01849	0.40192	0.11332	0.01673	0.08809	0.02229	0.01455	0.04515	0.10359	0.05063	0.01458	0.01606	0.01190	0.00936	0.04349	0.00236	0.00834	0.00522	0.00406	0.00988
38	0.04961	0.01282	0.01754	0.01591	0.07492	0.01266	0.07666	0.06527	0.12135	0.21632	0.02932	0.03190	0.10930	0.12046	0.01170	0.00297	0.00667	0.00871	0.00637	0.00951
39	0.00872	0.00699	0.00781	0.00824	0.01006	0.00608	0.00603	0.01055	0.01589	0.01979	0.11318	0.24047	0.46161	0.01890	0.00863	0.00255	0.00382	0.03794	0.00671	0.00603
40	0.01026	0.00691	0.00796	0.00798	0.00816	0.00684	0.00465	0.01064	0.01147	0.01546	0.09080	0.07740	0.03092	0.64513	0.03230	0.00627	0.00643	0.01103	0.00476	0.00462
41	0.06113	0.01122	0.01527	0.01362	0.01614	0.01219	0.07015	0.09760	0.05745	0.02295	0.02545	0.13712	0.05853	0.07358	0.19963	0.00523	0.04798	0.06194	0.00523	0.00759
42	0.01958	0.01052	0.01290	0.01129	0.01469	0.00988	0.00875	0.11712	0.01947	0.26798	0.03879	0.24384	0.16594	0.01463	0.00798	0.00244	0.00525	0.01250	0.00747	0.00901
43	0.00909	0.00709	0.00825	0.00827	0.01011	0.00625	0.00609	0.01141	0.01736	0.02266	0.30904	0.16008	0.36419	0.01731	0.00851	0.00241	0.00359	0.01495	0.00708	0.00625
44	0.01428	0.03683	0.71286	0.02030	0.03082	0.01654	0.02631	0.02255	0.01503	0.02255	0.01278	0.01503	0.00902	0.00677	0.00677	0.00226	0.01052	0.00526	0.00301	0.01052
45	0.01557	0.00807	0.01017	0.00959	0.01121	0.00752	0.00658	0.01680	0.01421	0.19550	0.04805	0.22059	0.03020	0.32739	0.01999	0.00436	0.00576	0.01204	0.02953	0.00685
46	0.04294	0.00911	0.01108	0.01046	0.01233	0.00974	0.00785	0.09440	0.01534	0.02136	0.06991	0.07024	0.12471	0.15992	0.30110	0.00682	0.01104	0.00983	0.00513	0.00670
47	0.01034	0.00757	0.00972	0.00986	0.01049	0.00787	0.00689	0.01181	0.01369	0.01884	0.17054	0.21079	0.03890	0.28245	0.06280	0.00475	0.05873	0.05266	0.00562	0.00568
48	0.00945	0.00693	0.00899	0.00949	0.01047	0.00690	0.00668	0.01113	0.01360	0.01832	0.10792	0.28226	0.12638	0.14607	0.19615	0.00560	0.00826	0.01391	0.00566	0.00583
49	0.01171	0.00860	0.00996	0.00955	0.01177	0.00820	0.00721	0.05515	0.05877	0.04825	0.22734	0.13401	0.27543	0.05440	0.00982	0.00267	0.00440	0.04875	0.00697	0.00703

[dist]
# distance from previous block
# <min> <max>
0	1

[block]
# block no. 5 follows, 29 sequences, length 6
# corresponding to MSA columns:
# 334-339
name=unknown_F
#
# <colnr> <probs for GDERKNQSTAVLIFYWHMCP>
#	G	D	E	R	K	N	Q	S	T	A	V	L	I	F	Y	W	H	M	C	P
0	0.01741	0.01564	0.02256	0.22907	0.18109	0.08066	0.08524	0.05388	0.01730	0.06293	0.04923	0.02472	0.01611	0.00832	0.00728	0.00226	0.00865	0.05178	0.05680	0.00909
1	0.10484	0.07197	0.01930	0.01525	0.04751	0.14302	0.04295	0.05723	0.04988	0.02327	0.01341	0.01604	0.01113	0.01083	0.06845	0.00259	0.04350	0.00520	0.00422	0.24941
2	0.01111	0.00921	0.01133	0.01113	0.01216	0.01025	0.00816	0.01417	0.07960	0.01860	0.03645	0.28033	0.16799	0.13938	0.01602	0.00346	0.14485	0.01365	0.00562	0.00651
3	0.00954	0.00687	0.00803	0.00831	0.00915	0.00644	0.00541	0.01071	0.01381	0.01817	0.14129	0.20483	0.17744	0.32526	0.02023	0.00437	0.00507	0.01388	0.00584	0.00536
4	0.02128	0.06959	0.16113	0.02029	0.09868	0.06429	0.10067	0.05848	0.01777	0.20977	0.01843	0.04945	0.01414	0.03164	0.00850	0.00236	0.03104	0.00703	0.00517	0.01028
5	0.01721	0.01527	0.05071	0.04775	0.01740	0.12951	0.04182	0.04125	0.01597	0.11257	0.06899	0.07384	0.04622	0.24724	0.01716	0.00374	0.03167	0.00905	0.00517	0.00747

[dist]
# distance from previous block
# <min> <max>
2	33

[block]
# block no. 6 follows, 29 sequences, length 34
# corresponding to MSA columns:
# 373-406
name=unknown_G
#
# <colnr> <probs for GDERKNQSTAVLIFYWHMCP>
#	G	D	E	R	K	N	Q	S	T	A	V	L	I	F	Y	W	H	M	C	P
0	0.01559	0.06960	0.01930	0.09478	0.04627	0.01316	0.08520	0.01906	0.05950	0.09484	0.06603	0.08636	0.03627	0.01712	0.08841	0.11522	0.05210	0.00852	0.00486	0.00784
1	0.05610	0.01351	0.01773	0.11419	0.02215	0.04464	0.08722	0.12962	0.05823	0.04985	0.02419	0.11767	0.07247	0.06442	0.06628	0.03050	0.00840	0.00934	0.00526	0.00822
2	0.01699	0.28110	0.16824	0.01774	0.05260	0.10384	0.09484	0.02080	0.01549	0.01926	0.01601	0.13099	0.01549	0.00898	0.00653	0.00206	0.00884	0.00749	0.00377	0.00893
3	0.01226	0.00897	0.01012	0.00961	0.01125	0.00900	0.00673	0.11789	0.01634	0.02138	0.05644	0.17522	0.18242	0.27906	0.04794	0.00442	0.00619	0.01257	0.00580	0.00638
4	0.11633	0.00911	0.00970	0.00916	0.01153	0.00902	0.00678	0.06276	0.01600	0.08032	0.05814	0.16715	0.19797	0.11291	0.01116	0.00294	0.00486	0.01158	0.09558	0.00700
5	0.01839	0.01242	0.01438	0.01257	0.01581	0.01300	0.00969	0.22319	0.10629	0.10829	0.12631	0.22043	0.03192	0.04215	0.00899	0.00258	0.00567	0.01151	0.00719	0.00922
6	0.01525	0.01215	0.01331	0.01181	0.01529	0.03748	0.00895	0.09277	0.13115	0.05042	0.02915	0.26902	0.06810	0.01317	0.00742	0.00218	0.00544	0.01135	0.00617	0.19941
7	0.01012	0.00765	0.00880	0.00910	0.01094	0.00707	0.00659	0.01337	0.07024	0.04147	0.11268	0.30636	0.33286	0.01831	0.00852	0.00256	0.00401	0.01591	0.00684	0.00660
8	0.01658	0.01108	0.01304	0.01180	0.01462	0.01125	0.00898	0.19345	0.04859	0.10049	0.11550	0.30924	0.08506	0.01541	0.00815	0.00248	0.00525	0.01337	0.00716	0.00850
9	0.01248	0.00979	0.01074	0.01028	0.01212	0.01039	0.00721	0.01997	0.24604	0.02148	0.08555	0.10126	0.11233	0.28782	0.01844	0.00411	0.00555	0.01116	0.00607	0.00722
10	0.01237	0.00618	0.00928	0.00928	0.00928	0.00618	0.00618	0.00928	0.00928	0.01237	0.01237	0.02165	0.01237	0.02474	0.02783	0.79283	0.00618	0.00618	0.00309	0.00309
11	0.14908	0.00981	0.01107	0.01022	0.01267	0.00991	0.00756	0.07244	0.01617	0.12941	0.09937	0.20682	0.05466	0.12837	0.01281	0.03952	0.00540	0.01111	0.00623	0.00737
12	0.03638	0.01024	0.01190	0.01116	0.01368	0.01048	0.00833	0.07781	0.14813	0.09723	0.09785	0.25159	0.10254	0.04780	0.00999	0.03229	0.00506	0.01263	0.00684	0.00807
13	0.01163	0.00755	0.00911	0.00907	0.00975	0.00758	0.00584	0.01328	0.06532	0.03863	0.07180	0.14750	0.02950	0.40337	0.02577	0.11670	0.00601	0.01116	0.00511	0.00533
14	0.02153	0.01615	0.01692	0.01408	0.01788	0.07581	0.01110	0.34587	0.02373	0.08301	0.01937	0.05480	0.01646	0.10202	0.14377	0.00443	0.00995	0.00760	0.00600	0.00954
15	0.01153	0.00896	0.01221	0.14941	0.01827	0.00969	0.00944	0.01384	0.01469	0.04300	0.15391	0.10110	0.15505	0.15921	0.05096	0.00379	0.06188	0.01117	0.00539	0.00652
16	0.29220	0.01001	0.01019	0.00966	0.01256	0.01029	0.00742	0.01795	0.01459	0.12326	0.05416	0.19442	0.10451	0.05043	0.00832	0.00264	0.00500	0.03311	0.03186	0.00742
17	0.00896	0.00689	0.00823	0.00881	0.01030	0.00616	0.00637	0.01091	0.01601	0.02070	0.17771	0.31798	0.30932	0.01904	0.00872	0.00259	0.00388	0.04449	0.00684	0.00608
18	0.01477	0.01266	0.01477	0.01055	0.01687	0.00949	0.00844	0.01793	0.01477	0.02320	0.01266	0.01477	0.01055	0.00527	0.00527	0.00105	0.00527	0.00422	0.00422	0.79328
19	0.01936	0.01159	0.01379	0.01177	0.01538	0.01157	0.00936	0.13553	0.10369	0.19978	0.20178	0.06376	0.08977	0.01200	0.00766	0.00229	0.00524	0.03407	0.04218	0.00944
20	0.00942	0.00676	0.00809	0.00860	0.00936	0.00634	0.00563	0.01060	0.01379	0.01823	0.12904	0.29669	0.14736	0.27630	0.01843	0.00413	0.00492	0.01493	0.00597	0.00543
21	0.01172	0.00793	0.00969	0.00902	0.01098	0.00739	0.00665	0.01510	0.04918	0.07322	0.42580	0.05173	0.16663	0.10966	0.01186	0.00288	0.00416	0.01230	0.00721	0.00688
22	0.21724	0.01684	0.01772	0.01391	0.01925	0.01823	0.01149	0.38852	0.02559	0.17685	0.01757	0.01719	0.01215	0.00813	0.00647	0.00217	0.00691	0.00594	0.00680	0.01103
23	0.01017	0.00763	0.01144	0.01144	0.01272	0.00890	0.00890	0.01272	0.01144	0.01653	0.01907	0.02797	0.01780	0.05340	0.72153	0.01144	0.01907	0.00763	0.00381	0.00636
24	0.01017	0.00763	0.01144	0.01144	0.01272	0.00890	0.00890	0.01272	0.01144	0.01653	0.01907	0.02797	0.01780	0.05340	0.72153	0.01144	0.01907	0.00763	0.00381	0.00636
25	0.00942	0.00714	0.00797	0.00783	0.00933	0.00646	0.00542	0.01109	0.01550	0.02003	0.22015	0.05804	0.33681	0.23487	0.01669	0.00370	0.00452	0.01308	0.00625	0.00569
26	0.02660	0.03394	0.02018	0.01834	0.02201	0.72116	0.01376	0.02843	0.02018	0.01743	0.01101	0.01284	0.00917	0.00734	0.00642	0.00183	0.01284	0.00459	0.00367	0.00825
27	0.01036	0.00690	0.00777	0.00777	0.00777	0.00690	0.00431	0.01036	0.01036	0.01381	0.02244	0.04660	0.02589	0.74975	0.03624	0.00690	0.00690	0.01036	0.00431	0.00431
28	0.01045	0.00750	0.00822	0.00787	0.01029	0.00646	0.00596	0.01270	0.01721	0.06427	0.19315	0.06058	0.49788	0.01627	0.00816	0.00232	0.00369	0.01368	0.04676	0.00656
29	0.01345	0.01266	0.02136	0.73264	0.04904	0.01582	0.01978	0.01819	0.01424	0.01819	0.01266	0.01898	0.00949	0.00712	0.00712	0.00237	0.00949	0.00633	0.00316	0.00791
30	0.01103	0.01032	0.05603	0.01280	0.01450	0.01081	0.01072	0.01382	0.01161	0.01697	0.01760	0.02580	0.01632	0.04597	0.59977	0.00995	0.09820	0.00733	0.00369	0.00677
31	0.01737	0.54074	0.19294	0.01387	0.02072	0.02414	0.01514	0.02112	0.01495	0.01883	0.05340	0.01485	0.01271	0.00677	0.00532	0.00174	0.00803	0.00471	0.00333	0.00931
32	0.00906	0.00648	0.00868	0.00993	0.01043	0.00635	0.00672	0.01037	0.01299	0.01751	0.03465	0.57198	0.04073	0.09734	0.11649	0.00454	0.00660	0.01743	0.00598	0.00573
33	0.01524	0.09775	0.01602	0.01146	0.01552	0.04331	0.00917	0.01919	0.07437	0.04946	0.02046	0.08616	0.01974	0.09360	0.04086	0.00279	0.00677	0.07413	0.00495	0.29907

[dist]
# distance from previous block
# <min> <max>
0	1

[block]
# block no. 7 follows, 29 sequences, length 19
# corresponding to MSA columns:
# 408-426
name=unknown_H
#
# <colnr> <probs for GDERKNQSTAVLIFYWHMCP>
#	G	D	E	R	K	N	Q	S	T	A	V	L	I	F	Y	W	H	M	C	P
0	0.00929	0.00728	0.00845	0.00844	0.01045	0.00644	0.00644	0.01176	0.01758	0.02277	0.29788	0.08860	0.39135	0.01706	0.00855	0.00244	0.00378	0.06807	0.00706	0.00631
1	0.01738	0.08902	0.40705	0.02112	0.05836	0.04368	0.10394	0.11154	0.03696	0.02516	0.01375	0.01590	0.01013	0.00694	0.00685	0.00218	0.00997	0.00579	0.00380	0.01048
2	0.00966	0.00718	0.00864	0.00890	0.01033	0.00662	0.00651	0.01170	0.01600	0.02105	0.23291	0.14479	0.23687	0.14780	0.01362	0.00333	0.00457	0.09704	0.00654	0.00595
3	0.01904	0.75404	0.03731	0.01218	0.01828	0.02818	0.01218	0.02132	0.01447	0.01675	0.00990	0.01142	0.00914	0.00609	0.00457	0.00152	0.00761	0.00381	0.00305	0.00914
4	0.01490	0.01310	0.01659	0.01185	0.01824	0.01006	0.05346	0.01826	0.01490	0.02318	0.01277	0.01506	0.01056	0.00532	0.00548	0.00115	0.00573	0.00450	0.00418	0.74070
5	0.01086	0.00775	0.01077	0.01241	0.01378	0.00766	0.01040	0.01368	0.01578	0.02062	0.03804	0.22708	0.04233	0.02025	0.00967	0.00319	0.00602	0.51674	0.00657	0.00639
6	0.01130	0.00883	0.01048	0.01000	0.01224	0.00875	0.00771	0.01749	0.14388	0.02651	0.40944	0.05320	0.17195	0.01469	0.00830	0.00239	0.00408	0.06394	0.00740	0.00742
7	0.01019	0.00710	0.00903	0.00927	0.00974	0.00742	0.00617	0.01118	0.01126	0.01535	0.02381	0.11204	0.02634	0.44639	0.22853	0.00765	0.01010	0.03882	0.00450	0.00514
8	0.01957	0.02111	0.02083	0.01809	0.01970	0.23222	0.01458	0.07264	0.01550	0.01938	0.01088	0.01542	0.00988	0.01241	0.04761	0.00302	0.42952	0.00581	0.00363	0.00821
9	0.00883	0.00666	0.00817	0.00899	0.01018	0.00600	0.00628	0.01057	0.01544	0.02017	0.15629	0.43927	0.23768	0.01983	0.00878	0.00265	0.00386	0.01756	0.00681	0.00600
10	0.02018	0.01398	0.01567	0.01368	0.01765	0.01527	0.01077	0.08950	0.41263	0.15550	0.02780	0.03032	0.02168	0.07013	0.00974	0.00277	0.00607	0.04877	0.00724	0.01064
11	0.01762	0.01692	0.02890	0.04371	0.70533	0.01692	0.02185	0.02185	0.01621	0.02326	0.01339	0.01762	0.01128	0.00634	0.00705	0.00211	0.00846	0.00634	0.00352	0.01128
12	0.22716	0.01187	0.01277	0.01108	0.01461	0.01236	0.00856	0.08455	0.07128	0.20019	0.04622	0.11215	0.02136	0.12219	0.01111	0.00301	0.00585	0.00855	0.00638	0.00874
13	0.00876	0.00632	0.00815	0.00956	0.01011	0.00587	0.00637	0.00997	0.01364	0.01799	0.04086	0.64624	0.09897	0.06771	0.01074	0.00310	0.00426	0.01920	0.00647	0.00571
14	0.00894	0.00695	0.00814	0.00844	0.01009	0.00614	0.00610	0.01101	0.01658	0.02149	0.23489	0.25311	0.34607	0.01828	0.00860	0.00250	0.00369	0.01590	0.00695	0.00614
15	0.07313	0.01618	0.07303	0.01360	0.01887	0.01471	0.01181	0.25194	0.02286	0.28128	0.02444	0.02501	0.06102	0.06831	0.00936	0.00257	0.00690	0.00733	0.00698	0.01068
16	0.00896	0.00652	0.00848	0.00964	0.01032	0.00626	0.00656	0.01030	0.01338	0.01774	0.03895	0.53652	0.10937	0.08450	0.09301	0.00415	0.00602	0.01746	0.00610	0.00575
17	0.06404	0.01022	0.01414	0.01251	0.01532	0.01000	0.07106	0.02009	0.09411	0.14673	0.13907	0.26372	0.03502	0.05861	0.00970	0.00276	0.00552	0.01256	0.00672	0.00810
18	0.00897	0.00693	0.00796	0.00829	0.00981	0.00617	0.00586	0.01074	0.01572	0.02015	0.17393	0.23918	0.35275	0.08732	0.01120	0.00292	0.00401	0.01555	0.00662	0.00592

[dist]
# distance from previous block
# <min> <max>
0	1

[block]
# block no. 8 follows, 29 sequences, length 8
# corresponding to MSA columns:
# 428-435
name=unknown_I
#
# <colnr> <probs for GDERKNQSTAVLIFYWHMCP>
#	G	D	E	R	K	N	Q	S	T	A	V	L	I	F	Y	W	H	M	C	P
0	0.02013	0.02047	0.01923	0.01929	0.09944	0.24281	0.01356	0.08070	0.10671	0.04303	0.01758	0.08505	0.01569	0.01291	0.05706	0.00292	0.12223	0.00739	0.00477	0.00903
1	0.01471	0.01208	0.01727	0.05227	0.07740	0.01310	0.06748	0.10051	0.09938	0.02460	0.07110	0.11935	0.02320	0.02108	0.17565	0.00449	0.03234	0.00934	0.05619	0.00846
2	0.01619	0.01645	0.06642	0.01773	0.12518	0.14503	0.01214	0.01765	0.01383	0.01814	0.01459	0.02209	0.01350	0.10880	0.01691	0.18479	0.08143	0.00644	0.09571	0.00696
3	0.05815	0.01611	0.01919	0.05848	0.13885	0.13134	0.07438	0.07972	0.01746	0.02284	0.04366	0.17924	0.05778	0.01414	0.05388	0.00291	0.00869	0.00989	0.00490	0.00839
4	0.01972	0.15359	0.02309	0.01487	0.02035	0.13496	0.07783	0.08629	0.01779	0.06549	0.01386	0.01595	0.01115	0.00951	0.05245	0.00226	0.00885	0.00524	0.00439	0.26237
5	0.08540	0.02019	0.09925	0.01872	0.10113	0.07740	0.01458	0.24221	0.11521	0.08110	0.01884	0.06185	0.01489	0.00883	0.00693	0.00222	0.00780	0.00702	0.00582	0.01065
6	0.01582	0.05399	0.01699	0.01523	0.05869	0.11563	0.04346	0.06680	0.07782	0.02122	0.06356	0.14431	0.04632	0.16489	0.01448	0.00329	0.05472	0.00995	0.00512	0.00770
7	0.14658	0.05038	0.01788	0.01595	0.08094	0.11403	0.05239	0.05688	0.01763	0.10800	0.07318	0.04923	0.09902	0.00979	0.00683	0.00214	0.00712	0.03053	0.00543	0.05609

[dist]
# distance from previous block
# <min> <max>
8	44

[block]
# block no. 9 follows, 29 sequences, length 28
# corresponding to MSA columns:
# 484-511
name=unknown_J
#
# <colnr> <probs for GDERKNQSTAVLIFYWHMCP>
#	G	D	E	R	K	N	Q	S	T	A	V	L	I	F	Y	W	H	M	C	P
0	0.24040	0.05629	0.01920	0.01449	0.01888	0.06494	0.10279	0.04654	0.01587	0.18049	0.01654	0.01970	0.01286	0.06465	0.06066	0.00321	0.04219	0.00623	0.00516	0.00891
1	0.00990	0.00791	0.01217	0.01236	0.01349	0.00770	0.07064	0.01175	0.01403	0.01880	0.03569	0.60156	0.04184	0.02022	0.00961	0.00288	0.03216	0.06482	0.00619	0.00627
2	0.07117	0.01433	0.04509	0.05263	0.01719	0.09575	0.03317	0.02098	0.15056	0.02257	0.05136	0.12243	0.05940	0.09381	0.03420	0.00309	0.00709	0.00938	0.08802	0.00778
3	0.01617	0.01725	0.14794	0.01556	0.02072	0.01358	0.10015	0.09684	0.11569	0.07542	0.08521	0.06382	0.11962	0.01234	0.03584	0.00267	0.00756	0.00923	0.03510	0.00930
4	0.01102	0.00664	0.00888	0.00892	0.00968	0.00632	0.00621	0.01031	0.01258	0.01653	0.12194	0.06461	0.15389	0.06229	0.02059	0.43227	0.00528	0.03284	0.00474	0.00444
5	0.02043	0.05398	0.02196	0.05485	0.18658	0.20330	0.03776	0.07236	0.09189	0.06466	0.10327	0.02204	0.01922	0.00833	0.00702	0.00209	0.00861	0.00690	0.00505	0.00969
6	0.05199	0.05785	0.06741	0.03254	0.04434	0.12123	0.03319	0.06512	0.01574	0.02061	0.02170	0.18549	0.04581	0.09470	0.03603	0.00320	0.08099	0.00974	0.00464	0.00769
7	0.02245	0.01928	0.04139	0.01835	0.02352	0.10933	0.15634	0.24113	0.02264	0.12090	0.02085	0.02211	0.06200	0.01099	0.04512	0.00271	0.03774	0.00735	0.00567	0.01012
8	0.00879	0.00628	0.00839	0.01004	0.01050	0.00588	0.00680	0.01011	0.01374	0.01830	0.03919	0.71876	0.04685	0.02220	0.00912	0.00291	0.00423	0.04550	0.00661	0.00581
9	0.69733	0.01448	0.01460	0.01207	0.01685	0.01624	0.09581	0.02118	0.01273	0.03075	0.01050	0.01257	0.00812	0.00653	0.00493	0.00223	0.00636	0.00445	0.00430	0.00796
10	0.01575	0.01669	0.02434	0.01984	0.02333	0.11662	0.23971	0.01958	0.03376	0.02010	0.02151	0.12230	0.04140	0.01401	0.05050	0.00310	0.12298	0.08199	0.00447	0.00803
11	0.01005	0.00711	0.00912	0.00982	0.01079	0.00688	0.00683	0.01250	0.06362	0.02017	0.15469	0.43090	0.08729	0.02005	0.01125	0.10631	0.00434	0.01587	0.00641	0.00601
12	0.01477	0.01266	0.01477	0.01055	0.01687	0.00949	0.00844	0.01793	0.01477	0.02320	0.01266	0.01477	0.01055	0.00527	0.00527	0.00105	0.00527	0.00422	0.00422	0.79328
13	0.00919	0.00647	0.00835	0.00959	0.01002	0.00615	0.00637	0.01034	0.01331	0.01777	0.05779	0.54983	0.04317	0.16997	0.01463	0.00370	0.00478	0.04684	0.00618	0.00555
14	0.00938	0.00725	0.00814	0.00803	0.01012	0.00638	0.00610	0.01185	0.01747	0.02284	0.27757	0.06161	0.42260	0.01641	0.00828	0.00235	0.00364	0.04293	0.05074	0.00631
15	0.01260	0.00735	0.00876	0.00859	0.00934	0.00711	0.00539	0.01325	0.01219	0.09171	0.02576	0.15383	0.02798	0.51870	0.02730	0.00551	0.00621	0.01140	0.04152	0.00551
16	0.21584	0.01723	0.01671	0.01361	0.01859	0.09361	0.01103	0.20294	0.07057	0.24275	0.01893	0.01817	0.01312	0.00811	0.00641	0.00216	0.00711	0.00594	0.00661	0.01056
17	0.01108	0.00773	0.00920	0.00920	0.01105	0.00717	0.00687	0.03764	0.01698	0.04961	0.19295	0.19370	0.24804	0.06220	0.01012	0.00276	0.00435	0.06844	0.04435	0.00656
18	0.01809	0.01011	0.01263	0.01090	0.01422	0.00964	0.00855	0.02388	0.12971	0.24261	0.33417	0.04084	0.09024	0.01220	0.00782	0.00227	0.00460	0.01045	0.00796	0.00911
19	0.50808	0.01497	0.01318	0.01113	0.01571	0.03957	0.00910	0.14005	0.01726	0.10809	0.01397	0.01482	0.01022	0.00732	0.00529	0.00215	0.00611	0.00485	0.04920	0.00894
20	0.01820	0.01149	0.01293	0.01104	0.01442	0.01186	0.00872	0.16431	0.10779	0.11757	0.16647	0.03264	0.07526	0.01056	0.00696	0.00210	0.00497	0.00871	0.20492	0.00908
21	0.01205	0.00748	0.00937	0.00936	0.01117	0.00670	0.00678	0.01404	0.01643	0.11155	0.19112	0.31493	0.19735	0.04599	0.00958	0.00270	0.00420	0.01531	0.00708	0.00682
22	0.00875	0.00639	0.00824	0.00955	0.01027	0.00588	0.00649	0.01020	0.01439	0.01905	0.09095	0.62083	0.12025	0.02128	0.00896	0.00279	0.00402	0.01914	0.00670	0.00588
