[name]
unknown

[dist]
# distance from previous block
# <min> <max>
0	120

[block]
# block no. 0 follows, 33 sequences, length 51
# corresponding to MSA columns:
# 120-170
name=unknown_A
#
# <colnr> <probs for GDERKNQSTAVLIFYWHMCP>
#	G	D	E	R	K	N	Q	S	T	A	V	L	I	F	Y	W	H	M	C	P
0	0.09176	0.00731	0.00881	0.00906	0.01026	0.00738	0.00656	0.01228	0.01195	0.05357	0.02670	0.18744	0.06957	0.21163	0.07158	0.08895	0.00623	0.10865	0.00492	0.00538
1	0.19837	0.01723	0.01858	0.11323	0.10272	0.12950	0.03902	0.16561	0.01781	0.07197	0.01264	0.01475	0.00959	0.00708	0.00690	0.00204	0.05452	0.00522	0.00442	0.00880
2	0.03897	0.01607	0.02055	0.13336	0.28125	0.08083	0.01527	0.16036	0.05970	0.02507	0.04737	0.01930	0.03676	0.00733	0.00649	0.00198	0.00754	0.00625	0.00442	0.03113
3	0.01223	0.00718	0.00864	0.00822	0.01011	0.00647	0.00598	0.01407	0.01497	0.13539	0.15817	0.16493	0.22596	0.12455	0.01121	0.00280	0.00417	0.01195	0.06663	0.00637
4	0.00931	0.00704	0.00894	0.00993	0.03620	0.00662	0.00673	0.04136	0.01522	0.02028	0.18517	0.42427	0.16972	0.01728	0.00800	0.00241	0.00388	0.01536	0.00627	0.00601
5	0.00945	0.00686	0.00961	0.00961	0.01046	0.00770	0.00702	0.01114	0.01029	0.01457	0.01852	0.03075	0.01858	0.25368	0.54115	0.00939	0.01444	0.00777	0.00366	0.00534
6	0.00980	0.00758	0.01159	0.01105	0.01243	0.00852	0.03732	0.01187	0.01098	0.01548	0.02053	0.02768	0.06912	0.04239	0.59158	0.06096	0.03417	0.00748	0.00365	0.00582
7	0.04110	0.01077	0.01198	0.01079	0.01347	0.03395	0.00815	0.10734	0.10706	0.16596	0.02617	0.19590	0.03797	0.11873	0.01070	0.00280	0.00546	0.02816	0.05560	0.00794
8	0.01324	0.01252	0.02120	0.60421	0.18765	0.01484	0.01868	0.01753	0.01354	0.01780	0.01184	0.01729	0.00912	0.00643	0.00657	0.00214	0.00858	0.00585	0.00299	0.00796
9	0.01862	0.01306	0.01416	0.01175	0.01533	0.01418	0.00934	0.31111	0.14839	0.05865	0.09561	0.02428	0.02022	0.04443	0.00760	0.00215	0.00548	0.00708	0.16942	0.00915
10	0.01112	0.00800	0.00973	0.00908	0.01085	0.00798	0.00668	0.01622	0.13041	0.04697	0.46817	0.06149	0.04777	0.12321	0.01134	0.00274	0.00403	0.01084	0.00668	0.00671
11	0.00932	0.00690	0.00877	0.00956	0.01054	0.00682	0.00671	0.03450	0.05853	0.01917	0.10076	0.55638	0.06167	0.02044	0.05394	0.00304	0.00480	0.01604	0.00611	0.00599
12	0.20057	0.01101	0.01287	0.01054	0.01454	0.01074	0.00846	0.06690	0.01687	0.38833	0.08050	0.04964	0.01901	0.04485	0.00811	0.02914	0.00535	0.00689	0.00662	0.00904
13	0.01209	0.00766	0.00948	0.00857	0.01070	0.00704	0.00647	0.03937	0.01776	0.11025	0.43951	0.04684	0.17345	0.07018	0.00953	0.00242	0.00385	0.01123	0.00688	0.00671
14	0.01330	0.00885	0.01055	0.00999	0.01228	0.00883	0.00747	0.01926	0.18322	0.12071	0.18172	0.22861	0.11841	0.03556	0.00826	0.00240	0.00426	0.01206	0.00671	0.00754
15	0.01026	0.00675	0.00849	0.00852	0.01012	0.00607	0.00621	0.01233	0.01580	0.08117	0.28703	0.29392	0.19627	0.01615	0.00789	0.00231	0.00361	0.01421	0.00669	0.00620
16	0.00871	0.00651	0.00817	0.00919	0.01008	0.00625	0.00634	0.01134	0.06626	0.01830	0.08082	0.59791	0.10762	0.01893	0.00818	0.00256	0.00383	0.01699	0.00623	0.00580
17	0.01771	0.01164	0.01335	0.01163	0.01484	0.01218	0.00945	0.28467	0.02139	0.08956	0.06854	0.10072	0.04400	0.01151	0.00700	0.00218	0.00553	0.13015	0.13551	0.00844
18	0.17020	0.01076	0.01157	0.01014	0.01343	0.01115	0.00797	0.08749	0.12052	0.14100	0.12607	0.07439	0.13919	0.01124	0.00725	0.02986	0.00478	0.00871	0.00623	0.00804
19	0.15100	0.00975	0.00994	0.00862	0.01159	0.01020	0.00686	0.12382	0.01661	0.11456	0.01909	0.02062	0.01430	0.00750	0.00506	0.00175	0.00436	0.00573	0.45094	0.00770
20	0.13166	0.01241	0.01517	0.01179	0.01678	0.01184	0.00974	0.12441	0.01953	0.54386	0.02236	0.01995	0.01439	0.00785	0.00628	0.00203	0.00576	0.00612	0.00740	0.01067
21	0.00908	0.00631	0.00813	0.00885	0.00991	0.00578	0.00627	0.01082	0.01450	0.04294	0.18827	0.47484	0.13055	0.01809	0.00815	0.00248	0.00374	0.03909	0.00642	0.00578
22	0.00942	0.00699	0.01026	0.01026	0.01132	0.00805	0.00783	0.01155	0.01048	0.01504	0.01793	0.02750	0.01717	0.11768	0.67522	0.01018	0.01657	0.00729	0.00357	0.00570
23	0.81514	0.01273	0.00968	0.00866	0.01273	0.01477	0.00713	0.01935	0.01120	0.02954	0.00917	0.01069	0.00713	0.00611	0.00407	0.00204	0.00509	0.00356	0.00407	0.00713
24	0.01171	0.00843	0.01039	0.00967	0.01181	0.00842	0.00746	0.01779	0.15327	0.05940	0.51392	0.04470	0.05034	0.01262	0.00759	0.00216	0.00381	0.05214	0.00711	0.00725
25	0.00860	0.00681	0.00777	0.00785	0.00960	0.00613	0.00576	0.01125	0.04339	0.02041	0.24414	0.18618	0.38607	0.01619	0.00785	0.00226	0.00343	0.01396	0.00645	0.00590
26	0.02643	0.01096	0.01457	0.01148	0.01610	0.00982	0.00937	0.03024	0.07140	0.60509	0.09912	0.02537	0.02138	0.00876	0.00675	0.00206	0.00531	0.00724	0.00794	0.01062
27	0.07822	0.01773	0.01888	0.01456	0.01974	0.01956	0.01203	0.62956	0.02909	0.07148	0.01581	0.01576	0.01115	0.00779	0.00642	0.00198	0.00703	0.00580	0.00649	0.01092
28	0.00999	0.00699	0.00817	0.00802	0.01008	0.00613	0.00610	0.01211	0.01595	0.07380	0.21779	0.12523	0.40237	0.01573	0.00783	0.00227	0.00367	0.05507	0.00654	0.00615
29	0.00891	0.00653	0.00824	0.00817	0.00952	0.00599	0.00592	0.01132	0.01664	0.02290	0.48247	0.17417	0.14361	0.05472	0.00923	0.00242	0.00343	0.01322	0.00673	0.00586
30	0.01060	0.00611	0.00714	0.00772	0.00870	0.00590	0.00535	0.01252	0.01302	0.03891	0.02810	0.35434	0.02933	0.08298	0.00898	0.00250	0.00377	0.01204	0.35625	0.00573
31	0.01785	0.01527	0.01530	0.01339	0.01702	0.06237	0.01038	0.16105	0.46877	0.02812	0.02340	0.04170	0.01851	0.06621	0.00869	0.00247	0.00608	0.00739	0.00625	0.00978
32	0.00859	0.00606	0.00747	0.00831	0.00928	0.00558	0.00578	0.01028	0.01393	0.01904	0.13017	0.47332	0.16001	0.01766	0.00782	0.00240	0.00356	0.01569	0.08949	0.00558
33	0.00824	0.00663	0.00735	0.00729	0.00921	0.00573	0.00542	0.01029	0.01591	0.02022	0.25525	0.10296	0.49039	0.01599	0.00781	0.00221	0.00330	0.01362	0.00644	0.00573
34	0.72865	0.01477	0.01066	0.00957	0.01357	0.09435	0.00774	0.02011	0.01202	0.02807	0.00928	0.01082	0.00728	0.00618	0.00428	0.00200	0.00583	0.00364	0.00400	0.00718
35	0.01627	0.01572	0.02718	0.03993	0.70137	0.01568	0.04604	0.02024	0.01501	0.02149	0.01242	0.01635	0.01041	0.00585	0.00656	0.00197	0.00794	0.00594	0.00326	0.01037
36	0.01629	0.01745	0.03122	0.16729	0.10469	0.07114	0.40709	0.06326	0.01622	0.02120	0.01283	0.01700	0.00976	0.00602	0.00720	0.00213	0.01014	0.00683	0.00345	0.00878
37	0.01357	0.01560	0.09779	0.07761	0.02074	0.01770	0.03740	0.01617	0.01099	0.01658	0.01042	0.01603	0.00956	0.01468	0.10071	0.00360	0.50462	0.00588	0.00296	0.00739
38	0.00820	0.00599	0.00798	0.00918	0.00981	0.00577	0.00633	0.00955	0.01250	0.01666	0.03593	0.60676	0.09112	0.02440	0.11243	0.00376	0.00574	0.01670	0.00574	0.00544
39	0.02841	0.01302	0.01640	0.01257	0.01771	0.01237	0.01039	0.20078	0.02188	0.55915	0.02343	0.02075	0.01502	0.00809	0.00661	0.00202	0.00601	0.00645	0.00776	0.01120
40	0.01554	0.01776	0.03885	0.02775	0.03441	0.01665	0.70366	0.02109	0.01554	0.02109	0.01332	0.01776	0.00999	0.00555	0.00777	0.00222	0.01110	0.00777	0.00333	0.00888
41	0.01076	0.00616	0.00924	0.00924	0.00964	0.00655	0.00655	0.00964	0.00924	0.01272	0.01350	0.02196	0.01311	0.03170	0.26449	0.54270	0.00969	0.00616	0.00308	0.00386
42	0.01587	0.01063	0.01236	0.01126	0.01422	0.01105	0.00869	0.06749	0.25940	0.14511	0.09375	0.18632	0.08799	0.01257	0.00730	0.00229	0.00480	0.03351	0.00679	0.00860
43	0.01539	0.01271	0.01347	0.01222	0.01554	0.01449	0.00947	0.03113	0.58630	0.02713	0.07883	0.02642	0.02291	0.00914	0.00655	0.00214	0.00482	0.00764	0.09409	0.00963
44	0.02954	0.01120	0.01528	0.01171	0.01681	0.00968	0.00968	0.03208	0.01884	0.73213	0.02597	0.02241	0.01630	0.00815	0.00662	0.00204	0.00560	0.00662	0.00815	0.01120
45	0.01243	0.01170	0.01975	0.75282	0.04534	0.01463	0.01828	0.01682	0.01316	0.01682	0.01170	0.01755	0.00878	0.00658	0.00658	0.00219	0.00878	0.00585	0.00293	0.00731
46	0.01650	0.00889	0.01004	0.00873	0.01102	0.00890	0.00649	0.11594	0.01602	0.15225	0.02128	0.02801	0.01790	0.21757	0.01322	0.00303	0.00504	0.00714	0.32485	0.00719
47	0.00960	0.00669	0.00852	0.00863	0.00912	0.00706	0.00583	0.01057	0.01031	0.01409	0.02082	0.03998	0.02262	0.48418	0.25626	0.00746	0.00992	0.05961	0.00400	0.00474
48	0.01104	0.00883	0.01150	0.01114	0.01267	0.04170	0.00869	0.05476	0.01218	0.01692	0.01719	0.02462	0.01578	0.04494	0.66478	0.00966	0.01674	0.00686	0.00371	0.00628
49	0.06565	0.01304	0.01381	0.02936	0.01486	0.11969	0.00994	0.05826	0.01294	0.01782	0.01450	0.02186	0.01362	0.10823	0.32009	0.00618	0.14353	0.00636	0.00366	0.00661
50	0.01608	0.00888	0.01131	0.00999	0.01267	0.00832	0.00769	0.08291	0.01849	0.22086	0.29657	0.18244	0.07043	0.01304	0.00746	0.00218	0.00434	0.01133	0.00716	0.00786

[dist]
# distance from previous block
# <min> <max>
0	1

[block]
# block no. 1 follows, 33 sequences, length 16
# corresponding to MSA columns:
# 172-187
name=unknown_B
#
# <colnr> <probs for GDERKNQSTAVLIFYWHMCP>
#	G	D	E	R	K	N	Q	S	T	A	V	L	I	F	Y	W	H	M	C	P
0	0.31199	0.01435	0.01821	0.02219	0.29299	0.01513	0.01318	0.10197	0.01596	0.11604	0.01331	0.01495	0.01005	0.00648	0.00564	0.00200	0.00647	0.00512	0.00456	0.00941
1	0.07976	0.00895	0.01004	0.00996	0.01173	0.03503	0.00733	0.01462	0.07111	0.03409	0.02528	0.25243	0.04269	0.11935	0.15625	0.00447	0.00762	0.04357	0.00499	0.06073
2	0.02893	0.00728	0.00860	0.00829	0.00997	0.00692	0.00607	0.01378	0.04036	0.06946	0.25916	0.09734	0.15526	0.14808	0.01199	0.00291	0.00420	0.04078	0.07451	0.00614
3	0.00898	0.00642	0.00837	0.00958	0.01036	0.00616	0.00704	0.01055	0.01308	0.01714	0.03573	0.41353	0.08544	0.12572	0.01212	0.00327	0.00480	0.21054	0.00580	0.00538
4	0.72724	0.01343	0.01045	0.00922	0.01334	0.04568	0.00754	0.02052	0.01205	0.07719	0.01036	0.01155	0.00782	0.00628	0.00433	0.00202	0.00542	0.00380	0.00432	0.00743
5	0.00809	0.00654	0.00711	0.00724	0.00905	0.00565	0.00528	0.00982	0.01499	0.01865	0.15080	0.15411	0.51830	0.04384	0.00879	0.00241	0.00348	0.01411	0.00619	0.00556
6	0.01827	0.52908	0.07638	0.01568	0.09477	0.09990	0.01328	0.05306	0.01498	0.01778	0.01010	0.01178	0.00879	0.00593	0.00490	0.00157	0.00782	0.00405	0.00310	0.00879
7	0.00893	0.00671	0.00827	0.00788	0.00960	0.00605	0.00591	0.01168	0.01773	0.02424	0.55931	0.05273	0.22825	0.01426	0.00777	0.00211	0.00316	0.01240	0.00696	0.00605
8	0.01559	0.01661	0.06749	0.13486	0.45908	0.05362	0.05036	0.02015	0.03607	0.02095	0.05152	0.01820	0.01306	0.00653	0.00661	0.00201	0.00810	0.00618	0.00351	0.00950
9	0.00896	0.00658	0.00839	0.00822	0.00968	0.00601	0.00606	0.01162	0.01737	0.02406	0.55149	0.14995	0.13746	0.01483	0.00785	0.00217	0.00323	0.01308	0.00696	0.00601
10	0.00982	0.01102	0.09922	0.00900	0.01234	0.00802	0.00811	0.05005	0.04109	0.02040	0.09996	0.05220	0.52591	0.01439	0.00748	0.00218	0.00440	0.01196	0.00582	0.00661
11	0.21043	0.10971	0.01830	0.01436	0.01817	0.49056	0.01124	0.02392	0.01631	0.01921	0.00982	0.01145	0.00816	0.00650	0.00531	0.00174	0.00973	0.00400	0.00349	0.00760
12	0.06025	0.02497	0.42137	0.01572	0.02346	0.01414	0.01794	0.09253	0.01645	0.16329	0.01485	0.01558	0.01025	0.00667	0.00613	0.00197	0.00801	0.00517	0.00439	0.07688
13	0.01442	0.18247	0.44704	0.01757	0.02490	0.01827	0.06223	0.01993	0.01336	0.01906	0.01091	0.01352	0.00851	0.00682	0.00808	0.00207	0.11406	0.00489	0.00284	0.00906
14	0.01598	0.01704	0.01840	0.16253	0.18171	0.22030	0.01416	0.01887	0.01490	0.01787	0.04912	0.02014	0.03773	0.01495	0.13796	0.00351	0.03735	0.00618	0.00356	0.00773
15	0.00799	0.00585	0.00751	0.00885	0.00946	0.00537	0.00597	0.00920	0.01291	0.01693	0.04019	0.67421	0.13115	0.02012	0.00832	0.00262	0.00376	0.01810	0.00611	0.00537

[dist]
# distance from previous block
# <min> <max>
0	2

[block]
# block no. 2 follows, 33 sequences, length 171
# corresponding to MSA columns:
# 190-360
name=unknown_C
#
# <colnr> <probs for GDERKNQSTAVLIFYWHMCP>
#	G	D	E	R	K	N	Q	S	T	A	V	L	I	F	Y	W	H	M	C	P
0	0.04389	0.10988	0.02441	0.02395	0.23142	0.31055	0.07211	0.02235	0.01588	0.01845	0.01084	0.01366	0.00915	0.00658	0.00708	0.00188	0.06101	0.00502	0.00327	0.00862
1	0.01079	0.00900	0.01388	0.01917	0.24101	0.00873	0.01066	0.01298	0.01385	0.01908	0.08330	0.46632	0.03435	0.01530	0.00774	0.00239	0.00505	0.01403	0.00528	0.00705
2	0.01365	0.01170	0.01365	0.00975	0.01560	0.00878	0.00780	0.01658	0.01365	0.02145	0.01170	0.01365	0.00975	0.00488	0.00488	0.00098	0.00488	0.00390	0.00390	0.80888
3	0.01749	0.00832	0.01083	0.00948	0.01189	0.00799	0.00715	0.01942	0.01392	0.28754	0.02216	0.02880	0.01839	0.21319	0.17304	0.00494	0.00805	0.00741	0.12254	0.00745
4	0.00804	0.00668	0.00703	0.00695	0.00905	0.00567	0.00521	0.00996	0.01563	0.01926	0.17937	0.06093	0.61130	0.01612	0.00778	0.00220	0.00330	0.01355	0.00631	0.00567
5	0.01259	0.00746	0.00908	0.00866	0.01056	0.00681	0.00644	0.01429	0.01460	0.14295	0.11763	0.08408	0.22719	0.20893	0.01439	0.00337	0.00485	0.09378	0.00605	0.00627
6	0.00891	0.00671	0.00823	0.00785	0.00959	0.00604	0.00589	0.01163	0.01767	0.02411	0.54973	0.05294	0.23791	0.01431	0.00777	0.00211	0.00317	0.01243	0.00695	0.00604
7	0.02593	0.01700	0.01886	0.01446	0.01969	0.01827	0.01195	0.57115	0.02853	0.17938	0.01784	0.01712	0.01221	0.00795	0.00659	0.00199	0.00692	0.00607	0.00690	0.01120
8	0.02459	0.03138	0.01866	0.01696	0.02035	0.74221	0.01272	0.02629	0.01866	0.01611	0.01018	0.01187	0.00848	0.00678	0.00594	0.00170	0.01187	0.00424	0.00339	0.00763
9	0.01440	0.01440	0.02016	0.01728	0.01728	0.02016	0.01440	0.01584	0.01008	0.01584	0.00864	0.01440	0.00864	0.01152	0.02160	0.00288	0.75659	0.00576	0.00288	0.00720
10	0.01554	0.01776	0.03885	0.02775	0.03441	0.01665	0.70366	0.02109	0.01554	0.02109	0.01332	0.01776	0.00999	0.00555	0.00777	0.00222	0.01110	0.00777	0.00333	0.00888
11	0.02501	0.01877	0.01973	0.01519	0.02041	0.03860	0.01252	0.68851	0.03064	0.04085	0.01566	0.01571	0.01113	0.00787	0.00657	0.00197	0.00736	0.00588	0.00651	0.01111
12	0.02057	0.01761	0.19045	0.01400	0.01965	0.01316	0.01353	0.02963	0.24538	0.30278	0.02310	0.02289	0.01637	0.00830	0.00664	0.00215	0.00650	0.03060	0.00629	0.01040
13	0.00809	0.00578	0.00772	0.00925	0.00966	0.00541	0.00624	0.00929	0.01267	0.01689	0.03624	0.74522	0.04338	0.02056	0.00842	0.00268	0.00388	0.03713	0.00611	0.00537
14	0.01760	0.77260	0.03450	0.01126	0.01690	0.02605	0.01126	0.01971	0.01338	0.01549	0.00915	0.01056	0.00845	0.00563	0.00422	0.00141	0.00704	0.00352	0.00282	0.00845
15	0.00785	0.00662	0.00680	0.00686	0.00896	0.00557	0.00511	0.00955	0.01502	0.01807	0.09064	0.09975	0.66323	0.01676	0.00781	0.00224	0.00335	0.01407	0.00616	0.00557
16	0.00837	0.00588	0.00754	0.00872	0.00902	0.00558	0.00564	0.00926	0.01192	0.01590	0.03280	0.60256	0.03914	0.18841	0.01403	0.00351	0.00439	0.01666	0.00564	0.00504
17	0.01012	0.00728	0.00992	0.01116	0.01258	0.00715	0.00942	0.01283	0.01502	0.01964	0.08655	0.12822	0.07591	0.04078	0.00961	0.00299	0.00553	0.52328	0.00609	0.00592
18	0.00816	0.00583	0.00780	0.00932	0.00976	0.00546	0.00635	0.00940	0.01274	0.01696	0.03621	0.72797	0.04324	0.02050	0.00844	0.00269	0.00394	0.05374	0.00611	0.00538
19	0.79240	0.01269	0.00984	0.00875	0.01285	0.01462	0.00720	0.01972	0.01142	0.04987	0.00965	0.01103	0.00739	0.00617	0.00415	0.00204	0.00511	0.00365	0.00419	0.00725
20	0.01329	0.01257	0.02129	0.59541	0.19608	0.01485	0.01871	0.01757	0.01357	0.01786	0.01185	0.01727	0.00914	0.00642	0.00657	0.00214	0.00856	0.00585	0.00300	0.00800
21	0.01249	0.00873	0.01048	0.01038	0.01269	0.00875	0.00830	0.01823	0.15767	0.08081	0.11989	0.11136	0.16807	0.01446	0.00778	0.00243	0.00468	0.20133	0.03424	0.00724
22	0.00957	0.00638	0.00718	0.00718	0.00718	0.00638	0.00399	0.00957	0.00957	0.01276	0.02074	0.04308	0.02393	0.76864	0.03351	0.00638	0.00638	0.00957	0.00399	0.00399
23	0.01348	0.01150	0.01346	0.00969	0.01537	0.00867	0.00774	0.01641	0.01385	0.02165	0.04036	0.01508	0.01186	0.00522	0.00499	0.00102	0.00480	0.00422	0.00403	0.77659
24	0.01408	0.01314	0.02040	0.07261	0.12998	0.01155	0.13619	0.01775	0.01442	0.02131	0.04964	0.01696	0.01259	0.00573	0.00593	0.00150	0.00665	0.00547	0.00380	0.44031
25	0.81514	0.01273	0.00968	0.00866	0.01273	0.01477	0.00713	0.01935	0.01120	0.02954	0.00917	0.01069	0.00713	0.00611	0.00407	0.00204	0.00509	0.00356	0.00407	0.00713
26	0.01227	0.00614	0.00614	0.00614	0.00767	0.00614	0.00460	0.01534	0.01381	0.02454	0.02148	0.02454	0.01687	0.00767	0.00460	0.00153	0.00307	0.00614	0.80518	0.00614
27	0.01637	0.01414	0.01489	0.01340	0.01712	0.01637	0.01042	0.03498	0.71568	0.02754	0.02679	0.02456	0.02010	0.00893	0.00670	0.00223	0.00521	0.00744	0.00670	0.01042
28	0.00955	0.00714	0.00893	0.00850	0.01025	0.00672	0.00645	0.01329	0.05479	0.02514	0.57949	0.05060	0.14112	0.01380	0.00776	0.00213	0.00336	0.03761	0.00703	0.00635
29	0.01666	0.01428	0.01505	0.01345	0.01723	0.01651	0.01049	0.05698	0.69322	0.02800	0.02643	0.02427	0.01980	0.00890	0.00669	0.00222	0.00528	0.00739	0.00669	0.01045
30	0.02936	0.01148	0.01545	0.01184	0.01694	0.01009	0.00978	0.05786	0.01931	0.70570	0.02558	0.02215	0.01610	0.00814	0.00662	0.00203	0.00566	0.00659	0.00809	0.01120
31	0.01629	0.01564	0.02672	0.04041	0.72757	0.01564	0.02020	0.02020	0.01499	0.02151	0.01238	0.01629	0.01043	0.00587	0.00652	0.00196	0.00782	0.00587	0.00326	0.01043
32	0.01749	0.01834	0.11212	0.03181	0.47779	0.01650	0.01883	0.14465	0.05330	0.02534	0.01366	0.01633	0.01080	0.00644	0.00651	0.00199	0.00782	0.00583	0.00397	0.01048
33	0.02438	0.01839	0.02105	0.01600	0.02137	0.02016	0.05949	0.65909	0.02990	0.04010	0.01564	0.01594	0.01111	0.00774	0.00667	0.00199	0.00751	0.00605	0.00636	0.01104
34	0.00801	0.00576	0.00760	0.00908	0.00953	0.00535	0.00607	0.00918	0.01269	0.01684	0.03737	0.73926	0.06792	0.02048	0.00838	0.00266	0.00380	0.01854	0.00611	0.00535
35	0.01615	0.01528	0.02567	0.12206	0.62400	0.01569	0.01971	0.04359	0.01533	0.02166	0.01242	0.01642	0.01026	0.00602	0.00653	0.00198	0.00791	0.00587	0.00334	0.01009
36	0.01016	0.00656	0.00983	0.00983	0.01057	0.00730	0.00730	0.01057	0.00983	0.01385	0.01533	0.02369	0.01459	0.03952	0.47598	0.30730	0.01320	0.00656	0.00328	0.00476
37	0.00949	0.00719	0.00880	0.00837	0.01015	0.00676	0.00628	0.01334	0.06498	0.02469	0.54209	0.06893	0.17640	0.01391	0.00771	0.00212	0.00331	0.01214	0.00698	0.00636
38	0.01365	0.01170	0.01365	0.00975	0.01560	0.00878	0.00780	0.01658	0.01365	0.02145	0.01170	0.01365	0.00975	0.00488	0.00488	0.00098	0.00488	0.00390	0.00390	0.80888
39	0.00918	0.00638	0.00731	0.00743	0.00786	0.00616	0.00452	0.00977	0.01131	0.01496	0.08917	0.12165	0.11054	0.53702	0.02564	0.00513	0.00547	0.01124	0.00474	0.00451
40	0.00807	0.00575	0.00762	0.00910	0.00947	0.00538	0.00604	0.00918	0.01250	0.01667	0.03575	0.73932	0.04286	0.04658	0.00927	0.00280	0.00391	0.01840	0.00604	0.00530
41	0.81514	0.01273	0.00968	0.00866	0.01273	0.01477	0.00713	0.01935	0.01120	0.02954	0.00917	0.01069	0.00713	0.00611	0.00407	0.00204	0.00509	0.00356	0.00407	0.00713
42	0.01144	0.00572	0.00858	0.00858	0.00858	0.00572	0.00572	0.00858	0.00858	0.01144	0.01144	0.02001	0.01144	0.02287	0.02573	0.80846	0.00572	0.00572	0.00286	0.00286
43	0.00957	0.00638	0.00718	0.00718	0.00718	0.00638	0.00399	0.00957	0.00957	0.01276	0.02074	0.04308	0.02393	0.76864	0.03351	0.00638	0.00638	0.00957	0.00399	0.00399
44	0.01061	0.00758	0.01061	0.01212	0.01364	0.00758	0.01061	0.01364	0.01515	0.01970	0.03486	0.07426	0.03789	0.01819	0.00909	0.00303	0.00606	0.68326	0.00606	0.00606
45	0.02623	0.01297	0.01600	0.01250	0.01733	0.01267	0.01026	0.21487	0.04836	0.46259	0.02430	0.02224	0.03964	0.01007	0.03626	0.00238	0.00644	0.00673	0.00741	0.01076
46	0.00957	0.00608	0.00817	0.00930	0.00996	0.00564	0.00632	0.01059	0.01279	0.06204	0.03432	0.67790	0.04012	0.01995	0.00920	0.04510	0.00403	0.01726	0.00607	0.00559
47	0.02503	0.01844	0.01976	0.01515	0.02042	0.02042	0.01251	0.70562	0.03095	0.04149	0.01581	0.01581	0.01120	0.00790	0.00659	0.00198	0.00724	0.00593	0.00659	0.01120
48	0.77311	0.05278	0.01098	0.00879	0.01295	0.01536	0.00735	0.01937	0.01132	0.02880	0.00917	0.01069	0.00720	0.00609	0.00408	0.00200	0.00520	0.00356	0.00401	0.00720
49	0.01637	0.01414	0.01489	0.01340	0.01712	0.01637	0.01042	0.03498	0.71568	0.02754	0.02679	0.02456	0.02010	0.00893	0.00670	0.00223	0.00521	0.00744	0.00670	0.01042
50	0.00876	0.00634	0.00871	0.00936	0.01011	0.00648	0.00664	0.01045	0.01244	0.01716	0.11371	0.37579	0.03537	0.09021	0.25045	0.00549	0.00846	0.01332	0.00523	0.00552
51	0.00957	0.00638	0.00718	0.00718	0.00718	0.00638	0.00399	0.00957	0.00957	0.01276	0.02074	0.04308	0.02393	0.76864	0.03351	0.00638	0.00638	0.00957	0.00399	0.00399
52	0.00801	0.00576	0.00761	0.00908	0.00953	0.00535	0.00607	0.00918	0.01269	0.01684	0.03734	0.74002	0.06718	0.02049	0.00838	0.00266	0.00380	0.01855	0.00611	0.00535
53	0.01684	0.46991	0.25604	0.01417	0.02090	0.08778	0.01556	0.02067	0.01402	0.01725	0.01009	0.01174	0.00842	0.00594	0.00503	0.00165	0.00834	0.00401	0.00286	0.00878
54	0.01243	0.01170	0.01975	0.75282	0.04534	0.01463	0.01828	0.01682	0.01316	0.01682	0.01170	0.01755	0.00878	0.00658	0.00658	0.00219	0.00878	0.00585	0.00293	0.00731
55	0.13463	0.01646	0.01737	0.01371	0.01862	0.01814	0.01125	0.46902	0.10499	0.10446	0.01711	0.01672	0.01213	0.00779	0.00625	0.00202	0.00656	0.00584	0.00640	0.01054
56	0.02342	0.07648	0.02072	0.01847	0.08837	0.47519	0.01330	0.16577	0.02049	0.02184	0.01149	0.01302	0.00923	0.00685	0.00601	0.00176	0.01020	0.00470	0.00400	0.00869
57	0.01243	0.01170	0.01975	0.75282	0.04534	0.01463	0.01828	0.01682	0.01316	0.01682	0.01170	0.01755	0.00878	0.00658	0.00658	0.00219	0.00878	0.00585	0.00293	0.00731
58	0.01641	0.02443	0.35104	0.02118	0.06487	0.01574	0.20476	0.07947	0.05938	0.07679	0.01457	0.01653	0.01046	0.00649	0.00676	0.00211	0.00920	0.00608	0.00392	0.00981
59	0.01594	0.01758	0.09595	0.03734	0.60662	0.01569	0.07336	0.02033	0.01493	0.02141	0.01240	0.01618	0.01019	0.00588	0.00659	0.00199	0.00826	0.00592	0.00322	0.01024
60	0.02578	0.01723	0.01901	0.01457	0.01981	0.01862	0.01204	0.59279	0.02892	0.15719	0.01751	0.01691	0.01205	0.00794	0.00659	0.00199	0.00697	0.00604	0.00685	0.01120
61	0.00893	0.00667	0.00829	0.00797	0.00962	0.00603	0.00594	0.01163	0.01758	0.02410	0.55095	0.08385	0.20522	0.01447	0.00780	0.00213	0.00319	0.01264	0.00695	0.00603
62	0.07137	0.13972	0.19364	0.08256	0.18657	0.03390	0.04356	0.04258	0.04001	0.08661	0.01331	0.01533	0.01010	0.00639	0.00598	0.00195	0.00795	0.00526	0.00378	0.00943
63	0.01681	0.01371	0.01472	0.01301	0.01669	0.01554	0.01017	0.08844	0.57186	0.04929	0.09236	0.02612	0.02325	0.00925	0.00679	0.00219	0.00519	0.00772	0.00678	0.01011
64	0.00802	0.00573	0.00764	0.00917	0.00955	0.00535	0.00611	0.00917	0.01260	0.01681	0.03628	0.76434	0.04354	0.02062	0.00840	0.00267	0.00382	0.01872	0.00611	0.00535
65	0.02393	0.02916	0.01912	0.01778	0.04870	0.63253	0.01307	0.07715	0.01913	0.01824	0.01064	0.01244	0.00877	0.00700	0.00657	0.00177	0.03792	0.00449	0.00361	0.00800
66	0.03753	0.10513	0.02307	0.29083	0.19923	0.06639	0.03632	0.07448	0.03515	0.05205	0.01281	0.01613	0.00994	0.00651	0.00622	0.00198	0.00816	0.00555	0.00369	0.00883
67	0.43750	0.01382	0.01349	0.01099	0.01559	0.01503	0.00906	0.19483	0.01791	0.19258	0.01466	0.01465	0.01024	0.00703	0.00529	0.00202	0.00575	0.00485	0.00563	0.00908
68	0.00801	0.00578	0.00759	0.00904	0.00952	0.00536	0.00605	0.00918	0.01273	0.01686	0.03784	0.72857	0.07832	0.02042	0.00837	0.00265	0.00379	0.01847	0.00611	0.00536
69	0.01593	0.06348	0.32729	0.14383	0.06335	0.01531	0.11728	0.02201	0.03968	0.10833	0.01418	0.01644	0.01016	0.00649	0.00649	0.00208	0.00885	0.00573	0.00371	0.00937
70	0.01950	0.09395	0.02317	0.10401	0.16502	0.25069	0.07194	0.08792	0.03507	0.03883	0.03963	0.01615	0.01183	0.00681	0.00628	0.00188	0.00907	0.00557	0.00391	0.00879
71	0.00864	0.00647	0.00808	0.00861	0.00993	0.00591	0.00637	0.01073	0.01531	0.02028	0.25177	0.29561	0.21833	0.01720	0.00813	0.00242	0.00374	0.09027	0.00645	0.00574
72	0.01588	0.01524	0.02588	0.10500	0.64313	0.01569	0.01985	0.01976	0.01467	0.02090	0.01221	0.01635	0.01022	0.00611	0.00699	0.00201	0.03100	0.00586	0.00322	0.01004
73	0.01578	0.08946	0.17409	0.21168	0.21766	0.04262	0.01834	0.07655	0.05270	0.02137	0.01275	0.01582	0.00988	0.00647	0.00626	0.00200	0.00836	0.00546	0.00349	0.00926
74	0.04887	0.08137	0.16076	0.02572	0.29767	0.23586	0.01756	0.02210	0.01562	0.01960	0.01124	0.01385	0.00916	0.00621	0.00602	0.00186	0.00925	0.00492	0.00320	0.00917
75	0.01612	0.01547	0.02641	0.07188	0.69743	0.01560	0.02012	0.02005	0.01491	0.02130	0.01235	0.01635	0.01035	0.00590	0.00652	0.00197	0.00786	0.00587	0.00324	0.01029
76	0.03649	0.01257	0.02196	0.62421	0.06028	0.01490	0.10189	0.01750	0.01344	0.01783	0.01184	0.01734	0.00892	0.00642	0.00665	0.00219	0.00893	0.00602	0.00302	0.00758
77	0.09925	0.01190	0.01513	0.01171	0.01672	0.01096	0.00967	0.08322	0.01910	0.61588	0.02368	0.02085	0.01508	0.00795	0.00639	0.00203	0.00568	0.00629	0.00766	0.01084
78	0.00983	0.00642	0.00814	0.00884	0.01004	0.00579	0.00619	0.01130	0.01391	0.07691	0.07769	0.52641	0.17700	0.01843	0.00810	0.00250	0.00383	0.01640	0.00634	0.00592
79	0.01144	0.00572	0.00858	0.00858	0.00858	0.00572	0.00572	0.00858	0.00858	0.01144	0.01144	0.02001	0.01144	0.02287	0.02573	0.80846	0.00572	0.00572	0.00286	0.00286
80	0.00822	0.00671	0.00727	0.00719	0.00924	0.00577	0.00544	0.01025	0.01585	0.01984	0.21870	0.06036	0.55195	0.01597	0.00781	0.00221	0.00336	0.03177	0.00638	0.00572
81	0.00957	0.00641	0.00732	0.00732	0.00736	0.00646	0.00416	0.00966	0.00961	0.01287	0.02062	0.04239	0.02363	0.73971	0.06203	0.00655	0.00683	0.00947	0.00397	0.00406
82	0.01409	0.01169	0.01370	0.00980	0.01563	0.00880	0.00785	0.01700	0.01379	0.04092	0.01209	0.01389	0.00993	0.00497	0.00492	0.00100	0.00490	0.00397	0.00402	0.78703
83	0.01320	0.03405	0.73453	0.01876	0.02849	0.01529	0.02432	0.02085	0.01390	0.02085	0.01181	0.01390	0.00834	0.00625	0.00625	0.00208	0.00973	0.00486	0.00278	0.00973
84	0.81514	0.01273	0.00968	0.00866	0.01273	0.01477	0.00713	0.01935	0.01120	0.02954	0.00917	0.01069	0.00713	0.00611	0.00407	0.00204	0.00509	0.00356	0.00407	0.00713
85	0.01637	0.01414	0.01489	0.01340	0.01712	0.01637	0.01042	0.03498	0.71568	0.02754	0.02679	0.02456	0.02010	0.00893	0.00670	0.00223	0.00521	0.00744	0.00670	0.01042
86	0.01243	0.01170	0.01975	0.75282	0.04534	0.01463	0.01828	0.01682	0.01316	0.01682	0.01170	0.01755	0.00878	0.00658	0.00658	0.00219	0.00878	0.00585	0.00293	0.00731
87	0.02503	0.01844	0.01976	0.01515	0.02042	0.02042	0.01251	0.70562	0.03095	0.04149	0.01581	0.01581	0.01120	0.00790	0.00659	0.00198	0.00724	0.00593	0.00659	0.01120
88	0.01026	0.00831	0.01221	0.01172	0.01270	0.01026	0.00928	0.01245	0.01050	0.01538	0.01610	0.02391	0.01513	0.04292	0.61961	0.00927	0.14365	0.00683	0.00342	0.00610
89	0.02196	0.01615	0.01746	0.01417	0.01882	0.01794	0.01145	0.38499	0.30176	0.09177	0.02099	0.01981	0.01514	0.00833	0.00663	0.00208	0.00630	0.00658	0.00676	0.01089
90	0.01720	0.01462	0.01622	0.01400	0.01799	0.01660	0.03781	0.11912	0.58154	0.02879	0.02597	0.02425	0.03810	0.00888	0.00676	0.00220	0.00565	0.00744	0.00654	0.01032
91	0.01699	0.28248	0.15826	0.02320	0.26376	0.06087	0.01684	0.04718	0.03636	0.01994	0.01160	0.01385	0.00957	0.00608	0.00565	0.00178	0.00803	0.00483	0.00326	0.00948
92	0.00888	0.00664	0.00855	0.00930	0.01052	0.00591	0.00650	0.01037	0.01293	0.01759	0.03385	0.61132	0.05976	0.01828	0.00794	0.00245	0.00405	0.04594	0.00581	0.11340
93	0.01509	0.03961	0.22611	0.01757	0.08823	0.05925	0.07208	0.04255	0.16552	0.02305	0.03704	0.02087	0.04202	0.00758	0.00631	0.00200	0.00736	0.00642	0.11232	0.00901
94	0.00931	0.00699	0.00887	0.00993	0.01133	0.00668	0.00784	0.01193	0.03729	0.01859	0.04268	0.28659	0.20405	0.01828	0.00848	0.00270	0.00468	0.29179	0.00611	0.00586
95	0.01059	0.00695	0.00896	0.00974	0.01076	0.00665	0.00678	0.05801	0.01426	0.06533	0.03422	0.66487	0.03956	0.01894	0.00816	0.00258	0.00417	0.01705	0.00628	0.00613
96	0.01422	0.01168	0.01371	0.00982	0.01564	0.00881	0.00787	0.01713	0.01384	0.04688	0.01221	0.01396	0.00999	0.00499	0.00494	0.00101	0.00490	0.00400	0.00405	0.78035
97	0.00957	0.00638	0.00718	0.00718	0.00718	0.00638	0.00399	0.00957	0.00957	0.01276	0.02074	0.04308	0.02393	0.76864	0.03351	0.00638	0.00638	0.00957	0.00399	0.00399
98	0.01629	0.01564	0.02672	0.04041	0.72757	0.01564	0.02020	0.02020	0.01499	0.02151	0.01238	0.01629	0.01043	0.00587	0.00652	0.00196	0.00782	0.00587	0.00326	0.01043
99	0.01629	0.01564	0.02672	0.04041	0.72757	0.01564	0.02020	0.02020	0.01499	0.02151	0.01238	0.01629	0.01043	0.00587	0.00652	0.00196	0.00782	0.00587	0.00326	0.01043
100	0.81514	0.01273	0.00968	0.00866	0.01273	0.01477	0.00713	0.01935	0.01120	0.02954	0.00917	0.01069	0.00713	0.00611	0.00407	0.00204	0.00509	0.00356	0.00407	0.00713
101	0.02954	0.01120	0.01528	0.01171	0.01681	0.00968	0.00968	0.03208	0.01884	0.73213	0.02597	0.02241	0.01630	0.00815	0.00662	0.00204	0.00560	0.00662	0.00815	0.01120
102	0.00957	0.00638	0.00718	0.00718	0.00718	0.00638	0.00399	0.00957	0.00957	0.01276	0.02074	0.04308	0.02393	0.76864	0.03351	0.00638	0.00638	0.00957	0.00399	0.00399
103	0.01440	0.01440	0.02016	0.01728	0.01728	0.02016	0.01440	0.01584	0.01008	0.01584	0.00864	0.01440	0.00864	0.01152	0.02160	0.00288	0.75659	0.00576	0.00288	0.00720
104	0.00802	0.00573	0.00764	0.00917	0.00955	0.00535	0.00611	0.00917	0.01260	0.01681	0.03628	0.76434	0.04354	0.02062	0.00840	0.00267	0.00382	0.01872	0.00611	0.00535
105	0.02954	0.01120	0.01528	0.01171	0.01681	0.00968	0.00968	0.03208	0.01884	0.73213	0.02597	0.02241	0.01630	0.00815	0.00662	0.00204	0.00560	0.00662	0.00815	0.01120
106	0.01533	0.01735	0.03755	0.07680	0.03515	0.01651	0.65730	0.02080	0.01538	0.02080	0.01321	0.01774	0.00991	0.00562	0.00769	0.00222	0.01094	0.00764	0.00330	0.00877
107	0.01554	0.01776	0.03885	0.02775	0.03441	0.01665	0.70366	0.02109	0.01554	0.02109	0.01332	0.01776	0.00999	0.00555	0.00777	0.00222	0.01110	0.00777	0.00333	0.00888
108	0.71829	0.01254	0.01037	0.00903	0.01323	0.01414	0.00744	0.02092	0.01215	0.11615	0.01124	0.01214	0.00826	0.00636	0.00439	0.00204	0.00516	0.00394	0.00458	0.00763
109	0.10487	0.03929	0.04521	0.03140	0.45001	0.07819	0.09630	0.02062	0.01474	0.02154	0.01174	0.01518	0.00969	0.00609	0.00667	0.00198	0.02806	0.00559	0.00333	0.00949
110	0.00791	0.00648	0.00698	0.00727	0.00908	0.00555	0.00529	0.00954	0.01470	0.01802	0.09398	0.20710	0.55065	0.01732	0.00791	0.00231	0.00342	0.01479	0.00617	0.00555
111	0.01378	0.01211	0.01536	0.01097	0.01688	0.00931	0.05510	0.01688	0.01378	0.02143	0.01181	0.01393	0.00977	0.00492	0.00507	0.00106	0.00530	0.00416	0.00386	0.75450
112	0.00791	0.00667	0.00685	0.00680	0.00897	0.00561	0.00510	0.00969	0.01531	0.01850	0.12129	0.06218	0.66985	0.01641	0.00778	0.00221	0.00332	0.01373	0.00621	0.00561
113	0.00874	0.00665	0.00804	0.00781	0.00951	0.00595	0.00581	0.01127	0.01710	0.02304	0.47040	0.09664	0.27520	0.01493	0.00781	0.00216	0.00322	0.01296	0.00681	0.00595
114	0.01365	0.01170	0.01365	0.00975	0.01560	0.00878	0.00780	0.01658	0.01365	0.02145	0.01170	0.01365	0.00975	0.00488	0.00488	0.00098	0.00488	0.00390	0.00390	0.80888
115	0.00889	0.00671	0.00821	0.00784	0.00957	0.00603	0.00588	0.01160	0.01763	0.02402	0.54240	0.05309	0.24530	0.01435	0.00777	0.00211	0.00317	0.01246	0.00693	0.00603
116	0.00985	0.00686	0.00887	0.00829	0.00999	0.00628	0.00625	0.01285	0.01842	0.04765	0.66283	0.04921	0.10076	0.01349	0.00773	0.00208	0.00320	0.01186	0.00721	0.00633
117	0.00938	0.00680	0.00889	0.00855	0.01012	0.00631	0.00654	0.01243	0.01824	0.02558	0.64686	0.05169	0.08026	0.01395	0.00788	0.00215	0.00336	0.06772	0.00711	0.00618
118	0.02413	0.01716	0.01847	0.01428	0.01923	0.01885	0.01175	0.62426	0.02910	0.06472	0.01664	0.01677	0.01185	0.00789	0.00642	0.00194	0.00684	0.00597	0.07297	0.01078
119	0.02459	0.03138	0.01866	0.01696	0.02035	0.74221	0.01272	0.02629	0.01866	0.01611	0.01018	0.01187	0.00848	0.00678	0.00594	0.00170	0.01187	0.00424	0.00339	0.00763
120	0.01683	0.01437	0.01514	0.01349	0.01729	0.01659	0.01053	0.07033	0.67959	0.02827	0.02622	0.02410	0.01963	0.00888	0.00669	0.00222	0.00532	0.00736	0.00669	0.01046
121	0.02503	0.01844	0.01976	0.01515	0.02042	0.02042	0.01251	0.70562	0.03095	0.04149	0.01581	0.01581	0.01120	0.00790	0.00659	0.00198	0.00724	0.00593	0.00659	0.01120
122	0.01683	0.01416	0.01503	0.01330	0.01705	0.01623	0.01040	0.09797	0.61342	0.02881	0.06249	0.02502	0.02146	0.00907	0.00674	0.00220	0.00529	0.00753	0.00672	0.01027
123	0.00810	0.00618	0.00744	0.00818	0.00935	0.00553	0.00573	0.00966	0.01419	0.01832	0.13115	0.43057	0.28516	0.01836	0.00811	0.00244	0.00356	0.01619	0.00625	0.00553
124	0.01038	0.00755	0.01015	0.01129	0.03691	0.00761	0.00850	0.01306	0.03245	0.01889	0.12447	0.07815	0.03524	0.19396	0.06428	0.00412	0.00649	0.32518	0.00549	0.00584
125	0.02229	0.02302	0.01769	0.01530	0.01853	0.38744	0.01190	0.17706	0.01976	0.05045	0.01303	0.01540	0.01052	0.03271	0.00881	0.00206	0.09965	0.00521	0.06089	0.00830
126	0.01733	0.01388	0.01563	0.01150	0.01716	0.01255	0.00933	0.23971	0.01925	0.02794	0.01303	0.01435	0.01022	0.00586	0.00543	0.00130	0.00564	0.00456	0.00477	0.55057
127	0.05794	0.01502	0.02499	0.12339	0.60883	0.01548	0.01929	0.01976	0.01457	0.02137	0.01213	0.01615	0.01006	0.00596	0.00640	0.00199	0.00779	0.00574	0.00326	0.00988
128	0.01144	0.00859	0.01059	0.04923	0.01285	0.04768	0.00782	0.03687	0.03438	0.01584	0.01945	0.16979	0.02017	0.08645	0.22554	0.21558	0.00935	0.00896	0.00407	0.00534
129	0.35820	0.01587	0.01837	0.02349	0.32218	0.08156	0.01360	0.03802	0.01400	0.02482	0.01080	0.01344	0.00882	0.00625	0.00580	0.00199	0.02565	0.00473	0.00370	0.00871
130	0.00889	0.00671	0.00821	0.00783	0.00957	0.00603	0.00588	0.01160	0.01763	0.02401	0.54175	0.05311	0.24596	0.01435	0.00777	0.00211	0.00317	0.01246	0.00693	0.00603
131	0.00951	0.00644	0.00757	0.00761	0.00774	0.00656	0.00451	0.00980	0.00976	0.01315	0.02081	0.06006	0.02363	0.67019	0.11061	0.00675	0.00755	0.00954	0.00399	0.00423
132	0.02459	0.03138	0.01866	0.01696	0.02035	0.74221	0.01272	0.02629	0.01866	0.01611	0.01018	0.01187	0.00848	0.00678	0.00594	0.00170	0.01187	0.00424	0.00339	0.00763
133	0.01308	0.01206	0.01957	0.69677	0.04333	0.01492	0.01777	0.04518	0.03894	0.01819	0.01240	0.01773	0.00928	0.00672	0.00659	0.00219	0.00859	0.00591	0.00321	0.00758
134	0.81514	0.01273	0.00968	0.00866	0.01273	0.01477	0.00713	0.01935	0.01120	0.02954	0.00917	0.01069	0.00713	0.00611	0.00407	0.00204	0.00509	0.00356	0.00407	0.00713
135	0.01192	0.00947	0.03892	0.04729	0.04097	0.00919	0.00846	0.01781	0.13606	0.02384	0.21730	0.06941	0.03041	0.01309	0.06089	0.00260	0.00530	0.00862	0.24124	0.00720
136	0.00850	0.00687	0.00769	0.00812	0.01011	0.00606	0.00645	0.01049	0.01496	0.01823	0.05769	0.08909	0.52984	0.01718	0.00813	0.00244	0.00404	0.18233	0.00610	0.00568
137	0.01360	0.01201	0.01216	0.01123	0.01413	0.05520	0.00866	0.02429	0.37482	0.02460	0.18442	0.03766	0.15829	0.01147	0.00715	0.00219	0.00483	0.02849	0.00650	0.00833
138	0.01353	0.00753	0.00960	0.00858	0.01087	0.00684	0.00661	0.01643	0.01784	0.16345	0.45835	0.04183	0.09067	0.01192	0.00715	0.00201	0.00360	0.01029	0.10576	0.00713
139	0.01575	0.01509	0.02574	0.14039	0.63182	0.01550	0.01993	0.01973	0.01473	0.02085	0.01229	0.01647	0.01020	0.00597	0.00653	0.00199	0.00795	0.00586	0.00321	0.00999
140	0.00903	0.00672	0.00840	0.00798	0.00966	0.00609	0.00598	0.01186	0.01795	0.02477	0.60013	0.05185	0.18710	0.01406	0.00777	0.00210	0.00315	0.01228	0.00703	0.00609
141	0.00826	0.00590	0.00791	0.00944	0.00993	0.00555	0.00653	0.00958	0.01284	0.01707	0.03615	0.70048	0.04302	0.02040	0.00847	0.00271	0.00403	0.08021	0.00611	0.00541
142	0.01597	0.31835	0.19732	0.02257	0.25335	0.01939	0.01717	0.02002	0.01404	0.01898	0.01095	0.01336	0.00912	0.00583	0.00549	0.00173	0.00785	0.00463	0.00300	0.04089
143	0.01395	0.01188	0.01381	0.00989	0.01573	0.00908	0.00792	0.03440	0.01410	0.02197	0.01181	0.01371	0.00979	0.00495	0.00492	0.00100	0.00494	0.00395	0.00397	0.78825
144	0.00800	0.00668	0.00700	0.00708	0.00917	0.00567	0.00534	0.00980	0.01517	0.01840	0.10854	0.08784	0.62903	0.01666	0.00785	0.00226	0.00344	0.04026	0.00619	0.00561
145	0.01999	0.07811	0.01869	0.05170	0.01963	0.01613	0.01097	0.34762	0.02210	0.05827	0.01402	0.01498	0.01054	0.00661	0.00580	0.00160	0.00642	0.00505	0.00521	0.28656
146	0.01637	0.01414	0.01489	0.01340	0.01712	0.01637	0.01042	0.03498	0.71568	0.02754	0.02679	0.02456	0.02010	0.00893	0.00670	0.00223	0.00521	0.00744	0.00670	0.01042
147	0.01881	0.20131	0.26148	0.01618	0.04374	0.01706	0.06566	0.08912	0.01661	0.16492	0.01605	0.01671	0.03006	0.00687	0.00604	0.00191	0.00788	0.00549	0.00439	0.00971
148	0.13586	0.27861	0.04050	0.01431	0.01870	0.32078	0.03893	0.02232	0.01522	0.01815	0.00979	0.01163	0.00834	0.00642	0.00577	0.00172	0.03767	0.00411	0.00326	0.00792
149	0.00822	0.00593	0.00783	0.00928	0.00985	0.00554	0.00643	0.00955	0.01294	0.01710	0.03777	0.67008	0.07898	0.02021	0.00843	0.00268	0.00398	0.07365	0.00611	0.00542
150	0.04812	0.01550	0.03943	0.02823	0.38866	0.01557	0.05773	0.05167	0.18450	0.07826	0.01695	0.01855	0.01303	0.00686	0.00655	0.00205	0.00714	0.00631	0.00462	0.01028
151	0.01729	0.01509	0.02449	0.03469	0.58702	0.01480	0.01806	0.04764	0.01576	0.07036	0.01338	0.01645	0.01079	0.00601	0.00638	0.00187	0.00738	0.00574	0.00378	0.08301
152	0.01416	0.19516	0.58182	0.01713	0.02596	0.01764	0.02147	0.02060	0.01379	0.01968	0.01123	0.01317	0.00836	0.00612	0.00581	0.00194	0.00914	0.00457	0.00279	0.00945
153	0.04844	0.58725	0.09173	0.01538	0.10506	0.02342	0.01330	0.01985	0.01353	0.01723	0.00977	0.01155	0.00863	0.00573	0.00467	0.00156	0.00729	0.00392	0.00292	0.00875
154	0.00872	0.00671	0.00797	0.00766	0.00947	0.00596	0.00574	0.01127	0.01722	0.02305	0.46862	0.05469	0.31969	0.01471	0.00777	0.00213	0.00319	0.01268	0.00681	0.00596
155	0.55852	0.07663	0.01355	0.01010	0.01449	0.01632	0.00843	0.10634	0.06948	0.02942	0.01148	0.01252	0.00886	0.00647	0.00464	0.00195	0.00552	0.00417	0.00448	0.03661
156	0.01882	0.11012	0.18625	0.02460	0.29921	0.01545	0.01737	0.02342	0.03315	0.18584	0.01538	0.01668	0.01132	0.00653	0.00621	0.00194	0.00758	0.00557	0.00432	0.01021
157	0.00906	0.00617	0.00733	0.00783	0.00796	0.00604	0.00469	0.00944	0.01057	0.01409	0.02585	0.28027	0.03038	0.52265	0.02525	0.00516	0.00554	0.01258	0.00469	0.00444
158	0.02153	0.01341	0.01525	0.01235	0.01651	0.01410	0.00997	0.28391	0.13850	0.20005	0.10790	0.02376	0.02070	0.00879	0.00657	0.00200	0.00561	0.00710	0.08200	0.00998
159	0.01553	0.05427	0.52005	0.01844	0.02674	0.06469	0.06703	0.08809	0.04357	0.02264	0.01270	0.01452	0.00920	0.00649	0.00632	0.00204	0.00946	0.00518	0.00338	0.00966
160	0.01613	0.19037	0.05572	0.16802	0.26122	0.01776	0.10591	0.02054	0.03875	0.04653	0.01262	0.01583	0.01007	0.00612	0.00616	0.00193	0.00815	0.00561	0.00339	0.00916
161	0.00906	0.00663	0.00850	0.00821	0.00972	0.00607	0.00609	0.01186	0.01776	0.02474	0.60137	0.11417	0.12246	0.01440	0.00782	0.00214	0.00319	0.01270	0.00704	0.00607
162	0.01319	0.01269	0.02084	0.46988	0.08883	0.01579	0.04743	0.01684	0.01260	0.01708	0.01137	0.01708	0.00923	0.00933	0.03965	0.00267	0.17901	0.00596	0.00298	0.00754
163	0.01703	0.32185	0.28094	0.01685	0.07014	0.04129	0.04427	0.02184	0.03294	0.07789	0.01238	0.01382	0.00957	0.00620	0.00556	0.00180	0.00819	0.00471	0.00342	0.00931
164	0.01247	0.04014	0.01732	0.03826	0.17457	0.02982	0.07792	0.03518	0.03409	0.01959	0.02783	0.28791	0.08273	0.01331	0.00757	0.00235	0.00620	0.08032	0.00495	0.00745
165	0.01044	0.00749	0.01039	0.01185	0.01336	0.00744	0.01029	0.01336	0.01507	0.01955	0.03594	0.09519	0.06059	0.01821	0.00903	0.00299	0.00590	0.64081	0.00607	0.00602
166	0.01266	0.04194	0.11404	0.01446	0.01845	0.06063	0.15345	0.03844	0.01606	0.02122	0.19622	0.10463	0.11846	0.04939	0.00864	0.00235	0.00679	0.00989	0.00497	0.00729
167	0.01880	0.12402	0.11625	0.07594	0.18841	0.04427	0.01516	0.04178	0.09803	0.16578	0.01694	0.03842	0.01296	0.00727	0.00624	0.00197	0.00731	0.00604	0.00468	0.00974
168	0.01369	0.03103	0.62525	0.01795	0.02677	0.01545	0.02221	0.02299	0.12047	0.02186	0.01409	0.01552	0.01012	0.00666	0.00632	0.00211	0.00904	0.00526	0.00337	0.00983
169	0.00828	0.00607	0.00793	0.00896	0.00967	0.00582	0.00617	0.00965	0.01264	0.01681	0.05598	0.53623	0.11614	0.05682	0.10618	0.00381	0.00568	0.01604	0.00571	0.00541
170	0.01484	0.01975	0.19300	0.02957	0.32737	0.01508	0.19573	0.01997	0.01507	0.02145	0.05068	0.01961	0.01339	0.00665	0.00692	0.00209	0.00880	0.02704	0.00346	0.00951

[dist]
# distance from previous block
# <min> <max>
1	2

[block]
# block no. 3 follows, 33 sequences, length 18
# corresponding to MSA columns:
# 363-380
name=unknown_D
#
# <colnr> <probs for GDERKNQSTAVLIFYWHMCP>
#	G	D	E	R	K	N	Q	S	T	A	V	L	I	F	Y	W	H	M	C	P
