[name]
unknown

[dist]
# distance from previous block
# <min> <max>
16	62

[block]
# block no. 0 follows, 32 sequences, length 58
# corresponding to MSA columns:
# 81-136,138,139
name=unknown_A
#
# <colnr> <probs for GDERKNQSTAVLIFYWHMCP>
#	G	D	E	R	K	N	Q	S	T	A	V	L	I	F	Y	W	H	M	C	P
0	0.06224	0.01360	0.05597	0.04008	0.07339	0.03608	0.02802	0.05548	0.08914	0.16134	0.13757	0.02923	0.04625	0.02806	0.00798	0.00223	0.02794	0.04675	0.00582	0.05281
1	0.08716	0.04666	0.03428	0.19603	0.07678	0.05799	0.01266	0.07557	0.01628	0.11871	0.05868	0.10329	0.04249	0.01076	0.03191	0.00244	0.00733	0.00778	0.00492	0.00828
2	0.01678	0.01227	0.01692	0.08348	0.16764	0.03301	0.01233	0.04350	0.03515	0.14605	0.06806	0.06879	0.05002	0.08965	0.01171	0.00268	0.09985	0.00806	0.02566	0.00840
3	0.05074	0.03865	0.08770	0.03808	0.01690	0.01263	0.01076	0.11899	0.12548	0.08746	0.06437	0.14092	0.05810	0.03840	0.05136	0.02977	0.00666	0.00905	0.00564	0.00835
4	0.01871	0.07998	0.09776	0.01601	0.07791	0.01636	0.01298	0.25533	0.11120	0.06433	0.03904	0.09327	0.01738	0.01048	0.03053	0.00236	0.00708	0.00747	0.03207	0.00975
5	0.06592	0.12410	0.07916	0.05738	0.06413	0.07320	0.09759	0.09861	0.07182	0.10318	0.01622	0.05660	0.01301	0.00758	0.00632	0.00198	0.00776	0.00637	0.00467	0.04439
6	0.05442	0.03972	0.05371	0.03632	0.02027	0.01412	0.10022	0.11603	0.07963	0.18950	0.05154	0.07792	0.01750	0.00886	0.00759	0.00211	0.04782	0.00748	0.00570	0.06954
7	0.18202	0.01442	0.06328	0.03625	0.06757	0.01345	0.05813	0.13701	0.01817	0.11915	0.12011	0.02376	0.06110	0.00845	0.00640	0.00204	0.00626	0.00695	0.00549	0.04998
8	0.01267	0.01193	0.02013	0.74806	0.04621	0.01491	0.01863	0.01714	0.01342	0.01714	0.01193	0.01789	0.00894	0.00671	0.00671	0.00224	0.00894	0.00596	0.00298	0.00745
9	0.01320	0.05705	0.04210	0.03978	0.17537	0.05167	0.06585	0.01700	0.03838	0.02192	0.23519	0.12351	0.04896	0.01188	0.02651	0.00236	0.00657	0.00973	0.00510	0.00788
10	0.01669	0.01441	0.01517	0.01365	0.01745	0.01669	0.01062	0.03565	0.71021	0.02807	0.02731	0.02503	0.02048	0.00910	0.00683	0.00228	0.00531	0.00759	0.00683	0.01062
11	0.01017	0.00695	0.00908	0.00854	0.01018	0.00639	0.00639	0.01300	0.01836	0.04911	0.63141	0.06737	0.08146	0.01417	0.00853	0.03002	0.00337	0.01199	0.00719	0.00634
12	0.01661	0.01594	0.02724	0.04119	0.72233	0.01594	0.02059	0.02059	0.01528	0.02192	0.01262	0.01661	0.01063	0.00598	0.00664	0.00199	0.00797	0.00598	0.00332	0.01063
13	0.01463	0.01190	0.01399	0.01003	0.01596	0.00898	0.00803	0.01759	0.01415	0.05295	0.01257	0.01431	0.01023	0.00512	0.00505	0.00104	0.00500	0.00410	0.00417	0.77021
14	0.01050	0.00693	0.00886	0.00904	0.01059	0.00621	0.00648	0.01244	0.01528	0.07685	0.21438	0.40050	0.12770	0.01692	0.00802	0.00238	0.00384	0.01504	0.00659	0.04144
15	0.04571	0.42525	0.08498	0.01427	0.01952	0.13184	0.04834	0.02249	0.07818	0.01825	0.01155	0.01313	0.00974	0.00659	0.00605	0.00175	0.04576	0.00452	0.00339	0.00868
16	0.02551	0.01879	0.02014	0.01544	0.02081	0.02081	0.01275	0.69996	0.03155	0.04229	0.01611	0.01611	0.01141	0.00805	0.00671	0.00201	0.00738	0.00604	0.00671	0.01141
17	0.01267	0.01193	0.02013	0.74806	0.04621	0.01491	0.01863	0.01714	0.01342	0.01714	0.01193	0.01789	0.00894	0.00671	0.00671	0.00224	0.00894	0.00596	0.00298	0.00745
18	0.01661	0.01594	0.02724	0.04119	0.72233	0.01594	0.02059	0.02059	0.01528	0.02192	0.01262	0.01661	0.01063	0.00598	0.00664	0.00199	0.00797	0.00598	0.00332	0.01063
19	0.01669	0.01441	0.01517	0.01365	0.01745	0.01669	0.01062	0.03565	0.71021	0.02807	0.02731	0.02503	0.02048	0.00910	0.00683	0.00228	0.00531	0.00759	0.00683	0.01062
20	0.00948	0.00649	0.00787	0.00812	0.00835	0.00660	0.00501	0.01000	0.01040	0.01403	0.02325	0.15663	0.02656	0.54615	0.12712	0.00649	0.00767	0.01090	0.00435	0.00455
21	0.00818	0.00584	0.00779	0.00934	0.00973	0.00545	0.00623	0.00934	0.01285	0.01713	0.03698	0.75981	0.04438	0.02102	0.00856	0.00273	0.00389	0.01908	0.00623	0.00545
22	0.00854	0.00685	0.00769	0.00788	0.00982	0.00600	0.00603	0.01061	0.01577	0.01977	0.17285	0.11156	0.48387	0.01689	0.00812	0.00236	0.00371	0.08942	0.00642	0.00582
23	0.01794	0.76823	0.03516	0.01148	0.01722	0.02655	0.01148	0.02009	0.01363	0.01579	0.00933	0.01076	0.00861	0.00574	0.00431	0.00144	0.00718	0.00359	0.00287	0.00861
24	0.01897	0.01520	0.01919	0.05838	0.02124	0.01665	0.08550	0.33296	0.15589	0.03105	0.02006	0.09326	0.01680	0.03119	0.04960	0.00279	0.00774	0.00799	0.00586	0.00968
25	0.00959	0.00719	0.01078	0.01078	0.01198	0.00839	0.00839	0.01198	0.01078	0.01558	0.01797	0.02636	0.01677	0.05032	0.73760	0.01078	0.01797	0.00719	0.00359	0.00599
26	0.01630	0.01563	0.02668	0.09688	0.66906	0.01586	0.02044	0.02032	0.01513	0.02154	0.01257	0.01671	0.01050	0.00604	0.00665	0.00201	0.00805	0.00598	0.00329	0.01038
27	0.01668	0.12002	0.04260	0.01698	0.01986	0.06088	0.09286	0.10711	0.01484	0.02023	0.01160	0.01587	0.01016	0.01364	0.09493	0.00332	0.32080	0.00585	0.00358	0.00819
28	0.00889	0.00641	0.00856	0.01004	0.01084	0.00608	0.00743	0.01061	0.01369	0.01799	0.03818	0.53635	0.07762	0.02013	0.00872	0.00280	0.00449	0.19929	0.00621	0.00566
29	0.01074	0.00754	0.01057	0.01204	0.01345	0.00753	0.01035	0.01343	0.01499	0.01952	0.03436	0.10297	0.03748	0.01889	0.01011	0.04442	0.00606	0.61355	0.00601	0.00598
30	0.04099	0.16075	0.58532	0.01746	0.02646	0.01746	0.02190	0.02100	0.01398	0.02060	0.01148	0.01347	0.00848	0.00626	0.00594	0.00200	0.00928	0.00468	0.00288	0.00960
31	0.05575	0.05649	0.02095	0.02141	0.20564	0.09209	0.01395	0.21141	0.16471	0.06565	0.01682	0.01754	0.01275	0.00742	0.00641	0.00201	0.00740	0.00597	0.00527	0.01034
32	0.02387	0.02594	0.02060	0.01737	0.02131	0.42830	0.05084	0.22563	0.02188	0.02436	0.01213	0.01383	0.00956	0.00756	0.00761	0.00194	0.06884	0.00515	0.00438	0.00889
33	0.01702	0.01432	0.01829	0.01563	0.09359	0.01293	0.05091	0.17681	0.01828	0.02661	0.01307	0.01496	0.01037	0.00584	0.00573	0.00141	0.00622	0.00490	0.00451	0.48859
34	0.00947	0.00687	0.00904	0.00931	0.01073	0.00644	0.00718	0.01221	0.01704	0.02338	0.42731	0.17130	0.09359	0.01610	0.00830	0.00242	0.00393	0.15239	0.00688	0.00612
35	0.01048	0.00712	0.00912	0.00867	0.01051	0.00649	0.00662	0.01335	0.01811	0.06446	0.53151	0.07478	0.14696	0.01436	0.00795	0.00220	0.00353	0.05012	0.00718	0.00649
36	0.00831	0.00604	0.00778	0.00896	0.00963	0.00558	0.00607	0.00969	0.01357	0.01802	0.10211	0.60736	0.11264	0.03906	0.00910	0.00272	0.00384	0.01771	0.00628	0.00552
37	0.00967	0.00647	0.00734	0.00743	0.00745	0.00645	0.00419	0.00973	0.00993	0.01324	0.02202	0.08342	0.02550	0.72317	0.03274	0.00630	0.00636	0.01027	0.00419	0.00414
38	0.01448	0.00765	0.01003	0.00936	0.01150	0.00695	0.00703	0.01695	0.01690	0.19674	0.29696	0.23792	0.04244	0.01388	0.00752	0.00222	0.00399	0.01221	0.07793	0.00734
39	0.01468	0.01468	0.02055	0.01762	0.01762	0.02055	0.01468	0.01615	0.01028	0.01615	0.00881	0.01468	0.00881	0.01174	0.02202	0.00294	0.75191	0.00587	0.00294	0.00734
40	0.01080	0.00898	0.01331	0.05543	0.01513	0.01123	0.01026	0.01313	0.01084	0.01578	0.01576	0.02350	0.01470	0.03995	0.54986	0.00869	0.16601	0.00685	0.00343	0.00635
41	0.02506	0.03198	0.01901	0.01729	0.02074	0.73725	0.01296	0.02679	0.01901	0.01642	0.01037	0.01210	0.00864	0.00691	0.00605	0.00173	0.01210	0.00432	0.00346	0.00778
42	0.02506	0.03198	0.01901	0.01729	0.02074	0.73725	0.01296	0.02679	0.01901	0.01642	0.01037	0.01210	0.00864	0.00691	0.00605	0.00173	0.01210	0.00432	0.00346	0.00778
43	0.00818	0.00584	0.00779	0.00934	0.00973	0.00545	0.00623	0.00934	0.01285	0.01713	0.03698	0.75981	0.04438	0.02102	0.00856	0.00273	0.00389	0.01908	0.00623	0.00545
44	0.01201	0.00910	0.01093	0.01121	0.01308	0.00942	0.00863	0.09133	0.12159	0.02237	0.03512	0.35171	0.08533	0.01688	0.00822	0.00263	0.00500	0.17201	0.00636	0.00709
45	0.01661	0.01594	0.02724	0.04119	0.72233	0.01594	0.02059	0.02059	0.01528	0.02192	0.01262	0.01661	0.01063	0.00598	0.00664	0.00199	0.00797	0.00598	0.00332	0.01063
46	0.08867	0.01847	0.02466	0.04506	0.02491	0.13782	0.26069	0.08359	0.13369	0.02431	0.05389	0.01908	0.01434	0.00739	0.00741	0.00215	0.03365	0.00681	0.00453	0.00889
47	0.01346	0.03471	0.72942	0.01912	0.02904	0.01558	0.02479	0.02125	0.01417	0.02125	0.01204	0.01417	0.00850	0.00637	0.00637	0.00212	0.00992	0.00496	0.00283	0.00992
48	0.02015	0.51158	0.02950	0.01326	0.01833	0.20602	0.01190	0.06222	0.04012	0.01793	0.01061	0.01191	0.00919	0.00629	0.00498	0.00157	0.00837	0.00406	0.00338	0.00863
49	0.01919	0.03625	0.04287	0.01572	0.01817	0.01652	0.04623	0.03884	0.01385	0.22011	0.01512	0.01880	0.01207	0.05417	0.01625	0.00277	0.39343	0.00636	0.00465	0.00862
50	0.01404	0.01434	0.06015	0.01593	0.01722	0.01682	0.04817	0.05304	0.01200	0.01768	0.01298	0.04629	0.01305	0.13088	0.05248	0.00370	0.45352	0.00707	0.00348	0.00716
51	0.00955	0.00655	0.00797	0.00814	0.00839	0.00671	0.00505	0.01010	0.01028	0.01391	0.02234	0.11980	0.02528	0.55861	0.15317	0.00683	0.00820	0.01034	0.00422	0.00455
52	0.01267	0.01193	0.02013	0.74806	0.04621	0.01491	0.01863	0.01714	0.01342	0.01714	0.01193	0.01789	0.00894	0.00671	0.00671	0.00224	0.00894	0.00596	0.00298	0.00745
53	0.08408	0.08332	0.10775	0.01348	0.01803	0.05742	0.03530	0.19314	0.01834	0.10033	0.01701	0.05835	0.01463	0.11667	0.05055	0.00313	0.00802	0.00679	0.00497	0.00870
54	0.01377	0.01796	0.15443	0.08036	0.11533	0.01419	0.30552	0.01864	0.01470	0.02032	0.01761	0.16144	0.01649	0.00890	0.00751	0.00229	0.00902	0.00916	0.00380	0.00858
55	0.00837	0.00673	0.00747	0.00746	0.00938	0.00583	0.00553	0.01043	0.01609	0.02042	0.24163	0.11885	0.48536	0.01644	0.00798	0.00226	0.00338	0.01402	0.00654	0.00583
56	0.06253	0.01904	0.04993	0.03001	0.35643	0.11746	0.14896	0.06201	0.01679	0.05375	0.01310	0.01611	0.01032	0.00630	0.00667	0.00202	0.00897	0.00599	0.00380	0.00979
57	0.01828	0.04080	0.09720	0.02654	0.17163	0.01683	0.32859	0.11170	0.01785	0.08211	0.01450	0.01733	0.01076	0.00633	0.00715	0.00212	0.00940	0.00677	0.00415	0.00995

[dist]
# distance from previous block
# <min> <max>
0	1

[block]
# block no. 1 follows, 32 sequences, length 34
# corresponding to MSA columns:
# 141-174
name=unknown_B
#
# <colnr> <probs for GDERKNQSTAVLIFYWHMCP>
#	G	D	E	R	K	N	Q	S	T	A	V	L	I	F	Y	W	H	M	C	P
0	0.01576	0.01329	0.01307	0.01230	0.01476	0.14261	0.02870	0.02065	0.14028	0.10625	0.06621	0.31751	0.05330	0.01377	0.00749	0.00232	0.00603	0.01194	0.00606	0.00769
1	0.66250	0.04449	0.01314	0.01069	0.01495	0.09151	0.03895	0.02056	0.01250	0.02773	0.00964	0.01134	0.00759	0.00626	0.00453	0.00202	0.00627	0.00390	0.00400	0.00745
2	0.72730	0.01248	0.00984	0.00879	0.01284	0.01420	0.00720	0.01945	0.01196	0.05310	0.01413	0.01515	0.05858	0.00707	0.00451	0.00209	0.00508	0.00449	0.00444	0.00729
3	0.01702	0.01693	0.02465	0.13680	0.38073	0.08425	0.07726	0.04191	0.11099	0.02208	0.01450	0.01764	0.01153	0.00663	0.00674	0.00207	0.00842	0.00621	0.00387	0.00978
4	0.00888	0.00629	0.00832	0.00961	0.01021	0.00601	0.00680	0.01033	0.01319	0.01756	0.06132	0.52690	0.04176	0.10676	0.01164	0.00321	0.00458	0.13518	0.00601	0.00545
5	0.01630	0.01393	0.01553	0.01462	0.04436	0.01604	0.01103	0.06032	0.55952	0.02719	0.04357	0.02630	0.02085	0.01129	0.04014	0.00268	0.03108	0.02873	0.00641	0.01008
6	0.01230	0.01083	0.01687	0.07189	0.20477	0.01114	0.04313	0.01558	0.01585	0.02177	0.21452	0.04061	0.11172	0.01179	0.00871	0.00233	0.05932	0.11404	0.00517	0.00765
7	0.00840	0.00629	0.00781	0.00854	0.00964	0.00569	0.00598	0.01014	0.01477	0.01950	0.19313	0.43870	0.21001	0.01846	0.00827	0.00248	0.00362	0.01639	0.00648	0.00569
8	0.01267	0.01193	0.02013	0.74806	0.04621	0.01491	0.01863	0.01714	0.01342	0.01714	0.01193	0.01789	0.00894	0.00671	0.00671	0.00224	0.00894	0.00596	0.00298	0.00745
9	0.02506	0.03198	0.01901	0.01729	0.02074	0.73725	0.01296	0.02679	0.01901	0.01642	0.01037	0.01210	0.00864	0.00691	0.00605	0.00173	0.01210	0.00432	0.00346	0.00778
10	0.09809	0.04447	0.02053	0.10190	0.02392	0.41869	0.07683	0.04377	0.01729	0.05363	0.01162	0.01390	0.00916	0.00693	0.00663	0.00193	0.03387	0.00498	0.00376	0.00810
11	0.00828	0.00601	0.00783	0.00907	0.00971	0.00555	0.00616	0.00968	0.01361	0.01814	0.10472	0.64202	0.09435	0.02003	0.00846	0.00263	0.00379	0.01806	0.00634	0.00555
12	0.00968	0.00647	0.00734	0.00742	0.00744	0.00645	0.00417	0.00974	0.00991	0.01321	0.02191	0.07878	0.02537	0.72799	0.03291	0.00632	0.00638	0.01021	0.00417	0.00413
13	0.09287	0.01993	0.14856	0.02704	0.20083	0.01660	0.29579	0.07510	0.01624	0.02404	0.01288	0.01622	0.00983	0.00610	0.00688	0.00213	0.00935	0.00638	0.00362	0.00960
14	0.01232	0.00746	0.00985	0.00895	0.01100	0.00680	0.00682	0.01535	0.01885	0.12368	0.60342	0.06652	0.05630	0.01317	0.00777	0.00212	0.00354	0.01159	0.00748	0.00701
15	0.00979	0.00712	0.01046	0.01046	0.01168	0.00824	0.00812	0.01224	0.01102	0.01625	0.01825	0.02626	0.01680	0.04729	0.68533	0.01013	0.01691	0.00712	0.06049	0.00601
16	0.00818	0.00584	0.00779	0.00934	0.00973	0.00545	0.00623	0.00934	0.01285	0.01713	0.03698	0.75981	0.04438	0.02102	0.00856	0.00273	0.00389	0.01908	0.00623	0.00545
17	0.01417	0.01345	0.02283	0.47912	0.30345	0.01530	0.01938	0.01846	0.01413	0.01896	0.01219	0.01740	0.00959	0.00643	0.00668	0.00214	0.00857	0.00597	0.00311	0.00866
18	0.02409	0.02751	0.01881	0.01787	0.06132	0.55969	0.01291	0.02784	0.09177	0.07573	0.01360	0.01460	0.01066	0.00720	0.00622	0.00183	0.01062	0.00496	0.00420	0.00854
19	0.02367	0.01636	0.01814	0.01444	0.01916	0.01771	0.01187	0.53633	0.02785	0.10588	0.02000	0.07407	0.01622	0.00975	0.00703	0.00215	0.00688	0.05508	0.00680	0.01061
20	0.01656	0.06970	0.02221	0.17409	0.08529	0.09409	0.03471	0.01913	0.01314	0.05304	0.01103	0.01549	0.00940	0.00890	0.01333	0.00241	0.34047	0.00568	0.00331	0.00804
21	0.01429	0.01221	0.01762	0.26260	0.04453	0.05738	0.07335	0.01794	0.04374	0.07917	0.02091	0.22344	0.02043	0.03236	0.00887	0.00248	0.04668	0.00989	0.00460	0.00752
22	0.01745	0.04392	0.23756	0.01448	0.02114	0.03164	0.04485	0.07619	0.03627	0.13606	0.01903	0.01958	0.06172	0.00727	0.00623	0.00182	0.00725	0.00589	0.00470	0.20694
23	0.01794	0.76823	0.03516	0.01148	0.01722	0.02655	0.01148	0.02009	0.01363	0.01579	0.00933	0.01076	0.00861	0.00574	0.00431	0.00144	0.00718	0.00359	0.00287	0.00861
24	0.01391	0.01193	0.01391	0.00994	0.01590	0.00894	0.00795	0.01690	0.01391	0.02186	0.01193	0.01391	0.00994	0.00497	0.00497	0.00099	0.00497	0.00398	0.00398	0.80521
25	0.01792	0.00832	0.00973	0.00844	0.01122	0.00792	0.00664	0.04945	0.01665	0.22852	0.07285	0.02581	0.02008	0.00839	0.00560	0.00177	0.00406	0.00681	0.48184	0.00797
26	0.11906	0.01151	0.01459	0.03102	0.01696	0.01080	0.00972	0.06111	0.01858	0.51558	0.07329	0.02497	0.01924	0.00879	0.00662	0.00212	0.00565	0.03269	0.00745	0.01026
27	0.01331	0.01131	0.01385	0.01128	0.04235	0.00934	0.00841	0.01602	0.01325	0.02044	0.01311	0.01741	0.01164	0.06351	0.08075	0.00246	0.02909	0.00484	0.00389	0.61374
28	0.01135	0.00815	0.00998	0.02998	0.01220	0.00790	0.00724	0.07637	0.01744	0.05354	0.27118	0.16739	0.21610	0.01746	0.06007	0.00287	0.00507	0.01250	0.00648	0.00671
29	0.03827	0.09508	0.03931	0.13406	0.24258	0.03945	0.04476	0.11821	0.06429	0.03944	0.04813	0.01812	0.01337	0.00720	0.00690	0.00204	0.02893	0.00610	0.00426	0.00950
30	0.08053	0.01686	0.01922	0.28698	0.13018	0.14895	0.01507	0.10135	0.01675	0.02203	0.01316	0.04884	0.01094	0.00730	0.00635	0.00202	0.00844	0.00596	0.00386	0.05522
31	0.07967	0.03928	0.04500	0.10646	0.33747	0.01685	0.01662	0.16198	0.03323	0.04207	0.01398	0.03280	0.01128	0.00712	0.00684	0.00207	0.02703	0.00604	0.00427	0.00991
32	0.01561	0.17870	0.36498	0.02132	0.13509	0.06242	0.06838	0.02095	0.01462	0.01985	0.01226	0.03413	0.00995	0.00656	0.00615	0.00197	0.00913	0.00539	0.00309	0.00945
33	0.01576	0.01786	0.10521	0.04756	0.13624	0.01532	0.39994	0.02089	0.01525	0.05546	0.01442	0.01849	0.01104	0.00920	0.05960	0.00279	0.01054	0.00709	0.02819	0.00915

[dist]
# distance from previous block
# <min> <max>
0	4

[block]
# block no. 2 follows, 32 sequences, length 21
# corresponding to MSA columns:
# 181-201
name=unknown_C
#
# <colnr> <probs for GDERKNQSTAVLIFYWHMCP>
#	G	D	E	R	K	N	Q	S	T	A	V	L	I	F	Y	W	H	M	C	P
0	0.01882	0.09148	0.01800	0.01454	0.01762	0.39106	0.03978	0.03966	0.01712	0.01794	0.04847	0.15490	0.05626	0.01167	0.03130	0.00227	0.00932	0.00812	0.00432	0.00735
1	0.01440	0.01084	0.01484	0.18620	0.09377	0.05043	0.01157	0.01645	0.03993	0.07206	0.01762	0.11510	0.01656	0.01377	0.01249	0.23085	0.00683	0.03234	0.00416	0.03977
2	0.04482	0.04749	0.02151	0.08169	0.17266	0.32324	0.03441	0.05612	0.03229	0.07340	0.01279	0.01502	0.01009	0.00701	0.00693	0.00194	0.04044	0.00527	0.00396	0.00890
3	0.01468	0.01468	0.02055	0.01762	0.01762	0.02055	0.01468	0.01615	0.01028	0.01615	0.00881	0.01468	0.00881	0.01174	0.02202	0.00294	0.75191	0.00587	0.00294	0.00734
4	0.01391	0.01193	0.01391	0.00994	0.01590	0.00894	0.00795	0.01690	0.01391	0.02186	0.01193	0.01391	0.00994	0.00497	0.00497	0.00099	0.00497	0.00398	0.00398	0.80521
5	0.00815	0.00594	0.00768	0.00908	0.00966	0.00547	0.00611	0.00937	0.01310	0.01723	0.04021	0.68750	0.11461	0.02060	0.00850	0.00268	0.00384	0.01856	0.00623	0.00547
6	0.01090	0.00934	0.00972	0.01051	0.01160	0.08251	0.00742	0.04483	0.01448	0.01833	0.03365	0.56673	0.06579	0.01991	0.03870	0.00292	0.00555	0.03522	0.00585	0.00603
7	0.01413	0.01234	0.01560	0.04891	0.09084	0.00996	0.00978	0.01729	0.01403	0.02164	0.01200	0.01439	0.00996	0.00516	0.00523	0.00116	0.00547	0.00428	0.00386	0.68396
8	0.00822	0.00590	0.00773	0.00918	0.00963	0.00549	0.00611	0.00937	0.01284	0.01703	0.03766	0.70980	0.06977	0.04495	0.00937	0.00283	0.00396	0.01858	0.00616	0.00541
9	0.00905	0.00632	0.00742	0.00793	0.00829	0.00607	0.00488	0.00961	0.01134	0.01489	0.03119	0.28025	0.10324	0.44336	0.02305	0.00483	0.00533	0.01326	0.00500	0.00468
10	0.01615	0.01546	0.02472	0.06950	0.53201	0.04171	0.05101	0.02053	0.04407	0.02137	0.01402	0.01876	0.01188	0.04713	0.00809	0.00224	0.00794	0.00629	0.03735	0.00975
11	0.81159	0.01298	0.00986	0.00882	0.01298	0.01505	0.00727	0.01972	0.01142	0.03010	0.00934	0.01090	0.00727	0.00623	0.00415	0.00208	0.00519	0.00363	0.00415	0.00727
12	0.01456	0.01231	0.01426	0.01024	0.01617	0.00960	0.00822	0.05476	0.01489	0.02300	0.01216	0.01404	0.01002	0.00514	0.00507	0.00105	0.00510	0.00409	0.00413	0.76121
13	0.01669	0.01441	0.01517	0.01365	0.01745	0.01669	0.01062	0.03565	0.71021	0.02807	0.02731	0.02503	0.02048	0.00910	0.00683	0.00228	0.00531	0.00759	0.00683	0.01062
14	0.03010	0.01142	0.01557	0.01194	0.01713	0.00986	0.00986	0.03270	0.01920	0.72698	0.02647	0.02284	0.01661	0.00830	0.00675	0.00208	0.00571	0.00675	0.00830	0.01142
15	0.02261	0.01026	0.01345	0.01128	0.01517	0.00938	0.00905	0.02657	0.08025	0.45326	0.09802	0.10699	0.05545	0.01115	0.00724	0.00223	0.00516	0.04510	0.00766	0.00970
16	0.00813	0.00681	0.00707	0.00701	0.00919	0.00575	0.00526	0.01002	0.01577	0.01925	0.15110	0.06273	0.63578	0.01657	0.00793	0.00225	0.00337	0.01390	0.00638	0.00575
17	0.02064	0.01514	0.01659	0.01384	0.01815	0.01673	0.01113	0.28578	0.32589	0.09623	0.06161	0.02471	0.01973	0.00924	0.00693	0.00218	0.00605	0.03192	0.00692	0.01059
18	0.00971	0.00668	0.00819	0.00819	0.00849	0.00698	0.00515	0.01032	0.01002	0.01366	0.02034	0.03950	0.02248	0.58468	0.21104	0.00758	0.00939	0.00911	0.00395	0.00455
19	0.01848	0.11580	0.08939	0.03834	0.18035	0.01696	0.05892	0.18161	0.01871	0.05311	0.01342	0.01537	0.01039	0.00638	0.00611	0.00178	0.00750	0.00537	0.00433	0.15767
20	0.01570	0.19701	0.45983	0.01644	0.02452	0.01787	0.01951	0.02310	0.08671	0.05878	0.01379	0.01500	0.01021	0.00662	0.00597	0.00198	0.00859	0.00502	0.00355	0.00978

[dist]
# distance from previous block
# <min> <max>
0	2

[block]
# block no. 3 follows, 32 sequences, length 15
# corresponding to MSA columns:
# 204-218
name=unknown_D
#
# <colnr> <probs for GDERKNQSTAVLIFYWHMCP>
#	G	D	E	R	K	N	Q	S	T	A	V	L	I	F	Y	W	H	M	C	P
0	0.01793	0.01264	0.01415	0.01234	0.01605	0.01366	0.00969	0.06461	0.42101	0.14760	0.12604	0.02994	0.06463	0.01000	0.00702	0.00220	0.00508	0.00837	0.00712	0.00992
1	0.02077	0.32271	0.06811	0.01395	0.01888	0.26536	0.01238	0.05161	0.03731	0.07137	0.01497	0.01575	0.04624	0.00715	0.00557	0.00172	0.00867	0.00492	0.00393	0.00864
2	0.01600	0.01316	0.01503	0.01093	0.01679	0.01108	0.00882	0.13992	0.01709	0.02554	0.01268	0.01431	0.01020	0.00552	0.00528	0.00118	0.00540	0.00435	0.00447	0.66224
3	0.03490	0.06139	0.02486	0.01856	0.04644	0.01600	0.22672	0.15170	0.07693	0.13915	0.09375	0.02181	0.01792	0.00791	0.00749	0.00213	0.02986	0.00733	0.00550	0.00965
4	0.06463	0.11136	0.02337	0.01867	0.10441	0.10844	0.13652	0.12445	0.01828	0.09044	0.02153	0.02250	0.11016	0.00811	0.00656	0.00199	0.00790	0.00692	0.00474	0.00903
5	0.00925	0.00699	0.00864	0.00862	0.01040	0.00637	0.00673	0.01197	0.01728	0.02311	0.40710	0.05883	0.25515	0.01552	0.00815	0.00232	0.00375	0.12686	0.00683	0.00611
6	0.04999	0.01469	0.01617	0.01434	0.05816	0.11307	0.01073	0.08533	0.01913	0.43510	0.02305	0.09395	0.01720	0.00916	0.00674	0.00208	0.00668	0.00744	0.00686	0.01013
7	0.01679	0.01657	0.02787	0.09410	0.52310	0.04052	0.11508	0.04486	0.01591	0.02202	0.01275	0.01675	0.01039	0.00610	0.00681	0.00204	0.00864	0.00620	0.00343	0.01008
8	0.00836	0.00630	0.00764	0.00837	0.00946	0.00569	0.00580	0.00991	0.01427	0.01858	0.14018	0.42104	0.24519	0.05516	0.00954	0.00269	0.00377	0.01620	0.00628	0.00557
9	0.00989	0.00716	0.00877	0.00940	0.01032	0.00704	0.00650	0.04631	0.03863	0.01870	0.06729	0.44059	0.07639	0.16595	0.01343	0.00338	0.00471	0.05388	0.00590	0.00576
10	0.01750	0.01789	0.02555	0.09095	0.57294	0.11722	0.01937	0.02120	0.01566	0.02079	0.01225	0.01607	0.01022	0.00616	0.00656	0.00197	0.00862	0.00574	0.00331	0.00999
11	0.00948	0.00704	0.00931	0.00975	0.01113	0.00654	0.02779	0.01179	0.03554	0.03678	0.10184	0.44422	0.17803	0.01824	0.00831	0.00256	0.00422	0.06506	0.00631	0.00604
12	0.00826	0.00602	0.00761	0.00883	0.00946	0.00556	0.00591	0.00941	0.01296	0.01696	0.04015	0.60832	0.13775	0.07631	0.01040	0.00294	0.00402	0.01768	0.00607	0.00538
13	0.01733	0.04810	0.35829	0.02338	0.17201	0.05590	0.08892	0.02292	0.01549	0.11380	0.01404	0.01599	0.01019	0.00648	0.00655	0.00206	0.00914	0.00563	0.00375	0.01002
14	0.01730	0.01527	0.02421	0.10915	0.32620	0.03489	0.11214	0.07360	0.05655	0.07575	0.01847	0.03868	0.05203	0.00754	0.00696	0.00211	0.00794	0.00714	0.00437	0.00969

[dist]
# distance from previous block
# <min> <max>
0	2

[block]
# block no. 4 follows, 32 sequences, length 14
# corresponding to MSA columns:
# 221-234
name=unknown_E
#
# <colnr> <probs for GDERKNQSTAVLIFYWHMCP>
#	G	D	E	R	K	N	Q	S	T	A	V	L	I	F	Y	W	H	M	C	P
0	0.02493	0.01371	0.01662	0.01337	0.01788	0.01395	0.01104	0.28528	0.02301	0.33941	0.02339	0.05966	0.01790	0.00993	0.00751	0.00221	0.02779	0.07468	0.00723	0.01049
1	0.15414	0.01698	0.02991	0.02515	0.13492	0.01701	0.38091	0.11429	0.01715	0.02590	0.01305	0.01636	0.00992	0.00613	0.00691	0.00215	0.00921	0.00663	0.00397	0.00931
2	0.10087	0.63553	0.03147	0.01164	0.01680	0.02492	0.01127	0.01977	0.01316	0.01731	0.00929	0.01106	0.00848	0.00622	0.00555	0.00161	0.05990	0.00375	0.00301	0.00838
3	0.01629	0.01562	0.02667	0.09742	0.66854	0.01586	0.02044	0.02032	0.01513	0.02154	0.01257	0.01671	0.01049	0.00604	0.00665	0.00201	0.00805	0.00598	0.00329	0.01038
4	0.00865	0.00618	0.00833	0.00988	0.01048	0.00586	0.00705	0.01016	0.01331	0.01766	0.03672	0.63703	0.04334	0.02058	0.00869	0.00279	0.00430	0.13719	0.00622	0.00558
5	0.00926	0.00643	0.00748	0.00787	0.00824	0.00623	0.00486	0.00979	0.01119	0.01467	0.02995	0.20236	0.10204	0.50060	0.02505	0.00513	0.00560	0.03384	0.00483	0.00460
6	0.00976	0.00744	0.00924	0.00872	0.01084	0.00660	0.00672	0.01257	0.01723	0.02377	0.43476	0.07284	0.17627	0.01411	0.00776	0.00214	0.00372	0.07897	0.00666	0.08987
7	0.00885	0.00674	0.00817	0.00819	0.00984	0.00605	0.00611	0.01126	0.01677	0.02234	0.37806	0.14954	0.28113	0.01601	0.00807	0.00229	0.00348	0.04433	0.00679	0.00598
8	0.81159	0.01298	0.00986	0.00882	0.01298	0.01505	0.00727	0.01972	0.01142	0.03010	0.00934	0.01090	0.00727	0.00623	0.00415	0.00208	0.00519	0.00363	0.00415	0.00727
9	0.10897	0.01158	0.01500	0.01162	0.01671	0.01039	0.00960	0.03139	0.01842	0.65666	0.02474	0.02163	0.01567	0.00810	0.00649	0.00208	0.00566	0.00643	0.00789	0.01100
10	0.01509	0.01459	0.02574	0.15607	0.44249	0.01489	0.10788	0.01929	0.01543	0.02158	0.08662	0.02053	0.01580	0.00687	0.00695	0.00208	0.00807	0.00688	0.00370	0.00943
11	0.01015	0.00705	0.00853	0.00815	0.01011	0.00626	0.00611	0.01262	0.01727	0.06718	0.39733	0.10394	0.29039	0.01505	0.00789	0.00221	0.00346	0.01300	0.00695	0.00635
12	0.01540	0.35219	0.42893	0.01582	0.02393	0.02033	0.01903	0.02075	0.01394	0.01888	0.01087	0.01269	0.00855	0.00610	0.00548	0.00183	0.00873	0.00437	0.00285	0.00935
13	0.30656	0.06651	0.01646	0.01376	0.04924	0.16506	0.01053	0.09257	0.08444	0.11470	0.01429	0.01480	0.01067	0.00705	0.00551	0.00197	0.00717	0.00490	0.00493	0.00888

[dist]
# distance from previous block
# <min> <max>
0	1

[block]
# block no. 5 follows, 32 sequences, length 18
# corresponding to MSA columns:
# 236-253
name=unknown_F
#
# <colnr> <probs for GDERKNQSTAVLIFYWHMCP>
#	G	D	E	R	K	N	Q	S	T	A	V	L	I	F	Y	W	H	M	C	P
0	0.01625	0.16801	0.27885	0.02073	0.02829	0.01866	0.27073	0.08002	0.01619	0.02212	0.01244	0.01514	0.00940	0.00613	0.00658	0.00203	0.00969	0.00589	0.00338	0.00947
1	0.01318	0.00863	0.01046	0.00936	0.01189	0.00823	0.00722	0.04739	0.08052	0.11481	0.41930	0.04555	0.17100	0.01297	0.00762	0.00214	0.00391	0.01114	0.00721	0.00746
2	0.00930	0.00666	0.00906	0.00986	0.01059	0.00688	0.00717	0.01091	0.01204	0.01634	0.02806	0.30064	0.03144	0.16851	0.23331	0.00592	0.00898	0.11385	0.00502	0.00546
3	0.01950	0.45491	0.05831	0.01353	0.01869	0.18747	0.01234	0.04756	0.09575	0.01852	0.01199	0.01305	0.01008	0.00651	0.00517	0.00165	0.00821	0.00436	0.00359	0.00881
4	0.01140	0.00879	0.00996	0.00980	0.01164	0.04066	0.00727	0.05295	0.01648	0.04083	0.21846	0.29240	0.11872	0.03221	0.00847	0.00242	0.00454	0.05832	0.00633	0.04836
5	0.04724	0.11473	0.13209	0.05266	0.08563	0.03763	0.03784	0.02414	0.04904	0.22961	0.01713	0.01873	0.01267	0.04667	0.00761	0.00216	0.00729	0.00580	0.00494	0.06639
6	0.06281	0.06745	0.02853	0.05440	0.19777	0.01597	0.28440	0.06074	0.01523	0.02153	0.01264	0.01697	0.01023	0.00826	0.00939	0.10637	0.00880	0.00643	0.00351	0.00859
7	0.00824	0.00619	0.00765	0.00858	0.00959	0.00560	0.00594	0.00975	0.01411	0.01838	0.11429	0.50554	0.22332	0.01922	0.00833	0.00254	0.00369	0.01708	0.00635	0.00560
8	0.06362	0.05814	0.02102	0.01825	0.06899	0.35894	0.07325	0.06249	0.01765	0.08568	0.01364	0.04853	0.01139	0.00783	0.00743	0.00198	0.06267	0.00580	0.00418	0.00851
9	0.01654	0.14958	0.08302	0.02391	0.18690	0.01827	0.19158	0.05521	0.11788	0.02226	0.01594	0.01822	0.03056	0.00694	0.00714	0.00206	0.03399	0.00644	0.00397	0.00960
10	0.00974	0.00658	0.00771	0.00771	0.00785	0.00672	0.00456	0.01001	0.00987	0.01330	0.02078	0.04191	0.02353	0.68284	0.11431	0.00699	0.00781	0.00946	0.00401	0.00429
11	0.01902	0.01870	0.02634	0.03270	0.44961	0.11053	0.08870	0.12823	0.01838	0.02436	0.01298	0.01610	0.01045	0.00639	0.00671	0.00199	0.00876	0.00597	0.00388	0.01022
12	0.01615	0.09328	0.11245	0.01886	0.12888	0.03948	0.04131	0.06172	0.26279	0.02388	0.02071	0.06959	0.01768	0.00907	0.00678	0.00218	0.00705	0.05354	0.00503	0.00958
13	0.00814	0.00596	0.00766	0.00901	0.00965	0.00548	0.00608	0.00938	0.01316	0.01726	0.04101	0.66949	0.13210	0.02050	0.00848	0.00267	0.00383	0.01844	0.00623	0.00548
14	0.01536	0.01453	0.01458	0.01089	0.01653	0.10357	0.00860	0.01818	0.01458	0.02116	0.01172	0.01368	0.00977	0.00522	0.00511	0.00109	0.00590	0.00402	0.00391	0.70161
15	0.14001	0.07423	0.01847	0.01363	0.01847	0.01910	0.01126	0.37196	0.18457	0.05579	0.01750	0.01720	0.01284	0.00786	0.00617	0.00204	0.00651	0.00587	0.00611	0.01040
16	0.01677	0.01688	0.02397	0.07658	0.52156	0.10867	0.01828	0.02030	0.01553	0.02059	0.01462	0.05785	0.01333	0.00751	0.00679	0.00206	0.00827	0.03724	0.00360	0.00960
17	0.01665	0.04420	0.12390	0.01396	0.01905	0.03567	0.01270	0.10549	0.14105	0.04397	0.01569	0.03417	0.01258	0.00774	0.00809	0.00188	0.10339	0.00571	0.00464	0.24948

[dist]
# distance from previous block
# <min> <max>
0	1

[block]
# block no. 6 follows, 32 sequences, length 42
# corresponding to MSA columns:
# 255-279,284-300
name=unknown_G
#
# <colnr> <probs for GDERKNQSTAVLIFYWHMCP>
#	G	D	E	R	K	N	Q	S	T	A	V	L	I	F	Y	W	H	M	C	P
0	0.04778	0.02117	0.22517	0.02158	0.02858	0.01536	0.34163	0.02311	0.06104	0.09543	0.04140	0.01885	0.01291	0.00668	0.00715	0.00219	0.00941	0.00694	0.00415	0.00947
1	0.00857	0.00625	0.00815	0.00952	0.01032	0.00584	0.00682	0.01010	0.01355	0.01772	0.04043	0.56832	0.12365	0.02015	0.00860	0.00273	0.00420	0.12327	0.00622	0.00559
2	0.01571	0.01752	0.03202	0.02392	0.02890	0.07639	0.47148	0.02012	0.01479	0.01968	0.01322	0.01814	0.01066	0.01185	0.09623	0.00332	0.10706	0.00727	0.00336	0.00836
3	0.11856	0.01487	0.01896	0.01457	0.01959	0.01527	0.09210	0.28647	0.02263	0.23632	0.07653	0.02051	0.01660	0.00810	0.00666	0.00208	0.00675	0.00669	0.00653	0.01021
4	0.01515	0.01758	0.07080	0.02535	0.03155	0.01579	0.55477	0.02113	0.04285	0.02157	0.01664	0.02501	0.01387	0.00736	0.00796	0.00235	0.01040	0.08723	0.00383	0.00881
5	0.00825	0.00589	0.00787	0.00943	0.00985	0.00551	0.00636	0.00947	0.01292	0.01721	0.03694	0.74047	0.04422	0.02095	0.00858	0.00274	0.00396	0.03768	0.00623	0.00547
6	0.01005	0.00674	0.00866	0.00880	0.01023	0.00613	0.00636	0.01225	0.01624	0.06414	0.34201	0.31873	0.13129	0.01655	0.00809	0.00236	0.00362	0.01468	0.00687	0.00622
7	0.41915	0.01553	0.01703	0.01359	0.01839	0.05577	0.10731	0.12987	0.03253	0.11276	0.01352	0.01456	0.00983	0.00679	0.00557	0.00208	0.00686	0.00512	0.00496	0.00877
8	0.01109	0.00994	0.01030	0.01051	0.01182	0.09363	0.00778	0.01309	0.01555	0.02002	0.22504	0.32218	0.09924	0.01627	0.00883	0.00244	0.04635	0.06374	0.00604	0.00615
9	0.00818	0.00584	0.00779	0.00934	0.00973	0.00545	0.00623	0.00934	0.01285	0.01713	0.03698	0.75981	0.04438	0.02102	0.00856	0.00273	0.00389	0.01908	0.00623	0.00545
10	0.01752	0.01924	0.02939	0.02251	0.02673	0.12950	0.34500	0.06042	0.03122	0.02056	0.01219	0.01625	0.00986	0.00778	0.01150	0.00236	0.21921	0.00667	0.00354	0.00854
11	0.01394	0.01036	0.01343	0.01187	0.01470	0.01038	0.04955	0.15292	0.03594	0.04973	0.25048	0.08590	0.11990	0.01353	0.00790	0.00234	0.00528	0.13763	0.00660	0.00763
12	0.01122	0.00996	0.01085	0.01131	0.01253	0.09345	0.03242	0.03901	0.01451	0.01829	0.03211	0.59185	0.03741	0.01820	0.00819	0.00257	0.00535	0.03883	0.00581	0.00611
13	0.18948	0.01630	0.01721	0.01346	0.01854	0.01771	0.01111	0.44245	0.02522	0.15911	0.01651	0.01620	0.01146	0.00772	0.00619	0.00204	0.00664	0.00566	0.00646	0.01055
14	0.78496	0.01292	0.01006	0.00893	0.01312	0.01488	0.00736	0.02017	0.01168	0.05384	0.00993	0.01131	0.00758	0.00630	0.00424	0.00208	0.00521	0.00374	0.00429	0.00741
15	0.18956	0.01002	0.01190	0.01020	0.01375	0.00962	0.00807	0.02251	0.01655	0.33511	0.15934	0.13638	0.02789	0.01083	0.00669	0.00218	0.00483	0.00899	0.00693	0.00864
16	0.55679	0.01498	0.01318	0.01113	0.01533	0.03602	0.00915	0.18374	0.01641	0.03190	0.01097	0.01240	0.00839	0.00699	0.00581	0.00210	0.04738	0.00436	0.00468	0.00828
17	0.00818	0.00584	0.00779	0.00934	0.00973	0.00545	0.00623	0.00934	0.01285	0.01713	0.03698	0.75981	0.04438	0.02102	0.00856	0.00273	0.00389	0.01908	0.00623	0.00545
18	0.00994	0.00754	0.00924	0.00869	0.01057	0.00719	0.00655	0.01435	0.08184	0.02580	0.56519	0.04983	0.15037	0.01375	0.00782	0.00215	0.00339	0.01200	0.00717	0.00663
19	0.01619	0.01785	0.02744	0.31709	0.08102	0.13950	0.26372	0.02059	0.01537	0.01890	0.01230	0.01689	0.00945	0.00632	0.00703	0.00214	0.01028	0.00639	0.00323	0.00829
20	0.01671	0.01551	0.01478	0.01353	0.01692	0.10094	0.01037	0.03156	0.54439	0.02573	0.05178	0.08562	0.02266	0.01001	0.00692	0.00224	0.00592	0.00832	0.00640	0.00969
21	0.00818	0.00584	0.00779	0.00934	0.00973	0.00545	0.00623	0.00934	0.01285	0.01713	0.03698	0.75981	0.04438	0.02102	0.00856	0.00273	0.00389	0.01908	0.00623	0.00545
22	0.01417	0.02977	0.52424	0.02185	0.03083	0.01600	0.22502	0.02132	0.01466	0.02132	0.01250	0.01534	0.00900	0.00616	0.00683	0.00217	0.01033	0.00584	0.00300	0.00966
23	0.02388	0.01510	0.01902	0.01573	0.04646	0.05689	0.07658	0.23751	0.02184	0.29111	0.02175	0.10692	0.01696	0.00931	0.00702	0.00213	0.00702	0.00793	0.00661	0.01023
24	0.36502	0.01400	0.01278	0.01095	0.01502	0.07989	0.00873	0.07997	0.01579	0.17377	0.01704	0.10308	0.01427	0.00857	0.00566	0.00205	0.00596	0.00641	0.00541	0.05564
25	0.02276	0.01717	0.01905	0.01550	0.04573	0.01856	0.01223	0.54038	0.05451	0.03739	0.01609	0.01682	0.01188	0.01005	0.04714	0.00241	0.00766	0.00595	0.00614	0.09260
26	0.01829	0.02039	0.02660	0.06273	0.07318	0.22135	0.26699	0.06176	0.01732	0.02109	0.07100	0.01856	0.01409	0.00740	0.00830	0.00212	0.06975	0.00673	0.00388	0.00848
27	0.08618	0.01490	0.01729	0.01758	0.12841	0.05503	0.01217	0.12075	0.19361	0.14954	0.05386	0.02361	0.01779	0.00877	0.00724	0.00217	0.03412	0.04115	0.00595	0.00988
28	0.00818	0.00584	0.00779	0.00934	0.00973	0.00545	0.00623	0.00934	0.01285	0.01713	0.03698	0.75981	0.04438	0.02102	0.00856	0.00273	0.00389	0.01908	0.00623	0.00545
29	0.00957	0.00710	0.01032	0.01021	0.01145	0.00792	0.00785	0.01205	0.01241	0.01779	0.15966	0.03167	0.02640	0.06371	0.56970	0.00891	0.01465	0.00826	0.00437	0.00600
30	0.01204	0.01032	0.01062	0.01127	0.01262	0.09400	0.00829	0.06964	0.01555	0.01960	0.03185	0.50143	0.03648	0.01788	0.00822	0.00260	0.00552	0.11979	0.00593	0.00634
31	0.01843	0.01640	0.01608	0.01417	0.01812	0.07718	0.01107	0.11381	0.57205	0.02879	0.02457	0.02290	0.01842	0.00880	0.00675	0.00220	0.00612	0.00713	0.00653	0.01048
32	0.00818	0.00584	0.00779	0.00934	0.00973	0.00545	0.00623	0.00934	0.01285	0.01713	0.03698	0.75981	0.04438	0.02102	0.00856	0.00273	0.00389	0.01908	0.00623	0.00545
33	0.01803	0.01835	0.08607	0.07274	0.32628	0.01718	0.15235	0.17841	0.01896	0.02623	0.01353	0.01666	0.01044	0.00647	0.00689	0.00208	0.00871	0.00629	0.00406	0.01025
34	0.07600	0.01789	0.02151	0.01632	0.02177	0.01933	0.09360	0.53537	0.02763	0.07962	0.01598	0.01640	0.01130	0.00767	0.00669	0.00205	0.00761	0.00615	0.00625	0.01086
35	0.01460	0.01457	0.02054	0.04556	0.01871	0.02034	0.01483	0.01619	0.01040	0.01619	0.00893	0.01480	0.00881	0.01155	0.02143	0.00291	0.72348	0.00588	0.00294	0.00734
36	0.01530	0.02164	0.23846	0.05186	0.10672	0.05944	0.05515	0.05690	0.01493	0.02110	0.07027	0.01795	0.01368	0.00854	0.01100	0.00232	0.21621	0.00616	0.00359	0.00879
37	0.01773	0.50796	0.13159	0.01513	0.06530	0.08288	0.01406	0.02177	0.05557	0.01775	0.01109	0.01259	0.00943	0.00614	0.00505	0.00164	0.00792	0.00424	0.00318	0.00898
38	0.02243	0.02604	0.01878	0.01641	0.01999	0.52174	0.05665	0.04096	0.01843	0.05971	0.01847	0.01953	0.09372	0.00828	0.00692	0.00189	0.03205	0.00596	0.00413	0.00790
39	0.01261	0.01167	0.01690	0.03415	0.08986	0.03683	0.12678	0.05611	0.05297	0.02122	0.06604	0.17137	0.23045	0.01300	0.00772	0.00230	0.00617	0.03098	0.00538	0.00748
40	0.05093	0.03568	0.04922	0.02148	0.19875	0.13115	0.03263	0.19920	0.04710	0.02643	0.01523	0.06820	0.01297	0.00779	0.00644	0.00194	0.00787	0.00642	0.00464	0.07593
41	0.06374	0.06288	0.11462	0.02091	0.20976	0.03917	0.01484	0.14725	0.01763	0.02557	0.01256	0.01467	0.00993	0.00619	0.00588	0.00172	0.00727	0.00500	0.00409	0.21632

[dist]
# distance from previous block
# <min> <max>
0	18

# created by:
# /home/berkeley/.conda/envs/busco_data_prod/bin/msa2prfl.pl pipeline/OGs_align_augustus/4893/5876.fs
