[name]
unknown

[dist]
# distance from previous block
# <min> <max>
0	49

[block]
# block no. 0 follows, 28 sequences, length 12
# corresponding to MSA columns:
# 49-60
name=unknown_A
#
# <colnr> <probs for GDERKNQSTAVLIFYWHMCP>
#	G	D	E	R	K	N	Q	S	T	A	V	L	I	F	Y	W	H	M	C	P
0	0.01490	0.01182	0.01575	0.01364	0.01641	0.04352	0.09267	0.07465	0.03298	0.05480	0.13127	0.16301	0.03300	0.13817	0.01315	0.00324	0.00672	0.07095	0.03204	0.03732
1	0.02136	0.18531	0.04652	0.01626	0.02089	0.27494	0.04398	0.09329	0.04132	0.02179	0.01652	0.04535	0.04129	0.00997	0.02923	0.00228	0.03749	0.00625	0.00433	0.04161
2	0.07161	0.09920	0.01589	0.01180	0.01546	0.01469	0.00940	0.07213	0.22339	0.04205	0.03292	0.10231	0.15315	0.01297	0.00865	0.05624	0.00563	0.00963	0.00612	0.03678
3	0.13939	0.02034	0.04223	0.08271	0.21809	0.17452	0.03553	0.04272	0.03879	0.02391	0.01331	0.01645	0.01079	0.00873	0.03350	0.00242	0.00946	0.00563	0.00403	0.07745
4	0.02098	0.05274	0.02394	0.19034	0.18251	0.21638	0.01738	0.12185	0.01949	0.02352	0.01298	0.01646	0.01039	0.00766	0.00794	0.00218	0.05371	0.00586	0.00406	0.00965
5	0.01659	0.01498	0.01480	0.04317	0.01750	0.11643	0.01013	0.06626	0.10169	0.04385	0.08235	0.12108	0.08259	0.05591	0.00991	0.00246	0.04070	0.00950	0.00571	0.14438
6	0.02647	0.02135	0.02108	0.01643	0.02207	0.10097	0.01338	0.54298	0.03094	0.04065	0.01634	0.01674	0.01188	0.00829	0.00702	0.00205	0.00836	0.00613	0.00661	0.08027
7	0.01673	0.01487	0.01542	0.03644	0.01810	0.09142	0.00971	0.07520	0.01673	0.02328	0.01548	0.07964	0.01416	0.00936	0.00823	0.07462	0.00663	0.00624	0.00457	0.46315
8	0.01325	0.01059	0.01079	0.01132	0.01288	0.08836	0.00802	0.01569	0.04795	0.07305	0.03828	0.50732	0.09647	0.01893	0.00866	0.00271	0.00542	0.01671	0.00661	0.00699
9	0.01862	0.43690	0.12677	0.01775	0.09862	0.02345	0.01564	0.07831	0.01692	0.02160	0.01406	0.01960	0.01269	0.00778	0.00597	0.00194	0.00821	0.06152	0.00384	0.00981
10	0.23983	0.10208	0.15286	0.13613	0.10373	0.05072	0.03285	0.04193	0.01545	0.02508	0.03014	0.01600	0.01091	0.00707	0.00614	0.00219	0.00840	0.00539	0.00388	0.00922
11	0.01076	0.01095	0.07164	0.01402	0.09127	0.00851	0.00981	0.01321	0.01509	0.02005	0.06700	0.29179	0.21994	0.08088	0.01091	0.00293	0.00540	0.01443	0.00582	0.03559

[dist]
# distance from previous block
# <min> <max>
9	42

[block]
# block no. 1 follows, 28 sequences, length 46
# corresponding to MSA columns:
# 107-152
name=unknown_B
#
# <colnr> <probs for GDERKNQSTAVLIFYWHMCP>
#	G	D	E	R	K	N	Q	S	T	A	V	L	I	F	Y	W	H	M	C	P
0	0.01603	0.01241	0.01934	0.21760	0.05069	0.01325	0.08587	0.07354	0.01733	0.09421	0.06540	0.13939	0.06005	0.04726	0.00999	0.00273	0.03323	0.02781	0.00542	0.00846
1	0.10266	0.01971	0.10800	0.06404	0.05874	0.09010	0.11208	0.04477	0.06128	0.04305	0.01727	0.10425	0.01547	0.00993	0.00972	0.00249	0.11485	0.00802	0.00449	0.00908
2	0.02173	0.08664	0.07214	0.17309	0.02808	0.05324	0.01549	0.24961	0.12373	0.07805	0.01778	0.01896	0.01300	0.00817	0.00699	0.00222	0.00833	0.00641	0.00566	0.01070
3	0.07616	0.03074	0.05164	0.01846	0.02294	0.51750	0.04548	0.08680	0.04472	0.02224	0.01263	0.01433	0.01007	0.00755	0.00663	0.00199	0.01175	0.00514	0.00421	0.00903
4	0.01634	0.08693	0.09501	0.03969	0.09394	0.06125	0.13950	0.02024	0.01642	0.05474	0.11507	0.02739	0.05503	0.05697	0.03587	0.00292	0.06113	0.00814	0.00459	0.00882
5	0.02763	0.02036	0.02182	0.01672	0.02254	0.02254	0.01382	0.67496	0.03418	0.04581	0.01745	0.01745	0.01236	0.00873	0.00727	0.00218	0.00800	0.00654	0.00727	0.01236
6	0.01718	0.01209	0.01342	0.01221	0.01527	0.04502	0.00952	0.11194	0.10083	0.11875	0.16157	0.16046	0.10657	0.01444	0.00823	0.00249	0.00564	0.06831	0.00729	0.00875
7	0.01144	0.00785	0.00937	0.00940	0.01124	0.00720	0.00685	0.03547	0.01682	0.06615	0.15144	0.25826	0.26067	0.07776	0.01104	0.00296	0.00449	0.03801	0.00692	0.00668
8	0.02763	0.02036	0.02182	0.01672	0.02254	0.02254	0.01382	0.67496	0.03418	0.04581	0.01745	0.01745	0.01236	0.00873	0.00727	0.00218	0.00800	0.00654	0.00727	0.01236
9	0.01026	0.00703	0.00850	0.00871	0.00906	0.00702	0.00541	0.01102	0.01219	0.01653	0.09240	0.15549	0.03334	0.50027	0.08683	0.00632	0.00729	0.01218	0.00509	0.00506
10	0.01846	0.36582	0.32401	0.01635	0.02436	0.05748	0.01863	0.02343	0.01565	0.05753	0.01245	0.01404	0.00976	0.00673	0.00587	0.00193	0.00924	0.00475	0.00345	0.01006
11	0.02576	0.01943	0.02076	0.01635	0.02183	0.02167	0.01336	0.55024	0.16195	0.04279	0.01983	0.01935	0.01429	0.00895	0.00730	0.00224	0.00756	0.00687	0.00730	0.01219
12	0.01040	0.00857	0.00928	0.00890	0.01140	0.00804	0.00673	0.01535	0.11397	0.02367	0.22983	0.05970	0.43515	0.01625	0.00841	0.00241	0.00391	0.01374	0.00717	0.00710
13	0.01803	0.01564	0.02927	0.04169	0.13298	0.01497	0.30961	0.05355	0.01804	0.10729	0.06260	0.12159	0.02073	0.00953	0.00821	0.00243	0.00902	0.00991	0.00517	0.00975
14	0.01793	0.01548	0.01637	0.01459	0.01882	0.01765	0.01136	0.03759	0.65202	0.03007	0.02874	0.02651	0.02161	0.00963	0.00729	0.00240	0.00573	0.00802	0.00724	0.05095
15	0.02434	0.01998	0.01820	0.01559	0.02014	0.17717	0.01224	0.12158	0.31324	0.16356	0.02356	0.02213	0.01709	0.00899	0.00717	0.00225	0.00783	0.00700	0.00686	0.01109
16	0.15335	0.15766	0.44555	0.01761	0.02635	0.01891	0.04158	0.02252	0.01478	0.02368	0.01207	0.01421	0.00905	0.00673	0.00614	0.00217	0.00937	0.00496	0.00335	0.00996
17	0.01373	0.01292	0.02180	0.72707	0.05006	0.01615	0.02019	0.01857	0.01453	0.01857	0.01292	0.01938	0.00969	0.00727	0.00727	0.00242	0.00969	0.00646	0.00323	0.00807
18	0.00886	0.00633	0.00843	0.01012	0.01054	0.00590	0.00675	0.01012	0.01392	0.01856	0.04006	0.73979	0.04808	0.02277	0.00928	0.00295	0.00422	0.02066	0.00675	0.00590
19	0.00886	0.00633	0.00843	0.01012	0.01054	0.00590	0.00675	0.01012	0.01392	0.01856	0.04006	0.73979	0.04808	0.02277	0.00928	0.00295	0.00422	0.02066	0.00675	0.00590
20	0.01943	0.74891	0.03809	0.01244	0.01866	0.02876	0.01244	0.02177	0.01477	0.01710	0.01011	0.01166	0.00933	0.00622	0.00466	0.00155	0.00777	0.00389	0.00311	0.00933
21	0.01684	0.01610	0.02743	0.22851	0.52428	0.01697	0.02174	0.02130	0.01601	0.02235	0.01347	0.01837	0.01102	0.00669	0.00722	0.00223	0.00892	0.00647	0.00350	0.01059
22	0.00886	0.00633	0.00843	0.01012	0.01054	0.00590	0.00675	0.01012	0.01392	0.01856	0.04006	0.73979	0.04808	0.02277	0.00928	0.00295	0.00422	0.02066	0.00675	0.00590
23	0.05313	0.47034	0.24131	0.01487	0.02238	0.02389	0.01659	0.02264	0.01506	0.04523	0.01170	0.01329	0.00955	0.00656	0.00544	0.00184	0.00853	0.00447	0.00338	0.00981
24	0.00886	0.00633	0.00843	0.01012	0.01054	0.00590	0.00675	0.01012	0.01392	0.01856	0.04006	0.73979	0.04808	0.02277	0.00928	0.00295	0.00422	0.02066	0.00675	0.00590
25	0.02673	0.02130	0.02122	0.01674	0.02221	0.08837	0.01363	0.55618	0.09131	0.04175	0.01795	0.01790	0.01296	0.00871	0.00721	0.00218	0.00829	0.00652	0.00695	0.01191
26	0.01956	0.06646	0.06232	0.01319	0.01796	0.01220	0.04272	0.04607	0.06010	0.22578	0.09171	0.13640	0.05745	0.01125	0.00741	0.00220	0.00614	0.00966	0.00664	0.10478
27	0.07229	0.22658	0.47732	0.01769	0.02677	0.02002	0.02162	0.02256	0.01498	0.02213	0.01205	0.01410	0.00914	0.00671	0.00613	0.00210	0.00958	0.00487	0.00318	0.01016
28	0.01891	0.67148	0.11090	0.01334	0.02005	0.02747	0.01401	0.02190	0.01483	0.01775	0.01043	0.01206	0.00932	0.00629	0.00491	0.00164	0.00810	0.00405	0.00311	0.00948
29	0.01491	0.03548	0.63227	0.02250	0.06430	0.01699	0.06720	0.02300	0.01552	0.02307	0.01318	0.01574	0.00943	0.00684	0.00703	0.00230	0.01074	0.00563	0.00313	0.01072
30	0.01501	0.01065	0.03928	0.03251	0.06332	0.00927	0.05781	0.01762	0.01609	0.14952	0.03580	0.36471	0.09735	0.01635	0.00854	0.00266	0.00590	0.04300	0.00651	0.00808
31	0.00889	0.00648	0.00829	0.00971	0.01036	0.00597	0.00651	0.01018	0.01411	0.01852	0.04345	0.63368	0.12498	0.04916	0.01023	0.00305	0.00426	0.01965	0.00666	0.00588
32	0.00894	0.00645	0.00833	0.00978	0.01033	0.00599	0.00651	0.01017	0.01390	0.01835	0.04141	0.64796	0.09352	0.06779	0.01097	0.00317	0.00436	0.01965	0.00660	0.00583
33	0.01676	0.02190	0.13983	0.02946	0.08360	0.01831	0.48932	0.02282	0.01648	0.02293	0.01407	0.01863	0.01070	0.00667	0.00916	0.00245	0.05559	0.00781	0.00355	0.00995
34	0.01741	0.02252	0.13086	0.05315	0.09626	0.08248	0.40333	0.02311	0.01705	0.02253	0.01520	0.02141	0.01218	0.00714	0.00805	0.00239	0.01141	0.04005	0.00373	0.00975
35	0.02880	0.01154	0.01555	0.01220	0.01722	0.01001	0.00997	0.03163	0.02055	0.59133	0.10541	0.03052	0.06099	0.01017	0.00752	0.00226	0.00574	0.00840	0.00876	0.01141
36	0.00924	0.00658	0.00873	0.01019	0.01076	0.00620	0.00700	0.01073	0.01438	0.01924	0.08028	0.61582	0.04787	0.05693	0.01063	0.00314	0.00448	0.06516	0.00671	0.00595
37	0.01542	0.02060	0.18050	0.11488	0.23478	0.04890	0.09659	0.02032	0.01593	0.02172	0.01927	0.12023	0.04015	0.00938	0.00761	0.00237	0.00910	0.00868	0.00400	0.00958
38	0.01658	0.10546	0.54779	0.02083	0.07119	0.01764	0.02397	0.02375	0.01576	0.07166	0.01392	0.01582	0.01000	0.00696	0.00673	0.00221	0.00999	0.00543	0.00353	0.01077
39	0.01766	0.08539	0.50566	0.01903	0.02811	0.06703	0.02262	0.04952	0.04913	0.06803	0.01469	0.01619	0.01055	0.00725	0.00678	0.00222	0.01005	0.00552	0.00388	0.01068
40	0.01648	0.10885	0.39668	0.04818	0.12838	0.01880	0.08012	0.05395	0.01636	0.02327	0.01305	0.01596	0.00990	0.00699	0.00743	0.00224	0.03364	0.00578	0.00342	0.01051
41	0.01927	0.05364	0.28970	0.05465	0.07529	0.16171	0.04381	0.02501	0.04117	0.09054	0.03995	0.04290	0.01429	0.00810	0.00705	0.00221	0.00986	0.00653	0.00433	0.00999
42	0.06155	0.01741	0.06565	0.11658	0.14165	0.05821	0.10794	0.02370	0.05063	0.11173	0.06496	0.02126	0.01604	0.00817	0.00852	0.00229	0.06447	0.00702	0.00480	0.04742
43	0.08924	0.02036	0.05208	0.14545	0.07410	0.18158	0.01447	0.14669	0.04376	0.02599	0.02194	0.03886	0.09681	0.00930	0.00704	0.00222	0.00878	0.00726	0.00492	0.00917
44	0.04290	0.05552	0.02037	0.26767	0.07782	0.09839	0.03962	0.01964	0.01607	0.05085	0.06923	0.07181	0.07456	0.01004	0.00837	0.00235	0.05372	0.00829	0.00450	0.00828
45	0.01924	0.07256	0.10643	0.04661	0.07857	0.14290	0.11077	0.08633	0.01883	0.06514	0.02431	0.02570	0.12663	0.00929	0.00791	0.00223	0.03468	0.00769	0.00474	0.00943

[dist]
# distance from previous block
# <min> <max>
2	28

[block]
# block no. 2 follows, 28 sequences, length 27
# corresponding to MSA columns:
# 191-217
name=unknown_C
#
# <colnr> <probs for GDERKNQSTAVLIFYWHMCP>
#	G	D	E	R	K	N	Q	S	T	A	V	L	I	F	Y	W	H	M	C	P
0	0.01840	0.05385	0.07137	0.06450	0.04351	0.05179	0.10733	0.12217	0.08006	0.06119	0.06345	0.06262	0.01847	0.01197	0.04747	0.00285	0.07425	0.00795	0.00519	0.03159
1	0.01965	0.05860	0.13886	0.01896	0.05653	0.10146	0.08437	0.16008	0.06931	0.04370	0.01976	0.02281	0.05620	0.06094	0.01036	0.00261	0.05385	0.00718	0.00493	0.00986
2	0.29515	0.01835	0.05164	0.06237	0.13105	0.10561	0.01339	0.08026	0.01740	0.07011	0.05218	0.01747	0.01343	0.00757	0.00618	0.00215	0.00769	0.00565	0.00482	0.03754
3	0.06116	0.01400	0.01774	0.18477	0.05900	0.03621	0.01263	0.02029	0.01531	0.07084	0.01373	0.01672	0.01080	0.00657	0.00675	0.00171	0.03449	0.00521	0.00430	0.40778
4	0.01454	0.01099	0.01404	0.01502	0.10126	0.01097	0.01000	0.06346	0.11900	0.06647	0.29576	0.07781	0.14473	0.01324	0.00810	0.00235	0.00498	0.01150	0.00710	0.00867
5	0.06502	0.00748	0.00862	0.00901	0.01066	0.00697	0.00650	0.01197	0.01637	0.02270	0.22288	0.30776	0.24156	0.01824	0.00855	0.00258	0.00395	0.01590	0.00692	0.00637
6	0.01605	0.00919	0.00945	0.00854	0.01097	0.00957	0.00663	0.13377	0.01861	0.03042	0.02260	0.02539	0.01752	0.00851	0.00547	0.00178	0.00421	0.00673	0.64682	0.00777
7	0.01048	0.00766	0.01010	0.01094	0.01252	0.00728	0.00880	0.01334	0.01736	0.02309	0.22896	0.17439	0.13144	0.01881	0.00933	0.00288	0.00501	0.29396	0.00708	0.00655
8	0.01507	0.01292	0.01507	0.01077	0.01723	0.00969	0.00861	0.01830	0.01507	0.02369	0.01292	0.01507	0.01077	0.00538	0.00538	0.00108	0.00538	0.00431	0.00431	0.78898
9	0.03261	0.01237	0.01687	0.01293	0.01856	0.01068	0.01068	0.03543	0.02081	0.70423	0.02868	0.02474	0.01799	0.00900	0.00731	0.00225	0.00619	0.00731	0.00900	0.01237
10	0.02702	0.02073	0.02143	0.01670	0.02231	0.05450	0.01368	0.60554	0.07387	0.04356	0.01791	0.01785	0.01283	0.00874	0.00725	0.00218	0.00810	0.00656	0.00712	0.01213
11	0.21161	0.01929	0.12659	0.02282	0.15177	0.01665	0.13809	0.08084	0.01703	0.07857	0.01472	0.01748	0.01115	0.00991	0.05059	0.00286	0.00931	0.00622	0.00451	0.01001
12	0.01057	0.00705	0.00793	0.00793	0.00793	0.00705	0.00440	0.01057	0.01057	0.01409	0.02290	0.04757	0.02643	0.74454	0.03700	0.00705	0.00705	0.01057	0.00440	0.00440
13	0.01481	0.01314	0.01765	0.10377	0.02264	0.01099	0.05716	0.01838	0.01511	0.02281	0.01409	0.04367	0.01207	0.00634	0.00600	0.00142	0.00638	0.00551	0.00422	0.60384
14	0.02763	0.02036	0.02182	0.01672	0.02254	0.02254	0.01382	0.67496	0.03418	0.04581	0.01745	0.01745	0.01236	0.00873	0.00727	0.00218	0.00800	0.00654	0.00727	0.01236
15	0.00886	0.00633	0.00843	0.01012	0.01054	0.00590	0.00675	0.01012	0.01392	0.01856	0.04006	0.73979	0.04808	0.02277	0.00928	0.00295	0.00422	0.02066	0.00675	0.00590
16	0.01456	0.01420	0.02154	0.61832	0.07913	0.05902	0.01934	0.01904	0.01498	0.01878	0.01402	0.04986	0.01141	0.00791	0.00731	0.00240	0.00961	0.00696	0.00343	0.00818
17	0.01816	0.10952	0.02113	0.01805	0.09445	0.06807	0.01339	0.10118	0.06160	0.05117	0.02237	0.02843	0.07532	0.01488	0.07404	0.00327	0.14686	0.06401	0.00497	0.00912
18	0.02020	0.07717	0.02377	0.18565	0.15287	0.01780	0.04234	0.19843	0.02132	0.08873	0.06473	0.04123	0.01678	0.00851	0.00724	0.00223	0.00807	0.00731	0.00535	0.01028
19	0.12802	0.01771	0.02023	0.12179	0.07284	0.10456	0.07008	0.15307	0.06370	0.02769	0.01981	0.02195	0.06812	0.01028	0.03550	0.00259	0.00882	0.00690	0.00498	0.04136
20	0.20665	0.01813	0.01633	0.01683	0.09443	0.17977	0.01168	0.07465	0.01760	0.02550	0.05459	0.10048	0.05001	0.01044	0.00748	0.00226	0.03735	0.03093	0.00500	0.03989
21	0.06189	0.01357	0.01629	0.04460	0.04284	0.01420	0.01112	0.13676	0.06018	0.06909	0.05764	0.05057	0.10080	0.01204	0.03584	0.00253	0.08892	0.00800	0.00568	0.16743
22	0.05311	0.01577	0.01764	0.01406	0.01891	0.04989	0.04144	0.26691	0.02321	0.10953	0.02653	0.06654	0.10925	0.01192	0.03415	0.00248	0.00741	0.00829	0.00638	0.11658
23	0.09355	0.07071	0.05384	0.09280	0.05012	0.11705	0.01346	0.15293	0.01988	0.02730	0.05388	0.02170	0.01558	0.00833	0.00662	0.00202	0.00805	0.04559	0.00491	0.14167
24	0.01850	0.05938	0.02508	0.11808	0.08928	0.07040	0.12139	0.11929	0.09359	0.02477	0.01807	0.02175	0.04194	0.03690	0.01073	0.00256	0.10686	0.00726	0.00462	0.00955
25	0.07708	0.11760	0.04777	0.04047	0.09025	0.01714	0.01277	0.12732	0.12411	0.06518	0.02081	0.05823	0.03462	0.04435	0.08781	0.00347	0.00851	0.00748	0.00537	0.00969
26	0.01842	0.06266	0.03763	0.05824	0.01993	0.12347	0.01222	0.07722	0.07281	0.06992	0.11970	0.02923	0.06598	0.01053	0.00901	0.00223	0.08511	0.03843	0.00555	0.08171

[dist]
# distance from previous block
# <min> <max>
0	47

[block]
# block no. 3 follows, 28 sequences, length 17
# corresponding to MSA columns:
# 265-281
name=unknown_D
#
# <colnr> <probs for GDERKNQSTAVLIFYWHMCP>
#	G	D	E	R	K	N	Q	S	T	A	V	L	I	F	Y	W	H	M	C	P
0	0.08278	0.11015	0.01889	0.03742	0.07534	0.04929	0.01204	0.07230	0.07562	0.08770	0.02737	0.07515	0.09543	0.01178	0.00821	0.00242	0.04566	0.09776	0.00567	0.00902
1	0.08864	0.08853	0.10176	0.01594	0.02039	0.27148	0.01378	0.05748	0.05201	0.05860	0.01696	0.10598	0.01535	0.00974	0.00775	0.00221	0.05263	0.00715	0.00466	0.00896
2	0.05431	0.04253	0.01643	0.01650	0.11045	0.12119	0.01112	0.10920	0.04494	0.02553	0.11087	0.06953	0.21426	0.01219	0.00754	0.00225	0.00674	0.01000	0.00585	0.00857
3	0.01520	0.06010	0.06578	0.01351	0.04717	0.05368	0.01069	0.01956	0.07516	0.09722	0.11904	0.19563	0.13742	0.01439	0.00801	0.00245	0.00597	0.04436	0.00637	0.00829
4	0.01874	0.10037	0.06081	0.07857	0.18879	0.11558	0.04178	0.07864	0.05244	0.02368	0.01775	0.01999	0.05486	0.00765	0.00674	0.00199	0.00856	0.00634	0.00432	0.11242
5	0.01669	0.05791	0.13853	0.01935	0.08506	0.02880	0.08269	0.12506	0.05102	0.02581	0.05646	0.07348	0.04769	0.04505	0.00990	0.00266	0.04271	0.07661	0.00515	0.00936
6	0.01174	0.05737	0.05508	0.04871	0.04441	0.01013	0.00991	0.05211	0.01582	0.02100	0.06628	0.42216	0.09410	0.04490	0.00948	0.00280	0.00555	0.01530	0.00598	0.00716
7	0.02213	0.01838	0.06013	0.05041	0.07359	0.11441	0.01365	0.19841	0.02229	0.14659	0.05606	0.12116	0.02151	0.01096	0.00761	0.00233	0.00790	0.03618	0.00628	0.01004
8	0.05190	0.12675	0.28741	0.01523	0.02199	0.01566	0.03384	0.05855	0.01660	0.05564	0.02558	0.09124	0.12152	0.01021	0.00699	0.00223	0.00783	0.00829	0.00466	0.03792
9	0.05841	0.09394	0.14088	0.05749	0.19146	0.11375	0.03834	0.06188	0.01761	0.02399	0.05314	0.01788	0.01367	0.00724	0.00663	0.00202	0.00889	0.00592	0.00406	0.08279
10	0.13705	0.11632	0.16099	0.05436	0.06670	0.08673	0.04956	0.06898	0.07462	0.02459	0.01421	0.01744	0.01149	0.04275	0.00866	0.00244	0.04363	0.00581	0.00417	0.00950
11	0.01531	0.01349	0.05745	0.05602	0.18232	0.01232	0.01311	0.09911	0.01807	0.05694	0.06512	0.16621	0.13296	0.06654	0.01007	0.00275	0.00660	0.01120	0.00565	0.00876
12	0.01580	0.01552	0.05907	0.04831	0.05946	0.07906	0.01164	0.11425	0.07221	0.02643	0.15412	0.10848	0.13555	0.01233	0.00774	0.00227	0.00651	0.01039	0.00609	0.05477
13	0.05110	0.01071	0.07091	0.01279	0.05087	0.00884	0.00943	0.01440	0.04602	0.02166	0.12987	0.39933	0.04041	0.08595	0.01113	0.00308	0.00532	0.01504	0.00613	0.00700
14	0.01791	0.01561	0.02331	0.20780	0.29937	0.01692	0.01801	0.14873	0.05101	0.02683	0.03587	0.07316	0.01601	0.00872	0.00743	0.00231	0.00817	0.00780	0.00476	0.01026
15	0.26368	0.15354	0.02080	0.01374	0.01892	0.13348	0.01149	0.21453	0.02069	0.03079	0.01260	0.01382	0.00985	0.00728	0.00572	0.00198	0.00792	0.00483	0.00493	0.04943
16	0.01898	0.05487	0.02652	0.03300	0.41186	0.15006	0.03715	0.02238	0.01675	0.02144	0.01651	0.01993	0.05446	0.00799	0.00864	0.00220	0.07679	0.00663	0.00377	0.01010

[dist]
# distance from previous block
# <min> <max>
0	2

[block]
# block no. 4 follows, 28 sequences, length 8
# corresponding to MSA columns:
# 284-291
name=unknown_E
#
# <colnr> <probs for GDERKNQSTAVLIFYWHMCP>
#	G	D	E	R	K	N	Q	S	T	A	V	L	I	F	Y	W	H	M	C	P
0	0.18229	0.01465	0.01676	0.01531	0.07132	0.01535	0.01131	0.21297	0.04408	0.18622	0.10283	0.05530	0.02148	0.00963	0.00696	0.00227	0.00635	0.00768	0.00687	0.01038
1	0.10856	0.01598	0.01616	0.01539	0.07091	0.09938	0.01106	0.08497	0.14861	0.17284	0.02430	0.02517	0.05427	0.05035	0.00848	0.00247	0.00693	0.00725	0.06702	0.00992
2	0.02251	0.05549	0.11380	0.04138	0.12359	0.04544	0.06276	0.10006	0.05206	0.22161	0.07123	0.02238	0.01777	0.00835	0.00726	0.00222	0.00804	0.00712	0.00599	0.01093
3	0.01310	0.00811	0.01025	0.00932	0.01174	0.00725	0.00713	0.01612	0.01980	0.12254	0.47628	0.05327	0.18760	0.01475	0.00840	0.00231	0.00387	0.01276	0.00789	0.00749
4	0.01735	0.03118	0.50085	0.02147	0.03096	0.01635	0.13909	0.02466	0.01637	0.11046	0.01534	0.01731	0.01066	0.00704	0.00725	0.00232	0.01043	0.00619	0.00394	0.01079
5	0.01792	0.07598	0.02772	0.10986	0.07033	0.18444	0.22656	0.02161	0.01688	0.02011	0.01765	0.14270	0.01681	0.00952	0.00766	0.00231	0.01018	0.00899	0.00412	0.00865
6	0.01762	0.11205	0.02411	0.01819	0.01941	0.10103	0.01525	0.01934	0.01266	0.01748	0.00980	0.01504	0.00949	0.01130	0.01945	0.00282	0.55768	0.00586	0.00324	0.00818
7	0.01122	0.00822	0.01039	0.01036	0.01190	0.00827	0.00769	0.06029	0.01667	0.02261	0.19374	0.19572	0.10917	0.10560	0.14537	0.00482	0.00761	0.05745	0.00628	0.00663

[dist]
# distance from previous block
# <min> <max>
0	1

[block]
# block no. 5 follows, 28 sequences, length 20
# corresponding to MSA columns:
# 293-312
name=unknown_F
#
# <colnr> <probs for GDERKNQSTAVLIFYWHMCP>
#	G	D	E	R	K	N	Q	S	T	A	V	L	I	F	Y	W	H	M	C	P
0	0.02344	0.01703	0.04681	0.01493	0.03672	0.06124	0.01217	0.20850	0.05254	0.19745	0.06958	0.02381	0.01867	0.00885	0.00706	0.00204	0.00706	0.02906	0.00668	0.15637
1	0.01857	0.09600	0.02694	0.06634	0.28877	0.06767	0.07287	0.05391	0.13509	0.02404	0.01676	0.04026	0.01392	0.00798	0.00780	0.00224	0.03896	0.00698	0.00445	0.01045
2	0.02268	0.01671	0.01781	0.01452	0.01868	0.04219	0.01145	0.43835	0.02683	0.05911	0.02088	0.09932	0.01847	0.11479	0.04143	0.00333	0.00806	0.00863	0.00661	0.01018
3	0.01373	0.01292	0.02180	0.72707	0.05006	0.01615	0.02019	0.01857	0.01453	0.01857	0.01292	0.01938	0.00969	0.00727	0.00727	0.00242	0.00969	0.00646	0.00323	0.00807
4	0.01041	0.00769	0.01119	0.01119	0.01232	0.00882	0.00847	0.01266	0.01154	0.01651	0.01992	0.03105	0.01925	0.14496	0.62677	0.01107	0.01784	0.00815	0.00396	0.00622
5	0.02763	0.02036	0.02182	0.01672	0.02254	0.02254	0.01382	0.67496	0.03418	0.04581	0.01745	0.01745	0.01236	0.00873	0.00727	0.00218	0.00800	0.00654	0.00727	0.01236
6	0.01040	0.00773	0.01139	0.01139	0.01259	0.00893	0.00872	0.01279	0.01160	0.01666	0.01974	0.03003	0.01881	0.10793	0.66320	0.01132	0.01851	0.00800	0.00393	0.00633
7	0.00920	0.00701	0.00814	0.00877	0.01008	0.00633	0.00613	0.01073	0.01499	0.01905	0.08624	0.29875	0.30980	0.12699	0.01309	0.00334	0.00448	0.04457	0.00647	0.00586
8	0.01486	0.00883	0.01144	0.01018	0.01276	0.00824	0.00784	0.01920	0.06051	0.15343	0.53279	0.04723	0.05650	0.01348	0.00827	0.00229	0.00408	0.01178	0.00815	0.00815
9	0.01448	0.03187	0.53982	0.02087	0.03017	0.01602	0.11485	0.02206	0.01616	0.02371	0.08610	0.02010	0.01580	0.00765	0.00732	0.00232	0.01017	0.00665	0.00368	0.01020
10	0.01485	0.03590	0.65343	0.02026	0.03049	0.01697	0.02567	0.02423	0.06726	0.02359	0.01433	0.01626	0.01021	0.00713	0.00694	0.00231	0.01036	0.00559	0.00340	0.01080
11	0.15406	0.39630	0.19768	0.01427	0.02128	0.02324	0.01530	0.06559	0.01579	0.02318	0.01133	0.01298	0.00925	0.00665	0.00536	0.00190	0.00815	0.00444	0.00362	0.00963
12	0.05660	0.01917	0.09453	0.01549	0.02043	0.04815	0.01363	0.28680	0.08684	0.03188	0.01904	0.02094	0.03687	0.01567	0.11308	0.00363	0.05296	0.00673	0.00561	0.05197
13	0.08536	0.51101	0.08082	0.01245	0.01813	0.02363	0.01230	0.02152	0.04386	0.02010	0.01390	0.06203	0.01284	0.00770	0.00527	0.00181	0.00725	0.00546	0.04553	0.00904
14	0.04275	0.21309	0.21418	0.01562	0.02222	0.02043	0.01611	0.17570	0.06009	0.02714	0.01956	0.02175	0.06442	0.00878	0.00705	0.00216	0.02792	0.02612	0.00477	0.01016
15	0.04354	0.30908	0.37942	0.06427	0.02717	0.02139	0.02020	0.02218	0.01497	0.02078	0.01180	0.01407	0.00924	0.00666	0.00598	0.00202	0.00935	0.00482	0.00315	0.00992
16	0.04398	0.08565	0.15910	0.01483	0.01988	0.01491	0.04874	0.07033	0.11595	0.09026	0.05235	0.15098	0.02307	0.06594	0.00959	0.00272	0.00724	0.00950	0.00564	0.00934
17	0.06322	0.15867	0.11214	0.01311	0.01735	0.09355	0.01186	0.06270	0.04032	0.02210	0.06291	0.11096	0.06598	0.10609	0.01080	0.00283	0.00752	0.02485	0.00490	0.00815
18	0.10265	0.11261	0.09498	0.01514	0.03302	0.07468	0.07177	0.03427	0.05175	0.02240	0.05462	0.13016	0.07476	0.06001	0.00966	0.00263	0.03255	0.00924	0.00484	0.00827
19	0.06948	0.08027	0.12801	0.04106	0.05365	0.03476	0.05776	0.08889	0.05879	0.07830	0.04243	0.06429	0.03354	0.02681	0.00757	0.00222	0.00762	0.00732	0.00509	0.11215

[dist]
# distance from previous block
# <min> <max>
8	135

[block]
# block no. 6 follows, 28 sequences, length 8
# corresponding to MSA columns:
# 448-455
name=unknown_G
#
# <colnr> <probs for GDERKNQSTAVLIFYWHMCP>
#	G	D	E	R	K	N	Q	S	T	A	V	L	I	F	Y	W	H	M	C	P
0	0.01918	0.01862	0.02614	0.19664	0.28737	0.09230	0.06590	0.11708	0.01880	0.02470	0.01362	0.01771	0.01083	0.00745	0.00825	0.00228	0.05251	0.00644	0.00404	0.01016
1	0.01047	0.00746	0.01003	0.01003	0.01076	0.00819	0.00703	0.01192	0.01119	0.01565	0.02098	0.03692	0.02180	0.35805	0.41717	0.00964	0.01401	0.00901	0.00412	0.00557
2	0.01414	0.01373	0.02437	0.64239	0.04860	0.01642	0.09953	0.01915	0.01485	0.01915	0.01314	0.01941	0.00985	0.00713	0.00743	0.00243	0.01000	0.00672	0.00328	0.00829
3	0.01199	0.00958	0.01264	0.10424	0.04761	0.01000	0.00983	0.04830	0.04521	0.02181	0.12433	0.08760	0.17562	0.11217	0.09797	0.00420	0.00755	0.05651	0.00573	0.00712
4	0.05431	0.07655	0.13987	0.10548	0.25350	0.01633	0.07396	0.02043	0.01564	0.02242	0.01841	0.04920	0.06098	0.00804	0.00701	0.00218	0.00847	0.00721	0.00387	0.05614
5	0.02366	0.07800	0.02127	0.01863	0.07005	0.37818	0.01358	0.14361	0.05599	0.02450	0.04905	0.05874	0.01589	0.00892	0.00690	0.00204	0.01011	0.00661	0.00490	0.00936
6	0.05323	0.03949	0.04439	0.01402	0.01848	0.04312	0.01186	0.15334	0.08289	0.10153	0.02392	0.06077	0.05198	0.01084	0.00845	0.00228	0.05953	0.08544	0.00604	0.12839
7	0.01830	0.02052	0.07305	0.08051	0.09936	0.13845	0.10084	0.05631	0.11031	0.02310	0.01836	0.04253	0.04065	0.00898	0.00934	0.00233	0.09705	0.00727	0.00448	0.04826

[dist]
# distance from previous block
# <min> <max>
0	4

[block]
# block no. 7 follows, 28 sequences, length 8
# corresponding to MSA columns:
# 460-467
name=unknown_H
#
# <colnr> <probs for GDERKNQSTAVLIFYWHMCP>
#	G	D	E	R	K	N	Q	S	T	A	V	L	I	F	Y	W	H	M	C	P
0	0.05434	0.01370	0.01472	0.06045	0.01772	0.09215	0.01072	0.08137	0.08084	0.02295	0.08418	0.02763	0.02112	0.08431	0.26327	0.00603	0.04395	0.00776	0.00493	0.00786
1	0.05771	0.06529	0.04170	0.05637	0.06631	0.08537	0.04406	0.07782	0.01862	0.10362	0.12271	0.02272	0.02041	0.00855	0.00765	0.00203	0.04352	0.00684	0.00533	0.14336
2	0.02042	0.01945	0.08532	0.01767	0.02281	0.09087	0.10952	0.14199	0.10912	0.09871	0.02131	0.08875	0.01798	0.01004	0.00823	0.00235	0.03654	0.03918	0.00577	0.05396
3	0.05375	0.07907	0.05290	0.01553	0.07662	0.06011	0.01152	0.05857	0.04397	0.02302	0.06699	0.22614	0.02590	0.03490	0.00915	0.00243	0.04803	0.01040	0.00524	0.09575
4	0.05302	0.06446	0.01851	0.08125	0.04821	0.08083	0.01207	0.14632	0.05115	0.07103	0.02276	0.07756	0.07359	0.05165	0.00974	0.00249	0.05210	0.00805	0.00541	0.06982
5	0.02018	0.04351	0.02246	0.01971	0.09983	0.09118	0.09759	0.15256	0.02055	0.08869	0.05836	0.06154	0.07503	0.00988	0.00854	0.00223	0.05642	0.00826	0.00552	0.05794
6	0.06369	0.06112	0.05707	0.05022	0.10408	0.07336	0.05893	0.10556	0.12446	0.05626	0.01879	0.02383	0.01548	0.03385	0.04188	0.00283	0.00872	0.04631	0.00516	0.04838
7	0.01796	0.09285	0.07098	0.10015	0.06241	0.13789	0.06327	0.06642	0.08341	0.02385	0.09559	0.02435	0.05727	0.00876	0.00705	0.00210	0.00844	0.00727	0.00485	0.06513

[dist]
# distance from previous block
# <min> <max>
12	61

[block]
# block no. 8 follows, 28 sequences, length 9
# corresponding to MSA columns:
# 559-567
name=unknown_I
#
# <colnr> <probs for GDERKNQSTAVLIFYWHMCP>
#	G	D	E	R	K	N	Q	S	T	A	V	L	I	F	Y	W	H	M	C	P
0	0.04240	0.07296	0.05678	0.05077	0.08601	0.13990	0.05951	0.16132	0.04180	0.07776	0.01541	0.01721	0.01177	0.00882	0.02895	0.00229	0.00921	0.00590	0.00497	0.10625
1	0.01805	0.01542	0.01790	0.12755	0.02287	0.08467	0.04484	0.19032	0.02038	0.02691	0.06566	0.05874	0.02094	0.09547	0.01185	0.00291	0.04897	0.05316	0.06488	0.00852
2	0.01401	0.06507	0.06930	0.01730	0.04375	0.01478	0.13141	0.01963	0.10390	0.02196	0.06562	0.15583	0.12344	0.01281	0.01015	0.00255	0.10374	0.01100	0.00525	0.00848
3	0.03763	0.01378	0.01572	0.01503	0.04864	0.06489	0.03636	0.02388	0.24106	0.02398	0.07433	0.06934	0.08212	0.01972	0.14576	0.00418	0.03187	0.00914	0.00575	0.03680
4	0.09687	0.01477	0.02005	0.12024	0.02499	0.01431	0.09872	0.12107	0.01826	0.02753	0.05116	0.01851	0.01378	0.00694	0.00646	0.00182	0.00725	0.00599	0.00475	0.32654
5	0.02200	0.02387	0.01970	0.02030	0.11168	0.34566	0.01394	0.09999	0.08558	0.02319	0.01777	0.06954	0.01589	0.01260	0.05693	0.00283	0.01077	0.03371	0.00483	0.00921
6	0.33732	0.09202	0.06581	0.07915	0.02073	0.08654	0.01233	0.04366	0.07654	0.02683	0.04652	0.01677	0.01297	0.00790	0.00676	0.00223	0.04726	0.00540	0.00452	0.00872
7	0.02687	0.08779	0.02332	0.01633	0.02218	0.02312	0.01369	0.61450	0.03238	0.04315	0.01677	0.01692	0.01208	0.00849	0.00703	0.00212	0.00798	0.00630	0.00689	0.01208
8	0.12124	0.01664	0.01791	0.01496	0.01937	0.04848	0.04243	0.27393	0.15296	0.03458	0.08850	0.05084	0.02234	0.01038	0.00735	0.00236	0.00701	0.05193	0.00663	0.01016

[dist]
# distance from previous block
# <min> <max>
2	15

[block]
# block no. 9 follows, 28 sequences, length 6
# corresponding to MSA columns:
# 583-588
name=unknown_J
#
# <colnr> <probs for GDERKNQSTAVLIFYWHMCP>
#	G	D	E	R	K	N	Q	S	T	A	V	L	I	F	Y	W	H	M	C	P
0	0.10568	0.01770	0.10950	0.04156	0.09702	0.05982	0.01317	0.07271	0.01661	0.02464	0.01941	0.08590	0.05326	0.05038	0.00831	0.00228	0.00728	0.00740	0.00461	0.20276
1	0.07401	0.01321	0.01801	0.01459	0.01872	0.04720	0.11141	0.02437	0.07778	0.20736	0.21067	0.03242	0.04959	0.01315	0.05204	0.00289	0.00739	0.00910	0.00679	0.00930
2	0.01058	0.08718	0.08704	0.01151	0.01365	0.00948	0.00952	0.01273	0.01416	0.01889	0.03402	0.58551	0.03983	0.01933	0.00854	0.00274	0.00529	0.01726	0.00597	0.00678
3	0.01699	0.07516	0.01945	0.01477	0.01829	0.09431	0.07062	0.13171	0.04091	0.02492	0.09273	0.05551	0.17292	0.01414	0.04514	0.00281	0.08612	0.00945	0.00554	0.00851
4	0.02015	0.06146	0.02575	0.02981	0.33734	0.15408	0.04090	0.09296	0.01838	0.02344	0.01396	0.01896	0.01214	0.06714	0.01034	0.00254	0.05017	0.00639	0.00404	0.01004
5	0.01498	0.01347	0.01756	0.06332	0.02066	0.01245	0.05432	0.02006	0.08494	0.02311	0.01940	0.02146	0.06742	0.00775	0.00787	0.00171	0.07183	0.00623	0.00461	0.46685

[dist]
# distance from previous block
# <min> <max>
0	1

[block]
# block no. 10 follows, 28 sequences, length 13
# corresponding to MSA columns:
# 590-602
name=unknown_K
#
# <colnr> <probs for GDERKNQSTAVLIFYWHMCP>
#	G	D	E	R	K	N	Q	S	T	A	V	L	I	F	Y	W	H	M	C	P
0	0.05172	0.01886	0.02162	0.02259	0.17600	0.11434	0.05222	0.17932	0.13101	0.02888	0.02166	0.02309	0.06560	0.01131	0.04702	0.00275	0.00895	0.00730	0.00541	0.01035
1	0.01829	0.01544	0.01754	0.01733	0.08852	0.01720	0.01228	0.11802	0.45131	0.03095	0.06242	0.02921	0.06876	0.01020	0.00750	0.00239	0.00609	0.00855	0.00697	0.01102
2	0.01573	0.01565	0.04420	0.05945	0.02579	0.03555	0.25851	0.04715	0.01740	0.05384	0.07506	0.03433	0.16031	0.01091	0.00999	0.00251	0.08660	0.03337	0.00504	0.00863
3	0.02760	0.01926	0.02100	0.01622	0.02192	0.02106	0.01336	0.57235	0.07033	0.11284	0.01931	0.01876	0.01351	0.00882	0.00728	0.00220	0.00768	0.00672	0.00746	0.01231
4	0.02694	0.02002	0.02143	0.01659	0.02228	0.02222	0.01365	0.62907	0.08119	0.04470	0.01833	0.01815	0.01307	0.00881	0.00728	0.00220	0.00784	0.00667	0.00728	0.01230
5	0.05005	0.01225	0.04075	0.01182	0.01491	0.01173	0.00952	0.15095	0.04409	0.09358	0.09628	0.08992	0.05904	0.16074	0.01368	0.00337	0.00624	0.07729	0.04551	0.00827
6	0.01646	0.25982	0.42610	0.02057	0.09629	0.02067	0.02184	0.02255	0.01529	0.02123	0.01218	0.01446	0.00948	0.00665	0.00623	0.00205	0.00959	0.00502	0.00314	0.01038
7	0.02642	0.01976	0.02114	0.01648	0.02208	0.02198	0.01352	0.59452	0.11658	0.04386	0.01899	0.01867	0.01360	0.00887	0.00729	0.00222	0.00771	0.00676	0.00729	0.01225
8	0.01660	0.38058	0.16534	0.01586	0.06693	0.04031	0.01500	0.02039	0.01592	0.02024	0.07863	0.02415	0.06856	0.00871	0.00622	0.00197	0.00783	0.03358	0.00402	0.00916
9	0.01623	0.01294	0.01551	0.03588	0.01767	0.01373	0.02785	0.18555	0.11610	0.02841	0.07072	0.21831	0.08784	0.01371	0.00874	0.00244	0.04185	0.01162	0.00650	0.06843
10	0.02301	0.02160	0.09026	0.01640	0.02172	0.09345	0.01414	0.34720	0.17843	0.03466	0.01878	0.01931	0.01399	0.00981	0.00865	0.05667	0.00819	0.00659	0.00621	0.01094
11	0.08122	0.04719	0.01797	0.08451	0.02137	0.08235	0.03226	0.12026	0.12760	0.05753	0.02194	0.05994	0.05479	0.04302	0.00822	0.00234	0.00729	0.00752	0.00552	0.11716
12	0.07534	0.04407	0.09464	0.11790	0.04171	0.05526	0.01317	0.06533	0.05405	0.02402	0.04498	0.02297	0.04608	0.06126	0.02984	0.00260	0.00785	0.00656	0.00456	0.18782

[dist]
# distance from previous block
# <min> <max>
1	26

[block]
# block no. 11 follows, 28 sequences, length 9
# corresponding to MSA columns:
# 629-637
name=unknown_L
#
# <colnr> <probs for GDERKNQSTAVLIFYWHMCP>
#	G	D	E	R	K	N	Q	S	T	A	V	L	I	F	Y	W	H	M	C	P
0	0.01934	0.14328	0.06174	0.03765	0.05405	0.05885	0.03872	0.12295	0.15461	0.05118	0.08113	0.02165	0.01859	0.00830	0.00674	0.00202	0.00742	0.00671	0.00549	0.09957
1	0.01579	0.03688	0.01390	0.01246	0.03831	0.08064	0.00906	0.01879	0.06946	0.08270	0.03267	0.06542	0.17803	0.09752	0.01352	0.07924	0.03453	0.02980	0.00547	0.08580
2	0.03416	0.12307	0.01707	0.05888	0.06209	0.01229	0.03187	0.01581	0.01555	0.04438	0.09273	0.12830	0.17709	0.04688	0.07438	0.00341	0.00724	0.04186	0.00542	0.00752
3	0.01383	0.01140	0.01290	0.01382	0.08091	0.05498	0.00867	0.06185	0.04782	0.02086	0.08885	0.10776	0.05061	0.31528	0.04830	0.00462	0.00730	0.01047	0.00526	0.03451
4	0.02126	0.04676	0.10072	0.01707	0.02315	0.05803	0.07674	0.28446	0.10427	0.03228	0.01713	0.01898	0.01311	0.03654	0.00814	0.00225	0.00833	0.00645	0.00559	0.11873
5	0.06257	0.01869	0.01771	0.01536	0.01980	0.09882	0.01208	0.16748	0.43979	0.03225	0.02395	0.02271	0.01793	0.00919	0.00712	0.00233	0.00705	0.00724	0.00680	0.01114
6	0.01554	0.09900	0.06608	0.01165	0.01839	0.01238	0.01033	0.01903	0.01506	0.02289	0.01261	0.01470	0.01049	0.00559	0.00541	0.00122	0.00603	0.00433	0.00408	0.64521
7	0.01770	0.05413	0.02296	0.06152	0.21395	0.01615	0.07496	0.08621	0.13488	0.05852	0.02750	0.03076	0.11538	0.00987	0.00760	0.00233	0.00747	0.04251	0.00546	0.01013
8	0.01803	0.01572	0.02319	0.19146	0.29682	0.01689	0.01778	0.07071	0.15746	0.04885	0.01756	0.02025	0.01356	0.00755	0.00716	0.00223	0.00796	0.00675	0.00479	0.05528

[dist]
# distance from previous block
# <min> <max>
9	33

[block]
# block no. 12 follows, 28 sequences, length 12
# corresponding to MSA columns:
# 671-682
name=unknown_M
#
# <colnr> <probs for GDERKNQSTAVLIFYWHMCP>
#	G	D	E	R	K	N	Q	S	T	A	V	L	I	F	Y	W	H	M	C	P
0	0.08113	0.05213	0.09112	0.05027	0.05912	0.03846	0.04180	0.12874	0.01836	0.02724	0.01339	0.01557	0.01052	0.00650	0.00612	0.00171	0.00744	0.00516	0.00449	0.34072
1	0.01896	0.01651	0.01817	0.07738	0.02188	0.06426	0.01207	0.17718	0.08499	0.02809	0.01608	0.03968	0.01313	0.00807	0.00790	0.00188	0.06572	0.00611	0.00516	0.31678
2	0.02179	0.01940	0.05279	0.01975	0.11002	0.05434	0.02959	0.30020	0.16272	0.03393	0.02035	0.02079	0.03648	0.00849	0.00714	0.00215	0.00773	0.00688	0.00608	0.07938
3	0.05804	0.11045	0.05260	0.01387	0.04288	0.01442	0.03361	0.07404	0.04103	0.10211	0.10078	0.02279	0.03809	0.00806	0.00641	0.00180	0.00634	0.00656	0.00545	0.26068
4	0.01896	0.04911	0.01848	0.01423	0.01818	0.05111	0.04643	0.18624	0.08562	0.05155	0.03928	0.04819	0.01776	0.10706	0.03124	0.04421	0.04253	0.00754	0.00550	0.11680
5	0.01574	0.01426	0.01962	0.04547	0.12516	0.05172	0.04914	0.08206	0.01606	0.02216	0.07102	0.02533	0.01849	0.07977	0.18521	0.00509	0.15331	0.00767	0.00437	0.00834
6	0.01799	0.01727	0.02950	0.04462	0.69919	0.01727	0.02231	0.02231	0.01655	0.02375	0.01367	0.01799	0.01151	0.00648	0.00720	0.00216	0.00864	0.00648	0.00360	0.01151
7	0.29130	0.10786	0.07440	0.01325	0.01871	0.01854	0.01186	0.12217	0.14647	0.10418	0.01718	0.01725	0.01267	0.00783	0.00598	0.00220	0.00674	0.00562	0.00566	0.01013
8	0.01706	0.01634	0.02222	0.01885	0.01942	0.02229	0.01570	0.08231	0.01340	0.02029	0.01032	0.01606	0.00982	0.01233	0.02222	0.00308	0.65994	0.00638	0.00358	0.00839
9	0.01724	0.01656	0.02963	0.06922	0.51227	0.01651	0.12214	0.02126	0.01598	0.02255	0.01372	0.01864	0.01145	0.00798	0.00913	0.06591	0.00906	0.00679	0.00356	0.01042
10	0.01960	0.01712	0.02816	0.04071	0.61056	0.01713	0.02098	0.06292	0.01792	0.07255	0.01495	0.01843	0.01202	0.00679	0.00721	0.00217	0.00843	0.00654	0.00420	0.01163
11	0.01751	0.01686	0.02849	0.10770	0.51186	0.01733	0.07368	0.02369	0.08508	0.02388	0.01531	0.01920	0.01239	0.00687	0.00734	0.00224	0.00874	0.00682	0.00396	0.01104

[dist]
# distance from previous block
# <min> <max>
3	5

[block]
# block no. 13 follows, 28 sequences, length 20
# corresponding to MSA columns:
# 689-708
name=unknown_N
#
# <colnr> <probs for GDERKNQSTAVLIFYWHMCP>
#	G	D	E	R	K	N	Q	S	T	A	V	L	I	F	Y	W	H	M	C	P
0	0.02603	0.01911	0.02051	0.01590	0.02117	0.02109	0.01293	0.61268	0.03196	0.04284	0.01796	0.02028	0.01368	0.07770	0.01006	0.00264	0.00791	0.00692	0.00700	0.01162
1	0.00920	0.00654	0.00827	0.00950	0.00995	0.00616	0.00619	0.01023	0.01338	0.01769	0.03847	0.55574	0.08189	0.17312	0.01502	0.00378	0.00478	0.01824	0.00626	0.00561
2	0.01746	0.01673	0.02855	0.12888	0.61904	0.01713	0.02205	0.02185	0.01630	0.02311	0.01358	0.01816	0.01129	0.00657	0.00721	0.00219	0.00877	0.00647	0.00355	0.01109
3	0.02580	0.03020	0.02213	0.02248	0.12708	0.52201	0.01529	0.10765	0.02165	0.02217	0.01238	0.01440	0.01007	0.00749	0.00674	0.00195	0.01179	0.00519	0.00416	0.00939
4	0.00916	0.00651	0.00829	0.00957	0.01002	0.00613	0.00625	0.01022	0.01343	0.01778	0.03859	0.57620	0.07733	0.15725	0.01442	0.00369	0.00472	0.01851	0.00631	0.00564
5	0.01057	0.00705	0.00793	0.00793	0.00793	0.00705	0.00440	0.01057	0.01057	0.01409	0.02290	0.04757	0.02643	0.74454	0.03700	0.00705	0.00705	0.01057	0.00440	0.00440
6	0.01760	0.01647	0.02731	0.19699	0.51268	0.01733	0.02133	0.06006	0.01714	0.02388	0.01373	0.01827	0.01115	0.00679	0.00722	0.00222	0.00884	0.00648	0.00373	0.01079
7	0.07195	0.01944	0.02053	0.01608	0.02162	0.02166	0.01320	0.56254	0.10846	0.04325	0.01843	0.01824	0.01324	0.00874	0.00712	0.00222	0.00760	0.00658	0.00712	0.01200
8	0.06223	0.01362	0.01533	0.01129	0.01748	0.01136	0.00906	0.06313	0.05005	0.02602	0.01390	0.01565	0.01128	0.00591	0.00556	0.00129	0.00559	0.00463	0.00467	0.65196
9	0.01633	0.01555	0.02611	0.19414	0.50208	0.01618	0.02056	0.02058	0.01610	0.02228	0.01805	0.02224	0.06296	0.00756	0.00732	0.00224	0.00850	0.00714	0.00375	0.01034
10	0.04982	0.01465	0.01695	0.01462	0.04393	0.01526	0.01132	0.27552	0.07817	0.14061	0.14983	0.03119	0.05924	0.01070	0.00756	0.00227	0.00629	0.03419	0.00732	0.03057
11	0.02111	0.04714	0.07203	0.12645	0.07015	0.05491	0.01565	0.24346	0.13870	0.05779	0.01794	0.01948	0.01343	0.00996	0.03164	0.00259	0.03465	0.00660	0.00560	0.01071
12	0.02068	0.05441	0.05630	0.02912	0.32243	0.04203	0.04412	0.10114	0.01858	0.10438	0.01519	0.01781	0.01184	0.00758	0.00856	0.00218	0.07570	0.00629	0.00463	0.05704
13	0.02019	0.05842	0.09317	0.05135	0.17332	0.08223	0.04049	0.18800	0.05246	0.02776	0.01546	0.04219	0.01268	0.00841	0.00849	0.00223	0.07080	0.00664	0.00473	0.04096
14	0.06532	0.01970	0.02304	0.14379	0.17498	0.15895	0.06013	0.05604	0.11042	0.02376	0.01503	0.01799	0.01190	0.00772	0.00798	0.00224	0.05262	0.00626	0.00433	0.03781
15	0.10521	0.04353	0.04929	0.05566	0.12118	0.06747	0.04691	0.06648	0.05701	0.05161	0.01561	0.05124	0.01308	0.00798	0.00754	0.00205	0.05044	0.00637	0.00462	0.17675
16	0.01909	0.05647	0.13051	0.04466	0.10245	0.01822	0.06634	0.17201	0.04402	0.06270	0.06647	0.04795	0.01720	0.00940	0.00963	0.00238	0.10766	0.00747	0.00513	0.01023
17	0.01937	0.10063	0.01930	0.01588	0.07176	0.06265	0.01175	0.19194	0.06414	0.05973	0.03951	0.08385	0.04458	0.08304	0.01027	0.00273	0.00728	0.06844	0.00587	0.03729
18	0.01740	0.07330	0.13093	0.01660	0.06994	0.01593	0.01397	0.10597	0.15446	0.05893	0.05652	0.08988	0.05037	0.02844	0.00846	0.00238	0.02911	0.00847	0.00567	0.06329
19	0.04709	0.13402	0.12200	0.02126	0.14772	0.11810	0.04158	0.10104	0.06860	0.02476	0.02061	0.02192	0.08402	0.00843	0.00680	0.00212	0.00866	0.00674	0.00456	0.00996

[dist]
# distance from previous block
# <min> <max>
106	247

[block]
# block no. 14 follows, 28 sequences, length 74
# corresponding to MSA columns:
# 990-1063
name=unknown_O
#
# <colnr> <probs for GDERKNQSTAVLIFYWHMCP>
#	G	D	E	R	K	N	Q	S	T	A	V	L	I	F	Y	W	H	M	C	P
0	0.04449	0.04916	0.02309	0.01833	0.05242	0.08735	0.13760	0.18727	0.04881	0.05726	0.04887	0.04187	0.07493	0.01081	0.03350	0.00252	0.00871	0.00793	0.00553	0.05956
1	0.05196	0.03692	0.13971	0.01897	0.07046	0.04364	0.06305	0.14508	0.07608	0.10443	0.01955	0.04975	0.03451	0.00916	0.00878	0.00233	0.07814	0.00724	0.00537	0.03487
2	0.04695	0.16895	0.06989	0.04427	0.02074	0.16785	0.01320	0.07536	0.04652	0.02312	0.04222	0.01983	0.01452	0.00835	0.00741	0.00199	0.05610	0.03283	0.04227	0.09763
3	0.07344	0.04770	0.04591	0.04303	0.08354	0.11837	0.01261	0.07668	0.09402	0.02400	0.04296	0.04506	0.01719	0.06917	0.08661	0.00356	0.03989	0.00713	0.02247	0.04667
4	0.05079	0.09819	0.05496	0.11173	0.11302	0.01573	0.03978	0.04688	0.01612	0.10388	0.01915	0.06834	0.04242	0.03729	0.00920	0.00236	0.05988	0.00741	0.00472	0.09814
5	0.01755	0.09400	0.04696	0.01483	0.01874	0.12806	0.05655	0.10917	0.04626	0.02362	0.04912	0.16523	0.05464	0.04438	0.00935	0.00245	0.03742	0.00962	0.00524	0.06683
6	0.01861	0.10226	0.05456	0.04680	0.04920	0.13438	0.05629	0.09641	0.14319	0.02437	0.02398	0.05560	0.08648	0.03787	0.00824	0.00235	0.00818	0.00791	0.00517	0.03816
