[name]
unknown

[dist]
# distance from previous block
# <min> <max>
0	3

[block]
# block no. 0 follows, 30 sequences, length 8
# corresponding to MSA columns:
# 17-24
name=unknown_A
#
# <colnr> <probs for GDERKNQSTAVLIFYWHMCP>
#	G	D	E	R	K	N	Q	S	T	A	V	L	I	F	Y	W	H	M	C	P
0	0.02057	0.03540	0.08266	0.03875	0.02206	0.04938	0.05631	0.27786	0.08442	0.07155	0.04903	0.02362	0.01674	0.00878	0.00703	0.00212	0.00763	0.05505	0.00585	0.08519
1	0.01880	0.07418	0.23079	0.01941	0.04890	0.10350	0.12229	0.05064	0.09704	0.09310	0.01750	0.01882	0.03186	0.00764	0.00744	0.00217	0.03518	0.00636	0.00446	0.00992
2	0.01476	0.09188	0.55752	0.02073	0.03019	0.01735	0.12785	0.02204	0.01496	0.02168	0.01254	0.01509	0.00912	0.00646	0.00671	0.00217	0.01031	0.00552	0.00304	0.01006
3	0.01507	0.01658	0.06108	0.56213	0.08874	0.10236	0.01916	0.01954	0.01484	0.01832	0.01226	0.01756	0.00936	0.00693	0.00687	0.00224	0.00969	0.00593	0.00318	0.00816
4	0.01845	0.01495	0.01545	0.01369	0.01746	0.04740	0.01059	0.06375	0.51769	0.07903	0.05187	0.02709	0.02195	0.05791	0.00894	0.00259	0.00596	0.00792	0.00689	0.01040
5	0.01539	0.01874	0.17778	0.08097	0.33957	0.01449	0.01893	0.02075	0.04540	0.04694	0.06775	0.08721	0.01836	0.00862	0.00714	0.00222	0.00785	0.00780	0.00425	0.00985
6	0.00997	0.00748	0.01121	0.01121	0.01246	0.00872	0.00872	0.01246	0.01121	0.01620	0.01869	0.02741	0.01745	0.05234	0.72710	0.01121	0.01869	0.00748	0.00374	0.00623
7	0.02569	0.01219	0.01532	0.01218	0.01647	0.01168	0.00968	0.14987	0.02020	0.43477	0.02414	0.02650	0.01771	0.14245	0.04571	0.00338	0.00700	0.00746	0.00732	0.01026

[dist]
# distance from previous block
# <min> <max>
0	1

[block]
# block no. 1 follows, 30 sequences, length 134
# corresponding to MSA columns:
# 26-159
name=unknown_B
#
# <colnr> <probs for GDERKNQSTAVLIFYWHMCP>
#	G	D	E	R	K	N	Q	S	T	A	V	L	I	F	Y	W	H	M	C	P
0	0.02349	0.01819	0.01959	0.07556	0.02293	0.04582	0.01319	0.44084	0.18016	0.05873	0.01913	0.01906	0.01384	0.00847	0.00698	0.00217	0.00745	0.00659	0.00661	0.01120
1	0.00842	0.00686	0.00745	0.00776	0.00965	0.00589	0.00565	0.01017	0.01563	0.01927	0.10871	0.21378	0.51981	0.01834	0.00839	0.00245	0.00363	0.01568	0.00656	0.00589
2	0.00850	0.00607	0.00810	0.00972	0.01012	0.00567	0.00648	0.00972	0.01336	0.01781	0.03846	0.75020	0.04615	0.02186	0.00891	0.00283	0.00405	0.01984	0.00648	0.00567
3	0.01559	0.01274	0.01385	0.01253	0.01594	0.01415	0.00970	0.03020	0.49260	0.04840	0.16341	0.03430	0.08455	0.01103	0.00741	0.00233	0.00494	0.00933	0.00721	0.00979
4	0.16433	0.04972	0.03969	0.01393	0.01886	0.04567	0.01163	0.23327	0.23149	0.09277	0.01934	0.01878	0.01413	0.00819	0.00639	0.00216	0.00671	0.00617	0.00625	0.01051
5	0.01698	0.01629	0.02780	0.09194	0.66438	0.01650	0.02127	0.02116	0.01575	0.02245	0.01308	0.01737	0.01093	0.00627	0.00691	0.00209	0.00836	0.00622	0.00343	0.01082
6	0.06660	0.08990	0.10139	0.07361	0.15693	0.01875	0.08861	0.16228	0.12374	0.02761	0.01568	0.01755	0.01196	0.00722	0.00668	0.00214	0.00815	0.00620	0.00468	0.01031
7	0.01447	0.01240	0.01447	0.01034	0.01654	0.00930	0.00827	0.01757	0.01447	0.02274	0.01240	0.01447	0.01034	0.00517	0.00517	0.00103	0.00517	0.00413	0.00413	0.79742
8	0.01026	0.00739	0.00994	0.01007	0.01094	0.00803	0.00719	0.03072	0.01187	0.01648	0.02279	0.14951	0.02423	0.24960	0.38977	0.00831	0.01255	0.01022	0.00442	0.00572
9	0.01405	0.03571	0.70333	0.02010	0.03034	0.01624	0.04066	0.02211	0.01477	0.02211	0.01256	0.01483	0.00888	0.00661	0.00667	0.00221	0.01035	0.00523	0.00296	0.01029
10	0.02672	0.01259	0.01597	0.01252	0.01732	0.01189	0.01023	0.16002	0.02248	0.46615	0.14080	0.02718	0.02445	0.00954	0.00722	0.00215	0.00583	0.00782	0.00815	0.01098
11	0.01977	0.01506	0.01630	0.01417	0.01843	0.01695	0.01116	0.09669	0.56077	0.10800	0.02723	0.02492	0.01998	0.00927	0.00708	0.00232	0.00577	0.00764	0.00726	0.01121
12	0.01400	0.03610	0.71860	0.01989	0.03020	0.01621	0.02578	0.02210	0.01473	0.02210	0.01252	0.01473	0.00884	0.00663	0.00663	0.00221	0.01031	0.00516	0.00295	0.01031
13	0.01637	0.00998	0.01152	0.01014	0.01355	0.00950	0.00794	0.02228	0.15936	0.20468	0.12175	0.04556	0.31267	0.01322	0.00768	0.00229	0.00455	0.01105	0.00731	0.00861
14	0.00971	0.00795	0.00871	0.00858	0.01090	0.00734	0.00661	0.01366	0.08427	0.02177	0.18415	0.06120	0.46330	0.01635	0.00825	0.00240	0.00393	0.06760	0.00676	0.00658
15	0.01341	0.01264	0.02135	0.69840	0.08583	0.01557	0.01950	0.01803	0.01406	0.01811	0.01244	0.01853	0.00940	0.00693	0.00697	0.00231	0.00924	0.00620	0.00312	0.00794
16	0.00848	0.00695	0.00747	0.00760	0.00963	0.00595	0.00560	0.01036	0.01606	0.01983	0.14393	0.14991	0.54848	0.01778	0.00833	0.00240	0.00357	0.01510	0.00663	0.00595
17	0.01318	0.01240	0.02093	0.73798	0.04806	0.01550	0.01938	0.01783	0.01395	0.01783	0.01240	0.01860	0.00930	0.00698	0.00698	0.00233	0.00930	0.00620	0.00310	0.00775
18	0.00850	0.00607	0.00810	0.00972	0.01012	0.00567	0.00648	0.00972	0.01336	0.01781	0.03846	0.75020	0.04615	0.02186	0.00891	0.00283	0.00405	0.01984	0.00648	0.00567
19	0.02653	0.01955	0.02094	0.01606	0.02164	0.02164	0.01326	0.68796	0.03281	0.04398	0.01675	0.01675	0.01187	0.00838	0.00698	0.00209	0.00768	0.00628	0.00698	0.01187
20	0.01605	0.02105	0.13526	0.02744	0.03456	0.01766	0.55492	0.02200	0.01590	0.02200	0.01361	0.01805	0.01026	0.00635	0.00884	0.00237	0.05315	0.00768	0.00342	0.00944
21	0.02874	0.01203	0.01589	0.01235	0.01738	0.01083	0.01013	0.08621	0.02102	0.59043	0.09563	0.02605	0.02175	0.00919	0.00714	0.00216	0.00581	0.00752	0.00840	0.01134
22	0.01727	0.01658	0.02832	0.04283	0.71123	0.01658	0.02142	0.02142	0.01589	0.02280	0.01313	0.01727	0.01105	0.00622	0.00691	0.00207	0.00829	0.00622	0.00345	0.01105
23	0.00858	0.00618	0.00800	0.00941	0.00993	0.00575	0.00627	0.00976	0.01336	0.01764	0.03980	0.66183	0.09175	0.06330	0.01038	0.00302	0.00417	0.01893	0.00635	0.00560
24	0.00853	0.00692	0.00756	0.00773	0.00968	0.00596	0.00567	0.01043	0.01608	0.02003	0.15946	0.17115	0.51081	0.01782	0.00835	0.00241	0.00358	0.01521	0.00666	0.00596
25	0.02611	0.03212	0.01987	0.01782	0.02158	0.66818	0.01346	0.08269	0.02086	0.01931	0.01128	0.01293	0.00923	0.00729	0.00635	0.00182	0.01218	0.00464	0.00388	0.00840
26	0.07299	0.01683	0.02627	0.07900	0.59513	0.04636	0.01999	0.02142	0.01566	0.02288	0.01275	0.01673	0.01062	0.00632	0.00670	0.00208	0.00832	0.00597	0.00350	0.01049
27	0.01846	0.31908	0.26475	0.01696	0.02398	0.16636	0.05885	0.02282	0.01566	0.01885	0.01116	0.01315	0.00902	0.00644	0.00581	0.00185	0.00975	0.00465	0.00313	0.00927
28	0.01014	0.00678	0.00768	0.00766	0.00772	0.00676	0.00432	0.01026	0.01051	0.01408	0.04818	0.04591	0.02692	0.72647	0.03448	0.00659	0.00663	0.01024	0.00436	0.00432
29	0.00987	0.00727	0.01052	0.01066	0.01169	0.00823	0.00800	0.01196	0.01127	0.01601	0.02073	0.08963	0.02078	0.13386	0.58469	0.00999	0.01605	0.00882	0.00402	0.00594
30	0.01169	0.01159	0.07201	0.01317	0.01588	0.00990	0.07682	0.03753	0.10423	0.02252	0.13663	0.38966	0.03828	0.01578	0.00825	0.00255	0.00553	0.01435	0.00617	0.00746
31	0.01010	0.00653	0.00848	0.00950	0.01013	0.00612	0.00630	0.01119	0.01318	0.05721	0.03496	0.58570	0.04087	0.14878	0.01343	0.00348	0.00463	0.01741	0.00621	0.00577
32	0.00999	0.00670	0.00766	0.00781	0.00785	0.00666	0.00444	0.01011	0.01045	0.01393	0.02354	0.11216	0.02733	0.68559	0.03301	0.00639	0.00651	0.01106	0.00444	0.00436
33	0.01837	0.01605	0.02543	0.16214	0.48571	0.03645	0.01954	0.05112	0.01673	0.08026	0.01429	0.01789	0.01123	0.00668	0.00692	0.00212	0.00837	0.00623	0.00398	0.01048
34	0.01474	0.15140	0.60981	0.01862	0.02824	0.01803	0.02357	0.02191	0.01464	0.02119	0.01207	0.01417	0.00886	0.00652	0.00629	0.00210	0.00986	0.00493	0.00295	0.01010
35	0.00880	0.00674	0.00807	0.00849	0.00995	0.00601	0.00608	0.01080	0.01609	0.02106	0.23873	0.30396	0.29369	0.01819	0.00848	0.00248	0.00365	0.01594	0.00682	0.00601
36	0.02715	0.01681	0.01896	0.01464	0.01998	0.01780	0.01206	0.46646	0.04237	0.23035	0.02023	0.01925	0.01380	0.00846	0.00691	0.00210	0.00698	0.00653	0.03749	0.01165
37	0.01845	0.39708	0.17427	0.01881	0.10934	0.11729	0.03553	0.02219	0.01533	0.01866	0.01099	0.01310	0.00925	0.00630	0.00558	0.00178	0.00897	0.00457	0.00313	0.00940
38	0.00910	0.00634	0.00821	0.00950	0.01026	0.00582	0.00645	0.01042	0.01382	0.03722	0.04169	0.65536	0.11784	0.02104	0.00878	0.00276	0.00404	0.01892	0.00654	0.00586
39	0.01688	0.01635	0.02843	0.10140	0.61582	0.01655	0.05944	0.02116	0.01576	0.02235	0.01312	0.01747	0.01088	0.00626	0.00699	0.00211	0.00858	0.00633	0.00343	0.01068
40	0.01505	0.01429	0.02375	0.34721	0.29435	0.01601	0.04358	0.02024	0.05422	0.02088	0.04048	0.01969	0.01289	0.00730	0.00775	0.00226	0.04056	0.00662	0.00366	0.00920
41	0.04846	0.02489	0.02059	0.01722	0.02144	0.33963	0.03887	0.28068	0.02360	0.02804	0.01332	0.01502	0.01039	0.00928	0.02972	0.00231	0.05667	0.00550	0.00489	0.00949
42	0.01034	0.00807	0.01247	0.01201	0.01340	0.00939	0.03026	0.01291	0.01136	0.01641	0.01826	0.02677	0.01698	0.04964	0.68286	0.01069	0.04065	0.00746	0.00371	0.00637
43	0.01945	0.01192	0.01348	0.01142	0.01496	0.05138	0.00900	0.08460	0.07950	0.23983	0.28126	0.03688	0.09364	0.01146	0.00753	0.00218	0.00526	0.00961	0.00752	0.00911
44	0.01719	0.01976	0.03908	0.02918	0.06487	0.06833	0.60875	0.02271	0.01668	0.02200	0.01384	0.01831	0.01049	0.00599	0.00804	0.00230	0.01167	0.00788	0.00353	0.00939
45	0.01673	0.01879	0.03743	0.07044	0.09199	0.04851	0.54322	0.02209	0.01625	0.02174	0.01364	0.01830	0.01044	0.00622	0.00840	0.00232	0.03292	0.00772	0.00349	0.00934
46	0.00850	0.00607	0.00810	0.00972	0.01012	0.00567	0.00648	0.00972	0.01336	0.01781	0.03846	0.75020	0.04615	0.02186	0.00891	0.00283	0.00405	0.01984	0.00648	0.00567
47	0.01587	0.01667	0.02094	0.57257	0.06442	0.15656	0.01828	0.01994	0.01517	0.01784	0.01211	0.01737	0.00930	0.00699	0.00684	0.00221	0.00992	0.00586	0.00321	0.00793
48	0.01736	0.01656	0.02818	0.07194	0.63955	0.01672	0.04201	0.04203	0.01635	0.02323	0.01324	0.01736	0.01099	0.00631	0.00696	0.00209	0.00842	0.00628	0.00355	0.01088
49	0.00835	0.00707	0.00721	0.00717	0.00949	0.00593	0.00538	0.01021	0.01614	0.01941	0.10996	0.06623	0.66878	0.01746	0.00825	0.00235	0.00352	0.01460	0.00655	0.00593
50	0.00861	0.00706	0.00759	0.00751	0.00966	0.00604	0.00561	0.01070	0.01668	0.02083	0.20950	0.08189	0.55000	0.01704	0.00826	0.00233	0.00350	0.01440	0.00674	0.00604
51	0.02323	0.03637	0.01547	0.01198	0.01641	0.01210	0.00974	0.11132	0.09870	0.35864	0.12375	0.03136	0.09907	0.01037	0.00724	0.00218	0.00553	0.00853	0.00770	0.01030
52	0.01478	0.04829	0.32000	0.04508	0.16544	0.04614	0.08270	0.02042	0.01600	0.02234	0.10376	0.02252	0.04621	0.00793	0.00704	0.00216	0.00883	0.00697	0.00389	0.00950
53	0.02534	0.03187	0.02049	0.02004	0.07885	0.66776	0.01414	0.02733	0.01945	0.01755	0.01098	0.01297	0.00916	0.00711	0.00634	0.00182	0.01223	0.00464	0.00358	0.00834
54	0.03929	0.08573	0.64870	0.01900	0.02882	0.01698	0.02424	0.02197	0.01460	0.02199	0.01224	0.01438	0.00881	0.00658	0.00641	0.00216	0.00996	0.00501	0.00299	0.01013
55	0.02156	0.47558	0.03005	0.01424	0.01934	0.27942	0.01254	0.04309	0.01675	0.01747	0.01030	0.01186	0.00905	0.00648	0.00521	0.00162	0.00931	0.00408	0.00332	0.00873
56	0.00848	0.00615	0.00801	0.00950	0.01006	0.00569	0.00638	0.00974	0.01357	0.01790	0.04110	0.69420	0.10045	0.02152	0.00885	0.00279	0.00401	0.01942	0.00648	0.00569
57	0.06492	0.26153	0.09256	0.01827	0.07883	0.20829	0.06598	0.02463	0.08534	0.02027	0.01278	0.01450	0.01043	0.00675	0.00591	0.00188	0.00917	0.00505	0.00372	0.00920
58	0.01929	0.01959	0.05662	0.05765	0.46825	0.10693	0.04402	0.07794	0.01782	0.04553	0.01357	0.01683	0.01088	0.00663	0.00688	0.00207	0.00896	0.00606	0.00390	0.01057
59	0.00865	0.00662	0.00797	0.00883	0.01011	0.00594	0.00629	0.01032	0.01490	0.01908	0.09820	0.41253	0.29271	0.01963	0.00865	0.00263	0.00393	0.05059	0.00656	0.00586
60	0.00868	0.00637	0.00817	0.00941	0.01023	0.00586	0.00652	0.01020	0.01428	0.01881	0.09018	0.57698	0.14001	0.02063	0.00880	0.00274	0.00402	0.04575	0.00656	0.00580
61	0.01704	0.07726	0.02053	0.02127	0.19596	0.10439	0.03211	0.08013	0.04364	0.03675	0.04564	0.04900	0.03479	0.01678	0.12930	0.00371	0.00981	0.06840	0.00465	0.00884
62	0.02158	0.05210	0.02446	0.09111	0.17754	0.21702	0.09260	0.08424	0.05698	0.09298	0.01501	0.01710	0.01144	0.00713	0.00682	0.00205	0.00951	0.00604	0.00449	0.00979
63	0.07248	0.17033	0.07556	0.02499	0.08675	0.01937	0.40760	0.02183	0.01553	0.02180	0.01273	0.01638	0.00998	0.00601	0.00699	0.00213	0.01007	0.00666	0.00343	0.00938
64	0.01158	0.00845	0.01109	0.01213	0.01399	0.00840	0.01034	0.05198	0.01684	0.02177	0.04011	0.11234	0.12253	0.01860	0.00927	0.00302	0.00600	0.50844	0.00647	0.00663
65	0.00856	0.00648	0.00791	0.00882	0.00994	0.00583	0.00613	0.01015	0.01477	0.01914	0.11471	0.47332	0.24934	0.01983	0.00864	0.00263	0.00382	0.01757	0.00660	0.00583
66	0.01653	0.07166	0.37272	0.02131	0.02957	0.01795	0.20589	0.09604	0.05648	0.02464	0.01417	0.01653	0.01038	0.00674	0.00701	0.00220	0.00998	0.00621	0.00379	0.01019
67	0.02367	0.02393	0.02014	0.04263	0.02237	0.30707	0.03671	0.24192	0.15977	0.02839	0.01642	0.01706	0.01245	0.00798	0.00677	0.00205	0.00944	0.00594	0.00537	0.00993
68	0.07499	0.03526	0.02820	0.09280	0.15752	0.19141	0.23415	0.02263	0.01623	0.02093	0.01227	0.01609	0.00983	0.00677	0.00787	0.00217	0.05213	0.00622	0.00351	0.00900
69	0.00970	0.00707	0.00913	0.00873	0.01035	0.00649	0.00650	0.01279	0.01917	0.02688	0.63283	0.09275	0.10166	0.01489	0.00827	0.00224	0.00335	0.01315	0.00754	0.00649
70	0.00862	0.00619	0.00836	0.00984	0.01032	0.00592	0.00666	0.00994	0.01318	0.01768	0.03682	0.69017	0.04377	0.02439	0.06856	0.00353	0.00526	0.01881	0.00625	0.00571
71	0.01800	0.01630	0.04692	0.01461	0.01897	0.01767	0.01188	0.09216	0.61174	0.03015	0.02671	0.02475	0.01995	0.00925	0.00707	0.00234	0.00592	0.00763	0.00691	0.01108
72	0.02030	0.01740	0.12638	0.04049	0.02099	0.01385	0.01297	0.14250	0.09998	0.17803	0.02020	0.02010	0.03486	0.00769	0.00651	0.00190	0.00673	0.00615	0.00582	0.21714
73	0.01732	0.13651	0.31406	0.02129	0.08078	0.01823	0.14710	0.08352	0.01695	0.05261	0.01347	0.01574	0.01005	0.00655	0.00663	0.00206	0.00940	0.00576	0.00376	0.03822
74	0.01400	0.03610	0.71860	0.01989	0.03020	0.01621	0.02578	0.02210	0.01473	0.02210	0.01252	0.01473	0.00884	0.00663	0.00663	0.00221	0.01031	0.00516	0.00295	0.01031
75	0.01118	0.00807	0.01069	0.01187	0.01337	0.00802	0.00970	0.05158	0.01621	0.02121	0.03755	0.27663	0.06625	0.01937	0.00921	0.00300	0.00567	0.40745	0.00648	0.00649
76	0.04236	0.04122	0.10556	0.17374	0.02694	0.01576	0.03144	0.18701	0.03447	0.21011	0.01884	0.05072	0.01382	0.00834	0.00691	0.00220	0.00773	0.00685	0.00577	0.01022
77	0.07579	0.16128	0.04153	0.06269	0.12182	0.15467	0.15910	0.04525	0.01690	0.07822	0.01324	0.01567	0.01030	0.00662	0.00644	0.00200	0.00939	0.00572	0.00398	0.00938
78	0.01019	0.00696	0.00848	0.00888	0.00926	0.00700	0.00586	0.01098	0.01148	0.01529	0.02571	0.10874	0.02915	0.52869	0.06867	0.00609	0.00717	0.12180	0.00476	0.00484
79	0.03984	0.16707	0.13126	0.19610	0.13807	0.10637	0.01745	0.04680	0.05514	0.02090	0.01281	0.01575	0.01014	0.00681	0.00627	0.00203	0.00895	0.00538	0.00358	0.00928
80	0.01024	0.00687	0.00791	0.00805	0.00818	0.00687	0.00481	0.01051	0.01064	0.01414	0.02323	0.04841	0.02660	0.69367	0.03337	0.00647	0.00674	0.06448	0.00441	0.00441
81	0.02072	0.39761	0.12237	0.01521	0.02090	0.28035	0.01437	0.02359	0.01629	0.01742	0.01048	0.01218	0.00895	0.00650	0.00543	0.00170	0.00971	0.00420	0.00320	0.00882
82	0.02259	0.01614	0.01786	0.01435	0.01855	0.01767	0.01148	0.51642	0.02717	0.03640	0.01777	0.07843	0.01476	0.01219	0.01058	0.13705	0.00710	0.00737	0.00627	0.00985
83	0.00854	0.00617	0.00808	0.00953	0.01009	0.00571	0.00641	0.00986	0.01374	0.01825	0.06500	0.68518	0.08495	0.02134	0.00884	0.00278	0.00399	0.01928	0.00652	0.00571
84	0.80405	0.01350	0.01026	0.00918	0.01350	0.01565	0.00756	0.02051	0.01188	0.03131	0.00972	0.01134	0.00756	0.00648	0.00432	0.00216	0.00540	0.00378	0.00432	0.00756
85	0.06125	0.11173	0.44765	0.01895	0.05260	0.07652	0.04044	0.05024	0.01578	0.02255	0.01215	0.01426	0.00910	0.00659	0.00626	0.00205	0.00960	0.00501	0.00333	0.03393
86	0.00882	0.00630	0.00833	0.00947	0.01012	0.00588	0.00644	0.01043	0.01458	0.01977	0.17369	0.59127	0.04963	0.03844	0.00943	0.00280	0.00396	0.01814	0.00667	0.00582
87	0.04014	0.01685	0.04279	0.23766	0.15601	0.10914	0.11241	0.02097	0.01624	0.06406	0.07218	0.04874	0.01632	0.00797	0.00715	0.00220	0.00891	0.00728	0.00418	0.00878
88	0.16250	0.04142	0.10652	0.01462	0.02036	0.05755	0.09504	0.09545	0.01690	0.04530	0.01842	0.03946	0.06871	0.00779	0.00624	0.00192	0.00734	0.00635	0.00458	0.18353
89	0.00909	0.00657	0.00859	0.00921	0.01023	0.00608	0.00648	0.01123	0.01625	0.02229	0.33154	0.41923	0.08042	0.01839	0.00859	0.00254	0.00370	0.01649	0.00700	0.00608
90	0.01212	0.00606	0.00909	0.00909	0.00909	0.00606	0.00606	0.00909	0.00909	0.01212	0.01212	0.02121	0.01212	0.02424	0.02727	0.79697	0.00606	0.00606	0.00303	0.00303
91	0.02132	0.31804	0.04700	0.01685	0.05129	0.14021	0.07965	0.12709	0.01874	0.07273	0.01388	0.03840	0.01148	0.00728	0.00604	0.00186	0.00867	0.00561	0.00431	0.00954
92	0.11620	0.04314	0.01801	0.01423	0.01853	0.05528	0.08601	0.07768	0.20440	0.11828	0.06473	0.05759	0.07667	0.00973	0.00696	0.00223	0.00655	0.00819	0.00615	0.00944
93	0.00917	0.00686	0.00853	0.00878	0.01026	0.00623	0.00643	0.01153	0.01696	0.02278	0.34919	0.24607	0.21212	0.01733	0.00847	0.00245	0.00367	0.03997	0.00702	0.00617
94	0.00878	0.00701	0.00767	0.00786	0.00969	0.00615	0.00576	0.01055	0.01546	0.01919	0.12009	0.12669	0.48159	0.09143	0.01111	0.00287	0.00405	0.05188	0.00636	0.00580
95	0.09726	0.15544	0.15647	0.09988	0.08257	0.13640	0.05477	0.05847	0.01646	0.04109	0.01292	0.01648	0.01039	0.00706	0.00623	0.00204	0.00911	0.02405	0.00377	0.00916
96	0.31995	0.04785	0.38506	0.01490	0.02229	0.01582	0.01726	0.02097	0.01388	0.02581	0.04890	0.01533	0.01143	0.00696	0.00576	0.00217	0.00794	0.00498	0.00374	0.00900
97	0.00870	0.00618	0.00816	0.00966	0.01007	0.00582	0.00646	0.00989	0.01321	0.01760	0.03724	0.67998	0.04449	0.07422	0.01083	0.00313	0.00431	0.03816	0.00632	0.00559
98	0.01657	0.01593	0.02735	0.15948	0.58541	0.01642	0.03513	0.02083	0.01558	0.02195	0.01303	0.01753	0.01075	0.00634	0.00695	0.00212	0.00853	0.00626	0.00340	0.01046
99	0.01835	0.05610	0.03633	0.06451	0.01890	0.01422	0.01102	0.10733	0.21791	0.14121	0.13346	0.07335	0.05610	0.01061	0.00724	0.00224	0.00585	0.00889	0.00672	0.00965
100	0.01747	0.46752	0.27122	0.01503	0.02237	0.06386	0.01681	0.02171	0.01469	0.01842	0.01074	0.01250	0.00892	0.00627	0.00533	0.00176	0.00874	0.00427	0.00301	0.00937
101	0.01005	0.00721	0.00950	0.01065	0.01167	0.00700	0.00790	0.04074	0.01538	0.02052	0.09273	0.50221	0.04488	0.02003	0.00894	0.00284	0.00470	0.17026	0.00659	0.00619
102	0.01670	0.06154	0.07830	0.13559	0.25429	0.06140	0.19707	0.02122	0.01545	0.02075	0.01262	0.01693	0.01013	0.00674	0.00820	0.00221	0.06156	0.00642	0.00334	0.00953
103	0.02741	0.01552	0.01782	0.01400	0.01907	0.03827	0.01141	0.31916	0.02513	0.34828	0.02304	0.07229	0.01670	0.00942	0.00711	0.00217	0.00678	0.00753	0.00759	0.01130
104	0.02293	0.02116	0.02220	0.01993	0.09032	0.16516	0.06145	0.31356	0.11515	0.03128	0.01610	0.01725	0.01221	0.00811	0.00785	0.00214	0.05096	0.00625	0.00548	0.01048
105	0.01691	0.01504	0.01693	0.01793	0.12419	0.06319	0.01216	0.08387	0.32776	0.02703	0.09096	0.03008	0.06208	0.01193	0.03873	0.00266	0.00690	0.03572	0.00613	0.00979
106	0.01694	0.18398	0.37595	0.02028	0.06615	0.04983	0.10437	0.04288	0.01584	0.04329	0.01269	0.01490	0.00958	0.00651	0.00640	0.00205	0.00966	0.00537	0.00339	0.00995
107	0.01039	0.01171	0.12903	0.01104	0.01315	0.00834	0.00949	0.01260	0.01238	0.01701	0.02585	0.24316	0.02878	0.29353	0.09129	0.00506	0.00777	0.05861	0.00476	0.00603
108	0.01180	0.01068	0.01911	0.01610	0.01866	0.01147	0.17941	0.01498	0.01268	0.01792	0.01861	0.08456	0.01761	0.03571	0.44427	0.00780	0.05908	0.00861	0.00387	0.00707
109	0.01818	0.07927	0.02264	0.09991	0.13244	0.14730	0.04420	0.02082	0.01500	0.06825	0.01479	0.08525	0.01356	0.00962	0.01093	0.00234	0.19585	0.00710	0.00396	0.00858
110	0.10131	0.01175	0.01254	0.01159	0.01452	0.03225	0.00895	0.04519	0.24403	0.06461	0.21797	0.12334	0.03525	0.01225	0.00740	0.00235	0.00502	0.03428	0.00684	0.00856
111	0.00872	0.00639	0.00822	0.00942	0.01025	0.00589	0.00654	0.01030	0.01444	0.01909	0.10954	0.56540	0.13180	0.02046	0.00879	0.00273	0.00401	0.04560	0.00660	0.00582
112	0.01842	0.41648	0.18068	0.01655	0.02325	0.12006	0.09538	0.02228	0.01534	0.01843	0.01098	0.01305	0.00913	0.00627	0.00563	0.00179	0.00929	0.00468	0.00313	0.00918
113	0.01915	0.01961	0.02280	0.23080	0.04978	0.18095	0.08097	0.12784	0.03436	0.02251	0.01275	0.01653	0.01008	0.00806	0.00962	0.00229	0.13310	0.00605	0.00397	0.00880
114	0.04809	0.19758	0.21594	0.04360	0.02791	0.09462	0.21211	0.04302	0.01607	0.02121	0.01216	0.01493	0.00945	0.00638	0.00649	0.00204	0.01000	0.00567	0.00338	0.00936
115	0.00935	0.00708	0.00862	0.00830	0.01012	0.00635	0.00620	0.01213	0.01842	0.02497	0.49835	0.07829	0.25530	0.01551	0.00826	0.00226	0.00339	0.01347	0.00729	0.00635
116	0.01062	0.00833	0.00945	0.00914	0.01129	0.00795	0.00682	0.05519	0.07246	0.02368	0.24068	0.17221	0.31381	0.01617	0.00818	0.00238	0.00397	0.01392	0.00690	0.00684
117	0.09959	0.01385	0.01915	0.08436	0.12687	0.01505	0.04938	0.12832	0.03889	0.11051	0.08238	0.03929	0.01813	0.01250	0.06806	0.00301	0.06880	0.00726	0.00529	0.00930
118	0.08397	0.04473	0.23142	0.01540	0.02107	0.04269	0.01540	0.11856	0.13681	0.04440	0.10469	0.02156	0.01888	0.00879	0.00787	0.00224	0.06002	0.00668	0.00514	0.00967
119	0.00854	0.00620	0.00806	0.00946	0.01008	0.00573	0.00638	0.00989	0.01384	0.01833	0.06931	0.66408	0.10199	0.02119	0.00882	0.00277	0.00397	0.01911	0.00653	0.00573
120	0.01690	0.06230	0.12304	0.15464	0.38683	0.07599	0.03953	0.02143	0.01564	0.02100	0.01256	0.01646	0.01014	0.00646	0.00673	0.00209	0.00915	0.00584	0.00331	0.00997
121	0.01793	0.26310	0.22306	0.11779	0.04548	0.13177	0.01741	0.04623	0.03989	0.01993	0.01205	0.01434	0.00957	0.00670	0.00597	0.00193	0.00929	0.00491	0.00339	0.00927
122	0.02404	0.01812	0.02051	0.01621	0.02092	0.05954	0.05093	0.42584	0.04778	0.10247	0.01820	0.02122	0.01397	0.03747	0.00935	0.00240	0.05974	0.03426	0.00635	0.01067
123	0.01597	0.01431	0.01370	0.01252	0.01578	0.09696	0.00966	0.02706	0.35917	0.04673	0.14992	0.03648	0.13407	0.01150	0.00743	0.00228	0.00570	0.02497	0.00672	0.00905
124	0.01507	0.09597	0.62215	0.01912	0.02869	0.05762	0.02393	0.02233	0.01497	0.02134	0.01219	0.01432	0.00886	0.00661	0.00643	0.00213	0.01021	0.00500	0.00299	0.01007
125	0.02142	0.02296	0.01944	0.04234	0.11100	0.31976	0.01372	0.09042	0.20698	0.02374	0.01772	0.04854	0.01449	0.00841	0.00679	0.00208	0.00916	0.00652	0.00497	0.00953
126	0.02065	0.56350	0.03204	0.01357	0.01890	0.21592	0.01236	0.02277	0.01569	0.01660	0.00999	0.01157	0.00896	0.00630	0.00497	0.00157	0.00884	0.00394	0.00315	0.00872
127	0.08221	0.01929	0.06726	0.03775	0.02086	0.13318	0.03445	0.10619	0.16393	0.08201	0.01705	0.01772	0.01281	0.00761	0.00691	0.00199	0.03157	0.00580	0.00523	0.14619
128	0.05140	0.01858	0.02006	0.15140	0.15416	0.18817	0.01512	0.08791	0.01709	0.02168	0.01531	0.10659	0.01429	0.00948	0.00885	0.00227	0.09753	0.00737	0.00414	0.00859
129	0.01212	0.00606	0.00909	0.00909	0.00909	0.00606	0.00606	0.00909	0.00909	0.01212	0.01212	0.02121	0.01212	0.02424	0.02727	0.79697	0.00606	0.00606	0.00303	0.00303
130	0.01990	0.01774	0.07105	0.12787	0.08677	0.04810	0.05344	0.20973	0.06985	0.08910	0.01759	0.06365	0.01407	0.00891	0.00844	0.00229	0.06907	0.00723	0.00525	0.00996
131	0.01483	0.05822	0.48418	0.04423	0.03201	0.01702	0.20725	0.02199	0.01517	0.02182	0.01285	0.01585	0.00934	0.00641	0.00700	0.00223	0.01057	0.00598	0.00311	0.00993
132	0.02187	0.01601	0.01811	0.07445	0.02142	0.01759	0.01225	0.40894	0.11404	0.07498	0.07029	0.05381	0.04505	0.00976	0.00722	0.00220	0.00682	0.00787	0.00678	0.01056
133	0.01549	0.01656	0.08220	0.29701	0.36934	0.01619	0.02043	0.02104	0.05396	0.02126	0.01368	0.01805	0.01080	0.00672	0.00692	0.00219	0.00868	0.00622	0.00349	0.00977

[dist]
# distance from previous block
# <min> <max>
0	1

[block]
# block no. 2 follows, 30 sequences, length 18
# corresponding to MSA columns:
# 161-178
name=unknown_C
#
# <colnr> <probs for GDERKNQSTAVLIFYWHMCP>
#	G	D	E	R	K	N	Q	S	T	A	V	L	I	F	Y	W	H	M	C	P
0	0.00919	0.00690	0.00943	0.01169	0.05158	0.00649	0.00760	0.01076	0.01388	0.01840	0.03922	0.61028	0.09205	0.02046	0.00879	0.00278	0.00443	0.06371	0.00630	0.00605
1	0.01656	0.01576	0.02132	0.01806	0.01870	0.02140	0.01504	0.09360	0.01322	0.01990	0.01003	0.01544	0.00947	0.01177	0.02108	0.00294	0.65795	0.00613	0.00350	0.00812
2	0.02497	0.01766	0.02065	0.01818	0.09964	0.01861	0.01339	0.47410	0.02771	0.11987	0.01724	0.01745	0.01228	0.00788	0.00682	0.00201	0.00732	0.00617	0.00652	0.08155
3	0.01737	0.06257	0.10511	0.11749	0.34729	0.04864	0.04059	0.04466	0.01618	0.04954	0.01439	0.01974	0.01196	0.00740	0.00749	0.00218	0.03613	0.03753	0.00379	0.00997
4	0.00850	0.00607	0.00810	0.00972	0.01012	0.00567	0.00648	0.00972	0.01336	0.01781	0.03846	0.75020	0.04615	0.02186	0.00891	0.00283	0.00405	0.01984	0.00648	0.00567
5	0.06113	0.01717	0.01810	0.01437	0.01923	0.01905	0.01173	0.49875	0.10913	0.03948	0.01852	0.01870	0.01350	0.00839	0.00662	0.00207	0.00679	0.00638	0.09997	0.01093
6	0.01634	0.01690	0.03260	0.13944	0.33226	0.01687	0.29829	0.02128	0.01585	0.02188	0.01343	0.01811	0.01060	0.00619	0.00747	0.00223	0.00989	0.00706	0.00343	0.00988
7	0.01181	0.00975	0.00999	0.00964	0.01191	0.06477	0.00740	0.01498	0.04488	0.05070	0.27883	0.07905	0.29190	0.01525	0.00814	0.00234	0.00463	0.07047	0.00677	0.00680
8	0.03131	0.01188	0.01619	0.01242	0.01781	0.01026	0.01026	0.03401	0.01997	0.71606	0.02753	0.02375	0.01727	0.00864	0.00702	0.00216	0.00594	0.00702	0.00864	0.01188
9	0.02743	0.01373	0.01941	0.01490	0.02032	0.01299	0.08793	0.08986	0.10649	0.49146	0.02517	0.02287	0.01655	0.00840	0.00716	0.00220	0.00670	0.00720	0.00771	0.01149
10	0.01845	0.12660	0.22146	0.01692	0.05368	0.10214	0.01610	0.12226	0.06120	0.05303	0.04635	0.02384	0.04025	0.00879	0.00676	0.00213	0.00839	0.05729	0.00474	0.00962
11	0.00978	0.00841	0.01003	0.00983	0.01147	0.00866	0.00767	0.01163	0.01492	0.01895	0.07997	0.13710	0.43052	0.01725	0.01088	0.00260	0.12667	0.07149	0.00595	0.00623
12	0.01821	0.37892	0.31214	0.01523	0.02291	0.02098	0.01739	0.02289	0.01507	0.09880	0.01289	0.01407	0.00986	0.00654	0.00565	0.00186	0.00845	0.00469	0.00362	0.00984
13	0.01528	0.01283	0.02090	0.01839	0.06042	0.01390	0.15334	0.04628	0.04786	0.07490	0.04968	0.10802	0.02044	0.01894	0.14486	0.00417	0.14003	0.03664	0.00483	0.00829
14	0.01659	0.01327	0.01484	0.01324	0.01576	0.05542	0.01031	0.23871	0.01945	0.02612	0.02167	0.19318	0.02141	0.04058	0.18505	0.00466	0.06789	0.00976	0.02394	0.00816
15	0.01917	0.06129	0.02203	0.13276	0.09665	0.09856	0.05521	0.18228	0.11926	0.02671	0.04211	0.02096	0.04173	0.00841	0.00766	0.00217	0.04155	0.00681	0.00502	0.00965
16	0.16578	0.04065	0.02185	0.16302	0.20822	0.07747	0.04638	0.10752	0.01718	0.02546	0.01251	0.01566	0.00985	0.00669	0.00627	0.00205	0.00818	0.00551	0.00405	0.05568
17	0.02153	0.06870	0.05311	0.02043	0.13263	0.21268	0.01469	0.17780	0.11312	0.02625	0.01494	0.01635	0.01172	0.00765	0.00728	0.00201	0.04282	0.00569	0.00476	0.04586

[dist]
# distance from previous block
# <min> <max>
0	10

[block]
# block no. 3 follows, 30 sequences, length 91
# corresponding to MSA columns:
# 189-279
name=unknown_D
#
# <colnr> <probs for GDERKNQSTAVLIFYWHMCP>
#	G	D	E	R	K	N	Q	S	T	A	V	L	I	F	Y	W	H	M	C	P
0	0.19630	0.10877	0.18884	0.01541	0.05121	0.03613	0.01449	0.10282	0.08156	0.07819	0.02772	0.01627	0.01196	0.00723	0.00595	0.00205	0.00743	0.00534	0.00473	0.03761
1	0.01768	0.09160	0.02654	0.19185	0.31634	0.06117	0.05085	0.07992	0.01675	0.02221	0.01263	0.01660	0.01026	0.00693	0.00760	0.00213	0.04964	0.00596	0.00363	0.00971
2	0.01017	0.00718	0.00903	0.00941	0.01099	0.00634	0.00665	0.01193	0.01480	0.05017	0.11051	0.47666	0.13975	0.01831	0.00831	0.00250	0.00408	0.01630	0.00648	0.08044
3	0.04699	0.14132	0.20789	0.10197	0.02632	0.07615	0.06844	0.02522	0.07771	0.13897	0.01592	0.01719	0.01157	0.00714	0.00645	0.00209	0.00869	0.00575	0.00446	0.00977
4	0.01820	0.11958	0.33876	0.02077	0.06491	0.01696	0.15383	0.02398	0.01596	0.13916	0.01506	0.01677	0.01076	0.00671	0.00676	0.00213	0.00939	0.00597	0.00406	0.01026
5	0.02522	0.01082	0.01421	0.01145	0.01587	0.00955	0.00924	0.05129	0.01946	0.50950	0.08284	0.08222	0.10461	0.01105	0.00738	0.00223	0.00539	0.00922	0.00810	0.01034
6	0.02181	0.02666	0.10749	0.08670	0.02584	0.35027	0.06435	0.13305	0.04459	0.02312	0.01407	0.01774	0.01130	0.00777	0.00682	0.00207	0.01063	0.03239	0.00426	0.00908
7	0.05341	0.10108	0.02251	0.22451	0.10263	0.05132	0.04573	0.13203	0.07895	0.05504	0.01804	0.02024	0.04936	0.00783	0.00667	0.00213	0.00801	0.00649	0.00465	0.00938
8	0.01619	0.01870	0.06247	0.08823	0.10361	0.01732	0.54248	0.02188	0.01615	0.02202	0.01382	0.01851	0.01047	0.00603	0.00794	0.00232	0.01117	0.00776	0.00347	0.00947
9	0.01212	0.00606	0.00909	0.00909	0.00909	0.00606	0.00606	0.00909	0.00909	0.01212	0.01212	0.02121	0.01212	0.02424	0.02727	0.79697	0.00606	0.00606	0.00303	0.00303
10	0.07423	0.40810	0.07791	0.01269	0.01857	0.02109	0.01224	0.08284	0.01713	0.16718	0.03813	0.01599	0.01280	0.00711	0.00551	0.00181	0.00709	0.00506	0.00477	0.00975
11	0.02183	0.02082	0.15671	0.01663	0.02279	0.01803	0.05279	0.33627	0.12390	0.09498	0.05026	0.02008	0.01555	0.00835	0.00706	0.00218	0.00775	0.00676	0.00619	0.01106
12	0.01564	0.04815	0.34058	0.06257	0.06999	0.04247	0.27628	0.02210	0.01558	0.02166	0.01301	0.01646	0.00966	0.00634	0.00720	0.00223	0.01070	0.00638	0.00323	0.00975
13	0.08090	0.01300	0.01561	0.01238	0.01700	0.01281	0.01010	0.19544	0.02262	0.35851	0.15946	0.02676	0.02491	0.00954	0.00706	0.00215	0.00581	0.00772	0.00772	0.01051
14	0.05178	0.01237	0.01455	0.01061	0.01660	0.00973	0.00855	0.02026	0.01521	0.13112	0.01464	0.01578	0.01129	0.00577	0.00542	0.00126	0.00530	0.00457	0.00484	0.64034
15	0.01378	0.07198	0.01723	0.03838	0.01745	0.03945	0.05950	0.06928	0.06875	0.02012	0.01839	0.02550	0.01634	0.03395	0.42583	0.00743	0.01439	0.03036	0.00425	0.00763
16	0.00850	0.00607	0.00810	0.00972	0.01012	0.00567	0.00648	0.00972	0.01336	0.01781	0.03846	0.75020	0.04615	0.02186	0.00891	0.00283	0.00405	0.01984	0.00648	0.00567
17	0.00996	0.00680	0.00813	0.00833	0.00873	0.00667	0.00525	0.01080	0.01237	0.01672	0.13256	0.13549	0.03508	0.50880	0.02657	0.00537	0.00587	0.04644	0.00517	0.00489
18	0.01435	0.09118	0.66663	0.01928	0.02927	0.01708	0.02473	0.02201	0.01469	0.02167	0.01231	0.01446	0.00885	0.00658	0.00647	0.00216	0.01010	0.00505	0.00295	0.01021
19	0.01012	0.00798	0.01077	0.01305	0.08600	0.00761	0.00833	0.01291	0.04319	0.02075	0.14796	0.39304	0.14644	0.01768	0.00844	0.00257	0.00447	0.04563	0.00637	0.00668
20	0.01013	0.00682	0.00789	0.00809	0.00822	0.00679	0.00484	0.01042	0.01073	0.01427	0.02392	0.08634	0.02752	0.66402	0.03228	0.00631	0.00659	0.05585	0.00450	0.00446
21	0.04216	0.03477	0.67281	0.01980	0.02980	0.01623	0.04522	0.02205	0.01468	0.02243	0.01247	0.01474	0.00885	0.00660	0.00660	0.00221	0.01018	0.00520	0.00301	0.01019
22	0.02031	0.01857	0.10060	0.05035	0.07509	0.09271	0.01393	0.05439	0.26297	0.16089	0.02261	0.06087	0.01734	0.00899	0.00701	0.00224	0.00733	0.00741	0.00602	0.01039
23	0.01258	0.00973	0.01071	0.01022	0.01288	0.00985	0.00771	0.02023	0.23670	0.05971	0.09799	0.16215	0.29232	0.01497	0.00792	0.00242	0.00437	0.01278	0.00689	0.00789
24	0.01866	0.75896	0.03657	0.01194	0.01791	0.02761	0.01194	0.02090	0.01418	0.01642	0.00970	0.01119	0.00896	0.00597	0.00448	0.00149	0.00746	0.00373	0.00299	0.00896
25	0.01188	0.01292	0.09988	0.01368	0.04072	0.03630	0.01125	0.01461	0.01234	0.01743	0.05359	0.02816	0.01893	0.15816	0.35675	0.00735	0.08777	0.00763	0.00385	0.00680
26	0.02110	0.13442	0.06079	0.13192	0.12434	0.34317	0.01595	0.05306	0.01780	0.01936	0.01157	0.01428	0.00945	0.00686	0.00627	0.00191	0.01037	0.00501	0.00352	0.00887
27	0.01318	0.01240	0.02093	0.73798	0.04806	0.01550	0.01938	0.01783	0.01395	0.01783	0.01240	0.01860	0.00930	0.00698	0.00698	0.00233	0.00930	0.00620	0.00310	0.00775
28	0.00850	0.00607	0.00810	0.00972	0.01012	0.00567	0.00648	0.00972	0.01336	0.01781	0.03846	0.75020	0.04615	0.02186	0.00891	0.00283	0.00405	0.01984	0.00648	0.00567
29	0.04440	0.10772	0.14168	0.01680	0.02210	0.01461	0.16382	0.05545	0.01621	0.10927	0.02153	0.21402	0.02045	0.01082	0.00733	0.00231	0.00774	0.00987	0.00501	0.00888
30	0.04466	0.01421	0.07043	0.01234	0.01619	0.03871	0.01048	0.02518	0.28831	0.07560	0.11297	0.03815	0.16510	0.01174	0.00742	0.00233	0.00559	0.04503	0.00654	0.00899
31	0.00847	0.00621	0.00796	0.00936	0.01003	0.00570	0.00632	0.00976	0.01370	0.01795	0.04282	0.65782	0.13572	0.02130	0.00882	0.00277	0.00398	0.01915	0.00648	0.00570
32	0.01709	0.01653	0.02863	0.06726	0.65724	0.01659	0.05100	0.02133	0.01585	0.02260	0.01314	0.01739	0.01097	0.00623	0.00697	0.00209	0.00848	0.00631	0.00344	0.01086
33	0.02384	0.19084	0.02412	0.01833	0.06965	0.49189	0.01370	0.05488	0.01884	0.01852	0.01098	0.01279	0.00925	0.00691	0.00597	0.00176	0.01094	0.00453	0.00360	0.00866
34	0.01667	0.01096	0.01191	0.01036	0.01307	0.01201	0.00821	0.19004	0.06575	0.03007	0.04521	0.02405	0.01781	0.01035	0.03323	0.00225	0.04431	0.00677	0.43874	0.00824
35	0.01243	0.00836	0.01031	0.01058	0.01232	0.00809	0.00782	0.09035	0.01668	0.07076	0.03942	0.45715	0.12979	0.01855	0.00853	0.00267	0.00476	0.07780	0.00668	0.00693
36	0.01063	0.00771	0.00958	0.01037	0.01146	0.00757	0.00724	0.09013	0.01576	0.02095	0.03710	0.63750	0.06706	0.02011	0.00865	0.00273	0.00446	0.01804	0.00654	0.00641
37	0.01677	0.01532	0.02457	0.33856	0.20546	0.04145	0.10073	0.03965	0.06570	0.06155	0.01489	0.01888	0.01129	0.00698	0.00710	0.00223	0.00896	0.00657	0.00397	0.00937
38	0.01000	0.00734	0.01053	0.01053	0.01155	0.00835	0.00787	0.01202	0.01101	0.01570	0.01931	0.03086	0.01894	0.18494	0.59654	0.01037	0.01644	0.00798	0.00383	0.00585
39	0.01598	0.02227	0.17647	0.02751	0.03522	0.01736	0.55405	0.02230	0.01612	0.02230	0.01380	0.01801	0.01024	0.00603	0.00791	0.00232	0.01147	0.00762	0.00341	0.00959
40	0.05543	0.01886	0.01704	0.01493	0.01909	0.14323	0.01166	0.13566	0.44482	0.02944	0.02265	0.02156	0.01705	0.00876	0.00682	0.00221	0.00710	0.00686	0.00634	0.01050
41	0.45483	0.01331	0.01242	0.01079	0.01489	0.01467	0.00876	0.14497	0.01696	0.08737	0.01927	0.08323	0.05186	0.00941	0.00584	0.00225	0.00569	0.02954	0.00555	0.00842
42	0.00957	0.00705	0.00922	0.00946	0.01059	0.00715	0.00689	0.01147	0.01351	0.01831	0.13190	0.15320	0.13120	0.16139	0.24968	0.00615	0.00928	0.04284	0.00535	0.00580
43	0.17193	0.06917	0.01880	0.01383	0.01884	0.05704	0.01145	0.42487	0.02548	0.03619	0.01902	0.01924	0.06763	0.00855	0.00637	0.00207	0.00715	0.00623	0.00598	0.01016
44	0.01866	0.75896	0.03657	0.01194	0.01791	0.02761	0.01194	0.02090	0.01418	0.01642	0.00970	0.01119	0.00896	0.00597	0.00448	0.00149	0.00746	0.00373	0.00299	0.00896
45	0.01451	0.01083	0.01372	0.01241	0.01481	0.01228	0.00977	0.18711	0.04232	0.02371	0.01871	0.02546	0.01652	0.07179	0.48310	0.00833	0.01482	0.00731	0.00472	0.00777
46	0.01010	0.00735	0.00922	0.01004	0.01104	0.00720	0.00698	0.06534	0.01488	0.01976	0.03722	0.57365	0.08788	0.05208	0.04893	0.00336	0.00522	0.01730	0.00628	0.00616
47	0.01326	0.04027	0.01736	0.01486	0.01704	0.07035	0.10701	0.01731	0.08920	0.01948	0.02693	0.38752	0.02935	0.01522	0.00994	0.00261	0.09627	0.01332	0.00534	0.00736
48	0.05254	0.02237	0.02245	0.01800	0.02282	0.25776	0.11745	0.19153	0.03982	0.13574	0.01580	0.01677	0.01154	0.00773	0.00745	0.00209	0.03691	0.00604	0.00532	0.00987
49	0.02105	0.01943	0.01717	0.04238	0.04525	0.23676	0.01205	0.07863	0.19847	0.10079	0.04116	0.02452	0.01775	0.04494	0.03543	0.00270	0.00871	0.03789	0.00561	0.00931
50	0.01694	0.01378	0.01558	0.07277	0.01957	0.01556	0.01119	0.15892	0.36388	0.02877	0.02693	0.17845	0.02376	0.01170	0.00745	0.00241	0.00594	0.00999	0.00662	0.00979
51	0.06017	0.11015	0.08203	0.05199	0.28043	0.08092	0.01738	0.09906	0.01695	0.02344	0.01216	0.01533	0.01004	0.00737	0.00846	0.00213	0.10285	0.00554	0.00376	0.00983
52	0.05366	0.02545	0.24753	0.02285	0.05494	0.11149	0.26225	0.06636	0.01709	0.02326	0.01400	0.04308	0.01109	0.00709	0.00718	0.00221	0.01044	0.00678	0.00372	0.00952
53	0.02082	0.01609	0.01501	0.01256	0.01629	0.10649	0.00997	0.31204	0.05952	0.03287	0.01890	0.02024	0.01429	0.00819	0.00610	0.00189	0.00651	0.00622	0.30670	0.00929
54	0.01400	0.03610	0.71860	0.01989	0.03020	0.01621	0.02578	0.02210	0.01473	0.02210	0.01252	0.01473	0.00884	0.00663	0.00663	0.00221	0.01031	0.00516	0.00295	0.01031
55	0.01819	0.07992	0.07335	0.10711	0.20565	0.12441	0.01634	0.06161	0.14829	0.02321	0.04158	0.01896	0.01423	0.00769	0.00716	0.00211	0.02976	0.00624	0.00440	0.00977
56	0.05063	0.04053	0.01493	0.01207	0.01577	0.06490	0.00960	0.15151	0.12498	0.11305	0.21441	0.03344	0.10321	0.01094	0.00723	0.00216	0.00574	0.00894	0.00684	0.00909
57	0.01127	0.00819	0.01116	0.01259	0.01430	0.00820	0.01092	0.01491	0.03682	0.02103	0.03848	0.07650	0.07504	0.01889	0.00949	0.00314	0.00624	0.60983	0.00645	0.00654
58	0.02363	0.01816	0.08754	0.01568	0.02110	0.07912	0.06176	0.07950	0.21849	0.28484	0.02304	0.02166	0.01600	0.00833	0.00702	0.00220	0.00740	0.00690	0.00668	0.01096
59	0.01836	0.01682	0.02506	0.13405	0.39177	0.05895	0.04824	0.05935	0.06930	0.05993	0.01492	0.01817	0.01175	0.00709	0.00756	0.00217	0.03570	0.00637	0.00415	0.01029
60	0.00925	0.00659	0.00807	0.00880	0.00946	0.00624	0.00585	0.01040	0.01327	0.01753	0.09153	0.35342	0.11835	0.25760	0.01741	0.00401	0.00492	0.04612	0.00585	0.00534
61	0.00850	0.00607	0.00810	0.00972	0.01012	0.00567	0.00648	0.00972	0.01336	0.01781	0.03846	0.75020	0.04615	0.02186	0.00891	0.00283	0.00405	0.01984	0.00648	0.00567
62	0.01816	0.10919	0.43062	0.01779	0.02571	0.07564	0.02029	0.07448	0.01676	0.08831	0.01365	0.01521	0.00991	0.00723	0.00730	0.00213	0.04839	0.00526	0.00386	0.01011
63	0.01015	0.00677	0.00761	0.00761	0.00761	0.00677	0.00423	0.01015	0.01015	0.01353	0.02199	0.04567	0.02537	0.75476	0.03552	0.00677	0.00677	0.01015	0.00423	0.00423
64	0.01829	0.29241	0.23706	0.04245	0.02423	0.12250	0.04621	0.05407	0.06337	0.02069	0.01261	0.01434	0.01000	0.00673	0.00594	0.00191	0.00919	0.00496	0.00356	0.00950
65	0.01517	0.01222	0.01436	0.01050	0.01628	0.00958	0.00839	0.04310	0.01580	0.04949	0.06994	0.01798	0.01519	0.00616	0.00555	0.00121	0.00514	0.00502	0.00470	0.67424
66	0.01657	0.20277	0.26416	0.02067	0.06432	0.05798	0.15914	0.02229	0.04073	0.02059	0.01330	0.01707	0.01076	0.00699	0.00713	0.00210	0.03566	0.02483	0.00340	0.00954
67	0.08462	0.04153	0.08807	0.06569	0.04732	0.18190	0.01350	0.11362	0.04676	0.10020	0.04259	0.08023	0.01719	0.00938	0.00682	0.00217	0.00825	0.03585	0.00519	0.00911
68	0.01400	0.03610	0.71860	0.01989	0.03020	0.01621	0.02578	0.02210	0.01473	0.02210	0.01252	0.01473	0.00884	0.00663	0.00663	0.00221	0.01031	0.00516	0.00295	0.01031
69	0.00839	0.00703	0.00730	0.00733	0.00954	0.00594	0.00546	0.01026	0.01611	0.01956	0.12195	0.09739	0.62467	0.01758	0.00828	0.00237	0.00354	0.01479	0.00658	0.00594
70	0.01865	0.45999	0.14959	0.01583	0.04139	0.10080	0.03886	0.04096	0.01542	0.01866	0.01074	0.01271	0.00915	0.00652	0.00601	0.00177	0.03611	0.00445	0.00320	0.00920
71	0.01318	0.01240	0.02093	0.73798	0.04806	0.01550	0.01938	0.01783	0.01395	0.01783	0.01240	0.01860	0.00930	0.00698	0.00698	0.00233	0.00930	0.00620	0.00310	0.00775
72	0.01015	0.00677	0.00761	0.00761	0.00761	0.00677	0.00423	0.01015	0.01015	0.01353	0.02199	0.04567	0.02537	0.75476	0.03552	0.00677	0.00677	0.01015	0.00423	0.00423
73	0.07262	0.01179	0.01561	0.01210	0.01730	0.01041	0.00997	0.03249	0.01952	0.65306	0.05195	0.02413	0.01856	0.00873	0.00692	0.00216	0.00581	0.00705	0.00837	0.01144
74	0.01833	0.04666	0.02483	0.27003	0.12140	0.04298	0.11390	0.14604	0.07561	0.04919	0.01525	0.01840	0.01145	0.00721	0.00704	0.00220	0.00884	0.00652	0.00447	0.00966
75	0.02157	0.29987	0.21031	0.01466	0.02162	0.01856	0.03286	0.02561	0.01631	0.25063	0.01649	0.01651	0.01173	0.00703	0.00599	0.00193	0.00782	0.00532	0.00487	0.01030
76	0.02734	0.01133	0.01516	0.01191	0.01665	0.01004	0.00972	0.05499	0.02042	0.56919	0.14722	0.02850	0.02565	0.00962	0.00723	0.00216	0.00554	0.00798	0.00841	0.01094
77	0.02078	0.01548	0.01627	0.04560	0.01895	0.09139	0.01148	0.26850	0.02314	0.11952	0.07228	0.09120	0.05497	0.01178	0.00761	0.00233	0.00708	0.10577	0.00656	0.00932
78	0.02035	0.09639	0.08181	0.10719	0.08026	0.25542	0.09689	0.04872	0.08029	0.04669	0.01406	0.01627	0.01091	0.00707	0.00663	0.00203	0.00999	0.00574	0.00403	0.00925
