[name]
unknown

[dist]
# distance from previous block
# <min> <max>
0	66

[block]
# block no. 0 follows, 31 sequences, length 33
# corresponding to MSA columns:
# 68-100
name=unknown_A
#
# <colnr> <probs for GDERKNQSTAVLIFYWHMCP>
#	G	D	E	R	K	N	Q	S	T	A	V	L	I	F	Y	W	H	M	C	P
0	0.04061	0.01311	0.01820	0.15632	0.17346	0.01422	0.01422	0.10959	0.10775	0.05555	0.05343	0.03109	0.01998	0.04519	0.00857	0.00253	0.00709	0.11489	0.00520	0.00900
1	0.32098	0.01509	0.01515	0.01337	0.04977	0.07487	0.02838	0.08226	0.01541	0.07573	0.01260	0.01451	0.00982	0.00743	0.00707	0.02788	0.05213	0.00479	0.02505	0.14772
2	0.01648	0.01580	0.02695	0.12078	0.64163	0.01614	0.02077	0.02060	0.01536	0.02180	0.01279	0.01708	0.01064	0.00618	0.00678	0.00206	0.00824	0.00609	0.00335	0.01047
3	0.02398	0.02903	0.02099	0.02207	0.15019	0.57061	0.01465	0.05308	0.01920	0.01885	0.01124	0.01335	0.00930	0.00692	0.00631	0.00182	0.01136	0.00479	0.00363	0.00862
4	0.00814	0.00673	0.00714	0.00747	0.00938	0.00573	0.00544	0.00976	0.01508	0.01827	0.06276	0.20856	0.57561	0.01818	0.00822	0.00241	0.00357	0.01548	0.00635	0.00573
5	0.00866	0.00695	0.00773	0.00754	0.00960	0.00602	0.00565	0.01094	0.01696	0.02172	0.30224	0.06051	0.47916	0.01612	0.00808	0.00225	0.00338	0.01369	0.00678	0.00602
6	0.00862	0.00613	0.00814	0.00964	0.01010	0.00578	0.00657	0.00989	0.01312	0.01746	0.03673	0.66719	0.04372	0.06096	0.01019	0.00301	0.00428	0.06668	0.00623	0.00554
7	0.01275	0.00638	0.00638	0.00638	0.00797	0.00638	0.00478	0.01594	0.01435	0.02551	0.02232	0.02551	0.01754	0.00797	0.00478	0.00159	0.00319	0.00638	0.79755	0.00638
8	0.00986	0.00665	0.00744	0.00744	0.00754	0.00659	0.00419	0.00994	0.01020	0.01350	0.02372	0.04572	0.05609	0.72595	0.03361	0.00644	0.00649	0.01015	0.00425	0.00422
9	0.01829	0.76368	0.03585	0.01171	0.01756	0.02707	0.01171	0.02049	0.01390	0.01610	0.00951	0.01097	0.00878	0.00585	0.00439	0.00146	0.00732	0.00366	0.00293	0.00878
10	0.80789	0.01323	0.01006	0.00900	0.01323	0.01535	0.00741	0.02011	0.01164	0.03070	0.00953	0.01111	0.00741	0.00635	0.00423	0.00212	0.00529	0.00370	0.00423	0.00741
11	0.01702	0.01470	0.01547	0.01392	0.01779	0.01702	0.01083	0.03635	0.70453	0.02862	0.02785	0.02553	0.02088	0.00928	0.00696	0.00232	0.00541	0.00773	0.00696	0.01083
12	0.01638	0.26063	0.02519	0.24336	0.13375	0.05717	0.01489	0.04656	0.01505	0.01931	0.01248	0.01613	0.01029	0.00823	0.03323	0.00221	0.00839	0.00527	0.06295	0.00852
13	0.10472	0.03108	0.49317	0.01887	0.02719	0.10961	0.07879	0.02225	0.01492	0.02206	0.01188	0.01414	0.00869	0.00649	0.00634	0.00212	0.00998	0.00508	0.00317	0.00945
14	0.02373	0.02878	0.01855	0.01684	0.02043	0.57951	0.01271	0.02925	0.16558	0.01928	0.01426	0.01515	0.01139	0.00753	0.00634	0.00188	0.01086	0.00512	0.00426	0.00855
15	0.00993	0.00669	0.00776	0.00776	0.00787	0.00680	0.00452	0.01014	0.01004	0.01349	0.02128	0.04324	0.02421	0.69891	0.09457	0.00701	0.00763	0.00972	0.00410	0.00431
16	0.80789	0.01323	0.01006	0.00900	0.01323	0.01535	0.00741	0.02011	0.01164	0.03070	0.00953	0.01111	0.00741	0.00635	0.00423	0.00212	0.00529	0.00370	0.00423	0.00741
17	0.01386	0.01188	0.01380	0.00996	0.01584	0.00894	0.00795	0.01683	0.01426	0.02209	0.01523	0.01697	0.04801	0.00573	0.00523	0.00108	0.00498	0.00461	0.00418	0.75858
18	0.01767	0.13857	0.05466	0.02456	0.08560	0.11625	0.36420	0.02192	0.01570	0.01990	0.01221	0.01592	0.00979	0.00648	0.00819	0.00213	0.06747	0.00646	0.00333	0.00900
19	0.01419	0.01216	0.01419	0.01013	0.01621	0.00912	0.00811	0.01723	0.01419	0.02229	0.01216	0.01419	0.01013	0.00507	0.00507	0.00101	0.00507	0.00405	0.00405	0.80139
20	0.00960	0.00672	0.00756	0.00756	0.00804	0.00658	0.00458	0.01005	0.01104	0.01436	0.03009	0.04765	0.15021	0.58588	0.06763	0.00608	0.00669	0.01063	0.00452	0.00455
21	0.01981	0.01608	0.01704	0.01449	0.01886	0.01832	0.01150	0.24079	0.49554	0.03313	0.02430	0.02270	0.01801	0.00895	0.00692	0.00224	0.00607	0.00725	0.00692	0.01108
22	0.02556	0.03261	0.01939	0.01763	0.02115	0.73210	0.01322	0.02732	0.01939	0.01674	0.01058	0.01234	0.00881	0.00705	0.00617	0.00176	0.01234	0.00441	0.00353	0.00793
23	0.00937	0.00698	0.00871	0.00828	0.01003	0.00632	0.00621	0.01231	0.01863	0.02569	0.58743	0.05398	0.19149	0.01464	0.00807	0.00218	0.00327	0.01278	0.00730	0.00632
24	0.00845	0.00604	0.00807	0.00966	0.01011	0.00566	0.00656	0.00973	0.01322	0.01760	0.03764	0.72525	0.04499	0.02132	0.00876	0.00279	0.00407	0.04813	0.00635	0.00559
25	0.01693	0.01626	0.02777	0.04199	0.71689	0.01626	0.02100	0.02100	0.01558	0.02235	0.01287	0.01693	0.01084	0.00610	0.00677	0.00203	0.00813	0.00610	0.00339	0.01084
26	0.00824	0.00655	0.00741	0.00801	0.00954	0.00571	0.00569	0.00982	0.01475	0.01841	0.08017	0.33519	0.42879	0.01881	0.00834	0.00249	0.00365	0.01633	0.00639	0.00571
27	0.00981	0.00719	0.01028	0.01028	0.01125	0.00816	0.00766	0.01176	0.01078	0.01535	0.01898	0.03051	0.01868	0.19506	0.59086	0.01011	0.01595	0.00786	0.00376	0.00571
28	0.03967	0.01576	0.02641	0.42080	0.07109	0.06822	0.22073	0.01977	0.01486	0.01939	0.01250	0.01759	0.00950	0.00648	0.00708	0.00223	0.00992	0.00648	0.00325	0.00825
29	0.00962	0.00691	0.00940	0.01093	0.01195	0.00668	0.00857	0.01178	0.01446	0.01895	0.03799	0.40626	0.06355	0.02008	0.00906	0.00294	0.00508	0.33355	0.00633	0.00592
30	0.00834	0.00595	0.00794	0.00953	0.00992	0.00556	0.00635	0.00953	0.01310	0.01746	0.03771	0.75510	0.04525	0.02143	0.00873	0.00278	0.00397	0.01945	0.00635	0.00556
31	0.01658	0.39149	0.31851	0.01700	0.06580	0.04671	0.01793	0.02125	0.01442	0.01880	0.01090	0.01282	0.00886	0.00618	0.00547	0.00180	0.00870	0.00441	0.00296	0.00943
32	0.04776	0.02268	0.01857	0.01584	0.02001	0.30976	0.03599	0.18283	0.16959	0.04960	0.01679	0.01725	0.01273	0.00782	0.00646	0.00198	0.00886	0.00581	0.04018	0.00950

[dist]
# distance from previous block
# <min> <max>
1	4

[block]
# block no. 1 follows, 31 sequences, length 14
# corresponding to MSA columns:
# 105-118
name=unknown_B
#
# <colnr> <probs for GDERKNQSTAVLIFYWHMCP>
#	G	D	E	R	K	N	Q	S	T	A	V	L	I	F	Y	W	H	M	C	P
0	0.01574	0.09302	0.06124	0.06363	0.19443	0.05717	0.01333	0.05964	0.01697	0.06519	0.09049	0.05758	0.16356	0.01012	0.00695	0.00208	0.00672	0.00855	0.00493	0.00865
1	0.01615	0.01845	0.04037	0.02884	0.03576	0.01730	0.69204	0.02191	0.01615	0.02191	0.01384	0.01845	0.01038	0.00577	0.00807	0.00231	0.01153	0.00807	0.00346	0.00923
2	0.00911	0.00692	0.00853	0.00931	0.01083	0.00635	0.00718	0.01124	0.01540	0.01976	0.12570	0.25194	0.28294	0.01846	0.00862	0.00264	0.00432	0.18835	0.00647	0.00593
3	0.01275	0.00638	0.00638	0.00638	0.00797	0.00638	0.00478	0.01594	0.01435	0.02551	0.02232	0.02551	0.01754	0.00797	0.00478	0.00159	0.00319	0.00638	0.79755	0.00638
4	0.01009	0.00780	0.01160	0.01142	0.01257	0.00931	0.00894	0.01248	0.01096	0.01592	0.01776	0.02615	0.01661	0.04891	0.68916	0.01051	0.06276	0.00725	0.00362	0.00619
5	0.00977	0.00733	0.01100	0.01100	0.01222	0.00855	0.00855	0.01222	0.01100	0.01588	0.01833	0.02688	0.01710	0.05131	0.73245	0.01100	0.01833	0.00733	0.00367	0.00611
6	0.01615	0.01845	0.04037	0.02884	0.03576	0.01730	0.69204	0.02191	0.01615	0.02191	0.01384	0.01845	0.01038	0.00577	0.00807	0.00231	0.01153	0.00807	0.00346	0.00923
7	0.01489	0.01258	0.01456	0.01047	0.01651	0.00984	0.00840	0.05749	0.01526	0.02353	0.01241	0.01432	0.01022	0.00525	0.00517	0.00108	0.00521	0.00418	0.00422	0.75441
8	0.80789	0.01323	0.01006	0.00900	0.01323	0.01535	0.00741	0.02011	0.01164	0.03070	0.00953	0.01111	0.00741	0.00635	0.00423	0.00212	0.00529	0.00370	0.00423	0.00741
9	0.00847	0.00695	0.00747	0.00734	0.00948	0.00594	0.00550	0.01057	0.01651	0.02066	0.22620	0.06225	0.55586	0.01651	0.00808	0.00227	0.00341	0.01394	0.00664	0.00594
10	0.80789	0.01323	0.01006	0.00900	0.01323	0.01535	0.00741	0.02011	0.01164	0.03070	0.00953	0.01111	0.00741	0.00635	0.00423	0.00212	0.00529	0.00370	0.00423	0.00741
11	0.01783	0.01473	0.01554	0.01351	0.01753	0.01661	0.01064	0.16563	0.49269	0.03041	0.03016	0.02818	0.09616	0.00996	0.00706	0.00227	0.00562	0.00816	0.00687	0.01043
12	0.07997	0.01995	0.15072	0.01595	0.04313	0.06582	0.03654	0.23833	0.02178	0.14721	0.09562	0.02056	0.01741	0.00822	0.00672	0.00209	0.00756	0.00654	0.00580	0.01008
13	0.19561	0.01202	0.01296	0.01132	0.01513	0.05568	0.00916	0.02344	0.01653	0.29697	0.07065	0.09175	0.02273	0.01066	0.00676	0.00225	0.00581	0.09520	0.00652	0.03887

[dist]
# distance from previous block
# <min> <max>
5	10

[block]
# block no. 2 follows, 31 sequences, length 172
# corresponding to MSA columns:
# 129-300
name=unknown_C
#
# <colnr> <probs for GDERKNQSTAVLIFYWHMCP>
#	G	D	E	R	K	N	Q	S	T	A	V	L	I	F	Y	W	H	M	C	P
0	0.08793	0.03755	0.01947	0.37317	0.03256	0.09135	0.05816	0.04383	0.06325	0.02099	0.04470	0.04582	0.03709	0.00809	0.00670	0.00219	0.00829	0.00686	0.00404	0.00795
1	0.09275	0.01303	0.02119	0.55358	0.12636	0.01543	0.04581	0.01836	0.01381	0.01958	0.01205	0.01738	0.00921	0.00665	0.00662	0.00223	0.00871	0.00593	0.00322	0.00805
2	0.01603	0.01470	0.01987	0.23370	0.22584	0.08862	0.01574	0.05987	0.01578	0.04376	0.01622	0.06799	0.01452	0.03908	0.07650	0.00317	0.00933	0.02676	0.00401	0.00851
3	0.01108	0.00787	0.00931	0.00926	0.01025	0.00793	0.00622	0.07306	0.03765	0.01992	0.12828	0.27175	0.03595	0.31847	0.01900	0.00417	0.00531	0.01295	0.00569	0.00584
4	0.01954	0.01593	0.01645	0.01416	0.01838	0.04276	0.01118	0.17571	0.48779	0.05954	0.02598	0.02421	0.03886	0.00918	0.00694	0.00223	0.00607	0.00744	0.00686	0.01078
5	0.01128	0.00813	0.01070	0.07935	0.03458	0.00835	0.00791	0.03387	0.05768	0.01806	0.07842	0.16376	0.12716	0.11887	0.01617	0.19879	0.00550	0.01076	0.00496	0.00571
6	0.02333	0.01666	0.01868	0.01606	0.06381	0.01817	0.01226	0.45081	0.12141	0.08745	0.01907	0.01903	0.01378	0.00822	0.00667	0.00205	0.00676	0.00644	0.07834	0.01100
7	0.01912	0.01662	0.01992	0.06595	0.15848	0.10444	0.01436	0.10205	0.08386	0.08764	0.01556	0.01827	0.01232	0.01084	0.04954	0.00273	0.16704	0.00618	0.03580	0.00929
8	0.01180	0.00725	0.00899	0.00916	0.01036	0.00687	0.00625	0.01354	0.04053	0.09782	0.05537	0.34368	0.09855	0.21386	0.01584	0.02926	0.00493	0.01390	0.00596	0.00606
9	0.01550	0.01661	0.08837	0.19270	0.26582	0.01560	0.11575	0.06266	0.03822	0.02251	0.03793	0.02090	0.01349	0.00874	0.03238	0.00250	0.00903	0.02803	0.00385	0.00939
10	0.02430	0.03036	0.01870	0.01717	0.02057	0.66024	0.01299	0.02671	0.04090	0.01737	0.01286	0.01716	0.01127	0.00793	0.00642	0.00187	0.01171	0.04974	0.00382	0.00791
11	0.01368	0.01018	0.01226	0.01261	0.05828	0.01042	0.00884	0.04713	0.18922	0.07034	0.12143	0.15157	0.14630	0.06898	0.00974	0.00269	0.00501	0.04690	0.00646	0.00796
12	0.01007	0.00743	0.00909	0.00955	0.01068	0.00738	0.00670	0.01364	0.09931	0.01998	0.15376	0.35236	0.08421	0.11465	0.01252	0.03597	0.00449	0.03591	0.00620	0.00611
13	0.01829	0.76368	0.03585	0.01171	0.01756	0.02707	0.01171	0.02049	0.01390	0.01610	0.00951	0.01097	0.00878	0.00585	0.00439	0.00146	0.00732	0.00366	0.00293	0.00878
14	0.02678	0.01658	0.01869	0.01438	0.01966	0.01754	0.01186	0.48446	0.02798	0.23027	0.01958	0.01868	0.01333	0.00827	0.00677	0.00205	0.00688	0.00637	0.03842	0.01143
15	0.01212	0.00797	0.01085	0.01196	0.01366	0.00787	0.01009	0.01537	0.03259	0.06533	0.03514	0.16448	0.03752	0.01796	0.00896	0.00296	0.00581	0.49809	0.03464	0.00665
16	0.00980	0.00668	0.00755	0.00751	0.00778	0.00656	0.00439	0.01016	0.01102	0.01465	0.07525	0.04666	0.07455	0.65480	0.03106	0.00601	0.00617	0.01043	0.00454	0.00442
17	0.03070	0.01164	0.01588	0.01217	0.01746	0.01006	0.01006	0.03334	0.01958	0.72163	0.02699	0.02329	0.01694	0.00847	0.00688	0.00212	0.00582	0.00688	0.00847	0.01164
18	0.01266	0.00895	0.01018	0.00943	0.01057	0.00947	0.00630	0.11768	0.04133	0.01892	0.02121	0.06071	0.02254	0.51834	0.09802	0.00606	0.00780	0.00932	0.00470	0.00582
19	0.07794	0.01710	0.01709	0.01385	0.01837	0.05647	0.01120	0.42306	0.12671	0.03633	0.01810	0.01839	0.01334	0.00814	0.00637	0.00202	0.00674	0.00615	0.11232	0.01032
20	0.00863	0.00638	0.00811	0.00918	0.01014	0.00586	0.00650	0.01027	0.01440	0.01890	0.11309	0.50578	0.16946	0.01972	0.00860	0.00266	0.00397	0.06612	0.00647	0.00574
21	0.06081	0.51780	0.09973	0.01303	0.01884	0.08106	0.01286	0.02270	0.08257	0.01873	0.01169	0.01288	0.00989	0.00638	0.00499	0.00168	0.00770	0.00426	0.00344	0.00897
22	0.01763	0.08231	0.02076	0.01769	0.06681	0.14767	0.01354	0.07940	0.04332	0.01968	0.01235	0.01654	0.01094	0.01528	0.11548	0.00359	0.29930	0.00579	0.00371	0.00822
23	0.01529	0.01551	0.02091	0.01795	0.01806	0.04265	0.01491	0.01680	0.01075	0.01647	0.00903	0.01489	0.00898	0.01182	0.02195	0.00296	0.72463	0.00594	0.00301	0.00750
24	0.00846	0.00695	0.00745	0.00732	0.00947	0.00593	0.00549	0.01054	0.01647	0.02057	0.21917	0.06241	0.56295	0.01655	0.00808	0.00227	0.00341	0.01396	0.00663	0.00593
25	0.01150	0.00863	0.01161	0.01173	0.06129	0.00832	0.04423	0.01570	0.06109	0.02473	0.29684	0.04265	0.14960	0.01201	0.00720	0.00209	0.00429	0.03127	0.18816	0.00706
26	0.02453	0.01766	0.01957	0.01618	0.04808	0.01936	0.01271	0.50040	0.14355	0.09752	0.01910	0.01856	0.01361	0.00833	0.00686	0.00210	0.00705	0.00648	0.00686	0.01147
27	0.17671	0.01194	0.01478	0.01158	0.01667	0.01105	0.00956	0.03086	0.01809	0.59182	0.02371	0.02100	0.01515	0.00807	0.00638	0.00212	0.00572	0.00628	0.00767	0.01085
28	0.00977	0.00733	0.01100	0.01100	0.01222	0.00855	0.00855	0.01222	0.01100	0.01588	0.01833	0.02688	0.01710	0.05131	0.73245	0.01100	0.01833	0.00733	0.00367	0.00611
29	0.01008	0.00758	0.00963	0.03927	0.01269	0.00748	0.00776	0.04826	0.03729	0.02001	0.06079	0.47189	0.12690	0.01868	0.00848	0.00267	0.00460	0.09336	0.00630	0.00628
30	0.00992	0.00676	0.00813	0.00813	0.00836	0.00699	0.00498	0.01038	0.01015	0.01376	0.02095	0.04140	0.02341	0.62598	0.16641	0.00746	0.00884	0.00946	0.00405	0.00452
31	0.00834	0.00595	0.00794	0.00953	0.00992	0.00556	0.00635	0.00953	0.01310	0.01746	0.03771	0.75510	0.04525	0.02143	0.00873	0.00278	0.00397	0.01945	0.00635	0.00556
32	0.01074	0.00774	0.01063	0.01193	0.01355	0.00763	0.01029	0.01382	0.01607	0.02100	0.09989	0.07418	0.07800	0.01837	0.00925	0.00301	0.00587	0.57532	0.00642	0.00629
33	0.01620	0.02084	0.16494	0.07583	0.31306	0.06300	0.08447	0.02065	0.01469	0.02053	0.01201	0.01605	0.00982	0.00722	0.00938	0.00224	0.13030	0.00595	0.00322	0.00959
34	0.01363	0.01301	0.01505	0.01384	0.01492	0.10459	0.01097	0.01562	0.01199	0.01649	0.01452	0.02163	0.01364	0.05432	0.35279	0.00665	0.25741	0.00656	0.03564	0.00674
35	0.00980	0.00722	0.01045	0.01045	0.01149	0.00826	0.00788	0.01187	0.01084	0.01548	0.01882	0.02961	0.01829	0.15959	0.62579	0.01033	0.01654	0.00773	0.00374	0.00581
36	0.01401	0.02927	0.52050	0.13394	0.09835	0.01588	0.05136	0.02096	0.01450	0.02109	0.01238	0.01543	0.00901	0.00648	0.00664	0.00218	0.00983	0.00544	0.00298	0.00976
37	0.01536	0.04213	0.01715	0.04026	0.12455	0.03472	0.02769	0.04056	0.05297	0.06458	0.08387	0.08366	0.04399	0.01046	0.03639	0.00217	0.00652	0.00753	0.00493	0.26051
38	0.73620	0.05951	0.01191	0.00942	0.01373	0.03770	0.00785	0.02035	0.01201	0.02939	0.00956	0.01114	0.00753	0.00634	0.00430	0.00207	0.00563	0.00372	0.00413	0.00751
39	0.01829	0.76368	0.03585	0.01171	0.01756	0.02707	0.01171	0.02049	0.01390	0.01610	0.00951	0.01097	0.00878	0.00585	0.00439	0.00146	0.00732	0.00366	0.00293	0.00878
40	0.01664	0.01800	0.07779	0.16534	0.33942	0.06239	0.10097	0.06356	0.01642	0.02210	0.01390	0.04679	0.01161	0.00704	0.00697	0.00214	0.00894	0.00669	0.00364	0.00963
41	0.00815	0.00693	0.00702	0.00700	0.00928	0.00580	0.00525	0.00995	0.01575	0.01885	0.09583	0.06523	0.68736	0.01719	0.00809	0.00230	0.00346	0.01435	0.00640	0.00580
42	0.00975	0.00743	0.01031	0.01019	0.01137	0.00829	0.00772	0.01180	0.01171	0.01630	0.04944	0.03439	0.10510	0.13351	0.50729	0.00881	0.03789	0.00867	0.00417	0.00588
43	0.01102	0.00787	0.01102	0.01260	0.01417	0.00787	0.01102	0.01417	0.01575	0.02047	0.03622	0.07717	0.03937	0.01890	0.00945	0.00315	0.00630	0.67084	0.00630	0.00630
44	0.00987	0.00664	0.00744	0.00744	0.00753	0.00660	0.00419	0.00994	0.01017	0.01347	0.02346	0.04561	0.05237	0.72995	0.03375	0.00646	0.00651	0.01013	0.00423	0.00421
45	0.80789	0.01323	0.01006	0.00900	0.01323	0.01535	0.00741	0.02011	0.01164	0.03070	0.00953	0.01111	0.00741	0.00635	0.00423	0.00212	0.00529	0.00370	0.00423	0.00741
46	0.00994	0.00665	0.00753	0.00751	0.00758	0.00663	0.00424	0.01007	0.01034	0.01385	0.05001	0.04503	0.02650	0.72890	0.03372	0.00645	0.00649	0.01005	0.00428	0.00424
47	0.02601	0.01916	0.02053	0.01574	0.02122	0.02122	0.01300	0.69408	0.03217	0.04312	0.01643	0.01643	0.01163	0.00821	0.00684	0.00205	0.00753	0.00616	0.00684	0.01163
48	0.01292	0.01216	0.02052	0.74312	0.04712	0.01520	0.01900	0.01748	0.01368	0.01748	0.01216	0.01824	0.00912	0.00684	0.00684	0.00228	0.00912	0.00608	0.00304	0.00760
49	0.80789	0.01323	0.01006	0.00900	0.01323	0.01535	0.00741	0.02011	0.01164	0.03070	0.00953	0.01111	0.00741	0.00635	0.00423	0.00212	0.00529	0.00370	0.00423	0.00741
50	0.03070	0.01164	0.01588	0.01217	0.01746	0.01006	0.01006	0.03334	0.01958	0.72163	0.02699	0.02329	0.01694	0.00847	0.00688	0.00212	0.00582	0.00688	0.00847	0.01164
51	0.00994	0.00666	0.00758	0.00758	0.00762	0.00669	0.00429	0.01002	0.00998	0.01335	0.02145	0.04419	0.02462	0.73673	0.05732	0.00677	0.00701	0.00986	0.00413	0.00421
52	0.00956	0.00795	0.00840	0.00811	0.01043	0.00738	0.00608	0.01375	0.10620	0.02092	0.15649	0.05755	0.50043	0.04540	0.00900	0.00246	0.00381	0.01308	0.00652	0.00647
53	0.08066	0.01175	0.01550	0.01197	0.01719	0.01040	0.00989	0.03249	0.01907	0.67721	0.02587	0.02250	0.01632	0.00833	0.00671	0.00212	0.00579	0.00668	0.00820	0.01137
54	0.01292	0.01216	0.02052	0.74312	0.04712	0.01520	0.01900	0.01748	0.01368	0.01748	0.01216	0.01824	0.00912	0.00684	0.00684	0.00228	0.00912	0.00608	0.00304	0.00760
55	0.01340	0.00786	0.01008	0.00903	0.01144	0.00703	0.00695	0.01629	0.01885	0.15654	0.48968	0.04804	0.15110	0.01344	0.00785	0.00217	0.00375	0.01164	0.00753	0.00733
56	0.00834	0.00595	0.00794	0.00953	0.00992	0.00556	0.00635	0.00953	0.01310	0.01746	0.03771	0.75510	0.04525	0.02143	0.00873	0.00278	0.00397	0.01945	0.00635	0.00556
57	0.02802	0.01224	0.01580	0.01251	0.01753	0.01142	0.01021	0.03393	0.15361	0.58602	0.02716	0.02372	0.01771	0.00863	0.00690	0.00216	0.00574	0.00705	0.00817	0.01148
58	0.80789	0.01323	0.01006	0.00900	0.01323	0.01535	0.00741	0.02011	0.01164	0.03070	0.00953	0.01111	0.00741	0.00635	0.00423	0.00212	0.00529	0.00370	0.00423	0.00741
59	0.01082	0.00781	0.01074	0.01220	0.01383	0.00773	0.01062	0.01387	0.01574	0.02033	0.03853	0.07638	0.08652	0.01879	0.00935	0.00309	0.00610	0.62498	0.00630	0.00626
60	0.00821	0.00644	0.00744	0.00824	0.00959	0.00567	0.00578	0.00967	0.01433	0.01797	0.05334	0.41403	0.37623	0.01940	0.00841	0.00255	0.00372	0.01697	0.00635	0.00567
61	0.07420	0.03303	0.64254	0.01907	0.02861	0.01590	0.05052	0.02156	0.01430	0.02236	0.01213	0.01435	0.00864	0.00646	0.00639	0.00217	0.00980	0.00507	0.00301	0.00987
62	0.01294	0.01190	0.01982	0.58530	0.10208	0.01426	0.01799	0.01721	0.01404	0.01821	0.01542	0.04696	0.01341	0.00843	0.00715	0.00236	0.00859	0.07273	0.00350	0.00769
63	0.00963	0.00699	0.00907	0.00855	0.01019	0.00643	0.00641	0.01281	0.01924	0.02715	0.69265	0.05158	0.08536	0.01409	0.00807	0.00216	0.00324	0.01244	0.00749	0.00643
64	0.80789	0.01323	0.01006	0.00900	0.01323	0.01535	0.00741	0.02011	0.01164	0.03070	0.00953	0.01111	0.00741	0.00635	0.00423	0.00212	0.00529	0.00370	0.00423	0.00741
65	0.00831	0.00604	0.00785	0.00929	0.00986	0.00558	0.00625	0.00955	0.01332	0.01756	0.04057	0.69270	0.10580	0.02106	0.00867	0.00274	0.00392	0.01900	0.00635	0.00558
66	0.00834	0.00595	0.00794	0.00953	0.00992	0.00556	0.00635	0.00953	0.01310	0.01746	0.03771	0.75510	0.04525	0.02143	0.00873	0.00278	0.00397	0.01945	0.00635	0.00556
67	0.02276	0.02618	0.02045	0.02071	0.12269	0.45782	0.01424	0.09091	0.04110	0.02049	0.01217	0.01450	0.01005	0.00888	0.03088	0.00224	0.06614	0.00515	0.00391	0.00872
68	0.01422	0.09868	0.11897	0.25577	0.17040	0.01530	0.01685	0.03430	0.01546	0.02102	0.10612	0.02231	0.03950	0.00778	0.00665	0.00206	0.00772	0.00670	0.00390	0.03629
69	0.77569	0.01347	0.01049	0.00927	0.01356	0.01559	0.00764	0.04787	0.01249	0.03121	0.00981	0.01133	0.00758	0.00643	0.00434	0.00211	0.00538	0.00381	0.00434	0.00758
70	0.00876	0.00663	0.00968	0.01057	0.01131	0.00619	0.04327	0.01019	0.01326	0.01770	0.03642	0.71544	0.04337	0.02059	0.00870	0.00275	0.00438	0.01884	0.00620	0.00575
71	0.01661	0.34158	0.34572	0.01569	0.02327	0.04384	0.01790	0.04296	0.05678	0.02023	0.01213	0.01364	0.00955	0.00647	0.00564	0.00186	0.00864	0.00464	0.00329	0.00957
72	0.09012	0.34774	0.22921	0.01483	0.02118	0.12492	0.01559	0.02162	0.01451	0.01915	0.01044	0.01235	0.00863	0.00651	0.00599	0.00183	0.03913	0.00427	0.00312	0.00886
73	0.00977	0.00717	0.00945	0.01068	0.01207	0.00686	0.00863	0.01217	0.01517	0.01963	0.06961	0.25282	0.15485	0.01910	0.00898	0.00287	0.00509	0.36268	0.00637	0.00602
74	0.01012	0.00714	0.00900	0.00845	0.01030	0.00646	0.00637	0.01308	0.01875	0.04923	0.58370	0.05261	0.17045	0.01435	0.00803	0.00218	0.00335	0.01253	0.00737	0.00652
75	0.06945	0.04677	0.05847	0.01881	0.12885	0.04528	0.04967	0.19697	0.06986	0.02703	0.01419	0.01657	0.01123	0.00875	0.00883	0.08155	0.02973	0.00569	0.00461	0.10769
76	0.01151	0.00851	0.01130	0.01252	0.01427	0.00875	0.01065	0.01637	0.09458	0.02118	0.03537	0.12279	0.03770	0.01799	0.00911	0.00303	0.00602	0.54523	0.00638	0.00676
77	0.03070	0.01164	0.01588	0.01217	0.01746	0.01006	0.01006	0.03334	0.01958	0.72163	0.02699	0.02329	0.01694	0.00847	0.00688	0.00212	0.00582	0.00688	0.00847	0.01164
78	0.01188	0.00594	0.00891	0.00891	0.00891	0.00594	0.00594	0.00891	0.00891	0.01188	0.01188	0.02080	0.01188	0.02377	0.02674	0.80095	0.00594	0.00594	0.00297	0.00297
79	0.04748	0.01555	0.02732	0.19446	0.43929	0.01614	0.11928	0.02032	0.01508	0.02154	0.01272	0.01722	0.01025	0.00622	0.00688	0.00213	0.00874	0.00629	0.00335	0.00974
80	0.00829	0.00691	0.00724	0.00723	0.00939	0.00585	0.00539	0.01019	0.01598	0.01956	0.14812	0.08712	0.61112	0.01705	0.00811	0.00231	0.00345	0.01435	0.00650	0.00585
81	0.00977	0.00733	0.01100	0.01100	0.01222	0.00855	0.00855	0.01222	0.01100	0.01588	0.01833	0.02688	0.01710	0.05131	0.73245	0.01100	0.01833	0.00733	0.00367	0.00611
82	0.01519	0.02990	0.56085	0.04821	0.02822	0.01477	0.04563	0.02205	0.01506	0.09234	0.01689	0.01840	0.04756	0.00727	0.00669	0.00218	0.00933	0.00589	0.00367	0.00990
83	0.02046	0.01422	0.01969	0.07223	0.20407	0.03551	0.04018	0.14872	0.01910	0.18165	0.01944	0.07363	0.01569	0.03841	0.00797	0.00228	0.00711	0.00745	0.06234	0.00982
84	0.01188	0.00594	0.00891	0.00891	0.00891	0.00594	0.00594	0.00891	0.00891	0.01188	0.01188	0.02080	0.01188	0.02377	0.02674	0.80095	0.00594	0.00594	0.00297	0.00297
85	0.01372	0.03539	0.72412	0.01950	0.02961	0.01589	0.02528	0.02167	0.01444	0.02167	0.01228	0.01444	0.00867	0.00650	0.00650	0.00217	0.01011	0.00506	0.00289	0.01011
86	0.01031	0.00754	0.01048	0.01033	0.01141	0.00850	0.00768	0.03271	0.01141	0.01612	0.01900	0.03064	0.01871	0.21171	0.55079	0.00972	0.01532	0.00789	0.00387	0.00583
87	0.02791	0.10003	0.05675	0.01285	0.01849	0.01339	0.01135	0.09412	0.01985	0.53832	0.02318	0.02074	0.01505	0.00804	0.00657	0.00204	0.00639	0.00634	0.00738	0.01123
88	0.01972	0.05382	0.33688	0.01698	0.06019	0.01441	0.01745	0.08534	0.01748	0.21782	0.01788	0.03547	0.01277	0.00760	0.00651	0.00209	0.00790	0.00609	0.05329	0.01032
89	0.01615	0.01845	0.04037	0.02884	0.03576	0.01730	0.69204	0.02191	0.01615	0.02191	0.01384	0.01845	0.01038	0.00577	0.00807	0.00231	0.01153	0.00807	0.00346	0.00923
90	0.01419	0.01216	0.01419	0.01013	0.01621	0.00912	0.00811	0.01723	0.01419	0.02229	0.01216	0.01419	0.01013	0.00507	0.00507	0.00101	0.00507	0.00405	0.00405	0.80139
91	0.06773	0.01675	0.01559	0.01306	0.01703	0.12226	0.01036	0.30369	0.05083	0.05252	0.09484	0.05010	0.13536	0.01048	0.00698	0.00210	0.00676	0.00824	0.00622	0.00911
92	0.03996	0.02065	0.15539	0.04185	0.03183	0.01708	0.44370	0.04242	0.01567	0.02230	0.01306	0.01706	0.00989	0.00646	0.00860	0.00228	0.06624	0.00702	0.00347	0.03509
93	0.01534	0.01276	0.01544	0.01172	0.01702	0.01099	0.03597	0.11186	0.03919	0.02484	0.01627	0.10016	0.01474	0.00755	0.00592	0.00146	0.00555	0.00640	0.00478	0.54204
94	0.02214	0.19926	0.02536	0.01664	0.02145	0.29042	0.09045	0.16092	0.04404	0.02326	0.01287	0.01444	0.01026	0.00696	0.00609	0.00183	0.00954	0.00519	0.02979	0.00909
95	0.00977	0.00733	0.01100	0.01100	0.01222	0.00855	0.00855	0.01222	0.01100	0.01588	0.01833	0.02688	0.01710	0.05131	0.73245	0.01100	0.01833	0.00733	0.00367	0.00611
96	0.01982	0.01685	0.01651	0.04304	0.01955	0.10773	0.01151	0.07384	0.48257	0.09515	0.02425	0.02279	0.01794	0.00876	0.00684	0.00221	0.00661	0.00707	0.00651	0.01046
97	0.03702	0.01605	0.01635	0.01416	0.01829	0.04566	0.01116	0.17186	0.49974	0.03118	0.04638	0.02360	0.01958	0.00906	0.00688	0.00223	0.00605	0.00733	0.00676	0.01066
98	0.01702	0.01470	0.01547	0.01392	0.01779	0.01702	0.01083	0.03635	0.70453	0.02862	0.02785	0.02553	0.02088	0.00928	0.00696	0.00232	0.00541	0.00773	0.00696	0.01083
99	0.00834	0.00595	0.00794	0.00953	0.00992	0.00556	0.00635	0.00953	0.01310	0.01746	0.03771	0.75510	0.04525	0.02143	0.00873	0.00278	0.00397	0.01945	0.00635	0.00556
100	0.01880	0.00908	0.01165	0.00981	0.01326	0.00792	0.00778	0.02140	0.01855	0.33927	0.24621	0.04211	0.20101	0.01230	0.00754	0.00217	0.00446	0.01039	0.00767	0.00864
101	0.01607	0.26591	0.34988	0.01861	0.02659	0.01994	0.14562	0.04477	0.01521	0.02067	0.01183	0.01415	0.00913	0.00621	0.00613	0.00196	0.00939	0.00521	0.00315	0.00957
102	0.01372	0.03539	0.72412	0.01950	0.02961	0.01589	0.02528	0.02167	0.01444	0.02167	0.01228	0.01444	0.00867	0.00650	0.00650	0.00217	0.01011	0.00506	0.00289	0.01011
103	0.00995	0.00663	0.00746	0.00746	0.00746	0.00663	0.00415	0.00995	0.00995	0.01327	0.02156	0.04477	0.02487	0.75957	0.03482	0.00663	0.00663	0.00995	0.00415	0.00415
104	0.04706	0.01506	0.02489	0.21536	0.50042	0.01598	0.01965	0.02054	0.03575	0.02165	0.01301	0.01729	0.01058	0.00639	0.00670	0.00211	0.00818	0.00605	0.00344	0.00989
105	0.01731	0.01803	0.02333	0.18846	0.38589	0.15864	0.01821	0.02090	0.01585	0.01994	0.01380	0.04230	0.01208	0.00736	0.00682	0.00209	0.00899	0.02723	0.00353	0.00923
106	0.01526	0.01267	0.01344	0.01226	0.01572	0.01405	0.00948	0.02977	0.51523	0.04725	0.03669	0.06281	0.16342	0.01139	0.00726	0.00233	0.00497	0.00955	0.00686	0.00961
107	0.00995	0.00663	0.00746	0.00746	0.00746	0.00663	0.00415	0.00995	0.00995	0.01327	0.02156	0.04477	0.02487	0.75957	0.03482	0.00663	0.00663	0.00995	0.00415	0.00415
108	0.04885	0.01462	0.01570	0.01251	0.01681	0.01575	0.01019	0.41721	0.02523	0.09907	0.01884	0.01947	0.01366	0.00810	0.00617	0.00193	0.00605	0.00620	0.23363	0.00999
109	0.01292	0.01216	0.02052	0.74312	0.04712	0.01520	0.01900	0.01748	0.01368	0.01748	0.01216	0.01824	0.00912	0.00684	0.00684	0.00228	0.00912	0.00608	0.00304	0.00760
110	0.04662	0.28374	0.02496	0.04323	0.02052	0.27027	0.01253	0.15658	0.01938	0.02240	0.01145	0.01293	0.00937	0.00677	0.00561	0.00172	0.00904	0.00453	0.00400	0.03436
111	0.01019	0.00931	0.04957	0.01115	0.01323	0.00891	0.03069	0.01294	0.01266	0.01779	0.04995	0.03372	0.15115	0.03614	0.44623	0.00753	0.03702	0.00866	0.04674	0.00643
112	0.01479	0.09974	0.40844	0.01674	0.02450	0.01526	0.06545	0.04203	0.01569	0.04571	0.07413	0.01986	0.04216	0.00744	0.00649	0.00200	0.00840	0.00612	0.00388	0.08117
113	0.00874	0.00696	0.00784	0.00762	0.00964	0.00605	0.00571	0.01108	0.01714	0.02214	0.33273	0.05981	0.44840	0.01596	0.00808	0.00225	0.00337	0.01359	0.00683	0.00605
114	0.01412	0.01478	0.06754	0.32959	0.28723	0.01468	0.04261	0.01855	0.01501	0.02047	0.06682	0.02189	0.04247	0.00746	0.00698	0.00217	0.00824	0.00690	0.00364	0.00885
115	0.00843	0.00694	0.00741	0.00730	0.00945	0.00592	0.00547	0.01049	0.01642	0.02043	0.20958	0.06263	0.57262	0.01660	0.00808	0.00228	0.00341	0.01399	0.00661	0.00592
116	0.01512	0.01386	0.01799	0.03813	0.01770	0.04615	0.03386	0.06705	0.05039	0.01964	0.01381	0.01986	0.01250	0.05880	0.12043	0.00406	0.37953	0.00654	0.05700	0.00759
117	0.00995	0.00663	0.00746	0.00746	0.00746	0.00663	0.00415	0.00995	0.00995	0.01327	0.02156	0.04477	0.02487	0.75957	0.03482	0.00663	0.00663	0.00995	0.00415	0.00415
118	0.01585	0.02056	0.12519	0.02768	0.03499	0.01713	0.60933	0.02188	0.01594	0.02188	0.01365	0.01796	0.01017	0.00586	0.00788	0.00229	0.01136	0.00770	0.00339	0.00934
119	0.80789	0.01323	0.01006	0.00900	0.01323	0.01535	0.00741	0.02011	0.01164	0.03070	0.00953	0.01111	0.00741	0.00635	0.00423	0.00212	0.00529	0.00370	0.00423	0.00741
120	0.00844	0.00600	0.00791	0.00939	0.00976	0.00563	0.00621	0.00955	0.01290	0.01719	0.03667	0.70944	0.04394	0.06888	0.01041	0.00303	0.00414	0.01884	0.00621	0.00547
121	0.01013	0.00657	0.00759	0.00759	0.00759	0.00657	0.00431	0.00985	0.00985	0.01314	0.02067	0.04258	0.02368	0.69226	0.03408	0.07930	0.00657	0.00958	0.00404	0.00404
122	0.01829	0.76368	0.03585	0.01171	0.01756	0.02707	0.01171	0.02049	0.01390	0.01610	0.00951	0.01097	0.00878	0.00585	0.00439	0.00146	0.00732	0.00366	0.00293	0.00878
123	0.02601	0.01916	0.02053	0.01574	0.02122	0.02122	0.01300	0.69408	0.03217	0.04312	0.01643	0.01643	0.01163	0.00821	0.00684	0.00205	0.00753	0.00616	0.00684	0.01163
124	0.00968	0.00699	0.00914	0.00861	0.01022	0.00646	0.00646	0.01291	0.01937	0.02743	0.71328	0.05110	0.06455	0.01399	0.00807	0.00215	0.00323	0.01237	0.00753	0.00646
125	0.02556	0.03261	0.01939	0.01763	0.02115	0.73210	0.01322	0.02732	0.01939	0.01674	0.01058	0.01234	0.00881	0.00705	0.00617	0.00176	0.01234	0.00441	0.00353	0.00793
126	0.02601	0.01916	0.02053	0.01574	0.02122	0.02122	0.01300	0.69408	0.03217	0.04312	0.01643	0.01643	0.01163	0.00821	0.00684	0.00205	0.00753	0.00616	0.00684	0.01163
127	0.01278	0.00739	0.00930	0.00852	0.01055	0.00685	0.00649	0.01593	0.01827	0.10665	0.47998	0.04219	0.04857	0.01201	0.00720	0.00202	0.00352	0.01040	0.18435	0.00703
128	0.80789	0.01323	0.01006	0.00900	0.01323	0.01535	0.00741	0.02011	0.01164	0.03070	0.00953	0.01111	0.00741	0.00635	0.00423	0.00212	0.00529	0.00370	0.00423	0.00741
129	0.00844	0.00681	0.00710	0.00721	0.00897	0.00591	0.00509	0.00982	0.01441	0.01748	0.05856	0.11001	0.54420	0.15049	0.01292	0.00312	0.00407	0.01398	0.00596	0.00547
130	0.00860	0.00623	0.00769	0.00874	0.00936	0.00579	0.00576	0.00965	0.01289	0.01683	0.03956	0.51525	0.14481	0.15933	0.01353	0.00343	0.00439	0.01689	0.00594	0.00533
131	0.01261	0.01174	0.01967	0.69370	0.04461	0.01455	0.01815	0.01694	0.01364	0.01748	0.01388	0.06788	0.01155	0.00782	0.00697	0.00231	0.00877	0.00698	0.00326	0.00746
132	0.01800	0.71686	0.08010	0.01221	0.01833	0.02635	0.01258	0.02056	0.01394	0.01645	0.00969	0.01120	0.00877	0.00589	0.00453	0.00151	0.00750	0.00375	0.00292	0.00887
133	0.01338	0.01263	0.02135	0.66308	0.12358	0.01532	0.01923	0.01788	0.01390	0.01804	0.01224	0.01809	0.00932	0.00675	0.00683	0.00225	0.00901	0.00608	0.00308	0.00797
134	0.00914	0.00713	0.01022	0.01093	0.01157	0.00718	0.03480	0.01054	0.01303	0.01757	0.03461	0.67032	0.04114	0.02010	0.00972	0.00278	0.05940	0.01799	0.00598	0.00585
135	0.00995	0.00663	0.00746	0.00746	0.00746	0.00663	0.00415	0.00995	0.00995	0.01327	0.02156	0.04477	0.02487	0.75957	0.03482	0.00663	0.00663	0.00995	0.00415	0.00415
136	0.01419	0.01216	0.01419	0.01013	0.01621	0.00912	0.00811	0.01723	0.01419	0.02229	0.01216	0.01419	0.01013	0.00507	0.00507	0.00101	0.00507	0.00405	0.00405	0.80139
137	0.01156	0.00661	0.00749	0.00749	0.00865	0.00684	0.00535	0.01388	0.01272	0.02092	0.02139	0.03012	0.01912	0.18627	0.14844	0.00450	0.00681	0.00736	0.46862	0.00582
138	0.01702	0.01470	0.01547	0.01392	0.01779	0.01702	0.01083	0.03635	0.70453	0.02862	0.02785	0.02553	0.02088	0.00928	0.00696	0.00232	0.00541	0.00773	0.00696	0.01083
139	0.02049	0.01708	0.03266	0.02364	0.03003	0.01623	0.46161	0.10775	0.01887	0.17454	0.01698	0.01924	0.01194	0.00665	0.00767	0.00223	0.00981	0.00758	0.00495	0.01004
140	0.01314	0.01238	0.02091	0.70537	0.08318	0.01526	0.01911	0.01767	0.01378	0.01774	0.01220	0.01817	0.00921	0.00680	0.00684	0.00227	0.00907	0.00608	0.00306	0.00777
141	0.02529	0.01847	0.01977	0.01524	0.02050	0.02042	0.01256	0.65757	0.03121	0.04217	0.01674	0.01691	0.01195	0.00820	0.00673	0.00203	0.00729	0.00617	0.04941	0.01135
142	0.29888	0.02087	0.01636	0.01415	0.01824	0.28747	0.04707	0.05154	0.06744	0.06681	0.04178	0.01563	0.01219	0.00732	0.00580	0.00201	0.00835	0.00515	0.00462	0.00834
143	0.00815	0.00693	0.00702	0.00700	0.00928	0.00580	0.00525	0.00995	0.01575	0.01885	0.09580	0.06523	0.68739	0.01719	0.00809	0.00230	0.00346	0.01435	0.00640	0.00580
144	0.00968	0.00699	0.00914	0.00861	0.01022	0.00646	0.00646	0.01291	0.01937	0.02743	0.71328	0.05110	0.06455	0.01399	0.00807	0.00215	0.00323	0.01237	0.00753	0.00646
145	0.04783	0.39755	0.13104	0.14278	0.07547	0.04311	0.03769	0.02041	0.01421	0.01838	0.01079	0.01346	0.00897	0.00619	0.00546	0.00181	0.00830	0.00463	0.00306	0.00885
146	0.01497	0.01497	0.02095	0.01796	0.01796	0.02095	0.01497	0.01646	0.01048	0.01646	0.00898	0.01497	0.00898	0.01197	0.02245	0.00299	0.74704	0.00599	0.00299	0.00748
147	0.00941	0.00698	0.00877	0.00832	0.01005	0.00634	0.00624	0.01238	0.01872	0.02590	0.60301	0.05363	0.17578	0.01456	0.00807	0.00218	0.00327	0.01273	0.00733	0.00634
148	0.01292	0.01216	0.02052	0.74312	0.04712	0.01520	0.01900	0.01748	0.01368	0.01748	0.01216	0.01824	0.00912	0.00684	0.00684	0.00228	0.00912	0.00608	0.00304	0.00760
149	0.01497	0.01497	0.02095	0.01796	0.01796	0.02095	0.01497	0.01646	0.01048	0.01646	0.00898	0.01497	0.00898	0.01197	0.02245	0.00299	0.74704	0.00599	0.00299	0.00748
150	0.02630	0.01035	0.01355	0.01075	0.01514	0.00915	0.00876	0.02908	0.01830	0.55125	0.02585	0.02383	0.01708	0.00835	0.00637	0.00199	0.00518	0.00676	0.20160	0.01035
151	0.00936	0.00661	0.00849	0.00870	0.00995	0.00613	0.00627	0.01186	0.01685	0.02369	0.42370	0.28044	0.08213	0.01619	0.00809	0.00233	0.00348	0.01441	0.05520	0.00613
152	0.02619	0.01887	0.02035	0.01560	0.02107	0.02078	0.01289	0.66807	0.03167	0.06982	0.01684	0.01670	0.01184	0.00822	0.00685	0.00206	0.00746	0.00619	0.00691	0.01163
153	0.00841	0.00647	0.00770	0.00839	0.00969	0.00576	0.00591	0.01008	0.01488	0.01915	0.13700	0.39382	0.31047	0.01886	0.00839	0.00251	0.00368	0.01657	0.00650	0.00576
154	0.01829	0.76368	0.03585	0.01171	0.01756	0.02707	0.01171	0.02049	0.01390	0.01610	0.00951	0.01097	0.00878	0.00585	0.00439	0.00146	0.00732	0.00366	0.00293	0.00878
155	0.01372	0.03539	0.72412	0.01950	0.02961	0.01589	0.02528	0.02167	0.01444	0.02167	0.01228	0.01444	0.00867	0.00650	0.00650	0.00217	0.01011	0.00506	0.00289	0.01011
156	0.01292	0.01216	0.02052	0.74312	0.04712	0.01520	0.01900	0.01748	0.01368	0.01748	0.01216	0.01824	0.00912	0.00684	0.00684	0.00228	0.00912	0.00608	0.00304	0.00760
157	0.01356	0.01281	0.02167	0.63209	0.15318	0.01537	0.01932	0.01804	0.01398	0.01825	0.01227	0.01803	0.00939	0.00672	0.00683	0.00224	0.00896	0.00608	0.00309	0.00811
158	0.80789	0.01323	0.01006	0.00900	0.01323	0.01535	0.00741	0.02011	0.01164	0.03070	0.00953	0.01111	0.00741	0.00635	0.00423	0.00212	0.00529	0.00370	0.00423	0.00741
159	0.01693	0.01626	0.02777	0.04199	0.71689	0.01626	0.02100	0.02100	0.01558	0.02235	0.01287	0.01693	0.01084	0.00610	0.00677	0.00203	0.00813	0.00610	0.00339	0.01084
160	0.00988	0.00665	0.00772	0.00788	0.00800	0.00666	0.00467	0.01014	0.01039	0.01388	0.02305	0.09213	0.02650	0.66373	0.05279	0.00638	0.00679	0.03403	0.00435	0.00437
161	0.01684	0.01651	0.02922	0.04048	0.63874	0.01638	0.09799	0.02110	0.01564	0.02230	0.01298	0.01711	0.01078	0.00606	0.00692	0.00206	0.00852	0.00632	0.00339	0.01065
162	0.01607	0.01820	0.03929	0.02807	0.03495	0.01696	0.66391	0.02172	0.01607	0.02193	0.01377	0.01828	0.01037	0.00574	0.00795	0.00225	0.01127	0.00791	0.00348	0.04181
163	0.01391	0.01455	0.02983	0.02220	0.02706	0.01367	0.46741	0.01826	0.01546	0.02104	0.08992	0.10933	0.02158	0.09038	0.01106	0.00282	0.00927	0.01003	0.00429	0.00797
164	0.04647	0.01438	0.01343	0.01143	0.01480	0.09533	0.00900	0.26056	0.02115	0.03042	0.01901	0.06388	0.01550	0.00861	0.00591	0.00185	0.00598	0.00669	0.32171	0.03390
165	0.00985	0.00665	0.00743	0.00743	0.00756	0.00659	0.00420	0.00994	0.01025	0.01355	0.02413	0.04590	0.06198	0.71960	0.03338	0.00640	0.00646	0.01019	0.00426	0.00423
166	0.02208	0.01540	0.05422	0.01348	0.01835	0.01503	0.01139	0.22283	0.21015	0.21625	0.02822	0.02631	0.09603	0.00953	0.00701	0.00218	0.00617	0.00767	0.00704	0.01066
167	0.01443	0.01279	0.01695	0.01227	0.01818	0.01027	0.08656	0.04087	0.01513	0.02273	0.01618	0.01807	0.05547	0.00604	0.00567	0.00128	0.00579	0.00526	0.00423	0.63183
168	0.02209	0.02514	0.01789	0.01626	0.01951	0.46303	0.01260	0.09518	0.05634	0.02053	0.01547	0.02191	0.01378	0.01152	0.05113	0.00259	0.04092	0.08157	0.00437	0.00816
169	0.01495	0.01205	0.01414	0.01038	0.01610	0.00939	0.00826	0.04105	0.01497	0.05112	0.01429	0.05452	0.01235	0.00620	0.00540	0.00119	0.00512	0.00507	0.00445	0.69899
170	0.04454	0.03496	0.01350	0.01375	0.06542	0.07868	0.00989	0.01498	0.01276	0.01771	0.01879	0.06580	0.01806	0.03556	0.45161	0.00758	0.01415	0.04734	0.02816	0.00676
171	0.01575	0.06863	0.03864	0.16208	0.05070	0.01456	0.01244	0.11257	0.12468	0.06305	0.02631	0.13854	0.09838	0.01102	0.00759	0.00227	0.02953	0.00922	0.00538	0.00865

[dist]
# distance from previous block
# <min> <max>
0	1

[block]
# block no. 3 follows, 31 sequences, length 15
# corresponding to MSA columns:
# 302-316
name=unknown_D
#
# <colnr> <probs for GDERKNQSTAVLIFYWHMCP>
#	G	D	E	R	K	N	Q	S	T	A	V	L	I	F	Y	W	H	M	C	P
0	0.07914	0.01891	0.07818	0.08146	0.26075	0.11643	0.11402	0.02206	0.04398	0.04676	0.01508	0.06511	0.01282	0.00752	0.00680	0.00213	0.00875	0.00685	0.00394	0.00930
1	0.04454	0.05022	0.01300	0.04828	0.04965	0.01000	0.00881	0.05539	0.01480	0.06605	0.02898	0.25678	0.08767	0.10568	0.03858	0.00318	0.00604	0.05129	0.00542	0.05562
2	0.01315	0.00920	0.01088	0.00985	0.01114	0.00983	0.00693	0.04829	0.04770	0.06077	0.02344	0.05790	0.06287	0.41061	0.02362	0.00460	0.09509	0.00911	0.04412	0.04093
3	0.07005	0.01717	0.01765	0.01410	0.01871	0.04751	0.01139	0.47720	0.06041	0.03606	0.01928	0.02084	0.04820	0.05130	0.04003	0.00269	0.00765	0.00665	0.00619	0.02694
4	0.01148	0.00999	0.05422	0.05474	0.01469	0.00869	0.00882	0.07618	0.01538	0.02135	0.07326	0.40916	0.03346	0.06042	0.00933	0.00263	0.00515	0.01356	0.04883	0.06866
5	0.01903	0.05601	0.05074	0.08313	0.04710	0.19404	0.07359	0.07716	0.07893	0.07794	0.05886	0.04976	0.01720	0.07563	0.00931	0.00247	0.00856	0.00713	0.00479	0.00860
6	0.01278	0.10163	0.01460	0.01143	0.01338	0.06704	0.00899	0.01550	0.05734	0.01623	0.01654	0.02343	0.01524	0.05504	0.43078	0.10956	0.01377	0.00658	0.00371	0.00643
7	0.10443	0.01680	0.01974	0.20731	0.16426	0.12010	0.01520	0.10203	0.01664	0.02335	0.01267	0.01629	0.01009	0.00742	0.00786	0.00213	0.08187	0.00560	0.05754	0.00867
8	0.02093	0.02010	0.02141	0.05392	0.04039	0.18192	0.09555	0.18816	0.17064	0.04260	0.01665	0.01781	0.01263	0.00783	0.00758	0.00209	0.04603	0.00625	0.00515	0.04237
9	0.01336	0.01209	0.01301	0.01231	0.01407	0.11060	0.02666	0.07261	0.01472	0.01882	0.02352	0.20297	0.04969	0.08254	0.26399	0.00571	0.04178	0.01020	0.00468	0.00669
10	0.01395	0.05620	0.12231	0.01279	0.01648	0.05571	0.01161	0.10216	0.01697	0.02251	0.09174	0.14835	0.11863	0.01513	0.05597	0.00284	0.05254	0.04084	0.00517	0.03813
11	0.05577	0.05922	0.01396	0.07777	0.07122	0.01137	0.00971	0.03706	0.07863	0.02210	0.09783	0.13859	0.08119	0.01705	0.10731	0.00339	0.00707	0.00952	0.09382	0.00742
12	0.01751	0.17387	0.24258	0.04748	0.10387	0.09737	0.01712	0.10185	0.01716	0.02237	0.01494	0.01675	0.04466	0.00707	0.00613	0.00190	0.00863	0.00541	0.00374	0.04959
13	0.04595	0.01448	0.06345	0.07940	0.02115	0.03033	0.09828	0.10959	0.10163	0.02363	0.02381	0.08973	0.07192	0.07781	0.03074	0.00294	0.02387	0.05217	0.00503	0.03410
14	0.01795	0.06499	0.04783	0.01496	0.04295	0.06242	0.06745	0.22066	0.07045	0.02706	0.01938	0.09644	0.01731	0.09149	0.00974	0.00256	0.00714	0.00791	0.10255	0.00876

[dist]
# distance from previous block
# <min> <max>
31	103

[block]
# block no. 4 follows, 31 sequences, length 10
# corresponding to MSA columns:
# 438-447
name=unknown_E
#
# <colnr> <probs for GDERKNQSTAVLIFYWHMCP>
#	G	D	E	R	K	N	Q	S	T	A	V	L	I	F	Y	W	H	M	C	P
0	0.01320	0.00966	0.01154	0.01069	0.01265	0.05350	0.05560	0.01611	0.04730	0.07152	0.06896	0.23979	0.07275	0.11438	0.01096	0.00283	0.00537	0.01157	0.16491	0.00670
1	0.02191	0.06737	0.01855	0.01387	0.01838	0.06050	0.01131	0.37542	0.09543	0.08211	0.09666	0.04683	0.04227	0.00947	0.00689	0.00207	0.00675	0.00748	0.00655	0.01018
2	0.01766	0.21127	0.02393	0.06901	0.17139	0.16219	0.01392	0.02154	0.07025	0.01871	0.01467	0.06898	0.01353	0.03123	0.02629	0.00233	0.04434	0.00635	0.00378	0.00864
