[name]
unknown

[dist]
# distance from previous block
# <min> <max>
7	67

[block]
# block no. 0 follows, 28 sequences, length 22
# corresponding to MSA columns:
# 70-91
name=unknown_A
#
# <colnr> <probs for GDERKNQSTAVLIFYWHMCP>
#	G	D	E	R	K	N	Q	S	T	A	V	L	I	F	Y	W	H	M	C	P
0	0.08872	0.02449	0.02064	0.06394	0.09488	0.31059	0.01434	0.21310	0.02263	0.02766	0.01377	0.01655	0.01104	0.03720	0.00792	0.00227	0.01008	0.00570	0.00481	0.00966
1	0.00926	0.00695	0.00786	0.00839	0.00948	0.00633	0.00557	0.01038	0.01397	0.01766	0.04820	0.27079	0.29696	0.23498	0.01722	0.00397	0.00485	0.01558	0.00605	0.00555
2	0.00991	0.00677	0.00812	0.00877	0.00893	0.00661	0.00530	0.01040	0.01185	0.01580	0.02948	0.31270	0.03472	0.46809	0.02638	0.00548	0.00596	0.01444	0.00530	0.00498
3	0.01781	0.01708	0.02917	0.07414	0.67111	0.01722	0.02222	0.02215	0.01646	0.02352	0.01364	0.01805	0.01144	0.00651	0.00720	0.00217	0.00868	0.00648	0.00358	0.01137
4	0.02584	0.03157	0.02087	0.01865	0.02207	0.59216	0.01425	0.06543	0.02026	0.01939	0.01140	0.01370	0.00956	0.00819	0.00866	0.00205	0.09847	0.00499	0.00388	0.00860
5	0.00923	0.00722	0.00841	0.00880	0.01059	0.00640	0.00654	0.01138	0.01680	0.02150	0.19108	0.21961	0.37160	0.01880	0.00885	0.00260	0.00398	0.06334	0.00700	0.00627
6	0.01803	0.01869	0.02603	0.02260	0.06934	0.08840	0.12614	0.05837	0.01478	0.02058	0.01132	0.01649	0.01007	0.01045	0.01751	0.00280	0.44941	0.00659	0.00359	0.00881
7	0.02060	0.04210	0.01782	0.01428	0.01838	0.01761	0.01132	0.34415	0.16671	0.03461	0.05082	0.13977	0.02318	0.05322	0.00927	0.00263	0.00666	0.00959	0.00693	0.01035
8	0.00938	0.00667	0.00815	0.00911	0.00962	0.00630	0.00586	0.01030	0.01312	0.01723	0.03815	0.44284	0.11147	0.25606	0.01818	0.00422	0.00508	0.01682	0.00599	0.00544
9	0.01133	0.00838	0.01177	0.01482	0.12136	0.00817	0.00842	0.01218	0.01287	0.01732	0.02857	0.28474	0.06092	0.25098	0.02005	0.09781	0.00606	0.01318	0.00506	0.00602
10	0.18103	0.01646	0.02321	0.07911	0.38297	0.01726	0.01725	0.10793	0.01779	0.02815	0.01334	0.01656	0.01070	0.00682	0.00655	0.00214	0.00781	0.00583	0.00429	0.05482
11	0.01778	0.01370	0.01767	0.01919	0.15692	0.01369	0.01247	0.20229	0.02099	0.05554	0.02812	0.17814	0.08839	0.01248	0.00777	0.00232	0.00649	0.04780	0.00608	0.09217
12	0.13009	0.01715	0.02338	0.07763	0.27735	0.01803	0.04107	0.21280	0.02088	0.03107	0.01420	0.01689	0.01104	0.00713	0.00675	0.00212	0.00797	0.00604	0.00483	0.07358
13	0.08312	0.07190	0.02344	0.16534	0.22501	0.07246	0.01657	0.15863	0.01954	0.02681	0.01522	0.06187	0.01298	0.00821	0.00690	0.00221	0.00847	0.00683	0.00454	0.00996
14	0.07446	0.01658	0.02414	0.14622	0.39920	0.04462	0.01846	0.08495	0.01758	0.02496	0.01613	0.02056	0.03682	0.03528	0.00817	0.00240	0.00846	0.00671	0.00412	0.01018
15	0.06728	0.01872	0.02064	0.06502	0.14247	0.15426	0.03079	0.07136	0.01730	0.02340	0.03909	0.01918	0.03302	0.00991	0.03255	0.00245	0.11611	0.00622	0.00425	0.12599
16	0.09652	0.04324	0.05788	0.04649	0.11968	0.11723	0.01459	0.18469	0.05838	0.02834	0.01750	0.03807	0.03825	0.00991	0.02623	0.00245	0.05091	0.00661	0.00499	0.03806
17	0.06481	0.01911	0.04327	0.06552	0.13743	0.10221	0.06046	0.13417	0.01906	0.06473	0.03636	0.01811	0.01284	0.00845	0.00985	0.00229	0.13198	0.00635	0.00469	0.05830
18	0.02002	0.14776	0.02363	0.01947	0.12368	0.16054	0.03441	0.09161	0.11242	0.02481	0.06395	0.02077	0.03442	0.00812	0.00666	0.00196	0.00823	0.00646	0.00491	0.08617
19	0.04533	0.12158	0.07773	0.11527	0.08749	0.03416	0.03937	0.15433	0.04318	0.08975	0.01857	0.04669	0.03799	0.00880	0.00784	0.00225	0.04758	0.00698	0.00506	0.01007
20	0.07092	0.12771	0.12386	0.07244	0.10673	0.08844	0.01563	0.04519	0.04666	0.02197	0.01627	0.04074	0.03496	0.03761	0.03026	0.00266	0.07343	0.00649	0.00403	0.03401
21	0.06825	0.18989	0.09531	0.04523	0.06826	0.01920	0.03390	0.16143	0.04406	0.08770	0.05485	0.04176	0.01597	0.00828	0.00656	0.00207	0.00761	0.00657	0.00524	0.03785

[dist]
# distance from previous block
# <min> <max>
23	148

[block]
# block no. 1 follows, 28 sequences, length 8
# corresponding to MSA columns:
# 272-279
name=unknown_B
#
# <colnr> <probs for GDERKNQSTAVLIFYWHMCP>
#	G	D	E	R	K	N	Q	S	T	A	V	L	I	F	Y	W	H	M	C	P
0	0.01585	0.01469	0.01761	0.01337	0.01884	0.05920	0.06683	0.04562	0.01622	0.02323	0.01856	0.02085	0.07027	0.00950	0.04064	0.00201	0.03725	0.00600	0.00448	0.49898
1	0.01681	0.01477	0.01695	0.08122	0.12368	0.08588	0.01229	0.06234	0.10634	0.05539	0.02772	0.08012	0.11519	0.06202	0.03877	0.00293	0.00769	0.00899	0.00538	0.07550
2	0.15200	0.01032	0.01242	0.05137	0.04379	0.01119	0.00933	0.03861	0.06029	0.04233	0.08189	0.14372	0.02706	0.11792	0.13118	0.00467	0.00825	0.04079	0.00546	0.00740
3	0.01590	0.08513	0.02250	0.16939	0.12759	0.04507	0.06771	0.05126	0.01660	0.02206	0.02122	0.06192	0.08808	0.00872	0.00695	0.00202	0.00778	0.00763	0.00433	0.16812
4	0.06758	0.01728	0.05222	0.11387	0.03999	0.05041	0.01366	0.21237	0.11339	0.03057	0.07554	0.05082	0.01876	0.00936	0.00781	0.00224	0.03846	0.00741	0.00572	0.07252
5	0.07779	0.01709	0.05754	0.19164	0.10585	0.05239	0.01562	0.14620	0.01889	0.06332	0.01611	0.06649	0.01339	0.00868	0.00786	0.00224	0.04714	0.00695	0.00481	0.08001
6	0.01819	0.05340	0.05955	0.07688	0.02430	0.03388	0.09463	0.17032	0.04248	0.02772	0.04625	0.02127	0.04901	0.00815	0.00770	0.00200	0.04246	0.00675	0.00501	0.21006
7	0.01869	0.01667	0.02245	0.05205	0.02348	0.06396	0.15867	0.19841	0.05542	0.02832	0.02325	0.09628	0.06725	0.01048	0.00889	0.00238	0.06292	0.00905	0.07204	0.00934

[dist]
# distance from previous block
# <min> <max>
32	74

[block]
# block no. 2 follows, 28 sequences, length 8
# corresponding to MSA columns:
# 371-378
name=unknown_C
#
# <colnr> <probs for GDERKNQSTAVLIFYWHMCP>
#	G	D	E	R	K	N	Q	S	T	A	V	L	I	F	Y	W	H	M	C	P
0	0.01586	0.01596	0.02341	0.21955	0.10647	0.08537	0.12295	0.02074	0.05036	0.02152	0.08614	0.02600	0.01890	0.01178	0.05043	0.00298	0.06925	0.03937	0.00431	0.00866
1	0.01622	0.01467	0.02287	0.47866	0.16657	0.01713	0.01934	0.08628	0.06376	0.02309	0.01468	0.01947	0.01117	0.00745	0.00726	0.00235	0.00905	0.00659	0.00399	0.00939
2	0.09240	0.01156	0.01226	0.01266	0.05316	0.04109	0.00890	0.08403	0.05253	0.02344	0.03590	0.09455	0.18890	0.16346	0.01384	0.00345	0.00622	0.08848	0.00581	0.00735
3	0.02024	0.06547	0.13659	0.01713	0.05289	0.16418	0.01486	0.15422	0.01981	0.02646	0.01521	0.01767	0.01195	0.00828	0.00823	0.00211	0.08611	0.00582	0.16334	0.00943
4	0.10544	0.01876	0.02023	0.01614	0.02111	0.05720	0.03563	0.36223	0.10361	0.10446	0.01822	0.01845	0.01319	0.00882	0.00825	0.00230	0.06174	0.00650	0.00655	0.01117
5	0.01104	0.00856	0.01018	0.01027	0.01240	0.00799	0.00786	0.01444	0.06257	0.02082	0.06837	0.16752	0.20674	0.11007	0.01226	0.00319	0.00523	0.16658	0.00628	0.08762
6	0.06185	0.08472	0.04508	0.01285	0.01653	0.05158	0.01056	0.12277	0.05373	0.12179	0.02150	0.09862	0.01941	0.11655	0.12600	0.00442	0.00919	0.00841	0.00562	0.00880
7	0.02088	0.01956	0.05545	0.01904	0.05456	0.10827	0.12074	0.14911	0.08084	0.08653	0.04737	0.02211	0.04435	0.00862	0.00821	0.00218	0.04845	0.00720	0.00549	0.09105

[dist]
# distance from previous block
# <min> <max>
9	52

[block]
# block no. 3 follows, 28 sequences, length 14
# corresponding to MSA columns:
# 432-445
name=unknown_D
#
# <colnr> <probs for GDERKNQSTAVLIFYWHMCP>
#	G	D	E	R	K	N	Q	S	T	A	V	L	I	F	Y	W	H	M	C	P
0	0.06713	0.06480	0.01620	0.01296	0.03512	0.01421	0.00993	0.08657	0.17458	0.05847	0.07842	0.05767	0.05056	0.05484	0.05170	0.00293	0.00671	0.00806	0.00594	0.14318
1	0.09478	0.01679	0.06809	0.11537	0.06163	0.04628	0.01401	0.06581	0.08566	0.08479	0.01894	0.02079	0.04931	0.00863	0.00869	0.00221	0.09318	0.00645	0.00495	0.13364
2	0.03987	0.01420	0.07512	0.11353	0.04379	0.04196	0.01247	0.06419	0.04478	0.04874	0.06088	0.20977	0.04835	0.01285	0.00769	0.00240	0.00670	0.04960	0.02906	0.07403
3	0.01930	0.01656	0.02143	0.02437	0.24780	0.07435	0.01501	0.06706	0.01722	0.08455	0.01507	0.01817	0.01218	0.01023	0.04870	0.00256	0.09420	0.00601	0.02954	0.17570
4	0.01774	0.09843	0.01562	0.01138	0.01491	0.01315	0.00906	0.05108	0.16572	0.13001	0.08355	0.10923	0.04776	0.04266	0.00825	0.00238	0.00539	0.00929	0.12649	0.03789
5	0.01057	0.00800	0.01041	0.01030	0.01128	0.00873	0.00752	0.01216	0.01227	0.01664	0.02932	0.04305	0.12695	0.27466	0.30391	0.00779	0.05614	0.03987	0.00460	0.00584
6	0.01794	0.25967	0.23195	0.01963	0.05389	0.05624	0.08813	0.05077	0.01590	0.02114	0.01191	0.01479	0.00973	0.00751	0.00876	0.00217	0.11125	0.00544	0.00340	0.00978
7	0.02547	0.01937	0.02145	0.01664	0.02180	0.02172	0.01374	0.55652	0.03027	0.04109	0.01623	0.01712	0.01193	0.00899	0.00912	0.00223	0.09360	0.00638	0.00660	0.05970
8	0.01389	0.01143	0.01733	0.24568	0.10322	0.01268	0.03275	0.03858	0.04449	0.02276	0.06821	0.03148	0.04816	0.01514	0.09137	0.00345	0.00871	0.06134	0.12121	0.00813
9	0.01104	0.00816	0.00985	0.01045	0.01185	0.00792	0.00739	0.08901	0.01675	0.02196	0.04286	0.54483	0.14961	0.02040	0.00893	0.00278	0.00458	0.01812	0.00681	0.00671
10	0.09042	0.07611	0.16904	0.01620	0.02294	0.01822	0.04401	0.22042	0.06912	0.13419	0.01750	0.01782	0.01246	0.00779	0.00672	0.00215	0.00797	0.00606	0.00576	0.05509
11	0.04982	0.07588	0.15616	0.02773	0.27699	0.03653	0.08933	0.02220	0.01654	0.06168	0.05818	0.02143	0.03718	0.00904	0.02844	0.00248	0.00907	0.00693	0.00420	0.01021
12	0.02675	0.01950	0.02100	0.01635	0.02197	0.02155	0.01343	0.57690	0.10745	0.07083	0.01928	0.01884	0.01370	0.00887	0.00729	0.00222	0.00767	0.00677	0.00736	0.01227
13	0.18259	0.01949	0.02437	0.04525	0.14464	0.13890	0.14755	0.05526	0.01755	0.10514	0.01447	0.01691	0.01095	0.00733	0.00752	0.00225	0.03933	0.00616	0.00460	0.00976

[dist]
# distance from previous block
# <min> <max>
0	8

[block]
# block no. 4 follows, 28 sequences, length 21
# corresponding to MSA columns:
# 456-476
name=unknown_E
#
# <colnr> <probs for GDERKNQSTAVLIFYWHMCP>
#	G	D	E	R	K	N	Q	S	T	A	V	L	I	F	Y	W	H	M	C	P
0	0.08467	0.20165	0.14896	0.09741	0.06471	0.12714	0.03238	0.02333	0.05751	0.02149	0.01481	0.02029	0.01266	0.00799	0.00646	0.00215	0.00912	0.05409	0.00391	0.00926
1	0.02171	0.06500	0.01952	0.01696	0.07204	0.17957	0.01249	0.19126	0.08361	0.04924	0.05388	0.02275	0.05063	0.00914	0.00745	0.00210	0.03450	0.00691	0.09151	0.00974
2	0.02431	0.01867	0.01895	0.01549	0.02038	0.07558	0.01243	0.36435	0.18626	0.09506	0.02382	0.04912	0.04250	0.00982	0.00737	0.00227	0.00741	0.00773	0.00712	0.01136
3	0.11374	0.13658	0.05662	0.01716	0.04536	0.23038	0.01400	0.14157	0.05981	0.02565	0.01315	0.01493	0.01058	0.00804	0.00800	0.00212	0.08295	0.00529	0.00449	0.00957
4	0.01889	0.66325	0.06966	0.01273	0.01919	0.02687	0.01289	0.02159	0.01482	0.01785	0.01044	0.01208	0.00942	0.00620	0.00482	0.00156	0.00776	0.00399	0.00319	0.06280
5	0.01841	0.02001	0.02078	0.01926	0.07192	0.23939	0.10487	0.02202	0.06666	0.01922	0.01755	0.07279	0.01700	0.16430	0.01539	0.00332	0.08665	0.00815	0.00429	0.00802
6	0.01004	0.00690	0.00843	0.00894	0.00919	0.00689	0.00555	0.01066	0.01168	0.01570	0.02777	0.25501	0.03221	0.46260	0.09139	0.00624	0.00734	0.01336	0.00507	0.00505
7	0.01537	0.01336	0.01654	0.01422	0.08673	0.01046	0.01001	0.01871	0.01522	0.02369	0.01300	0.01537	0.01084	0.00549	0.00557	0.00119	0.00571	0.00453	0.00423	0.70974
8	0.01373	0.01292	0.02180	0.72707	0.05006	0.01615	0.02019	0.01857	0.01453	0.01857	0.01292	0.01938	0.00969	0.00727	0.00727	0.00242	0.00969	0.00646	0.00323	0.00807
9	0.00867	0.00737	0.00748	0.00745	0.00987	0.00617	0.00559	0.01059	0.01676	0.02009	0.10330	0.06921	0.66630	0.01824	0.00859	0.00245	0.00367	0.01524	0.00681	0.00617
10	0.02374	0.14348	0.02319	0.01549	0.02093	0.02244	0.01298	0.39754	0.20084	0.03689	0.01936	0.01898	0.01441	0.00859	0.00686	0.00215	0.00737	0.00653	0.00659	0.01162
11	0.01809	0.01025	0.01316	0.01067	0.01471	0.00869	0.00843	0.02129	0.01928	0.22795	0.32913	0.03585	0.03930	0.01078	0.00741	0.00198	0.00473	0.00923	0.00738	0.20168
12	0.01789	0.15818	0.44032	0.01823	0.02685	0.06747	0.02122	0.04848	0.05819	0.05699	0.01438	0.01583	0.01060	0.00718	0.00655	0.00214	0.00975	0.00538	0.00384	0.01052
13	0.01723	0.01433	0.01556	0.01404	0.01777	0.01619	0.01102	0.07722	0.50556	0.03075	0.12367	0.03372	0.02931	0.01113	0.00772	0.00248	0.00564	0.04864	0.00743	0.01061
14	0.00886	0.00633	0.00843	0.01012	0.01054	0.00590	0.00675	0.01012	0.01392	0.01856	0.04006	0.73979	0.04808	0.02277	0.00928	0.00295	0.00422	0.02066	0.00675	0.00590
15	0.01806	0.01672	0.02238	0.02380	0.20342	0.11048	0.10755	0.06580	0.01949	0.06612	0.17569	0.05551	0.06295	0.01004	0.00778	0.00224	0.00795	0.00911	0.00550	0.00939
16	0.06108	0.21978	0.11383	0.05587	0.09091	0.11917	0.08491	0.06023	0.01764	0.09166	0.01391	0.01583	0.01070	0.00700	0.00641	0.00203	0.00930	0.00556	0.00421	0.00998
17	0.00868	0.00737	0.00749	0.00746	0.00987	0.00618	0.00559	0.01061	0.01678	0.02015	0.10713	0.06911	0.66243	0.01822	0.00859	0.00245	0.00367	0.01522	0.00682	0.00618
18	0.00967	0.00746	0.00900	0.00981	0.01159	0.00680	0.00769	0.01193	0.01629	0.02053	0.08750	0.20566	0.33943	0.01960	0.00916	0.00281	0.00468	0.20727	0.00680	0.00629
19	0.01741	0.27724	0.17299	0.01789	0.02427	0.09560	0.13989	0.02170	0.01636	0.02060	0.06570	0.06720	0.01677	0.00827	0.00669	0.00207	0.00925	0.00702	0.00390	0.00920
20	0.25162	0.14004	0.05572	0.01708	0.07869	0.27255	0.01313	0.02404	0.01624	0.02282	0.01137	0.01368	0.00946	0.00891	0.03528	0.00239	0.00979	0.00466	0.00383	0.00871

[dist]
# distance from previous block
# <min> <max>
0	1

[block]
# block no. 5 follows, 28 sequences, length 45
# corresponding to MSA columns:
# 479-523
name=unknown_F
#
# <colnr> <probs for GDERKNQSTAVLIFYWHMCP>
#	G	D	E	R	K	N	Q	S	T	A	V	L	I	F	Y	W	H	M	C	P
0	0.04446	0.03859	0.04091	0.07555	0.13910	0.01377	0.03712	0.04326	0.09638	0.04811	0.03312	0.06976	0.16926	0.01225	0.00834	0.00249	0.02986	0.08326	0.00553	0.00889
1	0.01174	0.00871	0.01167	0.01118	0.01201	0.01028	0.00839	0.01365	0.01184	0.01776	0.01941	0.03114	0.01897	0.21392	0.33607	0.00776	0.12404	0.00812	0.11712	0.00624
2	0.01933	0.02095	0.11204	0.10428	0.28309	0.04918	0.09493	0.15530	0.01986	0.02710	0.01417	0.01760	0.01100	0.00727	0.00784	0.00226	0.03225	0.00651	0.00424	0.01078
3	0.04448	0.01556	0.02036	0.01674	0.06835	0.01447	0.08232	0.14351	0.07224	0.05322	0.01581	0.01740	0.01222	0.00669	0.00641	0.00170	0.00690	0.00574	0.00516	0.39073
4	0.01468	0.04412	0.01978	0.01621	0.01729	0.04365	0.05704	0.01642	0.01201	0.01708	0.01416	0.02431	0.01438	0.17276	0.11797	0.00499	0.37493	0.00743	0.00359	0.00720
5	0.01040	0.00773	0.01138	0.01138	0.01258	0.00892	0.00871	0.01279	0.01159	0.01665	0.01974	0.03006	0.01883	0.10926	0.66189	0.01131	0.01848	0.00801	0.00393	0.00632
6	0.04476	0.28898	0.08723	0.01932	0.06901	0.08117	0.12636	0.06215	0.01672	0.02197	0.01239	0.01512	0.01025	0.00706	0.00739	0.00200	0.05999	0.00549	0.02821	0.03443
7	0.02347	0.10752	0.10188	0.01781	0.06933	0.02046	0.01499	0.35544	0.07843	0.08076	0.01778	0.01821	0.01300	0.00816	0.00684	0.00213	0.00784	0.00628	0.03823	0.01146
8	0.01057	0.00749	0.00988	0.00974	0.01136	0.00779	0.00746	0.01339	0.01509	0.02180	0.19592	0.04048	0.12452	0.03297	0.33884	0.00662	0.01096	0.01002	0.11852	0.00657
9	0.01373	0.01120	0.01669	0.03736	0.06509	0.01232	0.07449	0.04405	0.03933	0.02213	0.02364	0.06604	0.06043	0.02300	0.20176	0.00494	0.09083	0.03783	0.14732	0.00781
10	0.00887	0.00737	0.00775	0.00765	0.00999	0.00625	0.00574	0.01097	0.01722	0.02118	0.17464	0.06741	0.59428	0.01783	0.00859	0.00243	0.00364	0.01498	0.00695	0.00625
11	0.00930	0.00739	0.00835	0.00811	0.01026	0.00644	0.00608	0.01181	0.01825	0.02363	0.33449	0.06339	0.43290	0.01692	0.00858	0.00238	0.00358	0.01442	0.00728	0.00644
12	0.01943	0.74891	0.03809	0.01244	0.01866	0.02876	0.01244	0.02177	0.01477	0.01710	0.01011	0.01166	0.00933	0.00622	0.00466	0.00155	0.00777	0.00389	0.00311	0.00933
13	0.01383	0.00732	0.00737	0.00727	0.00912	0.00748	0.00548	0.01828	0.05682	0.02731	0.02408	0.02710	0.01885	0.00856	0.00522	0.00174	0.00353	0.00686	0.73670	0.00707
14	0.01373	0.01292	0.02180	0.72707	0.05006	0.01615	0.02019	0.01857	0.01453	0.01857	0.01292	0.01938	0.00969	0.00727	0.00727	0.00242	0.00969	0.00646	0.00323	0.00807
15	0.01057	0.00705	0.00793	0.00793	0.00793	0.00705	0.00440	0.01057	0.01057	0.01409	0.02290	0.04757	0.02643	0.74454	0.03700	0.00705	0.00705	0.01057	0.00440	0.00440
16	0.01765	0.11389	0.50412	0.01918	0.02853	0.01807	0.04508	0.06441	0.01700	0.08510	0.01445	0.01605	0.01027	0.00710	0.00677	0.00221	0.00988	0.00556	0.00389	0.01080
17	0.01038	0.00779	0.01168	0.01168	0.01298	0.00909	0.00909	0.01298	0.01168	0.01687	0.01947	0.02856	0.01817	0.05452	0.71573	0.01168	0.01947	0.00779	0.00389	0.00649
18	0.01458	0.03760	0.70688	0.02072	0.03146	0.01688	0.02686	0.02302	0.01535	0.02302	0.01304	0.01535	0.00921	0.00691	0.00691	0.00230	0.01074	0.00537	0.00307	0.01074
19	0.01048	0.00742	0.00983	0.00983	0.01049	0.00808	0.00678	0.01179	0.01114	0.01551	0.02116	0.03791	0.02224	0.39415	0.38165	0.00940	0.01336	0.00916	0.00415	0.00546
20	0.01528	0.01601	0.05213	0.05365	0.19026	0.01498	0.26418	0.02065	0.05520	0.02254	0.04206	0.11337	0.03951	0.05498	0.00992	0.00272	0.00899	0.00983	0.00449	0.00926
21	0.74926	0.01395	0.01106	0.00977	0.01433	0.01596	0.00804	0.02223	0.01289	0.07364	0.01125	0.01260	0.00849	0.00689	0.00467	0.00225	0.00566	0.00414	0.00477	0.00815
22	0.79588	0.01406	0.01068	0.00956	0.01406	0.01631	0.00787	0.02137	0.01237	0.03261	0.01012	0.01181	0.00787	0.00675	0.00450	0.00225	0.00562	0.00394	0.00450	0.00787
23	0.01590	0.01590	0.02226	0.01908	0.01908	0.02226	0.01590	0.01749	0.01113	0.01749	0.00954	0.01590	0.00954	0.01272	0.02385	0.00318	0.73123	0.00636	0.00318	0.00795
24	0.00870	0.00737	0.00751	0.00747	0.00988	0.00618	0.00561	0.01064	0.01682	0.02023	0.11217	0.06899	0.65734	0.01819	0.00859	0.00244	0.00367	0.01521	0.00683	0.00618
25	0.16596	0.04331	0.02140	0.02711	0.34505	0.03784	0.01535	0.05024	0.01671	0.05378	0.02023	0.02373	0.07382	0.00834	0.00667	0.00219	0.00727	0.02591	0.04526	0.00984
26	0.09895	0.12534	0.02421	0.01794	0.02251	0.42249	0.08943	0.04952	0.01911	0.02122	0.03737	0.01525	0.01175	0.00741	0.00644	0.00196	0.01102	0.00534	0.00401	0.00874
27	0.03189	0.01353	0.01759	0.01348	0.01913	0.01240	0.01114	0.12813	0.02274	0.60879	0.02705	0.02368	0.01718	0.00896	0.00730	0.00224	0.00645	0.00720	0.00875	0.01237
28	0.00906	0.00702	0.00826	0.00871	0.01030	0.00622	0.00624	0.01106	0.01656	0.02140	0.20135	0.29568	0.33390	0.01911	0.00882	0.00259	0.00381	0.01667	0.00703	0.00622
29	0.02665	0.03381	0.02067	0.01874	0.02232	0.68462	0.01413	0.02851	0.02018	0.01778	0.01116	0.01323	0.00937	0.00772	0.00732	0.00193	0.04496	0.00476	0.00372	0.00841
30	0.00911	0.00731	0.00789	0.00785	0.00985	0.00635	0.00571	0.01104	0.01663	0.02082	0.18242	0.08925	0.49164	0.08839	0.01137	0.00289	0.00398	0.01467	0.00675	0.00609
31	0.02488	0.02143	0.02063	0.01676	0.02107	0.14964	0.01357	0.41532	0.02703	0.03525	0.01558	0.01708	0.01182	0.00906	0.00939	0.00224	0.11347	0.00619	0.05896	0.01061
32	0.02307	0.01844	0.02060	0.08685	0.06943	0.04445	0.01421	0.38499	0.16973	0.03674	0.01936	0.01994	0.01427	0.00862	0.00719	0.00224	0.00774	0.00683	0.03394	0.01137
33	0.01495	0.01463	0.02566	0.44436	0.10419	0.01624	0.13584	0.01970	0.01512	0.02036	0.01319	0.01875	0.01020	0.00700	0.00790	0.00230	0.03506	0.00663	0.00345	0.08449
34	0.04248	0.28889	0.25498	0.08770	0.09773	0.04641	0.01896	0.04678	0.01599	0.02150	0.01204	0.01457	0.00962	0.00673	0.00608	0.00201	0.00916	0.00503	0.00338	0.00994
35	0.04900	0.41080	0.14765	0.01520	0.02210	0.02254	0.05890	0.04764	0.01658	0.12727	0.01408	0.01508	0.01083	0.00687	0.00581	0.00190	0.00826	0.00509	0.00426	0.01013
36	0.00886	0.00665	0.00823	0.00937	0.01038	0.00601	0.00644	0.01039	0.01493	0.01937	0.08226	0.53456	0.21364	0.02126	0.00907	0.00279	0.00404	0.01893	0.00681	0.00601
37	0.01554	0.03552	0.64124	0.02087	0.03121	0.01668	0.05931	0.02360	0.01569	0.05415	0.01384	0.01599	0.00970	0.00696	0.00701	0.00231	0.01061	0.00562	0.00337	0.01077
38	0.02184	0.02020	0.06647	0.01878	0.07761	0.12443	0.03915	0.22786	0.07707	0.07066	0.04224	0.04284	0.01597	0.01147	0.03064	0.05127	0.03867	0.00714	0.00560	0.01008
39	0.01490	0.03045	0.49050	0.04859	0.10290	0.01703	0.04445	0.02178	0.01494	0.02214	0.01318	0.01664	0.01002	0.00982	0.04495	0.00286	0.07558	0.00584	0.00320	0.01023
40	0.01018	0.00688	0.00804	0.00843	0.00853	0.00678	0.00494	0.01047	0.01134	0.01512	0.02686	0.20720	0.03142	0.57809	0.03061	0.00610	0.00639	0.01290	0.00494	0.00475
41	0.00873	0.00714	0.00760	0.00794	0.00988	0.00613	0.00572	0.01038	0.01577	0.01918	0.06465	0.20365	0.53645	0.05124	0.00998	0.00276	0.00394	0.01620	0.00665	0.00601
42	0.01702	0.08866	0.02807	0.10338	0.05137	0.06418	0.14869	0.02009	0.01388	0.01899	0.01128	0.01654	0.00990	0.00958	0.01532	0.00267	0.36192	0.00648	0.00333	0.00863
43	0.02092	0.05673	0.11733	0.03009	0.33037	0.20281	0.01926	0.05396	0.03629	0.04454	0.01386	0.01650	0.01107	0.00706	0.00689	0.00209	0.00988	0.00581	0.00398	0.01056
44	0.04752	0.05220	0.04913	0.21916	0.08282	0.01504	0.01436	0.10600	0.04785	0.02569	0.13944	0.02886	0.07072	0.01275	0.05527	0.00292	0.00811	0.00817	0.00516	0.00880

[dist]
# distance from previous block
# <min> <max>
0	12

[block]
# block no. 6 follows, 28 sequences, length 64
# corresponding to MSA columns:
# 536-599
name=unknown_G
#
# <colnr> <probs for GDERKNQSTAVLIFYWHMCP>
#	G	D	E	R	K	N	Q	S	T	A	V	L	I	F	Y	W	H	M	C	P
0	0.09740	0.01729	0.01864	0.14348	0.04705	0.12276	0.03192	0.08722	0.06364	0.06966	0.01827	0.02036	0.04601	0.00836	0.00780	0.00214	0.05624	0.00637	0.03205	0.10332
1	0.13958	0.02335	0.12899	0.02297	0.16969	0.14388	0.04792	0.11310	0.06714	0.02737	0.01427	0.01630	0.01104	0.00726	0.00664	0.00214	0.00907	0.00574	0.00448	0.03907
2	0.01437	0.01345	0.05040	0.18470	0.12706	0.01333	0.05989	0.08078	0.01693	0.02279	0.02373	0.21583	0.02416	0.01440	0.03437	0.00294	0.00819	0.07917	0.00502	0.00847
3	0.01577	0.01330	0.01647	0.04716	0.05478	0.01106	0.01026	0.01956	0.03415	0.04286	0.01377	0.01608	0.01125	0.00599	0.00627	0.00134	0.02883	0.00479	0.00440	0.64191
4	0.01785	0.01388	0.01490	0.01223	0.01703	0.03506	0.00963	0.04941	0.24966	0.08007	0.02403	0.02386	0.04882	0.00834	0.00646	0.00184	0.00563	0.00677	0.08421	0.29031
5	0.00886	0.00633	0.00843	0.01012	0.01054	0.00590	0.00675	0.01012	0.01392	0.01856	0.04006	0.73979	0.04808	0.02277	0.00928	0.00295	0.00422	0.02066	0.00675	0.00590
6	0.00926	0.00676	0.00878	0.01002	0.01094	0.00628	0.00711	0.01104	0.01523	0.02017	0.11670	0.52535	0.12148	0.02115	0.00920	0.00286	0.00431	0.08038	0.00688	0.00611
7	0.00908	0.00738	0.00805	0.00788	0.01012	0.00635	0.00591	0.01138	0.01773	0.02240	0.25396	0.06541	0.51420	0.01738	0.00859	0.00241	0.00361	0.01470	0.00711	0.00635
8	0.01030	0.00709	0.00785	0.00785	0.00818	0.00692	0.00456	0.01055	0.01138	0.01485	0.02979	0.05061	0.11734	0.64598	0.03314	0.00642	0.00659	0.01122	0.00472	0.00464
9	0.01545	0.01524	0.02139	0.01848	0.01858	0.02118	0.01534	0.01712	0.01118	0.01744	0.01036	0.01694	0.01025	0.01616	0.08074	0.00388	0.67271	0.00648	0.00324	0.00783
10	0.01355	0.00678	0.00678	0.00678	0.00847	0.00678	0.00508	0.01694	0.01524	0.02710	0.02371	0.02710	0.01863	0.00847	0.00508	0.00169	0.00339	0.00678	0.78489	0.00678
11	0.01458	0.03760	0.70688	0.02072	0.03146	0.01688	0.02686	0.02302	0.01535	0.02302	0.01304	0.01535	0.00921	0.00691	0.00691	0.00230	0.01074	0.00537	0.00307	0.01074
12	0.01055	0.00712	0.00828	0.00828	0.00839	0.00724	0.00484	0.01079	0.01067	0.01435	0.02259	0.04581	0.02566	0.68077	0.09972	0.00748	0.00820	0.01031	0.00436	0.00460
13	0.02763	0.02036	0.02182	0.01672	0.02254	0.02254	0.01382	0.67496	0.03418	0.04581	0.01745	0.01745	0.01236	0.00873	0.00727	0.00218	0.00800	0.00654	0.00727	0.01236
14	0.02764	0.01849	0.01974	0.01545	0.02085	0.05370	0.01263	0.44620	0.05599	0.18635	0.02038	0.01967	0.01413	0.00876	0.00714	0.00217	0.00755	0.00670	0.04459	0.01187
15	0.01258	0.01125	0.01843	0.01592	0.01779	0.01317	0.11007	0.01537	0.01234	0.01784	0.01682	0.02544	0.01567	0.07134	0.43073	0.00828	0.16831	0.00774	0.00373	0.00720
16	0.01373	0.01292	0.02180	0.72707	0.05006	0.01615	0.02019	0.01857	0.01453	0.01857	0.01292	0.01938	0.00969	0.00727	0.00727	0.00242	0.00969	0.00646	0.00323	0.00807
17	0.69605	0.01488	0.01213	0.01049	0.01516	0.01712	0.00864	0.10630	0.01520	0.03433	0.01107	0.01254	0.00846	0.00700	0.00486	0.00224	0.00593	0.00428	0.00486	0.00846
18	0.01482	0.01265	0.01481	0.01074	0.01696	0.00954	0.00854	0.01797	0.01503	0.02348	0.01402	0.04432	0.01227	0.00609	0.00554	0.00115	0.00534	0.00497	0.00441	0.75737
19	0.01345	0.01158	0.01257	0.01321	0.06526	0.04551	0.00914	0.08805	0.08551	0.02399	0.06945	0.16725	0.31943	0.01571	0.00827	0.00248	0.00537	0.02937	0.00652	0.00788
20	0.00972	0.00712	0.00931	0.01075	0.01186	0.00672	0.00814	0.01173	0.01519	0.01972	0.04443	0.43498	0.14007	0.02129	0.00942	0.00300	0.00492	0.21870	0.00673	0.00619
21	0.03261	0.01237	0.01687	0.01293	0.01856	0.01068	0.01068	0.03543	0.02081	0.70423	0.02868	0.02474	0.01799	0.00900	0.00731	0.00225	0.00619	0.00731	0.00900	0.01237
22	0.02809	0.01962	0.02136	0.01637	0.02217	0.02145	0.01353	0.61586	0.03294	0.10666	0.01849	0.01813	0.01288	0.00875	0.00728	0.00219	0.00783	0.00662	0.00743	0.01236
23	0.01708	0.01635	0.02222	0.01885	0.01943	0.02229	0.01569	0.08341	0.01344	0.02033	0.01034	0.01606	0.00982	0.01232	0.02219	0.00308	0.65872	0.00638	0.00359	0.00839
24	0.00903	0.00640	0.00838	0.00990	0.01028	0.00602	0.00651	0.01017	0.01358	0.01811	0.03834	0.67039	0.04591	0.09514	0.01206	0.00336	0.00450	0.01965	0.00651	0.00575
25	0.01373	0.01292	0.02180	0.72707	0.05006	0.01615	0.02019	0.01857	0.01453	0.01857	0.01292	0.01938	0.00969	0.00727	0.00727	0.00242	0.00969	0.00646	0.00323	0.00807
26	0.02645	0.03317	0.02028	0.01842	0.02220	0.66136	0.01385	0.02977	0.07213	0.01877	0.01266	0.01419	0.01036	0.00767	0.00662	0.00192	0.01254	0.00496	0.00403	0.00867
27	0.01349	0.00778	0.00878	0.00846	0.00995	0.00854	0.00654	0.01663	0.01450	0.02519	0.02190	0.02611	0.01768	0.01315	0.07264	0.00277	0.07785	0.00683	0.63434	0.00687
28	0.01943	0.74891	0.03809	0.01244	0.01866	0.02876	0.01244	0.02177	0.01477	0.01710	0.01011	0.01166	0.00933	0.00622	0.00466	0.00155	0.00777	0.00389	0.00311	0.00933
29	0.01373	0.01292	0.02180	0.72707	0.05006	0.01615	0.02019	0.01857	0.01453	0.01857	0.01292	0.01938	0.00969	0.00727	0.00727	0.00242	0.00969	0.00646	0.00323	0.00807
30	0.01003	0.00768	0.00911	0.00961	0.01167	0.00708	0.00776	0.01258	0.01657	0.02116	0.09847	0.06855	0.37692	0.02013	0.04605	0.00318	0.00545	0.21779	0.04379	0.00641
31	0.00994	0.00728	0.00912	0.01006	0.01116	0.00688	0.00714	0.03548	0.01566	0.02063	0.09526	0.47568	0.14105	0.05341	0.01036	0.00302	0.00455	0.07030	0.00676	0.00625
32	0.02715	0.03464	0.02060	0.01873	0.02247	0.71536	0.01404	0.02903	0.02060	0.01779	0.01124	0.01311	0.00936	0.00749	0.00655	0.00187	0.01311	0.00468	0.00375	0.00843
33	0.01548	0.01433	0.02082	0.01756	0.01941	0.05289	0.10210	0.01799	0.01303	0.04900	0.01487	0.02203	0.01356	0.05907	0.23200	0.00575	0.31123	0.00725	0.00382	0.00781
34	0.05553	0.44322	0.29041	0.01544	0.02329	0.02365	0.01768	0.02222	0.01487	0.02010	0.01122	0.01307	0.00921	0.00651	0.00551	0.00187	0.00879	0.00445	0.00316	0.00979
35	0.02281	0.02821	0.07898	0.04077	0.02470	0.39693	0.07610	0.07860	0.04304	0.02141	0.01298	0.01570	0.01050	0.00948	0.03037	0.00246	0.08817	0.00570	0.00403	0.00905
36	0.01038	0.00779	0.01168	0.01168	0.01298	0.00909	0.00909	0.01298	0.01168	0.01687	0.01947	0.02856	0.01817	0.05452	0.71573	0.01168	0.01947	0.00779	0.00389	0.00649
37	0.01507	0.01292	0.01507	0.01077	0.01723	0.00969	0.00861	0.01830	0.01507	0.02369	0.01292	0.01507	0.01077	0.00538	0.00538	0.00108	0.00538	0.00431	0.00431	0.78898
38	0.01932	0.09569	0.02554	0.09393	0.32931	0.07519	0.01733	0.07307	0.01748	0.06151	0.01526	0.04078	0.01317	0.04651	0.00932	0.00243	0.04308	0.00674	0.00424	0.01011
39	0.00886	0.00633	0.00843	0.01012	0.01054	0.00590	0.00675	0.01012	0.01392	0.01856	0.04006	0.73979	0.04808	0.02277	0.00928	0.00295	0.00422	0.02066	0.00675	0.00590
40	0.01255	0.01032	0.01363	0.01255	0.01284	0.01280	0.00938	0.01372	0.01132	0.01658	0.01843	0.06544	0.01979	0.31176	0.12298	0.00582	0.27192	0.00895	0.04306	0.00617
41	0.01041	0.00769	0.01120	0.01120	0.01234	0.00883	0.00849	0.01267	0.01154	0.01652	0.01991	0.03098	0.01922	0.14248	0.62920	0.01109	0.01789	0.00814	0.00396	0.00622
42	0.01507	0.01292	0.01507	0.01077	0.01723	0.00969	0.00861	0.01830	0.01507	0.02369	0.01292	0.01507	0.01077	0.00538	0.00538	0.00108	0.00538	0.00431	0.00431	0.78898
43	0.01943	0.74891	0.03809	0.01244	0.01866	0.02876	0.01244	0.02177	0.01477	0.01710	0.01011	0.01166	0.00933	0.00622	0.00466	0.00155	0.00777	0.00389	0.00311	0.00933
44	0.00879	0.00737	0.00764	0.00757	0.00994	0.00622	0.00568	0.01082	0.01704	0.02076	0.14687	0.06811	0.62231	0.01799	0.00859	0.00243	0.00365	0.01508	0.00690	0.00622
45	0.00943	0.00682	0.00891	0.00960	0.01064	0.00630	0.00674	0.01160	0.01676	0.02293	0.30911	0.42965	0.08577	0.01935	0.00896	0.00266	0.00387	0.01735	0.00726	0.00630
46	0.00908	0.00738	0.00804	0.00788	0.01012	0.00634	0.00591	0.01138	0.01772	0.02237	0.25225	0.06546	0.51593	0.01739	0.00859	0.00241	0.00361	0.01471	0.00711	0.00634
47	0.00904	0.00647	0.00860	0.00999	0.01058	0.00603	0.00676	0.01059	0.01478	0.01994	0.12547	0.65045	0.05075	0.02174	0.00919	0.00287	0.00411	0.01968	0.00691	0.00603
48	0.01817	0.48698	0.21350	0.03986	0.04692	0.04762	0.01691	0.02225	0.01517	0.01897	0.01114	0.01316	0.00939	0.00649	0.00550	0.00181	0.00883	0.00448	0.00314	0.00971
49	0.79588	0.01406	0.01068	0.00956	0.01406	0.01631	0.00787	0.02137	0.01237	0.03261	0.01012	0.01181	0.00787	0.00675	0.00450	0.00225	0.00562	0.00394	0.00450	0.00787
50	0.79588	0.01406	0.01068	0.00956	0.01406	0.01631	0.00787	0.02137	0.01237	0.03261	0.01012	0.01181	0.00787	0.00675	0.00450	0.00225	0.00562	0.00394	0.00450	0.00787
51	0.01043	0.00762	0.01082	0.01082	0.01181	0.00862	0.00801	0.01242	0.01143	0.01623	0.02026	0.03294	0.02008	0.21377	0.55908	0.01061	0.01660	0.00843	0.00401	0.00601
52	0.01770	0.01901	0.08738	0.04258	0.64215	0.01724	0.02270	0.02237	0.01645	0.02369	0.01362	0.01776	0.01132	0.00651	0.00717	0.00217	0.00882	0.00638	0.00355	0.01145
53	0.09040	0.01669	0.01993	0.01665	0.05464	0.01748	0.03586	0.29988	0.09708	0.24401	0.02133	0.02038	0.01470	0.00856	0.00711	0.00225	0.00719	0.00682	0.00728	0.01177
54	0.01053	0.00710	0.00817	0.00809	0.00833	0.00702	0.00474	0.01100	0.01193	0.01614	0.11418	0.04848	0.03215	0.64550	0.03314	0.00640	0.00656	0.01092	0.00489	0.00474
55	0.01035	0.00721	0.00855	0.00855	0.00901	0.00733	0.00535	0.01099	0.01133	0.01511	0.02697	0.04621	0.08684	0.55321	0.15657	0.00746	0.00897	0.01051	0.00453	0.00494
56	0.01855	0.52337	0.21505	0.01485	0.02225	0.02529	0.01634	0.05479	0.01589	0.02011	0.01125	0.01293	0.00945	0.00653	0.00539	0.00178	0.00857	0.00441	0.00331	0.00986
57	0.01883	0.01738	0.04485	0.07814	0.35818	0.08893	0.01775	0.04188	0.01712	0.08530	0.01737	0.05374	0.01496	0.01292	0.07836	0.00319	0.00983	0.02668	0.00445	0.01013
58	0.01218	0.01004	0.01033	0.01014	0.01091	0.07868	0.00678	0.01315	0.01191	0.01530	0.02070	0.03840	0.02223	0.46313	0.23806	0.00792	0.01139	0.00914	0.00418	0.00544
59	0.01864	0.01521	0.01787	0.01309	0.01940	0.01356	0.03212	0.20125	0.02046	0.02983	0.01424	0.01589	0.01122	0.00634	0.00602	0.00143	0.00634	0.00507	0.00511	0.54692
60	0.11372	0.04545	0.20180	0.01761	0.02343	0.10090	0.04933	0.16745	0.04174	0.02786	0.01489	0.05026	0.01219	0.00883	0.00876	0.00234	0.09250	0.00643	0.00462	0.00987
61	0.01213	0.01015	0.01549	0.13047	0.09309	0.01073	0.04278	0.03729	0.01475	0.01985	0.02802	0.39292	0.03137	0.08352	0.01178	0.00312	0.03569	0.01426	0.00535	0.00722
62	0.01355	0.00678	0.00678	0.00678	0.00847	0.00678	0.00508	0.01694	0.01524	0.02710	0.02371	0.02710	0.01863	0.00847	0.00508	0.00169	0.00339	0.00678	0.78489	0.00678
63	0.01294	0.01346	0.06814	0.01370	0.01614	0.07542	0.07090	0.01550	0.01298	0.01722	0.01877	0.03079	0.01840	0.24229	0.33275	0.00785	0.01393	0.00819	0.00394	0.00670

[dist]
# distance from previous block
# <min> <max>
0	1

[block]
# block no. 7 follows, 28 sequences, length 8
# corresponding to MSA columns:
# 601-608
name=unknown_H
#
# <colnr> <probs for GDERKNQSTAVLIFYWHMCP>
#	G	D	E	R	K	N	Q	S	T	A	V	L	I	F	Y	W	H	M	C	P
0	0.19273	0.01228	0.01657	0.24532	0.05361	0.01381	0.05003	0.01867	0.01444	0.02415	0.01876	0.02244	0.06118	0.00824	0.00699	0.00221	0.03680	0.00661	0.15374	0.04143
1	0.02120	0.02011	0.02213	0.16141	0.02774	0.20496	0.08686	0.09002	0.01864	0.08666	0.01505	0.01820	0.01154	0.00837	0.00933	0.00228	0.10962	0.00632	0.07051	0.00907
2	0.01038	0.00779	0.01168	0.01168	0.01298	0.00909	0.00909	0.01298	0.01168	0.01687	0.01947	0.02856	0.01817	0.05452	0.71573	0.01168	0.01947	0.00779	0.00389	0.00649
3	0.01056	0.00818	0.00971	0.00920	0.01134	0.00772	0.00694	0.01517	0.08204	0.02671	0.46539	0.05596	0.23322	0.01535	0.00847	0.00235	0.00372	0.01327	0.00761	0.00710
4	0.42646	0.01540	0.06479	0.09060	0.08363	0.01542	0.01207	0.05039	0.01494	0.06791	0.01371	0.01598	0.01036	0.00718	0.00556	0.00220	0.00663	0.00514	0.08283	0.00879
5	0.01171	0.00837	0.01171	0.01339	0.01506	0.00837	0.01171	0.01506	0.01673	0.02175	0.03849	0.08199	0.04183	0.02008	0.01004	0.00335	0.00669	0.65027	0.00669	0.00669
6	0.02082	0.50981	0.03427	0.01674	0.05804	0.17164	0.05768	0.02342	0.01625	0.01803	0.01085	0.01285	0.00957	0.00649	0.00546	0.00171	0.00924	0.00451	0.00331	0.00929
7	0.02763	0.02036	0.02182	0.01672	0.02254	0.02254	0.01382	0.67496	0.03418	0.04581	0.01745	0.01745	0.01236	0.00873	0.00727	0.00218	0.00800	0.00654	0.00727	0.01236

[dist]
# distance from previous block
# <min> <max>
2	6

[block]
# block no. 8 follows, 28 sequences, length 33
# corresponding to MSA columns:
# 615-625,638-659
name=unknown_I
#
# <colnr> <probs for GDERKNQSTAVLIFYWHMCP>
#	G	D	E	R	K	N	Q	S	T	A	V	L	I	F	Y	W	H	M	C	P
0	0.01463	0.01104	0.01481	0.16713	0.02100	0.01349	0.01165	0.04515	0.01469	0.02314	0.01733	0.02226	0.01411	0.01144	0.04358	0.00271	0.18915	0.00664	0.34847	0.00758
1	0.05289	0.13270	0.58284	0.01906	0.02889	0.01846	0.02399	0.02277	0.01513	0.02268	0.01251	0.01468	0.00916	0.00681	0.00649	0.00220	0.01009	0.00510	0.00314	0.01041
2	0.01770	0.01721	0.05427	0.02210	0.08516	0.04502	0.23889	0.09916	0.07620	0.05807	0.05728	0.10779	0.06693	0.01021	0.00807	0.00240	0.00861	0.00985	0.00542	0.00966
3	0.01568	0.03335	0.55390	0.02353	0.08638	0.01731	0.09258	0.05063	0.01643	0.02407	0.01345	0.01609	0.00972	0.00687	0.00712	0.00230	0.01061	0.00584	0.00335	0.01078
4	0.01031	0.00737	0.01011	0.01179	0.01285	0.00716	0.00928	0.01264	0.01535	0.02019	0.03926	0.40451	0.04489	0.02140	0.00967	0.00315	0.00548	0.34157	0.00672	0.00631
5	0.02113	0.29530	0.22203	0.01574	0.02280	0.02124	0.01659	0.10679	0.01823	0.13789	0.01496	0.01584	0.01114	0.00751	0.00700	0.00204	0.04324	0.00534	0.00462	0.01056
6	0.01513	0.01618	0.08111	0.27815	0.32967	0.01549	0.01998	0.01971	0.01580	0.02172	0.04571	0.05242	0.04126	0.00830	0.00740	0.00231	0.00858	0.00761	0.00387	0.00960
7	0.01057	0.00705	0.00793	0.00793	0.00793	0.00705	0.00440	0.01057	0.01057	0.01409	0.02290	0.04757	0.02643	0.74454	0.03700	0.00705	0.00705	0.01057	0.00440	0.00440
8	0.01459	0.01380	0.02336	0.58877	0.18161	0.01638	0.02062	0.01933	0.01494	0.01962	0.01307	0.01910	0.01006	0.00711	0.00725	0.00237	0.00948	0.00646	0.00330	0.00877
9	0.01718	0.01596	0.02669	0.21098	0.26334	0.01690	0.12625	0.10724	0.01821	0.02471	0.01730	0.02157	0.04385	0.01008	0.04573	0.00281	0.00977	0.00732	0.00417	0.00993
10	0.01855	0.53135	0.21003	0.01487	0.02215	0.05819	0.01624	0.02243	0.01519	0.01866	0.01092	0.01268	0.00930	0.00646	0.00533	0.00176	0.00879	0.00431	0.00313	0.00965
11	0.02581	0.01930	0.02156	0.04277	0.05453	0.02127	0.01408	0.58768	0.03197	0.04297	0.05154	0.01942	0.01508	0.00888	0.00733	0.00219	0.00786	0.00687	0.00699	0.01189
12	0.01742	0.01669	0.02847	0.13591	0.61236	0.01712	0.02202	0.02181	0.01628	0.02306	0.01357	0.01818	0.01127	0.00658	0.00721	0.00219	0.00878	0.00647	0.00355	0.01105
13	0.01681	0.01549	0.02487	0.26020	0.37509	0.01682	0.01993	0.05419	0.06543	0.02356	0.01591	0.02202	0.01314	0.00771	0.00737	0.00232	0.00865	0.03619	0.00408	0.01022
14	0.01034	0.00782	0.00898	0.00890	0.01065	0.00726	0.00647	0.03965	0.01701	0.02211	0.20736	0.13032	0.30095	0.13947	0.01344	0.00327	0.00459	0.04844	0.00668	0.00629
15	0.01527	0.00998	0.01221	0.01132	0.01399	0.00988	0.00877	0.07470	0.09632	0.11424	0.26464	0.16597	0.08969	0.01506	0.00841	0.00251	0.00486	0.06625	0.00759	0.00834
16	0.02117	0.01663	0.01779	0.01518	0.01979	0.01882	0.01204	0.19615	0.49167	0.06751	0.02653	0.02461	0.01955	0.00954	0.00736	0.00238	0.00633	0.00776	0.00744	0.01176
17	0.01426	0.01347	0.02277	0.64155	0.13141	0.01629	0.02045	0.01904	0.01479	0.01922	0.01301	0.01921	0.00992	0.00717	0.00726	0.00239	0.00956	0.00646	0.00328	0.00851
18	0.05625	0.02354	0.02308	0.01866	0.02372	0.28472	0.12361	0.11876	0.07005	0.16020	0.01743	0.01807	0.01264	0.00787	0.00712	0.00215	0.01006	0.00634	0.00556	0.01018
19	0.02724	0.03217	0.02081	0.01838	0.02248	0.59514	0.01401	0.14111	0.02296	0.02265	0.01231	0.01386	0.00988	0.00771	0.00668	0.00193	0.01222	0.00500	0.00436	0.00911
20	0.02763	0.02036	0.02182	0.01672	0.02254	0.02254	0.01382	0.67496	0.03418	0.04581	0.01745	0.01745	0.01236	0.00873	0.00727	0.00218	0.00800	0.00654	0.00727	0.01236
21	0.01153	0.00916	0.01253	0.03602	0.01447	0.00934	0.05571	0.01595	0.11507	0.02000	0.06133	0.34199	0.03543	0.20842	0.01613	0.00387	0.00593	0.01443	0.00594	0.00676
22	0.01635	0.06440	0.02559	0.17958	0.04641	0.01890	0.12806	0.07770	0.01568	0.02155	0.01415	0.02128	0.01229	0.01295	0.06653	0.00332	0.22588	0.03680	0.00387	0.00870
23	0.01596	0.01397	0.01989	0.10175	0.26828	0.01454	0.01498	0.09500	0.09150	0.02613	0.09619	0.03324	0.15704	0.01045	0.00766	0.00230	0.00684	0.00914	0.00547	0.00968
24	0.00941	0.00656	0.00827	0.00942	0.00970	0.00627	0.00600	0.01027	0.01284	0.01713	0.03456	0.51789	0.04114	0.25415	0.01816	0.00426	0.00512	0.01743	0.00600	0.00542
25	0.04589	0.01696	0.02395	0.01984	0.05807	0.04948	0.17910	0.10861	0.18727	0.14598	0.02357	0.05280	0.03615	0.00902	0.00764	0.00236	0.00812	0.00827	0.00622	0.01068
26	0.02247	0.01984	0.07085	0.02040	0.12548	0.05085	0.01507	0.39158	0.04407	0.03594	0.05290	0.07999	0.01798	0.00971	0.00744	0.00225	0.00792	0.00793	0.00624	0.01109
27	0.08018	0.01265	0.01655	0.01559	0.07407	0.01255	0.05836	0.11406	0.05244	0.05446	0.15149	0.09733	0.09268	0.01192	0.00767	0.00230	0.00606	0.04908	0.00626	0.08430
28	0.11837	0.05025	0.02047	0.07475	0.04669	0.08083	0.01328	0.38380	0.02561	0.03538	0.01532	0.01767	0.01179	0.04281	0.00811	0.00235	0.00819	0.00607	0.00577	0.03249
29	0.02169	0.02116	0.05739	0.05337	0.05337	0.13459	0.09469	0.26565	0.07865	0.03116	0.05152	0.02352	0.04464	0.00905	0.00749	0.00225	0.00900	0.02480	0.00569	0.01032
30	0.01930	0.01990	0.12931	0.05514	0.05713	0.04401	0.01482	0.25705	0.05536	0.03060	0.02145	0.04399	0.06885	0.01118	0.04021	0.00257	0.00840	0.00728	0.00547	0.10797
31	0.11091	0.01934	0.01734	0.03308	0.01963	0.15951	0.01180	0.21139	0.11533	0.03018	0.01979	0.04965	0.04107	0.00934	0.00753	0.00218	0.04159	0.00692	0.04417	0.04925
32	0.07496	0.01482	0.01845	0.12589	0.02360	0.01614	0.05610	0.23021	0.09518	0.03026	0.05475	0.04614	0.04121	0.09242	0.01061	0.00281	0.00741	0.00805	0.00575	0.04522

[dist]
# distance from previous block
# <min> <max>
7	38

[block]
# block no. 9 follows, 28 sequences, length 30
# corresponding to MSA columns:
# 698-727
name=unknown_J
#
# <colnr> <probs for GDERKNQSTAVLIFYWHMCP>
#	G	D	E	R	K	N	Q	S	T	A	V	L	I	F	Y	W	H	M	C	P
0	0.05257	0.01516	0.01689	0.01572	0.06802	0.06456	0.02732	0.20541	0.04900	0.07446	0.08072	0.11818	0.09918	0.01289	0.02778	0.00254	0.00708	0.00970	0.00635	0.04648
1	0.19193	0.05240	0.03658	0.12194	0.04425	0.04852	0.04045	0.23067	0.08485	0.05749	0.01581	0.01729	0.01170	0.00781	0.00657	0.00223	0.00791	0.00600	0.00544	0.01018
2	0.01556	0.04639	0.06886	0.10669	0.08354	0.04472	0.01369	0.08905	0.11023	0.02386	0.03704	0.13779	0.07634	0.01580	0.07582	0.00330	0.02752	0.00965	0.00526	0.00891
3	0.01454	0.10112	0.01550	0.01196	0.01470	0.05352	0.00929	0.07165	0.09261	0.02260	0.07212	0.22477	0.05833	0.06481	0.07391	0.00352	0.00730	0.03744	0.00580	0.04450
4	0.01697	0.04708	0.16804	0.01584	0.04794	0.03341	0.01438	0.11445	0.12443	0.02719	0.03337	0.07549	0.01849	0.00950	0.00695	0.00213	0.00721	0.04176	0.06325	0.13214
5	0.02048	0.02050	0.14948	0.01524	0.02138	0.06037	0.01421	0.17797	0.05440	0.10535	0.04452	0.01951	0.01481	0.01010	0.04009	0.00242	0.02779	0.00618	0.00552	0.18968
6	0.01919	0.01556	0.01934	0.11025	0.07080	0.03454	0.04101	0.18290	0.16663	0.06185	0.07260	0.05413	0.04559	0.00966	0.00743	0.00225	0.00717	0.00821	0.00615	0.06475
