[name]
unknown

[dist]
# distance from previous block
# <min> <max>
2	22

[block]
# block no. 0 follows, 34 sequences, length 20
# corresponding to MSA columns:
# 23-42
name=unknown_A
#
# <colnr> <probs for GDERKNQSTAVLIFYWHMCP>
#	G	D	E	R	K	N	Q	S	T	A	V	L	I	F	Y	W	H	M	C	P
0	0.01824	0.34698	0.10430	0.01346	0.01843	0.20341	0.01249	0.05749	0.07891	0.01904	0.06036	0.01512	0.01303	0.00681	0.00536	0.00167	0.00798	0.00480	0.00373	0.00839
1	0.00852	0.00581	0.00773	0.00889	0.00935	0.00549	0.00607	0.00923	0.01199	0.01585	0.03312	0.55884	0.07118	0.05795	0.01166	0.10577	0.00423	0.05791	0.00548	0.00492
2	0.01540	0.45334	0.34088	0.01426	0.02154	0.02097	0.01663	0.01983	0.01335	0.01749	0.01012	0.01179	0.00825	0.00579	0.00501	0.00167	0.00806	0.00403	0.00275	0.00884
3	0.00787	0.00562	0.00750	0.00900	0.00937	0.00525	0.00600	0.00900	0.01237	0.01649	0.03561	0.76871	0.04274	0.02024	0.00825	0.00262	0.00375	0.01837	0.00600	0.00525
4	0.01299	0.01106	0.01297	0.00953	0.01488	0.00837	0.00753	0.01574	0.01332	0.02072	0.01325	0.06862	0.01200	0.00592	0.00504	0.00108	0.00471	0.00489	0.00399	0.75340
5	0.01235	0.01282	0.07805	0.04198	0.01686	0.03688	0.06907	0.01984	0.19837	0.02405	0.33070	0.03463	0.07653	0.01046	0.00711	0.00209	0.00536	0.00921	0.00589	0.00774
6	0.01445	0.01093	0.01206	0.01073	0.01384	0.01158	0.00835	0.07376	0.32438	0.07843	0.18195	0.03628	0.17401	0.01114	0.00700	0.00212	0.00447	0.00937	0.00667	0.00848
7	0.07808	0.01469	0.01887	0.04467	0.19159	0.03478	0.03627	0.14087	0.14489	0.14039	0.01707	0.01769	0.01258	0.00697	0.00618	0.00192	0.00659	0.00586	0.00523	0.07479
8	0.01588	0.17634	0.46767	0.01712	0.04744	0.08817	0.01933	0.02136	0.01430	0.05896	0.01172	0.01335	0.00872	0.00616	0.00575	0.00187	0.00895	0.00459	0.00310	0.00921
9	0.00813	0.00634	0.00738	0.00758	0.00915	0.00559	0.00551	0.01005	0.01520	0.01967	0.25048	0.22546	0.37363	0.01637	0.00778	0.00224	0.00332	0.01419	0.00632	0.00559
10	0.02244	0.08193	0.01934	0.01495	0.01921	0.29280	0.01193	0.28886	0.13716	0.02712	0.01468	0.01506	0.01120	0.00733	0.00606	0.00183	0.00847	0.00525	0.00501	0.00934
11	0.01256	0.01176	0.01928	0.63213	0.10113	0.01421	0.01726	0.01741	0.04793	0.01746	0.01420	0.01907	0.03512	0.00687	0.00650	0.00214	0.00817	0.00610	0.00319	0.00753
12	0.04185	0.46098	0.22292	0.01332	0.01974	0.06156	0.01440	0.02077	0.01383	0.06289	0.01080	0.01207	0.00871	0.00593	0.00493	0.00164	0.00774	0.00405	0.00316	0.00872
13	0.00794	0.00568	0.00756	0.00895	0.00939	0.00530	0.00600	0.00917	0.01270	0.01701	0.07391	0.72892	0.04374	0.01985	0.00821	0.00259	0.00371	0.01800	0.00606	0.00530
14	0.00930	0.00630	0.00714	0.00710	0.00731	0.00622	0.00411	0.00959	0.01026	0.01370	0.07339	0.04356	0.05625	0.68595	0.02999	0.00579	0.00591	0.00974	0.00423	0.00414
15	0.06320	0.01346	0.04051	0.01211	0.01669	0.01292	0.01007	0.16654	0.14280	0.30914	0.04113	0.02155	0.01622	0.05012	0.00776	0.00220	0.00581	0.00644	0.00656	0.05476
16	0.04040	0.20882	0.18208	0.01691	0.09959	0.04274	0.01481	0.14055	0.09345	0.07995	0.01424	0.01505	0.01075	0.00666	0.00573	0.00185	0.00742	0.00509	0.00431	0.00961
17	0.03519	0.06161	0.26100	0.01506	0.02047	0.03909	0.09355	0.01969	0.04866	0.09605	0.04695	0.06774	0.01607	0.06698	0.08062	0.00317	0.00874	0.00698	0.00415	0.00824
18	0.01311	0.00984	0.04656	0.00964	0.01256	0.00860	0.00792	0.04208	0.10717	0.12231	0.30156	0.06627	0.20185	0.01236	0.00724	0.00210	0.00420	0.01054	0.00663	0.00747
19	0.01619	0.17920	0.28541	0.07191	0.02362	0.05727	0.04304	0.04441	0.07788	0.07220	0.01420	0.04040	0.01118	0.00709	0.00637	0.00195	0.02942	0.00552	0.00377	0.00896

[dist]
# distance from previous block
# <min> <max>
0	38

[block]
# block no. 1 follows, 34 sequences, length 58
# corresponding to MSA columns:
# 81-138
name=unknown_B
#
# <colnr> <probs for GDERKNQSTAVLIFYWHMCP>
#	G	D	E	R	K	N	Q	S	T	A	V	L	I	F	Y	W	H	M	C	P
0	0.17180	0.01843	0.16605	0.01288	0.03809	0.14369	0.01169	0.04017	0.01508	0.02199	0.08882	0.02595	0.13090	0.01004	0.02653	0.00221	0.00712	0.02095	0.04018	0.00742
1	0.09544	0.12397	0.21807	0.01819	0.14570	0.01511	0.03655	0.02100	0.07404	0.07776	0.06725	0.01959	0.04604	0.00728	0.00598	0.00194	0.00700	0.00597	0.00416	0.00896
2	0.09467	0.06428	0.15869	0.01694	0.06882	0.05737	0.09576	0.14084	0.07215	0.07630	0.03088	0.01651	0.01189	0.00679	0.00604	0.00192	0.00753	0.00561	0.03164	0.03538
3	0.00909	0.00614	0.00714	0.00744	0.00751	0.00606	0.00433	0.00932	0.00999	0.01333	0.02343	0.18843	0.02736	0.62149	0.02793	0.00553	0.00576	0.01120	0.00433	0.00418
4	0.01767	0.68390	0.03164	0.01149	0.01669	0.09225	0.01104	0.01973	0.01377	0.01558	0.03091	0.01163	0.00989	0.00587	0.00441	0.00143	0.00724	0.00377	0.00295	0.00815
5	0.00906	0.00682	0.00846	0.00790	0.00974	0.00609	0.00594	0.01183	0.01738	0.02408	0.56959	0.04928	0.18562	0.01341	0.00749	0.00201	0.00317	0.01169	0.00675	0.04367
6	0.01907	0.58769	0.03015	0.01214	0.01744	0.07808	0.01138	0.14182	0.01656	0.01975	0.01021	0.01137	0.00877	0.00600	0.00468	0.00150	0.00730	0.00392	0.00346	0.00871
7	0.01563	0.05539	0.24114	0.11130	0.17604	0.04976	0.09503	0.08425	0.01543	0.02123	0.01181	0.01496	0.00914	0.00655	0.00745	0.00205	0.06495	0.00549	0.00329	0.00912
8	0.00924	0.00620	0.00709	0.00724	0.00728	0.00616	0.00412	0.00936	0.00969	0.01292	0.02188	0.11466	0.02541	0.69793	0.03043	0.00590	0.00601	0.01029	0.00412	0.00405
9	0.00787	0.00562	0.00750	0.00900	0.00937	0.00525	0.00600	0.00900	0.01237	0.01649	0.03561	0.76871	0.04274	0.02024	0.00825	0.00262	0.00375	0.01837	0.00600	0.00525
10	0.00878	0.00644	0.00842	0.00951	0.01062	0.00607	0.00730	0.01076	0.01407	0.01841	0.10152	0.37249	0.14329	0.01826	0.00832	0.00262	0.00434	0.23712	0.00608	0.00558
11	0.01704	0.13787	0.17660	0.12087	0.13611	0.06653	0.10886	0.07078	0.01572	0.07144	0.01262	0.01508	0.00956	0.00622	0.00614	0.00192	0.00858	0.00539	0.00358	0.00910
12	0.02304	0.02878	0.01912	0.01889	0.08903	0.65344	0.01325	0.02490	0.01770	0.01632	0.01015	0.01215	0.00851	0.00672	0.00636	0.00173	0.03450	0.00436	0.00330	0.00774
13	0.02414	0.03079	0.01831	0.01665	0.01998	0.74698	0.01248	0.02580	0.01831	0.01581	0.00999	0.01165	0.00832	0.00666	0.00583	0.00166	0.01165	0.00416	0.00333	0.00749
14	0.00936	0.00617	0.00714	0.00737	0.00758	0.00615	0.00441	0.00983	0.01020	0.01409	0.02265	0.15169	0.02568	0.57677	0.04963	0.00548	0.00598	0.01044	0.06503	0.00434
15	0.01546	0.01780	0.05275	0.02255	0.02665	0.07271	0.39107	0.01927	0.01355	0.01852	0.01118	0.01572	0.00918	0.00761	0.01220	0.00236	0.27365	0.00658	0.00310	0.00807
16	0.00925	0.00684	0.00996	0.00996	0.01097	0.00785	0.00755	0.01127	0.01026	0.01469	0.01769	0.02752	0.01708	0.13984	0.65720	0.00986	0.01591	0.00723	0.00352	0.00554
17	0.01110	0.00788	0.00968	0.00942	0.01139	0.00770	0.00726	0.01586	0.11675	0.06426	0.33295	0.13425	0.13257	0.01410	0.00765	0.00226	0.00396	0.09753	0.00667	0.00677
18	0.01567	0.01380	0.03953	0.01252	0.01785	0.01198	0.07350	0.16037	0.04160	0.02466	0.01362	0.01665	0.01119	0.06036	0.00750	0.00173	0.00610	0.00514	0.00439	0.46185
19	0.00785	0.00573	0.00739	0.00872	0.00930	0.00527	0.00587	0.00903	0.01264	0.01660	0.03899	0.68871	0.12055	0.01980	0.00818	0.00257	0.00369	0.01783	0.00600	0.00527
20	0.01708	0.74367	0.06531	0.01138	0.01709	0.02510	0.01163	0.01940	0.01315	0.01544	0.00910	0.01051	0.00829	0.00556	0.00423	0.00141	0.00703	0.00351	0.00276	0.00835
21	0.01836	0.13015	0.12073	0.01331	0.01836	0.04197	0.01225	0.22089	0.11442	0.07418	0.01830	0.03972	0.03176	0.04165	0.00729	0.00209	0.00682	0.02830	0.00510	0.05436
22	0.00787	0.00562	0.00750	0.00900	0.00937	0.00525	0.00600	0.00900	0.01237	0.01649	0.03561	0.76871	0.04274	0.02024	0.00825	0.00262	0.00375	0.01837	0.00600	0.00525
23	0.01262	0.01018	0.01134	0.01079	0.04588	0.01034	0.00796	0.16528	0.05844	0.02328	0.04494	0.04365	0.42937	0.01428	0.03387	0.00241	0.03205	0.01048	0.02560	0.00725
24	0.07433	0.01316	0.03801	0.34449	0.19747	0.01454	0.04868	0.03642	0.01339	0.01929	0.01206	0.01695	0.00973	0.01069	0.08093	0.00294	0.05003	0.00576	0.00320	0.00797
25	0.01655	0.44498	0.10234	0.01530	0.02103	0.02166	0.14004	0.04834	0.06661	0.01864	0.01151	0.01337	0.00952	0.00615	0.00597	0.00174	0.03945	0.00482	0.00329	0.00869
26	0.00849	0.00610	0.00802	0.00898	0.00978	0.00573	0.00641	0.01020	0.01383	0.01860	0.17628	0.48005	0.07178	0.05193	0.00928	0.00269	0.00396	0.09631	0.00612	0.00545
27	0.04550	0.07236	0.05440	0.01875	0.14636	0.01869	0.01365	0.39820	0.11289	0.03233	0.01543	0.01608	0.01152	0.00724	0.00621	0.00193	0.00699	0.00570	0.00538	0.01037
28	0.20428	0.09344	0.01837	0.05769	0.05388	0.06994	0.06038	0.09842	0.05971	0.09488	0.01554	0.08402	0.01317	0.00809	0.00651	0.00203	0.04034	0.00634	0.00463	0.00835
29	0.00787	0.00562	0.00750	0.00900	0.00937	0.00525	0.00600	0.00900	0.01237	0.01649	0.03561	0.76871	0.04274	0.02024	0.00825	0.00262	0.00375	0.01837	0.00600	0.00525
30	0.02029	0.01856	0.10079	0.01817	0.11422	0.01799	0.01415	0.39580	0.17530	0.03289	0.01695	0.01722	0.01245	0.00753	0.00644	0.00200	0.00703	0.00601	0.00563	0.01056
31	0.04169	0.09392	0.04720	0.08976	0.08342	0.03480	0.30381	0.08799	0.03301	0.02161	0.01446	0.04191	0.02694	0.00696	0.00738	0.00207	0.04396	0.00680	0.00371	0.00858
32	0.01570	0.18904	0.29802	0.01853	0.11316	0.04976	0.04412	0.08847	0.01602	0.02170	0.07480	0.01653	0.01348	0.00674	0.00594	0.00186	0.00806	0.00541	0.00360	0.00908
33	0.01061	0.00746	0.00954	0.01001	0.01181	0.00713	0.00821	0.03707	0.01579	0.04844	0.14192	0.13007	0.18782	0.01634	0.00821	0.00256	0.00476	0.32984	0.00623	0.00617
34	0.01337	0.17012	0.10507	0.01128	0.01504	0.06719	0.01045	0.06509	0.01655	0.02137	0.21931	0.06326	0.11534	0.01097	0.00665	0.00199	0.00588	0.06871	0.00507	0.00730
35	0.01677	0.03888	0.10894	0.06526	0.05029	0.07359	0.21812	0.10567	0.03901	0.04468	0.01347	0.03914	0.01087	0.00763	0.00923	0.00218	0.13729	0.00646	0.00383	0.00868
36	0.03972	0.05588	0.01530	0.01186	0.01578	0.07049	0.00958	0.04960	0.17649	0.30495	0.08372	0.02521	0.06830	0.00900	0.00696	0.00202	0.03215	0.00713	0.00648	0.00937
37	0.00786	0.00568	0.00743	0.00883	0.00933	0.00526	0.00593	0.00902	0.01253	0.01656	0.03759	0.72180	0.08836	0.01999	0.00821	0.00259	0.00372	0.01805	0.00600	0.00526
38	0.00913	0.00669	0.00850	0.00914	0.01024	0.00625	0.00645	0.03806	0.01394	0.01882	0.11138	0.53742	0.06979	0.03782	0.00858	0.00253	0.00401	0.04580	0.00597	0.04951
39	0.05623	0.33523	0.25084	0.01396	0.02033	0.07417	0.01490	0.04100	0.07243	0.04814	0.01215	0.01324	0.00952	0.00625	0.00525	0.00175	0.00780	0.00443	0.00348	0.00891
40	0.01580	0.05424	0.29975	0.04763	0.15154	0.01534	0.21020	0.02129	0.01469	0.08815	0.01330	0.01587	0.00975	0.00604	0.00655	0.00203	0.00907	0.00587	0.00346	0.00945
41	0.01037	0.00797	0.00918	0.00850	0.01065	0.00763	0.00647	0.07829	0.05084	0.02412	0.37611	0.07758	0.28026	0.01384	0.00749	0.00211	0.00363	0.01185	0.00660	0.00650
42	0.01980	0.01635	0.01693	0.07194	0.07044	0.11457	0.01183	0.21505	0.20884	0.08928	0.02023	0.02029	0.04220	0.00799	0.00636	0.00198	0.00686	0.00636	0.04319	0.00951
43	0.07555	0.10882	0.13188	0.03440	0.04841	0.11698	0.02923	0.17743	0.07536	0.06681	0.01362	0.01483	0.01031	0.00716	0.00697	0.00195	0.06153	0.00518	0.00441	0.00918
44	0.02181	0.06529	0.02127	0.04117	0.17339	0.29599	0.01407	0.24330	0.02096	0.02491	0.01221	0.01390	0.00959	0.00675	0.00607	0.00180	0.00899	0.00504	0.00426	0.00924
45	0.00923	0.00692	0.01038	0.01038	0.01154	0.00808	0.00808	0.01154	0.01038	0.01500	0.01731	0.02538	0.01615	0.04846	0.74732	0.01038	0.01731	0.00692	0.00346	0.00577
46	0.04397	0.30587	0.04559	0.01348	0.05106	0.13767	0.01117	0.03886	0.06597	0.06995	0.01343	0.04516	0.01141	0.00674	0.00525	0.00161	0.00710	0.00495	0.00394	0.11684
47	0.04787	0.35586	0.22181	0.01538	0.04577	0.07772	0.04744	0.04254	0.01424	0.01871	0.01036	0.01225	0.00849	0.00600	0.00557	0.00170	0.02646	0.00429	0.00304	0.03451
48	0.00954	0.00699	0.00988	0.00979	0.01071	0.00803	0.00735	0.01143	0.01033	0.01497	0.01775	0.02806	0.01727	0.17833	0.55973	0.00899	0.03864	0.00730	0.03942	0.00548
49	0.01106	0.00692	0.00893	0.00945	0.01085	0.00653	0.00698	0.01352	0.04238	0.09594	0.09105	0.43576	0.08242	0.01681	0.00783	0.00246	0.00415	0.10066	0.04003	0.00627
50	0.01748	0.07637	0.22794	0.02205	0.21323	0.07508	0.01720	0.14130	0.07204	0.03991	0.01462	0.01615	0.02449	0.00676	0.00617	0.00193	0.00804	0.00548	0.00403	0.00973
51	0.00878	0.00611	0.00713	0.00756	0.00788	0.00589	0.00461	0.00927	0.01078	0.01416	0.02923	0.25269	0.09941	0.48158	0.02330	0.00481	0.00524	0.01239	0.00472	0.00445
52	0.01285	0.00723	0.00748	0.00704	0.00867	0.00742	0.00518	0.08173	0.01455	0.02394	0.02043	0.02603	0.01708	0.12441	0.00904	0.00227	0.00391	0.00652	0.60805	0.00618
53	0.01838	0.12319	0.16267	0.06756	0.12864	0.07713	0.05024	0.16708	0.01799	0.07440	0.01404	0.04501	0.01116	0.00707	0.00616	0.00192	0.00805	0.00578	0.00419	0.00935
54	0.01460	0.01426	0.04925	0.06511	0.04492	0.01402	0.12700	0.04556	0.26174	0.02335	0.06348	0.02175	0.03540	0.00772	0.00718	0.00197	0.04175	0.00681	0.00487	0.14926
55	0.00930	0.00665	0.00900	0.00900	0.00968	0.00733	0.00635	0.01065	0.00998	0.01398	0.01857	0.03238	0.01919	0.34853	0.45140	0.00868	0.01273	0.00795	0.00365	0.00500
56	0.07626	0.06750	0.04123	0.01325	0.01761	0.06913	0.03342	0.24826	0.14470	0.07644	0.03995	0.04082	0.06916	0.00882	0.00636	0.00201	0.00651	0.02373	0.00566	0.00920
57	0.12309	0.25616	0.05674	0.01677	0.13208	0.05532	0.03671	0.06048	0.08537	0.06762	0.01522	0.01623	0.03915	0.00675	0.00545	0.00181	0.00688	0.00519	0.00409	0.00887

[dist]
# distance from previous block
# <min> <max>
0	6

[block]
# block no. 2 follows, 34 sequences, length 81
# corresponding to MSA columns:
# 145-225
name=unknown_C
#
# <colnr> <probs for GDERKNQSTAVLIFYWHMCP>
#	G	D	E	R	K	N	Q	S	T	A	V	L	I	F	Y	W	H	M	C	P
0	0.01852	0.27980	0.11102	0.01683	0.05672	0.24509	0.08036	0.02295	0.07730	0.01788	0.01168	0.01332	0.00954	0.00624	0.00556	0.00172	0.00895	0.00468	0.00334	0.00850
1	0.02410	0.02514	0.01798	0.01548	0.01935	0.47737	0.01197	0.19986	0.02139	0.07977	0.03823	0.01476	0.01148	0.00728	0.00611	0.00177	0.00970	0.00504	0.00463	0.00861
2	0.02883	0.13682	0.50043	0.01770	0.02560	0.01646	0.09215	0.01972	0.01351	0.01958	0.01209	0.04097	0.00961	0.00666	0.00654	0.00201	0.03401	0.00538	0.00294	0.00899
3	0.03849	0.01276	0.01301	0.01142	0.01473	0.04974	0.00893	0.13240	0.29220	0.04921	0.15168	0.03232	0.14509	0.01046	0.00681	0.00208	0.00510	0.00861	0.00636	0.00862
4	0.01004	0.00761	0.01108	0.09684	0.04535	0.00755	0.02871	0.01216	0.01360	0.04489	0.08780	0.38010	0.11127	0.03491	0.03165	0.00276	0.00527	0.05682	0.00547	0.00612
5	0.01344	0.11826	0.01422	0.01032	0.01327	0.03623	0.00822	0.07942	0.01535	0.05099	0.06077	0.24992	0.06489	0.03850	0.00763	0.00216	0.00525	0.07218	0.00522	0.13375
6	0.01624	0.08752	0.38362	0.02049	0.10046	0.11884	0.09096	0.06978	0.01571	0.02091	0.01165	0.01388	0.00879	0.00616	0.00614	0.00193	0.00940	0.00506	0.00318	0.00925
7	0.00866	0.00593	0.00772	0.00883	0.00958	0.00545	0.00603	0.00994	0.01300	0.04308	0.06017	0.65337	0.10573	0.01922	0.00811	0.00254	0.00375	0.01729	0.00611	0.00550
8	0.01490	0.01947	0.14553	0.04936	0.12699	0.01594	0.48890	0.02042	0.01486	0.02059	0.01267	0.01664	0.00957	0.00563	0.00719	0.00212	0.01018	0.00687	0.00316	0.00900
9	0.01530	0.01905	0.12733	0.12906	0.25230	0.07887	0.22087	0.01994	0.01479	0.01970	0.01355	0.01717	0.02955	0.00619	0.00671	0.00203	0.00923	0.00625	0.00320	0.00890
10	0.01426	0.01033	0.01174	0.01049	0.01343	0.01079	0.00814	0.04271	0.30204	0.10049	0.25938	0.03672	0.13027	0.01114	0.00705	0.00211	0.00429	0.00947	0.00682	0.00833
11	0.04776	0.01299	0.02108	0.17906	0.27279	0.03602	0.10228	0.01722	0.01405	0.01944	0.01748	0.12720	0.01696	0.00917	0.00696	0.00220	0.00756	0.07788	0.00385	0.00804
12	0.03049	0.01600	0.03929	0.01414	0.01759	0.15023	0.06555	0.09307	0.12890	0.07476	0.03858	0.10412	0.01826	0.01363	0.08407	0.00295	0.03443	0.03324	0.00501	0.03567
13	0.01664	0.54521	0.15686	0.01451	0.06245	0.05402	0.01400	0.01974	0.01345	0.01653	0.00967	0.01145	0.00840	0.00586	0.00519	0.00159	0.02914	0.00392	0.00281	0.00856
14	0.00798	0.00585	0.00749	0.00858	0.00932	0.00537	0.00586	0.00938	0.01333	0.01764	0.11467	0.59666	0.13620	0.01897	0.00810	0.00250	0.00361	0.01702	0.00612	0.00537
15	0.04434	0.08965	0.04761	0.03823	0.07408	0.10030	0.14823	0.10580	0.08927	0.11679	0.01536	0.01693	0.01155	0.00868	0.03873	0.00234	0.03251	0.00592	0.00455	0.00913
16	0.05725	0.01672	0.05530	0.16466	0.09761	0.07961	0.22707	0.06128	0.05899	0.07213	0.03649	0.01782	0.01199	0.00660	0.00666	0.00206	0.00865	0.00637	0.00404	0.00871
17	0.00940	0.00626	0.00705	0.00705	0.00705	0.00626	0.00392	0.00940	0.00940	0.01253	0.02036	0.04228	0.02349	0.77292	0.03289	0.00626	0.00626	0.00940	0.00392	0.00392
18	0.03323	0.01426	0.09032	0.03262	0.03959	0.08703	0.06616	0.03555	0.06146	0.01991	0.03065	0.10557	0.15405	0.01257	0.00742	0.00234	0.00669	0.18842	0.00498	0.00716
19	0.01875	0.01953	0.08856	0.04402	0.10974	0.15941	0.04327	0.14357	0.18236	0.05125	0.01692	0.01943	0.01330	0.03530	0.00740	0.00215	0.00794	0.02305	0.00480	0.00928
20	0.09183	0.01594	0.02815	0.06380	0.21686	0.03846	0.32384	0.02024	0.03789	0.02116	0.01315	0.01801	0.01068	0.00644	0.00747	0.00213	0.04388	0.02787	0.00347	0.00873
21	0.00797	0.00566	0.00747	0.00888	0.00923	0.00531	0.00587	0.00902	0.01219	0.01625	0.03468	0.72438	0.04156	0.06618	0.00975	0.00285	0.00390	0.01782	0.00587	0.00517
22	0.11035	0.15490	0.19189	0.13864	0.09761	0.03372	0.01542	0.03973	0.03986	0.07350	0.01333	0.04071	0.01062	0.00681	0.00573	0.00194	0.00751	0.00535	0.00372	0.00868
23	0.04375	0.01599	0.02700	0.02308	0.11325	0.05604	0.32923	0.02038	0.08075	0.02026	0.01592	0.05071	0.03643	0.00783	0.00933	0.00224	0.12828	0.00738	0.00374	0.00840
24	0.00797	0.00570	0.00758	0.00893	0.00939	0.00531	0.00601	0.00923	0.01281	0.01719	0.08673	0.71561	0.04408	0.01972	0.00820	0.00258	0.00370	0.01788	0.00608	0.00531
25	0.01510	0.01103	0.01225	0.01100	0.01404	0.01180	0.00859	0.10048	0.29815	0.07890	0.11484	0.08461	0.10758	0.01107	0.00687	0.00214	0.00469	0.03475	0.06361	0.00851
26	0.01578	0.07380	0.21336	0.01898	0.10918	0.03888	0.06898	0.05870	0.07568	0.05219	0.03808	0.01708	0.01233	0.00755	0.00861	0.00208	0.12963	0.00579	0.04438	0.00892
27	0.01658	0.06354	0.04476	0.12046	0.16909	0.13817	0.01382	0.08945	0.10729	0.02253	0.11462	0.02186	0.01853	0.00792	0.00642	0.00196	0.00742	0.02247	0.00450	0.00860
28	0.01651	0.53538	0.18475	0.01293	0.01918	0.02241	0.01381	0.04464	0.06411	0.01807	0.01100	0.01223	0.00917	0.00597	0.00483	0.00160	0.00736	0.00410	0.00316	0.00880
29	0.00820	0.00633	0.00745	0.00790	0.00932	0.00565	0.00575	0.00996	0.01450	0.01863	0.17093	0.27080	0.34255	0.03968	0.00865	0.00246	0.00363	0.05597	0.00613	0.00549
30	0.01907	0.01299	0.01768	0.06605	0.02022	0.01270	0.08844	0.14990	0.09376	0.19422	0.01948	0.08557	0.01538	0.00810	0.00644	0.00189	0.00628	0.00707	0.00566	0.16910
31	0.01701	0.03398	0.09542	0.24286	0.04813	0.19285	0.03191	0.09172	0.07182	0.02022	0.01329	0.03915	0.01075	0.00747	0.00725	0.00204	0.05640	0.00578	0.00374	0.00821
32	0.01644	0.01391	0.01466	0.01299	0.01671	0.01592	0.01016	0.09553	0.62298	0.02783	0.02720	0.02516	0.05340	0.00904	0.00662	0.00217	0.00521	0.00748	0.00654	0.01007
33	0.01533	0.01539	0.02871	0.20385	0.26078	0.01577	0.28082	0.06104	0.01544	0.02104	0.01255	0.01680	0.00973	0.00593	0.00688	0.00207	0.00909	0.00647	0.00334	0.00898
34	0.01400	0.08434	0.62425	0.01851	0.05333	0.01603	0.02220	0.05731	0.01454	0.02120	0.01164	0.01360	0.00842	0.00617	0.00603	0.00199	0.00916	0.00477	0.00295	0.00956
35	0.01299	0.01120	0.01284	0.01396	0.11113	0.06175	0.00921	0.01905	0.16815	0.04600	0.28724	0.03773	0.16030	0.01117	0.00707	0.00205	0.00485	0.00959	0.00602	0.00769
36	0.00911	0.00730	0.00823	0.00795	0.00996	0.00681	0.00597	0.01302	0.09063	0.02164	0.31245	0.08289	0.37130	0.01453	0.00754	0.00214	0.00340	0.01243	0.00648	0.00619
37	0.08577	0.05708	0.08625	0.01728	0.12463	0.03869	0.03652	0.17627	0.11385	0.06727	0.11375	0.02068	0.01834	0.00782	0.00629	0.00197	0.00659	0.00644	0.00520	0.00929
38	0.01737	0.59238	0.07853	0.01204	0.01762	0.02346	0.01192	0.06979	0.08920	0.01861	0.01145	0.01240	0.00968	0.00607	0.00470	0.00155	0.00691	0.00412	0.00343	0.00877
39	0.01593	0.01220	0.01429	0.01390	0.06584	0.01331	0.01010	0.04397	0.43186	0.09147	0.15996	0.02943	0.02701	0.00962	0.00683	0.00214	0.00501	0.03119	0.00655	0.00938
40	0.00885	0.00650	0.00810	0.00843	0.00966	0.00611	0.00604	0.01161	0.04562	0.02111	0.31711	0.33612	0.13134	0.01602	0.00772	0.00228	0.00344	0.01421	0.03386	0.00586
41	0.01674	0.27731	0.35934	0.01525	0.02258	0.01953	0.01727	0.15982	0.01686	0.02281	0.01152	0.01293	0.00879	0.00626	0.00554	0.00180	0.00818	0.00455	0.00350	0.00942
42	0.00923	0.00692	0.01038	0.01038	0.01154	0.00808	0.00808	0.01154	0.01038	0.01500	0.01731	0.02538	0.01615	0.04846	0.74732	0.01038	0.01731	0.00692	0.00346	0.00577
43	0.00806	0.00575	0.00762	0.00899	0.00944	0.00539	0.00608	0.00928	0.01257	0.01680	0.06118	0.69099	0.04253	0.04728	0.00914	0.00275	0.00389	0.04102	0.00596	0.00526
44	0.01479	0.01633	0.10726	0.22953	0.36905	0.01518	0.04087	0.04858	0.01461	0.02052	0.01219	0.01623	0.00968	0.00629	0.00684	0.00202	0.03161	0.00570	0.02362	0.00910
45	0.04628	0.01609	0.02140	0.08357	0.34986	0.06411	0.01566	0.16195	0.08020	0.07565	0.01471	0.01665	0.01126	0.00671	0.00632	0.00196	0.00743	0.00577	0.00450	0.00991
46	0.00792	0.00569	0.00752	0.00888	0.00936	0.00529	0.00597	0.00914	0.01270	0.01693	0.06647	0.71512	0.06543	0.01982	0.00820	0.00258	0.00370	0.01793	0.00605	0.00529
47	0.01742	0.71924	0.05730	0.01155	0.01712	0.05631	0.01156	0.01966	0.01337	0.01541	0.00912	0.01053	0.00829	0.00560	0.00429	0.00142	0.00720	0.00353	0.00279	0.00830
48	0.04314	0.07671	0.30249	0.01836	0.10361	0.09241	0.01703	0.11505	0.04163	0.02306	0.04286	0.01574	0.01165	0.00699	0.00672	0.00196	0.04355	0.00529	0.02264	0.00912
49	0.00833	0.00640	0.00765	0.00844	0.00980	0.00581	0.00633	0.01000	0.01377	0.01732	0.04760	0.29939	0.33658	0.04650	0.00905	0.00264	0.00408	0.14897	0.00591	0.00543
50	0.04080	0.06775	0.04888	0.01429	0.04158	0.03835	0.08136	0.20050	0.05253	0.02458	0.05981	0.09349	0.05987	0.03990	0.07430	0.03349	0.00764	0.00793	0.00490	0.00803
51	0.14405	0.05760	0.03340	0.12142	0.02030	0.03856	0.06241	0.04224	0.10598	0.08907	0.04167	0.05032	0.09776	0.00997	0.02793	0.00233	0.03512	0.00717	0.00478	0.00792
52	0.01356	0.01195	0.02058	0.01780	0.07033	0.01162	0.24113	0.07833	0.04003	0.04186	0.06637	0.22752	0.05471	0.01132	0.00747	0.00225	0.00678	0.03443	0.03426	0.00771
53	0.00786	0.00566	0.00746	0.00891	0.00935	0.00526	0.00596	0.00901	0.01245	0.01653	0.03668	0.74355	0.06720	0.02010	0.00823	0.00261	0.00373	0.01820	0.00600	0.00526
54	0.03975	0.15925	0.08957	0.10618	0.07254	0.09280	0.20420	0.02037	0.01502	0.06226	0.06601	0.01745	0.01324	0.00654	0.00627	0.00192	0.00855	0.00601	0.00368	0.00839
55	0.04177	0.21654	0.04771	0.04270	0.11884	0.33375	0.01348	0.05623	0.03894	0.01850	0.01090	0.01273	0.00904	0.00632	0.00551	0.00170	0.00911	0.00444	0.00341	0.00838
56	0.01484	0.01415	0.01857	0.01579	0.01692	0.04850	0.03890	0.03649	0.04843	0.04294	0.01646	0.02006	0.08570	0.01108	0.01692	0.00260	0.53397	0.00663	0.00368	0.00739
57	0.04241	0.01368	0.03752	0.01495	0.09323	0.06292	0.01074	0.13471	0.15738	0.05169	0.07523	0.13879	0.07779	0.01107	0.00693	0.00216	0.00588	0.04881	0.00568	0.00841
58	0.04447	0.03814	0.04194	0.14485	0.13526	0.03064	0.12552	0.02100	0.08427	0.10777	0.04272	0.04610	0.03903	0.00819	0.00719	0.00213	0.03175	0.03598	0.00450	0.00856
59	0.00782	0.00583	0.00728	0.00845	0.00923	0.00529	0.00575	0.00906	0.01290	0.01671	0.04230	0.61034	0.19678	0.01937	0.00811	0.00252	0.00364	0.01731	0.00600	0.00529
60	0.01972	0.06943	0.01884	0.01455	0.04082	0.09068	0.04066	0.15605	0.09996	0.13282	0.01613	0.03365	0.01247	0.00761	0.00749	0.00185	0.08035	0.00577	0.00507	0.14607
61	0.04389	0.09925	0.38047	0.01764	0.05457	0.03998	0.05893	0.11031	0.06050	0.05515	0.01336	0.01474	0.00977	0.00649	0.00605	0.00196	0.00843	0.00516	0.00380	0.00955
62	0.08761	0.04018	0.03256	0.01364	0.04068	0.07947	0.04006	0.13439	0.07024	0.08769	0.02391	0.06879	0.08397	0.01033	0.00718	0.00216	0.03384	0.10306	0.03206	0.00818
63	0.00819	0.00608	0.00736	0.00812	0.00903	0.00558	0.00558	0.00949	0.01305	0.01691	0.08712	0.40949	0.22201	0.12415	0.01152	0.00299	0.00400	0.03835	0.00578	0.00520
64	0.01864	0.01545	0.02354	0.04513	0.07405	0.03828	0.22702	0.18352	0.09978	0.10622	0.01799	0.06946	0.01427	0.00884	0.02546	0.00230	0.00813	0.00745	0.00510	0.00938
65	0.00880	0.00669	0.00843	0.04097	0.01115	0.00654	0.00650	0.01137	0.05957	0.01799	0.10686	0.46578	0.13549	0.07073	0.00965	0.00271	0.00409	0.01514	0.00587	0.00568
66	0.17793	0.01170	0.01318	0.01070	0.01478	0.01183	0.00870	0.15995	0.01864	0.31534	0.06573	0.04591	0.01714	0.00827	0.00593	0.00196	0.00524	0.00647	0.09143	0.00918
67	0.10610	0.01591	0.06707	0.06943	0.38366	0.01528	0.11318	0.02092	0.05882	0.04737	0.01312	0.01618	0.01035	0.00623	0.00671	0.00203	0.02881	0.00582	0.00363	0.00939
68	0.01478	0.01871	0.15114	0.11427	0.28950	0.01552	0.26084	0.01986	0.01451	0.02033	0.01230	0.01623	0.00955	0.00579	0.00679	0.00206	0.00923	0.00624	0.00310	0.00924
69	0.00804	0.00580	0.00769	0.00907	0.00962	0.00546	0.00624	0.00932	0.01257	0.01665	0.03652	0.67468	0.07630	0.02072	0.02934	0.00284	0.00423	0.05369	0.00592	0.00531
70	0.04527	0.01435	0.01529	0.01225	0.01620	0.01568	0.00989	0.48210	0.02475	0.03479	0.04200	0.04520	0.01522	0.03612	0.00708	0.00204	0.00597	0.00655	0.15996	0.00929
71	0.01714	0.09502	0.05483	0.07825	0.32784	0.07781	0.05866	0.09433	0.07983	0.02223	0.01410	0.01653	0.02185	0.00650	0.00623	0.00191	0.00791	0.00573	0.00382	0.00947
72	0.05511	0.01459	0.01675	0.03340	0.06087	0.01576	0.01122	0.35048	0.12815	0.12809	0.06132	0.03777	0.01662	0.00833	0.00643	0.00200	0.00613	0.00669	0.03032	0.00998
73	0.00790	0.00564	0.00752	0.00898	0.00938	0.00527	0.00600	0.00906	0.01249	0.01669	0.05012	0.75364	0.04312	0.02010	0.00823	0.00261	0.00373	0.01823	0.00602	0.00527
74	0.01497	0.06411	0.11929	0.01771	0.02037	0.06257	0.08846	0.01840	0.04189	0.01724	0.01026	0.01446	0.00904	0.00926	0.01516	0.00247	0.45789	0.00559	0.00305	0.00781
75	0.08605	0.01635	0.12835	0.01515	0.05535	0.01421	0.02954	0.15912	0.06674	0.19783	0.04351	0.04376	0.01554	0.00856	0.00754	0.00213	0.06316	0.03214	0.00553	0.00945
76	0.01072	0.00697	0.00957	0.01067	0.01198	0.00671	0.00855	0.01295	0.01425	0.06901	0.05011	0.33607	0.03837	0.01797	0.00846	0.00275	0.00501	0.36771	0.00614	0.00604
77	0.01363	0.00796	0.00831	0.00762	0.00969	0.00825	0.00588	0.10795	0.04189	0.02655	0.07518	0.02482	0.01936	0.00804	0.00509	0.00163	0.00363	0.00648	0.61120	0.00684
78	0.45038	0.04004	0.04156	0.04421	0.01851	0.01471	0.10807	0.04659	0.03720	0.12493	0.01286	0.01409	0.00936	0.00636	0.00522	0.00202	0.00636	0.00485	0.00449	0.00819
79	0.01406	0.16033	0.06688	0.01168	0.01531	0.06296	0.02651	0.04882	0.14269	0.03704	0.04911	0.15537	0.14532	0.01132	0.00660	0.00206	0.00585	0.02523	0.00511	0.00773
80	0.01655	0.20839	0.31675	0.01558	0.02237	0.06005	0.06550	0.02234	0.06969	0.09370	0.01552	0.01644	0.03628	0.00674	0.00587	0.00188	0.00813	0.00532	0.00378	0.00912

[dist]
# distance from previous block
# <min> <max>
0	4

[block]
# block no. 3 follows, 34 sequences, length 69
# corresponding to MSA columns:
# 230-298
name=unknown_D
#
# <colnr> <probs for GDERKNQSTAVLIFYWHMCP>
#	G	D	E	R	K	N	Q	S	T	A	V	L	I	F	Y	W	H	M	C	P
0	0.00927	0.00719	0.00836	0.00886	0.01033	0.00692	0.00643	0.03173	0.07736	0.01848	0.04321	0.36228	0.26452	0.05211	0.00903	0.00261	0.00409	0.06533	0.00596	0.00592
1	0.01634	0.32442	0.34203	0.01539	0.02248	0.08858	0.03322	0.05447	0.01474	0.01896	0.01064	0.01235	0.00842	0.00601	0.00538	0.00175	0.00862	0.00432	0.00300	0.00891
2	0.01444	0.25110	0.28373	0.01533	0.02207	0.01706	0.09750	0.01936	0.03357	0.01871	0.01188	0.01477	0.00971	0.03541	0.02789	0.00213	0.00829	0.00490	0.00312	0.10905
3	0.01396	0.01948	0.26946	0.01596	0.03935	0.01350	0.07351	0.03531	0.16083	0.04872	0.09388	0.06564	0.01930	0.02997	0.00811	0.00223	0.04414	0.00734	0.00459	0.03472
4	0.00800	0.00591	0.00748	0.00846	0.00930	0.00539	0.00582	0.00946	0.01355	0.01789	0.13135	0.55181	0.16461	0.01865	0.00806	0.00247	0.00357	0.01667	0.00614	0.00539
5	0.10272	0.00852	0.00852	0.00781	0.01010	0.00893	0.00602	0.09428	0.04427	0.02583	0.06959	0.02698	0.07815	0.03310	0.00614	0.00188	0.00391	0.00689	0.44958	0.00675
6	0.16539	0.01321	0.01272	0.01092	0.01421	0.06343	0.00848	0.19457	0.09036	0.07387	0.05125	0.04923	0.07956	0.11142	0.00967	0.00258	0.00588	0.00730	0.02798	0.00797
7	0.07580	0.14310	0.39160	0.01679	0.04359	0.01668	0.06337	0.05051	0.07246	0.02160	0.01330	0.03994	0.01053	0.00674	0.00589	0.00197	0.00816	0.00540	0.00347	0.00909
8	0.00810	0.00586	0.00766	0.00871	0.00939	0.00542	0.00596	0.00961	0.01360	0.01831	0.16748	0.59686	0.08164	0.01872	0.00810	0.00249	0.00359	0.01687	0.00621	0.00542
9	0.01373	0.00874	0.01057	0.01003	0.01242	0.00862	0.00763	0.01926	0.16848	0.15019	0.13164	0.23633	0.13301	0.01390	0.00743	0.00229	0.00431	0.04724	0.00663	0.00755
10	0.01546	0.03289	0.07622	0.09598	0.26373	0.04161	0.08005	0.04438	0.10186	0.05226	0.03619	0.08568	0.02884	0.00807	0.00667	0.00206	0.00736	0.00739	0.00427	0.00901
11	0.01473	0.02022	0.17924	0.04528	0.09870	0.01605	0.45956	0.02027	0.01461	0.02039	0.01247	0.01639	0.00943	0.00586	0.00768	0.00215	0.03817	0.00674	0.00312	0.00893
12	0.00973	0.00653	0.00848	0.00943	0.01034	0.00620	0.00661	0.04039	0.01363	0.05310	0.03515	0.64500	0.06185	0.01887	0.00810	0.00257	0.00406	0.04803	0.00611	0.00582
13	0.04513	0.03874	0.01557	0.01312	0.01471	0.06167	0.01051	0.10785	0.01343	0.01896	0.01345	0.02024	0.01263	0.10180	0.23551	0.00518	0.25469	0.00620	0.00369	0.00694
14	0.05309	0.01791	0.09218	0.05159	0.22287	0.08199	0.05129	0.12910	0.10461	0.02399	0.01620	0.05589	0.02693	0.00775	0.00698	0.00205	0.03553	0.00652	0.00431	0.00922
15	0.00991	0.00740	0.01004	0.00990	0.01123	0.00726	0.03667	0.01150	0.01337	0.05710	0.07036	0.41658	0.19661	0.03804	0.00969	0.00256	0.06559	0.01456	0.00573	0.00591
16	0.00948	0.00730	0.00872	0.00900	0.01044	0.00719	0.00649	0.01369	0.11980	0.02034	0.20131	0.32771	0.15529	0.04602	0.00874	0.00250	0.00386	0.02967	0.00626	0.00619
17	0.01584	0.07117	0.04030	0.05846	0.05081	0.06782	0.11361	0.06938	0.17912	0.05472	0.02476	0.04891	0.12404	0.00910	0.00734	0.00209	0.04141	0.00773	0.00489	0.00852
18	0.01650	0.01538	0.07938	0.21421	0.15502	0.05629	0.05713	0.07079	0.05412	0.09262	0.03515	0.01867	0.01269	0.00692	0.00630	0.00198	0.00751	0.00605	0.08458	0.00871
19	0.01897	0.01177	0.01250	0.01047	0.01400	0.04488	0.00834	0.17270	0.08088	0.19614	0.02851	0.02771	0.13813	0.00928	0.00619	0.00190	0.00513	0.00743	0.19644	0.00863
20	0.03770	0.15938	0.05008	0.19978	0.02381	0.06798	0.01364	0.07301	0.01370	0.01820	0.01121	0.01580	0.00970	0.03550	0.06791	0.00288	0.18361	0.00529	0.00327	0.00757
21	0.03611	0.01593	0.09808	0.09302	0.06287	0.03060	0.03313	0.17253	0.13797	0.08767	0.01728	0.03250	0.01334	0.01315	0.10609	0.00319	0.02615	0.00634	0.00492	0.00913
22	0.01179	0.00921	0.01321	0.11213	0.05032	0.00932	0.05190	0.04076	0.06135	0.05948	0.08108	0.25906	0.15245	0.01363	0.00749	0.00231	0.00531	0.04674	0.00552	0.00694
23	0.00829	0.00580	0.00737	0.00846	0.00874	0.00553	0.00543	0.00911	0.01156	0.01541	0.03144	0.57008	0.03747	0.22604	0.01498	0.00362	0.00444	0.01592	0.00543	0.00488
24	0.01370	0.06596	0.18680	0.13866	0.02407	0.01432	0.07454	0.05282	0.05682	0.04300	0.04834	0.12142	0.03746	0.00943	0.00814	0.00219	0.08229	0.00785	0.00413	0.00806
25	0.03345	0.07465	0.16311	0.01625	0.04349	0.06534	0.04637	0.17831	0.09611	0.02472	0.01344	0.01510	0.01041	0.00731	0.00803	0.00197	0.10866	0.00533	0.00423	0.08372
26	0.00822	0.00586	0.00731	0.00831	0.00885	0.00549	0.00547	0.00925	0.01219	0.01615	0.04838	0.53460	0.11095	0.15964	0.01270	0.00323	0.00414	0.01589	0.01831	0.00505
27	0.01795	0.04575	0.20970	0.01847	0.02463	0.05671	0.19702	0.16831	0.03247	0.07977	0.04697	0.01728	0.01249	0.00702	0.00717	0.00204	0.03630	0.00620	0.00439	0.00936
28	0.09938	0.33793	0.06419	0.01370	0.01858	0.06124	0.07083	0.07849	0.03327	0.04618	0.01226	0.01389	0.02351	0.00676	0.00664	0.00180	0.07715	0.00475	0.00366	0.02580
29	0.01259	0.01165	0.01076	0.01076	0.01261	0.12827	0.00786	0.06776	0.08263	0.01945	0.03372	0.38925	0.14142	0.01532	0.00748	0.00231	0.00540	0.02854	0.00565	0.00657
30	0.04651	0.33369	0.08745	0.01506	0.05383	0.20330	0.01301	0.09058	0.04208	0.01957	0.01089	0.01239	0.00904	0.00642	0.00571	0.00169	0.03245	0.00431	0.00348	0.00855
31	0.02473	0.01783	0.01923	0.01474	0.01991	0.01965	0.01218	0.68578	0.02994	0.06664	0.01588	0.01575	0.01117	0.00777	0.00646	0.00194	0.00705	0.00584	0.00652	0.01099
32	0.01405	0.01207	0.01453	0.01096	0.01618	0.01028	0.03593	0.04534	0.11554	0.02246	0.01486	0.04753	0.01251	0.00616	0.00537	0.00129	0.00512	0.00518	0.00439	0.60026
33	0.00942	0.00691	0.00938	0.04154	0.01177	0.00728	0.00725	0.03811	0.01221	0.01658	0.02628	0.36369	0.02938	0.12922	0.22911	0.00537	0.00851	0.03760	0.00485	0.00556
34	0.00899	0.00669	0.00813	0.00830	0.00992	0.00609	0.00627	0.01146	0.02731	0.03213	0.28959	0.18361	0.27458	0.01584	0.00784	0.00229	0.00363	0.08504	0.00643	0.00586
35	0.01425	0.01248	0.01679	0.14249	0.08193	0.03488	0.01289	0.01957	0.14050	0.05441	0.04447	0.10585	0.01831	0.01066	0.01104	0.00240	0.22186	0.04291	0.00449	0.00784
36	0.01447	0.04677	0.02299	0.22774	0.02742	0.01800	0.11867	0.05532	0.01282	0.01797	0.01043	0.01542	0.00885	0.00862	0.01346	0.00243	0.36204	0.00589	0.00310	0.00761
37	0.00890	0.00671	0.00949	0.00999	0.01094	0.00640	0.04283	0.01044	0.01258	0.01660	0.03343	0.44946	0.08001	0.13164	0.02793	0.00334	0.00511	0.12334	0.00548	0.00537
38	0.01291	0.01206	0.01883	0.60581	0.03877	0.03907	0.03024	0.03571	0.01322	0.01689	0.01171	0.01734	0.00912	0.00913	0.03801	0.04228	0.03307	0.00577	0.00301	0.00705
39	0.02382	0.07026	0.01933	0.01607	0.01980	0.59853	0.01237	0.12768	0.01982	0.01950	0.01076	0.01216	0.00872	0.00676	0.00583	0.00169	0.01071	0.00437	0.00377	0.00806
40	0.04491	0.26757	0.44184	0.01560	0.02327	0.06646	0.01845	0.02041	0.01369	0.01881	0.01057	0.01236	0.00818	0.00597	0.00541	0.00181	0.00868	0.00427	0.00283	0.00892
41	0.01013	0.00756	0.01065	0.05136	0.01289	0.00863	0.00801	0.04366	0.01126	0.01579	0.01749	0.02775	0.01692	0.18457	0.53370	0.00874	0.01422	0.00729	0.00366	0.00573
42	0.01494	0.01705	0.06729	0.02384	0.12001	0.04814	0.29112	0.01862	0.01333	0.01866	0.01211	0.04546	0.01058	0.00810	0.01182	0.00235	0.25832	0.00684	0.00319	0.00823
43	0.31938	0.10732	0.01707	0.01205	0.01662	0.09938	0.01004	0.25686	0.01910	0.06914	0.01225	0.01296	0.00916	0.00673	0.00520	0.00187	0.00672	0.00453	0.00484	0.00879
44	0.00881	0.03519	0.00861	0.00837	0.00988	0.02779	0.00613	0.01042	0.01410	0.01769	0.10147	0.34801	0.31720	0.01709	0.00776	0.00234	0.00394	0.04371	0.00589	0.00561
45	0.00904	0.00685	0.00823	0.00872	0.01002	0.00650	0.00620	0.03851	0.04715	0.01950	0.13939	0.43622	0.20499	0.01731	0.00787	0.00239	0.00373	0.01530	0.00620	0.00587
46	0.01591	0.01888	0.12500	0.02160	0.02734	0.05145	0.39410	0.07764	0.01647	0.04287	0.07922	0.01925	0.01444	0.00697	0.00810	0.00214	0.05889	0.00714	0.00393	0.00867
47	0.04588	0.02212	0.31462	0.09211	0.02573	0.03956	0.09681	0.05036	0.11609	0.05937	0.06177	0.01853	0.01401	0.00711	0.00644	0.00207	0.00814	0.00608	0.00414	0.00905
48	0.01263	0.00814	0.00919	0.00837	0.00936	0.00830	0.00538	0.10460	0.01276	0.06073	0.02003	0.03746	0.02136	0.62367	0.02773	0.00542	0.00633	0.00874	0.00451	0.00530
49	0.01523	0.01674	0.03112	0.11475	0.08945	0.05425	0.42894	0.01961	0.01428	0.01920	0.01196	0.01650	0.00942	0.00653	0.00931	0.00222	0.12221	0.00677	0.00315	0.00834
50	0.01575	0.04766	0.01249	0.00971	0.01319	0.01027	0.00779	0.13497	0.04418	0.15928	0.10590	0.05906	0.29683	0.01182	0.00691	0.00201	0.00465	0.00975	0.00634	0.04145
51	0.01743	0.01205	0.01313	0.01102	0.01432	0.01277	0.00874	0.35235	0.02205	0.04918	0.05966	0.12467	0.09081	0.01052	0.00648	0.00197	0.00520	0.00863	0.17061	0.00841
52	0.00897	0.00655	0.00828	0.00905	0.01003	0.00622	0.00638	0.04586	0.01443	0.01925	0.13480	0.54188	0.10589	0.01818	0.00803	0.00248	0.00385	0.03799	0.00618	0.00571
53	0.01689	0.01551	0.02389	0.03132	0.47996	0.01696	0.01754	0.12198	0.01606	0.02289	0.01190	0.01554	0.00999	0.00719	0.00944	0.00211	0.16177	0.00575	0.00361	0.00970
54	0.00908	0.00730	0.00839	0.00803	0.01023	0.00636	0.00594	0.01167	0.04071	0.01982	0.18636	0.19945	0.32643	0.01470	0.00734	0.00208	0.00360	0.01268	0.00596	0.11389
55	0.00813	0.00595	0.00770	0.00892	0.00967	0.00551	0.00627	0.00957	0.01314	0.01727	0.06810	0.58639	0.12851	0.01925	0.00821	0.00258	0.00386	0.07955	0.00604	0.00537
56	0.01431	0.01079	0.01184	0.01090	0.01371	0.01175	0.00835	0.05024	0.37847	0.05996	0.09075	0.12811	0.07227	0.01098	0.00672	0.00214	0.00449	0.00935	0.09640	0.00848
57	0.03539	0.41645	0.25932	0.01373	0.02036	0.06193	0.01507	0.02102	0.01396	0.07352	0.01117	0.01241	0.00883	0.00599	0.00507	0.00168	0.00788	0.00416	0.00322	0.00883
58	0.01405	0.01325	0.02222	0.21955	0.47086	0.01391	0.01767	0.01771	0.01407	0.01942	0.01594	0.07748	0.04091	0.00750	0.00661	0.00204	0.00743	0.00706	0.00345	0.00887
59	0.01248	0.00756	0.00970	0.04684	0.01197	0.00770	0.06351	0.01636	0.04169	0.02353	0.02013	0.02319	0.01572	0.00735	0.00495	0.00162	0.00403	0.00619	0.66900	0.00647
60	0.01177	0.00880	0.00979	0.00985	0.01148	0.03859	0.00713	0.08718	0.05468	0.04532	0.07900	0.44685	0.09330	0.01588	0.00753	0.00233	0.00445	0.01398	0.04555	0.00654
61	0.01763	0.02156	0.29507	0.01624	0.02279	0.04482	0.10091	0.08287	0.04280	0.16527	0.01897	0.04453	0.04913	0.00764	0.00652	0.00202	0.00790	0.00651	0.00467	0.04216
62	0.01917	0.26446	0.07001	0.01706	0.06710	0.24587	0.07056	0.06782	0.05530	0.01891	0.01137	0.01317	0.00937	0.00648	0.00619	0.00175	0.03872	0.00471	0.00346	0.00852
63	0.04461	0.01283	0.01575	0.01355	0.06967	0.01195	0.03794	0.09747	0.12904	0.02484	0.06485	0.01806	0.01494	0.00649	0.00567	0.00150	0.00545	0.00545	0.00473	0.41521
64	0.05666	0.04264	0.05714	0.02025	0.17595	0.12177	0.04272	0.14408	0.10934	0.09809	0.01570	0.03075	0.01213	0.00736	0.00682	0.00198	0.03646	0.00590	0.00476	0.00952
65	0.01786	0.09641	0.17658	0.07548	0.09069	0.12164	0.04841	0.07520	0.08187	0.09239	0.01691	0.01804	0.04605	0.00716	0.00619	0.00193	0.00809	0.00578	0.00423	0.00908
66	0.05376	0.01088	0.04061	0.01073	0.01291	0.04812	0.00849	0.06673	0.09236	0.01950	0.02134	0.09501	0.04807	0.11608	0.29119	0.00575	0.01027	0.00808	0.03341	0.00669
67	0.01452	0.01603	0.09132	0.11233	0.12656	0.05082	0.08586	0.03789	0.03719	0.02046	0.01433	0.01704	0.03904	0.00642	0.00669	0.00172	0.04205	0.00551	0.00363	0.27058
68	0.05821	0.05974	0.08169	0.02034	0.19801	0.09834	0.04229	0.11791	0.07869	0.02318	0.01755	0.03834	0.05838	0.00927	0.03768	0.00227	0.00785	0.00629	0.00424	0.03973

[dist]
# distance from previous block
# <min> <max>
0	37

# created by:
# /home/berkeley/.conda/envs/busco_data_prod/bin/msa2prfl.pl pipeline/OGs_align_augustus/4893/6015.fs
