[name]
unknown

[dist]
# distance from previous block
# <min> <max>
0	0

[block]
# block no. 0 follows, 29 sequences, length 11
# corresponding to MSA columns:
# 14-24
name=unknown_A
#
# <colnr> <probs for GDERKNQSTAVLIFYWHMCP>
#	G	D	E	R	K	N	Q	S	T	A	V	L	I	F	Y	W	H	M	C	P
0	0.01147	0.00820	0.01147	0.01311	0.01475	0.00820	0.01147	0.01475	0.01639	0.02131	0.03770	0.08032	0.04098	0.01967	0.00984	0.00328	0.00656	0.65741	0.00656	0.00656
1	0.02315	0.16708	0.15115	0.01628	0.02294	0.02226	0.01561	0.43132	0.02637	0.03527	0.01489	0.01560	0.01096	0.00774	0.00656	0.00204	0.00828	0.00569	0.00557	0.01124
2	0.01034	0.00698	0.00817	0.00817	0.00831	0.00712	0.00482	0.01061	0.01047	0.01410	0.02207	0.04456	0.02500	0.67365	0.11114	0.00740	0.00823	0.01006	0.00426	0.00454
3	0.01002	0.00743	0.01090	0.01108	0.01219	0.00845	0.00841	0.01228	0.01163	0.01656	0.02146	0.10734	0.02143	0.08712	0.60715	0.01027	0.01679	0.00915	0.00415	0.00619
4	0.02751	0.01924	0.02093	0.01605	0.02173	0.02103	0.01326	0.62313	0.03230	0.10501	0.01809	0.01774	0.01261	0.00857	0.00713	0.00214	0.00768	0.00648	0.00728	0.01211
5	0.02669	0.03135	0.02040	0.01798	0.02203	0.59206	0.01372	0.14906	0.02264	0.02250	0.01213	0.01363	0.00971	0.00756	0.00655	0.00189	0.01192	0.00492	0.00431	0.00897
6	0.00865	0.00628	0.00818	0.00969	0.01027	0.00580	0.00651	0.00994	0.01384	0.01826	0.04193	0.68994	0.10053	0.02196	0.00903	0.00285	0.00409	0.01982	0.00661	0.00580
7	0.01732	0.01417	0.01613	0.01176	0.01795	0.01210	0.00949	0.15547	0.01864	0.02769	0.01358	0.01525	0.01087	0.00595	0.00566	0.00128	0.00580	0.00467	0.00482	0.63138
8	0.02177	0.01397	0.01586	0.01297	0.01737	0.01448	0.01043	0.24770	0.13581	0.18644	0.11559	0.03227	0.12190	0.01092	0.00750	0.00225	0.00589	0.00891	0.00754	0.01041
9	0.15206	0.09388	0.01802	0.01333	0.01778	0.09433	0.01084	0.15206	0.17478	0.08516	0.08030	0.02252	0.03794	0.00891	0.00650	0.00214	0.00680	0.00677	0.00608	0.00980
10	0.10205	0.03961	0.02406	0.03808	0.02408	0.01811	0.15762	0.24863	0.04992	0.13936	0.01714	0.01824	0.01230	0.00783	0.00775	0.00222	0.04209	0.00660	0.00582	0.03848

[dist]
# distance from previous block
# <min> <max>
0	17

[block]
# block no. 1 follows, 29 sequences, length 29
# corresponding to MSA columns:
# 42-70
name=unknown_B
#
# <colnr> <probs for GDERKNQSTAVLIFYWHMCP>
#	G	D	E	R	K	N	Q	S	T	A	V	L	I	F	Y	W	H	M	C	P
0	0.05836	0.01740	0.01913	0.03814	0.04699	0.01905	0.01269	0.37304	0.20151	0.03659	0.01916	0.01917	0.01416	0.00830	0.00685	0.00211	0.00698	0.00650	0.00649	0.08740
1	0.01414	0.00829	0.01051	0.01023	0.01245	0.00773	0.00759	0.01705	0.05146	0.16333	0.08915	0.31867	0.17007	0.01976	0.06189	0.00322	0.00557	0.01437	0.00698	0.00754
2	0.01310	0.01111	0.01334	0.01272	0.01474	0.04451	0.00986	0.02007	0.18893	0.01997	0.02101	0.02697	0.01834	0.05756	0.45826	0.00822	0.04128	0.00762	0.00469	0.00772
3	0.01477	0.01266	0.01477	0.01055	0.01687	0.00949	0.00844	0.01793	0.01477	0.02320	0.01266	0.01477	0.01055	0.00527	0.00527	0.00105	0.00527	0.00422	0.00422	0.79328
4	0.01771	0.01530	0.01610	0.01449	0.01852	0.01771	0.01127	0.03784	0.69247	0.02979	0.02898	0.02657	0.02174	0.00966	0.00725	0.00242	0.00564	0.00805	0.00725	0.01127
5	0.00865	0.00685	0.00778	0.00833	0.00996	0.00599	0.00595	0.01038	0.01563	0.01964	0.11325	0.31037	0.41352	0.01928	0.00866	0.00257	0.00377	0.01672	0.00671	0.00599
6	0.01034	0.00696	0.00803	0.00803	0.00812	0.00705	0.00464	0.01053	0.01043	0.01400	0.02219	0.04526	0.02531	0.69962	0.08558	0.00723	0.00778	0.01016	0.00428	0.00446
7	0.01428	0.03683	0.71286	0.02030	0.03082	0.01654	0.02631	0.02255	0.01503	0.02255	0.01278	0.01503	0.00902	0.00677	0.00677	0.00226	0.01052	0.00526	0.00301	0.01052
8	0.00906	0.00757	0.00805	0.00774	0.01028	0.00633	0.00581	0.01111	0.01645	0.02048	0.13425	0.08898	0.55918	0.01691	0.00821	0.00231	0.00372	0.01422	0.00657	0.06276
9	0.00985	0.00759	0.00890	0.00917	0.01075	0.00718	0.00659	0.01320	0.07071	0.02140	0.18995	0.25587	0.24534	0.07942	0.01089	0.00291	0.00423	0.03291	0.00673	0.00640
10	0.02707	0.01995	0.02137	0.01638	0.02208	0.02208	0.01353	0.68159	0.03348	0.04488	0.01710	0.01710	0.01211	0.00855	0.00712	0.00214	0.00784	0.00641	0.00712	0.01211
11	0.02753	0.01837	0.02030	0.01565	0.02124	0.01985	0.01290	0.54064	0.05893	0.16134	0.01953	0.01875	0.01349	0.00864	0.00714	0.00216	0.00743	0.00661	0.00743	0.01208
12	0.01795	0.11785	0.09204	0.02415	0.03045	0.05240	0.38909	0.06968	0.01709	0.02273	0.01318	0.01701	0.01030	0.00700	0.00916	0.00230	0.08740	0.00699	0.00368	0.00955
13	0.01428	0.03683	0.71286	0.02030	0.03082	0.01654	0.02631	0.02255	0.01503	0.02255	0.01278	0.01503	0.00902	0.00677	0.00677	0.00226	0.01052	0.00526	0.00301	0.01052
14	0.00892	0.00754	0.00775	0.00773	0.01009	0.00656	0.00578	0.01159	0.04676	0.02006	0.09534	0.09400	0.61789	0.01769	0.00839	0.00242	0.00371	0.01484	0.00669	0.00627
15	0.01943	0.71627	0.03641	0.01251	0.01847	0.06452	0.01227	0.02169	0.01477	0.01679	0.00996	0.01150	0.00914	0.00616	0.00467	0.00154	0.00789	0.00385	0.00308	0.00909
16	0.14880	0.12554	0.21593	0.01484	0.02165	0.01757	0.01523	0.12485	0.04082	0.18482	0.01661	0.01676	0.01169	0.00748	0.00623	0.00212	0.00770	0.00553	0.00533	0.01050
17	0.00868	0.00620	0.00826	0.00991	0.01033	0.00578	0.00661	0.00991	0.01363	0.01818	0.03925	0.74510	0.04710	0.02231	0.00909	0.00289	0.00413	0.02024	0.00661	0.00578
18	0.00885	0.00630	0.00833	0.00976	0.01024	0.00590	0.00652	0.01019	0.01397	0.01874	0.08624	0.66638	0.04766	0.05186	0.01016	0.00301	0.00419	0.01930	0.00660	0.00579
19	0.01571	0.01378	0.01728	0.01658	0.12907	0.01203	0.01108	0.02179	0.12460	0.02428	0.01542	0.01714	0.01248	0.00616	0.00588	0.00145	0.00585	0.00518	0.00460	0.53968
20	0.02082	0.04149	0.01670	0.01249	0.01769	0.01324	0.01015	0.11627	0.11839	0.19769	0.02172	0.02167	0.03600	0.01115	0.05793	0.00250	0.00691	0.00638	0.00621	0.26460
21	0.02555	0.01919	0.02051	0.01608	0.02150	0.02137	0.01317	0.57693	0.14062	0.04242	0.01903	0.01864	0.01367	0.00873	0.00714	0.00218	0.00748	0.00668	0.00714	0.01197
22	0.00939	0.00707	0.00830	0.00829	0.00979	0.00640	0.00587	0.01142	0.01645	0.02176	0.29850	0.14043	0.27313	0.13619	0.01301	0.00313	0.00411	0.01408	0.00670	0.00598
23	0.01399	0.01372	0.02472	0.61840	0.04712	0.01618	0.12703	0.01894	0.01466	0.01894	0.01294	0.01902	0.00971	0.00694	0.00733	0.00238	0.00990	0.00667	0.00324	0.00819
24	0.01017	0.00763	0.01144	0.01144	0.01272	0.00890	0.00890	0.01272	0.01144	0.01653	0.01907	0.02797	0.01780	0.05340	0.72153	0.01144	0.01907	0.00763	0.00381	0.00636
25	0.00853	0.00675	0.00769	0.00845	0.00994	0.00591	0.00596	0.01008	0.01504	0.01875	0.05707	0.37852	0.40218	0.01999	0.00872	0.00263	0.00385	0.01742	0.00661	0.00591
26	0.01210	0.00899	0.01067	0.01063	0.01244	0.00896	0.00774	0.12048	0.03920	0.02437	0.12608	0.42594	0.12856	0.01811	0.00853	0.00261	0.00461	0.01597	0.00687	0.00713
27	0.02208	0.01350	0.01570	0.01338	0.01773	0.01424	0.01060	0.03468	0.39935	0.26921	0.08524	0.02799	0.02411	0.00977	0.00731	0.00233	0.00559	0.00814	0.00785	0.01119
28	0.02466	0.03010	0.02093	0.02123	0.10883	0.56828	0.01457	0.02844	0.07996	0.01928	0.01292	0.01468	0.01057	0.00742	0.00657	0.00192	0.01164	0.00512	0.00397	0.00891

[dist]
# distance from previous block
# <min> <max>
0	1

[block]
# block no. 2 follows, 29 sequences, length 23
# corresponding to MSA columns:
# 72-94
name=unknown_C
#
# <colnr> <probs for GDERKNQSTAVLIFYWHMCP>
#	G	D	E	R	K	N	Q	S	T	A	V	L	I	F	Y	W	H	M	C	P
0	0.01405	0.00724	0.01001	0.00982	0.01097	0.00680	0.00689	0.01373	0.01315	0.12322	0.07028	0.21962	0.04807	0.05332	0.01812	0.34737	0.00538	0.01099	0.00540	0.00559
1	0.00910	0.00724	0.00816	0.00793	0.01003	0.00630	0.00595	0.01153	0.01784	0.02305	0.32944	0.06226	0.44276	0.01661	0.00841	0.00234	0.00351	0.01415	0.00711	0.00630
2	0.07656	0.01443	0.02100	0.01623	0.02149	0.01406	0.14022	0.11342	0.07938	0.33088	0.02377	0.07888	0.01763	0.00923	0.00737	0.00231	0.00722	0.00820	0.00698	0.01076
3	0.01726	0.01871	0.02137	0.50497	0.07109	0.21012	0.01821	0.02118	0.01596	0.01821	0.01224	0.01723	0.00948	0.00714	0.00692	0.00221	0.01037	0.00585	0.00332	0.00816
4	0.01705	0.01333	0.01633	0.04464	0.09174	0.08444	0.01162	0.01916	0.01404	0.12427	0.01790	0.02614	0.01614	0.16788	0.18394	0.00543	0.12622	0.00738	0.00450	0.00786
5	0.01477	0.01266	0.01477	0.01055	0.01687	0.00949	0.00844	0.01793	0.01477	0.02320	0.01266	0.01477	0.01055	0.00527	0.00527	0.00105	0.00527	0.00422	0.00422	0.79328
6	0.02495	0.02421	0.01983	0.01672	0.02131	0.28267	0.01315	0.30331	0.16564	0.03147	0.01729	0.01748	0.01301	0.00833	0.00689	0.00208	0.00925	0.00607	0.00586	0.01049
7	0.01442	0.01304	0.02196	0.46903	0.21692	0.01501	0.01877	0.01814	0.01419	0.01886	0.01282	0.01893	0.01029	0.00893	0.00947	0.09258	0.00884	0.00632	0.00325	0.00824
8	0.01389	0.00934	0.01189	0.01127	0.01296	0.01018	0.00831	0.01846	0.12918	0.08903	0.02389	0.10479	0.02280	0.19832	0.23518	0.03967	0.03893	0.00947	0.00526	0.00717
9	0.06427	0.01656	0.01838	0.12705	0.05284	0.04585	0.01339	0.16594	0.35720	0.03048	0.02154	0.02166	0.01611	0.00863	0.00700	0.00230	0.00708	0.00700	0.00613	0.01060
10	0.00857	0.00661	0.00783	0.00881	0.01004	0.00588	0.00612	0.01004	0.01469	0.01861	0.05269	0.46851	0.31501	0.02056	0.00881	0.00269	0.00392	0.01811	0.00661	0.00588
11	0.05970	0.01413	0.02444	0.07553	0.02597	0.01395	0.25449	0.07888	0.01765	0.12534	0.02201	0.12524	0.01976	0.01093	0.00859	0.02517	0.00841	0.07547	0.00539	0.00894
12	0.01034	0.00707	0.00861	0.00894	0.01039	0.00638	0.00630	0.01207	0.01556	0.05959	0.15915	0.32901	0.23203	0.08736	0.01122	0.00298	0.00422	0.01583	0.00673	0.00623
13	0.02419	0.02907	0.02061	0.01831	0.02128	0.52615	0.01415	0.06345	0.01889	0.01894	0.01099	0.01369	0.00938	0.00854	0.01021	0.00214	0.17284	0.00506	0.00374	0.00837
14	0.02558	0.02934	0.02038	0.01869	0.04860	0.51627	0.01383	0.13927	0.07880	0.02333	0.01364	0.01490	0.01081	0.00770	0.00663	0.00195	0.01122	0.00525	0.00455	0.00928
15	0.01135	0.00844	0.01319	0.17069	0.02005	0.00987	0.01075	0.01322	0.01162	0.01604	0.01627	0.02468	0.01484	0.03724	0.42026	0.17060	0.01429	0.00704	0.00352	0.00603
16	0.01036	0.00690	0.00777	0.00777	0.00777	0.00690	0.00431	0.01036	0.01036	0.01381	0.02244	0.04660	0.02589	0.74975	0.03624	0.00690	0.00690	0.01036	0.00431	0.00431
17	0.01770	0.46507	0.08688	0.01441	0.04419	0.02321	0.01330	0.04623	0.01474	0.01889	0.01152	0.01513	0.01055	0.05583	0.00890	0.00211	0.07841	0.00482	0.00340	0.06471
18	0.01428	0.03683	0.71286	0.02030	0.03082	0.01654	0.02631	0.02255	0.01503	0.02255	0.01278	0.01503	0.00902	0.00677	0.00677	0.00226	0.01052	0.00526	0.00301	0.01052
19	0.01140	0.00619	0.00901	0.00944	0.00955	0.00608	0.00630	0.00944	0.01041	0.01388	0.01938	0.21050	0.02143	0.02410	0.02294	0.58662	0.00565	0.00985	0.00401	0.00379
20	0.01031	0.00706	0.00858	0.00858	0.00886	0.00735	0.00533	0.01088	0.01060	0.01441	0.02169	0.04247	0.02410	0.59556	0.18799	0.00791	0.00960	0.00975	0.00420	0.00477
21	0.10332	0.07011	0.04814	0.04693	0.02285	0.08679	0.14694	0.09048	0.01847	0.14077	0.05790	0.09910	0.01857	0.00930	0.00712	0.00224	0.00813	0.00814	0.00543	0.00929
22	0.01136	0.00707	0.00907	0.00953	0.01091	0.00648	0.00677	0.01336	0.01587	0.08392	0.17412	0.43434	0.10177	0.01821	0.00844	0.00257	0.00405	0.01621	0.05931	0.00663

[dist]
# distance from previous block
# <min> <max>
0	1

[block]
# block no. 3 follows, 29 sequences, length 30
# corresponding to MSA columns:
# 96-125
name=unknown_D
#
# <colnr> <probs for GDERKNQSTAVLIFYWHMCP>
#	G	D	E	R	K	N	Q	S	T	A	V	L	I	F	Y	W	H	M	C	P
0	0.05062	0.00894	0.01010	0.01027	0.01218	0.00916	0.00744	0.01775	0.16120	0.04006	0.07658	0.33942	0.12506	0.04489	0.00911	0.00272	0.00452	0.01423	0.04842	0.00730
1	0.01670	0.01608	0.02773	0.19130	0.54121	0.01672	0.04412	0.02110	0.01581	0.02216	0.01327	0.01797	0.01088	0.00650	0.00711	0.00218	0.00880	0.00641	0.00345	0.01050
2	0.41729	0.01107	0.01039	0.01020	0.01306	0.01219	0.00785	0.05902	0.01426	0.02713	0.02265	0.28959	0.02429	0.01322	0.00659	0.00251	0.00519	0.04077	0.00551	0.00722
3	0.04144	0.00932	0.01128	0.01061	0.01303	0.00900	0.00785	0.07451	0.03321	0.17701	0.03376	0.33207	0.07980	0.06882	0.00994	0.00281	0.00507	0.01329	0.05927	0.00791
4	0.00918	0.00703	0.00841	0.00851	0.01020	0.00627	0.00621	0.01153	0.01737	0.02300	0.33399	0.20051	0.29719	0.01743	0.00855	0.00243	0.00361	0.01518	0.00714	0.00627
5	0.01428	0.03683	0.71286	0.02030	0.03082	0.01654	0.02631	0.02255	0.01503	0.02255	0.01278	0.01503	0.00902	0.00677	0.00677	0.00226	0.01052	0.00526	0.00301	0.01052
6	0.06816	0.00991	0.01231	0.01117	0.01307	0.01065	0.00838	0.14537	0.01534	0.04582	0.01606	0.04460	0.01445	0.02454	0.14788	0.36632	0.00870	0.00683	0.02417	0.00628
7	0.01144	0.00950	0.01405	0.05031	0.01581	0.01187	0.01082	0.01389	0.01148	0.01674	0.01677	0.02500	0.01566	0.04273	0.54331	0.00929	0.16369	0.00728	0.00364	0.00673
8	0.01534	0.01461	0.02024	0.01750	0.01797	0.01990	0.01448	0.04925	0.01210	0.01841	0.01118	0.01751	0.01075	0.01839	0.12685	0.00431	0.59357	0.00645	0.00342	0.00779
9	0.00868	0.00653	0.00804	0.00913	0.01015	0.00589	0.00629	0.01018	0.01467	0.01899	0.08181	0.52474	0.22760	0.02074	0.00887	0.00273	0.00395	0.01844	0.00667	0.00589
10	0.01906	0.08531	0.02394	0.14802	0.25263	0.14135	0.01668	0.10147	0.03757	0.02316	0.01657	0.01953	0.04602	0.00898	0.02797	0.00236	0.00924	0.00634	0.00415	0.00966
11	0.01669	0.01699	0.04141	0.22564	0.22428	0.09204	0.01742	0.02246	0.09566	0.02135	0.01505	0.01904	0.01209	0.00911	0.02889	0.00254	0.07914	0.00636	0.04458	0.00927
12	0.01077	0.00720	0.01065	0.01065	0.01150	0.00806	0.00790	0.01166	0.01080	0.01526	0.01750	0.02742	0.01685	0.08784	0.49591	0.21869	0.01492	0.00741	0.00365	0.00537
13	0.02441	0.24427	0.02526	0.01643	0.02092	0.48075	0.01328	0.06118	0.01921	0.01869	0.01101	0.01265	0.00932	0.00704	0.00592	0.00176	0.01104	0.00446	0.00367	0.00872
14	0.23284	0.01629	0.01707	0.01358	0.01879	0.01763	0.01117	0.32311	0.06677	0.18670	0.01836	0.01780	0.01277	0.00816	0.00642	0.00219	0.00669	0.00600	0.00678	0.01089
15	0.07004	0.01519	0.01572	0.01415	0.01820	0.01760	0.01103	0.03671	0.64696	0.02993	0.02771	0.02556	0.02080	0.00946	0.00706	0.00240	0.00563	0.00777	0.00706	0.01103
16	0.01036	0.00690	0.00777	0.00777	0.00777	0.00690	0.00431	0.01036	0.01036	0.01381	0.02244	0.04660	0.02589	0.74975	0.03624	0.00690	0.00690	0.01036	0.00431	0.00431
17	0.00887	0.00723	0.00784	0.00769	0.00990	0.00620	0.00577	0.01110	0.01730	0.02179	0.24435	0.06433	0.52864	0.01708	0.00841	0.00236	0.00354	0.01444	0.00695	0.00620
18	0.01738	0.38419	0.34094	0.01624	0.02417	0.06751	0.01866	0.02233	0.01509	0.01941	0.01127	0.01314	0.00909	0.00648	0.00568	0.00187	0.00926	0.00451	0.00307	0.00971
19	0.01808	0.01861	0.02577	0.16170	0.43974	0.12224	0.01985	0.02186	0.01610	0.02107	0.01263	0.01702	0.01051	0.00704	0.00806	0.00219	0.05801	0.00607	0.00345	0.00999
20	0.01122	0.00769	0.00895	0.00868	0.00915	0.00796	0.00538	0.04645	0.01172	0.01580	0.02173	0.04271	0.02415	0.62351	0.12003	0.00721	0.00847	0.00981	0.00440	0.00498
21	0.01017	0.00763	0.01144	0.01144	0.01272	0.00890	0.00890	0.01272	0.01144	0.01653	0.01907	0.02797	0.01780	0.05340	0.72153	0.01144	0.01907	0.00763	0.00381	0.00636
22	0.80005	0.01377	0.01047	0.00936	0.01377	0.01597	0.00771	0.02093	0.01212	0.03195	0.00991	0.01157	0.00771	0.00661	0.00441	0.00220	0.00551	0.00386	0.00441	0.00771
23	0.00868	0.00620	0.00826	0.00991	0.01033	0.00578	0.00661	0.00991	0.01363	0.01818	0.03925	0.74510	0.04710	0.02231	0.00909	0.00289	0.00413	0.02024	0.00661	0.00578
24	0.01652	0.01771	0.03604	0.03269	0.22922	0.01691	0.44550	0.02170	0.01643	0.02264	0.01571	0.06545	0.01328	0.00715	0.00805	0.00235	0.01047	0.00857	0.00377	0.00984
25	0.01361	0.01287	0.02231	0.51618	0.10444	0.01492	0.07596	0.01804	0.01465	0.01916	0.01618	0.09039	0.01433	0.00878	0.00750	0.00243	0.00901	0.02744	0.00367	0.00813
26	0.01058	0.01168	0.11760	0.00993	0.01219	0.00836	0.00839	0.01258	0.01287	0.01731	0.07514	0.04490	0.14795	0.40789	0.06885	0.00535	0.00742	0.01040	0.00473	0.00588
27	0.02618	0.03031	0.02046	0.04564	0.02307	0.55359	0.01395	0.15905	0.02262	0.02296	0.01229	0.01393	0.00977	0.00757	0.00659	0.00192	0.01171	0.00502	0.00434	0.00901
28	0.20054	0.01656	0.01728	0.01594	0.07643	0.06175	0.01173	0.20892	0.10504	0.14081	0.06131	0.02020	0.01640	0.00840	0.00656	0.00218	0.00684	0.00644	0.00631	0.01035
29	0.04829	0.06414	0.03875	0.13211	0.08233	0.01822	0.01448	0.28554	0.06006	0.13484	0.03920	0.01958	0.01430	0.00816	0.00691	0.00217	0.00760	0.00652	0.00602	0.01078

[dist]
# distance from previous block
# <min> <max>
0	26

[block]
# block no. 4 follows, 29 sequences, length 40
# corresponding to MSA columns:
# 152-191
name=unknown_E
#
# <colnr> <probs for GDERKNQSTAVLIFYWHMCP>
#	G	D	E	R	K	N	Q	S	T	A	V	L	I	F	Y	W	H	M	C	P
0	0.01511	0.01263	0.02003	0.08402	0.14331	0.02816	0.11943	0.03562	0.03948	0.07835	0.02784	0.27216	0.06722	0.01298	0.00806	0.00248	0.00712	0.01208	0.00542	0.00851
1	0.31173	0.01617	0.06184	0.01281	0.01783	0.04191	0.03490	0.12398	0.01737	0.09037	0.01653	0.09243	0.01410	0.00862	0.00607	0.00211	0.00660	0.00663	0.00528	0.11274
2	0.06018	0.00729	0.00915	0.01001	0.01126	0.00692	0.00709	0.01280	0.01470	0.06864	0.08459	0.54160	0.07457	0.01952	0.00861	0.00275	0.00437	0.04276	0.00671	0.00646
3	0.05319	0.01611	0.02885	0.23631	0.03536	0.01727	0.30146	0.06327	0.06586	0.02360	0.01496	0.01927	0.01134	0.00720	0.00830	0.00238	0.04673	0.00724	0.03220	0.00909
4	0.00868	0.00620	0.00826	0.00991	0.01033	0.00578	0.00661	0.00991	0.01363	0.01818	0.03925	0.74510	0.04710	0.02231	0.00909	0.00289	0.00413	0.02024	0.00661	0.00578
5	0.02044	0.01769	0.01938	0.04703	0.10049	0.06159	0.01356	0.19767	0.37926	0.03164	0.02242	0.02199	0.01683	0.00875	0.00714	0.00227	0.00711	0.00716	0.00640	0.01117
6	0.08983	0.01906	0.02699	0.08947	0.23316	0.12491	0.17431	0.02363	0.03819	0.05716	0.01394	0.01736	0.01093	0.00703	0.00782	0.00223	0.04387	0.00643	0.00398	0.00968
7	0.15300	0.01412	0.04362	0.05982	0.14647	0.03605	0.05804	0.07083	0.01666	0.02530	0.11176	0.12494	0.02397	0.01144	0.00844	0.04929	0.00692	0.02604	0.00502	0.00828
8	0.01681	0.01921	0.04202	0.03001	0.03721	0.01801	0.67947	0.02281	0.01681	0.02281	0.01441	0.01921	0.01080	0.00600	0.00840	0.00240	0.01200	0.00840	0.00360	0.00960
9	0.01485	0.01422	0.04250	0.31440	0.24938	0.01487	0.03418	0.04653	0.01683	0.02304	0.13727	0.02452	0.02059	0.00823	0.00735	0.00225	0.00808	0.00754	0.00429	0.00906
10	0.10251	0.01168	0.01515	0.09369	0.08886	0.01233	0.01137	0.09143	0.01784	0.10725	0.11535	0.14308	0.06108	0.01200	0.00798	0.00239	0.03220	0.03402	0.03127	0.00851
11	0.01716	0.00891	0.01142	0.00985	0.01299	0.00784	0.00772	0.01999	0.01941	0.25826	0.34107	0.04656	0.18320	0.01333	0.00798	0.00226	0.00433	0.01138	0.00791	0.00841
12	0.01111	0.00792	0.00978	0.00947	0.01138	0.00749	0.00703	0.01519	0.07240	0.05400	0.40957	0.17496	0.15093	0.01581	0.00838	0.00239	0.00383	0.01387	0.00743	0.00704
13	0.00982	0.00665	0.00833	0.00908	0.00947	0.00642	0.00591	0.01041	0.01242	0.01650	0.05020	0.33456	0.05723	0.30793	0.02126	0.06768	0.00548	0.05013	0.00546	0.00507
14	0.05513	0.00772	0.00917	0.00949	0.01071	0.00753	0.00650	0.03571	0.01433	0.06142	0.06105	0.38808	0.06803	0.18661	0.01469	0.00362	0.00500	0.01475	0.03421	0.00623
15	0.01567	0.07421	0.37978	0.02400	0.03280	0.01790	0.30844	0.02259	0.01577	0.02230	0.01330	0.01662	0.00980	0.00639	0.00734	0.00227	0.01098	0.00653	0.00327	0.01004
16	0.01847	0.02038	0.06563	0.08101	0.49403	0.12118	0.05206	0.02268	0.01664	0.02202	0.01301	0.01693	0.01071	0.00655	0.00701	0.00211	0.00946	0.00612	0.00350	0.01050
17	0.00945	0.00755	0.00849	0.00820	0.01037	0.00675	0.00616	0.01259	0.04399	0.02340	0.32405	0.06072	0.42016	0.01631	0.00836	0.00234	0.00359	0.01389	0.00713	0.00650
18	0.00975	0.00725	0.00824	0.00821	0.01018	0.00633	0.00601	0.01179	0.01667	0.04575	0.20647	0.15812	0.41475	0.04649	0.00956	0.00261	0.00384	0.01481	0.00688	0.00629
19	0.04917	0.00771	0.00937	0.00927	0.01085	0.00725	0.00653	0.01413	0.01540	0.09807	0.18535	0.26254	0.11114	0.16431	0.01389	0.00339	0.00474	0.01381	0.00657	0.00652
20	0.01508	0.01257	0.01461	0.01085	0.01652	0.01022	0.00865	0.05970	0.03831	0.02540	0.09437	0.01980	0.01766	0.00671	0.00582	0.00131	0.00522	0.00550	0.00492	0.62680
21	0.01017	0.00763	0.01144	0.01144	0.01272	0.00890	0.00890	0.01272	0.01144	0.01653	0.01907	0.02797	0.01780	0.05340	0.72153	0.01144	0.01907	0.00763	0.00381	0.00636
22	0.00975	0.00727	0.00862	0.00897	0.01042	0.00671	0.00636	0.03656	0.01595	0.02071	0.14892	0.31682	0.26991	0.05384	0.01075	0.03587	0.00420	0.01574	0.00656	0.00607
23	0.07910	0.01506	0.02025	0.21486	0.15912	0.05422	0.03809	0.04864	0.10461	0.10206	0.04667	0.02301	0.04724	0.00829	0.00703	0.00225	0.00778	0.00710	0.00504	0.00956
24	0.01938	0.17968	0.06269	0.01634	0.02129	0.13536	0.08539	0.06504	0.18538	0.04330	0.04777	0.02128	0.04215	0.00849	0.00732	0.00211	0.03567	0.00673	0.00500	0.00964
25	0.01754	0.01713	0.02782	0.11171	0.61413	0.04312	0.02134	0.02173	0.01616	0.02254	0.01323	0.01758	0.01102	0.00646	0.00703	0.00213	0.00873	0.00628	0.00349	0.01083
26	0.00866	0.00625	0.00821	0.00978	0.01029	0.00580	0.00655	0.00993	0.01376	0.01823	0.04092	0.71073	0.08039	0.02209	0.00905	0.00287	0.00410	0.01998	0.00661	0.00580
27	0.01949	0.64078	0.07823	0.01308	0.01942	0.02688	0.01320	0.08278	0.01627	0.01973	0.01075	0.01218	0.00941	0.00636	0.00494	0.00163	0.00782	0.00414	0.00342	0.00950
28	0.01471	0.18692	0.20960	0.05144	0.02496	0.01744	0.13970	0.01927	0.01474	0.02004	0.03684	0.11536	0.01683	0.01201	0.05260	0.00282	0.04410	0.00801	0.00382	0.00877
29	0.01140	0.00790	0.01068	0.01184	0.04964	0.00778	0.00794	0.01361	0.05015	0.04629	0.08331	0.30270	0.11509	0.02345	0.10243	0.12363	0.00662	0.01338	0.00576	0.00639
30	0.01419	0.01322	0.01946	0.01675	0.01780	0.01689	0.06380	0.03964	0.01244	0.01833	0.01487	0.07172	0.01490	0.06224	0.16568	0.00494	0.41401	0.00791	0.00376	0.00745
31	0.14531	0.05547	0.10817	0.04474	0.07695	0.09107	0.04041	0.14443	0.06135	0.08540	0.01627	0.01763	0.02581	0.00795	0.00743	0.00220	0.04857	0.00595	0.00496	0.00993
32	0.01747	0.01691	0.02897	0.09960	0.40639	0.01751	0.14243	0.05392	0.07323	0.02405	0.01484	0.01869	0.01187	0.00696	0.00792	0.00225	0.03558	0.00687	0.00397	0.01057
33	0.00911	0.00641	0.00860	0.00984	0.01044	0.00615	0.00673	0.01017	0.01323	0.01761	0.03716	0.56769	0.08460	0.02543	0.08395	0.06794	0.00580	0.01746	0.00604	0.00564
34	0.01462	0.01290	0.05689	0.01318	0.04099	0.03698	0.01028	0.12584	0.05075	0.04958	0.10787	0.19729	0.13527	0.01894	0.09177	0.00347	0.00735	0.01175	0.00616	0.00812
35	0.16266	0.01409	0.01538	0.07875	0.01956	0.06968	0.01098	0.05025	0.06319	0.25178	0.08075	0.04036	0.03982	0.00972	0.00764	0.00230	0.04129	0.02598	0.00639	0.00943
36	0.04214	0.01660	0.04949	0.28567	0.03381	0.07157	0.15268	0.05181	0.01628	0.06286	0.01582	0.07383	0.01320	0.00842	0.00814	0.00233	0.04629	0.00754	0.00416	0.03739
37	0.02321	0.01715	0.01866	0.14403	0.02472	0.09936	0.01319	0.26518	0.04099	0.16345	0.05332	0.04402	0.04223	0.00928	0.00722	0.00220	0.00784	0.00741	0.00633	0.01020
38	0.01659	0.03715	0.01428	0.01196	0.01491	0.01017	0.04547	0.03363	0.06281	0.19394	0.03701	0.26515	0.14598	0.04403	0.00961	0.00267	0.02679	0.01286	0.00673	0.00826
39	0.01338	0.00922	0.01183	0.01076	0.01243	0.00924	0.03881	0.05230	0.06266	0.06380	0.12724	0.09019	0.03223	0.36759	0.02170	0.00461	0.00631	0.05335	0.00576	0.00658

[dist]
# distance from previous block
# <min> <max>
4	24

[block]
# block no. 5 follows, 29 sequences, length 36
# corresponding to MSA columns:
# 216-251
name=unknown_F
#
# <colnr> <probs for GDERKNQSTAVLIFYWHMCP>
#	G	D	E	R	K	N	Q	S	T	A	V	L	I	F	Y	W	H	M	C	P
0	0.01611	0.01247	0.01684	0.12552	0.04125	0.07284	0.07383	0.01888	0.03511	0.10973	0.07339	0.10315	0.04624	0.05167	0.06555	0.10737	0.00834	0.00909	0.00506	0.00754
1	0.01140	0.00867	0.01313	0.01446	0.08868	0.00820	0.04749	0.01287	0.01461	0.01972	0.12859	0.23815	0.10624	0.01798	0.01257	0.16933	0.00551	0.05315	0.00548	0.02378
2	0.01754	0.01868	0.08889	0.07816	0.23498	0.05271	0.15347	0.06999	0.01707	0.04772	0.01732	0.02182	0.04527	0.05133	0.01001	0.00255	0.05142	0.00726	0.00410	0.00969
3	0.03358	0.01478	0.02319	0.22491	0.20720	0.04976	0.09823	0.03743	0.01636	0.06368	0.07930	0.02192	0.01634	0.00906	0.00898	0.06655	0.00851	0.00711	0.00425	0.00887
4	0.01210	0.00746	0.00999	0.04459	0.01262	0.00710	0.00734	0.01304	0.01464	0.07828	0.14426	0.18292	0.16999	0.02008	0.04088	0.20542	0.00543	0.01207	0.00582	0.00597
5	0.00992	0.00701	0.00783	0.00777	0.00845	0.00670	0.00479	0.01065	0.01259	0.01646	0.10292	0.05184	0.17080	0.52169	0.02758	0.00549	0.00585	0.01159	0.00516	0.00492
6	0.01129	0.01176	0.07196	0.06901	0.05845	0.00978	0.09049	0.01470	0.01627	0.02205	0.19566	0.23842	0.13247	0.01454	0.00829	0.00247	0.00599	0.01323	0.00582	0.00736
7	0.01691	0.05240	0.02708	0.12556	0.44694	0.04270	0.06218	0.02168	0.04652	0.02205	0.01533	0.06063	0.01342	0.00754	0.00713	0.00219	0.00856	0.00718	0.00382	0.01020
8	0.03870	0.00708	0.00894	0.00905	0.01011	0.00697	0.00637	0.01113	0.01319	0.01813	0.12602	0.13809	0.15231	0.11267	0.11089	0.20182	0.00680	0.01129	0.00518	0.00525
9	0.01017	0.00763	0.01144	0.01144	0.01272	0.00890	0.00890	0.01272	0.01144	0.01653	0.01907	0.02797	0.01780	0.05340	0.72153	0.01144	0.01907	0.00763	0.00381	0.00636
10	0.01477	0.01266	0.01477	0.01055	0.01687	0.00949	0.00844	0.01793	0.01477	0.02320	0.01266	0.01477	0.01055	0.00527	0.00527	0.00105	0.00527	0.00422	0.00422	0.79328
11	0.01133	0.00911	0.01177	0.05655	0.03451	0.00971	0.00894	0.04612	0.05588	0.01999	0.03601	0.28777	0.15942	0.06753	0.10607	0.00408	0.04926	0.01344	0.00565	0.00686
12	0.00956	0.00673	0.00827	0.00868	0.00970	0.00621	0.00594	0.01056	0.01433	0.01878	0.15150	0.26545	0.20837	0.12400	0.01512	0.10634	0.00453	0.01446	0.00603	0.00544
13	0.01762	0.01710	0.02625	0.11333	0.52541	0.05101	0.02006	0.02355	0.09125	0.02316	0.01493	0.01853	0.01215	0.00684	0.00705	0.00216	0.00847	0.00645	0.00391	0.01077
14	0.01721	0.01618	0.02696	0.18611	0.53531	0.01694	0.02102	0.05306	0.01664	0.02325	0.01342	0.01788	0.01095	0.00661	0.00707	0.00217	0.00864	0.00634	0.00362	0.01062
15	0.01091	0.00807	0.00942	0.00981	0.01131	0.00799	0.00696	0.04207	0.08880	0.02169	0.07904	0.38898	0.14873	0.06253	0.01001	0.00284	0.00443	0.01544	0.06426	0.00671
16	0.01046	0.00716	0.00867	0.00897	0.00992	0.00696	0.00612	0.01236	0.04655	0.01913	0.12539	0.22194	0.11035	0.20328	0.01754	0.09134	0.00498	0.02980	0.05348	0.00561
17	0.01886	0.01258	0.01441	0.01252	0.01531	0.07826	0.03354	0.08635	0.01681	0.18725	0.02298	0.10121	0.02105	0.19990	0.14162	0.00504	0.00943	0.00907	0.00574	0.00807
18	0.01116	0.00770	0.00932	0.00955	0.01105	0.00723	0.00675	0.05115	0.01611	0.05451	0.11937	0.37948	0.18051	0.08827	0.01124	0.00302	0.00451	0.01591	0.00667	0.00648
19	0.01502	0.00978	0.01188	0.01133	0.01350	0.00984	0.00838	0.11050	0.07078	0.10217	0.10607	0.34329	0.03702	0.07915	0.01072	0.00296	0.00523	0.03765	0.00692	0.00783
20	0.02542	0.14850	0.02303	0.01720	0.02142	0.55432	0.01349	0.07918	0.02032	0.01950	0.01131	0.01295	0.00940	0.00723	0.00618	0.00181	0.01160	0.00461	0.00384	0.00870
21	0.00904	0.00658	0.00859	0.00995	0.01076	0.00612	0.00703	0.01068	0.01457	0.01923	0.08115	0.56705	0.11029	0.02116	0.00907	0.00285	0.00430	0.08897	0.00668	0.00594
22	0.03233	0.00799	0.00960	0.00954	0.01122	0.00762	0.00676	0.01509	0.05648	0.09041	0.14563	0.27978	0.13804	0.14097	0.01304	0.00328	0.00472	0.01412	0.00663	0.00674
23	0.01222	0.00911	0.01024	0.00962	0.01198	0.00914	0.00729	0.05045	0.13387	0.02659	0.27708	0.08728	0.19168	0.01379	0.00771	0.00226	0.00407	0.01178	0.11630	0.00754
24	0.01702	0.01630	0.02781	0.14341	0.61035	0.01676	0.02155	0.02132	0.01593	0.02253	0.01329	0.01782	0.01102	0.00646	0.00706	0.00215	0.00861	0.00634	0.00347	0.01079
25	0.00880	0.00629	0.00838	0.00983	0.01036	0.00587	0.00662	0.01023	0.01423	0.01912	0.09936	0.68231	0.04892	0.02161	0.00903	0.00283	0.00406	0.01957	0.00672	0.00587
26	0.04370	0.01290	0.01585	0.12786	0.04619	0.03388	0.01155	0.15108	0.05799	0.10926	0.02171	0.11942	0.01967	0.11280	0.08078	0.00383	0.00833	0.00891	0.00563	0.00868
27	0.01032	0.00705	0.00850	0.00850	0.00875	0.00730	0.00522	0.01082	0.01057	0.01435	0.02177	0.04291	0.02428	0.61170	0.17211	0.00780	0.00932	0.00981	0.00422	0.00472
28	0.00875	0.00630	0.00829	0.00974	0.01032	0.00585	0.00657	0.01013	0.01413	0.01883	0.07956	0.67587	0.07594	0.02167	0.00902	0.00283	0.00406	0.01959	0.00668	0.00585
29	0.06815	0.01657	0.01791	0.01479	0.01959	0.01831	0.01202	0.32543	0.25099	0.10083	0.02297	0.02448	0.01737	0.00951	0.00718	0.00231	0.00672	0.04651	0.00713	0.01124
30	0.63272	0.01456	0.01509	0.01599	0.12678	0.01623	0.04504	0.02118	0.01302	0.03007	0.01071	0.01294	0.00845	0.00654	0.00504	0.00220	0.00632	0.00450	0.00422	0.00839
31	0.01606	0.01436	0.02299	0.34778	0.28939	0.01586	0.01879	0.05044	0.04478	0.04220	0.01777	0.02178	0.05177	0.00769	0.00718	0.00226	0.00842	0.00695	0.00402	0.00952
32	0.01629	0.01449	0.01507	0.01347	0.01657	0.05808	0.01051	0.08015	0.33058	0.02586	0.05166	0.03283	0.14135	0.03794	0.04727	0.00304	0.08040	0.00896	0.00623	0.00925
33	0.56551	0.01555	0.01333	0.11131	0.01979	0.08684	0.01017	0.02215	0.01373	0.06985	0.01151	0.01350	0.00871	0.00689	0.00516	0.00219	0.00684	0.00448	0.00443	0.00806
34	0.02723	0.01737	0.01964	0.01521	0.02061	0.01856	0.01254	0.48927	0.02909	0.20055	0.01981	0.01942	0.01375	0.01125	0.04916	0.00270	0.00808	0.00666	0.00733	0.01177
35	0.01383	0.01042	0.01211	0.01126	0.01372	0.01093	0.00874	0.05817	0.16171	0.05782	0.15006	0.07310	0.17787	0.08599	0.01170	0.00294	0.04327	0.08179	0.00668	0.00789

[dist]
# distance from previous block
# <min> <max>
0	1

[block]
# block no. 6 follows, 29 sequences, length 23
# corresponding to MSA columns:
# 253-275
name=unknown_G
#
# <colnr> <probs for GDERKNQSTAVLIFYWHMCP>
#	G	D	E	R	K	N	Q	S	T	A	V	L	I	F	Y	W	H	M	C	P
0	0.02496	0.01890	0.02019	0.01596	0.02128	0.02110	0.01303	0.53683	0.18166	0.04148	0.01977	0.01923	0.01427	0.00880	0.00715	0.00220	0.00734	0.00678	0.00715	0.01192
1	0.00988	0.00719	0.00866	0.00917	0.01018	0.00682	0.00622	0.03748	0.01491	0.01969	0.11560	0.37937	0.15143	0.17256	0.01451	0.00355	0.00469	0.01592	0.00629	0.00587
2	0.00875	0.00642	0.00824	0.00967	0.01041	0.00591	0.00664	0.01015	0.01411	0.01845	0.04377	0.62415	0.13830	0.02161	0.00902	0.00284	0.00415	0.04495	0.00661	0.00585
3	0.01716	0.37812	0.23098	0.01866	0.02627	0.02249	0.17192	0.02202	0.01518	0.01982	0.01177	0.01427	0.00949	0.00626	0.00609	0.00194	0.00947	0.00529	0.00316	0.00964
4	0.01120	0.00919	0.01247	0.01216	0.01320	0.03062	0.00937	0.01335	0.01170	0.01655	0.01925	0.07516	0.01904	0.09194	0.52419	0.00930	0.10253	0.00840	0.00395	0.00641
5	0.00900	0.00650	0.00810	0.00931	0.01013	0.00600	0.00637	0.01040	0.01402	0.01851	0.04319	0.53919	0.15618	0.06474	0.01048	0.00302	0.00426	0.03948	0.03534	0.00579
6	0.01608	0.00838	0.01021	0.00946	0.01126	0.00802	0.00670	0.01805	0.03238	0.18327	0.02622	0.08713	0.02517	0.35210	0.02058	0.00442	0.00596	0.05285	0.11482	0.00694
7	0.07204	0.02620	0.02225	0.02215	0.13220	0.39122	0.04532	0.11930	0.02025	0.02342	0.01225	0.01459	0.00993	0.00754	0.00757	0.00205	0.05292	0.00536	0.00415	0.00929
8	0.00859	0.00722	0.00746	0.00740	0.00973	0.00609	0.00555	0.01057	0.01665	0.02024	0.13995	0.06688	0.63401	0.01766	0.00841	0.00239	0.00358	0.01480	0.00674	0.00609
9	0.07284	0.02710	0.35566	0.02102	0.02930	0.01756	0.18525	0.13221	0.01853	0.05255	0.01427	0.01652	0.01021	0.00694	0.00708	0.00227	0.00993	0.00621	0.00415	0.01042
10	0.01114	0.00908	0.01156	0.01146	0.01273	0.05001	0.00870	0.01338	0.01184	0.01629	0.01896	0.02907	0.01816	0.12439	0.60756	0.01041	0.01742	0.00774	0.00386	0.00625
11	0.01830	0.01397	0.01598	0.06232	0.01999	0.01566	0.01168	0.05695	0.46307	0.09708	0.05579	0.03166	0.02383	0.01051	0.00752	0.00246	0.00601	0.06960	0.00708	0.01053
12	0.01419	0.01312	0.02044	0.60683	0.04369	0.01615	0.01829	0.02163	0.13306	0.02022	0.01552	0.02031	0.01164	0.00756	0.00714	0.00238	0.00882	0.00663	0.00388	0.00850
13	0.01431	0.00959	0.01230	0.01291	0.04212	0.00953	0.00961	0.07006	0.05638	0.09100	0.05952	0.23151	0.08328	0.06605	0.01052	0.00303	0.00570	0.19831	0.00666	0.00764
14	0.01736	0.01394	0.01776	0.04393	0.11396	0.01486	0.02829	0.20967	0.12937	0.02987	0.09632	0.12335	0.05432	0.01199	0.00782	0.00240	0.00651	0.06233	0.00636	0.00957
15	0.01386	0.01084	0.01578	0.05712	0.04216	0.01030	0.07639	0.05562	0.01610	0.05771	0.09184	0.18716	0.05095	0.08443	0.05833	0.00325	0.00709	0.01072	0.00544	0.14492
16	0.01343	0.01278	0.06052	0.01258	0.04254	0.00978	0.00993	0.01732	0.04959	0.02188	0.02052	0.14634	0.02048	0.05962	0.00860	0.00211	0.00578	0.05485	0.00485	0.42651
17	0.01603	0.13801	0.01625	0.01142	0.01442	0.01254	0.00893	0.08543	0.03830	0.11055	0.02808	0.36154	0.02958	0.04451	0.00870	0.00254	0.00558	0.01268	0.00614	0.04875
18	0.06540	0.02052	0.16726	0.01682	0.03932	0.10365	0.08308	0.04473	0.01604	0.05797	0.01620	0.06873	0.01388	0.01399	0.10243	0.00327	0.01006	0.00677	0.00428	0.14561
19	0.06108	0.02102	0.20175	0.02026	0.10722	0.03347	0.06673	0.07926	0.01769	0.18676	0.01681	0.01833	0.01211	0.00947	0.03715	0.00259	0.05114	0.00619	0.00501	0.04596
20	0.03899	0.06198	0.06567	0.13349	0.09825	0.03611	0.04122	0.10292	0.10497	0.10680	0.02004	0.07705	0.01666	0.00922	0.00713	0.00226	0.00768	0.03377	0.00535	0.03044
21	0.02205	0.08163	0.02315	0.01828	0.06764	0.15825	0.08604	0.20627	0.04789	0.07002	0.01930	0.02022	0.05974	0.00809	0.00683	0.00199	0.00859	0.00655	0.00527	0.08221
22	0.06730	0.08905	0.10996	0.05812	0.02155	0.04486	0.03987	0.14862	0.10889	0.04707	0.06517	0.05292	0.07569	0.00992	0.00705	0.00224	0.00733	0.02940	0.00553	0.00945

[dist]
# distance from previous block
# <min> <max>
1	10

[block]
# block no. 7 follows, 29 sequences, length 22
# corresponding to MSA columns:
# 286-307
name=unknown_H
#
# <colnr> <probs for GDERKNQSTAVLIFYWHMCP>
#	G	D	E	R	K	N	Q	S	T	A	V	L	I	F	Y	W	H	M	C	P
0	0.15460	0.01503	0.01713	0.04853	0.13092	0.07645	0.01216	0.05071	0.04073	0.11048	0.07433	0.07203	0.01866	0.00906	0.00748	0.00213	0.04552	0.00721	0.00527	0.10160
1	0.10222	0.04317	0.06275	0.01664	0.07952	0.08638	0.04071	0.10022	0.03584	0.07848	0.02576	0.08562	0.12265	0.01058	0.00812	0.00227	0.05659	0.00841	0.00527	0.02880
2	0.10510	0.09478	0.01769	0.07820	0.01986	0.09401	0.01133	0.07769	0.07270	0.08465	0.01991	0.09287	0.01791	0.01201	0.04097	0.00260	0.00776	0.06099	0.00526	0.08371
3	0.03929	0.15230	0.06401	0.04519	0.05457	0.06209	0.01177	0.06947	0.01701	0.13196	0.02455	0.18179	0.05971	0.04487	0.00833	0.00243	0.00696	0.00950	0.00543	0.00875
4	0.02425	0.09340	0.10253	0.01881	0.05897	0.27626	0.04406	0.17577	0.02176	0.09656	0.01454	0.01564	0.01088	0.00748	0.00665	0.00200	0.00999	0.00553	0.00484	0.01009
5	0.01415	0.01337	0.02263	0.61686	0.15933	0.01600	0.02012	0.01881	0.01457	0.01905	0.01278	0.01876	0.00979	0.00699	0.00711	0.00233	0.00932	0.00633	0.00322	0.00848
6	0.01202	0.01007	0.01415	0.10425	0.10350	0.00952	0.01091	0.01484	0.01512	0.02084	0.06474	0.24364	0.09063	0.01369	0.00774	0.00229	0.00573	0.07401	0.00534	0.17695
7	0.01356	0.01333	0.05503	0.11921	0.09477	0.01217	0.08099	0.03468	0.06731	0.02394	0.17437	0.06975	0.09888	0.01051	0.00754	0.00219	0.00661	0.00947	0.00534	0.10034
8	0.05818	0.01722	0.02389	0.32146	0.26021	0.10731	0.04237	0.02100	0.01551	0.02063	0.01248	0.01723	0.00999	0.00703	0.00753	0.00224	0.03714	0.00605	0.00343	0.00912
9	0.01468	0.01264	0.01973	0.01647	0.02000	0.01281	0.18278	0.02265	0.20908	0.05264	0.02892	0.19972	0.04858	0.07627	0.01066	0.00295	0.00705	0.04791	0.00591	0.00855
10	0.02660	0.03394	0.02018	0.01834	0.02201	0.72116	0.01376	0.02843	0.02018	0.01743	0.01101	0.01284	0.00917	0.00734	0.00642	0.00183	0.01284	0.00459	0.00367	0.00825
11	0.01495	0.01351	0.01648	0.04649	0.16166	0.09296	0.01251	0.05374	0.01573	0.02024	0.02408	0.13932	0.06321	0.04073	0.07983	0.07128	0.03964	0.08129	0.00472	0.00763
12	0.01607	0.01111	0.01382	0.01212	0.01528	0.01127	0.00958	0.14688	0.01758	0.08095	0.02186	0.07697	0.02041	0.08800	0.23408	0.00547	0.01037	0.07155	0.00544	0.13119
13	0.02378	0.01603	0.01877	0.07736	0.05141	0.03881	0.01282	0.27886	0.11217	0.18902	0.02077	0.02178	0.01514	0.03946	0.04841	0.00290	0.00806	0.00695	0.00663	0.01086
14	0.01080	0.00780	0.01057	0.01026	0.01197	0.00722	0.04198	0.01273	0.01509	0.05607	0.11675	0.27797	0.20401	0.10929	0.05210	0.00362	0.00568	0.03345	0.00627	0.00636
15	0.01237	0.00952	0.01513	0.13459	0.11305	0.00975	0.04011	0.01419	0.01381	0.03825	0.04149	0.32327	0.02806	0.04034	0.01212	0.12329	0.00639	0.01250	0.00497	0.00680
16	0.05117	0.06027	0.05470	0.01692	0.05084	0.20464	0.01340	0.11685	0.06450	0.13597	0.01640	0.01870	0.01282	0.05109	0.01036	0.00246	0.09810	0.00607	0.00515	0.00962
17	0.08163	0.01297	0.04022	0.03772	0.13340	0.04213	0.03224	0.07468	0.01630	0.02296	0.04670	0.24456	0.08754	0.01600	0.04636	0.03299	0.00712	0.01137	0.00525	0.00788
18	0.01161	0.00789	0.00937	0.00960	0.01096	0.00777	0.00688	0.07296	0.01576	0.02173	0.06512	0.30586	0.10980	0.10755	0.01261	0.04503	0.00486	0.05348	0.11488	0.00627
19	0.06245	0.01911	0.04784	0.09737	0.11431	0.14171	0.11451	0.10871	0.01802	0.02377	0.01505	0.02081	0.01263	0.01397	0.10319	0.00348	0.03402	0.03583	0.00420	0.00903
20	0.04164	0.01711	0.08003	0.09506	0.09785	0.08261	0.03990	0.09664	0.01801	0.02437	0.11778	0.08059	0.05529	0.01086	0.00923	0.00238	0.08711	0.02994	0.00497	0.00862
21	0.01597	0.01299	0.03037	0.01726	0.13774	0.07294	0.03235	0.03631	0.01610	0.09281	0.09423	0.08308	0.10613	0.11774	0.01394	0.09067	0.00686	0.00956	0.00528	0.00767

[dist]
# distance from previous block
# <min> <max>
0	1

[block]
# block no. 8 follows, 29 sequences, length 35
# corresponding to MSA columns:
# 309-343
name=unknown_I
#
# <colnr> <probs for GDERKNQSTAVLIFYWHMCP>
#	G	D	E	R	K	N	Q	S	T	A	V	L	I	F	Y	W	H	M	C	P
0	0.05644	0.00907	0.01103	0.01218	0.04875	0.00919	0.00816	0.06743	0.06198	0.02240	0.05934	0.44883	0.08204	0.05670	0.00980	0.00287	0.00492	0.01548	0.00633	0.00704
1	0.09615	0.01805	0.05756	0.08022	0.14869	0.01837	0.01526	0.30198	0.07363	0.09490	0.01701	0.01807	0.01237	0.00785	0.00685	0.00219	0.00769	0.00628	0.00582	0.01105
2	0.04188	0.05479	0.02158	0.04990	0.24747	0.04782	0.03970	0.11916	0.07936	0.02523	0.02313	0.06358	0.08782	0.05686	0.00902	0.00250	0.00750	0.00821	0.00494	0.00956
3	0.01431	0.00914	0.01122	0.01092	0.01311	0.00899	0.00818	0.03869	0.10897	0.12126	0.11962	0.27960	0.09197	0.06441	0.01020	0.00288	0.00497	0.06680	0.00703	0.00774
4	0.28450	0.03717	0.01562	0.01343	0.03739	0.12002	0.04491	0.03474	0.01516	0.07565	0.03497	0.07844	0.01515	0.02700	0.00849	0.06630	0.00709	0.00660	0.00473	0.07265
5	0.18137	0.11292	0.05564	0.07618	0.06580	0.10717	0.05315	0.17104	0.01952	0.02806	0.03958	0.01775	0.01273	0.00768	0.00632	0.00210	0.00831	0.02064	0.00466	0.00938
6	0.07734	0.00953	0.01186	0.01291	0.08523	0.00914	0.00850	0.01679	0.03570	0.10558	0.15700	0.09910	0.19961	0.10679	0.01137	0.00294	0.00514	0.03165	0.00632	0.00751
7	0.04225	0.00972	0.01034	0.01068	0.01227	0.05372	0.00760	0.05322	0.03702	0.04274	0.06673	0.46335	0.09967	0.04441	0.00938	0.00279	0.00509	0.01583	0.00643	0.00677
8	0.17502	0.01655	0.06155	0.03744	0.07451	0.01640	0.03701	0.21423	0.07884	0.09945	0.01853	0.05812	0.01498	0.05621	0.00859	0.00255	0.00717	0.00710	0.00577	0.00995
9	0.01365	0.01075	0.01474	0.01427	0.05873	0.01141	0.05275	0.07114	0.11212	0.02182	0.08252	0.05474	0.02414	0.20442	0.17438	0.04744	0.00949	0.00903	0.00508	0.00739
10	0.01513	0.01041	0.01229	0.01169	0.01428	0.01055	0.00898	0.12694	0.09471	0.08693	0.05795	0.29601	0.12466	0.01630	0.00835	0.00261	0.00525	0.08181	0.00700	0.00816
11	0.54525	0.01355	0.01214	0.01063	0.01495	0.01514	0.00860	0.05843	0.07589	0.11299	0.01609	0.06186	0.01293	0.00826	0.00544	0.00226	0.00562	0.00582	0.00548	0.00867
12	0.02688	0.01920	0.02078	0.01604	0.02164	0.02110	0.01322	0.60580	0.06768	0.08682	0.01843	0.01806	0.01298	0.00862	0.00713	0.00216	0.00760	0.00655	0.00724	0.01207
13	0.06643	0.02201	0.13281	0.02647	0.06838	0.06276	0.43030	0.02376	0.05230	0.02340	0.01439	0.01803	0.01085	0.00645	0.00766	0.00232	0.01091	0.00729	0.00376	0.00971
14	0.01211	0.00740	0.00950	0.00985	0.01127	0.00683	0.00707	0.01382	0.01521	0.10384	0.10843	0.36371	0.11090	0.11707	0.01243	0.00326	0.00481	0.06927	0.00670	0.00655
15	0.01027	0.00687	0.00779	0.00787	0.00789	0.00685	0.00443	0.01033	0.01051	0.01402	0.02325	0.08057	0.02692	0.71438	0.03492	0.00671	0.00677	0.01084	0.00443	0.00439
16	0.01477	0.01266	0.01477	0.01055	0.01687	0.00949	0.00844	0.01793	0.01477	0.02320	0.01266	0.01477	0.01055	0.00527	0.00527	0.00105	0.00527	0.00422	0.00422	0.79328
