[name]
unknown

[dist]
# distance from previous block
# <min> <max>
0	0

[block]
# block no. 0 follows, 31 sequences, length 32
# corresponding to MSA columns:
# 0-31
name=unknown_A
#
# <colnr> <probs for GDERKNQSTAVLIFYWHMCP>
#	G	D	E	R	K	N	Q	S	T	A	V	L	I	F	Y	W	H	M	C	P
0	0.01102	0.00787	0.01102	0.01260	0.01417	0.00787	0.01102	0.01417	0.01575	0.02047	0.03622	0.07717	0.03937	0.01890	0.00945	0.00315	0.00630	0.67084	0.00630	0.00630
1	0.04080	0.01200	0.01487	0.01200	0.01630	0.01166	0.00969	0.08045	0.10934	0.34546	0.14900	0.02670	0.02459	0.00934	0.00747	0.00208	0.03329	0.00758	0.00727	0.08010
2	0.01473	0.01188	0.01465	0.01135	0.01601	0.01040	0.03951	0.11366	0.01753	0.02574	0.11783	0.08764	0.02180	0.00846	0.00622	0.00157	0.00527	0.00725	0.04075	0.42773
3	0.07327	0.01686	0.01680	0.04135	0.01928	0.07028	0.01139	0.31054	0.22597	0.03328	0.01936	0.01946	0.01439	0.00824	0.00644	0.00208	0.00672	0.00635	0.08777	0.01015
4	0.01127	0.00897	0.01135	0.01062	0.01254	0.00910	0.02724	0.08161	0.01718	0.02288	0.19951	0.22042	0.22050	0.01592	0.00932	0.00245	0.06373	0.04232	0.00633	0.00674
5	0.02915	0.01127	0.01525	0.01182	0.01672	0.00980	0.00962	0.03160	0.01886	0.66890	0.02659	0.02489	0.01753	0.06437	0.00896	0.00245	0.00588	0.00711	0.00815	0.01108
6	0.01345	0.01082	0.01269	0.03353	0.01553	0.01191	0.00963	0.05224	0.30976	0.02434	0.07626	0.22286	0.03158	0.01578	0.04095	0.00292	0.00580	0.09515	0.00649	0.00831
7	0.01040	0.00711	0.00861	0.00846	0.01035	0.00630	0.00625	0.01264	0.01676	0.07387	0.29433	0.19741	0.28963	0.01629	0.00812	0.00233	0.00366	0.01414	0.00694	0.00642
8	0.01640	0.01772	0.05032	0.12647	0.29179	0.04765	0.27208	0.02186	0.04659	0.02156	0.01370	0.01779	0.01074	0.00627	0.00724	0.00217	0.00965	0.00681	0.00352	0.00966
9	0.00872	0.00688	0.00787	0.00778	0.00967	0.00602	0.00578	0.01099	0.01685	0.02185	0.31524	0.11524	0.41004	0.01637	0.00813	0.00229	0.00341	0.01404	0.00681	0.00602
10	0.07760	0.01614	0.01835	0.01453	0.01946	0.08780	0.06518	0.17910	0.07828	0.29963	0.02300	0.02184	0.05071	0.00844	0.00679	0.00211	0.00714	0.00682	0.00668	0.01041
11	0.01756	0.11908	0.07404	0.05112	0.19603	0.04853	0.04414	0.11199	0.01727	0.02380	0.01257	0.01503	0.01014	0.00616	0.00600	0.00170	0.00761	0.00515	0.00394	0.22816
12	0.21789	0.17510	0.02167	0.06674	0.11514	0.26078	0.01291	0.02257	0.01541	0.02092	0.01051	0.01278	0.00875	0.00648	0.00544	0.00186	0.00874	0.00442	0.00353	0.00835
13	0.01289	0.00930	0.01075	0.01018	0.01265	0.00958	0.00802	0.04935	0.15517	0.04856	0.16641	0.04413	0.16415	0.01602	0.06538	0.00297	0.00557	0.09034	0.11102	0.00756
14	0.04129	0.00734	0.00898	0.00850	0.01041	0.00677	0.00640	0.01321	0.01814	0.04954	0.52088	0.08271	0.17164	0.01441	0.00791	0.00220	0.00347	0.01252	0.00718	0.00651
15	0.00854	0.00615	0.00811	0.00949	0.01010	0.00573	0.00652	0.00998	0.01376	0.01833	0.08564	0.64605	0.07572	0.02063	0.00869	0.00273	0.00400	0.04774	0.00643	0.00566
16	0.01604	0.01389	0.01825	0.01318	0.01928	0.01177	0.09218	0.11044	0.01689	0.02510	0.01295	0.01501	0.01037	0.00558	0.00568	0.00131	0.00619	0.00483	0.00436	0.59669
17	0.00861	0.00656	0.00792	0.00841	0.00977	0.00587	0.00599	0.01052	0.01560	0.02045	0.22742	0.33775	0.27421	0.01808	0.00834	0.00246	0.00360	0.01590	0.00666	0.00587
18	0.01262	0.01175	0.01969	0.69451	0.04465	0.01456	0.01816	0.01695	0.01364	0.01748	0.01385	0.06707	0.01151	0.00781	0.00697	0.00231	0.00878	0.00697	0.00326	0.00746
19	0.00855	0.00688	0.00762	0.00757	0.00956	0.00595	0.00563	0.01067	0.01649	0.02093	0.24783	0.10738	0.48761	0.01666	0.00812	0.00230	0.00343	0.01419	0.00668	0.00595
20	0.01039	0.00743	0.00892	0.00865	0.00873	0.00806	0.00542	0.01069	0.01007	0.01373	0.02020	0.04089	0.02292	0.64493	0.07993	0.00659	0.07446	0.00942	0.00401	0.00458
21	0.00858	0.00695	0.00762	0.00745	0.00954	0.00599	0.00559	0.01077	0.01676	0.02125	0.26849	0.06128	0.51320	0.01629	0.00808	0.00226	0.00339	0.01380	0.00672	0.00599
22	0.02556	0.03261	0.01939	0.01763	0.02115	0.73210	0.01322	0.02732	0.01939	0.01674	0.01058	0.01234	0.00881	0.00705	0.00617	0.00176	0.01234	0.00441	0.00353	0.00793
23	0.01292	0.01216	0.02052	0.74312	0.04712	0.01520	0.01900	0.01748	0.01368	0.01748	0.01216	0.01824	0.00912	0.00684	0.00684	0.00228	0.00912	0.00608	0.00304	0.00760
24	0.01820	0.01823	0.02499	0.14053	0.47012	0.12085	0.01904	0.06600	0.01695	0.02219	0.01266	0.01642	0.01034	0.00649	0.00670	0.00203	0.00885	0.00585	0.00358	0.00999
25	0.01562	0.02041	0.14790	0.07251	0.12810	0.01692	0.42844	0.02130	0.01546	0.02148	0.01319	0.01747	0.01004	0.00620	0.00804	0.00227	0.03480	0.00712	0.00332	0.00943
26	0.00876	0.00656	0.00798	0.00855	0.00975	0.00596	0.00604	0.01050	0.01497	0.01964	0.18767	0.33902	0.23452	0.07357	0.01038	0.00281	0.00395	0.03720	0.00643	0.00573
27	0.01281	0.00709	0.00953	0.01006	0.01143	0.00646	0.00709	0.01429	0.01440	0.15833	0.03556	0.60870	0.03958	0.01884	0.00836	0.00265	0.00434	0.01693	0.00677	0.00677
28	0.04428	0.01931	0.04868	0.05378	0.25214	0.10506	0.24872	0.07878	0.01729	0.02317	0.01323	0.01692	0.01045	0.00765	0.02829	0.00237	0.01006	0.00650	0.00373	0.00961
29	0.05083	0.02686	0.01996	0.02004	0.11270	0.47846	0.01382	0.09583	0.07807	0.02170	0.01291	0.01444	0.01035	0.00721	0.00632	0.00189	0.01045	0.00507	0.00417	0.00893
30	0.01787	0.01666	0.01411	0.01329	0.03851	0.23569	0.00982	0.04648	0.01769	0.10773	0.07862	0.06541	0.22349	0.01350	0.03967	0.00251	0.03660	0.00917	0.00548	0.00771
31	0.02112	0.12022	0.05765	0.01747	0.06803	0.04164	0.08290	0.21574	0.13299	0.11525	0.01982	0.01996	0.04046	0.00793	0.00666	0.00205	0.00752	0.00657	0.00562	0.01039

[dist]
# distance from previous block
# <min> <max>
0	9

[block]
# block no. 1 follows, 31 sequences, length 56
# corresponding to MSA columns:
# 41-96
name=unknown_B
#
# <colnr> <probs for GDERKNQSTAVLIFYWHMCP>
#	G	D	E	R	K	N	Q	S	T	A	V	L	I	F	Y	W	H	M	C	P
0	0.02266	0.08497	0.10464	0.05277	0.09343	0.11412	0.01501	0.25994	0.04141	0.12174	0.01573	0.01649	0.01143	0.00744	0.00650	0.00200	0.00831	0.00571	0.00528	0.01042
1	0.04941	0.25858	0.11353	0.08397	0.11618	0.01888	0.05565	0.04756	0.05519	0.07195	0.01392	0.01586	0.01086	0.00661	0.00586	0.00189	0.00770	0.00532	0.03307	0.02800
2	0.01917	0.01706	0.01767	0.01465	0.01928	0.08485	0.03839	0.16482	0.36856	0.02916	0.02089	0.02038	0.01577	0.00806	0.00661	0.00201	0.00669	0.00654	0.00602	0.13339
3	0.01269	0.00991	0.01150	0.01138	0.04630	0.00982	0.00814	0.14510	0.04667	0.02528	0.16394	0.17377	0.27923	0.01483	0.00785	0.00230	0.00461	0.01269	0.00654	0.00744
4	0.00987	0.00666	0.00752	0.00750	0.00766	0.00659	0.00430	0.01009	0.01061	0.01414	0.05664	0.04585	0.05220	0.69629	0.03255	0.00626	0.00635	0.01023	0.00439	0.00432
5	0.01445	0.02861	0.46835	0.02136	0.02928	0.01695	0.17269	0.02096	0.01424	0.02096	0.01214	0.01542	0.00910	0.00714	0.00919	0.00232	0.11843	0.00587	0.00303	0.00953
6	0.02627	0.01263	0.01575	0.01274	0.01757	0.01231	0.01031	0.03432	0.24112	0.49748	0.02727	0.02401	0.01821	0.00873	0.00691	0.00218	0.00569	0.00716	0.00798	0.01138
7	0.01419	0.01216	0.01419	0.01013	0.01621	0.00912	0.00811	0.01723	0.01419	0.02229	0.01216	0.01419	0.01013	0.00507	0.00507	0.00101	0.00507	0.00405	0.00405	0.80139
8	0.00831	0.00628	0.00768	0.00872	0.00973	0.00565	0.00601	0.00973	0.01406	0.01812	0.07087	0.52580	0.24439	0.01995	0.00852	0.00262	0.00379	0.01771	0.00639	0.00565
9	0.00832	0.00600	0.00789	0.00940	0.00989	0.00557	0.00630	0.00954	0.01322	0.01751	0.03922	0.72208	0.07729	0.02124	0.00870	0.00276	0.00395	0.01921	0.00635	0.00557
10	0.02562	0.01850	0.02002	0.01531	0.02081	0.02015	0.01264	0.63267	0.03075	0.07082	0.01666	0.01661	0.01178	0.00807	0.00676	0.00200	0.00733	0.00609	0.00677	0.05064
11	0.02558	0.03197	0.01944	0.01754	0.02115	0.69835	0.01321	0.05897	0.01999	0.01800	0.01085	0.01253	0.00895	0.00711	0.00620	0.00178	0.01211	0.00449	0.00368	0.00811
12	0.02559	0.03160	0.01947	0.01748	0.02115	0.67913	0.01320	0.07700	0.02034	0.01871	0.01101	0.01264	0.00902	0.00714	0.00622	0.00178	0.01198	0.00454	0.00377	0.00821
13	0.02628	0.01782	0.01959	0.01512	0.02049	0.01933	0.01245	0.56291	0.06266	0.14458	0.01857	0.01790	0.01288	0.00830	0.00686	0.00208	0.00717	0.00634	0.00709	0.01160
14	0.00810	0.00689	0.00697	0.00704	0.00927	0.00577	0.00525	0.00981	0.01549	0.01844	0.06795	0.09531	0.68551	0.01750	0.00811	0.00233	0.00349	0.01465	0.00635	0.00577
15	0.00896	0.00696	0.00815	0.00785	0.00978	0.00615	0.00589	0.01152	0.01766	0.02340	0.42276	0.05775	0.35759	0.01549	0.00808	0.00222	0.00333	0.01330	0.00700	0.00615
16	0.01420	0.01073	0.01547	0.30342	0.02667	0.01223	0.04082	0.09294	0.01587	0.02329	0.01689	0.02140	0.01316	0.01122	0.06925	0.00277	0.00772	0.00639	0.28801	0.00756
17	0.00830	0.00610	0.00779	0.00915	0.00982	0.00559	0.00618	0.00957	0.01346	0.01761	0.04234	0.65408	0.14328	0.02083	0.00864	0.00271	0.00390	0.01871	0.00635	0.00559
18	0.01665	0.01597	0.02727	0.09073	0.67033	0.01618	0.02086	0.02075	0.01545	0.02201	0.01282	0.01702	0.01072	0.00615	0.00678	0.00205	0.00820	0.00609	0.00336	0.01061
19	0.02567	0.01858	0.02004	0.01548	0.02086	0.02050	0.01275	0.62728	0.07132	0.07099	0.01755	0.01725	0.01241	0.00829	0.00685	0.00207	0.00733	0.00628	0.00692	0.01159
20	0.01498	0.01214	0.01427	0.01023	0.01627	0.00916	0.00820	0.01800	0.01444	0.05579	0.01287	0.01462	0.01046	0.00523	0.00515	0.00107	0.00510	0.00419	0.00426	0.76356
21	0.04339	0.01638	0.01513	0.01337	0.01652	0.18143	0.02812	0.14881	0.04650	0.09849	0.05782	0.20411	0.04409	0.04385	0.00841	0.00240	0.00718	0.00987	0.00585	0.00828
22	0.01317	0.01078	0.01212	0.01132	0.01405	0.01163	0.00873	0.02411	0.35591	0.02651	0.26041	0.07112	0.09455	0.01251	0.00762	0.00232	0.00451	0.04308	0.00704	0.00851
23	0.05943	0.01287	0.02107	0.58929	0.15165	0.01538	0.01865	0.01819	0.01386	0.01902	0.01212	0.01762	0.00929	0.00669	0.00668	0.00223	0.00874	0.00595	0.00316	0.00810
24	0.00845	0.00670	0.00761	0.00805	0.00972	0.00587	0.00587	0.01026	0.01535	0.01932	0.13492	0.25480	0.42917	0.01812	0.00831	0.00245	0.00368	0.03903	0.00649	0.00581
25	0.01098	0.00912	0.01315	0.01251	0.01333	0.01138	0.00985	0.01302	0.01096	0.01603	0.01735	0.07084	0.01716	0.06573	0.48390	0.00832	0.19849	0.00786	0.00369	0.00634
26	0.00837	0.00603	0.00794	0.00939	0.00991	0.00560	0.00631	0.00966	0.01343	0.01787	0.06388	0.70150	0.07278	0.02099	0.00868	0.00274	0.00392	0.01899	0.00639	0.00560
27	0.02601	0.01916	0.02053	0.01574	0.02122	0.02122	0.01300	0.69408	0.03217	0.04312	0.01643	0.01643	0.01163	0.00821	0.00684	0.00205	0.00753	0.00616	0.00684	0.01163
28	0.02344	0.03154	0.09378	0.01889	0.02342	0.59010	0.07945	0.02622	0.01857	0.01774	0.01106	0.01314	0.00895	0.00687	0.00639	0.00186	0.01203	0.00482	0.00345	0.00828
29	0.01660	0.04698	0.15918	0.01787	0.05146	0.08634	0.12630	0.02271	0.10575	0.08345	0.02383	0.05050	0.10291	0.01037	0.02826	0.00246	0.04353	0.00781	0.00469	0.00901
30	0.01829	0.76368	0.03585	0.01171	0.01756	0.02707	0.01171	0.02049	0.01390	0.01610	0.00951	0.01097	0.00878	0.00585	0.00439	0.00146	0.00732	0.00366	0.00293	0.00878
31	0.01434	0.01015	0.01411	0.01635	0.10764	0.01023	0.01181	0.06665	0.04634	0.07679	0.03080	0.14471	0.03178	0.01552	0.00851	0.00276	0.00626	0.37128	0.00616	0.00780
32	0.01550	0.01736	0.10060	0.19112	0.29681	0.01623	0.11427	0.03870	0.04442	0.02154	0.01400	0.03724	0.01144	0.00714	0.00775	0.00222	0.04387	0.00668	0.00357	0.00953
33	0.02338	0.10899	0.02090	0.06619	0.02172	0.31726	0.01278	0.22272	0.02178	0.05927	0.01466	0.01645	0.02513	0.03083	0.00717	0.00203	0.00943	0.00546	0.00473	0.00912
34	0.00847	0.00605	0.00809	0.00968	0.01013	0.00567	0.00658	0.00976	0.01323	0.01761	0.03763	0.72162	0.04496	0.02131	0.00877	0.00280	0.00408	0.05162	0.00635	0.00559
35	0.01262	0.00767	0.00806	0.00791	0.00974	0.00791	0.00588	0.01793	0.11875	0.02473	0.05970	0.07880	0.05583	0.03822	0.00683	0.00204	0.00372	0.00828	0.51851	0.00688
36	0.03666	0.14214	0.15616	0.01579	0.02115	0.18734	0.04128	0.08966	0.09966	0.04794	0.01539	0.03811	0.01246	0.01048	0.05432	0.00257	0.00953	0.00584	0.00433	0.00918
37	0.01419	0.10943	0.65415	0.01871	0.02839	0.01703	0.02390	0.02155	0.01439	0.02110	0.01200	0.01409	0.00868	0.00643	0.00629	0.00210	0.00983	0.00491	0.00289	0.00998
38	0.00832	0.00675	0.00742	0.00785	0.00966	0.00584	0.00578	0.01003	0.01510	0.01855	0.07537	0.22809	0.50914	0.01829	0.00830	0.00246	0.00371	0.04719	0.00638	0.00577
39	0.01439	0.01599	0.09806	0.36019	0.27281	0.01535	0.01943	0.01973	0.04728	0.02018	0.01542	0.01961	0.03806	0.00708	0.00684	0.00219	0.00849	0.00638	0.00346	0.00907
40	0.01717	0.39682	0.13472	0.01374	0.01939	0.06667	0.01357	0.02275	0.11530	0.01914	0.01317	0.01472	0.01097	0.00866	0.03678	0.00216	0.03762	0.00479	0.00364	0.04821
41	0.01750	0.43647	0.23499	0.01448	0.02141	0.02261	0.01573	0.07749	0.06375	0.02083	0.01217	0.01346	0.00983	0.00648	0.00539	0.00178	0.00802	0.00456	0.00352	0.00955
42	0.00824	0.00631	0.00757	0.00857	0.00967	0.00564	0.00593	0.00963	0.01402	0.01784	0.04932	0.50181	0.29104	0.01992	0.00849	0.00261	0.00378	0.01761	0.00635	0.00564
43	0.00946	0.00756	0.01047	0.05252	0.01356	0.00732	0.04097	0.01190	0.04125	0.01823	0.03971	0.46160	0.16345	0.05352	0.00966	0.00282	0.00481	0.03920	0.00594	0.00607
44	0.00880	0.00626	0.00801	0.00903	0.00950	0.00604	0.00595	0.00984	0.01234	0.01643	0.03412	0.50409	0.07152	0.19253	0.06860	0.00425	0.00562	0.01612	0.00565	0.00529
45	0.00925	0.00714	0.00761	0.00751	0.00983	0.00606	0.00570	0.01115	0.01594	0.04915	0.10637	0.08194	0.60436	0.01690	0.00809	0.00233	0.00365	0.03445	0.00652	0.00608
46	0.00915	0.00655	0.00814	0.00878	0.01002	0.00591	0.00619	0.01090	0.01507	0.03943	0.17089	0.43162	0.21491	0.01866	0.00840	0.00253	0.00376	0.01653	0.00663	0.00595
47	0.01014	0.00783	0.01154	0.01133	0.01242	0.00933	0.00882	0.01242	0.01092	0.01582	0.01781	0.02677	0.01685	0.07682	0.65565	0.01027	0.06815	0.00734	0.00364	0.00613
48	0.01436	0.13746	0.62766	0.01841	0.02792	0.01746	0.02338	0.02150	0.01437	0.02089	0.01189	0.01396	0.00868	0.00641	0.00620	0.00207	0.00972	0.00486	0.00289	0.00992
49	0.00846	0.00609	0.00795	0.00927	0.00983	0.00566	0.00623	0.00977	0.01351	0.01801	0.08187	0.65344	0.07785	0.04533	0.00953	0.00284	0.00399	0.01844	0.00635	0.00558
50	0.10674	0.01384	0.01507	0.01264	0.01697	0.01495	0.01013	0.14001	0.29536	0.20026	0.02333	0.02193	0.01667	0.00848	0.00645	0.00215	0.00566	0.00672	0.07221	0.01042
51	0.02624	0.01777	0.01959	0.01499	0.02046	0.01908	0.01237	0.56941	0.02959	0.14287	0.01782	0.01735	0.01236	0.00813	0.00678	0.00202	0.00718	0.00618	0.00697	0.04282
52	0.01472	0.01476	0.06926	0.04523	0.10837	0.01154	0.05177	0.04354	0.01522	0.02265	0.01526	0.01753	0.04387	0.00612	0.00585	0.00145	0.00638	0.00528	0.00402	0.49718
53	0.07502	0.02418	0.34007	0.01750	0.07569	0.08021	0.01730	0.02167	0.03845	0.08565	0.05433	0.06686	0.05669	0.00874	0.00668	0.00216	0.00813	0.00706	0.00439	0.00920
54	0.01187	0.00744	0.00912	0.00885	0.01090	0.00663	0.00662	0.01398	0.01633	0.11727	0.21057	0.18731	0.26693	0.05138	0.00937	0.00258	0.00412	0.04525	0.00682	0.00666
55	0.01404	0.01556	0.12677	0.01543	0.05171	0.03727	0.06407	0.08874	0.01715	0.04142	0.07242	0.11243	0.16574	0.01272	0.00863	0.00240	0.05133	0.08884	0.00532	0.00801

[dist]
# distance from previous block
# <min> <max>
1	4

[block]
# block no. 2 follows, 31 sequences, length 13
# corresponding to MSA columns:
# 101-113
name=unknown_C
#
# <colnr> <probs for GDERKNQSTAVLIFYWHMCP>
#	G	D	E	R	K	N	Q	S	T	A	V	L	I	F	Y	W	H	M	C	P
0	0.16927	0.04685	0.02118	0.10557	0.13209	0.12174	0.05894	0.12546	0.01758	0.06748	0.01288	0.01536	0.00994	0.00722	0.00732	0.00211	0.06007	0.00548	0.00433	0.00913
1	0.01778	0.06946	0.02767	0.03773	0.60901	0.04776	0.01968	0.04947	0.01632	0.02254	0.01268	0.01630	0.01064	0.00621	0.00658	0.00198	0.00823	0.00586	0.00351	0.01060
2	0.00852	0.00635	0.00778	0.00865	0.00962	0.00577	0.00593	0.00997	0.01413	0.01843	0.11259	0.46599	0.21029	0.07009	0.01029	0.00286	0.00395	0.01685	0.00632	0.00560
3	0.01484	0.01412	0.02398	0.40838	0.36689	0.01570	0.01995	0.01916	0.01459	0.01981	0.01250	0.01762	0.00994	0.00648	0.00681	0.00216	0.00865	0.00609	0.00321	0.00915
4	0.00914	0.00738	0.00819	0.00804	0.01019	0.00663	0.00612	0.01225	0.05115	0.02167	0.25191	0.06011	0.45920	0.01603	0.00809	0.00231	0.00363	0.04499	0.00672	0.00625
5	0.71394	0.10253	0.01312	0.00932	0.01375	0.01674	0.00792	0.02016	0.01191	0.02896	0.00952	0.01110	0.00757	0.00629	0.00425	0.00204	0.00553	0.00370	0.00408	0.00757
6	0.10356	0.02000	0.02333	0.02071	0.08657	0.19362	0.15945	0.07021	0.08070	0.02275	0.01344	0.01634	0.01082	0.00914	0.03423	0.00251	0.11371	0.00604	0.00406	0.00883
7	0.01654	0.01277	0.01433	0.01345	0.04605	0.03801	0.00977	0.20163	0.13266	0.04672	0.12408	0.16010	0.02841	0.08318	0.03797	0.00301	0.00639	0.01009	0.00628	0.00857
8	0.01220	0.00809	0.01024	0.01033	0.01231	0.00776	0.00809	0.04289	0.03425	0.08577	0.14229	0.22184	0.15956	0.01802	0.03491	0.00289	0.00520	0.16984	0.00665	0.00688
9	0.01828	0.52637	0.11411	0.01405	0.04253	0.05127	0.01355	0.06792	0.01553	0.01926	0.01064	0.01221	0.00912	0.00610	0.00500	0.00159	0.00775	0.00413	0.00330	0.05727
10	0.01013	0.00661	0.00782	0.00782	0.00789	0.00668	0.00459	0.00999	0.00991	0.01329	0.02041	0.04134	0.02313	0.64450	0.07636	0.08472	0.00727	0.00940	0.00400	0.00415
11	0.01703	0.04490	0.07118	0.07760	0.20207	0.01649	0.32698	0.04156	0.01615	0.06638	0.01432	0.01813	0.01097	0.00797	0.03528	0.00251	0.01007	0.00695	0.00379	0.00965
12	0.01754	0.29172	0.20196	0.01895	0.12358	0.07051	0.01648	0.04631	0.11127	0.02110	0.01355	0.01502	0.01083	0.00669	0.00583	0.00188	0.00823	0.00507	0.00372	0.00974

[dist]
# distance from previous block
# <min> <max>
0	1

[block]
# block no. 3 follows, 31 sequences, length 7
# corresponding to MSA columns:
# 115-121
name=unknown_D
#
# <colnr> <probs for GDERKNQSTAVLIFYWHMCP>
#	G	D	E	R	K	N	Q	S	T	A	V	L	I	F	Y	W	H	M	C	P
0	0.00945	0.00730	0.00878	0.00854	0.01038	0.00683	0.00639	0.01281	0.05125	0.02323	0.38390	0.10174	0.26690	0.01758	0.05160	0.00279	0.00437	0.01299	0.00681	0.00637
1	0.00906	0.00661	0.00847	0.00927	0.01033	0.00616	0.00673	0.01099	0.01505	0.02006	0.19623	0.37335	0.13519	0.05960	0.01003	0.00284	0.00419	0.10354	0.00649	0.00581
2	0.01733	0.06704	0.16180	0.09224	0.08444	0.08097	0.08485	0.08560	0.01685	0.04394	0.01296	0.01544	0.00997	0.00632	0.00627	0.00182	0.00846	0.00534	0.00389	0.19447
3	0.05081	0.01515	0.04943	0.09355	0.32979	0.04365	0.03681	0.01967	0.01571	0.06197	0.08512	0.02402	0.07314	0.00822	0.00743	0.00210	0.03487	0.00719	0.00432	0.03702
4	0.01107	0.00791	0.00969	0.00966	0.01104	0.00794	0.00693	0.01403	0.06956	0.05961	0.13350	0.29555	0.15380	0.11986	0.01270	0.00308	0.04764	0.01383	0.00619	0.00641
5	0.01337	0.01528	0.11389	0.04174	0.12511	0.04132	0.06083	0.01671	0.01393	0.01939	0.01929	0.08684	0.04562	0.12921	0.05342	0.00321	0.00801	0.02391	0.00403	0.16489
6	0.10157	0.15555	0.06683	0.01877	0.10347	0.01700	0.12702	0.07910	0.04548	0.10259	0.01681	0.04727	0.01399	0.00792	0.00647	0.00208	0.00760	0.04497	0.00469	0.03085

[dist]
# distance from previous block
# <min> <max>
2	15

[block]
# block no. 4 follows, 31 sequences, length 53
# corresponding to MSA columns:
# 137-189
name=unknown_E
#
# <colnr> <probs for GDERKNQSTAVLIFYWHMCP>
#	G	D	E	R	K	N	Q	S	T	A	V	L	I	F	Y	W	H	M	C	P
0	0.04941	0.16746	0.07395	0.01317	0.03733	0.08203	0.01118	0.09271	0.07579	0.06680	0.07147	0.08013	0.13102	0.01028	0.00658	0.00205	0.00657	0.00820	0.00526	0.00859
1	0.04886	0.26619	0.02413	0.01566	0.07996	0.08271	0.03408	0.09030	0.03999	0.08272	0.05287	0.01976	0.01509	0.00899	0.02915	0.00212	0.00767	0.03443	0.00459	0.06073
2	0.21060	0.00999	0.01060	0.01002	0.01254	0.01061	0.00758	0.03748	0.08934	0.08556	0.04271	0.14497	0.07002	0.13416	0.05837	0.00361	0.00615	0.04291	0.00560	0.00720
3	0.04203	0.05025	0.03549	0.01288	0.08803	0.00901	0.00883	0.01379	0.01554	0.04359	0.19741	0.26792	0.15958	0.01493	0.00770	0.00233	0.00465	0.01308	0.00600	0.00697
4	0.01825	0.16043	0.11117	0.04551	0.08850	0.12173	0.01424	0.07693	0.16088	0.04250	0.01778	0.08124	0.01515	0.00851	0.00642	0.00204	0.00784	0.00679	0.00466	0.00943
5	0.01735	0.01228	0.01367	0.01167	0.01478	0.01319	0.00913	0.30606	0.04805	0.03140	0.12024	0.11072	0.02539	0.04982	0.04785	0.00280	0.00623	0.00893	0.14187	0.00859
6	0.07333	0.01808	0.01917	0.01652	0.01810	0.15968	0.01343	0.04207	0.01330	0.01877	0.01005	0.01452	0.00923	0.01120	0.03679	0.00277	0.45910	0.00544	0.00340	0.05506
7	0.00975	0.00799	0.00876	0.00883	0.01089	0.00763	0.00650	0.01438	0.12888	0.02066	0.10890	0.21825	0.39006	0.01668	0.00805	0.00241	0.00388	0.01433	0.00655	0.00661
8	0.01425	0.03711	0.07148	0.03519	0.04457	0.01407	0.16845	0.02318	0.23096	0.02348	0.08307	0.12879	0.02508	0.01079	0.00762	0.00238	0.00708	0.05819	0.00544	0.00883
9	0.01925	0.01606	0.04008	0.01440	0.01868	0.01740	0.01185	0.23147	0.37665	0.04874	0.02537	0.02554	0.05172	0.00966	0.00770	0.00228	0.03742	0.02859	0.00661	0.01053
10	0.00856	0.00672	0.00757	0.00780	0.00942	0.00591	0.00558	0.01032	0.01533	0.01948	0.17361	0.20363	0.41035	0.07217	0.01018	0.00270	0.00376	0.01477	0.00640	0.00573
11	0.01588	0.02367	0.32115	0.01808	0.06936	0.01630	0.01768	0.07231	0.28666	0.02614	0.04923	0.02069	0.01624	0.00801	0.00679	0.00221	0.00766	0.00657	0.00499	0.01038
12	0.01314	0.01238	0.02092	0.70488	0.08366	0.01526	0.01911	0.01767	0.01378	0.01775	0.01220	0.01817	0.00921	0.00680	0.00684	0.00227	0.00907	0.00608	0.00306	0.00778
13	0.01048	0.00835	0.00960	0.00949	0.01148	0.00828	0.00701	0.01621	0.16031	0.02299	0.24229	0.21283	0.22338	0.01561	0.00800	0.00237	0.00392	0.01359	0.00683	0.00698
14	0.19894	0.10783	0.04837	0.01296	0.01827	0.01753	0.01130	0.24075	0.05831	0.19624	0.01700	0.01662	0.01198	0.00756	0.00596	0.00203	0.00659	0.00552	0.00601	0.01024
15	0.01619	0.01550	0.02643	0.17198	0.59272	0.01606	0.02063	0.02034	0.01523	0.02145	0.01274	0.01717	0.01052	0.00623	0.00679	0.00208	0.00831	0.00609	0.00332	0.01024
16	0.01360	0.01218	0.01474	0.01465	0.07223	0.08515	0.05901	0.04073	0.03413	0.01751	0.01928	0.05591	0.01990	0.33351	0.11560	0.00528	0.04038	0.03553	0.00420	0.00648
17	0.01706	0.01622	0.02880	0.10638	0.48625	0.01633	0.14245	0.04275	0.01614	0.04137	0.01347	0.01749	0.01078	0.00624	0.00702	0.00211	0.00876	0.00648	0.00361	0.01028
18	0.00973	0.00717	0.01036	0.01041	0.01146	0.00811	0.00784	0.01185	0.01127	0.01606	0.04563	0.06169	0.02106	0.13549	0.58820	0.00977	0.01570	0.00837	0.00399	0.00586
19	0.01599	0.01510	0.02513	0.11012	0.56641	0.01549	0.01931	0.02073	0.04926	0.02216	0.03751	0.04398	0.01411	0.00712	0.00690	0.00210	0.00779	0.00684	0.00377	0.01018
20	0.00857	0.00615	0.00810	0.00956	0.01012	0.00576	0.00656	0.00988	0.01329	0.01759	0.03846	0.65444	0.07331	0.04466	0.00959	0.00291	0.00420	0.06500	0.00628	0.00557
21	0.01519	0.01533	0.03703	0.14870	0.02338	0.04498	0.01521	0.04715	0.04094	0.01849	0.01220	0.05229	0.01138	0.01092	0.01665	0.00272	0.46943	0.00666	0.00351	0.00781
22	0.00987	0.00693	0.00896	0.00896	0.00948	0.00745	0.00602	0.01091	0.01039	0.01438	0.02018	0.03716	0.02157	0.45829	0.33158	0.00849	0.01161	0.00883	0.00394	0.00498
23	0.01686	0.09097	0.14799	0.09955	0.38889	0.01757	0.04022	0.07674	0.01644	0.02288	0.01270	0.01606	0.01015	0.00638	0.00655	0.00203	0.00854	0.00575	0.00351	0.01022
24	0.06389	0.01597	0.02294	0.02473	0.22896	0.03435	0.05305	0.08035	0.01456	0.02173	0.01155	0.01649	0.01024	0.03161	0.01445	0.00261	0.33395	0.00610	0.00361	0.00887
25	0.02379	0.02849	0.02119	0.02257	0.16531	0.54500	0.01482	0.06238	0.01930	0.01934	0.01137	0.01351	0.00939	0.00692	0.00633	0.00183	0.01120	0.00485	0.00368	0.00874
26	0.01188	0.00594	0.00891	0.00891	0.00891	0.00594	0.00594	0.00891	0.00891	0.01188	0.01188	0.02080	0.01188	0.02377	0.02674	0.80095	0.00594	0.00594	0.00297	0.00297
27	0.05932	0.05735	0.44761	0.04327	0.10792	0.01572	0.02059	0.02171	0.06355	0.02281	0.06474	0.01801	0.01385	0.00718	0.00648	0.00213	0.00862	0.00581	0.00366	0.00969
28	0.00972	0.00650	0.00855	0.00935	0.01033	0.00598	0.00651	0.01145	0.01488	0.05427	0.18616	0.53843	0.07405	0.01901	0.00847	0.00259	0.00388	0.01709	0.00671	0.00606
29	0.01960	0.59836	0.05334	0.01296	0.01863	0.11279	0.01239	0.07006	0.01591	0.01830	0.01022	0.01164	0.00899	0.00619	0.00485	0.00156	0.00803	0.00397	0.00328	0.00892
30	0.00810	0.00689	0.00697	0.00704	0.00927	0.00577	0.00525	0.00981	0.01549	0.01844	0.06797	0.09491	0.68591	0.01750	0.00811	0.00233	0.00349	0.01465	0.00635	0.00577
31	0.00953	0.00682	0.00816	0.00818	0.00891	0.00682	0.00537	0.01049	0.01164	0.01542	0.05890	0.06794	0.14542	0.43497	0.16661	0.00643	0.00817	0.01062	0.00465	0.00496
32	0.00830	0.00687	0.00728	0.00733	0.00941	0.00584	0.00544	0.01018	0.01588	0.01953	0.14766	0.11469	0.58354	0.01721	0.00813	0.00232	0.00347	0.01455	0.00650	0.00584
33	0.02142	0.10603	0.11031	0.01781	0.07200	0.34877	0.01438	0.05323	0.08370	0.05008	0.01401	0.01533	0.01098	0.00715	0.00613	0.00187	0.00962	0.00512	0.04304	0.00902
34	0.02275	0.32176	0.02621	0.01486	0.01973	0.29794	0.01257	0.16765	0.01994	0.02214	0.01141	0.01267	0.00940	0.00682	0.00560	0.00171	0.00930	0.00448	0.00400	0.00906
35	0.00834	0.00687	0.00728	0.00742	0.00945	0.00589	0.00551	0.01011	0.01545	0.01882	0.10195	0.12054	0.58124	0.03989	0.00898	0.00249	0.00367	0.03397	0.00635	0.00576
36	0.01663	0.07741	0.02454	0.25951	0.34806	0.04572	0.01819	0.04239	0.01560	0.04461	0.01362	0.03912	0.01131	0.00697	0.00664	0.00208	0.00832	0.00625	0.00362	0.00941
37	0.01662	0.01612	0.02568	0.09246	0.52868	0.04923	0.04836	0.03765	0.01616	0.02231	0.04693	0.04076	0.01420	0.00708	0.00693	0.00208	0.00818	0.00680	0.00374	0.01003
38	0.00831	0.00607	0.00782	0.00922	0.00984	0.00558	0.00622	0.00956	0.01339	0.01758	0.04137	0.67511	0.12287	0.02096	0.00866	0.00272	0.00391	0.01887	0.00635	0.00558
39	0.02234	0.05555	0.04672	0.01372	0.01842	0.03369	0.03611	0.10504	0.16426	0.28579	0.08031	0.02473	0.04015	0.00908	0.00740	0.00215	0.03007	0.00735	0.00680	0.01033
40	0.01721	0.09157	0.05311	0.15281	0.15071	0.10012	0.03481	0.04463	0.06673	0.04660	0.06490	0.01909	0.01468	0.00807	0.00867	0.00216	0.10487	0.00627	0.00410	0.00892
41	0.00917	0.00659	0.00771	0.00797	0.00943	0.00587	0.00575	0.00972	0.01362	0.01679	0.04973	0.14431	0.42808	0.01951	0.01285	0.20047	0.00425	0.03760	0.00551	0.00507
42	0.01292	0.01216	0.02052	0.74312	0.04712	0.01520	0.01900	0.01748	0.01368	0.01748	0.01216	0.01824	0.00912	0.00684	0.00684	0.00228	0.00912	0.00608	0.00304	0.00760
43	0.01802	0.04289	0.07255	0.10495	0.11667	0.12788	0.08168	0.06695	0.04416	0.05412	0.01355	0.01704	0.01088	0.01058	0.05485	0.00279	0.14159	0.00604	0.00389	0.00894
44	0.01173	0.00879	0.01083	0.01092	0.01237	0.03041	0.00803	0.03694	0.07874	0.04490	0.02662	0.29630	0.02790	0.07405	0.28157	0.00597	0.01009	0.01186	0.00528	0.00668
45	0.00833	0.00599	0.00790	0.00943	0.00990	0.00556	0.00631	0.00954	0.01319	0.01750	0.03887	0.72980	0.06980	0.02128	0.00871	0.00276	0.00395	0.01927	0.00635	0.00556
46	0.00950	0.00696	0.00868	0.00957	0.01075	0.00668	0.00697	0.01238	0.05534	0.02007	0.11189	0.43152	0.12943	0.01843	0.00837	0.00261	0.00415	0.09521	0.04536	0.00612
47	0.01179	0.00749	0.01005	0.00951	0.01050	0.00724	0.04286	0.01271	0.01202	0.06570	0.02460	0.17307	0.02663	0.41168	0.02307	0.04388	0.00605	0.03257	0.06320	0.00539
48	0.04467	0.06972	0.02521	0.17120	0.23368	0.01632	0.13134	0.04026	0.09025	0.02201	0.01632	0.07913	0.01411	0.00786	0.00693	0.00218	0.00809	0.00745	0.00406	0.00921
49	0.05096	0.15321	0.06631	0.01383	0.03694	0.08177	0.01160	0.06575	0.09605	0.09410	0.02163	0.11540	0.04320	0.01301	0.05599	0.00274	0.03131	0.03242	0.00509	0.00868
50	0.04173	0.03636	0.05135	0.01379	0.01743	0.06649	0.05865	0.16872	0.01843	0.11397	0.02081	0.14742	0.01917	0.08258	0.05732	0.00319	0.03014	0.00878	0.03518	0.00849
51	0.06657	0.01105	0.01344	0.03206	0.01571	0.01079	0.03358	0.03439	0.11568	0.02316	0.09852	0.09051	0.08189	0.03774	0.03779	0.00249	0.02766	0.02748	0.00529	0.23419
52	0.07292	0.01478	0.01718	0.05462	0.04235	0.06350	0.06744	0.17453	0.11637	0.02707	0.04364	0.08175	0.10586	0.01052	0.00712	0.00221	0.00679	0.04450	0.00562	0.04121

[dist]
# distance from previous block
# <min> <max>
1	16

[block]
# block no. 5 follows, 31 sequences, length 13
# corresponding to MSA columns:
# 206-218
name=unknown_F
#
# <colnr> <probs for GDERKNQSTAVLIFYWHMCP>
#	G	D	E	R	K	N	Q	S	T	A	V	L	I	F	Y	W	H	M	C	P
0	0.10795	0.06859	0.03118	0.03114	0.01585	0.05265	0.00978	0.13399	0.03710	0.04516	0.10499	0.06855	0.10000	0.01067	0.00722	0.00212	0.03452	0.03970	0.06349	0.03534
1	0.04916	0.09495	0.01357	0.03069	0.01378	0.01048	0.00807	0.05095	0.01616	0.02269	0.19276	0.20317	0.09473	0.01291	0.00707	0.00207	0.00477	0.02912	0.00570	0.13719
2	0.01631	0.05571	0.01939	0.04385	0.04394	0.12731	0.09735	0.03767	0.01514	0.05265	0.03188	0.02301	0.04653	0.09030	0.10355	0.00355	0.05551	0.00675	0.00413	0.12545
3	0.10048	0.07316	0.05956	0.06243	0.12403	0.07289	0.03290	0.18325	0.01900	0.07440	0.01356	0.01549	0.01037	0.00721	0.00723	0.00200	0.05632	0.00543	0.00461	0.07568
4	0.14398	0.04542	0.02159	0.09307	0.14579	0.05854	0.08195	0.18404	0.01948	0.06139	0.06732	0.01860	0.01448	0.00746	0.00650	0.00208	0.00771	0.00626	0.00488	0.00945
5	0.01442	0.01283	0.01941	0.20654	0.12606	0.01308	0.06372	0.04259	0.06641	0.02188	0.01824	0.02876	0.01637	0.00876	0.00702	0.00212	0.00737	0.13155	0.00439	0.18847
6	0.01803	0.01634	0.02189	0.18343	0.28329	0.10183	0.01678	0.07010	0.01644	0.07281	0.01402	0.01788	0.01119	0.01109	0.07290	0.00292	0.04974	0.00606	0.00396	0.00929
7	0.01015	0.00810	0.00917	0.00909	0.01112	0.00784	0.00682	0.01492	0.12362	0.02186	0.19997	0.13323	0.30801	0.05047	0.00931	0.00259	0.00411	0.05637	0.00661	0.00665
8	0.00862	0.00625	0.00802	0.00932	0.00998	0.00583	0.00641	0.00993	0.01333	0.01749	0.03983	0.57845	0.11577	0.07525	0.01064	0.00304	0.00428	0.06585	0.00618	0.00553
9	0.01027	0.00798	0.01065	0.08602	0.03690	0.00795	0.00834	0.04836	0.01588	0.02116	0.17378	0.37571	0.13768	0.01664	0.00815	0.00247	0.00460	0.01479	0.00618	0.00648
10	0.01453	0.01161	0.01585	0.27921	0.02678	0.03214	0.01321	0.02022	0.11314	0.07755	0.07550	0.08532	0.02313	0.01094	0.00795	0.00239	0.03267	0.11119	0.00519	0.04148
11	0.11622	0.07625	0.25670	0.09993	0.05429	0.01620	0.04280	0.07099	0.08128	0.02395	0.01839	0.02089	0.06373	0.00790	0.00642	0.00216	0.00793	0.02068	0.00414	0.00915
12	0.01676	0.01421	0.02300	0.19146	0.18235	0.01509	0.11354	0.05733	0.05374	0.08972	0.04252	0.02199	0.04934	0.00799	0.00821	0.00221	0.06244	0.00712	0.00448	0.03651

[dist]
# distance from previous block
# <min> <max>
5	29

[block]
# block no. 6 follows, 31 sequences, length 7
# corresponding to MSA columns:
# 248-254
name=unknown_G
#
# <colnr> <probs for GDERKNQSTAVLIFYWHMCP>
#	G	D	E	R	K	N	Q	S	T	A	V	L	I	F	Y	W	H	M	C	P
0	0.01138	0.00794	0.01003	0.00999	0.01185	0.00720	0.00715	0.04727	0.01510	0.05666	0.08888	0.51004	0.03845	0.01702	0.00794	0.00239	0.00435	0.01523	0.00624	0.12489
1	0.01428	0.10606	0.08222	0.01802	0.04091	0.06041	0.23500	0.01871	0.04145	0.02065	0.08633	0.09382	0.13247	0.01007	0.00736	0.00218	0.00792	0.00943	0.00457	0.00813
2	0.01434	0.13336	0.63153	0.01845	0.02799	0.01739	0.02345	0.02151	0.01437	0.02092	0.01191	0.01398	0.00868	0.00641	0.00622	0.00207	0.00973	0.00487	0.00289	0.00993
3	0.05023	0.06006	0.16395	0.03408	0.02114	0.11664	0.01418	0.16945	0.06263	0.02626	0.06204	0.03585	0.01499	0.00802	0.00698	0.00197	0.03679	0.00605	0.00471	0.10397
4	0.06100	0.27923	0.22052	0.01441	0.02091	0.01938	0.01515	0.07531	0.01583	0.10193	0.01297	0.01425	0.00994	0.00689	0.00665	0.00189	0.05526	0.00479	0.00401	0.05967
5	0.05712	0.24893	0.18009	0.01473	0.02053	0.14008	0.01463	0.06433	0.01606	0.02075	0.01296	0.01772	0.01130	0.00751	0.00637	0.00188	0.03378	0.05468	0.00368	0.07286
6	0.01978	0.17927	0.26591	0.01620	0.02270	0.18812	0.01660	0.09573	0.01773	0.07006	0.01366	0.03989	0.01089	0.00734	0.00613	0.00193	0.00928	0.00536	0.00398	0.00943

[dist]
# distance from previous block
# <min> <max>
1	22

[block]
# block no. 7 follows, 31 sequences, length 37
# corresponding to MSA columns:
# 278-314
name=unknown_H
#
# <colnr> <probs for GDERKNQSTAVLIFYWHMCP>
#	G	D	E	R	K	N	Q	S	T	A	V	L	I	F	Y	W	H	M	C	P
0	0.10989	0.04799	0.20321	0.03665	0.07554	0.04226	0.05420	0.04448	0.04146	0.14291	0.03245	0.06014	0.03575	0.00818	0.00651	0.00211	0.00758	0.00676	0.00482	0.03709
1	0.04296	0.17143	0.15082	0.01410	0.01977	0.01708	0.03229	0.14582	0.03737	0.04641	0.04107	0.04765	0.03488	0.00838	0.00684	0.00195	0.03562	0.02832	0.00465	0.11260
2	0.04499	0.06513	0.06843	0.01572	0.04198	0.03354	0.13945	0.06485	0.08550	0.04563	0.10497	0.08777	0.13093	0.01047	0.00722	0.00217	0.00678	0.00932	0.00531	0.02984
3	0.01636	0.18350	0.15074	0.01844	0.11485	0.05681	0.05364	0.06561	0.04279	0.02193	0.03823	0.05007	0.03305	0.00798	0.00633	0.00192	0.00775	0.03222	0.00409	0.09368
4	0.04640	0.09892	0.35349	0.01638	0.02344	0.07755	0.06092	0.02160	0.01573	0.08730	0.06434	0.02130	0.06779	0.00795	0.00654	0.00207	0.00856	0.00639	0.00414	0.00920
5	0.01742	0.35490	0.28140	0.01757	0.07640	0.10746	0.01750	0.02178	0.01489	0.01867	0.01090	0.01285	0.00890	0.00625	0.00555	0.00180	0.00899	0.00444	0.00302	0.00932
6	0.01573	0.06247	0.08117	0.02760	0.32242	0.01557	0.11889	0.06057	0.04324	0.02318	0.06086	0.02466	0.09716	0.00810	0.00704	0.00210	0.00778	0.00758	0.00427	0.00960
7	0.01693	0.01626	0.02777	0.04199	0.71689	0.01626	0.02100	0.02100	0.01558	0.02235	0.01287	0.01693	0.01084	0.00610	0.00677	0.00203	0.00813	0.00610	0.00339	0.01084
8	0.01384	0.01176	0.01380	0.01002	0.01575	0.00891	0.00798	0.01689	0.01459	0.02269	0.06636	0.01704	0.01434	0.00576	0.00530	0.00110	0.00492	0.00470	0.00432	0.73994
9	0.01401	0.06380	0.16951	0.01569	0.03697	0.01351	0.11350	0.09346	0.04437	0.02448	0.16133	0.06145	0.13803	0.01050	0.00732	0.00218	0.00694	0.00923	0.00521	0.00850
10	0.00875	0.00666	0.00752	0.00779	0.00909	0.00600	0.00534	0.01014	0.01421	0.01810	0.12595	0.20399	0.34087	0.18793	0.01435	0.00338	0.00427	0.01422	0.00598	0.00543
11	0.01867	0.16799	0.12249	0.02189	0.21768	0.04465	0.01574	0.02386	0.08031	0.12818	0.03698	0.01931	0.03378	0.00754	0.00685	0.00201	0.03148	0.00609	0.00453	0.00995
12	0.00975	0.00690	0.00911	0.00923	0.00982	0.00743	0.00632	0.01096	0.01066	0.01477	0.02125	0.08819	0.02279	0.38150	0.35250	0.00835	0.01180	0.00944	0.00409	0.00515
13	0.04861	0.01492	0.02363	0.17803	0.31519	0.04208	0.08961	0.02085	0.04732	0.04713	0.03531	0.03921	0.01484	0.00781	0.00705	0.00221	0.00819	0.04469	0.00406	0.00927
14	0.01060	0.00855	0.01258	0.01210	0.01313	0.01053	0.00957	0.01289	0.01091	0.01597	0.01684	0.02498	0.01581	0.04505	0.61948	0.00972	0.13428	0.00712	0.00356	0.00633
15	0.01802	0.01909	0.08416	0.11970	0.30551	0.07816	0.08760	0.12967	0.01810	0.02417	0.01353	0.01761	0.01087	0.03472	0.00790	0.00225	0.00898	0.00622	0.00391	0.00983
16	0.10119	0.01339	0.01624	0.01221	0.01784	0.01199	0.05914	0.05842	0.09273	0.05240	0.01458	0.01592	0.01142	0.00604	0.00558	0.00148	0.00577	0.00495	0.00468	0.49403
17	0.01093	0.00870	0.01225	0.01125	0.01350	0.00831	0.06471	0.04007	0.04000	0.02411	0.32896	0.12507	0.14733	0.01500	0.00828	0.00242	0.00478	0.12088	0.00665	0.00681
18	0.04401	0.00934	0.01224	0.13689	0.01842	0.00965	0.03388	0.01592	0.09693	0.04441	0.03983	0.23667	0.24652	0.01450	0.00771	0.00242	0.00527	0.01263	0.00573	0.00703
19	0.02285	0.02587	0.01790	0.01608	0.01959	0.47433	0.01219	0.12283	0.09425	0.02191	0.01619	0.09411	0.01443	0.00900	0.00663	0.00197	0.01000	0.00663	0.00468	0.00852
20	0.00862	0.00609	0.00791	0.00919	0.00957	0.00575	0.00603	0.00970	0.01284	0.01717	0.05783	0.62616	0.04287	0.13079	0.01258	0.00333	0.00434	0.01780	0.00606	0.00538
21	0.52172	0.09375	0.01356	0.00985	0.01413	0.03533	0.00827	0.04309	0.01366	0.04984	0.01658	0.01882	0.07098	0.00778	0.00502	0.00204	0.00567	0.02710	0.00455	0.03827
22	0.03892	0.07364	0.22175	0.02023	0.12365	0.15862	0.04809	0.06980	0.01678	0.02230	0.01212	0.01435	0.00951	0.00636	0.00614	0.00183	0.00902	0.00500	0.00362	0.13825
23	0.08602	0.00707	0.00699	0.00706	0.00889	0.00703	0.00527	0.01460	0.01417	0.02393	0.03070	0.11099	0.13666	0.01087	0.00572	0.00189	0.00352	0.00892	0.50344	0.00628
24	0.00835	0.00684	0.00738	0.00761	0.00959	0.00588	0.00567	0.01017	0.01554	0.01907	0.10985	0.15537	0.55388	0.01769	0.00822	0.00239	0.00363	0.04063	0.00643	0.00582
25	0.01906	0.42999	0.12261	0.01610	0.04508	0.08864	0.06668	0.10117	0.01687	0.02075	0.01124	0.01298	0.00930	0.00633	0.00549	0.00174	0.00852	0.00463	0.00350	0.00932
26	0.00856	0.00688	0.00763	0.00759	0.00957	0.00595	0.00563	0.01067	0.01649	0.02095	0.24946	0.10966	0.48360	0.01667	0.00813	0.00230	0.00343	0.01420	0.00669	0.00595
27	0.01471	0.01472	0.02179	0.01834	0.01896	0.01982	0.06748	0.01660	0.01096	0.01685	0.01000	0.01605	0.00964	0.01417	0.06980	0.00349	0.63977	0.00624	0.00308	0.00753
28	0.00938	0.00698	0.00872	0.00829	0.01003	0.00633	0.00622	0.01232	0.01865	0.02573	0.59048	0.05391	0.18842	0.01462	0.00807	0.00218	0.00327	0.01277	0.00731	0.00633
29	0.00834	0.00595	0.00794	0.00953	0.00992	0.00556	0.00635	0.00953	0.01310	0.01746	0.03771	0.75510	0.04525	0.02143	0.00873	0.00278	0.00397	0.01945	0.00635	0.00556
30	0.07483	0.01765	0.07656	0.12958	0.12983	0.01695	0.34450	0.02050	0.01475	0.02149	0.01259	0.01708	0.00980	0.00662	0.00863	0.00230	0.07717	0.00679	0.00337	0.00899
31	0.01292	0.01216	0.02052	0.74312	0.04712	0.01520	0.01900	0.01748	0.01368	0.01748	0.01216	0.01824	0.00912	0.00684	0.00684	0.00228	0.00912	0.00608	0.00304	0.00760
32	0.01510	0.01270	0.01468	0.01057	0.01660	0.01005	0.00849	0.06955	0.01558	0.02390	0.01249	0.01436	0.01025	0.00531	0.00520	0.00109	0.00526	0.00422	0.00427	0.74034
33	0.01473	0.01433	0.02478	0.38527	0.27140	0.01619	0.07929	0.01899	0.01430	0.01945	0.01230	0.01756	0.00980	0.00689	0.00813	0.00225	0.06604	0.00626	0.00319	0.00884
34	0.01292	0.01216	0.02052	0.74312	0.04712	0.01520	0.01900	0.01748	0.01368	0.01748	0.01216	0.01824	0.00912	0.00684	0.00684	0.00228	0.00912	0.00608	0.00304	0.00760
35	0.06451	0.01494	0.01859	0.09953	0.07113	0.09051	0.03422	0.01807	0.01414	0.04101	0.10668	0.02320	0.05996	0.01040	0.01303	0.00246	0.29861	0.00715	0.00414	0.00772
36	0.01590	0.01593	0.02266	0.27746	0.30082	0.08999	0.01803	0.01958	0.01466	0.01935	0.01224	0.01701	0.01008	0.00859	0.03505	0.00246	0.07113	0.00587	0.00328	0.03989

[dist]
# distance from previous block
# <min> <max>
0	15

# created by:
# /home/berkeley/.conda/envs/busco_data_prod/bin/msa2prfl.pl pipeline/OGs_align_augustus/4893/6052.fs
