[name]
unknown

[dist]
# distance from previous block
# <min> <max>
12	85

[block]
# block no. 0 follows, 33 sequences, length 7
# corresponding to MSA columns:
# 98-104
name=unknown_A
#
# <colnr> <probs for GDERKNQSTAVLIFYWHMCP>
#	G	D	E	R	K	N	Q	S	T	A	V	L	I	F	Y	W	H	M	C	P
0	0.01454	0.01096	0.01397	0.04384	0.03708	0.01161	0.03726	0.13867	0.07962	0.05952	0.12275	0.06158	0.14190	0.06403	0.02848	0.03839	0.05058	0.00909	0.02850	0.00761
1	0.01390	0.01277	0.01995	0.50965	0.06823	0.01494	0.04345	0.05601	0.07326	0.01976	0.01319	0.01760	0.01005	0.00681	0.00699	0.00210	0.03250	0.00591	0.00354	0.06939
2	0.11792	0.01354	0.04357	0.03264	0.01524	0.08630	0.00970	0.06532	0.07219	0.02110	0.03694	0.11047	0.01711	0.04356	0.05719	0.08419	0.08080	0.00734	0.03440	0.05047
3	0.00990	0.00715	0.00896	0.01019	0.06818	0.00702	0.00574	0.01065	0.01124	0.01512	0.07753	0.09960	0.06348	0.54849	0.02595	0.00517	0.00589	0.01039	0.00446	0.00489
4	0.07762	0.01381	0.01611	0.04359	0.01718	0.04393	0.01128	0.11203	0.07878	0.04809	0.01499	0.05709	0.01290	0.00947	0.01150	0.00224	0.27264	0.00632	0.07507	0.07535
5	0.01756	0.01604	0.04231	0.03710	0.08962	0.11203	0.02761	0.11125	0.13096	0.06538	0.01718	0.03536	0.01403	0.04197	0.07790	0.00297	0.05240	0.00638	0.04293	0.05900
6	0.05365	0.06354	0.01784	0.04364	0.05403	0.08166	0.01136	0.27829	0.12137	0.05623	0.11242	0.02170	0.01916	0.02741	0.00712	0.00209	0.00671	0.00666	0.00574	0.00937

[dist]
# distance from previous block
# <min> <max>
2	15

[block]
# block no. 1 follows, 33 sequences, length 12
# corresponding to MSA columns:
# 120-131
name=unknown_B
#
# <colnr> <probs for GDERKNQSTAVLIFYWHMCP>
#	G	D	E	R	K	N	Q	S	T	A	V	L	I	F	Y	W	H	M	C	P
0	0.15558	0.04716	0.06686	0.02514	0.02892	0.02792	0.01049	0.14717	0.07877	0.13547	0.02263	0.12625	0.06416	0.00976	0.00633	0.00209	0.00594	0.00786	0.00562	0.02588
1	0.01819	0.01782	0.01648	0.09631	0.04926	0.21834	0.01202	0.15041	0.12095	0.02405	0.08150	0.08206	0.02032	0.00970	0.00683	0.00209	0.00772	0.05242	0.00515	0.00837
2	0.05183	0.02251	0.01775	0.04268	0.02020	0.35047	0.01202	0.17801	0.10179	0.11612	0.01541	0.01575	0.01140	0.00743	0.00622	0.00190	0.00891	0.00533	0.00510	0.00918
3	0.09662	0.46620	0.02780	0.01231	0.01771	0.02177	0.03911	0.12130	0.01649	0.10804	0.01234	0.01307	0.00974	0.00631	0.00499	0.00166	0.00687	0.00443	0.00416	0.00908
4	0.00943	0.00675	0.00758	0.00765	0.00953	0.00585	0.00557	0.01104	0.01466	0.06543	0.08521	0.21382	0.46673	0.04934	0.00895	0.00248	0.00371	0.01420	0.00621	0.00585
5	0.00881	0.00654	0.00881	0.01056	0.04902	0.00629	0.00669	0.01012	0.01252	0.01679	0.05537	0.51576	0.07562	0.12075	0.06090	0.00361	0.00526	0.01552	0.00553	0.00552
6	0.01192	0.01172	0.07162	0.21102	0.07025	0.01103	0.04182	0.04916	0.01393	0.01884	0.07171	0.12554	0.02223	0.16464	0.04439	0.00346	0.00752	0.03809	0.00426	0.00685
7	0.07505	0.11510	0.05272	0.01723	0.04445	0.44072	0.06726	0.04697	0.04723	0.01904	0.01128	0.01301	0.00915	0.00658	0.00584	0.00178	0.01012	0.00466	0.00358	0.00821
8	0.01635	0.01043	0.01163	0.01055	0.01329	0.05780	0.00807	0.05687	0.05984	0.20500	0.10435	0.20065	0.13929	0.01560	0.05641	0.00277	0.00587	0.01097	0.00646	0.00781
9	0.01383	0.01289	0.05223	0.01150	0.01500	0.04766	0.00948	0.10195	0.13898	0.02362	0.07553	0.14719	0.11965	0.01186	0.00702	0.00209	0.00545	0.06509	0.00568	0.13333
10	0.09580	0.01497	0.01833	0.10154	0.16601	0.06346	0.01322	0.10996	0.11482	0.20916	0.01781	0.01829	0.01276	0.00730	0.00632	0.00203	0.00694	0.00596	0.00546	0.00988
11	0.01796	0.01369	0.01536	0.07521	0.07378	0.08269	0.01077	0.17354	0.03377	0.12039	0.02346	0.09003	0.08575	0.07567	0.05021	0.00288	0.00734	0.00809	0.00537	0.03404

[dist]
# distance from previous block
# <min> <max>
16	76

[block]
# block no. 2 follows, 33 sequences, length 49
# corresponding to MSA columns:
# 208-256
name=unknown_C
#
# <colnr> <probs for GDERKNQSTAVLIFYWHMCP>
#	G	D	E	R	K	N	Q	S	T	A	V	L	I	F	Y	W	H	M	C	P
0	0.06211	0.04300	0.05254	0.05660	0.12657	0.03209	0.14383	0.12447	0.03260	0.04593	0.03297	0.01698	0.01182	0.00820	0.03117	0.00223	0.05686	0.00595	0.00418	0.10990
1	0.08782	0.01726	0.01874	0.04416	0.11775	0.17097	0.06428	0.09968	0.01690	0.06132	0.02524	0.01635	0.01139	0.01068	0.07827	0.00263	0.00896	0.00541	0.00420	0.13799
2	0.07459	0.01532	0.01901	0.05783	0.12241	0.10725	0.09466	0.07118	0.03768	0.02181	0.01780	0.07141	0.04786	0.00986	0.03199	0.00228	0.03592	0.03626	0.00423	0.12065
3	0.09867	0.01648	0.01741	0.07652	0.08043	0.17569	0.04892	0.05969	0.01520	0.04726	0.01707	0.07902	0.05078	0.03289	0.03981	0.00260	0.10372	0.00697	0.00412	0.02676
4	0.09610	0.05760	0.02046	0.01909	0.14069	0.16320	0.10823	0.04539	0.03125	0.02091	0.01700	0.07996	0.05060	0.00924	0.02936	0.00217	0.00815	0.00682	0.00402	0.08974
5	0.03345	0.04915	0.01620	0.04844	0.10452	0.01254	0.01080	0.07978	0.01518	0.09858	0.06118	0.10462	0.03500	0.06359	0.06570	0.00299	0.09233	0.00787	0.00479	0.09330
6	0.05077	0.05683	0.03667	0.06243	0.08206	0.09390	0.10342	0.10439	0.08172	0.06190	0.04379	0.02117	0.04592	0.04926	0.00883	0.00227	0.05147	0.00662	0.00457	0.03199
7	0.06721	0.01446	0.01991	0.29047	0.21114	0.05833	0.01580	0.05980	0.04806	0.04190	0.01416	0.01758	0.02706	0.00701	0.00704	0.00206	0.04363	0.00581	0.00378	0.04479
8	0.01635	0.01554	0.04599	0.18414	0.30700	0.05112	0.01650	0.07653	0.03755	0.04370	0.01342	0.01758	0.01091	0.03980	0.00826	0.00218	0.04168	0.00585	0.00377	0.06214
9	0.01634	0.01579	0.02425	0.20427	0.48913	0.05817	0.01891	0.05616	0.01562	0.02116	0.01228	0.01630	0.00997	0.00620	0.00650	0.00200	0.00825	0.00577	0.00337	0.00958
10	0.01698	0.01709	0.02200	0.31219	0.27748	0.14243	0.01749	0.07852	0.01628	0.02044	0.01202	0.01597	0.00951	0.00648	0.00645	0.00200	0.00885	0.00558	0.00344	0.00879
11	0.01029	0.00838	0.00914	0.04248	0.01193	0.04583	0.00682	0.01281	0.05144	0.03618	0.10785	0.29140	0.23333	0.08919	0.01025	0.00273	0.00463	0.01352	0.00581	0.00599
12	0.01377	0.05055	0.04457	0.01022	0.01286	0.00936	0.00839	0.06334	0.03260	0.11490	0.31309	0.11288	0.03925	0.08240	0.00980	0.00256	0.00487	0.06099	0.00636	0.00727
13	0.00860	0.00688	0.00761	0.00736	0.00935	0.00594	0.00539	0.01049	0.01518	0.01945	0.20663	0.08938	0.44578	0.07893	0.00982	0.00249	0.00365	0.01278	0.00607	0.04821
14	0.01724	0.01834	0.02052	0.22236	0.23795	0.20962	0.01594	0.02261	0.10999	0.01951	0.01506	0.01787	0.03055	0.00702	0.00644	0.00200	0.00869	0.00586	0.00375	0.00870
15	0.01144	0.00572	0.00858	0.00858	0.00858	0.00572	0.00572	0.00858	0.00858	0.01144	0.01144	0.02001	0.01144	0.02287	0.02573	0.80846	0.00572	0.00572	0.00286	0.00286
16	0.02027	0.06194	0.01855	0.04081	0.06834	0.13646	0.01204	0.21205	0.22634	0.06544	0.02060	0.02040	0.05124	0.00818	0.00643	0.00199	0.00719	0.00641	0.00558	0.00974
17	0.05774	0.01789	0.01624	0.01413	0.01811	0.14208	0.01107	0.16462	0.42727	0.02841	0.02093	0.01999	0.01572	0.00822	0.00642	0.00208	0.00675	0.00641	0.00598	0.00993
18	0.81514	0.01273	0.00968	0.00866	0.01273	0.01477	0.00713	0.01935	0.01120	0.02954	0.00917	0.01069	0.00713	0.00611	0.00407	0.00204	0.00509	0.00356	0.00407	0.00713
19	0.02115	0.01762	0.01750	0.01452	0.01895	0.07897	0.01160	0.35141	0.33359	0.03318	0.02021	0.01936	0.01492	0.00827	0.00658	0.00207	0.00673	0.00646	0.00637	0.01055
20	0.01510	0.24558	0.44114	0.01640	0.04218	0.01779	0.01890	0.02052	0.01382	0.05116	0.01201	0.01402	0.00922	0.00846	0.04521	0.00234	0.00914	0.00470	0.00309	0.00924
21	0.01343	0.01272	0.02155	0.56874	0.22162	0.01489	0.01878	0.01769	0.01364	0.01803	0.01188	0.01723	0.00920	0.00640	0.00657	0.00213	0.00853	0.00585	0.00301	0.00812
22	0.02633	0.10097	0.02058	0.01374	0.01910	0.01249	0.09976	0.02921	0.01778	0.55633	0.02237	0.02042	0.01456	0.00752	0.00649	0.00199	0.00648	0.00641	0.00690	0.01058
23	0.01544	0.01611	0.03143	0.12724	0.31760	0.01598	0.33665	0.02017	0.01501	0.02070	0.01273	0.01714	0.01001	0.00581	0.00711	0.00211	0.00946	0.00675	0.00325	0.00930
24	0.01525	0.05073	0.43103	0.01811	0.05497	0.07002	0.05191	0.03734	0.03413	0.06125	0.01581	0.07854	0.01326	0.00803	0.00656	0.00211	0.00876	0.02927	0.00376	0.00917
25	0.02634	0.01052	0.01413	0.01107	0.01567	0.00910	0.00906	0.02886	0.01854	0.62405	0.08244	0.02756	0.07348	0.00920	0.00680	0.00205	0.00524	0.00758	0.00793	0.01039
26	0.02863	0.01101	0.01492	0.01150	0.01648	0.00950	0.00948	0.03114	0.01868	0.70234	0.02767	0.02412	0.04585	0.00850	0.00667	0.00204	0.00551	0.00692	0.00806	0.01097
27	0.02372	0.02922	0.01892	0.01797	0.05815	0.64243	0.01299	0.04736	0.05584	0.01779	0.01135	0.01290	0.00928	0.00688	0.00603	0.00175	0.01116	0.00455	0.00366	0.00804
28	0.02024	0.04155	0.04949	0.01487	0.03696	0.01627	0.03199	0.30675	0.04702	0.11895	0.01724	0.05814	0.01406	0.05383	0.01096	0.04101	0.09901	0.00686	0.00550	0.00930
29	0.01122	0.00853	0.00993	0.00921	0.01150	0.00848	0.00702	0.01751	0.17511	0.04694	0.40868	0.04573	0.18863	0.01294	0.00749	0.00214	0.00371	0.01115	0.00692	0.00718
30	0.00911	0.00694	0.00846	0.00869	0.01016	0.00660	0.00641	0.01205	0.05267	0.02042	0.24598	0.21864	0.21693	0.05078	0.04808	0.00296	0.00456	0.05837	0.00625	0.00595
31	0.03259	0.06046	0.14859	0.04120	0.14586	0.01775	0.12162	0.26303	0.03210	0.05224	0.01409	0.01591	0.01042	0.00674	0.00653	0.00201	0.00827	0.00589	0.00457	0.01012
32	0.01478	0.04133	0.33565	0.08321	0.17458	0.03939	0.17619	0.02060	0.01458	0.02045	0.01215	0.01541	0.00918	0.00604	0.00662	0.00207	0.00958	0.00576	0.00304	0.00939
33	0.00907	0.00722	0.00796	0.00763	0.00975	0.00646	0.00576	0.04366	0.01678	0.02146	0.25928	0.07884	0.47176	0.01542	0.00774	0.00218	0.00347	0.01307	0.00647	0.00602
34	0.00883	0.00619	0.00766	0.00836	0.00880	0.00598	0.00544	0.00975	0.01187	0.01582	0.06789	0.35955	0.06838	0.31807	0.03977	0.00434	0.00526	0.03788	0.00525	0.00490
35	0.05165	0.07831	0.05567	0.14771	0.35291	0.01652	0.01707	0.07260	0.04481	0.05749	0.01326	0.01623	0.01045	0.00657	0.00671	0.00200	0.03103	0.00563	0.00381	0.00957
36	0.01076	0.00828	0.01095	0.01236	0.06974	0.00824	0.00864	0.03873	0.01475	0.03864	0.06248	0.26675	0.20795	0.01727	0.03029	0.00274	0.04495	0.13427	0.00574	0.00647
37	0.02272	0.02775	0.01887	0.13158	0.02425	0.59739	0.01358	0.05437	0.01833	0.01733	0.01066	0.01293	0.00864	0.00680	0.00606	0.00179	0.01119	0.00456	0.00346	0.00774
38	0.04070	0.05191	0.06084	0.07480	0.14548	0.04872	0.01395	0.19185	0.01793	0.02491	0.01353	0.01756	0.01119	0.01032	0.05995	0.00255	0.06774	0.02732	0.00422	0.11455
39	0.01678	0.15589	0.06880	0.18672	0.21676	0.04832	0.01582	0.04436	0.01476	0.07669	0.01301	0.01699	0.01062	0.04704	0.00814	0.00219	0.03914	0.00555	0.00362	0.00881
40	0.81514	0.01273	0.00968	0.00866	0.01273	0.01477	0.00713	0.01935	0.01120	0.02954	0.00917	0.01069	0.00713	0.00611	0.00407	0.00204	0.00509	0.00356	0.00407	0.00713
41	0.01680	0.06814	0.01709	0.07149	0.09386	0.18403	0.01144	0.05503	0.12595	0.04271	0.08411	0.02572	0.09002	0.04233	0.04089	0.00253	0.00779	0.00717	0.00478	0.00811
42	0.00816	0.00661	0.00724	0.00724	0.00916	0.00569	0.00537	0.01012	0.01567	0.01973	0.21838	0.11314	0.51803	0.01622	0.00782	0.00222	0.00332	0.01379	0.00638	0.00569
43	0.01571	0.01591	0.04684	0.14155	0.48620	0.04571	0.01868	0.02039	0.05228	0.02062	0.01357	0.01856	0.01142	0.00681	0.00713	0.00207	0.03474	0.02879	0.00347	0.00956
44	0.01272	0.00776	0.00984	0.00926	0.01121	0.00738	0.00698	0.01582	0.05302	0.13097	0.28775	0.09920	0.10024	0.11926	0.04444	0.00319	0.00501	0.06275	0.00646	0.00675
45	0.00859	0.00661	0.00774	0.00762	0.00929	0.00588	0.00559	0.01080	0.01622	0.02141	0.36324	0.10836	0.33577	0.05256	0.00909	0.00239	0.00342	0.01313	0.00653	0.00576
46	0.02048	0.21559	0.02101	0.01408	0.01777	0.39262	0.01132	0.04585	0.01708	0.04165	0.04104	0.08392	0.01494	0.00843	0.00593	0.00179	0.00903	0.02571	0.00399	0.00778
47	0.01679	0.03451	0.01985	0.01632	0.08217	0.01393	0.10024	0.17572	0.07008	0.02607	0.01503	0.04830	0.01238	0.00675	0.00606	0.00163	0.00652	0.00594	0.00466	0.33708
48	0.04360	0.05112	0.37706	0.01784	0.06513	0.05438	0.03624	0.02486	0.15016	0.09243	0.01591	0.01671	0.01153	0.00692	0.00627	0.00206	0.00824	0.00555	0.00419	0.00978

[dist]
# distance from previous block
# <min> <max>
0	1

[block]
# block no. 3 follows, 33 sequences, length 31
# corresponding to MSA columns:
# 258-288
name=unknown_D
#
# <colnr> <probs for GDERKNQSTAVLIFYWHMCP>
#	G	D	E	R	K	N	Q	S	T	A	V	L	I	F	Y	W	H	M	C	P
0	0.09805	0.02454	0.01854	0.01711	0.05123	0.43769	0.01280	0.09254	0.01750	0.02017	0.01048	0.01281	0.00874	0.00764	0.00864	0.00198	0.14315	0.00469	0.00368	0.00800
1	0.01602	0.01695	0.08041	0.16000	0.33219	0.04030	0.08377	0.07359	0.06431	0.02251	0.03669	0.01792	0.01227	0.00664	0.00667	0.00205	0.00822	0.00622	0.00380	0.00949
2	0.00828	0.00637	0.00766	0.00831	0.00963	0.00566	0.00590	0.00989	0.01408	0.01821	0.10744	0.41631	0.28153	0.01809	0.00805	0.00242	0.00368	0.03376	0.00615	0.02859
3	0.01418	0.02694	0.48134	0.01887	0.02680	0.01477	0.13504	0.04328	0.04660	0.04129	0.03867	0.05446	0.01306	0.00733	0.00671	0.00214	0.00904	0.00649	0.00364	0.00937
4	0.04312	0.05670	0.32927	0.09082	0.02546	0.03943	0.07343	0.03741	0.07905	0.03905	0.04688	0.04229	0.01386	0.02682	0.00709	0.00217	0.00825	0.00625	0.00386	0.02880
5	0.05391	0.01353	0.01532	0.01434	0.06501	0.01474	0.01051	0.22452	0.24689	0.05608	0.09648	0.09325	0.04655	0.01008	0.00684	0.00215	0.00558	0.00841	0.00635	0.00945
6	0.02233	0.04229	0.01958	0.01719	0.05192	0.41180	0.04402	0.13091	0.10227	0.04505	0.04005	0.01612	0.01265	0.00737	0.00628	0.00186	0.00952	0.00545	0.00454	0.00877
7	0.00833	0.00670	0.00732	0.00748	0.00934	0.00586	0.00562	0.01012	0.01489	0.01841	0.12330	0.09345	0.51731	0.06841	0.00970	0.00259	0.00380	0.07575	0.00607	0.00555
8	0.01233	0.01156	0.02037	0.40222	0.05245	0.01284	0.14091	0.01612	0.01363	0.01798	0.06380	0.04509	0.01679	0.10641	0.01052	0.00277	0.00823	0.03521	0.00366	0.00708
9	0.05244	0.13413	0.11582	0.01549	0.03654	0.14671	0.08555	0.04524	0.08583	0.02002	0.01823	0.04009	0.06444	0.01289	0.09561	0.00299	0.00938	0.00643	0.00398	0.00819
10	0.00938	0.00625	0.00789	0.00816	0.00859	0.00618	0.00529	0.00980	0.01126	0.01515	0.08988	0.19382	0.06092	0.34195	0.08420	0.11461	0.00627	0.01119	0.00465	0.00456
11	0.04512	0.01024	0.01301	0.01066	0.01471	0.00915	0.00852	0.05865	0.01759	0.44574	0.03132	0.13260	0.11550	0.01086	0.00688	0.00210	0.00508	0.00908	0.00719	0.04601
12	0.01744	0.01620	0.05599	0.17296	0.43059	0.05171	0.01832	0.04911	0.01579	0.08877	0.01355	0.01677	0.01050	0.00637	0.00650	0.00200	0.00806	0.00581	0.00378	0.00975
13	0.52558	0.04421	0.08103	0.01352	0.04963	0.04832	0.07453	0.02080	0.04806	0.02637	0.01088	0.01265	0.00842	0.00622	0.00495	0.00203	0.00658	0.00440	0.00390	0.00792
14	0.00797	0.00633	0.00717	0.00768	0.00919	0.00553	0.00549	0.00955	0.01439	0.01803	0.10164	0.31472	0.43335	0.01787	0.00800	0.00237	0.00349	0.01549	0.00619	0.00553
15	0.01925	0.59798	0.03077	0.01261	0.01771	0.19477	0.01161	0.02126	0.01462	0.01564	0.00939	0.01087	0.00846	0.00590	0.00463	0.00148	0.00818	0.00369	0.00295	0.00826
16	0.00802	0.00573	0.00764	0.00917	0.00955	0.00535	0.00611	0.00917	0.01260	0.01681	0.03628	0.76434	0.04354	0.02062	0.00840	0.00267	0.00382	0.01872	0.00611	0.00535
17	0.08316	0.33497	0.23006	0.01514	0.05258	0.04379	0.01517	0.07492	0.05678	0.02124	0.01167	0.01308	0.00931	0.00627	0.00529	0.00178	0.00775	0.00446	0.00348	0.00910
18	0.01462	0.01887	0.19947	0.04419	0.21449	0.01450	0.09894	0.07281	0.03906	0.02325	0.11690	0.02252	0.04409	0.00793	0.00746	0.00210	0.03844	0.00706	0.00417	0.00912
19	0.01615	0.05498	0.05975	0.01705	0.07442	0.14079	0.07875	0.06294	0.01547	0.03863	0.06624	0.04884	0.01803	0.09188	0.02954	0.00284	0.11834	0.05348	0.00419	0.00768
20	0.70217	0.01318	0.01089	0.00941	0.01365	0.01504	0.00776	0.08370	0.01342	0.06609	0.01063	0.01176	0.00797	0.00638	0.00444	0.00203	0.00532	0.00394	0.00451	0.00771
21	0.00839	0.00620	0.00742	0.00817	0.00903	0.00571	0.00553	0.00956	0.01287	0.01660	0.06002	0.39004	0.22012	0.17155	0.01335	0.00330	0.00427	0.03697	0.00571	0.00517
22	0.01703	0.01226	0.01517	0.08088	0.01847	0.01284	0.04108	0.24395	0.05746	0.09570	0.07360	0.09758	0.14418	0.04919	0.00846	0.00236	0.00598	0.00929	0.00604	0.00848
23	0.00840	0.00661	0.00732	0.00762	0.00922	0.00587	0.00558	0.00996	0.01411	0.01749	0.08048	0.14125	0.45250	0.12496	0.01167	0.00294	0.00408	0.07869	0.00585	0.00538
24	0.01179	0.00720	0.00942	0.00878	0.01069	0.00653	0.00661	0.01450	0.01772	0.11949	0.51079	0.13815	0.08505	0.01382	0.00769	0.00215	0.00354	0.01217	0.00717	0.00674
25	0.02186	0.16648	0.02316	0.01984	0.14417	0.40990	0.01374	0.08989	0.01821	0.01941	0.01092	0.01279	0.00908	0.00651	0.00578	0.00171	0.00980	0.00455	0.00357	0.00862
26	0.01112	0.00893	0.00944	0.00870	0.01068	0.04080	0.00644	0.07970	0.01745	0.02285	0.32170	0.04767	0.25152	0.12093	0.01123	0.00270	0.00444	0.01125	0.00620	0.00625
27	0.05476	0.14260	0.55407	0.01780	0.04857	0.03333	0.02111	0.02071	0.01383	0.02040	0.01126	0.01327	0.00837	0.00615	0.00584	0.00197	0.00908	0.00462	0.00288	0.00938
28	0.01592	0.02048	0.16394	0.04592	0.18362	0.06670	0.20966	0.02345	0.14121	0.02169	0.01486	0.01741	0.01141	0.00663	0.00720	0.00212	0.02811	0.00637	0.00380	0.00949
29	0.01585	0.19476	0.05231	0.08584	0.01936	0.10188	0.04263	0.04172	0.06185	0.06447	0.10315	0.02754	0.14433	0.00920	0.00634	0.00192	0.00679	0.00743	0.00472	0.00794
30	0.09550	0.17815	0.09972	0.03890	0.01966	0.05691	0.04388	0.08573	0.05522	0.13257	0.01557	0.01851	0.01226	0.00967	0.04384	0.00242	0.04216	0.03583	0.00457	0.00890

[dist]
# distance from previous block
# <min> <max>
0	5

[block]
# block no. 4 follows, 33 sequences, length 31
# corresponding to MSA columns:
# 294-324
name=unknown_E
#
# <colnr> <probs for GDERKNQSTAVLIFYWHMCP>
#	G	D	E	R	K	N	Q	S	T	A	V	L	I	F	Y	W	H	M	C	P
0	0.30269	0.08237	0.11943	0.04251	0.01837	0.08547	0.01194	0.06342	0.06030	0.04432	0.04610	0.01543	0.01186	0.00804	0.02102	0.00219	0.04719	0.00498	0.00419	0.00819
1	0.04885	0.01321	0.01655	0.12688	0.10809	0.06498	0.03275	0.07194	0.09703	0.08856	0.14885	0.04288	0.06271	0.01000	0.02057	0.00225	0.02236	0.00783	0.00530	0.00839
2	0.01532	0.01437	0.02246	0.09421	0.14954	0.02892	0.17254	0.09410	0.04173	0.02271	0.01772	0.07132	0.04954	0.00761	0.00668	0.00191	0.00750	0.00725	0.00421	0.17035
3	0.00867	0.00681	0.00789	0.00811	0.00973	0.00622	0.00589	0.01142	0.05132	0.02015	0.21889	0.25293	0.33494	0.01658	0.00789	0.00231	0.00351	0.01441	0.00642	0.00591
4	0.01365	0.01170	0.01365	0.00975	0.01560	0.00878	0.00780	0.01658	0.01365	0.02145	0.01170	0.01365	0.00975	0.00488	0.00488	0.00098	0.00488	0.00390	0.00390	0.80888
5	0.00813	0.00596	0.00764	0.00875	0.00949	0.00547	0.00598	0.00954	0.01355	0.01794	0.11232	0.59875	0.13357	0.01936	0.00826	0.00255	0.00368	0.01738	0.00623	0.00547
6	0.00893	0.00667	0.00829	0.00798	0.00962	0.00603	0.00595	0.01163	0.01757	0.02410	0.55082	0.08640	0.20278	0.01449	0.00780	0.00213	0.00319	0.01266	0.00695	0.00603
7	0.01612	0.01546	0.02641	0.07245	0.69688	0.01560	0.02012	0.02005	0.01491	0.02130	0.01235	0.01635	0.01035	0.00590	0.00652	0.00197	0.00786	0.00586	0.00324	0.01029
8	0.00946	0.00958	0.07149	0.12653	0.01683	0.00799	0.00952	0.01206	0.01401	0.01828	0.09817	0.25459	0.21449	0.04899	0.00889	0.00257	0.00519	0.05989	0.00533	0.00615
9	0.00901	0.00665	0.00842	0.00812	0.00968	0.00606	0.00603	0.01177	0.01770	0.02451	0.58299	0.10139	0.15439	0.01442	0.00781	0.00213	0.00319	0.01266	0.00701	0.00606
10	0.01635	0.30628	0.21852	0.01457	0.04593	0.05447	0.01458	0.06151	0.01497	0.02000	0.01097	0.01269	0.00893	0.00585	0.00522	0.00157	0.00761	0.00423	0.00330	0.17245
11	0.02144	0.01350	0.01607	0.08403	0.01961	0.01435	0.01096	0.28572	0.09467	0.20142	0.09710	0.02271	0.01908	0.00854	0.00660	0.00202	0.00606	0.00691	0.05935	0.00986
12	0.01457	0.01553	0.07831	0.31386	0.41050	0.01522	0.01978	0.01895	0.01420	0.01965	0.01208	0.01660	0.00963	0.00617	0.00652	0.00206	0.00834	0.00578	0.00309	0.00917
13	0.01257	0.01321	0.09218	0.01226	0.01595	0.01162	0.04986	0.02206	0.28617	0.02450	0.22756	0.03634	0.14632	0.01100	0.00719	0.00217	0.00514	0.00950	0.00613	0.00827
14	0.02812	0.01089	0.01482	0.01147	0.01632	0.00943	0.00943	0.03070	0.01883	0.68258	0.07499	0.02429	0.01951	0.00852	0.00670	0.00204	0.00543	0.00699	0.00808	0.01085
15	0.00917	0.00686	0.00900	0.01072	0.04366	0.00672	0.00684	0.01154	0.06175	0.01734	0.03279	0.59799	0.03818	0.10120	0.01095	0.00302	0.00439	0.01631	0.00579	0.00579
16	0.01641	0.01772	0.06096	0.16616	0.48446	0.10069	0.01919	0.02034	0.01503	0.01999	0.01197	0.01588	0.00979	0.00612	0.00645	0.00197	0.00857	0.00562	0.00319	0.00950
17	0.01747	0.01492	0.01945	0.22676	0.22652	0.11143	0.01513	0.02149	0.04717	0.12467	0.05907	0.05585	0.01577	0.00785	0.00665	0.00205	0.00771	0.00682	0.00444	0.00879
18	0.00997	0.00779	0.01127	0.01096	0.01188	0.00934	0.00846	0.01197	0.01042	0.01508	0.01697	0.02642	0.01639	0.12084	0.58889	0.00929	0.09755	0.00718	0.00350	0.00582
19	0.02561	0.01664	0.01854	0.01431	0.01946	0.01786	0.01179	0.52511	0.06102	0.19304	0.01857	0.01768	0.01275	0.00801	0.00660	0.00200	0.00678	0.00615	0.00694	0.01116
20	0.01757	0.65189	0.07658	0.01285	0.01868	0.06050	0.04779	0.02018	0.01378	0.01613	0.00958	0.01120	0.00852	0.00572	0.00462	0.00151	0.00765	0.00386	0.00287	0.00851
21	0.01350	0.08806	0.21033	0.09966	0.15420	0.01388	0.01586	0.01805	0.03912	0.03588	0.01905	0.09538	0.04759	0.06358	0.00887	0.00245	0.02313	0.03925	0.00388	0.00828
22	0.00897	0.00686	0.00933	0.01149	0.06375	0.00645	0.00757	0.01068	0.01362	0.01795	0.06039	0.50337	0.13581	0.01844	0.00824	0.00258	0.00430	0.09838	0.00593	0.00587
23	0.05996	0.01167	0.01512	0.01172	0.01661	0.01063	0.00965	0.08800	0.01956	0.61115	0.05780	0.02265	0.01768	0.00830	0.00657	0.00203	0.00560	0.00669	0.00781	0.01080
24	0.01758	0.03986	0.05475	0.08074	0.50252	0.01540	0.05259	0.03760	0.01560	0.09943	0.01383	0.01683	0.01081	0.00620	0.00651	0.00198	0.00784	0.00593	0.00382	0.01016
25	0.01370	0.08580	0.13713	0.17098	0.15757	0.01501	0.16344	0.01812	0.01432	0.01921	0.01900	0.05261	0.08890	0.00778	0.00676	0.00209	0.00829	0.00732	0.00352	0.00843
26	0.01569	0.01502	0.02563	0.15217	0.62055	0.01548	0.01990	0.01967	0.01470	0.02077	0.01228	0.01649	0.01017	0.00598	0.00653	0.00199	0.00797	0.00586	0.00321	0.00994
27	0.07112	0.05503	0.47061	0.04828	0.05535	0.05302	0.05683	0.02181	0.04726	0.04271	0.01268	0.01466	0.00925	0.00639	0.00615	0.00205	0.00904	0.00510	0.00331	0.00935
28	0.01439	0.04948	0.19398	0.03976	0.25714	0.02956	0.11648	0.01890	0.01480	0.03557	0.02094	0.04401	0.10887	0.00808	0.00680	0.00208	0.00802	0.01841	0.00375	0.00897
29	0.01332	0.03324	0.69995	0.01921	0.02879	0.01536	0.05809	0.02086	0.01398	0.02086	0.01189	0.01409	0.00842	0.00622	0.00633	0.00209	0.00980	0.00501	0.00281	0.00969
30	0.00836	0.00597	0.00803	0.00955	0.01008	0.00564	0.00670	0.00975	0.01294	0.01718	0.03610	0.67458	0.04281	0.02031	0.00849	0.00272	0.00411	0.10515	0.00610	0.00544

[dist]
# distance from previous block
# <min> <max>
9	17

[block]
# block no. 5 follows, 33 sequences, length 48
# corresponding to MSA columns:
# 342-389
name=unknown_F
#
# <colnr> <probs for GDERKNQSTAVLIFYWHMCP>
#	G	D	E	R	K	N	Q	S	T	A	V	L	I	F	Y	W	H	M	C	P
0	0.01735	0.28513	0.19152	0.01559	0.06482	0.04149	0.01468	0.14411	0.04513	0.02320	0.05135	0.01552	0.01252	0.00676	0.00565	0.00176	0.00751	0.00507	0.00398	0.04685
1	0.05284	0.04226	0.02440	0.14194	0.50627	0.04753	0.01829	0.03406	0.03167	0.02128	0.01234	0.01602	0.01012	0.00613	0.00631	0.00197	0.00791	0.00564	0.00339	0.00964
2	0.05790	0.01698	0.06703	0.12344	0.18773	0.07870	0.01484	0.15095	0.03671	0.12934	0.03828	0.01768	0.01267	0.00710	0.00636	0.00198	0.00756	0.00585	0.00482	0.03410
3	0.01872	0.25029	0.25976	0.01662	0.07668	0.05119	0.01613	0.06056	0.03252	0.13793	0.01390	0.01475	0.01029	0.00653	0.00574	0.00184	0.00794	0.00492	0.00405	0.00964
4	0.06221	0.24769	0.02239	0.01381	0.04893	0.07923	0.01121	0.21058	0.06986	0.02581	0.04038	0.01528	0.01231	0.00684	0.00551	0.00168	0.00687	0.00501	0.00458	0.10984
5	0.05231	0.12317	0.01912	0.01360	0.01797	0.15588	0.01109	0.22639	0.15185	0.09220	0.01722	0.03400	0.01323	0.00781	0.00603	0.00190	0.00726	0.00583	0.03361	0.00952
6	0.01079	0.00801	0.00946	0.00933	0.01103	0.00792	0.00682	0.07679	0.07564	0.02148	0.16014	0.28834	0.18715	0.01650	0.00933	0.07145	0.00419	0.01319	0.00613	0.00631
7	0.01629	0.01564	0.02672	0.04041	0.72757	0.01564	0.02020	0.02020	0.01499	0.02151	0.01238	0.01629	0.01043	0.00587	0.00652	0.00196	0.00782	0.00587	0.00326	0.01043
8	0.01568	0.01551	0.02495	0.08059	0.02501	0.04559	0.24966	0.09370	0.01519	0.02099	0.01411	0.01834	0.03204	0.01013	0.04401	0.00271	0.23669	0.00674	0.04029	0.00809
9	0.00814	0.00660	0.00722	0.00723	0.00915	0.00568	0.00536	0.01008	0.01561	0.01961	0.20940	0.11845	0.52188	0.01629	0.00783	0.00223	0.00332	0.01386	0.00636	0.00568
10	0.01513	0.01446	0.02462	0.25486	0.52221	0.01534	0.01963	0.01919	0.01444	0.02010	0.01218	0.01667	0.00993	0.00608	0.00654	0.00203	0.00811	0.00586	0.00316	0.00949
11	0.00848	0.00663	0.00767	0.00755	0.00935	0.00583	0.00561	0.01074	0.01645	0.02153	0.35531	0.10313	0.38715	0.01551	0.00781	0.00219	0.00327	0.01333	0.00661	0.00583
12	0.02436	0.01811	0.01938	0.01501	0.02016	0.02011	0.01235	0.65409	0.08357	0.04042	0.01665	0.01648	0.01188	0.00798	0.00659	0.00200	0.00709	0.00604	0.00659	0.01114
13	0.01144	0.00572	0.00858	0.00858	0.00858	0.00572	0.00572	0.00858	0.00858	0.01144	0.01144	0.02001	0.01144	0.02287	0.02573	0.80846	0.00572	0.00572	0.00286	0.00286
14	0.01523	0.01743	0.05817	0.09455	0.10697	0.01641	0.52836	0.02045	0.01506	0.02059	0.01289	0.01737	0.00983	0.00587	0.00787	0.00220	0.03138	0.00724	0.00325	0.00888
15	0.00778	0.00667	0.00667	0.00667	0.00889	0.00556	0.00500	0.00945	0.01501	0.01778	0.06669	0.06336	0.72490	0.01667	0.00778	0.00222	0.00333	0.01389	0.00611	0.00556
16	0.02040	0.01981	0.11285	0.06919	0.16671	0.05204	0.01587	0.36403	0.06150	0.03119	0.01467	0.01607	0.01088	0.00719	0.00650	0.00200	0.00789	0.00578	0.00504	0.01039
17	0.01623	0.29157	0.11969	0.01257	0.01760	0.09852	0.01191	0.04245	0.01480	0.04189	0.01557	0.12849	0.01507	0.00850	0.00571	0.00175	0.00709	0.02380	0.00392	0.12289
18	0.01782	0.44972	0.02669	0.04595	0.01827	0.02155	0.01135	0.11580	0.10812	0.03823	0.01365	0.01505	0.01125	0.01023	0.06835	0.00243	0.00778	0.00485	0.00404	0.00888
19	0.01760	0.77260	0.03450	0.01126	0.01690	0.02605	0.01126	0.01971	0.01338	0.01549	0.00915	0.01056	0.00845	0.00563	0.00422	0.00141	0.00704	0.00352	0.00282	0.00845
20	0.00817	0.00579	0.00760	0.00898	0.00933	0.00544	0.00591	0.00920	0.01232	0.01643	0.03484	0.69721	0.04172	0.09025	0.01074	0.00302	0.00406	0.01786	0.00591	0.00522
21	0.05069	0.01791	0.07602	0.04994	0.09322	0.12713	0.06155	0.17147	0.03517	0.08508	0.04173	0.08036	0.01560	0.00838	0.00651	0.00201	0.00760	0.00700	0.05367	0.00896
22	0.01807	0.01961	0.02305	0.13543	0.38916	0.22786	0.01747	0.02129	0.01557	0.01899	0.01146	0.01510	0.00954	0.00650	0.00706	0.00196	0.04426	0.00538	0.00323	0.00901
23	0.01554	0.01776	0.03885	0.02775	0.03441	0.01665	0.70366	0.02109	0.01554	0.02109	0.01332	0.01776	0.00999	0.00555	0.00777	0.00222	0.01110	0.00777	0.00333	0.00888
24	0.01629	0.01564	0.02672	0.04041	0.72757	0.01564	0.02020	0.02020	0.01499	0.02151	0.01238	0.01629	0.01043	0.00587	0.00652	0.00196	0.00782	0.00587	0.00326	0.01043
25	0.02529	0.01226	0.01586	0.01363	0.05576	0.01177	0.01040	0.13294	0.06486	0.47065	0.02374	0.05083	0.01654	0.00978	0.02915	0.00231	0.00617	0.00701	0.03049	0.01057
26	0.01892	0.01993	0.02027	0.04606	0.08599	0.24013	0.03172	0.11651	0.01638	0.02021	0.01112	0.01474	0.00952	0.01048	0.04620	0.00262	0.27194	0.00544	0.00364	0.00818
27	0.01342	0.07114	0.69937	0.01839	0.02791	0.01583	0.02367	0.02079	0.01387	0.02058	0.01168	0.01373	0.00834	0.00622	0.00615	0.00205	0.00959	0.00480	0.00278	0.00966
28	0.00792	0.00671	0.00687	0.00694	0.00913	0.00566	0.00528	0.00966	0.01501	0.01788	0.06509	0.06390	0.69040	0.01675	0.00785	0.00226	0.00347	0.04751	0.00611	0.00558
29	0.01371	0.01478	0.08781	0.08226	0.01983	0.06986	0.06856	0.05728	0.14049	0.02330	0.19268	0.05286	0.09724	0.01053	0.00718	0.00216	0.00644	0.03965	0.00543	0.00792
30	0.11899	0.01743	0.01865	0.01742	0.10923	0.05574	0.01254	0.40164	0.12573	0.03414	0.01587	0.01632	0.01176	0.00752	0.00625	0.00200	0.00700	0.00577	0.00571	0.01030
31	0.01461	0.01373	0.02197	0.01759	0.02103	0.07449	0.26781	0.01761	0.01463	0.07750	0.02373	0.25166	0.05999	0.01172	0.00900	0.00236	0.07741	0.01092	0.00471	0.00753
32	0.00807	0.00583	0.00764	0.00899	0.00953	0.00540	0.00605	0.00933	0.01301	0.01730	0.06941	0.69308	0.08186	0.02008	0.00834	0.00262	0.00376	0.01814	0.00616	0.00540
33	0.01583	0.02078	0.19307	0.03319	0.46900	0.04451	0.08696	0.02068	0.01493	0.02110	0.01225	0.01570	0.00982	0.00596	0.00655	0.00200	0.00874	0.00575	0.00316	0.01000
34	0.01539	0.01472	0.02509	0.20741	0.56764	0.01540	0.01975	0.01941	0.01456	0.02041	0.01222	0.01659	0.01004	0.00603	0.00653	0.00201	0.00804	0.00586	0.00318	0.00970
35	0.81514	0.01273	0.00968	0.00866	0.01273	0.01477	0.00713	0.01935	0.01120	0.02954	0.00917	0.01069	0.00713	0.00611	0.00407	0.00204	0.00509	0.00356	0.00407	0.00713
36	0.01533	0.01446	0.01502	0.01350	0.01495	0.13380	0.01047	0.10290	0.01453	0.01876	0.01638	0.08401	0.01671	0.15601	0.09212	0.00401	0.22870	0.03738	0.00411	0.00685
37	0.01611	0.01530	0.02527	0.07367	0.62718	0.01566	0.01920	0.02141	0.08012	0.02183	0.01369	0.01713	0.01124	0.00619	0.00654	0.00199	0.00763	0.00601	0.00356	0.01027
38	0.00909	0.00663	0.00855	0.00826	0.00975	0.00609	0.00612	0.01192	0.01783	0.02493	0.61646	0.11700	0.10404	0.01434	0.00783	0.00214	0.00319	0.01267	0.00707	0.00609
39	0.01585	0.04269	0.01611	0.01367	0.01617	0.15078	0.04816	0.05852	0.10609	0.04027	0.01883	0.09178	0.01748	0.06027	0.13590	0.00386	0.08636	0.03432	0.03538	0.00751
40	0.00805	0.00618	0.00737	0.00812	0.00932	0.00551	0.00569	0.00958	0.01409	0.01808	0.11204	0.42724	0.30823	0.01843	0.00810	0.00244	0.00357	0.01622	0.00622	0.00551
41	0.00939	0.00675	0.00931	0.00945	0.01042	0.00741	0.00697	0.01124	0.01098	0.01562	0.02235	0.09916	0.05267	0.16495	0.47972	0.00825	0.01298	0.00883	0.04805	0.00551
42	0.00795	0.00623	0.00720	0.00791	0.00924	0.00548	0.00557	0.00942	0.01399	0.01762	0.07540	0.39543	0.37832	0.01843	0.00808	0.00243	0.00356	0.01611	0.00615	0.00548
43	0.08533	0.43850	0.04919	0.01213	0.01715	0.14610	0.01115	0.02213	0.01478	0.10086	0.01187	0.01284	0.00959	0.00627	0.00487	0.00161	0.00748	0.00416	0.03551	0.00847
44	0.08921	0.34650	0.12390	0.01376	0.01934	0.16152	0.01318	0.12461	0.01693	0.02150	0.01072	0.01208	0.00874	0.00633	0.00518	0.00170	0.00821	0.00421	0.00360	0.00877
45	0.05392	0.01619	0.02452	0.12056	0.56252	0.06859	0.01882	0.02021	0.01487	0.02094	0.01199	0.01585	0.00994	0.00603	0.00637	0.00197	0.00810	0.00564	0.00327	0.00970
46	0.01908	0.23473	0.11953	0.01664	0.05840	0.24328	0.04623	0.04546	0.06876	0.03561	0.01251	0.01424	0.01013	0.00840	0.03828	0.00216	0.00943	0.00485	0.00361	0.00868
47	0.02271	0.08992	0.05147	0.04394	0.02114	0.21210	0.04517	0.19724	0.03914	0.14699	0.01487	0.01564	0.01092	0.00744	0.00713	0.00194	0.05241	0.00544	0.00498	0.00941

[dist]
# distance from previous block
# <min> <max>
2	23

[block]
# block no. 6 follows, 33 sequences, length 52
# corresponding to MSA columns:
# 413-464
name=unknown_G
#
# <colnr> <probs for GDERKNQSTAVLIFYWHMCP>
#	G	D	E	R	K	N	Q	S	T	A	V	L	I	F	Y	W	H	M	C	P
0	0.05323	0.04255	0.10646	0.01794	0.11582	0.07064	0.05044	0.17893	0.01911	0.14252	0.01711	0.01785	0.03986	0.00715	0.00624	0.00188	0.00741	0.00581	0.00498	0.09407
1	0.07864	0.06841	0.09803	0.01616	0.06358	0.06661	0.07476	0.08958	0.11455	0.14863	0.01748	0.01983	0.01338	0.03185	0.00714	0.00213	0.00730	0.02773	0.00506	0.04914
2	0.01840	0.04031	0.01943	0.03629	0.18779	0.10920	0.03253	0.05645	0.13381	0.10829	0.05759	0.02059	0.03570	0.00774	0.00700	0.00194	0.03613	0.00638	0.00493	0.07950
3	0.03730	0.06673	0.05829	0.21587	0.25350	0.04571	0.04306	0.07730	0.03593	0.03808	0.03316	0.01707	0.01148	0.00680	0.00686	0.00203	0.03219	0.00584	0.00374	0.00904
4	0.00825	0.00642	0.00753	0.00820	0.00951	0.00581	0.00579	0.01024	0.03400	0.01816	0.09514	0.40736	0.32350	0.01819	0.00806	0.00244	0.00361	0.01596	0.00621	0.00564
5	0.02177	0.01747	0.01793	0.01396	0.01908	0.06598	0.01133	0.45059	0.09134	0.03422	0.01560	0.01592	0.01155	0.00728	0.00619	0.00177	0.00686	0.00553	0.00581	0.17981
6	0.01763	0.06305	0.14162	0.02729	0.37168	0.05485	0.01749	0.04030	0.01561	0.09298	0.01338	0.01567	0.01041	0.00616	0.00616	0.00185	0.00779	0.00536	0.00381	0.08692
7	0.01671	0.01514	0.05674	0.25046	0.33814	0.01525	0.01788	0.10146	0.01649	0.06999	0.01401	0.03374	0.01105	0.00683	0.00658	0.00206	0.00790	0.00616	0.00392	0.00948
8	0.01293	0.07276	0.59634	0.01692	0.02531	0.01468	0.02113	0.01965	0.01451	0.02129	0.10785	0.01847	0.01561	0.00719	0.00634	0.00204	0.00868	0.00574	0.00339	0.00918
9	0.01037	0.00853	0.01103	0.06920	0.06685	0.03618	0.00868	0.03237	0.01398	0.01843	0.07518	0.45582	0.06190	0.03469	0.04564	0.00296	0.00566	0.03086	0.00546	0.00622
10	0.01661	0.01847	0.13474	0.06379	0.24664	0.07104	0.13101	0.02146	0.04262	0.08788	0.03683	0.06915	0.01453	0.00756	0.00683	0.00208	0.00830	0.00709	0.00410	0.00928
11	0.01458	0.04534	0.05996	0.31047	0.18059	0.04650	0.16496	0.01891	0.01430	0.01883	0.01358	0.01791	0.03056	0.00660	0.00714	0.00211	0.02977	0.00629	0.00318	0.00842
12	0.01291	0.01247	0.01970	0.72412	0.04437	0.04300	0.01807	0.01719	0.01338	0.01679	0.01164	0.01733	0.00876	0.00659	0.00656	0.00217	0.00890	0.00579	0.00294	0.00733
13	0.01843	0.04826	0.26013	0.01805	0.06649	0.12193	0.05172	0.14177	0.07978	0.06881	0.01569	0.05188	0.01231	0.00759	0.00646	0.00202	0.00853	0.00613	0.00443	0.00958
14	0.01982	0.01723	0.13734	0.01357	0.01845	0.06287	0.03170	0.16088	0.05422	0.20647	0.03865	0.02481	0.07225	0.08037	0.02932	0.00268	0.00736	0.00709	0.00569	0.00921
15	0.00851	0.00655	0.00777	0.00777	0.00941	0.00582	0.00571	0.01074	0.01627	0.02151	0.35758	0.16272	0.32424	0.01582	0.00787	0.00222	0.00330	0.01373	0.00662	0.00582
16	0.00858	0.00625	0.00813	0.00915	0.01003	0.00587	0.00657	0.01027	0.01383	0.01838	0.12841	0.47002	0.11460	0.04187	0.02752	0.00290	0.00438	0.10158	0.00613	0.00555
17	0.01581	0.15342	0.40301	0.03994	0.09428	0.08695	0.05376	0.04313	0.01499	0.02013	0.01147	0.01373	0.00876	0.00619	0.00601	0.00193	0.00926	0.00488	0.00305	0.00932
18	0.01683	0.04195	0.05015	0.12973	0.22557	0.04359	0.10256	0.03911	0.14231	0.08067	0.01777	0.03634	0.02900	0.00734	0.00669	0.00208	0.00772	0.00675	0.00443	0.00943
19	0.00806	0.00605	0.00747	0.00845	0.00940	0.00547	0.00583	0.00948	0.01368	0.01778	0.09560	0.52812	0.22260	0.01906	0.00819	0.00251	0.00364	0.01695	0.00620	0.00547
20	0.01613	0.03799	0.13035	0.02309	0.20554	0.07644	0.12174	0.02032	0.03489	0.07158	0.01694	0.05950	0.03350	0.00972	0.02931	0.02840	0.04644	0.02540	0.00394	0.00878
21	0.01629	0.07452	0.33226	0.02033	0.08997	0.01572	0.14232	0.05134	0.05572	0.09058	0.01612	0.01769	0.03345	0.00679	0.00654	0.00206	0.00865	0.00604	0.00394	0.00966
22	0.00837	0.00697	0.00737	0.00756	0.00954	0.00621	0.00555	0.01103	0.05937	0.01823	0.05853	0.19020	0.55412	0.01691	0.00783	0.00231	0.00354	0.01437	0.00615	0.00583
23	0.01070	0.00714	0.00895	0.00877	0.01023	0.00677	0.00629	0.01363	0.05325	0.06980	0.34108	0.22118	0.08500	0.11373	0.01116	0.00280	0.00401	0.01278	0.00651	0.00624
24	0.05929	0.10931	0.26094	0.01791	0.05600	0.05847	0.08932	0.16905	0.03643	0.02486	0.01301	0.01503	0.00989	0.00862	0.04169	0.00238	0.00908	0.00537	0.00393	0.00942
25	0.04280	0.14090	0.48530	0.01647	0.02452	0.04637	0.01953	0.04795	0.04845	0.02131	0.01213	0.01379	0.00905	0.00632	0.00584	0.00193	0.00875	0.00472	0.00324	0.04062
26	0.01149	0.03980	0.04276	0.01124	0.01291	0.04522	0.00901	0.04083	0.01264	0.01707	0.04535	0.15543	0.04809	0.06547	0.29626	0.05392	0.07306	0.00906	0.00420	0.00618
27	0.02412	0.04991	0.02017	0.01501	0.02012	0.09949	0.05797	0.36068	0.04648	0.17616	0.01695	0.01680	0.01195	0.00746	0.00642	0.00191	0.00750	0.00585	0.00604	0.04901
28	0.01612	0.01411	0.01241	0.01119	0.01404	0.16330	0.00856	0.09606	0.08714	0.06978	0.14300	0.09079	0.16601	0.01142	0.00689	0.00203	0.00588	0.00935	0.06431	0.00761
29	0.01781	0.06492	0.05530	0.05750	0.11410	0.04033	0.24541	0.14848	0.08730	0.04549	0.01518	0.01829	0.01178	0.03893	0.00795	0.00224	0.00863	0.00661	0.00435	0.00941
30	0.01279	0.01054	0.01227	0.00957	0.01404	0.00871	0.00754	0.06093	0.01534	0.02240	0.09524	0.05626	0.10890	0.00997	0.03575	0.00178	0.00512	0.00692	0.00480	0.50113
31	0.01424	0.01091	0.01415	0.01431	0.09613	0.01112	0.02941	0.08392	0.16054	0.06843	0.29012	0.05660	0.10036	0.01110	0.00724	0.00212	0.00489	0.00969	0.00642	0.00831
32	0.00965	0.00809	0.01171	0.06512	0.03326	0.00771	0.06340	0.01207	0.01471	0.01905	0.13192	0.18980	0.26091	0.04719	0.00903	0.00256	0.00501	0.09704	0.00564	0.00612
33	0.01523	0.10027	0.41699	0.01544	0.02250	0.01492	0.01769	0.09190	0.01630	0.07071	0.07895	0.07755	0.01684	0.00829	0.00642	0.00205	0.00785	0.00670	0.00422	0.00919
34	0.81514	0.01273	0.00968	0.00866	0.01273	0.01477	0.00713	0.01935	0.01120	0.02954	0.00917	0.01069	0.00713	0.00611	0.00407	0.00204	0.00509	0.00356	0.00407	0.00713
35	0.04328	0.16977	0.02093	0.01423	0.01858	0.22842	0.01163	0.24786	0.09571	0.02595	0.01491	0.05292	0.01237	0.00785	0.00597	0.00185	0.00809	0.00572	0.00484	0.00913
36	0.00975	0.00792	0.00871	0.00823	0.01066	0.00718	0.00625	0.04029	0.05847	0.02090	0.15725	0.11451	0.42331	0.01486	0.00753	0.00216	0.00379	0.02722	0.00618	0.06482
37	0.13805	0.03951	0.24580	0.05240	0.06996	0.11466	0.03539	0.02235	0.05468	0.08943	0.01383	0.01579	0.01040	0.00967	0.05847	0.00262	0.00903	0.00522	0.00391	0.00883
38	0.11882	0.03958	0.01853	0.01534	0.03939	0.11176	0.04706	0.28165	0.17681	0.03038	0.01704	0.01891	0.01322	0.00793	0.00631	0.00204	0.00729	0.03281	0.00550	0.00964
39	0.01397	0.01311	0.02212	0.39774	0.33568	0.01459	0.01859	0.01806	0.01408	0.01902	0.01355	0.02082	0.01144	0.00705	0.00672	0.00215	0.00818	0.05129	0.00328	0.00856
40	0.00935	0.00688	0.00899	0.00995	0.01133	0.00652	0.00797	0.01173	0.01508	0.01974	0.14508	0.22498	0.15913	0.01777	0.00851	0.00267	0.00464	0.31759	0.00626	0.00584
41	0.00891	0.00879	0.06086	0.00918	0.01134	0.00689	0.00752	0.01177	0.04795	0.01831	0.04781	0.29531	0.35056	0.01700	0.00794	0.00243	0.00429	0.07117	0.00589	0.00607
42	0.00913	0.00694	0.00864	0.00945	0.01108	0.00644	0.00764	0.01142	0.01502	0.01910	0.09643	0.15910	0.29339	0.01761	0.00842	0.00262	0.00455	0.30106	0.00617	0.00579
43	0.01669	0.01655	0.02579	0.05792	0.64021	0.06448	0.01948	0.02039	0.01504	0.02085	0.01211	0.01598	0.01020	0.00611	0.00693	0.00197	0.03026	0.00575	0.00325	0.01006
44	0.00915	0.00642	0.00814	0.00906	0.00990	0.00613	0.00626	0.03946	0.01414	0.01937	0.10523	0.59150	0.06044	0.01838	0.00799	0.00249	0.00383	0.01651	0.05984	0.00574
45	0.01832	0.01482	0.06321	0.01295	0.01716	0.05004	0.03280	0.13223	0.21666	0.14497	0.11763	0.02793	0.08436	0.00949	0.00682	0.00208	0.00593	0.00787	0.02538	0.00935
46	0.01518	0.01194	0.01401	0.01010	0.01588	0.00931	0.00812	0.04557	0.01470	0.06993	0.01282	0.01433	0.01025	0.00522	0.00506	0.00109	0.00502	0.00417	0.00429	0.72302
47	0.01580	0.01561	0.02352	0.08592	0.54618	0.07272	0.01793	0.01929	0.01499	0.02028	0.01587	0.06803	0.04012	0.00740	0.00665	0.00201	0.00777	0.00691	0.00355	0.00945
48	0.05496	0.09126	0.01813	0.01457	0.08700	0.03324	0.03709	0.06730	0.06522	0.07442	0.03466	0.05624	0.03697	0.00748	0.00617	0.00167	0.02260	0.00612	0.00464	0.28026
49	0.01821	0.04321	0.04468	0.01308	0.01730	0.01356	0.05658	0.23846	0.05721	0.11993	0.17151	0.07881	0.04820	0.00994	0.00692	0.00203	0.00593	0.00845	0.00627	0.03970
50	0.05101	0.01564	0.01919	0.01939	0.16206	0.07298	0.06272	0.16513	0.12080	0.07943	0.02058	0.06193	0.05732	0.00839	0.00660	0.00201	0.00694	0.00717	0.00524	0.05543
51	0.01653	0.01612	0.04526	0.01882	0.15454	0.10301	0.03649	0.05895	0.18743	0.04039	0.03837	0.04577	0.01665	0.04593	0.02752	0.00243	0.02446	0.02525	0.00478	0.09130

[dist]
# distance from previous block
# <min> <max>
0	9

[block]
# block no. 7 follows, 33 sequences, length 28
# corresponding to MSA columns:
# 474-501
name=unknown_H
#
# <colnr> <probs for GDERKNQSTAVLIFYWHMCP>
#	G	D	E	R	K	N	Q	S	T	A	V	L	I	F	Y	W	H	M	C	P
0	0.01582	0.15054	0.08684	0.03821	0.11383	0.16094	0.01284	0.03371	0.03304	0.02092	0.20106	0.02628	0.02486	0.00887	0.00645	0.00192	0.00729	0.04404	0.00451	0.00802
1	0.01835	0.48938	0.12868	0.01475	0.05862	0.09372	0.01377	0.06462	0.01530	0.03437	0.01061	0.01207	0.00890	0.00605	0.00501	0.00161	0.00791	0.00413	0.00325	0.00889
2	0.01615	0.01448	0.02424	0.11710	0.57339	0.01466	0.01860	0.01992	0.01500	0.06033	0.01593	0.01926	0.04830	0.00664	0.00660	0.00200	0.00757	0.00633	0.00364	0.00986
