[name]
unknown

[dist]
# distance from previous block
# <min> <max>
0	26

[block]
# block no. 0 follows, 33 sequences, length 100
# corresponding to MSA columns:
# 26-125
name=unknown_A
#
# <colnr> <probs for GDERKNQSTAVLIFYWHMCP>
#	G	D	E	R	K	N	Q	S	T	A	V	L	I	F	Y	W	H	M	C	P
0	0.04636	0.01026	0.01302	0.01479	0.08088	0.03281	0.01127	0.03740	0.07325	0.04976	0.03027	0.05611	0.04980	0.01468	0.00814	0.00269	0.00624	0.44925	0.00579	0.00726
1	0.01817	0.03842	0.07402	0.01458	0.05502	0.10063	0.01170	0.12311	0.18162	0.08270	0.10859	0.02165	0.01938	0.00804	0.00637	0.00188	0.00656	0.00648	0.00550	0.11557
2	0.07188	0.07115	0.14144	0.06319	0.06560	0.15702	0.01447	0.09901	0.01671	0.07096	0.04132	0.01573	0.01162	0.00737	0.00753	0.00196	0.08293	0.00526	0.00408	0.05078
3	0.13002	0.20954	0.04460	0.01238	0.01684	0.03775	0.03795	0.09697	0.07282	0.09652	0.11892	0.01984	0.01832	0.00789	0.00636	0.00190	0.03466	0.00599	0.00498	0.02575
4	0.01577	0.08147	0.19028	0.01708	0.02211	0.04356	0.13089	0.05306	0.01514	0.06223	0.08976	0.01872	0.01523	0.00810	0.00966	0.00213	0.16395	0.00628	0.00396	0.05061
5	0.12318	0.01362	0.02090	0.29356	0.27723	0.01581	0.01688	0.01821	0.01309	0.02006	0.01115	0.01572	0.00911	0.00698	0.00841	0.00219	0.11681	0.00553	0.00319	0.00837
6	0.00792	0.00667	0.00686	0.00681	0.00898	0.00562	0.00511	0.00971	0.01532	0.01854	0.12452	0.06211	0.66660	0.01639	0.00778	0.00221	0.00331	0.01372	0.00621	0.00562
7	0.01243	0.01170	0.01975	0.75282	0.04534	0.01463	0.01828	0.01682	0.01316	0.01682	0.01170	0.01755	0.00878	0.00658	0.00658	0.00219	0.00878	0.00585	0.00293	0.00731
8	0.00960	0.00708	0.00988	0.00979	0.01060	0.00805	0.00718	0.01125	0.01027	0.01457	0.01827	0.03050	0.01839	0.25616	0.51641	0.00914	0.03610	0.00774	0.00364	0.00537
9	0.01140	0.01030	0.01584	0.01684	0.13499	0.01018	0.09782	0.01534	0.07294	0.02010	0.09695	0.22266	0.19028	0.01329	0.00820	0.00231	0.03605	0.01194	0.00530	0.00728
10	0.01243	0.01170	0.01975	0.75282	0.04534	0.01463	0.01828	0.01682	0.01316	0.01682	0.01170	0.01755	0.00878	0.00658	0.00658	0.00219	0.00878	0.00585	0.00293	0.00731
11	0.00814	0.00578	0.00760	0.00902	0.00937	0.00543	0.00595	0.00920	0.01237	0.01650	0.03510	0.70935	0.04205	0.07766	0.01032	0.00296	0.00401	0.01802	0.00595	0.00524
12	0.02095	0.02493	0.01825	0.01919	0.13013	0.50996	0.01280	0.02322	0.01789	0.01854	0.09770	0.01759	0.01563	0.00748	0.00620	0.00178	0.00983	0.00550	0.03459	0.00784
13	0.01554	0.01776	0.03885	0.02775	0.03441	0.01665	0.70366	0.02109	0.01554	0.02109	0.01332	0.01776	0.00999	0.00555	0.00777	0.00222	0.01110	0.00777	0.00333	0.00888
14	0.00932	0.00673	0.00880	0.00828	0.00984	0.00621	0.00621	0.01242	0.01863	0.02640	0.72410	0.04918	0.06212	0.01346	0.00776	0.00207	0.00311	0.01191	0.00725	0.00621
15	0.01055	0.00627	0.00689	0.00689	0.00740	0.00627	0.00426	0.01146	0.01095	0.01665	0.02062	0.03597	0.02108	0.48469	0.02354	0.03671	0.00525	0.00827	0.27163	0.00466
16	0.02067	0.17150	0.08187	0.09621	0.02300	0.44306	0.01407	0.02323	0.01639	0.01646	0.01024	0.01248	0.00850	0.00664	0.00616	0.00176	0.03231	0.00437	0.00316	0.00792
17	0.01535	0.01468	0.02501	0.21490	0.56048	0.01539	0.01973	0.01938	0.01454	0.02036	0.01222	0.01660	0.01002	0.00604	0.00653	0.00201	0.00805	0.00586	0.00318	0.00966
18	0.02954	0.01120	0.01528	0.01171	0.01681	0.00968	0.00968	0.03208	0.01884	0.73213	0.02597	0.02241	0.01630	0.00815	0.00662	0.00204	0.00560	0.00662	0.00815	0.01120
19	0.00807	0.00579	0.00758	0.00900	0.00943	0.00539	0.00599	0.00919	0.01258	0.01669	0.03686	0.71013	0.06893	0.04882	0.00933	0.00280	0.00390	0.01818	0.00603	0.00530
20	0.05081	0.09920	0.11066	0.01933	0.09761	0.09862	0.11697	0.19172	0.03993	0.09136	0.01427	0.01560	0.01058	0.00676	0.00631	0.00195	0.00838	0.00564	0.00459	0.00973
21	0.01525	0.01974	0.12337	0.02666	0.03369	0.01648	0.62112	0.02106	0.01534	0.02106	0.01314	0.01729	0.00979	0.00564	0.00759	0.00220	0.01093	0.00742	0.00326	0.00898
22	0.02408	0.01746	0.01879	0.01461	0.01964	0.01928	0.01200	0.60473	0.08825	0.06418	0.01726	0.01704	0.01230	0.00799	0.00654	0.00199	0.00689	0.00609	0.02990	0.01098
23	0.00822	0.00652	0.00738	0.00751	0.00925	0.00569	0.00550	0.01017	0.01553	0.01983	0.23071	0.18035	0.43699	0.01653	0.00788	0.00226	0.00336	0.01421	0.00640	0.00569
24	0.01992	0.01462	0.01692	0.07383	0.04863	0.05917	0.01174	0.24094	0.07340	0.14044	0.09360	0.07307	0.01974	0.00955	0.00811	0.00214	0.07141	0.00755	0.00593	0.00929
25	0.01652	0.01617	0.02657	0.03824	0.65276	0.03835	0.04785	0.02093	0.03896	0.02153	0.01284	0.01650	0.01068	0.00599	0.00656	0.00197	0.00799	0.00595	0.00338	0.01028
26	0.00842	0.00600	0.00758	0.00854	0.00907	0.00563	0.00563	0.00954	0.01267	0.01688	0.09253	0.51809	0.08590	0.16576	0.01321	0.00332	0.00423	0.01605	0.00579	0.00517
27	0.01540	0.02091	0.17478	0.02602	0.05638	0.01646	0.52515	0.04234	0.01568	0.02169	0.01307	0.01689	0.00972	0.00577	0.00739	0.00218	0.01060	0.00708	0.00332	0.00917
28	0.02382	0.06453	0.02028	0.03671	0.04291	0.33956	0.01293	0.32807	0.02358	0.02757	0.01274	0.01385	0.00976	0.00719	0.00617	0.00183	0.00934	0.00505	0.00477	0.00934
29	0.01148	0.00669	0.01039	0.01068	0.04315	0.00666	0.02841	0.00974	0.00955	0.01276	0.01480	0.02238	0.04909	0.02273	0.06446	0.65739	0.00654	0.00629	0.00310	0.00372
30	0.01624	0.48710	0.28399	0.01411	0.02114	0.04326	0.01597	0.02031	0.01372	0.01742	0.01013	0.01179	0.00841	0.00589	0.00500	0.00166	0.00814	0.00402	0.00282	0.00888
31	0.01611	0.01546	0.02640	0.07367	0.69572	0.01559	0.02011	0.02005	0.01490	0.02129	0.01235	0.01635	0.01035	0.00590	0.00652	0.00197	0.00787	0.00586	0.00324	0.01028
32	0.00843	0.00631	0.00771	0.00814	0.00933	0.00572	0.00574	0.01024	0.01488	0.01973	0.24999	0.32688	0.22673	0.05775	0.00940	0.00257	0.00362	0.01491	0.00634	0.00559
33	0.02206	0.01636	0.01914	0.04576	0.04748	0.04002	0.04069	0.44177	0.02528	0.09287	0.07720	0.01944	0.01580	0.00828	0.00726	0.00202	0.03659	0.00652	0.02535	0.01009
34	0.02423	0.08049	0.04888	0.01476	0.02022	0.02001	0.01270	0.58038	0.02808	0.08156	0.01574	0.01571	0.01118	0.00767	0.00638	0.00194	0.00722	0.00573	0.00622	0.01091
35	0.01296	0.00680	0.00687	0.00662	0.00836	0.00691	0.00503	0.05254	0.01473	0.02546	0.02117	0.02407	0.01657	0.00768	0.00471	0.00156	0.00329	0.00612	0.76215	0.00641
36	0.00956	0.00645	0.00753	0.00753	0.00765	0.00657	0.00443	0.00980	0.00968	0.01303	0.02042	0.04130	0.02316	0.69409	0.10699	0.00682	0.00755	0.00931	0.00394	0.00418
37	0.01365	0.01170	0.01365	0.00975	0.01560	0.00878	0.00780	0.01658	0.01365	0.02145	0.01170	0.01365	0.00975	0.00488	0.00488	0.00098	0.00488	0.00390	0.00390	0.80888
38	0.05300	0.04492	0.27715	0.06843	0.07579	0.04473	0.14331	0.07032	0.08716	0.05118	0.01423	0.01624	0.01048	0.00658	0.00648	0.00208	0.00878	0.00581	0.00389	0.00946
39	0.00941	0.00702	0.01040	0.01040	0.01152	0.00813	0.00801	0.01164	0.01053	0.01515	0.01780	0.02677	0.01685	0.08714	0.70532	0.01036	0.01704	0.00719	0.00355	0.00578
40	0.05199	0.01299	0.01451	0.01180	0.01587	0.01354	0.00953	0.27671	0.09412	0.18106	0.09851	0.02690	0.09270	0.00946	0.00662	0.00202	0.00549	0.00760	0.05905	0.00952
41	0.02126	0.01946	0.07841	0.04608	0.12026	0.10650	0.08909	0.28259	0.02181	0.09758	0.01562	0.01837	0.01182	0.00747	0.00670	0.00203	0.00836	0.03156	0.00508	0.00995
42	0.01690	0.01555	0.04260	0.01384	0.01767	0.04109	0.01117	0.08843	0.56162	0.02731	0.02452	0.04879	0.01899	0.00916	0.00717	0.00222	0.02914	0.00746	0.00629	0.01008
43	0.01498	0.10000	0.09652	0.27052	0.19929	0.01594	0.05236	0.01898	0.01392	0.05593	0.01340	0.05104	0.01116	0.00724	0.00728	0.00209	0.05108	0.00623	0.00342	0.00862
44	0.01436	0.10959	0.37369	0.01718	0.02435	0.01500	0.12550	0.02014	0.03107	0.05594	0.04423	0.06241	0.03444	0.00763	0.00647	0.00203	0.00835	0.00665	0.00374	0.03722
45	0.78825	0.01337	0.00998	0.00894	0.01299	0.03951	0.00732	0.01959	0.01146	0.02908	0.00920	0.01073	0.00718	0.00613	0.00414	0.00203	0.00532	0.00359	0.00405	0.00715
46	0.02219	0.01203	0.01603	0.05329	0.08078	0.01193	0.01102	0.12545	0.05652	0.35616	0.05633	0.02399	0.04497	0.01273	0.08298	0.00293	0.00723	0.00704	0.00653	0.00988
47	0.01707	0.01589	0.10336	0.05039	0.06255	0.03458	0.03877	0.16438	0.11513	0.09929	0.05066	0.02905	0.17099	0.00966	0.00689	0.00210	0.00650	0.00803	0.00562	0.00909
48	0.02202	0.02713	0.01900	0.05566	0.02108	0.56729	0.01333	0.02381	0.01674	0.01610	0.00997	0.01265	0.00853	0.00767	0.00894	0.00195	0.15272	0.00461	0.00327	0.00753
49	0.00815	0.00587	0.00773	0.00899	0.00956	0.00544	0.00608	0.00952	0.01332	0.01784	0.10925	0.66485	0.06953	0.01974	0.00831	0.00259	0.00373	0.01783	0.00623	0.00544
50	0.01776	0.01420	0.07624	0.01543	0.09031	0.01297	0.01189	0.18387	0.09639	0.12985	0.14748	0.06780	0.04454	0.01024	0.00706	0.00215	0.00596	0.05042	0.00620	0.00924
51	0.02052	0.02373	0.01644	0.01494	0.01820	0.45671	0.01131	0.02695	0.20695	0.02045	0.10141	0.01983	0.01813	0.00818	0.00636	0.00189	0.00901	0.00604	0.00475	0.00821
52	0.01387	0.00705	0.00734	0.00691	0.00883	0.00708	0.00529	0.05248	0.01498	0.06356	0.02142	0.02397	0.01654	0.00771	0.00481	0.00158	0.00342	0.00615	0.72031	0.00667
53	0.01540	0.01869	0.07877	0.02723	0.03407	0.01657	0.66468	0.02107	0.01544	0.02107	0.01323	0.01754	0.00989	0.00559	0.00768	0.00221	0.01102	0.00760	0.00330	0.00893
54	0.01607	0.01522	0.05124	0.18705	0.27651	0.01521	0.11665	0.06417	0.07868	0.05559	0.04717	0.01919	0.01348	0.00685	0.00679	0.00209	0.00799	0.00656	0.00411	0.00938
55	0.01554	0.01776	0.03885	0.02775	0.03441	0.01665	0.70366	0.02109	0.01554	0.02109	0.01332	0.01776	0.00999	0.00555	0.00777	0.00222	0.01110	0.00777	0.00333	0.00888
56	0.00993	0.00676	0.00888	0.00855	0.01007	0.00622	0.00633	0.01271	0.01773	0.05306	0.59229	0.15625	0.05748	0.01433	0.00782	0.00216	0.00331	0.01272	0.00711	0.00628
57	0.01390	0.01073	0.01182	0.01104	0.04021	0.01107	0.00820	0.16633	0.13224	0.02642	0.12334	0.03917	0.27331	0.01177	0.00697	0.00207	0.00460	0.00976	0.08916	0.00790
58	0.01452	0.12930	0.46314	0.02078	0.11172	0.01695	0.07312	0.02138	0.05093	0.02057	0.01242	0.01459	0.00935	0.00621	0.00615	0.00200	0.00900	0.00516	0.00309	0.00961
59	0.00938	0.00630	0.00724	0.00742	0.00747	0.00626	0.00425	0.00952	0.00994	0.01326	0.02263	0.13071	0.02632	0.67776	0.03046	0.00593	0.00607	0.01068	0.00425	0.00415
60	0.01130	0.00584	0.00860	0.00867	0.00874	0.00584	0.00585	0.00887	0.00894	0.01189	0.01303	0.02379	0.01334	0.06284	0.02537	0.72764	0.00577	0.03756	0.00307	0.00307
61	0.01648	0.01349	0.05239	0.03404	0.03952	0.01355	0.01140	0.13032	0.27241	0.07580	0.08377	0.04706	0.02399	0.01098	0.00772	0.02549	0.00592	0.12042	0.00618	0.00907
62	0.08011	0.05034	0.45535	0.05281	0.02735	0.10400	0.09877	0.02119	0.01440	0.02066	0.01149	0.01391	0.00847	0.00622	0.00617	0.00203	0.00965	0.00502	0.00303	0.00902
63	0.00807	0.00585	0.00771	0.00907	0.00961	0.00550	0.00614	0.00931	0.01266	0.01680	0.03734	0.68542	0.08548	0.02172	0.04264	0.00301	0.00443	0.01787	0.00599	0.00539
64	0.05845	0.01037	0.01062	0.00911	0.01196	0.01110	0.00723	0.23351	0.01908	0.03016	0.01904	0.02106	0.01457	0.00766	0.00520	0.00170	0.00449	0.00593	0.51097	0.00779
65	0.01512	0.01600	0.05957	0.15271	0.37118	0.01626	0.12657	0.01919	0.01402	0.01982	0.01186	0.01635	0.00973	0.00676	0.00886	0.00217	0.11541	0.00610	0.00314	0.00917
66	0.01246	0.01175	0.02041	0.51926	0.07532	0.01361	0.08755	0.01671	0.01407	0.01862	0.09870	0.02168	0.01578	0.00898	0.03616	0.00250	0.00863	0.00683	0.00353	0.00745
67	0.01320	0.03405	0.73453	0.01876	0.02849	0.01529	0.02432	0.02085	0.01390	0.02085	0.01181	0.01390	0.00834	0.00625	0.00625	0.00208	0.00973	0.00486	0.00278	0.00973
68	0.00957	0.00638	0.00718	0.00718	0.00718	0.00638	0.00399	0.00957	0.00957	0.01276	0.02074	0.04308	0.02393	0.76864	0.03351	0.00638	0.00638	0.00957	0.00399	0.00399
69	0.01636	0.18842	0.29266	0.02078	0.09907	0.11148	0.14113	0.02128	0.01481	0.01919	0.01136	0.01386	0.00889	0.00602	0.00607	0.00190	0.00947	0.00512	0.00301	0.00910
70	0.01890	0.08973	0.44044	0.01583	0.02370	0.01438	0.01844	0.02441	0.01546	0.25206	0.01620	0.01638	0.01094	0.00682	0.00620	0.00201	0.00816	0.00532	0.00453	0.01010
71	0.00779	0.00662	0.00672	0.00680	0.00893	0.00555	0.00506	0.00943	0.01488	0.01773	0.06505	0.10113	0.68818	0.01689	0.00781	0.00225	0.00336	0.01415	0.00611	0.00555
72	0.00916	0.00631	0.00790	0.00868	0.00926	0.00610	0.00596	0.01041	0.01247	0.01686	0.07876	0.33222	0.05097	0.26910	0.01668	0.00387	0.00490	0.10800	0.03730	0.00509
73	0.01557	0.04103	0.21037	0.10961	0.23443	0.01562	0.01824	0.05632	0.01514	0.05960	0.05750	0.01779	0.01303	0.00745	0.00831	0.00213	0.09894	0.00594	0.00373	0.00925
74	0.01358	0.09703	0.67483	0.01812	0.02750	0.01621	0.02321	0.02075	0.01385	0.02039	0.01159	0.01361	0.00835	0.00620	0.00608	0.00203	0.00950	0.00475	0.00278	0.00962
75	0.01268	0.01199	0.02003	0.68720	0.06972	0.01496	0.01815	0.01690	0.01307	0.01695	0.01157	0.01734	0.00883	0.00681	0.00737	0.00222	0.04800	0.00585	0.00294	0.00743
76	0.02137	0.22908	0.02521	0.01690	0.04098	0.36292	0.07630	0.09505	0.01787	0.01922	0.01080	0.01267	0.00896	0.00659	0.00618	0.00174	0.03156	0.00464	0.00355	0.00841
77	0.01061	0.00708	0.00884	0.00819	0.01019	0.00634	0.00621	0.01334	0.01782	0.08189	0.51573	0.05026	0.21114	0.01377	0.00768	0.00210	0.00336	0.01193	0.00706	0.00647
78	0.01496	0.02345	0.32197	0.03052	0.38847	0.01557	0.06957	0.02053	0.01457	0.02120	0.01221	0.01540	0.00953	0.00601	0.00650	0.00203	0.00884	0.00558	0.00306	0.01003
79	0.01754	0.02315	0.29910	0.01639	0.02269	0.11517	0.08713	0.02294	0.04412	0.15082	0.09071	0.02154	0.04349	0.00785	0.00667	0.00205	0.00831	0.00658	0.00465	0.00912
80	0.01620	0.01554	0.02655	0.05825	0.71049	0.01562	0.02016	0.02012	0.01494	0.02139	0.01237	0.01633	0.01039	0.00588	0.00652	0.00196	0.00784	0.00587	0.00325	0.01035
81	0.00802	0.00573	0.00764	0.00917	0.00955	0.00535	0.00611	0.00917	0.01260	0.01681	0.03628	0.76434	0.04354	0.02062	0.00840	0.00267	0.00382	0.01872	0.00611	0.00535
82	0.02073	0.44103	0.02741	0.01381	0.01844	0.34641	0.01192	0.02265	0.01574	0.01577	0.00961	0.01115	0.00846	0.00615	0.00499	0.00154	0.00920	0.00384	0.00307	0.00808
83	0.01531	0.26275	0.40371	0.01737	0.02527	0.01902	0.10233	0.04647	0.01458	0.01998	0.01131	0.01339	0.00868	0.00604	0.00582	0.00189	0.00896	0.00484	0.00300	0.00928
84	0.00802	0.00573	0.00764	0.00917	0.00955	0.00535	0.00611	0.00917	0.01260	0.01681	0.03628	0.76434	0.04354	0.02062	0.00840	0.00267	0.00382	0.01872	0.00611	0.00535
85	0.01760	0.77260	0.03450	0.01126	0.01690	0.02605	0.01126	0.01971	0.01338	0.01549	0.00915	0.01056	0.00845	0.00563	0.00422	0.00141	0.00704	0.00352	0.00282	0.00845
86	0.04895	0.46212	0.21650	0.01388	0.02047	0.02117	0.05066	0.02017	0.01376	0.04033	0.01223	0.01369	0.02895	0.00620	0.00511	0.00170	0.00773	0.00449	0.00315	0.00876
87	0.00802	0.00573	0.00764	0.00917	0.00955	0.00535	0.00611	0.00917	0.01260	0.01681	0.03628	0.76434	0.04354	0.02062	0.00840	0.00267	0.00382	0.01872	0.00611	0.00535
88	0.00799	0.00670	0.00696	0.00696	0.00911	0.00567	0.00526	0.00982	0.01531	0.01856	0.12039	0.06249	0.64994	0.01645	0.00782	0.00223	0.00339	0.03310	0.00621	0.00563
89	0.06169	0.10657	0.01681	0.01221	0.01586	0.06654	0.00981	0.27499	0.02037	0.07381	0.02209	0.20444	0.04654	0.02930	0.00727	0.00218	0.00630	0.00902	0.00567	0.00854
90	0.01416	0.08140	0.37298	0.06835	0.15587	0.01571	0.05914	0.03605	0.01423	0.02025	0.01323	0.05055	0.01107	0.03089	0.00761	0.00220	0.02794	0.00602	0.00320	0.00914
91	0.02928	0.01161	0.01553	0.01191	0.01701	0.01029	0.00984	0.07037	0.01953	0.69287	0.02539	0.02203	0.01601	0.00813	0.00662	0.00203	0.00570	0.00658	0.00806	0.01120
92	0.01607	0.01620	0.02556	0.18826	0.47419	0.07216	0.07242	0.02003	0.01493	0.02006	0.01214	0.01633	0.00989	0.00606	0.00658	0.00201	0.00859	0.00588	0.00320	0.00943
93	0.01522	0.07837	0.29009	0.04813	0.09025	0.01501	0.04293	0.07982	0.07766	0.04836	0.08036	0.04097	0.01649	0.00774	0.00641	0.00203	0.00755	0.00649	0.03694	0.00921
94	0.01266	0.01150	0.01806	0.59280	0.03849	0.01394	0.01612	0.03642	0.06689	0.01904	0.06761	0.02217	0.04187	0.00770	0.00673	0.00218	0.00783	0.00674	0.00375	0.00750
95	0.01202	0.03943	0.01326	0.01170	0.01356	0.03935	0.05899	0.05306	0.01447	0.05152	0.05517	0.41192	0.05954	0.01930	0.08506	0.00327	0.03305	0.01329	0.00544	0.00659
96	0.01626	0.04844	0.14857	0.15917	0.07943	0.09694	0.10307	0.04633	0.10275	0.04783	0.01654	0.01866	0.04031	0.00707	0.00650	0.00202	0.00845	0.00613	0.00399	0.04153
97	0.10572	0.06078	0.11713	0.01647	0.07599	0.10494	0.01363	0.20191	0.07836	0.05359	0.01438	0.02946	0.01120	0.00747	0.00684	0.00198	0.04793	0.00549	0.00468	0.04204
98	0.04689	0.01497	0.04667	0.10062	0.13998	0.03568	0.08076	0.17580	0.06249	0.02481	0.01813	0.14332	0.01674	0.03616	0.00817	0.00233	0.02475	0.00828	0.00473	0.00872
99	0.01808	0.11294	0.06069	0.05756	0.24572	0.11433	0.07003	0.08472	0.04554	0.04254	0.01351	0.01696	0.01103	0.00681	0.00664	0.00192	0.02653	0.02401	0.00387	0.03656

[dist]
# distance from previous block
# <min> <max>
1	22

[block]
# block no. 1 follows, 33 sequences, length 71
# corresponding to MSA columns:
# 148-218
name=unknown_B
#
# <colnr> <probs for GDERKNQSTAVLIFYWHMCP>
#	G	D	E	R	K	N	Q	S	T	A	V	L	I	F	Y	W	H	M	C	P
0	0.13368	0.10738	0.06608	0.01665	0.09837	0.12908	0.06831	0.02096	0.07133	0.04473	0.01687	0.09639	0.03360	0.00816	0.00603	0.00194	0.00732	0.00671	0.00419	0.06224
1	0.07377	0.09290	0.04853	0.01772	0.12500	0.20111	0.01284	0.06127	0.01607	0.06561	0.01348	0.03438	0.01157	0.00752	0.00700	0.00186	0.06157	0.03340	0.00403	0.11038
2	0.07227	0.04509	0.04611	0.10995	0.04597	0.05318	0.05567	0.09231	0.03760	0.06192	0.04054	0.17845	0.02064	0.01075	0.00731	0.00223	0.03069	0.04827	0.03320	0.00785
3	0.01299	0.01014	0.01243	0.11738	0.01776	0.01001	0.00906	0.04506	0.12361	0.06318	0.08359	0.10546	0.19121	0.01110	0.00684	0.00200	0.00502	0.00944	0.00555	0.15817
4	0.01812	0.01310	0.01530	0.08558	0.09065	0.06000	0.01075	0.15153	0.01812	0.11785	0.01897	0.04678	0.03583	0.00780	0.00600	0.00179	0.00610	0.00637	0.17135	0.11800
5	0.00827	0.00660	0.00743	0.00755	0.00936	0.00576	0.00562	0.01026	0.01557	0.01977	0.21732	0.14707	0.45989	0.01645	0.00790	0.00227	0.00344	0.03737	0.00638	0.00570
6	0.05060	0.51303	0.14938	0.01268	0.01883	0.02220	0.01323	0.04978	0.03726	0.06308	0.01150	0.01254	0.00936	0.00612	0.00489	0.00164	0.00727	0.00417	0.00348	0.00896
7	0.01547	0.23262	0.36379	0.01971	0.09463	0.01864	0.09725	0.04860	0.01475	0.02032	0.01147	0.01374	0.00888	0.00603	0.00591	0.00190	0.00886	0.00497	0.00306	0.00941
8	0.00802	0.00573	0.00764	0.00917	0.00955	0.00535	0.00611	0.00917	0.01260	0.01681	0.03628	0.76434	0.04354	0.02062	0.00840	0.00267	0.00382	0.01872	0.00611	0.00535
9	0.02066	0.07342	0.01976	0.04151	0.06925	0.01880	0.01254	0.38272	0.20644	0.03287	0.01846	0.01983	0.01411	0.00817	0.00652	0.00204	0.00675	0.02977	0.00595	0.01042
10	0.01831	0.01316	0.01503	0.01129	0.01652	0.01204	0.00915	0.22068	0.01949	0.10194	0.03841	0.01819	0.03515	0.00683	0.00573	0.00147	0.00549	0.00541	0.02926	0.41645
11	0.04050	0.07259	0.26265	0.02210	0.15727	0.01595	0.11929	0.06398	0.01553	0.08629	0.01412	0.04141	0.01108	0.00703	0.00713	0.00208	0.04153	0.00610	0.00384	0.00953
12	0.01479	0.08365	0.32924	0.02391	0.09797	0.01672	0.29777	0.02079	0.01463	0.02059	0.01227	0.01543	0.00922	0.00588	0.00673	0.00207	0.00989	0.00603	0.00305	0.00935
13	0.00805	0.00584	0.00753	0.00885	0.00941	0.00540	0.00593	0.00921	0.01274	0.01677	0.03879	0.67149	0.11039	0.04453	0.00916	0.00275	0.00385	0.01794	0.00604	0.00532
14	0.00859	0.00687	0.00775	0.00795	0.00978	0.00617	0.00596	0.01114	0.04105	0.01959	0.17048	0.16812	0.43431	0.01655	0.00792	0.00232	0.00362	0.05965	0.00632	0.00585
15	0.01747	0.17320	0.21794	0.04159	0.05021	0.08160	0.12844	0.06497	0.04172	0.07418	0.01411	0.04079	0.01115	0.00690	0.00623	0.00195	0.00867	0.00585	0.00385	0.00917
16	0.36290	0.00919	0.00815	0.00766	0.01037	0.00999	0.00601	0.01734	0.01279	0.05440	0.01729	0.06837	0.01440	0.00788	0.00471	0.00185	0.00410	0.00588	0.37001	0.00672
17	0.02303	0.02679	0.01887	0.01663	0.01984	0.52397	0.01283	0.11758	0.04384	0.01993	0.01133	0.01319	0.00928	0.00763	0.00810	0.00191	0.10844	0.00478	0.00388	0.00816
18	0.00816	0.00611	0.00759	0.00856	0.00954	0.00555	0.00599	0.00966	0.01381	0.01797	0.10330	0.50464	0.21585	0.01894	0.00821	0.00252	0.00371	0.03821	0.00621	0.00550
19	0.01250	0.01266	0.04261	0.06095	0.01922	0.04543	0.10818	0.01530	0.01175	0.01650	0.01396	0.02074	0.01267	0.04504	0.33931	0.00618	0.20023	0.00662	0.00328	0.00688
20	0.12542	0.08413	0.01830	0.06042	0.06602	0.07443	0.01165	0.22401	0.15947	0.02811	0.03766	0.01747	0.01339	0.00820	0.00689	0.03763	0.00683	0.00574	0.00509	0.00916
21	0.01846	0.01758	0.13129	0.01917	0.02517	0.01422	0.29268	0.10883	0.01771	0.16664	0.01951	0.04987	0.04434	0.00764	0.00708	0.00213	0.00839	0.00752	0.03238	0.00939
22	0.01330	0.01276	0.02214	0.58412	0.16336	0.01493	0.06092	0.01767	0.01363	0.01790	0.01192	0.01735	0.00914	0.00639	0.00664	0.00215	0.00875	0.00597	0.00301	0.00795
23	0.01346	0.01226	0.04119	0.07668	0.16251	0.03746	0.05525	0.03903	0.05823	0.04712	0.11590	0.15674	0.09462	0.01169	0.00790	0.02986	0.00621	0.02107	0.00505	0.00777
24	0.01739	0.09398	0.09487	0.07913	0.21705	0.06821	0.05175	0.11241	0.01672	0.04720	0.01482	0.01870	0.03196	0.00760	0.00780	0.00206	0.07623	0.02902	0.00392	0.00919
25	0.02125	0.01227	0.01449	0.01227	0.01622	0.01267	0.00968	0.08323	0.29685	0.30609	0.02632	0.09417	0.02025	0.03346	0.00766	0.00231	0.00543	0.00814	0.00712	0.01011
26	0.01061	0.00775	0.00922	0.00929	0.01104	0.00747	0.00687	0.06382	0.05345	0.04170	0.14465	0.33380	0.21141	0.01652	0.00791	0.00239	0.00408	0.04519	0.00641	0.00644
27	0.04177	0.13489	0.25905	0.07601	0.15334	0.04394	0.06389	0.04544	0.01477	0.04881	0.01200	0.01462	0.00928	0.00650	0.00690	0.00200	0.04898	0.00521	0.00334	0.00924
28	0.01454	0.08805	0.26189	0.07633	0.14391	0.01625	0.23058	0.01994	0.01443	0.02010	0.01315	0.04677	0.01070	0.00654	0.00670	0.00208	0.00929	0.00645	0.00318	0.00911
29	0.00796	0.00595	0.00741	0.00857	0.00939	0.00540	0.00584	0.00923	0.01318	0.01704	0.04358	0.59619	0.20698	0.01968	0.00825	0.00257	0.00370	0.01756	0.00611	0.00540
30	0.01835	0.57397	0.08235	0.01321	0.01890	0.10747	0.03689	0.05092	0.01488	0.01729	0.00990	0.01144	0.00862	0.00591	0.00480	0.00154	0.00794	0.00396	0.00306	0.00858
31	0.03237	0.17390	0.23422	0.01955	0.14066	0.09803	0.03568	0.06505	0.03835	0.04221	0.02912	0.01646	0.03308	0.00683	0.00598	0.00189	0.00829	0.00538	0.00370	0.00924
32	0.01342	0.01297	0.02067	0.62678	0.13921	0.04152	0.01835	0.01764	0.01362	0.01745	0.01174	0.01717	0.00899	0.00649	0.00655	0.00214	0.00876	0.00579	0.00299	0.00776
33	0.00881	0.00612	0.00784	0.00884	0.00973	0.00558	0.00608	0.01021	0.01357	0.04214	0.08705	0.59203	0.13925	0.01916	0.00821	0.00255	0.00376	0.01716	0.00626	0.00564
34	0.04499	0.06431	0.12115	0.06234	0.06981	0.11976	0.06501	0.06678	0.07188	0.16194	0.04163	0.05101	0.01472	0.00780	0.00644	0.00202	0.00783	0.00647	0.00490	0.00922
35	0.01670	0.01479	0.02050	0.12245	0.30421	0.03690	0.01537	0.11090	0.13672	0.03907	0.03367	0.02151	0.05976	0.00786	0.00711	0.00208	0.02949	0.00676	0.00460	0.00954
36	0.00837	0.00634	0.00774	0.00826	0.00956	0.00571	0.00594	0.01024	0.01499	0.01968	0.22284	0.33910	0.25996	0.01747	0.00807	0.00239	0.00356	0.03773	0.00640	0.00566
37	0.02062	0.12253	0.10022	0.02017	0.14903	0.32137	0.01491	0.07073	0.05949	0.04288	0.01251	0.01409	0.00995	0.00666	0.00597	0.00181	0.00936	0.00489	0.00379	0.00900
38	0.07345	0.17479	0.23819	0.01587	0.04187	0.09602	0.03454	0.09229	0.07095	0.08227	0.01374	0.01470	0.01027	0.00668	0.00581	0.00190	0.00813	0.00500	0.00411	0.00939
39	0.01245	0.00868	0.01118	0.03338	0.03635	0.00853	0.00900	0.08052	0.01675	0.07115	0.10645	0.17825	0.16156	0.01543	0.00803	0.00249	0.00509	0.22159	0.00621	0.00689
40	0.02459	0.03138	0.01866	0.01696	0.02035	0.74221	0.01272	0.02629	0.01866	0.01611	0.01018	0.01187	0.00848	0.00678	0.00594	0.00170	0.01187	0.00424	0.00339	0.00763
41	0.01805	0.14280	0.10206	0.06470	0.13718	0.10970	0.09363	0.06955	0.06018	0.06496	0.03446	0.01653	0.01196	0.00693	0.00688	0.00196	0.03962	0.00571	0.00399	0.00915
42	0.07982	0.09471	0.09397	0.01774	0.07168	0.10585	0.10912	0.07270	0.11358	0.06982	0.01666	0.01865	0.03409	0.00760	0.00721	0.00205	0.05304	0.01828	0.00442	0.00902
43	0.00807	0.00589	0.00762	0.00898	0.00960	0.00544	0.00612	0.00933	0.01294	0.01700	0.03952	0.66828	0.11690	0.02013	0.00836	0.00264	0.00383	0.03786	0.00611	0.00539
44	0.04010	0.04378	0.32977	0.06502	0.07872	0.01499	0.11712	0.04353	0.04625	0.10347	0.01529	0.01870	0.01148	0.00701	0.00658	0.00212	0.00861	0.03400	0.00399	0.00949
45	0.01780	0.19801	0.05094	0.04742	0.05939	0.09911	0.15668	0.07365	0.06637	0.06481	0.03913	0.06822	0.01462	0.00767	0.00635	0.00194	0.00808	0.00673	0.00428	0.00878
46	0.01451	0.08256	0.57630	0.01886	0.04719	0.06391	0.04243	0.02155	0.03592	0.02040	0.01205	0.01405	0.00883	0.00630	0.00616	0.00202	0.00953	0.00493	0.00297	0.00952
47	0.00817	0.00600	0.00772	0.00902	0.00975	0.00554	0.00628	0.00953	0.01313	0.01715	0.04052	0.61429	0.14039	0.01988	0.00836	0.00264	0.00391	0.06617	0.00611	0.00543
48	0.01590	0.03545	0.15056	0.06707	0.22747	0.06727	0.11617	0.06937	0.06073	0.02198	0.01575	0.06545	0.01361	0.00777	0.00681	0.00211	0.00843	0.03498	0.00392	0.00921
49	0.04943	0.17159	0.27640	0.04325	0.06934	0.04401	0.08322	0.04224	0.03811	0.04624	0.01335	0.04575	0.01087	0.00704	0.00654	0.00199	0.03236	0.00569	0.00354	0.00903
50	0.00837	0.00617	0.00789	0.00918	0.00984	0.00585	0.00623	0.01033	0.04384	0.01735	0.03794	0.68388	0.08893	0.01984	0.00829	0.00262	0.00385	0.01789	0.00614	0.00559
51	0.01594	0.04683	0.28151	0.04294	0.07267	0.18586	0.11053	0.02070	0.01570	0.01993	0.08326	0.04485	0.01538	0.00749	0.00658	0.00201	0.00931	0.00637	0.00360	0.00854
52	0.04292	0.12140	0.20107	0.01748	0.08853	0.09037	0.03950	0.06431	0.08241	0.10506	0.03004	0.01671	0.01221	0.00708	0.00651	0.00196	0.03010	0.00551	0.02746	0.00937
53	0.04866	0.09377	0.20225	0.01779	0.04792	0.06735	0.12152	0.12553	0.06568	0.12366	0.01521	0.01621	0.01099	0.00680	0.00633	0.00199	0.00834	0.00571	0.00456	0.00973
54	0.00826	0.00641	0.00755	0.00803	0.00948	0.00569	0.00583	0.01008	0.01489	0.01915	0.17859	0.29429	0.34576	0.01745	0.00804	0.00238	0.00356	0.04259	0.00632	0.00563
55	0.11010	0.07689	0.26959	0.01781	0.07582	0.12257	0.05936	0.09572	0.01600	0.02256	0.01227	0.01565	0.00988	0.05929	0.00785	0.00226	0.00875	0.00523	0.00360	0.00879
56	0.01808	0.07415	0.14431	0.04730	0.06690	0.08486	0.06841	0.14973	0.07764	0.07780	0.06773	0.06089	0.01665	0.00820	0.00658	0.00203	0.00772	0.00688	0.00488	0.00926
57	0.04261	0.11363	0.57226	0.01783	0.02659	0.01672	0.05183	0.04797	0.01450	0.02140	0.01165	0.01366	0.00850	0.00622	0.00603	0.00201	0.00923	0.00484	0.00301	0.00952
58	0.01194	0.01021	0.01585	0.10853	0.13158	0.01080	0.06061	0.04299	0.03649	0.01957	0.04218	0.26122	0.04668	0.01701	0.09829	0.00333	0.03101	0.01076	0.03369	0.00724
59	0.01781	0.19250	0.11479	0.03846	0.22929	0.04410	0.06523	0.10678	0.03549	0.05234	0.03398	0.01604	0.01170	0.00654	0.00608	0.00188	0.00790	0.00554	0.00393	0.00961
60	0.04033	0.12514	0.42250	0.01909	0.05071	0.04604	0.11488	0.04254	0.04053	0.02118	0.01222	0.01435	0.00914	0.00623	0.00616	0.00200	0.00920	0.00519	0.00320	0.00937
61	0.00836	0.00633	0.00776	0.00873	0.00972	0.00589	0.00604	0.01043	0.04272	0.01783	0.06786	0.54546	0.20077	0.01896	0.00816	0.00253	0.00374	0.01688	0.00618	0.00564
62	0.04753	0.16236	0.16684	0.08749	0.05044	0.17520	0.08638	0.08936	0.03732	0.02105	0.01187	0.01406	0.00926	0.00644	0.00597	0.00189	0.00913	0.00504	0.00355	0.00882
63	0.04555	0.14085	0.10840	0.10045	0.12375	0.08705	0.10925	0.04770	0.04411	0.02091	0.05463	0.01724	0.01294	0.00688	0.00662	0.00196	0.03045	0.00582	0.02681	0.00864
64	0.00864	0.00678	0.00793	0.00851	0.01006	0.00621	0.00633	0.01109	0.04322	0.01864	0.09366	0.29239	0.34874	0.01762	0.00809	0.00246	0.00388	0.09376	0.00620	0.00579
65	0.01026	0.00755	0.01073	0.01124	0.03474	0.00838	0.00826	0.03709	0.01200	0.01717	0.02046	0.10761	0.02023	0.07163	0.51171	0.00815	0.01369	0.03604	0.04697	0.00610
66	0.01822	0.49340	0.07842	0.03967	0.09182	0.09264	0.01353	0.07050	0.01536	0.01847	0.01033	0.01211	0.00886	0.00601	0.00501	0.00161	0.00784	0.00417	0.00319	0.00882
67	0.01526	0.12736	0.10616	0.23405	0.17450	0.04744	0.05983	0.02097	0.08880	0.01940	0.01303	0.01627	0.01028	0.00662	0.00675	0.00203	0.03339	0.00562	0.00341	0.00884
68	0.01307	0.01123	0.01243	0.01171	0.01319	0.08677	0.00894	0.03802	0.08829	0.01733	0.01734	0.02580	0.01617	0.11102	0.29702	0.08533	0.08463	0.03010	0.02525	0.00636
69	0.00857	0.00611	0.00800	0.00927	0.00985	0.00579	0.00648	0.00992	0.01288	0.01708	0.05449	0.55426	0.06092	0.09778	0.01107	0.00308	0.00436	0.10883	0.00592	0.00533
70	0.73350	0.01410	0.01088	0.01033	0.03819	0.06427	0.00797	0.01985	0.01184	0.02834	0.00935	0.01097	0.00734	0.00615	0.00429	0.00201	0.00565	0.00369	0.00400	0.00728

[dist]
# distance from previous block
# <min> <max>
3	5

[block]
# block no. 2 follows, 33 sequences, length 21
# corresponding to MSA columns:
# 224-244
name=unknown_C
#
# <colnr> <probs for GDERKNQSTAVLIFYWHMCP>
#	G	D	E	R	K	N	Q	S	T	A	V	L	I	F	Y	W	H	M	C	P
0	0.10571	0.05831	0.13456	0.03925	0.08514	0.05404	0.20039	0.10745	0.03915	0.02396	0.01615	0.02003	0.04203	0.00730	0.00658	0.00209	0.00846	0.03645	0.00405	0.00889
1	0.09870	0.03559	0.03502	0.01427	0.06611	0.09368	0.01086	0.16233	0.06382	0.02599	0.04787	0.05372	0.01609	0.00823	0.00610	0.00183	0.00653	0.05214	0.00490	0.19623
2	0.09629	0.01080	0.01332	0.04855	0.03470	0.01009	0.02683	0.06803	0.01529	0.02342	0.11983	0.12216	0.02265	0.01065	0.03270	0.00206	0.00560	0.02308	0.00487	0.30909
3	0.01960	0.51940	0.05754	0.01254	0.01786	0.12584	0.01179	0.02275	0.05009	0.09090	0.01204	0.01282	0.00985	0.00625	0.00492	0.00158	0.00760	0.00420	0.00365	0.00877
4	0.09519	0.15283	0.29245	0.03277	0.09716	0.01665	0.01654	0.08361	0.01559	0.03865	0.05197	0.01568	0.01201	0.00663	0.00578	0.00189	0.00765	0.00512	0.00375	0.04810
5	0.01320	0.06901	0.17535	0.01299	0.01733	0.01324	0.01241	0.02253	0.26363	0.02313	0.13021	0.09967	0.04706	0.01082	0.00696	0.00222	0.00591	0.06029	0.00551	0.00854
6	0.00799	0.00585	0.00751	0.00883	0.00946	0.00538	0.00596	0.00920	0.01292	0.01694	0.04033	0.67100	0.13427	0.02010	0.00832	0.00261	0.00375	0.01807	0.00611	0.00538
7	0.01422	0.01304	0.04670	0.13105	0.14794	0.01263	0.14762	0.01873	0.04149	0.07114	0.19360	0.04271	0.02517	0.00897	0.00775	0.00217	0.03420	0.02778	0.00480	0.00828
8	0.01520	0.02015	0.14079	0.02643	0.03354	0.01645	0.60411	0.02105	0.01530	0.02105	0.01310	0.01719	0.00975	0.00565	0.00755	0.00220	0.01090	0.00734	0.00325	0.00900
9	0.54261	0.01324	0.01226	0.01021	0.01466	0.01454	0.00842	0.12007	0.01558	0.17393	0.01353	0.01380	0.00957	0.00678	0.00495	0.00203	0.00550	0.00452	0.00526	0.00854
10	0.00858	0.00606	0.00810	0.00908	0.00979	0.00568	0.00635	0.01014	0.01402	0.01903	0.19840	0.53319	0.04650	0.01888	0.00891	0.03158	0.00383	0.05010	0.00626	0.00550
11	0.03299	0.07142	0.12883	0.11497	0.02261	0.20448	0.01425	0.07621	0.01586	0.01942	0.01714	0.05686	0.07390	0.00893	0.00846	0.00210	0.11344	0.00645	0.00378	0.00789
12	0.01868	0.65821	0.03205	0.01214	0.01743	0.13657	0.01149	0.02073	0.01419	0.01558	0.00931	0.01076	0.00845	0.00581	0.00449	0.00145	0.00779	0.00363	0.00290	0.00832
13	0.01048	0.00748	0.01046	0.01197	0.01343	0.00746	0.01038	0.01341	0.01502	0.01955	0.03493	0.10983	0.03818	0.01831	0.00906	0.00301	0.00595	0.64901	0.00606	0.00603
14	0.00827	0.00613	0.00773	0.00851	0.00949	0.00558	0.00593	0.00996	0.01441	0.01916	0.19780	0.47473	0.17161	0.01828	0.00814	0.00245	0.00357	0.01629	0.00637	0.00558
15	0.00993	0.00772	0.01015	0.04573	0.01282	0.00748	0.02939	0.06263	0.01563	0.02067	0.15983	0.38569	0.17429	0.01648	0.00792	0.00239	0.00433	0.01464	0.00610	0.00619
16	0.01337	0.03291	0.68588	0.01939	0.02891	0.01538	0.07183	0.02087	0.01401	0.02087	0.01192	0.01417	0.00845	0.00621	0.00636	0.00209	0.00983	0.00507	0.00282	0.00967
17	0.01236	0.01113	0.04840	0.05061	0.01655	0.01068	0.05785	0.09043	0.13755	0.02223	0.05771	0.39741	0.03093	0.01444	0.00764	0.00241	0.00545	0.01299	0.00579	0.00746
18	0.01498	0.01406	0.02382	0.42390	0.19197	0.01571	0.10919	0.08843	0.01570	0.02094	0.01249	0.01712	0.00955	0.00642	0.00673	0.00212	0.00872	0.00612	0.00343	0.00861
19	0.01428	0.11307	0.54725	0.01909	0.02780	0.03456	0.11306	0.02089	0.01418	0.02017	0.01168	0.01400	0.00857	0.00611	0.00623	0.00202	0.00967	0.00509	0.00287	0.00942
20	0.13669	0.05128	0.04491	0.01452	0.03790	0.16686	0.04062	0.07121	0.06141	0.06607	0.04238	0.05565	0.01466	0.01322	0.09455	0.00306	0.06623	0.00630	0.00445	0.00806

[dist]
# distance from previous block
# <min> <max>
0	8

# created by:
# /home/berkeley/.conda/envs/busco_data_prod/bin/msa2prfl.pl pipeline/OGs_align_augustus/4893/6162.fs
