[name]
unknown

[dist]
# distance from previous block
# <min> <max>
0	22

[block]
# block no. 0 follows, 34 sequences, length 10
# corresponding to MSA columns:
# 22-31
name=unknown_A
#
# <colnr> <probs for GDERKNQSTAVLIFYWHMCP>
#	G	D	E	R	K	N	Q	S	T	A	V	L	I	F	Y	W	H	M	C	P
0	0.01041	0.00744	0.01041	0.01190	0.01339	0.00744	0.01041	0.01339	0.01487	0.01934	0.03421	0.07288	0.03719	0.01785	0.00892	0.00297	0.00595	0.68913	0.00595	0.00595
1	0.02008	0.01566	0.01749	0.01579	0.07153	0.01745	0.01178	0.31692	0.35380	0.05751	0.02069	0.01982	0.01522	0.00809	0.00651	0.00206	0.00616	0.00654	0.00633	0.01057
2	0.03955	0.08402	0.04722	0.06446	0.35579	0.01465	0.04417	0.01954	0.07590	0.02146	0.09725	0.02401	0.01846	0.00780	0.00651	0.00202	0.00689	0.05730	0.00410	0.00891
3	0.04931	0.18957	0.32013	0.01626	0.08011	0.01628	0.01631	0.03475	0.01417	0.04867	0.04145	0.01905	0.07689	0.00751	0.00655	0.00193	0.04308	0.00570	0.00359	0.00870
4	0.01373	0.08601	0.56916	0.02047	0.09230	0.01592	0.07348	0.02034	0.01382	0.02015	0.01156	0.01389	0.00850	0.00601	0.00612	0.00199	0.00928	0.00498	0.00281	0.00946
5	0.00918	0.00740	0.00891	0.03858	0.01147	0.00723	0.00681	0.03718	0.01498	0.01933	0.15212	0.22374	0.34747	0.01586	0.00844	0.00231	0.04355	0.03368	0.00589	0.00588
6	0.08921	0.01811	0.16253	0.03041	0.47694	0.01461	0.01850	0.01980	0.01428	0.04367	0.01438	0.01713	0.03959	0.00636	0.00618	0.00196	0.00755	0.00571	0.00344	0.00963
7	0.08967	0.33031	0.17381	0.01499	0.06086	0.01891	0.04603	0.01941	0.01335	0.05619	0.01393	0.01555	0.04963	0.00690	0.00647	0.00183	0.06537	0.00497	0.00338	0.00845
8	0.01509	0.01460	0.02535	0.20105	0.53763	0.01518	0.05844	0.01913	0.01434	0.02005	0.01205	0.01635	0.00984	0.00590	0.00648	0.00199	0.00807	0.00586	0.00313	0.00946
9	0.01593	0.01551	0.02714	0.03870	0.67875	0.01543	0.07297	0.01990	0.01475	0.02108	0.01222	0.01610	0.01020	0.00573	0.00649	0.00194	0.00792	0.00590	0.00320	0.01012

[dist]
# distance from previous block
# <min> <max>
11	21

[block]
# block no. 1 follows, 34 sequences, length 9
# corresponding to MSA columns:
# 53-61
name=unknown_B
#
# <colnr> <probs for GDERKNQSTAVLIFYWHMCP>
#	G	D	E	R	K	N	Q	S	T	A	V	L	I	F	Y	W	H	M	C	P
0	0.01430	0.01328	0.02026	0.02013	0.14809	0.01548	0.08706	0.07963	0.01446	0.02072	0.09647	0.10045	0.01894	0.01053	0.01273	0.00240	0.30512	0.00797	0.00411	0.00787
1	0.01551	0.01474	0.02499	0.03745	0.68191	0.01470	0.01887	0.01929	0.01496	0.02145	0.06245	0.01826	0.01379	0.00628	0.00648	0.00193	0.00735	0.00617	0.00347	0.00994
2	0.01770	0.01585	0.02427	0.03260	0.52479	0.01670	0.01777	0.16848	0.01772	0.02491	0.01260	0.01575	0.01026	0.00661	0.00753	0.00199	0.06467	0.00576	0.00387	0.01016
3	0.01763	0.49469	0.02838	0.01321	0.01718	0.13424	0.01195	0.01949	0.01320	0.01537	0.00903	0.01139	0.00834	0.00698	0.00817	0.00174	0.17418	0.00405	0.00286	0.00790
4	0.13831	0.01492	0.02368	0.03491	0.62287	0.01522	0.01787	0.01970	0.01415	0.02231	0.01167	0.01515	0.00974	0.00579	0.00603	0.00193	0.00727	0.00541	0.00332	0.00974
5	0.01599	0.01535	0.02623	0.03966	0.73262	0.01535	0.01983	0.01983	0.01471	0.02111	0.01215	0.01599	0.01023	0.00576	0.00640	0.00192	0.00768	0.00576	0.00320	0.01023
6	0.01613	0.46118	0.24180	0.01483	0.02154	0.05270	0.07385	0.02007	0.01368	0.01724	0.01014	0.01198	0.00839	0.00575	0.00510	0.00166	0.00823	0.00423	0.00282	0.00866
7	0.01561	0.01543	0.02735	0.06597	0.55253	0.01574	0.12445	0.01955	0.01442	0.02051	0.01203	0.01614	0.00999	0.00609	0.00752	0.00203	0.05575	0.00603	0.00317	0.00968
8	0.01591	0.07946	0.02653	0.07334	0.63754	0.01616	0.01899	0.01962	0.01449	0.02038	0.01185	0.01558	0.00999	0.00577	0.00621	0.00189	0.00766	0.00556	0.00315	0.00992

[dist]
# distance from previous block
# <min> <max>
26	74

[block]
# block no. 2 follows, 34 sequences, length 40
# corresponding to MSA columns:
# 137-176
name=unknown_C
#
# <colnr> <probs for GDERKNQSTAVLIFYWHMCP>
#	G	D	E	R	K	N	Q	S	T	A	V	L	I	F	Y	W	H	M	C	P
0	0.01604	0.04419	0.30598	0.01843	0.11167	0.10273	0.03498	0.04962	0.01609	0.07487	0.11457	0.01931	0.01676	0.00728	0.00631	0.00191	0.00801	0.00598	0.00409	0.04116
1	0.01600	0.09374	0.22819	0.01566	0.09853	0.01246	0.01396	0.01995	0.01504	0.16561	0.10132	0.05348	0.04721	0.04050	0.00742	0.00210	0.00662	0.00697	0.00474	0.05050
2	0.01123	0.00774	0.01037	0.01042	0.01200	0.00753	0.03627	0.01492	0.10553	0.08590	0.03388	0.53728	0.06759	0.01680	0.00781	0.00247	0.00437	0.01514	0.00615	0.00659
3	0.01959	0.01526	0.05080	0.01327	0.01773	0.03406	0.01112	0.22376	0.19698	0.13403	0.01990	0.05271	0.01547	0.00854	0.00708	0.00199	0.04098	0.02319	0.00593	0.10760
4	0.01880	0.03451	0.04924	0.02235	0.24255	0.15099	0.03259	0.13385	0.06350	0.06755	0.07391	0.01945	0.03083	0.00754	0.00673	0.00193	0.02357	0.00623	0.00461	0.00927
5	0.01424	0.00847	0.01119	0.00971	0.01239	0.00770	0.02476	0.04846	0.01761	0.17785	0.36141	0.12650	0.09017	0.01230	0.00727	0.00205	0.00415	0.01076	0.00681	0.04621
6	0.01828	0.07656	0.01718	0.01170	0.01710	0.01417	0.00967	0.24510	0.05591	0.06305	0.01406	0.01482	0.01078	0.00618	0.00546	0.00143	0.00577	0.00476	0.00495	0.40306
7	0.04952	0.01781	0.09847	0.02380	0.07575	0.01538	0.44390	0.05779	0.01610	0.11476	0.01444	0.01719	0.01043	0.00600	0.00705	0.00211	0.00942	0.00683	0.00402	0.00924
8	0.08841	0.05140	0.01761	0.01296	0.01793	0.01673	0.01073	0.40823	0.05773	0.14550	0.03049	0.01676	0.01261	0.00744	0.00604	0.00186	0.00630	0.00564	0.00612	0.07952
9	0.01452	0.28168	0.43458	0.01714	0.07215	0.01836	0.01883	0.01984	0.01366	0.01887	0.02878	0.01357	0.00969	0.00608	0.00552	0.00181	0.00837	0.00457	0.00288	0.00909
10	0.00824	0.00657	0.00738	0.00718	0.00910	0.00571	0.00539	0.01044	0.01616	0.02085	0.33171	0.05660	0.46163	0.01510	0.00763	0.00212	0.00318	0.01285	0.00645	0.00571
11	0.01687	0.49046	0.20172	0.01454	0.05351	0.02202	0.01467	0.08498	0.01496	0.01916	0.01038	0.01190	0.00861	0.00590	0.00495	0.00162	0.00760	0.00410	0.00313	0.00894
12	0.03608	0.08087	0.29282	0.01766	0.08071	0.01469	0.07553	0.03997	0.07815	0.15738	0.01725	0.01834	0.03174	0.02242	0.00678	0.00208	0.00773	0.00589	0.00440	0.00952
13	0.00938	0.00632	0.00733	0.00733	0.00743	0.00642	0.00427	0.00958	0.00948	0.01274	0.02010	0.04084	0.02286	0.71100	0.09396	0.00662	0.00721	0.00918	0.00388	0.00407
14	0.00904	0.00641	0.00852	0.00891	0.00948	0.00676	0.00618	0.01026	0.01065	0.01460	0.02319	0.19795	0.02562	0.30805	0.28957	0.00684	0.00976	0.03893	0.00429	0.00498
15	0.01596	0.05362	0.11674	0.04778	0.51308	0.01602	0.01890	0.05109	0.06416	0.02192	0.01305	0.01599	0.01054	0.00611	0.00627	0.00193	0.00770	0.00563	0.00349	0.01002
16	0.01347	0.10540	0.65010	0.01755	0.02654	0.01607	0.02224	0.02075	0.03361	0.02014	0.01176	0.01362	0.00852	0.00615	0.00596	0.00199	0.00917	0.00472	0.00284	0.00945
17	0.02416	0.03019	0.01836	0.01656	0.01998	0.71260	0.01247	0.05821	0.01888	0.01699	0.01025	0.01183	0.00845	0.00671	0.00586	0.00168	0.01144	0.00424	0.00348	0.00766
18	0.01296	0.03342	0.73944	0.01842	0.02797	0.01501	0.02387	0.02046	0.01364	0.02046	0.01160	0.01364	0.00818	0.00614	0.00614	0.00205	0.00955	0.00477	0.00273	0.00955
19	0.00974	0.00675	0.00876	0.00817	0.00984	0.00618	0.00616	0.01271	0.01814	0.04939	0.67623	0.04800	0.08907	0.01317	0.00758	0.00204	0.00314	0.01160	0.00709	0.00623
20	0.02116	0.01425	0.01581	0.01286	0.01722	0.01529	0.01038	0.30230	0.23378	0.17076	0.04007	0.02389	0.07468	0.00893	0.00662	0.00205	0.00579	0.00716	0.00677	0.01020
21	0.00881	0.00659	0.00817	0.00778	0.00945	0.00595	0.00583	0.01154	0.01749	0.02402	0.58103	0.05137	0.21032	0.01391	0.00762	0.00207	0.00310	0.01212	0.00686	0.00595
22	0.01478	0.23785	0.48223	0.01716	0.05554	0.01816	0.01966	0.04926	0.01425	0.01989	0.01106	0.01292	0.00842	0.00602	0.00561	0.00185	0.00863	0.00450	0.00292	0.00929
23	0.08196	0.61052	0.02870	0.01076	0.01557	0.02231	0.01032	0.01827	0.01258	0.01631	0.01010	0.01240	0.00924	0.01134	0.10409	0.00264	0.00815	0.00392	0.00296	0.00785
24	0.08069	0.01295	0.03431	0.01096	0.03596	0.03039	0.00871	0.03164	0.01393	0.05030	0.01190	0.01357	0.00959	0.00519	0.00494	0.00118	0.00529	0.00404	0.00400	0.63048
25	0.03911	0.01735	0.15542	0.01818	0.13524	0.01431	0.03904	0.20542	0.06261	0.05856	0.05459	0.09134	0.06227	0.00905	0.00667	0.00207	0.00679	0.00769	0.00507	0.00922
26	0.09394	0.03920	0.16105	0.02126	0.19626	0.18385	0.01577	0.11209	0.07494	0.02341	0.01278	0.01450	0.00992	0.00656	0.00596	0.00191	0.00840	0.00507	0.00390	0.00922
27	0.01316	0.01010	0.01255	0.04776	0.07749	0.03867	0.00937	0.12736	0.01605	0.05105	0.02714	0.44525	0.02971	0.01597	0.02842	0.00259	0.00569	0.02900	0.00559	0.00708
28	0.08366	0.05915	0.01976	0.01757	0.07620	0.40360	0.04041	0.06530	0.01704	0.06988	0.01145	0.01328	0.00915	0.00703	0.00726	0.00187	0.08064	0.00475	0.00381	0.00818
29	0.00815	0.00599	0.00731	0.00815	0.00911	0.00550	0.00563	0.00956	0.01315	0.01732	0.07759	0.46619	0.21889	0.05212	0.02985	0.00281	0.00405	0.01559	0.03769	0.00533
30	0.01443	0.01364	0.02065	0.46711	0.03574	0.07369	0.10869	0.01841	0.01423	0.05520	0.04258	0.01804	0.01142	0.00657	0.00648	0.00201	0.00846	0.00600	0.00349	0.07317
31	0.01340	0.01148	0.01340	0.00957	0.01531	0.00861	0.00766	0.01627	0.01340	0.02105	0.01148	0.01340	0.00957	0.00479	0.00479	0.00096	0.00479	0.00383	0.00383	0.81242
32	0.00827	0.00601	0.00784	0.00866	0.00943	0.00570	0.00599	0.00981	0.01327	0.01788	0.15649	0.48508	0.09909	0.06015	0.07149	0.00333	0.00486	0.01539	0.00587	0.00539
33	0.00785	0.00570	0.00742	0.00880	0.00932	0.00527	0.00591	0.00902	0.01256	0.01657	0.03806	0.71071	0.09915	0.01992	0.00820	0.00259	0.00371	0.01798	0.00600	0.00527
34	0.02327	0.05148	0.01950	0.01589	0.05381	0.14702	0.01231	0.43493	0.08541	0.06902	0.01554	0.01571	0.01138	0.00747	0.00626	0.00189	0.00767	0.00559	0.00569	0.01016
35	0.00940	0.00626	0.00705	0.00705	0.00705	0.00626	0.00392	0.00940	0.00940	0.01253	0.02036	0.04228	0.02349	0.77292	0.03289	0.00626	0.00626	0.00940	0.00392	0.00392
36	0.03950	0.31471	0.02468	0.01405	0.03111	0.17020	0.01186	0.27521	0.02051	0.02513	0.01165	0.01262	0.00930	0.00659	0.00538	0.00167	0.00792	0.00451	0.00428	0.00913
37	0.01424	0.09023	0.17857	0.01752	0.02119	0.04223	0.10804	0.01766	0.01205	0.01723	0.01062	0.01499	0.00923	0.01189	0.07608	0.00304	0.33885	0.00558	0.00293	0.00784
38	0.00825	0.00617	0.00766	0.00813	0.00932	0.00558	0.00578	0.01014	0.01492	0.01990	0.27678	0.35990	0.20995	0.01696	0.00789	0.00232	0.00340	0.01500	0.00637	0.00558
39	0.02236	0.01858	0.04927	0.04126	0.05375	0.05085	0.02848	0.52707	0.08421	0.03553	0.01565	0.01609	0.01133	0.00754	0.00645	0.00196	0.00740	0.00586	0.00584	0.01050

[dist]
# distance from previous block
# <min> <max>
0	1

[block]
# block no. 3 follows, 34 sequences, length 58
# corresponding to MSA columns:
# 178-235
name=unknown_D
#
# <colnr> <probs for GDERKNQSTAVLIFYWHMCP>
#	G	D	E	R	K	N	Q	S	T	A	V	L	I	F	Y	W	H	M	C	P
0	0.00813	0.00573	0.00742	0.00867	0.00898	0.00542	0.00565	0.00906	0.01187	0.01583	0.03305	0.64673	0.03950	0.14663	0.01238	0.00324	0.00417	0.01686	0.00565	0.00502
1	0.01808	0.30017	0.04416	0.01481	0.06160	0.18794	0.01205	0.09114	0.01623	0.01907	0.03858	0.01738	0.06808	0.00770	0.00693	0.00178	0.07711	0.00533	0.00371	0.00813
2	0.04079	0.07663	0.03946	0.04572	0.16481	0.03978	0.01296	0.21653	0.01844	0.02587	0.01233	0.01433	0.00978	0.00636	0.00634	0.00167	0.03831	0.00494	0.00425	0.22070
3	0.01602	0.04594	0.25686	0.16205	0.13285	0.01582	0.03752	0.11128	0.08267	0.05603	0.01415	0.01629	0.01043	0.00665	0.00631	0.00203	0.00812	0.00560	0.00393	0.00945
4	0.00772	0.00655	0.00667	0.00664	0.00878	0.00549	0.00498	0.00944	0.01494	0.01795	0.10418	0.06137	0.69096	0.01618	0.00764	0.00217	0.00326	0.01352	0.00607	0.00549
5	0.01479	0.01658	0.03570	0.02648	0.05677	0.01558	0.63881	0.01990	0.01504	0.02044	0.01452	0.06660	0.01198	0.00643	0.00762	0.00220	0.01031	0.00826	0.00344	0.00854
6	0.02070	0.12200	0.07478	0.02141	0.23389	0.01703	0.01467	0.21728	0.03825	0.15442	0.01539	0.01620	0.01132	0.00680	0.00611	0.00188	0.00709	0.00556	0.00498	0.01027
7	0.01408	0.02800	0.57365	0.01686	0.02506	0.01355	0.03961	0.02053	0.01451	0.08868	0.06489	0.01872	0.03899	0.00716	0.00637	0.00205	0.00852	0.00582	0.00367	0.00927
8	0.00777	0.00643	0.00681	0.00698	0.00887	0.00547	0.00513	0.00943	0.01465	0.01788	0.10524	0.15594	0.59377	0.01668	0.00772	0.00223	0.00332	0.01414	0.00607	0.00547
9	0.02568	0.01709	0.01818	0.01411	0.01912	0.06494	0.01157	0.49004	0.02651	0.21957	0.01774	0.01694	0.01211	0.00775	0.00643	0.00194	0.00699	0.00589	0.00666	0.01076
10	0.01534	0.01452	0.02456	0.03667	0.66408	0.01447	0.01853	0.01911	0.01505	0.02156	0.08013	0.01905	0.01504	0.00646	0.00651	0.00193	0.00724	0.00632	0.00357	0.00984
11	0.00939	0.00631	0.00727	0.00727	0.00734	0.00638	0.00419	0.00954	0.00946	0.01269	0.02016	0.04118	0.02301	0.72546	0.07970	0.00653	0.00699	0.00923	0.00389	0.00404
12	0.01469	0.01228	0.01408	0.01026	0.01587	0.01009	0.00824	0.09174	0.03877	0.02337	0.01241	0.01398	0.01006	0.00524	0.00503	0.00110	0.00505	0.00416	0.00420	0.69937
13	0.01599	0.01530	0.02585	0.03879	0.70918	0.01538	0.01952	0.02030	0.03784	0.02130	0.01262	0.01626	0.01055	0.00586	0.00640	0.00193	0.00759	0.00581	0.00331	0.01023
14	0.01340	0.01148	0.01340	0.00957	0.01531	0.00861	0.00766	0.01627	0.01340	0.02105	0.01148	0.01340	0.00957	0.00479	0.00479	0.00096	0.00479	0.00383	0.00383	0.81242
15	0.01607	0.01388	0.01461	0.01315	0.01680	0.01607	0.01023	0.03433	0.72094	0.02703	0.02630	0.02411	0.01972	0.00877	0.00657	0.00219	0.00511	0.00731	0.00657	0.01023
16	0.01340	0.01148	0.01340	0.00957	0.01531	0.00861	0.00766	0.01627	0.01340	0.02105	0.01148	0.01340	0.00957	0.00479	0.00479	0.00096	0.00479	0.00383	0.00383	0.81242
17	0.00764	0.00655	0.00655	0.00655	0.00873	0.00545	0.00491	0.00927	0.01473	0.01745	0.06546	0.06218	0.73000	0.01636	0.00764	0.00218	0.00327	0.01364	0.00600	0.00545
18	0.01525	0.01743	0.03813	0.02723	0.03377	0.01634	0.70915	0.02070	0.01525	0.02070	0.01307	0.01743	0.00980	0.00545	0.00763	0.00218	0.01089	0.00763	0.00327	0.00871
19	0.02775	0.01299	0.01623	0.01244	0.01749	0.01246	0.01028	0.22250	0.02183	0.54137	0.02269	0.02017	0.01459	0.00793	0.00649	0.00198	0.00595	0.00631	0.00757	0.01099
20	0.01199	0.00725	0.00948	0.00856	0.01062	0.00657	0.00654	0.01490	0.01817	0.12970	0.59843	0.04500	0.08234	0.01258	0.00746	0.00203	0.00342	0.01101	0.00720	0.00679
21	0.02527	0.01696	0.01868	0.01432	0.01947	0.01834	0.01183	0.60171	0.02847	0.15279	0.01712	0.01656	0.01179	0.00780	0.00647	0.00195	0.00685	0.00593	0.00671	0.01099
22	0.01122	0.00561	0.00842	0.00842	0.00842	0.00561	0.00561	0.00842	0.00842	0.01122	0.01122	0.01964	0.01122	0.02245	0.02525	0.81201	0.00561	0.00561	0.00281	0.00281
23	0.01340	0.01148	0.01340	0.00957	0.01531	0.00861	0.00766	0.01627	0.01340	0.02105	0.01148	0.01340	0.00957	0.00479	0.00479	0.00096	0.00479	0.00383	0.00383	0.81242
24	0.00924	0.00690	0.01026	0.01026	0.01137	0.00801	0.00792	0.01146	0.01035	0.01491	0.01742	0.02600	0.01642	0.07490	0.72124	0.01023	0.01690	0.00701	0.00348	0.00570
25	0.00787	0.00562	0.00750	0.00900	0.00937	0.00525	0.00600	0.00900	0.01237	0.01649	0.03561	0.76871	0.04274	0.02024	0.00825	0.00262	0.00375	0.01837	0.00600	0.00525
26	0.00787	0.00562	0.00750	0.00900	0.00937	0.00525	0.00600	0.00900	0.01237	0.01649	0.03561	0.76871	0.04274	0.02024	0.00825	0.00262	0.00375	0.01837	0.00600	0.00525
27	0.02445	0.01661	0.03926	0.01577	0.06605	0.01706	0.01241	0.47182	0.04514	0.19797	0.01776	0.01721	0.01225	0.00766	0.00646	0.00196	0.00679	0.00598	0.00650	0.01088
28	0.78922	0.01317	0.00982	0.00880	0.01277	0.04155	0.00720	0.01924	0.01127	0.02850	0.00903	0.01054	0.00705	0.00602	0.00407	0.00199	0.00524	0.00352	0.00397	0.00702
29	0.01527	0.01461	0.02492	0.17654	0.60138	0.01516	0.01947	0.01920	0.01437	0.02023	0.01203	0.01623	0.00993	0.00589	0.00641	0.00196	0.00785	0.00575	0.00314	0.00965
30	0.01756	0.74564	0.03321	0.01129	0.01673	0.05571	0.01112	0.01962	0.01335	0.01523	0.00902	0.01042	0.00829	0.00558	0.00422	0.00139	0.00711	0.00348	0.00279	0.00826
31	0.00914	0.00660	0.00864	0.00813	0.00965	0.00610	0.00610	0.01219	0.01829	0.02591	0.72921	0.04827	0.06097	0.01321	0.00762	0.00203	0.00305	0.01169	0.00711	0.00610
32	0.00792	0.00656	0.00693	0.00684	0.00890	0.00557	0.00513	0.00981	0.01539	0.01902	0.18809	0.05961	0.60638	0.01578	0.00763	0.00215	0.00323	0.01328	0.00621	0.00557
33	0.81856	0.01250	0.00950	0.00850	0.01250	0.01449	0.00700	0.01899	0.01100	0.02899	0.00900	0.01050	0.00700	0.00600	0.00400	0.00200	0.00500	0.00350	0.00400	0.00700
34	0.00895	0.00660	0.00837	0.00793	0.00954	0.00602	0.00595	0.01182	0.01784	0.02484	0.64498	0.05003	0.14587	0.01361	0.00762	0.00205	0.00308	0.01193	0.00697	0.00602
35	0.02899	0.01100	0.01499	0.01150	0.01649	0.00950	0.00950	0.03149	0.01849	0.73709	0.02549	0.02199	0.01599	0.00800	0.00650	0.00200	0.00550	0.00650	0.00800	0.01100
36	0.01296	0.03342	0.73944	0.01842	0.02797	0.01501	0.02387	0.02046	0.01364	0.02046	0.01160	0.01364	0.00818	0.00614	0.00614	0.00205	0.00955	0.00477	0.00273	0.00955
37	0.01607	0.01388	0.01461	0.01315	0.01680	0.01607	0.01023	0.03433	0.72094	0.02703	0.02630	0.02411	0.01972	0.00877	0.00657	0.00219	0.00511	0.00731	0.00657	0.01023
38	0.81856	0.01250	0.00950	0.00850	0.01250	0.01449	0.00700	0.01899	0.01100	0.02899	0.00900	0.01050	0.00700	0.00600	0.00400	0.00200	0.00500	0.00350	0.00400	0.00700
39	0.02456	0.01810	0.01939	0.01487	0.02004	0.02004	0.01228	0.71107	0.03038	0.04072	0.01551	0.01551	0.01099	0.00776	0.00646	0.00194	0.00711	0.00582	0.00646	0.01099
40	0.81856	0.01250	0.00950	0.00850	0.01250	0.01449	0.00700	0.01899	0.01100	0.02899	0.00900	0.01050	0.00700	0.00600	0.00400	0.00200	0.00500	0.00350	0.00400	0.00700
41	0.01599	0.01535	0.02623	0.03966	0.73262	0.01535	0.01983	0.01983	0.01471	0.02111	0.01215	0.01599	0.01023	0.00576	0.00640	0.00192	0.00768	0.00576	0.00320	0.01023
42	0.01607	0.01388	0.01461	0.01315	0.01680	0.01607	0.01023	0.03433	0.72094	0.02703	0.02630	0.02411	0.01972	0.00877	0.00657	0.00219	0.00511	0.00731	0.00657	0.01023
43	0.00932	0.00626	0.00717	0.00719	0.00730	0.00622	0.00413	0.00956	0.01009	0.01355	0.06737	0.06950	0.02666	0.69535	0.03032	0.00585	0.00596	0.00988	0.00420	0.00411
44	0.02899	0.01100	0.01499	0.01150	0.01649	0.00950	0.00950	0.03149	0.01849	0.73709	0.02549	0.02199	0.01599	0.00800	0.00650	0.00200	0.00550	0.00650	0.00800	0.01100
45	0.00940	0.00626	0.00705	0.00705	0.00705	0.00626	0.00392	0.00940	0.00940	0.01253	0.02036	0.04228	0.02349	0.77292	0.03289	0.00626	0.00626	0.00940	0.00392	0.00392
46	0.81856	0.01250	0.00950	0.00850	0.01250	0.01449	0.00700	0.01899	0.01100	0.02899	0.00900	0.01050	0.00700	0.00600	0.00400	0.00200	0.00500	0.00350	0.00400	0.00700
47	0.00914	0.00660	0.00864	0.00813	0.00965	0.00610	0.00610	0.01219	0.01829	0.02591	0.72921	0.04827	0.06097	0.01321	0.00762	0.00203	0.00305	0.01169	0.00711	0.00610
48	0.01340	0.01148	0.01340	0.00957	0.01531	0.00861	0.00766	0.01627	0.01340	0.02105	0.01148	0.01340	0.00957	0.00479	0.00479	0.00096	0.00479	0.00383	0.00383	0.81242
49	0.02899	0.01100	0.01499	0.01150	0.01649	0.00950	0.00950	0.03149	0.01849	0.73709	0.02549	0.02199	0.01599	0.00800	0.00650	0.00200	0.00550	0.00650	0.00800	0.01100
50	0.00795	0.00650	0.00703	0.00702	0.00896	0.00557	0.00522	0.00984	0.01529	0.01909	0.19669	0.10568	0.55071	0.01599	0.00767	0.00218	0.00326	0.01356	0.00622	0.00557
51	0.02273	0.09670	0.02001	0.01592	0.01942	0.52518	0.01246	0.11355	0.01870	0.01898	0.01049	0.01224	0.00868	0.00708	0.00703	0.00177	0.07298	0.00444	0.00364	0.00798
52	0.01944	0.02014	0.01997	0.02048	0.15523	0.28271	0.03931	0.07358	0.04206	0.05690	0.01264	0.01544	0.01038	0.01063	0.06517	0.00265	0.13562	0.00542	0.00383	0.00840
53	0.00781	0.00585	0.00726	0.00839	0.00921	0.00530	0.00573	0.00907	0.01295	0.01673	0.04300	0.59384	0.21283	0.01928	0.00810	0.00251	0.00363	0.01720	0.00600	0.00530
54	0.00975	0.00731	0.00952	0.03246	0.01203	0.00719	0.00772	0.01349	0.06235	0.02234	0.35864	0.14187	0.09228	0.01494	0.00792	0.00236	0.00418	0.18099	0.00645	0.00622
55	0.01790	0.05801	0.04670	0.01742	0.07813	0.14499	0.09414	0.12310	0.22488	0.02416	0.01809	0.06366	0.01478	0.00800	0.00642	0.00199	0.00754	0.00678	0.03422	0.00909
56	0.01911	0.16526	0.12210	0.04372	0.05818	0.07352	0.06142	0.18941	0.08550	0.07752	0.03349	0.01635	0.01219	0.00697	0.00604	0.00188	0.00768	0.00556	0.00462	0.00947
57	0.21875	0.08237	0.04472	0.05470	0.10841	0.14326	0.08596	0.14680	0.01707	0.02495	0.01138	0.01345	0.00888	0.00633	0.00565	0.00190	0.00798	0.00490	0.00396	0.00859

[dist]
# distance from previous block
# <min> <max>
1	7

[block]
# block no. 4 follows, 34 sequences, length 30
# corresponding to MSA columns:
# 243-272
name=unknown_E
#
# <colnr> <probs for GDERKNQSTAVLIFYWHMCP>
#	G	D	E	R	K	N	Q	S	T	A	V	L	I	F	Y	W	H	M	C	P
0	0.01853	0.07441	0.02041	0.02103	0.23639	0.12985	0.01326	0.13958	0.01778	0.06144	0.04128	0.01659	0.01248	0.00901	0.04944	0.00222	0.00802	0.00542	0.00426	0.11860
1	0.03543	0.03787	0.05001	0.18235	0.31000	0.05812	0.01638	0.10826	0.01665	0.06210	0.03245	0.01670	0.01135	0.00653	0.00625	0.00193	0.00770	0.00566	0.00393	0.03031
2	0.57517	0.03933	0.01264	0.01141	0.04548	0.11760	0.00870	0.04383	0.01290	0.02602	0.00995	0.01187	0.00800	0.00840	0.04432	0.00238	0.00684	0.00395	0.00389	0.00732
3	0.00827	0.00652	0.00746	0.00733	0.00915	0.00571	0.00546	0.01047	0.01608	0.02091	0.33921	0.09430	0.41560	0.01526	0.00766	0.00214	0.00321	0.01308	0.00646	0.00571
4	0.01550	0.01627	0.03217	0.09637	0.25027	0.01597	0.41184	0.04195	0.01535	0.02108	0.01272	0.01691	0.00987	0.00571	0.00710	0.00209	0.00957	0.00682	0.00331	0.00912
5	0.01026	0.00671	0.00858	0.00802	0.00967	0.00622	0.00605	0.01328	0.01775	0.05367	0.61920	0.04442	0.05403	0.01234	0.00722	0.00197	0.00314	0.01082	0.10035	0.00628
6	0.00787	0.00562	0.00750	0.00900	0.00937	0.00525	0.00600	0.00900	0.01237	0.01649	0.03561	0.76871	0.04274	0.02024	0.00825	0.00262	0.00375	0.01837	0.00600	0.00525
7	0.01003	0.00685	0.00862	0.00803	0.00988	0.00618	0.00607	0.01278	0.01763	0.06604	0.56360	0.04933	0.18365	0.01349	0.00756	0.00206	0.00323	0.01175	0.00696	0.00626
8	0.00783	0.00655	0.00681	0.00674	0.00884	0.00553	0.00506	0.00964	0.01517	0.01851	0.14843	0.06044	0.64636	0.01597	0.00763	0.00216	0.00324	0.01339	0.00614	0.00553
9	0.02456	0.01810	0.01939	0.01487	0.02004	0.02004	0.01228	0.71107	0.03038	0.04072	0.01551	0.01551	0.01099	0.00776	0.00646	0.00194	0.00711	0.00582	0.00646	0.01099
10	0.01340	0.01148	0.01340	0.00957	0.01531	0.00861	0.00766	0.01627	0.01340	0.02105	0.01148	0.01340	0.00957	0.00479	0.00479	0.00096	0.00479	0.00383	0.00383	0.81242
11	0.01607	0.01388	0.01461	0.01315	0.01680	0.01607	0.01023	0.03433	0.72094	0.02703	0.02630	0.02411	0.01972	0.00877	0.00657	0.00219	0.00511	0.00731	0.00657	0.01023
12	0.01220	0.01148	0.01938	0.75739	0.04450	0.01436	0.01794	0.01651	0.01292	0.01651	0.01148	0.01723	0.00861	0.00646	0.00646	0.00215	0.00861	0.00574	0.00287	0.00718
13	0.01296	0.03342	0.73944	0.01842	0.02797	0.01501	0.02387	0.02046	0.01364	0.02046	0.01160	0.01364	0.00818	0.00614	0.00614	0.00205	0.00955	0.00477	0.00273	0.00955
14	0.00787	0.00562	0.00750	0.00900	0.00937	0.00525	0.00600	0.00900	0.01237	0.01649	0.03561	0.76871	0.04274	0.02024	0.00825	0.00262	0.00375	0.01837	0.00600	0.00525
15	0.02899	0.01100	0.01499	0.01150	0.01649	0.00950	0.00950	0.03149	0.01849	0.73709	0.02549	0.02199	0.01599	0.00800	0.00650	0.00200	0.00550	0.00650	0.00800	0.01100
16	0.02354	0.01732	0.01874	0.01465	0.01956	0.01912	0.01215	0.66046	0.02925	0.03917	0.01687	0.01968	0.01289	0.00849	0.00664	0.00201	0.00703	0.05539	0.00643	0.01062
17	0.01525	0.01743	0.03813	0.02723	0.03377	0.01634	0.70915	0.02070	0.01525	0.02070	0.01307	0.01743	0.00980	0.00545	0.00763	0.00218	0.01089	0.00763	0.00327	0.00871
18	0.00962	0.00866	0.00828	0.00799	0.01044	0.03643	0.00605	0.01388	0.12618	0.01890	0.05709	0.05418	0.58953	0.01478	0.00740	0.00216	0.00389	0.01226	0.00599	0.00629
19	0.00924	0.00687	0.01013	0.01013	0.01120	0.00794	0.00776	0.01138	0.01031	0.01481	0.01754	0.02665	0.01670	0.10282	0.69371	0.01008	0.01648	0.00711	0.00350	0.00563
20	0.01727	0.77681	0.03386	0.01106	0.01658	0.02557	0.01106	0.01935	0.01313	0.01520	0.00898	0.01036	0.00829	0.00553	0.00415	0.00138	0.00691	0.00345	0.00276	0.00829
21	0.02414	0.03079	0.01831	0.01665	0.01998	0.74698	0.01248	0.02580	0.01831	0.01581	0.00999	0.01165	0.00832	0.00666	0.00583	0.00166	0.01165	0.00416	0.00333	0.00749
22	0.00798	0.00570	0.00763	0.00912	0.00955	0.00534	0.00619	0.00919	0.01248	0.01662	0.03555	0.73800	0.04249	0.02014	0.00828	0.00264	0.00385	0.04796	0.00600	0.00528
23	0.00926	0.00832	0.00798	0.00772	0.00980	0.05943	0.00579	0.01129	0.01598	0.01970	0.24708	0.05462	0.49051	0.01478	0.00750	0.00210	0.00382	0.01240	0.00612	0.00578
24	0.01015	0.00913	0.03390	0.01116	0.03854	0.00822	0.04147	0.01457	0.10890	0.02032	0.14978	0.27213	0.19630	0.01438	0.00748	0.00224	0.00442	0.01274	0.00583	0.03833
25	0.00786	0.00568	0.00744	0.00886	0.00934	0.00526	0.00594	0.00901	0.01250	0.01655	0.03730	0.72876	0.08159	0.02002	0.00821	0.00260	0.00372	0.01810	0.00600	0.00526
26	0.01700	0.01371	0.01462	0.01289	0.01666	0.01554	0.01010	0.08217	0.60246	0.06522	0.02720	0.02505	0.05023	0.00899	0.00661	0.00216	0.00520	0.00743	0.00662	0.01011
27	0.04946	0.42345	0.10615	0.01718	0.13510	0.06354	0.03071	0.02083	0.01411	0.06982	0.01114	0.01274	0.00914	0.00589	0.00508	0.00165	0.00752	0.00434	0.00331	0.00885
28	0.01705	0.01616	0.02402	0.03418	0.57968	0.06830	0.01791	0.02221	0.09025	0.04642	0.01397	0.01675	0.01131	0.00622	0.00638	0.00193	0.00762	0.00583	0.00374	0.01006
29	0.03479	0.00784	0.00969	0.00874	0.01105	0.00745	0.00672	0.01764	0.05462	0.16412	0.36733	0.08044	0.03957	0.01119	0.00674	0.00198	0.00372	0.00963	0.14951	0.00723

[dist]
# distance from previous block
# <min> <max>
0	1

[block]
# block no. 5 follows, 34 sequences, length 76
# corresponding to MSA columns:
# 274-349
name=unknown_F
#
# <colnr> <probs for GDERKNQSTAVLIFYWHMCP>
#	G	D	E	R	K	N	Q	S	T	A	V	L	I	F	Y	W	H	M	C	P
0	0.60664	0.03428	0.01300	0.01222	0.07278	0.05625	0.00900	0.09003	0.01374	0.02845	0.00997	0.01152	0.00778	0.00618	0.00455	0.00195	0.00585	0.00396	0.00411	0.00773
1	0.00822	0.00599	0.00780	0.00894	0.00972	0.00556	0.00632	0.00977	0.01344	0.01781	0.10847	0.55872	0.11292	0.01892	0.00819	0.00255	0.00384	0.08130	0.00611	0.00542
2	0.03820	0.08905	0.26918	0.04053	0.04334	0.12387	0.15082	0.02027	0.01395	0.01877	0.01088	0.01395	0.00860	0.00681	0.00847	0.00208	0.12450	0.00527	0.00299	0.00848
3	0.01317	0.00688	0.00720	0.00680	0.00863	0.00691	0.00519	0.05301	0.01487	0.05045	0.05698	0.02478	0.01850	0.00785	0.00485	0.00157	0.00332	0.00632	0.69625	0.00647
4	0.01204	0.00602	0.00602	0.00602	0.00753	0.00602	0.00452	0.01506	0.01355	0.02409	0.02108	0.02409	0.01656	0.00753	0.00452	0.00151	0.00301	0.00602	0.80879	0.00602
5	0.01190	0.00605	0.00615	0.00613	0.00763	0.00603	0.00459	0.01491	0.01378	0.02418	0.05599	0.02528	0.01875	0.00781	0.00467	0.00153	0.00301	0.00630	0.76927	0.00603
6	0.00887	0.00647	0.00834	0.00814	0.00955	0.00594	0.00600	0.01156	0.01725	0.02407	0.59064	0.14567	0.10461	0.01437	0.00771	0.00212	0.00316	0.01271	0.00689	0.00594
7	0.00923	0.00692	0.01038	0.01038	0.01154	0.00808	0.00808	0.01154	0.01038	0.01500	0.01731	0.02538	0.01615	0.04846	0.74732	0.01038	0.01731	0.00692	0.00346	0.00577
8	0.81856	0.01250	0.00950	0.00850	0.01250	0.01449	0.00700	0.01899	0.01100	0.02899	0.00900	0.01050	0.00700	0.00600	0.00400	0.00200	0.00500	0.00350	0.00400	0.00700
9	0.81856	0.01250	0.00950	0.00850	0.01250	0.01449	0.00700	0.01899	0.01100	0.02899	0.00900	0.01050	0.00700	0.00600	0.00400	0.00200	0.00500	0.00350	0.00400	0.00700
10	0.00914	0.00660	0.00864	0.00813	0.00965	0.00610	0.00610	0.01219	0.01829	0.02591	0.72921	0.04827	0.06097	0.01321	0.00762	0.00203	0.00305	0.01169	0.00711	0.00610
11	0.01346	0.01168	0.01423	0.01017	0.01593	0.00887	0.03132	0.01642	0.01346	0.02104	0.01154	0.01353	0.00958	0.00481	0.00488	0.00100	0.00499	0.00396	0.00381	0.78531
12	0.01599	0.01535	0.02623	0.03966	0.73262	0.01535	0.01983	0.01983	0.01471	0.02111	0.01215	0.01599	0.01023	0.00576	0.00640	0.00192	0.00768	0.00576	0.00320	0.01023
13	0.01619	0.61387	0.05022	0.01220	0.01716	0.02304	0.03947	0.01853	0.01280	0.01557	0.00992	0.01227	0.00905	0.00964	0.07042	0.00231	0.05236	0.00409	0.00285	0.00805
14	0.01633	0.12500	0.43104	0.01709	0.02476	0.07434	0.07376	0.04486	0.01504	0.07984	0.01253	0.01411	0.00912	0.00622	0.00598	0.00190	0.00894	0.00494	0.00342	0.03078
15	0.01525	0.01743	0.03813	0.02723	0.03377	0.01634	0.70915	0.02070	0.01525	0.02070	0.01307	0.01743	0.00980	0.00545	0.00763	0.00218	0.01089	0.00763	0.00327	0.00871
16	0.01220	0.01148	0.01938	0.75739	0.04450	0.01436	0.01794	0.01651	0.01292	0.01651	0.01148	0.01723	0.00861	0.00646	0.00646	0.00215	0.00861	0.00574	0.00287	0.00718
17	0.01710	0.03828	0.18805	0.12951	0.04223	0.10047	0.01469	0.05733	0.05188	0.13964	0.02065	0.04787	0.06473	0.00868	0.00656	0.00208	0.00765	0.04936	0.00465	0.00862
18	0.01527	0.07802	0.07093	0.02689	0.13470	0.01660	0.49689	0.02024	0.01491	0.02027	0.01314	0.01806	0.01045	0.00589	0.00713	0.00209	0.00989	0.02649	0.00327	0.00887
19	0.00791	0.00571	0.00750	0.00884	0.00935	0.00529	0.00595	0.00915	0.01274	0.01694	0.06641	0.70341	0.07739	0.01975	0.00819	0.00258	0.00370	0.01785	0.00605	0.00529
20	0.01594	0.01443	0.02442	0.16926	0.57172	0.01488	0.01898	0.01980	0.01457	0.05557	0.01269	0.01651	0.01022	0.00600	0.00641	0.00197	0.00774	0.00579	0.00338	0.00971
21	0.01574	0.01557	0.02399	0.16212	0.54140	0.06840	0.01860	0.01948	0.01476	0.02005	0.03104	0.01675	0.01117	0.00614	0.00640	0.00194	0.00801	0.00580	0.00326	0.00939
22	0.02412	0.01575	0.01744	0.01357	0.01839	0.01693	0.01115	0.49880	0.06764	0.17087	0.01839	0.01778	0.01280	0.00785	0.00635	0.00194	0.00643	0.00605	0.05713	0.01063
23	0.01567	0.05885	0.03476	0.02463	0.03018	0.05327	0.55515	0.02027	0.01466	0.01955	0.01216	0.01637	0.00949	0.00620	0.00895	0.00219	0.09904	0.00700	0.00319	0.00844
24	0.00883	0.00659	0.00820	0.00780	0.00946	0.00596	0.00585	0.01159	0.01755	0.02416	0.59160	0.05115	0.19967	0.01386	0.00762	0.00206	0.00309	0.01209	0.00688	0.00596
25	0.00914	0.00660	0.00864	0.00813	0.00965	0.00610	0.00610	0.01219	0.01829	0.02591	0.72921	0.04827	0.06097	0.01321	0.00762	0.00203	0.00305	0.01169	0.00711	0.00610
26	0.00914	0.00660	0.00864	0.00813	0.00965	0.00610	0.00610	0.01219	0.01829	0.02591	0.72921	0.04827	0.06097	0.01321	0.00762	0.00203	0.00305	0.01169	0.00711	0.00610
27	0.02899	0.01100	0.01499	0.01150	0.01649	0.00950	0.00950	0.03149	0.01849	0.73709	0.02549	0.02199	0.01599	0.00800	0.00650	0.00200	0.00550	0.00650	0.00800	0.01100
28	0.01607	0.01388	0.01461	0.01315	0.01680	0.01607	0.01023	0.03433	0.72094	0.02703	0.02630	0.02411	0.01972	0.00877	0.00657	0.00219	0.00511	0.00731	0.00657	0.01023
29	0.01340	0.01148	0.01340	0.00957	0.01531	0.00861	0.00766	0.01627	0.01340	0.02105	0.01148	0.01340	0.00957	0.00479	0.00479	0.00096	0.00479	0.00383	0.00383	0.81242
30	0.81856	0.01250	0.00950	0.00850	0.01250	0.01449	0.00700	0.01899	0.01100	0.02899	0.00900	0.01050	0.00700	0.00600	0.00400	0.00200	0.00500	0.00350	0.00400	0.00700
31	0.01220	0.01148	0.01938	0.75739	0.04450	0.01436	0.01794	0.01651	0.01292	0.01651	0.01148	0.01723	0.00861	0.00646	0.00646	0.00215	0.00861	0.00574	0.00287	0.00718
32	0.00787	0.00562	0.00750	0.00900	0.00937	0.00525	0.00600	0.00900	0.01237	0.01649	0.03561	0.76871	0.04274	0.02024	0.00825	0.00262	0.00375	0.01837	0.00600	0.00525
33	0.00786	0.00567	0.00745	0.00887	0.00934	0.00526	0.00594	0.00901	0.01249	0.01654	0.03713	0.73274	0.07772	0.02005	0.00822	0.00260	0.00372	0.01813	0.00600	0.00526
34	0.01727	0.77681	0.03386	0.01106	0.01658	0.02557	0.01106	0.01935	0.01313	0.01520	0.00898	0.01036	0.00829	0.00553	0.00415	0.00138	0.00691	0.00345	0.00276	0.00829
35	0.00787	0.00562	0.00750	0.00900	0.00937	0.00525	0.00600	0.00900	0.01237	0.01649	0.03561	0.76871	0.04274	0.02024	0.00825	0.00262	0.00375	0.01837	0.00600	0.00525
36	0.00802	0.00637	0.00727	0.00788	0.00945	0.00562	0.00586	0.00965	0.01404	0.01738	0.05300	0.27479	0.44616	0.01769	0.00796	0.00240	0.00372	0.09129	0.00599	0.00545
37	0.01518	0.06272	0.29008	0.02244	0.02978	0.07023	0.37452	0.02092	0.01479	0.01997	0.01210	0.01527	0.00903	0.00579	0.00678	0.00205	0.01026	0.00613	0.00305	0.00890
38	0.01296	0.03342	0.73944	0.01842	0.02797	0.01501	0.02387	0.02046	0.01364	0.02046	0.01160	0.01364	0.00818	0.00614	0.00614	0.00205	0.00955	0.00477	0.00273	0.00955
39	0.75960	0.01331	0.01095	0.00953	0.01360	0.03907	0.03550	0.01929	0.01141	0.02821	0.00919	0.01081	0.00716	0.00600	0.00421	0.00200	0.00546	0.00369	0.00395	0.00708
40	0.02435	0.01726	0.01880	0.01450	0.01952	0.01895	0.01196	0.64301	0.02893	0.08614	0.01623	0.01627	0.01149	0.00911	0.03073	0.00222	0.00734	0.00590	0.00647	0.01082
41	0.01414	0.00766	0.00999	0.00879	0.01120	0.00691	0.00681	0.01699	0.01795	0.20133	0.49107	0.04113	0.07587	0.01176	0.00719	0.00200	0.00366	0.01020	0.04809	0.00728
42	0.01775	0.53568	0.02950	0.08904	0.06469	0.13625	0.01252	0.02010	0.01401	0.01580	0.00959	0.01161	0.00845	0.00581	0.00478	0.00154	0.00787	0.00394	0.00289	0.00818
43	0.00787	0.00562	0.00750	0.00900	0.00937	0.00525	0.00600	0.00900	0.01237	0.01649	0.03561	0.76871	0.04274	0.02024	0.00825	0.00262	0.00375	0.01837	0.00600	0.00525
44	0.02493	0.01812	0.01895	0.01466	0.01972	0.05611	0.01205	0.61620	0.02872	0.10092	0.01611	0.01589	0.01129	0.00772	0.00643	0.00193	0.00720	0.00579	0.00644	0.01081
45	0.07037	0.02133	0.02206	0.04027	0.11458	0.32235	0.14475	0.02315	0.01619	0.08548	0.01230	0.01450	0.00955	0.00643	0.00660	0.00186	0.03115	0.00527	0.00377	0.04804
46	0.00914	0.00660	0.00864	0.00813	0.00965	0.00610	0.00610	0.01219	0.01829	0.02591	0.72921	0.04827	0.06097	0.01321	0.00762	0.00203	0.00305	0.01169	0.00711	0.00610
47	0.01979	0.17649	0.05604	0.04382	0.08408	0.26327	0.12645	0.11711	0.01774	0.02059	0.01135	0.01350	0.00909	0.00628	0.00595	0.00178	0.00941	0.00502	0.00358	0.00865
48	0.00923	0.00692	0.01038	0.01038	0.01154	0.00808	0.00808	0.01154	0.01038	0.01500	0.01731	0.02538	0.01615	0.04846	0.74732	0.01038	0.01731	0.00692	0.00346	0.00577
49	0.00800	0.00571	0.00764	0.00914	0.00957	0.00536	0.00622	0.00921	0.01249	0.01663	0.03554	0.73440	0.04246	0.02012	0.00828	0.00264	0.00386	0.05144	0.00600	0.00528
50	0.00914	0.00660	0.00864	0.00813	0.00965	0.00610	0.00610	0.01219	0.01829	0.02591	0.72921	0.04827	0.06097	0.01321	0.00762	0.00203	0.00305	0.01169	0.00711	0.00610
51	0.00787	0.00562	0.00750	0.00900	0.00937	0.00525	0.00600	0.00900	0.01237	0.01649	0.03561	0.76871	0.04274	0.02024	0.00825	0.00262	0.00375	0.01837	0.00600	0.00525
52	0.01727	0.77681	0.03386	0.01106	0.01658	0.02557	0.01106	0.01935	0.01313	0.01520	0.00898	0.01036	0.00829	0.00553	0.00415	0.00138	0.00691	0.00345	0.00276	0.00829
53	0.01296	0.03342	0.73944	0.01842	0.02797	0.01501	0.02387	0.02046	0.01364	0.02046	0.01160	0.01364	0.00818	0.00614	0.00614	0.00205	0.00955	0.00477	0.00273	0.00955
54	0.05086	0.01104	0.01484	0.01141	0.01638	0.00964	0.00943	0.03114	0.01829	0.71748	0.02503	0.02167	0.01575	0.00794	0.00643	0.00200	0.00548	0.00641	0.00789	0.01089
55	0.01727	0.77681	0.03386	0.01106	0.01658	0.02557	0.01106	0.01935	0.01313	0.01520	0.00898	0.01036	0.00829	0.00553	0.00415	0.00138	0.00691	0.00345	0.00276	0.00829
56	0.01220	0.01148	0.01938	0.75739	0.04450	0.01436	0.01794	0.01651	0.01292	0.01651	0.01148	0.01723	0.00861	0.00646	0.00646	0.00215	0.00861	0.00574	0.00287	0.00718
57	0.01041	0.00744	0.01041	0.01190	0.01339	0.00744	0.01041	0.01339	0.01487	0.01934	0.03421	0.07288	0.03719	0.01785	0.00892	0.00297	0.00595	0.68913	0.00595	0.00595
58	0.00787	0.00562	0.00750	0.00900	0.00937	0.00525	0.00600	0.00900	0.01237	0.01649	0.03561	0.76871	0.04274	0.02024	0.00825	0.00262	0.00375	0.01837	0.00600	0.00525
59	0.01296	0.03342	0.73944	0.01842	0.02797	0.01501	0.02387	0.02046	0.01364	0.02046	0.01160	0.01364	0.00818	0.00614	0.00614	0.00205	0.00955	0.00477	0.00273	0.00955
60	0.01599	0.01530	0.02581	0.03872	0.70714	0.01538	0.01949	0.02035	0.03984	0.02132	0.01266	0.01628	0.01057	0.00586	0.00640	0.00193	0.00758	0.00581	0.00332	0.01023
61	0.81856	0.01250	0.00950	0.00850	0.01250	0.01449	0.00700	0.01899	0.01100	0.02899	0.00900	0.01050	0.00700	0.00600	0.00400	0.00200	0.00500	0.00350	0.00400	0.00700
62	0.00940	0.00626	0.00705	0.00705	0.00705	0.00626	0.00392	0.00940	0.00940	0.01253	0.02036	0.04228	0.02349	0.77292	0.03289	0.00626	0.00626	0.00940	0.00392	0.00392
63	0.01296	0.03342	0.73944	0.01842	0.02797	0.01501	0.02387	0.02046	0.01364	0.02046	0.01160	0.01364	0.00818	0.00614	0.00614	0.00205	0.00955	0.00477	0.00273	0.00955
64	0.01309	0.05593	0.71808	0.01819	0.02762	0.01533	0.02348	0.02043	0.01363	0.02030	0.01152	0.01354	0.00819	0.00612	0.00608	0.00203	0.00947	0.00473	0.00273	0.00951
65	0.01727	0.77681	0.03386	0.01106	0.01658	0.02557	0.01106	0.01935	0.01313	0.01520	0.00898	0.01036	0.00829	0.00553	0.00415	0.00138	0.00691	0.00345	0.00276	0.00829
66	0.00764	0.00655	0.00655	0.00655	0.00873	0.00545	0.00491	0.00927	0.01473	0.01745	0.06546	0.06218	0.73000	0.01636	0.00764	0.00218	0.00327	0.01364	0.00600	0.00545
67	0.01588	0.01524	0.02603	0.06033	0.71280	0.01532	0.01978	0.01973	0.01466	0.02098	0.01213	0.01603	0.01019	0.00578	0.00640	0.00193	0.00770	0.00576	0.00319	0.01015
68	0.05102	0.02033	0.01997	0.23861	0.17329	0.30166	0.01536	0.06887	0.01653	0.01936	0.01121	0.01440	0.00893	0.00646	0.00610	0.00189	0.00936	0.00504	0.00341	0.00818
69	0.00764	0.00655	0.00655	0.00655	0.00873	0.00545	0.00491	0.00927	0.01473	0.01745	0.06546	0.06218	0.73000	0.01636	0.00764	0.00218	0.00327	0.01364	0.00600	0.00545
70	0.00784	0.00658	0.00682	0.00683	0.00894	0.00556	0.00517	0.00962	0.01500	0.01815	0.11475	0.06146	0.65785	0.01617	0.00768	0.00220	0.00334	0.03444	0.00608	0.00552
71	0.20078	0.01321	0.01864	0.35300	0.19006	0.01514	0.01531	0.08255	0.01451	0.02269	0.01144	0.01523	0.00883	0.00632	0.00588	0.00204	0.00743	0.00523	0.00354	0.00818
72	0.03843	0.02493	0.38984	0.01900	0.02625	0.01596	0.16069	0.10844	0.01600	0.06215	0.01285	0.01506	0.00929	0.00669	0.00758	0.00211	0.06608	0.00562	0.00364	0.00938
73	0.01573	0.01358	0.01429	0.01288	0.01648	0.01564	0.01001	0.03332	0.69246	0.02664	0.02788	0.02564	0.04837	0.00907	0.00662	0.00219	0.00504	0.00756	0.00655	0.01003
74	0.01998	0.14815	0.02333	0.07503	0.24506	0.22906	0.01469	0.07602	0.01687	0.07523	0.01224	0.01430	0.00974	0.00636	0.00587	0.00178	0.00855	0.00497	0.00377	0.00901
75	0.06437	0.01449	0.01652	0.01415	0.05377	0.01533	0.01086	0.30137	0.15934	0.16692	0.05823	0.01987	0.01608	0.00794	0.00633	0.00195	0.00598	0.00633	0.00637	0.05378

[dist]
# distance from previous block
# <min> <max>
0	3

[block]
# block no. 6 follows, 34 sequences, length 26
# corresponding to MSA columns:
# 353-378
name=unknown_G
#
# <colnr> <probs for GDERKNQSTAVLIFYWHMCP>
#	G	D	E	R	K	N	Q	S	T	A	V	L	I	F	Y	W	H	M	C	P
0	0.27731	0.07866	0.03892	0.04042	0.12802	0.14445	0.03593	0.09947	0.01595	0.04520	0.03278	0.01412	0.01035	0.00651	0.00543	0.00189	0.00738	0.00481	0.00405	0.00837
1	0.01220	0.01148	0.01938	0.75739	0.04450	0.01436	0.01794	0.01651	0.01292	0.01651	0.01148	0.01723	0.00861	0.00646	0.00646	0.00215	0.00861	0.00574	0.00287	0.00718
2	0.01525	0.01743	0.03813	0.02723	0.03377	0.01634	0.70915	0.02070	0.01525	0.02070	0.01307	0.01743	0.00980	0.00545	0.00763	0.00218	0.01089	0.00763	0.00327	0.00871
3	0.01607	0.01388	0.01461	0.01315	0.01680	0.01607	0.01023	0.03433	0.72094	0.02703	0.02630	0.02411	0.01972	0.00877	0.00657	0.00219	0.00511	0.00731	0.00657	0.01023
4	0.00787	0.00562	0.00750	0.00900	0.00937	0.00525	0.00600	0.00900	0.01237	0.01649	0.03561	0.76871	0.04274	0.02024	0.00825	0.00262	0.00375	0.01837	0.00600	0.00525
5	0.01041	0.00744	0.01041	0.01190	0.01339	0.00744	0.01041	0.01339	0.01487	0.01934	0.03421	0.07288	0.03719	0.01785	0.00892	0.00297	0.00595	0.68913	0.00595	0.00595
6	0.00940	0.00626	0.00705	0.00705	0.00705	0.00626	0.00392	0.00940	0.00940	0.01253	0.02036	0.04228	0.02349	0.77292	0.03289	0.00626	0.00626	0.00940	0.00392	0.00392
7	0.01607	0.01388	0.01461	0.01315	0.01680	0.01607	0.01023	0.03433	0.72094	0.02703	0.02630	0.02411	0.01972	0.00877	0.00657	0.00219	0.00511	0.00731	0.00657	0.01023
8	0.02899	0.01100	0.01499	0.01150	0.01649	0.00950	0.00950	0.03149	0.01849	0.73709	0.02549	0.02199	0.01599	0.00800	0.00650	0.00200	0.00550	0.00650	0.00800	0.01100
9	0.01607	0.01388	0.01461	0.01315	0.01680	0.01607	0.01023	0.03433	0.72094	0.02703	0.02630	0.02411	0.01972	0.00877	0.00657	0.00219	0.00511	0.00731	0.00657	0.01023
10	0.01122	0.00561	0.00842	0.00842	0.00842	0.00561	0.00561	0.00842	0.00842	0.01122	0.01122	0.01964	0.01122	0.02245	0.02525	0.81201	0.00561	0.00561	0.00281	0.00281
