[name]
unknown

[dist]
# distance from previous block
# <min> <max>
0	22

[block]
# block no. 0 follows, 33 sequences, length 11
# corresponding to MSA columns:
# 22-32
name=unknown_A
#
# <colnr> <probs for GDERKNQSTAVLIFYWHMCP>
#	G	D	E	R	K	N	Q	S	T	A	V	L	I	F	Y	W	H	M	C	P
0	0.01655	0.06297	0.01822	0.01612	0.04916	0.21418	0.07024	0.06275	0.01708	0.02031	0.06372	0.03830	0.02309	0.01146	0.00792	0.00231	0.03589	0.25752	0.00476	0.00745
1	0.01706	0.04627	0.01517	0.03721	0.03916	0.04007	0.00998	0.17155	0.14003	0.09630	0.05403	0.15328	0.08193	0.01217	0.02860	0.00237	0.00610	0.00920	0.00598	0.03356
2	0.07397	0.08727	0.04399	0.01021	0.01335	0.01011	0.00847	0.03373	0.01437	0.09101	0.04805	0.25596	0.08097	0.03466	0.00761	0.00226	0.00510	0.06738	0.00539	0.10614
3	0.09862	0.15224	0.23350	0.01719	0.08204	0.06349	0.05317	0.04523	0.04131	0.11563	0.02962	0.01566	0.01130	0.00666	0.00588	0.00193	0.00790	0.00523	0.00411	0.00931
4	0.04215	0.03048	0.01815	0.03074	0.05884	0.09450	0.09818	0.14404	0.03910	0.08796	0.09102	0.15010	0.02234	0.03475	0.00781	0.00223	0.00694	0.00884	0.00538	0.02645
5	0.01522	0.01536	0.04926	0.10088	0.09299	0.03815	0.06133	0.08811	0.01407	0.01982	0.01307	0.08259	0.01231	0.01010	0.01369	0.00249	0.35188	0.00702	0.00364	0.00801
6	0.10066	0.01400	0.07579	0.05885	0.01858	0.01101	0.01014	0.03987	0.03780	0.05353	0.01269	0.01442	0.00996	0.00561	0.00521	0.00138	0.00568	0.00437	0.00412	0.51633
7	0.00977	0.00704	0.00744	0.00714	0.00946	0.00597	0.00533	0.01140	0.01497	0.07875	0.06010	0.05847	0.61679	0.06668	0.00942	0.00249	0.00373	0.01298	0.00614	0.00594
8	0.00944	0.00633	0.00722	0.00735	0.00738	0.00629	0.00417	0.00954	0.00983	0.01311	0.02206	0.10406	0.02559	0.70540	0.03139	0.00607	0.00617	0.01035	0.00417	0.00410
9	0.06788	0.01866	0.05131	0.05873	0.17485	0.10394	0.26474	0.07560	0.07664	0.02304	0.01370	0.01659	0.01057	0.00634	0.00676	0.00207	0.00916	0.00632	0.00387	0.00921
10	0.24466	0.01383	0.04465	0.10885	0.01920	0.05409	0.01026	0.04320	0.05472	0.11990	0.04508	0.01793	0.01319	0.03287	0.00648	0.00202	0.00618	0.00536	0.02600	0.13151

[dist]
# distance from previous block
# <min> <max>
2	11

[block]
# block no. 1 follows, 33 sequences, length 7
# corresponding to MSA columns:
# 44-50
name=unknown_B
#
# <colnr> <probs for GDERKNQSTAVLIFYWHMCP>
#	G	D	E	R	K	N	Q	S	T	A	V	L	I	F	Y	W	H	M	C	P
0	0.02286	0.01894	0.01783	0.01440	0.01898	0.15414	0.01151	0.41334	0.04907	0.07230	0.01668	0.06391	0.01325	0.00831	0.00644	0.00190	0.00754	0.00636	0.00582	0.07641
1	0.01855	0.05369	0.07857	0.01936	0.13113	0.08419	0.08792	0.14304	0.01788	0.08482	0.01503	0.06015	0.01238	0.00746	0.00696	0.00189	0.03756	0.00627	0.00449	0.12867
2	0.01365	0.01540	0.11219	0.53148	0.12854	0.01513	0.01901	0.05220	0.01438	0.01916	0.01201	0.01684	0.00905	0.00652	0.00653	0.00214	0.00870	0.00573	0.00313	0.00821
3	0.01018	0.00895	0.05357	0.05719	0.01302	0.00815	0.00787	0.04206	0.01222	0.01649	0.02513	0.19704	0.06810	0.28930	0.15640	0.00537	0.00815	0.01071	0.00448	0.00563
4	0.01185	0.00937	0.01158	0.01053	0.01170	0.01057	0.00787	0.08709	0.01434	0.01970	0.13652	0.09000	0.10469	0.23182	0.06164	0.00403	0.15580	0.00980	0.00494	0.00616
5	0.01104	0.00671	0.00782	0.00764	0.00880	0.00635	0.00517	0.01250	0.01325	0.06995	0.13116	0.11473	0.11894	0.30864	0.01730	0.00375	0.00466	0.01061	0.13546	0.00552
6	0.01791	0.01533	0.01666	0.01426	0.01707	0.06633	0.01143	0.21759	0.18971	0.02664	0.01805	0.06385	0.01509	0.01117	0.03607	0.00256	0.18802	0.00697	0.05636	0.00893

[dist]
# distance from previous block
# <min> <max>
6	10

[block]
# block no. 2 follows, 33 sequences, length 13
# corresponding to MSA columns:
# 63-75
name=unknown_C
#
# <colnr> <probs for GDERKNQSTAVLIFYWHMCP>
#	G	D	E	R	K	N	Q	S	T	A	V	L	I	F	Y	W	H	M	C	P
0	0.01246	0.04058	0.01076	0.00930	0.01146	0.00878	0.00700	0.01720	0.12655	0.08760	0.23933	0.15965	0.11234	0.07212	0.00928	0.00249	0.00423	0.01120	0.05063	0.00704
1	0.01079	0.00721	0.00960	0.01009	0.04054	0.00709	0.00703	0.01252	0.01352	0.05611	0.15050	0.09325	0.13488	0.11178	0.16412	0.07029	0.00727	0.04145	0.04607	0.00587
2	0.01455	0.05869	0.16079	0.02194	0.07896	0.01537	0.31478	0.04240	0.04438	0.02058	0.01431	0.01907	0.01161	0.05034	0.09935	0.00337	0.01057	0.00679	0.00350	0.00865
3	0.13804	0.36764	0.04477	0.05432	0.08246	0.18006	0.01249	0.02103	0.01436	0.01848	0.00988	0.01184	0.00845	0.00605	0.00496	0.00167	0.00805	0.00406	0.00318	0.00822
4	0.18800	0.03852	0.01742	0.01675	0.10231	0.27300	0.01179	0.15188	0.05113	0.02537	0.01270	0.01420	0.00997	0.00687	0.00566	0.00186	0.00816	0.00485	0.05098	0.00860
5	0.03629	0.01253	0.01477	0.01272	0.01558	0.04986	0.06112	0.09017	0.14488	0.04216	0.03061	0.07596	0.18861	0.01346	0.04943	0.00270	0.09756	0.00899	0.04477	0.00782
6	0.00817	0.00615	0.00756	0.00833	0.00941	0.00555	0.00582	0.00978	0.01425	0.01864	0.15711	0.45426	0.23433	0.01836	0.00813	0.00245	0.00357	0.01627	0.00630	0.00555
7	0.01309	0.01237	0.02093	0.63177	0.16126	0.01480	0.01861	0.01740	0.01347	0.01762	0.01182	0.01734	0.00906	0.00646	0.00657	0.00215	0.00861	0.00585	0.00298	0.00784
8	0.01118	0.00661	0.00948	0.03867	0.01094	0.00688	0.00674	0.01097	0.04913	0.01444	0.07270	0.07394	0.01854	0.02263	0.07814	0.54744	0.00641	0.00732	0.00371	0.00414
9	0.21315	0.00992	0.01197	0.01005	0.01322	0.01026	0.07851	0.03961	0.01426	0.10084	0.01773	0.01998	0.01350	0.00888	0.03615	0.00218	0.00541	0.00575	0.38127	0.00735
10	0.01677	0.05298	0.01679	0.14253	0.02111	0.15054	0.01174	0.16633	0.01735	0.02152	0.01662	0.09355	0.01575	0.08108	0.07976	0.00330	0.04870	0.03160	0.00438	0.00760
11	0.01395	0.04694	0.03735	0.01044	0.01368	0.01058	0.00852	0.11563	0.06718	0.06395	0.24859	0.09530	0.09474	0.03977	0.00799	0.00217	0.00484	0.02360	0.00612	0.08864
12	0.01735	0.01540	0.06109	0.01460	0.01822	0.05105	0.06647	0.15415	0.15200	0.08403	0.04533	0.09799	0.04162	0.04644	0.01006	0.00245	0.09928	0.00820	0.00546	0.00881

[dist]
# distance from previous block
# <min> <max>
1	3

[block]
# block no. 3 follows, 33 sequences, length 9
# corresponding to MSA columns:
# 79-87
name=unknown_D
#
# <colnr> <probs for GDERKNQSTAVLIFYWHMCP>
#	G	D	E	R	K	N	Q	S	T	A	V	L	I	F	Y	W	H	M	C	P
0	0.05486	0.11213	0.02454	0.01675	0.02186	0.03664	0.19653	0.15279	0.08897	0.05720	0.01511	0.03552	0.01194	0.00713	0.00705	0.00194	0.04358	0.00623	0.00460	0.10465
1	0.03681	0.08551	0.11344	0.01934	0.12558	0.09622	0.06938	0.10894	0.14228	0.02371	0.01583	0.04521	0.01288	0.00767	0.00701	0.00203	0.04259	0.00624	0.03007	0.00927
2	0.00944	0.00690	0.00982	0.00982	0.01073	0.00781	0.00728	0.01127	0.01035	0.01472	0.01833	0.02972	0.01813	0.21067	0.58355	0.00964	0.01511	0.00762	0.00363	0.00545
3	0.01687	0.01946	0.06082	0.10015	0.18545	0.16932	0.11523	0.02014	0.01430	0.01830	0.01097	0.01508	0.00921	0.00760	0.01055	0.00221	0.20708	0.00572	0.00314	0.00841
4	0.01954	0.01446	0.01578	0.01286	0.01649	0.01596	0.01009	0.43163	0.09201	0.03172	0.01812	0.02348	0.01530	0.17939	0.06999	0.00365	0.00766	0.00697	0.00578	0.00911
5	0.01157	0.00784	0.01077	0.01196	0.04633	0.00780	0.00888	0.01434	0.04584	0.06498	0.06176	0.19537	0.06405	0.04536	0.07722	0.05461	0.00641	0.25292	0.00565	0.00635
6	0.01700	0.14496	0.07580	0.03424	0.07425	0.10664	0.03406	0.04387	0.11267	0.05334	0.01568	0.07146	0.01353	0.00801	0.00725	0.00190	0.06699	0.00621	0.00423	0.10792
7	0.00999	0.00652	0.00812	0.00842	0.00940	0.00606	0.00571	0.01134	0.01358	0.06300	0.15982	0.33583	0.10891	0.20569	0.01441	0.00341	0.00440	0.01393	0.00591	0.00556
8	0.01704	0.13321	0.24096	0.05316	0.12859	0.01714	0.01675	0.15354	0.05627	0.05056	0.01515	0.06173	0.01237	0.00755	0.00624	0.00199	0.00775	0.00613	0.00422	0.00964

[dist]
# distance from previous block
# <min> <max>
1	6

[block]
# block no. 4 follows, 33 sequences, length 32
# corresponding to MSA columns:
# 94-125
name=unknown_E
#
# <colnr> <probs for GDERKNQSTAVLIFYWHMCP>
#	G	D	E	R	K	N	Q	S	T	A	V	L	I	F	Y	W	H	M	C	P
0	0.06868	0.16584	0.08283	0.03613	0.09537	0.04065	0.03186	0.03759	0.03017	0.01878	0.03868	0.04496	0.04665	0.20214	0.01299	0.00307	0.00700	0.02538	0.00394	0.00730
1	0.17432	0.18408	0.01986	0.01466	0.08017	0.13793	0.01107	0.03714	0.04248	0.10433	0.07520	0.01699	0.01453	0.00746	0.00650	0.00189	0.05322	0.00530	0.00444	0.00842
2	0.01323	0.11308	0.01560	0.01219	0.05811	0.01231	0.00909	0.06124	0.09840	0.02140	0.11345	0.02831	0.09788	0.04375	0.15030	0.00365	0.00768	0.00747	0.00483	0.12805
3	0.01563	0.06251	0.18328	0.01932	0.12007	0.02905	0.11471	0.07111	0.03504	0.06626	0.08737	0.02303	0.03754	0.07308	0.00944	0.00243	0.03007	0.00700	0.00432	0.00876
4	0.08392	0.06803	0.06732	0.07375	0.07021	0.12392	0.09966	0.09221	0.05812	0.04952	0.01271	0.01529	0.01001	0.00751	0.00887	0.00213	0.13861	0.00557	0.00394	0.00869
5	0.01801	0.01015	0.01268	0.01090	0.01417	0.00983	0.00884	0.13453	0.01964	0.23724	0.21888	0.03906	0.09557	0.01339	0.03926	0.00255	0.00557	0.09431	0.00699	0.00844
6	0.01061	0.00792	0.00960	0.00983	0.04929	0.00725	0.00689	0.04631	0.01721	0.05327	0.30082	0.07676	0.35118	0.01424	0.00762	0.00215	0.00380	0.01219	0.00649	0.00658
7	0.01104	0.00779	0.00932	0.00943	0.01111	0.00747	0.00688	0.09336	0.01602	0.05097	0.08125	0.42569	0.19528	0.01720	0.00795	0.00243	0.00420	0.02990	0.00632	0.00641
8	0.02429	0.08352	0.02063	0.01537	0.02011	0.23435	0.01247	0.44900	0.02589	0.03187	0.01360	0.01422	0.01017	0.00739	0.00620	0.00185	0.00860	0.00523	0.00533	0.00992
9	0.06807	0.15295	0.07275	0.01582	0.07660	0.12463	0.04157	0.10115	0.08292	0.05111	0.01657	0.01750	0.05094	0.00711	0.00583	0.00179	0.00742	0.00550	0.00435	0.09542
10	0.02205	0.06179	0.01918	0.01416	0.01891	0.01903	0.01169	0.52325	0.08135	0.03582	0.01872	0.04038	0.04289	0.00862	0.00695	0.00199	0.02838	0.00656	0.00616	0.03212
11	0.66818	0.01249	0.01113	0.07778	0.01613	0.01428	0.00840	0.02030	0.01209	0.09338	0.01096	0.01241	0.00813	0.00634	0.00454	0.00205	0.00548	0.00406	0.00434	0.00752
12	0.05279	0.18353	0.11683	0.01488	0.01999	0.18405	0.03413	0.09278	0.19443	0.02273	0.01500	0.01560	0.01166	0.00706	0.00585	0.00188	0.00810	0.00523	0.00437	0.00916
13	0.00897	0.00648	0.00840	0.00916	0.00980	0.00653	0.00624	0.01094	0.04248	0.01672	0.06367	0.43918	0.03529	0.16773	0.13217	0.00462	0.00658	0.01425	0.00537	0.00544
14	0.00818	0.00613	0.00760	0.00839	0.00943	0.00555	0.00585	0.00979	0.01423	0.01869	0.16150	0.46768	0.21617	0.01842	0.00814	0.00246	0.00358	0.01635	0.00631	0.00555
15	0.03750	0.00760	0.00866	0.00778	0.01025	0.00724	0.00605	0.01949	0.01498	0.20718	0.02299	0.05724	0.01768	0.00834	0.00528	0.00173	0.00381	0.00677	0.54199	0.00744
16	0.00870	0.00620	0.00759	0.00817	0.00877	0.00591	0.00534	0.00974	0.01233	0.01638	0.09898	0.34334	0.11342	0.27813	0.04343	0.00413	0.00508	0.01396	0.00540	0.00500
17	0.01140	0.00993	0.01286	0.01205	0.01284	0.04435	0.00934	0.01312	0.01066	0.01507	0.01549	0.02502	0.01528	0.15136	0.41295	0.00755	0.20433	0.00699	0.00343	0.00600
18	0.10150	0.04521	0.01790	0.01536	0.04199	0.33032	0.01170	0.20553	0.05751	0.05568	0.01367	0.01460	0.01046	0.00716	0.00590	0.00184	0.00868	0.00501	0.04111	0.00888
19	0.01852	0.25771	0.07147	0.04422	0.18621	0.06726	0.01454	0.12205	0.05523	0.04995	0.03148	0.01551	0.01167	0.00675	0.00606	0.00182	0.02084	0.00523	0.00405	0.00944
20	0.01801	0.07997	0.02234	0.01945	0.11996	0.12064	0.10354	0.09530	0.11803	0.04827	0.05571	0.01956	0.01496	0.04014	0.00937	0.00225	0.09267	0.00644	0.00450	0.00889
21	0.04956	0.07971	0.42136	0.01692	0.05071	0.01520	0.03693	0.04240	0.07486	0.05690	0.01644	0.03985	0.03404	0.00735	0.00620	0.00205	0.00806	0.00591	0.02620	0.00934
22	0.00826	0.00632	0.00720	0.00766	0.00887	0.00567	0.00526	0.00957	0.01355	0.01718	0.09149	0.28381	0.34553	0.14457	0.01232	0.00306	0.00399	0.01458	0.00583	0.00527
23	0.01410	0.06267	0.10960	0.17996	0.09192	0.01494	0.12790	0.06353	0.03388	0.01973	0.01401	0.01981	0.01180	0.07747	0.10259	0.00354	0.03451	0.00642	0.00351	0.00810
24	0.00922	0.00704	0.00852	0.00830	0.01006	0.00653	0.00625	0.01257	0.05140	0.02329	0.44523	0.10041	0.23368	0.01473	0.00781	0.00219	0.00342	0.03638	0.00680	0.00618
25	0.00888	0.00664	0.00817	0.00855	0.00996	0.00610	0.00642	0.01099	0.01529	0.02015	0.24983	0.19076	0.23674	0.06894	0.00990	0.00268	0.00402	0.12398	0.00630	0.00569
26	0.01558	0.10337	0.52412	0.01708	0.02542	0.01672	0.02047	0.08880	0.06002	0.04860	0.01340	0.01474	0.00966	0.00659	0.00613	0.00201	0.00879	0.00506	0.00360	0.00984
27	0.00903	0.00696	0.00845	0.03203	0.01103	0.00652	0.00655	0.01156	0.04226	0.01981	0.20805	0.19643	0.30295	0.01647	0.00873	0.03898	0.00391	0.05829	0.00615	0.00583
28	0.01485	0.09127	0.10395	0.04140	0.04451	0.04330	0.01136	0.04912	0.01488	0.02148	0.03929	0.01502	0.01148	0.00577	0.00534	0.00135	0.00627	0.00454	0.00383	0.47098
29	0.16574	0.01050	0.04420	0.01255	0.03544	0.01003	0.09162	0.04009	0.01120	0.01792	0.01144	0.01743	0.01027	0.01579	0.01729	0.46786	0.00654	0.00553	0.00330	0.00524
30	0.32341	0.04220	0.01670	0.06080	0.11811	0.06492	0.04039	0.09298	0.01539	0.04130	0.01544	0.01841	0.05183	0.00731	0.00561	0.00199	0.00666	0.02766	0.00430	0.04461
31	0.01388	0.01170	0.04275	0.01588	0.10859	0.01213	0.01133	0.11192	0.07386	0.04182	0.01845	0.07354	0.01652	0.02825	0.35453	0.00614	0.03892	0.00744	0.00444	0.00791

[dist]
# distance from previous block
# <min> <max>
5	27

[block]
# block no. 5 follows, 33 sequences, length 36
# corresponding to MSA columns:
# 157-192
name=unknown_F
#
# <colnr> <probs for GDERKNQSTAVLIFYWHMCP>
#	G	D	E	R	K	N	Q	S	T	A	V	L	I	F	Y	W	H	M	C	P
0	0.07792	0.11640	0.19448	0.03107	0.11304	0.08958	0.01520	0.09623	0.01605	0.02248	0.01292	0.01689	0.01072	0.00836	0.03292	0.00217	0.00830	0.03693	0.00374	0.09459
1	0.05863	0.03696	0.01566	0.01255	0.01649	0.06874	0.01002	0.18996	0.09204	0.14404	0.01972	0.11464	0.01669	0.01121	0.04182	0.00239	0.03347	0.00736	0.00573	0.10187
2	0.32709	0.05661	0.01439	0.10229	0.01815	0.03807	0.00987	0.08713	0.06857	0.02495	0.01479	0.09239	0.01335	0.03352	0.00719	0.00223	0.04161	0.00628	0.00444	0.03709
3	0.00813	0.00664	0.00720	0.00722	0.00912	0.00582	0.00533	0.00988	0.01471	0.01819	0.12533	0.09180	0.54764	0.05479	0.05602	0.00296	0.00440	0.01328	0.00596	0.00556
4	0.01583	0.01531	0.02655	0.11761	0.61913	0.01558	0.05343	0.01988	0.01482	0.02097	0.01235	0.01650	0.01023	0.00593	0.00659	0.00199	0.00809	0.00596	0.00323	0.01001
5	0.01552	0.01780	0.06813	0.05294	0.21165	0.01626	0.47561	0.02072	0.01525	0.02105	0.01296	0.01719	0.00999	0.00570	0.00734	0.00214	0.01012	0.00709	0.00327	0.00927
6	0.00951	0.00676	0.00851	0.00818	0.00984	0.00612	0.00609	0.01217	0.01747	0.04401	0.52884	0.11407	0.17488	0.01450	0.00779	0.00215	0.00328	0.01270	0.00697	0.00616
7	0.00813	0.00585	0.00775	0.00922	0.00972	0.00546	0.00629	0.00939	0.01281	0.01698	0.03728	0.70702	0.06720	0.02037	0.00841	0.00267	0.00391	0.05004	0.00611	0.00539
8	0.01021	0.00615	0.00766	0.00766	0.00766	0.00615	0.00458	0.00923	0.00923	0.01231	0.01756	0.03518	0.01966	0.51336	0.03084	0.28094	0.00615	0.00825	0.00360	0.00360
9	0.01440	0.01440	0.02016	0.01728	0.01728	0.02016	0.01440	0.01584	0.01008	0.01584	0.00864	0.01440	0.00864	0.01152	0.02160	0.00288	0.75659	0.00576	0.00288	0.00720
10	0.05165	0.01175	0.01346	0.00970	0.01547	0.00906	0.00777	0.01671	0.01354	0.02184	0.01158	0.01351	0.00963	0.00493	0.00484	0.00103	0.00489	0.00388	0.00391	0.77087
11	0.01238	0.01193	0.04088	0.12001	0.14535	0.06509	0.01182	0.04742	0.01450	0.01893	0.02471	0.40548	0.02725	0.01383	0.00746	0.00235	0.00622	0.01240	0.00485	0.00715
12	0.18235	0.01315	0.01520	0.01190	0.01683	0.01312	0.00982	0.18284	0.02010	0.43741	0.02037	0.01861	0.01334	0.00769	0.00611	0.00202	0.00588	0.00586	0.00699	0.01040
13	0.01297	0.03622	0.01390	0.08938	0.08414	0.01071	0.01018	0.01749	0.09532	0.07379	0.02461	0.06339	0.09620	0.02362	0.26199	0.00503	0.00982	0.00799	0.05581	0.00745
14	0.05194	0.03489	0.01858	0.06553	0.06881	0.04771	0.12870	0.04905	0.01454	0.05460	0.03736	0.23784	0.02166	0.01485	0.07310	0.00303	0.05573	0.01000	0.00461	0.00747
15	0.08449	0.40945	0.13692	0.01477	0.04331	0.02068	0.07413	0.05253	0.01437	0.03941	0.01123	0.01323	0.00926	0.00809	0.04121	0.00215	0.00816	0.00456	0.00334	0.00872
16	0.04451	0.03926	0.03476	0.01395	0.01816	0.13387	0.01140	0.27149	0.06338	0.08180	0.01677	0.08168	0.01396	0.00872	0.00736	0.00197	0.05855	0.00656	0.00536	0.08646
17	0.01487	0.00991	0.01032	0.00933	0.01187	0.01078	0.00718	0.10579	0.21257	0.02692	0.02223	0.02435	0.01741	0.04420	0.00681	0.00201	0.00434	0.00664	0.44459	0.00786
18	0.00895	0.00638	0.00787	0.00848	0.00971	0.00577	0.00602	0.01059	0.01430	0.04121	0.14018	0.40476	0.23054	0.04027	0.00885	0.00257	0.00379	0.03780	0.00627	0.00570
19	0.00915	0.00669	0.00859	0.00818	0.00975	0.00613	0.00611	0.01207	0.01813	0.02536	0.64646	0.07581	0.11502	0.01397	0.00779	0.00210	0.00315	0.01231	0.00711	0.00613
20	0.00876	0.00671	0.00803	0.00770	0.00949	0.00597	0.00577	0.01135	0.01732	0.02328	0.48591	0.05431	0.30225	0.01462	0.00777	0.00213	0.00319	0.01263	0.00684	0.00597
21	0.00802	0.00573	0.00764	0.00917	0.00955	0.00535	0.00611	0.00917	0.01260	0.01681	0.03628	0.76434	0.04354	0.02062	0.00840	0.00267	0.00382	0.01872	0.00611	0.00535
22	0.01364	0.04815	0.01676	0.10243	0.14162	0.01368	0.01179	0.03827	0.16289	0.01960	0.01877	0.08150	0.01759	0.15581	0.06041	0.00355	0.07351	0.00786	0.00437	0.00780
23	0.07970	0.15940	0.23673	0.03849	0.10555	0.04342	0.03503	0.12921	0.01673	0.04041	0.01260	0.01447	0.00962	0.00647	0.00577	0.00189	0.00793	0.00499	0.04230	0.00930
24	0.05714	0.41181	0.04599	0.01532	0.04095	0.19299	0.07923	0.05395	0.01563	0.01839	0.01028	0.01208	0.00873	0.00605	0.00520	0.00164	0.00858	0.00432	0.00325	0.00846
25	0.04928	0.44357	0.06252	0.01310	0.01855	0.09940	0.01221	0.19019	0.01823	0.02277	0.01104	0.01217	0.00908	0.00636	0.00508	0.00164	0.00766	0.00426	0.00385	0.00906
26	0.01834	0.01750	0.09078	0.01474	0.01947	0.05168	0.04501	0.16646	0.36417	0.06238	0.04344	0.02245	0.03656	0.00849	0.00670	0.00212	0.00660	0.00700	0.00602	0.01007
27	0.00796	0.00668	0.00691	0.00685	0.00900	0.00563	0.00514	0.00979	0.01542	0.01876	0.14139	0.06174	0.64959	0.01631	0.00778	0.00221	0.00331	0.01367	0.00624	0.00563
28	0.01597	0.01385	0.08907	0.03559	0.03729	0.01260	0.05153	0.11150	0.12641	0.08356	0.06334	0.02620	0.03135	0.03722	0.03233	0.00250	0.03155	0.03902	0.15062	0.00852
29	0.00966	0.00721	0.00876	0.00944	0.01077	0.00695	0.00702	0.04492	0.03363	0.01879	0.04041	0.35829	0.19232	0.07529	0.01018	0.00288	0.00455	0.14708	0.00598	0.00586
30	0.01041	0.00697	0.00912	0.00913	0.01038	0.00705	0.00669	0.01207	0.01239	0.06185	0.06257	0.12459	0.12456	0.20201	0.26282	0.00610	0.00924	0.05141	0.00492	0.00570
31	0.01738	0.39821	0.22790	0.01442	0.02063	0.15675	0.01511	0.02098	0.01441	0.01711	0.01040	0.01229	0.00871	0.00758	0.03139	0.00198	0.00908	0.00416	0.00294	0.00856
32	0.00924	0.00676	0.00847	0.03351	0.01089	0.00654	0.00643	0.01128	0.05741	0.01754	0.08610	0.35983	0.19399	0.03976	0.01112	0.11185	0.00424	0.01396	0.00562	0.00547
33	0.01576	0.12426	0.06597	0.04055	0.13266	0.09873	0.06251	0.03959	0.08089	0.03677	0.01798	0.15755	0.01716	0.01088	0.03189	0.00238	0.04382	0.00805	0.00424	0.00835
34	0.01748	0.21518	0.07996	0.08732	0.07994	0.10230	0.03882	0.07289	0.07130	0.05924	0.01486	0.05184	0.01249	0.01021	0.05643	0.00248	0.00856	0.00592	0.00404	0.00871
35	0.05267	0.10633	0.03658	0.03563	0.01677	0.06284	0.05773	0.08723	0.03541	0.03865	0.05682	0.12622	0.10450	0.04997	0.00787	0.00217	0.00626	0.00851	0.00483	0.10301

[dist]
# distance from previous block
# <min> <max>
8	16

[block]
# block no. 6 follows, 33 sequences, length 7
# corresponding to MSA columns:
# 211-217
name=unknown_G
#
# <colnr> <probs for GDERKNQSTAVLIFYWHMCP>
#	G	D	E	R	K	N	Q	S	T	A	V	L	I	F	Y	W	H	M	C	P
0	0.05402	0.08082	0.05800	0.01479	0.04549	0.13484	0.01198	0.22946	0.07962	0.10677	0.04080	0.05884	0.01516	0.00956	0.02872	0.00222	0.00768	0.00644	0.00540	0.00939
1	0.27343	0.05078	0.01799	0.05064	0.05942	0.12400	0.05137	0.16645	0.01784	0.08411	0.01271	0.01405	0.00951	0.00667	0.00560	0.00192	0.00736	0.00491	0.00462	0.03663
2	0.06216	0.01631	0.01911	0.01785	0.10850	0.11280	0.07539	0.15442	0.08749	0.16500	0.06464	0.05292	0.01707	0.00826	0.00664	0.00204	0.00724	0.00698	0.00564	0.00953
3	0.00963	0.00727	0.00973	0.08731	0.01358	0.00742	0.00746	0.01123	0.01185	0.01594	0.02652	0.24019	0.06450	0.23397	0.12885	0.00480	0.00739	0.05559	0.00464	0.05213
4	0.64509	0.01324	0.01183	0.08781	0.01700	0.01536	0.00889	0.09329	0.01355	0.02949	0.01015	0.01197	0.00774	0.00635	0.00461	0.00205	0.00571	0.00406	0.00422	0.00759
5	0.01014	0.00897	0.00877	0.00924	0.01058	0.08342	0.00662	0.01162	0.01413	0.01732	0.07775	0.31441	0.23360	0.09763	0.01067	0.00283	0.00494	0.06609	0.00566	0.00561
6	0.09752	0.33258	0.12914	0.01337	0.01907	0.06098	0.01305	0.19114	0.01782	0.02418	0.01157	0.01300	0.00928	0.00798	0.03186	0.00206	0.00794	0.00449	0.00393	0.00905

[dist]
# distance from previous block
# <min> <max>
0	1

[block]
# block no. 7 follows, 33 sequences, length 12
# corresponding to MSA columns:
# 219-230
name=unknown_H
#
# <colnr> <probs for GDERKNQSTAVLIFYWHMCP>
#	G	D	E	R	K	N	Q	S	T	A	V	L	I	F	Y	W	H	M	C	P
0	0.01360	0.05517	0.01802	0.26475	0.04184	0.01396	0.04019	0.04139	0.03449	0.04865	0.08464	0.05750	0.05454	0.01159	0.04876	0.00268	0.12232	0.00752	0.03090	0.00748
1	0.00882	0.00667	0.00814	0.00786	0.00955	0.00599	0.00586	0.01143	0.01733	0.02351	0.50538	0.08602	0.24996	0.01470	0.00780	0.00214	0.00320	0.01278	0.00687	0.00599
2	0.01784	0.06888	0.12966	0.07437	0.02118	0.12445	0.01335	0.19548	0.11214	0.02526	0.02006	0.06275	0.06474	0.00872	0.00643	0.00201	0.00756	0.00687	0.02933	0.00894
3	0.05594	0.55450	0.08765	0.01253	0.01821	0.08083	0.01235	0.07831	0.01522	0.01883	0.01001	0.01138	0.00861	0.00599	0.00472	0.00156	0.00757	0.00389	0.00324	0.00866
4	0.00822	0.00669	0.00729	0.00714	0.00916	0.00575	0.00535	0.01031	0.01605	0.02027	0.25674	0.05926	0.53330	0.01574	0.00778	0.00218	0.00327	0.01332	0.00644	0.00575
5	0.01677	0.01666	0.15654	0.03129	0.05255	0.01318	0.10748	0.07304	0.13397	0.12274	0.06192	0.02286	0.04014	0.00794	0.00655	0.00204	0.00681	0.00697	0.11136	0.00920
6	0.02099	0.23815	0.02288	0.01424	0.04496	0.05668	0.01171	0.33689	0.02185	0.05759	0.01421	0.01547	0.01105	0.01039	0.06402	0.00246	0.00805	0.00526	0.03358	0.00958
7	0.00867	0.00663	0.00763	0.00810	0.00980	0.00594	0.00620	0.01067	0.01483	0.01901	0.10555	0.18268	0.39979	0.01683	0.00792	0.00238	0.00384	0.12555	0.05227	0.00569
8	0.01884	0.01349	0.06592	0.01208	0.01624	0.01258	0.01027	0.10484	0.24282	0.20172	0.11247	0.02680	0.04905	0.00918	0.00664	0.00207	0.00536	0.00757	0.07245	0.00959
9	0.00946	0.00633	0.00721	0.00733	0.00735	0.00631	0.00414	0.00954	0.00979	0.01306	0.02188	0.09569	0.02536	0.71407	0.03168	0.00611	0.00620	0.01024	0.00414	0.00409
10	0.11280	0.11543	0.02007	0.01354	0.01871	0.01935	0.01144	0.46633	0.02514	0.11174	0.01530	0.01527	0.01094	0.00743	0.00600	0.00192	0.00680	0.00542	0.00598	0.01038
11	0.01667	0.07692	0.07472	0.04846	0.13392	0.05825	0.11559	0.12589	0.05025	0.02367	0.03459	0.04059	0.03205	0.00716	0.00636	0.00185	0.00761	0.00634	0.00424	0.13487

[dist]
# distance from previous block
# <min> <max>
0	1

[block]
# block no. 8 follows, 33 sequences, length 10
# corresponding to MSA columns:
# 232-241
name=unknown_I
#
# <colnr> <probs for GDERKNQSTAVLIFYWHMCP>
#	G	D	E	R	K	N	Q	S	T	A	V	L	I	F	Y	W	H	M	C	P
0	0.01743	0.66634	0.03175	0.01156	0.01693	0.02469	0.01115	0.02185	0.11177	0.01718	0.01162	0.01252	0.01008	0.00609	0.00457	0.00152	0.00678	0.00407	0.00336	0.00872
1	0.67296	0.01223	0.01050	0.01063	0.06272	0.01391	0.00778	0.01898	0.01175	0.02844	0.01071	0.01257	0.00840	0.00626	0.00430	0.00198	0.00507	0.00400	0.08954	0.00726
2	0.00841	0.00597	0.00793	0.00931	0.00989	0.00560	0.00649	0.00961	0.01283	0.01694	0.03678	0.62758	0.07793	0.02025	0.00912	0.03433	0.00410	0.08561	0.00598	0.00533
3	0.01812	0.01461	0.01555	0.01325	0.01724	0.01641	0.01050	0.23749	0.42647	0.03113	0.06098	0.02559	0.06439	0.00934	0.00679	0.00215	0.00561	0.00761	0.00665	0.01014
4	0.00802	0.00573	0.00764	0.00917	0.00955	0.00535	0.00611	0.00917	0.01260	0.01681	0.03628	0.76434	0.04354	0.02062	0.00840	0.00267	0.00382	0.01872	0.00611	0.00535
5	0.00929	0.00695	0.01034	0.01047	0.01158	0.00800	0.00806	0.01155	0.01074	0.01541	0.01914	0.08563	0.01865	0.04705	0.68313	0.00994	0.01652	0.00800	0.00374	0.00583
6	0.01615	0.00852	0.01077	0.00982	0.01238	0.00791	0.00752	0.06359	0.01696	0.23348	0.13663	0.24923	0.08887	0.01353	0.00731	0.00223	0.00443	0.03010	0.07286	0.00771
7	0.00829	0.00595	0.00776	0.00898	0.00954	0.00556	0.00610	0.00960	0.01305	0.01740	0.08694	0.61221	0.07289	0.06641	0.00992	0.00285	0.00399	0.04113	0.00606	0.00536
8	0.02343	0.05127	0.01942	0.01518	0.01981	0.19283	0.01222	0.42331	0.12138	0.03245	0.01570	0.01586	0.01166	0.00769	0.00635	0.00192	0.00806	0.00563	0.00569	0.01013
9	0.01688	0.06457	0.06559	0.01193	0.01597	0.03953	0.01020	0.10418	0.20372	0.12035	0.11673	0.04794	0.13412	0.01029	0.00680	0.00208	0.00559	0.00845	0.00619	0.00892

[dist]
# distance from previous block
# <min> <max>
0	3

[block]
# block no. 9 follows, 33 sequences, length 17
# corresponding to MSA columns:
# 245-261
name=unknown_J
#
# <colnr> <probs for GDERKNQSTAVLIFYWHMCP>
#	G	D	E	R	K	N	Q	S	T	A	V	L	I	F	Y	W	H	M	C	P
0	0.42503	0.01125	0.01057	0.00926	0.01293	0.01225	0.00746	0.02219	0.08951	0.14701	0.05235	0.01838	0.01446	0.00739	0.00506	0.00198	0.00476	0.00534	0.13485	0.00797
1	0.01760	0.77260	0.03450	0.01126	0.01690	0.02605	0.01126	0.01971	0.01338	0.01549	0.00915	0.01056	0.00845	0.00563	0.00422	0.00141	0.00704	0.00352	0.00282	0.00845
2	0.00834	0.00661	0.00749	0.00743	0.00927	0.00577	0.00551	0.01046	0.01608	0.02071	0.29378	0.11472	0.43876	0.01587	0.00782	0.00221	0.00329	0.01359	0.00651	0.00577
3	0.00988	0.00761	0.01090	0.01064	0.01152	0.00901	0.00811	0.01177	0.01037	0.01493	0.01732	0.02759	0.01695	0.16117	0.56393	0.00921	0.08250	0.00734	0.00354	0.00569
4	0.02492	0.01120	0.01442	0.01152	0.01588	0.01041	0.00933	0.09273	0.05681	0.50619	0.08846	0.06405	0.02162	0.00930	0.00676	0.00206	0.00534	0.00771	0.03103	0.01025
5	0.00890	0.00640	0.00728	0.00760	0.00830	0.00605	0.00490	0.00965	0.01172	0.01503	0.03570	0.17114	0.20657	0.41765	0.02164	0.00455	0.00516	0.04207	0.00498	0.00471
6	0.01000	0.00742	0.01063	0.01044	0.01151	0.00873	0.00808	0.01223	0.01078	0.01602	0.01755	0.02591	0.01638	0.08162	0.59022	0.00903	0.06469	0.00702	0.07584	0.00589
7	0.01365	0.01170	0.01365	0.00975	0.01560	0.00878	0.00780	0.01658	0.01365	0.02145	0.01170	0.01365	0.00975	0.00488	0.00488	0.00098	0.00488	0.00390	0.00390	0.80888
8	0.01072	0.00612	0.00671	0.00701	0.00792	0.00604	0.00474	0.01259	0.01245	0.01991	0.02423	0.17674	0.02404	0.21026	0.01296	0.00304	0.00409	0.00954	0.43548	0.00541
9	0.00810	0.00579	0.00771	0.00911	0.00957	0.00540	0.00612	0.00937	0.01297	0.01739	0.07833	0.72062	0.04468	0.02019	0.00836	0.00264	0.00378	0.01830	0.00618	0.00540
10	0.01408	0.01141	0.01335	0.00968	0.01530	0.00865	0.00774	0.01692	0.01397	0.05450	0.01531	0.01672	0.04830	0.00566	0.00511	0.00109	0.00483	0.00456	0.00422	0.72861
11	0.01789	0.06721	0.01999	0.12651	0.06349	0.01591	0.04269	0.22450	0.03471	0.04547	0.01365	0.01581	0.01052	0.00684	0.00693	0.00179	0.05270	0.00538	0.02482	0.20319
12	0.01465	0.05552	0.05418	0.23473	0.09624	0.07396	0.04405	0.05346	0.05345	0.03788	0.12971	0.06866	0.03831	0.00885	0.00677	0.00208	0.00730	0.00769	0.00448	0.00802
13	0.01083	0.00686	0.00841	0.00849	0.01009	0.00617	0.00616	0.01225	0.01425	0.09541	0.10310	0.25950	0.26113	0.07941	0.01099	0.04588	0.00421	0.04486	0.00608	0.00592
14	0.01784	0.10957	0.07113	0.04063	0.10162	0.03030	0.06273	0.18129	0.06753	0.07960	0.01961	0.08552	0.04614	0.01076	0.04408	0.00246	0.00766	0.00735	0.00496	0.00921
15	0.01133	0.00740	0.00913	0.00913	0.01075	0.00694	0.00669	0.04769	0.01545	0.08423	0.15473	0.29891	0.16173	0.08581	0.01030	0.00277	0.00434	0.06009	0.00631	0.00628
16	0.03964	0.17473	0.05534	0.04372	0.12135	0.06406	0.05562	0.18701	0.09060	0.02535	0.01375	0.01524	0.01076	0.00663	0.00592	0.00182	0.00752	0.00531	0.00437	0.07126

[dist]
# distance from previous block
# <min> <max>
0	13

[block]
# block no. 10 follows, 33 sequences, length 24
# corresponding to MSA columns:
# 275-298
name=unknown_K
#
# <colnr> <probs for GDERKNQSTAVLIFYWHMCP>
#	G	D	E	R	K	N	Q	S	T	A	V	L	I	F	Y	W	H	M	C	P
0	0.03945	0.05937	0.19437	0.11574	0.18447	0.01478	0.03709	0.05800	0.04257	0.08364	0.01550	0.06873	0.01272	0.00747	0.00639	0.00203	0.00766	0.00644	0.00407	0.03951
1	0.01943	0.06302	0.15422	0.02101	0.15804	0.11271	0.03637	0.19913	0.05703	0.04864	0.01371	0.01540	0.01047	0.00715	0.00727	0.00200	0.05472	0.00551	0.00435	0.00980
2	0.03656	0.10802	0.17911	0.04288	0.10715	0.01383	0.05343	0.01770	0.05944	0.01945	0.04366	0.16828	0.01971	0.07221	0.00922	0.00250	0.02620	0.00859	0.00410	0.00796
3	0.01165	0.00680	0.00890	0.00892	0.01038	0.00618	0.00641	0.01289	0.01439	0.11668	0.16386	0.33124	0.13544	0.01731	0.01024	0.10902	0.00411	0.01338	0.00617	0.00602
4	0.04876	0.27257	0.12074	0.01808	0.12763	0.09365	0.04090	0.06154	0.04204	0.07285	0.03451	0.01518	0.01157	0.00656	0.00567	0.00180	0.00782	0.00507	0.00390	0.00917
5	0.04553	0.04128	0.06822	0.13853	0.02142	0.05387	0.03875	0.11054	0.06421	0.02094	0.01594	0.06652	0.01408	0.03646	0.14923	0.06743	0.02861	0.00684	0.00410	0.00751
6	0.04260	0.00931	0.01408	0.01263	0.01511	0.00894	0.11733	0.05047	0.01505	0.07069	0.03197	0.33531	0.09668	0.01493	0.00781	0.00246	0.00556	0.10559	0.03665	0.00684
7	0.00997	0.00664	0.00885	0.03800	0.01114	0.00658	0.00679	0.01102	0.01223	0.03879	0.05100	0.30763	0.05622	0.19252	0.05572	0.07763	0.00581	0.09308	0.00516	0.00522
8	0.01801	0.04920	0.04395	0.01763	0.03459	0.23189	0.08247	0.03586	0.01438	0.04469	0.01144	0.01529	0.00984	0.01238	0.08152	0.00304	0.27703	0.00556	0.00343	0.00781
9	0.01603	0.01630	0.05344	0.06012	0.65302	0.01564	0.04821	0.02016	0.01492	0.02133	0.01238	0.01630	0.01028	0.00589	0.00656	0.00198	0.00805	0.00591	0.00323	0.01025
10	0.02664	0.01585	0.01816	0.01392	0.01912	0.01658	0.01150	0.46480	0.02662	0.28843	0.01944	0.01817	0.01302	0.00799	0.00660	0.00200	0.00666	0.00617	0.00714	0.01120
11	0.00948	0.00732	0.00913	0.03603	0.01182	0.00731	0.00703	0.01344	0.10690	0.01995	0.15376	0.45002	0.10878	0.01697	0.00794	0.00245	0.00401	0.01514	0.00627	0.00626
12	0.01347	0.00861	0.01042	0.00967	0.01196	0.00824	0.00729	0.10907	0.01781	0.11728	0.19938	0.26923	0.16178	0.01483	0.00765	0.00227	0.00427	0.01289	0.00671	0.00717
13	0.01120	0.03897	0.01959	0.01587	0.01870	0.01020	0.24490	0.01406	0.01388	0.01850	0.02728	0.41489	0.03022	0.01468	0.00809	0.00251	0.00664	0.07805	0.00503	0.00674
14	0.00943	0.00695	0.01008	0.01008	0.01108	0.00796	0.00760	0.01143	0.01043	0.01491	0.01809	0.02840	0.01756	0.15531	0.63812	0.00996	0.01598	0.00742	0.00359	0.00560
15	0.01806	0.18805	0.30527	0.01705	0.02375	0.21071	0.06227	0.06542	0.01624	0.01978	0.01117	0.01303	0.00869	0.00632	0.00586	0.00184	0.00966	0.00467	0.00323	0.00894
16	0.08241	0.02206	0.08622	0.01487	0.01953	0.22244	0.01263	0.30401	0.06645	0.02891	0.03504	0.01677	0.01242	0.03859	0.00732	0.00211	0.00834	0.00559	0.00505	0.00925
17	0.00826	0.00595	0.00772	0.00895	0.00955	0.00555	0.00610	0.00956	0.01303	0.01729	0.07502	0.61153	0.09028	0.06031	0.00971	0.00282	0.00397	0.04298	0.00606	0.00536
18	0.07107	0.23571	0.07909	0.04014	0.08159	0.11522	0.05080	0.04048	0.18272	0.02129	0.01446	0.01559	0.01147	0.00675	0.00571	0.00187	0.00767	0.00523	0.00406	0.00905
19	0.01715	0.08003	0.09884	0.02013	0.20924	0.04245	0.01397	0.10885	0.04498	0.09215	0.11620	0.05033	0.04448	0.00849	0.00655	0.00197	0.00671	0.00720	0.00498	0.02528
20	0.10274	0.31057	0.13393	0.01416	0.01950	0.08333	0.04909	0.02275	0.12682	0.02013	0.01268	0.01404	0.01026	0.00673	0.00619	0.00186	0.04811	0.00477	0.00365	0.00870
21	0.01570	0.12509	0.01656	0.01226	0.01570	0.01524	0.00992	0.06932	0.36429	0.04920	0.05044	0.12879	0.02385	0.01087	0.00679	0.00221	0.00543	0.06330	0.00605	0.00900
22	0.01816	0.19480	0.06085	0.04487	0.10696	0.05667	0.01272	0.14137	0.04417	0.05079	0.01296	0.01446	0.01025	0.00624	0.00556	0.00161	0.00700	0.00480	0.00418	0.20159
23	0.01814	0.19284	0.04920	0.04102	0.01931	0.05499	0.04907	0.21733	0.04176	0.04327	0.05810	0.04137	0.05282	0.00888	0.02092	0.00200	0.00717	0.00641	0.00485	0.07055

[dist]
# distance from previous block
# <min> <max>
0	14

[block]
# block no. 11 follows, 33 sequences, length 17
# corresponding to MSA columns:
# 313-329
name=unknown_L
#
# <colnr> <probs for GDERKNQSTAVLIFYWHMCP>
#	G	D	E	R	K	N	Q	S	T	A	V	L	I	F	Y	W	H	M	C	P
0	0.01695	0.16008	0.22919	0.01552	0.03392	0.05729	0.06868	0.02300	0.09774	0.10539	0.03349	0.01863	0.04182	0.00715	0.00608	0.00189	0.00765	0.00581	0.00430	0.06544
1	0.01159	0.01033	0.04652	0.01178	0.05546	0.04037	0.00862	0.01574	0.08170	0.04959	0.29889	0.20573	0.11040	0.01369	0.00754	0.00222	0.00458	0.01199	0.00623	0.00703
2	0.01652	0.01544	0.02553	0.11032	0.60927	0.01587	0.01947	0.06799	0.01593	0.02244	0.01255	0.01639	0.01032	0.00608	0.00653	0.00198	0.00788	0.00587	0.00346	0.01017
3	0.01246	0.01223	0.04071	0.37127	0.09614	0.01384	0.01519	0.01663	0.04428	0.01849	0.06938	0.05743	0.07503	0.00932	0.00905	0.00229	0.11735	0.00758	0.00384	0.00749
4	0.04840	0.13376	0.01960	0.05656	0.01976	0.40573	0.01168	0.02479	0.01692	0.14431	0.01341	0.01535	0.01059	0.04340	0.00711	0.00198	0.00938	0.00489	0.00418	0.00818
5	0.01145	0.00846	0.00983	0.00950	0.01173	0.00836	0.00723	0.01716	0.16594	0.06286	0.21196	0.15286	0.22771	0.01440	0.00765	0.00229	0.00405	0.05283	0.00663	0.00708
6	0.00900	0.00742	0.00801	0.00807	0.01009	0.00690	0.00596	0.01276	0.10106	0.01945	0.10516	0.18356	0.46643	0.01619	0.00776	0.00229	0.00364	0.01382	0.00627	0.00617
7	0.01526	0.01845	0.15237	0.12458	0.51831	0.01545	0.02070	0.01990	0.01457	0.02081	0.01220	0.01602	0.00985	0.00602	0.00648	0.00201	0.00828	0.00568	0.00313	0.00992
8	0.01462	0.01719	0.07395	0.02442	0.03015	0.01570	0.54074	0.01955	0.01448	0.01996	0.01360	0.01908	0.01092	0.04400	0.06298	0.00305	0.05641	0.00751	0.00332	0.00838
9	0.00837	0.00613	0.00762	0.00843	0.00920	0.00575	0.00570	0.00961	0.01281	0.01684	0.07862	0.44612	0.16267	0.13633	0.05104	0.00355	0.00482	0.01542	0.00571	0.00525
10	0.01557	0.06554	0.13760	0.08900	0.15060	0.05268	0.31923	0.02048	0.01478	0.01994	0.01218	0.01604	0.00948	0.00613	0.00753	0.00211	0.04266	0.00632	0.00315	0.00898
11	0.00935	0.00629	0.00725	0.00746	0.00752	0.00624	0.00429	0.00952	0.01000	0.01334	0.02295	0.14554	0.02672	0.66238	0.02994	0.00586	0.00602	0.01087	0.00429	0.00418
12	0.01238	0.00787	0.00963	0.00894	0.01083	0.00751	0.00662	0.03536	0.04879	0.10564	0.30638	0.07340	0.12171	0.16745	0.01289	0.00304	0.00449	0.04410	0.00641	0.00657
13	0.02127	0.04680	0.05473	0.04445	0.07018	0.03724	0.01312	0.41666	0.10182	0.05618	0.01753	0.05944	0.01373	0.00836	0.00657	0.00203	0.00711	0.00665	0.00583	0.01030
14	0.03364	0.05454	0.02534	0.02580	0.27097	0.09308	0.13302	0.15210	0.06963	0.05615	0.01439	0.01648	0.01110	0.00661	0.00655	0.00198	0.00832	0.00603	0.00437	0.00989
15	0.00868	0.00620	0.00807	0.00894	0.00973	0.00591	0.00630	0.00996	0.01294	0.01714	0.08735	0.42513	0.12318	0.07429	0.06741	0.04949	0.00522	0.06312	0.00566	0.00529
16	0.01580	0.01454	0.02075	0.19542	0.11117	0.08821	0.10214	0.04539	0.01465	0.06876	0.01509	0.07183	0.01309	0.01294	0.09100	0.00315	0.09714	0.00705	0.00387	0.00803

[dist]
# distance from previous block
# <min> <max>
5	25

[block]
# block no. 12 follows, 33 sequences, length 41
# corresponding to MSA columns:
# 355-395
name=unknown_M
#
# <colnr> <probs for GDERKNQSTAVLIFYWHMCP>
#	G	D	E	R	K	N	Q	S	T	A	V	L	I	F	Y	W	H	M	C	P
0	0.01421	0.15841	0.10282	0.01604	0.12304	0.05936	0.01215	0.03832	0.05890	0.02010	0.06901	0.14882	0.05837	0.03045	0.00712	0.00208	0.00644	0.00837	0.02381	0.04218
1	0.00932	0.00720	0.00879	0.03066	0.01110	0.00680	0.00641	0.01194	0.04869	0.01916	0.16713	0.27231	0.18532	0.09814	0.03423	0.00298	0.00459	0.01317	0.00581	0.05626
2	0.01419	0.15490	0.23640	0.01394	0.01933	0.06773	0.04448	0.01943	0.07638	0.01922	0.05742	0.02223	0.04536	0.09475	0.04243	0.00277	0.00813	0.00631	0.00383	0.05075
3	0.01025	0.00809	0.00877	0.00836	0.01067	0.00771	0.00639	0.05654	0.08283	0.02204	0.17088	0.08260	0.41526	0.01461	0.00752	0.00219	0.00380	0.03118	0.04380	0.00652
4	0.01847	0.11858	0.11432	0.01458	0.02015	0.08685	0.04125	0.20663	0.04402	0.02541	0.01279	0.01430	0.00999	0.00671	0.00666	0.00172	0.04963	0.00495	0.00431	0.19867
5	0.03038	0.05249	0.19293	0.02151	0.19865	0.07144	0.03477	0.09060	0.07822	0.02308	0.03406	0.08372	0.01484	0.00798	0.00647	0.00201	0.00773	0.00679	0.00418	0.03816
6	0.04282	0.07869	0.25961	0.01491	0.02080	0.04882	0.01538	0.04637	0.01575	0.25632	0.01710	0.01749	0.02690	0.00780	0.00810	0.00210	0.10099	0.00562	0.00484	0.00959
7	0.00990	0.00775	0.01131	0.09482	0.04305	0.00821	0.02574	0.01164	0.01180	0.01577	0.02642	0.13935	0.12027	0.14956	0.23968	0.05546	0.00946	0.00988	0.00422	0.00568
8	0.01222	0.01123	0.01817	0.62855	0.03982	0.01377	0.01652	0.01716	0.05728	0.01749	0.01522	0.09610	0.01312	0.00820	0.00678	0.00225	0.00803	0.00730	0.00350	0.00730
9	0.01638	0.01681	0.03998	0.10655	0.08632	0.17295	0.12536	0.05415	0.01615	0.05277	0.02008	0.14528	0.04098	0.02464	0.00764	0.00226	0.00833	0.05112	0.00440	0.00784
10	0.01734	0.01032	0.01253	0.01056	0.01381	0.01015	0.00836	0.12693	0.08233	0.20452	0.33870	0.03596	0.07838	0.01106	0.00720	0.00207	0.00457	0.00938	0.00725	0.00857
11	0.05301	0.01362	0.01952	0.16367	0.16796	0.05809	0.08515	0.02080	0.08758	0.07833	0.10938	0.02584	0.04149	0.00842	0.00685	0.00212	0.00720	0.03776	0.00472	0.00850
12	0.10670	0.03194	0.01233	0.00972	0.01360	0.00955	0.00766	0.03903	0.01471	0.14194	0.04985	0.10541	0.06898	0.06653	0.00812	0.00212	0.00502	0.03159	0.00530	0.26992
13	0.01541	0.01752	0.03808	0.05672	0.03484	0.01657	0.67628	0.02092	0.01544	0.02092	0.01325	0.01775	0.00994	0.00559	0.00772	0.00222	0.01101	0.00769	0.00331	0.00882
14	0.81514	0.01273	0.00968	0.00866	0.01273	0.01477	0.00713	0.01935	0.01120	0.02954	0.00917	0.01069	0.00713	0.00611	0.00407	0.00204	0.00509	0.00356	0.00407	0.00713
15	0.01391	0.01179	0.01377	0.00995	0.01565	0.00915	0.00797	0.03940	0.01414	0.02194	0.01201	0.01408	0.00999	0.00627	0.02638	0.00129	0.00533	0.00406	0.00398	0.75896
16	0.00981	0.00690	0.00834	0.00819	0.00835	0.00737	0.00513	0.01021	0.00974	0.01328	0.01967	0.03918	0.02209	0.62932	0.13044	0.00677	0.04790	0.00902	0.00387	0.00442
17	0.01703	0.01442	0.01543	0.05988	0.01890	0.03846	0.01109	0.14586	0.44709	0.02786	0.02599	0.02772	0.05362	0.00959	0.00687	0.00223	0.00596	0.05602	0.00626	0.00972
18	0.00822	0.00679	0.00728	0.00744	0.00954	0.00585	0.00577	0.01014	0.01522	0.01849	0.09832	0.06396	0.60262	0.01669	0.00794	0.00232	0.00367	0.09793	0.00617	0.00566
19	0.02232	0.03878	0.01914	0.01838	0.12996	0.19365	0.01279	0.14726	0.04910	0.18181	0.03511	0.01784	0.01328	0.00936	0.03667	0.00231	0.05166	0.00585	0.00521	0.00952
20	0.16457	0.01298	0.01378	0.01139	0.05047	0.04343	0.00851	0.01772	0.01348	0.02273	0.01119	0.01315	0.00924	0.00524	0.00485	0.00126	0.00538	0.00395	0.00388	0.58282
21	0.00954	0.00651	0.00781	0.00781	0.00802	0.00672	0.00477	0.00998	0.00976	0.01323	0.02017	0.03991	0.02256	0.63619	0.16408	0.00716	0.00845	0.00911	0.00390	0.00434
22	0.01437	0.01212	0.01404	0.01009	0.01590	0.00951	0.00810	0.05990	0.01474	0.02271	0.01196	0.01379	0.00984	0.00507	0.00498	0.00104	0.00502	0.00403	0.00407	0.75873
23	0.03417	0.17342	0.31778	0.01812	0.08483	0.14850	0.01754	0.02296	0.08605	0.01988	0.01252	0.01411	0.00974	0.00646	0.00582	0.00189	0.00886	0.00481	0.00337	0.00918
24	0.01764	0.04590	0.23130	0.15967	0.13998	0.03564	0.03545	0.15495	0.01781	0.07918	0.01367	0.01594	0.00998	0.00670	0.00641	0.00203	0.00844	0.00557	0.00408	0.00967
25	0.00809	0.00589	0.00774	0.00905	0.00963	0.00554	0.00615	0.00935	0.01267	0.01679	0.03760	0.66156	0.09732	0.02208	0.05381	0.00313	0.00464	0.01760	0.00595	0.00540
26	0.01053	0.04290	0.01206	0.01093	0.01241	0.04532	0.00859	0.01283	0.01111	0.01533	0.01688	0.02448	0.01570	0.04529	0.67273	0.00973	0.01687	0.00675	0.00349	0.00608
27	0.06378	0.16834	0.13780	0.01471	0.04256	0.11317	0.01329	0.13144	0.03781	0.09008	0.01592	0.05722	0.01344	0.00942	0.02984	0.00223	0.00801	0.03745	0.00454	0.00894
28	0.01945	0.01190	0.01671	0.06224	0.12958	0.01208	0.03436	0.08086	0.08741	0.24475	0.02020	0.02247	0.01519	0.05889	0.08181	0.00314	0.00746	0.00670	0.07555	0.00926
29	0.01703	0.06494	0.08451	0.01390	0.01821	0.08098	0.01195	0.09172	0.40943	0.02602	0.06245	0.02427	0.01958	0.00884	0.00659	0.00212	0.00645	0.03561	0.00578	0.00962
