[name]
unknown

[dist]
# distance from previous block
# <min> <max>
0	55

[block]
# block no. 0 follows, 32 sequences, length 12
# corresponding to MSA columns:
# 55-66
name=unknown_A
#
# <colnr> <probs for GDERKNQSTAVLIFYWHMCP>
#	G	D	E	R	K	N	Q	S	T	A	V	L	I	F	Y	W	H	M	C	P
0	0.07879	0.01485	0.04584	0.01498	0.07042	0.08533	0.03006	0.07013	0.01661	0.04639	0.11478	0.02821	0.02142	0.00937	0.00761	0.00201	0.05528	0.10175	0.00490	0.18128
1	0.12857	0.22631	0.11404	0.04340	0.03794	0.17303	0.09485	0.02131	0.01489	0.01980	0.01201	0.01412	0.02468	0.00639	0.00560	0.00181	0.00870	0.00484	0.00337	0.04433
2	0.04759	0.00975	0.01176	0.01129	0.01271	0.05199	0.00874	0.01466	0.04299	0.01724	0.01722	0.02492	0.01591	0.08791	0.47813	0.00800	0.07782	0.00689	0.04810	0.00636
3	0.01437	0.01278	0.02138	0.08538	0.36722	0.01284	0.06745	0.01830	0.03752	0.04431	0.06636	0.18104	0.02185	0.00998	0.00726	0.00221	0.00693	0.00946	0.00448	0.00887
4	0.01414	0.01739	0.15959	0.02698	0.36069	0.01356	0.01732	0.01830	0.01482	0.02137	0.07001	0.07863	0.04599	0.00846	0.00745	0.00206	0.04080	0.00745	0.00392	0.07108
5	0.01472	0.00756	0.01006	0.00997	0.01191	0.00678	0.00725	0.01635	0.01489	0.22966	0.03563	0.49903	0.07510	0.01698	0.00798	0.00250	0.00441	0.01510	0.00685	0.00725
6	0.01492	0.01924	0.17033	0.19765	0.23846	0.04363	0.01944	0.01918	0.01366	0.01919	0.01142	0.01581	0.00932	0.00752	0.00992	0.00227	0.17040	0.00568	0.00306	0.00891
7	0.01526	0.01492	0.01896	0.05763	0.01913	0.04857	0.01373	0.02074	0.16291	0.01879	0.01338	0.01740	0.01162	0.01201	0.04170	0.00297	0.49219	0.00623	0.00383	0.00803
8	0.01661	0.18020	0.03355	0.02993	0.31369	0.01863	0.27037	0.02082	0.01513	0.02043	0.01226	0.01589	0.01002	0.00581	0.00661	0.00197	0.00904	0.00618	0.00325	0.00960
9	0.19990	0.01176	0.01433	0.01126	0.01623	0.01099	0.00930	0.02988	0.01751	0.57557	0.02275	0.02024	0.01458	0.00785	0.00618	0.00208	0.00560	0.00607	0.00740	0.01052
10	0.02717	0.01240	0.01811	0.01829	0.17035	0.01118	0.01219	0.03007	0.01835	0.57379	0.02346	0.02148	0.01531	0.00780	0.00672	0.00206	0.00620	0.00658	0.00722	0.01125
11	0.63869	0.01409	0.01632	0.01305	0.01778	0.01547	0.15734	0.02011	0.01238	0.02823	0.01026	0.01246	0.00790	0.00610	0.00497	0.00212	0.00652	0.00456	0.00399	0.00765

[dist]
# distance from previous block
# <min> <max>
1	11

[block]
# block no. 1 follows, 32 sequences, length 31
# corresponding to MSA columns:
# 78-108
name=unknown_B
#
# <colnr> <probs for GDERKNQSTAVLIFYWHMCP>
#	G	D	E	R	K	N	Q	S	T	A	V	L	I	F	Y	W	H	M	C	P
0	0.03891	0.52868	0.09702	0.08945	0.02127	0.02243	0.01323	0.02106	0.01412	0.08331	0.01146	0.01297	0.00935	0.00615	0.00498	0.00166	0.00743	0.00426	0.00342	0.00884
1	0.72767	0.01223	0.00974	0.00882	0.01253	0.01408	0.00712	0.01857	0.01114	0.02817	0.00959	0.01190	0.00773	0.00802	0.00647	0.08628	0.00526	0.00386	0.00402	0.00681
2	0.10105	0.01618	0.01510	0.01315	0.01730	0.10057	0.01027	0.05741	0.43452	0.02666	0.02091	0.02017	0.01592	0.00795	0.00620	0.00201	0.00614	0.00624	0.00576	0.11649
3	0.00867	0.00617	0.00813	0.00917	0.00972	0.00593	0.00623	0.01004	0.01303	0.01761	0.10520	0.52962	0.04185	0.11380	0.06214	0.00369	0.00517	0.03249	0.00590	0.00543
4	0.01669	0.01440	0.01578	0.01397	0.01737	0.01693	0.01100	0.06954	0.57286	0.02756	0.05108	0.02441	0.02039	0.00950	0.00846	0.00232	0.08366	0.00749	0.00643	0.01016
5	0.10107	0.66921	0.05124	0.01141	0.01710	0.02505	0.01140	0.02008	0.01342	0.01744	0.00940	0.01087	0.00847	0.00581	0.00435	0.00152	0.00704	0.00363	0.00300	0.00851
6	0.09006	0.08754	0.16908	0.01646	0.10690	0.03228	0.03445	0.02109	0.09132	0.04573	0.05730	0.02103	0.04955	0.00760	0.00600	0.00192	0.00669	0.00619	0.08794	0.06084
7	0.01695	0.38925	0.16664	0.01696	0.04716	0.04782	0.12919	0.02079	0.01452	0.04225	0.01247	0.04500	0.01071	0.00663	0.00572	0.00181	0.00842	0.00545	0.00332	0.00894
8	0.34612	0.02259	0.32732	0.09167	0.02439	0.01535	0.04396	0.02019	0.01301	0.02452	0.01097	0.01335	0.00810	0.00632	0.00555	0.00212	0.00790	0.00463	0.00342	0.00852
9	0.01238	0.01126	0.01246	0.04989	0.07028	0.08546	0.00968	0.01696	0.11853	0.01979	0.05681	0.32592	0.09024	0.01502	0.00779	0.00245	0.00569	0.07663	0.00568	0.00709
10	0.00834	0.00591	0.00774	0.00913	0.00948	0.00556	0.00600	0.00939	0.01252	0.01670	0.03532	0.68471	0.04228	0.09898	0.01125	0.00312	0.00417	0.01810	0.00600	0.00530
11	0.00887	0.00660	0.00799	0.00806	0.00940	0.00601	0.00573	0.01090	0.01577	0.02112	0.33739	0.19001	0.22414	0.10442	0.01114	0.00279	0.00376	0.01372	0.00647	0.00572
12	0.00976	0.00651	0.00732	0.00732	0.00732	0.00651	0.00407	0.00976	0.00976	0.01301	0.02114	0.04391	0.02439	0.76419	0.03415	0.00651	0.00651	0.00976	0.00407	0.00407
13	0.01661	0.01594	0.02724	0.04119	0.72233	0.01594	0.02059	0.02059	0.01528	0.02192	0.01262	0.01661	0.01063	0.00598	0.00664	0.00199	0.00797	0.00598	0.00332	0.01063
14	0.01333	0.01130	0.01329	0.00984	0.01524	0.00859	0.00777	0.01619	0.01402	0.02170	0.03938	0.06967	0.01439	0.00646	0.00534	0.00116	0.00483	0.00537	0.00426	0.71787
15	0.02042	0.01291	0.01482	0.01266	0.01652	0.01365	0.00997	0.16354	0.26414	0.20835	0.02622	0.13976	0.02137	0.01055	0.00699	0.00222	0.00554	0.00885	0.03150	0.01003
16	0.01709	0.01730	0.01398	0.01296	0.01576	0.25064	0.00974	0.02388	0.21357	0.04349	0.14689	0.11411	0.05535	0.02585	0.00755	0.00220	0.00696	0.00896	0.00571	0.00800
17	0.01748	0.10346	0.06984	0.01826	0.12583	0.03695	0.08254	0.07251	0.04834	0.07425	0.01395	0.01567	0.01086	0.00610	0.00592	0.00164	0.00713	0.00524	0.00425	0.27978
18	0.01676	0.01586	0.03125	0.04744	0.08037	0.01516	0.45020	0.02259	0.06425	0.09592	0.04647	0.02222	0.04372	0.00703	0.00759	0.00222	0.00933	0.00800	0.00441	0.00922
19	0.01346	0.03471	0.72942	0.01912	0.02904	0.01558	0.02479	0.02125	0.01417	0.02125	0.01204	0.01417	0.00850	0.00637	0.00637	0.00212	0.00992	0.00496	0.00283	0.00992
20	0.00974	0.00711	0.00874	0.00940	0.02799	0.00652	0.00655	0.01210	0.03569	0.04662	0.16849	0.30560	0.25825	0.04054	0.00890	0.00254	0.00395	0.02872	0.00639	0.00616
21	0.01746	0.23392	0.30746	0.01793	0.07358	0.03922	0.06322	0.02229	0.01512	0.10963	0.03174	0.01564	0.01127	0.00657	0.00600	0.00191	0.00846	0.00524	0.00375	0.00958
22	0.00976	0.00651	0.00732	0.00732	0.00732	0.00651	0.00407	0.00976	0.00976	0.01301	0.02114	0.04391	0.02439	0.76419	0.03415	0.00651	0.00651	0.00976	0.00407	0.00407
23	0.00951	0.00711	0.01062	0.01070	0.01186	0.00822	0.00827	0.01184	0.01090	0.01566	0.01903	0.06700	0.01830	0.04870	0.69720	0.01034	0.01719	0.00785	0.00374	0.00596
24	0.01573	0.01872	0.12083	0.06804	0.26854	0.01629	0.25364	0.02274	0.10428	0.02222	0.01472	0.01795	0.01137	0.00636	0.00708	0.00215	0.00909	0.00672	0.00371	0.00982
25	0.04247	0.10691	0.06145	0.01736	0.07168	0.15252	0.07011	0.13302	0.01911	0.18083	0.04088	0.01737	0.01308	0.00748	0.00695	0.00197	0.03627	0.00583	0.00508	0.00962
26	0.00945	0.00736	0.00829	0.00818	0.01010	0.00672	0.00609	0.04864	0.01642	0.02104	0.19592	0.15307	0.39652	0.04802	0.00910	0.00249	0.00386	0.03628	0.00641	0.00604
27	0.01744	0.01709	0.03367	0.02440	0.03051	0.01648	0.52203	0.09833	0.01765	0.06962	0.01726	0.02039	0.04578	0.00683	0.00810	0.00224	0.03083	0.00788	0.00422	0.00926
28	0.04808	0.06137	0.11992	0.01658	0.02215	0.08533	0.11776	0.17952	0.10174	0.10613	0.06109	0.01925	0.01520	0.00767	0.00666	0.00205	0.00799	0.00644	0.00529	0.00978
29	0.04016	0.03817	0.02215	0.37523	0.20302	0.01591	0.04575	0.06925	0.06243	0.02143	0.01405	0.03825	0.01129	0.00710	0.00665	0.00215	0.00813	0.00638	0.00374	0.00877
30	0.03369	0.06368	0.05545	0.03881	0.09211	0.08387	0.02825	0.13406	0.11751	0.02429	0.06039	0.04003	0.01724	0.01355	0.08986	0.00312	0.06079	0.02968	0.00478	0.00883

[dist]
# distance from previous block
# <min> <max>
1	18

[block]
# block no. 2 follows, 32 sequences, length 38
# corresponding to MSA columns:
# 127-164
name=unknown_C
#
# <colnr> <probs for GDERKNQSTAVLIFYWHMCP>
#	G	D	E	R	K	N	Q	S	T	A	V	L	I	F	Y	W	H	M	C	P
0	0.01658	0.09775	0.12573	0.06279	0.02210	0.06814	0.10224	0.08753	0.08161	0.06334	0.05105	0.09503	0.01782	0.05204	0.00831	0.00234	0.00775	0.00770	0.00469	0.02545
1	0.01904	0.16900	0.17283	0.02892	0.02064	0.12636	0.01395	0.09871	0.04492	0.09518	0.06429	0.01734	0.01423	0.00723	0.00600	0.00182	0.00786	0.00544	0.00452	0.08170
2	0.18072	0.16748	0.13229	0.05074	0.02108	0.08729	0.03249	0.12854	0.09573	0.02538	0.01320	0.01447	0.01017	0.00684	0.00565	0.00195	0.00769	0.00496	0.00425	0.00908
3	0.28353	0.06869	0.06218	0.03370	0.05351	0.10578	0.08259	0.02027	0.05096	0.02349	0.06169	0.02022	0.06518	0.00917	0.03093	0.00234	0.00755	0.00608	0.00423	0.00790
4	0.04350	0.58236	0.15675	0.01344	0.01991	0.02383	0.04255	0.02034	0.01375	0.01747	0.00999	0.01168	0.00861	0.00586	0.00482	0.00161	0.00777	0.00401	0.00293	0.00881
5	0.01146	0.00731	0.00929	0.00889	0.01078	0.00671	0.00674	0.01391	0.01672	0.09879	0.35253	0.10685	0.16935	0.06437	0.03431	0.00283	0.00448	0.06140	0.00675	0.00652
6	0.05457	0.03874	0.01464	0.01067	0.01596	0.03504	0.00852	0.04665	0.07015	0.02297	0.01437	0.05386	0.01243	0.00643	0.00535	0.00132	0.00536	0.00512	0.00439	0.57344
7	0.00836	0.00592	0.00773	0.00910	0.00944	0.00558	0.00597	0.00939	0.01248	0.01664	0.03509	0.67449	0.04200	0.10960	0.01161	0.00318	0.00420	0.01796	0.00597	0.00529
8	0.05840	0.01850	0.18937	0.01623	0.02135	0.03863	0.11776	0.06886	0.01547	0.10858	0.01724	0.02000	0.03607	0.01465	0.12659	0.00357	0.07058	0.00643	0.04302	0.00869
9	0.02078	0.09440	0.01768	0.01258	0.01685	0.01610	0.01040	0.31289	0.07713	0.12381	0.02114	0.04364	0.04365	0.01212	0.06604	0.00268	0.00715	0.00684	0.08443	0.00968
10	0.01166	0.00583	0.00874	0.00874	0.00874	0.00583	0.00583	0.00874	0.00874	0.01166	0.01166	0.02040	0.01166	0.02331	0.02622	0.80478	0.00583	0.00583	0.00291	0.00291
11	0.01146	0.00863	0.01114	0.01213	0.01402	0.00890	0.01029	0.01684	0.12246	0.02109	0.03614	0.09350	0.07434	0.01709	0.00879	0.00290	0.00580	0.51140	0.00628	0.00681
12	0.01382	0.01156	0.01342	0.00970	0.01538	0.00877	0.00774	0.01681	0.01392	0.02207	0.01257	0.01463	0.01041	0.00515	0.00495	0.00103	0.00485	0.00412	0.05548	0.75360
13	0.01628	0.01270	0.01462	0.08145	0.01880	0.01417	0.01055	0.07787	0.40585	0.07465	0.10630	0.06463	0.05252	0.01018	0.00706	0.00224	0.00544	0.00862	0.00657	0.00949
14	0.00972	0.00665	0.00806	0.00806	0.00831	0.00691	0.00498	0.01023	0.00998	0.01356	0.02047	0.04018	0.02277	0.61238	0.18374	0.00741	0.00894	0.00921	0.00397	0.00448
15	0.00839	0.00611	0.00791	0.00895	0.00972	0.00563	0.00614	0.00997	0.01418	0.01898	0.16268	0.56868	0.10920	0.01934	0.00839	0.00257	0.00372	0.01738	0.00644	0.00563
16	0.81159	0.01298	0.00986	0.00882	0.01298	0.01505	0.00727	0.01972	0.01142	0.03010	0.00934	0.01090	0.00727	0.00623	0.00415	0.00208	0.00519	0.00363	0.00415	0.00727
17	0.01195	0.00955	0.01083	0.01000	0.01249	0.00986	0.00764	0.04635	0.22529	0.02592	0.34096	0.06573	0.17096	0.01295	0.00756	0.00220	0.00404	0.01112	0.00694	0.00766
18	0.00816	0.00589	0.00773	0.00921	0.00970	0.00546	0.00617	0.00936	0.01298	0.01718	0.03861	0.72320	0.07994	0.02081	0.00853	0.00270	0.00387	0.01882	0.00623	0.00546
19	0.01640	0.24766	0.13690	0.05042	0.02247	0.07593	0.10947	0.06465	0.06726	0.02081	0.04594	0.05537	0.04320	0.00793	0.00625	0.00195	0.00805	0.00660	0.00403	0.00871
20	0.01339	0.02865	0.53275	0.01899	0.02727	0.01475	0.10909	0.02074	0.04376	0.02152	0.04283	0.06698	0.01384	0.00768	0.00680	0.00219	0.00923	0.00669	0.00349	0.00939
21	0.68680	0.05039	0.01212	0.00982	0.01404	0.06816	0.00809	0.04635	0.01285	0.02890	0.00968	0.01118	0.00759	0.00633	0.00440	0.00202	0.00587	0.00377	0.00414	0.00753
22	0.01342	0.05037	0.01535	0.01512	0.11237	0.01151	0.03325	0.04312	0.10210	0.05388	0.15505	0.12725	0.12914	0.06465	0.00983	0.00252	0.03724	0.01039	0.00565	0.00777
23	0.01792	0.04543	0.04640	0.07576	0.12093	0.11642	0.10155	0.07656	0.03541	0.07577	0.03919	0.06536	0.01461	0.00787	0.00714	0.00197	0.03346	0.00678	0.00443	0.10706
24	0.01681	0.02120	0.19394	0.02000	0.10880	0.11177	0.11105	0.06791	0.05960	0.05828	0.10696	0.04256	0.03451	0.00827	0.00694	0.00209	0.00832	0.00726	0.00459	0.00913
25	0.03469	0.05484	0.07737	0.04213	0.04610	0.14645	0.01162	0.08911	0.06947	0.04457	0.16891	0.04987	0.04989	0.00922	0.00661	0.00194	0.00691	0.00746	0.00518	0.07766
26	0.04701	0.01623	0.07719	0.01619	0.10228	0.08452	0.02745	0.07489	0.05660	0.05713	0.09277	0.02354	0.01857	0.03811	0.00747	0.00201	0.00679	0.03959	0.00482	0.20682
27	0.05315	0.16826	0.07437	0.01368	0.01858	0.11856	0.04567	0.14346	0.06079	0.05294	0.04883	0.02257	0.10449	0.00844	0.00621	0.00190	0.00733	0.00655	0.00485	0.03939
28	0.16667	0.13326	0.05791	0.01431	0.04424	0.16490	0.03449	0.09163	0.01684	0.09859	0.01657	0.04902	0.04162	0.03424	0.00685	0.00210	0.00769	0.00597	0.00457	0.00853
29	0.09379	0.18838	0.08071	0.03754	0.08119	0.16990	0.01309	0.07018	0.01690	0.11121	0.03722	0.01545	0.01181	0.00687	0.00574	0.00181	0.00799	0.00502	0.00431	0.04089
30	0.04717	0.08873	0.04142	0.05080	0.07587	0.01585	0.05710	0.20178	0.01978	0.16076	0.03789	0.01996	0.04132	0.00786	0.00690	0.00198	0.03238	0.00633	0.03673	0.04940
31	0.08284	0.04393	0.07116	0.01130	0.03212	0.01075	0.00931	0.04045	0.06127	0.09169	0.11143	0.09527	0.17895	0.03883	0.03412	0.03639	0.02760	0.00957	0.00555	0.00746
32	0.04625	0.01074	0.01293	0.03725	0.01534	0.03888	0.04126	0.05429	0.10290	0.09775	0.10384	0.17174	0.11412	0.04857	0.00881	0.00255	0.00556	0.07355	0.00613	0.00758
33	0.03021	0.01169	0.01697	0.05198	0.04271	0.01173	0.11289	0.11203	0.05869	0.07002	0.05114	0.17081	0.09254	0.04395	0.03352	0.00273	0.00676	0.03264	0.00550	0.04151
34	0.01565	0.06313	0.04755	0.01482	0.07146	0.07211	0.02867	0.11795	0.06269	0.05022	0.12900	0.15777	0.08626	0.01167	0.00778	0.00218	0.03753	0.00979	0.00556	0.00820
35	0.03862	0.06510	0.08312	0.01532	0.08629	0.01299	0.06276	0.07992	0.06913	0.02323	0.07957	0.02762	0.11297	0.04679	0.04632	0.00261	0.00693	0.00757	0.03662	0.09654
36	0.08993	0.34219	0.07482	0.03829	0.03217	0.04363	0.02972	0.07517	0.01544	0.02076	0.04256	0.02015	0.08062	0.03763	0.00662	0.00196	0.00696	0.00576	0.00393	0.03168
37	0.06527	0.07485	0.10257	0.03003	0.03612	0.01318	0.03710	0.10051	0.04915	0.05126	0.03520	0.11286	0.05565	0.03699	0.02707	0.00246	0.00674	0.05530	0.00494	0.10275

[dist]
# distance from previous block
# <min> <max>
1	39

[block]
# block no. 3 follows, 32 sequences, length 38
# corresponding to MSA columns:
# 206-243
name=unknown_D
#
# <colnr> <probs for GDERKNQSTAVLIFYWHMCP>
#	G	D	E	R	K	N	Q	S	T	A	V	L	I	F	Y	W	H	M	C	P
0	0.05827	0.06219	0.04038	0.01382	0.01873	0.13306	0.04087	0.16809	0.07931	0.07313	0.04286	0.03992	0.01429	0.00755	0.00612	0.00178	0.00720	0.00592	0.00510	0.18144
1	0.06100	0.01616	0.06527	0.01535	0.07085	0.10342	0.03344	0.12111	0.04436	0.04660	0.08671	0.09014	0.07848	0.01029	0.00737	0.00210	0.03166	0.04034	0.00520	0.07015
2	0.04316	0.06355	0.01902	0.01764	0.13395	0.03687	0.04155	0.16838	0.07559	0.08108	0.04462	0.11004	0.03548	0.00964	0.00718	0.02284	0.00651	0.00785	0.00535	0.06970
3	0.04559	0.14482	0.04909	0.01612	0.06773	0.09273	0.06994	0.10450	0.09332	0.09428	0.04074	0.02282	0.06177	0.00827	0.00640	0.00197	0.00733	0.03179	0.00501	0.03578
4	0.11017	0.05698	0.10765	0.01423	0.04136	0.14714	0.01211	0.10789	0.07738	0.02433	0.04064	0.06533	0.04845	0.00884	0.00625	0.00199	0.00728	0.02937	0.02953	0.06309
5	0.13087	0.15135	0.02336	0.06920	0.11495	0.06855	0.08219	0.08020	0.05932	0.02305	0.03590	0.01602	0.01175	0.00717	0.00733	0.00201	0.07337	0.00553	0.00399	0.03389
6	0.20846	0.08149	0.22691	0.03874	0.06340	0.04430	0.01522	0.10275	0.06900	0.02564	0.01295	0.01466	0.00986	0.00692	0.00624	0.00205	0.03259	0.00499	0.02470	0.00911
7	0.01775	0.01782	0.02635	0.09573	0.43660	0.09773	0.09885	0.06898	0.03416	0.02241	0.01303	0.01656	0.01051	0.00633	0.00674	0.00202	0.00881	0.00606	0.00364	0.00990
8	0.04192	0.04128	0.04776	0.12521	0.23473	0.01439	0.07976	0.03774	0.05988	0.02242	0.04938	0.01810	0.01329	0.00650	0.00631	0.00185	0.00729	0.00595	0.00394	0.18232
9	0.00928	0.00698	0.00954	0.00958	0.01078	0.00753	0.00717	0.01125	0.01174	0.01611	0.05088	0.06341	0.13361	0.13062	0.48080	0.00828	0.01317	0.00925	0.00431	0.00569
10	0.00820	0.00627	0.00753	0.00834	0.00951	0.00560	0.00583	0.00973	0.01426	0.01832	0.10607	0.44724	0.29109	0.01894	0.00828	0.00251	0.00365	0.01670	0.00633	0.00560
11	0.00950	0.00686	0.00897	0.00844	0.01002	0.00633	0.00633	0.01266	0.01899	0.02691	0.71879	0.05012	0.06331	0.01372	0.00791	0.00211	0.00317	0.01213	0.00739	0.00633
12	0.00831	0.00594	0.00794	0.00950	0.00995	0.00557	0.00646	0.00958	0.01298	0.01728	0.03691	0.72481	0.04408	0.02089	0.00860	0.00274	0.00401	0.05274	0.00623	0.00549
13	0.01389	0.06604	0.62998	0.01969	0.02911	0.01621	0.09077	0.02122	0.01431	0.02103	0.01207	0.01440	0.00867	0.00628	0.00643	0.00211	0.00993	0.00519	0.00289	0.00977
14	0.02506	0.03198	0.01901	0.01729	0.02074	0.73725	0.01296	0.02679	0.01901	0.01642	0.01037	0.01210	0.00864	0.00691	0.00605	0.00173	0.01210	0.00432	0.00346	0.00778
15	0.00818	0.00584	0.00779	0.00934	0.00973	0.00545	0.00623	0.00934	0.01285	0.01713	0.03698	0.75981	0.04438	0.02102	0.00856	0.00273	0.00389	0.01908	0.00623	0.00545
16	0.00916	0.00692	0.00859	0.00967	0.01059	0.00679	0.00667	0.01246	0.09520	0.01849	0.03801	0.62467	0.08872	0.01934	0.00832	0.00264	0.00403	0.01738	0.00630	0.00607
17	0.01595	0.01185	0.01793	0.04890	0.05255	0.01375	0.06105	0.04141	0.01370	0.13709	0.03670	0.02134	0.01455	0.02239	0.24303	0.00510	0.22356	0.00678	0.00436	0.00799
18	0.71854	0.01312	0.01121	0.03844	0.04628	0.01514	0.00841	0.02021	0.03545	0.02918	0.01020	0.01190	0.00793	0.00633	0.00445	0.00209	0.00546	0.00396	0.00416	0.00754
19	0.00969	0.00676	0.00860	0.00860	0.00904	0.00720	0.00566	0.01058	0.01014	0.01396	0.01997	0.03744	0.02159	0.50103	0.29347	0.00808	0.01073	0.00881	0.00389	0.00478
20	0.01957	0.01794	0.02071	0.09787	0.14688	0.12903	0.04076	0.25236	0.02135	0.02771	0.09475	0.01968	0.01636	0.00817	0.00777	0.00207	0.05625	0.00652	0.00491	0.00934
21	0.01678	0.01601	0.05049	0.18786	0.41254	0.01599	0.07681	0.07663	0.01637	0.04640	0.01329	0.01709	0.01042	0.00637	0.00677	0.00208	0.00841	0.00614	0.00369	0.00988
22	0.01391	0.01193	0.01391	0.00994	0.01590	0.00894	0.00795	0.01690	0.01391	0.02186	0.01193	0.01391	0.00994	0.00497	0.00497	0.00099	0.00497	0.00398	0.00398	0.80521
23	0.02423	0.03076	0.01842	0.01678	0.02018	0.70170	0.01258	0.02596	0.01883	0.01650	0.01317	0.01465	0.04319	0.00740	0.00614	0.00175	0.01168	0.00480	0.00359	0.00768
24	0.00846	0.00682	0.00754	0.00736	0.00939	0.00589	0.00552	0.01066	0.01655	0.02112	0.28966	0.05965	0.49606	0.01588	0.00792	0.00221	0.00332	0.01347	0.00662	0.00589
25	0.00887	0.00647	0.00849	0.00978	0.01072	0.00609	0.00727	0.01066	0.01403	0.01837	0.06665	0.47798	0.12196	0.01964	0.00864	0.00274	0.00439	0.18531	0.00626	0.00569
26	0.01794	0.76823	0.03516	0.01148	0.01722	0.02655	0.01148	0.02009	0.01363	0.01579	0.00933	0.01076	0.00861	0.00574	0.00431	0.00144	0.00718	0.00359	0.00287	0.00861
27	0.00841	0.00682	0.00746	0.00730	0.00936	0.00587	0.00547	0.01056	0.01642	0.02081	0.26682	0.06016	0.51909	0.01599	0.00793	0.00222	0.00333	0.01354	0.00658	0.00587
28	0.01661	0.01594	0.02724	0.04119	0.72233	0.01594	0.02059	0.02059	0.01528	0.02192	0.01262	0.01661	0.01063	0.00598	0.00664	0.00199	0.00797	0.00598	0.00332	0.01063
29	0.00818	0.00584	0.00779	0.00934	0.00973	0.00545	0.00623	0.00934	0.01285	0.01713	0.03698	0.75981	0.04438	0.02102	0.00856	0.00273	0.00389	0.01908	0.00623	0.00545
30	0.81159	0.01298	0.00986	0.00882	0.01298	0.01505	0.00727	0.01972	0.01142	0.03010	0.00934	0.01090	0.00727	0.00623	0.00415	0.00208	0.00519	0.00363	0.00415	0.00727
31	0.01579	0.01515	0.02560	0.16825	0.56359	0.01599	0.01993	0.01974	0.01468	0.02076	0.01230	0.01674	0.01023	0.00641	0.00744	0.00209	0.04620	0.00597	0.00324	0.00988
32	0.00946	0.00766	0.00930	0.03594	0.03632	0.00715	0.00693	0.01273	0.04994	0.02215	0.31909	0.07819	0.35114	0.01470	0.00780	0.00221	0.00378	0.01263	0.00650	0.00640
33	0.00818	0.00584	0.00779	0.00934	0.00973	0.00545	0.00623	0.00934	0.01285	0.01713	0.03698	0.75981	0.04438	0.02102	0.00856	0.00273	0.00389	0.01908	0.00623	0.00545
34	0.01115	0.00891	0.01281	0.01205	0.01272	0.01109	0.00940	0.01252	0.01034	0.01508	0.01511	0.02395	0.01469	0.08956	0.41959	0.10016	0.20477	0.00688	0.00338	0.00584
35	0.01794	0.76823	0.03516	0.01148	0.01722	0.02655	0.01148	0.02009	0.01363	0.01579	0.00933	0.01076	0.00861	0.00574	0.00431	0.00144	0.00718	0.00359	0.00287	0.00861
36	0.01734	0.30202	0.30213	0.01591	0.02305	0.02076	0.03991	0.13904	0.01693	0.02274	0.01169	0.01340	0.00912	0.00659	0.00624	0.00188	0.03337	0.00477	0.00355	0.00958
37	0.02128	0.08880	0.02033	0.01857	0.11839	0.28264	0.01297	0.10130	0.07637	0.08152	0.01606	0.07373	0.01371	0.00840	0.00698	0.00197	0.03694	0.00638	0.00465	0.00902

[dist]
# distance from previous block
# <min> <max>
0	1

[block]
# block no. 4 follows, 32 sequences, length 36
# corresponding to MSA columns:
# 245-280
name=unknown_E
#
# <colnr> <probs for GDERKNQSTAVLIFYWHMCP>
#	G	D	E	R	K	N	Q	S	T	A	V	L	I	F	Y	W	H	M	C	P
0	0.02709	0.01129	0.01488	0.01167	0.01639	0.01017	0.00954	0.05512	0.05069	0.59051	0.08135	0.02495	0.02035	0.00875	0.00677	0.00207	0.00546	0.00717	0.03499	0.01080
1	0.02248	0.07979	0.02004	0.01451	0.01958	0.01994	0.01200	0.46919	0.18292	0.03615	0.01793	0.01761	0.01318	0.00799	0.00648	0.00199	0.00681	0.00611	0.00632	0.03899
2	0.01590	0.08536	0.40130	0.01691	0.03949	0.08639	0.01834	0.04305	0.06352	0.05229	0.01572	0.08145	0.01309	0.00796	0.00640	0.00206	0.00861	0.00634	0.00388	0.03194
3	0.01469	0.17295	0.55177	0.01710	0.02580	0.01720	0.02120	0.02110	0.01438	0.04193	0.03501	0.01495	0.01056	0.00655	0.00604	0.00199	0.00905	0.00499	0.00316	0.00960
4	0.01661	0.01594	0.02724	0.04119	0.72233	0.01594	0.02059	0.02059	0.01528	0.02192	0.01262	0.01661	0.01063	0.00598	0.00664	0.00199	0.00797	0.00598	0.00332	0.01063
5	0.01469	0.01377	0.02308	0.23076	0.44892	0.01454	0.01855	0.01867	0.01490	0.02056	0.03842	0.02319	0.03162	0.00754	0.00691	0.00214	0.00785	0.05105	0.00362	0.00920
6	0.01618	0.03842	0.22009	0.01773	0.06568	0.03633	0.10889	0.07950	0.03868	0.09930	0.02305	0.13023	0.07668	0.00976	0.00708	0.00220	0.00771	0.00862	0.00482	0.00904
7	0.01267	0.01193	0.02013	0.74806	0.04621	0.01491	0.01863	0.01714	0.01342	0.01714	0.01193	0.01789	0.00894	0.00671	0.00671	0.00224	0.00894	0.00596	0.00298	0.00745
8	0.00860	0.00614	0.00827	0.00982	0.01040	0.00581	0.00696	0.01007	0.01326	0.01760	0.03675	0.65078	0.04346	0.02063	0.00868	0.00278	0.00426	0.12395	0.00622	0.00557
9	0.06039	0.04283	0.04155	0.02264	0.17273	0.07749	0.17373	0.06794	0.11140	0.07541	0.01890	0.04398	0.04502	0.00772	0.00683	0.00210	0.00807	0.00714	0.00466	0.00946
10	0.01635	0.07599	0.17098	0.11138	0.21120	0.01566	0.08663	0.04291	0.04498	0.07809	0.01589	0.04282	0.01301	0.00751	0.00674	0.00213	0.00825	0.03595	0.00403	0.00951
11	0.00943	0.00686	0.00888	0.00837	0.00998	0.00630	0.00628	0.01253	0.01884	0.02653	0.69120	0.05073	0.09114	0.01386	0.00791	0.00212	0.00318	0.01222	0.00734	0.00630
12	0.02551	0.01879	0.02014	0.01544	0.02081	0.02081	0.01275	0.69996	0.03155	0.04229	0.01611	0.01611	0.01141	0.00805	0.00671	0.00201	0.00738	0.00604	0.00671	0.01141
13	0.01825	0.12592	0.18823	0.13541	0.12046	0.12478	0.03933	0.02305	0.04102	0.10144	0.01376	0.01584	0.01033	0.00667	0.00624	0.00197	0.00884	0.00537	0.00382	0.00929
14	0.01952	0.07271	0.10823	0.01488	0.01994	0.08631	0.01314	0.17832	0.33649	0.05004	0.02001	0.01939	0.01489	0.00806	0.00649	0.00208	0.00714	0.00630	0.00574	0.01032
15	0.01733	0.01473	0.01553	0.01378	0.01769	0.01699	0.01077	0.08358	0.66125	0.02909	0.02650	0.02439	0.01983	0.00903	0.00682	0.00226	0.00546	0.00747	0.00682	0.01068
16	0.01669	0.01441	0.01517	0.01365	0.01745	0.01669	0.01062	0.03565	0.71021	0.02807	0.02731	0.02503	0.02048	0.00910	0.00683	0.00228	0.00531	0.00759	0.00683	0.01062
17	0.02551	0.01879	0.02014	0.01544	0.02081	0.02081	0.01275	0.69996	0.03155	0.04229	0.01611	0.01611	0.01141	0.00805	0.00671	0.00201	0.00738	0.00604	0.00671	0.01141
18	0.77688	0.01323	0.01032	0.00912	0.01332	0.01531	0.00751	0.04975	0.01231	0.03064	0.00964	0.01113	0.00745	0.00631	0.00427	0.00207	0.00529	0.00374	0.00427	0.00745
19	0.02365	0.01773	0.01901	0.01498	0.01996	0.01971	0.01223	0.57916	0.13208	0.03937	0.01844	0.04092	0.01380	0.00862	0.00679	0.00208	0.00696	0.00668	0.00671	0.01110
20	0.00892	0.00639	0.00839	0.00973	0.01036	0.00611	0.00673	0.03312	0.01364	0.01816	0.03618	0.69354	0.04291	0.02043	0.00854	0.00272	0.00415	0.05803	0.00624	0.00570
21	0.70203	0.01310	0.01053	0.00924	0.01335	0.01506	0.00759	0.07671	0.01326	0.03085	0.01059	0.01211	0.00816	0.00647	0.00440	0.00204	0.00526	0.00398	0.04772	0.00756
22	0.00951	0.00649	0.00731	0.00740	0.00761	0.00637	0.00428	0.00972	0.01040	0.01368	0.02592	0.09021	0.08189	0.65740	0.03044	0.00593	0.00609	0.01069	0.00438	0.00428
23	0.01267	0.01193	0.02013	0.74806	0.04621	0.01491	0.01863	0.01714	0.01342	0.01714	0.01193	0.01789	0.00894	0.00671	0.00671	0.00224	0.00894	0.00596	0.00298	0.00745
24	0.00805	0.00680	0.00697	0.00693	0.00914	0.00572	0.00519	0.00987	0.01558	0.01881	0.11851	0.06345	0.66864	0.01674	0.00793	0.00225	0.00338	0.01400	0.00632	0.00572
25	0.01251	0.00625	0.00625	0.00625	0.00782	0.00625	0.00469	0.01563	0.01407	0.02502	0.02189	0.02502	0.01720	0.00782	0.00469	0.00156	0.00313	0.00625	0.80144	0.00625
26	0.81159	0.01298	0.00986	0.00882	0.01298	0.01505	0.00727	0.01972	0.01142	0.03010	0.00934	0.01090	0.00727	0.00623	0.00415	0.00208	0.00519	0.00363	0.00415	0.00727
27	0.01048	0.00754	0.01040	0.01187	0.01337	0.00746	0.01021	0.01337	0.01526	0.01978	0.03722	0.12342	0.07250	0.01864	0.00915	0.00302	0.00588	0.59814	0.00618	0.00610
28	0.01682	0.01698	0.02497	0.07730	0.51363	0.08998	0.04071	0.02096	0.03747	0.02091	0.01485	0.01832	0.03785	0.00683	0.00721	0.00204	0.03362	0.00623	0.00353	0.00979
29	0.00838	0.00676	0.00752	0.00788	0.00974	0.00590	0.00596	0.01025	0.01521	0.01880	0.10539	0.16723	0.50186	0.01752	0.00816	0.00241	0.00375	0.08523	0.00631	0.00573
30	0.01544	0.04805	0.12890	0.07361	0.06517	0.01646	0.43617	0.04620	0.01579	0.02169	0.01414	0.04272	0.01121	0.00651	0.00733	0.00219	0.01005	0.00740	0.02194	0.00902
31	0.01751	0.01592	0.04706	0.16545	0.30066	0.03772	0.10547	0.05604	0.01597	0.09505	0.01413	0.01764	0.01088	0.00797	0.02801	0.00237	0.04240	0.00626	0.00394	0.00956
32	0.02427	0.03039	0.01920	0.01819	0.05228	0.66924	0.01319	0.02695	0.05282	0.01724	0.01131	0.01294	0.00931	0.00698	0.00612	0.00177	0.01158	0.00456	0.00362	0.00805
33	0.01989	0.06876	0.09267	0.04755	0.15556	0.04523	0.01496	0.24904	0.06588	0.06185	0.01485	0.01623	0.01122	0.00715	0.00677	0.00194	0.02867	0.00563	0.00488	0.08127
34	0.01517	0.01305	0.01695	0.10715	0.07645	0.08769	0.07863	0.07935	0.01638	0.06252	0.05288	0.23156	0.02396	0.03155	0.03110	0.00265	0.00738	0.02816	0.02975	0.00768
35	0.01343	0.01050	0.01175	0.01074	0.01343	0.01117	0.00827	0.06871	0.25039	0.04487	0.17340	0.10103	0.18098	0.01271	0.00785	0.00226	0.02883	0.01068	0.03091	0.00808

[dist]
# distance from previous block
# <min> <max>
9	17

[block]
# block no. 5 follows, 32 sequences, length 92
# corresponding to MSA columns:
# 304-395
name=unknown_F
#
# <colnr> <probs for GDERKNQSTAVLIFYWHMCP>
#	G	D	E	R	K	N	Q	S	T	A	V	L	I	F	Y	W	H	M	C	P
0	0.03847	0.27058	0.16892	0.01542	0.05298	0.04262	0.03949	0.07758	0.05634	0.09974	0.01632	0.01706	0.04132	0.00706	0.00581	0.00185	0.00756	0.00541	0.00427	0.03119
1	0.08019	0.38214	0.15164	0.01495	0.04682	0.10581	0.03161	0.05556	0.01510	0.01959	0.01089	0.01328	0.00926	0.03048	0.00613	0.00188	0.00821	0.00445	0.00330	0.00872
2	0.13512	0.32556	0.12663	0.01358	0.01930	0.04296	0.05300	0.03606	0.10093	0.04490	0.01476	0.01569	0.03222	0.00683	0.00540	0.00185	0.00728	0.00505	0.00396	0.00891
3	0.24371	0.33119	0.14378	0.01272	0.01849	0.08881	0.01273	0.04601	0.01427	0.02183	0.01014	0.01171	0.00832	0.00618	0.00487	0.00178	0.00755	0.00399	0.00343	0.00848
4	0.01029	0.00830	0.01142	0.01125	0.01248	0.03322	0.00877	0.01263	0.01104	0.01563	0.01738	0.02545	0.01621	0.04744	0.68662	0.01019	0.04497	0.00704	0.00357	0.00610
5	0.00945	0.00716	0.00818	0.00783	0.00981	0.00644	0.00582	0.01224	0.03973	0.03745	0.32538	0.05528	0.37499	0.05931	0.00941	0.00245	0.00360	0.01270	0.00664	0.00613
6	0.03552	0.00798	0.00941	0.00898	0.01021	0.00802	0.00601	0.03181	0.05341	0.10392	0.02424	0.15826	0.02546	0.43353	0.05036	0.00500	0.00632	0.01046	0.00517	0.00594
7	0.00875	0.00668	0.00803	0.00800	0.00964	0.00597	0.00588	0.01110	0.01677	0.02236	0.38825	0.16174	0.29056	0.01596	0.00802	0.00226	0.00336	0.01389	0.00681	0.00597
8	0.02467	0.03123	0.01940	0.01840	0.05335	0.70373	0.01332	0.02651	0.01884	0.01668	0.01048	0.01231	0.00874	0.00687	0.00608	0.00174	0.01191	0.00440	0.00345	0.00791
9	0.05355	0.01580	0.02643	0.03968	0.68937	0.01590	0.01997	0.02055	0.01510	0.02230	0.01247	0.01634	0.01047	0.00599	0.00653	0.00200	0.00784	0.00587	0.00336	0.01047
10	0.01104	0.02841	0.01150	0.04562	0.03558	0.05134	0.00839	0.01252	0.01255	0.01634	0.02576	0.29736	0.02914	0.20245	0.06516	0.00412	0.05081	0.08128	0.00482	0.00581
11	0.00960	0.00693	0.00960	0.00965	0.01045	0.00771	0.00696	0.01120	0.01052	0.01482	0.01954	0.05390	0.02000	0.27377	0.49465	0.00920	0.01395	0.00835	0.00382	0.00537
12	0.81159	0.01298	0.00986	0.00882	0.01298	0.01505	0.00727	0.01972	0.01142	0.03010	0.00934	0.01090	0.00727	0.00623	0.00415	0.00208	0.00519	0.00363	0.00415	0.00727
13	0.01311	0.01200	0.01965	0.67655	0.04329	0.01485	0.01784	0.04862	0.01413	0.01823	0.01243	0.01824	0.00946	0.00899	0.04385	0.00266	0.00933	0.00603	0.00319	0.00756
14	0.02181	0.06303	0.08394	0.01494	0.02032	0.01917	0.01310	0.39778	0.20763	0.06076	0.01869	0.01823	0.01357	0.00805	0.00657	0.00206	0.00699	0.00623	0.00622	0.01090
15	0.01109	0.00978	0.01578	0.48787	0.03336	0.01158	0.01426	0.01440	0.01322	0.01714	0.02075	0.27921	0.02143	0.01175	0.00736	0.00241	0.00717	0.01058	0.00413	0.00675
16	0.01866	0.04885	0.01739	0.01535	0.05379	0.07805	0.01151	0.08712	0.50547	0.05362	0.02342	0.02209	0.01759	0.00850	0.00663	0.00215	0.00628	0.00690	0.00624	0.01039
17	0.07664	0.12388	0.08725	0.01689	0.10710	0.08456	0.04983	0.04707	0.03955	0.08894	0.11392	0.05471	0.01953	0.00820	0.00630	0.00193	0.00705	0.00680	0.00475	0.05512
18	0.01713	0.18147	0.24117	0.01901	0.08184	0.01868	0.09452	0.15947	0.01774	0.02414	0.01392	0.05851	0.01161	0.00745	0.00668	0.00201	0.02494	0.00617	0.00394	0.00959
19	0.02231	0.19995	0.04908	0.01572	0.01998	0.48807	0.01288	0.02577	0.07387	0.01741	0.01157	0.01292	0.00959	0.00680	0.00572	0.00172	0.01033	0.00444	0.00357	0.00828
20	0.00884	0.00686	0.00806	0.00785	0.00974	0.00608	0.00595	0.01134	0.01719	0.02268	0.39849	0.05763	0.35888	0.01538	0.00797	0.00222	0.00339	0.03861	0.00682	0.00602
21	0.03307	0.04321	0.08207	0.01771	0.13425	0.03752	0.03374	0.11058	0.07244	0.03925	0.04532	0.13399	0.10891	0.01126	0.00752	0.00224	0.02456	0.04860	0.00519	0.00856
22	0.08973	0.45639	0.18042	0.01335	0.01946	0.02172	0.03043	0.01971	0.01352	0.01854	0.01257	0.01422	0.03971	0.00667	0.00575	0.00176	0.03976	0.00455	0.00314	0.00859
23	0.11568	0.01171	0.01493	0.01166	0.01668	0.01070	0.00961	0.03138	0.04491	0.62334	0.02462	0.02161	0.01573	0.00811	0.00646	0.00208	0.00564	0.00644	0.00779	0.01093
24	0.00918	0.00652	0.00723	0.00737	0.00795	0.00621	0.00450	0.00969	0.01136	0.01460	0.03383	0.11086	0.19409	0.51935	0.02560	0.00515	0.00553	0.01163	0.00478	0.00457
25	0.01655	0.16585	0.26059	0.06470	0.21582	0.10747	0.01884	0.02118	0.01493	0.01965	0.01170	0.01440	0.00935	0.00627	0.00600	0.00190	0.00893	0.00499	0.02155	0.00937
26	0.00958	0.04013	0.00996	0.01010	0.01118	0.00741	0.00746	0.01219	0.05081	0.01880	0.08137	0.52686	0.04188	0.01881	0.00836	0.00266	0.00444	0.12578	0.00618	0.00604
27	0.00968	0.00682	0.00891	0.00891	0.00946	0.00737	0.00605	0.01078	0.01023	0.01419	0.01969	0.03586	0.02090	0.43683	0.35673	0.00847	0.01176	0.00858	0.00385	0.00495
28	0.00961	0.00644	0.00736	0.00751	0.00755	0.00640	0.00427	0.00972	0.01005	0.01340	0.02265	0.11195	0.02629	0.69356	0.03172	0.00615	0.00626	0.01064	0.00427	0.00420
29	0.18904	0.03797	0.01643	0.01330	0.01777	0.22263	0.01064	0.10926	0.04022	0.25494	0.01661	0.01621	0.01166	0.00740	0.00595	0.00196	0.00767	0.00526	0.00567	0.00941
30	0.02302	0.11166	0.02090	0.04129	0.02052	0.41856	0.01290	0.08022	0.01817	0.08172	0.01202	0.01375	0.00961	0.00758	0.00794	0.00191	0.10095	0.00484	0.00401	0.00843
31	0.01805	0.38012	0.09554	0.01389	0.01968	0.06528	0.05199	0.07079	0.07259	0.03987	0.01317	0.01525	0.01089	0.00659	0.00545	0.00169	0.00757	0.01974	0.00387	0.08801
32	0.02022	0.10467	0.04083	0.04500	0.15772	0.11310	0.04437	0.12562	0.04006	0.11089	0.01444	0.01648	0.01120	0.00897	0.03335	0.00235	0.09100	0.00573	0.00448	0.00952
33	0.00826	0.00587	0.00776	0.00924	0.00961	0.00550	0.00612	0.00936	0.01269	0.01692	0.03617	0.72319	0.04336	0.05904	0.00987	0.00292	0.00403	0.01860	0.00612	0.00538
34	0.02423	0.01919	0.01937	0.01516	0.02030	0.07826	0.01236	0.56273	0.07392	0.03809	0.01614	0.01624	0.01169	0.00785	0.00657	0.00195	0.00749	0.00588	0.00630	0.05627
35	0.01742	0.13955	0.14806	0.01697	0.09082	0.01605	0.05685	0.10973	0.07776	0.08292	0.03892	0.04247	0.03369	0.00779	0.00627	0.00194	0.00708	0.00648	0.05175	0.04747
36	0.01616	0.07886	0.27380	0.03845	0.11010	0.01626	0.06433	0.05273	0.04358	0.07071	0.01434	0.04153	0.01144	0.00757	0.00812	0.00212	0.08868	0.00603	0.00385	0.05134
37	0.01385	0.01388	0.02147	0.60883	0.04221	0.06473	0.06703	0.01807	0.01381	0.01736	0.01178	0.01734	0.00901	0.00690	0.00753	0.00224	0.04734	0.00599	0.00304	0.00759
38	0.01253	0.01208	0.02034	0.32301	0.13617	0.01306	0.10738	0.01629	0.01453	0.01891	0.04362	0.02975	0.18288	0.00928	0.00766	0.00223	0.03024	0.00837	0.00399	0.00769
39	0.04007	0.03753	0.06200	0.06836	0.12158	0.07449	0.06854	0.09024	0.01670	0.12250	0.05681	0.03867	0.01540	0.04380	0.01017	0.02267	0.09023	0.00677	0.00465	0.00880
40	0.01526	0.04029	0.09271	0.02239	0.11536	0.01527	0.26381	0.08030	0.05520	0.02308	0.05411	0.05564	0.04276	0.01021	0.03935	0.00259	0.02818	0.03025	0.00433	0.00892
41	0.00816	0.00588	0.00774	0.00923	0.00970	0.00546	0.00618	0.00936	0.01295	0.01717	0.03834	0.72930	0.07401	0.02084	0.00854	0.00270	0.00387	0.01886	0.00623	0.00546
42	0.01454	0.01208	0.01828	0.02479	0.36237	0.01186	0.01358	0.05181	0.01597	0.05444	0.05502	0.05416	0.18300	0.01181	0.03499	0.02515	0.00658	0.00867	0.03226	0.00865
43	0.01719	0.14951	0.10861	0.07001	0.11892	0.08647	0.03267	0.08446	0.09524	0.02181	0.03461	0.01691	0.01240	0.00858	0.02447	0.00226	0.09706	0.00572	0.00397	0.00911
44	0.01238	0.01089	0.01164	0.05295	0.01526	0.05931	0.00919	0.01907	0.19437	0.02173	0.10713	0.09468	0.20200	0.01394	0.00776	0.00241	0.00537	0.14644	0.00612	0.00734
45	0.00976	0.00651	0.00732	0.00732	0.00732	0.00651	0.00407	0.00976	0.00976	0.01301	0.02114	0.04391	0.02439	0.76419	0.03415	0.00651	0.00651	0.00976	0.00407	0.00407
46	0.03296	0.00896	0.01271	0.05604	0.04736	0.00956	0.03269	0.05076	0.01347	0.04003	0.02510	0.36864	0.02766	0.05817	0.06711	0.06333	0.06155	0.01244	0.00503	0.00641
47	0.01602	0.04555	0.06108	0.02949	0.32333	0.01593	0.21832	0.06042	0.03484	0.02282	0.03803	0.02200	0.04428	0.00724	0.00711	0.00212	0.00851	0.02939	0.00394	0.00960
48	0.01267	0.01193	0.02013	0.74806	0.04621	0.01491	0.01863	0.01714	0.01342	0.01714	0.01193	0.01789	0.00894	0.00671	0.00671	0.00224	0.00894	0.00596	0.00298	0.00745
49	0.00817	0.00587	0.00775	0.00926	0.00971	0.00546	0.00619	0.00935	0.01293	0.01716	0.03802	0.73656	0.06696	0.02089	0.00854	0.00271	0.00388	0.01891	0.00623	0.00546
50	0.01522	0.01594	0.03163	0.06515	0.03059	0.01549	0.48459	0.05008	0.05729	0.02222	0.01939	0.02657	0.04992	0.00790	0.00787	0.00233	0.00973	0.07525	0.00414	0.00869
51	0.00837	0.00602	0.00788	0.00920	0.00975	0.00561	0.00624	0.00968	0.01323	0.01760	0.07257	0.64466	0.07403	0.04896	0.00951	0.00283	0.00400	0.03817	0.00620	0.00547
52	0.00918	0.00626	0.00749	0.00805	0.00819	0.00612	0.00485	0.00961	0.01088	0.01451	0.02689	0.30388	0.03165	0.49432	0.02486	0.00513	0.00556	0.01314	0.00485	0.00457
53	0.00952	0.00704	0.01025	0.01034	0.01137	0.00802	0.00782	0.01160	0.01080	0.01541	0.01942	0.07144	0.01918	0.12168	0.62256	0.00987	0.01597	0.00815	0.00380	0.00576
54	0.02464	0.07543	0.01997	0.01694	0.02054	0.69531	0.01288	0.02640	0.01870	0.01638	0.01031	0.01202	0.00864	0.00685	0.00595	0.00171	0.01181	0.00428	0.00342	0.00783
55	0.01632	0.01404	0.01485	0.01347	0.01711	0.01620	0.01043	0.03450	0.67961	0.02759	0.02773	0.05728	0.02153	0.00963	0.00690	0.00230	0.00525	0.00809	0.00680	0.01039
56	0.00825	0.00605	0.00777	0.00911	0.00981	0.00558	0.00626	0.00958	0.01330	0.01739	0.04128	0.63308	0.13911	0.02035	0.00850	0.00268	0.00392	0.04623	0.00623	0.00551
57	0.00816	0.00589	0.00774	0.00921	0.00970	0.00546	0.00617	0.00936	0.01297	0.01718	0.03857	0.72424	0.07892	0.02082	0.00853	0.00270	0.00387	0.01882	0.00623	0.00546
58	0.01888	0.39773	0.15882	0.01615	0.06193	0.20783	0.01486	0.02207	0.01522	0.01732	0.01029	0.01208	0.00872	0.00618	0.00528	0.00167	0.00900	0.00417	0.00304	0.00876
59	0.01442	0.03172	0.60839	0.01939	0.02856	0.01601	0.07467	0.05798	0.04535	0.02268	0.01304	0.01504	0.00930	0.00653	0.00653	0.00214	0.00969	0.00535	0.00325	0.00996
60	0.01411	0.07978	0.63344	0.01819	0.02748	0.03765	0.02287	0.02115	0.01427	0.02079	0.01182	0.01388	0.00857	0.00629	0.00617	0.00202	0.00960	0.00481	0.00290	0.04420
61	0.00927	0.00685	0.00866	0.00820	0.00989	0.00623	0.00615	0.01222	0.01846	0.02564	0.62485	0.05221	0.15804	0.01419	0.00792	0.00213	0.00320	0.01243	0.00722	0.00623
62	0.01276	0.01210	0.02066	0.72824	0.04591	0.01496	0.03734	0.01726	0.01348	0.01726	0.01197	0.01789	0.00898	0.00668	0.00674	0.00224	0.00901	0.00602	0.00299	0.00750
63	0.01027	0.00734	0.01020	0.01174	0.01305	0.00726	0.00988	0.01297	0.01492	0.01948	0.03582	0.21520	0.03979	0.01904	0.00912	0.00301	0.00571	0.54297	0.00619	0.00603
64	0.00842	0.00680	0.00737	0.00729	0.00919	0.00597	0.00535	0.01022	0.01516	0.01891	0.16279	0.05868	0.52205	0.08540	0.04420	0.00302	0.00432	0.01312	0.00609	0.00564
65	0.02551	0.01879	0.02014	0.01544	0.02081	0.02081	0.01275	0.69996	0.03155	0.04229	0.01611	0.01611	0.01141	0.00805	0.00671	0.00201	0.00738	0.00604	0.00671	0.01141
66	0.02421	0.01755	0.01887	0.01473	0.01977	0.01938	0.01208	0.58160	0.09660	0.06301	0.01781	0.01761	0.01273	0.00815	0.00663	0.00202	0.00693	0.00623	0.04299	0.01110
67	0.02551	0.01879	0.02014	0.01544	0.02081	0.02081	0.01275	0.69996	0.03155	0.04229	0.01611	0.01611	0.01141	0.00805	0.00671	0.00201	0.00738	0.00604	0.00671	0.01141
68	0.00818	0.00584	0.00779	0.00934	0.00973	0.00545	0.00623	0.00934	0.01285	0.01713	0.03698	0.75981	0.04438	0.02102	0.00856	0.00273	0.00389	0.01908	0.00623	0.00545
69	0.00827	0.00588	0.00776	0.00922	0.00959	0.00551	0.00610	0.00937	0.01266	0.01689	0.03605	0.71756	0.04320	0.06488	0.01007	0.00295	0.00405	0.01853	0.00610	0.00537
70	0.00968	0.00650	0.00749	0.00756	0.00763	0.00654	0.00435	0.00984	0.00994	0.01331	0.02173	0.07577	0.02497	0.69942	0.06344	0.00652	0.00688	0.01007	0.00414	0.00421
71	0.00829	0.00681	0.00729	0.00717	0.00928	0.00582	0.00538	0.01032	0.01613	0.02012	0.21578	0.06129	0.57056	0.01625	0.00793	0.00223	0.00335	0.01370	0.00649	0.00582
72	0.00960	0.00715	0.01057	0.01057	0.01170	0.00827	0.00812	0.01185	0.01072	0.01542	0.01817	0.02743	0.01724	0.09379	0.69477	0.01052	0.01727	0.00735	0.00362	0.00587
73	0.01365	0.06646	0.69937	0.01879	0.02853	0.01606	0.02421	0.02120	0.01414	0.02101	0.01192	0.01402	0.00850	0.00635	0.00629	0.00210	0.00980	0.00490	0.00283	0.00986
74	0.63339	0.01257	0.01049	0.00922	0.01324	0.01425	0.00753	0.05008	0.03541	0.07123	0.01236	0.01357	0.00932	0.00667	0.00455	0.00203	0.00513	0.00429	0.07698	0.00771
75	0.01794	0.76823	0.03516	0.01148	0.01722	0.02655	0.01148	0.02009	0.01363	0.01579	0.00933	0.01076	0.00861	0.00574	0.00431	0.00144	0.00718	0.00359	0.00287	0.00861
76	0.01868	0.01440	0.03948	0.01210	0.01765	0.01279	0.01010	0.19078	0.07649	0.10577	0.03708	0.01746	0.01347	0.00676	0.00589	0.00155	0.00579	0.00537	0.00544	0.40295
77	0.02056	0.09152	0.11464	0.02073	0.17600	0.07300	0.01537	0.18550	0.08463	0.10990	0.01646	0.01822	0.01250	0.00745	0.00645	0.00200	0.00777	0.02199	0.00502	0.01029
78	0.01347	0.01222	0.01965	0.61939	0.04115	0.01493	0.03004	0.05990	0.01458	0.01910	0.01391	0.01913	0.02734	0.00723	0.00716	0.00222	0.03145	0.00622	0.03327	0.00764
79	0.01166	0.00583	0.00874	0.00874	0.00874	0.00583	0.00583	0.00874	0.00874	0.01166	0.01166	0.02040	0.01166	0.02331	0.02622	0.80478	0.00583	0.00583	0.00291	0.00291
80	0.01733	0.59489	0.14850	0.01262	0.01892	0.02346	0.01342	0.02042	0.01398	0.04311	0.01225	0.01346	0.03116	0.00629	0.00485	0.00160	0.00746	0.00426	0.00317	0.00884
