[name]
unknown

[dist]
# distance from previous block
# <min> <max>
0	13

[block]
# block no. 0 follows, 34 sequences, length 37
# corresponding to MSA columns:
# 13-49
name=unknown_A
#
# <colnr> <probs for GDERKNQSTAVLIFYWHMCP>
#	G	D	E	R	K	N	Q	S	T	A	V	L	I	F	Y	W	H	M	C	P
0	0.01041	0.00744	0.01041	0.01190	0.01339	0.00744	0.01041	0.01339	0.01487	0.01934	0.03421	0.07288	0.03719	0.01785	0.00892	0.00297	0.00595	0.68913	0.00595	0.00595
1	0.02414	0.03079	0.01831	0.01665	0.01998	0.74698	0.01248	0.02580	0.01831	0.01581	0.00999	0.01165	0.00832	0.00666	0.00583	0.00166	0.01165	0.00416	0.00333	0.00749
2	0.81856	0.01250	0.00950	0.00850	0.01250	0.01449	0.00700	0.01899	0.01100	0.02899	0.00900	0.01050	0.00700	0.00600	0.00400	0.00200	0.00500	0.00350	0.00400	0.00700
3	0.00764	0.00655	0.00655	0.00655	0.00873	0.00545	0.00491	0.00927	0.01473	0.01745	0.06546	0.06218	0.73000	0.01636	0.00764	0.00218	0.00327	0.01364	0.00600	0.00545
4	0.00924	0.00629	0.00700	0.00700	0.00719	0.00619	0.00400	0.00939	0.00986	0.01295	0.02426	0.04400	0.08457	0.70751	0.03070	0.00591	0.00601	0.00976	0.00410	0.00405
5	0.02899	0.01100	0.01499	0.01150	0.01649	0.00950	0.00950	0.03149	0.01849	0.73709	0.02549	0.02199	0.01599	0.00800	0.00650	0.00200	0.00550	0.00650	0.00800	0.01100
6	0.00764	0.00655	0.00655	0.00655	0.00873	0.00545	0.00491	0.00927	0.01473	0.01745	0.06546	0.06218	0.73000	0.01636	0.00764	0.00218	0.00327	0.01364	0.00600	0.00545
7	0.01340	0.10932	0.66740	0.01766	0.02680	0.01608	0.02256	0.02035	0.01359	0.01993	0.01133	0.01331	0.00820	0.00608	0.00594	0.00198	0.00928	0.00464	0.00273	0.00942
8	0.01599	0.01535	0.02623	0.03966	0.73262	0.01535	0.01983	0.01983	0.01471	0.02111	0.01215	0.01599	0.01023	0.00576	0.00640	0.00192	0.00768	0.00576	0.00320	0.01023
9	0.01340	0.01148	0.01340	0.00957	0.01531	0.00861	0.00766	0.01627	0.01340	0.02105	0.01148	0.01340	0.00957	0.00479	0.00479	0.00096	0.00479	0.00383	0.00383	0.81242
10	0.04877	0.01687	0.01821	0.01420	0.01916	0.01854	0.01166	0.56039	0.10058	0.09914	0.01729	0.01681	0.01221	0.00783	0.00640	0.00197	0.00670	0.00596	0.00653	0.01079
11	0.81856	0.01250	0.00950	0.00850	0.01250	0.01449	0.00700	0.01899	0.01100	0.02899	0.00900	0.01050	0.00700	0.00600	0.00400	0.00200	0.00500	0.00350	0.00400	0.00700
12	0.00781	0.00655	0.00678	0.00673	0.00883	0.00553	0.00505	0.00961	0.01514	0.01842	0.14144	0.06059	0.65340	0.01600	0.00763	0.00216	0.00325	0.01341	0.00613	0.00553
13	0.02053	0.01610	0.01712	0.01405	0.01850	0.01816	0.01131	0.38994	0.35808	0.03422	0.02063	0.01959	0.01513	0.00824	0.00652	0.00206	0.00616	0.00652	0.00652	0.01063
14	0.02456	0.01810	0.01939	0.01487	0.02004	0.02004	0.01228	0.71107	0.03038	0.04072	0.01551	0.01551	0.01099	0.00776	0.00646	0.00194	0.00711	0.00582	0.00646	0.01099
15	0.02419	0.02909	0.01846	0.01641	0.01998	0.64916	0.01246	0.11801	0.01993	0.01917	0.01073	0.01217	0.00868	0.00681	0.00591	0.00170	0.01104	0.00438	0.00375	0.00796
16	0.01631	0.01810	0.03369	0.02636	0.09155	0.07270	0.52518	0.04880	0.01573	0.02086	0.01257	0.01658	0.00969	0.00602	0.00816	0.00215	0.05642	0.00700	0.00337	0.00874
17	0.00940	0.00626	0.00705	0.00705	0.00705	0.00626	0.00392	0.00940	0.00940	0.01253	0.02036	0.04228	0.02349	0.77292	0.03289	0.00626	0.00626	0.00940	0.00392	0.00392
18	0.00925	0.00661	0.00908	0.01057	0.01155	0.00643	0.00839	0.01137	0.01373	0.01803	0.03485	0.39186	0.03973	0.01895	0.00861	0.00281	0.00494	0.38164	0.00597	0.00563
19	0.01081	0.01137	0.07891	0.01500	0.01796	0.00937	0.17577	0.01406	0.01390	0.01868	0.02777	0.31933	0.03029	0.01480	0.00812	0.00257	0.00660	0.21297	0.00505	0.00665
20	0.01534	0.01513	0.02709	0.13906	0.52814	0.01536	0.12544	0.01949	0.01454	0.02040	0.01220	0.01639	0.00994	0.00581	0.00659	0.00199	0.00830	0.00604	0.00316	0.00957
21	0.00808	0.00586	0.00764	0.00868	0.00938	0.00541	0.00594	0.00958	0.01357	0.01822	0.16004	0.59527	0.09092	0.01875	0.00810	0.00249	0.00359	0.01688	0.00619	0.00541
22	0.01514	0.01650	0.03412	0.09286	0.17504	0.01597	0.51096	0.02016	0.01494	0.02042	0.01275	0.01712	0.00979	0.00560	0.00728	0.00212	0.01005	0.00709	0.00322	0.00889
23	0.01761	0.01994	0.02086	0.06152	0.06484	0.26633	0.05968	0.01969	0.01358	0.01638	0.00969	0.01380	0.00863	0.00872	0.01332	0.00229	0.36724	0.00529	0.00305	0.00752
24	0.01743	0.00836	0.01097	0.00955	0.01248	0.00736	0.00742	0.01974	0.01696	0.33445	0.22416	0.15663	0.12243	0.01248	0.00723	0.00213	0.00426	0.01076	0.00718	0.00802
25	0.00841	0.00573	0.00750	0.00862	0.00891	0.00545	0.00562	0.00901	0.01154	0.01538	0.03098	0.58390	0.03683	0.14481	0.01379	0.07320	0.00433	0.01578	0.00538	0.00482
26	0.01796	0.01674	0.01500	0.01379	0.01708	0.18726	0.01095	0.08617	0.31599	0.04986	0.02319	0.03093	0.01993	0.01012	0.00690	0.00221	0.00703	0.15443	0.00571	0.00874
27	0.06957	0.04235	0.02100	0.02333	0.25381	0.31179	0.01456	0.12047	0.01795	0.02188	0.01134	0.01362	0.00926	0.00662	0.00651	0.00184	0.03657	0.00492	0.00374	0.00887
28	0.02456	0.01810	0.01939	0.01487	0.02004	0.02004	0.01228	0.71107	0.03038	0.04072	0.01551	0.01551	0.01099	0.00776	0.00646	0.00194	0.00711	0.00582	0.00646	0.01099
29	0.01719	0.04111	0.02888	0.04039	0.08800	0.01662	0.35505	0.11141	0.06274	0.06642	0.01492	0.01869	0.01154	0.00698	0.00826	0.00216	0.07188	0.02444	0.00419	0.00912
30	0.00878	0.00659	0.00813	0.00774	0.00943	0.00594	0.00581	0.01148	0.01742	0.02386	0.56788	0.05165	0.22358	0.01398	0.00762	0.00207	0.00310	0.01216	0.00684	0.00594
31	0.00940	0.00626	0.00705	0.00705	0.00705	0.00626	0.00392	0.00940	0.00940	0.01253	0.02036	0.04228	0.02349	0.77292	0.03289	0.00626	0.00626	0.00940	0.00392	0.00392
32	0.02347	0.01802	0.02159	0.01632	0.02165	0.01960	0.09414	0.62997	0.02860	0.03837	0.01523	0.01574	0.01085	0.00749	0.00660	0.00197	0.00755	0.00603	0.00609	0.01072
33	0.01659	0.08165	0.02611	0.06047	0.59393	0.03897	0.01845	0.04970	0.01530	0.02112	0.01193	0.01539	0.00998	0.00588	0.00619	0.00187	0.00774	0.00551	0.00329	0.00991
34	0.01423	0.16791	0.56650	0.01717	0.02575	0.01715	0.03873	0.04553	0.01420	0.02025	0.01130	0.01321	0.00835	0.00607	0.00583	0.00192	0.00901	0.00465	0.00289	0.00935
35	0.00769	0.00652	0.00664	0.00667	0.00878	0.00547	0.00498	0.00935	0.01476	0.01768	0.08452	0.08365	0.68856	0.01639	0.00765	0.00219	0.00328	0.01372	0.00603	0.00547
36	0.01903	0.01615	0.05664	0.02291	0.05029	0.01435	0.46787	0.02367	0.01608	0.22064	0.01646	0.01852	0.01149	0.00619	0.00722	0.00212	0.00924	0.00715	0.00457	0.00943

[dist]
# distance from previous block
# <min> <max>
0	4

[block]
# block no. 1 follows, 34 sequences, length 169
# corresponding to MSA columns:
# 54-222
name=unknown_B
#
# <colnr> <probs for GDERKNQSTAVLIFYWHMCP>
#	G	D	E	R	K	N	Q	S	T	A	V	L	I	F	Y	W	H	M	C	P
0	0.01276	0.05807	0.66586	0.01737	0.02629	0.01475	0.02216	0.01968	0.01370	0.02008	0.01507	0.01674	0.05595	0.00679	0.00617	0.00203	0.00904	0.00531	0.00295	0.00923
1	0.01245	0.01174	0.01983	0.70990	0.09004	0.01442	0.01807	0.01673	0.01304	0.01681	0.01153	0.01714	0.00872	0.00641	0.00646	0.00214	0.00855	0.00574	0.00289	0.00738
2	0.01496	0.01012	0.01401	0.04667	0.11156	0.01012	0.01133	0.09111	0.01676	0.12200	0.02968	0.09481	0.08277	0.01333	0.00773	0.00246	0.00599	0.30105	0.00580	0.00774
3	0.01521	0.01585	0.04627	0.10916	0.15147	0.01507	0.42727	0.02003	0.01497	0.04844	0.01457	0.02086	0.01173	0.00653	0.00729	0.00217	0.00953	0.05127	0.00356	0.00873
4	0.01492	0.01975	0.13988	0.02595	0.03293	0.01615	0.60972	0.02066	0.01502	0.02066	0.01286	0.01688	0.00957	0.00555	0.00741	0.00216	0.01070	0.00721	0.00319	0.00884
5	0.00925	0.00684	0.00996	0.00996	0.01097	0.00785	0.00755	0.01127	0.01026	0.01469	0.01769	0.02752	0.01708	0.14011	0.65693	0.00986	0.01591	0.00724	0.00352	0.00553
6	0.01608	0.02010	0.20261	0.06213	0.09560	0.01509	0.36975	0.02150	0.01504	0.09728	0.01388	0.01686	0.01006	0.00597	0.00697	0.00210	0.00958	0.00655	0.00362	0.00922
7	0.01550	0.01820	0.16273	0.15540	0.31734	0.01489	0.13249	0.02029	0.01454	0.06750	0.01296	0.01639	0.00987	0.00605	0.00657	0.00203	0.00858	0.00592	0.00338	0.00938
8	0.01403	0.02595	0.41169	0.02254	0.03068	0.01563	0.34413	0.02057	0.01439	0.02057	0.01229	0.01541	0.00894	0.00582	0.00683	0.00211	0.01018	0.00611	0.00298	0.00916
9	0.01607	0.01388	0.01461	0.01315	0.01680	0.01607	0.01023	0.03433	0.72094	0.02703	0.02630	0.02411	0.01972	0.00877	0.00657	0.00219	0.00511	0.00731	0.00657	0.01023
10	0.81856	0.01250	0.00950	0.00850	0.01250	0.01449	0.00700	0.01899	0.01100	0.02899	0.00900	0.01050	0.00700	0.00600	0.00400	0.00200	0.00500	0.00350	0.00400	0.00700
11	0.01550	0.01485	0.02534	0.13230	0.64380	0.01522	0.01959	0.01940	0.01448	0.02052	0.01207	0.01615	0.01003	0.00585	0.00640	0.00195	0.00780	0.00576	0.00316	0.00984
12	0.01558	0.01369	0.02229	0.03189	0.54514	0.01365	0.01665	0.02001	0.05383	0.05791	0.12551	0.02177	0.01896	0.00720	0.00660	0.00196	0.00671	0.00680	0.00423	0.00963
13	0.02033	0.01114	0.01400	0.01040	0.01571	0.00895	0.00845	0.02304	0.01582	0.34435	0.03542	0.01813	0.01373	0.00644	0.00563	0.00145	0.00506	0.00523	0.00579	0.43091
14	0.02453	0.01894	0.01932	0.01498	0.02003	0.06814	0.01229	0.66573	0.02958	0.03907	0.01515	0.01526	0.01081	0.00768	0.00642	0.00192	0.00741	0.00571	0.00626	0.01076
15	0.01563	0.01499	0.02558	0.10731	0.66776	0.01526	0.01965	0.01952	0.01454	0.02068	0.01209	0.01611	0.01008	0.00582	0.00640	0.00194	0.00776	0.00576	0.00317	0.00995
16	0.01240	0.01175	0.01942	0.68280	0.04173	0.01490	0.01756	0.01641	0.01262	0.01641	0.01118	0.01692	0.00860	0.00695	0.00795	0.00222	0.08442	0.00573	0.00287	0.00717
17	0.01599	0.01535	0.02623	0.03966	0.73262	0.01535	0.01983	0.01983	0.01471	0.02111	0.01215	0.01599	0.01023	0.00576	0.00640	0.00192	0.00768	0.00576	0.00320	0.01023
18	0.00804	0.00574	0.00769	0.00919	0.00964	0.00539	0.00629	0.00929	0.01254	0.01668	0.03552	0.72266	0.04237	0.02008	0.00829	0.00265	0.00389	0.06275	0.00599	0.00529
19	0.01220	0.01148	0.01938	0.75739	0.04450	0.01436	0.01794	0.01651	0.01292	0.01651	0.01148	0.01723	0.00861	0.00646	0.00646	0.00215	0.00861	0.00574	0.00287	0.00718
20	0.01608	0.01563	0.02577	0.06471	0.68883	0.03500	0.01956	0.01987	0.01475	0.02080	0.01207	0.01592	0.01013	0.00581	0.00638	0.00192	0.00782	0.00571	0.00319	0.01005
21	0.00914	0.00660	0.00864	0.00813	0.00965	0.00610	0.00610	0.01219	0.01829	0.02591	0.72921	0.04827	0.06097	0.01321	0.00762	0.00203	0.00305	0.01169	0.00711	0.00610
22	0.02442	0.01701	0.01863	0.01443	0.01944	0.01856	0.01195	0.62004	0.02866	0.10498	0.01718	0.01838	0.01249	0.00818	0.00656	0.00199	0.00691	0.03281	0.00659	0.01079
23	0.01592	0.06617	0.02921	0.03518	0.53990	0.01623	0.16260	0.01998	0.01472	0.02063	0.01213	0.01592	0.01002	0.00568	0.00650	0.00194	0.00829	0.00599	0.00318	0.00979
24	0.00873	0.00659	0.00806	0.00769	0.00940	0.00592	0.00577	0.01139	0.01731	0.02359	0.54725	0.05208	0.24437	0.01407	0.00763	0.00207	0.00311	0.01222	0.00681	0.00592
25	0.01599	0.01535	0.02623	0.03966	0.73262	0.01535	0.01983	0.01983	0.01471	0.02111	0.01215	0.01599	0.01023	0.00576	0.00640	0.00192	0.00768	0.00576	0.00320	0.01023
26	0.01024	0.00732	0.01022	0.01171	0.01312	0.00729	0.01012	0.01310	0.01471	0.01915	0.03430	0.11893	0.03755	0.01801	0.00888	0.00295	0.00580	0.64474	0.00595	0.00590
27	0.81856	0.01250	0.00950	0.00850	0.01250	0.01449	0.00700	0.01899	0.01100	0.02899	0.00900	0.01050	0.00700	0.00600	0.00400	0.00200	0.00500	0.00350	0.00400	0.00700
28	0.01414	0.01414	0.01979	0.01696	0.01696	0.01979	0.01414	0.01555	0.00990	0.01555	0.00848	0.01414	0.00848	0.01131	0.02120	0.00283	0.76110	0.00565	0.00283	0.00707
29	0.81856	0.01250	0.00950	0.00850	0.01250	0.01449	0.00700	0.01899	0.01100	0.02899	0.00900	0.01050	0.00700	0.00600	0.00400	0.00200	0.00500	0.00350	0.00400	0.00700
30	0.81856	0.01250	0.00950	0.00850	0.01250	0.01449	0.00700	0.01899	0.01100	0.02899	0.00900	0.01050	0.00700	0.00600	0.00400	0.00200	0.00500	0.00350	0.00400	0.00700
31	0.01607	0.01388	0.01461	0.01315	0.01680	0.01607	0.01023	0.03433	0.72094	0.02703	0.02630	0.02411	0.01972	0.00877	0.00657	0.00219	0.00511	0.00731	0.00657	0.01023
32	0.00787	0.00562	0.00750	0.00900	0.00937	0.00525	0.00600	0.00900	0.01237	0.01649	0.03561	0.76871	0.04274	0.02024	0.00825	0.00262	0.00375	0.01837	0.00600	0.00525
33	0.01727	0.77681	0.03386	0.01106	0.01658	0.02557	0.01106	0.01935	0.01313	0.01520	0.00898	0.01036	0.00829	0.00553	0.00415	0.00138	0.00691	0.00345	0.00276	0.00829
34	0.01340	0.01148	0.01340	0.00957	0.01531	0.00861	0.00766	0.01627	0.01340	0.02105	0.01148	0.01340	0.00957	0.00479	0.00479	0.00096	0.00479	0.00383	0.00383	0.81242
35	0.00796	0.00569	0.00760	0.00910	0.00952	0.00533	0.00616	0.00915	0.01246	0.01660	0.03556	0.74382	0.04254	0.02016	0.00827	0.00264	0.00383	0.04236	0.00600	0.00527
36	0.02899	0.01100	0.01499	0.01150	0.01649	0.00950	0.00950	0.03149	0.01849	0.73709	0.02549	0.02199	0.01599	0.00800	0.00650	0.00200	0.00550	0.00650	0.00800	0.01100
37	0.02456	0.01810	0.01939	0.01487	0.02004	0.02004	0.01228	0.71107	0.03038	0.04072	0.01551	0.01551	0.01099	0.00776	0.00646	0.00194	0.00711	0.00582	0.00646	0.01099
38	0.81856	0.01250	0.00950	0.00850	0.01250	0.01449	0.00700	0.01899	0.01100	0.02899	0.00900	0.01050	0.00700	0.00600	0.00400	0.00200	0.00500	0.00350	0.00400	0.00700
39	0.00914	0.00660	0.00864	0.00813	0.00965	0.00610	0.00610	0.01219	0.01829	0.02591	0.72921	0.04827	0.06097	0.01321	0.00762	0.00203	0.00305	0.01169	0.00711	0.00610
40	0.00840	0.00600	0.00810	0.00960	0.01021	0.00570	0.00692	0.00991	0.01289	0.01709	0.03532	0.62400	0.04158	0.01975	0.00839	0.00270	0.00421	0.15786	0.00599	0.00539
41	0.00890	0.00660	0.00830	0.00787	0.00950	0.00599	0.00590	0.01172	0.01771	0.02454	0.62196	0.05051	0.16907	0.01372	0.00762	0.00206	0.00308	0.01200	0.00693	0.00599
42	0.00801	0.00652	0.00709	0.00703	0.00898	0.00560	0.00524	0.00997	0.01549	0.01947	0.22539	0.08857	0.53857	0.01576	0.00766	0.00216	0.00324	0.01336	0.00627	0.00560
43	0.81856	0.01250	0.00950	0.00850	0.01250	0.01449	0.00700	0.01899	0.01100	0.02899	0.00900	0.01050	0.00700	0.00600	0.00400	0.00200	0.00500	0.00350	0.00400	0.00700
44	0.00813	0.00657	0.00723	0.00707	0.00903	0.00567	0.00530	0.01023	0.01590	0.02024	0.28405	0.05760	0.50967	0.01533	0.00763	0.00213	0.00320	0.01299	0.00637	0.00567
45	0.81856	0.01250	0.00950	0.00850	0.01250	0.01449	0.00700	0.01899	0.01100	0.02899	0.00900	0.01050	0.00700	0.00600	0.00400	0.00200	0.00500	0.00350	0.00400	0.00700
46	0.02023	0.01650	0.01732	0.01567	0.06550	0.06919	0.01170	0.26744	0.34975	0.06571	0.02042	0.01960	0.01507	0.00803	0.00647	0.00204	0.00646	0.00642	0.00615	0.01033
47	0.81856	0.01250	0.00950	0.00850	0.01250	0.01449	0.00700	0.01899	0.01100	0.02899	0.00900	0.01050	0.00700	0.00600	0.00400	0.00200	0.00500	0.00350	0.00400	0.00700
48	0.01607	0.01388	0.01461	0.01315	0.01680	0.01607	0.01023	0.03433	0.72094	0.02703	0.02630	0.02411	0.01972	0.00877	0.00657	0.00219	0.00511	0.00731	0.00657	0.01023
49	0.01599	0.01535	0.02623	0.03966	0.73262	0.01535	0.01983	0.01983	0.01471	0.02111	0.01215	0.01599	0.01023	0.00576	0.00640	0.00192	0.00768	0.00576	0.00320	0.01023
50	0.01578	0.01556	0.02785	0.05676	0.60872	0.01548	0.12403	0.01987	0.01475	0.02093	0.01227	0.01624	0.01013	0.00573	0.00658	0.00196	0.00819	0.00604	0.00320	0.00992
51	0.00787	0.00562	0.00750	0.00900	0.00937	0.00525	0.00600	0.00900	0.01237	0.01649	0.03561	0.76871	0.04274	0.02024	0.00825	0.00262	0.00375	0.01837	0.00600	0.00525
52	0.06779	0.01461	0.01676	0.01287	0.01795	0.01490	0.01061	0.36481	0.02362	0.30876	0.01877	0.01762	0.01262	0.00756	0.00623	0.00190	0.00622	0.00583	0.00675	0.06381
53	0.01784	0.04911	0.30651	0.01923	0.02569	0.29876	0.15117	0.02254	0.01574	0.01857	0.01119	0.01351	0.00855	0.00619	0.00625	0.00191	0.01055	0.00505	0.00307	0.00856
54	0.00923	0.00692	0.01038	0.01038	0.01154	0.00808	0.00808	0.01154	0.01038	0.01500	0.01731	0.02538	0.01615	0.04846	0.74732	0.01038	0.01731	0.00692	0.00346	0.00577
55	0.00787	0.00562	0.00750	0.00900	0.00937	0.00525	0.00600	0.00900	0.01237	0.01649	0.03561	0.76871	0.04274	0.02024	0.00825	0.00262	0.00375	0.01837	0.00600	0.00525
56	0.13065	0.01755	0.01819	0.01429	0.01916	0.04758	0.02968	0.52803	0.07259	0.03673	0.01507	0.01530	0.01089	0.00748	0.00614	0.00196	0.00697	0.00559	0.00593	0.01020
57	0.73338	0.01446	0.01044	0.00937	0.01330	0.09304	0.00759	0.01972	0.01178	0.02758	0.00910	0.01062	0.00714	0.00607	0.00419	0.00196	0.00571	0.00357	0.00393	0.00705
58	0.01634	0.01254	0.01338	0.01199	0.01542	0.01416	0.00934	0.03132	0.57073	0.07358	0.02548	0.02396	0.01901	0.00853	0.00627	0.00208	0.00483	0.00706	0.12430	0.00966
59	0.01027	0.00786	0.00957	0.00892	0.01085	0.00780	0.00676	0.01589	0.13996	0.02569	0.57510	0.04475	0.08629	0.01259	0.00744	0.00207	0.00342	0.01102	0.00697	0.00678
60	0.01599	0.01535	0.02623	0.03966	0.73262	0.01535	0.01983	0.01983	0.01471	0.02111	0.01215	0.01599	0.01023	0.00576	0.00640	0.00192	0.00768	0.00576	0.00320	0.01023
61	0.00990	0.01072	0.11397	0.00984	0.01261	0.00772	0.00889	0.01403	0.03996	0.02465	0.55694	0.04381	0.07505	0.01231	0.00742	0.00208	0.00415	0.03286	0.00639	0.00670
62	0.00923	0.00692	0.01038	0.01038	0.01154	0.00808	0.00808	0.01154	0.01038	0.01500	0.01731	0.02538	0.01615	0.04846	0.74732	0.01038	0.01731	0.00692	0.00346	0.00577
63	0.01296	0.03342	0.73944	0.01842	0.02797	0.01501	0.02387	0.02046	0.01364	0.02046	0.01160	0.01364	0.00818	0.00614	0.00614	0.00205	0.00955	0.00477	0.00273	0.00955
64	0.02212	0.01584	0.01719	0.01379	0.01840	0.01748	0.01119	0.42752	0.23260	0.10201	0.01980	0.01890	0.01420	0.00807	0.00644	0.00201	0.00625	0.00633	0.02924	0.01062
65	0.01283	0.03094	0.66298	0.01857	0.05452	0.01443	0.02254	0.01989	0.01399	0.02085	0.05910	0.01603	0.01176	0.00659	0.00625	0.00204	0.00905	0.00527	0.00304	0.00935
66	0.08124	0.01110	0.01463	0.01130	0.01623	0.00983	0.00933	0.03066	0.01800	0.69024	0.02440	0.02123	0.01540	0.00786	0.00633	0.00200	0.00547	0.00630	0.00773	0.01073
67	0.00787	0.00562	0.00750	0.00900	0.00937	0.00525	0.00600	0.00900	0.01237	0.01649	0.03561	0.76871	0.04274	0.02024	0.00825	0.00262	0.00375	0.01837	0.00600	0.00525
68	0.00940	0.00626	0.00705	0.00705	0.00705	0.00626	0.00392	0.00940	0.00940	0.01253	0.02036	0.04228	0.02349	0.77292	0.03289	0.00626	0.00626	0.00940	0.00392	0.00392
69	0.81856	0.01250	0.00950	0.00850	0.01250	0.01449	0.00700	0.01899	0.01100	0.02899	0.00900	0.01050	0.00700	0.00600	0.00400	0.00200	0.00500	0.00350	0.00400	0.00700
70	0.00943	0.00707	0.00882	0.00847	0.01010	0.00673	0.00631	0.01335	0.07149	0.02440	0.55433	0.11680	0.11059	0.01380	0.00760	0.00211	0.00329	0.01215	0.00687	0.00628
71	0.08515	0.01670	0.01804	0.01392	0.01898	0.01817	0.01150	0.56551	0.02728	0.13542	0.01639	0.01602	0.01137	0.00766	0.00628	0.00195	0.00673	0.00574	0.00649	0.01069
72	0.01607	0.01388	0.01461	0.01315	0.01680	0.01607	0.01023	0.03433	0.72094	0.02703	0.02630	0.02411	0.01972	0.00877	0.00657	0.00219	0.00511	0.00731	0.00657	0.01023
73	0.01607	0.01388	0.01461	0.01315	0.01680	0.01607	0.01023	0.03433	0.72094	0.02703	0.02630	0.02411	0.01972	0.00877	0.00657	0.00219	0.00511	0.00731	0.00657	0.01023
74	0.02456	0.01810	0.01939	0.01487	0.02004	0.02004	0.01228	0.71107	0.03038	0.04072	0.01551	0.01551	0.01099	0.00776	0.00646	0.00194	0.00711	0.00582	0.00646	0.01099
75	0.81856	0.01250	0.00950	0.00850	0.01250	0.01449	0.00700	0.01899	0.01100	0.02899	0.00900	0.01050	0.00700	0.00600	0.00400	0.00200	0.00500	0.00350	0.00400	0.00700
76	0.01727	0.77681	0.03386	0.01106	0.01658	0.02557	0.01106	0.01935	0.01313	0.01520	0.00898	0.01036	0.00829	0.00553	0.00415	0.00138	0.00691	0.00345	0.00276	0.00829
77	0.01255	0.00914	0.01107	0.00983	0.01213	0.00919	0.00771	0.16290	0.02067	0.02868	0.53023	0.04281	0.04865	0.01234	0.00746	0.00207	0.00411	0.05444	0.00690	0.00714
78	0.01296	0.03342	0.73944	0.01842	0.02797	0.01501	0.02387	0.02046	0.01364	0.02046	0.01160	0.01364	0.00818	0.00614	0.00614	0.00205	0.00955	0.00477	0.00273	0.00955
79	0.81856	0.01250	0.00950	0.00850	0.01250	0.01449	0.00700	0.01899	0.01100	0.02899	0.00900	0.01050	0.00700	0.00600	0.00400	0.00200	0.00500	0.00350	0.00400	0.00700
80	0.01468	0.32947	0.45846	0.01549	0.02343	0.01921	0.01877	0.02002	0.01344	0.01837	0.01055	0.01234	0.00823	0.00590	0.00535	0.00178	0.00850	0.00425	0.00274	0.00905
81	0.00781	0.00657	0.00679	0.00680	0.00892	0.00555	0.00514	0.00958	0.01497	0.01807	0.10849	0.06157	0.66609	0.01620	0.00767	0.00219	0.00333	0.03265	0.00607	0.00551
82	0.00784	0.00575	0.00737	0.00866	0.00928	0.00528	0.00585	0.00903	0.01269	0.01662	0.03966	0.67292	0.13590	0.01972	0.00816	0.00256	0.00368	0.01773	0.00600	0.00528
83	0.02316	0.01733	0.01891	0.01613	0.06654	0.04241	0.01234	0.51143	0.11820	0.08108	0.01715	0.01695	0.01231	0.00773	0.00645	0.00197	0.00693	0.00600	0.00626	0.01072
84	0.01324	0.02136	0.30335	0.12981	0.03028	0.01429	0.24432	0.01897	0.01423	0.01980	0.01519	0.02362	0.01280	0.00758	0.00706	0.00223	0.00935	0.10070	0.00337	0.00843
85	0.02101	0.02352	0.01734	0.01540	0.01853	0.42927	0.01188	0.08626	0.15906	0.02055	0.01402	0.01524	0.01118	0.00771	0.00763	0.00191	0.09012	0.00517	0.03594	0.00824
86	0.02516	0.01715	0.01880	0.01441	0.01956	0.01862	0.01191	0.61997	0.02879	0.13407	0.01685	0.01638	0.01166	0.00779	0.00647	0.00195	0.00689	0.00591	0.00667	0.01099
87	0.01072	0.00826	0.01000	0.00927	0.01128	0.00837	0.00704	0.01724	0.17833	0.02617	0.56911	0.04276	0.05157	0.01220	0.00738	0.00207	0.00352	0.01069	0.00699	0.00704
88	0.01815	0.10059	0.02512	0.06646	0.44678	0.05696	0.03534	0.06679	0.01605	0.08746	0.01313	0.01575	0.01040	0.00615	0.00616	0.00187	0.00771	0.00553	0.00380	0.00979
89	0.01448	0.01484	0.02140	0.01788	0.01855	0.03733	0.07645	0.01626	0.01058	0.01602	0.00893	0.01437	0.00860	0.01067	0.01961	0.00274	0.67539	0.00579	0.00288	0.00723
90	0.00786	0.00568	0.00744	0.00886	0.00933	0.00526	0.00594	0.00901	0.01251	0.01655	0.03733	0.72804	0.08229	0.02002	0.00821	0.00260	0.00372	0.01810	0.00600	0.00526
91	0.01989	0.12827	0.03956	0.01780	0.10426	0.35636	0.01290	0.02619	0.19349	0.01930	0.01425	0.01517	0.01141	0.00691	0.00586	0.00180	0.00882	0.00506	0.00403	0.00867
92	0.01024	0.00731	0.00981	0.01124	0.05069	0.00720	0.00807	0.01202	0.03224	0.01686	0.03122	0.11989	0.11674	0.13932	0.01475	0.12193	0.00548	0.27458	0.00504	0.00539
93	0.03808	0.30851	0.31674	0.01572	0.04414	0.05569	0.03502	0.04304	0.01449	0.05730	0.01139	0.01291	0.00881	0.00605	0.00540	0.00177	0.00823	0.00445	0.00324	0.00903
94	0.01679	0.44654	0.24163	0.01395	0.02040	0.06354	0.01510	0.06491	0.01463	0.01847	0.01023	0.01183	0.00844	0.00605	0.00536	0.00166	0.02459	0.00409	0.00303	0.00877
95	0.00792	0.00569	0.00752	0.00889	0.00937	0.00529	0.00597	0.00914	0.01269	0.01692	0.06566	0.71888	0.06244	0.01984	0.00820	0.00259	0.00371	0.01796	0.00604	0.00529
96	0.01589	0.01629	0.04130	0.03429	0.56757	0.06947	0.05598	0.01950	0.01472	0.02020	0.01345	0.05460	0.01204	0.02810	0.00725	0.00207	0.00795	0.00646	0.00336	0.00950
97	0.04009	0.01484	0.01560	0.01343	0.01745	0.01697	0.01063	0.19434	0.53777	0.03033	0.02327	0.02170	0.01730	0.00845	0.00648	0.00213	0.00558	0.00685	0.00648	0.01032
98	0.01022	0.00681	0.00879	0.00862	0.01027	0.00623	0.00653	0.01276	0.01668	0.07111	0.44040	0.16485	0.12832	0.01471	0.00775	0.00222	0.00358	0.06717	0.00678	0.00621
99	0.01374	0.02768	0.51775	0.02296	0.18335	0.01479	0.04662	0.02011	0.01392	0.02065	0.01177	0.01428	0.00877	0.00596	0.00618	0.00196	0.00893	0.00504	0.00291	0.05265
100	0.01521	0.12554	0.41364	0.02111	0.12768	0.01658	0.09753	0.04560	0.01469	0.04610	0.01213	0.01434	0.00905	0.00605	0.00610	0.00195	0.00885	0.00516	0.00318	0.00949
101	0.01599	0.01535	0.02623	0.03966	0.73262	0.01535	0.01983	0.01983	0.01471	0.02111	0.01215	0.01599	0.01023	0.00576	0.00640	0.00192	0.00768	0.00576	0.00320	0.01023
102	0.00923	0.00620	0.00710	0.00726	0.00730	0.00616	0.00414	0.00935	0.00972	0.01295	0.02200	0.12033	0.02556	0.69205	0.03024	0.00587	0.00599	0.01036	0.00414	0.00406
103	0.01049	0.01141	0.10976	0.04446	0.08686	0.00874	0.01045	0.01443	0.03504	0.02307	0.41730	0.11485	0.06369	0.01193	0.00729	0.00210	0.00477	0.01055	0.00578	0.00703
104	0.81856	0.01250	0.00950	0.00850	0.01250	0.01449	0.00700	0.01899	0.01100	0.02899	0.00900	0.01050	0.00700	0.00600	0.00400	0.00200	0.00500	0.00350	0.00400	0.00700
105	0.01983	0.03430	0.01970	0.01587	0.04710	0.01646	0.08862	0.31025	0.07740	0.09273	0.01718	0.04447	0.01329	0.00827	0.00800	0.00206	0.08759	0.00659	0.08082	0.00949
106	0.00787	0.00562	0.00750	0.00900	0.00937	0.00525	0.00600	0.00900	0.01237	0.01649	0.03561	0.76871	0.04274	0.02024	0.00825	0.00262	0.00375	0.01837	0.00600	0.00525
107	0.01599	0.01535	0.02623	0.03966	0.73262	0.01535	0.01983	0.01983	0.01471	0.02111	0.01215	0.01599	0.01023	0.00576	0.00640	0.00192	0.00768	0.00576	0.00320	0.01023
108	0.01525	0.01743	0.03813	0.02723	0.03377	0.01634	0.70915	0.02070	0.01525	0.02070	0.01307	0.01743	0.00980	0.00545	0.00763	0.00218	0.01089	0.00763	0.00327	0.00871
109	0.01607	0.01388	0.01461	0.01315	0.01680	0.01607	0.01023	0.03433	0.72094	0.02703	0.02630	0.02411	0.01972	0.00877	0.00657	0.00219	0.00511	0.00731	0.00657	0.01023
110	0.01340	0.01148	0.01340	0.00957	0.01531	0.00861	0.00766	0.01627	0.01340	0.02105	0.01148	0.01340	0.00957	0.00479	0.00479	0.00096	0.00479	0.00383	0.00383	0.81242
111	0.01340	0.01148	0.01340	0.00957	0.01531	0.00861	0.00766	0.01627	0.01340	0.02105	0.01148	0.01340	0.00957	0.00479	0.00479	0.00096	0.00479	0.00383	0.00383	0.81242
112	0.00764	0.00655	0.00655	0.00655	0.00873	0.00545	0.00491	0.00927	0.01473	0.01745	0.06546	0.06218	0.73000	0.01636	0.00764	0.00218	0.00327	0.01364	0.00600	0.00545
113	0.00928	0.00671	0.00931	0.00931	0.01010	0.00750	0.00674	0.01085	0.01007	0.01421	0.01829	0.03080	0.01851	0.28076	0.51823	0.00906	0.01377	0.00772	0.00361	0.00517
114	0.02880	0.01130	0.01518	0.01164	0.01664	0.00994	0.00961	0.06012	0.01899	0.70775	0.02507	0.02172	0.01578	0.00799	0.00650	0.00200	0.00557	0.00647	0.00793	0.01100
115	0.02899	0.01100	0.01499	0.01150	0.01649	0.00950	0.00950	0.03149	0.01849	0.73709	0.02549	0.02199	0.01599	0.00800	0.00650	0.00200	0.00550	0.00650	0.00800	0.01100
116	0.00787	0.00562	0.00750	0.00900	0.00937	0.00525	0.00600	0.00900	0.01237	0.01649	0.03561	0.76871	0.04274	0.02024	0.00825	0.00262	0.00375	0.01837	0.00600	0.00525
117	0.01599	0.01535	0.02623	0.03966	0.73262	0.01535	0.01983	0.01983	0.01471	0.02111	0.01215	0.01599	0.01023	0.00576	0.00640	0.00192	0.00768	0.00576	0.00320	0.01023
118	0.01014	0.00724	0.01010	0.01159	0.01296	0.00720	0.00994	0.01292	0.01461	0.01903	0.03436	0.14750	0.03778	0.01811	0.00885	0.00294	0.00571	0.61720	0.00595	0.00587
119	0.02172	0.29401	0.02380	0.01467	0.01878	0.49245	0.01198	0.02352	0.01648	0.01560	0.00963	0.01120	0.00831	0.00626	0.00523	0.00156	0.00998	0.00391	0.00313	0.00777
120	0.81856	0.01250	0.00950	0.00850	0.01250	0.01449	0.00700	0.01899	0.01100	0.02899	0.00900	0.01050	0.00700	0.00600	0.00400	0.00200	0.00500	0.00350	0.00400	0.00700
121	0.01599	0.01535	0.02623	0.03966	0.73262	0.01535	0.01983	0.01983	0.01471	0.02111	0.01215	0.01599	0.01023	0.00576	0.00640	0.00192	0.00768	0.00576	0.00320	0.01023
122	0.01387	0.01176	0.01365	0.00979	0.01551	0.00909	0.00785	0.04554	0.01411	0.02188	0.01165	0.01349	0.00963	0.00491	0.00486	0.00100	0.00488	0.00391	0.00394	0.77866
123	0.00787	0.00562	0.00750	0.00900	0.00937	0.00525	0.00600	0.00900	0.01237	0.01649	0.03561	0.76871	0.04274	0.02024	0.00825	0.00262	0.00375	0.01837	0.00600	0.00525
124	0.01260	0.01187	0.01684	0.01490	0.01526	0.01612	0.01224	0.01429	0.01005	0.01538	0.01125	0.01766	0.01089	0.02296	0.24895	0.00520	0.52781	0.00605	0.00303	0.00666
125	0.01344	0.03006	0.59183	0.02027	0.02919	0.01529	0.16811	0.02051	0.01398	0.02051	0.01191	0.01444	0.00853	0.00599	0.00645	0.00207	0.00983	0.00537	0.00284	0.00937
126	0.00923	0.00692	0.01038	0.01038	0.01154	0.00808	0.00808	0.01154	0.01038	0.01500	0.01731	0.02538	0.01615	0.04846	0.74732	0.01038	0.01731	0.00692	0.00346	0.00577
127	0.02899	0.01100	0.01499	0.01150	0.01649	0.00950	0.00950	0.03149	0.01849	0.73709	0.02549	0.02199	0.01599	0.00800	0.00650	0.00200	0.00550	0.00650	0.00800	0.01100
128	0.01220	0.01148	0.01938	0.75739	0.04450	0.01436	0.01794	0.01651	0.01292	0.01651	0.01148	0.01723	0.00861	0.00646	0.00646	0.00215	0.00861	0.00574	0.00287	0.00718
129	0.01449	0.03138	0.62260	0.01892	0.04910	0.06327	0.04036	0.02124	0.01422	0.04842	0.01209	0.01401	0.00861	0.00622	0.00618	0.00202	0.00951	0.00491	0.00300	0.00947
130	0.81856	0.01250	0.00950	0.00850	0.01250	0.01449	0.00700	0.01899	0.01100	0.02899	0.00900	0.01050	0.00700	0.00600	0.00400	0.00200	0.00500	0.00350	0.00400	0.00700
131	0.01232	0.01135	0.01761	0.02526	0.41216	0.01095	0.01334	0.01513	0.01447	0.01939	0.03255	0.11235	0.25509	0.01087	0.00701	0.00208	0.00578	0.00975	0.00444	0.00810
132	0.01395	0.01147	0.01346	0.00964	0.01535	0.00864	0.00772	0.01681	0.01358	0.04650	0.01198	0.01370	0.00980	0.00490	0.00485	0.00099	0.00481	0.00392	0.00398	0.78394
133	0.00787	0.00562	0.00750	0.00900	0.00937	0.00525	0.00600	0.00900	0.01237	0.01649	0.03561	0.76871	0.04274	0.02024	0.00825	0.00262	0.00375	0.01837	0.00600	0.00525
134	0.01340	0.01148	0.01340	0.00957	0.01531	0.00861	0.00766	0.01627	0.01340	0.02105	0.01148	0.01340	0.00957	0.00479	0.00479	0.00096	0.00479	0.00383	0.00383	0.81242
135	0.01324	0.01254	0.02126	0.56064	0.23314	0.01463	0.01846	0.01742	0.01341	0.01777	0.01167	0.01689	0.00906	0.00627	0.00644	0.00209	0.00836	0.00575	0.00296	0.00802
136	0.02716	0.01166	0.01562	0.01270	0.04487	0.01035	0.00996	0.07418	0.01878	0.61625	0.02339	0.02077	0.01502	0.00768	0.00638	0.00192	0.00564	0.00625	0.00743	0.06400
137	0.00764	0.00655	0.00655	0.00655	0.00873	0.00545	0.00491	0.00927	0.01473	0.01745	0.06546	0.06218	0.73000	0.01636	0.00764	0.00218	0.00327	0.01364	0.00600	0.00545
138	0.01311	0.03249	0.70066	0.01923	0.04699	0.01505	0.04301	0.02045	0.01372	0.02049	0.01165	0.01381	0.00829	0.00611	0.00619	0.00205	0.00954	0.00488	0.00276	0.00954
139	0.01388	0.01147	0.01345	0.00963	0.01535	0.00864	0.00771	0.01674	0.01356	0.04337	0.01192	0.01367	0.00977	0.00489	0.00484	0.00099	0.00481	0.00391	0.00396	0.78744
140	0.01220	0.01148	0.01938	0.75739	0.04450	0.01436	0.01794	0.01651	0.01292	0.01651	0.01148	0.01723	0.00861	0.00646	0.00646	0.00215	0.00861	0.00574	0.00287	0.00718
141	0.01487	0.02030	0.16922	0.02638	0.07808	0.01602	0.53551	0.02060	0.01491	0.02068	0.01273	0.01662	0.00953	0.00560	0.00727	0.00214	0.01043	0.00697	0.00316	0.00897
142	0.00898	0.00660	0.00841	0.00796	0.00955	0.00603	0.00597	0.01188	0.01791	0.02500	0.65803	0.04976	0.13271	0.01355	0.00762	0.00205	0.00307	0.01189	0.00699	0.00603
143	0.01783	0.02132	0.12497	0.01701	0.03942	0.18667	0.08805	0.06194	0.32529	0.02329	0.01802	0.01832	0.01363	0.00741	0.00644	0.00203	0.00807	0.00612	0.00481	0.00936
144	0.00793	0.00656	0.00696	0.00686	0.00891	0.00558	0.00514	0.00984	0.01543	0.01911	0.19548	0.05946	0.59893	0.01575	0.00763	0.00215	0.00323	0.01325	0.00622	0.00558
145	0.01005	0.00806	0.01171	0.01124	0.01213	0.00988	0.00880	0.01206	0.01024	0.01493	0.01606	0.02465	0.01538	0.09029	0.58074	0.00887	0.13878	0.00688	0.00339	0.00586
146	0.01744	0.48275	0.19511	0.01337	0.01978	0.02223	0.01422	0.13059	0.01602	0.02052	0.01064	0.01195	0.00870	0.00603	0.00498	0.00163	0.00755	0.00414	0.00335	0.00902
147	0.00801	0.00572	0.00766	0.00916	0.00959	0.00537	0.00624	0.00924	0.01251	0.01665	0.03553	0.73008	0.04243	0.02011	0.00828	0.00264	0.00387	0.05560	0.00600	0.00529
148	0.01556	0.07453	0.16632	0.02632	0.28849	0.05576	0.12910	0.02127	0.07502	0.02070	0.03463	0.01674	0.01182	0.00645	0.00682	0.00199	0.02971	0.00592	0.00349	0.00935
149	0.00829	0.00639	0.00745	0.00753	0.00906	0.00568	0.00544	0.01022	0.01524	0.01989	0.28333	0.17685	0.34631	0.05795	0.00914	0.00243	0.00344	0.01355	0.00626	0.00555
150	0.00952	0.00656	0.00789	0.00806	0.00831	0.00678	0.00515	0.01011	0.01029	0.01405	0.02244	0.13117	0.02543	0.54369	0.06622	0.00556	0.03370	0.04757	0.03301	0.00448
151	0.01522	0.08740	0.13023	0.01398	0.07173	0.01306	0.01197	0.10040	0.01554	0.02277	0.01180	0.01360	0.00945	0.00549	0.00526	0.00136	0.00622	0.00432	0.00382	0.45638
152	0.01759	0.70420	0.03269	0.01256	0.04694	0.06433	0.01150	0.01972	0.01348	0.01548	0.00917	0.01067	0.00838	0.00560	0.00433	0.00142	0.00720	0.00359	0.00281	0.00833
153	0.02238	0.01627	0.01735	0.01362	0.01822	0.01798	0.01115	0.57524	0.07636	0.03765	0.01697	0.01720	0.01231	0.00780	0.00622	0.00190	0.00645	0.00595	0.10869	0.01030
154	0.00800	0.00564	0.00745	0.00891	0.00932	0.00527	0.00595	0.00918	0.01241	0.01672	0.03517	0.74619	0.04194	0.01986	0.00813	0.00259	0.00373	0.01800	0.03027	0.00527
155	0.02131	0.01730	0.01881	0.01724	0.09814	0.05493	0.01258	0.41793	0.21390	0.03361	0.01777	0.01769	0.01312	0.00775	0.00645	0.00199	0.00686	0.00613	0.00597	0.01052
156	0.01416	0.01303	0.01949	0.38302	0.18756	0.01507	0.01611	0.02243	0.21951	0.02058	0.01595	0.01896	0.01221	0.00698	0.00648	0.00211	0.00739	0.00620	0.00402	0.00874
157	0.01836	0.36620	0.15567	0.01466	0.03867	0.15345	0.01394	0.09018	0.05791	0.01965	0.01140	0.01267	0.00928	0.00626	0.00524	0.00167	0.00818	0.00435	0.00346	0.00881
158	0.01414	0.01414	0.01979	0.01696	0.01696	0.01979	0.01414	0.01555	0.00990	0.01555	0.00848	0.01414	0.00848	0.01131	0.02120	0.00283	0.76110	0.00565	0.00283	0.00707
159	0.11984	0.15533	0.06174	0.03193	0.03897	0.22074	0.01244	0.20556	0.01902	0.04279	0.01171	0.01299	0.00911	0.00675	0.00590	0.00180	0.02578	0.00461	0.00421	0.00877
160	0.00956	0.00737	0.01088	0.01069	0.01172	0.00878	0.00831	0.01172	0.01031	0.01494	0.01684	0.02531	0.01593	0.07455	0.67112	0.00972	0.06609	0.00694	0.00344	0.00578
161	0.01569	0.03806	0.04264	0.04255	0.14470	0.03930	0.08966	0.08765	0.03502	0.02261	0.01246	0.01478	0.00997	0.00562	0.00571	0.00150	0.00680	0.00497	0.00388	0.37642
162	0.00832	0.00598	0.00736	0.00827	0.00883	0.00562	0.00548	0.00930	0.01201	0.01571	0.03565	0.46174	0.12996	0.21325	0.01453	0.00351	0.00441	0.03966	0.00546	0.00496
163	0.00826	0.00607	0.00820	0.01001	0.03211	0.00569	0.00663	0.00959	0.01268	0.01684	0.03606	0.67704	0.07037	0.01950	0.00820	0.00260	0.00397	0.05483	0.00591	0.00545
164	0.01314	0.01334	0.05136	0.55375	0.20920	0.01462	0.01865	0.01747	0.01338	0.01778	0.01165	0.01678	0.00898	0.00628	0.00643	0.00209	0.00843	0.00570	0.00294	0.00801
165	0.01304	0.01111	0.01325	0.01054	0.03644	0.00880	0.00796	0.01647	0.04335	0.02116	0.03978	0.06889	0.01423	0.00639	0.00526	0.00120	0.00475	0.00535	0.00420	0.66784
166	0.01506	0.01389	0.06639	0.01619	0.11376	0.01286	0.03623	0.08189	0.22609	0.05032	0.11117	0.07317	0.03887	0.00896	0.00659	0.00197	0.00572	0.00779	0.00545	0.10763
167	0.03908	0.13132	0.04415	0.01295	0.01732	0.01753	0.01092	0.12954	0.42472	0.04983	0.04097	0.02062	0.01699	0.00806	0.00613	0.00201	0.00579	0.00640	0.00583	0.00984
168	0.12779	0.22115	0.32308	0.01608	0.07788	0.01739	0.01634	0.04391	0.01389	0.02110	0.03640	0.01416	0.01041	0.00743	0.02627	0.00209	0.00797	0.00467	0.00326	0.00874

[dist]
# distance from previous block
# <min> <max>
1	3

[block]
# block no. 2 follows, 34 sequences, length 8
# corresponding to MSA columns:
# 226-233
name=unknown_C
#
# <colnr> <probs for GDERKNQSTAVLIFYWHMCP>
#	G	D	E	R	K	N	Q	S	T	A	V	L	I	F	Y	W	H	M	C	P
0	0.01382	0.01637	0.14078	0.07636	0.27395	0.01335	0.10193	0.05586	0.01546	0.02154	0.08105	0.08512	0.05901	0.00845	0.00685	0.00207	0.00742	0.00788	0.00403	0.00869
1	0.01641	0.22619	0.36967	0.01556	0.02283	0.01703	0.05551	0.04541	0.01496	0.10630	0.04274	0.01549	0.01154	0.00651	0.00581	0.00187	0.00808	0.00511	0.00372	0.00925
2	0.01480	0.07411	0.01424	0.01140	0.01470	0.01345	0.00907	0.02601	0.41068	0.07002	0.09690	0.05827	0.10964	0.01058	0.00676	0.00214	0.00485	0.03727	0.00629	0.00879
3	0.00851	0.00643	0.00786	0.00783	0.00935	0.00578	0.00575	0.01084	0.01631	0.02198	0.42811	0.17114	0.24601	0.01526	0.00773	0.00217	0.00323	0.01334	0.00662	0.00578
4	0.01772	0.04665	0.13660	0.02577	0.28272	0.04635	0.09931	0.17522	0.06171	0.02527	0.01360	0.01581	0.01047	0.00644	0.00642	0.00196	0.00820	0.00579	0.00406	0.00994
5	0.05913	0.09274	0.13238	0.10803	0.28806	0.10507	0.01683	0.01944	0.01415	0.01926	0.01248	0.05754	0.01095	0.00699	0.00650	0.00195	0.03073	0.00578	0.00326	0.00870
6	0.00827	0.00588	0.00782	0.00923	0.00971	0.00557	0.00640	0.00955	0.01249	0.01659	0.03450	0.63986	0.04087	0.06664	0.00986	0.00289	0.00417	0.09858	0.00586	0.00525
7	0.02282	0.02802	0.04740	0.01750	0.05567	0.57527	0.01315	0.08321	0.06226	0.01904	0.01163	0.01304	0.00934	0.00681	0.00597	0.00175	0.01059	0.00460	0.00376	0.00817

[dist]
# distance from previous block
# <min> <max>
0	2

[block]
# block no. 3 follows, 34 sequences, length 28
# corresponding to MSA columns:
# 236-263
name=unknown_D
#
# <colnr> <probs for GDERKNQSTAVLIFYWHMCP>
#	G	D	E	R	K	N	Q	S	T	A	V	L	I	F	Y	W	H	M	C	P
0	0.02612	0.03685	0.01744	0.01431	0.05993	0.06471	0.02921	0.08757	0.05484	0.50664	0.02195	0.01998	0.01447	0.00764	0.00640	0.00196	0.00637	0.00621	0.00689	0.01052
1	0.12917	0.02795	0.01718	0.01551	0.01899	0.62574	0.01175	0.04792	0.01775	0.01839	0.01004	0.01163	0.00824	0.00661	0.00561	0.00172	0.01062	0.00413	0.00352	0.00754
2	0.00870	0.00635	0.00836	0.00967	0.01064	0.00601	0.00734	0.01051	0.01351	0.01757	0.03887	0.44671	0.12671	0.01895	0.00840	0.00269	0.00443	0.24311	0.00598	0.00551
3	0.01124	0.05393	0.01100	0.01074	0.02968	0.02744	0.00769	0.03428	0.01385	0.06467	0.03130	0.54198	0.03562	0.01720	0.00779	0.00248	0.00469	0.08239	0.00580	0.00624
4	0.01822	0.15389	0.13289	0.01750	0.09994	0.28977	0.01400	0.02280	0.09109	0.01811	0.01338	0.04017	0.01157	0.04152	0.00703	0.00200	0.00885	0.00536	0.00359	0.00832
5	0.01727	0.77681	0.03386	0.01106	0.01658	0.02557	0.01106	0.01935	0.01313	0.01520	0.00898	0.01036	0.00829	0.00553	0.00415	0.00138	0.00691	0.00345	0.00276	0.00829
6	0.01466	0.01277	0.01677	0.01952	0.22529	0.01321	0.01196	0.05446	0.26628	0.02459	0.12530	0.02597	0.06254	0.00852	0.00655	0.00195	0.00551	0.00743	0.00534	0.09135
7	0.00787	0.00562	0.00750	0.00900	0.00937	0.00525	0.00600	0.00900	0.01237	0.01649	0.03561	0.76871	0.04274	0.02024	0.00825	0.00262	0.00375	0.01837	0.00600	0.00525
8	0.00923	0.00692	0.01038	0.01038	0.01154	0.00808	0.00808	0.01154	0.01038	0.01500	0.01731	0.02538	0.01615	0.04846	0.74732	0.01038	0.01731	0.00692	0.00346	0.00577
9	0.00936	0.00640	0.00772	0.00772	0.00795	0.00663	0.00475	0.00983	0.00960	0.01303	0.01974	0.03888	0.02201	0.62699	0.17680	0.00709	0.00849	0.00890	0.00382	0.00429
10	0.02456	0.01810	0.01939	0.01487	0.02004	0.02004	0.01228	0.71107	0.03038	0.04072	0.01551	0.01551	0.01099	0.00776	0.00646	0.00194	0.00711	0.00582	0.00646	0.01099
11	0.01586	0.06624	0.06962	0.03435	0.56709	0.01609	0.05316	0.02072	0.05558	0.02101	0.01278	0.01602	0.01051	0.00592	0.00631	0.00192	0.00775	0.00573	0.00334	0.00999
12	0.01363	0.06999	0.58009	0.02036	0.07406	0.01573	0.09647	0.02039	0.01386	0.02025	0.01165	0.01403	0.00850	0.00601	0.00621	0.00202	0.00943	0.00507	0.00282	0.00944
13	0.00924	0.00687	0.01011	0.01011	0.01118	0.00793	0.00774	0.01137	0.01030	0.01480	0.01755	0.02675	0.01675	0.10696	0.68963	0.01005	0.01642	0.00712	0.00350	0.00562
14	0.01224	0.00685	0.00724	0.02950	0.00950	0.00709	0.00546	0.01653	0.07104	0.02418	0.05314	0.02497	0.01858	0.00785	0.00488	0.00160	0.00335	0.00637	0.68320	0.00640
15	0.01696	0.15395	0.35388	0.01602	0.04594	0.01665	0.01705	0.06876	0.11836	0.10880	0.01525	0.01582	0.01108	0.00674	0.00593	0.00194	0.00774	0.00523	0.00419	0.00972
16	0.01919	0.01609	0.04118	0.03050	0.47521	0.01598	0.01714	0.19197	0.01890	0.08954	0.01416	0.01635	0.01088	0.00646	0.00642	0.00193	0.00739	0.00581	0.00442	0.01047
17	0.01524	0.01659	0.02788	0.04359	0.02637	0.09154	0.38406	0.03421	0.01470	0.01921	0.01542	0.02196	0.03561	0.00979	0.04346	0.00265	0.13185	0.05443	0.00355	0.00789
18	0.64634	0.04469	0.01212	0.01050	0.03363	0.09844	0.00823	0.02025	0.01228	0.05156	0.00978	0.01118	0.00761	0.00612	0.00437	0.00193	0.00593	0.00374	0.00399	0.00733
19	0.00980	0.00621	0.00886	0.01013	0.04214	0.00602	0.00659	0.00946	0.01092	0.01452	0.02514	0.32666	0.06658	0.02102	0.03603	0.35410	0.00515	0.03179	0.00441	0.00446
20	0.01544	0.28448	0.37196	0.01647	0.05806	0.01841	0.03343	0.04333	0.01423	0.03695	0.01123	0.01298	0.00871	0.00593	0.00546	0.00176	0.00819	0.00447	0.00308	0.04543
21	0.02320	0.06772	0.01956	0.01491	0.01950	0.20222	0.01206	0.43260	0.09160	0.03161	0.01474	0.01504	0.01098	0.00744	0.00617	0.00186	0.00805	0.00540	0.00546	0.00987
22	0.01338	0.03050	0.61150	0.02002	0.02902	0.01525	0.14889	0.02051	0.01394	0.02051	0.01186	0.01433	0.00848	0.00601	0.00641	0.00207	0.00979	0.00529	0.00283	0.00940
23	0.01336	0.11238	0.27305	0.01297	0.01819	0.05296	0.01370	0.06670	0.01622	0.02213	0.19781	0.06002	0.07079	0.00935	0.00642	0.00195	0.00664	0.00764	0.02979	0.00794
