[name]
unknown

[dist]
# distance from previous block
# <min> <max>
0	38

[block]
# block no. 0 follows, 31 sequences, length 97
# corresponding to MSA columns:
# 38-134
name=unknown_A
#
# <colnr> <probs for GDERKNQSTAVLIFYWHMCP>
#	G	D	E	R	K	N	Q	S	T	A	V	L	I	F	Y	W	H	M	C	P
0	0.01835	0.01702	0.02556	0.04988	0.36399	0.06453	0.10697	0.11640	0.01796	0.04305	0.01501	0.02074	0.01267	0.03851	0.00862	0.00233	0.02831	0.03601	0.00417	0.00990
1	0.01664	0.01588	0.02707	0.04071	0.68763	0.01594	0.02048	0.02063	0.01539	0.02208	0.01310	0.01735	0.01110	0.00797	0.03690	0.00240	0.00855	0.00615	0.00340	0.01064
2	0.00860	0.00620	0.00816	0.00949	0.01009	0.00572	0.00636	0.00983	0.01305	0.01753	0.03631	0.70788	0.04337	0.04103	0.00931	0.00282	0.00408	0.01861	0.00620	0.03534
3	0.01829	0.76368	0.03585	0.01171	0.01756	0.02707	0.01171	0.02049	0.01390	0.01610	0.00951	0.01097	0.00878	0.00585	0.00439	0.00146	0.00732	0.00366	0.00293	0.00878
4	0.02532	0.01882	0.02014	0.01560	0.02095	0.02090	0.01284	0.64381	0.08355	0.04201	0.01730	0.01712	0.01234	0.00829	0.00685	0.00207	0.00737	0.00628	0.00685	0.01157
5	0.02601	0.01916	0.02053	0.01574	0.02122	0.02122	0.01300	0.69408	0.03217	0.04312	0.01643	0.01643	0.01163	0.00821	0.00684	0.00205	0.00753	0.00616	0.00684	0.01163
6	0.00830	0.00700	0.00723	0.00735	0.00960	0.00593	0.00563	0.01014	0.01561	0.01863	0.06687	0.06668	0.66437	0.01744	0.00819	0.00237	0.00367	0.06282	0.00635	0.00581
7	0.01693	0.01626	0.02777	0.04199	0.71689	0.01626	0.02100	0.02100	0.01558	0.02235	0.01287	0.01693	0.01084	0.00610	0.00677	0.00203	0.00813	0.00610	0.00339	0.01084
8	0.01412	0.01339	0.02269	0.53276	0.24807	0.01552	0.01960	0.01853	0.01425	0.01894	0.01237	0.01785	0.00964	0.00662	0.00682	0.00221	0.00882	0.00608	0.00314	0.00857
9	0.02556	0.03261	0.01939	0.01763	0.02115	0.73210	0.01322	0.02732	0.01939	0.01674	0.01058	0.01234	0.00881	0.00705	0.00617	0.00176	0.01234	0.00441	0.00353	0.00793
10	0.01702	0.01470	0.01547	0.01392	0.01779	0.01702	0.01083	0.03635	0.70453	0.02862	0.02785	0.02553	0.02088	0.00928	0.00696	0.00232	0.00541	0.00773	0.00696	0.01083
11	0.80789	0.01323	0.01006	0.00900	0.01323	0.01535	0.00741	0.02011	0.01164	0.03070	0.00953	0.01111	0.00741	0.00635	0.00423	0.00212	0.00529	0.00370	0.00423	0.00741
12	0.00995	0.00663	0.00746	0.00746	0.00746	0.00663	0.00415	0.00995	0.00995	0.01327	0.02156	0.04477	0.02487	0.75957	0.03482	0.00663	0.00663	0.00995	0.00415	0.00415
13	0.00809	0.00693	0.00693	0.00693	0.00924	0.00578	0.00520	0.00982	0.01559	0.01848	0.06931	0.06584	0.71411	0.01733	0.00809	0.00231	0.00347	0.01444	0.00635	0.00578
14	0.01638	0.01569	0.02676	0.13916	0.62406	0.01611	0.02072	0.02051	0.01531	0.02168	0.01277	0.01711	0.01060	0.00620	0.00678	0.00207	0.00827	0.00609	0.00334	0.01039
15	0.01679	0.01610	0.02750	0.06775	0.69228	0.01622	0.02092	0.02087	0.01551	0.02217	0.01284	0.01698	0.01077	0.00612	0.00678	0.00204	0.00816	0.00610	0.00337	0.01072
16	0.00834	0.00595	0.00794	0.00953	0.00992	0.00556	0.00635	0.00953	0.01310	0.01746	0.03771	0.75510	0.04525	0.02143	0.00873	0.00278	0.00397	0.01945	0.00635	0.00556
17	0.01629	0.01560	0.02661	0.15398	0.60991	0.01609	0.02068	0.02043	0.01527	0.02157	0.01276	0.01714	0.01056	0.00621	0.00678	0.00207	0.00829	0.00609	0.00333	0.01032
18	0.01467	0.01463	0.02758	0.02964	0.30902	0.01413	0.25477	0.01872	0.01540	0.02137	0.04109	0.16898	0.01944	0.00936	0.00767	0.00229	0.00832	0.00972	0.00415	0.00905
19	0.80789	0.01323	0.01006	0.00900	0.01323	0.01535	0.00741	0.02011	0.01164	0.03070	0.00953	0.01111	0.00741	0.00635	0.00423	0.00212	0.00529	0.00370	0.00423	0.00741
20	0.00872	0.00681	0.00723	0.00726	0.00878	0.00605	0.00498	0.00999	0.01401	0.01731	0.08378	0.08296	0.45621	0.23760	0.01604	0.00360	0.00441	0.01319	0.00575	0.00532
21	0.01787	0.01475	0.01498	0.01329	0.01690	0.06949	0.01032	0.07583	0.43697	0.07588	0.12807	0.04912	0.02629	0.01004	0.00710	0.00223	0.00575	0.00835	0.00686	0.00991
22	0.01680	0.01612	0.02753	0.06480	0.69510	0.01622	0.02093	0.02088	0.01552	0.02219	0.01285	0.01698	0.01078	0.00612	0.00678	0.00204	0.00816	0.00610	0.00338	0.01073
23	0.10923	0.36218	0.30124	0.01467	0.02191	0.04924	0.01657	0.02117	0.01407	0.02001	0.01064	0.01240	0.00858	0.00621	0.00527	0.00183	0.00837	0.00424	0.00309	0.00911
24	0.02464	0.02093	0.01951	0.01570	0.02054	0.15549	0.01264	0.49196	0.08109	0.03642	0.04145	0.01761	0.01373	0.00828	0.00677	0.00202	0.00812	0.00617	0.00625	0.01068
25	0.01593	0.01742	0.10655	0.03431	0.52218	0.01527	0.01945	0.02123	0.05763	0.02255	0.01558	0.04623	0.01343	0.00729	0.00681	0.00210	0.00780	0.02280	0.03517	0.01027
26	0.04449	0.13740	0.05259	0.01324	0.01870	0.04512	0.03604	0.08381	0.10797	0.19839	0.03337	0.01844	0.01417	0.00728	0.00608	0.00181	0.00662	0.00574	0.00558	0.16317
27	0.07777	0.01842	0.01843	0.01484	0.01961	0.06921	0.01200	0.49153	0.09700	0.03734	0.01803	0.06268	0.01418	0.00893	0.00675	0.00211	0.00727	0.00686	0.00641	0.01062
28	0.00834	0.00595	0.00794	0.00953	0.00992	0.00556	0.00635	0.00953	0.01310	0.01746	0.03771	0.75510	0.04525	0.02143	0.00873	0.00278	0.00397	0.01945	0.00635	0.00556
29	0.00846	0.00613	0.00801	0.00940	0.01002	0.00568	0.00642	0.00983	0.01360	0.01801	0.06495	0.65528	0.09550	0.02077	0.00868	0.00273	0.00398	0.04051	0.00639	0.00563
30	0.01784	0.01792	0.02652	0.03860	0.62300	0.09140	0.01988	0.02212	0.03655	0.02195	0.01308	0.01671	0.01092	0.00629	0.00672	0.00201	0.00849	0.00597	0.00351	0.01053
31	0.01815	0.74047	0.05778	0.01195	0.01794	0.02671	0.01214	0.02052	0.01392	0.01627	0.00960	0.01109	0.00878	0.00587	0.00446	0.00149	0.00741	0.00370	0.00293	0.00882
32	0.00822	0.00642	0.00746	0.00830	0.00960	0.00566	0.00580	0.00966	0.01428	0.01795	0.05268	0.42846	0.36223	0.01949	0.00843	0.00256	0.00373	0.01707	0.00635	0.00566
33	0.25556	0.01601	0.04294	0.08798	0.07632	0.01664	0.03754	0.23611	0.02002	0.12611	0.01488	0.01601	0.01064	0.00724	0.00610	0.00211	0.00708	0.00555	0.00538	0.00978
34	0.01372	0.03539	0.72412	0.01950	0.02961	0.01589	0.02528	0.02167	0.01444	0.02167	0.01228	0.01444	0.00867	0.00650	0.00650	0.00217	0.01011	0.00506	0.00289	0.01011
35	0.01156	0.00730	0.00927	0.00891	0.01082	0.00656	0.00662	0.01401	0.01735	0.10491	0.36928	0.20116	0.17504	0.01555	0.00807	0.00231	0.00373	0.01363	0.00717	0.00674
36	0.02310	0.01697	0.01841	0.01463	0.01925	0.01863	0.01182	0.57947	0.02887	0.03869	0.01947	0.11719	0.01661	0.03424	0.00800	0.00230	0.00702	0.00808	0.00669	0.01057
37	0.00841	0.00598	0.00792	0.00943	0.00981	0.00560	0.00625	0.00954	0.01296	0.01728	0.03699	0.72350	0.04434	0.05428	0.00989	0.00295	0.00409	0.01903	0.00625	0.00549
38	0.03664	0.03073	0.55660	0.01907	0.02802	0.01606	0.06872	0.04792	0.06617	0.04583	0.01409	0.01581	0.01003	0.00678	0.00661	0.00218	0.00950	0.00552	0.00359	0.01014
39	0.01693	0.01626	0.02777	0.04199	0.71689	0.01626	0.02100	0.02100	0.01558	0.02235	0.01287	0.01693	0.01084	0.00610	0.00677	0.00203	0.00813	0.00610	0.00339	0.01084
40	0.00977	0.00733	0.01100	0.01100	0.01222	0.00855	0.00855	0.01222	0.01100	0.01588	0.01833	0.02688	0.01710	0.05131	0.73245	0.01100	0.01833	0.00733	0.00367	0.00611
41	0.00854	0.00610	0.00817	0.00976	0.01025	0.00573	0.00670	0.00988	0.01330	0.01769	0.03759	0.70375	0.04480	0.02124	0.00879	0.00281	0.00415	0.06879	0.00635	0.00561
42	0.02557	0.01891	0.02030	0.01554	0.02103	0.02077	0.01282	0.66921	0.03151	0.04235	0.01627	0.01634	0.01158	0.00810	0.00678	0.00201	0.00744	0.00608	0.00674	0.04065
43	0.01372	0.03539	0.72412	0.01950	0.02961	0.01589	0.02528	0.02167	0.01444	0.02167	0.01228	0.01444	0.00867	0.00650	0.00650	0.00217	0.01011	0.00506	0.00289	0.01011
44	0.00851	0.00673	0.00767	0.00789	0.00962	0.00588	0.00574	0.01047	0.01592	0.02033	0.21145	0.21413	0.41651	0.01746	0.00822	0.00238	0.00352	0.01506	0.00663	0.00588
45	0.00923	0.00759	0.00820	0.00794	0.01020	0.00688	0.00599	0.01281	0.07369	0.02161	0.23017	0.05874	0.49090	0.01581	0.00799	0.00227	0.00357	0.01336	0.00670	0.00637
46	0.01863	0.01467	0.01422	0.01234	0.01571	0.12909	0.00960	0.10139	0.14323	0.13363	0.26644	0.03247	0.05820	0.01062	0.00724	0.00211	0.00601	0.00876	0.00680	0.00885
47	0.09446	0.01428	0.01471	0.01325	0.01707	0.01648	0.01034	0.03393	0.61225	0.02878	0.05026	0.02501	0.02110	0.00916	0.00673	0.00229	0.00533	0.00750	0.00671	0.01034
48	0.01987	0.01144	0.01373	0.01160	0.01539	0.01142	0.00920	0.06791	0.20558	0.26980	0.19661	0.03348	0.08253	0.01069	0.00728	0.00219	0.00501	0.00898	0.00757	0.00971
49	0.02351	0.07135	0.01966	0.01638	0.02005	0.50106	0.01266	0.05818	0.09931	0.04518	0.01356	0.01489	0.01089	0.00874	0.02670	0.00213	0.03792	0.00506	0.00421	0.00856
50	0.01372	0.03539	0.72412	0.01950	0.02961	0.01589	0.02528	0.02167	0.01444	0.02167	0.01228	0.01444	0.00867	0.00650	0.00650	0.00217	0.01011	0.00506	0.00289	0.01011
51	0.28366	0.01230	0.01225	0.01046	0.01420	0.03372	0.00838	0.11386	0.01771	0.16444	0.11563	0.05592	0.02085	0.00900	0.00598	0.00207	0.00532	0.00694	0.09883	0.00849
52	0.00899	0.00666	0.00848	0.00977	0.01050	0.00644	0.00665	0.01159	0.06603	0.01835	0.03810	0.67437	0.06763	0.02036	0.00857	0.00273	0.00406	0.01837	0.00640	0.00597
53	0.07534	0.01351	0.01605	0.01337	0.01711	0.01445	0.05039	0.25436	0.11348	0.08024	0.02282	0.12946	0.03736	0.03647	0.03194	0.03955	0.00668	0.00869	0.02968	0.00906
54	0.02166	0.02458	0.02175	0.06571	0.23708	0.39636	0.01571	0.07188	0.01860	0.02042	0.01267	0.03835	0.01083	0.00729	0.00652	0.00193	0.01024	0.00563	0.00378	0.00900
55	0.01162	0.00933	0.00986	0.00935	0.01115	0.07077	0.00689	0.01417	0.01788	0.04985	0.45989	0.09854	0.12408	0.06469	0.00972	0.00248	0.00444	0.01203	0.00677	0.00649
56	0.06946	0.01689	0.01856	0.01419	0.01963	0.04300	0.04129	0.38372	0.02400	0.03372	0.01496	0.03400	0.01163	0.00736	0.00624	0.00177	0.00694	0.00575	0.00559	0.24129
57	0.20347	0.02640	0.01673	0.01508	0.01879	0.50320	0.01151	0.05453	0.01801	0.02118	0.01331	0.01471	0.04119	0.00742	0.00585	0.00188	0.01010	0.00479	0.00397	0.00788
58	0.01654	0.01586	0.02706	0.11028	0.65166	0.01615	0.02080	0.02065	0.01539	0.02188	0.01280	0.01706	0.01067	0.00617	0.00678	0.00206	0.00822	0.00609	0.00335	0.01052
59	0.04946	0.02650	0.01848	0.01630	0.02022	0.47025	0.01250	0.11898	0.13506	0.04570	0.01475	0.01541	0.01143	0.00760	0.00635	0.00192	0.01009	0.00526	0.00473	0.00902
60	0.01605	0.40607	0.37381	0.01553	0.02348	0.02158	0.01837	0.02107	0.01417	0.01883	0.01087	0.01268	0.00872	0.00617	0.00543	0.00181	0.00869	0.00434	0.00291	0.00943
61	0.01779	0.59681	0.16087	0.01340	0.01993	0.05759	0.01426	0.02102	0.01425	0.01714	0.01007	0.01167	0.00876	0.00603	0.00486	0.00161	0.00806	0.00395	0.00295	0.00898
62	0.00865	0.00692	0.00773	0.00760	0.00961	0.00600	0.00568	0.01088	0.01682	0.02155	0.29177	0.08496	0.46507	0.01631	0.00810	0.00227	0.00340	0.01390	0.00676	0.00600
63	0.01344	0.04019	0.09173	0.01096	0.01434	0.03599	0.00964	0.03829	0.03968	0.09111	0.17004	0.11931	0.24360	0.01348	0.00811	0.00226	0.03298	0.01121	0.00608	0.00756
64	0.02821	0.01210	0.01576	0.01238	0.01739	0.01114	0.01013	0.05410	0.10279	0.59380	0.04892	0.02424	0.01878	0.00874	0.00693	0.00214	0.00574	0.00714	0.00820	0.01138
65	0.02583	0.01038	0.01379	0.01096	0.01532	0.00914	0.00891	0.02861	0.01882	0.54613	0.10237	0.02668	0.02230	0.00901	0.00671	0.00205	0.00516	0.00742	0.12011	0.01032
66	0.00953	0.00699	0.00893	0.00844	0.01013	0.00639	0.00633	0.01261	0.01900	0.02657	0.65085	0.05253	0.12753	0.01431	0.00807	0.00217	0.00325	0.01257	0.00742	0.00639
67	0.01390	0.06422	0.69687	0.01919	0.02913	0.01633	0.02474	0.02162	0.01442	0.02145	0.01217	0.01431	0.00867	0.00647	0.00642	0.00214	0.01000	0.00500	0.00289	0.01006
68	0.00928	0.00698	0.00859	0.00819	0.00998	0.00629	0.00614	0.01214	0.01842	0.02520	0.55227	0.05479	0.22695	0.01482	0.00807	0.00219	0.00329	0.01289	0.00724	0.00629
69	0.00878	0.00699	0.00790	0.00775	0.00978	0.00610	0.00587	0.01112	0.01700	0.02188	0.30772	0.06076	0.44862	0.01614	0.00813	0.00228	0.00348	0.03686	0.00679	0.00605
70	0.05568	0.01769	0.01875	0.01457	0.01962	0.01955	0.01199	0.60180	0.02963	0.04092	0.01672	0.01709	0.01204	0.00812	0.00654	0.00201	0.00702	0.00608	0.08322	0.01096
71	0.36915	0.01271	0.01334	0.01085	0.01558	0.01302	0.00893	0.07479	0.01688	0.34434	0.02015	0.01904	0.03812	0.00785	0.00577	0.00212	0.00563	0.00572	0.00642	0.00958
72	0.00862	0.00621	0.00823	0.00974	0.01035	0.00582	0.00681	0.01004	0.01350	0.01784	0.03901	0.64957	0.07550	0.02097	0.00878	0.00280	0.00420	0.09003	0.00635	0.00565
73	0.01497	0.01497	0.02095	0.01796	0.01796	0.02095	0.01497	0.01646	0.01048	0.01646	0.00898	0.01497	0.00898	0.01197	0.02245	0.00299	0.74704	0.00599	0.00299	0.00748
74	0.01615	0.01845	0.04037	0.02884	0.03576	0.01730	0.69204	0.02191	0.01615	0.02191	0.01384	0.01845	0.01038	0.00577	0.00807	0.00231	0.01153	0.00807	0.00346	0.00923
75	0.01292	0.01216	0.02052	0.74312	0.04712	0.01520	0.01900	0.01748	0.01368	0.01748	0.01216	0.01824	0.00912	0.00684	0.00684	0.00228	0.00912	0.00608	0.00304	0.00760
76	0.00995	0.00663	0.00746	0.00746	0.00746	0.00663	0.00415	0.00995	0.00995	0.01327	0.02156	0.04477	0.02487	0.75957	0.03482	0.00663	0.00663	0.00995	0.00415	0.00415
77	0.18124	0.04929	0.01812	0.01610	0.04477	0.42430	0.01206	0.09532	0.03438	0.02275	0.01168	0.01342	0.00945	0.00844	0.02927	0.00218	0.01013	0.00466	0.00408	0.00836
78	0.05632	0.01777	0.13439	0.01621	0.02102	0.01575	0.08709	0.16026	0.06322	0.10018	0.07326	0.02341	0.03336	0.01071	0.03473	0.00262	0.10672	0.02827	0.00528	0.00940
79	0.01788	0.04180	0.06513	0.26519	0.07707	0.06975	0.16331	0.12174	0.03674	0.05434	0.01410	0.01747	0.01049	0.00687	0.00696	0.00216	0.00933	0.00635	0.00409	0.00923
80	0.00995	0.00663	0.00746	0.00746	0.00746	0.00663	0.00415	0.00995	0.00995	0.01327	0.02156	0.04477	0.02487	0.75957	0.03482	0.00663	0.00663	0.00995	0.00415	0.00415
81	0.01768	0.01503	0.01584	0.01406	0.01804	0.01733	0.01099	0.08480	0.65501	0.02969	0.02700	0.02485	0.02020	0.00920	0.00695	0.00230	0.00557	0.00762	0.00695	0.01089
82	0.14824	0.01296	0.08619	0.01020	0.01459	0.01030	0.00902	0.05174	0.01502	0.02438	0.04786	0.09180	0.11164	0.00946	0.00599	0.00183	0.00514	0.00763	0.10649	0.22950
83	0.06683	0.01534	0.09321	0.08268	0.16785	0.01251	0.03395	0.02024	0.01480	0.09922	0.01468	0.03395	0.01172	0.00828	0.03485	0.00213	0.00739	0.00567	0.00422	0.27051
84	0.00851	0.00604	0.00795	0.00933	0.00975	0.00567	0.00619	0.00968	0.01309	0.01751	0.06129	0.67495	0.04440	0.07757	0.01070	0.00305	0.00415	0.01846	0.00623	0.00548
85	0.01020	0.00733	0.00882	0.00932	0.01035	0.00715	0.00668	0.04115	0.01380	0.01794	0.03584	0.22522	0.14113	0.27553	0.01774	0.00409	0.00546	0.15112	0.00560	0.00553
86	0.16195	0.02760	0.47235	0.01774	0.02587	0.01527	0.08310	0.02124	0.01419	0.04595	0.01352	0.04744	0.01049	0.00713	0.00634	0.00220	0.00894	0.00579	0.00353	0.00937
87	0.03665	0.00851	0.01141	0.01109	0.01294	0.00823	0.03897	0.06945	0.01569	0.10038	0.04937	0.51604	0.03621	0.01712	0.00807	0.00255	0.00482	0.01537	0.03009	0.00702
88	0.00994	0.00668	0.00771	0.00771	0.00779	0.00677	0.00445	0.01011	0.01002	0.01345	0.02133	0.04352	0.02433	0.70995	0.08369	0.00694	0.00745	0.00977	0.00411	0.00428
89	0.00847	0.00605	0.00808	0.00960	0.01008	0.00567	0.00651	0.00980	0.01341	0.01792	0.06142	0.70776	0.04573	0.02109	0.00873	0.00277	0.00402	0.04090	0.00639	0.00561
90	0.04408	0.01759	0.02285	0.01813	0.02188	0.12537	0.19329	0.11402	0.04578	0.05522	0.01571	0.04165	0.01340	0.07993	0.01216	0.00269	0.12823	0.00716	0.03234	0.00851
91	0.02313	0.02704	0.01806	0.01627	0.01955	0.54133	0.01237	0.02621	0.06563	0.05248	0.05407	0.01784	0.03582	0.00829	0.00740	0.00193	0.05454	0.00562	0.00429	0.00813
92	0.00995	0.00663	0.00746	0.00746	0.00746	0.00663	0.00415	0.00995	0.00995	0.01327	0.02156	0.04477	0.02487	0.75957	0.03482	0.00663	0.00663	0.00995	0.00415	0.00415
93	0.01760	0.02010	0.20616	0.01466	0.02006	0.06357	0.01415	0.07725	0.21855	0.10695	0.09807	0.05042	0.04359	0.00940	0.00698	0.00219	0.00701	0.00770	0.00581	0.00977
94	0.02194	0.04583	0.01783	0.01528	0.01867	0.40198	0.01173	0.08394	0.10884	0.04661	0.04126	0.01858	0.01425	0.04260	0.02784	0.00238	0.03574	0.00581	0.03041	0.00845
95	0.01536	0.01260	0.01555	0.01262	0.04770	0.01081	0.03406	0.10179	0.01651	0.02480	0.01527	0.06589	0.01329	0.00686	0.00570	0.00140	0.00554	0.00577	0.06300	0.52547
96	0.04461	0.01713	0.06674	0.01595	0.02116	0.04731	0.12438	0.19048	0.13569	0.07682	0.04503	0.02224	0.05124	0.00819	0.00682	0.00206	0.00730	0.00705	0.03700	0.07279

[dist]
# distance from previous block
# <min> <max>
0	4

[block]
# block no. 1 follows, 31 sequences, length 37
# corresponding to MSA columns:
# 139-175
name=unknown_B
#
# <colnr> <probs for GDERKNQSTAVLIFYWHMCP>
#	G	D	E	R	K	N	Q	S	T	A	V	L	I	F	Y	W	H	M	C	P
0	0.04155	0.30320	0.39314	0.01593	0.02386	0.02026	0.01867	0.04765	0.03996	0.02097	0.01189	0.01353	0.00923	0.00642	0.00568	0.00191	0.00865	0.00463	0.00325	0.00962
1	0.05239	0.04199	0.03475	0.01228	0.05190	0.01133	0.00932	0.11295	0.04566	0.11853	0.05377	0.14305	0.17614	0.01201	0.00702	0.00215	0.00525	0.01005	0.05196	0.04750
2	0.01482	0.16132	0.29222	0.01458	0.02079	0.04366	0.01559	0.04125	0.09891	0.02133	0.04157	0.07271	0.05981	0.03613	0.00745	0.00221	0.00766	0.00711	0.00423	0.03664
3	0.07223	0.01558	0.01494	0.01287	0.01652	0.09494	0.01010	0.23962	0.14995	0.03020	0.12377	0.08412	0.08475	0.01081	0.00704	0.00217	0.00627	0.00874	0.00633	0.00905
4	0.01460	0.14886	0.58093	0.01800	0.02713	0.01770	0.02243	0.02221	0.04843	0.02113	0.01261	0.01445	0.00929	0.00654	0.00619	0.00206	0.00944	0.00497	0.00310	0.00994
5	0.01652	0.01583	0.02702	0.11468	0.64745	0.01615	0.02079	0.02063	0.01538	0.02185	0.01280	0.01707	0.01066	0.00617	0.00678	0.00206	0.00823	0.00609	0.00335	0.01050
6	0.01606	0.36126	0.35576	0.01539	0.02288	0.04813	0.01777	0.02083	0.01419	0.01860	0.01138	0.01415	0.00944	0.03976	0.00680	0.00203	0.00879	0.00462	0.00299	0.00916
7	0.03632	0.03067	0.57538	0.04802	0.08533	0.01539	0.02311	0.02149	0.01475	0.04371	0.03524	0.01615	0.01088	0.00678	0.00653	0.00216	0.00942	0.00543	0.00330	0.00993
8	0.01158	0.00955	0.01077	0.01071	0.01263	0.05824	0.02882	0.01449	0.05827	0.04761	0.06103	0.38349	0.17157	0.01686	0.00810	0.00248	0.00499	0.04716	0.00614	0.03550
9	0.01989	0.01309	0.01628	0.01355	0.01725	0.07493	0.07978	0.02462	0.11164	0.25864	0.04665	0.14513	0.02276	0.08314	0.00994	0.00264	0.00660	0.00934	0.00634	0.03781
10	0.01399	0.01336	0.02132	0.54083	0.18140	0.03723	0.01850	0.01813	0.01406	0.01825	0.01272	0.01910	0.01024	0.04386	0.00819	0.00243	0.00889	0.00622	0.00318	0.00810
11	0.01126	0.00890	0.01001	0.00955	0.01194	0.00874	0.00737	0.06704	0.10736	0.02391	0.20830	0.10483	0.31357	0.01520	0.00799	0.00235	0.00423	0.06362	0.00675	0.00707
12	0.02266	0.02348	0.01775	0.01629	0.04121	0.38957	0.01222	0.10355	0.11062	0.07599	0.04661	0.02201	0.04075	0.00875	0.00672	0.00200	0.00927	0.03653	0.00512	0.00890
13	0.01459	0.01367	0.02273	0.27956	0.37014	0.01491	0.01830	0.01861	0.01516	0.02102	0.09669	0.02141	0.01662	0.00755	0.00762	0.00217	0.03959	0.00684	0.00375	0.00905
14	0.04075	0.00652	0.00780	0.00881	0.00980	0.00607	0.00604	0.01011	0.01359	0.01825	0.05759	0.52312	0.19230	0.05389	0.00960	0.00281	0.00402	0.01710	0.00619	0.00563
15	0.01672	0.01663	0.02553	0.19357	0.51619	0.07168	0.01995	0.02072	0.01546	0.02085	0.01254	0.01686	0.01030	0.00633	0.00674	0.00207	0.00867	0.00596	0.00332	0.00990
16	0.24980	0.01474	0.01422	0.01190	0.01617	0.07658	0.00957	0.12755	0.08044	0.20772	0.07833	0.02048	0.01718	0.00823	0.00608	0.00208	0.00613	0.00617	0.03726	0.00937
17	0.02236	0.02571	0.01858	0.04295	0.05774	0.48085	0.01298	0.08059	0.01889	0.01998	0.01322	0.04616	0.01141	0.00806	0.00723	0.00192	0.05307	0.00559	0.06456	0.00814
18	0.00932	0.00695	0.00862	0.00931	0.01042	0.00665	0.00656	0.01217	0.06024	0.02015	0.17312	0.42593	0.12592	0.05879	0.00985	0.00279	0.00408	0.03657	0.00650	0.00605
19	0.01395	0.01334	0.02113	0.57738	0.14111	0.03686	0.01858	0.01882	0.03821	0.01851	0.01291	0.01833	0.00996	0.00787	0.02390	0.00244	0.00916	0.00612	0.00326	0.00815
20	0.00867	0.00678	0.00785	0.00795	0.00969	0.00597	0.00582	0.01081	0.01643	0.02132	0.28109	0.18139	0.37796	0.01692	0.00819	0.00234	0.00347	0.01462	0.00675	0.00597
21	0.00933	0.00641	0.00760	0.00814	0.00837	0.00623	0.00493	0.00980	0.01124	0.01490	0.02896	0.28602	0.05970	0.47968	0.02491	0.00515	0.00560	0.01335	0.00498	0.00469
22	0.01676	0.01387	0.01468	0.01311	0.01690	0.01564	0.01022	0.06235	0.57093	0.04909	0.03230	0.02990	0.10373	0.01018	0.00709	0.00230	0.00529	0.00845	0.00693	0.01028
23	0.01372	0.03539	0.72412	0.01950	0.02961	0.01589	0.02528	0.02167	0.01444	0.02167	0.01228	0.01444	0.00867	0.00650	0.00650	0.00217	0.01011	0.00506	0.00289	0.01011
24	0.00841	0.00598	0.00792	0.00943	0.00981	0.00561	0.00625	0.00955	0.01295	0.01727	0.03697	0.72254	0.04431	0.05527	0.00993	0.00296	0.00409	0.01901	0.00625	0.00549
25	0.01071	0.00885	0.01423	0.01303	0.01464	0.01024	0.06667	0.01336	0.01139	0.01643	0.01723	0.02526	0.01592	0.04446	0.61711	0.00965	0.07345	0.00729	0.00360	0.00648
26	0.00834	0.00595	0.00794	0.00953	0.00992	0.00556	0.00635	0.00953	0.01310	0.01746	0.03771	0.75510	0.04525	0.02143	0.00873	0.00278	0.00397	0.01945	0.00635	0.00556
27	0.01204	0.00823	0.01043	0.00965	0.01173	0.00804	0.00733	0.01704	0.10114	0.07717	0.52095	0.07513	0.05289	0.01500	0.04013	0.00259	0.00438	0.01149	0.00731	0.00730
28	0.64602	0.01651	0.01204	0.01079	0.01474	0.13443	0.00868	0.02116	0.01288	0.02780	0.00968	0.01147	0.00771	0.00669	0.00529	0.00209	0.03652	0.00391	0.00407	0.00750
29	0.00908	0.00680	0.00843	0.00838	0.00994	0.00614	0.00615	0.01161	0.01741	0.02365	0.44795	0.17671	0.21053	0.01605	0.00819	0.00230	0.00341	0.01408	0.00706	0.00614
30	0.00967	0.00656	0.00750	0.00769	0.00784	0.00647	0.00446	0.00989	0.01058	0.01400	0.02562	0.13114	0.05801	0.63775	0.03049	0.00598	0.00617	0.01129	0.00451	0.00439
31	0.01818	0.01696	0.01805	0.19030	0.02573	0.14319	0.03091	0.06851	0.19804	0.05779	0.03420	0.01942	0.01425	0.00757	0.00655	0.00198	0.00776	0.00616	0.00495	0.12951
32	0.02102	0.01917	0.01741	0.04838	0.01984	0.18495	0.01191	0.26148	0.14452	0.02898	0.01917	0.04799	0.03137	0.00895	0.00731	0.00208	0.03949	0.00676	0.06977	0.00945
33	0.00967	0.00811	0.03097	0.01175	0.05582	0.00722	0.00801	0.01218	0.03833	0.01941	0.11176	0.46065	0.09891	0.05379	0.00964	0.00279	0.00457	0.04404	0.00610	0.00630
34	0.04070	0.44498	0.25989	0.01428	0.02124	0.04790	0.01589	0.02081	0.01443	0.01884	0.03803	0.01374	0.01089	0.00644	0.00529	0.00175	0.00820	0.00449	0.00316	0.00905
35	0.01523	0.28798	0.11894	0.03648	0.03761	0.06149	0.01280	0.03489	0.01431	0.01798	0.01914	0.02402	0.08726	0.06703	0.07423	0.00309	0.04980	0.02606	0.00370	0.00796
36	0.01220	0.00826	0.00990	0.00955	0.01175	0.00781	0.00722	0.04169	0.06566	0.09026	0.20997	0.20736	0.22813	0.01571	0.00805	0.00239	0.00418	0.04593	0.00691	0.00707

[dist]
# distance from previous block
# <min> <max>
1	2

[block]
# block no. 2 follows, 31 sequences, length 11
# corresponding to MSA columns:
# 178-188
name=unknown_C
#
# <colnr> <probs for GDERKNQSTAVLIFYWHMCP>
#	G	D	E	R	K	N	Q	S	T	A	V	L	I	F	Y	W	H	M	C	P
0	0.06903	0.06158	0.02638	0.10650	0.56181	0.01676	0.01933	0.02056	0.01503	0.02204	0.01237	0.01631	0.01032	0.00617	0.00646	0.00203	0.00799	0.00579	0.00338	0.01017
1	0.01720	0.30942	0.18897	0.01540	0.06277	0.01947	0.01471	0.09248	0.05515	0.04959	0.01974	0.02039	0.09191	0.00789	0.00596	0.00190	0.00743	0.00600	0.00420	0.00940
2	0.07829	0.04175	0.06060	0.06476	0.09865	0.16798	0.02757	0.02181	0.03135	0.12435	0.04549	0.02827	0.13725	0.00949	0.00678	0.00211	0.00763	0.03237	0.00500	0.00852
3	0.00857	0.00623	0.00782	0.00887	0.00956	0.00577	0.00594	0.00983	0.01347	0.01774	0.08207	0.53398	0.13644	0.10593	0.01162	0.00312	0.00416	0.01722	0.00617	0.00548
4	0.01428	0.01249	0.01497	0.01104	0.01642	0.01049	0.00890	0.01714	0.01376	0.02162	0.01179	0.01428	0.01000	0.00587	0.00708	0.00124	0.09104	0.00428	0.00393	0.70940
5	0.01811	0.01546	0.01585	0.01563	0.08698	0.12961	0.01080	0.12720	0.06713	0.07468	0.02096	0.15171	0.01991	0.07468	0.00931	0.00244	0.00702	0.02992	0.00536	0.11722
6	0.00992	0.00675	0.00807	0.00807	0.00828	0.00696	0.00490	0.01034	0.01013	0.01372	0.02100	0.04169	0.02354	0.63780	0.15476	0.00738	0.00864	0.00950	0.00406	0.00448
7	0.00978	0.00671	0.00877	0.00950	0.01067	0.00634	0.00684	0.01154	0.01421	0.05221	0.10003	0.44098	0.14006	0.02289	0.09238	0.00359	0.00569	0.04552	0.00624	0.00606
8	0.01672	0.01340	0.02225	0.06718	0.02381	0.01286	0.22331	0.06440	0.06260	0.11809	0.04413	0.10198	0.04691	0.00966	0.00748	0.00221	0.00749	0.04945	0.00535	0.10071
9	0.01596	0.01550	0.02475	0.18900	0.50432	0.04612	0.01942	0.01987	0.01520	0.02080	0.01401	0.05834	0.01231	0.00715	0.00687	0.00212	0.00829	0.00677	0.00348	0.00972
10	0.03921	0.01640	0.02419	0.19224	0.43772	0.06369	0.01881	0.05177	0.04907	0.02237	0.01334	0.01714	0.01074	0.00658	0.00669	0.00209	0.00839	0.00599	0.00367	0.00987

[dist]
# distance from previous block
# <min> <max>
0	3

[block]
# block no. 3 follows, 31 sequences, length 39
# corresponding to MSA columns:
# 192-230
name=unknown_D
#
# <colnr> <probs for GDERKNQSTAVLIFYWHMCP>
#	G	D	E	R	K	N	Q	S	T	A	V	L	I	F	Y	W	H	M	C	P
0	0.01722	0.01547	0.02440	0.08693	0.50560	0.01607	0.01846	0.02417	0.14711	0.05181	0.01625	0.01893	0.01288	0.00686	0.00682	0.00211	0.00759	0.00644	0.00425	0.01063
1	0.01757	0.12060	0.47583	0.01733	0.02583	0.01745	0.02048	0.11524	0.01730	0.08978	0.01389	0.01512	0.00987	0.00684	0.00632	0.00206	0.00901	0.00521	0.00396	0.01030
2	0.01616	0.01208	0.01426	0.01072	0.01614	0.00983	0.00852	0.07171	0.01603	0.09076	0.01633	0.08494	0.01421	0.00718	0.00573	0.00137	0.00523	0.00594	0.00492	0.58794
3	0.01034	0.00737	0.00874	0.00870	0.01058	0.00647	0.00627	0.01199	0.01437	0.05485	0.07301	0.26975	0.26051	0.10825	0.01129	0.00289	0.00440	0.04348	0.00602	0.08071
4	0.00852	0.00633	0.00782	0.00873	0.00968	0.00577	0.00599	0.01000	0.01422	0.01862	0.12161	0.48169	0.19749	0.05794	0.00986	0.00280	0.00391	0.01701	0.00637	0.00564
5	0.01226	0.00757	0.00917	0.00878	0.00978	0.00743	0.00579	0.03864	0.01332	0.08345	0.10932	0.13447	0.03087	0.44276	0.05297	0.00515	0.00630	0.01095	0.00534	0.00569
6	0.02099	0.01697	0.01653	0.01371	0.01785	0.10289	0.01089	0.33469	0.11614	0.05634	0.07234	0.05547	0.05901	0.00967	0.00688	0.00206	0.00679	0.00766	0.04748	0.02563
7	0.00864	0.00690	0.00773	0.00763	0.00961	0.00599	0.00568	0.01085	0.01674	0.02146	0.28585	0.09671	0.45923	0.01641	0.00811	0.00228	0.00341	0.01400	0.00675	0.00599
8	0.00834	0.00595	0.00794	0.00953	0.00992	0.00556	0.00635	0.00953	0.01310	0.01746	0.03771	0.75510	0.04525	0.02143	0.00873	0.00278	0.00397	0.01945	0.00635	0.00556
9	0.01608	0.01538	0.02622	0.19170	0.57387	0.01603	0.02057	0.02025	0.01517	0.02131	0.01272	0.01721	0.01047	0.00625	0.00679	0.00208	0.00834	0.00609	0.00331	0.01015
10	0.01376	0.03019	0.56810	0.01882	0.04689	0.01532	0.02218	0.02218	0.08096	0.02182	0.01437	0.01676	0.01071	0.01097	0.07484	0.00301	0.01037	0.00556	0.00337	0.00983
11	0.04711	0.00967	0.01038	0.00982	0.01234	0.02692	0.00752	0.01828	0.16517	0.04692	0.24742	0.08535	0.23527	0.01383	0.00767	0.00229	0.00432	0.03558	0.00675	0.00740
12	0.00831	0.00605	0.00784	0.00928	0.00986	0.00558	0.00624	0.00955	0.01333	0.01756	0.04068	0.69026	0.10817	0.02105	0.00867	0.00273	0.00392	0.01898	0.00635	0.00558
13	0.02545	0.02701	0.01922	0.01669	0.02059	0.48800	0.01289	0.14711	0.04024	0.08809	0.01358	0.01457	0.01042	0.00765	0.00704	0.00191	0.04074	0.00511	0.00466	0.00901
14	0.01006	0.00765	0.01112	0.01097	0.01199	0.00898	0.00840	0.01219	0.01085	0.01562	0.01820	0.02824	0.01754	0.12767	0.61827	0.01010	0.05495	0.00755	0.00368	0.00596
15	0.01708	0.01720	0.02449	0.26670	0.35276	0.10695	0.04459	0.05041	0.01619	0.02095	0.01254	0.01681	0.01004	0.00654	0.00677	0.00209	0.00909	0.00595	0.00345	0.00938
16	0.01040	0.00748	0.00907	0.00879	0.00891	0.00817	0.00559	0.01078	0.01010	0.01382	0.02006	0.04023	0.02263	0.62067	0.10120	0.00671	0.07742	0.00932	0.00399	0.00465
17	0.01740	0.01748	0.02624	0.10756	0.58295	0.08714	0.02003	0.02128	0.01577	0.02132	0.01257	0.01660	0.01047	0.00626	0.00672	0.00203	0.00864	0.00593	0.00337	0.01023
18	0.01427	0.07827	0.11693	0.01310	0.01665	0.08038	0.01154	0.05009	0.14319	0.02132	0.05009	0.22097	0.02526	0.04244	0.06021	0.00308	0.00752	0.03149	0.00521	0.00800
19	0.72763	0.01307	0.01066	0.00932	0.01367	0.01480	0.00768	0.02148	0.01246	0.10205	0.01133	0.01237	0.00839	0.00657	0.00451	0.00212	0.00535	0.00403	0.00467	0.00785
20	0.01137	0.00791	0.01037	0.01015	0.01144	0.00842	0.00745	0.04241	0.01295	0.05372	0.02725	0.16163	0.08868	0.17901	0.30416	0.00674	0.03479	0.01054	0.00486	0.00616
21	0.01864	0.01535	0.01780	0.15344	0.02428	0.01746	0.01287	0.21852	0.34620	0.03028	0.02080	0.02097	0.01546	0.00830	0.00681	0.00217	0.00670	0.00678	0.00603	0.05115
22	0.01695	0.01244	0.01395	0.01273	0.01597	0.01360	0.00975	0.07964	0.39829	0.10268	0.02943	0.21405	0.02607	0.01227	0.00740	0.00240	0.00525	0.01056	0.00696	0.00961
23	0.04869	0.01400	0.01508	0.01251	0.01678	0.01477	0.00996	0.25454	0.19054	0.06374	0.02866	0.07331	0.12592	0.01036	0.00691	0.00210	0.00573	0.00841	0.00645	0.09153
24	0.00965	0.00699	0.00824	0.00817	0.01005	0.00615	0.00603	0.01183	0.01660	0.05203	0.27724	0.17857	0.35053	0.01654	0.00814	0.00233	0.00358	0.01429	0.00684	0.00622
25	0.10547	0.01180	0.01532	0.01187	0.01706	0.01056	0.00980	0.03207	0.01882	0.65515	0.02531	0.02211	0.01602	0.00826	0.00663	0.00212	0.00577	0.00657	0.00806	0.01124
26	0.01634	0.01369	0.01439	0.01275	0.01650	0.01529	0.00997	0.11182	0.48434	0.02837	0.03473	0.03246	0.15823	0.01076	0.00717	0.00229	0.00528	0.00888	0.00683	0.00992
27	0.01819	0.01351	0.01549	0.01330	0.01664	0.04164	0.03345	0.23190	0.10140	0.08894	0.05110	0.17301	0.05397	0.04408	0.03265	0.00278	0.02132	0.03138	0.00635	0.00891
28	0.00976	0.00668	0.00770	0.00774	0.00802	0.00664	0.00461	0.01017	0.01086	0.01448	0.05502	0.06985	0.06796	0.62047	0.06746	0.00627	0.00681	0.01051	0.00448	0.00449
29	0.01327	0.00771	0.00954	0.00882	0.01119	0.00685	0.00670	0.01573	0.01737	0.15669	0.28876	0.13064	0.23057	0.01441	0.00775	0.00223	0.00387	0.01241	0.04835	0.00715
30	0.01662	0.01576	0.02611	0.06578	0.62069	0.01604	0.01979	0.02186	0.06894	0.02277	0.03037	0.01845	0.01281	0.00656	0.00682	0.00207	0.00784	0.00637	0.00375	0.01061
31	0.01594	0.01498	0.02476	0.26538	0.45370	0.01610	0.01973	0.04223	0.04060	0.02169	0.01330	0.01765	0.01068	0.00652	0.00680	0.00212	0.00833	0.00615	0.00352	0.00982
32	0.01031	0.00730	0.00945	0.00932	0.01003	0.00792	0.00642	0.02968	0.01104	0.01529	0.01993	0.03575	0.02093	0.41262	0.35559	0.00852	0.01205	0.00864	0.00400	0.00525
33	0.01770	0.01291	0.01503	0.01119	0.01677	0.01106	0.00896	0.10535	0.05074	0.11093	0.01561	0.01720	0.01219	0.03209	0.00663	0.00154	0.00554	0.00505	0.00509	0.53840
34	0.13140	0.04603	0.12280	0.01547	0.02082	0.01442	0.13036	0.04635	0.10703	0.05525	0.01727	0.02293	0.01440	0.05959	0.02722	0.00263	0.00775	0.04973	0.00459	0.10394
35	0.00933	0.00640	0.00775	0.00830	0.00856	0.00622	0.00512	0.00998	0.01173	0.01575	0.07259	0.30938	0.03503	0.43649	0.02338	0.00491	0.00542	0.01364	0.00519	0.00482
36	0.00993	0.00656	0.00737	0.00753	0.00787	0.00645	0.00449	0.01046	0.01104	0.01517	0.02630	0.11569	0.07019	0.56734	0.02767	0.00550	0.00584	0.01085	0.07914	0.00460
37	0.01877	0.27397	0.09179	0.02832	0.01950	0.05749	0.01301	0.21366	0.01940	0.02480	0.01857	0.04766	0.07739	0.00878	0.00719	0.00197	0.05760	0.00639	0.00455	0.00917
38	0.01905	0.18280	0.22245	0.01778	0.07241	0.15237	0.01636	0.12661	0.05445	0.02297	0.01325	0.01558	0.01061	0.03633	0.00720	0.00210	0.00901	0.00522	0.00393	0.00952

[dist]
# distance from previous block
# <min> <max>
5	6

[block]
# block no. 4 follows, 31 sequences, length 93
# corresponding to MSA columns:
# 237-329
name=unknown_E
#
# <colnr> <probs for GDERKNQSTAVLIFYWHMCP>
#	G	D	E	R	K	N	Q	S	T	A	V	L	I	F	Y	W	H	M	C	P
0	0.03500	0.16046	0.16584	0.06277	0.06739	0.03905	0.01511	0.17542	0.01874	0.02534	0.04367	0.06475	0.01583	0.00867	0.00648	0.00205	0.00771	0.04496	0.00454	0.03621
1	0.01129	0.00813	0.00992	0.03033	0.01187	0.00818	0.00697	0.07313	0.01450	0.02002	0.06633	0.23287	0.07724	0.19592	0.10361	0.00439	0.00677	0.01168	0.05942	0.04744
2	0.00861	0.00708	0.00750	0.00747	0.00957	0.00600	0.00542	0.01021	0.01475	0.01815	0.05838	0.14615	0.53692	0.07700	0.01015	0.00264	0.00387	0.01411	0.00605	0.04997
3	0.01490	0.04015	0.01571	0.03617	0.07325	0.05389	0.01068	0.11979	0.01667	0.02255	0.08639	0.06916	0.06142	0.08848	0.09922	0.00370	0.09453	0.02616	0.03263	0.03453
4	0.01917	0.54027	0.07660	0.01353	0.01902	0.11496	0.01303	0.05957	0.01548	0.01810	0.01019	0.01190	0.00895	0.00652	0.00589	0.00166	0.04895	0.00411	0.00323	0.00885
5	0.01779	0.11089	0.22948	0.04317	0.08506	0.04589	0.03958	0.14295	0.05863	0.04345	0.01489	0.04091	0.01180	0.00730	0.00637	0.00197	0.00819	0.00590	0.00431	0.08146
6	0.02010	0.31563	0.11063	0.01534	0.03644	0.17787	0.01388	0.12381	0.06409	0.02198	0.01320	0.03419	0.01107	0.00721	0.00575	0.00181	0.00858	0.00513	0.00402	0.00928
7	0.00946	0.00704	0.00889	0.00993	0.01091	0.00689	0.00704	0.01258	0.07626	0.01926	0.07772	0.53168	0.08041	0.03940	0.00926	0.00281	0.00430	0.07362	0.00641	0.00612
8	0.01771	0.01699	0.02602	0.07989	0.57273	0.05378	0.01962	0.06376	0.04085	0.02329	0.01345	0.01704	0.01103	0.00643	0.00676	0.00204	0.00827	0.00607	0.00371	0.01054
9	0.06856	0.06686	0.07942	0.01912	0.15396	0.10658	0.01366	0.09658	0.12368	0.05046	0.03984	0.01931	0.01453	0.02570	0.03175	0.00239	0.00787	0.00606	0.04029	0.03337
10	0.01697	0.01228	0.01490	0.01311	0.01621	0.01295	0.03481	0.25218	0.08326	0.06530	0.05031	0.28678	0.02814	0.01491	0.02782	0.00266	0.00621	0.04601	0.00655	0.00869
11	0.00850	0.00615	0.00804	0.00926	0.00992	0.00569	0.00630	0.01000	0.01408	0.01886	0.13021	0.62137	0.08589	0.02020	0.00861	0.00267	0.00384	0.01821	0.00651	0.00569
12	0.01421	0.01434	0.02802	0.11274	0.08669	0.01428	0.35317	0.01863	0.01545	0.02130	0.09717	0.02416	0.03789	0.01039	0.04636	0.02639	0.03066	0.00813	0.03178	0.00824
13	0.02374	0.01746	0.05757	0.05286	0.02171	0.01773	0.01314	0.40064	0.11676	0.15192	0.01993	0.02081	0.01439	0.00859	0.00693	0.00215	0.00715	0.02877	0.00670	0.01106
14	0.00830	0.00607	0.00781	0.00920	0.00984	0.00558	0.00621	0.00956	0.01341	0.01759	0.04162	0.66973	0.12809	0.02092	0.00865	0.00272	0.00391	0.01883	0.00635	0.00558
15	0.00981	0.00664	0.00782	0.00794	0.00808	0.00672	0.00471	0.01012	0.01029	0.01383	0.02254	0.09933	0.02579	0.63772	0.09530	0.00672	0.00747	0.01047	0.00428	0.00443
16	0.01670	0.01605	0.04921	0.14306	0.53137	0.01592	0.01991	0.02176	0.05340	0.04587	0.01405	0.01773	0.01127	0.00648	0.00679	0.00209	0.00811	0.00618	0.00369	0.01036
17	0.01597	0.00964	0.01198	0.01174	0.05967	0.02506	0.00833	0.03333	0.01804	0.20884	0.23221	0.08315	0.22832	0.01306	0.00764	0.00220	0.00466	0.01115	0.00700	0.00804
18	0.00980	0.00673	0.00801	0.00815	0.00845	0.00682	0.00506	0.01033	0.01063	0.01423	0.02424	0.08348	0.05083	0.58189	0.11802	0.00670	0.00781	0.02991	0.00435	0.00459
19	0.01757	0.01333	0.01527	0.01428	0.05610	0.01438	0.01061	0.18004	0.26124	0.06744	0.09259	0.03335	0.08428	0.05244	0.00884	0.00251	0.00583	0.05376	0.00661	0.00952
20	0.05975	0.31522	0.41869	0.01591	0.02405	0.02017	0.01904	0.02112	0.01408	0.02002	0.01106	0.01292	0.00864	0.00624	0.00556	0.00189	0.00876	0.00444	0.00298	0.00945
21	0.05695	0.01243	0.01504	0.01188	0.01676	0.04969	0.00969	0.03038	0.01892	0.59329	0.02930	0.02611	0.07962	0.00912	0.00685	0.00211	0.00595	0.00731	0.00785	0.01075
22	0.01399	0.00933	0.01146	0.01024	0.01275	0.00923	0.00787	0.07541	0.09830	0.09961	0.46772	0.08162	0.04911	0.01281	0.00775	0.00219	0.00415	0.01115	0.00744	0.00788
23	0.01177	0.00905	0.00911	0.00874	0.00989	0.04539	0.00577	0.06978	0.01376	0.01770	0.03033	0.10253	0.14598	0.43801	0.02302	0.00473	0.00611	0.01079	0.03205	0.00547
24	0.04428	0.01748	0.02005	0.01874	0.10475	0.10713	0.07427	0.16692	0.19172	0.08849	0.05657	0.02228	0.03946	0.00842	0.00692	0.00212	0.00748	0.00708	0.00580	0.01006
25	0.01509	0.01537	0.02592	0.37259	0.19077	0.05562	0.16015	0.01956	0.01485	0.01940	0.01279	0.01795	0.01002	0.00795	0.03127	0.00249	0.00989	0.00645	0.00325	0.00863
26	0.02064	0.01168	0.01412	0.01222	0.01607	0.01181	0.00972	0.02947	0.27390	0.30022	0.08861	0.07234	0.04906	0.01088	0.00731	0.00230	0.00529	0.04681	0.00751	0.01005
27	0.01553	0.01014	0.01246	0.01163	0.03921	0.00996	0.00868	0.09257	0.08789	0.13642	0.29336	0.07035	0.13605	0.01267	0.00767	0.00223	0.00467	0.03309	0.00714	0.00829
28	0.01530	0.23040	0.45315	0.01927	0.06507	0.01903	0.06601	0.02133	0.01447	0.02021	0.01167	0.01391	0.00893	0.00625	0.00605	0.00198	0.00934	0.00494	0.00297	0.00973
29	0.00901	0.00656	0.00838	0.00961	0.01039	0.00619	0.00663	0.03305	0.01406	0.01853	0.03980	0.64456	0.10462	0.02052	0.00863	0.00272	0.00412	0.04044	0.00637	0.00581
30	0.02173	0.08912	0.02218	0.01801	0.04352	0.37388	0.05117	0.09865	0.03688	0.02035	0.01193	0.01450	0.00996	0.00954	0.03777	0.00238	0.12081	0.00524	0.00385	0.00852
31	0.01718	0.01657	0.02650	0.10236	0.52977	0.04035	0.05459	0.04876	0.05463	0.02287	0.01375	0.01744	0.01118	0.00644	0.00684	0.00208	0.00836	0.00623	0.00370	0.01039
32	0.01713	0.01634	0.02552	0.13517	0.39841	0.03843	0.08060	0.06496	0.10986	0.02359	0.01504	0.01825	0.01190	0.00677	0.00691	0.00213	0.00831	0.00645	0.00405	0.01018
33	0.01160	0.00853	0.01026	0.01025	0.01217	0.00852	0.00769	0.03835	0.12879	0.04687	0.19882	0.28144	0.12448	0.01611	0.00814	0.00248	0.00434	0.06723	0.00681	0.00712
34	0.02106	0.02172	0.01985	0.04507	0.15297	0.29455	0.01402	0.11949	0.06290	0.04669	0.04076	0.01972	0.05273	0.00831	0.00757	0.00203	0.05058	0.00626	0.00461	0.00911
35	0.01684	0.01616	0.02760	0.05860	0.70102	0.01623	0.02095	0.02091	0.01553	0.02224	0.01285	0.01696	0.01080	0.00611	0.00677	0.00204	0.00815	0.00610	0.00338	0.01076
36	0.00834	0.00595	0.00794	0.00953	0.00992	0.00556	0.00635	0.00953	0.01310	0.01746	0.03771	0.75510	0.04525	0.02143	0.00873	0.00278	0.00397	0.01945	0.00635	0.00556
37	0.01280	0.01129	0.01623	0.05513	0.03861	0.03704	0.10825	0.05365	0.04152	0.02117	0.03386	0.11786	0.14695	0.01586	0.03734	0.00294	0.00728	0.22945	0.00549	0.00727
38	0.01623	0.01553	0.02649	0.16560	0.59881	0.01607	0.02064	0.02038	0.01524	0.02149	0.01274	0.01716	0.01053	0.00623	0.00678	0.00208	0.00830	0.00609	0.00333	0.01027
39	0.01450	0.05883	0.67517	0.01897	0.02876	0.01605	0.02427	0.02205	0.01461	0.04714	0.01272	0.01465	0.00897	0.00655	0.00644	0.00214	0.00986	0.00508	0.00309	0.01012
40	0.01497	0.01497	0.02095	0.01796	0.01796	0.02095	0.01497	0.01646	0.01048	0.01646	0.00898	0.01497	0.00898	0.01197	0.02245	0.00299	0.74704	0.00599	0.00299	0.00748
41	0.01583	0.01813	0.05997	0.06566	0.09619	0.01746	0.49619	0.02098	0.01527	0.02110	0.01306	0.01777	0.01014	0.00658	0.00946	0.00235	0.09394	0.00745	0.00336	0.00912
42	0.01667	0.01598	0.02729	0.08858	0.67239	0.01619	0.02086	0.02076	0.01545	0.02203	0.01282	0.01702	0.01072	0.00615	0.00678	0.00205	0.00819	0.00609	0.00336	0.01062
43	0.01964	0.00840	0.01002	0.00860	0.01161	0.00779	0.00681	0.02262	0.01636	0.29261	0.02411	0.02465	0.01731	0.00816	0.00559	0.00179	0.00420	0.00657	0.49477	0.00840
44	0.01615	0.01845	0.04037	0.02884	0.03576	0.01730	0.69204	0.02191	0.01615	0.02191	0.01384	0.01845	0.01038	0.00577	0.00807	0.00231	0.01153	0.00807	0.00346	0.00923
45	0.00816	0.00692	0.00695	0.00695	0.00917	0.00581	0.00516	0.00982	0.01537	0.01827	0.06739	0.06500	0.68649	0.04707	0.00916	0.00248	0.00359	0.01426	0.00626	0.00571
46	0.01292	0.01216	0.02052	0.74312	0.04712	0.01520	0.01900	0.01748	0.01368	0.01748	0.01216	0.01824	0.00912	0.00684	0.00684	0.00228	0.00912	0.00608	0.00304	0.00760
47	0.01702	0.01470	0.01547	0.01392	0.01779	0.01702	0.01083	0.03635	0.70453	0.02862	0.02785	0.02553	0.02088	0.00928	0.00696	0.00232	0.00541	0.00773	0.00696	0.01083
48	0.80789	0.01323	0.01006	0.00900	0.01323	0.01535	0.00741	0.02011	0.01164	0.03070	0.00953	0.01111	0.00741	0.00635	0.00423	0.00212	0.00529	0.00370	0.00423	0.00741
49	0.01693	0.01626	0.02777	0.04199	0.71689	0.01626	0.02100	0.02100	0.01558	0.02235	0.01287	0.01693	0.01084	0.00610	0.00677	0.00203	0.00813	0.00610	0.00339	0.01084
50	0.01541	0.01524	0.14870	0.01303	0.01702	0.01169	0.01185	0.14970	0.05426	0.08796	0.09265	0.29698	0.02973	0.01347	0.00761	0.00238	0.00601	0.01167	0.00612	0.00853
51	0.01632	0.01376	0.01657	0.18359	0.04484	0.03439	0.01242	0.14144	0.23973	0.02702	0.12934	0.02672	0.02302	0.05050	0.00860	0.00245	0.00664	0.00779	0.00576	0.00908
52	0.01924	0.67148	0.03391	0.01227	0.01801	0.05008	0.01187	0.08205	0.01575	0.01858	0.01018	0.01152	0.00904	0.00611	0.00467	0.00153	0.00750	0.00391	0.00330	0.00901
