[name]
unknown

[dist]
# distance from previous block
# <min> <max>
0	16

[block]
# block no. 0 follows, 33 sequences, length 32
# corresponding to MSA columns:
# 18-49
name=unknown_A
#
# <colnr> <probs for GDERKNQSTAVLIFYWHMCP>
#	G	D	E	R	K	N	Q	S	T	A	V	L	I	F	Y	W	H	M	C	P
0	0.01254	0.00789	0.01076	0.09274	0.01516	0.00780	0.00839	0.02821	0.01462	0.12789	0.08398	0.30956	0.10298	0.04447	0.05477	0.00307	0.00572	0.05683	0.00592	0.00670
1	0.02073	0.01648	0.01706	0.01409	0.01835	0.04725	0.01128	0.38814	0.26219	0.03341	0.02024	0.02210	0.01572	0.04944	0.00813	0.00233	0.00665	0.02983	0.00634	0.01022
2	0.01614	0.01646	0.06343	0.03622	0.61055	0.01570	0.01933	0.02189	0.09330	0.02215	0.01396	0.01709	0.01140	0.00623	0.00652	0.00199	0.00763	0.00599	0.00362	0.01039
3	0.01194	0.00808	0.01001	0.00958	0.01097	0.00840	0.00686	0.08915	0.01362	0.05636	0.02520	0.16444	0.06642	0.26365	0.21936	0.00590	0.00891	0.01021	0.00488	0.00604
4	0.01470	0.01248	0.01612	0.09427	0.02029	0.01074	0.04674	0.05969	0.02891	0.03700	0.01264	0.01484	0.01009	0.00544	0.00540	0.00129	0.00581	0.00458	0.00407	0.59494
5	0.02028	0.10714	0.04834	0.01783	0.11304	0.14071	0.04229	0.20047	0.01956	0.06584	0.01320	0.01459	0.01018	0.00648	0.00592	0.00170	0.00782	0.00506	0.00448	0.15509
6	0.01694	0.41761	0.02883	0.05556	0.02043	0.02165	0.08915	0.08935	0.04888	0.01957	0.01433	0.01617	0.04799	0.00723	0.00699	0.00183	0.07999	0.00533	0.00363	0.00853
7	0.01119	0.09262	0.01183	0.00865	0.01091	0.00856	0.00685	0.01403	0.01773	0.06232	0.54728	0.04470	0.11348	0.01259	0.00731	0.00201	0.00370	0.01086	0.00670	0.00667
8	0.02356	0.01445	0.01673	0.01347	0.01803	0.01513	0.01112	0.36453	0.07310	0.23553	0.04594	0.02599	0.01801	0.00939	0.00692	0.00213	0.00636	0.08219	0.00701	0.01040
9	0.01575	0.01495	0.04390	0.23017	0.28395	0.01569	0.05667	0.10908	0.05916	0.02274	0.01466	0.05488	0.01219	0.00742	0.00715	0.00212	0.02968	0.00669	0.00393	0.00920
10	0.00801	0.00579	0.00758	0.00901	0.00951	0.00536	0.00604	0.00918	0.01275	0.01687	0.03814	0.72146	0.08522	0.02038	0.00836	0.00265	0.00379	0.01842	0.00611	0.00536
11	0.00963	0.00644	0.00735	0.00743	0.00751	0.00644	0.00432	0.00978	0.00986	0.01312	0.02146	0.04466	0.02464	0.73068	0.03227	0.00621	0.00637	0.04365	0.00409	0.00409
12	0.01654	0.01589	0.04434	0.11283	0.41994	0.02922	0.06685	0.04312	0.12044	0.04318	0.01498	0.01779	0.01176	0.00654	0.00663	0.00204	0.00782	0.00620	0.00397	0.00994
13	0.01647	0.01253	0.01787	0.03503	0.01950	0.01028	0.11268	0.01977	0.01476	0.13633	0.01425	0.01580	0.01082	0.00556	0.00564	0.00137	0.00604	0.00498	0.00447	0.53585
14	0.36589	0.01310	0.01505	0.32580	0.04919	0.04914	0.01265	0.01839	0.01269	0.02274	0.01119	0.01572	0.00894	0.00664	0.00547	0.00208	0.00708	0.02385	0.00358	0.03082
15	0.01665	0.01161	0.01396	0.01012	0.01583	0.00895	0.00815	0.01950	0.01463	0.15549	0.01439	0.01530	0.01099	0.00549	0.00520	0.00118	0.00501	0.00441	0.00470	0.65844
16	0.01492	0.01245	0.01433	0.01035	0.01614	0.01008	0.00833	0.09364	0.01559	0.02369	0.01216	0.01389	0.00991	0.00521	0.00507	0.00109	0.00514	0.00413	0.00420	0.71967
17	0.00808	0.00584	0.00754	0.00887	0.00937	0.00542	0.00591	0.00921	0.01263	0.01667	0.03780	0.67201	0.09493	0.06013	0.00969	0.00284	0.00392	0.01786	0.00600	0.00529
18	0.01494	0.01585	0.08802	0.12598	0.12619	0.01334	0.15971	0.04688	0.01499	0.03331	0.01255	0.01571	0.00980	0.00571	0.00619	0.00171	0.00772	0.00549	0.00363	0.29229
19	0.01039	0.00803	0.01077	0.01001	0.01152	0.00858	0.00748	0.01218	0.01076	0.01561	0.01698	0.02766	0.01685	0.22103	0.40986	0.00762	0.05810	0.00713	0.00366	0.12580
20	0.01587	0.01412	0.02235	0.08476	0.39325	0.01454	0.05898	0.12070	0.01656	0.02288	0.01590	0.08897	0.01471	0.07644	0.00922	0.00246	0.00751	0.00753	0.00407	0.00915
21	0.01549	0.01528	0.02383	0.28297	0.44952	0.06086	0.01908	0.01943	0.01459	0.01956	0.01201	0.01645	0.00974	0.00617	0.00650	0.00202	0.00840	0.00576	0.00315	0.00919
22	0.03497	0.01329	0.01759	0.01340	0.01832	0.05614	0.13192	0.03704	0.01486	0.02154	0.04946	0.10426	0.01621	0.00750	0.00604	0.00155	0.00629	0.00679	0.00427	0.43855
23	0.01456	0.01328	0.01428	0.05025	0.08783	0.09332	0.01029	0.07032	0.18822	0.02468	0.24186	0.03334	0.10963	0.01047	0.00703	0.00207	0.00568	0.00885	0.00589	0.00816
24	0.01653	0.52608	0.03015	0.01295	0.01800	0.02163	0.08802	0.06164	0.01522	0.01892	0.08413	0.05181	0.01594	0.00728	0.00533	0.00166	0.00695	0.00573	0.00372	0.00829
25	0.01115	0.00969	0.01372	0.17092	0.05373	0.04708	0.01118	0.01398	0.01175	0.01595	0.01574	0.02292	0.01412	0.03599	0.51270	0.00792	0.01498	0.00660	0.00338	0.00649
26	0.01426	0.01122	0.01465	0.04899	0.08832	0.00950	0.00955	0.01731	0.01450	0.07294	0.09285	0.01948	0.01652	0.00905	0.05184	0.00194	0.00602	0.00548	0.00445	0.49112
27	0.01501	0.01153	0.02960	0.01313	0.05931	0.04507	0.02975	0.02927	0.01522	0.13370	0.08283	0.12616	0.10234	0.01369	0.06048	0.00262	0.04634	0.02640	0.00532	0.15223
28	0.01667	0.02359	0.30293	0.10155	0.04835	0.06529	0.10793	0.08394	0.01591	0.07259	0.01296	0.01558	0.00954	0.00706	0.00813	0.00215	0.08730	0.00566	0.00367	0.00920
29	0.01683	0.10476	0.14426	0.06904	0.22903	0.09744	0.10220	0.07061	0.01607	0.02129	0.01284	0.02931	0.01044	0.00651	0.00627	0.00193	0.00865	0.00575	0.03760	0.00917
30	0.01498	0.01229	0.02039	0.55271	0.15440	0.01424	0.01764	0.01908	0.01410	0.09759	0.01341	0.01789	0.00989	0.00664	0.00658	0.00214	0.00826	0.00594	0.00356	0.00826
31	0.01432	0.01416	0.02581	0.28796	0.28721	0.01491	0.17016	0.01871	0.01469	0.02006	0.05699	0.01913	0.01299	0.00653	0.00690	0.00211	0.00859	0.00666	0.00341	0.00872

[dist]
# distance from previous block
# <min> <max>
0	17

[block]
# block no. 1 follows, 33 sequences, length 9
# corresponding to MSA columns:
# 67-75
name=unknown_B
#
# <colnr> <probs for GDERKNQSTAVLIFYWHMCP>
#	G	D	E	R	K	N	Q	S	T	A	V	L	I	F	Y	W	H	M	C	P
0	0.00898	0.00760	0.00789	0.00783	0.01008	0.00701	0.00585	0.01290	0.11035	0.01902	0.05824	0.12743	0.56133	0.01601	0.00769	0.00227	0.00364	0.01349	0.00619	0.00620
1	0.04701	0.01660	0.06189	0.01673	0.02179	0.01665	0.15528	0.15369	0.33691	0.07119	0.02044	0.02030	0.01500	0.00774	0.00678	0.00216	0.00708	0.00690	0.00575	0.01013
2	0.60772	0.01246	0.01070	0.00894	0.01347	0.01322	0.00730	0.01863	0.01184	0.02744	0.00982	0.01146	0.00781	0.00579	0.00428	0.00176	0.00504	0.00365	0.00403	0.21462
3	0.00931	0.01019	0.10722	0.00974	0.01218	0.00714	0.00850	0.01233	0.01594	0.02201	0.36160	0.23378	0.13553	0.01477	0.00773	0.00225	0.00423	0.01299	0.00619	0.00638
4	0.02290	0.01599	0.01901	0.11622	0.05372	0.01751	0.01305	0.42923	0.08068	0.13783	0.01747	0.01774	0.01229	0.00775	0.00660	0.00203	0.00707	0.00614	0.00618	0.01057
5	0.07068	0.06560	0.04554	0.03579	0.06174	0.09927	0.14348	0.11918	0.05498	0.05202	0.01652	0.02364	0.01417	0.00843	0.00747	0.00214	0.04616	0.09817	0.00453	0.03049
6	0.01125	0.00836	0.01036	0.01008	0.01174	0.00872	0.00749	0.10634	0.04367	0.02156	0.13285	0.26694	0.08432	0.05750	0.18256	0.00447	0.00758	0.01198	0.00566	0.00656
7	0.01084	0.11188	0.01375	0.01066	0.01259	0.00976	0.04403	0.05156	0.01450	0.01900	0.07370	0.47283	0.07702	0.01631	0.00764	0.00238	0.00483	0.03472	0.00561	0.00638
8	0.08789	0.05530	0.06175	0.04464	0.04836	0.09817	0.03984	0.25804	0.03610	0.04577	0.01397	0.01649	0.01100	0.05301	0.00764	0.00210	0.00754	0.00546	0.00476	0.10216

[dist]
# distance from previous block
# <min> <max>
0	6

[block]
# block no. 2 follows, 33 sequences, length 15
# corresponding to MSA columns:
# 82-96
name=unknown_C
#
# <colnr> <probs for GDERKNQSTAVLIFYWHMCP>
#	G	D	E	R	K	N	Q	S	T	A	V	L	I	F	Y	W	H	M	C	P
0	0.01666	0.05003	0.08557	0.01583	0.02004	0.04713	0.11798	0.12662	0.05010	0.06712	0.05491	0.06865	0.05485	0.00931	0.00926	0.00215	0.13245	0.00746	0.00472	0.05914
1	0.00892	0.00649	0.00824	0.00910	0.00984	0.00630	0.00619	0.01137	0.05860	0.01854	0.13833	0.53453	0.04284	0.09518	0.01076	0.00293	0.00406	0.01602	0.00610	0.00567
2	0.01998	0.03136	0.02063	0.03519	0.17490	0.07402	0.05571	0.20296	0.08326	0.11092	0.03498	0.05615	0.01542	0.00838	0.00718	0.00207	0.02944	0.02237	0.00532	0.00975
3	0.03822	0.20595	0.14002	0.05030	0.02171	0.14619	0.04940	0.10696	0.04773	0.02118	0.01391	0.01679	0.02865	0.00747	0.00697	0.00194	0.05928	0.02486	0.00380	0.00865
4	0.00940	0.00705	0.01058	0.01058	0.01176	0.00823	0.00823	0.01176	0.01058	0.01528	0.01763	0.02586	0.01646	0.04937	0.74255	0.01058	0.01763	0.00705	0.00353	0.00588
5	0.01282	0.01244	0.05462	0.04068	0.15530	0.03635	0.06908	0.03926	0.04001	0.02120	0.09531	0.17658	0.04773	0.01237	0.00756	0.00234	0.00643	0.13663	0.02564	0.00762
6	0.01748	0.02050	0.13092	0.02530	0.24559	0.11745	0.12001	0.11993	0.01775	0.02324	0.01598	0.02086	0.03671	0.00748	0.00680	0.00206	0.00881	0.04980	0.00398	0.00936
7	0.01514	0.09092	0.31145	0.06546	0.05327	0.01551	0.15714	0.05535	0.01520	0.05950	0.01525	0.08822	0.01279	0.00765	0.00665	0.00210	0.00870	0.00693	0.00373	0.00904
8	0.01088	0.04853	0.01092	0.00922	0.01019	0.00944	0.00643	0.01266	0.04854	0.01478	0.01859	0.03381	0.01979	0.46748	0.15539	0.00614	0.06457	0.00815	0.00390	0.04058
9	0.01609	0.01266	0.01532	0.01147	0.01649	0.01144	0.03507	0.13382	0.01665	0.04858	0.01372	0.01556	0.01086	0.00616	0.00622	0.00139	0.04620	0.00480	0.08232	0.49520
10	0.01550	0.03980	0.14238	0.04453	0.17062	0.01604	0.15014	0.06524	0.06578	0.02220	0.02943	0.01690	0.01155	0.00697	0.00828	0.00205	0.09481	0.00605	0.00375	0.08797
11	0.53698	0.04682	0.05795	0.00976	0.01395	0.01426	0.00858	0.04500	0.04780	0.02778	0.08383	0.01836	0.05166	0.00759	0.00501	0.00203	0.00528	0.00530	0.00458	0.00750
12	0.02139	0.01633	0.01746	0.01409	0.01864	0.01814	0.01140	0.47565	0.20574	0.03591	0.02167	0.04861	0.04644	0.00904	0.00674	0.00208	0.00642	0.00716	0.00658	0.01052
13	0.01608	0.11521	0.28814	0.07621	0.05156	0.01543	0.06435	0.04219	0.04938	0.08785	0.01377	0.01549	0.01019	0.00630	0.00601	0.00186	0.00797	0.00520	0.00382	0.12297
14	0.02283	0.02796	0.01910	0.01696	0.02057	0.59035	0.04803	0.02739	0.12835	0.01817	0.01296	0.01418	0.01039	0.00706	0.00615	0.00181	0.01078	0.00493	0.00391	0.00814

[dist]
# distance from previous block
# <min> <max>
5	7

[block]
# block no. 3 follows, 33 sequences, length 6
# corresponding to MSA columns:
# 105-110
name=unknown_D
#
# <colnr> <probs for GDERKNQSTAVLIFYWHMCP>
#	G	D	E	R	K	N	Q	S	T	A	V	L	I	F	Y	W	H	M	C	P
0	0.01176	0.01098	0.01656	0.01426	0.01674	0.06301	0.15031	0.01460	0.01263	0.01679	0.01995	0.02887	0.05320	0.07014	0.42155	0.00713	0.01388	0.04732	0.00378	0.00652
1	0.01656	0.22225	0.35751	0.01576	0.02291	0.06791	0.01749	0.08520	0.09470	0.02178	0.01306	0.01427	0.00996	0.00658	0.00579	0.00189	0.00844	0.00486	0.00362	0.00947
2	0.01617	0.13088	0.26826	0.02079	0.18798	0.05949	0.01720	0.02066	0.01509	0.08373	0.06574	0.05571	0.01528	0.00754	0.00626	0.00196	0.00787	0.00625	0.00391	0.00923
3	0.01497	0.00791	0.01017	0.00916	0.01173	0.00700	0.00702	0.01729	0.01698	0.23831	0.26800	0.16347	0.17419	0.01366	0.00753	0.00219	0.00403	0.01182	0.00711	0.00746
4	0.01592	0.05665	0.07913	0.09334	0.22339	0.01367	0.07775	0.06104	0.01597	0.09860	0.04167	0.09214	0.06619	0.00899	0.00688	0.00211	0.00717	0.02595	0.00456	0.00889
5	0.10714	0.07235	0.02051	0.08536	0.09869	0.13228	0.09276	0.04009	0.10153	0.02126	0.03420	0.08639	0.01495	0.00843	0.00732	0.00210	0.05530	0.00694	0.00418	0.00822

[dist]
# distance from previous block
# <min> <max>
0	3

[block]
# block no. 4 follows, 33 sequences, length 22
# corresponding to MSA columns:
# 114-135
name=unknown_E
#
# <colnr> <probs for GDERKNQSTAVLIFYWHMCP>
#	G	D	E	R	K	N	Q	S	T	A	V	L	I	F	Y	W	H	M	C	P
0	0.01689	0.07612	0.08432	0.17018	0.21463	0.10019	0.10003	0.06851	0.01613	0.04072	0.01456	0.01755	0.03770	0.00672	0.00647	0.00199	0.00870	0.00598	0.00363	0.00897
1	0.01721	0.02868	0.35116	0.05122	0.04907	0.24535	0.01842	0.04844	0.01588	0.01957	0.01336	0.01550	0.03593	0.00721	0.00721	0.00201	0.05659	0.00519	0.00328	0.00872
2	0.01615	0.01666	0.09220	0.04543	0.05906	0.12040	0.10919	0.05360	0.04875	0.08708	0.02210	0.15161	0.05034	0.03444	0.03492	0.00263	0.00811	0.03445	0.00477	0.00809
3	0.01600	0.04870	0.14248	0.14762	0.11176	0.07692	0.22100	0.05209	0.05963	0.02093	0.01311	0.01642	0.01004	0.00646	0.00713	0.00210	0.02903	0.00614	0.00350	0.00897
4	0.01398	0.05679	0.18757	0.06671	0.18314	0.01363	0.05095	0.05376	0.01458	0.03844	0.01781	0.16706	0.01717	0.03502	0.03670	0.00263	0.02317	0.00837	0.00401	0.00848
5	0.00880	0.00694	0.00814	0.00929	0.01009	0.03360	0.00645	0.01020	0.01348	0.01745	0.06939	0.59693	0.11628	0.01924	0.00824	0.00258	0.00414	0.04719	0.00606	0.00553
6	0.01576	0.15326	0.23646	0.07634	0.05362	0.07368	0.16501	0.04539	0.01505	0.01982	0.01271	0.01741	0.01040	0.00690	0.00699	0.00204	0.03848	0.03859	0.00329	0.00878
7	0.01827	0.04050	0.20916	0.07882	0.06070	0.11682	0.08819	0.08507	0.08095	0.10364	0.01598	0.04504	0.01226	0.00740	0.00655	0.00205	0.00860	0.00624	0.00440	0.00935
8	0.01565	0.02013	0.21613	0.10668	0.30187	0.03846	0.04992	0.05082	0.01528	0.04825	0.01386	0.04466	0.01130	0.00811	0.02861	0.00231	0.00875	0.00618	0.00355	0.00947
9	0.00917	0.00775	0.03297	0.00999	0.01137	0.00687	0.03278	0.01179	0.04982	0.01814	0.05376	0.50895	0.10904	0.03979	0.03255	0.00287	0.00478	0.01547	0.03622	0.00594
10	0.01628	0.08372	0.09365	0.13989	0.04335	0.01526	0.16508	0.12388	0.01703	0.07363	0.03888	0.08215	0.01553	0.00979	0.03388	0.00243	0.00840	0.02407	0.00444	0.00866
11	0.03554	0.03989	0.15394	0.09886	0.17030	0.10719	0.09534	0.07436	0.01609	0.04177	0.03558	0.01638	0.01123	0.00701	0.00768	0.00207	0.06829	0.00580	0.00367	0.00901
12	0.01144	0.00572	0.00858	0.00858	0.00858	0.00572	0.00572	0.00858	0.00858	0.01144	0.01144	0.02001	0.01144	0.02287	0.02573	0.80846	0.00572	0.00572	0.00286	0.00286
13	0.01931	0.26255	0.04201	0.04226	0.12295	0.25883	0.01359	0.02176	0.01550	0.04195	0.03731	0.01428	0.01104	0.00691	0.00676	0.00178	0.06460	0.00480	0.00343	0.00838
14	0.01440	0.01168	0.01373	0.00984	0.01566	0.00882	0.00789	0.01730	0.01389	0.05482	0.01237	0.01406	0.01006	0.00503	0.00496	0.00102	0.00491	0.00403	0.00410	0.77143
15	0.01761	0.04360	0.14989	0.01835	0.04196	0.14906	0.11830	0.05706	0.03648	0.06950	0.01470	0.05124	0.01252	0.00865	0.00961	0.00222	0.15396	0.03273	0.00398	0.00857
16	0.02066	0.02701	0.26589	0.01738	0.04849	0.26251	0.01647	0.11686	0.01857	0.10689	0.02947	0.01536	0.01100	0.00703	0.00628	0.00193	0.00941	0.00520	0.00426	0.00934
17	0.01760	0.77260	0.03450	0.01126	0.01690	0.02605	0.01126	0.01971	0.01338	0.01549	0.00915	0.01056	0.00845	0.00563	0.00422	0.00141	0.00704	0.00352	0.00282	0.00845
18	0.04205	0.01237	0.01372	0.01048	0.01553	0.04246	0.00837	0.04541	0.03994	0.13672	0.06735	0.01938	0.03620	0.00675	0.00560	0.00141	0.00524	0.00541	0.00507	0.48054
19	0.02170	0.02647	0.01944	0.01826	0.05659	0.53031	0.01352	0.02345	0.01640	0.01633	0.00992	0.01271	0.00862	0.00788	0.00974	0.00199	0.19103	0.00469	0.00326	0.00767
20	0.00940	0.00730	0.00842	0.00861	0.01052	0.00673	0.00676	0.03796	0.01567	0.01977	0.12210	0.08904	0.39906	0.05583	0.00942	0.00263	0.00430	0.17450	0.00613	0.00588
21	0.01888	0.01532	0.02327	0.09724	0.36299	0.04201	0.06694	0.09247	0.03703	0.13241	0.01671	0.01882	0.03181	0.00690	0.00666	0.00202	0.00770	0.00634	0.00451	0.00997

[dist]
# distance from previous block
# <min> <max>
0	1

[block]
# block no. 5 follows, 33 sequences, length 41
# corresponding to MSA columns:
# 137-177
name=unknown_F
#
# <colnr> <probs for GDERKNQSTAVLIFYWHMCP>
#	G	D	E	R	K	N	Q	S	T	A	V	L	I	F	Y	W	H	M	C	P
0	0.04650	0.01449	0.01557	0.05426	0.01893	0.01672	0.01099	0.11711	0.56563	0.02876	0.02394	0.02257	0.01789	0.00857	0.00658	0.00219	0.00566	0.00702	0.00638	0.01022
1	0.01760	0.77260	0.03450	0.01126	0.01690	0.02605	0.01126	0.01971	0.01338	0.01549	0.00915	0.01056	0.00845	0.00563	0.00422	0.00141	0.00704	0.00352	0.00282	0.00845
2	0.01365	0.01170	0.01365	0.00975	0.01560	0.00878	0.00780	0.01658	0.01365	0.02145	0.01170	0.01365	0.00975	0.00488	0.00488	0.00098	0.00488	0.00390	0.00390	0.80888
3	0.00944	0.00690	0.00979	0.00979	0.01070	0.00780	0.00725	0.01125	0.01035	0.01470	0.01835	0.02984	0.01819	0.21556	0.57872	0.00961	0.01503	0.00764	0.00363	0.00544
4	0.01360	0.01267	0.02129	0.50481	0.25121	0.01458	0.01829	0.01779	0.01375	0.01857	0.01232	0.01746	0.00962	0.00641	0.00648	0.00209	0.00825	0.00587	0.03674	0.00821
5	0.01637	0.01414	0.01489	0.01340	0.01712	0.01637	0.01042	0.03498	0.71568	0.02754	0.02679	0.02456	0.02010	0.00893	0.00670	0.00223	0.00521	0.00744	0.00670	0.01042
6	0.00797	0.00657	0.00700	0.00711	0.00906	0.00560	0.00525	0.00972	0.01511	0.01856	0.13103	0.14037	0.58033	0.01678	0.00785	0.00226	0.00337	0.01423	0.00623	0.00560
7	0.00957	0.00638	0.00718	0.00718	0.00718	0.00638	0.00399	0.00957	0.00957	0.01276	0.02074	0.04308	0.02393	0.76864	0.03351	0.00638	0.00638	0.00957	0.00399	0.00399
8	0.00903	0.00672	0.00840	0.00798	0.00966	0.00609	0.00598	0.01187	0.01795	0.02478	0.60086	0.05183	0.18636	0.01406	0.00777	0.00210	0.00315	0.01228	0.00703	0.00609
9	0.81514	0.01273	0.00968	0.00866	0.01273	0.01477	0.00713	0.01935	0.01120	0.02954	0.00917	0.01069	0.00713	0.00611	0.00407	0.00204	0.00509	0.00356	0.00407	0.00713
10	0.01243	0.01170	0.01975	0.75282	0.04534	0.01463	0.01828	0.01682	0.01316	0.01682	0.01170	0.01755	0.00878	0.00658	0.00658	0.00219	0.00878	0.00585	0.00293	0.00731
11	0.00802	0.00573	0.00764	0.00917	0.00955	0.00535	0.00611	0.00917	0.01260	0.01681	0.03628	0.76434	0.04354	0.02062	0.00840	0.00267	0.00382	0.01872	0.00611	0.00535
12	0.01453	0.04066	0.01515	0.01067	0.01605	0.03727	0.00863	0.03438	0.01404	0.02120	0.01147	0.01357	0.00962	0.00546	0.00596	0.00116	0.05143	0.00406	0.00385	0.68084
13	0.00941	0.00702	0.01039	0.01039	0.01150	0.00813	0.00799	0.01164	0.01052	0.01514	0.01781	0.02681	0.01687	0.08908	0.70341	0.01035	0.01701	0.00719	0.00355	0.00577
14	0.05089	0.42569	0.08899	0.05382	0.02015	0.06991	0.01287	0.14068	0.01696	0.04888	0.01141	0.01270	0.00919	0.00633	0.00514	0.00168	0.00759	0.00436	0.00377	0.00898
15	0.01100	0.00827	0.00954	0.00910	0.01123	0.00814	0.00680	0.01653	0.15797	0.05092	0.28025	0.12942	0.22519	0.03553	0.00831	0.00234	0.00387	0.01204	0.00665	0.00693
16	0.01863	0.33116	0.02390	0.01305	0.01767	0.09197	0.01127	0.11196	0.25020	0.02296	0.01666	0.01773	0.01347	0.00747	0.00565	0.00183	0.00690	0.02348	0.00473	0.00931
17	0.01320	0.03405	0.73453	0.01876	0.02849	0.01529	0.02432	0.02085	0.01390	0.02085	0.01181	0.01390	0.00834	0.00625	0.00625	0.00208	0.00973	0.00486	0.00278	0.00973
18	0.00890	0.00661	0.00836	0.00867	0.01009	0.00607	0.00653	0.01127	0.01612	0.02168	0.34986	0.21365	0.18632	0.01631	0.00809	0.00236	0.00370	0.10293	0.00661	0.00587
19	0.01513	0.14094	0.52672	0.01783	0.02638	0.01699	0.06637	0.05132	0.01486	0.04706	0.01221	0.01406	0.00888	0.00626	0.00608	0.00199	0.00916	0.00497	0.00319	0.00960
20	0.00802	0.00573	0.00764	0.00917	0.00955	0.00535	0.00611	0.00917	0.01260	0.01681	0.03628	0.76434	0.04354	0.02062	0.00840	0.00267	0.00382	0.01872	0.00611	0.00535
21	0.01554	0.01776	0.03885	0.02775	0.03441	0.01665	0.70366	0.02109	0.01554	0.02109	0.01332	0.01776	0.00999	0.00555	0.00777	0.00222	0.01110	0.00777	0.00333	0.00888
22	0.01639	0.01704	0.05892	0.05823	0.64655	0.04613	0.02003	0.02040	0.01504	0.02112	0.01225	0.01603	0.01020	0.00594	0.00648	0.00196	0.00811	0.00575	0.00323	0.01019
23	0.01435	0.01436	0.11184	0.01534	0.06743	0.01259	0.04680	0.09321	0.01586	0.07678	0.05435	0.12809	0.15413	0.01265	0.02720	0.00251	0.13013	0.00942	0.00498	0.00798
24	0.00951	0.00636	0.00720	0.00726	0.00727	0.00634	0.00407	0.00956	0.00969	0.01292	0.02133	0.07056	0.02468	0.74014	0.03255	0.00624	0.00628	0.00992	0.00407	0.00404
25	0.11369	0.01153	0.01105	0.00984	0.01273	0.07822	0.00764	0.10385	0.01817	0.07055	0.23735	0.05860	0.21778	0.01193	0.00693	0.00207	0.00495	0.00977	0.00613	0.00722
26	0.04730	0.01654	0.07440	0.15479	0.48903	0.04286	0.01896	0.01959	0.01460	0.02069	0.01348	0.01721	0.02910	0.00635	0.00642	0.00200	0.00804	0.00586	0.00328	0.00949
27	0.00952	0.00660	0.00826	0.00826	0.00864	0.00697	0.00534	0.01027	0.00989	0.01357	0.01975	0.03759	0.02155	0.53939	0.25950	0.00772	0.00997	0.00877	0.00384	0.00459
28	0.81514	0.01273	0.00968	0.00866	0.01273	0.01477	0.00713	0.01935	0.01120	0.02954	0.00917	0.01069	0.00713	0.00611	0.00407	0.00204	0.00509	0.00356	0.00407	0.00713
29	0.01606	0.17411	0.41961	0.01823	0.04756	0.01768	0.08527	0.07452	0.01555	0.05435	0.01242	0.01423	0.00918	0.00627	0.00605	0.00195	0.00889	0.00508	0.00340	0.00960
30	0.00785	0.00667	0.00677	0.00674	0.00894	0.00559	0.00506	0.00959	0.01517	0.01818	0.09709	0.06270	0.69425	0.01652	0.00778	0.00222	0.00332	0.01380	0.00617	0.00559
31	0.01405	0.20079	0.54757	0.01666	0.02514	0.01738	0.02066	0.02027	0.01396	0.01984	0.03861	0.01450	0.01043	0.00639	0.00585	0.00193	0.00886	0.00483	0.00296	0.00930
32	0.01592	0.01468	0.02408	0.21682	0.40807	0.01556	0.05602	0.09569	0.01625	0.02234	0.01360	0.04641	0.01139	0.00685	0.00669	0.00206	0.00802	0.00649	0.00366	0.00943
33	0.00911	0.00661	0.00778	0.00756	0.00928	0.00596	0.00564	0.01167	0.01670	0.02307	0.40910	0.07824	0.26816	0.01411	0.00744	0.00208	0.00320	0.01215	0.09617	0.00596
34	0.01243	0.01170	0.01975	0.75282	0.04534	0.01463	0.01828	0.01682	0.01316	0.01682	0.01170	0.01755	0.00878	0.00658	0.00658	0.00219	0.00878	0.00585	0.00293	0.00731
35	0.00862	0.00670	0.00783	0.00755	0.00941	0.00591	0.00566	0.01107	0.01698	0.02247	0.42454	0.05564	0.36413	0.01492	0.00777	0.00214	0.00321	0.01281	0.00673	0.00591
36	0.00925	0.00673	0.00871	0.00821	0.00979	0.00618	0.00616	0.01229	0.01847	0.02602	0.69510	0.04980	0.09136	0.01360	0.00777	0.00208	0.00312	0.01199	0.00720	0.00618
37	0.01311	0.01239	0.02097	0.62803	0.16484	0.01480	0.01862	0.01741	0.01348	0.01764	0.01182	0.01733	0.00907	0.00646	0.00657	0.00215	0.00861	0.00585	0.00298	0.00786
38	0.01877	0.60020	0.06097	0.01256	0.01804	0.12165	0.01208	0.05851	0.01508	0.01723	0.00977	0.01117	0.00860	0.00594	0.00467	0.00151	0.00781	0.00381	0.00310	0.00854
39	0.01632	0.01573	0.02543	0.10158	0.56542	0.03832	0.04544	0.05006	0.01567	0.02167	0.01397	0.01763	0.03035	0.00634	0.00659	0.00199	0.00801	0.00612	0.00346	0.00990
40	0.01263	0.04455	0.15406	0.01508	0.08082	0.01235	0.03888	0.06735	0.04937	0.02110	0.06841	0.08538	0.22159	0.03245	0.00890	0.00231	0.06278	0.00938	0.00480	0.00780

[dist]
# distance from previous block
# <min> <max>
0	28

[block]
# block no. 6 follows, 33 sequences, length 75
# corresponding to MSA columns:
# 206-280
name=unknown_G
#
# <colnr> <probs for GDERKNQSTAVLIFYWHMCP>
#	G	D	E	R	K	N	Q	S	T	A	V	L	I	F	Y	W	H	M	C	P
0	0.17190	0.05930	0.01997	0.01611	0.02026	0.40861	0.09156	0.07240	0.04443	0.02142	0.01134	0.01304	0.00904	0.00662	0.00579	0.00185	0.00970	0.00473	0.00384	0.00808
1	0.01658	0.01682	0.04613	0.03454	0.52015	0.03777	0.09446	0.04469	0.04248	0.02190	0.01288	0.01646	0.01057	0.00637	0.00747	0.00204	0.04917	0.00606	0.00349	0.01001
2	0.02315	0.01771	0.01873	0.01432	0.01963	0.03923	0.01175	0.57331	0.02777	0.03748	0.01497	0.01534	0.01088	0.00738	0.00629	0.00180	0.00699	0.00555	0.00605	0.14169
3	0.01377	0.01307	0.02217	0.50543	0.28225	0.01498	0.01895	0.01800	0.01380	0.01845	0.01194	0.01711	0.00935	0.00633	0.00656	0.00211	0.00844	0.00586	0.00304	0.00839
4	0.81514	0.01273	0.00968	0.00866	0.01273	0.01477	0.00713	0.01935	0.01120	0.02954	0.00917	0.01069	0.00713	0.00611	0.00407	0.00204	0.00509	0.00356	0.00407	0.00713
5	0.00940	0.00705	0.01058	0.01058	0.01176	0.00823	0.00823	0.01176	0.01058	0.01528	0.01763	0.02586	0.01646	0.04937	0.74255	0.01058	0.01763	0.00705	0.00353	0.00588
6	0.45615	0.01203	0.01224	0.01005	0.01459	0.01244	0.00829	0.02517	0.01469	0.35060	0.01685	0.01605	0.01132	0.00704	0.00524	0.00204	0.00533	0.00496	0.00594	0.00899
7	0.00957	0.00638	0.00718	0.00718	0.00718	0.00638	0.00399	0.00957	0.00957	0.01276	0.02074	0.04308	0.02393	0.76864	0.03351	0.00638	0.00638	0.00957	0.00399	0.00399
8	0.00860	0.00670	0.00781	0.00753	0.00940	0.00591	0.00565	0.01104	0.01694	0.02238	0.41773	0.05578	0.37099	0.01496	0.00777	0.00214	0.00321	0.01283	0.00672	0.00591
9	0.01117	0.00832	0.01225	0.01101	0.01311	0.00792	0.07468	0.01506	0.06324	0.06014	0.39134	0.21160	0.04682	0.01393	0.00782	0.00226	0.00440	0.03154	0.00658	0.00680
10	0.00957	0.00641	0.00731	0.00731	0.00736	0.00645	0.00415	0.00966	0.00961	0.01286	0.02062	0.04242	0.02365	0.74086	0.06089	0.00654	0.00682	0.00948	0.00397	0.00406
11	0.01691	0.01586	0.04213	0.04411	0.22269	0.10541	0.01360	0.04936	0.15499	0.07015	0.11272	0.06245	0.02107	0.00884	0.00719	0.00208	0.02879	0.00749	0.00506	0.00910
12	0.01767	0.49319	0.17218	0.01358	0.01972	0.09973	0.01405	0.04452	0.03909	0.01794	0.01064	0.01204	0.00893	0.00607	0.00498	0.00162	0.00804	0.00409	0.00313	0.00878
13	0.01538	0.01496	0.12026	0.01237	0.01801	0.01097	0.03149	0.02095	0.10257	0.10222	0.01587	0.01737	0.01225	0.01031	0.07741	0.00239	0.00714	0.00522	0.00452	0.39834
14	0.01383	0.04227	0.15369	0.01615	0.02053	0.04734	0.13327	0.06601	0.03508	0.02079	0.02398	0.07509	0.09213	0.01231	0.03308	0.00263	0.06726	0.13224	0.00446	0.00787
15	0.07085	0.08957	0.01905	0.01331	0.01825	0.01798	0.01114	0.44595	0.02519	0.14354	0.04392	0.01757	0.01362	0.00782	0.00620	0.00192	0.00655	0.00590	0.03132	0.01034
16	0.02637	0.01629	0.01842	0.01413	0.01934	0.01722	0.01167	0.50523	0.02735	0.24697	0.01883	0.01777	0.01271	0.00798	0.00660	0.00199	0.00676	0.00613	0.00705	0.01120
17	0.01570	0.01447	0.02453	0.22631	0.52596	0.01518	0.01936	0.01970	0.01463	0.04297	0.01264	0.01682	0.01018	0.00613	0.00654	0.00202	0.00800	0.00589	0.00333	0.00964
18	0.01445	0.01191	0.01776	0.04601	0.14357	0.01230	0.07972	0.07273	0.11908	0.04311	0.04815	0.08591	0.02513	0.01191	0.00771	0.00245	0.00668	0.23770	0.00542	0.00830
19	0.02482	0.01038	0.01341	0.01074	0.01498	0.00944	0.00872	0.02869	0.07057	0.53038	0.04753	0.02381	0.01815	0.00829	0.00630	0.00196	0.00504	0.00677	0.14992	0.01008
20	0.01131	0.00750	0.00843	0.00824	0.00966	0.00782	0.00593	0.01553	0.10843	0.02056	0.08421	0.03549	0.05731	0.22039	0.08020	0.00390	0.00571	0.03313	0.27016	0.00609
21	0.01384	0.01313	0.02228	0.49383	0.29335	0.01500	0.01898	0.01805	0.01383	0.01852	0.01195	0.01709	0.00938	0.00632	0.00656	0.00211	0.00843	0.00586	0.00305	0.00845
22	0.01419	0.10398	0.64277	0.01780	0.02698	0.01613	0.02257	0.02113	0.01402	0.04479	0.01205	0.01387	0.00862	0.00626	0.00607	0.00202	0.00933	0.00480	0.00297	0.00966
23	0.00902	0.00720	0.00779	0.00780	0.00982	0.00672	0.00583	0.01227	0.07340	0.01909	0.07625	0.12219	0.47115	0.01820	0.06461	0.00286	0.00462	0.01267	0.06245	0.00603
24	0.81514	0.01273	0.00968	0.00866	0.01273	0.01477	0.00713	0.01935	0.01120	0.02954	0.00917	0.01069	0.00713	0.00611	0.00407	0.00204	0.00509	0.00356	0.00407	0.00713
25	0.00978	0.00725	0.00920	0.00876	0.01040	0.00696	0.00654	0.01398	0.07398	0.02575	0.61483	0.10277	0.05731	0.01365	0.00773	0.00213	0.00333	0.01208	0.00711	0.00648
26	0.01421	0.01414	0.02012	0.08889	0.02002	0.01963	0.01478	0.01594	0.01038	0.01594	0.00894	0.01471	0.00865	0.01104	0.02014	0.00281	0.68378	0.00577	0.00288	0.00721
27	0.01269	0.01197	0.02022	0.70477	0.09135	0.01469	0.01841	0.01705	0.01329	0.01714	0.01175	0.01747	0.00889	0.00653	0.00658	0.00218	0.00871	0.00585	0.00295	0.00752
28	0.81514	0.01273	0.00968	0.00866	0.01273	0.01477	0.00713	0.01935	0.01120	0.02954	0.00917	0.01069	0.00713	0.00611	0.00407	0.00204	0.00509	0.00356	0.00407	0.00713
29	0.00833	0.00792	0.04497	0.00827	0.01038	0.00615	0.00664	0.01031	0.01448	0.01807	0.07323	0.22983	0.46374	0.01708	0.00793	0.00237	0.00394	0.05463	0.00597	0.00577
30	0.01398	0.08704	0.39111	0.01918	0.06365	0.04308	0.12129	0.01952	0.01426	0.01991	0.01474	0.08471	0.01291	0.00773	0.00655	0.00207	0.00886	0.02767	0.00336	0.03837
31	0.00792	0.00664	0.00688	0.00689	0.00899	0.00561	0.00514	0.00969	0.01523	0.01847	0.12074	0.08657	0.64563	0.01654	0.00780	0.00223	0.00333	0.01390	0.00621	0.00561
32	0.06213	0.04843	0.09777	0.04667	0.26460	0.16336	0.01589	0.02045	0.01510	0.04248	0.01491	0.04933	0.01355	0.00823	0.00719	0.00209	0.04371	0.07167	0.00377	0.00867
33	0.62284	0.15143	0.03490	0.00968	0.01417	0.04016	0.00854	0.01968	0.01191	0.02632	0.00927	0.01080	0.00745	0.00605	0.00422	0.00191	0.00579	0.00362	0.00379	0.00746
34	0.01265	0.01192	0.02013	0.71346	0.08303	0.01468	0.01839	0.01701	0.01326	0.01708	0.01174	0.01748	0.00887	0.00654	0.00658	0.00218	0.00872	0.00585	0.00294	0.00749
35	0.01535	0.01333	0.01616	0.09167	0.07761	0.03511	0.03047	0.11103	0.22433	0.02520	0.08591	0.04534	0.08174	0.00903	0.00667	0.00199	0.00599	0.00769	0.00544	0.10993
36	0.01363	0.00777	0.00838	0.00766	0.00985	0.00767	0.00591	0.08247	0.01650	0.06695	0.11246	0.03118	0.10582	0.00950	0.00568	0.00175	0.00366	0.00777	0.48852	0.00687
37	0.00778	0.00667	0.00667	0.00667	0.00889	0.00556	0.00500	0.00945	0.01501	0.01778	0.06669	0.06336	0.72490	0.01667	0.00778	0.00222	0.00333	0.01389	0.00611	0.00556
38	0.00932	0.00673	0.00880	0.00828	0.00984	0.00621	0.00621	0.01242	0.01863	0.02640	0.72410	0.04918	0.06212	0.01346	0.00776	0.00207	0.00311	0.01191	0.00725	0.00621
39	0.01760	0.77260	0.03450	0.01126	0.01690	0.02605	0.01126	0.01971	0.01338	0.01549	0.00915	0.01056	0.00845	0.00563	0.00422	0.00141	0.00704	0.00352	0.00282	0.00845
40	0.00793	0.00664	0.00671	0.00671	0.00875	0.00563	0.00492	0.00946	0.01455	0.01736	0.06283	0.06165	0.66594	0.07992	0.00994	0.00257	0.00359	0.01353	0.00593	0.00543
41	0.01320	0.03405	0.73453	0.01876	0.02849	0.01529	0.02432	0.02085	0.01390	0.02085	0.01181	0.01390	0.00834	0.00625	0.00625	0.00208	0.00973	0.00486	0.00278	0.00973
42	0.01243	0.01170	0.01975	0.75282	0.04534	0.01463	0.01828	0.01682	0.01316	0.01682	0.01170	0.01755	0.00878	0.00658	0.00658	0.00219	0.00878	0.00585	0.00293	0.00731
43	0.71898	0.01343	0.01090	0.00945	0.01367	0.01546	0.00778	0.10288	0.01361	0.03099	0.00997	0.01132	0.00762	0.00633	0.00438	0.00203	0.00535	0.00385	0.00438	0.00762
44	0.01243	0.01170	0.01975	0.75282	0.04534	0.01463	0.01828	0.01682	0.01316	0.01682	0.01170	0.01755	0.00878	0.00658	0.00658	0.00219	0.00878	0.00585	0.00293	0.00731
45	0.01678	0.01434	0.01511	0.01348	0.01727	0.01656	0.01052	0.06628	0.68372	0.02819	0.02628	0.02415	0.01968	0.00888	0.00669	0.00222	0.00531	0.00737	0.00669	0.01046
46	0.01078	0.00905	0.00969	0.00914	0.01091	0.06844	0.00686	0.01407	0.04030	0.02444	0.56150	0.04657	0.09453	0.03729	0.00844	0.00222	0.00411	0.02862	0.00670	0.00635
47	0.01551	0.01478	0.02484	0.18523	0.56039	0.01546	0.01943	0.02008	0.04173	0.02078	0.01280	0.01687	0.01046	0.00613	0.00654	0.00201	0.00792	0.00592	0.00332	0.00979
48	0.00943	0.00695	0.01003	0.01003	0.01102	0.00793	0.00755	0.01141	0.01042	0.01488	0.01813	0.02863	0.01766	0.16481	0.62876	0.00991	0.01583	0.00746	0.00360	0.00557
49	0.00957	0.00638	0.00718	0.00718	0.00718	0.00638	0.00399	0.00957	0.00957	0.01276	0.02074	0.04308	0.02393	0.76864	0.03351	0.00638	0.00638	0.00957	0.00399	0.00399
50	0.01574	0.01472	0.02336	0.07723	0.52663	0.01526	0.01769	0.02225	0.13904	0.02252	0.04854	0.01939	0.01448	0.00681	0.00661	0.00202	0.00719	0.00643	0.00404	0.01004
51	0.01365	0.01170	0.01365	0.00975	0.01560	0.00878	0.00780	0.01658	0.01365	0.02145	0.01170	0.01365	0.00975	0.00488	0.00488	0.00098	0.00488	0.00390	0.00390	0.80888
52	0.01243	0.01170	0.01975	0.75282	0.04534	0.01463	0.01828	0.01682	0.01316	0.01682	0.01170	0.01755	0.00878	0.00658	0.00658	0.00219	0.00878	0.00585	0.00293	0.00731
53	0.01243	0.01170	0.01975	0.75282	0.04534	0.01463	0.01828	0.01682	0.01316	0.01682	0.01170	0.01755	0.00878	0.00658	0.00658	0.00219	0.00878	0.00585	0.00293	0.00731
54	0.00814	0.00578	0.00760	0.00901	0.00937	0.00543	0.00595	0.00920	0.01237	0.01649	0.03509	0.70881	0.04203	0.07822	0.01034	0.00296	0.00402	0.01801	0.00595	0.00524
55	0.81514	0.01273	0.00968	0.00866	0.01273	0.01477	0.00713	0.01935	0.01120	0.02954	0.00917	0.01069	0.00713	0.00611	0.00407	0.00204	0.00509	0.00356	0.00407	0.00713
56	0.81514	0.01273	0.00968	0.00866	0.01273	0.01477	0.00713	0.01935	0.01120	0.02954	0.00917	0.01069	0.00713	0.00611	0.00407	0.00204	0.00509	0.00356	0.00407	0.00713
57	0.81514	0.01273	0.00968	0.00866	0.01273	0.01477	0.00713	0.01935	0.01120	0.02954	0.00917	0.01069	0.00713	0.00611	0.00407	0.00204	0.00509	0.00356	0.00407	0.00713
58	0.00802	0.00573	0.00764	0.00917	0.00955	0.00535	0.00611	0.00917	0.01260	0.01681	0.03628	0.76434	0.04354	0.02062	0.00840	0.00267	0.00382	0.01872	0.00611	0.00535
59	0.81514	0.01273	0.00968	0.00866	0.01273	0.01477	0.00713	0.01935	0.01120	0.02954	0.00917	0.01069	0.00713	0.00611	0.00407	0.00204	0.00509	0.00356	0.00407	0.00713
60	0.77776	0.01361	0.01010	0.00905	0.01309	0.04916	0.00739	0.01968	0.01156	0.02890	0.00921	0.01075	0.00719	0.00614	0.00416	0.00202	0.00541	0.00360	0.00404	0.00715
61	0.01243	0.01170	0.01975	0.75282	0.04534	0.01463	0.01828	0.01682	0.01316	0.01682	0.01170	0.01755	0.00878	0.00658	0.00658	0.00219	0.00878	0.00585	0.00293	0.00731
62	0.81514	0.01273	0.00968	0.00866	0.01273	0.01477	0.00713	0.01935	0.01120	0.02954	0.00917	0.01069	0.00713	0.00611	0.00407	0.00204	0.00509	0.00356	0.00407	0.00713
63	0.01013	0.00758	0.01101	0.01079	0.01216	0.00880	0.00843	0.04414	0.01153	0.01651	0.01755	0.02539	0.01621	0.04744	0.70820	0.01018	0.01715	0.00700	0.00367	0.00613
64	0.01712	0.01442	0.01810	0.01528	0.01921	0.03621	0.10154	0.20652	0.22688	0.02786	0.02506	0.03425	0.04755	0.01065	0.00740	0.00234	0.00685	0.16766	0.00596	0.00912
65	0.01601	0.01804	0.08286	0.11476	0.29411	0.07860	0.15517	0.04285	0.01555	0.02093	0.04581	0.01759	0.01218	0.00674	0.00760	0.00208	0.05022	0.00631	0.00349	0.00910
66	0.03630	0.03883	0.01983	0.37922	0.07632	0.03738	0.06366	0.04296	0.04062	0.07519	0.01661	0.06624	0.01416	0.00835	0.00679	0.00220	0.00790	0.05531	0.00411	0.00801
67	0.01701	0.23315	0.16966	0.05005	0.02226	0.14445	0.06132	0.04732	0.03946	0.01893	0.01227	0.01582	0.01030	0.00802	0.02478	0.00209	0.05425	0.02748	0.00340	0.03798
68	0.01698	0.03849	0.07213	0.13798	0.13503	0.10297	0.03633	0.12284	0.07706	0.04206	0.01790	0.09058	0.03489	0.00845	0.00660	0.00204	0.00769	0.00716	0.00448	0.03833
69	0.01255	0.01167	0.03894	0.14650	0.06149	0.04496	0.03873	0.05518	0.01522	0.01998	0.07247	0.17097	0.04564	0.03509	0.00911	0.00257	0.04211	0.16492	0.00491	0.00700
70	0.01951	0.07553	0.01756	0.06697	0.01889	0.10862	0.01113	0.19588	0.06020	0.11733	0.01885	0.12780	0.01665	0.03502	0.00843	0.00222	0.05597	0.00764	0.00535	0.03046
71	0.01643	0.03303	0.02164	0.15465	0.19702	0.01531	0.07675	0.14248	0.08118	0.02418	0.01449	0.01806	0.01160	0.04207	0.00764	0.00210	0.00744	0.00603	0.00423	0.12369
72	0.08458	0.03773	0.06206	0.06032	0.09388	0.03456	0.05576	0.04784	0.01403	0.04057	0.02270	0.25896	0.04335	0.10214	0.01014	0.00275	0.00640	0.01039	0.00466	0.00716
73	0.01763	0.01558	0.07047	0.09990	0.03972	0.04839	0.03889	0.17692	0.11091	0.08293	0.09152	0.02252	0.01815	0.05655	0.00828	0.00225	0.00689	0.00677	0.00532	0.08042
74	0.09130	0.06721	0.01428	0.03453	0.01499	0.02930	0.00877	0.09935	0.07355	0.04836	0.03735	0.10465	0.01827	0.11860	0.06349	0.00316	0.03176	0.00751	0.00480	0.12878

[dist]
# distance from previous block
# <min> <max>
12	73

[block]
# block no. 7 follows, 33 sequences, length 8
# corresponding to MSA columns:
# 367-374
name=unknown_H
#
# <colnr> <probs for GDERKNQSTAVLIFYWHMCP>
#	G	D	E	R	K	N	Q	S	T	A	V	L	I	F	Y	W	H	M	C	P
0	0.11194	0.01387	0.01994	0.13822	0.02408	0.01480	0.12721	0.07158	0.05119	0.04384	0.01274	0.01574	0.00999	0.00695	0.00832	0.00197	0.11886	0.00553	0.00399	0.19924
1	0.05959	0.08144	0.04455	0.01416	0.01946	0.06813	0.01206	0.45246	0.02512	0.08310	0.01485	0.01511	0.01075	0.00731	0.00610	0.00185	0.00725	0.00538	0.00573	0.06559
2	0.01363	0.01399	0.06828	0.55974	0.03894	0.01556	0.01762	0.06096	0.05077	0.01912	0.01251	0.01731	0.00948	0.00716	0.00776	0.00223	0.06788	0.00586	0.00334	0.00787
3	0.01089	0.00804	0.01016	0.00952	0.01103	0.00846	0.00694	0.06627	0.01236	0.01712	0.02116	0.03221	0.06225	0.27732	0.35385	0.00733	0.01133	0.00800	0.00411	0.06165
4	0.07082	0.01667	0.01918	0.01548	0.01955	0.10901	0.10666	0.21512	0.08011	0.05831	0.01769	0.04442	0.03738	0.01159	0.06596	0.00274	0.05958	0.00670	0.00502	0.03801
5	0.18036	0.04215	0.02041	0.12053	0.02370	0.04303	0.13667	0.18346	0.04177	0.05241	0.01711	0.01886	0.05981	0.00754	0.00660	0.00208	0.02395	0.00625	0.00466	0.00866
6	0.03471	0.03731	0.09335	0.04097	0.02086	0.03169	0.03638	0.31814	0.06267	0.07507	0.01536	0.01659	0.01141	0.00957	0.04487	0.00239	0.04602	0.00571	0.00522	0.09169
7	0.11549	0.01438	0.01587	0.04732	0.03668	0.03379	0.02716	0.14344	0.28340	0.09617	0.02169	0.02118	0.04640	0.00810	0.00628	0.00204	0.00602	0.00650	0.00586	0.06222

[dist]
# distance from previous block
# <min> <max>
1	28

[block]
# block no. 8 follows, 33 sequences, length 18
# corresponding to MSA columns:
# 403-420
name=unknown_I
#
# <colnr> <probs for GDERKNQSTAVLIFYWHMCP>
#	G	D	E	R	K	N	Q	S	T	A	V	L	I	F	Y	W	H	M	C	P
0	0.04836	0.01532	0.05556	0.03718	0.03839	0.06250	0.02830	0.16126	0.11727	0.11330	0.05558	0.04579	0.06014	0.00994	0.03086	0.00224	0.00681	0.00701	0.00557	0.09861
1	0.04800	0.04011	0.17700	0.01350	0.01886	0.04156	0.04088	0.05362	0.04259	0.10043	0.08115	0.01998	0.01610	0.03204	0.04774	0.00243	0.03227	0.00595	0.00455	0.18123
2	0.04049	0.04131	0.09668	0.01741	0.08584	0.03561	0.11482	0.09034	0.06046	0.07402	0.03716	0.04255	0.06488	0.00824	0.00702	0.00198	0.02994	0.02830	0.00468	0.11828
3	0.04204	0.01442	0.07700	0.04546	0.10820	0.01262	0.07078	0.07627	0.08618	0.11281	0.05867	0.04013	0.01619	0.03672	0.00820	0.03422	0.00661	0.00663	0.00490	0.14194
4	0.01673	0.01473	0.08730	0.01373	0.01929	0.01172	0.09799	0.06255	0.08413	0.12905	0.08489	0.02013	0.01678	0.00699	0.00619	0.00169	0.00624	0.00613	0.00511	0.30864
5	0.01684	0.01117	0.01446	0.06173	0.04520	0.01083	0.00981	0.06237	0.06565	0.17556	0.20493	0.02624	0.02575	0.00884	0.00736	0.00187	0.04703	0.00729	0.00591	0.19117
6	0.01810	0.01452	0.01877	0.06840	0.05548	0.03721	0.09103	0.10990	0.30942	0.10374	0.08354	0.02339	0.01955	0.00835	0.00685	0.00213	0.00657	0.00732	0.00597	0.00974
7	0.01679	0.01360	0.01465	0.01276	0.01638	0.01523	0.01001	0.17703	0.43023	0.02969	0.10933	0.05508	0.05017	0.00998	0.00691	0.00217	0.00528	0.00831	0.00670	0.00972
8	0.10087	0.01520	0.01702	0.01353	0.01786	0.01652	0.03824	0.43195	0.05163	0.05714	0.09344	0.04882	0.01850	0.04000	0.00769	0.00222	0.00644	0.00712	0.00620	0.00961
9	0.00940	0.00705	0.01058	0.01058	0.01176	0.00823	0.00823	0.01176	0.01058	0.01528	0.01763	0.02586	0.01646	0.04937	0.74255	0.01058	0.01763	0.00705	0.00353	0.00588
10	0.01347	0.01276	0.02162	0.56177	0.22829	0.01490	0.01880	0.01773	0.01365	0.01808	0.01188	0.01721	0.00922	0.00639	0.00656	0.00213	0.00852	0.00585	0.00301	0.00815
11	0.02503	0.01844	0.01976	0.01515	0.02042	0.02042	0.01251	0.70562	0.03095	0.04149	0.01581	0.01581	0.01120	0.00790	0.00659	0.00198	0.00724	0.00593	0.00659	0.01120
12	0.01243	0.01170	0.01975	0.75282	0.04534	0.01463	0.01828	0.01682	0.01316	0.01682	0.01170	0.01755	0.00878	0.00658	0.00658	0.00219	0.00878	0.00585	0.00293	0.00731
13	0.01852	0.01794	0.01704	0.14967	0.02297	0.19665	0.01246	0.15721	0.19362	0.02455	0.05602	0.01987	0.01549	0.01074	0.05599	0.00259	0.00864	0.00628	0.00498	0.00877
14	0.02301	0.15336	0.01992	0.01283	0.01771	0.01701	0.01084	0.25991	0.11008	0.23566	0.05844	0.01974	0.01615	0.00800	0.00624	0.00193	0.00624	0.00621	0.00640	0.01032
15	0.01243	0.01170	0.01975	0.75282	0.04534	0.01463	0.01828	0.01682	0.01316	0.01682	0.01170	0.01755	0.00878	0.00658	0.00658	0.00219	0.00878	0.00585	0.00293	0.00731
16	0.05058	0.01557	0.01609	0.01366	0.01781	0.08939	0.03171	0.09388	0.37621	0.16403	0.02404	0.02247	0.03781	0.00849	0.00656	0.00211	0.00628	0.00687	0.00641	0.01004
17	0.08644	0.01476	0.02262	0.25635	0.10340	0.04467	0.15575	0.05589	0.06026	0.02125	0.01502	0.01861	0.03930	0.00731	0.00786	0.00219	0.06992	0.00641	0.00373	0.00828

[dist]
# distance from previous block
# <min> <max>
5	14

# created by:
# /home/berkeley/.conda/envs/busco_data_prod/bin/msa2prfl.pl pipeline/OGs_align_augustus/4893/6271.fs
