[name]
unknown

[dist]
# distance from previous block
# <min> <max>
0	108

[block]
# block no. 0 follows, 33 sequences, length 9
# corresponding to MSA columns:
# 138-146
name=unknown_A
#
# <colnr> <probs for GDERKNQSTAVLIFYWHMCP>
#	G	D	E	R	K	N	Q	S	T	A	V	L	I	F	Y	W	H	M	C	P
0	0.01387	0.01062	0.01273	0.08462	0.01748	0.05311	0.01067	0.03936	0.06263	0.07695	0.03013	0.07641	0.08011	0.01368	0.00780	0.00249	0.00625	0.33283	0.00568	0.06258
1	0.10939	0.05259	0.04728	0.03733	0.07467	0.11516	0.01162	0.11765	0.08104	0.12844	0.06788	0.01845	0.01515	0.00740	0.00601	0.00186	0.00686	0.00574	0.00516	0.09033
2	0.13208	0.01623	0.02107	0.04352	0.02190	0.11144	0.20480	0.11858	0.01791	0.09382	0.07384	0.02041	0.03571	0.00751	0.00650	0.00202	0.00785	0.00668	0.04964	0.00849
3	0.01538	0.01405	0.05420	0.14850	0.17363	0.03474	0.09380	0.02040	0.07287	0.08884	0.04242	0.04387	0.01503	0.01291	0.10368	0.00318	0.00901	0.00690	0.00425	0.04235
4	0.06417	0.05347	0.17241	0.07410	0.05318	0.06728	0.06265	0.02011	0.03360	0.08431	0.14026	0.02140	0.01926	0.00787	0.00702	0.00198	0.03958	0.00645	0.00444	0.06648
5	0.14149	0.04731	0.07848	0.01304	0.05642	0.03533	0.01038	0.10854	0.09756	0.05380	0.10018	0.04742	0.02020	0.10138	0.02915	0.00277	0.00641	0.00709	0.03496	0.00809
6	0.01150	0.04331	0.08509	0.09775	0.01672	0.00916	0.01001	0.01498	0.01670	0.06265	0.41057	0.08086	0.06466	0.01198	0.00734	0.00213	0.00492	0.03669	0.00600	0.00700
7	0.06511	0.45621	0.02685	0.01242	0.01740	0.09459	0.01117	0.09477	0.12614	0.02099	0.01273	0.01345	0.01050	0.00653	0.00502	0.00166	0.00714	0.00446	0.00395	0.00889
8	0.01009	0.00974	0.07411	0.04250	0.01354	0.00793	0.00863	0.06021	0.01473	0.01953	0.07419	0.39598	0.14664	0.05216	0.00908	0.00263	0.00490	0.04145	0.00567	0.00629

[dist]
# distance from previous block
# <min> <max>
13	44

[block]
# block no. 1 follows, 33 sequences, length 14
# corresponding to MSA columns:
# 192-205
name=unknown_B
#
# <colnr> <probs for GDERKNQSTAVLIFYWHMCP>
#	G	D	E	R	K	N	Q	S	T	A	V	L	I	F	Y	W	H	M	C	P
0	0.08222	0.18612	0.07076	0.05885	0.09313	0.14411	0.01364	0.18784	0.06113	0.02478	0.01267	0.01413	0.00994	0.00674	0.00574	0.00184	0.00802	0.00493	0.00421	0.00921
1	0.01850	0.10561	0.02244	0.02072	0.17971	0.12846	0.05288	0.12770	0.11422	0.02356	0.01508	0.01851	0.01248	0.00740	0.00682	0.00192	0.03541	0.03673	0.00438	0.06746
2	0.01224	0.00849	0.01029	0.00936	0.01211	0.00780	0.00731	0.01599	0.07283	0.09620	0.18334	0.08065	0.21228	0.01589	0.06751	0.00277	0.00528	0.06032	0.00611	0.11324
3	0.00821	0.00588	0.00762	0.00884	0.00934	0.00549	0.00589	0.00940	0.01281	0.01707	0.07561	0.63241	0.07438	0.08112	0.01039	0.00292	0.00397	0.01736	0.00600	0.00530
4	0.00850	0.00637	0.00753	0.00783	0.00903	0.00578	0.00544	0.01009	0.01433	0.01875	0.20644	0.25369	0.26538	0.13638	0.01204	0.00297	0.00390	0.01409	0.00604	0.00540
5	0.00870	0.00613	0.00749	0.00816	0.00863	0.00583	0.00524	0.00962	0.01215	0.01617	0.09122	0.37966	0.08719	0.30269	0.01780	0.00399	0.00469	0.01433	0.00541	0.00492
6	0.01760	0.77260	0.03450	0.01126	0.01690	0.02605	0.01126	0.01971	0.01338	0.01549	0.00915	0.01056	0.00845	0.00563	0.00422	0.00141	0.00704	0.00352	0.00282	0.00845
7	0.00811	0.00588	0.00767	0.00892	0.00953	0.00543	0.00604	0.00945	0.01327	0.01766	0.09497	0.65698	0.09225	0.01976	0.00831	0.00259	0.00373	0.01782	0.00620	0.00543
8	0.02145	0.01549	0.01671	0.01359	0.01803	0.01714	0.01097	0.37794	0.25641	0.08564	0.02066	0.01990	0.01498	0.00824	0.00647	0.00203	0.00611	0.00650	0.07121	0.01053
9	0.01832	0.01481	0.01832	0.01474	0.01894	0.05600	0.10669	0.13189	0.22853	0.09703	0.04256	0.02225	0.04149	0.00827	0.00726	0.00203	0.04031	0.00695	0.05994	0.06368
10	0.13394	0.01757	0.01727	0.04194	0.01853	0.17809	0.04499	0.10633	0.04814	0.02299	0.01254	0.01524	0.01018	0.00804	0.00952	0.00210	0.18908	0.00528	0.08589	0.03233
11	0.43866	0.03925	0.08966	0.01144	0.01627	0.06848	0.01030	0.06931	0.01384	0.02629	0.01035	0.01208	0.00814	0.00636	0.00553	0.00188	0.04011	0.00407	0.00395	0.12403
12	0.01494	0.01184	0.01503	0.05315	0.04244	0.03593	0.05991	0.17107	0.03300	0.02444	0.04545	0.06079	0.05032	0.06002	0.10837	0.00345	0.00787	0.04772	0.12087	0.03341
13	0.01640	0.01310	0.03941	0.01483	0.04428	0.01219	0.11422	0.13604	0.07401	0.09294	0.04354	0.12474	0.05033	0.00995	0.00747	0.03105	0.00626	0.00838	0.03543	0.12543

[dist]
# distance from previous block
# <min> <max>
3	53

[block]
# block no. 2 follows, 33 sequences, length 28
# corresponding to MSA columns:
# 259-286
name=unknown_C
#
# <colnr> <probs for GDERKNQSTAVLIFYWHMCP>
#	G	D	E	R	K	N	Q	S	T	A	V	L	I	F	Y	W	H	M	C	P
0	0.00960	0.00720	0.00879	0.00838	0.01001	0.00684	0.02326	0.03244	0.01462	0.01959	0.17685	0.09974	0.26695	0.14989	0.07969	0.00367	0.00547	0.01154	0.05976	0.00572
1	0.01553	0.08420	0.06637	0.05077	0.01802	0.09295	0.01176	0.04270	0.17402	0.04328	0.01785	0.02354	0.01541	0.06814	0.13025	0.00384	0.08709	0.04180	0.00443	0.00803
2	0.01340	0.01181	0.01814	0.24949	0.13607	0.01284	0.06010	0.05603	0.09007	0.02255	0.16357	0.05165	0.04709	0.00899	0.00696	0.00212	0.00665	0.00812	0.02631	0.00806
3	0.00863	0.00642	0.00788	0.00808	0.00936	0.00584	0.00575	0.01065	0.01552	0.02085	0.33586	0.24870	0.20582	0.06858	0.00973	0.00257	0.00358	0.01407	0.00645	0.00567
4	0.01552	0.01555	0.02081	0.01735	0.01855	0.05722	0.05541	0.05323	0.01217	0.01785	0.00956	0.01450	0.00891	0.01034	0.01819	0.00262	0.58956	0.00570	0.00319	0.05375
5	0.00819	0.00586	0.00779	0.00905	0.00959	0.00546	0.00612	0.00959	0.01339	0.01806	0.12644	0.67060	0.04598	0.01969	0.00832	0.00259	0.00373	0.01782	0.00626	0.00546
6	0.01973	0.01639	0.01821	0.01714	0.12056	0.06615	0.01202	0.31664	0.07939	0.03052	0.04005	0.01734	0.01331	0.00718	0.00617	0.00176	0.00672	0.00573	0.03177	0.17322
7	0.00869	0.00601	0.00744	0.00831	0.00853	0.00579	0.00520	0.00934	0.01130	0.01507	0.02962	0.45504	0.03513	0.34140	0.01917	0.00426	0.00492	0.01479	0.00520	0.00476
8	0.01365	0.01170	0.01365	0.00975	0.01560	0.00878	0.00780	0.01658	0.01365	0.02145	0.01170	0.01365	0.00975	0.00488	0.00488	0.00098	0.00488	0.00390	0.00390	0.80888
9	0.02394	0.01790	0.01914	0.01493	0.02000	0.01991	0.01225	0.62119	0.11716	0.03973	0.01719	0.01691	0.01232	0.00803	0.00660	0.00201	0.00699	0.00612	0.00660	0.01110
10	0.01637	0.01414	0.01489	0.01340	0.01712	0.01637	0.01042	0.03498	0.71568	0.02754	0.02679	0.02456	0.02010	0.00893	0.00670	0.00223	0.00521	0.00744	0.00670	0.01042
11	0.00802	0.00573	0.00764	0.00917	0.00955	0.00535	0.00611	0.00917	0.01260	0.01681	0.03628	0.76434	0.04354	0.02062	0.00840	0.00267	0.00382	0.01872	0.00611	0.00535
12	0.00844	0.00613	0.00796	0.00869	0.00960	0.00565	0.00606	0.01027	0.01479	0.02007	0.26775	0.47487	0.09941	0.01795	0.00814	0.00244	0.00355	0.01609	0.00649	0.00565
13	0.01461	0.01392	0.02367	0.35176	0.42940	0.01520	0.01936	0.01873	0.01419	0.01946	0.01209	0.01684	0.00971	0.00618	0.00655	0.00206	0.00824	0.00586	0.00311	0.00907
14	0.01243	0.01170	0.01975	0.75282	0.04534	0.01463	0.01828	0.01682	0.01316	0.01682	0.01170	0.01755	0.00878	0.00658	0.00658	0.00219	0.00878	0.00585	0.00293	0.00731
15	0.01549	0.01323	0.01678	0.01360	0.06671	0.01127	0.04762	0.11095	0.01621	0.02417	0.01240	0.01435	0.01001	0.00539	0.00538	0.00125	0.00575	0.00453	0.00419	0.60074
16	0.02006	0.02092	0.01981	0.12470	0.17671	0.30573	0.01452	0.08841	0.05664	0.04894	0.05042	0.01708	0.01297	0.00718	0.00638	0.00191	0.00904	0.00565	0.00417	0.00875
17	0.01025	0.00737	0.00886	0.00870	0.00939	0.00791	0.00575	0.01282	0.08450	0.01497	0.02059	0.03675	0.02163	0.50548	0.21089	0.00701	0.00912	0.00871	0.00416	0.00515
18	0.05814	0.14226	0.02280	0.01735	0.09332	0.06076	0.10362	0.02196	0.13648	0.02103	0.01367	0.01567	0.01112	0.00673	0.00729	0.00182	0.08002	0.00536	0.00394	0.17665
19	0.00957	0.00638	0.00718	0.00718	0.00718	0.00638	0.00399	0.00957	0.00957	0.01276	0.02074	0.04308	0.02393	0.76864	0.03351	0.00638	0.00638	0.00957	0.00399	0.00399
20	0.01652	0.06219	0.35826	0.04126	0.02393	0.01540	0.04444	0.10821	0.01636	0.10057	0.01637	0.04248	0.03659	0.00782	0.00747	0.00209	0.06051	0.00610	0.00415	0.02925
21	0.01800	0.01909	0.02719	0.07076	0.35361	0.15543	0.17598	0.06090	0.01664	0.02127	0.01234	0.01582	0.00991	0.00613	0.00670	0.00198	0.00937	0.00600	0.00347	0.00941
22	0.00819	0.00589	0.00781	0.00929	0.00981	0.00551	0.00639	0.00949	0.01286	0.01704	0.03715	0.69405	0.06487	0.02033	0.00843	0.00268	0.00396	0.06473	0.00611	0.00540
23	0.01009	0.00657	0.00852	0.00911	0.01036	0.00601	0.00657	0.01186	0.01456	0.07568	0.15311	0.45568	0.12750	0.01780	0.00812	0.00249	0.00393	0.05956	0.00646	0.00603
24	0.04361	0.05620	0.06604	0.12762	0.19419	0.01671	0.20601	0.09177	0.01590	0.02224	0.01319	0.04235	0.01087	0.00700	0.00771	0.00213	0.05725	0.00658	0.00364	0.00900
25	0.01685	0.01578	0.01462	0.01314	0.01671	0.11413	0.01017	0.06166	0.50367	0.02544	0.02889	0.02716	0.10403	0.00954	0.00672	0.00215	0.00598	0.00772	0.00617	0.00948
26	0.01125	0.00844	0.01027	0.01027	0.01204	0.00885	0.00758	0.01739	0.19410	0.04502	0.12662	0.31217	0.07296	0.01992	0.10780	0.00351	0.00599	0.01262	0.00613	0.00705
27	0.01200	0.10587	0.01329	0.01027	0.01200	0.09521	0.00779	0.01331	0.01324	0.01606	0.03187	0.21818	0.19421	0.13402	0.01283	0.00290	0.08505	0.01114	0.00471	0.00603

[dist]
# distance from previous block
# <min> <max>
1	5

[block]
# block no. 3 follows, 33 sequences, length 23
# corresponding to MSA columns:
# 292-314
name=unknown_D
#
# <colnr> <probs for GDERKNQSTAVLIFYWHMCP>
#	G	D	E	R	K	N	Q	S	T	A	V	L	I	F	Y	W	H	M	C	P
0	0.04133	0.09261	0.36090	0.05132	0.05804	0.08335	0.05434	0.11348	0.01661	0.02299	0.01232	0.01442	0.00921	0.00648	0.00607	0.00196	0.00892	0.00508	0.03127	0.00930
1	0.01652	0.01557	0.02122	0.06341	0.37373	0.04972	0.01580	0.02630	0.29850	0.02347	0.01808	0.01949	0.01417	0.00718	0.00657	0.00207	0.00700	0.00643	0.00464	0.01014
2	0.01264	0.01349	0.05964	0.21306	0.12324	0.01299	0.19110	0.01671	0.01393	0.01868	0.02092	0.04739	0.10453	0.01369	0.10574	0.00331	0.00962	0.00790	0.00366	0.00778
3	0.01741	0.12964	0.06545	0.01457	0.07779	0.03611	0.02959	0.06553	0.07945	0.15376	0.06441	0.11067	0.07279	0.00967	0.00652	0.00199	0.00613	0.00812	0.00541	0.04499
4	0.01494	0.01915	0.18532	0.08130	0.09981	0.11018	0.01475	0.10390	0.01637	0.02128	0.02026	0.18757	0.04769	0.01181	0.03387	0.00247	0.00808	0.00872	0.00433	0.00819
5	0.00821	0.00591	0.00748	0.00865	0.00917	0.00551	0.00572	0.00925	0.01244	0.01636	0.03721	0.59817	0.10845	0.12051	0.01171	0.00313	0.00411	0.01701	0.00583	0.00519
6	0.01232	0.01077	0.04956	0.01316	0.06472	0.01005	0.00971	0.05705	0.15529	0.03890	0.05488	0.30288	0.10122	0.01458	0.00765	0.00242	0.00508	0.07625	0.00596	0.00755
7	0.01974	0.11262	0.11182	0.05933	0.15481	0.17197	0.06477	0.09843	0.03965	0.08541	0.01353	0.01529	0.01031	0.00662	0.00620	0.00190	0.00877	0.00537	0.00408	0.00939
8	0.01091	0.01202	0.10980	0.06647	0.04401	0.00964	0.05695	0.01376	0.01368	0.03916	0.05716	0.34029	0.12183	0.01437	0.00857	0.00241	0.05448	0.01262	0.00504	0.00686
9	0.00814	0.00645	0.00732	0.00759	0.00923	0.00563	0.00551	0.00996	0.01513	0.01923	0.18758	0.22959	0.43137	0.01700	0.00793	0.00230	0.00341	0.01467	0.00633	0.00563
10	0.01729	0.20573	0.11268	0.07915	0.15020	0.07632	0.07221	0.02130	0.03535	0.09091	0.01487	0.06899	0.01260	0.00734	0.00613	0.00192	0.00796	0.00623	0.00388	0.00896
11	0.01972	0.07608	0.05663	0.05548	0.07936	0.15491	0.01339	0.18747	0.07933	0.06475	0.01585	0.06865	0.01325	0.00853	0.00778	0.00205	0.07649	0.00642	0.00475	0.00912
12	0.01528	0.01000	0.01157	0.03301	0.01337	0.01097	0.00814	0.15363	0.05115	0.05827	0.02083	0.02429	0.04015	0.04825	0.10655	0.00323	0.04855	0.00670	0.32851	0.00753
13	0.03717	0.19305	0.05418	0.01780	0.10982	0.07351	0.04443	0.26046	0.07048	0.02743	0.04046	0.01614	0.01255	0.00710	0.00602	0.00186	0.00755	0.00556	0.00472	0.00970
14	0.03946	0.01080	0.01369	0.05364	0.08262	0.01174	0.01003	0.02099	0.20227	0.06964	0.19428	0.03152	0.08817	0.01208	0.04107	0.00253	0.05582	0.00848	0.04304	0.00814
15	0.00914	0.00642	0.00734	0.00744	0.00795	0.00623	0.00459	0.00974	0.01117	0.01466	0.06384	0.10377	0.13993	0.52297	0.05328	0.00536	0.00596	0.01102	0.00464	0.00453
16	0.00852	0.00646	0.00786	0.00802	0.00948	0.00579	0.00582	0.01069	0.01599	0.02134	0.34921	0.23654	0.25780	0.01627	0.00793	0.00227	0.00336	0.01425	0.00661	0.00579
17	0.00914	0.00643	0.00730	0.00735	0.00792	0.00615	0.00455	0.00984	0.01170	0.01540	0.10763	0.09534	0.14867	0.50707	0.02460	0.00495	0.00533	0.01118	0.00485	0.00459
18	0.01143	0.00929	0.01026	0.00998	0.01106	0.06763	0.00710	0.04859	0.01207	0.01590	0.01934	0.08001	0.02013	0.30944	0.33088	0.00731	0.01151	0.00848	0.00402	0.00556
19	0.01760	0.77260	0.03450	0.01126	0.01690	0.02605	0.01126	0.01971	0.01338	0.01549	0.00915	0.01056	0.00845	0.00563	0.00422	0.00141	0.00704	0.00352	0.00282	0.00845
20	0.13144	0.25774	0.15203	0.03722	0.05971	0.08893	0.05021	0.11246	0.01622	0.02265	0.01109	0.01290	0.00881	0.00626	0.00543	0.00182	0.00804	0.00458	0.00360	0.00888
21	0.20890	0.04140	0.01269	0.01069	0.01321	0.06671	0.00833	0.05394	0.06405	0.04409	0.05451	0.05223	0.07404	0.11882	0.03498	0.00300	0.08828	0.00722	0.03588	0.00704
22	0.02503	0.01844	0.01976	0.01515	0.02042	0.02042	0.01251	0.70562	0.03095	0.04149	0.01581	0.01581	0.01120	0.00790	0.00659	0.00198	0.00724	0.00593	0.00659	0.01120

[dist]
# distance from previous block
# <min> <max>
1	2

[block]
# block no. 4 follows, 33 sequences, length 23
# corresponding to MSA columns:
# 317-339
name=unknown_E
#
# <colnr> <probs for GDERKNQSTAVLIFYWHMCP>
#	G	D	E	R	K	N	Q	S	T	A	V	L	I	F	Y	W	H	M	C	P
0	0.00939	0.00680	0.00893	0.01015	0.03676	0.00652	0.00705	0.01072	0.01300	0.01703	0.06597	0.25997	0.15443	0.12098	0.04681	0.07342	0.00541	0.13596	0.00536	0.00537
1	0.01985	0.08731	0.05638	0.01986	0.08662	0.12560	0.13231	0.23287	0.04513	0.02583	0.01306	0.01521	0.01018	0.00732	0.00815	0.00204	0.09275	0.00576	0.00434	0.00942
2	0.02041	0.02063	0.05242	0.09750	0.11249	0.19648	0.01480	0.24318	0.05128	0.02577	0.01308	0.01523	0.01016	0.00759	0.00803	0.00204	0.08972	0.00550	0.00442	0.00928
3	0.01227	0.00614	0.00614	0.00614	0.00767	0.00614	0.00460	0.01534	0.01381	0.02454	0.02148	0.02454	0.01687	0.00767	0.00460	0.00153	0.00307	0.00614	0.80518	0.00614
4	0.03814	0.01419	0.01445	0.01348	0.04201	0.08901	0.00996	0.27756	0.04598	0.02725	0.02269	0.25046	0.02268	0.03947	0.00800	0.00235	0.00633	0.03279	0.03498	0.00823
5	0.01284	0.01135	0.01761	0.04978	0.11101	0.01133	0.12634	0.06956	0.06499	0.02140	0.06384	0.16060	0.12239	0.04962	0.03527	0.00274	0.00676	0.03135	0.00502	0.02620
6	0.01909	0.01657	0.02166	0.05102	0.07238	0.04970	0.12720	0.22748	0.19563	0.04687	0.01722	0.01825	0.01289	0.00747	0.00723	0.00205	0.03563	0.00641	0.00527	0.05998
7	0.01637	0.01414	0.01489	0.01340	0.01712	0.01637	0.01042	0.03498	0.71568	0.02754	0.02679	0.02456	0.02010	0.00893	0.00670	0.00223	0.00521	0.00744	0.00670	0.01042
8	0.01282	0.00866	0.01101	0.01010	0.01178	0.00937	0.00763	0.08768	0.01407	0.06952	0.07058	0.03141	0.05791	0.19401	0.29364	0.00628	0.04341	0.00806	0.04560	0.00648
9	0.01674	0.01272	0.01415	0.04546	0.01606	0.09016	0.03701	0.13732	0.07170	0.07158	0.01745	0.04816	0.01481	0.05280	0.08876	0.15457	0.00789	0.00673	0.08867	0.00726
10	0.00848	0.00624	0.00759	0.00812	0.00909	0.00573	0.00555	0.00996	0.01388	0.01833	0.18075	0.34990	0.19386	0.13721	0.01213	0.00304	0.00397	0.01481	0.00601	0.00535
11	0.00823	0.00653	0.00745	0.00791	0.00956	0.00574	0.00588	0.01002	0.01475	0.01848	0.11444	0.23520	0.43747	0.01749	0.00805	0.00239	0.00368	0.07490	0.00621	0.00561
12	0.01537	0.04785	0.11711	0.11077	0.16761	0.06623	0.04040	0.05297	0.16264	0.02184	0.01912	0.08140	0.03411	0.00859	0.00670	0.00212	0.00751	0.02427	0.00440	0.00899
13	0.01629	0.01564	0.02672	0.04041	0.72757	0.01564	0.02020	0.02020	0.01499	0.02151	0.01238	0.01629	0.01043	0.00587	0.00652	0.00196	0.00782	0.00587	0.00326	0.01043
14	0.00945	0.00662	0.00779	0.00807	0.00854	0.00655	0.00510	0.01082	0.03964	0.01560	0.07614	0.20211	0.05749	0.47066	0.02343	0.00484	0.00542	0.03195	0.00493	0.00482
15	0.01385	0.01391	0.03092	0.03400	0.12105	0.11053	0.05149	0.05959	0.04752	0.02102	0.10559	0.11315	0.20651	0.01166	0.00760	0.00214	0.02687	0.00995	0.00510	0.00755
16	0.01647	0.09489	0.07710	0.01608	0.11011	0.05725	0.01216	0.07408	0.11578	0.05655	0.04175	0.04310	0.01482	0.00943	0.04412	0.00218	0.00712	0.00597	0.00457	0.19648
17	0.01005	0.00751	0.00983	0.00951	0.00993	0.00857	0.00666	0.01105	0.00999	0.01400	0.01829	0.03376	0.01957	0.42815	0.28518	0.00749	0.09348	0.00825	0.00370	0.00502
18	0.00886	0.00678	0.00888	0.01047	0.04276	0.00649	0.00689	0.01113	0.04459	0.01808	0.07502	0.54225	0.12719	0.01962	0.03559	0.00283	0.00448	0.01621	0.00597	0.00590
19	0.01563	0.08560	0.09857	0.04140	0.03407	0.10653	0.03071	0.12096	0.01626	0.02116	0.01824	0.08441	0.04173	0.01579	0.12223	0.00342	0.06299	0.03751	0.03493	0.00786
20	0.01607	0.07236	0.25007	0.08586	0.12751	0.07641	0.09273	0.05355	0.01535	0.04642	0.01477	0.01729	0.04212	0.00710	0.00736	0.00206	0.05456	0.00585	0.00351	0.00904
21	0.01496	0.01566	0.08892	0.01920	0.12552	0.06632	0.13297	0.05526	0.03437	0.05370	0.07512	0.07386	0.07538	0.05520	0.00919	0.00245	0.02686	0.06221	0.00468	0.00814
22	0.04092	0.04835	0.03681	0.01853	0.19424	0.10595	0.01150	0.01608	0.01362	0.01815	0.06048	0.14747	0.02119	0.14069	0.06157	0.00340	0.04109	0.00866	0.00411	0.00720

[dist]
# distance from previous block
# <min> <max>
3	21

[block]
# block no. 5 follows, 33 sequences, length 12
# corresponding to MSA columns:
# 361-372
name=unknown_F
#
# <colnr> <probs for GDERKNQSTAVLIFYWHMCP>
#	G	D	E	R	K	N	Q	S	T	A	V	L	I	F	Y	W	H	M	C	P
0	0.00840	0.00627	0.00731	0.00782	0.00882	0.00572	0.00527	0.00962	0.01321	0.01701	0.10003	0.30987	0.26601	0.18791	0.01382	0.00331	0.00418	0.01449	0.00573	0.00518
1	0.03980	0.00850	0.01181	0.01056	0.01228	0.00869	0.07031	0.05067	0.01278	0.01767	0.04904	0.07027	0.11620	0.25060	0.20240	0.03998	0.00899	0.00929	0.00441	0.00574
2	0.00901	0.00681	0.00814	0.00881	0.00985	0.00657	0.00606	0.01182	0.07759	0.01802	0.07822	0.44211	0.16245	0.10927	0.01115	0.00297	0.00413	0.01532	0.00597	0.00574
3	0.00824	0.00596	0.00762	0.00869	0.00932	0.00553	0.00585	0.00952	0.01314	0.01745	0.10102	0.57588	0.10657	0.07981	0.01031	0.00288	0.00392	0.01691	0.00604	0.00534
4	0.01804	0.08478	0.25467	0.01895	0.02575	0.08448	0.17322	0.18213	0.05050	0.02517	0.01341	0.01525	0.00994	0.00660	0.00650	0.00201	0.00924	0.00573	0.00403	0.00962
5	0.26148	0.03657	0.04583	0.01562	0.09405	0.16978	0.01153	0.04631	0.01478	0.06921	0.01237	0.04101	0.01030	0.00729	0.00674	0.00194	0.06797	0.00507	0.00408	0.07809
6	0.23804	0.09235	0.01544	0.01125	0.01512	0.01446	0.03748	0.16889	0.01720	0.05689	0.02209	0.02774	0.09727	0.04374	0.00724	0.00227	0.00592	0.08003	0.03864	0.00793
7	0.01587	0.12777	0.11182	0.01898	0.13247	0.07160	0.07717	0.07455	0.05380	0.02167	0.06317	0.08828	0.01680	0.00834	0.00702	0.00197	0.03838	0.00704	0.00417	0.05916
8	0.01881	0.14109	0.11153	0.07002	0.12051	0.11458	0.01465	0.13981	0.07274	0.05307	0.01368	0.01518	0.01055	0.00666	0.00594	0.00182	0.00792	0.00516	0.00422	0.07207
9	0.06402	0.14945	0.01963	0.01450	0.06410	0.10815	0.01106	0.19796	0.07304	0.07382	0.05603	0.04570	0.01563	0.03602	0.00701	0.00202	0.00694	0.00618	0.00508	0.04366
10	0.05143	0.04202	0.03679	0.01428	0.07997	0.05387	0.03925	0.10559	0.09570	0.02302	0.06774	0.09997	0.02165	0.14662	0.01141	0.00284	0.00632	0.02490	0.06896	0.00765
11	0.05597	0.04532	0.09014	0.01749	0.08720	0.08604	0.09539	0.16528	0.07392	0.02550	0.01789	0.04713	0.04890	0.00776	0.00633	0.00193	0.00747	0.00654	0.04127	0.07253

[dist]
# distance from previous block
# <min> <max>
6	88

[block]
# block no. 6 follows, 33 sequences, length 17
# corresponding to MSA columns:
# 461-477
name=unknown_G
#
# <colnr> <probs for GDERKNQSTAVLIFYWHMCP>
#	G	D	E	R	K	N	Q	S	T	A	V	L	I	F	Y	W	H	M	C	P
0	0.08035	0.12343	0.08139	0.04644	0.16832	0.08778	0.05599	0.04363	0.04080	0.07514	0.06207	0.05134	0.01521	0.00748	0.00613	0.00192	0.00742	0.00627	0.00425	0.03466
1	0.06667	0.08775	0.08642	0.03347	0.09234	0.16106	0.01269	0.06518	0.06173	0.04736	0.03452	0.01788	0.04788	0.00725	0.00625	0.00178	0.02610	0.00548	0.00420	0.13400
2	0.06867	0.06527	0.03901	0.10583	0.13468	0.10382	0.05560	0.07813	0.10910	0.06611	0.01725	0.09682	0.01483	0.00835	0.00646	0.00206	0.00750	0.00709	0.00459	0.00883
3	0.06345	0.01377	0.01554	0.05946	0.06096	0.05770	0.01084	0.11501	0.14075	0.11554	0.01914	0.08439	0.01573	0.00872	0.00713	0.00200	0.04923	0.00694	0.05304	0.10066
4	0.12652	0.06736	0.01819	0.03498	0.11869	0.23881	0.01202	0.09469	0.01699	0.05577	0.01385	0.01894	0.01196	0.04942	0.00744	0.00212	0.00816	0.04619	0.00421	0.05370
5	0.05813	0.01737	0.02209	0.07739	0.20918	0.13646	0.11287	0.09882	0.04949	0.02311	0.03983	0.05252	0.01369	0.00733	0.00654	0.00197	0.00819	0.00655	0.00416	0.05431
6	0.06032	0.01476	0.02310	0.13346	0.22618	0.01537	0.12151	0.10737	0.01615	0.02334	0.01290	0.01728	0.01050	0.00674	0.00742	0.00199	0.05694	0.02242	0.00383	0.11841
7	0.01848	0.01944	0.02310	0.05184	0.33990	0.20830	0.05132	0.02285	0.07365	0.03713	0.01300	0.01590	0.01061	0.00696	0.00786	0.00202	0.07909	0.00567	0.00366	0.00922
8	0.00925	0.00681	0.00850	0.00895	0.01011	0.00633	0.00632	0.01063	0.01245	0.01669	0.03232	0.34739	0.09946	0.18696	0.05105	0.00374	0.00541	0.09174	0.00529	0.08058
9	0.05994	0.02652	0.01781	0.01574	0.01951	0.52307	0.01202	0.10678	0.08977	0.02108	0.01252	0.01363	0.00996	0.00703	0.00596	0.00177	0.01008	0.00472	0.00415	0.03795
10	0.00802	0.00573	0.00764	0.00917	0.00955	0.00535	0.00611	0.00917	0.01260	0.01681	0.03628	0.76434	0.04354	0.02062	0.00840	0.00267	0.00382	0.01872	0.00611	0.00535
11	0.01636	0.01487	0.02202	0.14692	0.31272	0.01613	0.04791	0.07984	0.22613	0.02415	0.01691	0.01901	0.01310	0.00705	0.00665	0.00209	0.00730	0.00643	0.00451	0.00990
12	0.00799	0.00640	0.00715	0.00755	0.00917	0.00556	0.00544	0.00964	0.01463	0.01828	0.11787	0.26924	0.46287	0.01755	0.00796	0.00234	0.00346	0.01514	0.00622	0.00556
13	0.01757	0.01945	0.05963	0.02344	0.24439	0.20062	0.03717	0.02238	0.09159	0.02031	0.01382	0.01657	0.01127	0.00736	0.00818	0.00201	0.10547	0.00564	0.08435	0.00878
14	0.00805	0.00667	0.00709	0.00724	0.00928	0.00570	0.00548	0.00985	0.01507	0.01832	0.09928	0.10582	0.60468	0.01683	0.00790	0.00229	0.00352	0.05514	0.00617	0.00561
15	0.01319	0.01170	0.01275	0.01007	0.01468	0.05264	0.00776	0.01568	0.01375	0.02020	0.01653	0.16369	0.01643	0.00814	0.00565	0.00136	0.00509	0.00688	0.00431	0.59950
16	0.06810	0.01754	0.06727	0.04284	0.07748	0.10567	0.07219	0.09077	0.08431	0.02369	0.01343	0.01524	0.01052	0.00619	0.00585	0.00166	0.00730	0.00510	0.00418	0.28067

[dist]
# distance from previous block
# <min> <max>
0	29

[block]
# block no. 7 follows, 33 sequences, length 9
# corresponding to MSA columns:
# 507-515
name=unknown_H
#
# <colnr> <probs for GDERKNQSTAVLIFYWHMCP>
#	G	D	E	R	K	N	Q	S	T	A	V	L	I	F	Y	W	H	M	C	P
0	0.02079	0.11313	0.04346	0.01742	0.09018	0.28375	0.01296	0.09072	0.18908	0.05184	0.01558	0.01613	0.01209	0.00722	0.00607	0.00187	0.00849	0.00538	0.00460	0.00924
1	0.07263	0.07584	0.11886	0.10902	0.26590	0.06744	0.01683	0.07828	0.01539	0.02170	0.01199	0.01535	0.00974	0.00886	0.04641	0.00246	0.04545	0.00534	0.00347	0.00906
2	0.01116	0.00831	0.01045	0.01100	0.01283	0.00837	0.00899	0.06319	0.06254	0.02159	0.08940	0.17589	0.11990	0.01669	0.00838	0.00267	0.00517	0.35065	0.00625	0.00655
3	0.00957	0.00638	0.00718	0.00718	0.00718	0.00638	0.00399	0.00957	0.00957	0.01276	0.02074	0.04308	0.02393	0.76864	0.03351	0.00638	0.00638	0.00957	0.00399	0.00399
4	0.00963	0.00683	0.00791	0.00780	0.00975	0.00595	0.00578	0.01161	0.01573	0.06702	0.21581	0.17280	0.40752	0.01599	0.00780	0.00225	0.00351	0.01373	0.00652	0.00605
5	0.05197	0.01685	0.03299	0.07462	0.06011	0.01692	0.49723	0.07235	0.01595	0.02238	0.01284	0.01698	0.00979	0.00626	0.00836	0.00223	0.06272	0.00709	0.00355	0.00882
6	0.02503	0.01844	0.01976	0.01515	0.02042	0.02042	0.01251	0.70562	0.03095	0.04149	0.01581	0.01581	0.01120	0.00790	0.00659	0.00198	0.00724	0.00593	0.00659	0.01120
7	0.00868	0.00646	0.00760	0.00822	0.00929	0.00598	0.00581	0.00997	0.01302	0.01653	0.04261	0.25171	0.27069	0.20523	0.01454	0.00349	0.00460	0.10483	0.00558	0.00518
8	0.01629	0.01564	0.02672	0.04041	0.72757	0.01564	0.02020	0.02020	0.01499	0.02151	0.01238	0.01629	0.01043	0.00587	0.00652	0.00196	0.00782	0.00587	0.00326	0.01043

[dist]
# distance from previous block
# <min> <max>
0	2

[block]
# block no. 8 follows, 33 sequences, length 24
# corresponding to MSA columns:
# 518-540,547
name=unknown_I
#
# <colnr> <probs for GDERKNQSTAVLIFYWHMCP>
#	G	D	E	R	K	N	Q	S	T	A	V	L	I	F	Y	W	H	M	C	P
0	0.13938	0.01520	0.02301	0.07892	0.50814	0.01589	0.01736	0.08381	0.01578	0.02430	0.01217	0.01547	0.00989	0.00614	0.00615	0.00199	0.00741	0.00552	0.00367	0.00979
1	0.01714	0.73647	0.03318	0.01105	0.01652	0.02508	0.01097	0.01923	0.01345	0.01560	0.01187	0.01305	0.04224	0.00615	0.00439	0.00145	0.00687	0.00401	0.00297	0.00831
2	0.01851	0.01510	0.01640	0.01397	0.01781	0.05014	0.03411	0.23171	0.33115	0.04841	0.02290	0.10113	0.01882	0.01122	0.03539	0.00250	0.00668	0.00803	0.00625	0.00977
3	0.00923	0.00731	0.00827	0.00819	0.01004	0.00685	0.00608	0.01276	0.08081	0.02068	0.23239	0.12040	0.35088	0.06081	0.00933	0.00250	0.00378	0.03726	0.00634	0.00609
4	0.01477	0.01543	0.01971	0.01687	0.01785	0.09755	0.06382	0.01652	0.01184	0.01642	0.01385	0.08613	0.03807	0.01160	0.01712	0.00266	0.52200	0.00725	0.00339	0.00714
5	0.00940	0.00705	0.01058	0.01058	0.01176	0.00823	0.00823	0.01176	0.01058	0.01528	0.01763	0.02586	0.01646	0.04937	0.74255	0.01058	0.01763	0.00705	0.00353	0.00588
6	0.02422	0.01804	0.01930	0.01498	0.02011	0.02004	0.01232	0.64304	0.09484	0.04019	0.01683	0.01662	0.01203	0.00800	0.00660	0.00200	0.00705	0.00607	0.00660	0.01112
7	0.01365	0.01170	0.01365	0.00975	0.01560	0.00878	0.00780	0.01658	0.01365	0.02145	0.01170	0.01365	0.00975	0.00488	0.00488	0.00098	0.00488	0.00390	0.00390	0.80888
8	0.06879	0.09531	0.04648	0.01483	0.01882	0.36339	0.01202	0.08566	0.14886	0.02153	0.01503	0.03558	0.01251	0.00778	0.00602	0.00189	0.00890	0.02369	0.00440	0.00850
9	0.02450	0.01818	0.01946	0.01504	0.02022	0.02017	0.01239	0.66522	0.07220	0.04065	0.01647	0.01633	0.01173	0.00796	0.00659	0.00199	0.00712	0.00602	0.00659	0.01115
10	0.00800	0.00581	0.00755	0.00894	0.00949	0.00537	0.00601	0.00919	0.01282	0.01689	0.03902	0.70126	0.10485	0.02027	0.00835	0.00263	0.00378	0.01828	0.00611	0.00537
11	0.03425	0.04209	0.02470	0.10902	0.36786	0.03929	0.12343	0.01874	0.01477	0.02052	0.05655	0.05897	0.01510	0.00888	0.03549	0.00238	0.00836	0.00707	0.00365	0.00889
12	0.01576	0.01495	0.02463	0.13844	0.56499	0.01557	0.01902	0.02111	0.08011	0.02141	0.01363	0.01724	0.01110	0.00625	0.00654	0.00201	0.00771	0.00601	0.00353	0.00999
13	0.00944	0.00691	0.00983	0.00983	0.01075	0.00782	0.00730	0.01128	0.01036	0.01473	0.01832	0.02965	0.01810	0.20771	0.58646	0.00966	0.01516	0.00761	0.00363	0.00546
14	0.00957	0.00638	0.00718	0.00718	0.00718	0.00638	0.00399	0.00957	0.00957	0.01276	0.02074	0.04308	0.02393	0.76864	0.03351	0.00638	0.00638	0.00957	0.00399	0.00399
15	0.01703	0.08143	0.02506	0.05173	0.19406	0.06736	0.15978	0.10538	0.09762	0.02349	0.05563	0.02014	0.03848	0.00740	0.00705	0.00203	0.02601	0.00675	0.00435	0.00923
16	0.00942	0.00646	0.00786	0.00798	0.00823	0.00665	0.00496	0.00995	0.01001	0.01356	0.02141	0.09799	0.02411	0.57339	0.16452	0.00687	0.00829	0.00984	0.00407	0.00445
17	0.01674	0.12078	0.02130	0.15823	0.04140	0.18700	0.01408	0.01948	0.03239	0.01689	0.03630	0.01548	0.01090	0.00852	0.01141	0.00220	0.27060	0.00539	0.00327	0.00763
18	0.01026	0.00860	0.00921	0.00901	0.01149	0.00845	0.00702	0.01627	0.18568	0.02072	0.07875	0.05464	0.44727	0.01484	0.00767	0.00231	0.00410	0.09059	0.00629	0.00683
19	0.01365	0.01170	0.01365	0.00975	0.01560	0.00878	0.00780	0.01658	0.01365	0.02145	0.01170	0.01365	0.00975	0.00488	0.00488	0.00098	0.00488	0.00390	0.00390	0.80888
20	0.03754	0.14769	0.22861	0.01927	0.13640	0.08018	0.03170	0.06571	0.04550	0.08978	0.01353	0.01494	0.01022	0.00645	0.00592	0.00186	0.00810	0.00508	0.00394	0.04758
21	0.04769	0.12001	0.09839	0.01801	0.14210	0.11151	0.01352	0.08084	0.05380	0.03976	0.08765	0.05945	0.01961	0.00902	0.00648	0.00203	0.00728	0.06967	0.00459	0.00860
22	0.00997	0.00646	0.00813	0.00883	0.01007	0.00580	0.00619	0.01137	0.01374	0.08378	0.04233	0.53365	0.19794	0.01855	0.00809	0.00251	0.00387	0.01648	0.00630	0.00594
23	0.01512	0.05337	0.14921	0.03394	0.08009	0.01297	0.01296	0.09999	0.04000	0.05295	0.06336	0.10903	0.01783	0.00861	0.00670	0.00186	0.02670	0.00715	0.00462	0.20357

[dist]
# distance from previous block
# <min> <max>
0	5

[block]
# block no. 9 follows, 33 sequences, length 13
# corresponding to MSA columns:
# 553-565
name=unknown_J
#
# <colnr> <probs for GDERKNQSTAVLIFYWHMCP>
#	G	D	E	R	K	N	Q	S	T	A	V	L	I	F	Y	W	H	M	C	P
0	0.01777	0.07515	0.13844	0.09432	0.14460	0.05589	0.01541	0.17365	0.05462	0.04593	0.01539	0.01706	0.03254	0.00696	0.00619	0.00188	0.00764	0.00561	0.00434	0.08660
1	0.01214	0.00996	0.03327	0.01031	0.01237	0.01037	0.00838	0.07473	0.05154	0.02158	0.05819	0.06875	0.18835	0.01712	0.11136	0.00333	0.11590	0.00893	0.17656	0.00686
2	0.00833	0.00607	0.00785	0.00871	0.00956	0.00559	0.00604	0.01002	0.01436	0.01935	0.21483	0.51795	0.11013	0.01843	0.00818	0.00248	0.00359	0.01654	0.00640	0.00559
3	0.01365	0.01170	0.01365	0.00975	0.01560	0.00878	0.00780	0.01658	0.01365	0.02145	0.01170	0.01365	0.00975	0.00488	0.00488	0.00098	0.00488	0.00390	0.00390	0.80888
4	0.01938	0.01961	0.04098	0.11516	0.08754	0.22648	0.08244	0.08576	0.08158	0.07590	0.01527	0.04492	0.01217	0.00735	0.00648	0.00194	0.00871	0.00613	0.00439	0.05780
5	0.01149	0.00574	0.00842	0.00842	0.00852	0.00574	0.00564	0.00902	0.00892	0.01229	0.01209	0.02031	0.01179	0.02188	0.02435	0.75565	0.00554	0.00574	0.05537	0.00307
6	0.00814	0.00578	0.00760	0.00901	0.00936	0.00543	0.00594	0.00920	0.01237	0.01649	0.03506	0.70760	0.04200	0.07947	0.01038	0.00297	0.00402	0.01800	0.00594	0.00524
7	0.01526	0.01504	0.04601	0.26352	0.25237	0.01596	0.09498	0.07463	0.03888	0.02109	0.01292	0.01752	0.01035	0.02485	0.00851	0.00226	0.06730	0.00618	0.00352	0.00888
8	0.05354	0.01407	0.01554	0.06477	0.04534	0.11036	0.04832	0.01736	0.01379	0.01953	0.01331	0.03815	0.01208	0.09028	0.02827	0.00221	0.00706	0.00547	0.00377	0.39678
9	0.00952	0.00652	0.00822	0.00836	0.00884	0.00685	0.00553	0.01051	0.01038	0.01452	0.02123	0.10225	0.02303	0.43866	0.24915	0.00709	0.00946	0.00944	0.04563	0.00481
10	0.02026	0.01830	0.01583	0.01350	0.01729	0.20086	0.01059	0.24663	0.15182	0.04729	0.05613	0.02312	0.07992	0.00887	0.00648	0.00195	0.00717	0.00682	0.05809	0.00906
11	0.01659	0.17939	0.05655	0.11885	0.09185	0.05207	0.03919	0.06286	0.07248	0.08504	0.04164	0.02388	0.11608	0.00833	0.00628	0.00195	0.00698	0.00683	0.00455	0.00862
12	0.01729	0.07504	0.08804	0.17146	0.24972	0.07517	0.05031	0.03942	0.07057	0.07910	0.01415	0.01675	0.01084	0.00657	0.00637	0.00199	0.00821	0.00574	0.00389	0.00937

[dist]
# distance from previous block
# <min> <max>
0	19

[block]
# block no. 10 follows, 33 sequences, length 33
# corresponding to MSA columns:
# 585-617
name=unknown_K
#
# <colnr> <probs for GDERKNQSTAVLIFYWHMCP>
#	G	D	E	R	K	N	Q	S	T	A	V	L	I	F	Y	W	H	M	C	P
0	0.14600	0.05323	0.15512	0.01760	0.12783	0.09021	0.01410	0.10094	0.01643	0.08152	0.01713	0.01840	0.06415	0.00760	0.00659	0.00200	0.03823	0.00571	0.02830	0.00891
1	0.01804	0.44220	0.07389	0.01661	0.10136	0.10501	0.04414	0.06325	0.01526	0.01837	0.01086	0.01350	0.00952	0.03546	0.00625	0.00181	0.00802	0.00454	0.00324	0.00868
2	0.03780	0.10313	0.06923	0.01898	0.14583	0.04283	0.06152	0.13549	0.05929	0.10567	0.06896	0.01999	0.01569	0.04172	0.00830	0.00219	0.04287	0.00636	0.00484	0.00932
3	0.01046	0.01006	0.00885	0.00854	0.01071	0.10734	0.00638	0.01245	0.01628	0.01952	0.21023	0.07443	0.45169	0.01468	0.00754	0.00213	0.00447	0.01225	0.00600	0.00599
4	0.00807	0.00577	0.00768	0.00913	0.00956	0.00538	0.00611	0.00929	0.01284	0.01718	0.06295	0.73661	0.04426	0.02035	0.00838	0.00265	0.00379	0.01845	0.00616	0.00538
5	0.01388	0.01657	0.14812	0.04876	0.10509	0.01326	0.17651	0.08541	0.04163	0.02225	0.04519	0.21235	0.02080	0.01032	0.00732	0.00225	0.00761	0.00976	0.00452	0.00842
6	0.01558	0.01665	0.07366	0.12079	0.35311	0.04497	0.10501	0.05257	0.04639	0.02147	0.01630	0.04753	0.04180	0.00724	0.00678	0.00207	0.00817	0.00688	0.00374	0.00931
7	0.00791	0.00617	0.00718	0.00799	0.00924	0.00545	0.00559	0.00930	0.01374	0.01727	0.05064	0.43341	0.36521	0.01876	0.00811	0.00246	0.00359	0.01644	0.00611	0.00545
8	0.00962	0.00672	0.00854	0.00933	0.01009	0.00668	0.00655	0.04140	0.01303	0.01772	0.03031	0.44349	0.03468	0.15445	0.06982	0.00390	0.00568	0.07890	0.04357	0.00552
9	0.06486	0.11909	0.11374	0.04789	0.14564	0.10367	0.01515	0.10483	0.01643	0.08748	0.01258	0.01468	0.00981	0.00725	0.00802	0.00202	0.10854	0.00517	0.00399	0.00917
10	0.02075	0.08580	0.02426	0.02471	0.25646	0.26934	0.06710	0.11232	0.01837	0.04210	0.01225	0.01449	0.00982	0.00647	0.00623	0.00184	0.00927	0.00528	0.00385	0.00929
11	0.00957	0.00638	0.00718	0.00718	0.00718	0.00638	0.00399	0.00957	0.00957	0.01276	0.02074	0.04308	0.02393	0.76864	0.03351	0.00638	0.00638	0.00957	0.00399	0.00399
12	0.01495	0.11660	0.50901	0.04384	0.05286	0.08376	0.04936	0.02107	0.01436	0.01969	0.01144	0.01370	0.00852	0.00620	0.00607	0.00198	0.00957	0.00484	0.00289	0.00930
13	0.01006	0.00729	0.00879	0.00939	0.01051	0.00744	0.00664	0.01413	0.11936	0.01915	0.04928	0.41211	0.05063	0.09113	0.04347	0.00319	0.00488	0.03793	0.08848	0.00614
14	0.00802	0.00573	0.00764	0.00917	0.00955	0.00535	0.00611	0.00917	0.01260	0.01681	0.03628	0.76434	0.04354	0.02062	0.00840	0.00267	0.00382	0.01872	0.00611	0.00535
15	0.01320	0.03405	0.73453	0.01876	0.02849	0.01529	0.02432	0.02085	0.01390	0.02085	0.01181	0.01390	0.00834	0.00625	0.00625	0.00208	0.00973	0.00486	0.00278	0.00973
16	0.03791	0.12483	0.05435	0.03755	0.19000	0.13864	0.03524	0.08747	0.04402	0.08211	0.04031	0.04291	0.01354	0.00753	0.00676	0.00194	0.03542	0.00602	0.00431	0.00914
17	0.00867	0.00627	0.00824	0.00939	0.00979	0.00618	0.00644	0.00981	0.01228	0.01641	0.03297	0.58004	0.03905	0.12838	0.01255	0.00325	0.03043	0.06889	0.00569	0.00527
18	0.01320	0.03405	0.73453	0.01876	0.02849	0.01529	0.02432	0.02085	0.01390	0.02085	0.01181	0.01390	0.00834	0.00625	0.00625	0.00208	0.00973	0.00486	0.00278	0.00973
19	0.01109	0.00978	0.00991	0.00982	0.01158	0.09092	0.00745	0.01412	0.04245	0.02196	0.35026	0.15072	0.13788	0.01453	0.00776	0.00225	0.00466	0.09023	0.00633	0.00630
20	0.01516	0.04785	0.12352	0.09531	0.28694	0.04790	0.17382	0.01967	0.01483	0.02015	0.01435	0.04523	0.01245	0.00716	0.00687	0.00211	0.00882	0.04538	0.00343	0.00906
21	0.01243	0.01170	0.01975	0.75282	0.04534	0.01463	0.01828	0.01682	0.01316	0.01682	0.01170	0.01755	0.00878	0.00658	0.00658	0.00219	0.00878	0.00585	0.00293	0.00731
22	0.00802	0.00573	0.00764	0.00917	0.00955	0.00535	0.00611	0.00917	0.01260	0.01681	0.03628	0.76434	0.04354	0.02062	0.00840	0.00267	0.00382	0.01872	0.00611	0.00535
23	0.01654	0.02756	0.46648	0.04445	0.02745	0.01622	0.08317	0.16382	0.01778	0.05501	0.01338	0.01514	0.00944	0.00662	0.00649	0.00208	0.00913	0.00546	0.00385	0.00993
24	0.01629	0.07468	0.02535	0.22377	0.37163	0.04333	0.05743	0.07130	0.01575	0.02108	0.01218	0.01606	0.00980	0.00621	0.00641	0.00198	0.00831	0.00573	0.00340	0.00931
25	0.16379	0.00844	0.00798	0.00739	0.00972	0.00899	0.00576	0.07601	0.01481	0.02695	0.01868	0.02119	0.01456	0.00740	0.00468	0.00167	0.00381	0.00564	0.58579	0.00676
26	0.00798	0.00590	0.00746	0.00871	0.00943	0.00539	0.00591	0.00922	0.01304	0.01698	0.04179	0.63743	0.16690	0.01991	0.00829	0.00259	0.00373	0.01784	0.00611	0.00539
27	0.01814	0.08284	0.02201	0.05383	0.10377	0.12411	0.10804	0.11216	0.13732	0.04831	0.01940	0.02383	0.04353	0.00833	0.00672	0.00207	0.00792	0.06386	0.00478	0.00903
28	0.06248	0.10098	0.01619	0.01257	0.04403	0.03459	0.00968	0.11380	0.09685	0.08358	0.06912	0.02618	0.04981	0.08199	0.06349	0.00303	0.04048	0.03027	0.02445	0.03645
29	0.05690	0.02121	0.15722	0.05036	0.13574	0.11603	0.01548	0.22311	0.06344	0.02733	0.03813	0.01673	0.01230	0.00721	0.00629	0.00197	0.00803	0.00567	0.02727	0.00958
30	0.01793	0.07863	0.05168	0.06628	0.19884	0.15775	0.06107	0.08004	0.14088	0.02219	0.01712	0.01872	0.04545	0.00729	0.00640	0.00196	0.00818	0.00612	0.00423	0.00924
31	0.03586	0.01787	0.06796	0.01640	0.07130	0.14566	0.06364	0.09427	0.07022	0.05032	0.01685	0.05038	0.01462	0.00811	0.00641	0.00188	0.00755	0.07026	0.00460	0.18584
32	0.04500	0.14148	0.04148	0.09490	0.04729	0.09583	0.03361	0.16760	0.03274	0.02326	0.01369	0.01659	0.02588	0.03920	0.00810	0.00203	0.06100	0.00540	0.00411	0.10081

[dist]
# distance from previous block
# <min> <max>
4	75

[block]
# block no. 11 follows, 33 sequences, length 26
# corresponding to MSA columns:
# 693-718
name=unknown_L
#
# <colnr> <probs for GDERKNQSTAVLIFYWHMCP>
#	G	D	E	R	K	N	Q	S	T	A	V	L	I	F	Y	W	H	M	C	P
0	0.04553	0.13594	0.02318	0.01669	0.06604	0.03764	0.13047	0.17187	0.01870	0.14859	0.01812	0.06197	0.03439	0.00891	0.02489	0.00216	0.00756	0.00681	0.00510	0.03543
1	0.01960	0.01529	0.01877	0.14053	0.09529	0.03433	0.01327	0.31248	0.04229	0.07103	0.03569	0.03976	0.01340	0.00785	0.00698	0.00197	0.03150	0.00630	0.00527	0.08842
2	0.01828	0.01568	0.01828	0.05001	0.16094	0.08999	0.01285	0.12656	0.14647	0.07654	0.05626	0.04137	0.01615	0.00815	0.00743	0.00199	0.05402	0.00657	0.00510	0.08736
3	0.04118	0.11704	0.04387	0.09044	0.12922	0.01696	0.01329	0.20110	0.11018	0.07751	0.06074	0.03852	0.01582	0.00788	0.00631	0.00199	0.00675	0.00644	0.00517	0.00959
4	0.01519	0.03207	0.01582	0.04551	0.06138	0.09219	0.03103	0.14792	0.01683	0.02218	0.03833	0.13864	0.01851	0.02003	0.19560	0.00418	0.00974	0.00805	0.00459	0.08221
5	0.09126	0.01493	0.01870	0.04466	0.03913	0.01745	0.05729	0.19045	0.15095	0.02648	0.01698	0.01877	0.04148	0.00889	0.01040	0.00227	0.20402	0.00634	0.00484	0.03470
6	0.01730	0.01689	0.02517	0.08148	0.58086	0.07696	0.01897	0.06365	0.01619	0.02202	0.01237	0.01597	0.01021	0.00612	0.00648	0.00195	0.00818	0.00573	0.00346	0.01005
7	0.00863	0.00817	0.05232	0.00894	0.01089	0.00630	0.00708	0.01060	0.01398	0.01812	0.07407	0.36971	0.29341	0.01725	0.00790	0.00239	0.00411	0.04303	0.00587	0.03722
8	0.00940	0.00705	0.01058	0.01058	0.01176	0.00823	0.00823	0.01176	0.01058	0.01528	0.01763	0.02586	0.01646	0.04937	0.74255	0.01058	0.01763	0.00705	0.00353	0.00588
9	0.02503	0.01844	0.01976	0.01515	0.02042	0.02042	0.01251	0.70562	0.03095	0.04149	0.01581	0.01581	0.01120	0.00790	0.00659	0.00198	0.00724	0.00593	0.00659	0.01120
10	0.00828	0.00584	0.00756	0.00884	0.00916	0.00552	0.00576	0.00923	0.01211	0.01614	0.03373	0.64583	0.04032	0.14353	0.01253	0.00328	0.00424	0.01721	0.00576	0.00512
11	0.01722	0.01343	0.01811	0.20070	0.13100	0.01483	0.01371	0.11475	0.18749	0.09058	0.01834	0.04057	0.01413	0.00785	0.00687	0.00208	0.02462	0.00662	0.03422	0.04288
12	0.01893	0.06606	0.11901	0.01954	0.07283	0.13892	0.10285	0.18351	0.01822	0.02371	0.01192	0.01458	0.00947	0.00766	0.00952	0.00213	0.16259	0.00556	0.00391	0.00908
13	0.00847	0.00602	0.00802	0.00945	0.00996	0.00572	0.00659	0.00980	0.01276	0.01695	0.03511	0.62470	0.04154	0.06738	0.01008	0.00296	0.00429	0.10889	0.00597	0.00536
14	0.01539	0.01878	0.08244	0.02718	0.03404	0.01656	0.66110	0.02107	0.01544	0.02107	0.01322	0.01752	0.00989	0.00559	0.00767	0.00221	0.01101	0.00759	0.00330	0.00893
15	0.01567	0.01525	0.02534	0.18986	0.54983	0.03332	0.03577	0.01966	0.01471	0.02038	0.01221	0.01648	0.01002	0.00603	0.00655	0.00201	0.00820	0.00587	0.00319	0.00967
16	0.01499	0.04903	0.21445	0.04855	0.09349	0.01649	0.42381	0.02077	0.01492	0.02073	0.01265	0.01638	0.00951	0.00579	0.00711	0.00213	0.01024	0.00665	0.00315	0.00917
17	0.00948	0.00674	0.00901	0.00901	0.00964	0.00738	0.00627	0.01075	0.01012	0.01412	0.01907	0.03381	0.01991	0.38137	0.41527	0.00864	0.01244	0.00822	0.00374	0.00501
18	0.01485	0.01424	0.02287	0.16305	0.49633	0.03378	0.01783	0.01860	0.01499	0.02060	0.06021	0.02142	0.05829	0.00717	0.00667	0.00202	0.00752	0.00670	0.00363	0.00922
19	0.05693	0.01421	0.01850	0.05938	0.22950	0.03527	0.01296	0.11384	0.03364	0.02396	0.01413	0.06229	0.01228	0.00708	0.00642	0.00174	0.02772	0.00594	0.00420	0.26002
20	0.01934	0.04890	0.02400	0.03762	0.08893	0.17059	0.16923	0.18155	0.05838	0.02503	0.05478	0.01761	0.01344	0.00722	0.00708	0.00197	0.03086	0.00625	0.00448	0.03273
21	0.12588	0.01387	0.01901	0.20286	0.21690	0.03671	0.01479	0.06253	0.05068	0.04075	0.05210	0.03633	0.01367	0.00776	0.00773	0.00215	0.07745	0.00624	0.00406	0.00853
