[name]
unknown

[dist]
# distance from previous block
# <min> <max>
0	23

[block]
# block no. 0 follows, 31 sequences, length 29
# corresponding to MSA columns:
# 23-51
name=unknown_A
#
# <colnr> <probs for GDERKNQSTAVLIFYWHMCP>
#	G	D	E	R	K	N	Q	S	T	A	V	L	I	F	Y	W	H	M	C	P
0	0.06968	0.05891	0.04591	0.05004	0.14427	0.09978	0.03526	0.07761	0.03880	0.04985	0.06770	0.02490	0.04823	0.00905	0.00716	0.02560	0.00725	0.04622	0.05426	0.03955
1	0.01048	0.00822	0.01122	0.01075	0.01192	0.00920	0.00809	0.01232	0.01155	0.01648	0.04170	0.09370	0.04412	0.16246	0.37631	0.00743	0.09313	0.00887	0.00414	0.05791
2	0.04835	0.02100	0.16176	0.04335	0.26494	0.06376	0.09270	0.07509	0.04078	0.05074	0.01365	0.01649	0.01058	0.00701	0.00783	0.00216	0.05994	0.00599	0.00390	0.00998
3	0.01008	0.00748	0.00887	0.00838	0.01045	0.00684	0.00633	0.01355	0.05165	0.04392	0.43495	0.05422	0.28840	0.01477	0.00799	0.00221	0.00349	0.01271	0.00712	0.00658
4	0.70641	0.01582	0.03347	0.01017	0.01452	0.08541	0.00854	0.02086	0.01249	0.02905	0.00972	0.01134	0.00759	0.00642	0.00449	0.00208	0.00613	0.00382	0.00412	0.00755
5	0.01760	0.58381	0.18058	0.01349	0.02023	0.02450	0.01462	0.04439	0.01466	0.01822	0.01034	0.01190	0.00886	0.00607	0.00492	0.00163	0.00791	0.00404	0.00306	0.00916
6	0.01292	0.01216	0.02052	0.74312	0.04712	0.01520	0.01900	0.01748	0.01368	0.01748	0.01216	0.01824	0.00912	0.00684	0.00684	0.00228	0.00912	0.00608	0.00304	0.00760
7	0.00847	0.00612	0.00793	0.00920	0.00980	0.00568	0.00619	0.00980	0.01358	0.01806	0.08563	0.63038	0.09307	0.04943	0.00966	0.00285	0.00399	0.01824	0.00635	0.00558
8	0.01769	0.05814	0.02446	0.04647	0.14176	0.09728	0.17845	0.11857	0.01827	0.02438	0.04593	0.02168	0.01493	0.00926	0.03486	0.00239	0.00888	0.03321	0.09445	0.00894
9	0.00849	0.00686	0.00762	0.00768	0.00962	0.00600	0.00569	0.01048	0.01589	0.02000	0.18845	0.12966	0.49422	0.01847	0.03750	0.00268	0.00407	0.01425	0.00647	0.00590
10	0.30134	0.18401	0.09393	0.01447	0.06627	0.05749	0.01233	0.09747	0.01608	0.08243	0.01229	0.01348	0.00940	0.00666	0.00529	0.00194	0.00712	0.00457	0.00434	0.00908
11	0.44461	0.14993	0.06417	0.01200	0.01682	0.14921	0.01062	0.04620	0.01440	0.02543	0.01015	0.01173	0.00814	0.00647	0.00486	0.00194	0.00734	0.00400	0.00388	0.00808
12	0.01433	0.07964	0.39388	0.01892	0.04873	0.03911	0.06378	0.01979	0.01372	0.01968	0.01252	0.01621	0.01004	0.01315	0.10604	0.00340	0.10934	0.00560	0.00308	0.00903
13	0.01076	0.00872	0.01001	0.01081	0.04207	0.03706	0.00706	0.03496	0.01346	0.01738	0.03386	0.27301	0.15422	0.23765	0.04812	0.00410	0.03265	0.01305	0.00523	0.00582
14	0.06851	0.00686	0.00663	0.00656	0.00834	0.00701	0.00497	0.01623	0.01416	0.02587	0.02142	0.02450	0.01683	0.00786	0.00474	0.00163	0.00334	0.00619	0.74192	0.00645
15	0.01643	0.01397	0.01478	0.01325	0.01697	0.01589	0.01032	0.06288	0.59215	0.02850	0.06386	0.02921	0.07149	0.01003	0.00709	0.00230	0.00526	0.00836	0.00694	0.01029
16	0.00870	0.00690	0.00782	0.00770	0.00965	0.00602	0.00573	0.01096	0.01687	0.02178	0.30913	0.09849	0.43339	0.01630	0.00812	0.00228	0.00340	0.01394	0.00679	0.00602
17	0.01333	0.01235	0.02061	0.43599	0.22742	0.01402	0.01762	0.01724	0.01412	0.01883	0.01627	0.13079	0.01513	0.00887	0.00711	0.00229	0.00806	0.00813	0.00364	0.00819
18	0.00985	0.00704	0.00952	0.00952	0.01024	0.00775	0.00672	0.01127	0.01056	0.01479	0.01967	0.03433	0.02034	0.34647	0.44172	0.00918	0.01345	0.00842	0.00387	0.00529
19	0.00889	0.00731	0.00845	0.00885	0.03623	0.00646	0.00625	0.01112	0.01634	0.02075	0.22588	0.05862	0.49494	0.01755	0.03963	0.00264	0.00423	0.01330	0.00642	0.00615
20	0.80789	0.01323	0.01006	0.00900	0.01323	0.01535	0.00741	0.02011	0.01164	0.03070	0.00953	0.01111	0.00741	0.00635	0.00423	0.00212	0.00529	0.00370	0.00423	0.00741
21	0.01546	0.01944	0.21463	0.04362	0.15331	0.04107	0.01586	0.06262	0.05606	0.05724	0.05540	0.05055	0.06241	0.06586	0.02324	0.00262	0.00783	0.00746	0.00452	0.04079
22	0.00830	0.00687	0.00720	0.00725	0.00931	0.00585	0.00534	0.01008	0.01560	0.01904	0.12236	0.10488	0.59564	0.04071	0.00897	0.00246	0.00357	0.01441	0.00639	0.00577
23	0.01679	0.10321	0.04221	0.11093	0.14392	0.03923	0.01368	0.07131	0.01579	0.04480	0.01300	0.01586	0.01050	0.00672	0.00715	0.00177	0.06547	0.00519	0.04430	0.22820
24	0.01699	0.08630	0.12496	0.10725	0.14591	0.03287	0.11940	0.03535	0.01613	0.09764	0.06622	0.03515	0.01534	0.00733	0.00674	0.00203	0.00815	0.00667	0.00429	0.06528
25	0.01188	0.00594	0.00891	0.00891	0.00891	0.00594	0.00594	0.00891	0.00891	0.01188	0.01188	0.02080	0.01188	0.02377	0.02674	0.80095	0.00594	0.00594	0.00297	0.00297
26	0.11362	0.04681	0.01666	0.01299	0.06260	0.01192	0.03193	0.04521	0.01473	0.02388	0.01199	0.01407	0.00985	0.00548	0.00522	0.00132	0.00571	0.00434	0.00407	0.55759
27	0.19807	0.19505	0.08290	0.01380	0.01916	0.12016	0.01246	0.20697	0.04685	0.02787	0.01254	0.01358	0.00973	0.00697	0.00556	0.00191	0.00779	0.00475	0.00454	0.00934
28	0.01490	0.04453	0.18122	0.01386	0.01882	0.01322	0.05028	0.11199	0.09452	0.05310	0.13165	0.06706	0.12817	0.03617	0.00817	0.00235	0.00657	0.00909	0.00558	0.00873

[dist]
# distance from previous block
# <min> <max>
0	1

[block]
# block no. 1 follows, 31 sequences, length 29
# corresponding to MSA columns:
# 53-81
name=unknown_B
#
# <colnr> <probs for GDERKNQSTAVLIFYWHMCP>
#	G	D	E	R	K	N	Q	S	T	A	V	L	I	F	Y	W	H	M	C	P
0	0.01364	0.01440	0.07512	0.05915	0.13647	0.04650	0.01251	0.01974	0.13239	0.02258	0.13753	0.05432	0.14323	0.01058	0.00771	0.00215	0.03358	0.00891	0.00523	0.06427
1	0.02720	0.01182	0.01529	0.01216	0.01698	0.01095	0.00990	0.03260	0.13067	0.56402	0.05090	0.02469	0.01925	0.00878	0.00687	0.00214	0.00559	0.00720	0.03183	0.01117
2	0.00972	0.00723	0.01038	0.01038	0.01150	0.00819	0.00786	0.01183	0.01106	0.01566	0.02087	0.03075	0.04729	0.13873	0.61459	0.01008	0.01624	0.00796	0.00384	0.00585
3	0.80789	0.01323	0.01006	0.00900	0.01323	0.01535	0.00741	0.02011	0.01164	0.03070	0.00953	0.01111	0.00741	0.00635	0.00423	0.00212	0.00529	0.00370	0.00423	0.00741
4	0.00929	0.00682	0.00871	0.00857	0.01007	0.00623	0.00630	0.01202	0.01793	0.02483	0.53291	0.16733	0.13240	0.01556	0.00818	0.00227	0.00337	0.01375	0.00721	0.00623
5	0.01372	0.03539	0.72412	0.01950	0.02961	0.01589	0.02528	0.02167	0.01444	0.02167	0.01228	0.01444	0.00867	0.00650	0.00650	0.00217	0.01011	0.00506	0.00289	0.01011
6	0.01188	0.00594	0.00891	0.00891	0.00891	0.00594	0.00594	0.00891	0.00891	0.01188	0.01188	0.02080	0.01188	0.02377	0.02674	0.80095	0.00594	0.00594	0.00297	0.00297
7	0.01829	0.76368	0.03585	0.01171	0.01756	0.02707	0.01171	0.02049	0.01390	0.01610	0.00951	0.01097	0.00878	0.00585	0.00439	0.00146	0.00732	0.00366	0.00293	0.00878
8	0.02224	0.30204	0.02536	0.01508	0.01944	0.36879	0.01254	0.04554	0.04345	0.03867	0.01144	0.01290	0.00960	0.00698	0.00628	0.00174	0.04126	0.00445	0.00366	0.00856
9	0.01615	0.07325	0.04654	0.01304	0.03816	0.01290	0.03141	0.05146	0.05195	0.10075	0.07283	0.02538	0.09969	0.00897	0.00796	0.00188	0.08211	0.00702	0.04494	0.21360
10	0.06868	0.06839	0.05938	0.04960	0.09866	0.12561	0.03505	0.22514	0.15059	0.02872	0.01596	0.01694	0.01212	0.00751	0.00646	0.00205	0.00810	0.00587	0.00509	0.01007
11	0.01323	0.01262	0.02175	0.68157	0.07305	0.01534	0.05096	0.01783	0.01387	0.01788	0.01227	0.01820	0.00925	0.00676	0.00690	0.00227	0.00920	0.00618	0.00307	0.00780
12	0.80789	0.01323	0.01006	0.00900	0.01323	0.01535	0.00741	0.02011	0.01164	0.03070	0.00953	0.01111	0.00741	0.00635	0.00423	0.00212	0.00529	0.00370	0.00423	0.00741
13	0.01671	0.01603	0.02738	0.08007	0.68052	0.01620	0.02089	0.02081	0.01547	0.02209	0.01283	0.01700	0.01074	0.00614	0.00678	0.00205	0.00818	0.00609	0.00337	0.01066
14	0.01907	0.02180	0.02035	0.01783	0.01920	0.29629	0.01429	0.02067	0.01393	0.01657	0.00960	0.01395	0.00892	0.01007	0.01615	0.00252	0.46259	0.00538	0.00320	0.00766
15	0.02374	0.17022	0.02283	0.01461	0.01981	0.07878	0.01235	0.47015	0.02655	0.03465	0.01485	0.01545	0.01113	0.00763	0.00619	0.00189	0.00765	0.00552	0.04552	0.01050
16	0.80789	0.01323	0.01006	0.00900	0.01323	0.01535	0.00741	0.02011	0.01164	0.03070	0.00953	0.01111	0.00741	0.00635	0.00423	0.00212	0.00529	0.00370	0.00423	0.00741
17	0.01671	0.01440	0.05341	0.01406	0.04326	0.01452	0.01111	0.10515	0.36623	0.06237	0.16219	0.03018	0.05626	0.01011	0.00718	0.00223	0.00552	0.00850	0.00675	0.00985
18	0.00897	0.00663	0.00840	0.00873	0.00996	0.00615	0.00623	0.01110	0.01582	0.02143	0.31497	0.29494	0.15958	0.04664	0.04569	0.00300	0.00441	0.01481	0.00661	0.00593
19	0.12287	0.31691	0.06191	0.01510	0.02009	0.19873	0.06676	0.04386	0.01555	0.01981	0.01045	0.01253	0.00884	0.00670	0.00642	0.00184	0.05520	0.00450	0.00342	0.00850
20	0.72464	0.09235	0.01277	0.00928	0.01369	0.01658	0.00786	0.02015	0.01188	0.02916	0.00952	0.01110	0.00755	0.00630	0.00425	0.00205	0.00551	0.00370	0.00410	0.00755
21	0.01170	0.01108	0.03730	0.06953	0.14758	0.01044	0.03624	0.01577	0.05370	0.02225	0.21884	0.04210	0.24911	0.01219	0.00807	0.00223	0.02811	0.01055	0.00558	0.00763
22	0.01574	0.01822	0.13339	0.22436	0.20561	0.01679	0.06608	0.06756	0.07969	0.02239	0.01396	0.01761	0.01083	0.00728	0.00818	0.00225	0.07061	0.00621	0.00376	0.00949
23	0.00977	0.00733	0.01100	0.01100	0.01222	0.00855	0.00855	0.01222	0.01100	0.01588	0.01833	0.02688	0.01710	0.05131	0.73245	0.01100	0.01833	0.00733	0.00367	0.00611
24	0.00995	0.00663	0.00746	0.00746	0.00746	0.00663	0.00415	0.00995	0.00995	0.01327	0.02156	0.04477	0.02487	0.75957	0.03482	0.00663	0.00663	0.00995	0.00415	0.00415
25	0.01798	0.11890	0.22374	0.06350	0.18849	0.04539	0.01840	0.14675	0.06767	0.02515	0.01388	0.01588	0.01065	0.00688	0.00640	0.00203	0.00850	0.00555	0.00407	0.01022
26	0.01572	0.01273	0.01396	0.01258	0.01595	0.01422	0.00975	0.03059	0.51519	0.05242	0.19342	0.03163	0.03130	0.01039	0.00723	0.00227	0.00490	0.00883	0.00715	0.00980
27	0.01676	0.03321	0.05328	0.07593	0.08228	0.01408	0.03256	0.15853	0.04809	0.08472	0.07795	0.14044	0.07537	0.01127	0.00844	0.00230	0.06090	0.00942	0.00562	0.00885
28	0.03724	0.06599	0.01554	0.08298	0.09735	0.01217	0.01054	0.05090	0.05364	0.05188	0.15999	0.05740	0.14421	0.03211	0.04108	0.00267	0.03431	0.00920	0.03302	0.00780

[dist]
# distance from previous block
# <min> <max>
0	1

[block]
# block no. 2 follows, 31 sequences, length 15
# corresponding to MSA columns:
# 83-97
name=unknown_C
#
# <colnr> <probs for GDERKNQSTAVLIFYWHMCP>
#	G	D	E	R	K	N	Q	S	T	A	V	L	I	F	Y	W	H	M	C	P
0	0.06336	0.07897	0.04082	0.10120	0.02058	0.01241	0.04887	0.01839	0.03312	0.05394	0.01635	0.04813	0.03324	0.04326	0.03349	0.00220	0.00682	0.00605	0.00421	0.33459
1	0.10162	0.11121	0.04010	0.06392	0.05553	0.33601	0.01291	0.07026	0.06652	0.02104	0.01280	0.01560	0.01066	0.04534	0.00741	0.00213	0.00943	0.00510	0.00398	0.00843
2	0.06641	0.01637	0.01826	0.01424	0.01947	0.01742	0.01171	0.41862	0.08387	0.23233	0.02000	0.01885	0.01369	0.00828	0.00673	0.00210	0.00676	0.00637	0.00718	0.01135
3	0.67438	0.01296	0.01106	0.00954	0.01396	0.01444	0.00786	0.02238	0.01301	0.14939	0.01253	0.01320	0.00905	0.00671	0.00469	0.00212	0.00538	0.00425	0.00496	0.00814
4	0.02493	0.01863	0.01993	0.01552	0.02081	0.02071	0.01274	0.61552	0.11247	0.04139	0.01779	0.01751	0.01274	0.00834	0.00686	0.00209	0.00728	0.00635	0.00686	0.01154
5	0.00963	0.00660	0.00745	0.00759	0.00785	0.00645	0.00444	0.00990	0.01077	0.01414	0.02759	0.10957	0.09319	0.62271	0.02994	0.00587	0.00609	0.01122	0.00455	0.00443
6	0.00878	0.00670	0.00803	0.00869	0.01007	0.00606	0.00636	0.01059	0.01496	0.01920	0.13009	0.29925	0.29943	0.05272	0.00969	0.00275	0.00408	0.09040	0.00639	0.00577
7	0.01651	0.01583	0.02701	0.11514	0.64702	0.01615	0.02079	0.02063	0.01538	0.02184	0.01279	0.01707	0.01066	0.00617	0.00678	0.00206	0.00823	0.00609	0.00335	0.01050
8	0.09761	0.08639	0.47922	0.01628	0.02426	0.01539	0.01951	0.02122	0.01472	0.06826	0.05939	0.04033	0.01390	0.00753	0.00629	0.00212	0.00846	0.00586	0.00381	0.00944
9	0.02277	0.01709	0.04651	0.01555	0.04509	0.01749	0.01252	0.33957	0.20542	0.12947	0.02034	0.01958	0.01457	0.00820	0.00676	0.00208	0.00672	0.00651	0.00665	0.05712
10	0.01743	0.01501	0.02479	0.11925	0.52344	0.01537	0.01895	0.02204	0.04578	0.08285	0.01486	0.01835	0.01182	0.00803	0.03080	0.00238	0.00826	0.00628	0.00396	0.01037
11	0.00905	0.00645	0.00820	0.00871	0.00972	0.00594	0.00607	0.01056	0.01491	0.02001	0.24330	0.34868	0.15046	0.05188	0.01099	0.06412	0.00394	0.01508	0.00635	0.00560
12	0.01420	0.05162	0.11657	0.01539	0.08970	0.01155	0.02523	0.07352	0.03517	0.07496	0.05293	0.27262	0.07812	0.04596	0.00870	0.00252	0.00614	0.01151	0.00548	0.00811
13	0.03485	0.04764	0.07958	0.23605	0.15166	0.04159	0.08491	0.06485	0.05760	0.02257	0.07284	0.04447	0.01614	0.00784	0.00691	0.00217	0.00823	0.00705	0.00415	0.00889
14	0.01917	0.04577	0.10079	0.07127	0.05654	0.05597	0.01322	0.14992	0.07965	0.13366	0.02171	0.09416	0.04806	0.00928	0.00679	0.00208	0.00707	0.00763	0.00554	0.07173

[dist]
# distance from previous block
# <min> <max>
0	2

[block]
# block no. 3 follows, 31 sequences, length 16
# corresponding to MSA columns:
# 100-115
name=unknown_D
#
# <colnr> <probs for GDERKNQSTAVLIFYWHMCP>
#	G	D	E	R	K	N	Q	S	T	A	V	L	I	F	Y	W	H	M	C	P
0	0.03439	0.04004	0.03639	0.14663	0.06722	0.01285	0.06339	0.03969	0.06312	0.08454	0.05710	0.04639	0.08414	0.00855	0.00689	0.00197	0.01784	0.00737	0.00485	0.17665
1	0.17253	0.04091	0.01803	0.36405	0.03128	0.03671	0.01422	0.06820	0.07919	0.06979	0.01424	0.01717	0.01057	0.00710	0.00618	0.00215	0.00761	0.00563	0.00430	0.03013
2	0.01286	0.01160	0.01441	0.15194	0.06107	0.07510	0.03536	0.01680	0.05425	0.02121	0.18996	0.05638	0.09304	0.05755	0.05920	0.00302	0.00718	0.00916	0.06278	0.00715
3	0.06337	0.01812	0.01863	0.01555	0.03561	0.05286	0.01227	0.42159	0.22572	0.03655	0.01904	0.01862	0.01396	0.00833	0.00671	0.00212	0.00704	0.00641	0.00651	0.01099
4	0.00974	0.00658	0.00767	0.00787	0.00797	0.00658	0.00461	0.00999	0.01038	0.01390	0.02341	0.13183	0.02706	0.63776	0.06167	0.00634	0.00681	0.01101	0.00440	0.00440
5	0.01247	0.07496	0.04549	0.01093	0.01353	0.01106	0.00903	0.07972	0.05399	0.02171	0.12127	0.12425	0.09138	0.02417	0.21389	0.03501	0.00893	0.00966	0.03140	0.00715
6	0.05933	0.14207	0.31750	0.06217	0.05951	0.06421	0.10648	0.02186	0.03981	0.02085	0.01226	0.01487	0.00943	0.00663	0.00686	0.00208	0.03614	0.00535	0.00327	0.00932
7	0.06798	0.01204	0.01580	0.01217	0.01742	0.01079	0.01005	0.06098	0.01974	0.65927	0.02570	0.02241	0.01625	0.00835	0.00675	0.00211	0.00587	0.00670	0.00819	0.01144
8	0.00890	0.00656	0.00826	0.00920	0.01002	0.00629	0.00629	0.01084	0.03692	0.01801	0.07341	0.50394	0.12375	0.08962	0.05121	0.00348	0.00496	0.01653	0.00608	0.00571
9	0.01759	0.01435	0.01772	0.07349	0.06878	0.05750	0.03208	0.16096	0.06352	0.06578	0.04423	0.07146	0.01725	0.03994	0.07465	0.00321	0.11791	0.00762	0.04328	0.00868
10	0.06733	0.10098	0.16090	0.08766	0.02388	0.12525	0.05480	0.06091	0.05753	0.07169	0.05526	0.02054	0.01488	0.00807	0.00701	0.00212	0.03176	0.03611	0.00441	0.00894
11	0.01456	0.01345	0.02160	0.14902	0.41003	0.01392	0.01679	0.01930	0.05595	0.02236	0.11942	0.02625	0.07130	0.00839	0.00708	0.00213	0.00708	0.00772	0.00436	0.00929
12	0.01007	0.00772	0.01135	0.01119	0.01227	0.00914	0.00866	0.01233	0.01091	0.01577	0.01798	0.02721	0.01708	0.08851	0.65408	0.01031	0.05830	0.00740	0.00365	0.00608
13	0.47181	0.01139	0.01186	0.05117	0.01547	0.01265	0.04606	0.01714	0.01242	0.02528	0.01740	0.14387	0.01754	0.06355	0.00790	0.00264	0.00580	0.05454	0.00462	0.00690
14	0.11924	0.21535	0.08830	0.01484	0.04015	0.05518	0.01310	0.24263	0.09961	0.02892	0.01429	0.01501	0.01099	0.00721	0.00582	0.00193	0.00744	0.00519	0.00487	0.00992
15	0.07113	0.07919	0.04434	0.03758	0.08857	0.08040	0.01233	0.18411	0.11728	0.02772	0.03950	0.01955	0.03928	0.00779	0.00622	0.00191	0.00698	0.00608	0.03309	0.09694

[dist]
# distance from previous block
# <min> <max>
2	5

[block]
# block no. 4 follows, 31 sequences, length 17
# corresponding to MSA columns:
# 125-141
name=unknown_E
#
# <colnr> <probs for GDERKNQSTAVLIFYWHMCP>
#	G	D	E	R	K	N	Q	S	T	A	V	L	I	F	Y	W	H	M	C	P
0	0.01322	0.14349	0.01666	0.04437	0.01550	0.02920	0.03794	0.04922	0.07745	0.01951	0.04779	0.15526	0.15684	0.07906	0.01097	0.04162	0.02668	0.02305	0.00506	0.00709
1	0.08691	0.12724	0.04769	0.04776	0.01920	0.12041	0.04290	0.06302	0.04798	0.12293	0.02016	0.02192	0.07297	0.04204	0.04061	0.00254	0.00800	0.00635	0.00483	0.05455
2	0.04767	0.14543	0.14563	0.01584	0.04112	0.11247	0.01439	0.23246	0.06928	0.05084	0.01718	0.01776	0.04523	0.00777	0.00627	0.00197	0.00811	0.00578	0.00491	0.00990
3	0.01148	0.00852	0.01013	0.00994	0.01178	0.00845	0.00746	0.10990	0.01720	0.02274	0.13854	0.24705	0.18065	0.07373	0.04880	0.00324	0.00544	0.07205	0.00629	0.00661
4	0.01752	0.01239	0.01642	0.09126	0.11585	0.04292	0.01198	0.10853	0.01675	0.14180	0.04190	0.02426	0.01656	0.08157	0.22398	0.00509	0.01067	0.00706	0.00497	0.00853
5	0.00967	0.00743	0.00903	0.05982	0.01227	0.00702	0.00661	0.01111	0.01303	0.01694	0.03726	0.20650	0.21124	0.24947	0.01637	0.00372	0.00524	0.04708	0.00525	0.06492
6	0.65806	0.01362	0.01099	0.00988	0.01398	0.04722	0.00813	0.02101	0.01288	0.08106	0.01275	0.01671	0.01043	0.00742	0.00489	0.00217	0.00572	0.05074	0.00466	0.00767
7	0.02395	0.02019	0.06112	0.01620	0.02166	0.06554	0.03607	0.49175	0.11227	0.05533	0.01741	0.01742	0.01252	0.00810	0.00684	0.00208	0.00782	0.00626	0.00635	0.01113
8	0.01670	0.01602	0.02736	0.08194	0.67873	0.01620	0.02088	0.02080	0.01547	0.02207	0.01283	0.01701	0.01074	0.00614	0.00678	0.00205	0.00818	0.00609	0.00337	0.01065
9	0.01527	0.01635	0.10014	0.13612	0.24730	0.04612	0.01622	0.01988	0.03671	0.04282	0.09482	0.02319	0.01801	0.00777	0.00675	0.00200	0.00746	0.03479	0.00424	0.12404
10	0.01060	0.00957	0.06256	0.00944	0.01199	0.00759	0.00786	0.01433	0.05388	0.04527	0.37618	0.08821	0.22366	0.01458	0.00845	0.02608	0.00412	0.01215	0.00667	0.00679
11	0.01343	0.07187	0.52793	0.01779	0.02604	0.01502	0.05164	0.02007	0.01498	0.02161	0.06808	0.02313	0.03661	0.00819	0.00682	0.00220	0.00903	0.05262	0.00361	0.00932
12	0.13143	0.01389	0.01575	0.01321	0.01738	0.04605	0.03932	0.15447	0.08729	0.19765	0.02407	0.02814	0.05705	0.01273	0.05931	0.00288	0.00739	0.07634	0.00628	0.00940
13	0.01255	0.01044	0.01215	0.01288	0.06496	0.05958	0.00865	0.05355	0.03402	0.02011	0.08830	0.21058	0.02806	0.12433	0.15816	0.00460	0.00836	0.01063	0.02610	0.05199
14	0.80789	0.01323	0.01006	0.00900	0.01323	0.01535	0.00741	0.02011	0.01164	0.03070	0.00953	0.01111	0.00741	0.00635	0.00423	0.00212	0.00529	0.00370	0.00423	0.00741
15	0.00929	0.00641	0.00760	0.00816	0.00842	0.00621	0.00497	0.00979	0.01134	0.01500	0.02959	0.29644	0.06571	0.46288	0.02431	0.00506	0.00554	0.01352	0.00503	0.00472
16	0.05108	0.20515	0.31699	0.12473	0.11225	0.01867	0.01944	0.02047	0.01410	0.02005	0.01144	0.01432	0.00898	0.00649	0.00643	0.00202	0.03009	0.00496	0.00304	0.00931

[dist]
# distance from previous block
# <min> <max>
0	10

[block]
# block no. 5 follows, 31 sequences, length 16
# corresponding to MSA columns:
# 152-167
name=unknown_F
#
# <colnr> <probs for GDERKNQSTAVLIFYWHMCP>
#	G	D	E	R	K	N	Q	S	T	A	V	L	I	F	Y	W	H	M	C	P
0	0.01965	0.04707	0.06897	0.08235	0.12392	0.12973	0.05401	0.20618	0.05113	0.02642	0.01595	0.01787	0.03703	0.00755	0.00705	0.00200	0.02898	0.00605	0.00459	0.06352
1	0.00893	0.00646	0.00840	0.00977	0.01035	0.00622	0.00667	0.01092	0.04176	0.01786	0.03633	0.64841	0.04280	0.06129	0.01013	0.00299	0.00430	0.05442	0.00625	0.00574
2	0.04693	0.02142	0.22102	0.13614	0.22949	0.04433	0.06147	0.03920	0.05344	0.06096	0.01413	0.01693	0.01063	0.00671	0.00668	0.00214	0.00882	0.00590	0.00380	0.00985
3	0.03993	0.01330	0.01792	0.10312	0.18519	0.01466	0.01333	0.11014	0.11654	0.02489	0.06775	0.05184	0.08106	0.03328	0.00911	0.00238	0.06703	0.00803	0.03163	0.00890
4	0.01006	0.00715	0.00857	0.00855	0.01049	0.00636	0.00649	0.01235	0.01665	0.05864	0.25811	0.15071	0.33167	0.01650	0.00822	0.00238	0.00383	0.07013	0.00682	0.00631
5	0.02122	0.06466	0.01747	0.01317	0.01733	0.07786	0.01061	0.32656	0.07728	0.08077	0.06058	0.02408	0.05398	0.05990	0.00853	0.00231	0.00682	0.00709	0.06020	0.00959
6	0.00834	0.00595	0.00794	0.00953	0.00992	0.00556	0.00635	0.00953	0.01310	0.01746	0.03771	0.75510	0.04525	0.02143	0.00873	0.00278	0.00397	0.01945	0.00635	0.00556
7	0.02089	0.15877	0.04290	0.12127	0.02426	0.04781	0.03812	0.25944	0.05910	0.08094	0.01506	0.01639	0.01125	0.00744	0.00681	0.00198	0.03133	0.00569	0.00506	0.04548
8	0.07124	0.14277	0.04431	0.11128	0.16202	0.05044	0.03619	0.04649	0.03173	0.06230	0.01274	0.01602	0.01040	0.00906	0.03333	0.00246	0.13888	0.00559	0.00378	0.00898
9	0.01631	0.01326	0.04142	0.07630	0.05736	0.03413	0.03835	0.13492	0.03873	0.05182	0.01982	0.11739	0.01740	0.00992	0.00824	0.00216	0.08619	0.00801	0.22000	0.00828
10	0.09425	0.10840	0.04206	0.01686	0.09112	0.12295	0.05154	0.14912	0.01884	0.09400	0.01623	0.05689	0.01319	0.00789	0.00615	0.00196	0.00758	0.00626	0.08550	0.00920
11	0.00847	0.00695	0.00746	0.00733	0.00947	0.00594	0.00550	0.01056	0.01649	0.02062	0.22284	0.06233	0.55925	0.01653	0.00808	0.00227	0.00341	0.01395	0.00663	0.00594
12	0.04803	0.01685	0.01512	0.03881	0.01738	0.19776	0.01036	0.12454	0.04905	0.12642	0.01786	0.02169	0.01443	0.08601	0.11795	0.00375	0.00958	0.00635	0.06967	0.00838
13	0.05169	0.21819	0.02071	0.08751	0.07633	0.01686	0.01140	0.06295	0.12825	0.04615	0.05005	0.04268	0.09082	0.00888	0.00616	0.00198	0.00619	0.00712	0.05738	0.00872
14	0.01675	0.03962	0.06276	0.03790	0.01707	0.01152	0.03177	0.10291	0.05805	0.15540	0.08393	0.15582	0.08498	0.05216	0.00898	0.00256	0.00601	0.05712	0.00625	0.00845
15	0.25813	0.01192	0.01295	0.06192	0.05582	0.01298	0.00927	0.09234	0.07735	0.02562	0.04410	0.11124	0.01900	0.12532	0.01055	0.00286	0.00593	0.00786	0.00500	0.04983

[dist]
# distance from previous block
# <min> <max>
3	16

[block]
# block no. 6 follows, 31 sequences, length 44
# corresponding to MSA columns:
# 184-227
name=unknown_G
#
# <colnr> <probs for GDERKNQSTAVLIFYWHMCP>
#	G	D	E	R	K	N	Q	S	T	A	V	L	I	F	Y	W	H	M	C	P
0	0.01745	0.01483	0.04364	0.10243	0.14768	0.06319	0.01314	0.13345	0.03494	0.08509	0.11796	0.05622	0.06759	0.00943	0.00698	0.00208	0.00679	0.00800	0.03702	0.03207
1	0.03658	0.05187	0.15158	0.09331	0.08566	0.10177	0.08484	0.09958	0.09216	0.06080	0.01525	0.01733	0.01153	0.00868	0.03360	0.00240	0.00915	0.00596	0.00436	0.03360
2	0.04304	0.01877	0.10977	0.04044	0.06432	0.14012	0.04174	0.07645	0.03708	0.04598	0.01851	0.09902	0.03716	0.01348	0.07401	0.00302	0.08394	0.00758	0.03723	0.00836
3	0.01282	0.00742	0.00862	0.00886	0.03161	0.00738	0.00615	0.01530	0.01377	0.05075	0.02334	0.12686	0.02135	0.09737	0.00960	0.00240	0.02997	0.00849	0.47747	0.04046
4	0.06130	0.01363	0.01581	0.03146	0.10757	0.04464	0.01093	0.12965	0.09799	0.09032	0.10072	0.02717	0.06788	0.03087	0.00749	0.00213	0.00608	0.02053	0.03378	0.10005
5	0.02255	0.02381	0.03875	0.07343	0.04652	0.31760	0.05111	0.21457	0.07410	0.02603	0.01433	0.01591	0.01098	0.00744	0.00656	0.00197	0.00968	0.00562	0.02969	0.00935
6	0.00940	0.00709	0.00873	0.00870	0.01029	0.00658	0.00637	0.01259	0.04665	0.02361	0.41426	0.20260	0.18566	0.01602	0.00817	0.00232	0.00353	0.01408	0.00703	0.00632
7	0.01502	0.01704	0.11507	0.12703	0.23616	0.03370	0.05363	0.04844	0.09508	0.02196	0.02183	0.02525	0.09630	0.05372	0.00868	0.00244	0.00785	0.00744	0.00423	0.00913
8	0.01761	0.20567	0.14687	0.04049	0.02270	0.07671	0.07754	0.09753	0.10921	0.02240	0.01439	0.01652	0.01146	0.01032	0.05769	0.00265	0.05125	0.00567	0.00406	0.00928
9	0.00840	0.00598	0.00792	0.00944	0.00982	0.00560	0.00626	0.00954	0.01297	0.01729	0.03704	0.72568	0.04441	0.05200	0.00981	0.00294	0.00408	0.01906	0.00626	0.00550
10	0.01880	0.71208	0.03469	0.01212	0.01781	0.07683	0.01181	0.02097	0.01429	0.01614	0.00959	0.01107	0.00878	0.00594	0.00452	0.00148	0.00767	0.00371	0.00297	0.00872
11	0.00827	0.00621	0.00767	0.00883	0.00974	0.00562	0.00604	0.00960	0.01376	0.01774	0.04613	0.57142	0.22349	0.02034	0.00856	0.00265	0.00383	0.01811	0.00635	0.00562
12	0.10109	0.01833	0.01923	0.01498	0.02025	0.02041	0.01234	0.59114	0.06879	0.04108	0.01641	0.01643	0.01176	0.00809	0.00660	0.00207	0.00719	0.00601	0.00660	0.01118
13	0.01334	0.01086	0.01391	0.04374	0.01568	0.04012	0.03774	0.11023	0.01496	0.02012	0.02043	0.10787	0.02054	0.15351	0.26457	0.00613	0.04957	0.04526	0.00456	0.00685
14	0.02556	0.03261	0.01939	0.01763	0.02115	0.73210	0.01322	0.02732	0.01939	0.01674	0.01058	0.01234	0.00881	0.00705	0.00617	0.00176	0.01234	0.00441	0.00353	0.00793
15	0.00872	0.00634	0.00827	0.00972	0.01027	0.00606	0.00655	0.01071	0.04360	0.01796	0.03727	0.72291	0.04417	0.02090	0.00865	0.00276	0.00403	0.01893	0.00638	0.00579
16	0.00913	0.00646	0.00776	0.00830	0.00883	0.00620	0.00530	0.00998	0.01218	0.01607	0.06175	0.30099	0.11649	0.35173	0.04435	0.00469	0.00555	0.01390	0.00532	0.00501
17	0.02038	0.04072	0.01774	0.01410	0.01848	0.01808	0.01141	0.30759	0.29736	0.05312	0.02531	0.02424	0.07526	0.00948	0.00747	0.00220	0.03243	0.00743	0.00663	0.01057
18	0.02031	0.47247	0.05768	0.01372	0.01916	0.15918	0.01265	0.10043	0.05136	0.02019	0.01153	0.01272	0.00971	0.00655	0.00522	0.00166	0.00831	0.00435	0.00369	0.00910
19	0.00938	0.00673	0.00752	0.00765	0.00841	0.00638	0.00487	0.01012	0.01215	0.01559	0.05471	0.09110	0.21875	0.46599	0.02433	0.00497	0.00550	0.03599	0.00505	0.00482
20	0.09632	0.09481	0.10931	0.10613	0.16473	0.14948	0.01627	0.11836	0.01758	0.02366	0.01202	0.01464	0.00951	0.00691	0.00668	0.00202	0.03326	0.00519	0.00383	0.00930
21	0.01699	0.10823	0.23125	0.01726	0.02333	0.07473	0.12007	0.07961	0.04077	0.06195	0.01605	0.05848	0.01342	0.03914	0.06602	0.00298	0.00975	0.00676	0.00414	0.00909
22	0.01109	0.00821	0.00978	0.00944	0.01146	0.00800	0.00703	0.01625	0.12761	0.04962	0.33818	0.17217	0.17490	0.01496	0.00797	0.00232	0.00385	0.01306	0.00704	0.00706
23	0.01120	0.00673	0.00776	0.00791	0.00952	0.00640	0.00582	0.01360	0.01470	0.05168	0.08774	0.19350	0.16439	0.01623	0.05732	0.00271	0.00458	0.01135	0.32056	0.00629
24	0.01622	0.05070	0.16584	0.13108	0.12878	0.03280	0.14139	0.10421	0.03959	0.02382	0.03803	0.05065	0.01379	0.00759	0.00695	0.00216	0.00875	0.00697	0.02131	0.00938
25	0.00943	0.00678	0.00770	0.00803	0.00947	0.00604	0.00556	0.01073	0.01399	0.04650	0.04941	0.27005	0.35860	0.15062	0.01300	0.00322	0.00428	0.01485	0.00605	0.00566
26	0.01147	0.00714	0.00892	0.00905	0.01080	0.00636	0.00656	0.01332	0.01561	0.11347	0.15063	0.36524	0.22061	0.01745	0.00821	0.00247	0.00397	0.01534	0.00682	0.00657
27	0.07565	0.02144	0.15544	0.10130	0.02535	0.10121	0.06429	0.20337	0.06660	0.02765	0.05264	0.01801	0.01349	0.00781	0.00725	0.00215	0.03602	0.00614	0.00472	0.00947
28	0.10270	0.01427	0.04874	0.06542	0.03974	0.10619	0.01066	0.01707	0.01392	0.02052	0.01965	0.14532	0.04513	0.01302	0.05471	0.00268	0.08148	0.00806	0.09789	0.09283
29	0.01013	0.00666	0.00818	0.00883	0.00968	0.00631	0.00603	0.01136	0.01300	0.04512	0.03504	0.35069	0.10820	0.23290	0.01597	0.00378	0.00491	0.06830	0.04937	0.00552
30	0.01722	0.04176	0.04987	0.08166	0.25355	0.07324	0.01513	0.07582	0.07231	0.02344	0.01380	0.01628	0.01106	0.00639	0.00620	0.00177	0.00751	0.00542	0.00408	0.22349
31	0.05453	0.02193	0.02179	0.02143	0.14491	0.25882	0.07382	0.19564	0.04332	0.02634	0.01450	0.01762	0.01163	0.00751	0.00662	0.00200	0.00926	0.02663	0.03221	0.00948
32	0.00976	0.00650	0.00849	0.00934	0.01033	0.00596	0.00649	0.01138	0.01460	0.05785	0.14291	0.55709	0.09502	0.01928	0.00848	0.00261	0.00392	0.01731	0.00665	0.00605
33	0.01672	0.04920	0.20401	0.12517	0.18696	0.06838	0.07014	0.04883	0.04122	0.05153	0.01584	0.01850	0.03843	0.00725	0.00717	0.00213	0.02896	0.00619	0.00380	0.00956
34	0.01758	0.01568	0.05562	0.01515	0.04312	0.01619	0.03375	0.16905	0.36606	0.02922	0.02440	0.02473	0.04557	0.03285	0.04372	0.00277	0.00691	0.00747	0.04008	0.01008
35	0.00846	0.00612	0.00800	0.00927	0.00991	0.00566	0.00629	0.00989	0.01390	0.01856	0.10949	0.63897	0.08936	0.02041	0.00862	0.00268	0.00386	0.01840	0.00647	0.00566
36	0.02022	0.45054	0.02805	0.01354	0.01829	0.27677	0.01184	0.02228	0.01610	0.01680	0.03647	0.01477	0.03532	0.00696	0.00528	0.00162	0.00883	0.00460	0.00342	0.00829
37	0.00931	0.00658	0.00810	0.00879	0.01006	0.00590	0.00618	0.01094	0.01478	0.04696	0.12259	0.44965	0.23726	0.01890	0.00840	0.00255	0.00382	0.01672	0.00657	0.00596
38	0.02562	0.01957	0.02028	0.01575	0.02107	0.05241	0.01292	0.63789	0.05897	0.04136	0.01663	0.01662	0.01189	0.00820	0.00682	0.00205	0.00765	0.00615	0.00670	0.01144
39	0.57084	0.01500	0.04494	0.07249	0.01922	0.03696	0.08310	0.02023	0.01275	0.02766	0.01081	0.01318	0.00833	0.00641	0.00504	0.00212	0.00663	0.00455	0.03203	0.00772
40	0.02556	0.03261	0.01939	0.01763	0.02115	0.73210	0.01322	0.02732	0.01939	0.01674	0.01058	0.01234	0.00881	0.00705	0.00617	0.00176	0.01234	0.00441	0.00353	0.00793
41	0.01297	0.01143	0.01818	0.31021	0.18244	0.01285	0.01504	0.01672	0.01479	0.02055	0.12436	0.02596	0.04793	0.01164	0.05872	0.00280	0.03870	0.00750	0.05934	0.00787
42	0.00969	0.00653	0.00754	0.00779	0.00785	0.00646	0.00449	0.00988	0.01045	0.01393	0.02412	0.15734	0.02810	0.64259	0.03069	0.00602	0.00621	0.01145	0.00449	0.00437
43	0.01844	0.01575	0.01932	0.01563	0.01993	0.06701	0.11863	0.20932	0.15259	0.05369	0.04295	0.11012	0.07776	0.01031	0.00731	0.00220	0.00709	0.00901	0.00597	0.03697

[dist]
# distance from previous block
# <min> <max>
5	9

[block]
# block no. 7 follows, 31 sequences, length 46
# corresponding to MSA columns:
# 238-283
name=unknown_H
#
# <colnr> <probs for GDERKNQSTAVLIFYWHMCP>
#	G	D	E	R	K	N	Q	S	T	A	V	L	I	F	Y	W	H	M	C	P
0	0.07812	0.10071	0.10614	0.04038	0.10194	0.11438	0.09823	0.13123	0.04146	0.02459	0.01686	0.02092	0.04264	0.00792	0.00660	0.00209	0.00858	0.04363	0.00434	0.00924
1	0.01258	0.04610	0.04466	0.01265	0.05420	0.02926	0.02829	0.07441	0.01467	0.01952	0.06615	0.07583	0.10157	0.22562	0.15967	0.00515	0.00889	0.00936	0.00468	0.00673
2	0.01636	0.14060	0.09540	0.05361	0.13502	0.04207	0.08061	0.08061	0.08726	0.02295	0.04072	0.06467	0.04196	0.00850	0.00705	0.00208	0.02803	0.00723	0.03610	0.00916
3	0.01105	0.04276	0.00923	0.00828	0.00927	0.00741	0.00554	0.01215	0.01257	0.04784	0.06025	0.21636	0.06846	0.35123	0.01972	0.00424	0.00526	0.01183	0.09104	0.00548
4	0.01656	0.03736	0.04104	0.01407	0.06362	0.03965	0.01062	0.14815	0.05786	0.02494	0.01645	0.07371	0.01463	0.04447	0.00884	0.03927	0.02486	0.00651	0.03149	0.28589
5	0.08359	0.01795	0.02156	0.06196	0.04835	0.12657	0.11570	0.10927	0.09273	0.04811	0.01456	0.01800	0.01175	0.04124	0.01106	0.00249	0.15553	0.00630	0.00444	0.00884
6	0.00908	0.00687	0.00837	0.00819	0.00990	0.00617	0.00607	0.01166	0.01763	0.02380	0.45553	0.12322	0.25715	0.01570	0.00814	0.00226	0.00337	0.01367	0.00706	0.00617
7	0.01582	0.01928	0.16250	0.11973	0.38536	0.01618	0.01995	0.02317	0.12635	0.02263	0.01508	0.01799	0.01182	0.00678	0.00676	0.00214	0.00820	0.00615	0.00382	0.01029
8	0.03798	0.01984	0.18542	0.14294	0.04565	0.04191	0.01663	0.11333	0.08875	0.02424	0.06911	0.01943	0.01493	0.00865	0.00955	0.00231	0.13952	0.00638	0.00434	0.00907
9	0.00849	0.00611	0.00805	0.00933	0.00994	0.00567	0.00632	0.00995	0.01394	0.01871	0.12055	0.64610	0.07069	0.02039	0.00863	0.00269	0.00386	0.01842	0.00649	0.00567
10	0.01651	0.01420	0.01700	0.11524	0.04477	0.05885	0.04732	0.20804	0.06738	0.02569	0.02719	0.02952	0.15589	0.04124	0.09720	0.00341	0.00860	0.00821	0.00524	0.00850
11	0.01301	0.00754	0.01002	0.01039	0.01217	0.00694	0.00794	0.01505	0.01542	0.14575	0.07615	0.37560	0.09851	0.01777	0.00846	0.00266	0.00473	0.15822	0.00679	0.00689
12	0.04106	0.08270	0.01922	0.09378	0.02116	0.08093	0.03695	0.19594	0.04652	0.09788	0.10402	0.02394	0.05748	0.01006	0.02438	0.00230	0.03987	0.00715	0.00556	0.00909
13	0.09163	0.12269	0.01914	0.03854	0.01833	0.10081	0.01131	0.25617	0.02029	0.02802	0.01441	0.01675	0.01149	0.01231	0.08442	0.00291	0.04841	0.00551	0.08792	0.00891
14	0.01324	0.00737	0.00687	0.00680	0.00847	0.03396	0.00510	0.01637	0.01454	0.02517	0.02187	0.02501	0.01720	0.00794	0.00484	0.00160	0.00354	0.00630	0.76736	0.00644
15	0.13314	0.09631	0.16149	0.13737	0.12701	0.10177	0.01640	0.02088	0.03391	0.02094	0.01217	0.01544	0.00979	0.00952	0.05190	0.00262	0.03200	0.00520	0.00343	0.00870
16	0.00855	0.00620	0.00793	0.00922	0.00985	0.00576	0.00626	0.00979	0.01325	0.01739	0.03988	0.59552	0.11690	0.07708	0.01068	0.00304	0.00422	0.04680	0.00618	0.00551
17	0.05043	0.09726	0.05163	0.03760	0.10643	0.08994	0.01338	0.21327	0.08064	0.06049	0.01552	0.01766	0.01219	0.03920	0.00810	0.00218	0.03722	0.00582	0.02346	0.03757
18	0.03939	0.10359	0.04612	0.01217	0.01593	0.07848	0.03367	0.06266	0.04423	0.10765	0.06427	0.10263	0.12005	0.01309	0.03808	0.02112	0.00685	0.03108	0.02804	0.03089
19	0.06332	0.08433	0.20287	0.01931	0.09575	0.13226	0.05832	0.09193	0.08491	0.05739	0.03588	0.01697	0.01256	0.00721	0.00642	0.00204	0.00872	0.00574	0.00436	0.00971
20	0.04535	0.13880	0.02183	0.01568	0.04014	0.14086	0.09102	0.10235	0.01685	0.02152	0.01823	0.05323	0.06545	0.06472	0.00998	0.00237	0.07784	0.00698	0.02851	0.03827
21	0.00874	0.00650	0.00811	0.00899	0.01007	0.00596	0.00641	0.01045	0.01463	0.01916	0.13663	0.42051	0.19978	0.04513	0.00947	0.00275	0.00404	0.07050	0.00643	0.00574
22	0.14767	0.03377	0.11556	0.08008	0.11618	0.04066	0.10365	0.05062	0.10062	0.09416	0.01643	0.04325	0.01275	0.00749	0.00653	0.00217	0.00785	0.00646	0.00463	0.00948
23	0.01689	0.04244	0.04527	0.07817	0.23295	0.12229	0.03864	0.07091	0.05442	0.02213	0.03934	0.06548	0.04468	0.01048	0.03907	0.00249	0.02953	0.00731	0.02855	0.00895
24	0.00929	0.00673	0.00790	0.00837	0.00996	0.00591	0.00598	0.01093	0.01495	0.04953	0.09590	0.35630	0.35660	0.01847	0.00831	0.00249	0.00377	0.01610	0.00652	0.00598
25	0.01065	0.00751	0.00886	0.00919	0.01022	0.00740	0.00629	0.07159	0.01432	0.01916	0.03364	0.36267	0.10222	0.22776	0.01571	0.00371	0.00503	0.03557	0.04272	0.00579
26	0.04758	0.02076	0.20685	0.09251	0.15692	0.04081	0.03709	0.11234	0.06870	0.06734	0.01587	0.01929	0.01225	0.00947	0.04062	0.00258	0.00889	0.02587	0.00440	0.00985
27	0.03704	0.01042	0.01150	0.01027	0.01295	0.03061	0.00794	0.13161	0.04344	0.07984	0.23755	0.11034	0.10181	0.01350	0.02940	0.00241	0.00511	0.01030	0.10620	0.00777
28	0.00995	0.00663	0.00746	0.00746	0.00746	0.00663	0.00415	0.00995	0.00995	0.01327	0.02156	0.04477	0.02487	0.75957	0.03482	0.00663	0.00663	0.00995	0.00415	0.00415
29	0.01634	0.01377	0.01498	0.01102	0.01688	0.05134	0.00881	0.06299	0.01590	0.05400	0.01300	0.01463	0.01045	0.00554	0.00533	0.00117	0.00568	0.00434	0.00440	0.66945
30	0.05201	0.02230	0.01925	0.01755	0.07246	0.30703	0.03119	0.18244	0.03602	0.12929	0.01559	0.01636	0.01154	0.00750	0.00641	0.00193	0.00903	0.00556	0.04698	0.00956
31	0.00839	0.00618	0.00786	0.00906	0.00984	0.00565	0.00618	0.00980	0.01392	0.01831	0.08911	0.59875	0.15132	0.02028	0.00859	0.00266	0.00384	0.01818	0.00643	0.00565
32	0.01479	0.02487	0.35490	0.02761	0.26814	0.01552	0.09942	0.02076	0.01523	0.02199	0.03577	0.01878	0.03745	0.00690	0.00688	0.00214	0.00913	0.00633	0.00340	0.00999
33	0.01638	0.01488	0.04799	0.03846	0.12746	0.05627	0.03196	0.13395	0.10624	0.04512	0.11908	0.05334	0.09436	0.02720	0.00798	0.00233	0.00666	0.05569	0.00571	0.00892
34	0.00832	0.00603	0.00786	0.00933	0.00987	0.00557	0.00626	0.00955	0.01328	0.01754	0.04006	0.70372	0.09511	0.02113	0.00868	0.00274	0.00393	0.01908	0.00635	0.00557
35	0.02017	0.48056	0.06149	0.01442	0.02000	0.16981	0.04450	0.08248	0.01679	0.01917	0.01067	0.01224	0.00911	0.00633	0.00524	0.00165	0.00868	0.00430	0.00342	0.00894
36	0.00875	0.00647	0.00785	0.00847	0.00971	0.00585	0.00598	0.01061	0.01519	0.02023	0.19040	0.37996	0.23500	0.01810	0.00824	0.00246	0.00364	0.01596	0.04129	0.00585
37	0.04792	0.05502	0.02053	0.01568	0.02053	0.13464	0.03439	0.45292	0.05069	0.03465	0.01641	0.05549	0.01301	0.00853	0.00669	0.00204	0.00809	0.00652	0.00591	0.01034
38	0.23708	0.10548	0.07248	0.04226	0.03838	0.04151	0.03199	0.06972	0.01420	0.02317	0.01340	0.01815	0.01145	0.01528	0.11771	0.07587	0.00877	0.02416	0.03131	0.00763
39	0.02602	0.03072	0.01907	0.01714	0.02082	0.66727	0.01293	0.02786	0.01940	0.08004	0.01205	0.01332	0.00954	0.00718	0.00623	0.00179	0.01175	0.00463	0.00397	0.00826
40	0.05359	0.15782	0.02195	0.12391	0.06224	0.09173	0.06681	0.05538	0.01545	0.04114	0.01588	0.07707	0.01463	0.03598	0.03334	0.00252	0.03410	0.03326	0.02570	0.03752
41	0.00986	0.03963	0.01007	0.04375	0.01226	0.04163	0.00718	0.01128	0.01361	0.01724	0.03750	0.50838	0.13488	0.06735	0.00996	0.00284	0.00485	0.01610	0.00577	0.00584
42	0.04360	0.05870	0.07159	0.04145	0.02168	0.06784	0.06393	0.22011	0.20261	0.02870	0.01819	0.04058	0.01428	0.00989	0.03190	0.00247	0.04044	0.00674	0.00539	0.00990
43	0.06131	0.16224	0.12371	0.01541	0.06414	0.05889	0.01330	0.12492	0.03236	0.05652	0.01608	0.07940	0.01393	0.00968	0.02771	0.00225	0.04282	0.00647	0.05791	0.03094
44	0.03621	0.01245	0.05216	0.04570	0.01527	0.06552	0.00915	0.07565	0.04063	0.05563	0.06538	0.20613	0.19350	0.06446	0.00936	0.00258	0.00576	0.01160	0.00573	0.02713
45	0.09153	0.20395	0.06054	0.01275	0.04200	0.06552	0.01064	0.06824	0.07590	0.04226	0.04358	0.02302	0.06861	0.07547	0.00838	0.00228	0.00666	0.00636	0.03941	0.05291

[dist]
# distance from previous block
# <min> <max>
0	6

[block]
# block no. 8 follows, 31 sequences, length 23
# corresponding to MSA columns:
# 290-312
name=unknown_I
#
# <colnr> <probs for GDERKNQSTAVLIFYWHMCP>
#	G	D	E	R	K	N	Q	S	T	A	V	L	I	F	Y	W	H	M	C	P
0	0.08233	0.04258	0.07162	0.04719	0.06692	0.10094	0.03553	0.09651	0.12868	0.02509	0.09174	0.05450	0.04271	0.01000	0.02278	0.00230	0.02698	0.00734	0.00506	0.03921
1	0.00924	0.00693	0.00811	0.00837	0.00960	0.00639	0.00570	0.01106	0.03116	0.01839	0.12396	0.27357	0.21541	0.19689	0.01461	0.00344	0.00446	0.01416	0.00590	0.03264
2	0.01468	0.01189	0.01479	0.01134	0.01645	0.00982	0.03831	0.04976	0.03948	0.04997	0.01749	0.12913	0.01626	0.00804	0.00598	0.00148	0.00534	0.00694	0.00479	0.54806
3	0.01790	0.03591	0.03891	0.05659	0.16815	0.03999	0.03655	0.19385	0.06134	0.02733	0.04802	0.02119	0.05668	0.00795	0.00700	0.00194	0.02566	0.00660	0.01792	0.13052
4	0.02053	0.04481	0.01830	0.01513	0.04243	0.04925	0.01176	0.29982	0.27066	0.03245	0.02005	0.02002	0.01510	0.00991	0.03441	0.00240	0.00713	0.00653	0.03795	0.04137
5	0.00934	0.00632	0.00836	0.00961	0.01028	0.00592	0.00665	0.01052	0.01330	0.03644	0.03710	0.59418	0.07368	0.04679	0.01042	0.03800	0.00435	0.06692	0.00618	0.00562
6	0.01578	0.01989	0.18198	0.06613	0.38053	0.01574	0.06058	0.04648	0.05118	0.02302	0.03439	0.01976	0.03958	0.00709	0.00689	0.00212	0.00835	0.00656	0.00380	0.01013
7	0.04702	0.05400	0.43786	0.01766	0.02532	0.01664	0.04937	0.07002	0.10909	0.02433	0.04454	0.01760	0.01297	0.00747	0.00717	0.00219	0.03700	0.00587	0.00400	0.00986
8	0.00852	0.00621	0.00795	0.00919	0.00990	0.00575	0.00628	0.00988	0.01363	0.01794	0.06982	0.58954	0.12532	0.05114	0.00973	0.00287	0.00407	0.04035	0.00631	0.00559
9	0.05233	0.07571	0.01926	0.01529	0.01926	0.33697	0.01208	0.19352	0.06942	0.02533	0.05301	0.01825	0.03868	0.00830	0.00692	0.00195	0.03407	0.00584	0.00489	0.00894
10	0.00866	0.00654	0.00785	0.00854	0.00974	0.00593	0.00603	0.01027	0.01452	0.01876	0.12431	0.35771	0.26690	0.07760	0.01054	0.00287	0.00404	0.04722	0.00631	0.00566
11	0.02545	0.01873	0.01949	0.01538	0.02036	0.07218	0.01256	0.48708	0.08146	0.12306	0.01793	0.01763	0.01271	0.00838	0.00737	0.00209	0.03410	0.00624	0.00667	0.01115
12	0.32640	0.06398	0.07010	0.04276	0.02028	0.15136	0.09631	0.02111	0.01412	0.02349	0.01137	0.01410	0.00912	0.00837	0.03265	0.00239	0.04371	0.00492	0.03551	0.00794
13	0.02467	0.02953	0.01840	0.01667	0.02013	0.63288	0.01254	0.04427	0.01932	0.04478	0.01280	0.04197	0.01090	0.00772	0.00627	0.00182	0.01133	0.00519	0.03078	0.00803
14	0.15636	0.01616	0.06028	0.01515	0.06929	0.11427	0.03836	0.07640	0.04481	0.06762	0.01896	0.10598	0.01720	0.03945	0.03483	0.00266	0.00754	0.03656	0.06990	0.00822
15	0.00863	0.00644	0.00791	0.00895	0.00993	0.00590	0.00629	0.01005	0.01375	0.01768	0.04470	0.45677	0.22050	0.07756	0.01065	0.00299	0.00425	0.07530	0.00618	0.00557
16	0.01621	0.03782	0.12271	0.06821	0.16756	0.05211	0.01528	0.08145	0.16778	0.02414	0.03262	0.02300	0.06685	0.01014	0.03626	0.00250	0.02726	0.00695	0.03167	0.00950
17	0.07030	0.04518	0.10210	0.01864	0.08394	0.10136	0.07264	0.20080	0.01954	0.07104	0.01421	0.01643	0.01087	0.00930	0.02808	0.03106	0.06346	0.00581	0.02579	0.00947
18	0.00912	0.00663	0.00765	0.00802	0.00898	0.00615	0.00538	0.01006	0.01300	0.01661	0.06695	0.19703	0.25767	0.27614	0.01833	0.03705	0.00488	0.03979	0.00549	0.00510
