[name]
unknown

[dist]
# distance from previous block
# <min> <max>
5	271

[block]
# block no. 0 follows, 34 sequences, length 14
# corresponding to MSA columns:
# 358-371
name=unknown_A
#
# <colnr> <probs for GDERKNQSTAVLIFYWHMCP>
#	G	D	E	R	K	N	Q	S	T	A	V	L	I	F	Y	W	H	M	C	P
0	0.17766	0.03339	0.01667	0.20851	0.09819	0.08323	0.03012	0.05733	0.06499	0.02159	0.01680	0.02201	0.05248	0.05019	0.00753	0.00229	0.00719	0.03816	0.00403	0.00765
1	0.05223	0.04610	0.01213	0.01024	0.01261	0.05103	0.02446	0.08065	0.01631	0.02247	0.22701	0.23687	0.05766	0.03669	0.00786	0.00222	0.00490	0.02861	0.00567	0.06430
2	0.06454	0.01733	0.10299	0.12963	0.02413	0.07526	0.10549	0.14562	0.01655	0.02275	0.01677	0.05391	0.06035	0.00854	0.00856	0.00216	0.11291	0.00676	0.01762	0.00813
3	0.01516	0.01350	0.01767	0.01484	0.01865	0.01480	0.12293	0.06203	0.46315	0.02503	0.02539	0.06938	0.04909	0.01122	0.04464	0.00262	0.00661	0.00820	0.00582	0.00929
4	0.08852	0.04761	0.01398	0.01010	0.01496	0.04792	0.00809	0.05858	0.01467	0.02247	0.05511	0.05794	0.01422	0.00658	0.00520	0.00133	0.00523	0.00521	0.00425	0.51802
5	0.01032	0.00773	0.00976	0.05147	0.01259	0.00774	0.00749	0.03540	0.06681	0.02279	0.34871	0.11363	0.10405	0.05140	0.00880	0.00242	0.00423	0.09194	0.03639	0.00634
6	0.01614	0.01197	0.01607	0.12651	0.02053	0.01293	0.05229	0.19591	0.03087	0.07253	0.08525	0.02990	0.02047	0.04453	0.02209	0.00249	0.04229	0.10918	0.05399	0.03407
7	0.01516	0.01534	0.09036	0.01341	0.01744	0.01518	0.01136	0.03106	0.59576	0.02558	0.02542	0.07635	0.02016	0.00931	0.00665	0.00221	0.00548	0.00783	0.00613	0.00980
8	0.01373	0.01178	0.01355	0.01002	0.01550	0.00954	0.00798	0.01852	0.10148	0.02180	0.01333	0.01473	0.01083	0.00528	0.00501	0.00111	0.00483	0.00426	0.00417	0.71255
9	0.01246	0.01119	0.08728	0.01044	0.01384	0.00865	0.00922	0.05282	0.03398	0.07471	0.29938	0.06700	0.09430	0.01169	0.00712	0.00204	0.00476	0.08568	0.00599	0.10746
10	0.04141	0.06400	0.01708	0.01431	0.01773	0.38579	0.01116	0.10224	0.08474	0.05104	0.04100	0.06241	0.01579	0.00874	0.00627	0.00191	0.00868	0.05302	0.00464	0.00804
11	0.06607	0.01769	0.07082	0.05207	0.06152	0.12445	0.09647	0.08432	0.15304	0.06511	0.03622	0.01837	0.01345	0.01008	0.05416	0.00259	0.05411	0.00612	0.00456	0.00877
12	0.10144	0.01495	0.09056	0.05511	0.01844	0.04990	0.02972	0.11197	0.08230	0.06244	0.01824	0.09087	0.03284	0.01267	0.08511	0.00282	0.00762	0.00685	0.00470	0.12145
13	0.10097	0.04973	0.01526	0.01178	0.01599	0.07385	0.04873	0.07752	0.15768	0.05372	0.02534	0.02510	0.15003	0.00855	0.00604	0.00182	0.00583	0.00688	0.00508	0.16009

[dist]
# distance from previous block
# <min> <max>
3	37

[block]
# block no. 1 follows, 34 sequences, length 7
# corresponding to MSA columns:
# 417-423
name=unknown_B
#
# <colnr> <probs for GDERKNQSTAVLIFYWHMCP>
#	G	D	E	R	K	N	Q	S	T	A	V	L	I	F	Y	W	H	M	C	P
0	0.05193	0.05356	0.02216	0.27129	0.13432	0.07364	0.11685	0.04945	0.06109	0.02007	0.01450	0.05817	0.01234	0.00740	0.00651	0.00208	0.00817	0.02459	0.00371	0.00816
1	0.04710	0.03308	0.08087	0.06815	0.14278	0.07456	0.08037	0.04657	0.12929	0.10630	0.05405	0.07513	0.01683	0.00816	0.00655	0.00205	0.00720	0.00717	0.00480	0.00897
2	0.01461	0.01414	0.01718	0.43833	0.03189	0.12593	0.01436	0.06880	0.01468	0.01822	0.01363	0.05224	0.01174	0.06407	0.00884	0.00238	0.03548	0.00636	0.03998	0.00713
3	0.05300	0.01880	0.02862	0.02158	0.02653	0.14661	0.38916	0.05884	0.01608	0.07416	0.01290	0.01598	0.00980	0.00664	0.00848	0.00212	0.09193	0.00643	0.00379	0.00853
4	0.33715	0.16485	0.01786	0.06349	0.01805	0.26787	0.01041	0.02122	0.01405	0.02097	0.00951	0.01133	0.00781	0.00617	0.00482	0.00178	0.00790	0.00387	0.00346	0.00743
5	0.02371	0.01768	0.01891	0.01469	0.01971	0.01964	0.01208	0.64327	0.09957	0.03935	0.01659	0.01637	0.01186	0.00786	0.00647	0.00196	0.00691	0.00597	0.00647	0.01091
6	0.01656	0.01207	0.01285	0.01134	0.01433	0.07786	0.00895	0.09651	0.13986	0.13625	0.29838	0.03518	0.03469	0.01083	0.00709	0.00209	0.00525	0.06506	0.00664	0.00821

[dist]
# distance from previous block
# <min> <max>
0	2

[block]
# block no. 2 follows, 34 sequences, length 13
# corresponding to MSA columns:
# 426-438
name=unknown_C
#
# <colnr> <probs for GDERKNQSTAVLIFYWHMCP>
#	G	D	E	R	K	N	Q	S	T	A	V	L	I	F	Y	W	H	M	C	P
0	0.04533	0.01450	0.01582	0.01289	0.01715	0.01569	0.01048	0.37611	0.15414	0.10510	0.05678	0.02532	0.07564	0.00929	0.00666	0.00206	0.00596	0.03471	0.00654	0.00983
1	0.02325	0.01740	0.01939	0.09369	0.02263	0.01943	0.01288	0.63734	0.02853	0.03815	0.01509	0.01569	0.01074	0.00762	0.00646	0.00196	0.00727	0.00581	0.00608	0.01058
2	0.00988	0.00705	0.00869	0.00932	0.01015	0.00697	0.00634	0.08358	0.01382	0.01845	0.03112	0.57663	0.03639	0.13510	0.01186	0.00311	0.00449	0.01565	0.00573	0.00565
3	0.02554	0.01337	0.01502	0.01220	0.01659	0.08867	0.00979	0.06211	0.08978	0.50724	0.02413	0.07068	0.01711	0.00874	0.00655	0.00202	0.00607	0.00709	0.00715	0.01016
4	0.02456	0.01810	0.01939	0.01487	0.02004	0.02004	0.01228	0.71107	0.03038	0.04072	0.01551	0.01551	0.01099	0.00776	0.00646	0.00194	0.00711	0.00582	0.00646	0.01099
5	0.02350	0.01757	0.01880	0.01465	0.01963	0.01954	0.01203	0.62678	0.11639	0.03902	0.01686	0.01658	0.01208	0.00788	0.00648	0.00197	0.00686	0.00600	0.00648	0.01089
6	0.00849	0.00651	0.00777	0.00760	0.00929	0.00580	0.00564	0.01087	0.01654	0.02208	0.43159	0.10382	0.31084	0.01488	0.00767	0.00213	0.00318	0.01288	0.00662	0.00580
7	0.06557	0.01915	0.01849	0.01466	0.01947	0.10886	0.01192	0.55541	0.06389	0.03633	0.01506	0.01522	0.01091	0.00758	0.00626	0.00192	0.00745	0.00557	0.00596	0.01031
8	0.01710	0.47192	0.18512	0.01420	0.02062	0.02198	0.06061	0.10467	0.01550	0.01984	0.01062	0.01218	0.00870	0.00593	0.00509	0.00165	0.00777	0.00431	0.00324	0.00892
9	0.01137	0.05153	0.06258	0.01082	0.01259	0.04619	0.00879	0.01401	0.04924	0.01672	0.06362	0.13900	0.06108	0.21624	0.08026	0.00407	0.08710	0.05425	0.00445	0.00607
10	0.06024	0.01282	0.01539	0.01275	0.01608	0.04842	0.05647	0.11863	0.06243	0.03620	0.01667	0.09786	0.01534	0.05411	0.09958	0.00318	0.08345	0.00706	0.00452	0.17880
11	0.15087	0.03604	0.01531	0.01292	0.01617	0.13796	0.05965	0.02080	0.14715	0.02104	0.03560	0.02175	0.03349	0.01613	0.15573	0.00368	0.02964	0.03226	0.00434	0.04949
12	0.17619	0.01575	0.05255	0.01238	0.01629	0.08566	0.01033	0.25364	0.04053	0.05636	0.03494	0.08971	0.01527	0.01238	0.07481	0.00278	0.00754	0.00670	0.02775	0.00846

[dist]
# distance from previous block
# <min> <max>
2	17

[block]
# block no. 3 follows, 34 sequences, length 63
# corresponding to MSA columns:
# 461-523
name=unknown_D
#
# <colnr> <probs for GDERKNQSTAVLIFYWHMCP>
#	G	D	E	R	K	N	Q	S	T	A	V	L	I	F	Y	W	H	M	C	P
0	0.11110	0.04582	0.01739	0.01354	0.01801	0.15991	0.03208	0.25389	0.05197	0.12205	0.01678	0.03612	0.03057	0.00764	0.00600	0.00186	0.00725	0.00577	0.00536	0.05685
1	0.20128	0.01501	0.01509	0.03559	0.01726	0.14117	0.07038	0.07650	0.01574	0.05397	0.04972	0.05265	0.04878	0.03072	0.00685	0.00208	0.00687	0.06180	0.00461	0.09394
2	0.03992	0.01753	0.06920	0.01414	0.01871	0.12524	0.06148	0.18979	0.08318	0.08804	0.03283	0.01950	0.02931	0.04632	0.04647	0.00250	0.00793	0.00607	0.00500	0.09682
3	0.13247	0.01399	0.01360	0.01218	0.04329	0.10502	0.00919	0.07179	0.11661	0.17143	0.02077	0.02064	0.05820	0.00772	0.00574	0.00183	0.00586	0.00596	0.09943	0.08431
4	0.01956	0.04735	0.06894	0.01382	0.01834	0.16544	0.01168	0.24979	0.11578	0.04546	0.03999	0.01943	0.05090	0.00949	0.03546	0.00218	0.00780	0.00603	0.00516	0.06741
5	0.00908	0.00619	0.00708	0.00728	0.00747	0.00607	0.00426	0.00933	0.01014	0.01338	0.02528	0.14258	0.07067	0.62258	0.02793	0.00551	0.00573	0.01089	0.00433	0.00419
6	0.01940	0.01583	0.01630	0.01380	0.01796	0.04605	0.01096	0.25073	0.45630	0.04682	0.02218	0.02081	0.01639	0.00834	0.00651	0.00209	0.00602	0.00669	0.00644	0.01038
7	0.01400	0.03516	0.08672	0.01291	0.04535	0.06846	0.04124	0.01794	0.04748	0.02029	0.01723	0.03611	0.07129	0.00668	0.00558	0.00142	0.00610	0.00552	0.00397	0.45657
8	0.03178	0.04459	0.09181	0.04627	0.11126	0.01598	0.42652	0.03799	0.01495	0.02100	0.01240	0.01612	0.00955	0.00575	0.00725	0.00203	0.02919	0.00651	0.00331	0.06573
9	0.00940	0.00626	0.00705	0.00705	0.00705	0.00626	0.00392	0.00940	0.00940	0.01253	0.02036	0.04228	0.02349	0.77292	0.03289	0.00626	0.00626	0.00940	0.00392	0.00392
10	0.00993	0.00775	0.00920	0.00921	0.01098	0.00769	0.00691	0.01502	0.14267	0.02199	0.27639	0.20733	0.17129	0.01488	0.00767	0.00229	0.00383	0.06197	0.00648	0.00652
11	0.08929	0.13870	0.02137	0.10874	0.08097	0.10862	0.05157	0.13128	0.10874	0.07860	0.01446	0.01574	0.01097	0.00680	0.00587	0.00190	0.00752	0.00536	0.00450	0.00901
12	0.00787	0.00562	0.00750	0.00900	0.00937	0.00525	0.00600	0.00900	0.01237	0.01649	0.03561	0.76871	0.04274	0.02024	0.00825	0.00262	0.00375	0.01837	0.00600	0.00525
13	0.00807	0.00588	0.00765	0.00891	0.00959	0.00545	0.00619	0.00946	0.01302	0.01719	0.06850	0.62221	0.11004	0.01940	0.00821	0.00258	0.00382	0.06244	0.00604	0.00535
14	0.01030	0.00801	0.00968	0.01066	0.01196	0.03890	0.00843	0.03229	0.01481	0.01918	0.08450	0.31760	0.06619	0.01754	0.00833	0.00266	0.00512	0.32198	0.00595	0.00590
15	0.01615	0.23382	0.36222	0.01777	0.06833	0.09685	0.04738	0.05160	0.01489	0.01948	0.01098	0.01292	0.00855	0.00605	0.00565	0.00182	0.00888	0.00458	0.00302	0.00906
16	0.01182	0.00940	0.01002	0.00925	0.01151	0.05431	0.00703	0.01666	0.11903	0.06070	0.41206	0.04391	0.18414	0.01252	0.00730	0.00206	0.00406	0.01070	0.00662	0.00691
17	0.00923	0.00692	0.01038	0.01038	0.01154	0.00808	0.00808	0.01154	0.01038	0.01500	0.01731	0.02538	0.01615	0.04846	0.74732	0.01038	0.01731	0.00692	0.00346	0.00577
18	0.03899	0.01472	0.02859	0.02143	0.02613	0.01468	0.44842	0.04587	0.03588	0.02089	0.03637	0.09285	0.01516	0.01087	0.06191	0.00284	0.06404	0.00840	0.00388	0.00805
19	0.01649	0.18365	0.13541	0.01458	0.01903	0.21063	0.06485	0.05150	0.01539	0.01820	0.03355	0.13183	0.01589	0.03329	0.02634	0.00224	0.00857	0.00707	0.00379	0.00771
20	0.01096	0.00770	0.00927	0.00892	0.01093	0.00741	0.00680	0.01498	0.09419	0.07297	0.26232	0.10661	0.21921	0.04562	0.04145	0.00274	0.00454	0.06044	0.00637	0.00656
21	0.04435	0.00870	0.00929	0.00825	0.01063	0.00904	0.00645	0.14001	0.01709	0.05537	0.09586	0.02460	0.01995	0.00915	0.02351	0.00190	0.00427	0.00654	0.49789	0.00715
22	0.02249	0.01570	0.01720	0.01364	0.01815	0.01709	0.01122	0.55147	0.02685	0.08129	0.01841	0.04798	0.01446	0.00883	0.00655	0.00200	0.00653	0.04788	0.06213	0.01013
23	0.01708	0.74376	0.06523	0.01138	0.01709	0.02510	0.01163	0.01940	0.01315	0.01544	0.00910	0.01051	0.00829	0.00556	0.00423	0.00141	0.00703	0.00351	0.00276	0.00835
24	0.01549	0.01166	0.01378	0.00997	0.01561	0.00911	0.00802	0.04246	0.01455	0.09985	0.01315	0.01441	0.01032	0.00524	0.00503	0.00111	0.00495	0.00419	0.00438	0.69671
25	0.01588	0.01369	0.01538	0.01357	0.01720	0.01556	0.04035	0.06219	0.61398	0.02668	0.02585	0.07143	0.02039	0.00932	0.00672	0.00221	0.00536	0.00797	0.00639	0.00987
26	0.03957	0.00767	0.00912	0.00856	0.01072	0.00723	0.00654	0.01484	0.06634	0.08681	0.36755	0.09072	0.21501	0.01350	0.00739	0.00214	0.00366	0.02931	0.00667	0.00664
27	0.01607	0.01388	0.01461	0.01315	0.01680	0.01607	0.01023	0.03433	0.72094	0.02703	0.02630	0.02411	0.01972	0.00877	0.00657	0.00219	0.00511	0.00731	0.00657	0.01023
28	0.01340	0.01148	0.01340	0.00957	0.01531	0.00861	0.00766	0.01627	0.01340	0.02105	0.01148	0.01340	0.00957	0.00479	0.00479	0.00096	0.00479	0.00383	0.00383	0.81242
29	0.00940	0.00626	0.00705	0.00705	0.00705	0.00626	0.00392	0.00940	0.00940	0.01253	0.02036	0.04228	0.02349	0.77292	0.03289	0.00626	0.00626	0.00940	0.00392	0.00392
30	0.01727	0.77681	0.03386	0.01106	0.01658	0.02557	0.01106	0.01935	0.01313	0.01520	0.00898	0.01036	0.00829	0.00553	0.00415	0.00138	0.00691	0.00345	0.00276	0.00829
31	0.01615	0.01369	0.01579	0.01431	0.05813	0.04558	0.03465	0.12584	0.25687	0.04324	0.02234	0.02361	0.06920	0.03997	0.07009	0.00283	0.03364	0.00691	0.00529	0.10188
32	0.01796	0.01537	0.01478	0.01295	0.01617	0.12008	0.01005	0.17189	0.26060	0.05417	0.06062	0.09413	0.02014	0.02970	0.00780	0.00219	0.03411	0.00776	0.04069	0.00885
33	0.02416	0.03013	0.01837	0.01655	0.01998	0.70876	0.01247	0.06183	0.01895	0.01712	0.01028	0.01186	0.00846	0.00672	0.00586	0.00168	0.01141	0.00425	0.00349	0.00767
34	0.01340	0.01148	0.01340	0.00957	0.01531	0.00861	0.00766	0.01627	0.01340	0.02105	0.01148	0.01340	0.00957	0.00479	0.00479	0.00096	0.00479	0.00383	0.00383	0.81242
35	0.01340	0.01148	0.01340	0.00957	0.01531	0.00861	0.00766	0.01627	0.01340	0.02105	0.01148	0.01340	0.00957	0.00479	0.00479	0.00096	0.00479	0.00383	0.00383	0.81242
36	0.02167	0.01630	0.01770	0.01363	0.01863	0.01739	0.01116	0.53815	0.05805	0.03633	0.05291	0.01730	0.01379	0.00764	0.00627	0.00181	0.00645	0.00589	0.00610	0.13284
37	0.63831	0.01340	0.01096	0.00951	0.01363	0.05987	0.00776	0.02148	0.01269	0.14488	0.01178	0.01246	0.00856	0.00637	0.00453	0.00198	0.00550	0.00403	0.00462	0.00769
38	0.00796	0.00653	0.00685	0.00678	0.00872	0.00559	0.00499	0.00965	0.01480	0.01818	0.14669	0.05898	0.59386	0.07054	0.00946	0.00246	0.00346	0.01308	0.00599	0.00543
39	0.00791	0.00565	0.00753	0.00897	0.00938	0.00527	0.00600	0.00909	0.01255	0.01678	0.05635	0.74716	0.04328	0.02003	0.00823	0.00261	0.00373	0.01817	0.00603	0.00527
40	0.02258	0.06082	0.01886	0.01621	0.01940	0.61488	0.01240	0.02529	0.06177	0.01647	0.01086	0.01257	0.00905	0.00709	0.00696	0.00177	0.06743	0.00444	0.00347	0.00767
41	0.01389	0.01317	0.02215	0.43758	0.33344	0.01482	0.01855	0.01833	0.03055	0.01870	0.01212	0.01687	0.00956	0.00622	0.00644	0.00206	0.00814	0.00579	0.00310	0.00854
42	0.01212	0.00789	0.01001	0.00902	0.01115	0.00753	0.00691	0.03351	0.06963	0.10116	0.58612	0.04292	0.05198	0.01220	0.00740	0.00204	0.00356	0.01067	0.00715	0.00704
43	0.05874	0.01199	0.01522	0.01184	0.01673	0.01123	0.00974	0.10327	0.06376	0.59060	0.02384	0.02099	0.01534	0.00794	0.00640	0.00201	0.00563	0.00636	0.00759	0.01079
44	0.01504	0.01421	0.02404	0.08859	0.61276	0.01439	0.01855	0.01873	0.01447	0.02046	0.01433	0.05820	0.01303	0.00711	0.00661	0.00202	0.00746	0.03700	0.00345	0.00956
45	0.01100	0.00689	0.00839	0.00830	0.01019	0.00607	0.00611	0.01282	0.01507	0.12110	0.15615	0.28339	0.29836	0.01592	0.00767	0.00228	0.00371	0.01384	0.00646	0.00628
46	0.02748	0.01341	0.01649	0.01264	0.01770	0.01308	0.01044	0.26263	0.02254	0.50024	0.02210	0.01979	0.01429	0.00792	0.00649	0.00198	0.00605	0.00627	0.00748	0.01099
47	0.00822	0.00645	0.00744	0.00745	0.00915	0.00566	0.00549	0.01031	0.01572	0.02042	0.30444	0.14965	0.39514	0.01572	0.00771	0.00219	0.00325	0.01354	0.00641	0.00566
48	0.01509	0.06499	0.45340	0.02005	0.07137	0.01580	0.12722	0.05272	0.04635	0.05311	0.01317	0.01513	0.00955	0.00625	0.00633	0.00202	0.00902	0.00545	0.00342	0.00956
49	0.01427	0.03919	0.12199	0.22663	0.11110	0.01475	0.20672	0.03687	0.02974	0.03773	0.01604	0.02177	0.03681	0.00722	0.00686	0.00214	0.00866	0.04949	0.00360	0.00842
50	0.02599	0.01365	0.01625	0.01255	0.01739	0.01370	0.01034	0.31652	0.02317	0.39620	0.02099	0.01940	0.01392	0.00786	0.00635	0.00194	0.00601	0.00618	0.06092	0.01066
51	0.01462	0.12601	0.31075	0.04948	0.10662	0.04400	0.04778	0.04992	0.01507	0.03869	0.04019	0.02069	0.09397	0.00753	0.00621	0.00195	0.00793	0.00618	0.00366	0.00876
52	0.01604	0.01562	0.06554	0.04121	0.04698	0.11201	0.09149	0.09875	0.07134	0.07580	0.06511	0.08742	0.12614	0.03017	0.00764	0.00220	0.00700	0.02639	0.00513	0.00805
53	0.01591	0.08039	0.07430	0.12713	0.20802	0.11515	0.21041	0.01994	0.01480	0.01891	0.01278	0.04904	0.01079	0.00654	0.00655	0.00199	0.00913	0.00637	0.00325	0.00859
54	0.16311	0.06096	0.13821	0.01879	0.06755	0.19298	0.16299	0.06236	0.01556	0.02177	0.01110	0.01351	0.00866	0.00628	0.00636	0.00195	0.03088	0.00509	0.00348	0.00840
55	0.00842	0.00633	0.00744	0.00774	0.00924	0.00567	0.00567	0.01041	0.01499	0.01980	0.22507	0.23467	0.32211	0.01612	0.00767	0.00225	0.00342	0.03887	0.04849	0.00562
56	0.01620	0.37381	0.33149	0.01491	0.02214	0.01953	0.04664	0.02075	0.01383	0.06975	0.01146	0.01290	0.00887	0.00596	0.00531	0.00174	0.00810	0.00441	0.00315	0.00904
57	0.00930	0.00791	0.00850	0.00824	0.01045	0.00769	0.00626	0.01365	0.12759	0.01892	0.06724	0.07830	0.51293	0.01715	0.05521	0.00274	0.02365	0.01212	0.00587	0.00629
58	0.78670	0.01223	0.00942	0.00852	0.01237	0.01413	0.00696	0.01860	0.01105	0.02850	0.01004	0.04030	0.00840	0.00656	0.00417	0.00202	0.00495	0.00408	0.00408	0.00693
59	0.01209	0.00967	0.01245	0.15035	0.01807	0.03874	0.02762	0.04634	0.05145	0.02064	0.10186	0.10702	0.04282	0.01634	0.12684	0.00338	0.02723	0.00835	0.17203	0.00670
60	0.04285	0.14513	0.40610	0.05567	0.05609	0.04502	0.01828	0.02078	0.05825	0.02003	0.01197	0.01387	0.00911	0.00613	0.00569	0.00186	0.00830	0.00468	0.00315	0.06705
61	0.04547	0.01325	0.01883	0.41981	0.16696	0.06012	0.01583	0.03923	0.04209	0.01904	0.01605	0.05258	0.04881	0.00759	0.00646	0.00209	0.00780	0.00660	0.00357	0.00783
62	0.02102	0.10568	0.01856	0.01442	0.01800	0.46463	0.01116	0.08319	0.03965	0.01879	0.04378	0.01590	0.01228	0.05522	0.00746	0.00194	0.00946	0.00498	0.00388	0.05000

[dist]
# distance from previous block
# <min> <max>
0	7

[block]
# block no. 4 follows, 34 sequences, length 27
# corresponding to MSA columns:
# 531-557
name=unknown_E
#
# <colnr> <probs for GDERKNQSTAVLIFYWHMCP>
#	G	D	E	R	K	N	Q	S	T	A	V	L	I	F	Y	W	H	M	C	P
0	0.02396	0.02186	0.01917	0.01822	0.10936	0.31302	0.01291	0.24599	0.02176	0.13030	0.01431	0.01496	0.01055	0.00709	0.00620	0.00183	0.00879	0.00524	0.00500	0.00947
1	0.01244	0.00693	0.00953	0.00913	0.01006	0.00700	0.00655	0.01205	0.03495	0.08129	0.02126	0.07253	0.09963	0.02055	0.05428	0.48859	0.03702	0.00758	0.00404	0.00462
2	0.00907	0.00651	0.00845	0.00961	0.01036	0.00630	0.00677	0.04978	0.01364	0.01815	0.03433	0.66013	0.04039	0.01930	0.00821	0.00262	0.00415	0.08056	0.00602	0.00564
3	0.00811	0.00595	0.00764	0.00869	0.00951	0.00548	0.00607	0.00962	0.01351	0.01786	0.12002	0.55201	0.14168	0.01877	0.00812	0.00251	0.00371	0.04922	0.00612	0.00541
4	0.01691	0.01360	0.01423	0.01249	0.01609	0.03918	0.00977	0.09998	0.47483	0.07272	0.09277	0.02712	0.06292	0.00940	0.00669	0.00212	0.00526	0.00777	0.00656	0.00960
5	0.01480	0.00981	0.01255	0.01134	0.01380	0.00991	0.04458	0.15216	0.05764	0.10423	0.02740	0.38221	0.02790	0.01374	0.00721	0.00226	0.00499	0.01217	0.08372	0.00757
6	0.00948	0.00758	0.00860	0.00817	0.01026	0.00721	0.00618	0.01405	0.11376	0.02260	0.36039	0.05063	0.32929	0.01389	0.00748	0.00212	0.00343	0.01188	0.00658	0.00640
7	0.01312	0.01283	0.01974	0.67065	0.08542	0.05655	0.01775	0.01725	0.01334	0.01675	0.01144	0.01683	0.00870	0.00643	0.00642	0.00211	0.00873	0.00565	0.00292	0.00738
8	0.01490	0.01555	0.02335	0.11285	0.13483	0.08828	0.16284	0.01792	0.01300	0.01748	0.01164	0.01729	0.01021	0.04777	0.05436	0.00295	0.23773	0.00621	0.00312	0.00774
9	0.01269	0.01187	0.01861	0.54804	0.07153	0.01456	0.01628	0.01798	0.08288	0.01775	0.01556	0.01995	0.04758	0.00757	0.00775	0.00220	0.06997	0.00630	0.00341	0.00753
10	0.00785	0.00572	0.00740	0.00874	0.00930	0.00527	0.00588	0.00903	0.01262	0.01660	0.03875	0.69432	0.11509	0.01983	0.00818	0.00258	0.00370	0.01787	0.00600	0.00527
11	0.01168	0.01098	0.01522	0.06980	0.01770	0.07803	0.13016	0.04135	0.01419	0.01814	0.02665	0.47979	0.02992	0.01485	0.00770	0.00239	0.00624	0.01371	0.00505	0.00644
12	0.01521	0.01834	0.11704	0.02566	0.12176	0.01563	0.43684	0.05378	0.04000	0.02204	0.03809	0.01948	0.01254	0.00639	0.00723	0.00213	0.00953	0.02563	0.00366	0.00901
13	0.01296	0.03342	0.73944	0.01842	0.02797	0.01501	0.02387	0.02046	0.01364	0.02046	0.01160	0.01364	0.00818	0.00614	0.00614	0.00205	0.00955	0.00477	0.00273	0.00955
14	0.00903	0.00658	0.00798	0.00782	0.00950	0.00587	0.00579	0.01136	0.01638	0.04132	0.40549	0.14439	0.27481	0.01499	0.00768	0.00216	0.00328	0.01303	0.00663	0.00591
15	0.01350	0.01283	0.02164	0.49929	0.26929	0.01485	0.01845	0.01757	0.01341	0.01799	0.01161	0.01673	0.00914	0.00638	0.00689	0.00210	0.03143	0.00574	0.00298	0.00818
16	0.01533	0.01549	0.02401	0.21362	0.39223	0.08012	0.08373	0.01914	0.01457	0.01927	0.01311	0.03965	0.01123	0.00670	0.00659	0.00203	0.00841	0.02264	0.00328	0.00883
17	0.01527	0.43160	0.36151	0.01447	0.02187	0.02066	0.01701	0.01987	0.01337	0.01764	0.01020	0.01189	0.00824	0.00581	0.00507	0.00169	0.00814	0.00407	0.00275	0.00888
18	0.35509	0.01228	0.02780	0.01023	0.01379	0.02527	0.04131	0.08122	0.04913	0.04698	0.03734	0.01928	0.01347	0.10257	0.00850	0.00244	0.00557	0.00553	0.09724	0.04496
19	0.01168	0.01125	0.08239	0.01354	0.06813	0.03894	0.01056	0.01449	0.01170	0.05150	0.01660	0.02354	0.01492	0.06815	0.52312	0.00800	0.01455	0.00660	0.00361	0.00672
20	0.01025	0.04905	0.09947	0.01078	0.01300	0.04451	0.00926	0.01251	0.01314	0.01707	0.03067	0.37284	0.08811	0.06094	0.04043	0.00300	0.00599	0.10783	0.00507	0.00610
21	0.02158	0.01564	0.01765	0.06998	0.02024	0.01715	0.01170	0.52921	0.02682	0.06557	0.11890	0.02065	0.01825	0.00846	0.00663	0.00197	0.00657	0.00669	0.00635	0.00999
22	0.01237	0.01315	0.07333	0.62922	0.04043	0.01385	0.01740	0.01679	0.01302	0.01725	0.01149	0.01659	0.00867	0.00627	0.00627	0.00203	0.00831	0.00548	0.00295	0.08511
23	0.02172	0.02587	0.05184	0.01595	0.01984	0.50753	0.04682	0.05775	0.05805	0.05377	0.01637	0.01726	0.06420	0.00755	0.00617	0.00181	0.00999	0.00545	0.00406	0.00799
24	0.21170	0.01810	0.01489	0.01275	0.01666	0.20081	0.01008	0.19105	0.11459	0.06125	0.03923	0.01634	0.01276	0.00738	0.00568	0.00190	0.00707	0.00529	0.04382	0.00864
25	0.02456	0.01810	0.01939	0.01487	0.02004	0.02004	0.01228	0.71107	0.03038	0.04072	0.01551	0.01551	0.01099	0.00776	0.00646	0.00194	0.00711	0.00582	0.00646	0.01099
26	0.01428	0.01150	0.01367	0.01219	0.01471	0.09117	0.07387	0.06844	0.01658	0.08980	0.14844	0.18634	0.07797	0.05548	0.00893	0.00248	0.00599	0.09542	0.00574	0.00698

[dist]
# distance from previous block
# <min> <max>
90	215

# created by:
# /home/berkeley/.conda/envs/busco_data_prod/bin/msa2prfl.pl pipeline/OGs_align_augustus/4893/6426.fs
