[name]
unknown

[dist]
# distance from previous block
# <min> <max>
0	24

[block]
# block no. 0 follows, 31 sequences, length 29
# corresponding to MSA columns:
# 24-52
name=unknown_A
#
# <colnr> <probs for GDERKNQSTAVLIFYWHMCP>
#	G	D	E	R	K	N	Q	S	T	A	V	L	I	F	Y	W	H	M	C	P
0	0.01029	0.00826	0.01013	0.01089	0.05011	0.00787	0.00779	0.01440	0.08093	0.02257	0.25223	0.08973	0.29309	0.01534	0.00811	0.00238	0.00423	0.09825	0.00660	0.00679
1	0.01937	0.15896	0.12653	0.10336	0.02424	0.19227	0.03833	0.05311	0.08818	0.07279	0.04820	0.01755	0.01354	0.00740	0.00629	0.00196	0.00883	0.00568	0.00432	0.00908
2	0.10025	0.00901	0.01143	0.12537	0.01668	0.00978	0.00859	0.01568	0.03275	0.07701	0.06129	0.05658	0.05147	0.22613	0.14257	0.00499	0.00832	0.00843	0.02715	0.00653
3	0.00997	0.00662	0.00862	0.00937	0.01048	0.00612	0.00658	0.01161	0.01442	0.06412	0.11680	0.51345	0.12072	0.02072	0.04349	0.00301	0.00464	0.01667	0.00649	0.00610
4	0.00977	0.00718	0.00938	0.01050	0.01164	0.00701	0.00796	0.01284	0.05498	0.02011	0.11071	0.41259	0.06755	0.01903	0.00875	0.00278	0.00464	0.20988	0.00650	0.00619
5	0.15650	0.08508	0.18141	0.01482	0.02078	0.09500	0.01431	0.16826	0.09321	0.08529	0.01517	0.01570	0.01111	0.00731	0.00605	0.00204	0.00787	0.00531	0.00494	0.00983
6	0.01000	0.00648	0.00853	0.00959	0.01050	0.00598	0.00668	0.01127	0.01369	0.06297	0.03869	0.59567	0.09783	0.02023	0.00922	0.03051	0.00422	0.04567	0.00637	0.00591
7	0.08145	0.01274	0.01507	0.01095	0.01689	0.01039	0.03433	0.04202	0.01469	0.02374	0.01216	0.01417	0.00997	0.00531	0.00518	0.00119	0.00542	0.00425	0.00415	0.67592
8	0.01834	0.01504	0.05468	0.01651	0.02231	0.01286	0.20345	0.09126	0.01786	0.14133	0.06134	0.02010	0.01530	0.00694	0.00665	0.00183	0.00730	0.00658	0.04415	0.23617
9	0.01416	0.01245	0.01512	0.01167	0.01617	0.01152	0.00935	0.01752	0.04527	0.02109	0.01334	0.03829	0.01191	0.02905	0.00938	0.00166	0.14372	0.00523	0.00406	0.56903
10	0.21834	0.01520	0.08658	0.01244	0.01758	0.01329	0.04190	0.07347	0.09187	0.07178	0.10515	0.02039	0.01806	0.00765	0.00599	0.00191	0.00597	0.00607	0.00522	0.18112
11	0.05090	0.00850	0.01008	0.00939	0.01129	0.00836	0.00691	0.01365	0.01405	0.07589	0.09925	0.16985	0.20043	0.15014	0.01380	0.00310	0.06943	0.01165	0.00566	0.06768
12	0.00943	0.00656	0.00771	0.00795	0.00851	0.00627	0.00501	0.01012	0.01226	0.01620	0.10294	0.18118	0.12677	0.41542	0.02318	0.03270	0.00532	0.01246	0.00517	0.00483
13	0.06781	0.05155	0.06577	0.07492	0.15987	0.03414	0.05115	0.08671	0.10606	0.04194	0.01615	0.05437	0.01359	0.01043	0.00983	0.12859	0.00738	0.00669	0.00439	0.00865
14	0.01859	0.07397	0.14803	0.01843	0.07836	0.09992	0.05766	0.06548	0.28253	0.05851	0.01898	0.01922	0.01425	0.00770	0.00665	0.00212	0.00794	0.00634	0.00510	0.01020
15	0.04310	0.01484	0.05045	0.04840	0.15235	0.01581	0.06194	0.03891	0.10959	0.03561	0.01565	0.02091	0.01339	0.04704	0.07471	0.00330	0.18152	0.02052	0.00414	0.04781
16	0.00986	0.00701	0.00855	0.00833	0.01006	0.00629	0.00613	0.01226	0.01715	0.04911	0.39366	0.14068	0.24248	0.04640	0.00921	0.00246	0.00362	0.01352	0.00695	0.00625
17	0.01099	0.00941	0.00959	0.00928	0.01125	0.06377	0.00688	0.04601	0.01773	0.02279	0.30175	0.16884	0.26527	0.01549	0.00798	0.00227	0.00436	0.01330	0.00660	0.00646
18	0.07623	0.09725	0.01695	0.01177	0.04624	0.01232	0.00914	0.01892	0.04801	0.02256	0.01246	0.01426	0.01033	0.00551	0.00509	0.00126	0.00549	0.00425	0.00405	0.57789
19	0.03917	0.00802	0.00927	0.00892	0.00999	0.00823	0.00599	0.02748	0.06287	0.01720	0.04070	0.05514	0.02357	0.43854	0.07611	0.06265	0.00699	0.03622	0.02085	0.04208
20	0.00864	0.00607	0.00803	0.00948	0.01001	0.00570	0.00646	0.01004	0.01345	0.01822	0.06062	0.67998	0.04468	0.02058	0.00859	0.00272	0.00399	0.04104	0.03605	0.00564
21	0.01970	0.01681	0.14739	0.15642	0.02570	0.01377	0.03420	0.11225	0.01852	0.22513	0.07632	0.02466	0.01793	0.00884	0.00762	0.00225	0.03327	0.04393	0.00564	0.00963
22	0.03761	0.05738	0.15558	0.09977	0.06319	0.08455	0.04134	0.20106	0.08852	0.02716	0.04130	0.01777	0.01304	0.00771	0.00718	0.00212	0.03424	0.00605	0.00469	0.00975
23	0.01737	0.01784	0.02055	0.10628	0.18083	0.16461	0.01525	0.05158	0.04824	0.01964	0.01304	0.01786	0.01131	0.03821	0.07183	0.00316	0.18422	0.00604	0.00366	0.00848
24	0.25381	0.02583	0.06551	0.01712	0.07371	0.41676	0.01294	0.02432	0.01648	0.02162	0.01056	0.01248	0.00855	0.00673	0.00567	0.00192	0.00979	0.00438	0.00368	0.00815
25	0.00918	0.00648	0.00790	0.00825	0.00940	0.00589	0.00576	0.01001	0.01390	0.01794	0.13721	0.23774	0.27659	0.06221	0.01324	0.14946	0.00421	0.01366	0.00577	0.00520
26	0.00867	0.00688	0.00779	0.00772	0.00964	0.00600	0.00573	0.01089	0.01674	0.02159	0.29568	0.11297	0.43253	0.01645	0.00813	0.00229	0.00342	0.01409	0.00677	0.00600
27	0.01737	0.01958	0.16629	0.13099	0.08530	0.03352	0.03447	0.11710	0.22697	0.05054	0.03641	0.02020	0.01483	0.00785	0.00685	0.00220	0.00777	0.00659	0.00508	0.01009
28	0.02557	0.01895	0.02029	0.01565	0.02105	0.02101	0.01290	0.66247	0.06448	0.04242	0.01697	0.01686	0.01208	0.00826	0.00685	0.00207	0.00743	0.00624	0.00685	0.01160

[dist]
# distance from previous block
# <min> <max>
0	1

[block]
# block no. 1 follows, 31 sequences, length 37
# corresponding to MSA columns:
# 54-90
name=unknown_B
#
# <colnr> <probs for GDERKNQSTAVLIFYWHMCP>
#	G	D	E	R	K	N	Q	S	T	A	V	L	I	F	Y	W	H	M	C	P
0	0.02107	0.06551	0.07894	0.04868	0.07994	0.04551	0.01294	0.19660	0.02095	0.17782	0.10094	0.02191	0.01866	0.00827	0.00661	0.00199	0.00688	0.00667	0.04864	0.03146
1	0.00857	0.00677	0.00754	0.00785	0.00951	0.00596	0.00568	0.01024	0.01499	0.01875	0.11781	0.19069	0.44139	0.08314	0.01061	0.00280	0.00393	0.04183	0.00627	0.00568
2	0.01090	0.00666	0.00880	0.00969	0.01076	0.00609	0.00672	0.01229	0.01398	0.09869	0.03818	0.63357	0.07806	0.01972	0.00848	0.00268	0.00416	0.01773	0.00659	0.00627
3	0.02304	0.20171	0.04843	0.01458	0.01980	0.11595	0.01269	0.29360	0.05318	0.09669	0.01618	0.01814	0.01256	0.00795	0.00626	0.00194	0.00790	0.03381	0.00544	0.01012
4	0.02267	0.02792	0.01995	0.01772	0.02075	0.55645	0.04215	0.02461	0.01747	0.01687	0.01100	0.01391	0.00944	0.01056	0.05588	0.00256	0.11384	0.00497	0.00346	0.00781
5	0.00861	0.00621	0.00820	0.00960	0.01026	0.00580	0.00669	0.01008	0.01373	0.01821	0.06918	0.62988	0.08168	0.02067	0.00873	0.00276	0.00410	0.07354	0.00640	0.00567
6	0.01492	0.01478	0.02051	0.01745	0.01785	0.02018	0.01452	0.01651	0.01072	0.01684	0.00919	0.01492	0.00906	0.01152	0.02132	0.00286	0.69863	0.00586	0.00306	0.05929
7	0.02082	0.01592	0.01721	0.01429	0.01855	0.01768	0.01139	0.40633	0.21797	0.03518	0.02284	0.13031	0.01930	0.01051	0.00716	0.00224	0.00640	0.00860	0.00680	0.01049
8	0.01142	0.00769	0.00887	0.00824	0.01071	0.00677	0.00630	0.01417	0.03465	0.10242	0.26670	0.05528	0.41137	0.01505	0.00791	0.00224	0.00371	0.01275	0.00698	0.00679
9	0.01019	0.00727	0.00872	0.00890	0.01037	0.00684	0.00630	0.01305	0.06005	0.04754	0.18887	0.29050	0.19689	0.09913	0.01114	0.00291	0.00415	0.01447	0.00649	0.00623
10	0.00979	0.00727	0.01071	0.01071	0.01183	0.00840	0.00819	0.01203	0.01091	0.01567	0.01859	0.02833	0.01773	0.10868	0.67595	0.01064	0.01738	0.00754	0.00370	0.00595
11	0.00959	0.00736	0.00882	0.00839	0.01031	0.00678	0.00631	0.01318	0.05210	0.02492	0.49470	0.05407	0.24875	0.01471	0.00802	0.00221	0.00340	0.01274	0.00717	0.00648
12	0.07974	0.01286	0.01600	0.01252	0.01765	0.01226	0.01029	0.10889	0.07687	0.54131	0.02470	0.02189	0.01603	0.00837	0.00671	0.00213	0.00595	0.00666	0.00788	0.01130
13	0.00995	0.00669	0.00821	0.00874	0.00989	0.00610	0.00601	0.01133	0.01406	0.06004	0.09203	0.40366	0.19176	0.12417	0.01214	0.00314	0.00429	0.01570	0.00625	0.00584
14	0.16112	0.00809	0.00831	0.00795	0.00898	0.00842	0.00501	0.01286	0.01068	0.04681	0.01952	0.03751	0.02124	0.58562	0.02787	0.00559	0.00635	0.00864	0.00435	0.00508
15	0.00977	0.00733	0.01100	0.01100	0.01222	0.00855	0.00855	0.01222	0.01100	0.01588	0.01833	0.02688	0.01710	0.05131	0.73245	0.01100	0.01833	0.00733	0.00367	0.00611
16	0.01527	0.01585	0.02586	0.02071	0.02245	0.02003	0.18588	0.01784	0.01191	0.01784	0.01021	0.01585	0.00933	0.01041	0.01882	0.00282	0.56138	0.00651	0.00311	0.00792
17	0.04664	0.00783	0.00914	0.00930	0.01125	0.00753	0.00707	0.01496	0.05904	0.06823	0.11115	0.23242	0.19464	0.01565	0.00774	0.00242	0.00425	0.09326	0.09079	0.00670
18	0.01191	0.00658	0.00838	0.00822	0.00940	0.00634	0.00592	0.01314	0.01430	0.04671	0.21881	0.09181	0.03165	0.01541	0.01249	0.23361	0.00416	0.00907	0.24656	0.00554
19	0.00990	0.00682	0.00843	0.00843	0.00877	0.00716	0.00536	0.01057	0.01024	0.01399	0.02067	0.03984	0.02273	0.56450	0.22696	0.00783	0.00985	0.00923	0.00401	0.00469
20	0.00842	0.00607	0.00799	0.00936	0.00992	0.00563	0.00631	0.00978	0.01365	0.01823	0.08795	0.67719	0.07269	0.02073	0.00866	0.00271	0.00390	0.01874	0.00644	0.00563
21	0.00914	0.00668	0.00815	0.00839	0.00952	0.00618	0.00586	0.01094	0.01514	0.02029	0.26970	0.22600	0.17440	0.16479	0.01359	0.00325	0.00421	0.03180	0.00631	0.00564
22	0.49740	0.01482	0.01366	0.01132	0.01598	0.01663	0.00932	0.21119	0.04284	0.08961	0.01352	0.01410	0.00984	0.00715	0.00528	0.00211	0.00597	0.00479	0.00541	0.00906
23	0.01840	0.01601	0.02502	0.05577	0.37051	0.05363	0.10893	0.02358	0.07392	0.11024	0.01859	0.02193	0.03854	0.00746	0.00707	0.00214	0.00812	0.02549	0.00452	0.01013
24	0.01220	0.00890	0.01368	0.03466	0.01399	0.01048	0.03981	0.01215	0.01024	0.01446	0.01303	0.02097	0.01247	0.02705	0.20435	0.37575	0.16112	0.00641	0.00318	0.00512
25	0.00994	0.00709	0.00832	0.00816	0.00994	0.00635	0.00599	0.01199	0.01609	0.05138	0.25920	0.10539	0.32173	0.10723	0.01141	0.00285	0.00403	0.04032	0.00654	0.00605
26	0.00863	0.00656	0.00800	0.00881	0.01008	0.00593	0.00636	0.01041	0.01489	0.01924	0.12921	0.38836	0.26742	0.01898	0.00850	0.00258	0.00390	0.06985	0.00649	0.00580
27	0.00995	0.00663	0.00746	0.00746	0.00746	0.00663	0.00415	0.00995	0.00995	0.01327	0.02156	0.04477	0.02487	0.75957	0.03482	0.00663	0.00663	0.00995	0.00415	0.00415
28	0.01419	0.01216	0.01419	0.01013	0.01621	0.00912	0.00811	0.01723	0.01419	0.02229	0.01216	0.01419	0.01013	0.00507	0.00507	0.00101	0.00507	0.00405	0.00405	0.80139
29	0.07268	0.01179	0.01411	0.04370	0.04819	0.00982	0.00885	0.01676	0.01376	0.02186	0.01448	0.01695	0.04079	0.00704	0.00671	0.05345	0.00539	0.00479	0.00402	0.58486
30	0.01030	0.00716	0.00902	0.00948	0.01064	0.00677	0.00667	0.01166	0.01346	0.05499	0.03743	0.43960	0.13508	0.11360	0.01225	0.00311	0.03145	0.04076	0.00596	0.04061
31	0.01959	0.01048	0.01324	0.01098	0.01449	0.00999	0.00874	0.10694	0.04557	0.28018	0.35310	0.03577	0.03913	0.01110	0.00745	0.00213	0.00478	0.00944	0.00776	0.00914
32	0.10859	0.01610	0.02162	0.23284	0.16953	0.07437	0.06101	0.10552	0.01724	0.08877	0.01381	0.01686	0.01037	0.00704	0.00697	0.00215	0.02779	0.00589	0.00429	0.00925
33	0.01083	0.00699	0.01002	0.06025	0.01250	0.00744	0.00749	0.01097	0.01149	0.01592	0.06508	0.19030	0.02399	0.05222	0.10476	0.31808	0.03369	0.00977	0.04338	0.00486
34	0.01395	0.01259	0.01967	0.28919	0.23787	0.01392	0.01612	0.01962	0.09696	0.02102	0.06965	0.05860	0.01905	0.03773	0.00823	0.00244	0.00746	0.04303	0.00431	0.00858
35	0.01301	0.01110	0.01443	0.04491	0.08476	0.03846	0.03993	0.07749	0.04050	0.02093	0.05830	0.26221	0.08465	0.10679	0.01200	0.00297	0.04566	0.02940	0.00535	0.00718
36	0.02064	0.16706	0.02218	0.04365	0.06734	0.07212	0.03001	0.12197	0.13437	0.12589	0.01700	0.01741	0.01279	0.00719	0.00612	0.00184	0.00713	0.00566	0.00522	0.11440

[dist]
# distance from previous block
# <min> <max>
2	31

[block]
# block no. 2 follows, 31 sequences, length 33
# corresponding to MSA columns:
# 122-154
name=unknown_C
#
# <colnr> <probs for GDERKNQSTAVLIFYWHMCP>
#	G	D	E	R	K	N	Q	S	T	A	V	L	I	F	Y	W	H	M	C	P
0	0.01451	0.01168	0.01793	0.18321	0.06486	0.01268	0.05793	0.01832	0.03665	0.08341	0.03806	0.02251	0.03513	0.01830	0.18028	0.00423	0.08227	0.00681	0.00422	0.10704
1	0.01765	0.01691	0.02359	0.16418	0.18133	0.10269	0.12056	0.02434	0.14009	0.06302	0.01675	0.02066	0.01321	0.00765	0.00762	0.00222	0.03585	0.02793	0.00437	0.00939
2	0.11471	0.08555	0.04532	0.08111	0.16869	0.08537	0.01449	0.15673	0.01813	0.06886	0.01319	0.01562	0.01030	0.00792	0.00797	0.03476	0.05212	0.00544	0.00439	0.00935
3	0.00904	0.00648	0.00844	0.00977	0.01037	0.00618	0.00662	0.03691	0.01386	0.01849	0.03686	0.72555	0.04390	0.02090	0.00866	0.00275	0.00411	0.01892	0.00637	0.00580
4	0.01240	0.00974	0.01062	0.00996	0.01208	0.05475	0.00756	0.07266	0.01907	0.04528	0.39357	0.13562	0.13600	0.01443	0.00794	0.00225	0.00451	0.03772	0.00689	0.00694
5	0.01837	0.04435	0.01457	0.01264	0.01578	0.34928	0.00964	0.02032	0.01792	0.06723	0.09075	0.03461	0.25529	0.01121	0.00697	0.00200	0.00792	0.00865	0.00515	0.00736
6	0.01599	0.01955	0.08471	0.02823	0.03536	0.01721	0.64880	0.02190	0.01604	0.02190	0.01374	0.01819	0.01027	0.00581	0.00797	0.00230	0.01144	0.00788	0.00342	0.00928
7	0.02636	0.01659	0.01857	0.01433	0.01953	0.01765	0.01181	0.49461	0.02808	0.20592	0.01932	0.01862	0.01326	0.00826	0.00673	0.00204	0.00686	0.00635	0.05377	0.01133
8	0.08755	0.01453	0.01715	0.01325	0.01853	0.01457	0.01094	0.27589	0.02362	0.41946	0.02178	0.01984	0.01426	0.00821	0.00667	0.00209	0.00641	0.00638	0.00755	0.01132
9	0.00885	0.00678	0.00811	0.00816	0.00981	0.00604	0.00598	0.01116	0.01685	0.02235	0.35498	0.18383	0.29923	0.01656	0.00820	0.00232	0.00345	0.01441	0.00689	0.00604
10	0.01476	0.01469	0.02091	0.09022	0.02087	0.02038	0.01537	0.01657	0.01080	0.01657	0.00930	0.01529	0.00899	0.01146	0.02090	0.00292	0.67351	0.00600	0.00300	0.00750
11	0.00946	0.00630	0.00778	0.00842	0.00858	0.00614	0.00519	0.00969	0.01113	0.01484	0.02726	0.32941	0.03200	0.39994	0.02361	0.07175	0.00550	0.01345	0.00494	0.00462
12	0.00921	0.00697	0.00849	0.00811	0.00993	0.00625	0.00608	0.01200	0.01825	0.02479	0.52329	0.05545	0.25619	0.01497	0.00807	0.00220	0.00330	0.01298	0.00718	0.00625
13	0.02601	0.01916	0.02053	0.01574	0.02122	0.02122	0.01300	0.69408	0.03217	0.04312	0.01643	0.01643	0.01163	0.00821	0.00684	0.00205	0.00753	0.00616	0.00684	0.01163
14	0.00950	0.00636	0.00804	0.00869	0.00903	0.00615	0.00561	0.01005	0.01207	0.01620	0.08447	0.33053	0.03550	0.30481	0.02053	0.08376	0.00520	0.03341	0.00526	0.00485
15	0.00890	0.00665	0.00829	0.00870	0.01005	0.00604	0.00631	0.01107	0.01617	0.02162	0.30220	0.29962	0.20795	0.01754	0.00836	0.00245	0.00366	0.04165	0.00680	0.00598
16	0.01615	0.01845	0.04037	0.02884	0.03576	0.01730	0.69204	0.02191	0.01615	0.02191	0.01384	0.01845	0.01038	0.00577	0.00807	0.00231	0.01153	0.00807	0.00346	0.00923
17	0.02348	0.01687	0.01822	0.01453	0.01939	0.01862	0.01182	0.45821	0.18464	0.08490	0.02011	0.01952	0.01447	0.00846	0.00675	0.00209	0.00667	0.00658	0.05352	0.01114
18	0.00976	0.00688	0.00817	0.00823	0.00973	0.00620	0.00583	0.01155	0.01537	0.04890	0.22062	0.20870	0.27047	0.12412	0.01203	0.00299	0.00407	0.01404	0.00643	0.00591
19	0.00942	0.00696	0.00866	0.00825	0.00989	0.00635	0.00610	0.01220	0.01815	0.02504	0.56003	0.05331	0.17573	0.05845	0.00965	0.00244	0.00347	0.01259	0.00713	0.00620
20	0.00913	0.00697	0.00838	0.00803	0.00988	0.00622	0.00602	0.01184	0.01806	0.02433	0.48990	0.05622	0.28987	0.01515	0.00807	0.00221	0.00331	0.01309	0.00712	0.00622
21	0.00842	0.00602	0.00802	0.00947	0.00994	0.00562	0.00636	0.00975	0.01350	0.01811	0.08152	0.70945	0.04650	0.02095	0.00869	0.00274	0.00392	0.01899	0.00643	0.00562
22	0.01188	0.00919	0.01277	0.01287	0.04249	0.01052	0.00959	0.06503	0.07096	0.01923	0.01876	0.02558	0.01676	0.04273	0.58790	0.00924	0.01602	0.00723	0.00417	0.00711
23	0.00902	0.00661	0.00882	0.00961	0.01060	0.00623	0.00672	0.01073	0.01374	0.01886	0.12195	0.53551	0.04244	0.02296	0.09220	0.00354	0.00560	0.01622	0.00606	0.05258
24	0.02318	0.01644	0.01752	0.01375	0.01839	0.01805	0.01125	0.54958	0.02837	0.03936	0.01768	0.01836	0.01289	0.00816	0.00640	0.00196	0.00660	0.00621	0.17533	0.01051
25	0.00891	0.00656	0.00806	0.00861	0.00951	0.00628	0.00587	0.01022	0.01302	0.01710	0.07759	0.30727	0.18578	0.19431	0.10494	0.00456	0.00622	0.01423	0.00557	0.00540
26	0.04730	0.06714	0.14727	0.07124	0.16963	0.03599	0.01575	0.11308	0.04021	0.10437	0.06045	0.02199	0.05995	0.00810	0.00665	0.00208	0.00749	0.00668	0.00488	0.00974
27	0.01420	0.00877	0.01024	0.00932	0.01119	0.00892	0.00674	0.09892	0.01514	0.09045	0.02615	0.05647	0.08670	0.28069	0.12208	0.00495	0.00746	0.00895	0.12601	0.00665
28	0.00911	0.00639	0.00819	0.00919	0.01001	0.00612	0.00646	0.01047	0.01313	0.01764	0.03711	0.44472	0.12407	0.06667	0.07025	0.03768	0.00544	0.06021	0.05160	0.00553
29	0.01290	0.01016	0.01320	0.03615	0.07910	0.03217	0.02948	0.05317	0.01554	0.04505	0.06190	0.35772	0.04856	0.01404	0.00746	0.00224	0.00531	0.01254	0.05698	0.10632
30	0.03771	0.21626	0.02149	0.01348	0.01736	0.08140	0.03581	0.13748	0.09995	0.02332	0.01791	0.10915	0.01641	0.01383	0.08416	0.00297	0.03173	0.00731	0.02363	0.00864
31	0.06736	0.04683	0.09219	0.06369	0.02114	0.08736	0.03063	0.03410	0.01387	0.02039	0.01093	0.01437	0.00925	0.00779	0.01064	0.00203	0.22731	0.00501	0.00351	0.23159
32	0.13310	0.07000	0.17054	0.01911	0.12209	0.12184	0.03208	0.02402	0.10109	0.06357	0.01455	0.01681	0.01143	0.03199	0.00774	0.00224	0.03882	0.00554	0.00415	0.00927

[dist]
# distance from previous block
# <min> <max>
1	4

[block]
# block no. 3 follows, 31 sequences, length 92
# corresponding to MSA columns:
# 159-250
name=unknown_D
#
# <colnr> <probs for GDERKNQSTAVLIFYWHMCP>
#	G	D	E	R	K	N	Q	S	T	A	V	L	I	F	Y	W	H	M	C	P
0	0.01813	0.02018	0.21537	0.01625	0.04117	0.01524	0.04080	0.14976	0.12998	0.10526	0.05521	0.02303	0.06192	0.00867	0.00743	0.00216	0.03337	0.00701	0.00546	0.04362
1	0.01570	0.01566	0.07759	0.09876	0.02124	0.03986	0.01204	0.09500	0.21068	0.02554	0.06950	0.02450	0.07011	0.00854	0.00660	0.00195	0.00636	0.00701	0.00534	0.18803
2	0.01219	0.03198	0.01532	0.01338	0.01451	0.03626	0.03413	0.01415	0.01133	0.01605	0.01596	0.04523	0.01575	0.11405	0.36448	0.00715	0.22059	0.00742	0.00357	0.00651
3	0.03730	0.04045	0.01899	0.01390	0.01914	0.01235	0.11982	0.04397	0.08896	0.05036	0.01652	0.05938	0.01396	0.00978	0.05170	0.00222	0.00713	0.00635	0.00461	0.38313
4	0.01870	0.20457	0.04969	0.07545	0.02137	0.08796	0.01278	0.10431	0.30503	0.02480	0.01839	0.01855	0.01419	0.00778	0.00620	0.00201	0.00729	0.00598	0.00512	0.00983
5	0.02364	0.01488	0.01722	0.01307	0.01851	0.01454	0.01071	0.31606	0.02366	0.22122	0.04360	0.01897	0.01462	0.00768	0.00644	0.00181	0.00628	0.00604	0.00659	0.21446
6	0.01528	0.07891	0.24358	0.01632	0.02133	0.04134	0.07208	0.01973	0.03327	0.06645	0.07017	0.04393	0.01643	0.03949	0.03681	0.03656	0.12897	0.00687	0.00402	0.00844
7	0.02045	0.22545	0.07058	0.03672	0.01931	0.01811	0.01228	0.22502	0.02028	0.13124	0.01912	0.11624	0.01671	0.00953	0.00647	0.00204	0.00693	0.02837	0.00551	0.00962
8	0.01292	0.01216	0.02052	0.74312	0.04712	0.01520	0.01900	0.01748	0.01368	0.01748	0.01216	0.01824	0.00912	0.00684	0.00684	0.00228	0.00912	0.00608	0.00304	0.00760
9	0.00885	0.00696	0.00799	0.00773	0.00971	0.00610	0.00580	0.01129	0.01739	0.02275	0.37605	0.05882	0.40470	0.01574	0.00808	0.00223	0.00335	0.01345	0.00691	0.00610
10	0.01000	0.00669	0.00762	0.00770	0.00777	0.00669	0.00446	0.01014	0.01021	0.01360	0.02223	0.04625	0.02554	0.72566	0.03366	0.00647	0.00662	0.04020	0.00424	0.00424
11	0.34577	0.07392	0.05039	0.03800	0.01779	0.04029	0.01085	0.06429	0.14692	0.08581	0.01514	0.01588	0.01141	0.00753	0.00645	0.00215	0.04834	0.00519	0.00496	0.00894
12	0.01636	0.04490	0.21716	0.04253	0.02240	0.01672	0.03761	0.15612	0.12580	0.02606	0.04767	0.02399	0.06908	0.00936	0.00875	0.00229	0.09308	0.02574	0.00490	0.00947
13	0.01781	0.17235	0.07963	0.01433	0.01848	0.10818	0.01264	0.08416	0.18607	0.02309	0.04588	0.02028	0.04139	0.00877	0.00836	0.00209	0.10606	0.00627	0.03509	0.00907
14	0.04706	0.01367	0.07948	0.41060	0.03359	0.01306	0.01554	0.01788	0.01446	0.04044	0.07203	0.02165	0.01502	0.00750	0.00657	0.00205	0.00764	0.02719	0.00390	0.15069
15	0.04039	0.24877	0.22076	0.01558	0.04330	0.05051	0.04371	0.02106	0.04853	0.04693	0.07217	0.01854	0.01520	0.01125	0.07300	0.00275	0.00899	0.00574	0.00388	0.00892
16	0.01923	0.01887	0.01651	0.01481	0.01866	0.17819	0.01144	0.05540	0.52868	0.02641	0.02359	0.02226	0.01787	0.00874	0.00678	0.00219	0.00704	0.00693	0.00618	0.01020
17	0.01593	0.10729	0.21570	0.04073	0.02593	0.01658	0.20332	0.10509	0.01757	0.02435	0.07902	0.02190	0.01634	0.00770	0.00692	0.00212	0.00870	0.03272	0.04294	0.00916
18	0.01188	0.00849	0.01155	0.01144	0.05206	0.00786	0.03164	0.01531	0.04255	0.08100	0.38579	0.10292	0.18302	0.01388	0.00791	0.00223	0.00420	0.01222	0.00688	0.00718
19	0.00875	0.00687	0.00791	0.00783	0.00970	0.00603	0.00581	0.01105	0.01691	0.02203	0.32797	0.11781	0.39430	0.01632	0.00813	0.00229	0.00341	0.01402	0.00683	0.00603
20	0.01676	0.00781	0.00875	0.00789	0.01036	0.00755	0.00613	0.02042	0.04063	0.17489	0.02352	0.02503	0.01753	0.00813	0.00531	0.00173	0.00383	0.00653	0.59952	0.00767
21	0.01197	0.00918	0.01056	0.00976	0.01216	0.00908	0.00751	0.10433	0.07528	0.02619	0.31443	0.10298	0.22600	0.01449	0.00792	0.00228	0.00422	0.03747	0.00694	0.00724
22	0.00991	0.00677	0.00817	0.00817	0.00841	0.00702	0.00502	0.01040	0.01016	0.01379	0.02091	0.04120	0.02332	0.61832	0.17395	0.00750	0.00896	0.00943	0.00405	0.00454
23	0.09158	0.01177	0.01542	0.01192	0.01713	0.01047	0.00985	0.03230	0.01896	0.66750	0.02562	0.02233	0.01619	0.00830	0.00667	0.00212	0.00578	0.00663	0.00814	0.01131
24	0.00850	0.00671	0.00740	0.00784	0.00960	0.00586	0.00575	0.01027	0.01506	0.01888	0.07923	0.23328	0.47383	0.01793	0.00817	0.00243	0.00369	0.04308	0.03668	0.00579
25	0.80789	0.01323	0.01006	0.00900	0.01323	0.01535	0.00741	0.02011	0.01164	0.03070	0.00953	0.01111	0.00741	0.00635	0.00423	0.00212	0.00529	0.00370	0.00423	0.00741
26	0.00977	0.00733	0.01100	0.01100	0.01222	0.00855	0.00855	0.01222	0.01100	0.01588	0.01833	0.02688	0.01710	0.05131	0.73245	0.01100	0.01833	0.00733	0.00367	0.00611
27	0.00995	0.00663	0.00746	0.00746	0.00746	0.00663	0.00415	0.00995	0.00995	0.01327	0.02156	0.04477	0.02487	0.75957	0.03482	0.00663	0.00663	0.00995	0.00415	0.00415
28	0.00905	0.00687	0.00836	0.00863	0.01010	0.00631	0.00623	0.01170	0.03738	0.02184	0.30052	0.28622	0.22733	0.01717	0.00826	0.00241	0.00360	0.01510	0.00682	0.00612
29	0.01188	0.00594	0.00891	0.00891	0.00891	0.00594	0.00594	0.00891	0.00891	0.01188	0.01188	0.02080	0.01188	0.02377	0.02674	0.80095	0.00594	0.00594	0.00297	0.00297
30	0.01829	0.76368	0.03585	0.01171	0.01756	0.02707	0.01171	0.02049	0.01390	0.01610	0.00951	0.01097	0.00878	0.00585	0.00439	0.00146	0.00732	0.00366	0.00293	0.00878
31	0.01657	0.01004	0.01147	0.01000	0.01349	0.00953	0.00786	0.04188	0.14518	0.21525	0.07183	0.04461	0.34852	0.01300	0.00751	0.00225	0.00459	0.01079	0.00711	0.00853
32	0.00969	0.00713	0.00997	0.01001	0.01136	0.00764	0.00769	0.01220	0.01340	0.01896	0.16161	0.08182	0.08105	0.03692	0.44032	0.00749	0.01240	0.03066	0.03355	0.00613
33	0.00809	0.00693	0.00693	0.00693	0.00924	0.00578	0.00520	0.00982	0.01559	0.01848	0.06931	0.06584	0.71411	0.01733	0.00809	0.00231	0.00347	0.01444	0.00635	0.00578
34	0.02601	0.01916	0.02053	0.01574	0.02122	0.02122	0.01300	0.69408	0.03217	0.04312	0.01643	0.01643	0.01163	0.00821	0.00684	0.00205	0.00753	0.00616	0.00684	0.01163
35	0.01514	0.00976	0.01187	0.01101	0.01347	0.00982	0.00849	0.09299	0.09643	0.12031	0.18103	0.16085	0.05437	0.08457	0.01047	0.00282	0.00516	0.09680	0.00681	0.00783
36	0.01115	0.00744	0.00968	0.06918	0.01302	0.00745	0.00742	0.01346	0.01487	0.04305	0.22427	0.10000	0.03744	0.20627	0.01467	0.00344	0.00515	0.10192	0.10411	0.00602
37	0.01085	0.00892	0.01307	0.01244	0.01341	0.01113	0.00989	0.01310	0.01089	0.01600	0.01638	0.02440	0.01541	0.04313	0.58484	0.00933	0.16983	0.00705	0.00353	0.00639
38	0.02601	0.01916	0.02053	0.01574	0.02122	0.02122	0.01300	0.69408	0.03217	0.04312	0.01643	0.01643	0.01163	0.00821	0.00684	0.00205	0.00753	0.00616	0.00684	0.01163
39	0.05584	0.01678	0.04368	0.01446	0.01908	0.01818	0.01188	0.23569	0.44150	0.03287	0.02293	0.02167	0.01698	0.00872	0.00678	0.00222	0.00623	0.00697	0.00665	0.01089
40	0.00983	0.00672	0.00835	0.00906	0.00983	0.00642	0.00609	0.01142	0.03089	0.03963	0.06489	0.42186	0.08568	0.21532	0.01548	0.00372	0.00478	0.03853	0.00590	0.00559
41	0.01716	0.01207	0.01449	0.01050	0.01644	0.00929	0.00846	0.02013	0.01516	0.14816	0.01483	0.01582	0.01136	0.00568	0.00539	0.00121	0.00520	0.00456	0.00485	0.65925
42	0.00995	0.00663	0.00746	0.00746	0.00746	0.00663	0.00415	0.00995	0.00995	0.01327	0.02156	0.04477	0.02487	0.75957	0.03482	0.00663	0.00663	0.00995	0.00415	0.00415
43	0.01164	0.00767	0.00974	0.00896	0.01096	0.00714	0.00676	0.01524	0.04620	0.08467	0.55654	0.04853	0.10277	0.04211	0.00895	0.00234	0.00368	0.01178	0.00737	0.00693
44	0.00867	0.00634	0.00818	0.00927	0.01015	0.00586	0.00652	0.01034	0.01447	0.01921	0.13886	0.52753	0.12897	0.01970	0.00860	0.00265	0.00395	0.05846	0.00652	0.00576
45	0.01497	0.01497	0.02095	0.01796	0.01796	0.02095	0.01497	0.01646	0.01048	0.01646	0.00898	0.01497	0.00898	0.01197	0.02245	0.00299	0.74704	0.00599	0.00299	0.00748
46	0.67631	0.01296	0.01104	0.00953	0.01395	0.01445	0.00786	0.02235	0.01299	0.14767	0.01248	0.01317	0.00902	0.00671	0.00468	0.00212	0.00538	0.00424	0.00495	0.00813
47	0.01296	0.00771	0.00963	0.00891	0.01125	0.00682	0.00676	0.01542	0.01760	0.15197	0.32632	0.13580	0.23284	0.01480	0.00793	0.00227	0.00386	0.01279	0.00723	0.00712
48	0.00915	0.00697	0.00840	0.00804	0.00989	0.00623	0.00603	0.01187	0.01810	0.02443	0.49682	0.05606	0.28289	0.01511	0.00807	0.00221	0.00331	0.01307	0.00714	0.00623
49	0.02601	0.01916	0.02053	0.01574	0.02122	0.02122	0.01300	0.69408	0.03217	0.04312	0.01643	0.01643	0.01163	0.00821	0.00684	0.00205	0.00753	0.00616	0.00684	0.01163
50	0.01917	0.01452	0.01582	0.01384	0.01794	0.01630	0.01094	0.09361	0.54480	0.10834	0.02701	0.02614	0.02021	0.00941	0.00702	0.00230	0.00568	0.02899	0.00710	0.01085
51	0.04495	0.00821	0.01020	0.00940	0.01171	0.00772	0.00714	0.01684	0.05154	0.13228	0.41681	0.12518	0.10382	0.01372	0.00776	0.00224	0.00392	0.01193	0.00728	0.00735
52	0.01157	0.00751	0.01001	0.00960	0.01149	0.00699	0.00755	0.01474	0.01874	0.08057	0.53877	0.05357	0.05633	0.01443	0.00822	0.00233	0.00398	0.12938	0.00738	0.00683
53	0.00988	0.00690	0.00881	0.00881	0.00928	0.00736	0.00583	0.01081	0.01035	0.01426	0.02032	0.03794	0.02191	0.48932	0.30101	0.00830	0.01109	0.00895	0.00396	0.00489
54	0.01558	0.00987	0.01126	0.01022	0.01264	0.01035	0.00773	0.11853	0.10526	0.08620	0.05045	0.12419	0.02330	0.09773	0.06657	0.00328	0.00602	0.00900	0.22400	0.00781
55	0.00815	0.00693	0.00702	0.00700	0.00928	0.00580	0.00525	0.00995	0.01575	0.01886	0.09657	0.06522	0.68661	0.01719	0.00809	0.00230	0.00346	0.01435	0.00640	0.00580
56	0.80789	0.01323	0.01006	0.00900	0.01323	0.01535	0.00741	0.02011	0.01164	0.03070	0.00953	0.01111	0.00741	0.00635	0.00423	0.00212	0.00529	0.00370	0.00423	0.00741
57	0.00901	0.00647	0.00869	0.01023	0.01098	0.00615	0.00751	0.01072	0.01385	0.01826	0.03829	0.56168	0.06404	0.02066	0.00890	0.00286	0.00455	0.18506	0.00634	0.00575
58	0.01673	0.01607	0.02730	0.07242	0.63321	0.01627	0.04220	0.02154	0.04600	0.02239	0.01353	0.01742	0.01119	0.00626	0.00683	0.00206	0.00816	0.00623	0.00353	0.01064
59	0.01419	0.01216	0.01419	0.01013	0.01621	0.00912	0.00811	0.01723	0.01419	0.02229	0.01216	0.01419	0.01013	0.00507	0.00507	0.00101	0.00507	0.00405	0.00405	0.80139
60	0.01039	0.00778	0.01136	0.01118	0.01256	0.00903	0.00872	0.03811	0.01180	0.01692	0.01825	0.02648	0.01690	0.04967	0.70489	0.01066	0.01792	0.00729	0.00379	0.00632
61	0.00813	0.00674	0.00712	0.00743	0.00937	0.00573	0.00542	0.00976	0.01512	0.01829	0.06329	0.19718	0.58666	0.01811	0.00821	0.00240	0.00356	0.01539	0.00635	0.00573
62	0.01827	0.02164	0.03564	0.02631	0.03247	0.17827	0.53917	0.02313	0.01688	0.02075	0.01311	0.01708	0.01003	0.00606	0.00764	0.00218	0.01171	0.00725	0.00347	0.00894
63	0.00980	0.00722	0.01042	0.01042	0.01145	0.00824	0.00784	0.01185	0.01083	0.01546	0.01885	0.02976	0.01836	0.16561	0.61986	0.01029	0.01644	0.00775	0.00374	0.00579
64	0.00977	0.00733	0.01100	0.01100	0.01222	0.00855	0.00855	0.01222	0.01100	0.01588	0.01833	0.02688	0.01710	0.05131	0.73245	0.01100	0.01833	0.00733	0.00367	0.00611
65	0.13201	0.01185	0.01512	0.01176	0.01691	0.01075	0.00971	0.03162	0.01855	0.63156	0.02471	0.02170	0.01569	0.00819	0.00653	0.00212	0.00575	0.00647	0.00792	0.01109
66	0.18851	0.01214	0.01306	0.00984	0.01530	0.01042	0.00792	0.01859	0.01390	0.05842	0.01271	0.01440	0.01016	0.00563	0.00496	0.00133	0.00508	0.00421	0.03539	0.55804
67	0.01277	0.00779	0.01011	0.00946	0.01170	0.00709	0.00744	0.01572	0.01845	0.12815	0.44119	0.05229	0.13536	0.01424	0.00808	0.00230	0.00405	0.09934	0.00736	0.00712
68	0.00995	0.00663	0.00746	0.00746	0.00746	0.00663	0.00415	0.00995	0.00995	0.01327	0.02156	0.04477	0.02487	0.75957	0.03482	0.00663	0.00663	0.00995	0.00415	0.00415
69	0.00854	0.00610	0.00817	0.00976	0.01024	0.00573	0.00670	0.00987	0.01330	0.01769	0.03760	0.70445	0.04481	0.02124	0.00879	0.00281	0.00414	0.06812	0.00635	0.00561
70	0.01010	0.00725	0.00971	0.01098	0.01234	0.00701	0.00899	0.01235	0.01485	0.01915	0.04007	0.21128	0.13569	0.01943	0.00995	0.04193	0.00540	0.41146	0.00616	0.00591
71	0.00995	0.00663	0.00746	0.00746	0.00746	0.00663	0.00415	0.00995	0.00995	0.01327	0.02156	0.04477	0.02487	0.75957	0.03482	0.00663	0.00663	0.00995	0.00415	0.00415
72	0.01372	0.03539	0.72412	0.01950	0.02961	0.01589	0.02528	0.02167	0.01444	0.02167	0.01228	0.01444	0.00867	0.00650	0.00650	0.00217	0.01011	0.00506	0.00289	0.01011
73	0.00833	0.00599	0.00790	0.00943	0.00990	0.00556	0.00631	0.00954	0.01319	0.01750	0.03885	0.73021	0.06940	0.02129	0.00871	0.00276	0.00395	0.01927	0.00635	0.00556
74	0.02601	0.01916	0.02053	0.01574	0.02122	0.02122	0.01300	0.69408	0.03217	0.04312	0.01643	0.01643	0.01163	0.00821	0.00684	0.00205	0.00753	0.00616	0.00684	0.01163
75	0.02556	0.03261	0.01939	0.01763	0.02115	0.73210	0.01322	0.02732	0.01939	0.01674	0.01058	0.01234	0.00881	0.00705	0.00617	0.00176	0.01234	0.00441	0.00353	0.00793
76	0.01419	0.01216	0.01419	0.01013	0.01621	0.00912	0.00811	0.01723	0.01419	0.02229	0.01216	0.01419	0.01013	0.00507	0.00507	0.00101	0.00507	0.00405	0.00405	0.80139
77	0.03785	0.00886	0.00977	0.00887	0.01010	0.00915	0.00582	0.10999	0.01381	0.05099	0.02073	0.03794	0.02179	0.56515	0.02743	0.00544	0.00655	0.00893	0.03511	0.00575
78	0.00834	0.00595	0.00794	0.00953	0.00992	0.00556	0.00635	0.00953	0.01310	0.01746	0.03771	0.75510	0.04525	0.02143	0.00873	0.00278	0.00397	0.01945	0.00635	0.00556
79	0.02556	0.03261	0.01939	0.01763	0.02115	0.73210	0.01322	0.02732	0.01939	0.01674	0.01058	0.01234	0.00881	0.00705	0.00617	0.00176	0.01234	0.00441	0.00353	0.00793
80	0.04432	0.00702	0.00751	0.00756	0.00886	0.00655	0.00508	0.01051	0.01331	0.01755	0.08910	0.11320	0.31938	0.29985	0.01816	0.00398	0.00478	0.01254	0.00550	0.00525
81	0.01309	0.01240	0.02056	0.68216	0.04467	0.01568	0.01866	0.01739	0.01341	0.01739	0.01189	0.01796	0.00911	0.00727	0.00815	0.00234	0.07116	0.00607	0.00304	0.00759
82	0.01188	0.00594	0.00891	0.00891	0.00891	0.00594	0.00594	0.00891	0.00891	0.01188	0.01188	0.02080	0.01188	0.02377	0.02674	0.80095	0.00594	0.00594	0.00297	0.00297
83	0.00989	0.00664	0.00762	0.00768	0.00774	0.00667	0.00440	0.01002	0.01010	0.01352	0.02200	0.06909	0.02528	0.70519	0.06184	0.00667	0.00701	0.01018	0.00420	0.00427
84	0.45518	0.01152	0.01099	0.00986	0.01352	0.01242	0.00793	0.04244	0.01444	0.14581	0.04535	0.10603	0.01774	0.00949	0.00571	0.00222	0.00518	0.03717	0.03910	0.00792
85	0.01114	0.00896	0.01011	0.07097	0.01436	0.04062	0.00805	0.01387	0.03813	0.05352	0.08454	0.18131	0.33603	0.01601	0.00806	0.00244	0.00491	0.08431	0.00613	0.00653
86	0.01645	0.01586	0.02646	0.07740	0.58711	0.01682	0.02009	0.02020	0.01480	0.02130	0.01231	0.01674	0.01050	0.00692	0.00886	0.00217	0.10640	0.00608	0.00332	0.01021
87	0.00975	0.00703	0.00967	0.00976	0.01054	0.00776	0.00699	0.01133	0.01077	0.01512	0.02046	0.07340	0.02121	0.28097	0.46417	0.00911	0.01370	0.00886	0.00397	0.00544
88	0.01150	0.00787	0.00957	0.00978	0.01095	0.00779	0.00692	0.07548	0.01481	0.04104	0.05630	0.32092	0.06588	0.23590	0.01619	0.00382	0.00536	0.08803	0.00585	0.00603
89	0.01501	0.01284	0.01539	0.05211	0.04123	0.01092	0.00959	0.05199	0.07135	0.02356	0.01367	0.01553	0.01105	0.00570	0.00546	0.00127	0.00554	0.00463	0.00435	0.62879
90	0.10814	0.05353	0.02510	0.05963	0.05640	0.07032	0.21546	0.12643	0.04272	0.02516	0.04216	0.05026	0.01396	0.00807	0.00821	0.00222	0.07186	0.00707	0.00441	0.00890
91	0.08237	0.11697	0.09293	0.01625	0.09138	0.07436	0.03808	0.04620	0.06735	0.04136	0.08469	0.12593	0.02117	0.01158	0.02967	0.03123	0.00734	0.00810	0.00472	0.00833

[dist]
# distance from previous block
# <min> <max>
2	18

[block]
# block no. 4 follows, 31 sequences, length 79
# corresponding to MSA columns:
# 269-347
name=unknown_E
#
# <colnr> <probs for GDERKNQSTAVLIFYWHMCP>
#	G	D	E	R	K	N	Q	S	T	A	V	L	I	F	Y	W	H	M	C	P
0	0.01028	0.00731	0.00872	0.00896	0.01026	0.00700	0.00627	0.01302	0.06359	0.04262	0.13670	0.27304	0.16805	0.17538	0.01390	0.00338	0.00457	0.03476	0.00616	0.00603
1	0.01408	0.01226	0.02310	0.04887	0.06940	0.01163	0.27538	0.01750	0.01504	0.08052	0.02479	0.32573	0.02546	0.01259	0.00811	0.00247	0.00756	0.01250	0.00508	0.00795
2	0.00984	0.00748	0.00914	0.01007	0.01111	0.00752	0.00696	0.01404	0.12858	0.01920	0.03668	0.57696	0.06718	0.04898	0.00946	0.00284	0.00430	0.01691	0.00636	0.00639
3	0.01469	0.00790	0.01005	0.00941	0.01162	0.00707	0.00693	0.01660	0.01604	0.20766	0.15749	0.24158	0.15507	0.09271	0.01072	0.00281	0.00452	0.01298	0.00690	0.00724
4	0.02556	0.03261	0.01939	0.01763	0.02115	0.73210	0.01322	0.02732	0.01939	0.01674	0.01058	0.01234	0.00881	0.00705	0.00617	0.00176	0.01234	0.00441	0.00353	0.00793
5	0.02465	0.12485	0.02152	0.01680	0.02070	0.61412	0.01302	0.05319	0.01920	0.01772	0.01067	0.01233	0.00892	0.00694	0.00597	0.00174	0.01151	0.00438	0.00358	0.00819
6	0.00881	0.00636	0.00826	0.00924	0.01006	0.00593	0.00645	0.01050	0.01455	0.01954	0.17657	0.49844	0.09240	0.05150	0.00972	0.00281	0.00403	0.05258	0.00649	0.00573
7	0.01076	0.00727	0.00896	0.00904	0.01077	0.00672	0.00679	0.01337	0.03085	0.06514	0.23459	0.20084	0.20416	0.04852	0.00931	0.00260	0.00413	0.08492	0.03487	0.00640
8	0.00860	0.00607	0.00786	0.00919	0.00952	0.00573	0.00599	0.00960	0.01258	0.01678	0.03506	0.63862	0.04191	0.14248	0.01301	0.00341	0.00441	0.01789	0.00599	0.00533
9	0.00970	0.00716	0.00914	0.01020	0.01158	0.00681	0.00813	0.01186	0.01469	0.01878	0.04309	0.20546	0.19917	0.08318	0.01118	0.00318	0.00520	0.32951	0.00614	0.00584
10	0.01155	0.00882	0.01015	0.00986	0.01206	0.00879	0.00741	0.03764	0.15433	0.04223	0.20044	0.20161	0.21869	0.01536	0.00797	0.00239	0.00418	0.03246	0.00682	0.00725
11	0.01069	0.00843	0.00978	0.00946	0.01162	0.00830	0.00729	0.01624	0.13992	0.02385	0.30990	0.05336	0.23946	0.03954	0.00892	0.00248	0.00413	0.08281	0.00685	0.00695
12	0.00995	0.00663	0.00746	0.00746	0.00746	0.00663	0.00415	0.00995	0.00995	0.01327	0.02156	0.04477	0.02487	0.75957	0.03482	0.00663	0.00663	0.00995	0.00415	0.00415
13	0.01004	0.00660	0.00742	0.00747	0.00757	0.00658	0.00425	0.01025	0.01028	0.01404	0.02213	0.06724	0.02516	0.69591	0.03239	0.00624	0.00636	0.01008	0.04566	0.00431
14	0.14846	0.00877	0.00963	0.00930	0.01121	0.00891	0.00666	0.05426	0.01422	0.08987	0.04874	0.26510	0.05550	0.18861	0.01356	0.00337	0.00513	0.01153	0.04061	0.00657
15	0.14145	0.01158	0.01411	0.01121	0.01586	0.01091	0.00919	0.06340	0.01861	0.49058	0.05635	0.02268	0.01760	0.00837	0.00636	0.00207	0.00548	0.00660	0.07728	0.01031
16	0.01292	0.01216	0.02052	0.74312	0.04712	0.01520	0.01900	0.01748	0.01368	0.01748	0.01216	0.01824	0.00912	0.00684	0.00684	0.00228	0.00912	0.00608	0.00304	0.00760
17	0.00816	0.00693	0.00704	0.00701	0.00929	0.00581	0.00526	0.00997	0.01577	0.01891	0.10016	0.06513	0.68299	0.01717	0.00808	0.00230	0.00345	0.01434	0.00641	0.00581
18	0.01819	0.00858	0.01113	0.00965	0.01257	0.00775	0.00753	0.02102	0.01801	0.29300	0.26760	0.09595	0.03615	0.01142	0.00708	0.00209	0.00428	0.00979	0.14985	0.00836
19	0.01154	0.00617	0.00925	0.00925	0.00945	0.00637	0.00637	0.00945	0.00925	0.01253	0.01293	0.02178	0.01273	0.02824	0.14133	0.67268	0.00795	0.00617	0.00308	0.00348
20	0.80789	0.01323	0.01006	0.00900	0.01323	0.01535	0.00741	0.02011	0.01164	0.03070	0.00953	0.01111	0.00741	0.00635	0.00423	0.00212	0.00529	0.00370	0.00423	0.00741
21	0.01144	0.00618	0.00904	0.00904	0.00920	0.00634	0.00611	0.00943	0.00927	0.01252	0.01360	0.02380	0.01376	0.09575	0.11705	0.62676	0.00758	0.00649	0.00317	0.00348
22	0.00977	0.00704	0.00998	0.01011	0.01098	0.00784	0.00741	0.01144	0.01088	0.01534	0.02025	0.08691	0.02065	0.18854	0.51257	0.03759	0.01445	0.00874	0.00394	0.00556
23	0.01627	0.01810	0.03835	0.03094	0.14471	0.01713	0.58470	0.02177	0.01606	0.02198	0.01369	0.01821	0.01045	0.00582	0.00787	0.00226	0.01099	0.00776	0.00345	0.00948
24	0.00902	0.00757	0.00771	0.00758	0.00981	0.00682	0.00558	0.01210	0.07392	0.01886	0.06132	0.06044	0.59074	0.08573	0.01048	0.00271	0.00393	0.01345	0.00620	0.00606
25	0.40876	0.01050	0.01003	0.00911	0.01208	0.01144	0.00703	0.01769	0.01283	0.09033	0.07512	0.02555	0.04778	0.14550	0.08712	0.00386	0.00670	0.00667	0.00492	0.00694
26	0.01622	0.01870	0.13472	0.07123	0.26762	0.07995	0.07337	0.02062	0.01593	0.04943	0.03889	0.02658	0.01642	0.00851	0.00714	0.00222	0.00848	0.10124	0.03350	0.00920
27	0.00833	0.00599	0.00790	0.00943	0.00990	0.00556	0.00631	0.00954	0.01319	0.01750	0.03883	0.73065	0.06898	0.02129	0.00871	0.00276	0.00395	0.01927	0.00635	0.00556
28	0.01595	0.00814	0.00927	0.00837	0.01088	0.00783	0.00648	0.04039	0.03945	0.15754	0.08749	0.05556	0.07411	0.00981	0.00599	0.00188	0.00395	0.00809	0.44123	0.00762
29	0.01176	0.00860	0.01152	0.01183	0.03733	0.00945	0.00856	0.04800	0.08565	0.01913	0.02257	0.11872	0.04192	0.03271	0.35777	0.09981	0.01151	0.00882	0.04771	0.00661
30	0.01829	0.76368	0.03585	0.01171	0.01756	0.02707	0.01171	0.02049	0.01390	0.01610	0.00951	0.01097	0.00878	0.00585	0.00439	0.00146	0.00732	0.00366	0.00293	0.00878
31	0.00992	0.00674	0.00799	0.00799	0.00817	0.00692	0.00481	0.01029	0.01011	0.01366	0.02107	0.04209	0.02371	0.65338	0.13942	0.00729	0.00839	0.00956	0.00407	0.00444
32	0.01023	0.00701	0.01043	0.01043	0.01135	0.00793	0.00785	0.01143	0.01051	0.01494	0.01705	0.02617	0.01624	0.06882	0.55820	0.18009	0.01529	0.00712	0.00353	0.00537
33	0.01733	0.01668	0.02634	0.08338	0.02754	0.08375	0.29801	0.05009	0.09730	0.06886	0.03753	0.05071	0.01688	0.00871	0.00808	0.00233	0.03075	0.06209	0.00474	0.00891
34	0.00984	0.00736	0.00919	0.00875	0.01055	0.00688	0.00663	0.01359	0.04944	0.02607	0.57472	0.05276	0.14902	0.01438	0.00807	0.00221	0.00345	0.03323	0.00731	0.00656
35	0.01338	0.01228	0.01972	0.58383	0.04044	0.01535	0.01759	0.04210	0.01404	0.01840	0.01337	0.02088	0.01090	0.00984	0.03987	0.00276	0.07838	0.03591	0.00335	0.00762
36	0.02164	0.11512	0.02196	0.01670	0.01978	0.34871	0.03026	0.02414	0.03908	0.07431	0.01200	0.01438	0.00996	0.00842	0.01057	0.00213	0.21354	0.00515	0.00382	0.00834
37	0.01687	0.51806	0.09877	0.01439	0.01994	0.02330	0.06751	0.01992	0.01400	0.01745	0.01208	0.01718	0.01120	0.00738	0.00672	0.00185	0.06731	0.05424	0.00322	0.00865
38	0.01470	0.01324	0.04505	0.01073	0.01688	0.00971	0.00900	0.01852	0.03850	0.04107	0.01311	0.01484	0.01063	0.00537	0.00524	0.00114	0.00532	0.00430	0.00422	0.71843
39	0.20570	0.01536	0.01853	0.39971	0.03334	0.09555	0.03629	0.05514	0.01477	0.02203	0.01152	0.01567	0.00884	0.00697	0.00674	0.00220	0.03482	0.00539	0.00359	0.00785
40	0.00993	0.00670	0.00778	0.00776	0.00791	0.00676	0.00455	0.01024	0.01044	0.01408	0.05233	0.04383	0.02612	0.67762	0.08144	0.00673	0.00728	0.00988	0.00426	0.00438
41	0.01114	0.00891	0.01147	0.06017	0.07253	0.04007	0.00930	0.01315	0.01437	0.04053	0.03488	0.44795	0.09256	0.01750	0.00831	0.00262	0.00533	0.09684	0.00582	0.00654
42	0.01296	0.01111	0.03223	0.01117	0.01525	0.00919	0.03879	0.01684	0.06760	0.03607	0.06529	0.15282	0.04373	0.03158	0.03484	0.02890	0.00573	0.00854	0.00497	0.37238
43	0.00923	0.00629	0.00808	0.00889	0.00946	0.00609	0.00596	0.01002	0.01221	0.01640	0.03285	0.40803	0.09379	0.15197	0.07759	0.08461	0.00580	0.01448	0.03308	0.00515
44	0.11330	0.43808	0.25375	0.01388	0.02090	0.02205	0.01554	0.02082	0.01380	0.01967	0.01040	0.01211	0.00858	0.00612	0.00505	0.00177	0.00797	0.00411	0.00307	0.00904
45	0.01877	0.01557	0.01646	0.01428	0.01846	0.01784	0.01125	0.16460	0.57342	0.03145	0.02562	0.02375	0.01908	0.00907	0.00694	0.00227	0.00583	0.00743	0.00694	0.01099
