[name]
unknown

[dist]
# distance from previous block
# <min> <max>
0	238

[block]
# block no. 0 follows, 34 sequences, length 44
# corresponding to MSA columns:
# 238-281
name=unknown_A
#
# <colnr> <probs for GDERKNQSTAVLIFYWHMCP>
#	G	D	E	R	K	N	Q	S	T	A	V	L	I	F	Y	W	H	M	C	P
0	0.05449	0.01503	0.04750	0.05914	0.16769	0.07061	0.10882	0.06520	0.03086	0.02065	0.01744	0.07951	0.03828	0.03840	0.03432	0.00260	0.07340	0.04698	0.00401	0.02507
1	0.01246	0.01193	0.05428	0.01188	0.04849	0.07996	0.04918	0.04767	0.01216	0.01563	0.01776	0.03352	0.01903	0.53170	0.02456	0.00490	0.00736	0.00815	0.00384	0.00555
2	0.01573	0.01793	0.12329	0.09386	0.07710	0.09869	0.12563	0.03692	0.06251	0.06145	0.04492	0.06342	0.01484	0.03746	0.00940	0.00231	0.09524	0.00701	0.00403	0.00825
3	0.10592	0.05644	0.06102	0.06939	0.02091	0.16495	0.06788	0.17281	0.01808	0.03720	0.04956	0.01698	0.02681	0.00761	0.00729	0.00198	0.07158	0.00565	0.02962	0.00831
4	0.00971	0.00666	0.00824	0.00884	0.01003	0.00626	0.00618	0.01204	0.05460	0.06052	0.07317	0.49284	0.15452	0.05330	0.00907	0.00263	0.00394	0.01547	0.00611	0.00590
5	0.01518	0.01395	0.01994	0.31275	0.14318	0.04022	0.04420	0.09522	0.10527	0.02191	0.04757	0.01871	0.01307	0.00726	0.00726	0.00207	0.04698	0.00619	0.00405	0.03502
6	0.00839	0.00639	0.00771	0.00777	0.00929	0.00571	0.00568	0.01058	0.01592	0.02120	0.36844	0.19600	0.28217	0.01567	0.00775	0.00220	0.00326	0.01367	0.00652	0.00571
7	0.04083	0.01444	0.03954	0.07096	0.11262	0.05984	0.11417	0.12365	0.01789	0.04088	0.20915	0.02473	0.02394	0.00860	0.00766	0.00205	0.05192	0.00748	0.02142	0.00822
8	0.01009	0.00727	0.00897	0.00909	0.01000	0.00773	0.00630	0.02939	0.07787	0.01663	0.02369	0.20818	0.02526	0.28583	0.20545	0.00576	0.00827	0.01048	0.03818	0.00556
9	0.02415	0.02031	0.01842	0.01481	0.01933	0.19430	0.01186	0.48071	0.02600	0.07344	0.01493	0.01595	0.01110	0.03610	0.00730	0.00204	0.00808	0.00559	0.00570	0.00988
10	0.06830	0.17721	0.02194	0.03526	0.01988	0.40218	0.04941	0.04412	0.01620	0.01774	0.01008	0.01212	0.00847	0.00655	0.00636	0.00172	0.05345	0.00433	0.00333	0.04134
11	0.01781	0.28854	0.20145	0.07741	0.05813	0.04895	0.04571	0.06578	0.01538	0.10541	0.01261	0.01410	0.00955	0.00625	0.00559	0.00179	0.00795	0.00481	0.00370	0.00909
12	0.00784	0.00643	0.00691	0.00705	0.00892	0.00550	0.00519	0.00957	0.01483	0.01830	0.13745	0.15257	0.56404	0.01651	0.00771	0.00222	0.00331	0.01403	0.00613	0.00550
13	0.01504	0.05306	0.02066	0.27393	0.24446	0.04152	0.01567	0.03847	0.02939	0.05371	0.09578	0.02004	0.01580	0.00740	0.00721	0.00203	0.04720	0.00632	0.00389	0.00840
14	0.67752	0.04143	0.01178	0.00949	0.01371	0.01568	0.00789	0.11622	0.01380	0.03013	0.00991	0.01120	0.00761	0.00623	0.00435	0.00197	0.00537	0.00382	0.00430	0.00761
15	0.02414	0.03079	0.01831	0.01665	0.01998	0.74698	0.01248	0.02580	0.01831	0.01581	0.00999	0.01165	0.00832	0.00666	0.00583	0.00166	0.01165	0.00416	0.00333	0.00749
16	0.00943	0.00620	0.00702	0.00714	0.00726	0.00617	0.00412	0.00970	0.00988	0.01354	0.02163	0.09992	0.02463	0.66644	0.02920	0.00569	0.00587	0.00992	0.05208	0.00415
17	0.00824	0.00646	0.00745	0.00743	0.00915	0.00568	0.00548	0.01035	0.01582	0.02056	0.31461	0.13692	0.39761	0.01560	0.00770	0.00218	0.00324	0.01343	0.00642	0.00568
18	0.01298	0.01190	0.01938	0.71037	0.04295	0.01472	0.01759	0.06049	0.01403	0.01804	0.01174	0.01712	0.00876	0.00654	0.00646	0.00214	0.00852	0.00575	0.00310	0.00742
19	0.00785	0.00571	0.00741	0.00876	0.00931	0.00527	0.00589	0.00902	0.01260	0.01659	0.03849	0.70056	0.10902	0.01987	0.00819	0.00258	0.00370	0.01791	0.00600	0.00527
20	0.01395	0.01181	0.01370	0.00983	0.01555	0.00918	0.00789	0.05077	0.01424	0.02203	0.01168	0.01350	0.00964	0.00493	0.00487	0.00101	0.00490	0.00393	0.00396	0.77263
21	0.07872	0.01638	0.03628	0.01381	0.03435	0.09383	0.01101	0.29539	0.03530	0.02807	0.03033	0.08549	0.05577	0.00919	0.00758	0.00199	0.07222	0.00695	0.00515	0.08220
22	0.02057	0.01967	0.09705	0.06612	0.08441	0.12569	0.01448	0.27682	0.02051	0.08836	0.01382	0.01551	0.01033	0.00844	0.02369	0.00221	0.09263	0.00551	0.00473	0.00945
23	0.00844	0.00672	0.00761	0.00776	0.00947	0.00608	0.00567	0.01110	0.04985	0.01959	0.20418	0.21141	0.39662	0.01614	0.00771	0.00225	0.00342	0.01392	0.00627	0.00579
24	0.01354	0.00781	0.00915	0.00817	0.01066	0.00720	0.00633	0.05070	0.01695	0.14657	0.23878	0.04085	0.22689	0.01171	0.00672	0.00195	0.00373	0.00984	0.17546	0.00700
25	0.01745	0.28919	0.05127	0.06571	0.02354	0.09820	0.18392	0.10178	0.01618	0.01999	0.01303	0.01533	0.03372	0.00657	0.00647	0.00183	0.03839	0.00547	0.00351	0.00845
26	0.01514	0.01000	0.03619	0.01050	0.01334	0.00929	0.00841	0.02107	0.16824	0.18369	0.22683	0.11287	0.05252	0.05720	0.00873	0.00243	0.00469	0.04426	0.00665	0.00796
27	0.00804	0.00590	0.00755	0.00854	0.00933	0.00541	0.00587	0.00953	0.01361	0.01809	0.14778	0.56305	0.13627	0.01863	0.00807	0.00247	0.00358	0.01670	0.00617	0.00541
28	0.01289	0.17782	0.40883	0.01469	0.02121	0.01529	0.01701	0.01784	0.01265	0.01787	0.01268	0.01684	0.01062	0.05355	0.15957	0.00384	0.01044	0.00518	0.00295	0.00823
29	0.03757	0.01827	0.06122	0.01512	0.01961	0.13216	0.06817	0.28668	0.06226	0.09583	0.01842	0.08767	0.01542	0.00899	0.00668	0.00206	0.00761	0.04149	0.00551	0.00925
30	0.01991	0.01525	0.01637	0.01368	0.01796	0.01713	0.01093	0.28019	0.42893	0.07341	0.02233	0.02086	0.01633	0.00835	0.00653	0.00209	0.00586	0.00672	0.00662	0.01055
31	0.28046	0.09506	0.01694	0.04943	0.01800	0.24845	0.01063	0.08445	0.01572	0.05291	0.01077	0.01238	0.00851	0.00664	0.00588	0.00184	0.04330	0.00426	0.00394	0.03042
32	0.00879	0.00716	0.00896	0.00991	0.06114	0.00660	0.00670	0.01095	0.01489	0.01935	0.20984	0.10413	0.38786	0.01884	0.09264	0.00310	0.00518	0.01220	0.00577	0.00597
33	0.01625	0.01541	0.08563	0.01250	0.01825	0.04833	0.05096	0.07261	0.05138	0.08568	0.01493	0.01605	0.02556	0.00600	0.00556	0.00142	0.00617	0.00493	0.00442	0.45796
34	0.00879	0.00667	0.00739	0.00723	0.00926	0.00574	0.00541	0.01075	0.01553	0.04620	0.21194	0.09967	0.51139	0.01557	0.00763	0.00217	0.00333	0.01321	0.00633	0.00579
35	0.01570	0.01790	0.03440	0.02518	0.03065	0.06588	0.57159	0.02037	0.01476	0.01970	0.01227	0.01661	0.00953	0.00629	0.00928	0.00223	0.10891	0.00714	0.00321	0.00842
36	0.01366	0.16704	0.47161	0.05181	0.05949	0.01614	0.01920	0.01925	0.01335	0.01908	0.01197	0.01520	0.00945	0.04491	0.00708	0.00211	0.00848	0.00491	0.03645	0.00881
37	0.00927	0.00633	0.00740	0.00741	0.00766	0.00634	0.00445	0.00971	0.01024	0.01376	0.06328	0.06107	0.04783	0.62846	0.08573	0.00611	0.00678	0.00971	0.00419	0.00427
38	0.50982	0.03501	0.01290	0.08346	0.05809	0.08164	0.00939	0.01844	0.01195	0.02397	0.01006	0.01285	0.00821	0.00917	0.04273	0.05068	0.00682	0.00420	0.00365	0.00697
39	0.00918	0.00664	0.00733	0.00712	0.00868	0.00594	0.00498	0.01059	0.01388	0.04423	0.15404	0.05276	0.39496	0.23445	0.01490	0.00333	0.00419	0.01184	0.00564	0.00532
40	0.04793	0.01513	0.06873	0.07334	0.15066	0.05704	0.03948	0.09972	0.10554	0.09931	0.01986	0.08310	0.03944	0.00845	0.00641	0.00203	0.00671	0.00721	0.06102	0.00890
41	0.00790	0.00630	0.00708	0.00742	0.00903	0.00548	0.00536	0.00958	0.01456	0.01831	0.14486	0.25285	0.45452	0.01700	0.00780	0.00228	0.00337	0.01467	0.00615	0.00548
42	0.01611	0.13881	0.05198	0.01753	0.08956	0.15819	0.09938	0.03415	0.01418	0.01782	0.01388	0.07805	0.01318	0.06627	0.01028	0.00232	0.11755	0.00658	0.04655	0.00762
43	0.12741	0.15537	0.03875	0.05803	0.03352	0.01532	0.06121	0.07105	0.06208	0.04214	0.01563	0.04497	0.03552	0.02565	0.05508	0.00248	0.03532	0.00588	0.00411	0.11049

[dist]
# distance from previous block
# <min> <max>
0	12

[block]
# block no. 1 follows, 34 sequences, length 12
# corresponding to MSA columns:
# 294-305
name=unknown_B
#
# <colnr> <probs for GDERKNQSTAVLIFYWHMCP>
#	G	D	E	R	K	N	Q	S	T	A	V	L	I	F	Y	W	H	M	C	P
0	0.04488	0.09267	0.06255	0.07211	0.17964	0.01287	0.04830	0.03749	0.04524	0.02011	0.05436	0.14843	0.13460	0.01041	0.00668	0.00208	0.00616	0.00913	0.00446	0.00781
1	0.01060	0.00677	0.00848	0.00840	0.00959	0.00652	0.00593	0.01258	0.05382	0.05072	0.21102	0.18008	0.09958	0.10052	0.01351	0.15100	0.00426	0.01101	0.05013	0.00547
2	0.01191	0.03740	0.01467	0.01273	0.01371	0.01347	0.01017	0.01506	0.07304	0.01662	0.04443	0.06502	0.01714	0.07911	0.25669	0.00540	0.29568	0.00738	0.00379	0.00659
3	0.01268	0.00718	0.00950	0.00897	0.01079	0.00654	0.00663	0.01496	0.01631	0.16155	0.37087	0.23870	0.04552	0.04888	0.00873	0.00238	0.00386	0.01238	0.00684	0.00672
4	0.67652	0.01350	0.01127	0.00964	0.01384	0.01549	0.00794	0.14281	0.01446	0.03109	0.01016	0.01139	0.00771	0.00631	0.00444	0.00199	0.00538	0.00391	0.00444	0.00771
5	0.01122	0.00561	0.00842	0.00842	0.00842	0.00561	0.00561	0.00842	0.00842	0.01122	0.01122	0.01964	0.01122	0.02245	0.02525	0.81201	0.00561	0.00561	0.00281	0.00281
6	0.01806	0.69174	0.03209	0.01169	0.01697	0.10783	0.01122	0.02008	0.01372	0.01527	0.00910	0.01051	0.00830	0.00566	0.00434	0.00141	0.00745	0.00354	0.00283	0.00820
7	0.81856	0.01250	0.00950	0.00850	0.01250	0.01449	0.00700	0.01899	0.01100	0.02899	0.00900	0.01050	0.00700	0.00600	0.00400	0.00200	0.00500	0.00350	0.00400	0.00700
8	0.01056	0.00898	0.01355	0.01199	0.01315	0.00990	0.09090	0.01211	0.01108	0.01530	0.02165	0.13522	0.06100	0.27320	0.15026	0.00518	0.13674	0.00962	0.00398	0.00563
9	0.01567	0.22210	0.32838	0.01447	0.02147	0.01723	0.01604	0.05258	0.10069	0.04908	0.01341	0.01445	0.01020	0.00630	0.00555	0.00177	0.00754	0.00475	0.00370	0.09461
10	0.02410	0.01723	0.01865	0.01448	0.01950	0.01895	0.01190	0.60281	0.09207	0.08764	0.01718	0.01674	0.01213	0.00786	0.00648	0.00197	0.00682	0.00600	0.00658	0.01092
11	0.07790	0.03881	0.02294	0.05926	0.13271	0.01571	0.17112	0.14853	0.06222	0.08959	0.01612	0.06745	0.01312	0.00776	0.00735	0.00210	0.04653	0.00696	0.00467	0.00913

[dist]
# distance from previous block
# <min> <max>
1	6

[block]
# block no. 2 follows, 34 sequences, length 17
# corresponding to MSA columns:
# 312-328
name=unknown_C
#
# <colnr> <probs for GDERKNQSTAVLIFYWHMCP>
#	G	D	E	R	K	N	Q	S	T	A	V	L	I	F	Y	W	H	M	C	P
0	0.04912	0.19715	0.11612	0.01683	0.02248	0.08458	0.16857	0.14893	0.01744	0.05785	0.01351	0.01522	0.02466	0.00667	0.00652	0.00189	0.03404	0.00549	0.00398	0.00895
1	0.09368	0.01702	0.04650	0.03456	0.04455	0.12909	0.11551	0.06458	0.09442	0.04239	0.01465	0.05507	0.01219	0.00741	0.00712	0.00190	0.05969	0.00605	0.00423	0.14939
2	0.01596	0.01195	0.01304	0.01127	0.01455	0.01297	0.00887	0.17997	0.27821	0.04926	0.16854	0.02963	0.07484	0.00981	0.00662	0.00202	0.00481	0.00814	0.09072	0.00881
3	0.00837	0.00634	0.00773	0.00788	0.00931	0.00569	0.00572	0.01051	0.01572	0.02099	0.35487	0.23680	0.25466	0.01595	0.00779	0.00223	0.00329	0.01397	0.00650	0.00569
4	0.01300	0.07461	0.52440	0.01697	0.02461	0.01444	0.05289	0.03664	0.01410	0.02023	0.01540	0.08362	0.01353	0.00822	0.00649	0.00213	0.00861	0.05790	0.00338	0.00882
5	0.00808	0.00666	0.00716	0.00731	0.00937	0.00574	0.00567	0.00997	0.01497	0.01822	0.10281	0.06266	0.60176	0.01635	0.00780	0.00227	0.00359	0.09800	0.00606	0.00556
6	0.02340	0.02891	0.01848	0.01658	0.01975	0.65623	0.01260	0.05862	0.01826	0.01701	0.01014	0.01203	0.00847	0.00706	0.00702	0.00177	0.06823	0.00436	0.00344	0.00763
7	0.01581	0.01235	0.01383	0.01014	0.01568	0.04400	0.00811	0.01858	0.01425	0.10807	0.01312	0.01436	0.01029	0.00527	0.00504	0.00112	0.00520	0.00417	0.00431	0.67628
8	0.01190	0.00988	0.01007	0.00919	0.01160	0.05302	0.00702	0.12738	0.01841	0.02362	0.24653	0.10084	0.31850	0.01372	0.00737	0.00210	0.00439	0.01155	0.00624	0.00667
9	0.00797	0.00576	0.00746	0.00869	0.00925	0.00534	0.00584	0.00919	0.01272	0.01686	0.07043	0.65256	0.09495	0.04881	0.00913	0.00270	0.00378	0.01734	0.00597	0.00525
10	0.15547	0.01063	0.01330	0.01069	0.01498	0.00985	0.00867	0.02687	0.01634	0.53970	0.02247	0.05933	0.01565	0.00919	0.00732	0.05117	0.00533	0.00658	0.00693	0.00954
11	0.14088	0.01445	0.02032	0.02113	0.20431	0.04126	0.12348	0.11243	0.05266	0.06793	0.01659	0.09877	0.01431	0.00798	0.00636	0.00205	0.00699	0.00717	0.03206	0.00885
12	0.01456	0.03719	0.18645	0.03080	0.01784	0.01257	0.01261	0.05918	0.10982	0.09780	0.12998	0.08026	0.07618	0.01015	0.00803	0.00215	0.07457	0.00816	0.02337	0.00833
13	0.05386	0.00973	0.01115	0.01097	0.01225	0.07215	0.00837	0.01347	0.01199	0.03283	0.04026	0.16200	0.02203	0.07996	0.32041	0.00601	0.07757	0.04471	0.00425	0.00601
14	0.27412	0.07110	0.01844	0.05699	0.14333	0.18174	0.03148	0.04204	0.05727	0.02249	0.01124	0.01337	0.00907	0.00650	0.00596	0.00192	0.03641	0.00466	0.00373	0.00814
15	0.04042	0.00812	0.00853	0.00885	0.01032	0.05110	0.00640	0.01145	0.01391	0.01834	0.12285	0.31034	0.19385	0.07806	0.00967	0.00264	0.00448	0.06191	0.00565	0.03311
16	0.01678	0.01619	0.02175	0.06065	0.06353	0.13264	0.20212	0.05680	0.09262	0.06811	0.05549	0.07476	0.03450	0.02457	0.00778	0.00215	0.02619	0.00767	0.00457	0.03112

[dist]
# distance from previous block
# <min> <max>
1	17

[block]
# block no. 3 follows, 34 sequences, length 12
# corresponding to MSA columns:
# 346-357
name=unknown_D
#
# <colnr> <probs for GDERKNQSTAVLIFYWHMCP>
#	G	D	E	R	K	N	Q	S	T	A	V	L	I	F	Y	W	H	M	C	P
0	0.01753	0.03591	0.05086	0.02076	0.10507	0.03603	0.24882	0.13390	0.06855	0.07421	0.04251	0.03459	0.01370	0.00690	0.00670	0.00195	0.00797	0.00675	0.00457	0.08274
1	0.01341	0.01174	0.04934	0.04748	0.06209	0.04065	0.03622	0.04912	0.11517	0.07120	0.09291	0.20883	0.09817	0.06303	0.00890	0.00248	0.00564	0.01063	0.00550	0.00748
2	0.00931	0.00675	0.00803	0.00761	0.00954	0.00597	0.00574	0.01175	0.01683	0.05050	0.42871	0.05295	0.33409	0.01430	0.00758	0.00209	0.00324	0.01228	0.00669	0.00603
3	0.01784	0.42259	0.04866	0.06193	0.04887	0.10373	0.01224	0.09667	0.06023	0.01942	0.01376	0.01500	0.04116	0.00667	0.00520	0.00165	0.00742	0.00477	0.00364	0.00854
4	0.00855	0.00649	0.00775	0.00843	0.00950	0.00613	0.00582	0.01092	0.05764	0.01773	0.09108	0.43409	0.20981	0.08259	0.01006	0.00276	0.00388	0.01526	0.00594	0.00556
5	0.01680	0.01792	0.15940	0.07020	0.04179	0.03733	0.04074	0.21388	0.07896	0.05285	0.04961	0.02087	0.03982	0.02972	0.07527	0.00291	0.03167	0.00650	0.00478	0.00896
6	0.00944	0.00688	0.00812	0.00822	0.01018	0.00613	0.00645	0.01161	0.01549	0.05201	0.18209	0.09492	0.40337	0.01586	0.00786	0.00232	0.00387	0.14296	0.00629	0.00591
7	0.09905	0.01729	0.09135	0.12344	0.17336	0.07634	0.06912	0.11252	0.03834	0.06821	0.01508	0.01738	0.03214	0.00810	0.02897	0.00226	0.00817	0.00582	0.00414	0.00893
8	0.01406	0.01409	0.02187	0.31868	0.16109	0.05707	0.08705	0.01761	0.01357	0.01817	0.05772	0.01813	0.01239	0.00760	0.00942	0.00221	0.15196	0.00622	0.00327	0.00782
9	0.00927	0.00646	0.00850	0.00867	0.00929	0.00692	0.00599	0.01054	0.01036	0.01459	0.02083	0.11792	0.02221	0.33656	0.33869	0.00741	0.01062	0.00920	0.04100	0.00497
10	0.17087	0.42660	0.09954	0.01206	0.01715	0.04921	0.01181	0.02034	0.05723	0.01919	0.01035	0.01189	0.00876	0.00630	0.00565	0.00173	0.05587	0.00401	0.00326	0.00818
11	0.09070	0.11542	0.16937	0.03626	0.07562	0.04336	0.08984	0.06316	0.04430	0.04074	0.04471	0.04717	0.01312	0.00749	0.00720	0.00200	0.06643	0.00600	0.00388	0.03324

[dist]
# distance from previous block
# <min> <max>
0	5

[block]
# block no. 4 follows, 34 sequences, length 27
# corresponding to MSA columns:
# 363-389
name=unknown_E
#
# <colnr> <probs for GDERKNQSTAVLIFYWHMCP>
#	G	D	E	R	K	N	Q	S	T	A	V	L	I	F	Y	W	H	M	C	P
0	0.01554	0.07876	0.06832	0.16115	0.02338	0.01513	0.06771	0.13906	0.06442	0.05040	0.03704	0.07644	0.01509	0.01077	0.04914	0.00256	0.06523	0.00700	0.04463	0.00825
1	0.01015	0.00745	0.00880	0.00884	0.01046	0.00736	0.00652	0.01431	0.11101	0.03371	0.18700	0.20234	0.17260	0.07352	0.03037	0.00279	0.00438	0.05095	0.05119	0.00625
2	0.02073	0.00933	0.01233	0.01016	0.01387	0.00808	0.00807	0.02311	0.01717	0.43996	0.14436	0.11585	0.08220	0.01075	0.00688	0.00203	0.00468	0.00914	0.00723	0.05409
3	0.01681	0.06245	0.06441	0.03753	0.08780	0.05714	0.02920	0.15023	0.23554	0.04011	0.02436	0.04517	0.10342	0.00891	0.00652	0.00204	0.00648	0.00735	0.00531	0.00920
4	0.01320	0.07516	0.69983	0.01800	0.02733	0.01560	0.02315	0.02040	0.01361	0.02017	0.01145	0.01346	0.00819	0.00610	0.00603	0.00201	0.00940	0.00470	0.00273	0.00948
5	0.01066	0.00695	0.00908	0.00835	0.01016	0.00635	0.00633	0.01362	0.01820	0.08153	0.65480	0.04660	0.07672	0.01289	0.00753	0.00203	0.00325	0.01133	0.00715	0.00646
6	0.01118	0.00929	0.01305	0.01223	0.01308	0.01161	0.00977	0.02934	0.01111	0.01627	0.01657	0.05704	0.01635	0.06189	0.38384	0.00670	0.24013	0.04538	0.02897	0.00621
7	0.00876	0.00653	0.00815	0.00788	0.00945	0.00591	0.00586	0.01141	0.01719	0.02362	0.55289	0.10009	0.18978	0.01430	0.00767	0.00210	0.00314	0.01252	0.00682	0.00591
8	0.01395	0.04826	0.48357	0.01969	0.11949	0.01507	0.02009	0.05333	0.07278	0.02170	0.01641	0.01790	0.05545	0.00701	0.00626	0.00203	0.00834	0.00569	0.00349	0.00947
9	0.01340	0.01148	0.01340	0.00957	0.01531	0.00861	0.00766	0.01627	0.01340	0.02105	0.01148	0.01340	0.00957	0.00479	0.00479	0.00096	0.00479	0.00383	0.00383	0.81242
10	0.01354	0.01775	0.20432	0.01479	0.04542	0.08882	0.05511	0.03862	0.05045	0.04120	0.10115	0.22047	0.02484	0.01100	0.00691	0.00214	0.00680	0.00959	0.03934	0.00773
11	0.08130	0.01510	0.01605	0.01345	0.01756	0.01717	0.01079	0.26188	0.37660	0.06023	0.02060	0.01968	0.01520	0.00827	0.00689	0.00211	0.03431	0.00641	0.00625	0.01015
12	0.02295	0.01684	0.01808	0.01403	0.01866	0.01857	0.01139	0.63640	0.02815	0.03772	0.01603	0.01836	0.01232	0.08918	0.00928	0.00240	0.00702	0.00620	0.00619	0.01024
13	0.01685	0.60623	0.03194	0.01301	0.01824	0.05944	0.08521	0.01928	0.01343	0.01580	0.01004	0.01220	0.00899	0.00850	0.05527	0.00209	0.00828	0.00417	0.00289	0.00812
14	0.01727	0.77681	0.03386	0.01106	0.01658	0.02557	0.01106	0.01935	0.01313	0.01520	0.00898	0.01036	0.00829	0.00553	0.00415	0.00138	0.00691	0.00345	0.00276	0.00829
15	0.01122	0.00561	0.00842	0.00842	0.00842	0.00561	0.00561	0.00842	0.00842	0.01122	0.01122	0.01964	0.01122	0.02245	0.02525	0.81201	0.00561	0.00561	0.00281	0.00281
16	0.01325	0.08411	0.69134	0.01791	0.02719	0.01573	0.02300	0.02039	0.01361	0.02010	0.01142	0.01342	0.00819	0.00610	0.00600	0.00200	0.00937	0.00468	0.00273	0.00946
17	0.00835	0.00698	0.00767	0.03560	0.01055	0.00628	0.00582	0.01090	0.04211	0.01891	0.15233	0.08579	0.55514	0.01542	0.00757	0.00218	0.00353	0.01302	0.00606	0.00578
18	0.00993	0.00705	0.00769	0.00748	0.00987	0.00601	0.00582	0.01176	0.01510	0.08684	0.05896	0.05922	0.60252	0.01569	0.00764	0.00223	0.00371	0.07027	0.00619	0.00603
19	0.01435	0.20695	0.55082	0.01658	0.02504	0.01764	0.02049	0.04269	0.01407	0.01989	0.01111	0.01294	0.00830	0.00605	0.00568	0.00189	0.00885	0.00450	0.00286	0.00930
20	0.19923	0.01596	0.01519	0.01369	0.05213	0.12719	0.01030	0.19251	0.04857	0.16209	0.01732	0.08787	0.01402	0.00839	0.00600	0.00200	0.00666	0.00644	0.00552	0.00894
21	0.02224	0.02763	0.01859	0.01671	0.01940	0.60880	0.01280	0.02385	0.01671	0.01576	0.00970	0.01212	0.00835	0.00754	0.00875	0.00189	0.15406	0.00445	0.00323	0.00741
22	0.02508	0.01313	0.01587	0.01243	0.01712	0.01308	0.01018	0.24477	0.07725	0.40791	0.07559	0.02210	0.01811	0.00838	0.00658	0.00200	0.00579	0.00674	0.00733	0.01056
23	0.01670	0.01505	0.07966	0.07251	0.02086	0.07261	0.09447	0.10039	0.03465	0.12175	0.05798	0.04888	0.06075	0.00996	0.00706	0.00216	0.00718	0.12929	0.00523	0.04286
24	0.00950	0.00705	0.00961	0.07076	0.02855	0.00758	0.00703	0.01086	0.01062	0.01444	0.02150	0.11855	0.04185	0.35254	0.25486	0.00661	0.00964	0.00938	0.00397	0.00512
25	0.00858	0.00601	0.00720	0.00785	0.00821	0.00575	0.00491	0.00921	0.01117	0.01469	0.03108	0.35842	0.09634	0.37814	0.01992	0.00432	0.00490	0.01367	0.00501	0.00463
26	0.01514	0.01705	0.03665	0.06227	0.06920	0.01620	0.64212	0.02046	0.01511	0.02052	0.01295	0.01735	0.00977	0.00551	0.00751	0.00216	0.01063	0.00744	0.00325	0.00872

[dist]
# distance from previous block
# <min> <max>
0	1

[block]
# block no. 5 follows, 34 sequences, length 21
# corresponding to MSA columns:
# 391-411
name=unknown_F
#
# <colnr> <probs for GDERKNQSTAVLIFYWHMCP>
#	G	D	E	R	K	N	Q	S	T	A	V	L	I	F	Y	W	H	M	C	P
0	0.08045	0.50908	0.10117	0.01360	0.01933	0.08080	0.07973	0.02008	0.01363	0.01739	0.00972	0.01149	0.00833	0.00571	0.00480	0.00160	0.00779	0.00405	0.00295	0.00829
1	0.01566	0.04790	0.42801	0.01880	0.02631	0.09734	0.13235	0.08685	0.01589	0.02157	0.01219	0.01459	0.00905	0.00789	0.03554	0.00233	0.01000	0.00532	0.00327	0.00914
2	0.00819	0.00662	0.00738	0.00782	0.00969	0.00581	0.00607	0.01003	0.01451	0.01771	0.05638	0.13756	0.52618	0.01705	0.00795	0.00238	0.00383	0.14330	0.00599	0.00553
3	0.00785	0.00573	0.00739	0.00872	0.00930	0.00527	0.00588	0.00903	0.01263	0.01660	0.03893	0.69006	0.11924	0.01981	0.00818	0.00257	0.00370	0.01784	0.00600	0.00527
4	0.01435	0.01414	0.01677	0.05888	0.05306	0.12634	0.05049	0.04534	0.01279	0.01665	0.01347	0.02143	0.01288	0.14962	0.16336	0.00460	0.20919	0.00646	0.00342	0.00675
5	0.01525	0.01743	0.03813	0.02723	0.03377	0.01634	0.70915	0.02070	0.01525	0.02070	0.01307	0.01743	0.00980	0.00545	0.00763	0.00218	0.01089	0.00763	0.00327	0.00871
6	0.01637	0.01323	0.01423	0.01272	0.01631	0.01502	0.00991	0.03269	0.63298	0.06856	0.07307	0.02559	0.02225	0.00902	0.00664	0.00217	0.00500	0.00755	0.00669	0.01000
7	0.01308	0.01238	0.02096	0.59183	0.20324	0.01459	0.01838	0.01727	0.01333	0.01757	0.01164	0.01694	0.00899	0.00630	0.00645	0.00210	0.00840	0.00575	0.00295	0.00788
8	0.00904	0.00661	0.00747	0.00743	0.00922	0.00578	0.00541	0.01078	0.01483	0.05144	0.17490	0.15345	0.43303	0.06988	0.00947	0.00250	0.00361	0.01331	0.00614	0.00569
9	0.00913	0.00665	0.00861	0.00824	0.00980	0.00613	0.00626	0.01209	0.01791	0.02509	0.65516	0.05035	0.09742	0.01363	0.00769	0.00209	0.00321	0.04751	0.00699	0.00605
10	0.01993	0.01526	0.03961	0.04881	0.06518	0.06869	0.01187	0.13233	0.22426	0.18155	0.06947	0.02142	0.01756	0.00834	0.00726	0.00207	0.04408	0.00664	0.00597	0.00970
11	0.01136	0.01123	0.05205	0.05616	0.05045	0.00971	0.12576	0.01516	0.04803	0.01990	0.10033	0.26250	0.06022	0.01169	0.00713	0.00209	0.00581	0.01083	0.00488	0.13470
12	0.37229	0.17877	0.01892	0.07504	0.03421	0.14330	0.04228	0.03460	0.01355	0.02243	0.00977	0.01178	0.00792	0.00606	0.00482	0.00183	0.00723	0.00408	0.00353	0.00761
13	0.11901	0.02364	0.27039	0.01697	0.07657	0.15041	0.01581	0.07818	0.01648	0.15272	0.01386	0.01473	0.00987	0.00666	0.00593	0.00194	0.00830	0.00498	0.00429	0.00928
14	0.01342	0.04045	0.01447	0.03456	0.12516	0.01074	0.00984	0.01772	0.09734	0.07737	0.11784	0.09820	0.11823	0.04871	0.00870	0.00223	0.03940	0.02224	0.00523	0.09814
15	0.00795	0.00588	0.00725	0.00829	0.00903	0.00538	0.00558	0.00909	0.01264	0.01637	0.04090	0.55083	0.19281	0.08353	0.01021	0.00284	0.00386	0.01656	0.00582	0.00518
16	0.00880	0.00651	0.00741	0.00752	0.00922	0.00570	0.00545	0.01051	0.01469	0.04512	0.16071	0.20490	0.42077	0.05213	0.00891	0.00244	0.00356	0.01385	0.00615	0.00565
17	0.01204	0.00602	0.00602	0.00602	0.00753	0.00602	0.00452	0.01506	0.01355	0.02409	0.02108	0.02409	0.01656	0.00753	0.00452	0.00151	0.00301	0.00602	0.80879	0.00602
18	0.01055	0.00798	0.01102	0.01056	0.01175	0.00927	0.00808	0.05804	0.01154	0.01638	0.01714	0.02659	0.01646	0.15062	0.55157	0.00879	0.05692	0.00714	0.00369	0.00592
19	0.00858	0.00653	0.00795	0.00814	0.00971	0.00590	0.00616	0.01086	0.01581	0.02090	0.32340	0.16488	0.28126	0.01585	0.00787	0.00228	0.00355	0.08819	0.00644	0.00574
20	0.16852	0.26139	0.13434	0.04792	0.02074	0.18771	0.05836	0.02091	0.01413	0.01917	0.01000	0.01197	0.00815	0.00601	0.00515	0.00175	0.00839	0.00421	0.00316	0.00803

[dist]
# distance from previous block
# <min> <max>
0	3

[block]
# block no. 6 follows, 34 sequences, length 14
# corresponding to MSA columns:
# 415-428
name=unknown_G
#
# <colnr> <probs for GDERKNQSTAVLIFYWHMCP>
#	G	D	E	R	K	N	Q	S	T	A	V	L	I	F	Y	W	H	M	C	P
0	0.10231	0.04866	0.01999	0.07648	0.02235	0.46653	0.07926	0.05761	0.01707	0.01889	0.01051	0.01275	0.00849	0.00659	0.00622	0.00182	0.02862	0.00465	0.00348	0.00772
1	0.00938	0.00749	0.00858	0.00867	0.01056	0.00718	0.00658	0.01359	0.11041	0.02042	0.18088	0.16770	0.32627	0.01549	0.00772	0.00230	0.00382	0.08044	0.00629	0.00624
2	0.01019	0.00841	0.00972	0.00897	0.01087	0.03512	0.02505	0.01401	0.07880	0.02241	0.41150	0.04631	0.19289	0.08567	0.00988	0.00247	0.00412	0.01110	0.00628	0.00624
3	0.04579	0.00952	0.01099	0.00934	0.01252	0.00943	0.00742	0.07122	0.08815	0.25445	0.06717	0.02389	0.01880	0.00813	0.00568	0.00181	0.00438	0.00656	0.33630	0.00843
4	0.01517	0.01478	0.02308	0.26691	0.44271	0.04996	0.01840	0.01978	0.04955	0.01968	0.01254	0.01658	0.01010	0.00618	0.00640	0.00200	0.00804	0.00575	0.00327	0.00913
5	0.00932	0.00620	0.00701	0.00716	0.00738	0.00612	0.00420	0.00967	0.01016	0.01378	0.02391	0.11319	0.05659	0.62286	0.02777	0.00546	0.00570	0.01028	0.04904	0.00423
6	0.01505	0.01370	0.02000	0.12581	0.30586	0.03252	0.03675	0.07219	0.13367	0.02267	0.06557	0.09278	0.01819	0.00843	0.00673	0.00208	0.00684	0.00767	0.00450	0.00899
7	0.00848	0.00658	0.00772	0.00743	0.00925	0.00581	0.00557	0.01091	0.01672	0.02218	0.43671	0.05440	0.35579	0.01460	0.00763	0.00210	0.00315	0.01255	0.00662	0.00581
8	0.01658	0.18583	0.07070	0.02578	0.28760	0.07288	0.14594	0.02161	0.07470	0.01980	0.01263	0.01524	0.01027	0.00599	0.00609	0.00186	0.00830	0.00555	0.00338	0.00927
9	0.01586	0.01455	0.02391	0.20309	0.42296	0.01537	0.06177	0.09524	0.01602	0.02227	0.01274	0.01660	0.01013	0.00618	0.00643	0.00198	0.00787	0.00589	0.03175	0.00936
10	0.00813	0.00650	0.00732	0.00754	0.00932	0.00569	0.00567	0.01004	0.01504	0.01892	0.17282	0.15351	0.47318	0.01645	0.00781	0.00227	0.00350	0.06453	0.00619	0.00557
11	0.01248	0.01051	0.04218	0.00998	0.01249	0.04532	0.00805	0.07899	0.04947	0.05609	0.36642	0.08773	0.12152	0.03473	0.00809	0.00222	0.00461	0.03579	0.00635	0.00697
12	0.01294	0.01100	0.01277	0.00931	0.01460	0.00835	0.00734	0.01561	0.01326	0.02046	0.01439	0.01707	0.04314	0.04370	0.00632	0.00128	0.00479	0.00455	0.00393	0.73519
13	0.03600	0.11256	0.29456	0.01804	0.06818	0.07501	0.06463	0.12995	0.01681	0.05688	0.01289	0.01545	0.00989	0.00685	0.00672	0.00197	0.04041	0.02012	0.00379	0.00928

[dist]
# distance from previous block
# <min> <max>
0	6

[block]
# block no. 7 follows, 34 sequences, length 28
# corresponding to MSA columns:
# 435-462
name=unknown_H
#
# <colnr> <probs for GDERKNQSTAVLIFYWHMCP>
#	G	D	E	R	K	N	Q	S	T	A	V	L	I	F	Y	W	H	M	C	P
0	0.01057	0.03033	0.01112	0.01108	0.03871	0.00824	0.02578	0.08594	0.01525	0.02027	0.09112	0.47797	0.10231	0.01654	0.00775	0.00239	0.00448	0.02794	0.00587	0.00634
1	0.12535	0.04177	0.10447	0.05867	0.21366	0.03827	0.07867	0.03694	0.13469	0.05428	0.01457	0.01638	0.01117	0.00648	0.00604	0.00197	0.00732	0.00561	0.00411	0.03960
2	0.04284	0.01225	0.01410	0.01151	0.01518	0.01270	0.00918	0.26890	0.07035	0.17413	0.18333	0.02743	0.04703	0.03882	0.00847	0.03511	0.00544	0.00771	0.00660	0.00893
3	0.31628	0.01136	0.01273	0.01026	0.01475	0.01118	0.00844	0.02613	0.01575	0.44931	0.04857	0.01888	0.01457	0.00748	0.00563	0.00200	0.00521	0.00562	0.00650	0.00933
4	0.01251	0.01168	0.01961	0.57226	0.16130	0.01379	0.01731	0.01648	0.01319	0.01731	0.01355	0.07761	0.01165	0.00745	0.00659	0.00215	0.00806	0.00676	0.00318	0.00755
5	0.00772	0.00623	0.00687	0.00739	0.00895	0.00538	0.00528	0.00918	0.01392	0.01713	0.05522	0.30462	0.49417	0.01769	0.00785	0.00233	0.00344	0.01526	0.00600	0.00538
6	0.11674	0.06696	0.01657	0.01296	0.01700	0.11312	0.01038	0.19531	0.26050	0.05391	0.03774	0.01889	0.01489	0.02889	0.00673	0.00208	0.00656	0.00596	0.00555	0.00927
7	0.01991	0.21575	0.07995	0.03490	0.01923	0.20857	0.01226	0.02621	0.17986	0.11858	0.01584	0.01597	0.01203	0.00699	0.00570	0.00181	0.00780	0.00513	0.00452	0.00898
8	0.48888	0.26802	0.01830	0.01000	0.01445	0.07656	0.00878	0.01965	0.01229	0.02336	0.00907	0.01054	0.00753	0.00589	0.00419	0.00177	0.00616	0.00354	0.00353	0.00747
9	0.01896	0.01516	0.01615	0.01359	0.01772	0.01715	0.01083	0.28653	0.43383	0.03210	0.05111	0.02188	0.01815	0.00857	0.00658	0.00209	0.00578	0.00693	0.00656	0.01034
10	0.00832	0.00703	0.04062	0.00967	0.01055	0.00587	0.00717	0.00988	0.01264	0.01691	0.03442	0.67592	0.04071	0.01941	0.00821	0.00263	0.00420	0.07451	0.00585	0.00550
11	0.00850	0.00656	0.00769	0.00762	0.00932	0.00585	0.00570	0.01071	0.01590	0.02085	0.33974	0.08775	0.35090	0.04817	0.00882	0.00236	0.00347	0.04803	0.00637	0.00567
12	0.00904	0.00678	0.00781	0.00766	0.00966	0.00596	0.00589	0.01128	0.01602	0.04360	0.27690	0.05725	0.43302	0.01519	0.00770	0.00219	0.00349	0.06825	0.00642	0.00588
13	0.00888	0.00659	0.00827	0.00785	0.00949	0.00598	0.00589	0.01168	0.01766	0.02441	0.61178	0.05073	0.17933	0.01377	0.00762	0.00206	0.00309	0.01203	0.00692	0.00598
14	0.02372	0.01800	0.19509	0.01442	0.02063	0.01294	0.04197	0.14511	0.01921	0.41183	0.01985	0.01864	0.01296	0.00739	0.00645	0.00201	0.00699	0.00600	0.00624	0.01055
15	0.01340	0.01148	0.01340	0.00957	0.01531	0.00861	0.00766	0.01627	0.01340	0.02105	0.01148	0.01340	0.00957	0.00479	0.00479	0.00096	0.00479	0.00383	0.00383	0.81242
16	0.01336	0.01232	0.02055	0.30269	0.34275	0.01336	0.01707	0.01708	0.01389	0.01886	0.01606	0.07734	0.01499	0.00842	0.00684	0.00218	0.00755	0.08285	0.00359	0.00825
17	0.01061	0.01725	0.29409	0.01300	0.01761	0.00978	0.03871	0.01510	0.01522	0.02176	0.28845	0.17399	0.03499	0.01154	0.00717	0.00216	0.00600	0.01015	0.00505	0.00737
18	0.02332	0.02772	0.01877	0.04756	0.07521	0.61985	0.01309	0.02530	0.01783	0.05742	0.01110	0.01280	0.00892	0.00666	0.00593	0.00172	0.01088	0.00448	0.00357	0.00789
19	0.01572	0.01917	0.18776	0.12540	0.31979	0.05269	0.01836	0.02139	0.07248	0.06129	0.01441	0.03781	0.01147	0.00677	0.00639	0.00201	0.00800	0.00597	0.00368	0.00942
20	0.01737	0.03807	0.11243	0.01942	0.18906	0.01408	0.01391	0.16794	0.07223	0.10470	0.02170	0.10363	0.05932	0.00928	0.00669	0.00208	0.00659	0.02696	0.00517	0.00938
21	0.01391	0.01217	0.01843	0.60114	0.03857	0.03791	0.01617	0.04613	0.01434	0.05560	0.04086	0.01829	0.01121	0.00680	0.00641	0.00206	0.00810	0.00589	0.00351	0.04250
22	0.01514	0.01354	0.04431	0.05734	0.11570	0.08815	0.03742	0.06515	0.01561	0.08613	0.06251	0.18687	0.05857	0.05031	0.00865	0.00231	0.02848	0.00930	0.00489	0.04960
23	0.01524	0.07119	0.02222	0.04004	0.12914	0.01340	0.17500	0.06705	0.04427	0.06836	0.11366	0.08506	0.02123	0.00866	0.00682	0.00200	0.00687	0.03264	0.00476	0.07240
24	0.01875	0.02088	0.06760	0.05776	0.21866	0.25735	0.06371	0.05219	0.03735	0.05173	0.04990	0.01661	0.01254	0.00671	0.00629	0.00185	0.00883	0.00560	0.00388	0.04180
25	0.06594	0.09447	0.11171	0.04422	0.05038	0.08396	0.03370	0.04870	0.06480	0.10235	0.08752	0.09297	0.01925	0.03350	0.00710	0.00209	0.00675	0.00721	0.00476	0.03860
26	0.07980	0.01511	0.07070	0.02032	0.22502	0.05483	0.03040	0.03553	0.08236	0.05285	0.05131	0.04280	0.07877	0.00915	0.02403	0.00217	0.04377	0.00684	0.00439	0.06986
27	0.01561	0.07522	0.01763	0.06575	0.15638	0.07866	0.01194	0.06177	0.03201	0.07476	0.07682	0.13124	0.02104	0.01136	0.03453	0.00235	0.03453	0.04624	0.00471	0.04745

[dist]
# distance from previous block
# <min> <max>
3	15

[block]
# block no. 8 follows, 34 sequences, length 12
# corresponding to MSA columns:
# 478-489
name=unknown_I
#
# <colnr> <probs for GDERKNQSTAVLIFYWHMCP>
#	G	D	E	R	K	N	Q	S	T	A	V	L	I	F	Y	W	H	M	C	P
0	0.01189	0.01058	0.03621	0.07066	0.04767	0.01088	0.00995	0.07650	0.03729	0.02011	0.05188	0.20019	0.14358	0.01492	0.05402	0.00274	0.11149	0.01023	0.03171	0.04753
1	0.04596	0.01495	0.04865	0.03981	0.18864	0.04375	0.09513	0.09707	0.10766	0.02349	0.03495	0.02154	0.04972	0.05283	0.00791	0.00217	0.00697	0.00661	0.04044	0.07174
2	0.01655	0.05058	0.04124	0.05854	0.10863	0.09183	0.04545	0.06817	0.08611	0.06893	0.08020	0.02029	0.03877	0.00725	0.00610	0.00173	0.00669	0.00609	0.00462	0.19225
3	0.01264	0.01029	0.02691	0.06358	0.05735	0.01032	0.00939	0.11662	0.09180	0.02416	0.23220	0.12366	0.10871	0.01269	0.00816	0.04301	0.00497	0.03040	0.00584	0.00729
4	0.01123	0.00966	0.05351	0.01021	0.01234	0.00886	0.00829	0.01572	0.10949	0.05354	0.19731	0.13777	0.11446	0.08791	0.06370	0.00324	0.04367	0.04668	0.00570	0.00671
5	0.01028	0.00857	0.01269	0.08543	0.16337	0.00854	0.00997	0.01262	0.01386	0.01865	0.11946	0.28335	0.12487	0.04612	0.03140	0.00270	0.00546	0.03098	0.00510	0.00659
6	0.01306	0.01227	0.02072	0.51616	0.23115	0.01425	0.01787	0.01712	0.01326	0.01768	0.01201	0.01737	0.00951	0.00877	0.05057	0.00258	0.00887	0.00582	0.00300	0.00793
7	0.01797	0.01493	0.01758	0.22871	0.02581	0.03844	0.01312	0.27170	0.22258	0.02822	0.01797	0.04416	0.01382	0.00807	0.00654	0.00209	0.00699	0.00660	0.00535	0.00937
8	0.06347	0.01140	0.01273	0.04474	0.01546	0.01253	0.00908	0.16893	0.21492	0.02646	0.07854	0.23256	0.02608	0.01180	0.00686	0.00221	0.00507	0.01008	0.03893	0.00817
9	0.04962	0.00761	0.01039	0.00986	0.01160	0.00732	0.05224	0.01342	0.01340	0.08217	0.07748	0.28401	0.08779	0.10153	0.05510	0.00323	0.00548	0.04334	0.07827	0.00613
10	0.04558	0.02422	0.01328	0.08157	0.03931	0.00987	0.04151	0.03775	0.01231	0.06110	0.01737	0.04591	0.04278	0.01996	0.15759	0.20753	0.04092	0.00670	0.08864	0.00609
11	0.06536	0.01719	0.08832	0.04818	0.14262	0.10351	0.01322	0.08257	0.12218	0.08684	0.01730	0.01859	0.03632	0.00965	0.05111	0.00241	0.00779	0.00581	0.00459	0.07645

[dist]
# distance from previous block
# <min> <max>
11	23

[block]
# block no. 9 follows, 34 sequences, length 18
# corresponding to MSA columns:
# 517-534
name=unknown_J
#
# <colnr> <probs for GDERKNQSTAVLIFYWHMCP>
#	G	D	E	R	K	N	Q	S	T	A	V	L	I	F	Y	W	H	M	C	P
0	0.01266	0.01030	0.01116	0.01150	0.05173	0.07602	0.00788	0.05916	0.01521	0.05484	0.09485	0.28991	0.10657	0.08020	0.00950	0.00252	0.00524	0.02764	0.00548	0.06762
1	0.01406	0.04344	0.14850	0.02244	0.22211	0.01420	0.09709	0.03398	0.03066	0.02094	0.08298	0.01982	0.02920	0.00925	0.04301	0.00237	0.07249	0.00636	0.00373	0.08336
2	0.06640	0.01590	0.01740	0.01389	0.01806	0.01800	0.01139	0.50294	0.05804	0.03471	0.01547	0.01668	0.01162	0.01147	0.07107	0.00273	0.06482	0.00585	0.03374	0.00981
3	0.01831	0.04786	0.17669	0.03852	0.06459	0.11505	0.12364	0.09775	0.09926	0.09100	0.01500	0.01629	0.01106	0.00665	0.00633	0.00193	0.00840	0.00570	0.00434	0.05164
4	0.00996	0.00782	0.01100	0.01263	0.09327	0.00829	0.00800	0.01160	0.01153	0.01593	0.05292	0.14754	0.07140	0.22469	0.24298	0.00585	0.04475	0.00982	0.00424	0.00577
5	0.22565	0.01203	0.01394	0.01107	0.01578	0.01183	0.00912	0.08074	0.04610	0.47752	0.02063	0.01870	0.01351	0.00751	0.00587	0.00200	0.00548	0.00573	0.00682	0.00996
6	0.00976	0.00716	0.00958	0.07545	0.01298	0.00777	0.00742	0.01239	0.04322	0.01669	0.02456	0.17869	0.06391	0.14509	0.26575	0.00566	0.00920	0.00982	0.08921	0.00571
7	0.00964	0.00668	0.00825	0.00802	0.00974	0.00598	0.00595	0.01198	0.01642	0.06173	0.40268	0.16259	0.23658	0.01487	0.00766	0.00216	0.00335	0.01296	0.00669	0.00606
8	0.02317	0.01732	0.01908	0.01590	0.05966	0.01911	0.01235	0.60793	0.07415	0.03824	0.01619	0.01635	0.01168	0.00770	0.00641	0.00194	0.00689	0.00592	0.02925	0.01075
9	0.00922	0.00667	0.00760	0.00753	0.00946	0.00578	0.00558	0.01110	0.01527	0.06102	0.18800	0.16760	0.45022	0.01587	0.00766	0.00221	0.00343	0.01358	0.00633	0.00587
10	0.00951	0.00820	0.00911	0.01006	0.04987	0.04945	0.00678	0.01147	0.01515	0.01939	0.21583	0.25435	0.28594	0.01553	0.00763	0.00223	0.00409	0.01351	0.00596	0.00594
11	0.01524	0.03318	0.04036	0.16722	0.18500	0.11391	0.15561	0.01882	0.01421	0.01838	0.02752	0.04280	0.01178	0.00918	0.04306	0.00249	0.08336	0.00645	0.00330	0.00812
12	0.02086	0.02312	0.01591	0.01523	0.05650	0.48802	0.01089	0.02292	0.01679	0.04994	0.01310	0.01552	0.01072	0.03044	0.00645	0.00177	0.00918	0.00482	0.14201	0.04582
13	0.04457	0.01594	0.07857	0.01406	0.07175	0.08037	0.01104	0.11166	0.01643	0.06935	0.01463	0.07256	0.01246	0.00700	0.00570	0.00156	0.00635	0.00564	0.00443	0.35593
14	0.00979	0.00755	0.00921	0.00926	0.01066	0.00737	0.00673	0.04990	0.01396	0.01863	0.07616	0.37094	0.16458	0.07909	0.01055	0.00268	0.04610	0.04163	0.00559	0.05962
15	0.01477	0.17435	0.31841	0.07711	0.02376	0.05083	0.04072	0.07332	0.01563	0.02104	0.09227	0.01924	0.01536	0.00734	0.00609	0.00193	0.00806	0.02751	0.00368	0.00859
16	0.04137	0.01301	0.04935	0.01772	0.13769	0.03744	0.09168	0.04492	0.04807	0.02024	0.02452	0.17426	0.09915	0.03179	0.00854	0.00229	0.05048	0.04150	0.00456	0.06140
17	0.05223	0.05029	0.05273	0.06966	0.16257	0.10958	0.02700	0.10037	0.08260	0.02233	0.01846	0.09346	0.04389	0.00867	0.00638	0.00198	0.00716	0.03073	0.00441	0.05551

[dist]
# distance from previous block
# <min> <max>
0	24

[block]
# block no. 10 follows, 34 sequences, length 10
# corresponding to MSA columns:
# 559-568
name=unknown_K
#
# <colnr> <probs for GDERKNQSTAVLIFYWHMCP>
#	G	D	E	R	K	N	Q	S	T	A	V	L	I	F	Y	W	H	M	C	P
0	0.06272	0.01491	0.06282	0.05346	0.23892	0.05861	0.04223	0.06678	0.01579	0.04808	0.06020	0.02673	0.06660	0.02232	0.00741	0.00212	0.02378	0.07537	0.00436	0.04679
1	0.01475	0.01195	0.01416	0.02870	0.03530	0.05409	0.03423	0.12596	0.01597	0.04507	0.05350	0.04322	0.03881	0.11718	0.08689	0.00334	0.04384	0.04718	0.03714	0.14870
2	0.06770	0.01258	0.01378	0.01145	0.01552	0.05198	0.00907	0.08362	0.14483	0.27191	0.02211	0.09905	0.01736	0.00881	0.00621	0.00193	0.00550	0.00719	0.04063	0.10876
3	0.01519	0.07347	0.10584	0.09927	0.21681	0.05288	0.11256	0.04333	0.04953	0.02011	0.01460	0.04881	0.01279	0.00773	0.00757	0.00211	0.05853	0.04655	0.00362	0.00871
4	0.06284	0.01588	0.07095	0.23943	0.25833	0.04055	0.05014	0.08457	0.01531	0.02153	0.01253	0.01741	0.01017	0.00686	0.00711	0.00208	0.04528	0.02680	0.00350	0.00872
5	0.00779	0.00650	0.00679	0.00683	0.00885	0.00550	0.00508	0.00952	0.01491	0.01817	0.12433	0.10238	0.62855	0.01630	0.00767	0.00219	0.00328	0.01374	0.00610	0.00550
6	0.13859	0.00932	0.01075	0.00901	0.01240	0.00873	0.00709	0.02070	0.01520	0.30136	0.07820	0.02869	0.10272	0.07946	0.00844	0.00230	0.00470	0.00736	0.10864	0.04633
7	0.01182	0.00735	0.00919	0.00845	0.01042	0.00693	0.00651	0.04070	0.01781	0.08519	0.48812	0.04268	0.07048	0.01201	0.00707	0.00199	0.00352	0.03706	0.12603	0.00665
8	0.05804	0.03445	0.10395	0.13198	0.18173	0.10151	0.01506	0.07340	0.03956	0.05391	0.01350	0.01673	0.01070	0.02536	0.03037	0.00233	0.04532	0.00550	0.04800	0.00858
9	0.00938	0.00672	0.00818	0.00787	0.00968	0.00605	0.00591	0.01175	0.01631	0.05226	0.38952	0.09889	0.29035	0.01609	0.03973	0.00249	0.00390	0.01238	0.00653	0.00601

[dist]
# distance from previous block
# <min> <max>
2	8

[block]
# block no. 11 follows, 34 sequences, length 21
# corresponding to MSA columns:
# 577-597
name=unknown_L
#
# <colnr> <probs for GDERKNQSTAVLIFYWHMCP>
#	G	D	E	R	K	N	Q	S	T	A	V	L	I	F	Y	W	H	M	C	P
0	0.08136	0.13656	0.09446	0.01635	0.11193	0.06608	0.01274	0.12211	0.08724	0.03845	0.06579	0.04421	0.01525	0.00764	0.00630	0.00187	0.02797	0.00595	0.00448	0.05325
1	0.01663	0.08076	0.06714	0.10159	0.08060	0.05716	0.08808	0.15350	0.11366	0.02370	0.01623	0.08214	0.01380	0.00806	0.00691	0.00201	0.03212	0.00685	0.00446	0.04461
2	0.00876	0.00705	0.00874	0.07774	0.01272	0.00676	0.00685	0.01143	0.03962	0.01941	0.20441	0.22491	0.31717	0.01539	0.00763	0.00225	0.00390	0.01338	0.00598	0.00588
3	0.01550	0.03942	0.04666	0.03475	0.01762	0.01057	0.04006	0.05757	0.01491	0.10082	0.01500	0.04574	0.01250	0.00782	0.02901	0.00170	0.00605	0.02442	0.00443	0.47545
4	0.01693	0.13836	0.12996	0.05977	0.14533	0.03241	0.05437	0.07721	0.07505	0.09085	0.07687	0.01874	0.01527	0.00706	0.00614	0.00188	0.00719	0.00597	0.00442	0.03619
5	0.26970	0.15202	0.06075	0.01522	0.08954	0.18878	0.01175	0.05271	0.06680	0.02257	0.01126	0.01271	0.00905	0.00634	0.00512	0.00182	0.00753	0.00433	0.00377	0.00823
6	0.01592	0.05088	0.04821	0.04944	0.01994	0.01893	0.06046	0.08090	0.01298	0.05403	0.01054	0.01481	0.00916	0.00975	0.01621	0.00254	0.50826	0.00571	0.00344	0.00789
7	0.01094	0.00707	0.00842	0.00792	0.01010	0.00618	0.00599	0.01312	0.01622	0.11380	0.28114	0.10949	0.35642	0.01453	0.00753	0.00214	0.00353	0.01244	0.00663	0.00637
8	0.04226	0.03081	0.01475	0.07892	0.11592	0.01106	0.01039	0.09943	0.01676	0.18211	0.04797	0.13050	0.10900	0.01030	0.00661	0.00205	0.00548	0.00877	0.06859	0.00831
9	0.00865	0.00633	0.00823	0.00922	0.01019	0.00585	0.00664	0.01023	0.01314	0.01753	0.06806	0.51578	0.08477	0.04561	0.00900	0.00267	0.00418	0.12287	0.00586	0.04521
10	0.05951	0.04667	0.01892	0.01425	0.01919	0.06819	0.01173	0.53266	0.05527	0.08596	0.01574	0.01564	0.01124	0.00758	0.00623	0.00192	0.00712	0.00562	0.00612	0.01044
11	0.04368	0.03792	0.10280	0.14307	0.06301	0.04274	0.01353	0.19648	0.01805	0.04066	0.03712	0.04828	0.01270	0.00733	0.00637	0.00184	0.02243	0.00586	0.00440	0.15174
