[name]
unknown

[dist]
# distance from previous block
# <min> <max>
0	13

[block]
# block no. 0 follows, 34 sequences, length 36
# corresponding to MSA columns:
# 13-48
name=unknown_A
#
# <colnr> <probs for GDERKNQSTAVLIFYWHMCP>
#	G	D	E	R	K	N	Q	S	T	A	V	L	I	F	Y	W	H	M	C	P
0	0.01640	0.07980	0.09228	0.01473	0.04011	0.13244	0.02652	0.15265	0.03655	0.02276	0.02202	0.07390	0.04364	0.01106	0.00701	0.00222	0.00748	0.20553	0.00491	0.00799
1	0.13548	0.07217	0.16885	0.02749	0.01950	0.04086	0.01310	0.27369	0.03702	0.06315	0.01419	0.01667	0.01099	0.06994	0.00803	0.00229	0.00728	0.00541	0.00476	0.00913
2	0.01871	0.02071	0.09692	0.06527	0.08003	0.21172	0.03575	0.13714	0.10774	0.04139	0.01605	0.03272	0.03010	0.02718	0.00784	0.00211	0.04942	0.00605	0.00439	0.00877
3	0.03409	0.07651	0.05234	0.08350	0.02017	0.14203	0.03291	0.09715	0.20934	0.04552	0.09848	0.02223	0.04173	0.00826	0.00634	0.00197	0.00704	0.00664	0.00510	0.00865
4	0.00924	0.00672	0.00933	0.00931	0.01057	0.00729	0.00711	0.01154	0.01209	0.01732	0.11963	0.05910	0.08221	0.05608	0.48722	0.00755	0.01241	0.00855	0.06097	0.00574
5	0.01046	0.04721	0.16241	0.01026	0.01269	0.00900	0.00924	0.01251	0.01125	0.01533	0.02073	0.10595	0.02268	0.43515	0.02139	0.00450	0.00672	0.07291	0.00400	0.00561
6	0.01566	0.34051	0.25858	0.01597	0.07891	0.01913	0.01563	0.08190	0.01493	0.01982	0.01288	0.07475	0.01150	0.00716	0.00553	0.00179	0.00759	0.00551	0.00339	0.00885
7	0.01739	0.01210	0.01523	0.07385	0.06334	0.01283	0.01132	0.24004	0.05685	0.10691	0.02385	0.16080	0.02246	0.01177	0.00726	0.00230	0.00616	0.14095	0.00597	0.00860
8	0.00787	0.00562	0.00750	0.00900	0.00937	0.00525	0.00600	0.00900	0.01237	0.01649	0.03561	0.76871	0.04274	0.02024	0.00825	0.00262	0.00375	0.01837	0.00600	0.00525
9	0.01602	0.14722	0.01516	0.01024	0.01296	0.11262	0.00839	0.08153	0.03272	0.02229	0.01602	0.01838	0.01289	0.00742	0.00623	0.00167	0.06767	0.00530	0.39799	0.00727
10	0.05126	0.09054	0.53487	0.01713	0.02538	0.01558	0.05786	0.04078	0.01441	0.05626	0.03033	0.01478	0.01003	0.00636	0.00602	0.00199	0.00876	0.00505	0.00330	0.00931
11	0.01199	0.01686	0.19152	0.01807	0.02318	0.01191	0.28077	0.01642	0.01422	0.01949	0.04536	0.20490	0.07892	0.01064	0.00746	0.00227	0.00785	0.02632	0.00421	0.00765
12	0.01415	0.10333	0.41699	0.01948	0.08354	0.01578	0.10958	0.05700	0.01480	0.02082	0.01512	0.04397	0.04296	0.00703	0.00631	0.00201	0.00867	0.00605	0.00331	0.00910
13	0.11887	0.10708	0.06324	0.02092	0.08319	0.01615	0.32499	0.04600	0.01513	0.08074	0.01418	0.01872	0.01127	0.00656	0.00651	0.00205	0.00849	0.04325	0.00392	0.00873
14	0.03325	0.01426	0.01911	0.01521	0.01905	0.05010	0.13362	0.19824	0.05095	0.11567	0.05764	0.04868	0.03856	0.01269	0.08144	0.00293	0.07025	0.00729	0.02234	0.00871
15	0.00910	0.00663	0.00843	0.00936	0.01032	0.00635	0.00669	0.04957	0.01412	0.01868	0.07076	0.56701	0.09785	0.01864	0.00813	0.00255	0.00407	0.07997	0.00607	0.00570
16	0.01583	0.15351	0.11302	0.06759	0.05902	0.09367	0.27402	0.01989	0.01424	0.01835	0.01178	0.03181	0.00976	0.00666	0.00787	0.00203	0.08348	0.00604	0.00311	0.00834
17	0.01581	0.06089	0.25768	0.01387	0.01946	0.01344	0.03167	0.12534	0.05772	0.09925	0.21042	0.02475	0.02454	0.00861	0.00658	0.00200	0.00662	0.00714	0.00527	0.00892
18	0.02319	0.02669	0.01788	0.01582	0.01943	0.54790	0.01208	0.13457	0.08700	0.02098	0.01263	0.01369	0.00999	0.00705	0.00597	0.00175	0.01014	0.00476	0.02019	0.00827
19	0.01194	0.01068	0.01662	0.01435	0.01572	0.01313	0.08977	0.01434	0.01102	0.01660	0.01391	0.02026	0.01266	0.02662	0.33657	0.00596	0.28733	0.00646	0.06947	0.00660
20	0.05578	0.10923	0.21377	0.13225	0.02596	0.08938	0.07298	0.10092	0.09796	0.02230	0.01327	0.01521	0.01001	0.00660	0.00603	0.00196	0.00840	0.00530	0.00380	0.00888
21	0.01508	0.03830	0.05323	0.03178	0.06828	0.13526	0.05172	0.05594	0.01513	0.01983	0.11531	0.05975	0.06241	0.00999	0.01055	0.00219	0.20933	0.00741	0.03106	0.00748
22	0.01625	0.00880	0.01119	0.01031	0.01277	0.00834	0.00776	0.09941	0.01677	0.23568	0.07182	0.38977	0.05501	0.01455	0.00745	0.00231	0.00462	0.01277	0.00672	0.00771
23	0.01608	0.08940	0.02284	0.01897	0.10073	0.10667	0.17362	0.09454	0.06116	0.02144	0.03958	0.12381	0.04333	0.00927	0.00728	0.00208	0.03145	0.02510	0.00442	0.00824
24	0.05803	0.11899	0.20019	0.02005	0.15306	0.11241	0.05376	0.07755	0.03839	0.08885	0.01319	0.01471	0.00995	0.00640	0.00594	0.00188	0.00827	0.00512	0.00391	0.00935
25	0.00991	0.00731	0.00890	0.00890	0.01058	0.00703	0.00662	0.01389	0.09388	0.04078	0.30512	0.23270	0.16638	0.01515	0.00770	0.00227	0.00370	0.04629	0.00654	0.00635
26	0.00838	0.00603	0.00767	0.00854	0.00925	0.00564	0.00587	0.00976	0.01313	0.01749	0.13192	0.46659	0.10526	0.12214	0.01153	0.00302	0.00407	0.05260	0.00586	0.00524
27	0.01778	0.40492	0.07230	0.03439	0.11477	0.11376	0.06168	0.05467	0.03711	0.01841	0.01089	0.01280	0.00915	0.00596	0.00526	0.00165	0.00804	0.00451	0.00323	0.00872
28	0.03776	0.04089	0.01585	0.01276	0.01611	0.09431	0.10298	0.04206	0.12824	0.05671	0.11576	0.05721	0.18827	0.01268	0.04722	0.00252	0.00672	0.00902	0.00535	0.00758
29	0.00798	0.00570	0.00759	0.00893	0.00939	0.00532	0.00601	0.00926	0.01286	0.01727	0.09268	0.70943	0.04424	0.01966	0.00820	0.00258	0.00369	0.01782	0.00609	0.00532
30	0.04180	0.05364	0.21571	0.04315	0.15375	0.03436	0.05198	0.08847	0.04191	0.11387	0.01624	0.02925	0.03487	0.00733	0.00703	0.00203	0.04497	0.00599	0.00425	0.00939
31	0.07543	0.07816	0.15215	0.01617	0.07633	0.07075	0.05947	0.06889	0.09757	0.07454	0.05419	0.11378	0.01763	0.00876	0.00636	0.00204	0.00705	0.00738	0.00468	0.00866
32	0.00790	0.00570	0.00748	0.00884	0.00935	0.00529	0.00594	0.00911	0.01268	0.01683	0.05843	0.70823	0.08071	0.01982	0.00819	0.00258	0.00370	0.01791	0.00603	0.00529
33	0.01537	0.00964	0.01184	0.01115	0.03708	0.00956	0.00824	0.02183	0.19618	0.18686	0.21439	0.11517	0.11208	0.01176	0.00713	0.00214	0.00439	0.01013	0.00680	0.00824
34	0.06278	0.15806	0.13011	0.01439	0.04013	0.22343	0.01275	0.03616	0.03748	0.06978	0.09858	0.02066	0.01705	0.00788	0.00595	0.00186	0.00792	0.04262	0.00425	0.00816
35	0.03763	0.13764	0.21585	0.01445	0.04338	0.09819	0.01388	0.03906	0.07395	0.06673	0.01405	0.03471	0.01117	0.00664	0.00560	0.00171	0.00736	0.00508	0.02443	0.14848

[dist]
# distance from previous block
# <min> <max>
2	8

[block]
# block no. 1 follows, 34 sequences, length 39
# corresponding to MSA columns:
# 62-100
name=unknown_B
#
# <colnr> <probs for GDERKNQSTAVLIFYWHMCP>
#	G	D	E	R	K	N	Q	S	T	A	V	L	I	F	Y	W	H	M	C	P
0	0.06027	0.16469	0.07264	0.01392	0.01875	0.08069	0.01229	0.26457	0.13476	0.05432	0.01495	0.01538	0.01132	0.00739	0.00659	0.00191	0.04572	0.00529	0.00498	0.00955
1	0.01741	0.46239	0.15666	0.01505	0.07690	0.02129	0.01402	0.06571	0.04467	0.05490	0.01169	0.01290	0.00947	0.00606	0.00506	0.00165	0.00731	0.00435	0.00346	0.00907
2	0.01926	0.11520	0.20002	0.01472	0.02054	0.08897	0.03393	0.16572	0.07219	0.12147	0.05790	0.01753	0.01396	0.00728	0.00611	0.00189	0.00760	0.00567	0.00487	0.02519
3	0.01572	0.14870	0.26985	0.04176	0.04800	0.01544	0.03119	0.03099	0.04110	0.11166	0.06138	0.06342	0.01538	0.00812	0.00737	0.00203	0.06858	0.00637	0.00414	0.00880
4	0.11753	0.01143	0.01861	0.01838	0.13823	0.01119	0.18039	0.01634	0.01393	0.04220	0.02435	0.17673	0.09075	0.01061	0.00691	0.00220	0.00641	0.04961	0.05674	0.00745
5	0.04054	0.00956	0.02623	0.01066	0.03102	0.02961	0.00796	0.05946	0.08593	0.02205	0.17885	0.25593	0.14198	0.01448	0.00747	0.00229	0.00454	0.05870	0.00602	0.00673
6	0.04187	0.10036	0.26495	0.03260	0.07815	0.10497	0.06470	0.06963	0.04754	0.09792	0.01354	0.01499	0.01001	0.00661	0.00638	0.00194	0.02545	0.00521	0.00391	0.00927
7	0.01946	0.01208	0.01418	0.01302	0.04815	0.04679	0.00963	0.16463	0.06204	0.24011	0.05116	0.22170	0.02343	0.01245	0.02783	0.00238	0.00598	0.00966	0.00645	0.00887
8	0.00816	0.00585	0.00772	0.00911	0.00964	0.00550	0.00629	0.00943	0.01258	0.01665	0.03598	0.65252	0.06579	0.04734	0.00919	0.00277	0.00403	0.08028	0.00592	0.00527
9	0.05281	0.05997	0.10228	0.09823	0.27422	0.04044	0.06644	0.04289	0.04054	0.08299	0.01320	0.01591	0.01023	0.00666	0.00735	0.00203	0.06518	0.00561	0.00375	0.00925
10	0.04625	0.05436	0.09070	0.06419	0.10614	0.04964	0.01312	0.17365	0.10159	0.09237	0.04913	0.05850	0.04004	0.00856	0.00644	0.00203	0.00677	0.02218	0.00517	0.00918
11	0.00820	0.00592	0.00785	0.00927	0.00988	0.00556	0.00654	0.00961	0.01283	0.01693	0.03692	0.63896	0.07637	0.01972	0.00831	0.00265	0.00402	0.10912	0.00599	0.00535
12	0.01832	0.01618	0.05347	0.17334	0.12766	0.05188	0.04777	0.21635	0.01893	0.07460	0.02861	0.01665	0.01122	0.00705	0.00715	0.00196	0.04781	0.00576	0.00449	0.07078
13	0.07921	0.12084	0.05037	0.04259	0.13861	0.01616	0.03250	0.12652	0.08192	0.11568	0.01764	0.02104	0.03203	0.00798	0.00689	0.00203	0.04390	0.05007	0.00483	0.00919
14	0.06406	0.04222	0.13318	0.01784	0.11209	0.04116	0.10036	0.07492	0.08758	0.03789	0.07842	0.07956	0.06420	0.00988	0.02624	0.00228	0.00727	0.00774	0.00460	0.00849
15	0.01354	0.01228	0.01356	0.03008	0.01425	0.10689	0.02454	0.06806	0.01328	0.01759	0.04721	0.02540	0.01681	0.19541	0.21041	0.00528	0.13984	0.00700	0.03226	0.00632
16	0.10986	0.13937	0.14275	0.08201	0.12697	0.01535	0.01405	0.06139	0.01443	0.06964	0.01251	0.01490	0.00983	0.00908	0.05834	0.00238	0.00782	0.00487	0.00373	0.10073
17	0.04311	0.07389	0.23404	0.06509	0.13674	0.01524	0.05908	0.08109	0.06162	0.07191	0.04590	0.01709	0.01257	0.00669	0.00616	0.00193	0.00762	0.00566	0.00408	0.05048
18	0.00907	0.00673	0.00876	0.00956	0.01012	0.00686	0.00662	0.03598	0.01296	0.01751	0.06406	0.60867	0.03885	0.07018	0.01067	0.00283	0.05315	0.01615	0.00572	0.00553
19	0.01012	0.00837	0.00965	0.01047	0.04386	0.03350	0.00710	0.01392	0.10098	0.01988	0.17915	0.30429	0.16423	0.05332	0.00887	0.00249	0.00427	0.01326	0.00597	0.00631
20	0.08670	0.12332	0.05353	0.07831	0.24068	0.02699	0.01417	0.08655	0.01567	0.03565	0.01835	0.02540	0.05996	0.00840	0.00628	0.00203	0.00693	0.09839	0.00413	0.00856
21	0.02355	0.01930	0.01861	0.01478	0.01953	0.12013	0.01199	0.55890	0.06623	0.03585	0.01676	0.01678	0.03161	0.00791	0.00641	0.00192	0.00752	0.00589	0.00602	0.01030
22	0.01609	0.01262	0.01333	0.01191	0.01492	0.04878	0.00944	0.28160	0.07075	0.02723	0.02925	0.18184	0.11512	0.01277	0.00723	0.00224	0.00574	0.10209	0.02897	0.00806
23	0.01610	0.00917	0.01104	0.00957	0.01273	0.00864	0.00752	0.02110	0.13364	0.24711	0.20623	0.03991	0.22712	0.01172	0.00710	0.00209	0.00422	0.00988	0.00699	0.00814
24	0.01578	0.46576	0.07271	0.06900	0.01882	0.08309	0.01202	0.01841	0.01393	0.01658	0.04346	0.05633	0.01483	0.00789	0.00538	0.00174	0.00722	0.06584	0.00345	0.00777
25	0.00892	0.00676	0.00836	0.00938	0.01030	0.00667	0.00648	0.01231	0.10469	0.01793	0.03634	0.62601	0.08433	0.01850	0.00799	0.00254	0.00390	0.01662	0.00607	0.00591
26	0.01258	0.01179	0.01988	0.62146	0.13771	0.01418	0.01772	0.01672	0.01304	0.01707	0.01187	0.01746	0.00921	0.00844	0.04316	0.00253	0.00891	0.00580	0.00295	0.00753
27	0.01111	0.13831	0.03800	0.01069	0.01294	0.01142	0.03198	0.01347	0.01271	0.01744	0.16299	0.02931	0.04263	0.11417	0.28182	0.00553	0.04734	0.00768	0.00415	0.00632
28	0.08635	0.08646	0.09483	0.01511	0.05055	0.14267	0.05714	0.13310	0.03246	0.08034	0.04750	0.07858	0.05072	0.00850	0.00623	0.00195	0.00743	0.00685	0.00472	0.00851
29	0.01642	0.01716	0.02687	0.03183	0.42706	0.09030	0.15270	0.02002	0.01453	0.01974	0.01162	0.01558	0.00972	0.00654	0.00859	0.00207	0.11091	0.00595	0.00317	0.00923
30	0.01059	0.00824	0.01017	0.00988	0.01147	0.00902	0.00733	0.01606	0.17111	0.01867	0.09632	0.07941	0.07312	0.15011	0.29255	0.00598	0.00951	0.00907	0.00494	0.00645
31	0.02027	0.02242	0.02481	0.05467	0.08842	0.34074	0.21999	0.04389	0.01696	0.06530	0.01229	0.01486	0.00953	0.00647	0.00696	0.00193	0.03278	0.00565	0.00366	0.00840
32	0.01793	0.01064	0.01258	0.01074	0.01412	0.01079	0.00848	0.07174	0.21641	0.22836	0.20490	0.03048	0.05500	0.00980	0.00670	0.00203	0.00461	0.00823	0.06752	0.00895
33	0.01218	0.01056	0.01465	0.36364	0.02746	0.01195	0.01230	0.07980	0.07392	0.02063	0.08586	0.03231	0.20903	0.00999	0.00688	0.00213	0.00629	0.00849	0.00470	0.00723
34	0.01424	0.06586	0.63887	0.01783	0.02669	0.04951	0.02220	0.05487	0.01466	0.02102	0.01160	0.01350	0.00834	0.00622	0.00605	0.00199	0.00941	0.00474	0.00294	0.00947
35	0.02111	0.01332	0.01564	0.01327	0.04326	0.01407	0.01033	0.29095	0.07117	0.20174	0.05413	0.02311	0.06487	0.00881	0.00721	0.00200	0.04593	0.00690	0.08254	0.00963
36	0.01275	0.01439	0.08184	0.14976	0.06309	0.01334	0.28778	0.01714	0.01322	0.01825	0.01391	0.01942	0.01140	0.01868	0.23055	0.00463	0.01216	0.00676	0.00321	0.00770
37	0.01608	0.01332	0.01162	0.01065	0.01316	0.19226	0.00799	0.01805	0.01655	0.14898	0.18323	0.12664	0.15622	0.04612	0.00818	0.00222	0.00592	0.00994	0.00584	0.00701
38	0.01809	0.01615	0.07916	0.01518	0.05884	0.07853	0.03513	0.08138	0.27986	0.13265	0.02293	0.08813	0.03335	0.02205	0.00710	0.00217	0.00649	0.00765	0.00575	0.00940

[dist]
# distance from previous block
# <min> <max>
9	20

[block]
# block no. 2 follows, 34 sequences, length 44
# corresponding to MSA columns:
# 121-164
name=unknown_C
#
# <colnr> <probs for GDERKNQSTAVLIFYWHMCP>
#	G	D	E	R	K	N	Q	S	T	A	V	L	I	F	Y	W	H	M	C	P
0	0.22596	0.16905	0.04112	0.12721	0.10357	0.01692	0.03389	0.10236	0.01507	0.05339	0.01267	0.04947	0.01055	0.00690	0.00545	0.00192	0.00677	0.00536	0.00399	0.00836
1	0.01327	0.15594	0.04307	0.11436	0.03742	0.04381	0.01078	0.03787	0.05992	0.03321	0.11133	0.15033	0.09724	0.01095	0.00742	0.00208	0.04998	0.00901	0.00470	0.00731
2	0.17600	0.08637	0.05388	0.01857	0.07700	0.12995	0.20422	0.04732	0.01486	0.02179	0.01111	0.01371	0.00884	0.00599	0.00621	0.00186	0.02857	0.00515	0.00352	0.08511
3	0.04768	0.10538	0.12133	0.01624	0.06081	0.20207	0.04337	0.11584	0.03869	0.05138	0.01295	0.01584	0.01056	0.05870	0.00820	0.00212	0.03478	0.00520	0.00397	0.04489
4	0.14738	0.01248	0.06052	0.05913	0.04698	0.01108	0.02877	0.03987	0.05747	0.08171	0.11676	0.03664	0.03488	0.00850	0.00686	0.04262	0.00555	0.00636	0.00478	0.19165
5	0.07401	0.21807	0.09281	0.03623	0.09920	0.03836	0.02830	0.19585	0.01795	0.03765	0.01346	0.01486	0.02874	0.00654	0.00555	0.00174	0.00714	0.00498	0.00414	0.07444
6	0.07150	0.09031	0.13947	0.03856	0.02117	0.29454	0.04663	0.10572	0.04000	0.02104	0.01275	0.04476	0.01061	0.00825	0.02580	0.00209	0.00939	0.00534	0.00381	0.00829
7	0.00814	0.00594	0.00777	0.00888	0.00961	0.00557	0.00619	0.00963	0.01315	0.01750	0.10110	0.57025	0.10809	0.02046	0.04322	0.00291	0.00438	0.04582	0.00598	0.00540
8	0.01358	0.01151	0.04507	0.14298	0.07389	0.03049	0.04392	0.07175	0.01444	0.07211	0.02176	0.18134	0.04627	0.13712	0.04723	0.00324	0.00716	0.00938	0.00459	0.02215
9	0.04713	0.09573	0.41495	0.01796	0.02533	0.14521	0.09855	0.04610	0.01510	0.02026	0.01129	0.01338	0.00846	0.00615	0.00601	0.00193	0.00958	0.00487	0.00308	0.00893
10	0.00917	0.00665	0.00953	0.00974	0.01070	0.00745	0.00730	0.01116	0.01071	0.01539	0.02026	0.13027	0.02047	0.10171	0.55513	0.00860	0.01392	0.00868	0.03760	0.00556
11	0.00860	0.00644	0.00783	0.00783	0.00915	0.00598	0.00561	0.01054	0.01471	0.01968	0.30354	0.14389	0.23494	0.12101	0.06829	0.00337	0.00474	0.01242	0.00594	0.00549
12	0.01870	0.04764	0.10685	0.01726	0.10081	0.15334	0.01345	0.08951	0.22385	0.08459	0.01750	0.01814	0.01328	0.00999	0.05420	0.00250	0.00826	0.00585	0.00487	0.00940
13	0.01177	0.01927	0.32147	0.06950	0.02122	0.01192	0.01535	0.01852	0.11168	0.02041	0.08065	0.15297	0.02168	0.01314	0.06414	0.00284	0.00781	0.02327	0.00435	0.00804
14	0.03788	0.00737	0.00874	0.00875	0.01032	0.00728	0.00649	0.01344	0.08430	0.02113	0.26689	0.16748	0.14910	0.07414	0.02692	0.01931	0.00431	0.06135	0.01875	0.00604
15	0.01433	0.06040	0.37672	0.13941	0.09083	0.07688	0.05976	0.01983	0.01408	0.01949	0.01207	0.01501	0.00909	0.00622	0.00608	0.00196	0.00894	0.00515	0.05505	0.00871
16	0.06282	0.13379	0.17227	0.01508	0.02007	0.08915	0.08437	0.06258	0.08347	0.04308	0.01667	0.11415	0.01502	0.00872	0.00679	0.00205	0.03468	0.02268	0.00419	0.00839
17	0.01073	0.00858	0.00928	0.00920	0.01100	0.03401	0.00674	0.10399	0.01629	0.02089	0.10548	0.35036	0.25663	0.01621	0.00767	0.00230	0.00427	0.01406	0.00607	0.00624
18	0.01835	0.02166	0.06196	0.01700	0.02019	0.31092	0.09069	0.07331	0.01574	0.01837	0.01154	0.01513	0.00980	0.01332	0.11141	0.00321	0.17087	0.00541	0.00344	0.00769
19	0.03647	0.01638	0.08223	0.18310	0.12200	0.11503	0.06091	0.07036	0.01547	0.01997	0.01789	0.06797	0.04262	0.04597	0.00802	0.00233	0.00807	0.07347	0.00395	0.00778
20	0.01765	0.27855	0.08719	0.01339	0.03634	0.09798	0.01174	0.06171	0.08570	0.09275	0.01718	0.12716	0.01557	0.00872	0.00611	0.00188	0.02059	0.00682	0.00445	0.00852
21	0.01549	0.01164	0.01482	0.01283	0.01516	0.01304	0.03981	0.20576	0.10457	0.02324	0.01780	0.09100	0.01633	0.01596	0.05817	0.20584	0.08686	0.03966	0.00479	0.00724
22	0.00914	0.00692	0.00987	0.01059	0.01156	0.00678	0.03676	0.01092	0.01302	0.01723	0.03357	0.45921	0.05896	0.06256	0.01018	0.00291	0.02528	0.20330	0.00566	0.00557
23	0.01394	0.05217	0.27005	0.17528	0.13153	0.01462	0.06973	0.02003	0.06280	0.04224	0.04900	0.01918	0.03727	0.00700	0.00643	0.00204	0.00811	0.00614	0.00362	0.00882
24	0.01148	0.01023	0.01470	0.01340	0.01403	0.01345	0.01086	0.01338	0.01016	0.01525	0.01326	0.02023	0.01264	0.03142	0.41436	0.00692	0.35837	0.00634	0.00317	0.00636
25	0.01008	0.00791	0.01026	0.00967	0.01172	0.00751	0.04734	0.01401	0.09620	0.04236	0.18016	0.25010	0.25769	0.01506	0.00765	0.00227	0.00409	0.01328	0.00619	0.00643
26	0.02252	0.02595	0.02050	0.01906	0.08336	0.49442	0.06498	0.12590	0.04561	0.02072	0.01182	0.01349	0.00942	0.00673	0.00613	0.00179	0.01034	0.00492	0.00389	0.00844
27	0.00797	0.00573	0.00758	0.00903	0.00952	0.00535	0.00614	0.00919	0.01256	0.01665	0.03666	0.71333	0.06800	0.02000	0.00825	0.00262	0.00382	0.04631	0.00600	0.00529
28	0.00819	0.00600	0.00769	0.00847	0.00937	0.00550	0.00589	0.00990	0.01426	0.01917	0.22776	0.48833	0.12989	0.01787	0.00800	0.00241	0.00350	0.01599	0.00630	0.00550
29	0.23774	0.02185	0.15282	0.01725	0.08877	0.20123	0.06171	0.04655	0.03708	0.06097	0.01197	0.01360	0.00908	0.00639	0.00565	0.00193	0.00831	0.00477	0.00384	0.00849
30	0.01474	0.05116	0.02149	0.50467	0.08078	0.07983	0.06823	0.01912	0.03571	0.04541	0.01239	0.01674	0.00939	0.00644	0.00638	0.00206	0.00868	0.00571	0.00327	0.00781
31	0.00799	0.00569	0.00756	0.00894	0.00933	0.00538	0.00596	0.00909	0.01216	0.01626	0.03431	0.71048	0.04098	0.05773	0.03220	0.00304	0.00429	0.01758	0.00582	0.00520
32	0.02508	0.01727	0.01888	0.01447	0.01962	0.01880	0.01195	0.63141	0.02899	0.12235	0.01668	0.01627	0.01158	0.00778	0.00647	0.00195	0.00692	0.00590	0.00664	0.01099
33	0.01431	0.07765	0.01353	0.01007	0.01301	0.01121	0.00809	0.15240	0.05421	0.06900	0.41239	0.03654	0.07944	0.01111	0.00697	0.00197	0.00445	0.00940	0.00656	0.00770
34	0.04532	0.47689	0.11839	0.01556	0.09425	0.07606	0.01363	0.06041	0.01468	0.01850	0.01010	0.01177	0.00860	0.00586	0.00489	0.00160	0.00762	0.00406	0.00311	0.00871
35	0.00816	0.00581	0.00773	0.00917	0.00963	0.00548	0.00630	0.00940	0.01247	0.01658	0.03486	0.67770	0.04145	0.05113	0.00932	0.00281	0.00405	0.07679	0.00591	0.00525
36	0.04061	0.05431	0.01291	0.00974	0.01312	0.00994	0.00784	0.08297	0.01771	0.28780	0.18312	0.02904	0.05024	0.04546	0.00754	0.00210	0.00475	0.00767	0.12474	0.00836
37	0.01364	0.12618	0.02166	0.06571	0.30440	0.01444	0.03790	0.01652	0.01337	0.01826	0.04143	0.06481	0.04887	0.04983	0.09256	0.00314	0.04850	0.00710	0.00360	0.00807
38	0.01628	0.01666	0.07127	0.02187	0.08897	0.01449	0.34740	0.08892	0.01633	0.05383	0.01332	0.01616	0.01008	0.00571	0.00662	0.00184	0.00853	0.00620	0.00388	0.19165
39	0.01231	0.00877	0.05160	0.00901	0.01164	0.00687	0.00736	0.01467	0.01569	0.15352	0.19757	0.19153	0.26586	0.01428	0.00746	0.00220	0.00410	0.01231	0.00643	0.00683
40	0.07479	0.08228	0.39145	0.01528	0.02209	0.01473	0.04092	0.08967	0.01569	0.05780	0.07152	0.06554	0.01530	0.00779	0.00618	0.00202	0.00771	0.00630	0.00404	0.00889
41	0.01673	0.04837	0.01360	0.03945	0.01512	0.07543	0.00879	0.13303	0.04803	0.14222	0.12567	0.03524	0.21483	0.03452	0.00764	0.00215	0.00558	0.01967	0.00601	0.00792
42	0.02222	0.01611	0.01997	0.07074	0.02197	0.05878	0.09101	0.34029	0.02240	0.16992	0.01647	0.01798	0.01194	0.04060	0.00820	0.00218	0.03389	0.00617	0.00567	0.02349
43	0.07690	0.44141	0.14841	0.04019	0.02042	0.04668	0.04642	0.07824	0.01479	0.01960	0.01029	0.01199	0.00849	0.00592	0.00497	0.00166	0.00764	0.00418	0.00321	0.00859

[dist]
# distance from previous block
# <min> <max>
1	9

[block]
# block no. 3 follows, 34 sequences, length 18
# corresponding to MSA columns:
# 174-191
name=unknown_D
#
# <colnr> <probs for GDERKNQSTAVLIFYWHMCP>
#	G	D	E	R	K	N	Q	S	T	A	V	L	I	F	Y	W	H	M	C	P
0	0.05212	0.33535	0.04264	0.01469	0.05628	0.28543	0.01195	0.04899	0.01604	0.01813	0.05499	0.01381	0.01176	0.00656	0.00523	0.00162	0.00843	0.00448	0.00346	0.00805
1	0.04043	0.20190	0.09966	0.08426	0.20075	0.15611	0.01557	0.05366	0.01514	0.01911	0.01074	0.01341	0.00891	0.00638	0.00646	0.00183	0.04906	0.00473	0.00320	0.00869
2	0.01361	0.08933	0.09680	0.04423	0.06099	0.06676	0.04834	0.01515	0.04017	0.01570	0.04223	0.01854	0.01270	0.01489	0.03446	0.36390	0.00736	0.00568	0.00324	0.00594
3	0.09950	0.08991	0.09781	0.01582	0.09962	0.13271	0.01240	0.02077	0.03408	0.09174	0.04172	0.03654	0.02401	0.00730	0.00663	0.00181	0.05352	0.00547	0.00412	0.12451
4	0.01431	0.09101	0.05389	0.01043	0.01522	0.01072	0.00887	0.01789	0.05422	0.07870	0.01654	0.10460	0.01504	0.03556	0.02591	0.00185	0.00560	0.00625	0.00441	0.42900
5	0.01520	0.05425	0.04476	0.01249	0.05749	0.01151	0.00981	0.07736	0.04901	0.05157	0.01339	0.01519	0.01077	0.00825	0.05173	0.00186	0.00629	0.00460	0.00420	0.50028
6	0.01564	0.05120	0.08444	0.05318	0.14853	0.05442	0.01232	0.03732	0.01436	0.10059	0.04587	0.06128	0.01606	0.11756	0.01072	0.00249	0.04421	0.00673	0.00425	0.11882
7	0.08206	0.18848	0.25690	0.05238	0.10495	0.01633	0.01563	0.03674	0.04668	0.02142	0.10463	0.01811	0.01581	0.00704	0.00578	0.00189	0.00721	0.00557	0.00374	0.00864
8	0.00819	0.00597	0.00763	0.00872	0.00946	0.00554	0.00606	0.00957	0.01306	0.01718	0.08145	0.53895	0.13290	0.06248	0.00960	0.00276	0.00395	0.06529	0.00594	0.00530
9	0.01430	0.01753	0.15771	0.02209	0.10517	0.01391	0.29826	0.01888	0.01447	0.05665	0.05325	0.06377	0.03469	0.02599	0.02857	0.00249	0.05226	0.00774	0.00383	0.00845
10	0.07146	0.09809	0.09501	0.01674	0.06945	0.04618	0.11851	0.11994	0.06478	0.09312	0.03531	0.03469	0.01293	0.00695	0.00608	0.00186	0.00728	0.00594	0.00458	0.09111
11	0.00988	0.00715	0.00821	0.00799	0.00994	0.00654	0.00594	0.01271	0.06584	0.05544	0.19202	0.13222	0.38061	0.01556	0.00867	0.05295	0.00367	0.01245	0.00617	0.00602
12	0.00835	0.00623	0.00840	0.01014	0.04234	0.00581	0.00656	0.00982	0.01322	0.01769	0.10445	0.61400	0.09162	0.01862	0.00806	0.00250	0.00383	0.01681	0.00598	0.00557
13	0.01587	0.17527	0.30486	0.05225	0.15549	0.05039	0.08051	0.02077	0.01431	0.05505	0.01193	0.01424	0.00914	0.00601	0.00594	0.00189	0.00865	0.00505	0.00317	0.00923
14	0.01880	0.03679	0.08975	0.06333	0.17285	0.06151	0.21404	0.06619	0.03566	0.15400	0.01517	0.01714	0.01104	0.00641	0.00666	0.00201	0.00854	0.00623	0.00434	0.00954
15	0.00904	0.00660	0.00935	0.00960	0.01043	0.00731	0.00704	0.01077	0.01054	0.01483	0.02079	0.14871	0.02170	0.16605	0.50706	0.00843	0.01325	0.00920	0.00395	0.00537
16	0.08224	0.14337	0.13225	0.01439	0.06238	0.08434	0.02803	0.06057	0.03450	0.11388	0.03489	0.01878	0.04271	0.00998	0.05535	0.00241	0.00772	0.00565	0.05805	0.00850
17	0.04341	0.21068	0.16126	0.01391	0.01989	0.01736	0.03790	0.14813	0.06648	0.19598	0.01598	0.01593	0.01142	0.00688	0.00580	0.00186	0.00708	0.00528	0.00500	0.00978

[dist]
# distance from previous block
# <min> <max>
2	6

[block]
# block no. 4 follows, 34 sequences, length 83
# corresponding to MSA columns:
# 198-280
name=unknown_E
#
# <colnr> <probs for GDERKNQSTAVLIFYWHMCP>
#	G	D	E	R	K	N	Q	S	T	A	V	L	I	F	Y	W	H	M	C	P
0	0.04097	0.11578	0.14856	0.01638	0.06326	0.01598	0.09422	0.10322	0.14697	0.06203	0.05184	0.01829	0.01430	0.00704	0.00610	0.00190	0.00703	0.00596	0.02358	0.05660
1	0.01697	0.38578	0.20292	0.03408	0.03984	0.06840	0.01476	0.02113	0.04377	0.05972	0.01152	0.01306	0.00928	0.00638	0.00602	0.00175	0.04821	0.00441	0.00328	0.00875
2	0.01494	0.01103	0.01223	0.04200	0.01503	0.03266	0.00842	0.05351	0.19516	0.11621	0.06557	0.07712	0.18151	0.03792	0.00764	0.00215	0.00501	0.00893	0.00593	0.10702
3	0.01676	0.07240	0.19380	0.11712	0.04261	0.01358	0.02847	0.04866	0.08375	0.16842	0.06491	0.02298	0.03302	0.00914	0.02661	0.00228	0.00734	0.03427	0.00489	0.00898
4	0.08060	0.13714	0.07678	0.04926	0.10789	0.08330	0.05438	0.04344	0.01525	0.07192	0.06774	0.08547	0.06249	0.00889	0.00625	0.00197	0.00694	0.02784	0.00439	0.00806
5	0.00909	0.00646	0.00883	0.00931	0.01043	0.00591	0.02976	0.01068	0.01362	0.04745	0.10850	0.54823	0.13124	0.01802	0.00801	0.00247	0.00393	0.01623	0.00610	0.00572
6	0.01587	0.10236	0.02232	0.34841	0.17507	0.10106	0.03288	0.04045	0.02978	0.03841	0.02644	0.01640	0.01046	0.00648	0.00616	0.00195	0.00832	0.00552	0.00340	0.00826
7	0.08391	0.17380	0.01920	0.06572	0.01848	0.01579	0.01066	0.17297	0.03800	0.24275	0.01915	0.04575	0.03130	0.00810	0.00596	0.00193	0.00622	0.02534	0.00566	0.00933
8	0.03675	0.04625	0.16427	0.18028	0.09778	0.03692	0.28639	0.02000	0.01438	0.03727	0.01233	0.01604	0.00926	0.00594	0.00668	0.00207	0.00944	0.00612	0.00319	0.00865
9	0.00802	0.00588	0.00755	0.00873	0.00947	0.00542	0.00604	0.00940	0.01314	0.01729	0.08013	0.60237	0.13671	0.01921	0.00816	0.00254	0.00373	0.04480	0.00606	0.00535
10	0.01307	0.14997	0.05096	0.03601	0.09366	0.05028	0.06947	0.01628	0.03551	0.01852	0.08657	0.15314	0.02474	0.07191	0.00894	0.00247	0.00661	0.10021	0.00446	0.00720
11	0.08818	0.10486	0.08465	0.18080	0.09825	0.07595	0.14938	0.08394	0.01544	0.02125	0.01153	0.01476	0.00898	0.00629	0.00653	0.00198	0.02991	0.00544	0.00343	0.00847
12	0.00957	0.00682	0.01014	0.01016	0.01107	0.00782	0.00773	0.01101	0.01020	0.01454	0.01729	0.06941	0.01684	0.04194	0.57644	0.13000	0.03279	0.00739	0.00350	0.00532
13	0.00877	0.00653	0.00796	0.00883	0.00970	0.00631	0.00609	0.01113	0.06294	0.01698	0.03691	0.47840	0.13398	0.12391	0.01152	0.00306	0.00425	0.05150	0.00575	0.00548
14	0.01795	0.53422	0.08262	0.01330	0.01872	0.14322	0.04182	0.02119	0.04410	0.01642	0.01025	0.01170	0.00884	0.00589	0.00482	0.00155	0.00798	0.00401	0.00304	0.00835
15	0.01892	0.14660	0.09498	0.03481	0.05496	0.13428	0.22418	0.14588	0.01801	0.04830	0.01258	0.01474	0.00960	0.00626	0.00630	0.00189	0.00917	0.00563	0.00388	0.00905
16	0.00832	0.00716	0.00885	0.00847	0.01065	0.00623	0.04821	0.01023	0.01450	0.01768	0.05662	0.14121	0.55807	0.01625	0.00780	0.00229	0.00398	0.06197	0.00583	0.00566
17	0.01584	0.01519	0.02595	0.06904	0.70444	0.01531	0.01975	0.01969	0.01464	0.02092	0.01213	0.01604	0.01017	0.00579	0.00640	0.00193	0.00771	0.00576	0.00318	0.01011
18	0.01350	0.00833	0.01109	0.01145	0.01346	0.00819	0.00949	0.06635	0.01599	0.11990	0.03192	0.20866	0.03349	0.01624	0.00826	0.00269	0.00551	0.40232	0.00628	0.00687
19	0.08184	0.05521	0.32357	0.01503	0.02159	0.04210	0.01602	0.14373	0.08756	0.10210	0.01568	0.04095	0.01175	0.00734	0.00608	0.00201	0.00765	0.00567	0.00457	0.00955
20	0.01329	0.01285	0.02054	0.60529	0.16438	0.04040	0.01808	0.01742	0.01342	0.01729	0.01155	0.01681	0.00889	0.00634	0.00643	0.00209	0.00856	0.00569	0.00294	0.00773
21	0.02753	0.01067	0.01453	0.01125	0.01599	0.00925	0.00925	0.03007	0.01848	0.68479	0.07725	0.02392	0.01930	0.00838	0.00658	0.00200	0.00532	0.00688	0.00793	0.01064
22	0.01504	0.01537	0.05295	0.18800	0.51934	0.01519	0.06147	0.01921	0.01433	0.02010	0.01205	0.01625	0.00979	0.00590	0.00647	0.00199	0.00814	0.00583	0.00312	0.00948
23	0.00921	0.00676	0.00969	0.00975	0.01067	0.00765	0.00727	0.01106	0.01029	0.01462	0.01855	0.05694	0.01846	0.17452	0.59351	0.00936	0.01485	0.00780	0.00364	0.00542
24	0.08235	0.01288	0.01412	0.01230	0.01577	0.01429	0.00969	0.15004	0.31375	0.10822	0.02457	0.12167	0.04085	0.01014	0.00719	0.00219	0.03622	0.00824	0.00626	0.00925
25	0.00797	0.00589	0.00748	0.00863	0.00941	0.00539	0.00596	0.00933	0.01312	0.01716	0.07018	0.59088	0.16375	0.01918	0.00814	0.00253	0.00371	0.03991	0.00604	0.00534
26	0.01321	0.03180	0.67134	0.01974	0.05540	0.01510	0.06346	0.02045	0.01378	0.02050	0.01170	0.01395	0.00836	0.00608	0.00623	0.00205	0.00956	0.00498	0.00278	0.00953
27	0.02414	0.03079	0.01831	0.01665	0.01998	0.74698	0.01248	0.02580	0.01831	0.01581	0.00999	0.01165	0.00832	0.00666	0.00583	0.00166	0.01165	0.00416	0.00333	0.00749
28	0.01552	0.01661	0.05790	0.12256	0.44774	0.04013	0.16483	0.01984	0.01468	0.02026	0.01217	0.01620	0.00980	0.00582	0.00663	0.00200	0.00868	0.00605	0.00316	0.00942
29	0.01076	0.00913	0.01317	0.01230	0.01305	0.01164	0.00979	0.01270	0.01019	0.01508	0.01469	0.02255	0.01406	0.06481	0.49475	0.00788	0.24745	0.00662	0.00328	0.00610
30	0.01466	0.01137	0.01300	0.01136	0.01440	0.01186	0.02756	0.25051	0.09401	0.02660	0.05952	0.18838	0.20338	0.01309	0.00729	0.00221	0.00515	0.03155	0.00618	0.00792
31	0.00785	0.00570	0.00742	0.00879	0.00932	0.00527	0.00590	0.00902	0.01257	0.01658	0.03816	0.70835	0.10144	0.01991	0.00819	0.00259	0.00371	0.01796	0.00600	0.00527
32	0.01724	0.01724	0.05941	0.13627	0.18390	0.07359	0.27669	0.04300	0.01576	0.09284	0.01365	0.01686	0.01019	0.00612	0.00682	0.00205	0.00919	0.00636	0.00375	0.00906
33	0.06582	0.30920	0.21893	0.06258	0.02144	0.01896	0.01456	0.06263	0.08124	0.04008	0.01243	0.01376	0.00971	0.00626	0.00529	0.00176	0.00734	0.00457	0.00360	0.03983
34	0.03106	0.01396	0.01835	0.05416	0.17532	0.02650	0.03417	0.15911	0.15482	0.04644	0.06312	0.02580	0.04701	0.00906	0.00774	0.00216	0.05633	0.06057	0.00519	0.00912
35	0.00800	0.00569	0.00750	0.00885	0.00924	0.00533	0.00587	0.00911	0.01236	0.01652	0.05430	0.70420	0.04208	0.06577	0.00973	0.00283	0.00388	0.01763	0.00590	0.00519
36	0.03573	0.01562	0.02036	0.11077	0.20324	0.08564	0.06948	0.15315	0.06443	0.02411	0.05344	0.05175	0.04646	0.00812	0.00702	0.00204	0.02835	0.00700	0.00448	0.00882
37	0.01586	0.11446	0.22134	0.01806	0.04919	0.03728	0.15567	0.11073	0.10226	0.02308	0.03270	0.05074	0.02485	0.00741	0.00644	0.00201	0.00812	0.00656	0.00413	0.00912
38	0.00890	0.00608	0.00783	0.00885	0.00975	0.00557	0.00616	0.01027	0.01321	0.04902	0.05638	0.59411	0.13769	0.01890	0.00809	0.00253	0.00382	0.04115	0.00611	0.00558
39	0.02014	0.01997	0.03837	0.01447	0.01844	0.24181	0.01151	0.10180	0.36754	0.06793	0.01964	0.01891	0.01471	0.00788	0.00631	0.00199	0.00750	0.00605	0.00553	0.00949
40	0.01756	0.04071	0.02381	0.07407	0.47534	0.01602	0.01724	0.09610	0.03622	0.07366	0.01350	0.01637	0.01073	0.00659	0.00724	0.00199	0.05319	0.00578	0.00394	0.00993
41	0.01440	0.13263	0.52849	0.01732	0.02554	0.01629	0.06233	0.04850	0.01443	0.03813	0.01261	0.03840	0.00974	0.00659	0.00605	0.00198	0.00888	0.00530	0.00316	0.00928
42	0.00968	0.00662	0.00871	0.00837	0.00986	0.00610	0.00620	0.01244	0.01747	0.05002	0.60736	0.14776	0.05682	0.01400	0.00767	0.00211	0.00323	0.01243	0.00699	0.00615
43	0.02325	0.02210	0.01743	0.01495	0.01893	0.34851	0.01171	0.20578	0.11413	0.10760	0.01626	0.01773	0.01246	0.00779	0.00628	0.00189	0.00868	0.03019	0.00521	0.00911
44	0.01520	0.04704	0.12185	0.09282	0.02309	0.02915	0.13504	0.05665	0.01413	0.09422	0.01448	0.01848	0.01153	0.01752	0.19445	0.00422	0.09205	0.00618	0.00381	0.00808
45	0.01122	0.00561	0.00842	0.00842	0.00842	0.00561	0.00561	0.00842	0.00842	0.01122	0.01122	0.01964	0.01122	0.02245	0.02525	0.81201	0.00561	0.00561	0.00281	0.00281
46	0.01533	0.01340	0.02029	0.50491	0.13017	0.01569	0.01699	0.16447	0.01686	0.02226	0.01243	0.01670	0.00933	0.00664	0.00645	0.00208	0.00817	0.00576	0.00368	0.00839
47	0.06900	0.03970	0.06839	0.08586	0.28443	0.04167	0.16017	0.04866	0.04511	0.03931	0.01531	0.01808	0.04214	0.00655	0.00646	0.00201	0.00810	0.00624	0.00372	0.00909
48	0.01613	0.02710	0.38046	0.08027	0.12106	0.15931	0.06181	0.02147	0.01489	0.04118	0.01186	0.01433	0.00885	0.00623	0.00624	0.00197	0.00960	0.00509	0.00311	0.00904
49	0.01037	0.00596	0.00863	0.00877	0.00911	0.00619	0.00607	0.00942	0.00944	0.01301	0.01573	0.09311	0.01620	0.07330	0.18690	0.48290	0.00805	0.00735	0.02564	0.00386
50	0.01577	0.37586	0.25424	0.01471	0.02119	0.05438	0.05737	0.02107	0.07039	0.01850	0.03345	0.01415	0.01087	0.00626	0.00537	0.00174	0.00795	0.00472	0.00325	0.00877
51	0.02284	0.10417	0.02074	0.01610	0.05099	0.25613	0.01253	0.30917	0.02211	0.06038	0.01291	0.01394	0.00988	0.00729	0.00687	0.00184	0.05301	0.00504	0.00475	0.00929
52	0.00812	0.00638	0.00740	0.00790	0.00944	0.00565	0.00586	0.00989	0.01446	0.01827	0.12564	0.25961	0.40076	0.01725	0.00793	0.00236	0.00363	0.07781	0.00611	0.00551
53	0.01296	0.03342	0.73944	0.01842	0.02797	0.01501	0.02387	0.02046	0.01364	0.02046	0.01160	0.01364	0.00818	0.00614	0.00614	0.00205	0.00955	0.00477	0.00273	0.00955
54	0.06575	0.09218	0.01687	0.01368	0.01700	0.26690	0.01109	0.12287	0.06847	0.02190	0.01866	0.05497	0.01775	0.01005	0.00655	0.00209	0.00798	0.17270	0.00475	0.00779
55	0.01069	0.00804	0.00978	0.01024	0.01178	0.00821	0.00772	0.05269	0.12362	0.02007	0.04885	0.36852	0.09967	0.01691	0.00865	0.03593	0.00458	0.14165	0.00600	0.00640
56	0.00953	0.00681	0.00941	0.01090	0.01200	0.00668	0.00889	0.01187	0.01401	0.01835	0.03470	0.31328	0.03910	0.01868	0.00869	0.00285	0.00519	0.45739	0.00597	0.00571
57	0.00940	0.00626	0.00705	0.00705	0.00705	0.00626	0.00392	0.00940	0.00940	0.01253	0.02036	0.04228	0.02349	0.77292	0.03289	0.00626	0.00626	0.00940	0.00392	0.00392
58	0.78487	0.01273	0.00992	0.00877	0.01282	0.01473	0.00722	0.04836	0.01182	0.02949	0.00927	0.01071	0.00717	0.00607	0.00410	0.00200	0.00509	0.00360	0.00410	0.00717
59	0.04643	0.57410	0.09763	0.04539	0.01907	0.09186	0.01256	0.01992	0.01358	0.01632	0.00944	0.01111	0.00825	0.00575	0.00459	0.00153	0.00761	0.00375	0.00286	0.00824
60	0.32752	0.15180	0.01750	0.01145	0.01605	0.06413	0.00969	0.18489	0.04301	0.10004	0.01290	0.01339	0.00963	0.00667	0.00507	0.00186	0.00632	0.00452	0.00482	0.00873
61	0.01766	0.01315	0.03107	0.01179	0.01720	0.01129	0.03476	0.11887	0.01660	0.14175	0.01431	0.01530	0.01077	0.00607	0.00614	0.00142	0.03761	0.00479	0.00481	0.48464
62	0.01927	0.03853	0.01909	0.06168	0.03941	0.29970	0.01322	0.06278	0.07451	0.04189	0.01182	0.01450	0.00981	0.00840	0.01099	0.00215	0.25535	0.00521	0.00373	0.00798
63	0.02420	0.01792	0.01919	0.01479	0.01990	0.01987	0.01219	0.68236	0.05968	0.04014	0.01597	0.01588	0.01136	0.00780	0.00647	0.00195	0.00703	0.00588	0.00647	0.01096
64	0.00882	0.00671	0.00833	0.00927	0.01077	0.00622	0.00740	0.01090	0.01428	0.01802	0.04623	0.21913	0.29818	0.01781	0.00830	0.00260	0.00447	0.29099	0.00598	0.00561
65	0.01453	0.01273	0.02080	0.19176	0.39753	0.01334	0.01656	0.01867	0.03989	0.05039	0.04230	0.06814	0.01638	0.00821	0.00677	0.00211	0.00716	0.05995	0.00398	0.00880
66	0.04206	0.01667	0.02466	0.09738	0.40164	0.06673	0.09169	0.13776	0.01741	0.02386	0.01252	0.01571	0.00994	0.00620	0.00643	0.00196	0.00821	0.00579	0.00377	0.00963
67	0.01069	0.00807	0.01031	0.01120	0.01277	0.00835	0.00902	0.01592	0.14165	0.02018	0.05801	0.25327	0.03640	0.01670	0.00827	0.00270	0.00509	0.35873	0.00612	0.00653
68	0.00820	0.00603	0.00760	0.00863	0.00946	0.00557	0.00604	0.00960	0.01314	0.01717	0.07825	0.50371	0.16341	0.06470	0.00966	0.00276	0.00396	0.07088	0.00593	0.00531
69	0.01538	0.01559	0.03089	0.06810	0.08655	0.01581	0.44535	0.01971	0.01434	0.05749	0.01385	0.04890	0.01130	0.00714	0.00939	0.00226	0.11844	0.00747	0.00354	0.00848
70	0.01971	0.05413	0.06460	0.07432	0.19384	0.27294	0.01505	0.12457	0.07917	0.02203	0.01290	0.01481	0.01017	0.00669	0.00612	0.00186	0.00891	0.00518	0.00395	0.00904
71	0.01078	0.00803	0.00872	0.00821	0.01038	0.03909	0.00628	0.01311	0.01664	0.07840	0.32891	0.05141	0.34588	0.01403	0.00750	0.00211	0.00382	0.03394	0.00649	0.00627
72	0.01523	0.35410	0.32316	0.01598	0.02319	0.01979	0.09463	0.02059	0.04357	0.01848	0.01125	0.01309	0.00890	0.00591	0.00546	0.00178	0.00836	0.00463	0.00297	0.00894
73	0.01928	0.03907	0.03784	0.01948	0.16081	0.06688	0.04410	0.31519	0.08642	0.02958	0.06631	0.03766	0.03199	0.00805	0.00654	0.00197	0.00712	0.00671	0.00529	0.00971
74	0.00868	0.00650	0.00818	0.00922	0.01023	0.00622	0.00665	0.01119	0.05491	0.01792	0.06191	0.51046	0.14129	0.01847	0.00813	0.00256	0.00402	0.10170	0.00606	0.00569
75	0.01545	0.01402	0.02371	0.24993	0.49797	0.01480	0.01881	0.01937	0.01435	0.05160	0.01255	0.01662	0.01001	0.00606	0.00642	0.00199	0.00786	0.00579	0.00332	0.00937
76	0.01935	0.01644	0.10723	0.01468	0.04095	0.03938	0.06035	0.18852	0.03610	0.16951	0.04124	0.05025	0.01480	0.02876	0.00705	0.00196	0.00679	0.00642	0.00536	0.14486
77	0.01563	0.01660	0.12070	0.04635	0.32501	0.01430	0.06585	0.09557	0.05470	0.04513	0.01699	0.12227	0.01523	0.00830	0.00673	0.00208	0.00737	0.00764	0.00422	0.00935
78	0.00948	0.00629	0.00799	0.00874	0.00989	0.00570	0.00617	0.01095	0.01362	0.06923	0.07027	0.52044	0.17950	0.01821	0.00799	0.00248	0.00382	0.03729	0.00619	0.00576
79	0.01646	0.08714	0.13602	0.01689	0.08949	0.08817	0.06727	0.07900	0.08425	0.06245	0.04395	0.05007	0.05669	0.00816	0.00636	0.00192	0.00731	0.02591	0.00451	0.06800
80	0.07786	0.07618	0.07388	0.08097	0.02114	0.01508	0.08123	0.16976	0.08700	0.09924	0.05668	0.06167	0.03058	0.00819	0.00633	0.00200	0.00671	0.00689	0.00514	0.03345
81	0.01721	0.04050	0.26927	0.01770	0.08796	0.05907	0.04464	0.13429	0.03889	0.08102	0.03998	0.02983	0.01255	0.00695	0.00620	0.00188	0.00780	0.00569	0.00431	0.09426
82	0.02004	0.11794	0.08224	0.01665	0.09792	0.10238	0.03555	0.17810	0.04118	0.13557	0.03779	0.01940	0.05748	0.00760	0.00617	0.00187	0.00731	0.00604	0.00500	0.02377

[dist]
# distance from previous block
# <min> <max>
0	21

# created by:
# /home/berkeley/.conda/envs/busco_data_prod/bin/msa2prfl.pl pipeline/OGs_align_augustus/4893/6699.fs
