[name]
unknown

[dist]
# distance from previous block
# <min> <max>
0	65

[block]
# block no. 0 follows, 34 sequences, length 42
# corresponding to MSA columns:
# 65-106
name=unknown_A
#
# <colnr> <probs for GDERKNQSTAVLIFYWHMCP>
#	G	D	E	R	K	N	Q	S	T	A	V	L	I	F	Y	W	H	M	C	P
0	0.02695	0.01116	0.01487	0.01177	0.01645	0.01004	0.00978	0.07695	0.01898	0.62186	0.02561	0.02629	0.01762	0.00890	0.00672	0.00209	0.00565	0.07010	0.00770	0.01053
1	0.01381	0.01384	0.01994	0.56794	0.10352	0.08315	0.01733	0.01761	0.01337	0.01680	0.01119	0.01637	0.00873	0.00677	0.00748	0.00214	0.06403	0.00559	0.00294	0.00748
2	0.00842	0.00723	0.00730	0.00716	0.00948	0.00644	0.00541	0.01161	0.08057	0.01835	0.06180	0.05863	0.66377	0.01566	0.00754	0.00218	0.00344	0.01305	0.00605	0.00590
3	0.02339	0.01811	0.04837	0.01434	0.01920	0.08521	0.01199	0.44260	0.07680	0.13606	0.01785	0.04622	0.01323	0.00818	0.00647	0.00197	0.00713	0.00632	0.00622	0.01032
4	0.01365	0.01171	0.01351	0.00990	0.01545	0.00931	0.00790	0.01795	0.07937	0.02161	0.01287	0.01440	0.01052	0.00516	0.00495	0.00107	0.00482	0.00415	0.00408	0.73763
5	0.01621	0.33461	0.38404	0.01477	0.02225	0.01880	0.01730	0.02104	0.01388	0.08513	0.01183	0.01308	0.00896	0.00606	0.00536	0.00177	0.00809	0.00440	0.00323	0.00917
6	0.00785	0.00572	0.00740	0.00875	0.00931	0.00527	0.00589	0.00903	0.01261	0.01659	0.03866	0.69661	0.11286	0.01985	0.00818	0.00258	0.00370	0.01789	0.00600	0.00527
7	0.02247	0.01719	0.02042	0.01568	0.02067	0.01880	0.07693	0.58363	0.04467	0.03681	0.01567	0.01656	0.01144	0.01027	0.05570	0.00253	0.00809	0.00610	0.00597	0.01041
8	0.00884	0.00696	0.01060	0.01084	0.01197	0.00654	0.07191	0.01055	0.01292	0.01712	0.03430	0.58036	0.06842	0.03652	0.00882	0.00269	0.00468	0.08467	0.00569	0.00562
9	0.01544	0.08823	0.03773	0.02572	0.03217	0.01720	0.64406	0.02057	0.01505	0.02018	0.01269	0.01677	0.00966	0.00545	0.00730	0.00210	0.01052	0.00724	0.00322	0.00868
10	0.01248	0.01177	0.01988	0.70473	0.09500	0.01443	0.01808	0.01675	0.01305	0.01685	0.01153	0.01714	0.00873	0.00641	0.00646	0.00214	0.00854	0.00574	0.00290	0.00740
11	0.01380	0.01364	0.01914	0.01651	0.01659	0.01898	0.01372	0.01527	0.00993	0.01551	0.00909	0.01492	0.00901	0.01389	0.07158	0.00335	0.70950	0.00574	0.00287	0.00698
12	0.00787	0.00562	0.00750	0.00900	0.00937	0.00525	0.00600	0.00900	0.01237	0.01649	0.03561	0.76871	0.04274	0.02024	0.00825	0.00262	0.00375	0.01837	0.00600	0.00525
13	0.02430	0.01705	0.01860	0.01435	0.01928	0.01866	0.01179	0.63194	0.02858	0.08934	0.01604	0.01616	0.01136	0.00841	0.00728	0.03704	0.00693	0.00586	0.00642	0.01063
14	0.00844	0.00620	0.00799	0.00928	0.00989	0.00600	0.00629	0.01075	0.06153	0.01723	0.03497	0.71705	0.04114	0.01945	0.00813	0.00259	0.00384	0.01760	0.00604	0.00559
15	0.63364	0.01626	0.12783	0.01054	0.01551	0.01496	0.01008	0.06724	0.01277	0.02843	0.00987	0.01135	0.00747	0.00614	0.00451	0.00200	0.00588	0.00387	0.00396	0.00769
16	0.00947	0.00744	0.00832	0.00845	0.00996	0.00730	0.00595	0.01345	0.12721	0.01842	0.08582	0.23814	0.26661	0.14945	0.01208	0.00301	0.00421	0.01299	0.00580	0.00594
17	0.01220	0.01148	0.01938	0.75739	0.04450	0.01436	0.01794	0.01651	0.01292	0.01651	0.01148	0.01723	0.00861	0.00646	0.00646	0.00215	0.00861	0.00574	0.00287	0.00718
18	0.01390	0.01178	0.01367	0.00981	0.01553	0.00913	0.00786	0.04754	0.01416	0.02194	0.01167	0.01349	0.00963	0.00492	0.00486	0.00100	0.00489	0.00392	0.00395	0.77635
19	0.01896	0.06980	0.01500	0.01115	0.01475	0.06524	0.00908	0.33282	0.02151	0.03043	0.01689	0.01832	0.01285	0.00742	0.00547	0.00170	0.00576	0.00561	0.32869	0.00855
20	0.01190	0.00864	0.01037	0.01041	0.01195	0.00882	0.00752	0.17855	0.01672	0.02235	0.03076	0.58681	0.03507	0.01723	0.00782	0.00246	0.00456	0.01534	0.00611	0.00663
21	0.01247	0.01176	0.01986	0.70689	0.09292	0.01443	0.01808	0.01674	0.01305	0.01683	0.01153	0.01714	0.00873	0.00641	0.00646	0.00214	0.00855	0.00574	0.00289	0.00739
22	0.27389	0.01362	0.01700	0.09519	0.18632	0.01455	0.01242	0.12604	0.01645	0.16470	0.01417	0.01547	0.01027	0.00664	0.00567	0.00199	0.00642	0.00519	0.00484	0.00915
23	0.01002	0.00700	0.00816	0.00781	0.00848	0.00694	0.00486	0.02827	0.01041	0.01423	0.01974	0.05896	0.02201	0.60648	0.09688	0.00605	0.00715	0.00892	0.00399	0.06364
24	0.01354	0.08560	0.62641	0.01743	0.02619	0.01586	0.02178	0.02157	0.07403	0.02064	0.01266	0.01430	0.00918	0.00632	0.00603	0.00201	0.00898	0.00490	0.00306	0.00952
25	0.01296	0.03342	0.73944	0.01842	0.02797	0.01501	0.02387	0.02046	0.01364	0.02046	0.01160	0.01364	0.00818	0.00614	0.00614	0.00205	0.00955	0.00477	0.00273	0.00955
26	0.00940	0.00626	0.00705	0.00705	0.00705	0.00626	0.00392	0.00940	0.00940	0.01253	0.02036	0.04228	0.02349	0.77292	0.03289	0.00626	0.00626	0.00940	0.00392	0.00392
27	0.01220	0.01148	0.01938	0.75739	0.04450	0.01436	0.01794	0.01651	0.01292	0.01651	0.01148	0.01723	0.00861	0.00646	0.00646	0.00215	0.00861	0.00574	0.00287	0.00718
28	0.01779	0.52389	0.14694	0.01311	0.01905	0.09627	0.01339	0.07094	0.01500	0.01800	0.00999	0.01141	0.00848	0.00591	0.00481	0.00156	0.00784	0.00392	0.00309	0.00862
29	0.00888	0.00659	0.00827	0.00785	0.00949	0.00598	0.00589	0.01168	0.01766	0.02442	0.61258	0.05071	0.17852	0.01376	0.00762	0.00206	0.00309	0.01203	0.00692	0.00598
30	0.04989	0.01915	0.15874	0.01680	0.04816	0.10003	0.07851	0.05164	0.12651	0.05587	0.01743	0.08727	0.02785	0.00899	0.00878	0.00220	0.12228	0.00705	0.00433	0.00853
31	0.00918	0.00748	0.00789	0.00762	0.00985	0.00678	0.00574	0.06149	0.03140	0.01985	0.10231	0.11873	0.55727	0.01570	0.00758	0.00219	0.00362	0.01321	0.00612	0.00599
32	0.02060	0.07586	0.15438	0.01546	0.02051	0.29555	0.01400	0.22248	0.02059	0.02462	0.06460	0.01575	0.01293	0.00728	0.00609	0.00182	0.00899	0.00526	0.00437	0.00884
33	0.01745	0.28542	0.17328	0.01769	0.08778	0.14158	0.07237	0.02232	0.07141	0.03614	0.01212	0.01375	0.00969	0.00618	0.00559	0.00176	0.00847	0.00479	0.00337	0.00885
34	0.39129	0.18055	0.09584	0.01186	0.01664	0.17370	0.01086	0.02069	0.01330	0.02232	0.00949	0.01106	0.00768	0.00606	0.00465	0.00180	0.00732	0.00377	0.00346	0.00765
35	0.05347	0.04630	0.03598	0.05183	0.10389	0.22834	0.03295	0.11906	0.14280	0.02277	0.01587	0.07090	0.01347	0.00806	0.00661	0.00198	0.02620	0.00635	0.00448	0.00869
36	0.00794	0.00600	0.00734	0.00818	0.00921	0.00540	0.00569	0.00943	0.01371	0.01780	0.11985	0.48090	0.24850	0.01833	0.00800	0.00243	0.00353	0.01624	0.00612	0.00540
37	0.02328	0.01729	0.01852	0.01442	0.01927	0.01918	0.01179	0.62915	0.08503	0.03851	0.01657	0.01725	0.01218	0.03789	0.00751	0.00213	0.00692	0.00608	0.00637	0.01065
38	0.01264	0.04569	0.01873	0.56191	0.03631	0.01465	0.01584	0.01638	0.01264	0.01710	0.01199	0.01725	0.00939	0.00709	0.00787	0.00213	0.09540	0.00566	0.08424	0.00710
39	0.03502	0.04263	0.01229	0.03677	0.01331	0.00973	0.00850	0.01390	0.01122	0.06748	0.01672	0.02425	0.01530	0.10173	0.48670	0.00775	0.04512	0.00663	0.00378	0.04118
40	0.09434	0.01629	0.01688	0.01486	0.06505	0.08027	0.01119	0.38637	0.02343	0.09561	0.05817	0.05146	0.04039	0.00854	0.00637	0.00197	0.00670	0.00667	0.00588	0.00955
41	0.08714	0.12857	0.08617	0.04772	0.05663	0.03251	0.10518	0.06615	0.05316	0.15270	0.06267	0.03220	0.01485	0.00721	0.00607	0.00191	0.00700	0.00611	0.00476	0.04130

[dist]
# distance from previous block
# <min> <max>
0	10

[block]
# block no. 1 follows, 34 sequences, length 34
# corresponding to MSA columns:
# 117-150
name=unknown_B
#
# <colnr> <probs for GDERKNQSTAVLIFYWHMCP>
#	G	D	E	R	K	N	Q	S	T	A	V	L	I	F	Y	W	H	M	C	P
0	0.01914	0.19495	0.04307	0.04729	0.07695	0.14909	0.01253	0.05352	0.07195	0.12203	0.04486	0.01820	0.01369	0.00774	0.00730	0.00192	0.07750	0.02519	0.00441	0.00868
1	0.04767	0.01755	0.04865	0.01542	0.07077	0.14860	0.01168	0.09944	0.25533	0.12133	0.04891	0.01965	0.01585	0.00775	0.00626	0.00195	0.00686	0.00614	0.00555	0.04466
2	0.15499	0.12262	0.07553	0.01585	0.08046	0.06770	0.02668	0.24255	0.10563	0.02820	0.01382	0.01469	0.01053	0.00686	0.00569	0.00190	0.00710	0.00512	0.00470	0.00939
3	0.02334	0.02836	0.01919	0.01886	0.09216	0.62314	0.01321	0.07209	0.01877	0.01805	0.01059	0.01236	0.00870	0.00664	0.00593	0.00171	0.01094	0.00444	0.00353	0.00801
4	0.06198	0.10905	0.05309	0.01656	0.02090	0.45289	0.08304	0.07611	0.03406	0.01926	0.01101	0.01271	0.00886	0.00649	0.00581	0.00175	0.01013	0.00463	0.00358	0.00810
5	0.05183	0.00688	0.00713	0.00697	0.00912	0.00607	0.00526	0.01039	0.01525	0.01980	0.19780	0.05655	0.55440	0.01516	0.00744	0.00214	0.00332	0.01269	0.00612	0.00567
6	0.00780	0.00592	0.00719	0.00821	0.00916	0.00531	0.00565	0.00909	0.01313	0.01680	0.04520	0.54178	0.26347	0.01900	0.00805	0.00248	0.00360	0.01685	0.00600	0.00531
7	0.81856	0.01250	0.00950	0.00850	0.01250	0.01449	0.00700	0.01899	0.01100	0.02899	0.00900	0.01050	0.00700	0.00600	0.00400	0.00200	0.00500	0.00350	0.00400	0.00700
8	0.02334	0.01704	0.01825	0.01413	0.01891	0.01881	0.01157	0.64925	0.02870	0.03873	0.01597	0.01709	0.01179	0.04199	0.00756	0.00211	0.00689	0.00599	0.04142	0.01045
9	0.02297	0.02663	0.01721	0.01534	0.01872	0.57708	0.01165	0.11413	0.01940	0.01990	0.01183	0.01342	0.00951	0.00689	0.00578	0.00168	0.01018	0.00457	0.08532	0.00780
10	0.00899	0.00657	0.00844	0.00803	0.00957	0.00602	0.00600	0.01186	0.01782	0.02494	0.65474	0.07269	0.11279	0.01368	0.00764	0.00206	0.00309	0.01205	0.00699	0.00602
11	0.00800	0.00572	0.00761	0.00891	0.00940	0.00533	0.00601	0.00931	0.01295	0.01742	0.10365	0.69804	0.04452	0.01955	0.00819	0.00257	0.00368	0.01771	0.00611	0.00533
12	0.01536	0.01471	0.02509	0.15839	0.61879	0.01519	0.01952	0.01928	0.01442	0.02035	0.01204	0.01620	0.00997	0.00587	0.00641	0.00196	0.00783	0.00575	0.00314	0.00973
13	0.02067	0.01462	0.01773	0.01379	0.01818	0.01559	0.08081	0.40963	0.05195	0.07882	0.01762	0.01845	0.01283	0.00753	0.00614	0.00188	0.00636	0.00615	0.19168	0.00958
14	0.81856	0.01250	0.00950	0.00850	0.01250	0.01449	0.00700	0.01899	0.01100	0.02899	0.00900	0.01050	0.00700	0.00600	0.00400	0.00200	0.00500	0.00350	0.00400	0.00700
15	0.01817	0.14512	0.08833	0.02671	0.36072	0.14598	0.01675	0.08568	0.01646	0.02099	0.01152	0.01405	0.00947	0.00610	0.00591	0.00180	0.00836	0.00502	0.00341	0.00944
16	0.01501	0.01274	0.01374	0.01256	0.01586	0.01452	0.00982	0.03077	0.60519	0.02643	0.09799	0.02963	0.02500	0.00979	0.00683	0.00222	0.00496	0.05080	0.00659	0.00954
17	0.00946	0.00676	0.00777	0.00784	0.00863	0.00662	0.00524	0.01102	0.03838	0.01586	0.09517	0.04874	0.14069	0.46910	0.02286	0.00470	0.00541	0.08605	0.00487	0.00483
18	0.00990	0.00674	0.00839	0.00787	0.00965	0.00613	0.00594	0.01269	0.01741	0.05382	0.54475	0.04797	0.16780	0.01316	0.00738	0.00202	0.00318	0.01144	0.05759	0.00619
19	0.00850	0.00689	0.00760	0.00752	0.00951	0.00615	0.00568	0.01126	0.04714	0.02004	0.22809	0.08387	0.48030	0.01543	0.00765	0.00219	0.00341	0.03664	0.00630	0.00584
20	0.01607	0.01388	0.01461	0.01315	0.01680	0.01607	0.01023	0.03433	0.72094	0.02703	0.02630	0.02411	0.01972	0.00877	0.00657	0.00219	0.00511	0.00731	0.00657	0.01023
21	0.02034	0.01637	0.01934	0.01666	0.06461	0.01827	0.04991	0.38288	0.24636	0.03287	0.01825	0.01830	0.01353	0.00799	0.00725	0.00207	0.04228	0.00637	0.00595	0.01039
22	0.00764	0.00655	0.00655	0.00655	0.00873	0.00545	0.00491	0.00927	0.01473	0.01745	0.06546	0.06218	0.73000	0.01636	0.00764	0.00218	0.00327	0.01364	0.00600	0.00545
23	0.01582	0.01359	0.01442	0.01309	0.01665	0.01569	0.01024	0.03340	0.68955	0.02669	0.02665	0.02628	0.02050	0.00917	0.00668	0.00223	0.00515	0.03762	0.00655	0.01004
24	0.75415	0.01237	0.00995	0.00874	0.01282	0.01409	0.00720	0.02001	0.01161	0.08676	0.01034	0.01143	0.00773	0.00616	0.00420	0.00200	0.00504	0.00374	0.00432	0.00732
25	0.70166	0.01312	0.01083	0.00934	0.01351	0.01501	0.00770	0.10178	0.01352	0.05042	0.01024	0.01142	0.00773	0.00626	0.00436	0.00199	0.00526	0.00386	0.00441	0.00759
26	0.00804	0.00658	0.00711	0.00705	0.00907	0.00565	0.00533	0.01002	0.01550	0.01933	0.20729	0.05951	0.56536	0.01573	0.00767	0.00217	0.00330	0.03343	0.00624	0.00561
27	0.00833	0.00657	0.00751	0.00728	0.00916	0.00575	0.00546	0.01062	0.01638	0.02137	0.37248	0.05575	0.42053	0.01490	0.00763	0.00211	0.00317	0.01273	0.00651	0.00575
28	0.01296	0.03342	0.73944	0.01842	0.02797	0.01501	0.02387	0.02046	0.01364	0.02046	0.01160	0.01364	0.00818	0.00614	0.00614	0.00205	0.00955	0.00477	0.00273	0.00955
29	0.01518	0.30040	0.40990	0.01528	0.02270	0.07251	0.01784	0.02012	0.01383	0.01813	0.01215	0.01377	0.02991	0.00626	0.00544	0.00178	0.00856	0.00452	0.00288	0.00882
30	0.01751	0.01483	0.01379	0.01245	0.01558	0.14514	0.00966	0.07761	0.25768	0.10003	0.04168	0.06290	0.07309	0.05845	0.00847	0.00240	0.00640	0.06804	0.00585	0.00843
31	0.01271	0.01287	0.09073	0.01255	0.01571	0.02439	0.05692	0.08937	0.13992	0.02294	0.13444	0.22648	0.05093	0.03550	0.02770	0.00258	0.00594	0.02513	0.00561	0.00758
32	0.01649	0.01154	0.01316	0.01073	0.01475	0.02974	0.00844	0.10568	0.08895	0.13869	0.12361	0.09907	0.04399	0.00925	0.00632	0.00175	0.00500	0.00777	0.00585	0.25921
33	0.01944	0.04635	0.04455	0.01236	0.01634	0.07907	0.01029	0.23807	0.04744	0.15208	0.14932	0.05921	0.05457	0.01074	0.02868	0.00223	0.00649	0.00773	0.00614	0.00893

[dist]
# distance from previous block
# <min> <max>
5	18

[block]
# block no. 2 follows, 34 sequences, length 19
# corresponding to MSA columns:
# 174-192
name=unknown_C
#
# <colnr> <probs for GDERKNQSTAVLIFYWHMCP>
#	G	D	E	R	K	N	Q	S	T	A	V	L	I	F	Y	W	H	M	C	P
0	0.15178	0.08907	0.15045	0.08304	0.17691	0.01546	0.07009	0.05252	0.01474	0.08434	0.02745	0.01544	0.01054	0.00630	0.00584	0.00193	0.00744	0.00528	0.00385	0.02752
1	0.05586	0.03036	0.10637	0.26132	0.06546	0.06106	0.01511	0.05871	0.13514	0.09973	0.01544	0.01742	0.01136	0.00714	0.00671	0.00208	0.03188	0.00572	0.00433	0.00879
2	0.05303	0.36513	0.02562	0.01639	0.12621	0.12946	0.01220	0.07323	0.03300	0.01932	0.01106	0.01300	0.00946	0.00795	0.03937	0.00199	0.00800	0.00437	0.00343	0.04776
3	0.05112	0.14741	0.12212	0.14186	0.05409	0.03263	0.04332	0.04821	0.05899	0.10373	0.03159	0.01990	0.05714	0.00974	0.04914	0.00243	0.00784	0.00603	0.00421	0.00848
4	0.00985	0.00839	0.04393	0.04658	0.04561	0.00707	0.00794	0.01222	0.01491	0.05033	0.20868	0.26196	0.22823	0.01494	0.00758	0.00225	0.00422	0.01310	0.00592	0.00629
5	0.05200	0.01851	0.08275	0.01522	0.05359	0.11872	0.01247	0.26735	0.07810	0.15258	0.01682	0.01714	0.01214	0.00915	0.03791	0.00229	0.00779	0.00569	0.03005	0.00974
6	0.01624	0.08879	0.14426	0.06231	0.27457	0.11048	0.12491	0.02036	0.01455	0.01916	0.01138	0.01471	0.00922	0.00625	0.00720	0.00197	0.05609	0.00547	0.00307	0.00901
7	0.01164	0.01026	0.01095	0.01061	0.01180	0.10731	0.00791	0.01342	0.01142	0.01518	0.01675	0.02627	0.01622	0.18005	0.43364	0.00756	0.04601	0.00693	0.05035	0.00571
8	0.18367	0.01156	0.01359	0.04626	0.01651	0.01171	0.00927	0.06895	0.09426	0.36079	0.06775	0.05296	0.01803	0.00846	0.00615	0.00205	0.00537	0.00675	0.00655	0.00935
9	0.02046	0.01464	0.01613	0.03158	0.01804	0.01580	0.01060	0.34414	0.20156	0.09383	0.01916	0.01887	0.01395	0.00773	0.00619	0.00189	0.00595	0.00610	0.07569	0.07770
10	0.00884	0.00656	0.00823	0.00787	0.00948	0.00596	0.00588	0.01157	0.01747	0.02411	0.58891	0.07300	0.18024	0.01399	0.00764	0.00208	0.00311	0.01224	0.00688	0.00596
11	0.00957	0.00716	0.00995	0.00978	0.01053	0.00823	0.00720	0.01114	0.01006	0.01430	0.01769	0.02973	0.01787	0.26122	0.49222	0.00871	0.05819	0.00758	0.00356	0.00530
12	0.01340	0.01148	0.01340	0.00957	0.01531	0.00861	0.00766	0.01627	0.01340	0.02105	0.01148	0.01340	0.00957	0.00479	0.00479	0.00096	0.00479	0.00383	0.00383	0.81242
13	0.01152	0.00988	0.01273	0.01111	0.01336	0.05669	0.07785	0.05719	0.01791	0.02427	0.46244	0.13204	0.06183	0.01261	0.00751	0.00210	0.00475	0.01130	0.00627	0.00664
14	0.00906	0.00660	0.00852	0.00804	0.00960	0.00606	0.00603	0.01202	0.01808	0.02542	0.69060	0.04907	0.09988	0.01339	0.00762	0.00204	0.00306	0.01180	0.00705	0.00606
15	0.01305	0.06478	0.61329	0.01714	0.02554	0.01495	0.02126	0.02061	0.06013	0.02040	0.01395	0.06141	0.01111	0.00717	0.00621	0.00206	0.00877	0.00573	0.00319	0.00927
16	0.00865	0.00659	0.00795	0.00761	0.00935	0.00589	0.00571	0.01123	0.01712	0.02313	0.51127	0.05283	0.28063	0.01425	0.00763	0.00208	0.00312	0.01233	0.00675	0.00589
17	0.01396	0.02982	0.55698	0.01934	0.02747	0.05642	0.11053	0.02044	0.01384	0.01988	0.01147	0.01405	0.00842	0.00645	0.00740	0.00210	0.06427	0.00517	0.00284	0.00915
18	0.01322	0.01192	0.01926	0.63148	0.08672	0.01442	0.01714	0.06011	0.01416	0.01865	0.01219	0.01733	0.00921	0.00654	0.00637	0.00210	0.00822	0.00576	0.03765	0.00757

[dist]
# distance from previous block
# <min> <max>
5	10

[block]
# block no. 3 follows, 34 sequences, length 38
# corresponding to MSA columns:
# 204-241
name=unknown_D
#
# <colnr> <probs for GDERKNQSTAVLIFYWHMCP>
#	G	D	E	R	K	N	Q	S	T	A	V	L	I	F	Y	W	H	M	C	P
0	0.01295	0.00968	0.01096	0.00840	0.01274	0.00776	0.00662	0.01587	0.01345	0.02206	0.01466	0.01694	0.01188	0.00569	0.00470	0.00114	0.00420	0.00455	0.27023	0.54554
1	0.01712	0.01440	0.01520	0.01336	0.01720	0.01656	0.01048	0.11819	0.63537	0.02873	0.02496	0.02304	0.01864	0.00864	0.00656	0.00216	0.00536	0.00712	0.00656	0.01032
2	0.01648	0.68930	0.03199	0.01150	0.01666	0.02366	0.03650	0.01860	0.01315	0.01550	0.01119	0.06904	0.01100	0.00666	0.00459	0.00151	0.00681	0.00476	0.00303	0.00807
3	0.01296	0.03342	0.73944	0.01842	0.02797	0.01501	0.02387	0.02046	0.01364	0.02046	0.01160	0.01364	0.00818	0.00614	0.00614	0.00205	0.00955	0.00477	0.00273	0.00955
4	0.01329	0.09069	0.68509	0.01785	0.02709	0.01582	0.02289	0.02038	0.01360	0.02006	0.01139	0.01339	0.00819	0.00609	0.00599	0.00200	0.00935	0.00467	0.00273	0.00945
5	0.01018	0.00736	0.01009	0.01145	0.01300	0.00727	0.00995	0.01304	0.01486	0.01918	0.03683	0.07199	0.09531	0.01772	0.00882	0.00291	0.00573	0.63246	0.00595	0.00591
6	0.01395	0.01187	0.01208	0.01103	0.01418	0.03795	0.00851	0.02548	0.43131	0.04674	0.07025	0.03601	0.23157	0.01113	0.00691	0.00216	0.00471	0.00925	0.00636	0.00855
7	0.00937	0.00749	0.00855	0.00886	0.01052	0.00733	0.00641	0.01390	0.14144	0.01942	0.09606	0.34442	0.26928	0.01635	0.00769	0.00235	0.00378	0.01429	0.00619	0.00628
8	0.02495	0.01748	0.01901	0.01457	0.01973	0.01912	0.01204	0.65198	0.02935	0.10128	0.01638	0.01608	0.01142	0.00778	0.00647	0.00194	0.00697	0.00588	0.00660	0.01099
9	0.01461	0.01789	0.09161	0.02524	0.03160	0.01560	0.60080	0.01997	0.01475	0.02024	0.01328	0.01774	0.01016	0.00881	0.06449	0.00280	0.01128	0.00735	0.00324	0.00855
10	0.01414	0.01337	0.02264	0.34697	0.40764	0.01460	0.01864	0.01814	0.01395	0.01906	0.01276	0.01884	0.01063	0.00655	0.00653	0.00206	0.00801	0.03355	0.00317	0.00875
11	0.00784	0.00575	0.00737	0.00866	0.00928	0.00528	0.00585	0.00903	0.01269	0.01663	0.03968	0.67238	0.13643	0.01971	0.00816	0.00256	0.00368	0.01772	0.00600	0.00528
12	0.01162	0.01041	0.01485	0.01348	0.01404	0.01371	0.01089	0.01342	0.01012	0.01519	0.01311	0.02043	0.01265	0.05244	0.37275	0.00659	0.37840	0.00638	0.00317	0.00634
13	0.01805	0.49570	0.08496	0.01539	0.07546	0.12172	0.03705	0.05283	0.01488	0.01754	0.01002	0.01172	0.00862	0.00585	0.00494	0.00157	0.00797	0.00409	0.00306	0.00857
14	0.06959	0.04787	0.01573	0.01262	0.01640	0.17078	0.01007	0.22658	0.09274	0.08303	0.01655	0.01741	0.01250	0.00927	0.03960	0.00221	0.00741	0.00552	0.13536	0.00877
15	0.00822	0.00637	0.00744	0.00772	0.00922	0.00566	0.00562	0.01008	0.01489	0.01924	0.22097	0.22397	0.35539	0.04089	0.00863	0.00241	0.00352	0.03800	0.00621	0.00553
16	0.00935	0.00687	0.00888	0.03982	0.01162	0.00679	0.00694	0.06442	0.01389	0.01843	0.03406	0.65525	0.06197	0.01857	0.00801	0.00254	0.00419	0.01671	0.00591	0.00578
17	0.01626	0.01401	0.01903	0.04005	0.01798	0.01843	0.01347	0.09626	0.01303	0.07508	0.01102	0.01540	0.00963	0.01177	0.04291	0.00290	0.56552	0.00579	0.00367	0.00778
18	0.02446	0.01764	0.01903	0.01466	0.01977	0.01943	0.01209	0.65722	0.05414	0.07104	0.01633	0.01610	0.01152	0.00780	0.00647	0.00195	0.00697	0.00590	0.00654	0.01096
19	0.51984	0.01346	0.04267	0.16070	0.08576	0.01478	0.01131	0.01850	0.01178	0.02490	0.00986	0.01261	0.00772	0.00629	0.00549	0.00206	0.03692	0.00429	0.00360	0.00744
20	0.00780	0.00611	0.00707	0.00776	0.00906	0.00538	0.00546	0.00924	0.01374	0.01729	0.07423	0.39571	0.38204	0.01809	0.00792	0.00239	0.00349	0.01581	0.00604	0.00538
21	0.00772	0.00621	0.00689	0.00744	0.00896	0.00538	0.00531	0.00917	0.01387	0.01710	0.05455	0.32043	0.47879	0.01778	0.00786	0.00234	0.00345	0.01537	0.00600	0.00538
22	0.01637	0.01448	0.01582	0.01357	0.07340	0.06832	0.00989	0.12827	0.06240	0.02415	0.01302	0.01450	0.01041	0.00573	0.00537	0.00132	0.00593	0.00455	0.00433	0.50815
23	0.01654	0.01555	0.02600	0.05592	0.63029	0.01573	0.04725	0.07404	0.01592	0.02251	0.01244	0.01604	0.01023	0.00592	0.00645	0.00194	0.00779	0.00584	0.00345	0.01015
24	0.01633	0.10212	0.18455	0.07132	0.21598	0.01692	0.06232	0.12958	0.07072	0.02348	0.01403	0.01742	0.01115	0.00678	0.00628	0.00198	0.00794	0.02767	0.00389	0.00955
25	0.02662	0.01332	0.01629	0.01255	0.01746	0.01307	0.01034	0.27029	0.02268	0.46263	0.05062	0.02078	0.01606	0.00812	0.00653	0.00198	0.00597	0.00647	0.00742	0.01079
26	0.00787	0.00562	0.00750	0.00900	0.00937	0.00525	0.00600	0.00900	0.01237	0.01649	0.03561	0.76871	0.04274	0.02024	0.00825	0.00262	0.00375	0.01837	0.00600	0.00525
27	0.01673	0.12085	0.10775	0.16983	0.32004	0.03310	0.01739	0.02065	0.01453	0.10013	0.01298	0.01576	0.01002	0.00618	0.00607	0.00191	0.00782	0.00537	0.00357	0.00931
28	0.00898	0.00660	0.00840	0.00795	0.00955	0.00602	0.00596	0.01187	0.01789	0.02496	0.65462	0.04983	0.13615	0.01356	0.00762	0.00205	0.00307	0.01190	0.00699	0.00602
29	0.01676	0.04990	0.08940	0.02373	0.28234	0.07333	0.04984	0.14633	0.01792	0.02407	0.07153	0.04025	0.04406	0.00759	0.00645	0.00191	0.00745	0.00661	0.00427	0.03626
30	0.01409	0.00824	0.00938	0.00810	0.01095	0.00762	0.00629	0.01810	0.06460	0.10406	0.11756	0.02517	0.02151	0.00793	0.00536	0.00158	0.00378	0.00653	0.40050	0.15866
31	0.81856	0.01250	0.00950	0.00850	0.01250	0.01449	0.00700	0.01899	0.01100	0.02899	0.00900	0.01050	0.00700	0.00600	0.00400	0.00200	0.00500	0.00350	0.00400	0.00700
32	0.00874	0.00658	0.00813	0.00807	0.00968	0.00596	0.00611	0.01126	0.01661	0.02240	0.44296	0.10947	0.23734	0.01496	0.00778	0.00219	0.00339	0.06590	0.00664	0.00585
33	0.01262	0.01191	0.02013	0.67855	0.12009	0.01446	0.01815	0.01687	0.01312	0.01701	0.01156	0.01709	0.00879	0.00638	0.00645	0.00213	0.00851	0.00574	0.00291	0.00751
34	0.01617	0.01293	0.01425	0.07086	0.01772	0.01413	0.00999	0.25756	0.21771	0.02802	0.03232	0.04981	0.20985	0.01060	0.00686	0.00211	0.00554	0.00867	0.00607	0.00882
35	0.01583	0.01349	0.01379	0.03736	0.01653	0.06996	0.00977	0.02839	0.46738	0.06430	0.10788	0.05747	0.05028	0.00975	0.00674	0.00214	0.00539	0.00816	0.00630	0.00910
36	0.08458	0.35382	0.07557	0.01263	0.01735	0.23051	0.01150	0.02143	0.01474	0.04710	0.01107	0.01252	0.00914	0.00619	0.00489	0.00160	0.00796	0.00408	0.06533	0.00798
37	0.01568	0.04918	0.32348	0.04752	0.08664	0.03321	0.01697	0.13370	0.03397	0.04732	0.10187	0.01894	0.01598	0.00732	0.00630	0.00194	0.00767	0.00594	0.00426	0.04214

[dist]
# distance from previous block
# <min> <max>
0	4

[block]
# block no. 4 follows, 34 sequences, length 15
# corresponding to MSA columns:
# 246-260
name=unknown_E
#
# <colnr> <probs for GDERKNQSTAVLIFYWHMCP>
#	G	D	E	R	K	N	Q	S	T	A	V	L	I	F	Y	W	H	M	C	P
0	0.01880	0.35311	0.10883	0.01603	0.08009	0.17929	0.01367	0.08831	0.05112	0.01949	0.01126	0.01268	0.00928	0.00624	0.00528	0.00166	0.00824	0.00438	0.00346	0.00878
1	0.76930	0.01378	0.05413	0.00910	0.01344	0.01453	0.00803	0.01908	0.01116	0.02847	0.00916	0.01069	0.00707	0.00601	0.00413	0.00200	0.00528	0.00358	0.00392	0.00715
2	0.01626	0.04820	0.18868	0.02123	0.17310	0.08025	0.07826	0.08957	0.13606	0.02313	0.03772	0.01931	0.04476	0.00728	0.00644	0.00199	0.00790	0.00626	0.00422	0.00936
3	0.01570	0.01135	0.01311	0.01178	0.03345	0.01175	0.00885	0.21824	0.10010	0.06673	0.13273	0.11817	0.07960	0.07868	0.00930	0.00246	0.00529	0.03364	0.00613	0.04292
4	0.01829	0.01878	0.12347	0.04626	0.21274	0.04859	0.05925	0.18123	0.14544	0.05714	0.01590	0.01721	0.01191	0.00695	0.00647	0.00201	0.00766	0.00599	0.00469	0.01003
5	0.00904	0.00742	0.00856	0.00883	0.03828	0.00678	0.00625	0.01236	0.06426	0.02102	0.27769	0.05319	0.43406	0.01439	0.00751	0.00212	0.00350	0.01225	0.00629	0.00618
6	0.00905	0.00732	0.00952	0.00921	0.01097	0.00679	0.04538	0.01170	0.04584	0.01882	0.14602	0.21703	0.29559	0.07755	0.00987	0.00265	0.00429	0.06073	0.00586	0.00581
7	0.00923	0.00692	0.01038	0.01038	0.01154	0.00808	0.00808	0.01154	0.01038	0.01500	0.01731	0.02538	0.01615	0.04846	0.74732	0.01038	0.01731	0.00692	0.00346	0.00577
8	0.01510	0.04166	0.01481	0.01033	0.01569	0.01094	0.00833	0.12513	0.01586	0.02350	0.01246	0.01504	0.01043	0.04327	0.00641	0.00139	0.00530	0.00440	0.00421	0.61573
9	0.06044	0.66047	0.10349	0.01166	0.01751	0.02390	0.01212	0.01944	0.01306	0.01648	0.00925	0.01070	0.00821	0.00561	0.00434	0.00148	0.00707	0.00359	0.00283	0.00835
10	0.05090	0.16328	0.48816	0.01600	0.02394	0.01696	0.01915	0.05116	0.04968	0.04573	0.01239	0.01381	0.00912	0.00629	0.00573	0.00193	0.00841	0.00471	0.00333	0.00936
11	0.04215	0.11404	0.10591	0.01509	0.05619	0.09125	0.07826	0.05737	0.05027	0.04795	0.06055	0.10249	0.06380	0.01173	0.05605	0.00253	0.00781	0.00765	0.00441	0.02449
12	0.01736	0.19890	0.11389	0.01502	0.07836	0.11453	0.01248	0.04315	0.05401	0.10191	0.06613	0.09626	0.01740	0.00837	0.00600	0.00185	0.00703	0.00671	0.00448	0.03617
13	0.09477	0.19478	0.11134	0.01524	0.06033	0.13627	0.03762	0.07830	0.04713	0.06329	0.01481	0.06238	0.01287	0.00775	0.00581	0.00189	0.00764	0.03515	0.00413	0.00850
14	0.13931	0.18588	0.18228	0.01485	0.05449	0.07790	0.01385	0.08966	0.03635	0.02250	0.05160	0.01654	0.01254	0.00727	0.00642	0.00192	0.04980	0.02452	0.00384	0.00848

[dist]
# distance from previous block
# <min> <max>
0	8

[block]
# block no. 5 follows, 34 sequences, length 113
# corresponding to MSA columns:
# 269-381
name=unknown_F
#
# <colnr> <probs for GDERKNQSTAVLIFYWHMCP>
#	G	D	E	R	K	N	Q	S	T	A	V	L	I	F	Y	W	H	M	C	P
0	0.03891	0.06679	0.03912	0.03586	0.12822	0.08723	0.05248	0.05904	0.14131	0.03713	0.05946	0.10893	0.06747	0.00984	0.00669	0.00209	0.00662	0.03960	0.00491	0.00830
1	0.02982	0.03582	0.13680	0.01540	0.09976	0.05527	0.01229	0.06764	0.11120	0.05848	0.05977	0.04726	0.10931	0.06765	0.04239	0.00275	0.00704	0.02833	0.00484	0.00819
2	0.01596	0.01402	0.01691	0.06788	0.12782	0.09160	0.05141	0.09747	0.12492	0.06342	0.06579	0.12072	0.09406	0.01010	0.00689	0.00210	0.00654	0.00877	0.00523	0.00839
3	0.01925	0.06391	0.02174	0.03393	0.02105	0.19979	0.13613	0.14459	0.01811	0.07020	0.04715	0.05979	0.01405	0.00821	0.00811	0.00200	0.09156	0.00655	0.00444	0.02943
4	0.01026	0.00935	0.06774	0.00947	0.01117	0.00784	0.00741	0.05675	0.02997	0.01816	0.07827	0.23842	0.09679	0.26044	0.04203	0.00390	0.00574	0.03544	0.00509	0.00578
5	0.01750	0.01627	0.02339	0.11134	0.22296	0.08941	0.14246	0.10713	0.04169	0.05911	0.01467	0.03538	0.01187	0.00692	0.00660	0.00197	0.00821	0.02279	0.00413	0.05620
6	0.01516	0.09637	0.06083	0.01355	0.01824	0.07600	0.08819	0.09127	0.03681	0.02151	0.01991	0.05399	0.06662	0.00873	0.00631	0.00182	0.00682	0.09491	0.00442	0.21856
7	0.01702	0.01778	0.02490	0.13251	0.37342	0.14130	0.11075	0.04132	0.04070	0.02029	0.01241	0.01589	0.00998	0.00613	0.00648	0.00195	0.00882	0.00579	0.00340	0.00915
8	0.01355	0.01286	0.02181	0.50280	0.28859	0.01471	0.01861	0.01769	0.01356	0.01814	0.01172	0.01679	0.00919	0.00621	0.00644	0.00207	0.00828	0.00575	0.00299	0.00826
9	0.01607	0.01545	0.02505	0.09655	0.57416	0.03822	0.04500	0.04923	0.01547	0.02153	0.03326	0.01694	0.01154	0.00614	0.00647	0.00194	0.00784	0.00595	0.00343	0.00975
10	0.01122	0.00561	0.00842	0.00842	0.00842	0.00561	0.00561	0.00842	0.00842	0.01122	0.01122	0.01964	0.01122	0.02245	0.02525	0.81201	0.00561	0.00561	0.00281	0.00281
11	0.02428	0.01802	0.01957	0.01509	0.02019	0.04506	0.03397	0.60980	0.04652	0.07767	0.01607	0.01602	0.01136	0.00768	0.00648	0.00195	0.00725	0.00589	0.00634	0.01077
12	0.00924	0.00690	0.01026	0.01026	0.01137	0.00801	0.00792	0.01146	0.01035	0.01491	0.01742	0.02603	0.01643	0.07609	0.72007	0.01023	0.01689	0.00702	0.00348	0.00570
13	0.00983	0.00708	0.00867	0.00829	0.00996	0.00682	0.00620	0.01392	0.07471	0.02475	0.52048	0.08846	0.09125	0.01289	0.00727	0.00204	0.00327	0.01129	0.08648	0.00634
14	0.00787	0.00562	0.00750	0.00900	0.00937	0.00525	0.00600	0.00900	0.01237	0.01649	0.03561	0.76871	0.04274	0.02024	0.00825	0.00262	0.00375	0.01837	0.00600	0.00525
15	0.00954	0.00738	0.01098	0.01080	0.01188	0.00882	0.00846	0.01179	0.01035	0.01503	0.01674	0.02467	0.01566	0.04609	0.70106	0.00990	0.06469	0.00684	0.00342	0.00585
16	0.02899	0.01100	0.01499	0.01150	0.01649	0.00950	0.00950	0.03149	0.01849	0.73709	0.02549	0.02199	0.01599	0.00800	0.00650	0.00200	0.00550	0.00650	0.00800	0.01100
17	0.01586	0.01521	0.02598	0.06520	0.70813	0.01532	0.01976	0.01971	0.01465	0.02095	0.01213	0.01604	0.01018	0.00578	0.00640	0.00193	0.00771	0.00576	0.00319	0.01013
18	0.00796	0.00685	0.00758	0.00724	0.00949	0.00580	0.02448	0.00981	0.01501	0.01818	0.11420	0.05989	0.65948	0.01582	0.00764	0.00217	0.00347	0.01332	0.00601	0.00559
19	0.01275	0.01483	0.13511	0.03776	0.06713	0.01152	0.18863	0.01786	0.04874	0.04488	0.28308	0.03082	0.04731	0.00924	0.00721	0.00210	0.00676	0.02132	0.00502	0.00794
20	0.00914	0.00660	0.00864	0.00813	0.00965	0.00610	0.00610	0.01219	0.01829	0.02591	0.72921	0.04827	0.06097	0.01321	0.00762	0.00203	0.00305	0.01169	0.00711	0.00610
21	0.00914	0.00620	0.00730	0.00754	0.00767	0.00620	0.00448	0.00945	0.00992	0.01330	0.02262	0.15692	0.02614	0.61283	0.06874	0.00591	0.00648	0.01069	0.00422	0.00423
22	0.21977	0.01672	0.01696	0.01330	0.01818	0.01867	0.01098	0.54092	0.02561	0.03784	0.01391	0.01428	0.01001	0.00732	0.00586	0.00195	0.00659	0.00525	0.00586	0.01001
23	0.01219	0.01116	0.01860	0.71340	0.04234	0.01387	0.01716	0.01642	0.01296	0.01695	0.01205	0.01763	0.00908	0.00652	0.00635	0.00212	0.00829	0.00576	0.05006	0.00711
24	0.01731	0.22203	0.02058	0.01366	0.03690	0.08150	0.01096	0.04675	0.43147	0.02306	0.01954	0.01887	0.01516	0.00760	0.00585	0.00191	0.00628	0.00591	0.00517	0.00949
25	0.81856	0.01250	0.00950	0.00850	0.01250	0.01449	0.00700	0.01899	0.01100	0.02899	0.00900	0.01050	0.00700	0.00600	0.00400	0.00200	0.00500	0.00350	0.00400	0.00700
26	0.01340	0.01148	0.01340	0.00957	0.01531	0.00861	0.00766	0.01627	0.01340	0.02105	0.01148	0.01340	0.00957	0.00479	0.00479	0.00096	0.00479	0.00383	0.00383	0.81242
27	0.00979	0.00655	0.00848	0.00847	0.00989	0.00598	0.00617	0.01208	0.01616	0.06391	0.41672	0.27383	0.10677	0.01537	0.00775	0.00223	0.00343	0.01364	0.00672	0.00607
28	0.00988	0.00646	0.00774	0.00770	0.00802	0.00656	0.00472	0.01031	0.00992	0.03430	0.02076	0.07064	0.02312	0.62217	0.12571	0.00653	0.00760	0.00937	0.00406	0.00443
29	0.01582	0.51865	0.22336	0.01294	0.01957	0.02145	0.01427	0.01942	0.01329	0.01706	0.00988	0.01148	0.00836	0.00564	0.00473	0.00153	0.00747	0.00384	0.00283	0.06842
30	0.00869	0.00645	0.00872	0.00990	0.01047	0.00648	0.00718	0.01020	0.01284	0.01723	0.05849	0.58762	0.04049	0.01909	0.00909	0.00267	0.04842	0.12464	0.00584	0.00550
31	0.01204	0.00602	0.00602	0.00602	0.00753	0.00602	0.00452	0.01506	0.01355	0.02409	0.02108	0.02409	0.01656	0.00753	0.00452	0.00151	0.00301	0.00602	0.80879	0.00602
32	0.01122	0.00561	0.00842	0.00842	0.00842	0.00561	0.00561	0.00842	0.00842	0.01122	0.01122	0.01964	0.01122	0.02245	0.02525	0.81201	0.00561	0.00561	0.00281	0.00281
33	0.02414	0.03079	0.01831	0.01665	0.01998	0.74698	0.01248	0.02580	0.01831	0.01581	0.00999	0.01165	0.00832	0.00666	0.00583	0.00166	0.01165	0.00416	0.00333	0.00749
34	0.02456	0.01810	0.01939	0.01487	0.02004	0.02004	0.01228	0.71107	0.03038	0.04072	0.01551	0.01551	0.01099	0.00776	0.00646	0.00194	0.00711	0.00582	0.00646	0.01099
35	0.00787	0.00562	0.00750	0.00900	0.00937	0.00525	0.00600	0.00900	0.01237	0.01649	0.03561	0.76871	0.04274	0.02024	0.00825	0.00262	0.00375	0.01837	0.00600	0.00525
36	0.00870	0.00680	0.00808	0.00872	0.01049	0.00617	0.00702	0.01083	0.01470	0.01832	0.07195	0.12099	0.40546	0.01711	0.00815	0.00250	0.00427	0.25809	0.00602	0.00564
37	0.01124	0.00788	0.01087	0.01039	0.01194	0.00889	0.00806	0.06883	0.01234	0.04058	0.01777	0.02544	0.01619	0.08586	0.58845	0.00880	0.01482	0.00693	0.03845	0.00626
38	0.02899	0.01100	0.01499	0.01150	0.01649	0.00950	0.00950	0.03149	0.01849	0.73709	0.02549	0.02199	0.01599	0.00800	0.00650	0.00200	0.00550	0.00650	0.00800	0.01100
39	0.00787	0.00565	0.00747	0.00892	0.00935	0.00525	0.00596	0.00901	0.01244	0.01652	0.03652	0.74733	0.06353	0.02013	0.00823	0.00261	0.00373	0.01823	0.00600	0.00525
40	0.01621	0.01599	0.03225	0.09180	0.17637	0.01543	0.45337	0.02100	0.01519	0.07655	0.01372	0.01748	0.01027	0.00580	0.00718	0.00211	0.00961	0.00699	0.00359	0.00907
41	0.02129	0.11236	0.02018	0.04328	0.04070	0.14756	0.01212	0.35303	0.10943	0.02927	0.01639	0.01681	0.03393	0.00758	0.00612	0.00187	0.00759	0.00566	0.00522	0.00960
42	0.01305	0.01070	0.01200	0.01096	0.01368	0.01171	0.00842	0.02466	0.41399	0.02654	0.33337	0.03466	0.03774	0.01071	0.00703	0.00212	0.00421	0.00922	0.00681	0.00842
43	0.01473	0.01464	0.02564	0.22319	0.38960	0.02945	0.13866	0.01882	0.01432	0.01956	0.01299	0.04519	0.01094	0.00646	0.00669	0.00205	0.00841	0.00653	0.00323	0.00893
44	0.00787	0.00562	0.00750	0.00900	0.00937	0.00525	0.00600	0.00900	0.01237	0.01649	0.03561	0.76871	0.04274	0.02024	0.00825	0.00262	0.00375	0.01837	0.00600	0.00525
45	0.01340	0.01148	0.01340	0.00957	0.01531	0.00861	0.00766	0.01627	0.01340	0.02105	0.01148	0.01340	0.00957	0.00479	0.00479	0.00096	0.00479	0.00383	0.00383	0.81242
46	0.01232	0.01130	0.01884	0.65430	0.07997	0.01377	0.01719	0.01649	0.01313	0.01718	0.01294	0.01999	0.01033	0.00699	0.00650	0.00215	0.00822	0.03735	0.03377	0.00725
47	0.02464	0.01048	0.01390	0.01106	0.01537	0.00944	0.00898	0.02847	0.07356	0.56197	0.14372	0.02657	0.02384	0.00893	0.00669	0.00202	0.00506	0.00743	0.00774	0.01011
48	0.00938	0.00633	0.00736	0.00736	0.00747	0.00643	0.00430	0.00960	0.00949	0.01276	0.02007	0.04071	0.02281	0.70550	0.09937	0.00665	0.00729	0.00917	0.00387	0.00409
49	0.00816	0.00650	0.00735	0.00752	0.00930	0.00569	0.00564	0.01011	0.01519	0.01922	0.19824	0.14749	0.46115	0.01628	0.00779	0.00226	0.00346	0.05685	0.00623	0.00559
50	0.01727	0.77681	0.03386	0.01106	0.01658	0.02557	0.01106	0.01935	0.01313	0.01520	0.00898	0.01036	0.00829	0.00553	0.00415	0.00138	0.00691	0.00345	0.00276	0.00829
51	0.01296	0.03342	0.73944	0.01842	0.02797	0.01501	0.02387	0.02046	0.01364	0.02046	0.01160	0.01364	0.00818	0.00614	0.00614	0.00205	0.00955	0.00477	0.00273	0.00955
52	0.01238	0.01166	0.01970	0.72421	0.07632	0.01440	0.01803	0.01666	0.01300	0.01672	0.01152	0.01717	0.00869	0.00643	0.00646	0.00214	0.00857	0.00574	0.00289	0.00732
53	0.07339	0.01149	0.01462	0.01156	0.01630	0.01072	0.00945	0.03116	0.11790	0.59470	0.02464	0.02162	0.01600	0.00799	0.00636	0.00203	0.00541	0.00644	0.00756	0.01065
54	0.01898	0.01314	0.01467	0.01246	0.01638	0.01426	0.00989	0.13992	0.39349	0.16203	0.08807	0.02567	0.04359	0.00909	0.00667	0.00210	0.00527	0.00750	0.00685	0.00998
55	0.01746	0.70027	0.03233	0.04343	0.01798	0.06733	0.01144	0.01960	0.01342	0.01529	0.00915	0.01073	0.00831	0.00563	0.00434	0.00143	0.00726	0.00359	0.00280	0.00820
56	0.00795	0.00566	0.00747	0.00890	0.00925	0.00530	0.00589	0.00902	0.01222	0.01629	0.03484	0.73205	0.04176	0.05822	0.00949	0.00281	0.00388	0.01792	0.00589	0.00518
57	0.01536	0.01466	0.02478	0.15971	0.59868	0.01520	0.01927	0.01964	0.03236	0.02049	0.01240	0.01641	0.01020	0.00595	0.00641	0.00197	0.00777	0.00579	0.00323	0.00972
58	0.00938	0.00709	0.00897	0.00984	0.01158	0.00668	0.00828	0.01188	0.01498	0.01898	0.07733	0.06798	0.28193	0.01711	0.00841	0.00265	0.00487	0.42025	0.00602	0.00578
59	0.01726	0.01418	0.01475	0.01233	0.01671	0.05650	0.00970	0.06000	0.39946	0.08287	0.02077	0.01991	0.01560	0.00746	0.00603	0.00180	0.00553	0.00605	0.00575	0.22734
60	0.00858	0.00658	0.00786	0.00754	0.00931	0.00586	0.00565	0.01111	0.01696	0.02276	0.48207	0.05345	0.31007	0.01438	0.00763	0.00209	0.00313	0.01241	0.00670	0.00586
61	0.01349	0.01217	0.01938	0.68017	0.04196	0.01495	0.01736	0.08874	0.01474	0.01903	0.01190	0.01705	0.00886	0.00659	0.00646	0.00213	0.00846	0.00575	0.00324	0.00757
62	0.01595	0.01258	0.01387	0.01269	0.01607	0.01414	0.01004	0.03061	0.55640	0.07370	0.05407	0.03114	0.02329	0.01005	0.00691	0.00227	0.00517	0.09486	0.00661	0.00957
63	0.01290	0.01223	0.02046	0.60381	0.14856	0.01483	0.01801	0.01696	0.01302	0.01716	0.01141	0.01686	0.00885	0.00664	0.00731	0.00216	0.05253	0.00574	0.00292	0.00764
64	0.81856	0.01250	0.00950	0.00850	0.01250	0.01449	0.00700	0.01899	0.01100	0.02899	0.00900	0.01050	0.00700	0.00600	0.00400	0.00200	0.00500	0.00350	0.00400	0.00700
65	0.01248	0.01177	0.01989	0.70436	0.09535	0.01443	0.01808	0.01675	0.01305	0.01685	0.01153	0.01714	0.00873	0.00641	0.00646	0.00214	0.00854	0.00574	0.00290	0.00740
66	0.02420	0.01961	0.01908	0.01504	0.01991	0.11504	0.01223	0.59734	0.05333	0.03697	0.01517	0.01531	0.01095	0.00765	0.00638	0.00191	0.00763	0.00565	0.00606	0.01050
67	0.02317	0.01041	0.01365	0.01135	0.01535	0.00963	0.00920	0.02758	0.10436	0.49654	0.06825	0.08309	0.02278	0.01010	0.00690	0.00215	0.00521	0.06304	0.00746	0.00978
68	0.01617	0.01239	0.01369	0.01223	0.01565	0.01371	0.00964	0.06931	0.47286	0.08437	0.10826	0.03064	0.04960	0.01000	0.00687	0.00219	0.00501	0.05131	0.00669	0.00942
69	0.00809	0.00656	0.00718	0.00702	0.00901	0.00565	0.00527	0.01015	0.01580	0.02001	0.26579	0.05798	0.52807	0.01541	0.00763	0.00214	0.00321	0.01305	0.00634	0.00565
70	0.01310	0.01225	0.02062	0.51404	0.22770	0.01416	0.01795	0.01719	0.01353	0.01794	0.01319	0.02063	0.01097	0.00704	0.00661	0.00215	0.00818	0.05166	0.00317	0.00792
71	0.01296	0.03342	0.73944	0.01842	0.02797	0.01501	0.02387	0.02046	0.01364	0.02046	0.01160	0.01364	0.00818	0.00614	0.00614	0.00205	0.00955	0.00477	0.00273	0.00955
72	0.01842	0.01354	0.01482	0.01293	0.01685	0.01513	0.01017	0.05440	0.58631	0.14236	0.02584	0.02350	0.01886	0.00861	0.00656	0.00215	0.00524	0.00713	0.00680	0.01037
73	0.00946	0.00716	0.01044	0.01032	0.01130	0.00839	0.00790	0.01149	0.01026	0.01477	0.01725	0.02666	0.01659	0.12221	0.64184	0.00963	0.04809	0.00713	0.00348	0.00563
74	0.01660	0.53121	0.21836	0.01337	0.01980	0.07125	0.01452	0.02007	0.01361	0.01663	0.00974	0.01131	0.00827	0.00576	0.00478	0.00158	0.00792	0.00385	0.00279	0.00857
75	0.00783	0.00628	0.00699	0.00738	0.00899	0.00545	0.00532	0.00943	0.01434	0.01787	0.11086	0.26545	0.47670	0.01723	0.00781	0.00230	0.00339	0.01485	0.00609	0.00545
76	0.00917	0.00739	0.01070	0.01279	0.09275	0.00695	0.03423	0.01083	0.01302	0.01721	0.03590	0.49756	0.14190	0.05218	0.00907	0.00263	0.00456	0.02974	0.00548	0.00593
77	0.01333	0.00700	0.00734	0.00690	0.00865	0.00705	0.00516	0.05723	0.01440	0.05697	0.02088	0.02519	0.01685	0.07953	0.00739	0.00200	0.00368	0.00635	0.64773	0.00635
78	0.01727	0.77681	0.03386	0.01106	0.01658	0.02557	0.01106	0.01935	0.01313	0.01520	0.00898	0.01036	0.00829	0.00553	0.00415	0.00138	0.00691	0.00345	0.00276	0.00829
79	0.01493	0.01296	0.01682	0.01224	0.01779	0.01114	0.07898	0.09881	0.01547	0.02315	0.01201	0.01408	0.00972	0.00544	0.00585	0.00126	0.03259	0.00451	0.00405	0.60821
80	0.01566	0.04545	0.13571	0.01913	0.14458	0.08904	0.03900	0.04405	0.23423	0.02213	0.03619	0.06654	0.01609	0.00948	0.02984	0.00233	0.03003	0.00689	0.00454	0.00909
81	0.01544	0.01760	0.13794	0.19791	0.32812	0.04600	0.04316	0.02022	0.03303	0.05593	0.01356	0.01800	0.01079	0.00657	0.00648	0.00204	0.00825	0.02635	0.00347	0.00915
82	0.01934	0.01401	0.01674	0.01333	0.01705	0.01514	0.05230	0.42008	0.02243	0.05196	0.01651	0.02120	0.01359	0.12479	0.08421	0.04428	0.00797	0.00658	0.02974	0.00873
83	0.01072	0.00853	0.01134	0.01123	0.03943	0.00845	0.04338	0.06609	0.06029	0.02076	0.14795	0.26401	0.15010	0.06769	0.05687	0.00307	0.00546	0.01245	0.00570	0.00649
84	0.01418	0.06439	0.01729	0.03896	0.05956	0.03476	0.05189	0.01771	0.03628	0.02066	0.03485	0.01512	0.01143	0.00545	0.00525	0.00125	0.00578	0.00459	0.00383	0.55675
85	0.00787	0.00562	0.00750	0.00900	0.00937	0.00525	0.00600	0.00900	0.01237	0.01649	0.03561	0.76871	0.04274	0.02024	0.00825	0.00262	0.00375	0.01837	0.00600	0.00525
86	0.01741	0.06829	0.09203	0.02042	0.16951	0.19751	0.05423	0.08125	0.03408	0.02119	0.04797	0.02315	0.01543	0.00808	0.00649	0.00196	0.00835	0.09192	0.00408	0.03666
87	0.00790	0.00600	0.00731	0.00833	0.00934	0.00541	0.00584	0.00927	0.01324	0.01693	0.04521	0.51018	0.26492	0.01888	0.00808	0.00250	0.00369	0.04564	0.00600	0.00535
