[name]
unknown

[dist]
# distance from previous block
# <min> <max>
0	8

[block]
# block no. 0 follows, 32 sequences, length 15
# corresponding to MSA columns:
# 8-22
name=unknown_A
#
# <colnr> <probs for GDERKNQSTAVLIFYWHMCP>
#	G	D	E	R	K	N	Q	S	T	A	V	L	I	F	Y	W	H	M	C	P
0	0.07001	0.00742	0.00924	0.00942	0.01046	0.00767	0.00682	0.01254	0.06224	0.01667	0.02376	0.11951	0.07026	0.10069	0.05342	0.31505	0.00605	0.08935	0.00446	0.00496
1	0.01370	0.00730	0.00951	0.00918	0.01091	0.00661	0.00663	0.01451	0.01399	0.17010	0.06625	0.26087	0.15409	0.05400	0.01275	0.16055	0.00467	0.01213	0.00597	0.00625
2	0.01452	0.05593	0.01362	0.01170	0.03726	0.01151	0.00860	0.13265	0.04328	0.07231	0.06271	0.18588	0.13060	0.11607	0.03403	0.00311	0.04228	0.01079	0.00570	0.00746
3	0.01720	0.01532	0.01920	0.13936	0.24412	0.11875	0.01441	0.05519	0.04982	0.06183	0.05766	0.02018	0.01469	0.02889	0.00993	0.10681	0.00782	0.00632	0.00414	0.00835
4	0.00911	0.00638	0.00806	0.00880	0.00991	0.00579	0.00616	0.01075	0.01454	0.04359	0.15446	0.48565	0.17475	0.01862	0.00827	0.00251	0.00374	0.01657	0.00649	0.00584
5	0.02179	0.01203	0.01443	0.01209	0.01619	0.01209	0.00962	0.07515	0.24041	0.33535	0.06947	0.07242	0.05829	0.01010	0.00701	0.00219	0.00531	0.00843	0.00743	0.01020
6	0.01468	0.01468	0.02055	0.01762	0.01762	0.02055	0.01468	0.01615	0.01028	0.01615	0.00881	0.01468	0.00881	0.01174	0.02202	0.00294	0.75191	0.00587	0.00294	0.00734
7	0.01391	0.01193	0.01391	0.00994	0.01590	0.00894	0.00795	0.01690	0.01391	0.02186	0.01193	0.01391	0.00994	0.00497	0.00497	0.00099	0.00497	0.00398	0.00398	0.80521
8	0.01609	0.01424	0.06511	0.07885	0.09150	0.01427	0.01292	0.16804	0.06102	0.05926	0.07273	0.12535	0.05977	0.01193	0.02778	0.00251	0.09584	0.00880	0.00529	0.00870
9	0.01232	0.01066	0.05001	0.01499	0.09872	0.01012	0.01050	0.06465	0.03183	0.04215	0.06756	0.33193	0.02973	0.02001	0.11308	0.00366	0.04721	0.02824	0.00533	0.00730
10	0.00818	0.00584	0.00779	0.00934	0.00973	0.00545	0.00623	0.00934	0.01285	0.01713	0.03698	0.75981	0.04438	0.02102	0.00856	0.00273	0.00389	0.01908	0.00623	0.00545
11	0.00952	0.00703	0.01018	0.01028	0.01128	0.00798	0.00774	0.01155	0.01078	0.01536	0.01950	0.07276	0.01936	0.13460	0.60879	0.00978	0.01574	0.00822	0.00381	0.00573
12	0.12334	0.12989	0.17001	0.01521	0.05088	0.01629	0.03828	0.04689	0.10437	0.12665	0.01546	0.01621	0.01147	0.00697	0.00638	0.00195	0.03233	0.00531	0.00460	0.07750
13	0.14889	0.21663	0.07056	0.01434	0.01938	0.19784	0.03504	0.12931	0.06850	0.02387	0.01229	0.01347	0.00975	0.00676	0.00553	0.00184	0.00829	0.00469	0.00413	0.00888
14	0.06359	0.04000	0.01783	0.01353	0.01836	0.06671	0.05173	0.16751	0.06719	0.25088	0.05683	0.03929	0.01659	0.00812	0.00647	0.00195	0.00660	0.00660	0.00626	0.09397

[dist]
# distance from previous block
# <min> <max>
0	1

[block]
# block no. 1 follows, 32 sequences, length 38
# corresponding to MSA columns:
# 24-61
name=unknown_B
#
# <colnr> <probs for GDERKNQSTAVLIFYWHMCP>
#	G	D	E	R	K	N	Q	S	T	A	V	L	I	F	Y	W	H	M	C	P
0	0.04752	0.01647	0.04394	0.06366	0.21688	0.01741	0.01514	0.23114	0.11587	0.07670	0.01617	0.01768	0.01220	0.00775	0.00790	0.00214	0.06979	0.00615	0.00515	0.01032
1	0.04382	0.00673	0.00845	0.00935	0.01015	0.00659	0.00642	0.03431	0.01325	0.01832	0.05368	0.55763	0.06068	0.04821	0.03100	0.05941	0.00466	0.01596	0.00580	0.00556
2	0.05335	0.04732	0.01952	0.01484	0.01976	0.08756	0.01215	0.52708	0.05788	0.03712	0.04586	0.01719	0.01352	0.00808	0.00652	0.00198	0.00747	0.00603	0.00620	0.01056
3	0.01054	0.00698	0.00866	0.00845	0.00994	0.00634	0.00599	0.01215	0.01491	0.06286	0.25194	0.18912	0.16041	0.12899	0.01299	0.05357	0.00424	0.01251	0.00611	0.03330
4	0.24683	0.01565	0.01796	0.01549	0.05092	0.06286	0.10088	0.10456	0.16838	0.06523	0.01686	0.04340	0.01322	0.00762	0.00611	0.00209	0.00684	0.00623	0.00515	0.04373
5	0.00962	0.00654	0.00754	0.00757	0.00779	0.00652	0.00446	0.00995	0.01048	0.01400	0.05033	0.06910	0.05212	0.64879	0.06338	0.00624	0.00669	0.01022	0.00433	0.00435
6	0.03523	0.00716	0.00826	0.00816	0.01016	0.00649	0.00624	0.01223	0.01627	0.04632	0.26457	0.10628	0.33874	0.01541	0.00780	0.00228	0.00371	0.06494	0.03356	0.00617
7	0.01206	0.00767	0.00939	0.00893	0.01076	0.00724	0.00654	0.03225	0.04329	0.09595	0.28506	0.17688	0.12948	0.09523	0.01052	0.00269	0.00415	0.01226	0.04298	0.00666
8	0.08039	0.01098	0.01246	0.01056	0.01434	0.01029	0.00814	0.09932	0.05791	0.07118	0.02179	0.23356	0.02130	0.01071	0.00638	0.00188	0.00497	0.00909	0.03327	0.28148
9	0.02370	0.01790	0.01912	0.01507	0.02012	0.01996	0.01232	0.56358	0.17087	0.03937	0.01841	0.01794	0.01327	0.00827	0.00674	0.00207	0.00696	0.00636	0.00674	0.01125
10	0.01005	0.00770	0.00901	0.00919	0.01073	0.00753	0.00657	0.04098	0.08855	0.02087	0.15388	0.32859	0.19435	0.06822	0.00981	0.00270	0.00413	0.01443	0.00636	0.00634
11	0.01059	0.00726	0.00876	0.00894	0.00999	0.00707	0.00606	0.03536	0.04405	0.04527	0.12109	0.32046	0.08425	0.24119	0.01590	0.00368	0.00480	0.01364	0.00585	0.00582
12	0.01405	0.01401	0.02191	0.01816	0.01939	0.01807	0.11831	0.01630	0.01121	0.01688	0.01100	0.01706	0.01029	0.01695	0.13374	0.00408	0.52171	0.00639	0.00311	0.00739
13	0.00869	0.00655	0.00808	0.00853	0.00990	0.00593	0.00623	0.01077	0.01566	0.02071	0.26281	0.29553	0.23941	0.01741	0.00822	0.00242	0.00367	0.05704	0.00659	0.00584
14	0.03768	0.00878	0.00993	0.00900	0.01161	0.00843	0.00694	0.07732	0.04800	0.09246	0.22974	0.08731	0.26271	0.01333	0.00734	0.00215	0.00407	0.01125	0.06473	0.00722
15	0.00871	0.00659	0.00799	0.00860	0.00979	0.00609	0.00603	0.01094	0.03782	0.01946	0.17430	0.39699	0.21699	0.04617	0.00918	0.00262	0.00377	0.01577	0.00639	0.00579
16	0.04368	0.00915	0.00993	0.00880	0.01139	0.00944	0.00689	0.13321	0.01727	0.09785	0.02146	0.05640	0.01704	0.01019	0.03534	0.00214	0.00482	0.00680	0.49056	0.00764
17	0.00976	0.00651	0.00732	0.00732	0.00732	0.00651	0.00407	0.00976	0.00976	0.01301	0.02114	0.04391	0.02439	0.76419	0.03415	0.00651	0.00651	0.00976	0.00407	0.00407
18	0.00906	0.00684	0.00836	0.00798	0.00975	0.00614	0.00599	0.01181	0.01796	0.02444	0.53618	0.05418	0.24746	0.01464	0.00792	0.00215	0.00323	0.01270	0.00706	0.00614
19	0.00818	0.00584	0.00779	0.00934	0.00973	0.00545	0.00623	0.00934	0.01285	0.01713	0.03698	0.75981	0.04438	0.02102	0.00856	0.00273	0.00389	0.01908	0.00623	0.00545
20	0.00818	0.00584	0.00779	0.00934	0.00973	0.00545	0.00623	0.00934	0.01285	0.01713	0.03698	0.75981	0.04438	0.02102	0.00856	0.00273	0.00389	0.01908	0.00623	0.00545
21	0.81159	0.01298	0.00986	0.00882	0.01298	0.01505	0.00727	0.01972	0.01142	0.03010	0.00934	0.01090	0.00727	0.00623	0.00415	0.00208	0.00519	0.00363	0.00415	0.00727
22	0.00861	0.00678	0.00780	0.00790	0.00973	0.00597	0.00594	0.01078	0.01616	0.02078	0.25759	0.13095	0.41199	0.01652	0.00807	0.00232	0.00356	0.05612	0.00657	0.00588
23	0.01445	0.00796	0.00826	0.00765	0.00979	0.00820	0.00589	0.07470	0.05597	0.05111	0.02188	0.02419	0.01688	0.00793	0.00506	0.00166	0.00370	0.00633	0.66127	0.00712
24	0.03010	0.01142	0.01557	0.01194	0.01713	0.00986	0.00986	0.03270	0.01920	0.72698	0.02647	0.02284	0.01661	0.00830	0.00675	0.00208	0.00571	0.00675	0.00830	0.01142
25	0.02551	0.01879	0.02014	0.01544	0.02081	0.02081	0.01275	0.69996	0.03155	0.04229	0.01611	0.01611	0.01141	0.00805	0.00671	0.00201	0.00738	0.00604	0.00671	0.01141
26	0.01701	0.61653	0.17874	0.01306	0.01967	0.02428	0.01423	0.02033	0.01374	0.01692	0.00989	0.01147	0.00859	0.00587	0.00473	0.00158	0.00774	0.00387	0.00286	0.00888
27	0.01021	0.00791	0.01120	0.01086	0.01167	0.00940	0.00822	0.01200	0.01051	0.01511	0.01757	0.02864	0.01743	0.19341	0.50949	0.00899	0.10044	0.00757	0.00362	0.00575
28	0.00818	0.00584	0.00779	0.00934	0.00973	0.00545	0.00623	0.00934	0.01285	0.01713	0.03698	0.75981	0.04438	0.02102	0.00856	0.00273	0.00389	0.01908	0.00623	0.00545
29	0.01251	0.00625	0.00625	0.00625	0.00782	0.00625	0.00469	0.01563	0.01407	0.02502	0.02189	0.02502	0.01720	0.00782	0.00469	0.00156	0.00313	0.00625	0.80144	0.00625
30	0.01441	0.01222	0.01418	0.01018	0.01611	0.00946	0.00816	0.04637	0.01467	0.02275	0.01211	0.01401	0.01000	0.00510	0.00504	0.00104	0.00507	0.00406	0.00409	0.77096
31	0.02187	0.02602	0.01705	0.01544	0.01887	0.52286	0.01168	0.05335	0.11025	0.01922	0.01993	0.02043	0.09784	0.00849	0.00641	0.00188	0.00994	0.00603	0.00438	0.00804
32	0.00950	0.00686	0.00897	0.00844	0.01002	0.00633	0.00633	0.01266	0.01899	0.02691	0.71879	0.05012	0.06331	0.01372	0.00791	0.00211	0.00317	0.01213	0.00739	0.00633
33	0.02618	0.01224	0.01551	0.01218	0.01689	0.01159	0.00995	0.14322	0.05281	0.49309	0.10999	0.02516	0.02166	0.00897	0.00689	0.00208	0.00566	0.00733	0.00785	0.01075
34	0.01736	0.01626	0.02082	0.08358	0.15895	0.09361	0.07424	0.09125	0.15663	0.04130	0.01801	0.02038	0.03595	0.01148	0.06810	0.00288	0.06874	0.00668	0.00458	0.00920
35	0.00810	0.00635	0.00734	0.00806	0.00941	0.00559	0.00567	0.00960	0.01427	0.01797	0.07633	0.39176	0.37819	0.01878	0.00823	0.00248	0.00362	0.01641	0.00627	0.00559
36	0.02194	0.01441	0.01625	0.01336	0.01778	0.01547	0.01073	0.23174	0.28742	0.19862	0.07914	0.02385	0.02028	0.00897	0.00686	0.00214	0.00585	0.00729	0.00719	0.01070
37	0.07925	0.29829	0.19947	0.06942	0.10061	0.04570	0.03844	0.06064	0.01508	0.02079	0.01112	0.01336	0.00894	0.00620	0.00555	0.00184	0.00823	0.00467	0.00328	0.00912

[dist]
# distance from previous block
# <min> <max>
1	23

[block]
# block no. 2 follows, 32 sequences, length 32
# corresponding to MSA columns:
# 85-116
name=unknown_C
#
# <colnr> <probs for GDERKNQSTAVLIFYWHMCP>
#	G	D	E	R	K	N	Q	S	T	A	V	L	I	F	Y	W	H	M	C	P
0	0.12148	0.03730	0.04143	0.08675	0.11888	0.08572	0.03904	0.09178	0.10637	0.14212	0.01905	0.01975	0.04612	0.00769	0.00636	0.00206	0.00728	0.00622	0.00514	0.00945
1	0.04849	0.01440	0.01746	0.13069	0.02200	0.03435	0.01240	0.18526	0.06629	0.06365	0.05148	0.01861	0.01391	0.00972	0.03225	0.00238	0.14703	0.00608	0.00488	0.11867
2	0.12615	0.01715	0.01933	0.04027	0.02030	0.07567	0.05823	0.26964	0.06859	0.02882	0.01378	0.01603	0.01078	0.01008	0.03934	0.00259	0.16342	0.00583	0.00486	0.00915
3	0.01781	0.01616	0.01958	0.12805	0.18408	0.06537	0.01452	0.11670	0.31236	0.02615	0.01906	0.02000	0.01453	0.00775	0.00670	0.00213	0.00719	0.00656	0.00522	0.01007
4	0.81159	0.01298	0.00986	0.00882	0.01298	0.01505	0.00727	0.01972	0.01142	0.03010	0.00934	0.01090	0.00727	0.00623	0.00415	0.00208	0.00519	0.00363	0.00415	0.00727
5	0.01551	0.00950	0.01140	0.00996	0.01310	0.00898	0.00784	0.04614	0.10587	0.18304	0.24759	0.04243	0.19616	0.01231	0.00741	0.00215	0.00439	0.03259	0.00706	0.03656
6	0.00881	0.00641	0.00811	0.00913	0.00991	0.00603	0.00623	0.03008	0.01390	0.01842	0.08189	0.59550	0.10987	0.05020	0.00945	0.00277	0.00401	0.01739	0.00623	0.00565
7	0.01761	0.00943	0.01270	0.01231	0.01523	0.00908	0.01048	0.02170	0.06731	0.25420	0.03194	0.05454	0.03002	0.01447	0.00826	0.00270	0.00596	0.40690	0.00693	0.00823
8	0.06081	0.01216	0.01565	0.01210	0.01716	0.01117	0.00997	0.10458	0.02023	0.60391	0.04426	0.02239	0.01698	0.00835	0.00667	0.00207	0.00580	0.00670	0.00794	0.01111
9	0.00877	0.00679	0.00799	0.00778	0.00960	0.00601	0.00580	0.01123	0.01716	0.02275	0.41258	0.08535	0.34319	0.01542	0.00795	0.00220	0.00330	0.01329	0.00684	0.00601
10	0.00815	0.00594	0.00768	0.00908	0.00966	0.00547	0.00611	0.00937	0.01310	0.01723	0.04018	0.68801	0.11411	0.02061	0.00850	0.00268	0.00384	0.01857	0.00623	0.00547
11	0.00818	0.00584	0.00779	0.00934	0.00973	0.00545	0.00623	0.00934	0.01285	0.01713	0.03698	0.75981	0.04438	0.02102	0.00856	0.00273	0.00389	0.01908	0.00623	0.00545
12	0.02737	0.01581	0.01829	0.01402	0.01932	0.01638	0.01158	0.43006	0.02656	0.31924	0.02030	0.01883	0.01351	0.00816	0.00673	0.00204	0.00671	0.00633	0.00736	0.01141
13	0.01166	0.00583	0.00874	0.00874	0.00874	0.00583	0.00583	0.00874	0.00874	0.01166	0.01166	0.02040	0.01166	0.02331	0.02622	0.80478	0.00583	0.00583	0.00291	0.00291
14	0.01251	0.00625	0.00625	0.00625	0.00782	0.00625	0.00469	0.01563	0.01407	0.02502	0.02189	0.02502	0.01720	0.00782	0.00469	0.00156	0.00313	0.00625	0.80144	0.00625
15	0.02506	0.03198	0.01901	0.01729	0.02074	0.73725	0.01296	0.02679	0.01901	0.01642	0.01037	0.01210	0.00864	0.00691	0.00605	0.00173	0.01210	0.00432	0.00346	0.00778
16	0.02463	0.01795	0.01920	0.01482	0.01993	0.01983	0.01221	0.65384	0.03037	0.04112	0.01650	0.01671	0.01180	0.00804	0.00658	0.00198	0.00710	0.00606	0.06028	0.01106
17	0.02575	0.01841	0.01990	0.01525	0.02061	0.02023	0.01260	0.66482	0.03090	0.07834	0.01666	0.01646	0.01168	0.00807	0.00671	0.00202	0.00730	0.00608	0.00680	0.01141
18	0.01391	0.01193	0.01391	0.00994	0.01590	0.00894	0.00795	0.01690	0.01391	0.02186	0.01193	0.01391	0.00994	0.00497	0.00497	0.00099	0.00497	0.00398	0.00398	0.80521
19	0.01794	0.76823	0.03516	0.01148	0.01722	0.02655	0.01148	0.02009	0.01363	0.01579	0.00933	0.01076	0.00861	0.00574	0.00431	0.00144	0.00718	0.00359	0.00287	0.00861
20	0.00818	0.00584	0.00779	0.00934	0.00973	0.00545	0.00623	0.00934	0.01285	0.01713	0.03698	0.75981	0.04438	0.02102	0.00856	0.00273	0.00389	0.01908	0.00623	0.00545
21	0.00963	0.00653	0.00728	0.00728	0.00744	0.00645	0.00414	0.00975	0.01015	0.01337	0.02444	0.04537	0.07337	0.71155	0.03230	0.00621	0.00629	0.01007	0.00422	0.00418
22	0.02430	0.01819	0.01946	0.01519	0.02035	0.02024	0.01246	0.60880	0.12468	0.04034	0.01765	0.01733	0.01266	0.00820	0.00673	0.00205	0.00710	0.00625	0.00673	0.01130
23	0.02477	0.03046	0.01894	0.01703	0.02062	0.66345	0.01286	0.07069	0.04615	0.01854	0.01139	0.01285	0.00927	0.00707	0.00612	0.00177	0.01154	0.00456	0.00380	0.00812
24	0.00889	0.00614	0.00758	0.00843	0.00865	0.00592	0.00526	0.00953	0.01146	0.01528	0.02988	0.43864	0.03541	0.35443	0.02004	0.00442	0.00506	0.01490	0.00526	0.00483
25	0.01013	0.00743	0.00989	0.01103	0.01265	0.00719	0.00936	0.01292	0.01557	0.02013	0.08979	0.09844	0.15490	0.01803	0.00892	0.00287	0.00541	0.49300	0.00628	0.00608
26	0.06634	0.01821	0.01928	0.01498	0.02018	0.02024	0.01233	0.62163	0.07391	0.04074	0.01647	0.01641	0.01177	0.00803	0.00658	0.00203	0.00714	0.00601	0.00658	0.01114
27	0.01166	0.00583	0.00874	0.00874	0.00874	0.00583	0.00583	0.00874	0.00874	0.01166	0.01166	0.02040	0.01166	0.02331	0.02622	0.80478	0.00583	0.00583	0.00291	0.00291
28	0.01831	0.01538	0.01484	0.01333	0.01686	0.11197	0.01028	0.03085	0.44610	0.10553	0.06753	0.07693	0.02274	0.00985	0.00690	0.00220	0.00604	0.00814	0.00653	0.00970
29	0.02307	0.01791	0.01824	0.01480	0.01953	0.06991	0.01193	0.40506	0.23799	0.08039	0.01981	0.01900	0.01433	0.00831	0.00670	0.00208	0.00698	0.00644	0.00662	0.01091
30	0.02291	0.01580	0.01798	0.03485	0.04198	0.01705	0.01182	0.36901	0.17141	0.14725	0.01999	0.02000	0.01447	0.03277	0.00759	0.00220	0.00664	0.00654	0.00662	0.03313
31	0.02121	0.05218	0.06945	0.01553	0.01998	0.28309	0.01295	0.18797	0.11901	0.02498	0.01586	0.01671	0.03089	0.00784	0.00711	0.00193	0.04796	0.00555	0.00473	0.05508

[dist]
# distance from previous block
# <min> <max>
0	13

[block]
# block no. 3 follows, 32 sequences, length 30
# corresponding to MSA columns:
# 130-159
name=unknown_D
#
# <colnr> <probs for GDERKNQSTAVLIFYWHMCP>
#	G	D	E	R	K	N	Q	S	T	A	V	L	I	F	Y	W	H	M	C	P
0	0.07753	0.01243	0.01504	0.01180	0.01657	0.01184	0.00958	0.12972	0.05789	0.40153	0.06505	0.02255	0.01786	0.03077	0.00728	0.00210	0.00570	0.00662	0.00708	0.09107
1	0.02307	0.01014	0.01333	0.01062	0.01492	0.00872	0.00859	0.02567	0.01838	0.48381	0.14466	0.03180	0.10824	0.01004	0.00697	0.00204	0.00497	0.00836	0.00764	0.05802
2	0.02527	0.01435	0.01646	0.01309	0.01788	0.04189	0.01060	0.22278	0.09224	0.36035	0.02294	0.06309	0.01652	0.00886	0.00675	0.00206	0.00626	0.00713	0.00720	0.04427
3	0.00818	0.00584	0.00779	0.00934	0.00973	0.00545	0.00623	0.00934	0.01285	0.01713	0.03698	0.75981	0.04438	0.02102	0.00856	0.00273	0.00389	0.01908	0.00623	0.00545
4	0.02551	0.01879	0.02014	0.01544	0.02081	0.02081	0.01275	0.69996	0.03155	0.04229	0.01611	0.01611	0.01141	0.00805	0.00671	0.00201	0.00738	0.00604	0.00671	0.01141
5	0.00857	0.00672	0.00775	0.00771	0.00951	0.00590	0.00570	0.01079	0.01648	0.02146	0.31981	0.13345	0.38990	0.01614	0.00799	0.00225	0.00336	0.01389	0.00668	0.00590
6	0.81159	0.01298	0.00986	0.00882	0.01298	0.01505	0.00727	0.01972	0.01142	0.03010	0.00934	0.01090	0.00727	0.00623	0.00415	0.00208	0.00519	0.00363	0.00415	0.00727
7	0.01346	0.03471	0.72942	0.01912	0.02904	0.01558	0.02479	0.02125	0.01417	0.02125	0.01204	0.01417	0.00850	0.00637	0.00637	0.00212	0.00992	0.00496	0.00283	0.00992
8	0.00944	0.00686	0.00889	0.00838	0.00999	0.00631	0.00628	0.01255	0.01885	0.02658	0.69436	0.05066	0.08795	0.01384	0.00791	0.00212	0.00317	0.01221	0.00734	0.00631
9	0.00816	0.00589	0.00773	0.00920	0.00969	0.00546	0.00616	0.00936	0.01299	0.01719	0.03878	0.71947	0.08356	0.02079	0.00853	0.00270	0.00386	0.01879	0.00623	0.00546
10	0.81159	0.01298	0.00986	0.00882	0.01298	0.01505	0.00727	0.01972	0.01142	0.03010	0.00934	0.01090	0.00727	0.00623	0.00415	0.00208	0.00519	0.00363	0.00415	0.00727
11	0.02903	0.01315	0.01664	0.01276	0.01799	0.01243	0.01054	0.18912	0.02210	0.56648	0.02404	0.02126	0.01539	0.00825	0.00674	0.00206	0.00610	0.00658	0.00793	0.01142
12	0.01251	0.00625	0.00625	0.00625	0.00782	0.00625	0.00469	0.01563	0.01407	0.02502	0.02189	0.02502	0.01720	0.00782	0.00469	0.00156	0.00313	0.00625	0.80144	0.00625
13	0.81159	0.01298	0.00986	0.00882	0.01298	0.01505	0.00727	0.01972	0.01142	0.03010	0.00934	0.01090	0.00727	0.00623	0.00415	0.00208	0.00519	0.00363	0.00415	0.00727
14	0.00841	0.00676	0.00714	0.00708	0.00890	0.00588	0.00508	0.01002	0.01486	0.01837	0.13897	0.05956	0.53044	0.13493	0.01208	0.00292	0.00386	0.01322	0.00603	0.00549
15	0.00793	0.00680	0.00680	0.00680	0.00906	0.00566	0.00510	0.00963	0.01529	0.01813	0.06797	0.06457	0.71961	0.01699	0.00793	0.00227	0.00340	0.01416	0.00623	0.00566
16	0.00821	0.00606	0.00771	0.00900	0.00975	0.00556	0.00617	0.00953	0.01335	0.01739	0.04228	0.61884	0.16066	0.02025	0.00848	0.00266	0.00388	0.03848	0.00623	0.00551
17	0.01251	0.00625	0.00625	0.00625	0.00782	0.00625	0.00469	0.01563	0.01407	0.02502	0.02189	0.02502	0.01720	0.00782	0.00469	0.00156	0.00313	0.00625	0.80144	0.00625
18	0.00896	0.00689	0.00822	0.00803	0.00988	0.00615	0.00612	0.01154	0.01731	0.02300	0.41836	0.05744	0.32206	0.01532	0.00800	0.00223	0.00344	0.05414	0.00685	0.00606
19	0.00934	0.00685	0.00875	0.00827	0.00993	0.00626	0.00621	0.01235	0.01862	0.02602	0.65278	0.05159	0.12987	0.01405	0.00792	0.00213	0.00319	0.01234	0.00727	0.00626
20	0.01334	0.02194	0.29909	0.02015	0.02701	0.01396	0.27659	0.01907	0.01531	0.02129	0.06601	0.02708	0.09471	0.00845	0.00740	0.00225	0.00907	0.04472	0.00391	0.00867
21	0.81159	0.01298	0.00986	0.00882	0.01298	0.01505	0.00727	0.01972	0.01142	0.03010	0.00934	0.01090	0.00727	0.00623	0.00415	0.00208	0.00519	0.00363	0.00415	0.00727
22	0.02360	0.01449	0.01669	0.01335	0.01785	0.01514	0.01080	0.36473	0.06756	0.22894	0.06062	0.09585	0.01963	0.00982	0.00698	0.00212	0.00620	0.00799	0.00715	0.01048
23	0.00805	0.00659	0.00710	0.00742	0.00925	0.00565	0.00540	0.00969	0.01492	0.01828	0.08864	0.21504	0.54526	0.01773	0.00807	0.00236	0.00350	0.01514	0.00628	0.00565
24	0.00960	0.00646	0.00729	0.00742	0.00763	0.00636	0.00432	0.00989	0.01047	0.01400	0.02533	0.10170	0.06885	0.63687	0.02964	0.00580	0.00601	0.01067	0.02736	0.00434
25	0.00955	0.00725	0.00851	0.00870	0.01063	0.00674	0.00676	0.01200	0.03295	0.03676	0.08177	0.09742	0.40062	0.04953	0.08317	0.00345	0.00560	0.12659	0.00599	0.00602
26	0.01080	0.00813	0.00900	0.00849	0.01071	0.00780	0.00643	0.06831	0.06037	0.02372	0.23214	0.09826	0.32217	0.01424	0.00747	0.00216	0.00378	0.01208	0.08727	0.00666
27	0.01060	0.00764	0.01051	0.01189	0.01348	0.00755	0.01032	0.01361	0.01556	0.02021	0.06190	0.07413	0.07902	0.01827	0.00914	0.00301	0.00591	0.61486	0.00622	0.00615
28	0.08723	0.01654	0.02023	0.04021	0.13485	0.01778	0.03402	0.37821	0.06693	0.11219	0.01665	0.01718	0.01198	0.00755	0.00654	0.00205	0.00715	0.00606	0.00593	0.01071
29	0.01870	0.04790	0.09059	0.14333	0.02428	0.08537	0.01374	0.26231	0.05929	0.02737	0.01741	0.01944	0.05018	0.03033	0.00726	0.00208	0.00778	0.00611	0.00485	0.08168

[dist]
# distance from previous block
# <min> <max>
0	2

[block]
# block no. 4 follows, 32 sequences, length 62
# corresponding to MSA columns:
# 162-223
name=unknown_E
#
# <colnr> <probs for GDERKNQSTAVLIFYWHMCP>
#	G	D	E	R	K	N	Q	S	T	A	V	L	I	F	Y	W	H	M	C	P
0	0.07072	0.03946	0.03816	0.04522	0.04352	0.10828	0.11784	0.04756	0.12399	0.04154	0.01437	0.01728	0.01154	0.00952	0.01066	0.10410	0.09104	0.00594	0.00413	0.05515
1	0.00970	0.00703	0.00847	0.00898	0.01038	0.00660	0.00641	0.01244	0.06123	0.04335	0.10603	0.39209	0.21839	0.04662	0.00917	0.00265	0.00402	0.03397	0.00636	0.00611
2	0.01842	0.20371	0.16285	0.03919	0.02496	0.17495	0.15843	0.07893	0.01678	0.02043	0.01187	0.01437	0.00942	0.00766	0.02821	0.00216	0.01003	0.00530	0.00345	0.00890
3	0.00818	0.00630	0.00733	0.00810	0.00928	0.00562	0.00559	0.00950	0.01368	0.01727	0.04922	0.41033	0.33380	0.07124	0.01008	0.00279	0.00386	0.01631	0.00608	0.00545
4	0.04239	0.01956	0.11482	0.01661	0.04493	0.03925	0.04027	0.32601	0.20398	0.03247	0.01851	0.01983	0.01395	0.00817	0.00673	0.00213	0.00740	0.02670	0.00579	0.01050
5	0.01759	0.05658	0.06853	0.08071	0.10866	0.03169	0.06437	0.06220	0.04575	0.13920	0.04890	0.02137	0.04525	0.01032	0.05041	0.00251	0.04474	0.00657	0.00479	0.08984
6	0.11736	0.04019	0.03787	0.01202	0.01566	0.08435	0.00990	0.11331	0.05203	0.10674	0.08326	0.07571	0.07170	0.01304	0.05996	0.00272	0.03015	0.02640	0.00552	0.04212
7	0.01545	0.01996	0.12586	0.02634	0.03303	0.01705	0.56250	0.02107	0.01522	0.02107	0.01303	0.01735	0.00987	0.00619	0.00875	0.00229	0.06524	0.00739	0.00329	0.00903
8	0.01502	0.01332	0.02120	0.43194	0.19969	0.03906	0.03792	0.01904	0.01471	0.06661	0.04140	0.04346	0.01317	0.00736	0.00682	0.00216	0.00829	0.00669	0.00373	0.00842
9	0.01404	0.01271	0.01532	0.06159	0.05808	0.09683	0.03676	0.03636	0.01457	0.04617	0.06387	0.18615	0.05347	0.05684	0.05853	0.00320	0.12672	0.04696	0.00476	0.00706
10	0.04503	0.02032	0.01858	0.01554	0.01939	0.20747	0.01247	0.28772	0.08166	0.07675	0.01570	0.01779	0.01219	0.00863	0.00862	0.00212	0.10858	0.02648	0.00538	0.00956
11	0.00833	0.00662	0.00740	0.00759	0.00931	0.00578	0.00550	0.01015	0.01535	0.01942	0.18211	0.18953	0.45025	0.04115	0.00889	0.00246	0.00355	0.01455	0.00638	0.00570
12	0.01091	0.00945	0.04033	0.04012	0.01516	0.00838	0.07434	0.03406	0.02885	0.04173	0.14345	0.34709	0.12303	0.01567	0.00805	0.00245	0.00513	0.03914	0.00597	0.00670
13	0.01304	0.01190	0.01840	0.34604	0.15045	0.01375	0.01526	0.01809	0.07534	0.02009	0.10636	0.02511	0.05676	0.01044	0.03900	0.00259	0.05788	0.00739	0.00414	0.00797
14	0.01794	0.76823	0.03516	0.01148	0.01722	0.02655	0.01148	0.02009	0.01363	0.01579	0.00933	0.01076	0.00861	0.00574	0.00431	0.00144	0.00718	0.00359	0.00287	0.00861
15	0.00818	0.00584	0.00779	0.00934	0.00973	0.00545	0.00623	0.00934	0.01285	0.01713	0.03698	0.75981	0.04438	0.02102	0.00856	0.00273	0.00389	0.01908	0.00623	0.00545
16	0.09251	0.01030	0.01216	0.03929	0.01479	0.01045	0.00852	0.10695	0.05812	0.17335	0.08611	0.22603	0.07548	0.04465	0.00833	0.00247	0.00515	0.01080	0.00645	0.00807
17	0.00968	0.00659	0.00755	0.00760	0.00783	0.00658	0.00453	0.00998	0.01029	0.01363	0.02406	0.04534	0.06296	0.66837	0.06177	0.00634	0.00681	0.03155	0.00423	0.00430
18	0.01873	0.01208	0.01384	0.01182	0.01553	0.01264	0.00934	0.10263	0.28208	0.18874	0.15213	0.03069	0.07323	0.01012	0.00699	0.00215	0.00505	0.00843	0.03414	0.00964
19	0.01263	0.00785	0.01003	0.01009	0.01162	0.00768	0.00733	0.05587	0.03519	0.10303	0.05745	0.38692	0.05589	0.08146	0.05135	0.03740	0.00552	0.05003	0.00610	0.00656
20	0.01090	0.00697	0.00894	0.00891	0.01039	0.00639	0.00647	0.01301	0.01594	0.08531	0.31020	0.25906	0.11103	0.07996	0.01029	0.00271	0.00402	0.03654	0.00669	0.00627
21	0.02960	0.01223	0.01607	0.01232	0.01753	0.01107	0.01018	0.10628	0.02057	0.65148	0.02533	0.02210	0.01604	0.00828	0.00674	0.00207	0.00589	0.00667	0.00813	0.01142
22	0.01048	0.00735	0.00955	0.01011	0.01187	0.00691	0.00827	0.01315	0.01616	0.04834	0.19467	0.11592	0.18219	0.01693	0.00854	0.00264	0.00475	0.31935	0.00655	0.00626
23	0.04006	0.01001	0.01165	0.01062	0.01319	0.01032	0.00806	0.13395	0.07711	0.13026	0.02597	0.24471	0.02461	0.05131	0.04862	0.00289	0.00570	0.01041	0.13258	0.00795
24	0.01099	0.00753	0.00917	0.00925	0.01089	0.00728	0.00703	0.05028	0.01573	0.04271	0.15137	0.17981	0.16136	0.08486	0.03864	0.00309	0.00503	0.12280	0.07595	0.00623
25	0.00966	0.00710	0.00935	0.01046	0.01188	0.00678	0.00851	0.01212	0.01518	0.01973	0.10111	0.21636	0.15432	0.01838	0.00878	0.00279	0.00497	0.37026	0.00630	0.00595
26	0.08313	0.00918	0.01024	0.00996	0.01170	0.00975	0.00717	0.07935	0.12238	0.02210	0.05180	0.26514	0.02745	0.12457	0.01281	0.07554	0.00504	0.01108	0.05500	0.00662
27	0.01016	0.00747	0.01085	0.01076	0.01200	0.00862	0.00829	0.01301	0.04926	0.01592	0.01793	0.02576	0.01653	0.04568	0.63482	0.07995	0.01621	0.00709	0.00371	0.00598
28	0.00895	0.00684	0.00823	0.00803	0.00982	0.00612	0.00606	0.01152	0.01735	0.02321	0.43962	0.07764	0.29653	0.01529	0.00799	0.00222	0.00338	0.03825	0.00689	0.00606
29	0.01789	0.01156	0.01256	0.01057	0.01381	0.01228	0.00841	0.25155	0.07756	0.06976	0.10435	0.02487	0.02100	0.00874	0.00605	0.00187	0.00490	0.00702	0.32659	0.00866
30	0.00876	0.00645	0.00794	0.00835	0.00938	0.00603	0.00578	0.01037	0.01412	0.01877	0.19355	0.29610	0.18429	0.14312	0.05281	0.00356	0.00484	0.01429	0.00599	0.00549
31	0.01384	0.01230	0.01893	0.41490	0.03361	0.04472	0.07464	0.01828	0.04120	0.04949	0.01856	0.05436	0.01677	0.03135	0.00811	0.00250	0.00827	0.12652	0.00413	0.00751
32	0.02409	0.06128	0.02077	0.01748	0.02117	0.62143	0.05072	0.02608	0.01835	0.03973	0.01098	0.01280	0.00899	0.00699	0.00660	0.00179	0.03457	0.00462	0.00357	0.00799
33	0.01693	0.01780	0.12924	0.21678	0.23843	0.01565	0.10181	0.07961	0.01643	0.08194	0.01394	0.01725	0.01039	0.00657	0.00679	0.00212	0.00868	0.00613	0.00388	0.00963
34	0.00900	0.00684	0.00827	0.00792	0.00972	0.00612	0.00594	0.01169	0.01781	0.02410	0.51072	0.05474	0.27314	0.01476	0.00792	0.00216	0.00324	0.01278	0.00702	0.00612
35	0.01788	0.01574	0.01579	0.01400	0.01791	0.05685	0.01093	0.08965	0.61634	0.02859	0.02546	0.02359	0.01908	0.00890	0.00678	0.00222	0.00586	0.00728	0.00663	0.01053
36	0.01037	0.00674	0.00866	0.00865	0.00998	0.00619	0.00619	0.01208	0.01550	0.06250	0.31492	0.23616	0.13049	0.05807	0.01108	0.07293	0.00396	0.01323	0.00641	0.00589
37	0.03357	0.00653	0.00861	0.00957	0.01039	0.00637	0.00676	0.01093	0.01268	0.03990	0.03253	0.50236	0.05602	0.04527	0.07447	0.06477	0.00560	0.06244	0.00568	0.00557
38	0.02281	0.20804	0.02223	0.01519	0.01922	0.50139	0.01213	0.02468	0.01756	0.04755	0.01335	0.01455	0.04012	0.00713	0.00574	0.00170	0.01025	0.00468	0.00365	0.00805
39	0.01365	0.00735	0.00747	0.00706	0.00896	0.00753	0.00540	0.07565	0.01560	0.02653	0.02138	0.02423	0.01669	0.00784	0.00487	0.00160	0.00350	0.00624	0.73174	0.00671
40	0.01129	0.00779	0.00931	0.00925	0.01082	0.00755	0.00663	0.04348	0.06193	0.06119	0.14381	0.27089	0.14863	0.14140	0.01236	0.00310	0.00456	0.03341	0.00623	0.00637
41	0.01124	0.00759	0.00930	0.00921	0.01089	0.00715	0.00669	0.06180	0.01642	0.06917	0.20343	0.33497	0.16409	0.04489	0.00901	0.00254	0.00410	0.01441	0.00660	0.00648
42	0.01081	0.00772	0.01081	0.01236	0.01390	0.00772	0.01081	0.01390	0.01545	0.02008	0.03553	0.07569	0.03862	0.01854	0.00927	0.00309	0.00618	0.67717	0.00618	0.00618
43	0.01014	0.00693	0.00876	0.00919	0.01056	0.00655	0.00674	0.01292	0.04242	0.04789	0.22680	0.34717	0.10670	0.01673	0.00802	0.00243	0.00391	0.06759	0.05231	0.00624
44	0.07033	0.01047	0.01214	0.01094	0.01358	0.01078	0.00834	0.12867	0.07622	0.14684	0.04806	0.15739	0.02547	0.17265	0.01300	0.00323	0.00573	0.07218	0.00615	0.00782
45	0.00855	0.00659	0.00781	0.00799	0.00956	0.00585	0.00581	0.01064	0.01602	0.02101	0.29182	0.22590	0.32473	0.01679	0.00808	0.00232	0.00343	0.01462	0.00664	0.00585
46	0.00959	0.00719	0.01078	0.01078	0.01198	0.00839	0.00839	0.01198	0.01078	0.01558	0.01797	0.02636	0.01677	0.05032	0.73760	0.01078	0.01797	0.00719	0.00359	0.00599
47	0.01507	0.00859	0.01088	0.00974	0.01239	0.00795	0.00757	0.04417	0.03923	0.19523	0.33169	0.10693	0.13096	0.01330	0.00766	0.00222	0.00422	0.03720	0.00727	0.00772
48	0.15955	0.00992	0.01059	0.00989	0.01240	0.01044	0.00757	0.07437	0.08598	0.06211	0.07652	0.10241	0.10728	0.13051	0.03156	0.00319	0.00554	0.06785	0.02523	0.00711
49	0.00959	0.00719	0.01078	0.01078	0.01198	0.00839	0.00839	0.01198	0.01078	0.01558	0.01797	0.02636	0.01677	0.05032	0.73760	0.01078	0.01797	0.00719	0.00359	0.00599
50	0.00849	0.00645	0.00784	0.00843	0.00974	0.00580	0.00606	0.01035	0.01511	0.01974	0.19882	0.34954	0.26823	0.01799	0.00824	0.00245	0.00366	0.04085	0.00649	0.00574
51	0.03846	0.00809	0.00979	0.00932	0.01133	0.00791	0.00699	0.01584	0.07464	0.09598	0.23483	0.11762	0.14470	0.09956	0.06268	0.00335	0.00535	0.04043	0.00634	0.00679
52	0.03964	0.01203	0.01374	0.01200	0.01492	0.01307	0.00945	0.22400	0.10977	0.04959	0.15344	0.10402	0.04929	0.05985	0.03370	0.00281	0.03760	0.04638	0.00631	0.00838
53	0.01661	0.01594	0.02724	0.04119	0.72233	0.01594	0.02059	0.02059	0.01528	0.02192	0.01262	0.01661	0.01063	0.00598	0.00664	0.00199	0.00797	0.00598	0.00332	0.01063
54	0.01100	0.00735	0.00879	0.00881	0.01006	0.00709	0.00610	0.01345	0.06040	0.06570	0.11363	0.21327	0.12726	0.26804	0.01681	0.00381	0.00494	0.04177	0.00581	0.00590
55	0.07052	0.01367	0.01805	0.12203	0.18917	0.01487	0.01335	0.14094	0.14150	0.04812	0.01955	0.02218	0.05502	0.03813	0.00899	0.05640	0.00679	0.00676	0.00489	0.00905
56	0.06582	0.00887	0.01097	0.03472	0.03982	0.00930	0.00771	0.05303	0.03239	0.03746	0.02419	0.15969	0.07261	0.20861	0.08942	0.07186	0.02886	0.00981	0.00471	0.03016
57	0.11681	0.01397	0.01864	0.16250	0.17811	0.03669	0.01415	0.11008	0.01527	0.02279	0.01219	0.01640	0.01003	0.00927	0.01061	0.09080	0.11334	0.00562	0.03460	0.00812
58	0.09119	0.04796	0.03832	0.04556	0.03979	0.05694	0.04865	0.11074	0.11708	0.04660	0.02149	0.06169	0.07944	0.02415	0.03602	0.00255	0.07249	0.00736	0.00493	0.04706
59	0.06429	0.06709	0.04029	0.14137	0.09141	0.08350	0.05754	0.14275	0.05588	0.02408	0.01606	0.04175	0.03302	0.00906	0.02890	0.00229	0.03054	0.00635	0.02438	0.03945
60	0.03891	0.08199	0.09053	0.04626	0.10129	0.07174	0.05786	0.06622	0.03588	0.02077	0.01501	0.10925	0.01412	0.00931	0.00960	0.00219	0.15653	0.00716	0.00394	0.06142
61	0.06507	0.05751	0.01921	0.06434	0.04134	0.11064	0.07152	0.11010	0.05702	0.04187	0.07127	0.02210	0.04285	0.05930	0.01015	0.00238	0.09490	0.00672	0.00460	0.04712

[dist]
# distance from previous block
# <min> <max>
8	65

[block]
# block no. 5 follows, 32 sequences, length 31
# corresponding to MSA columns:
# 296-326
name=unknown_F
#
# <colnr> <probs for GDERKNQSTAVLIFYWHMCP>
#	G	D	E	R	K	N	Q	S	T	A	V	L	I	F	Y	W	H	M	C	P
0	0.07125	0.15417	0.03258	0.01302	0.03027	0.11956	0.02947	0.10309	0.05880	0.04931	0.05816	0.03821	0.02802	0.12545	0.05812	0.00318	0.00803	0.00673	0.00461	0.00795
1	0.13939	0.03870	0.09368	0.04062	0.01782	0.09743	0.01119	0.15064	0.07370	0.02525	0.02517	0.07343	0.13792	0.03743	0.00748	0.00227	0.00680	0.00782	0.00505	0.00822
2	0.11721	0.11099	0.04930	0.01327	0.01748	0.11943	0.03545	0.13892	0.09185	0.06233	0.01684	0.06690	0.01465	0.08418	0.00888	0.00242	0.00732	0.00658	0.00488	0.03111
3	0.04654	0.14036	0.10660	0.01735	0.09082	0.09314	0.04430	0.07378	0.13441	0.04908	0.01823	0.07131	0.03522	0.00853	0.00704	0.00206	0.04074	0.00679	0.00456	0.00914
4	0.03441	0.03188	0.04185	0.01000	0.01237	0.00843	0.00801	0.04921	0.01517	0.06630	0.07352	0.27761	0.15760	0.06863	0.00960	0.00268	0.00494	0.08409	0.00590	0.03780
5	0.01710	0.25301	0.12467	0.08200	0.02182	0.05068	0.01347	0.06088	0.13417	0.04242	0.01436	0.01555	0.01125	0.00664	0.00564	0.00175	0.00728	0.00501	0.00412	0.12819
6	0.15198	0.01531	0.01669	0.01395	0.01784	0.05103	0.04648	0.16225	0.21036	0.04525	0.01841	0.06882	0.01510	0.00892	0.00781	0.00217	0.07686	0.00685	0.00546	0.05845
7	0.31801	0.01466	0.01487	0.14926	0.02148	0.05861	0.01128	0.09096	0.15691	0.02668	0.01450	0.01634	0.01115	0.00879	0.03045	0.00244	0.03522	0.00536	0.00463	0.00839
8	0.00977	0.00693	0.00785	0.00790	0.00989	0.00601	0.00588	0.01130	0.01494	0.06434	0.07764	0.17140	0.48153	0.01735	0.00896	0.04436	0.00385	0.03796	0.00623	0.00590
9	0.01606	0.01539	0.02625	0.13905	0.62872	0.01580	0.02032	0.02012	0.01502	0.02126	0.01252	0.01678	0.01040	0.00608	0.00665	0.00203	0.00811	0.00598	0.00327	0.01019
10	0.06540	0.01121	0.01322	0.00993	0.01474	0.00914	0.02705	0.01595	0.01307	0.02083	0.01343	0.01914	0.01233	0.13937	0.01016	0.00208	0.00544	0.00509	0.00399	0.58844
11	0.02545	0.02060	0.01998	0.01569	0.02080	0.11908	0.01278	0.60762	0.02983	0.03874	0.01532	0.01556	0.01103	0.00790	0.00662	0.00197	0.00803	0.00581	0.00627	0.01091
12	0.00860	0.00634	0.00796	0.00880	0.00979	0.00584	0.00621	0.01025	0.01430	0.01886	0.15167	0.42956	0.17387	0.05995	0.00980	0.00277	0.00398	0.05955	0.00629	0.00560
13	0.00808	0.00621	0.00740	0.00836	0.00947	0.00553	0.00579	0.00945	0.01380	0.01752	0.04900	0.49022	0.30622	0.01946	0.00832	0.00255	0.00370	0.01717	0.00623	0.00553
14	0.02237	0.01874	0.08989	0.01510	0.02051	0.01843	0.01321	0.41282	0.20294	0.08628	0.01933	0.01869	0.01382	0.00817	0.00671	0.00210	0.00699	0.00638	0.00647	0.01106
15	0.02626	0.01233	0.01559	0.01223	0.01709	0.01160	0.00999	0.11130	0.09001	0.50287	0.07005	0.02371	0.01918	0.00859	0.00676	0.00205	0.00568	0.00700	0.00775	0.03996
16	0.01001	0.00721	0.00985	0.01131	0.01261	0.00705	0.00937	0.01255	0.01480	0.01925	0.03767	0.24278	0.07756	0.01906	0.00902	0.00295	0.00547	0.47931	0.00619	0.00597
17	0.01761	0.71506	0.08548	0.01204	0.01808	0.02576	0.01245	0.02018	0.01367	0.01618	0.00953	0.01101	0.00860	0.00579	0.00446	0.00149	0.00737	0.00369	0.00287	0.00871
18	0.00977	0.04661	0.01016	0.00907	0.01012	0.00812	0.00650	0.01113	0.01124	0.01511	0.02557	0.10927	0.09259	0.28914	0.30850	0.00714	0.01055	0.00979	0.00425	0.00537
19	0.06466	0.02741	0.01851	0.01651	0.02020	0.54365	0.03077	0.04777	0.12922	0.01990	0.01328	0.01438	0.01058	0.00723	0.00615	0.00186	0.01049	0.00495	0.00413	0.00835
20	0.02275	0.07210	0.01896	0.01417	0.01836	0.12351	0.01162	0.28888	0.02225	0.15236	0.02102	0.02104	0.08269	0.00907	0.00825	0.00207	0.08896	0.00653	0.00577	0.00965
21	0.00848	0.00609	0.00778	0.00883	0.00943	0.00568	0.00590	0.00975	0.01327	0.01769	0.10594	0.55280	0.09285	0.10845	0.01150	0.00308	0.00409	0.01691	0.00609	0.00539
22	0.00857	0.00630	0.00841	0.00954	0.01034	0.00614	0.00680	0.01014	0.01290	0.01715	0.03664	0.51539	0.10706	0.02564	0.13750	0.00413	0.00648	0.05951	0.00576	0.00561
23	0.05757	0.04858	0.02213	0.01885	0.10527	0.03894	0.08182	0.36499	0.06288	0.08451	0.03711	0.01781	0.01326	0.00760	0.00664	0.00203	0.00751	0.00628	0.00575	0.01048
24	0.01327	0.00938	0.04839	0.01156	0.01407	0.00797	0.01013	0.01627	0.01606	0.12680	0.09942	0.11407	0.09660	0.01597	0.00844	0.00269	0.00560	0.36979	0.00644	0.00708
25	0.00875	0.00623	0.00834	0.00983	0.01042	0.00593	0.00700	0.01023	0.01320	0.01751	0.03601	0.59823	0.04240	0.05339	0.00983	0.00296	0.00444	0.14366	0.00612	0.00553
26	0.01405	0.03057	0.55740	0.02141	0.03054	0.01593	0.19266	0.02131	0.01458	0.02131	0.01242	0.01515	0.00892	0.00620	0.00676	0.00216	0.01026	0.00570	0.00297	0.00970
27	0.02190	0.02467	0.04722	0.04174	0.08685	0.35968	0.07264	0.14788	0.07264	0.02313	0.01325	0.01505	0.01037	0.00719	0.00687	0.00195	0.02822	0.00545	0.00424	0.00908
28	0.02484	0.01687	0.01867	0.01434	0.01967	0.01791	0.01180	0.50831	0.05811	0.14653	0.01786	0.01736	0.01250	0.00788	0.00657	0.00195	0.00682	0.00604	0.00673	0.07923
29	0.01805	0.03805	0.04460	0.08568	0.11622	0.13579	0.01369	0.15194	0.08360	0.02416	0.01694	0.07379	0.01496	0.00887	0.00733	0.00206	0.04067	0.04354	0.00467	0.07536
30	0.17367	0.01766	0.07202	0.01413	0.04385	0.12892	0.01134	0.10637	0.14622	0.02554	0.01861	0.12419	0.01672	0.00937	0.00631	0.00210	0.00688	0.01852	0.00504	0.05252

[dist]
# distance from previous block
# <min> <max>
20	74

[block]
# block no. 6 follows, 32 sequences, length 10
# corresponding to MSA columns:
# 404-413
name=unknown_G
#
# <colnr> <probs for GDERKNQSTAVLIFYWHMCP>
#	G	D	E	R	K	N	Q	S	T	A	V	L	I	F	Y	W	H	M	C	P
0	0.01782	0.01218	0.01458	0.01063	0.01641	0.00975	0.00859	0.05571	0.01591	0.16691	0.01511	0.01585	0.01138	0.00581	0.00542	0.00127	0.00525	0.00465	0.00500	0.60176
1	0.01638	0.01093	0.01259	0.01094	0.01361	0.01133	0.00825	0.21796	0.04562	0.09704	0.09370	0.13635	0.07018	0.17819	0.04323	0.00350	0.00621	0.01001	0.00614	0.00784
2	0.02057	0.01634	0.01736	0.01444	0.01893	0.01850	0.01156	0.32785	0.41170	0.03432	0.02238	0.02111	0.01649	0.00864	0.00678	0.00216	0.00622	0.00691	0.00678	0.01097
3	0.01595	0.07929	0.52214	0.01674	0.02505	0.01479	0.02029	0.02224	0.01524	0.12650	0.06642	0.01789	0.01378	0.00716	0.00640	0.00207	0.00860	0.00566	0.00399	0.00979
4	0.01398	0.01217	0.01449	0.01061	0.01605	0.00996	0.00854	0.01683	0.01360	0.02137	0.01165	0.01398	0.00984	0.00556	0.00646	0.00116	0.07013	0.00414	0.00388	0.73561
5	0.07098	0.01411	0.04209	0.03399	0.01592	0.10187	0.00945	0.04615	0.12655	0.06892	0.08969	0.09578	0.15447	0.01090	0.00678	0.00205	0.00585	0.00894	0.00562	0.08990
6	0.05894	0.04370	0.05003	0.17687	0.08398	0.13597	0.05560	0.02057	0.06633	0.04070	0.01716	0.02105	0.05299	0.06506	0.00844	0.00230	0.00807	0.00628	0.00398	0.08196
7	0.14146	0.01521	0.07000	0.08686	0.04032	0.03139	0.06418	0.04867	0.10709	0.07458	0.01686	0.01872	0.03566	0.00929	0.03848	0.00240	0.05786	0.00593	0.00454	0.13052
8	0.01724	0.03254	0.04124	0.01192	0.01537	0.06352	0.00959	0.21595	0.04957	0.07820	0.08091	0.12903	0.09988	0.09284	0.01001	0.00259	0.00619	0.00944	0.00594	0.02801
9	0.03355	0.17113	0.11380	0.09389	0.03770	0.05976	0.01255	0.02011	0.09828	0.03665	0.02339	0.05290	0.12508	0.00881	0.00618	0.00192	0.00681	0.00703	0.00434	0.08611

[dist]
# distance from previous block
# <min> <max>
1	10

[block]
# block no. 7 follows, 32 sequences, length 26
# corresponding to MSA columns:
# 424-449
name=unknown_H
#
# <colnr> <probs for GDERKNQSTAVLIFYWHMCP>
#	G	D	E	R	K	N	Q	S	T	A	V	L	I	F	Y	W	H	M	C	P
0	0.01602	0.11570	0.11380	0.02698	0.01853	0.08493	0.03900	0.07236	0.08677	0.04950	0.02276	0.02627	0.10349	0.06414	0.03750	0.00261	0.00766	0.02773	0.00461	0.07963
1	0.01621	0.14069	0.09074	0.12155	0.02330	0.04656	0.06331	0.09340	0.06536	0.04882	0.01787	0.07332	0.03222	0.01007	0.03556	0.00234	0.00792	0.02764	0.00441	0.07871
2	0.07172	0.09968	0.03257	0.04134	0.01706	0.05285	0.02555	0.10319	0.08598	0.11843	0.07038	0.06475	0.06559	0.07467	0.00925	0.00244	0.02525	0.00771	0.00544	0.02615
3	0.01509	0.06245	0.09758	0.09698	0.04083	0.01479	0.05865	0.07352	0.16406	0.02306	0.01875	0.04027	0.04350	0.00948	0.03534	0.00229	0.02827	0.00656	0.00455	0.16398
4	0.05235	0.06919	0.05013	0.16749	0.02382	0.11047	0.05696	0.03973	0.04307	0.09034	0.12184	0.02365	0.05281	0.00827	0.00653	0.00198	0.00737	0.00688	0.00477	0.06236
5	0.03865	0.03074	0.01668	0.01328	0.01709	0.05744	0.07343	0.19029	0.01975	0.12464	0.08207	0.10359	0.07657	0.05704	0.00878	0.00240	0.00653	0.03545	0.00595	0.03963
6	0.01508	0.01236	0.04341	0.01122	0.01539	0.01123	0.00917	0.04948	0.22821	0.08916	0.05687	0.08109	0.14260	0.01030	0.00672	0.00196	0.00503	0.00862	0.00599	0.19610
7	0.01883	0.01843	0.02188	0.10468	0.04724	0.18731	0.10590	0.04270	0.01519	0.08998	0.01283	0.01701	0.01052	0.03846	0.01248	0.00247	0.23601	0.00604	0.00385	0.00821
8	0.02132	0.01624	0.01754	0.01411	0.01896	0.01771	0.01139	0.36610	0.27453	0.06032	0.02011	0.01936	0.01473	0.00813	0.00658	0.00201	0.00633	0.00642	0.00654	0.09157
9	0.02629	0.01656	0.01864	0.01440	0.01963	0.01762	0.01186	0.48397	0.06402	0.22719	0.01951	0.01841	0.01330	0.00818	0.00673	0.00204	0.00682	0.00631	0.00715	0.01137
10	0.01414	0.01267	0.01680	0.01213	0.01792	0.01025	0.07816	0.01733	0.01395	0.02158	0.01196	0.01437	0.00991	0.00533	0.00600	0.00121	0.03753	0.00446	0.00387	0.69043
11	0.07862	0.01356	0.04034	0.01198	0.01673	0.04640	0.01009	0.08863	0.04179	0.34450	0.04383	0.02634	0.06459	0.00900	0.00658	0.00202	0.00600	0.04617	0.00662	0.09620
12	0.04309	0.04242	0.06825	0.01325	0.01759	0.01443	0.01150	0.14031	0.23422	0.10501	0.05413	0.04388	0.02141	0.01011	0.00696	0.00223	0.00611	0.11067	0.00622	0.04822
13	0.00976	0.00651	0.00732	0.00732	0.00732	0.00651	0.00407	0.00976	0.00976	0.01301	0.02114	0.04391	0.02439	0.76419	0.03415	0.00651	0.00651	0.00976	0.00407	0.00407
14	0.10112	0.01772	0.11660	0.02155	0.14171	0.03883	0.16867	0.02396	0.04550	0.18139	0.03829	0.01863	0.01320	0.00713	0.00726	0.00214	0.03549	0.00642	0.00475	0.00966
