[name]
unknown

[dist]
# distance from previous block
# <min> <max>
0	12

[block]
# block no. 0 follows, 33 sequences, length 20
# corresponding to MSA columns:
# 12-31
name=unknown_A
#
# <colnr> <probs for GDERKNQSTAVLIFYWHMCP>
#	G	D	E	R	K	N	Q	S	T	A	V	L	I	F	Y	W	H	M	C	P
0	0.02190	0.01721	0.05681	0.01597	0.05685	0.01757	0.01294	0.48027	0.06585	0.06980	0.01881	0.04276	0.01504	0.00905	0.00685	0.00211	0.00701	0.06657	0.00623	0.01041
1	0.02305	0.12896	0.02120	0.01644	0.04520	0.42040	0.01264	0.17932	0.05309	0.02250	0.01216	0.01333	0.00970	0.00695	0.00590	0.00175	0.00970	0.00473	0.00419	0.00878
2	0.00955	0.00647	0.00762	0.00762	0.00778	0.00662	0.00454	0.00986	0.00970	0.01309	0.02034	0.04084	0.02296	0.67509	0.12572	0.00693	0.00785	0.00925	0.00393	0.00423
3	0.81514	0.01273	0.00968	0.00866	0.01273	0.01477	0.00713	0.01935	0.01120	0.02954	0.00917	0.01069	0.00713	0.00611	0.00407	0.00204	0.00509	0.00356	0.00407	0.00713
4	0.01243	0.01170	0.01975	0.75282	0.04534	0.01463	0.01828	0.01682	0.01316	0.01682	0.01170	0.01755	0.00878	0.00658	0.00658	0.00219	0.00878	0.00585	0.00293	0.00731
5	0.01243	0.01170	0.01975	0.75282	0.04534	0.01463	0.01828	0.01682	0.01316	0.01682	0.01170	0.01755	0.00878	0.00658	0.00658	0.00219	0.00878	0.00585	0.00293	0.00731
6	0.01637	0.01414	0.01489	0.01340	0.01712	0.01637	0.01042	0.03498	0.71568	0.02754	0.02679	0.02456	0.02010	0.00893	0.00670	0.00223	0.00521	0.00744	0.00670	0.01042
7	0.01144	0.00572	0.00858	0.00858	0.00858	0.00572	0.00572	0.00858	0.00858	0.01144	0.01144	0.02001	0.01144	0.02287	0.02573	0.80846	0.00572	0.00572	0.00286	0.00286
8	0.01994	0.52440	0.02919	0.01317	0.01805	0.26585	0.01175	0.02191	0.01514	0.01570	0.00950	0.01100	0.00846	0.00602	0.00480	0.00150	0.00866	0.00376	0.00301	0.00817
9	0.01330	0.01259	0.02132	0.59194	0.19940	0.01486	0.01872	0.01758	0.01358	0.01788	0.01186	0.01727	0.00915	0.00642	0.00657	0.00214	0.00856	0.00585	0.00300	0.00802
10	0.01536	0.15393	0.52610	0.01768	0.04626	0.01722	0.02076	0.06580	0.01513	0.04602	0.01214	0.01384	0.00888	0.00631	0.00596	0.00196	0.00892	0.00480	0.00324	0.00968
11	0.01395	0.13293	0.59432	0.01834	0.02731	0.01683	0.06697	0.02071	0.01394	0.02014	0.01155	0.01370	0.00846	0.00612	0.00608	0.00200	0.00945	0.00487	0.00282	0.00950
12	0.00940	0.00705	0.01058	0.01058	0.01176	0.00823	0.00823	0.01176	0.01058	0.01528	0.01763	0.02586	0.01646	0.04937	0.74255	0.01058	0.01763	0.00705	0.00353	0.00588
13	0.02316	0.04703	0.01483	0.01201	0.04812	0.00978	0.00923	0.02561	0.01760	0.49112	0.07612	0.06044	0.11569	0.00995	0.00681	0.00206	0.00523	0.00828	0.00724	0.00969
14	0.13433	0.01715	0.16216	0.05833	0.08779	0.01360	0.10701	0.02103	0.04820	0.11655	0.01858	0.04041	0.06015	0.00774	0.00693	0.00209	0.03599	0.00656	0.00439	0.05101
15	0.04629	0.05097	0.01757	0.01598	0.09006	0.03411	0.12990	0.01549	0.01428	0.04963	0.08694	0.30956	0.02827	0.03976	0.00825	0.00238	0.00613	0.01154	0.00501	0.03787
16	0.14580	0.01443	0.08645	0.01208	0.01712	0.01243	0.01072	0.10338	0.07567	0.32281	0.02215	0.05133	0.04178	0.00837	0.00623	0.00203	0.00590	0.00661	0.00631	0.04840
17	0.01693	0.11965	0.06004	0.14859	0.15240	0.06473	0.13276	0.08415	0.04290	0.04081	0.01360	0.03758	0.01106	0.00702	0.00708	0.00203	0.03978	0.00617	0.00378	0.00895
18	0.01858	0.07977	0.21734	0.01691	0.05177	0.05735	0.06482	0.12231	0.12365	0.11815	0.01754	0.05315	0.01351	0.00776	0.00647	0.00204	0.00779	0.00642	0.00489	0.00978
19	0.23833	0.04661	0.05374	0.04953	0.06707	0.04703	0.04811	0.14724	0.11887	0.07438	0.03786	0.01692	0.01275	0.00721	0.00587	0.00203	0.00674	0.00560	0.00499	0.00911

[dist]
# distance from previous block
# <min> <max>
0	8

[block]
# block no. 1 follows, 33 sequences, length 39
# corresponding to MSA columns:
# 40-78
name=unknown_B
#
# <colnr> <probs for GDERKNQSTAVLIFYWHMCP>
#	G	D	E	R	K	N	Q	S	T	A	V	L	I	F	Y	W	H	M	C	P
0	0.04210	0.01138	0.04655	0.01455	0.06571	0.01237	0.01086	0.01454	0.05164	0.01818	0.02522	0.30638	0.07857	0.01441	0.01216	0.00258	0.24991	0.01134	0.00465	0.00689
1	0.01273	0.01226	0.07534	0.08934	0.17499	0.01110	0.01257	0.01616	0.04508	0.04838	0.02156	0.25062	0.02235	0.09403	0.01080	0.00272	0.04727	0.01018	0.00451	0.03803
2	0.15035	0.06178	0.05439	0.04489	0.01950	0.05059	0.07512	0.16441	0.05476	0.08335	0.01563	0.06682	0.01285	0.00879	0.00759	0.04732	0.02575	0.00632	0.00481	0.04497
3	0.01937	0.08233	0.09820	0.01526	0.02014	0.13199	0.04196	0.22764	0.14142	0.02662	0.01751	0.01815	0.04396	0.00792	0.00711	0.00197	0.04768	0.00596	0.00492	0.03990
4	0.00821	0.00584	0.00771	0.00905	0.00943	0.00555	0.00601	0.00930	0.01226	0.01639	0.03422	0.67320	0.04080	0.08710	0.03853	0.00330	0.00457	0.01747	0.00583	0.00525
5	0.02028	0.08600	0.01925	0.01545	0.05171	0.10083	0.01191	0.25451	0.31336	0.02951	0.01900	0.01857	0.01432	0.00791	0.00634	0.00200	0.00693	0.00615	0.00578	0.01018
6	0.01684	0.26893	0.27379	0.01459	0.02158	0.01830	0.03300	0.08608	0.03912	0.05870	0.01259	0.01386	0.00967	0.00622	0.00553	0.00173	0.00771	0.00467	0.00371	0.10338
7	0.05515	0.13405	0.20556	0.01365	0.01922	0.07343	0.01363	0.09264	0.06215	0.11810	0.11682	0.02102	0.03109	0.00800	0.00617	0.00194	0.00712	0.00623	0.00495	0.00906
8	0.01583	0.06303	0.22852	0.02402	0.06119	0.01635	0.40966	0.02153	0.01513	0.06068	0.01335	0.01650	0.00982	0.00591	0.00704	0.00212	0.01005	0.00659	0.00342	0.00929
9	0.00815	0.00578	0.00760	0.00901	0.00936	0.00543	0.00594	0.00920	0.01236	0.01648	0.03503	0.70612	0.04196	0.08101	0.01043	0.00297	0.00403	0.01798	0.00594	0.00524
10	0.01635	0.01741	0.06621	0.10594	0.09064	0.04626	0.35337	0.08384	0.04842	0.03962	0.01525	0.05819	0.01230	0.00704	0.00722	0.00216	0.00936	0.00748	0.00397	0.00898
11	0.01821	0.01433	0.03976	0.01857	0.07426	0.05200	0.21697	0.05044	0.03316	0.19753	0.05452	0.13713	0.04328	0.00955	0.00728	0.00218	0.00744	0.00908	0.00543	0.00888
12	0.00802	0.00573	0.00764	0.00917	0.00955	0.00535	0.00611	0.00917	0.01260	0.01681	0.03628	0.76434	0.04354	0.02062	0.00840	0.00267	0.00382	0.01872	0.00611	0.00535
13	0.01629	0.01564	0.02672	0.04041	0.72757	0.01564	0.02020	0.02020	0.01499	0.02151	0.01238	0.01629	0.01043	0.00587	0.00652	0.00196	0.00782	0.00587	0.00326	0.01043
14	0.01887	0.08868	0.01848	0.03764	0.08545	0.01438	0.03009	0.18912	0.03488	0.15270	0.05234	0.11802	0.03622	0.01056	0.00834	0.04739	0.03435	0.00802	0.00558	0.00890
15	0.01588	0.01555	0.02454	0.16516	0.54542	0.05491	0.01916	0.01973	0.01487	0.02032	0.01283	0.01806	0.01087	0.00642	0.00658	0.00202	0.00816	0.02663	0.00329	0.00959
16	0.01024	0.00836	0.01089	0.01079	0.01205	0.04826	0.00831	0.01246	0.01098	0.01523	0.01735	0.02578	0.01632	0.07534	0.67442	0.00993	0.01688	0.00700	0.00354	0.00590
17	0.01736	0.01449	0.01530	0.01338	0.01728	0.01654	0.01051	0.13952	0.57743	0.02931	0.02679	0.02486	0.04926	0.00911	0.00673	0.00219	0.00545	0.00748	0.00666	0.01033
18	0.02101	0.28549	0.02493	0.01531	0.01933	0.38996	0.03391	0.04032	0.01629	0.01668	0.00993	0.01193	0.00860	0.00679	0.00679	0.00172	0.07550	0.00428	0.00323	0.00801
19	0.01145	0.00984	0.01371	0.01246	0.01333	0.01226	0.00983	0.01319	0.01044	0.01549	0.01452	0.02340	0.01430	0.12985	0.34930	0.00674	0.27855	0.00675	0.00338	0.05120
20	0.01822	0.25333	0.06069	0.06673	0.07095	0.17322	0.01412	0.06780	0.01511	0.01829	0.01025	0.01310	0.00885	0.00745	0.00903	0.00196	0.17460	0.00473	0.00325	0.00832
21	0.05859	0.01842	0.11428	0.07020	0.20365	0.07918	0.07932	0.08349	0.04397	0.08619	0.01528	0.04445	0.01236	0.00757	0.00720	0.00210	0.03925	0.02094	0.00426	0.00930
22	0.00866	0.00621	0.00809	0.00939	0.00996	0.00591	0.00635	0.03526	0.01329	0.01773	0.03552	0.73629	0.04233	0.02015	0.00833	0.00265	0.00395	0.01824	0.00613	0.00557
23	0.00875	0.00659	0.00825	0.00923	0.01055	0.00609	0.00708	0.01067	0.01430	0.01829	0.06993	0.32313	0.25110	0.01845	0.00839	0.00262	0.00430	0.21049	0.00614	0.00565
24	0.01565	0.01804	0.14347	0.06290	0.30043	0.01495	0.14894	0.05871	0.03785	0.04417	0.01555	0.08071	0.01329	0.00745	0.00689	0.00211	0.00828	0.00724	0.00387	0.00950
25	0.12081	0.22859	0.10934	0.03074	0.02033	0.05821	0.08739	0.08088	0.05098	0.02156	0.01227	0.01476	0.01002	0.01049	0.07288	0.00269	0.05083	0.00510	0.00367	0.00845
26	0.04644	0.01716	0.05668	0.01364	0.01832	0.08109	0.01148	0.28666	0.14021	0.15322	0.04830	0.02103	0.04087	0.00840	0.00650	0.00201	0.00671	0.00655	0.02470	0.01002
27	0.01301	0.01291	0.03115	0.01152	0.01385	0.12741	0.00896	0.01869	0.17076	0.02019	0.07240	0.23671	0.13580	0.01413	0.00751	0.00234	0.00572	0.08406	0.00577	0.00712
28	0.01702	0.03822	0.02509	0.08382	0.31748	0.01543	0.13940	0.11996	0.01719	0.05916	0.01598	0.09157	0.01388	0.00775	0.00688	0.00208	0.00786	0.00747	0.00425	0.00949
29	0.18830	0.36435	0.02519	0.01309	0.01795	0.17498	0.04967	0.06425	0.01527	0.02055	0.01003	0.01160	0.00844	0.00612	0.00490	0.00168	0.00790	0.00407	0.00347	0.00819
30	0.03968	0.00857	0.01080	0.01137	0.04524	0.00838	0.00797	0.06656	0.04294	0.10177	0.09052	0.39209	0.08870	0.01562	0.00769	0.00241	0.00456	0.04178	0.00629	0.00706
31	0.02392	0.06813	0.01977	0.01759	0.04773	0.67780	0.01294	0.02572	0.01825	0.01629	0.01021	0.01198	0.00855	0.00669	0.00587	0.00169	0.01147	0.00427	0.00336	0.00778
32	0.01559	0.01659	0.06095	0.10394	0.43175	0.01581	0.19429	0.02058	0.03615	0.02110	0.01297	0.01693	0.01036	0.00596	0.00684	0.00206	0.00876	0.00635	0.00333	0.00970
33	0.01430	0.01380	0.02250	0.44911	0.31676	0.03440	0.01890	0.01842	0.01404	0.01867	0.01193	0.01690	0.00943	0.00630	0.00654	0.00209	0.00848	0.00581	0.00307	0.00856
34	0.01190	0.00981	0.01216	0.01295	0.08637	0.01009	0.00875	0.01943	0.22362	0.02487	0.34150	0.05993	0.12828	0.01194	0.00734	0.00214	0.00427	0.01040	0.00650	0.00779
35	0.00800	0.00581	0.00755	0.00894	0.00949	0.00537	0.00601	0.00919	0.01282	0.01689	0.03900	0.70170	0.10443	0.02027	0.00835	0.00263	0.00378	0.01828	0.00611	0.00537
36	0.06271	0.01292	0.01489	0.01265	0.01653	0.01394	0.03593	0.08974	0.36800	0.13336	0.10574	0.02722	0.05868	0.00935	0.00675	0.00215	0.00533	0.00782	0.00666	0.00963
37	0.07104	0.01536	0.05455	0.01322	0.01779	0.04090	0.01104	0.09207	0.35962	0.21735	0.02307	0.02129	0.01640	0.00823	0.00645	0.00212	0.00598	0.00659	0.00658	0.01035
38	0.34256	0.03932	0.01518	0.01271	0.01681	0.27879	0.01007	0.08947	0.01673	0.10538	0.01208	0.01294	0.00909	0.00675	0.00528	0.00189	0.00787	0.00438	0.00450	0.00820

[dist]
# distance from previous block
# <min> <max>
0	3

[block]
# block no. 2 follows, 33 sequences, length 86
# corresponding to MSA columns:
# 82-167
name=unknown_C
#
# <colnr> <probs for GDERKNQSTAVLIFYWHMCP>
#	G	D	E	R	K	N	Q	S	T	A	V	L	I	F	Y	W	H	M	C	P
0	0.05441	0.00674	0.00843	0.00879	0.01007	0.00637	0.00629	0.01181	0.01517	0.04631	0.30251	0.39238	0.07330	0.01645	0.00783	0.00236	0.00366	0.01462	0.00651	0.00600
1	0.02191	0.01738	0.01797	0.01459	0.01923	0.04602	0.01177	0.43953	0.27617	0.03553	0.01954	0.01880	0.01429	0.00823	0.00660	0.00206	0.00669	0.00641	0.00651	0.01078
2	0.02157	0.01854	0.06854	0.01643	0.02175	0.01885	0.08874	0.48163	0.08925	0.03510	0.01751	0.01802	0.03232	0.00800	0.00722	0.00207	0.03169	0.00642	0.00585	0.01048
3	0.05635	0.00905	0.01226	0.01126	0.01285	0.01036	0.03093	0.07168	0.01231	0.01810	0.01683	0.02617	0.01608	0.16588	0.44295	0.00786	0.06183	0.00714	0.00385	0.00625
4	0.01629	0.01564	0.02672	0.04041	0.72757	0.01564	0.02020	0.02020	0.01499	0.02151	0.01238	0.01629	0.01043	0.00587	0.00652	0.00196	0.00782	0.00587	0.00326	0.01043
5	0.01516	0.01449	0.02468	0.24875	0.52805	0.01534	0.01964	0.01921	0.01446	0.02014	0.01218	0.01666	0.00994	0.00608	0.00654	0.00203	0.00810	0.00586	0.00316	0.00952
6	0.81514	0.01273	0.00968	0.00866	0.01273	0.01477	0.00713	0.01935	0.01120	0.02954	0.00917	0.01069	0.00713	0.00611	0.00407	0.00204	0.00509	0.00356	0.00407	0.00713
7	0.01605	0.01553	0.02690	0.07854	0.65832	0.01563	0.05182	0.02006	0.01492	0.02123	0.01239	0.01643	0.01032	0.00589	0.00658	0.00198	0.00802	0.00595	0.00324	0.01019
8	0.01563	0.01751	0.03744	0.02921	0.11460	0.01653	0.62460	0.02099	0.01547	0.02114	0.01321	0.01759	0.01004	0.00559	0.00762	0.00219	0.01072	0.00755	0.00332	0.00906
9	0.00957	0.00641	0.00734	0.00734	0.00739	0.00647	0.00419	0.00967	0.00962	0.01288	0.02060	0.04228	0.02359	0.73526	0.06642	0.00658	0.00690	0.00946	0.00397	0.00408
10	0.81514	0.01273	0.00968	0.00866	0.01273	0.01477	0.00713	0.01935	0.01120	0.02954	0.00917	0.01069	0.00713	0.00611	0.00407	0.00204	0.00509	0.00356	0.00407	0.00713
11	0.00957	0.00638	0.00718	0.00718	0.00718	0.00638	0.00399	0.00957	0.00957	0.01276	0.02074	0.04308	0.02393	0.76864	0.03351	0.00638	0.00638	0.00957	0.00399	0.00399
12	0.00959	0.00733	0.01094	0.01084	0.01197	0.00868	0.00846	0.01191	0.01056	0.01530	0.01729	0.02543	0.01616	0.04793	0.71514	0.01029	0.04573	0.00700	0.00350	0.00593
13	0.01227	0.00614	0.00614	0.00614	0.00767	0.00614	0.00460	0.01534	0.01381	0.02454	0.02148	0.02454	0.01687	0.00767	0.00460	0.00153	0.00307	0.00614	0.80518	0.00614
14	0.01516	0.32909	0.41094	0.01614	0.04177	0.01965	0.01851	0.02085	0.03742	0.01894	0.01127	0.01298	0.00883	0.00609	0.00546	0.00182	0.00845	0.00444	0.00294	0.00926
15	0.00799	0.00600	0.00742	0.00850	0.00939	0.00542	0.00583	0.00932	0.01338	0.01730	0.06154	0.56497	0.22022	0.01942	0.00823	0.00254	0.00368	0.01730	0.00614	0.00542
16	0.01227	0.00614	0.00614	0.00614	0.00767	0.00614	0.00460	0.01534	0.01381	0.02454	0.02148	0.02454	0.01687	0.00767	0.00460	0.00153	0.00307	0.00614	0.80518	0.00614
17	0.02045	0.47036	0.02804	0.01359	0.01831	0.31807	0.01186	0.02239	0.01553	0.01574	0.00957	0.01110	0.00846	0.00610	0.00492	0.00153	0.00901	0.00381	0.00305	0.00812
18	0.00844	0.00608	0.00807	0.00941	0.01010	0.00571	0.00668	0.00998	0.01340	0.01779	0.07596	0.59705	0.07543	0.01971	0.00843	0.00267	0.00406	0.10937	0.00617	0.00550
19	0.01637	0.01414	0.01489	0.01340	0.01712	0.01637	0.01042	0.03498	0.71568	0.02754	0.02679	0.02456	0.02010	0.00893	0.00670	0.00223	0.00521	0.00744	0.00670	0.01042
20	0.00948	0.00641	0.00750	0.00754	0.00772	0.00644	0.00447	0.00985	0.01028	0.01387	0.06061	0.07583	0.02652	0.64729	0.07467	0.00623	0.00677	0.00997	0.00424	0.00429
21	0.01629	0.01564	0.02672	0.04041	0.72757	0.01564	0.02020	0.02020	0.01499	0.02151	0.01238	0.01629	0.01043	0.00587	0.00652	0.00196	0.00782	0.00587	0.00326	0.01043
22	0.01760	0.77260	0.03450	0.01126	0.01690	0.02605	0.01126	0.01971	0.01338	0.01549	0.00915	0.01056	0.00845	0.00563	0.00422	0.00141	0.00704	0.00352	0.00282	0.00845
23	0.01870	0.01783	0.01603	0.01423	0.01802	0.15658	0.01104	0.09078	0.52269	0.02653	0.02265	0.02137	0.01710	0.00843	0.00654	0.00211	0.00667	0.00670	0.00605	0.00995
24	0.00952	0.00615	0.00823	0.00942	0.01015	0.00570	0.00647	0.01082	0.01309	0.06442	0.03556	0.69558	0.04157	0.01973	0.00830	0.00264	0.00400	0.03665	0.00625	0.00576
25	0.01554	0.01776	0.03885	0.02775	0.03441	0.01665	0.70366	0.02109	0.01554	0.02109	0.01332	0.01776	0.00999	0.00555	0.00777	0.00222	0.01110	0.00777	0.00333	0.00888
26	0.00947	0.00679	0.00922	0.00922	0.00993	0.00749	0.00653	0.01088	0.01018	0.01428	0.01888	0.03274	0.01945	0.33676	0.45925	0.00890	0.01314	0.00806	0.00371	0.00512
27	0.00945	0.00694	0.00778	0.00743	0.00961	0.00598	0.00562	0.01159	0.01629	0.06027	0.25785	0.05689	0.49025	0.01525	0.00771	0.00217	0.00339	0.01290	0.00656	0.00607
28	0.01920	0.60274	0.03087	0.01257	0.01769	0.19016	0.01160	0.02122	0.01459	0.01563	0.00939	0.01086	0.00846	0.00590	0.00462	0.00147	0.00815	0.00369	0.00295	0.00826
29	0.01440	0.01440	0.02016	0.01728	0.01728	0.02016	0.01440	0.01584	0.01008	0.01584	0.00864	0.01440	0.00864	0.01152	0.02160	0.00288	0.75659	0.00576	0.00288	0.00720
30	0.00802	0.00573	0.00764	0.00917	0.00955	0.00535	0.00611	0.00917	0.01260	0.01681	0.03628	0.76434	0.04354	0.02062	0.00840	0.00267	0.00382	0.01872	0.00611	0.00535
31	0.02461	0.03097	0.01869	0.01690	0.02035	0.71945	0.01271	0.04771	0.01904	0.01691	0.01035	0.01200	0.00857	0.00682	0.00596	0.00170	0.01173	0.00429	0.00349	0.00774
32	0.01487	0.01458	0.02015	0.01719	0.01742	0.02018	0.01432	0.04633	0.01100	0.01698	0.00896	0.01446	0.00875	0.01136	0.02094	0.00284	0.72347	0.00577	0.00304	0.00738
33	0.01615	0.01542	0.02599	0.03869	0.68776	0.01526	0.01951	0.02000	0.01492	0.02150	0.01234	0.01615	0.01039	0.00581	0.00643	0.00190	0.00766	0.00576	0.00329	0.05508
34	0.01559	0.01146	0.01284	0.01129	0.01457	0.01200	0.00877	0.12268	0.25861	0.08644	0.11966	0.11903	0.12097	0.01154	0.00708	0.00215	0.00484	0.00977	0.00660	0.04410
35	0.01440	0.01440	0.02016	0.01728	0.01728	0.02016	0.01440	0.01584	0.01008	0.01584	0.00864	0.01440	0.00864	0.01152	0.02160	0.00288	0.75659	0.00576	0.00288	0.00720
36	0.01637	0.01933	0.21738	0.06029	0.02675	0.01389	0.24688	0.04398	0.03839	0.13076	0.04050	0.08300	0.01541	0.00794	0.00710	0.00218	0.00855	0.00771	0.00448	0.00911
37	0.00809	0.00648	0.00713	0.00736	0.00905	0.00563	0.00531	0.00975	0.01472	0.01838	0.13525	0.19653	0.48490	0.05030	0.00904	0.00248	0.00354	0.01441	0.00615	0.00552
38	0.01543	0.01468	0.02514	0.08339	0.59008	0.01480	0.04463	0.01935	0.01504	0.02127	0.04069	0.02092	0.01381	0.00688	0.00676	0.00205	0.00773	0.04405	0.00355	0.00976
39	0.00957	0.00640	0.00728	0.00728	0.00732	0.00644	0.00412	0.00964	0.00960	0.01284	0.02065	0.04256	0.02371	0.74705	0.05479	0.00651	0.00672	0.00950	0.00398	0.00405
40	0.01358	0.03396	0.71108	0.01870	0.02823	0.03910	0.02394	0.02103	0.01405	0.02069	0.01176	0.01383	0.00834	0.00627	0.00624	0.00207	0.00980	0.00484	0.00280	0.00966
41	0.02203	0.01895	0.01955	0.05570	0.02173	0.20610	0.08813	0.15452	0.13953	0.15566	0.01820	0.04009	0.01365	0.00788	0.00663	0.00202	0.00821	0.00645	0.00548	0.00949
42	0.00881	0.00690	0.00805	0.00828	0.00991	0.00636	0.00607	0.01173	0.05649	0.02031	0.21998	0.24282	0.31902	0.01650	0.00791	0.00233	0.00359	0.03254	0.00643	0.00597
43	0.00949	0.00635	0.00721	0.00729	0.00731	0.00632	0.00411	0.00955	0.00974	0.01299	0.02161	0.08342	0.02503	0.72681	0.03210	0.00617	0.00624	0.01008	0.00411	0.00406
44	0.29096	0.30488	0.05516	0.01285	0.04057	0.13178	0.01112	0.02050	0.01338	0.02086	0.00953	0.01133	0.00807	0.00627	0.00538	0.00178	0.04040	0.00389	0.00335	0.00794
45	0.01320	0.03405	0.73453	0.01876	0.02849	0.01529	0.02432	0.02085	0.01390	0.02085	0.01181	0.01390	0.00834	0.00625	0.00625	0.00208	0.00973	0.00486	0.00278	0.00973
46	0.01579	0.09388	0.01707	0.01160	0.03566	0.03955	0.00920	0.09260	0.01573	0.02281	0.01184	0.01356	0.00974	0.00538	0.00508	0.00118	0.00571	0.00415	0.00404	0.58541
47	0.00808	0.00579	0.00759	0.00900	0.00942	0.00540	0.00598	0.00919	0.01255	0.01666	0.03656	0.71023	0.06428	0.05356	0.00949	0.00282	0.00392	0.01816	0.00602	0.00529
48	0.00828	0.00666	0.00738	0.00726	0.00921	0.00576	0.00542	0.01038	0.01608	0.02049	0.27465	0.08176	0.49197	0.01578	0.00780	0.00219	0.00328	0.01342	0.00647	0.00576
49	0.01365	0.01058	0.01277	0.01311	0.06342	0.05024	0.03109	0.07055	0.07124	0.07558	0.05193	0.30211	0.11478	0.01537	0.03321	0.00260	0.00574	0.02911	0.02553	0.00737
50	0.01769	0.63998	0.10492	0.01247	0.01835	0.08006	0.01271	0.02033	0.01384	0.01609	0.00950	0.01100	0.00844	0.00578	0.00456	0.00150	0.00769	0.00371	0.00286	0.00852
51	0.01338	0.01197	0.01677	0.04878	0.08875	0.01265	0.09424	0.02266	0.29412	0.02304	0.09220	0.14145	0.08953	0.01102	0.00726	0.00225	0.00576	0.00998	0.00569	0.00849
52	0.01243	0.01170	0.01975	0.75282	0.04534	0.01463	0.01828	0.01682	0.01316	0.01682	0.01170	0.01755	0.00878	0.00658	0.00658	0.00219	0.00878	0.00585	0.00293	0.00731
53	0.04289	0.74850	0.03371	0.01118	0.01676	0.02569	0.01113	0.01970	0.01331	0.01593	0.00915	0.01056	0.00841	0.00565	0.00422	0.00143	0.00698	0.00352	0.00286	0.00841
54	0.02435	0.05731	0.01921	0.01676	0.02023	0.71715	0.01267	0.02606	0.01847	0.01609	0.01014	0.01183	0.00848	0.00674	0.00588	0.00169	0.01170	0.00421	0.00337	0.00766
55	0.01696	0.66520	0.13629	0.01235	0.01858	0.02448	0.01316	0.01988	0.01345	0.01627	0.00954	0.01105	0.00843	0.00572	0.00452	0.00151	0.00743	0.00372	0.00281	0.00863
56	0.01631	0.46083	0.10648	0.01309	0.01805	0.04169	0.03425	0.01903	0.01358	0.04341	0.01357	0.08732	0.01305	0.00811	0.00662	0.00183	0.06635	0.02476	0.00346	0.00821
57	0.00850	0.00659	0.00774	0.00768	0.00939	0.00583	0.00567	0.01075	0.01635	0.02153	0.35751	0.13830	0.34913	0.01569	0.00785	0.00221	0.00329	0.01356	0.00662	0.00583
58	0.07320	0.03480	0.05644	0.03131	0.01743	0.01127	0.00952	0.07870	0.01501	0.02350	0.01182	0.01366	0.00954	0.00538	0.00508	0.00125	0.00555	0.00416	0.00403	0.58833
59	0.01179	0.03494	0.01423	0.03826	0.03518	0.00941	0.08825	0.02986	0.05743	0.05593	0.11785	0.25093	0.16061	0.03591	0.00839	0.00243	0.00526	0.03069	0.00571	0.00692
60	0.03904	0.22761	0.27334	0.03573	0.02497	0.06604	0.13619	0.06174	0.01544	0.04452	0.01189	0.01394	0.00908	0.00616	0.00593	0.00189	0.00894	0.00508	0.00337	0.00910
61	0.01351	0.08554	0.68573	0.01824	0.02768	0.01604	0.02341	0.02077	0.01386	0.02047	0.01163	0.01367	0.00835	0.00621	0.00611	0.00204	0.00954	0.00477	0.00278	0.00964
62	0.00932	0.00636	0.00737	0.00748	0.00776	0.00622	0.00447	0.00980	0.01099	0.01472	0.09280	0.12108	0.05640	0.58685	0.02735	0.00541	0.00567	0.01094	0.00461	0.00441
63	0.01720	0.08027	0.24558	0.09042	0.12023	0.04896	0.01680	0.10320	0.01704	0.10069	0.05248	0.01938	0.04432	0.00744	0.00637	0.00199	0.00789	0.00604	0.00431	0.00936
64	0.06135	0.07173	0.17199	0.04236	0.10473	0.08914	0.09632	0.12234	0.03526	0.02323	0.01556	0.10710	0.01381	0.00823	0.00651	0.00206	0.00820	0.00706	0.00412	0.00889
65	0.01582	0.01825	0.16849	0.03387	0.02321	0.03197	0.19801	0.11802	0.06631	0.04794	0.01970	0.05575	0.05298	0.02909	0.00752	0.00220	0.00791	0.00745	0.08677	0.00874
66	0.00955	0.00685	0.00984	0.00989	0.01085	0.00774	0.00741	0.01138	0.01053	0.01512	0.01847	0.04985	0.01807	0.14081	0.57884	0.03987	0.01487	0.00765	0.02692	0.00551
67	0.06047	0.01526	0.04574	0.05698	0.22376	0.03225	0.05980	0.10580	0.03668	0.02259	0.01706	0.05217	0.05863	0.00982	0.02782	0.00244	0.15299	0.00695	0.00405	0.00872
68	0.02022	0.07640	0.17583	0.08464	0.09218	0.07145	0.01551	0.12672	0.06925	0.17918	0.01633	0.01699	0.01163	0.00710	0.00630	0.00199	0.00781	0.00564	0.00492	0.00991
69	0.01332	0.01299	0.08109	0.01395	0.04882	0.03246	0.06465	0.08377	0.09003	0.04528	0.02906	0.28672	0.09585	0.05973	0.00906	0.00257	0.00602	0.01163	0.00542	0.00758
70	0.00886	0.00673	0.00819	0.00803	0.00976	0.00606	0.00610	0.01144	0.01705	0.02290	0.44714	0.07873	0.27296	0.01502	0.00787	0.00220	0.00339	0.05483	0.00677	0.00596
71	0.06240	0.09108	0.02304	0.13169	0.27605	0.01651	0.03871	0.06388	0.06013	0.10117	0.01420	0.01669	0.01098	0.00691	0.00725	0.00204	0.05793	0.00574	0.00416	0.00945
72	0.03979	0.15043	0.07680	0.08584	0.10316	0.01627	0.12745	0.05443	0.03512	0.17746	0.03847	0.01788	0.01284	0.00696	0.00673	0.00199	0.02838	0.00603	0.00459	0.00938
73	0.00957	0.00638	0.00718	0.00718	0.00718	0.00638	0.00399	0.00957	0.00957	0.01276	0.02074	0.04308	0.02393	0.76864	0.03351	0.00638	0.00638	0.00957	0.00399	0.00399
74	0.00969	0.00707	0.00864	0.00838	0.01013	0.00655	0.00623	0.01297	0.05193	0.04225	0.42771	0.14716	0.20707	0.01479	0.00777	0.00219	0.00343	0.01291	0.00683	0.00629
75	0.04240	0.03679	0.08822	0.18423	0.39015	0.08642	0.01858	0.03942	0.01515	0.02061	0.01188	0.01557	0.00956	0.00620	0.00632	0.00198	0.00847	0.00548	0.00327	0.00930
76	0.01838	0.12313	0.15434	0.01561	0.06517	0.07391	0.03345	0.11422	0.01787	0.13708	0.08250	0.06296	0.03913	0.00875	0.00648	0.00199	0.00723	0.02372	0.00503	0.00906
77	0.01951	0.02129	0.01853	0.06636	0.02025	0.33539	0.01317	0.04487	0.03824	0.04254	0.01151	0.01470	0.00971	0.00963	0.02973	0.00239	0.26590	0.00523	0.02332	0.00772
78	0.18934	0.09813	0.06552	0.08864	0.04207	0.01683	0.05534	0.19535	0.06288	0.02740	0.03625	0.04574	0.03419	0.00780	0.00598	0.00202	0.00684	0.00619	0.00471	0.00878
79	0.01626	0.08494	0.01634	0.04538	0.03755	0.01460	0.01022	0.14847	0.22831	0.04729	0.08087	0.07412	0.06334	0.00973	0.00657	0.00203	0.00557	0.02246	0.02901	0.05694
80	0.03462	0.04276	0.06772	0.17719	0.21315	0.01450	0.01492	0.06933	0.10117	0.02204	0.04835	0.04201	0.01531	0.05314	0.02810	0.00252	0.00745	0.00669	0.00416	0.03487
81	0.03785	0.04298	0.05989	0.01647	0.12132	0.01396	0.01211	0.14949	0.11600	0.10927	0.07765	0.02351	0.03302	0.00823	0.00642	0.00192	0.00613	0.03632	0.00551	0.12195
82	0.03532	0.01369	0.02051	0.13357	0.16325	0.03699	0.11449	0.07031	0.03810	0.06097	0.05602	0.04996	0.04824	0.03229	0.00753	0.00212	0.00728	0.00722	0.00442	0.09773
83	0.01937	0.01482	0.02063	0.13250	0.17697	0.03519	0.05740	0.16404	0.06204	0.14048	0.01803	0.01948	0.03890	0.00747	0.00697	0.00202	0.02541	0.00638	0.00504	0.04686
84	0.01806	0.04076	0.10361	0.06423	0.20328	0.11137	0.05233	0.05210	0.03556	0.11104	0.05329	0.04242	0.01461	0.00734	0.00645	0.00193	0.00783	0.00632	0.00440	0.06307
85	0.01740	0.04282	0.05526	0.15731	0.27857	0.08000	0.01648	0.13262	0.03243	0.02320	0.01265	0.01567	0.01003	0.00657	0.00669	0.00192	0.02877	0.00548	0.00383	0.07230

[dist]
# distance from previous block
# <min> <max>
10	21

[block]
# block no. 3 follows, 33 sequences, length 18
# corresponding to MSA columns:
# 191-208
name=unknown_D
#
# <colnr> <probs for GDERKNQSTAVLIFYWHMCP>
#	G	D	E	R	K	N	Q	S	T	A	V	L	I	F	Y	W	H	M	C	P
0	0.04721	0.14421	0.12374	0.01588	0.08501	0.06266	0.03593	0.10032	0.06639	0.04687	0.06157	0.01962	0.05282	0.00743	0.00598	0.00181	0.00701	0.00593	0.00444	0.10515
1	0.04011	0.06900	0.11529	0.04469	0.02070	0.12157	0.07798	0.09088	0.09112	0.02226	0.04223	0.02201	0.08994	0.00955	0.03071	0.00225	0.03699	0.00659	0.00438	0.06174
2	0.09721	0.07071	0.16986	0.01750	0.08096	0.09841	0.06781	0.12179	0.07370	0.02480	0.05924	0.01873	0.01422	0.00739	0.00623	0.00198	0.00788	0.02497	0.00435	0.03226
3	0.08048	0.09895	0.14814	0.01347	0.01844	0.09399	0.01261	0.07524	0.08802	0.02275	0.05809	0.04554	0.01468	0.00778	0.00692	0.00186	0.05951	0.00578	0.00427	0.14347
4	0.04790	0.10809	0.21001	0.01784	0.07955	0.10949	0.06545	0.11634	0.04057	0.02321	0.01240	0.01421	0.00959	0.00630	0.00591	0.00180	0.00833	0.00498	0.00380	0.11421
5	0.02279	0.10873	0.02049	0.01424	0.01928	0.05413	0.01184	0.45809	0.11416	0.05940	0.01636	0.01626	0.01200	0.00761	0.00623	0.00189	0.00704	0.00571	0.00596	0.03779
6	0.04892	0.14632	0.26630	0.01749	0.09476	0.05305	0.01621	0.07043	0.04942	0.06844	0.01507	0.07505	0.01268	0.00782	0.00654	0.00201	0.03018	0.00612	0.00401	0.00919
7	0.00856	0.00653	0.00791	0.00832	0.00980	0.00589	0.00619	0.01063	0.01541	0.02014	0.24009	0.24345	0.29240	0.01695	0.00807	0.00238	0.00367	0.08145	0.00643	0.00574
8	0.06889	0.04623	0.20001	0.01673	0.05536	0.10745	0.01532	0.19206	0.01891	0.12336	0.01403	0.01515	0.01022	0.00745	0.00763	0.00205	0.07958	0.00530	0.00465	0.00963
9	0.06725	0.04276	0.02479	0.10891	0.18798	0.09624	0.16983	0.12551	0.04000	0.02364	0.01385	0.04419	0.01133	0.00695	0.00660	0.00204	0.00860	0.00644	0.00401	0.00906
10	0.01197	0.00819	0.01080	0.01129	0.03762	0.00805	0.00849	0.03720	0.04999	0.07284	0.23175	0.15368	0.06630	0.04138	0.03727	0.00289	0.00526	0.19185	0.00634	0.00681
11	0.01048	0.00748	0.01046	0.01197	0.01343	0.00746	0.01038	0.01341	0.01503	0.01955	0.03493	0.10922	0.03817	0.01831	0.00906	0.00301	0.00595	0.64960	0.00606	0.00603
12	0.81514	0.01273	0.00968	0.00866	0.01273	0.01477	0.00713	0.01935	0.01120	0.02954	0.00917	0.01069	0.00713	0.00611	0.00407	0.00204	0.00509	0.00356	0.00407	0.00713
13	0.00957	0.00638	0.00718	0.00718	0.00718	0.00638	0.00399	0.00957	0.00957	0.01276	0.02074	0.04308	0.02393	0.76864	0.03351	0.00638	0.00638	0.00957	0.00399	0.00399
14	0.20328	0.01471	0.01955	0.05158	0.17311	0.01555	0.07453	0.14793	0.08193	0.13155	0.01564	0.01676	0.01145	0.00691	0.00611	0.00205	0.00686	0.00577	0.00508	0.00965
15	0.12455	0.05149	0.08519	0.01521	0.02049	0.14104	0.04277	0.35698	0.02294	0.05792	0.01364	0.01443	0.00998	0.00715	0.00608	0.00194	0.00808	0.00525	0.00514	0.00973
16	0.00957	0.00638	0.00718	0.00718	0.00718	0.00638	0.00399	0.00957	0.00957	0.01276	0.02074	0.04308	0.02393	0.76864	0.03351	0.00638	0.00638	0.00957	0.00399	0.00399
17	0.64299	0.01371	0.04574	0.00978	0.01420	0.01439	0.00844	0.02177	0.05986	0.09974	0.01218	0.01297	0.00899	0.00651	0.00461	0.00205	0.00538	0.00420	0.00460	0.00789

[dist]
# distance from previous block
# <min> <max>
0	6

# created by:
# /home/berkeley/.conda/envs/busco_data_prod/bin/msa2prfl.pl pipeline/OGs_align_augustus/4893/6729.fs
