[name]
unknown

[dist]
# distance from previous block
# <min> <max>
5	85

[block]
# block no. 0 follows, 32 sequences, length 8
# corresponding to MSA columns:
# 88-95
name=unknown_A
#
# <colnr> <probs for GDERKNQSTAVLIFYWHMCP>
#	G	D	E	R	K	N	Q	S	T	A	V	L	I	F	Y	W	H	M	C	P
0	0.13361	0.01223	0.01570	0.07230	0.01881	0.01237	0.06811	0.13082	0.01771	0.16727	0.05673	0.05516	0.06614	0.04851	0.00792	0.00228	0.00617	0.00748	0.03872	0.06196
1	0.07192	0.01173	0.01522	0.10199	0.06965	0.04206	0.04678	0.09037	0.01626	0.04675	0.07035	0.20622	0.08010	0.01343	0.02685	0.00256	0.03035	0.04462	0.00524	0.00753
2	0.07778	0.01315	0.03884	0.04826	0.08950	0.05058	0.01104	0.06855	0.01567	0.10281	0.09795	0.05093	0.04471	0.08926	0.03858	0.00292	0.08977	0.00757	0.02542	0.03672
3	0.08032	0.01359	0.01544	0.15168	0.06994	0.09175	0.01177	0.08843	0.03450	0.02154	0.03945	0.11351	0.01875	0.07834	0.04149	0.00296	0.04157	0.04303	0.00451	0.03743
4	0.07762	0.01282	0.01691	0.06730	0.04466	0.01331	0.07297	0.09101	0.12363	0.05732	0.07837	0.05964	0.04121	0.03975	0.00850	0.00222	0.04448	0.00752	0.00519	0.13557
5	0.08372	0.01409	0.01777	0.10752	0.09501	0.03258	0.03532	0.19609	0.04031	0.05900	0.07347	0.05994	0.05259	0.00932	0.00802	0.00218	0.07031	0.00747	0.02647	0.00882
6	0.24286	0.01501	0.01768	0.07160	0.02072	0.05389	0.10634	0.13163	0.07089	0.04970	0.01446	0.01624	0.01091	0.00682	0.00581	0.00196	0.00691	0.00549	0.06763	0.08344
7	0.01625	0.01551	0.02109	0.21347	0.18567	0.08419	0.06734	0.08588	0.10046	0.02300	0.07336	0.05119	0.01695	0.00807	0.00691	0.00213	0.00794	0.00721	0.00445	0.00891

[dist]
# distance from previous block
# <min> <max>
0	1

[block]
# block no. 1 follows, 32 sequences, length 79
# corresponding to MSA columns:
# 97-175
name=unknown_B
#
# <colnr> <probs for GDERKNQSTAVLIFYWHMCP>
#	G	D	E	R	K	N	Q	S	T	A	V	L	I	F	Y	W	H	M	C	P
0	0.11638	0.01796	0.01943	0.05363	0.08080	0.16432	0.06890	0.12049	0.03522	0.06514	0.01363	0.01685	0.01098	0.03688	0.04413	0.00266	0.09209	0.00573	0.00434	0.03043
1	0.00998	0.00729	0.00837	0.00840	0.00935	0.00731	0.00565	0.01229	0.06717	0.01641	0.05651	0.07645	0.14857	0.42342	0.06377	0.00512	0.00627	0.05741	0.00499	0.00526
2	0.16596	0.01557	0.04566	0.01300	0.01773	0.01592	0.01095	0.32055	0.05526	0.16169	0.01752	0.01871	0.01288	0.04735	0.04926	0.00277	0.00725	0.00601	0.00608	0.00989
3	0.01421	0.04676	0.01293	0.01092	0.01355	0.01161	0.00838	0.11672	0.16980	0.05117	0.13538	0.18424	0.09033	0.07486	0.00961	0.00262	0.00505	0.02763	0.00634	0.00788
4	0.03884	0.00706	0.00783	0.00789	0.00835	0.00717	0.00478	0.01134	0.04479	0.01499	0.02429	0.12212	0.04815	0.59295	0.02803	0.00558	0.00601	0.01061	0.00451	0.00471
5	0.09280	0.06135	0.03232	0.02309	0.02879	0.09145	0.46220	0.03983	0.01579	0.02174	0.01323	0.03854	0.01068	0.00656	0.00757	0.00217	0.03254	0.00711	0.00361	0.00863
6	0.12648	0.01669	0.03606	0.01376	0.01808	0.12043	0.04437	0.09111	0.19192	0.08009	0.01939	0.05651	0.01596	0.00864	0.00640	0.00205	0.00690	0.04463	0.00542	0.09511
7	0.00909	0.00684	0.00840	0.00801	0.00977	0.00616	0.00601	0.01187	0.01803	0.02462	0.54946	0.05388	0.23407	0.01457	0.00792	0.00215	0.00323	0.01266	0.00709	0.00616
8	0.02684	0.01389	0.01677	0.01316	0.01819	0.01389	0.01077	0.21638	0.12568	0.43469	0.02375	0.02132	0.01576	0.00836	0.00675	0.00209	0.00611	0.00668	0.00765	0.01130
9	0.01697	0.53056	0.19875	0.01441	0.02113	0.04449	0.05380	0.02064	0.01404	0.01742	0.01024	0.01202	0.00868	0.00592	0.00505	0.00165	0.00820	0.00418	0.00291	0.00892
10	0.11037	0.01288	0.01388	0.01214	0.01577	0.01402	0.00952	0.15514	0.26431	0.10683	0.04580	0.13833	0.05091	0.01080	0.00683	0.00224	0.00538	0.00893	0.00656	0.00934
11	0.00935	0.00633	0.00744	0.00784	0.00795	0.00623	0.00463	0.00965	0.01056	0.01408	0.02526	0.23010	0.02959	0.57091	0.02750	0.00552	0.00583	0.01218	0.00463	0.00443
12	0.01228	0.00949	0.01080	0.01027	0.01268	0.00983	0.00773	0.02036	0.26017	0.05037	0.20972	0.17126	0.16063	0.01380	0.00761	0.00231	0.00419	0.01195	0.00681	0.00775
13	0.01866	0.01380	0.01751	0.01475	0.01837	0.03403	0.07158	0.02884	0.33572	0.17271	0.02350	0.06214	0.01826	0.01148	0.04376	0.00272	0.08856	0.00776	0.00613	0.00971
14	0.00885	0.00662	0.00832	0.00933	0.01033	0.00627	0.00661	0.01127	0.04818	0.01881	0.09617	0.51738	0.14192	0.01909	0.00838	0.00261	0.00399	0.06367	0.00635	0.00586
15	0.01468	0.01468	0.02055	0.01762	0.01762	0.02055	0.01468	0.01615	0.01028	0.01615	0.00881	0.01468	0.00881	0.01174	0.02202	0.00294	0.75191	0.00587	0.00294	0.00734
16	0.01746	0.21662	0.33882	0.01704	0.02443	0.07487	0.07536	0.06115	0.03319	0.06267	0.01282	0.01437	0.00963	0.00647	0.00601	0.00192	0.00900	0.00504	0.00358	0.00954
17	0.01865	0.00983	0.01239	0.01077	0.01395	0.00941	0.00840	0.02383	0.13303	0.29787	0.19243	0.09110	0.05103	0.05998	0.00907	0.00250	0.00491	0.03479	0.00727	0.00879
18	0.02350	0.01768	0.01894	0.01496	0.01992	0.01968	0.01221	0.56469	0.15070	0.03912	0.01863	0.03723	0.01388	0.00858	0.00678	0.00208	0.00693	0.00666	0.00672	0.01111
19	0.54211	0.01386	0.01408	0.02819	0.01648	0.01572	0.04699	0.09514	0.01450	0.08913	0.01180	0.01330	0.00882	0.00696	0.00615	0.00214	0.05720	0.00461	0.00463	0.00818
20	0.00819	0.00635	0.00746	0.00814	0.00946	0.00562	0.00574	0.00977	0.01448	0.01845	0.11194	0.39013	0.34313	0.01859	0.00823	0.00247	0.00361	0.01629	0.00633	0.00562
21	0.01406	0.01213	0.01422	0.01039	0.01603	0.00971	0.00832	0.01763	0.04195	0.02189	0.01243	0.01439	0.01032	0.00540	0.00571	0.00112	0.03397	0.00420	0.00405	0.74209
22	0.01166	0.00583	0.00874	0.00874	0.00874	0.00583	0.00583	0.00874	0.00874	0.01166	0.01166	0.02040	0.01166	0.02331	0.02622	0.80478	0.00583	0.00583	0.00291	0.00291
23	0.00841	0.00635	0.00778	0.00841	0.00961	0.00571	0.00593	0.01019	0.01496	0.01966	0.20252	0.39875	0.24097	0.01820	0.00823	0.00245	0.00358	0.01608	0.00650	0.00571
24	0.01245	0.00764	0.00977	0.00908	0.01098	0.00713	0.00672	0.01559	0.04528	0.12048	0.43024	0.12778	0.06869	0.08553	0.01030	0.00261	0.00401	0.01185	0.00700	0.00687
25	0.00836	0.00601	0.00796	0.00934	0.00991	0.00561	0.00640	0.00975	0.01341	0.01790	0.08102	0.66754	0.06346	0.02035	0.00854	0.00269	0.00393	0.04599	0.00630	0.00554
26	0.00862	0.00682	0.00775	0.00752	0.00948	0.00596	0.00564	0.01096	0.01691	0.02197	0.35313	0.05824	0.43206	0.01556	0.00792	0.00220	0.00330	0.01327	0.00674	0.00596
27	0.01391	0.01193	0.01391	0.00994	0.01590	0.00894	0.00795	0.01690	0.01391	0.02186	0.01193	0.01391	0.00994	0.00497	0.00497	0.00099	0.00497	0.00398	0.00398	0.80521
28	0.05747	0.00817	0.00979	0.00999	0.01178	0.00807	0.00733	0.03492	0.08021	0.08608	0.07797	0.42601	0.09533	0.01660	0.00786	0.00250	0.00438	0.04223	0.00644	0.00687
29	0.09901	0.01390	0.01490	0.01281	0.01683	0.01536	0.01024	0.16071	0.34758	0.10428	0.06404	0.02621	0.03838	0.00939	0.00672	0.00221	0.00561	0.03519	0.00668	0.00996
30	0.01694	0.01454	0.01531	0.01371	0.01754	0.01681	0.01068	0.05443	0.69103	0.02847	0.02699	0.02478	0.02023	0.00907	0.00682	0.00227	0.00537	0.00754	0.00682	0.01064
31	0.00912	0.00668	0.00767	0.00782	0.00887	0.00623	0.00533	0.01038	0.01336	0.01730	0.13396	0.10905	0.24407	0.32315	0.01882	0.00407	0.00487	0.05864	0.00550	0.00512
32	0.15233	0.01259	0.01360	0.01188	0.01570	0.01366	0.00937	0.04773	0.33616	0.17338	0.07988	0.06437	0.02196	0.00945	0.00654	0.00220	0.00518	0.00770	0.00669	0.00962
33	0.00818	0.00584	0.00779	0.00934	0.00973	0.00545	0.00623	0.00934	0.01285	0.01713	0.03698	0.75981	0.04438	0.02102	0.00856	0.00273	0.00389	0.01908	0.00623	0.00545
34	0.01267	0.01193	0.02013	0.74806	0.04621	0.01491	0.01863	0.01714	0.01342	0.01714	0.01193	0.01789	0.00894	0.00671	0.00671	0.00224	0.00894	0.00596	0.00298	0.00745
35	0.01864	0.01507	0.01604	0.01391	0.01802	0.01718	0.01096	0.15023	0.57085	0.05299	0.02535	0.02342	0.01879	0.00890	0.00681	0.00222	0.00568	0.00729	0.00686	0.01078
36	0.01122	0.00713	0.00879	0.00871	0.01038	0.00662	0.00636	0.01395	0.03817	0.08391	0.25755	0.25498	0.13934	0.03774	0.00846	0.00240	0.00380	0.01322	0.08078	0.00649
37	0.00982	0.00714	0.00848	0.00849	0.00948	0.00702	0.00572	0.01259	0.06939	0.01939	0.23181	0.17633	0.08816	0.29607	0.01778	0.00389	0.00474	0.01229	0.00580	0.00562
38	0.01669	0.01441	0.01517	0.01365	0.01745	0.01669	0.01062	0.03565	0.71021	0.02807	0.02731	0.02503	0.02048	0.00910	0.00683	0.00228	0.00531	0.00759	0.00683	0.01062
39	0.00822	0.00586	0.00777	0.00928	0.00966	0.00548	0.00617	0.00935	0.01276	0.01701	0.03653	0.73915	0.04380	0.04247	0.00930	0.00283	0.00397	0.01881	0.00617	0.00541
40	0.01391	0.01193	0.01391	0.00994	0.01590	0.00894	0.00795	0.01690	0.01391	0.02186	0.01193	0.01391	0.00994	0.00497	0.00497	0.00099	0.00497	0.00398	0.00398	0.80521
41	0.00844	0.00600	0.00766	0.00887	0.00928	0.00564	0.00580	0.00943	0.01243	0.01647	0.03577	0.60176	0.07413	0.14940	0.01296	0.00336	0.00432	0.01722	0.00585	0.00522
42	0.02551	0.01879	0.02014	0.01544	0.02081	0.02081	0.01275	0.69996	0.03155	0.04229	0.01611	0.01611	0.01141	0.00805	0.00671	0.00201	0.00738	0.00604	0.00671	0.01141
43	0.00825	0.00681	0.00724	0.00713	0.00926	0.00580	0.00535	0.01025	0.01605	0.01991	0.20033	0.06164	0.58614	0.01633	0.00793	0.00223	0.00335	0.01375	0.00647	0.00580
44	0.01130	0.00596	0.00879	0.00895	0.00911	0.00591	0.00612	0.00918	0.00971	0.01298	0.04007	0.07337	0.01702	0.02258	0.02355	0.68300	0.00562	0.03995	0.00346	0.00337
45	0.01577	0.01790	0.03846	0.02765	0.03403	0.01718	0.65749	0.02118	0.01551	0.02118	0.01329	0.01790	0.01010	0.00602	0.00875	0.00230	0.05518	0.00780	0.00337	0.00895
46	0.01267	0.01193	0.02013	0.74806	0.04621	0.01491	0.01863	0.01714	0.01342	0.01714	0.01193	0.01789	0.00894	0.00671	0.00671	0.00224	0.00894	0.00596	0.00298	0.00745
47	0.01575	0.01507	0.02570	0.19421	0.57596	0.01572	0.02017	0.01985	0.01488	0.02089	0.01247	0.01688	0.01026	0.00614	0.00666	0.00205	0.00818	0.00598	0.00325	0.00994
48	0.01267	0.01193	0.02013	0.74806	0.04621	0.01491	0.01863	0.01714	0.01342	0.01714	0.01193	0.01789	0.00894	0.00671	0.00671	0.00224	0.00894	0.00596	0.00298	0.00745
49	0.00841	0.00698	0.00739	0.00750	0.00954	0.00612	0.00554	0.01082	0.04331	0.01890	0.09941	0.15248	0.56616	0.01701	0.00797	0.00232	0.00353	0.01442	0.00632	0.00588
50	0.00896	0.00668	0.00833	0.00825	0.00978	0.00605	0.00606	0.01150	0.01724	0.02352	0.47446	0.16840	0.19491	0.01558	0.00802	0.00224	0.00333	0.01368	0.00696	0.00605
51	0.01653	0.01615	0.02842	0.03995	0.65666	0.01604	0.08532	0.02068	0.01533	0.02188	0.01271	0.01675	0.01059	0.00595	0.00676	0.00202	0.00829	0.00616	0.00333	0.01048
52	0.01584	0.01810	0.03959	0.02828	0.03507	0.01697	0.69796	0.02149	0.01584	0.02149	0.01357	0.01810	0.01018	0.00566	0.00792	0.00226	0.01131	0.00792	0.00339	0.00905
53	0.01565	0.01767	0.03776	0.05543	0.03450	0.01709	0.63282	0.02102	0.01543	0.02102	0.01324	0.01790	0.01006	0.00604	0.00868	0.00230	0.05344	0.00773	0.00335	0.00889
54	0.01385	0.08313	0.65504	0.01898	0.02849	0.01637	0.05114	0.02118	0.01420	0.02089	0.01192	0.01410	0.00858	0.00630	0.00630	0.00208	0.00979	0.00499	0.00286	0.00979
55	0.00818	0.00584	0.00779	0.00934	0.00973	0.00545	0.00623	0.00934	0.01285	0.01713	0.03698	0.75981	0.04438	0.02102	0.00856	0.00273	0.00389	0.01908	0.00623	0.00545
56	0.01282	0.01208	0.02039	0.72141	0.07171	0.01495	0.01871	0.01727	0.01349	0.01732	0.01195	0.01784	0.00901	0.00668	0.00671	0.00223	0.00891	0.00596	0.00299	0.00757
57	0.01626	0.01559	0.02660	0.10409	0.66217	0.01585	0.02042	0.02029	0.01511	0.02150	0.01256	0.01672	0.01048	0.00604	0.00665	0.00201	0.00806	0.00598	0.00329	0.01035
58	0.00860	0.00648	0.00796	0.00832	0.00966	0.00584	0.00596	0.01066	0.01580	0.02104	0.29940	0.30774	0.23366	0.01721	0.00815	0.00237	0.00349	0.01516	0.00666	0.00584
59	0.01075	0.00802	0.00988	0.00910	0.01107	0.00780	0.00691	0.04806	0.07206	0.02732	0.59961	0.04725	0.08975	0.01325	0.00777	0.00213	0.00355	0.01159	0.00725	0.00687
60	0.01639	0.01717	0.03511	0.04842	0.10556	0.01661	0.52907	0.02227	0.04984	0.04897	0.01448	0.01837	0.01091	0.00615	0.00802	0.00224	0.02984	0.00754	0.00372	0.00929
61	0.07070	0.01370	0.01628	0.01244	0.01774	0.01314	0.01023	0.22020	0.02143	0.37672	0.02017	0.01878	0.01350	0.00757	0.00630	0.00188	0.00604	0.00592	0.00691	0.14035
62	0.01179	0.00892	0.01007	0.00942	0.01198	0.00868	0.00738	0.06602	0.10493	0.04908	0.21002	0.05213	0.33050	0.01439	0.00778	0.00228	0.00423	0.07657	0.00669	0.00713
63	0.01745	0.01337	0.01489	0.01234	0.01686	0.01369	0.00975	0.07150	0.37815	0.09499	0.05557	0.02245	0.01873	0.00806	0.00636	0.00188	0.00529	0.00665	0.00622	0.22580
64	0.01436	0.01219	0.01416	0.01015	0.01609	0.00940	0.00814	0.04340	0.01460	0.02266	0.01209	0.01400	0.01000	0.00509	0.00504	0.00103	0.00506	0.00406	0.00408	0.77440
65	0.00880	0.00683	0.00800	0.00771	0.00960	0.00603	0.00578	0.01132	0.01735	0.02301	0.42967	0.05654	0.35486	0.01517	0.00792	0.00218	0.00327	0.01303	0.00687	0.00603
66	0.01312	0.00921	0.01081	0.00979	0.01237	0.00911	0.00752	0.05691	0.13969	0.08725	0.34563	0.07378	0.17204	0.01304	0.00758	0.00219	0.00408	0.01119	0.00706	0.00765
67	0.01624	0.01569	0.02714	0.10126	0.63565	0.01590	0.04872	0.02033	0.01514	0.02149	0.01260	0.01678	0.01047	0.00603	0.00670	0.00202	0.00819	0.00606	0.00330	0.01029
68	0.01012	0.00729	0.00927	0.01010	0.01112	0.00715	0.00719	0.07700	0.01519	0.02033	0.07313	0.59912	0.04183	0.01917	0.00840	0.00265	0.00435	0.06411	0.00634	0.00613
69	0.01267	0.01193	0.02013	0.74806	0.04621	0.01491	0.01863	0.01714	0.01342	0.01714	0.01193	0.01789	0.00894	0.00671	0.00671	0.00224	0.00894	0.00596	0.00298	0.00745
70	0.00818	0.00584	0.00779	0.00934	0.00973	0.00545	0.00623	0.00934	0.01285	0.01713	0.03698	0.75981	0.04438	0.02102	0.00856	0.00273	0.00389	0.01908	0.00623	0.00545
71	0.02988	0.01177	0.01579	0.01211	0.01731	0.01039	0.01000	0.06476	0.01980	0.69409	0.02597	0.02251	0.01636	0.00829	0.00675	0.00207	0.00579	0.00671	0.00823	0.01142
72	0.02528	0.01234	0.01645	0.01298	0.01747	0.01183	0.03657	0.14275	0.02024	0.46080	0.05145	0.09392	0.01970	0.00973	0.00756	0.00217	0.03290	0.00805	0.00741	0.01040
73	0.02023	0.01103	0.01485	0.01299	0.03600	0.01054	0.03832	0.06178	0.09593	0.31795	0.12558	0.07010	0.06384	0.01111	0.00738	0.00225	0.00554	0.07808	0.00714	0.00935
74	0.01825	0.01322	0.01584	0.01543	0.08517	0.01419	0.01105	0.09978	0.34334	0.12892	0.13212	0.02837	0.02520	0.00957	0.00703	0.00219	0.00554	0.02801	0.00675	0.01002
75	0.02340	0.01965	0.02051	0.01735	0.04810	0.24830	0.11155	0.08659	0.04597	0.22751	0.03921	0.04951	0.01511	0.00808	0.00680	0.00202	0.00867	0.00675	0.00551	0.00943
76	0.04774	0.07634	0.02309	0.13247	0.18403	0.01707	0.08117	0.15303	0.11076	0.04639	0.01643	0.05318	0.01331	0.00766	0.00663	0.00209	0.00754	0.00676	0.00468	0.00963
77	0.02138	0.01731	0.07751	0.08264	0.19329	0.07127	0.09107	0.07641	0.01781	0.23917	0.01695	0.01814	0.01200	0.00696	0.00672	0.00203	0.00808	0.00617	0.00508	0.03000
78	0.11379	0.01895	0.05516	0.01916	0.10042	0.11451	0.10984	0.18063	0.11080	0.06765	0.01694	0.01796	0.02929	0.00741	0.00651	0.00206	0.00804	0.00618	0.00502	0.00969

[dist]
# distance from previous block
# <min> <max>
1	33

[block]
# block no. 2 follows, 32 sequences, length 66
# corresponding to MSA columns:
# 209-274
name=unknown_C
#
# <colnr> <probs for GDERKNQSTAVLIFYWHMCP>
#	G	D	E	R	K	N	Q	S	T	A	V	L	I	F	Y	W	H	M	C	P
0	0.04146	0.01294	0.01742	0.03878	0.16382	0.02811	0.03302	0.07590	0.06503	0.14931	0.07920	0.10426	0.02043	0.00901	0.00670	0.00198	0.00614	0.00788	0.00552	0.13309
1	0.08177	0.05881	0.06367	0.22514	0.05041	0.01544	0.03815	0.10262	0.06876	0.02340	0.01414	0.04329	0.01150	0.00727	0.00668	0.00197	0.03259	0.00591	0.00413	0.14435
2	0.08219	0.01596	0.01925	0.04193	0.07687	0.10513	0.11230	0.10498	0.09638	0.06781	0.08768	0.02411	0.07453	0.00843	0.00673	0.00203	0.00728	0.00725	0.00518	0.05399
3	0.00817	0.00588	0.00775	0.00924	0.00971	0.00546	0.00618	0.00935	0.01294	0.01717	0.03823	0.73187	0.07152	0.02086	0.00854	0.00271	0.00387	0.01888	0.00623	0.00546
4	0.01622	0.01400	0.01515	0.01428	0.03893	0.01606	0.01069	0.03376	0.65072	0.02728	0.02738	0.06471	0.02148	0.00965	0.00692	0.00229	0.00532	0.00816	0.00669	0.01034
5	0.01391	0.01193	0.01391	0.00994	0.01590	0.00894	0.00795	0.01690	0.01391	0.02186	0.01193	0.01391	0.00994	0.00497	0.00497	0.00099	0.00497	0.00398	0.00398	0.80521
6	0.01472	0.19848	0.49867	0.01838	0.02702	0.01821	0.09405	0.02101	0.01423	0.02004	0.01159	0.01382	0.00871	0.00615	0.00607	0.00198	0.00945	0.00497	0.00290	0.00953
7	0.01574	0.01782	0.03805	0.02742	0.03365	0.01726	0.64261	0.02106	0.01539	0.02106	0.01319	0.01782	0.01007	0.00615	0.00906	0.00232	0.07131	0.00775	0.00336	0.00891
8	0.00793	0.00680	0.00680	0.00680	0.00906	0.00566	0.00510	0.00963	0.01529	0.01813	0.06797	0.06457	0.71961	0.01699	0.00793	0.00227	0.00340	0.01416	0.00623	0.00566
9	0.01526	0.01306	0.01633	0.04171	0.04399	0.01431	0.06182	0.08099	0.38151	0.02675	0.11907	0.08734	0.04759	0.01039	0.00721	0.00226	0.00570	0.00911	0.00630	0.00930
10	0.00887	0.00660	0.00926	0.01013	0.01096	0.00622	0.03186	0.01044	0.01336	0.01775	0.06010	0.56812	0.06499	0.06239	0.01004	0.00293	0.00452	0.08979	0.00604	0.00562
11	0.00835	0.00605	0.00791	0.00921	0.00986	0.00561	0.00632	0.00977	0.01355	0.01800	0.08739	0.63447	0.09419	0.02012	0.00850	0.00266	0.00389	0.04229	0.00631	0.00555
12	0.02906	0.01309	0.01661	0.01273	0.01796	0.01235	0.01052	0.18430	0.02201	0.57142	0.02412	0.02131	0.01543	0.00825	0.00674	0.00206	0.00609	0.00659	0.00794	0.01142
13	0.01045	0.00695	0.00898	0.00924	0.01078	0.00638	0.00694	0.01273	0.01611	0.07008	0.27948	0.27829	0.14103	0.01672	0.00821	0.00245	0.00398	0.09813	0.00677	0.00629
14	0.01630	0.01563	0.02669	0.09569	0.67020	0.01586	0.02044	0.02033	0.01513	0.02155	0.01257	0.01671	0.01050	0.00603	0.00665	0.00201	0.00805	0.00598	0.00330	0.01038
15	0.01346	0.03471	0.72942	0.01912	0.02904	0.01558	0.02479	0.02125	0.01417	0.02125	0.01204	0.01417	0.00850	0.00637	0.00637	0.00212	0.00992	0.00496	0.00283	0.00992
16	0.01596	0.01359	0.01463	0.01349	0.01701	0.01558	0.01064	0.03297	0.62431	0.02708	0.02833	0.03130	0.02272	0.01027	0.00713	0.00238	0.00542	0.09037	0.00675	0.01007
17	0.01267	0.01193	0.02013	0.74806	0.04621	0.01491	0.01863	0.01714	0.01342	0.01714	0.01193	0.01789	0.00894	0.00671	0.00671	0.00224	0.00894	0.00596	0.00298	0.00745
18	0.01744	0.01775	0.02518	0.09438	0.55121	0.11392	0.01910	0.02160	0.03633	0.02097	0.01270	0.01635	0.01052	0.00626	0.00657	0.00199	0.00853	0.00580	0.00342	0.00998
19	0.01289	0.01214	0.02051	0.70964	0.08296	0.01496	0.01874	0.01733	0.01352	0.01740	0.01196	0.01782	0.00904	0.00667	0.00670	0.00222	0.00889	0.00596	0.00300	0.00763
20	0.01584	0.01810	0.03959	0.02828	0.03507	0.01697	0.69796	0.02149	0.01584	0.02149	0.01357	0.01810	0.01018	0.00566	0.00792	0.00226	0.01131	0.00792	0.00339	0.00905
21	0.01629	0.01562	0.02666	0.09845	0.66756	0.01586	0.02043	0.02031	0.01513	0.02153	0.01256	0.01671	0.01049	0.00604	0.00665	0.00201	0.00805	0.00598	0.00329	0.01037
22	0.01856	0.01361	0.02056	0.13145	0.30708	0.01403	0.01542	0.07944	0.06502	0.15908	0.03645	0.07643	0.01622	0.00828	0.00687	0.00212	0.00701	0.00740	0.00509	0.00987
23	0.00815	0.00594	0.00768	0.00908	0.00966	0.00547	0.00611	0.00937	0.01310	0.01723	0.04018	0.68815	0.11398	0.02061	0.00850	0.00268	0.00384	0.01857	0.00623	0.00547
24	0.00983	0.00654	0.00751	0.00751	0.00764	0.00662	0.00437	0.01009	0.00996	0.01356	0.02096	0.04217	0.02367	0.69377	0.07905	0.00663	0.00715	0.00948	0.02924	0.00426
25	0.04728	0.01549	0.04438	0.03100	0.46974	0.01474	0.01727	0.06262	0.01698	0.19069	0.01598	0.01779	0.01192	0.00667	0.00658	0.00202	0.00736	0.00605	0.00471	0.01073
26	0.01551	0.04251	0.21792	0.12895	0.31922	0.01555	0.04293	0.04130	0.01520	0.04214	0.01392	0.04970	0.01146	0.00698	0.00664	0.00209	0.00846	0.00631	0.00351	0.00969
27	0.01292	0.01242	0.01380	0.01301	0.01436	0.12536	0.01022	0.01505	0.01199	0.01581	0.01516	0.02205	0.01409	0.03667	0.49603	0.00797	0.14661	0.00650	0.00346	0.00651
28	0.23095	0.05079	0.01810	0.01698	0.08179	0.37156	0.01224	0.04089	0.01601	0.02117	0.01028	0.01248	0.00855	0.00707	0.00699	0.00195	0.07612	0.00445	0.00365	0.00799
29	0.00998	0.00699	0.00898	0.00841	0.01015	0.00638	0.00633	0.01300	0.01868	0.04699	0.64266	0.05054	0.11792	0.01384	0.00788	0.00212	0.00326	0.01215	0.00732	0.00643
30	0.01620	0.01742	0.06941	0.02238	0.02902	0.01503	0.44523	0.05681	0.01624	0.04353	0.01363	0.01695	0.01029	0.00574	0.00705	0.00194	0.00940	0.00671	0.00382	0.19319
31	0.00990	0.00721	0.00964	0.01102	0.01215	0.00715	0.00867	0.01296	0.05200	0.01914	0.03576	0.39135	0.04031	0.01918	0.00881	0.00288	0.00507	0.33448	0.00624	0.00608
32	0.01166	0.00583	0.00874	0.00874	0.00874	0.00583	0.00583	0.00874	0.00874	0.01166	0.01166	0.02040	0.01166	0.02331	0.02622	0.80478	0.00583	0.00583	0.00291	0.00291
33	0.01661	0.01594	0.02724	0.04119	0.72233	0.01594	0.02059	0.02059	0.01528	0.02192	0.01262	0.01661	0.01063	0.00598	0.00664	0.00199	0.00797	0.00598	0.00332	0.01063
34	0.02506	0.03198	0.01901	0.01729	0.02074	0.73725	0.01296	0.02679	0.01901	0.01642	0.01037	0.01210	0.00864	0.00691	0.00605	0.00173	0.01210	0.00432	0.00346	0.00778
35	0.01967	0.01006	0.01268	0.01079	0.01410	0.00948	0.00858	0.09557	0.01853	0.30952	0.13592	0.03866	0.08676	0.10983	0.01089	0.00279	0.00546	0.08511	0.00701	0.00858
36	0.00922	0.00703	0.00858	0.00888	0.01045	0.00656	0.00665	0.01221	0.04736	0.02148	0.27282	0.22749	0.23121	0.01668	0.00817	0.00241	0.00383	0.08620	0.00664	0.00612
37	0.00829	0.00592	0.00792	0.00948	0.00992	0.00555	0.00644	0.00955	0.01296	0.01726	0.03692	0.72889	0.04412	0.02091	0.00860	0.00274	0.00400	0.04881	0.00623	0.00548
38	0.01391	0.01193	0.01391	0.00994	0.01590	0.00894	0.00795	0.01690	0.01391	0.02186	0.01193	0.01391	0.00994	0.00497	0.00497	0.00099	0.00497	0.00398	0.00398	0.80521
39	0.01128	0.00691	0.00897	0.00953	0.01091	0.00633	0.00691	0.01291	0.01431	0.10731	0.06279	0.45726	0.12576	0.04827	0.00933	0.00275	0.00436	0.08138	0.00644	0.00628
40	0.00933	0.00685	0.00873	0.00826	0.00992	0.00626	0.00620	0.01233	0.01859	0.02595	0.64790	0.05170	0.13480	0.01407	0.00792	0.00213	0.00319	0.01236	0.00726	0.00626
41	0.01584	0.01810	0.03959	0.02828	0.03507	0.01697	0.69796	0.02149	0.01584	0.02149	0.01357	0.01810	0.01018	0.00566	0.00792	0.00226	0.01131	0.00792	0.00339	0.00905
42	0.00836	0.00676	0.00744	0.00749	0.00944	0.00584	0.00559	0.01036	0.01589	0.01998	0.20434	0.11806	0.50768	0.01665	0.00801	0.00229	0.00346	0.03009	0.00648	0.00580
43	0.01391	0.01193	0.01391	0.00994	0.01590	0.00894	0.00795	0.01690	0.01391	0.02186	0.01193	0.01391	0.00994	0.00497	0.00497	0.00099	0.00497	0.00398	0.00398	0.80521
44	0.00818	0.00584	0.00779	0.00934	0.00973	0.00545	0.00623	0.00934	0.01285	0.01713	0.03698	0.75981	0.04438	0.02102	0.00856	0.00273	0.00389	0.01908	0.00623	0.00545
45	0.01166	0.00583	0.00874	0.00874	0.00874	0.00583	0.00583	0.00874	0.00874	0.01166	0.01166	0.02040	0.01166	0.02331	0.02622	0.80478	0.00583	0.00583	0.00291	0.00291
46	0.01003	0.00713	0.00881	0.00833	0.01006	0.00674	0.00626	0.01380	0.04941	0.02614	0.56760	0.04735	0.10302	0.01312	0.00752	0.00207	0.00327	0.01145	0.09143	0.00647
47	0.08333	0.01506	0.01576	0.01351	0.01763	0.01706	0.01081	0.23224	0.39675	0.03205	0.02269	0.02350	0.01741	0.00894	0.00662	0.00220	0.00589	0.03702	0.03127	0.01025
48	0.00905	0.00678	0.00845	0.00855	0.01013	0.00618	0.00646	0.01157	0.01686	0.02268	0.39373	0.15704	0.22012	0.01604	0.00814	0.00233	0.00362	0.07943	0.00682	0.00603
49	0.02551	0.01879	0.02014	0.01544	0.02081	0.02081	0.01275	0.69996	0.03155	0.04229	0.01611	0.01611	0.01141	0.00805	0.00671	0.00201	0.00738	0.00604	0.00671	0.01141
50	0.01016	0.00726	0.01006	0.01161	0.01287	0.00716	0.00967	0.01277	0.01480	0.01935	0.03589	0.24565	0.04005	0.01915	0.00909	0.00300	0.00561	0.51367	0.00619	0.00600
51	0.77611	0.01324	0.01033	0.00912	0.01333	0.01531	0.00751	0.05042	0.01233	0.03065	0.00965	0.01114	0.00745	0.00631	0.00427	0.00207	0.00529	0.00374	0.00427	0.00745
52	0.00807	0.00647	0.00722	0.00774	0.00933	0.00561	0.00553	0.00964	0.01458	0.01810	0.08124	0.30469	0.46169	0.01827	0.00815	0.00242	0.00356	0.01579	0.00627	0.00561
53	0.01267	0.01193	0.02013	0.74806	0.04621	0.01491	0.01863	0.01714	0.01342	0.01714	0.01193	0.01789	0.00894	0.00671	0.00671	0.00224	0.00894	0.00596	0.00298	0.00745
54	0.06468	0.02093	0.02154	0.02093	0.13318	0.23968	0.09021	0.10374	0.15886	0.02397	0.01506	0.01663	0.01178	0.00738	0.00720	0.00205	0.04248	0.00588	0.00450	0.00932
55	0.00827	0.00591	0.00789	0.00945	0.00988	0.00553	0.00639	0.00951	0.01294	0.01723	0.03693	0.73547	0.04417	0.02093	0.00859	0.00274	0.00397	0.04249	0.00623	0.00548
56	0.01725	0.01312	0.01442	0.01280	0.01646	0.01461	0.00999	0.03239	0.54548	0.10520	0.11557	0.02800	0.02553	0.00960	0.00696	0.00223	0.00508	0.00807	0.00706	0.01016
57	0.04084	0.22475	0.34035	0.01699	0.04014	0.07622	0.03914	0.10769	0.01662	0.02239	0.01169	0.01343	0.00898	0.00643	0.00583	0.00190	0.00890	0.00476	0.00345	0.00950
58	0.01715	0.01476	0.03905	0.10106	0.16514	0.03722	0.11089	0.11310	0.03079	0.08207	0.01724	0.10839	0.01517	0.00996	0.00929	0.05764	0.04990	0.00786	0.00455	0.00877
59	0.05881	0.01553	0.05591	0.30624	0.11687	0.01573	0.15453	0.09775	0.01619	0.02274	0.01269	0.01673	0.00964	0.00640	0.00666	0.00208	0.00868	0.00605	0.00367	0.06709
60	0.00870	0.00680	0.00939	0.00973	0.01091	0.00622	0.04353	0.01033	0.01384	0.01815	0.09287	0.50309	0.17577	0.04601	0.00929	0.00270	0.00424	0.01664	0.00608	0.00570
61	0.00998	0.01166	0.12040	0.03378	0.01444	0.00838	0.00971	0.01286	0.01459	0.01967	0.13829	0.20698	0.21781	0.04200	0.00917	0.00247	0.03261	0.03984	0.00545	0.04991
62	0.09938	0.30974	0.28761	0.07663	0.02319	0.01913	0.01624	0.01966	0.01367	0.01958	0.01375	0.01557	0.04710	0.00672	0.00546	0.00187	0.00793	0.00488	0.00318	0.00869
63	0.02007	0.01498	0.01634	0.01432	0.03989	0.03615	0.01101	0.20783	0.33590	0.11390	0.08071	0.02468	0.03548	0.00912	0.00687	0.00214	0.00596	0.00745	0.00680	0.01039
64	0.07760	0.06195	0.01678	0.01421	0.01716	0.34188	0.01086	0.02418	0.14843	0.01924	0.01555	0.04193	0.01381	0.08843	0.02968	0.00270	0.05750	0.00607	0.00424	0.00779
65	0.01267	0.01349	0.09091	0.01545	0.07583	0.03758	0.01232	0.04685	0.03104	0.01957	0.02606	0.12178	0.09943	0.01917	0.12549	0.00383	0.12098	0.11554	0.00463	0.00737

[dist]
# distance from previous block
# <min> <max>
5	17

[block]
# block no. 3 follows, 32 sequences, length 40
# corresponding to MSA columns:
# 292-331
name=unknown_D
#
# <colnr> <probs for GDERKNQSTAVLIFYWHMCP>
#	G	D	E	R	K	N	Q	S	T	A	V	L	I	F	Y	W	H	M	C	P
0	0.05472	0.07620	0.03873	0.12534	0.06954	0.04008	0.05978	0.06753	0.09707	0.02208	0.06089	0.04701	0.09980	0.02981	0.02745	0.00246	0.03816	0.00767	0.00461	0.03108
1	0.01259	0.05219	0.01136	0.00936	0.01159	0.03965	0.00693	0.01395	0.01353	0.06817	0.07157	0.13515	0.12141	0.16644	0.04657	0.06544	0.00597	0.02946	0.00502	0.11365
2	0.28557	0.05644	0.05633	0.01232	0.01673	0.06222	0.01065	0.09985	0.01529	0.07366	0.01224	0.01414	0.00961	0.00901	0.03974	0.00234	0.08932	0.00470	0.00436	0.12548
3	0.09564	0.09641	0.04616	0.01453	0.01946	0.12305	0.01224	0.33496	0.13828	0.03159	0.01568	0.01592	0.01174	0.00760	0.00614	0.00197	0.00759	0.00554	0.00549	0.01003
4	0.00866	0.00628	0.00781	0.00880	0.00960	0.00584	0.00609	0.00983	0.01304	0.01688	0.04032	0.44384	0.17748	0.11884	0.01240	0.02623	0.00439	0.07253	0.00584	0.00530
5	0.01746	0.72476	0.03377	0.01144	0.01692	0.02551	0.01130	0.01963	0.01347	0.01577	0.00982	0.01165	0.00908	0.00829	0.04619	0.00197	0.00779	0.00379	0.00291	0.00846
6	0.00818	0.00584	0.00779	0.00934	0.00973	0.00545	0.00623	0.00934	0.01285	0.01713	0.03698	0.75981	0.04438	0.02102	0.00856	0.00273	0.00389	0.01908	0.00623	0.00545
7	0.11133	0.01697	0.01777	0.01413	0.01896	0.01892	0.01154	0.49642	0.12767	0.03817	0.04837	0.01835	0.01459	0.00826	0.00650	0.00206	0.00665	0.00627	0.00647	0.01061
8	0.20988	0.01108	0.05123	0.01043	0.01317	0.01053	0.00848	0.08565	0.03573	0.02483	0.10864	0.29323	0.06028	0.01369	0.00702	0.00236	0.00494	0.03605	0.00572	0.00707
9	0.01435	0.01219	0.01415	0.01015	0.01609	0.00939	0.00813	0.04283	0.01458	0.02264	0.01208	0.01400	0.00999	0.00509	0.00504	0.00103	0.00506	0.00405	0.00408	0.77507
10	0.00866	0.00595	0.00793	0.00922	0.00964	0.00560	0.00621	0.00944	0.01245	0.01653	0.03459	0.61832	0.05810	0.05120	0.01137	0.08294	0.00425	0.03663	0.00581	0.00517
11	0.01547	0.33297	0.18338	0.01293	0.01841	0.01801	0.01333	0.04234	0.05168	0.04430	0.10637	0.07783	0.02029	0.00881	0.00601	0.00191	0.00685	0.02619	0.00432	0.00859
12	0.05579	0.10249	0.09144	0.01351	0.01905	0.03397	0.03953	0.15252	0.05007	0.22795	0.02105	0.02051	0.06069	0.00788	0.00628	0.00193	0.00676	0.00623	0.00575	0.07659
13	0.01228	0.00755	0.01041	0.01069	0.01241	0.00745	0.00845	0.01459	0.01432	0.11504	0.06174	0.22077	0.07190	0.02531	0.18892	0.00468	0.00819	0.19278	0.00590	0.00665
14	0.01391	0.01193	0.01391	0.00994	0.01590	0.00894	0.00795	0.01690	0.01391	0.02186	0.01193	0.01391	0.00994	0.00497	0.00497	0.00099	0.00497	0.00398	0.00398	0.80521
15	0.01102	0.00740	0.01013	0.01127	0.01265	0.00723	0.00926	0.01352	0.01491	0.05093	0.06335	0.21021	0.03904	0.06097	0.01038	0.00312	0.00558	0.44666	0.00621	0.00615
16	0.01045	0.00664	0.00853	0.00914	0.01040	0.00601	0.00643	0.01203	0.01445	0.08867	0.10884	0.51366	0.14247	0.01844	0.00823	0.00253	0.00393	0.01644	0.00655	0.00616
17	0.01545	0.00822	0.01018	0.00904	0.01193	0.00714	0.00700	0.01770	0.01711	0.24919	0.18792	0.11135	0.29337	0.01386	0.00760	0.00221	0.00414	0.01179	0.00714	0.00765
18	0.01391	0.01193	0.01391	0.00994	0.01590	0.00894	0.00795	0.01690	0.01391	0.02186	0.01193	0.01391	0.00994	0.00497	0.00497	0.00099	0.00497	0.00398	0.00398	0.80521
19	0.00867	0.00665	0.00805	0.00890	0.01033	0.00604	0.00672	0.01052	0.01459	0.01848	0.07235	0.31167	0.31796	0.01862	0.00843	0.00259	0.00414	0.15330	0.00626	0.00572
20	0.00975	0.00734	0.00865	0.00869	0.01029	0.00705	0.00630	0.01361	0.08774	0.02207	0.27659	0.22057	0.19184	0.04790	0.00893	0.00247	0.00376	0.01338	0.04675	0.00632
21	0.00835	0.00597	0.00794	0.00922	0.00977	0.00557	0.00624	0.00978	0.01366	0.01843	0.12761	0.66547	0.04690	0.02005	0.00848	0.00264	0.00380	0.01815	0.00638	0.00557
22	0.81159	0.01298	0.00986	0.00882	0.01298	0.01505	0.00727	0.01972	0.01142	0.03010	0.00934	0.01090	0.00727	0.00623	0.00415	0.00208	0.00519	0.00363	0.00415	0.00727
23	0.01609	0.01224	0.01344	0.01194	0.01532	0.01325	0.00929	0.10833	0.35780	0.07634	0.10579	0.08997	0.11864	0.01141	0.00721	0.00225	0.00500	0.00961	0.00685	0.00925
24	0.00861	0.00612	0.00784	0.00882	0.00936	0.00575	0.00586	0.00987	0.01325	0.01782	0.12844	0.52588	0.06348	0.14098	0.01263	0.00324	0.00420	0.01647	0.00603	0.00535
25	0.02703	0.01501	0.01760	0.01354	0.01873	0.01528	0.01117	0.37093	0.02534	0.35544	0.02259	0.02081	0.03746	0.00847	0.00677	0.00205	0.00648	0.00664	0.00743	0.01122
26	0.00927	0.00676	0.00892	0.01003	0.01120	0.00641	0.00777	0.01146	0.01487	0.01960	0.13049	0.34289	0.11890	0.01871	0.00866	0.00272	0.00456	0.25455	0.00636	0.00585
27	0.01064	0.00732	0.00910	0.00957	0.01111	0.00695	0.00703	0.01375	0.06821	0.06727	0.11042	0.39392	0.16372	0.01755	0.00819	0.00253	0.00417	0.07556	0.00653	0.00644
28	0.02506	0.03198	0.01901	0.01729	0.02074	0.73725	0.01296	0.02679	0.01901	0.01642	0.01037	0.01210	0.00864	0.00691	0.00605	0.00173	0.01210	0.00432	0.00346	0.00778
29	0.00937	0.00685	0.00880	0.00831	0.00995	0.00628	0.00623	0.01242	0.01870	0.02621	0.66715	0.05127	0.11539	0.01398	0.00792	0.00212	0.00318	0.01230	0.00729	0.00628
30	0.01346	0.03471	0.72942	0.01912	0.02904	0.01558	0.02479	0.02125	0.01417	0.02125	0.01204	0.01417	0.00850	0.00637	0.00637	0.00212	0.00992	0.00496	0.00283	0.00992
31	0.01095	0.00923	0.01188	0.01151	0.01249	0.04635	0.00881	0.01287	0.01113	0.01548	0.01777	0.06392	0.01764	0.12199	0.49429	0.00845	0.10774	0.00778	0.00369	0.00601
32	0.02508	0.03149	0.01906	0.01722	0.02075	0.71076	0.01296	0.05168	0.01948	0.01738	0.01058	0.01225	0.00875	0.00696	0.00607	0.00174	0.01193	0.00439	0.00358	0.00791
33	0.75239	0.04354	0.01109	0.00904	0.01329	0.01534	0.00753	0.02019	0.01178	0.05362	0.00993	0.01131	0.00764	0.00628	0.00425	0.00205	0.00529	0.00374	0.00424	0.00746
34	0.01489	0.01419	0.02414	0.34896	0.42795	0.01549	0.01974	0.01909	0.01447	0.01984	0.01232	0.01717	0.00990	0.00630	0.00667	0.00210	0.00840	0.00597	0.00317	0.00925
35	0.01077	0.00757	0.01013	0.01107	0.01255	0.00747	0.00896	0.01420	0.05087	0.03943	0.14070	0.23514	0.04233	0.01765	0.00870	0.00278	0.00510	0.36172	0.00647	0.00639
36	0.00975	0.00715	0.00947	0.01077	0.01217	0.00687	0.00884	0.01217	0.01483	0.01909	0.04113	0.22887	0.15070	0.01885	0.00889	0.00287	0.00521	0.42022	0.00620	0.00593
37	0.01580	0.01406	0.04309	0.04548	0.02055	0.01438	0.14377	0.12654	0.14364	0.05052	0.02255	0.11681	0.04878	0.08923	0.01137	0.00277	0.06792	0.00904	0.00520	0.00850
38	0.06706	0.01550	0.01784	0.15373	0.02397	0.03681	0.01269	0.27905	0.15095	0.14580	0.01855	0.01881	0.01317	0.00790	0.00657	0.00211	0.00703	0.00624	0.00605	0.01017
39	0.01764	0.05804	0.01958	0.13097	0.11884	0.01758	0.01363	0.14337	0.35185	0.02727	0.01999	0.02044	0.01513	0.00794	0.00662	0.00214	0.00670	0.00662	0.00551	0.01015

[dist]
# distance from previous block
# <min> <max>
0	2

[block]
# block no. 4 follows, 32 sequences, length 9
# corresponding to MSA columns:
# 334-342
name=unknown_E
#
# <colnr> <probs for GDERKNQSTAVLIFYWHMCP>
#	G	D	E	R	K	N	Q	S	T	A	V	L	I	F	Y	W	H	M	C	P
0	0.14818	0.15771	0.05119	0.01492	0.06534	0.03703	0.01202	0.21939	0.11146	0.07270	0.01597	0.03862	0.01251	0.00764	0.00589	0.00197	0.00677	0.00575	0.00520	0.00972
1	0.01955	0.05260	0.01553	0.04263	0.01704	0.14268	0.01007	0.10599	0.05451	0.17870	0.14656	0.13739	0.02664	0.01079	0.00698	0.00210	0.00652	0.00893	0.00618	0.00859
2	0.09800	0.01039	0.01433	0.01224	0.01545	0.01014	0.07722	0.07065	0.01770	0.16501	0.21836	0.13242	0.03375	0.01213	0.00744	0.00230	0.00544	0.08256	0.00650	0.00797
3	0.72987	0.09073	0.01247	0.00910	0.01341	0.01624	0.00770	0.01976	0.01165	0.02863	0.00934	0.01089	0.00741	0.00618	0.00417	0.00201	0.00539	0.00363	0.00402	0.00741
4	0.00809	0.00670	0.00709	0.00721	0.00922	0.00570	0.00533	0.00987	0.01536	0.01880	0.12221	0.13683	0.59020	0.01713	0.00800	0.00230	0.00343	0.01450	0.00633	0.00570
5	0.01505	0.05052	0.20373	0.02673	0.34117	0.01495	0.01823	0.02088	0.06819	0.02200	0.03844	0.01886	0.03683	0.00684	0.00641	0.00194	0.00761	0.00602	0.00375	0.09186
6	0.01398	0.01107	0.01341	0.01218	0.01508	0.01183	0.03867	0.02448	0.34930	0.05721	0.18158	0.13240	0.05921	0.01221	0.00748	0.00232	0.00489	0.03736	0.00674	0.00859
7	0.02189	0.01017	0.01382	0.06053	0.01692	0.00964	0.00945	0.02503	0.04452	0.42900	0.05619	0.02809	0.05872	0.06661	0.11456	0.00367	0.00750	0.00765	0.00676	0.00929
8	0.01805	0.04935	0.04696	0.06143	0.06105	0.01542	0.03243	0.12182	0.26250	0.08634	0.01987	0.04033	0.01527	0.00788	0.00644	0.00197	0.00638	0.00658	0.00559	0.13433

[dist]
# distance from previous block
# <min> <max>
0	2

[block]
# block no. 5 follows, 32 sequences, length 60
# corresponding to MSA columns:
# 345-404
name=unknown_F
#
# <colnr> <probs for GDERKNQSTAVLIFYWHMCP>
#	G	D	E	R	K	N	Q	S	T	A	V	L	I	F	Y	W	H	M	C	P
0	0.01712	0.17226	0.19342	0.01563	0.04825	0.11447	0.01465	0.07063	0.06966	0.02137	0.01344	0.03811	0.01116	0.00706	0.00637	0.00179	0.03377	0.00524	0.00384	0.14175
1	0.01846	0.01784	0.02078	0.01684	0.02067	0.15462	0.14495	0.17710	0.09267	0.02465	0.04366	0.02104	0.01504	0.06337	0.09776	0.00344	0.04690	0.00686	0.00474	0.00862
2	0.02446	0.01866	0.01952	0.01528	0.02041	0.04117	0.01251	0.60225	0.11099	0.03986	0.01726	0.01704	0.01240	0.00814	0.00671	0.00204	0.00728	0.00617	0.00663	0.01121
3	0.04319	0.01324	0.02104	0.47530	0.19647	0.01527	0.01781	0.04804	0.03969	0.04694	0.01327	0.01772	0.01008	0.00673	0.00661	0.00216	0.00827	0.00598	0.00360	0.00860
4	0.01461	0.00934	0.01177	0.06109	0.01516	0.00932	0.00862	0.06682	0.08719	0.14345	0.15111	0.23927	0.11107	0.01396	0.00765	0.00234	0.00482	0.02801	0.00665	0.00775
5	0.02323	0.01736	0.02161	0.01661	0.02167	0.06446	0.12848	0.34932	0.06516	0.15105	0.01800	0.01938	0.01315	0.04888	0.00838	0.00231	0.00791	0.00666	0.00607	0.01032
6	0.01430	0.01826	0.12597	0.05206	0.02966	0.01565	0.42163	0.01922	0.01469	0.02023	0.01741	0.07180	0.05082	0.00813	0.00920	0.00235	0.08819	0.00835	0.00361	0.00849
7	0.22408	0.01286	0.01380	0.01145	0.01581	0.01340	0.00935	0.14786	0.09449	0.24687	0.02496	0.02523	0.08731	0.00912	0.00631	0.00215	0.00562	0.03336	0.00650	0.00947
8	0.01034	0.00774	0.00959	0.01030	0.01179	0.00770	0.00810	0.01401	0.08031	0.01937	0.06508	0.16053	0.14361	0.12437	0.01224	0.00328	0.00526	0.29425	0.00600	0.00612
9	0.02069	0.01772	0.02301	0.07879	0.15355	0.11208	0.12163	0.13687	0.11705	0.12480	0.01703	0.01833	0.01253	0.00722	0.00682	0.00207	0.00833	0.00641	0.00508	0.00999
10	0.07510	0.01827	0.01931	0.01496	0.02019	0.02030	0.01233	0.63326	0.05429	0.04101	0.01608	0.01609	0.01147	0.00798	0.00655	0.00203	0.00717	0.00594	0.00655	0.01112
11	0.00812	0.00677	0.00709	0.00709	0.00920	0.00573	0.00529	0.00998	0.01563	0.01912	0.14336	0.09054	0.61548	0.01677	0.00795	0.00227	0.00339	0.01412	0.00637	0.00573
12	0.00856	0.00612	0.00823	0.00979	0.01034	0.00578	0.00690	0.01001	0.01323	0.01756	0.03677	0.65946	0.04353	0.02066	0.00867	0.00278	0.00423	0.11561	0.00622	0.00556
13	0.05544	0.02930	0.01823	0.01655	0.02007	0.62970	0.01248	0.02748	0.09431	0.01824	0.01218	0.01347	0.00988	0.00713	0.00606	0.00180	0.01108	0.00465	0.00385	0.00807
14	0.01126	0.00727	0.00907	0.00858	0.01063	0.00650	0.00651	0.01379	0.01740	0.10012	0.39335	0.11737	0.22572	0.01478	0.00789	0.00223	0.00365	0.03022	0.00705	0.00663
15	0.02423	0.01816	0.01942	0.01518	0.02032	0.02021	0.01244	0.60378	0.12980	0.04023	0.01773	0.01740	0.01272	0.00821	0.00673	0.00205	0.00708	0.00626	0.00673	0.01130
16	0.01289	0.01214	0.02051	0.70955	0.08305	0.01496	0.01874	0.01733	0.01352	0.01740	0.01196	0.01782	0.00904	0.00667	0.00670	0.00222	0.00889	0.00596	0.00300	0.00763
17	0.00846	0.00634	0.00768	0.00862	0.00962	0.00579	0.00604	0.00982	0.01348	0.01725	0.04459	0.42831	0.24406	0.09241	0.01094	0.00299	0.00418	0.06797	0.00601	0.00544
18	0.44757	0.01567	0.01462	0.01189	0.01660	0.01772	0.00981	0.33472	0.02074	0.03575	0.01248	0.01331	0.00919	0.00707	0.00534	0.00205	0.00621	0.00475	0.00534	0.00919
19	0.01541	0.00928	0.00970	0.00874	0.01125	0.00984	0.00680	0.11122	0.11737	0.04963	0.02204	0.02375	0.01688	0.00805	0.00534	0.00174	0.00410	0.00643	0.55470	0.00774
20	0.00838	0.00675	0.00747	0.00743	0.00938	0.00583	0.00552	0.01045	0.01615	0.02050	0.24658	0.10837	0.49092	0.01636	0.00797	0.00225	0.00337	0.01394	0.00655	0.00583
21	0.00968	0.00654	0.00755	0.00752	0.00775	0.00645	0.00443	0.01014	0.01109	0.01500	0.11580	0.06389	0.03019	0.64295	0.02992	0.00581	0.00598	0.01033	0.00457	0.00441
22	0.00994	0.00706	0.00959	0.01099	0.01205	0.00695	0.00882	0.01217	0.01414	0.01853	0.03454	0.27094	0.03890	0.09214	0.01150	0.00332	0.00555	0.42113	0.00599	0.00576
23	0.01003	0.00733	0.00981	0.01112	0.01262	0.00711	0.00934	0.01265	0.01507	0.01939	0.04055	0.16644	0.14079	0.01864	0.00897	0.00292	0.00546	0.48957	0.00619	0.00600
24	0.67515	0.01270	0.01086	0.00937	0.01370	0.01415	0.00772	0.02199	0.01278	0.15177	0.01233	0.01298	0.00890	0.00659	0.00461	0.00208	0.00528	0.00418	0.00488	0.00799
25	0.00931	0.00695	0.00863	0.00853	0.01022	0.00636	0.00656	0.01199	0.01729	0.02337	0.44454	0.05685	0.21719	0.04173	0.00903	0.00244	0.00375	0.10237	0.00683	0.00607
26	0.02551	0.01879	0.02014	0.01544	0.02081	0.02081	0.01275	0.69996	0.03155	0.04229	0.01611	0.01611	0.01141	0.00805	0.00671	0.00201	0.00738	0.00604	0.00671	0.01141
27	0.02408	0.01808	0.01933	0.01515	0.02026	0.02014	0.01241	0.59225	0.14159	0.03998	0.01793	0.01756	0.01288	0.00822	0.00673	0.00206	0.00705	0.00629	0.00673	0.01128
28	0.01584	0.01810	0.03959	0.02828	0.03507	0.01697	0.69796	0.02149	0.01584	0.02149	0.01357	0.01810	0.01018	0.00566	0.00792	0.00226	0.01131	0.00792	0.00339	0.00905
29	0.02744	0.01221	0.01564	0.01237	0.01730	0.01149	0.01009	0.05406	0.14965	0.57408	0.02631	0.02304	0.01718	0.00845	0.00676	0.00211	0.00569	0.00688	0.00798	0.01127
30	0.01969	0.01467	0.01654	0.01230	0.01797	0.01381	0.01002	0.29455	0.02141	0.07708	0.01459	0.01540	0.01098	0.00644	0.00579	0.00148	0.00600	0.00500	0.00537	0.43092
31	0.00881	0.00639	0.00760	0.00806	0.00908	0.00589	0.00549	0.01030	0.01395	0.01856	0.15878	0.30173	0.20717	0.16191	0.01310	0.00319	0.00412	0.01439	0.03602	0.00542
32	0.00815	0.00595	0.00767	0.00905	0.00966	0.00547	0.00610	0.00938	0.01312	0.01724	0.04050	0.68082	0.12109	0.02056	0.00849	0.00267	0.00384	0.01852	0.00623	0.00547
33	0.00818	0.00584	0.00779	0.00934	0.00973	0.00545	0.00623	0.00934	0.01285	0.01713	0.03698	0.75981	0.04438	0.02102	0.00856	0.00273	0.00389	0.01908	0.00623	0.00545
