[name]
unknown

[dist]
# distance from previous block
# <min> <max>
0	36

[block]
# block no. 0 follows, 34 sequences, length 7
# corresponding to MSA columns:
# 36-42
name=unknown_A
#
# <colnr> <probs for GDERKNQSTAVLIFYWHMCP>
#	G	D	E	R	K	N	Q	S	T	A	V	L	I	F	Y	W	H	M	C	P
0	0.14376	0.03443	0.09863	0.01401	0.05726	0.03123	0.01187	0.11707	0.09676	0.04695	0.07018	0.03130	0.02070	0.00991	0.00659	0.00220	0.00630	0.16724	0.00520	0.02841
1	0.00792	0.00642	0.00689	0.00703	0.00880	0.00554	0.00510	0.00953	0.01447	0.01786	0.12336	0.14611	0.53902	0.06164	0.00922	0.00246	0.00349	0.01377	0.00598	0.00540
2	0.01356	0.01250	0.05904	0.15638	0.07139	0.01236	0.01193	0.09335	0.10910	0.04291	0.15077	0.03128	0.15109	0.01011	0.00760	0.00212	0.04294	0.00840	0.00522	0.00795
3	0.00923	0.00692	0.01038	0.01038	0.01154	0.00808	0.00808	0.01154	0.01038	0.01500	0.01731	0.02538	0.01615	0.04846	0.74732	0.01038	0.01731	0.00692	0.00346	0.00577
4	0.01476	0.01506	0.05253	0.23031	0.34020	0.01528	0.09853	0.02096	0.10763	0.02056	0.01393	0.01748	0.01091	0.00633	0.00657	0.00205	0.00804	0.00614	0.00354	0.00919
5	0.01505	0.01380	0.05357	0.08995	0.06663	0.01178	0.08728	0.08707	0.01549	0.04923	0.01387	0.05359	0.01155	0.00636	0.00584	0.00155	0.00646	0.00565	0.00411	0.40117
6	0.00836	0.00586	0.00745	0.00842	0.00877	0.00557	0.00545	0.00931	0.01196	0.01605	0.07617	0.53000	0.03881	0.21913	0.01473	0.00355	0.00437	0.01556	0.00552	0.00495

[dist]
# distance from previous block
# <min> <max>
0	1

[block]
# block no. 1 follows, 34 sequences, length 44
# corresponding to MSA columns:
# 44-87
name=unknown_B
#
# <colnr> <probs for GDERKNQSTAVLIFYWHMCP>
#	G	D	E	R	K	N	Q	S	T	A	V	L	I	F	Y	W	H	M	C	P
0	0.00836	0.00678	0.00729	0.00743	0.00932	0.00598	0.00545	0.03570	0.01491	0.01835	0.07503	0.21112	0.53802	0.01678	0.00772	0.00226	0.00351	0.01430	0.00605	0.00564
1	0.10829	0.05081	0.04922	0.09099	0.05967	0.24534	0.01295	0.22364	0.01980	0.04428	0.01245	0.01404	0.00947	0.00683	0.00584	0.00185	0.00844	0.00492	0.02241	0.00875
2	0.02323	0.02698	0.01942	0.01911	0.10499	0.54662	0.01333	0.13170	0.01976	0.02032	0.01111	0.01277	0.00897	0.00672	0.00599	0.00174	0.01047	0.00461	0.00380	0.00836
3	0.07730	0.13085	0.13154	0.01273	0.01698	0.01294	0.08120	0.01760	0.07605	0.04429	0.06991	0.18021	0.10121	0.01081	0.00657	0.00210	0.00605	0.00932	0.00474	0.00760
4	0.01516	0.07799	0.23631	0.07429	0.02147	0.01460	0.01477	0.16354	0.03419	0.04139	0.09271	0.08983	0.01966	0.00939	0.00700	0.00211	0.02696	0.04539	0.00469	0.00859
5	0.01399	0.02030	0.22147	0.02122	0.02656	0.01639	0.30333	0.01877	0.01315	0.01897	0.01173	0.01601	0.00939	0.00964	0.05351	0.00279	0.20511	0.00630	0.00302	0.00834
6	0.00917	0.00621	0.00725	0.00741	0.00759	0.00611	0.00439	0.00959	0.01059	0.01425	0.08480	0.14211	0.02942	0.60320	0.02730	0.00539	0.00564	0.01082	0.00448	0.00429
7	0.01962	0.04323	0.07317	0.02503	0.26680	0.13004	0.11595	0.07822	0.03526	0.12826	0.01443	0.01624	0.01083	0.00644	0.00642	0.00193	0.00843	0.00579	0.00424	0.00965
8	0.01627	0.01803	0.11307	0.06182	0.06688	0.04591	0.12235	0.12477	0.12050	0.02313	0.03298	0.01737	0.01220	0.00808	0.01008	0.00224	0.18506	0.00623	0.00414	0.00888
9	0.00790	0.00631	0.00708	0.00740	0.00902	0.00549	0.00535	0.00960	0.01460	0.01836	0.14844	0.24379	0.46003	0.01694	0.00779	0.00228	0.00337	0.01460	0.00615	0.00549
10	0.01585	0.01575	0.02850	0.03729	0.59939	0.01554	0.15124	0.02000	0.01482	0.02103	0.01233	0.01627	0.01015	0.00570	0.00663	0.00197	0.00829	0.00611	0.00321	0.00994
11	0.01477	0.01573	0.08441	0.27448	0.33080	0.01527	0.05754	0.04702	0.05822	0.02063	0.01294	0.01677	0.01011	0.00627	0.00648	0.00204	0.00815	0.00587	0.00339	0.00910
12	0.00798	0.00571	0.00760	0.00892	0.00940	0.00532	0.00601	0.00928	0.01289	0.01732	0.09663	0.70533	0.04434	0.01962	0.00819	0.00257	0.00369	0.01778	0.00610	0.00532
13	0.00773	0.00655	0.00667	0.00664	0.00878	0.00549	0.00498	0.00945	0.01495	0.01798	0.10639	0.06132	0.68874	0.01617	0.00764	0.00217	0.00326	0.01352	0.00607	0.00549
14	0.01727	0.77681	0.03386	0.01106	0.01658	0.02557	0.01106	0.01935	0.01313	0.01520	0.00898	0.01036	0.00829	0.00553	0.00415	0.00138	0.00691	0.00345	0.00276	0.00829
15	0.02288	0.01510	0.11091	0.04683	0.01866	0.07508	0.01155	0.02590	0.01689	0.45060	0.02446	0.08160	0.05217	0.00896	0.00659	0.00204	0.00647	0.00734	0.00639	0.00958
16	0.01727	0.77681	0.03386	0.01106	0.01658	0.02557	0.01106	0.01935	0.01313	0.01520	0.00898	0.01036	0.00829	0.00553	0.00415	0.00138	0.00691	0.00345	0.00276	0.00829
17	0.00787	0.00562	0.00750	0.00900	0.00937	0.00525	0.00600	0.00900	0.01237	0.01649	0.03561	0.76871	0.04274	0.02024	0.00825	0.00262	0.00375	0.01837	0.00600	0.00525
18	0.02456	0.01810	0.01939	0.01487	0.02004	0.02004	0.01228	0.71107	0.03038	0.04072	0.01551	0.01551	0.01099	0.00776	0.00646	0.00194	0.00711	0.00582	0.00646	0.01099
19	0.01296	0.03342	0.73944	0.01842	0.02797	0.01501	0.02387	0.02046	0.01364	0.02046	0.01160	0.01364	0.00818	0.00614	0.00614	0.00205	0.00955	0.00477	0.00273	0.00955
20	0.01340	0.01148	0.01340	0.00957	0.01531	0.00861	0.00766	0.01627	0.01340	0.02105	0.01148	0.01340	0.00957	0.00479	0.00479	0.00096	0.00479	0.00383	0.00383	0.81242
21	0.00923	0.00692	0.01038	0.01038	0.01154	0.00808	0.00808	0.01154	0.01038	0.01500	0.01731	0.02538	0.01615	0.04846	0.74732	0.01038	0.01731	0.00692	0.00346	0.00577
22	0.02456	0.01810	0.01939	0.01487	0.02004	0.02004	0.01228	0.71107	0.03038	0.04072	0.01551	0.01551	0.01099	0.00776	0.00646	0.00194	0.00711	0.00582	0.00646	0.01099
23	0.00812	0.00656	0.00722	0.00706	0.00903	0.00566	0.00529	0.01021	0.01588	0.02018	0.27927	0.05770	0.51448	0.01535	0.00763	0.00213	0.00320	0.01301	0.00636	0.00566
24	0.00957	0.00670	0.01005	0.01005	0.01101	0.00766	0.00766	0.01101	0.01005	0.01436	0.01628	0.02441	0.01532	0.04406	0.62515	0.14601	0.01533	0.00670	0.00335	0.00527
25	0.00914	0.00660	0.00864	0.00813	0.00965	0.00610	0.00610	0.01219	0.01829	0.02591	0.72921	0.04827	0.06097	0.01321	0.00762	0.00203	0.00305	0.01169	0.00711	0.00610
26	0.00923	0.00692	0.01038	0.01038	0.01154	0.00808	0.00808	0.01154	0.01038	0.01500	0.01731	0.02538	0.01615	0.04846	0.74732	0.01038	0.01731	0.00692	0.00346	0.00577
27	0.01316	0.01303	0.01929	0.69805	0.04254	0.07305	0.01751	0.01725	0.01335	0.01645	0.01136	0.01678	0.00859	0.00648	0.00641	0.00211	0.00886	0.00562	0.00291	0.00720
28	0.00926	0.00681	0.00983	0.00983	0.01080	0.00778	0.00739	0.01119	0.01022	0.01459	0.01781	0.02817	0.01736	0.16785	0.62958	0.00971	0.01549	0.00733	0.00354	0.00546
29	0.00940	0.00626	0.00705	0.00705	0.00705	0.00626	0.00392	0.00940	0.00940	0.01253	0.02036	0.04228	0.02349	0.77292	0.03289	0.00626	0.00626	0.00940	0.00392	0.00392
30	0.00801	0.00568	0.00746	0.00883	0.00917	0.00534	0.00581	0.00903	0.01211	0.01615	0.03427	0.70480	0.04104	0.08646	0.01041	0.00294	0.00397	0.01758	0.00581	0.00513
31	0.02349	0.02944	0.01801	0.01637	0.01972	0.68843	0.01230	0.02648	0.07460	0.01671	0.01129	0.01265	0.00924	0.00683	0.00589	0.00171	0.01113	0.00441	0.00359	0.00771
32	0.01613	0.01839	0.03187	0.12329	0.03259	0.11965	0.48988	0.02140	0.04325	0.01969	0.01294	0.01685	0.00983	0.00589	0.00717	0.00210	0.01047	0.00687	0.00335	0.00839
33	0.01122	0.00561	0.00842	0.00842	0.00842	0.00561	0.00561	0.00842	0.00842	0.01122	0.01122	0.01964	0.01122	0.02245	0.02525	0.81201	0.00561	0.00561	0.00281	0.00281
34	0.01429	0.01201	0.01388	0.00999	0.01569	0.00953	0.00803	0.07193	0.01476	0.02263	0.01181	0.01357	0.00968	0.00502	0.00492	0.00104	0.00497	0.00399	0.00404	0.74822
35	0.06507	0.09715	0.44044	0.03868	0.02553	0.06836	0.06731	0.08602	0.01544	0.02200	0.01155	0.01355	0.00852	0.00623	0.00594	0.00196	0.00901	0.00486	0.00325	0.00914
36	0.00803	0.00581	0.00750	0.00865	0.00925	0.00538	0.00584	0.00932	0.01296	0.01724	0.09842	0.62003	0.09864	0.04905	0.00912	0.00268	0.00375	0.01705	0.00601	0.00529
37	0.01960	0.01124	0.01296	0.01097	0.01460	0.01163	0.00872	0.08234	0.25486	0.25158	0.06187	0.02405	0.01939	0.00842	0.00616	0.00196	0.00483	0.00689	0.17855	0.00941
38	0.00924	0.00666	0.00916	0.00922	0.00996	0.00737	0.00661	0.01073	0.01012	0.01422	0.01896	0.05636	0.01952	0.29089	0.48214	0.00874	0.01314	0.00814	0.00370	0.00513
39	0.00799	0.00587	0.00742	0.00846	0.00921	0.00538	0.00576	0.00931	0.01313	0.01727	0.09557	0.57036	0.15651	0.04443	0.00893	0.00263	0.00370	0.01675	0.00602	0.00531
40	0.02777	0.01073	0.01460	0.01129	0.01607	0.00929	0.00929	0.03030	0.01848	0.69324	0.06889	0.02361	0.01877	0.00832	0.00657	0.00200	0.00535	0.00682	0.00794	0.01069
41	0.00920	0.00636	0.00755	0.00750	0.00814	0.00623	0.00484	0.00979	0.01125	0.01489	0.09994	0.04293	0.14795	0.43534	0.09304	0.06985	0.00641	0.00983	0.00447	0.00449
42	0.01891	0.53522	0.05576	0.01200	0.01745	0.02258	0.01153	0.15301	0.01693	0.06108	0.03433	0.01334	0.01093	0.00636	0.00491	0.00157	0.00684	0.00439	0.00391	0.00894
43	0.01830	0.10123	0.22974	0.01451	0.02063	0.04672	0.01457	0.23551	0.07964	0.06273	0.03314	0.01756	0.03633	0.00735	0.00608	0.00188	0.00738	0.00565	0.00479	0.05626

[dist]
# distance from previous block
# <min> <max>
2	15

[block]
# block no. 2 follows, 34 sequences, length 113
# corresponding to MSA columns:
# 103-215
name=unknown_C
#
# <colnr> <probs for GDERKNQSTAVLIFYWHMCP>
#	G	D	E	R	K	N	Q	S	T	A	V	L	I	F	Y	W	H	M	C	P
0	0.03836	0.29513	0.11682	0.03948	0.17275	0.08323	0.01447	0.03795	0.01487	0.06559	0.03242	0.01439	0.01081	0.00621	0.00543	0.00170	0.00756	0.00475	0.00353	0.03454
1	0.01378	0.06105	0.16025	0.01552	0.08316	0.08276	0.03489	0.01918	0.09969	0.03853	0.13457	0.10922	0.07180	0.01030	0.00681	0.00209	0.00660	0.03697	0.00485	0.00799
2	0.01321	0.01126	0.01318	0.00951	0.01506	0.00850	0.00759	0.01609	0.01362	0.02127	0.04384	0.01497	0.01189	0.00516	0.00491	0.00101	0.00471	0.00418	0.00398	0.77608
3	0.00789	0.00656	0.00690	0.00681	0.00888	0.00556	0.00511	0.00977	0.01533	0.01889	0.17772	0.05983	0.61684	0.01583	0.00763	0.00216	0.00323	0.01331	0.00619	0.00556
4	0.81856	0.01250	0.00950	0.00850	0.01250	0.01449	0.00700	0.01899	0.01100	0.02899	0.00900	0.01050	0.00700	0.00600	0.00400	0.00200	0.00500	0.00350	0.00400	0.00700
5	0.01204	0.00602	0.00602	0.00602	0.00753	0.00602	0.00452	0.01506	0.01355	0.02409	0.02108	0.02409	0.01656	0.00753	0.00452	0.00151	0.00301	0.00602	0.80879	0.00602
6	0.00802	0.00656	0.00708	0.00695	0.00896	0.00562	0.00521	0.01002	0.01564	0.01962	0.23519	0.05862	0.55891	0.01556	0.00763	0.00214	0.00322	0.01314	0.00628	0.00562
7	0.00846	0.00658	0.00768	0.00740	0.00923	0.00580	0.00555	0.01086	0.01666	0.02204	0.42568	0.05463	0.36691	0.01465	0.00763	0.00210	0.00315	0.01258	0.00660	0.00580
8	0.01341	0.00699	0.00720	0.00679	0.00865	0.00708	0.00520	0.06270	0.01484	0.04708	0.02084	0.02344	0.01617	0.00756	0.00471	0.00155	0.00337	0.00602	0.72990	0.00651
9	0.01599	0.01535	0.02623	0.03966	0.73262	0.01535	0.01983	0.01983	0.01471	0.02111	0.01215	0.01599	0.01023	0.00576	0.00640	0.00192	0.00768	0.00576	0.00320	0.01023
10	0.02145	0.01599	0.01689	0.01399	0.01804	0.10703	0.02906	0.32445	0.03973	0.14260	0.01897	0.02404	0.01523	0.01324	0.08769	0.00297	0.00845	0.08500	0.00585	0.00932
11	0.01408	0.22626	0.55641	0.01651	0.02501	0.01775	0.02055	0.02017	0.01351	0.01910	0.01092	0.01279	0.00821	0.00598	0.00562	0.00187	0.00886	0.00443	0.00274	0.00922
12	0.01299	0.03386	0.05536	0.01075	0.01392	0.01000	0.00900	0.07994	0.09527	0.04406	0.07420	0.19973	0.06188	0.01215	0.00686	0.00209	0.00500	0.09242	0.06001	0.12051
13	0.01414	0.01414	0.01979	0.01696	0.01696	0.01979	0.01414	0.01555	0.00990	0.01555	0.00848	0.01414	0.00848	0.01131	0.02120	0.00283	0.76110	0.00565	0.00283	0.00707
14	0.01418	0.01284	0.01860	0.62157	0.03944	0.07378	0.01653	0.01804	0.01372	0.06526	0.01310	0.04179	0.01021	0.00703	0.00647	0.00212	0.00849	0.00608	0.00336	0.00740
15	0.34956	0.05041	0.01503	0.01296	0.04103	0.24690	0.00986	0.06918	0.01553	0.09280	0.01181	0.01349	0.00924	0.03017	0.00597	0.00199	0.00751	0.00442	0.00426	0.00788
16	0.01795	0.01063	0.01367	0.10048	0.01772	0.01080	0.00963	0.13583	0.05125	0.22321	0.27750	0.03003	0.03078	0.00969	0.00684	0.00201	0.00516	0.00820	0.03003	0.00858
17	0.01220	0.01148	0.01938	0.75739	0.04450	0.01436	0.01794	0.01651	0.01292	0.01651	0.01148	0.01723	0.00861	0.00646	0.00646	0.00215	0.00861	0.00574	0.00287	0.00718
18	0.01104	0.01100	0.06492	0.04960	0.07305	0.00959	0.12370	0.01424	0.01393	0.01871	0.02701	0.28170	0.02927	0.01440	0.00800	0.00255	0.00652	0.22902	0.00496	0.00679
19	0.01220	0.01148	0.01938	0.75739	0.04450	0.01436	0.01794	0.01651	0.01292	0.01651	0.01148	0.01723	0.00861	0.00646	0.00646	0.00215	0.00861	0.00574	0.00287	0.00718
20	0.81856	0.01250	0.00950	0.00850	0.01250	0.01449	0.00700	0.01899	0.01100	0.02899	0.00900	0.01050	0.00700	0.00600	0.00400	0.00200	0.00500	0.00350	0.00400	0.00700
21	0.00923	0.00692	0.01038	0.01038	0.01154	0.00808	0.00808	0.01154	0.01038	0.01500	0.01731	0.02538	0.01615	0.04846	0.74732	0.01038	0.01731	0.00692	0.00346	0.00577
22	0.00764	0.00655	0.00655	0.00655	0.00873	0.00545	0.00491	0.00927	0.01473	0.01745	0.06546	0.06218	0.73000	0.01636	0.00764	0.00218	0.00327	0.01364	0.00600	0.00545
23	0.71769	0.01230	0.01020	0.00888	0.01301	0.01386	0.00732	0.02059	0.01195	0.11945	0.01110	0.01196	0.00815	0.00625	0.00432	0.00200	0.00506	0.00388	0.00451	0.00751
24	0.01041	0.00744	0.01041	0.01190	0.01339	0.00744	0.01041	0.01339	0.01487	0.01934	0.03421	0.07288	0.03719	0.01785	0.00892	0.00297	0.00595	0.68913	0.00595	0.00595
25	0.00787	0.00562	0.00750	0.00900	0.00937	0.00525	0.00600	0.00900	0.01237	0.01649	0.03561	0.76871	0.04274	0.02024	0.00825	0.00262	0.00375	0.01837	0.00600	0.00525
26	0.02691	0.01054	0.01433	0.01114	0.01578	0.00914	0.00914	0.02946	0.01847	0.66249	0.09931	0.02475	0.02071	0.00854	0.00662	0.00200	0.00524	0.00704	0.00790	0.01048
27	0.00914	0.00660	0.00864	0.00813	0.00965	0.00610	0.00610	0.01219	0.01829	0.02591	0.72921	0.04827	0.06097	0.01321	0.00762	0.00203	0.00305	0.01169	0.00711	0.00610
28	0.01725	0.12822	0.36410	0.01712	0.02423	0.11710	0.08448	0.04673	0.03793	0.08462	0.01302	0.01444	0.00954	0.00637	0.00603	0.00191	0.00902	0.00506	0.00360	0.00922
29	0.01957	0.06286	0.02249	0.07320	0.15859	0.07537	0.05469	0.29385	0.03888	0.02726	0.01306	0.01529	0.01017	0.00738	0.00809	0.00202	0.09756	0.00565	0.00450	0.00952
30	0.06468	0.05311	0.11300	0.02086	0.17928	0.03811	0.07324	0.14221	0.09616	0.10936	0.01538	0.01658	0.01142	0.00693	0.00671	0.00200	0.03074	0.00577	0.00467	0.00978
31	0.00926	0.00682	0.00985	0.00985	0.01082	0.00779	0.00741	0.01120	0.01023	0.01461	0.01779	0.02808	0.01732	0.16395	0.63343	0.00973	0.01555	0.00732	0.00353	0.00547
32	0.01220	0.01148	0.01938	0.75739	0.04450	0.01436	0.01794	0.01651	0.01292	0.01651	0.01148	0.01723	0.00861	0.00646	0.00646	0.00215	0.00861	0.00574	0.00287	0.00718
33	0.56891	0.01279	0.01324	0.14438	0.08935	0.01475	0.01038	0.04291	0.01238	0.02642	0.00998	0.01241	0.00774	0.00612	0.00476	0.00202	0.00598	0.00420	0.00381	0.00749
34	0.01361	0.01382	0.02324	0.34853	0.05866	0.04558	0.18282	0.01748	0.01345	0.01771	0.01357	0.03995	0.01175	0.00803	0.00904	0.00230	0.11694	0.05273	0.00328	0.00752
35	0.81856	0.01250	0.00950	0.00850	0.01250	0.01449	0.00700	0.01899	0.01100	0.02899	0.00900	0.01050	0.00700	0.00600	0.00400	0.00200	0.00500	0.00350	0.00400	0.00700
36	0.00764	0.00655	0.00655	0.00655	0.00873	0.00545	0.00491	0.00927	0.01473	0.01745	0.06546	0.06218	0.73000	0.01636	0.00764	0.00218	0.00327	0.01364	0.00600	0.00545
37	0.02885	0.01122	0.01513	0.01160	0.01660	0.00982	0.00958	0.05247	0.01886	0.71559	0.02518	0.02179	0.01584	0.00799	0.00650	0.00200	0.00555	0.00648	0.00795	0.01100
38	0.01599	0.01535	0.02623	0.03966	0.73262	0.01535	0.01983	0.01983	0.01471	0.02111	0.01215	0.01599	0.01023	0.00576	0.00640	0.00192	0.00768	0.00576	0.00320	0.01023
39	0.01604	0.01649	0.04217	0.16285	0.35451	0.09756	0.03761	0.03837	0.10104	0.02068	0.01445	0.04375	0.01199	0.00693	0.00646	0.00200	0.00798	0.00625	0.00373	0.00914
40	0.00787	0.00562	0.00750	0.00900	0.00937	0.00525	0.00600	0.00900	0.01237	0.01649	0.03561	0.76871	0.04274	0.02024	0.00825	0.00262	0.00375	0.01837	0.00600	0.00525
41	0.01022	0.00689	0.00870	0.00808	0.00995	0.00621	0.00612	0.01298	0.01767	0.07258	0.56416	0.04895	0.17624	0.01341	0.00755	0.00206	0.00325	0.01168	0.00698	0.00631
42	0.06296	0.01964	0.18168	0.02021	0.17081	0.07173	0.03765	0.02586	0.21773	0.10095	0.01723	0.01784	0.01278	0.00703	0.00626	0.00203	0.00739	0.00587	0.00464	0.00971
43	0.01033	0.00904	0.01176	0.01499	0.16201	0.02733	0.00891	0.01305	0.04592	0.01853	0.06039	0.29888	0.26449	0.01481	0.00750	0.00227	0.00466	0.01306	0.00540	0.00668
44	0.02674	0.01117	0.01474	0.01149	0.01618	0.01007	0.00942	0.07100	0.04171	0.61604	0.08066	0.02375	0.01937	0.00842	0.00659	0.00200	0.00539	0.00689	0.00779	0.01058
45	0.00764	0.00652	0.00658	0.00662	0.00875	0.00545	0.00494	0.00926	0.01465	0.01742	0.06450	0.08483	0.70797	0.01649	0.00766	0.00220	0.00329	0.01379	0.00600	0.00545
46	0.01549	0.17442	0.39881	0.01629	0.04104	0.08909	0.01785	0.06046	0.03715	0.02073	0.06022	0.01564	0.01237	0.00671	0.00586	0.00187	0.00848	0.00509	0.00344	0.00899
47	0.01609	0.01617	0.07418	0.05003	0.48483	0.01485	0.10304	0.02099	0.05102	0.06115	0.01523	0.01813	0.03175	0.00635	0.00658	0.00199	0.00784	0.00627	0.00369	0.00983
48	0.01041	0.00744	0.01041	0.01190	0.01339	0.00744	0.01041	0.01339	0.01487	0.01934	0.03421	0.07288	0.03719	0.01785	0.00892	0.00297	0.00595	0.68913	0.00595	0.00595
49	0.01487	0.01302	0.04395	0.06258	0.12791	0.01195	0.21878	0.01855	0.01549	0.12064	0.09378	0.02975	0.16277	0.00905	0.00751	0.00211	0.02569	0.00856	0.00480	0.00824
50	0.03772	0.07966	0.17256	0.13121	0.14098	0.04863	0.03324	0.07677	0.08350	0.11183	0.01482	0.01643	0.01092	0.00669	0.00615	0.00197	0.00778	0.00553	0.00423	0.00938
51	0.09435	0.18595	0.14587	0.01431	0.01941	0.07461	0.10126	0.03629	0.01464	0.06653	0.01873	0.08039	0.06111	0.00865	0.00613	0.00199	0.00743	0.05021	0.00410	0.00804
52	0.54960	0.01348	0.01570	0.03338	0.09603	0.01525	0.08809	0.01892	0.01184	0.02571	0.00982	0.01237	0.00784	0.00638	0.00622	0.00209	0.07156	0.00445	0.00370	0.00756
53	0.01204	0.00602	0.00602	0.00602	0.00753	0.00602	0.00452	0.01506	0.01355	0.02409	0.02108	0.02409	0.01656	0.00753	0.00452	0.00151	0.00301	0.00602	0.80879	0.00602
54	0.01727	0.77681	0.03386	0.01106	0.01658	0.02557	0.01106	0.01935	0.01313	0.01520	0.00898	0.01036	0.00829	0.00553	0.00415	0.00138	0.00691	0.00345	0.00276	0.00829
55	0.01296	0.03342	0.73944	0.01842	0.02797	0.01501	0.02387	0.02046	0.01364	0.02046	0.01160	0.01364	0.00818	0.00614	0.00614	0.00205	0.00955	0.00477	0.00273	0.00955
56	0.00785	0.00655	0.00684	0.00677	0.00886	0.00555	0.00508	0.00969	0.01523	0.01865	0.15929	0.06022	0.63542	0.01592	0.00763	0.00216	0.00324	0.01336	0.00616	0.00555
57	0.01062	0.00767	0.01056	0.01194	0.01351	0.00775	0.01041	0.01414	0.04027	0.01961	0.03393	0.07113	0.03656	0.01752	0.00884	0.00295	0.00592	0.66461	0.00597	0.00610
58	0.00787	0.00562	0.00750	0.00900	0.00937	0.00525	0.00600	0.00900	0.01237	0.01649	0.03561	0.76871	0.04274	0.02024	0.00825	0.00262	0.00375	0.01837	0.00600	0.00525
59	0.01296	0.03342	0.73944	0.01842	0.02797	0.01501	0.02387	0.02046	0.01364	0.02046	0.01160	0.01364	0.00818	0.00614	0.00614	0.00205	0.00955	0.00477	0.00273	0.00955
60	0.01684	0.01371	0.01463	0.01305	0.01678	0.01568	0.01018	0.03416	0.67898	0.06945	0.02625	0.02398	0.01950	0.00872	0.00657	0.00218	0.00514	0.00726	0.00666	0.01027
61	0.01296	0.03342	0.73944	0.01842	0.02797	0.01501	0.02387	0.02046	0.01364	0.02046	0.01160	0.01364	0.00818	0.00614	0.00614	0.00205	0.00955	0.00477	0.00273	0.00955
62	0.00975	0.00648	0.00809	0.00769	0.00921	0.00608	0.00577	0.01279	0.01730	0.02553	0.58070	0.04319	0.05165	0.01202	0.00697	0.00192	0.00304	0.01050	0.17524	0.00608
63	0.01688	0.07898	0.46660	0.01681	0.02472	0.01729	0.01938	0.23624	0.01884	0.02644	0.01264	0.01400	0.00907	0.00660	0.00611	0.00197	0.00861	0.00501	0.00390	0.00991
64	0.02414	0.03079	0.01831	0.01665	0.01998	0.74698	0.01248	0.02580	0.01831	0.01581	0.00999	0.01165	0.00832	0.00666	0.00583	0.00166	0.01165	0.00416	0.00333	0.00749
65	0.06372	0.01301	0.04033	0.03703	0.15646	0.03114	0.05063	0.05562	0.12484	0.09701	0.13016	0.06077	0.02299	0.06071	0.00848	0.00236	0.00619	0.02479	0.00527	0.00848
66	0.02113	0.00993	0.01262	0.01036	0.01424	0.00905	0.00832	0.02528	0.09462	0.43588	0.13467	0.03275	0.14209	0.01024	0.00686	0.00206	0.00473	0.00853	0.00738	0.00927
67	0.02899	0.01100	0.01499	0.01150	0.01649	0.00950	0.00950	0.03149	0.01849	0.73709	0.02549	0.02199	0.01599	0.00800	0.00650	0.00200	0.00550	0.00650	0.00800	0.01100
68	0.00786	0.00566	0.00745	0.00889	0.00934	0.00526	0.00595	0.00901	0.01248	0.01654	0.03696	0.73686	0.07371	0.02007	0.00822	0.00260	0.00373	0.01816	0.00600	0.00526
69	0.02075	0.02288	0.01978	0.06406	0.05339	0.37225	0.03289	0.13867	0.01800	0.02039	0.01088	0.01353	0.00895	0.00773	0.00927	0.00201	0.16767	0.00502	0.00372	0.00813
70	0.00787	0.00562	0.00750	0.00900	0.00937	0.00525	0.00600	0.00900	0.01237	0.01649	0.03561	0.76871	0.04274	0.02024	0.00825	0.00262	0.00375	0.01837	0.00600	0.00525
71	0.00923	0.00692	0.01038	0.01038	0.01154	0.00808	0.00808	0.01154	0.01038	0.01500	0.01731	0.02538	0.01615	0.04846	0.74732	0.01038	0.01731	0.00692	0.00346	0.00577
72	0.01296	0.03342	0.73944	0.01842	0.02797	0.01501	0.02387	0.02046	0.01364	0.02046	0.01160	0.01364	0.00818	0.00614	0.00614	0.00205	0.00955	0.00477	0.00273	0.00955
73	0.35696	0.01797	0.01549	0.06327	0.04430	0.19997	0.03086	0.11526	0.01631	0.06826	0.01152	0.01301	0.00872	0.00653	0.00530	0.00192	0.00750	0.00451	0.00428	0.00808
74	0.00969	0.00693	0.00923	0.01040	0.01157	0.00680	0.00845	0.01187	0.01372	0.01783	0.03473	0.17401	0.08535	0.12261	0.01205	0.00332	0.00547	0.44477	0.00568	0.00553
75	0.79479	0.01245	0.00966	0.00859	0.01262	0.01434	0.00707	0.01937	0.01122	0.05031	0.00949	0.01084	0.00727	0.00606	0.00407	0.00200	0.00501	0.00359	0.00412	0.00712
76	0.00940	0.00626	0.00705	0.00705	0.00705	0.00626	0.00392	0.00940	0.00940	0.01253	0.02036	0.04228	0.02349	0.77292	0.03289	0.00626	0.00626	0.00940	0.00392	0.00392
77	0.00780	0.00640	0.00687	0.00706	0.00891	0.00547	0.00518	0.00947	0.01465	0.01800	0.11544	0.17309	0.56584	0.01672	0.00773	0.00224	0.00333	0.01423	0.00609	0.00547
78	0.01263	0.01192	0.02015	0.67707	0.12151	0.01447	0.01816	0.01688	0.01312	0.01702	0.01156	0.01709	0.00879	0.00638	0.00645	0.00213	0.00851	0.00574	0.00291	0.00752
79	0.00974	0.00697	0.00959	0.01074	0.01203	0.00682	0.00889	0.01240	0.01502	0.01996	0.15405	0.19198	0.04226	0.01748	0.00858	0.00275	0.00506	0.45366	0.00616	0.00585
80	0.01599	0.01535	0.02623	0.03966	0.73262	0.01535	0.01983	0.01983	0.01471	0.02111	0.01215	0.01599	0.01023	0.00576	0.00640	0.00192	0.00768	0.00576	0.00320	0.01023
81	0.01220	0.01148	0.01938	0.75739	0.04450	0.01436	0.01794	0.01651	0.01292	0.01651	0.01148	0.01723	0.00861	0.00646	0.00646	0.00215	0.00861	0.00574	0.00287	0.00718
82	0.01009	0.00721	0.01004	0.01153	0.01288	0.00716	0.00985	0.01283	0.01456	0.01898	0.03439	0.16128	0.03789	0.01815	0.00884	0.00293	0.00567	0.60392	0.00596	0.00586
83	0.00938	0.00633	0.00738	0.00738	0.00749	0.00644	0.00432	0.00961	0.00949	0.01277	0.02006	0.04062	0.02277	0.70164	0.10318	0.00667	0.00735	0.00915	0.00387	0.00410
84	0.01246	0.01175	0.01984	0.70878	0.09111	0.01442	0.01807	0.01673	0.01304	0.01682	0.01153	0.01714	0.00872	0.00641	0.00646	0.00214	0.00855	0.00574	0.00289	0.00738
85	0.00923	0.00692	0.01038	0.01038	0.01154	0.00808	0.00808	0.01154	0.01038	0.01500	0.01731	0.02538	0.01615	0.04846	0.74732	0.01038	0.01731	0.00692	0.00346	0.00577
86	0.00923	0.00692	0.01038	0.01038	0.01154	0.00808	0.00808	0.01154	0.01038	0.01500	0.01731	0.02538	0.01615	0.04846	0.74732	0.01038	0.01731	0.00692	0.00346	0.00577
87	0.00798	0.00570	0.00762	0.00912	0.00954	0.00534	0.00618	0.00918	0.01248	0.01661	0.03555	0.73961	0.04250	0.02014	0.00828	0.00264	0.00384	0.04642	0.00600	0.00528
88	0.02414	0.03079	0.01831	0.01665	0.01998	0.74698	0.01248	0.02580	0.01831	0.01581	0.00999	0.01165	0.00832	0.00666	0.00583	0.00166	0.01165	0.00416	0.00333	0.00749
89	0.01389	0.02570	0.41451	0.02135	0.02880	0.01600	0.26327	0.02001	0.01380	0.02001	0.01177	0.01502	0.00879	0.00646	0.00831	0.00218	0.09235	0.00587	0.00293	0.00898
90	0.81856	0.01250	0.00950	0.00850	0.01250	0.01449	0.00700	0.01899	0.01100	0.02899	0.00900	0.01050	0.00700	0.00600	0.00400	0.00200	0.00500	0.00350	0.00400	0.00700
91	0.01727	0.77681	0.03386	0.01106	0.01658	0.02557	0.01106	0.01935	0.01313	0.01520	0.00898	0.01036	0.00829	0.00553	0.00415	0.00138	0.00691	0.00345	0.00276	0.00829
92	0.02899	0.01100	0.01499	0.01150	0.01649	0.00950	0.00950	0.03149	0.01849	0.73709	0.02549	0.02199	0.01599	0.00800	0.00650	0.00200	0.00550	0.00650	0.00800	0.01100
93	0.00936	0.00640	0.00773	0.00773	0.00796	0.00663	0.00476	0.00983	0.00960	0.01303	0.01974	0.03883	0.02199	0.62498	0.17878	0.00711	0.00852	0.00889	0.00382	0.00429
94	0.01556	0.01492	0.02545	0.12062	0.65500	0.01524	0.01962	0.01946	0.01451	0.02059	0.01208	0.01613	0.01005	0.00584	0.00640	0.00195	0.00778	0.00576	0.00316	0.00989
95	0.00787	0.00562	0.00750	0.00900	0.00937	0.00525	0.00600	0.00900	0.01237	0.01649	0.03561	0.76871	0.04274	0.02024	0.00825	0.00262	0.00375	0.01837	0.00600	0.00525
96	0.00764	0.00655	0.00655	0.00655	0.00873	0.00545	0.00491	0.00927	0.01473	0.01745	0.06546	0.06218	0.73000	0.01636	0.00764	0.00218	0.00327	0.01364	0.00600	0.00545
97	0.00787	0.00562	0.00750	0.00900	0.00937	0.00525	0.00600	0.00900	0.01237	0.01649	0.03561	0.76871	0.04274	0.02024	0.00825	0.00262	0.00375	0.01837	0.00600	0.00525
98	0.01340	0.01148	0.01340	0.00957	0.01531	0.00861	0.00766	0.01627	0.01340	0.02105	0.01148	0.01340	0.00957	0.00479	0.00479	0.00096	0.00479	0.00383	0.00383	0.81242
99	0.00786	0.00585	0.00733	0.00845	0.00924	0.00532	0.00577	0.00916	0.01306	0.01700	0.06403	0.59618	0.18881	0.01920	0.00810	0.00251	0.00363	0.01715	0.00603	0.00532
100	0.01633	0.01448	0.01506	0.01400	0.03686	0.04007	0.01057	0.03365	0.67817	0.02650	0.02537	0.02347	0.01908	0.00861	0.00655	0.00217	0.00540	0.00716	0.00637	0.01014
101	0.01567	0.07538	0.49862	0.01913	0.07094	0.03647	0.07051	0.02173	0.01446	0.09856	0.01305	0.01472	0.00930	0.00624	0.00617	0.00199	0.00898	0.00513	0.00339	0.00955
102	0.01461	0.01394	0.02372	0.30194	0.48116	0.01499	0.01914	0.01862	0.01406	0.01943	0.01191	0.01644	0.00964	0.00601	0.00642	0.00200	0.00802	0.00575	0.00308	0.00912
103	0.02447	0.01689	0.01840	0.01417	0.01917	0.01841	0.01168	0.61510	0.02851	0.10854	0.01673	0.01651	0.01171	0.00777	0.00639	0.00193	0.00678	0.00589	0.04017	0.01078
104	0.04649	0.00743	0.00776	0.00729	0.00920	0.00771	0.00561	0.07472	0.01502	0.02531	0.06783	0.02450	0.01866	0.01032	0.04931	0.00213	0.00430	0.00634	0.60361	0.00648
105	0.01096	0.00957	0.01279	0.04225	0.01513	0.00956	0.07969	0.01712	0.17123	0.02144	0.15827	0.04585	0.29828	0.01274	0.00746	0.00222	0.00487	0.06759	0.00590	0.00707
106	0.01246	0.01175	0.01984	0.70878	0.09111	0.01442	0.01807	0.01673	0.01304	0.01682	0.01153	0.01714	0.00872	0.00641	0.00646	0.00214	0.00855	0.00574	0.00289	0.00738
107	0.02254	0.01709	0.01825	0.01446	0.01927	0.01909	0.01179	0.54991	0.19483	0.03746	0.01808	0.01756	0.01307	0.00800	0.00649	0.00200	0.00663	0.00617	0.00649	0.01081
108	0.01561	0.01341	0.01432	0.01296	0.01645	0.01553	0.01008	0.03279	0.67282	0.02621	0.02569	0.02419	0.01948	0.01145	0.05674	0.00275	0.00594	0.00728	0.00636	0.00993
109	0.00928	0.00628	0.00701	0.00701	0.00716	0.00621	0.00398	0.00939	0.00976	0.01286	0.02341	0.04363	0.07134	0.72168	0.03118	0.00599	0.00606	0.00968	0.00406	0.00402
110	0.00857	0.00614	0.00799	0.00924	0.00982	0.00587	0.00626	0.03836	0.01312	0.01751	0.03477	0.73721	0.04141	0.01972	0.00817	0.00260	0.00389	0.01784	0.00602	0.00549
111	0.11901	0.09550	0.06974	0.01294	0.01652	0.10471	0.06472	0.03851	0.01514	0.04187	0.07769	0.09737	0.02261	0.01065	0.00661	0.00216	0.00678	0.15730	0.03291	0.00726
112	0.01761	0.12421	0.09054	0.01680	0.02114	0.11802	0.15167	0.02135	0.03792	0.11217	0.01567	0.03972	0.01335	0.00847	0.00878	0.00214	0.12381	0.06420	0.00411	0.00833

[dist]
# distance from previous block
# <min> <max>
0	15

# created by:
# /home/berkeley/.conda/envs/busco_data_prod/bin/msa2prfl.pl pipeline/OGs_align_augustus/4893/676.fs
