[name]
unknown

[dist]
# distance from previous block
# <min> <max>
7	57

[block]
# block no. 0 follows, 33 sequences, length 79
# corresponding to MSA columns:
# 69-136,138-148
name=unknown_A
#
# <colnr> <probs for GDERKNQSTAVLIFYWHMCP>
#	G	D	E	R	K	N	Q	S	T	A	V	L	I	F	Y	W	H	M	C	P
0	0.09218	0.09589	0.05074	0.03456	0.12683	0.10906	0.12314	0.10735	0.06838	0.04617	0.03488	0.01769	0.03134	0.00716	0.00664	0.00198	0.02670	0.00600	0.00429	0.00902
1	0.10752	0.05542	0.09104	0.08101	0.11898	0.09601	0.01367	0.08871	0.08115	0.09211	0.01659	0.03824	0.03219	0.00762	0.00650	0.00200	0.02628	0.00596	0.00455	0.03446
2	0.01563	0.05307	0.10115	0.05793	0.11911	0.01373	0.04668	0.08121	0.09824	0.08324	0.06072	0.05440	0.11621	0.00930	0.00724	0.00208	0.03173	0.00785	0.00501	0.03546
3	0.12737	0.07943	0.05796	0.03101	0.03728	0.12387	0.08859	0.08790	0.04761	0.12258	0.01620	0.01864	0.03128	0.00785	0.00749	0.00207	0.07229	0.02720	0.00462	0.00876
4	0.06640	0.26339	0.04790	0.07138	0.04385	0.07986	0.04721	0.09152	0.03967	0.09609	0.03272	0.04602	0.01357	0.00759	0.00583	0.00188	0.00735	0.02465	0.00439	0.00874
5	0.01821	0.24330	0.06722	0.01394	0.01888	0.12943	0.06843	0.07813	0.04390	0.07002	0.09149	0.01824	0.01601	0.00823	0.02422	0.00195	0.00780	0.00567	0.00437	0.07057
6	0.10897	0.27593	0.17788	0.01331	0.01880	0.04646	0.04679	0.01971	0.02831	0.05540	0.05531	0.06748	0.03055	0.00800	0.00572	0.00190	0.00715	0.02009	0.00396	0.00829
7	0.01724	0.45693	0.18863	0.04918	0.02117	0.04569	0.01457	0.05413	0.04298	0.03862	0.01141	0.01284	0.00926	0.00617	0.00513	0.00169	0.00778	0.00432	0.00332	0.00894
8	0.06837	0.49248	0.20485	0.01291	0.01926	0.02170	0.01403	0.02015	0.03322	0.01845	0.03478	0.01311	0.01050	0.00618	0.00491	0.00166	0.00739	0.00425	0.00315	0.00866
9	0.01458	0.26600	0.51468	0.01641	0.02485	0.01867	0.02022	0.02049	0.01373	0.01917	0.01098	0.01285	0.00837	0.00606	0.00562	0.00187	0.00888	0.00444	0.00279	0.00933
10	0.05261	0.14883	0.58977	0.01710	0.02591	0.01695	0.02145	0.02060	0.01369	0.02043	0.01127	0.01322	0.00830	0.00615	0.00583	0.00198	0.00908	0.00459	0.00285	0.00940
11	0.00957	0.00638	0.00718	0.00718	0.00718	0.00638	0.00399	0.00957	0.00957	0.01276	0.02074	0.04308	0.02393	0.76864	0.03351	0.00638	0.00638	0.00957	0.00399	0.00399
12	0.01320	0.03405	0.73453	0.01876	0.02849	0.01529	0.02432	0.02085	0.01390	0.02085	0.01181	0.01390	0.00834	0.00625	0.00625	0.00208	0.00973	0.00486	0.00278	0.00973
13	0.00957	0.00638	0.00718	0.00718	0.00718	0.00638	0.00399	0.00957	0.00957	0.01276	0.02074	0.04308	0.02393	0.76864	0.03351	0.00638	0.00638	0.00957	0.00399	0.00399
14	0.01000	0.00734	0.00936	0.00908	0.00940	0.00822	0.00615	0.01077	0.00990	0.01375	0.01873	0.03563	0.02042	0.50001	0.22478	0.00718	0.08219	0.00852	0.00376	0.00481
15	0.01550	0.01653	0.02382	0.01938	0.02101	0.08116	0.15386	0.01780	0.01192	0.01693	0.00972	0.01487	0.00890	0.00991	0.01746	0.00265	0.54195	0.00604	0.00302	0.00758
16	0.01666	0.04485	0.38342	0.01887	0.08024	0.03378	0.06163	0.09444	0.03635	0.09204	0.06230	0.01790	0.01366	0.00710	0.00649	0.00204	0.00841	0.00591	0.00420	0.00972
17	0.00957	0.00638	0.00718	0.00718	0.00718	0.00638	0.00399	0.00957	0.00957	0.01276	0.02074	0.04308	0.02393	0.76864	0.03351	0.00638	0.00638	0.00957	0.00399	0.00399
18	0.02097	0.09654	0.14216	0.01770	0.09098	0.06616	0.03395	0.23249	0.08345	0.12716	0.01609	0.01651	0.01166	0.00718	0.00629	0.00195	0.00771	0.00567	0.00516	0.01022
19	0.01336	0.01295	0.05995	0.63939	0.04157	0.01414	0.01771	0.01777	0.01350	0.05176	0.01240	0.01739	0.00916	0.00656	0.00648	0.00212	0.00849	0.00574	0.00322	0.04634
20	0.06361	0.16087	0.49852	0.01649	0.02472	0.01764	0.01985	0.08697	0.01530	0.02244	0.01157	0.01330	0.00856	0.00630	0.00580	0.00195	0.00874	0.00465	0.00323	0.00949
21	0.01920	0.01937	0.02409	0.03211	0.48436	0.17158	0.01760	0.11071	0.01785	0.02295	0.01236	0.01528	0.01011	0.00633	0.00640	0.00190	0.00861	0.00553	0.00372	0.00993
22	0.00924	0.00673	0.00869	0.00820	0.00979	0.00618	0.00615	0.01227	0.01845	0.02595	0.68985	0.04991	0.09664	0.01363	0.00777	0.00208	0.00312	0.01201	0.00719	0.00618
23	0.01565	0.01499	0.02557	0.15838	0.61459	0.01547	0.01989	0.01964	0.01469	0.02073	0.01227	0.01650	0.01015	0.00598	0.00653	0.00199	0.00798	0.00586	0.00320	0.00991
24	0.39351	0.12194	0.01480	0.01018	0.01420	0.01563	0.00851	0.12129	0.04265	0.04584	0.06772	0.06016	0.04372	0.00826	0.00530	0.00199	0.00542	0.00603	0.00491	0.00793
25	0.00915	0.00686	0.00857	0.00844	0.01002	0.00630	0.00619	0.01208	0.03702	0.02303	0.44394	0.20437	0.14691	0.01508	0.00779	0.00220	0.00340	0.01330	0.00673	0.02860
26	0.00802	0.00668	0.00700	0.00692	0.00904	0.00566	0.00519	0.00992	0.01558	0.01914	0.17027	0.06112	0.62048	0.01617	0.00778	0.00220	0.00330	0.01358	0.00629	0.00566
27	0.01440	0.01440	0.02016	0.01728	0.01728	0.02016	0.01440	0.01584	0.01008	0.01584	0.00864	0.01440	0.00864	0.01152	0.02160	0.00288	0.75659	0.00576	0.00288	0.00720
28	0.01501	0.01015	0.03474	0.01123	0.01365	0.03283	0.02801	0.05049	0.01551	0.16866	0.05886	0.28524	0.05760	0.06164	0.00961	0.00263	0.02682	0.07660	0.03345	0.00728
29	0.00789	0.00664	0.00685	0.00686	0.00898	0.00559	0.00512	0.00964	0.01517	0.01834	0.11030	0.08569	0.65727	0.01659	0.00780	0.00223	0.00334	0.01392	0.00619	0.00559
30	0.01696	0.01443	0.01522	0.01352	0.01734	0.01665	0.01056	0.08050	0.66920	0.02849	0.02605	0.02397	0.01949	0.00886	0.00669	0.00222	0.00535	0.00734	0.00669	0.01047
31	0.02067	0.07810	0.01983	0.01559	0.05878	0.07220	0.10058	0.07810	0.03776	0.26497	0.06792	0.11709	0.02013	0.00933	0.00681	0.00206	0.00680	0.00816	0.00591	0.00922
32	0.05382	0.04876	0.49387	0.01793	0.02562	0.01622	0.06759	0.07723	0.01486	0.02223	0.01205	0.01495	0.00910	0.02851	0.00823	0.00225	0.06901	0.00526	0.00324	0.00926
33	0.00800	0.00580	0.00756	0.00897	0.00950	0.00536	0.00602	0.00919	0.01279	0.01688	0.03868	0.70915	0.09718	0.02031	0.00835	0.00264	0.00378	0.01834	0.00611	0.00536
34	0.01629	0.01564	0.02672	0.04041	0.72757	0.01564	0.02020	0.02020	0.01499	0.02151	0.01238	0.01629	0.01043	0.00587	0.00652	0.00196	0.00782	0.00587	0.00326	0.01043
35	0.03996	0.09638	0.20624	0.11206	0.04702	0.02934	0.06684	0.02320	0.07441	0.17103	0.01805	0.03941	0.03236	0.00750	0.00636	0.00205	0.00768	0.00629	0.00456	0.00926
36	0.01710	0.01950	0.09046	0.21728	0.25773	0.15654	0.01757	0.06057	0.06157	0.02070	0.01285	0.01604	0.01009	0.00658	0.00641	0.00200	0.00884	0.00556	0.00356	0.00905
37	0.54651	0.01224	0.01184	0.05192	0.01575	0.01332	0.00849	0.02282	0.01348	0.22816	0.01408	0.01441	0.00982	0.00672	0.00494	0.00205	0.00545	0.00456	0.00516	0.00830
38	0.01384	0.00931	0.01145	0.03485	0.01401	0.00901	0.00820	0.05159	0.10194	0.11485	0.12543	0.20737	0.08943	0.03427	0.00805	0.00231	0.00477	0.05999	0.00622	0.09310
39	0.01947	0.53497	0.08990	0.01257	0.01824	0.09956	0.01233	0.02207	0.01467	0.10607	0.01160	0.01247	0.00943	0.00612	0.00488	0.00158	0.00760	0.00410	0.00354	0.00882
40	0.01138	0.08358	0.05336	0.00982	0.01277	0.01044	0.00829	0.01730	0.14912	0.02357	0.35452	0.04154	0.17496	0.01206	0.00714	0.00207	0.00431	0.01024	0.00624	0.00730
41	0.01434	0.03255	0.66556	0.01841	0.02771	0.01578	0.02318	0.08693	0.01554	0.02284	0.01220	0.01408	0.00862	0.00641	0.00629	0.00207	0.00949	0.00497	0.00315	0.00987
42	0.00943	0.00694	0.00999	0.00999	0.01096	0.00791	0.00749	0.01138	0.01041	0.01485	0.01817	0.02885	0.01776	0.17417	0.61953	0.00985	0.01568	0.00749	0.00361	0.00555
43	0.00816	0.00596	0.00768	0.00878	0.00951	0.00548	0.00600	0.00961	0.01362	0.01812	0.12604	0.59802	0.12018	0.01929	0.00825	0.00255	0.00368	0.01733	0.00625	0.00548
44	0.00991	0.00690	0.00891	0.00982	0.01060	0.00685	0.00746	0.01152	0.01264	0.01660	0.02934	0.13710	0.03290	0.31981	0.01882	0.00434	0.00595	0.34016	0.00523	0.00515
45	0.00789	0.00626	0.00709	0.00776	0.00918	0.00547	0.00549	0.00932	0.01395	0.01735	0.05336	0.37077	0.42610	0.01841	0.00805	0.00242	0.00355	0.01601	0.00611	0.00547
46	0.01365	0.01170	0.01365	0.00975	0.01560	0.00878	0.00780	0.01658	0.01365	0.02145	0.01170	0.01365	0.00975	0.00488	0.00488	0.00098	0.00488	0.00390	0.00390	0.80888
47	0.00953	0.00636	0.00719	0.00723	0.00724	0.00635	0.00405	0.00956	0.00966	0.01287	0.02117	0.06272	0.02447	0.74827	0.03282	0.00628	0.00631	0.00982	0.00405	0.00403
48	0.01243	0.01170	0.01975	0.75282	0.04534	0.01463	0.01828	0.01682	0.01316	0.01682	0.01170	0.01755	0.00878	0.00658	0.00658	0.00219	0.00878	0.00585	0.00293	0.00731
49	0.01420	0.01266	0.03139	0.01153	0.04769	0.00968	0.00892	0.04345	0.01438	0.02221	0.01189	0.01386	0.00980	0.00507	0.00505	0.00108	0.00521	0.00409	0.00395	0.72387
50	0.05933	0.02942	0.55096	0.01971	0.02830	0.01564	0.14164	0.02066	0.01392	0.02124	0.01183	0.01440	0.00857	0.00628	0.00684	0.00213	0.03149	0.00532	0.00295	0.00936
51	0.01536	0.01724	0.03598	0.02614	0.03178	0.01719	0.59789	0.02028	0.01470	0.02028	0.01260	0.01724	0.00978	0.00647	0.00989	0.00232	0.12550	0.00746	0.00326	0.00862
52	0.02001	0.01578	0.01621	0.01382	0.01800	0.05756	0.01094	0.18197	0.45826	0.09796	0.02336	0.02171	0.01711	0.00851	0.00662	0.00213	0.00607	0.00685	0.00663	0.01051
53	0.02459	0.03138	0.01866	0.01696	0.02035	0.74221	0.01272	0.02629	0.01866	0.01611	0.01018	0.01187	0.00848	0.00678	0.00594	0.00170	0.01187	0.00424	0.00339	0.00763
54	0.01373	0.10989	0.55112	0.08931	0.02922	0.01645	0.06104	0.02035	0.01387	0.01990	0.01160	0.01411	0.00849	0.00618	0.00616	0.00203	0.00943	0.00498	0.00283	0.00931
55	0.01631	0.01654	0.04584	0.07953	0.64175	0.04364	0.01992	0.02026	0.01500	0.02101	0.01224	0.01613	0.01020	0.00595	0.00649	0.00196	0.00809	0.00577	0.00323	0.01012
56	0.00802	0.00573	0.00764	0.00917	0.00955	0.00535	0.00611	0.00917	0.01260	0.01681	0.03628	0.76434	0.04354	0.02062	0.00840	0.00267	0.00382	0.01872	0.00611	0.00535
57	0.00802	0.00573	0.00764	0.00917	0.00955	0.00535	0.00611	0.00917	0.01260	0.01681	0.03628	0.76434	0.04354	0.02062	0.00840	0.00267	0.00382	0.01872	0.00611	0.00535
58	0.01720	0.01469	0.02203	0.08414	0.41378	0.01537	0.01640	0.09683	0.12568	0.05880	0.05614	0.01979	0.01511	0.00716	0.00663	0.00203	0.00705	0.00650	0.00459	0.01007
59	0.00927	0.00628	0.00742	0.00781	0.00796	0.00620	0.00472	0.00964	0.01047	0.01394	0.02476	0.20536	0.02885	0.57260	0.02696	0.00542	0.00580	0.03764	0.00454	0.00437
60	0.00802	0.00573	0.00764	0.00917	0.00955	0.00535	0.00611	0.00917	0.01260	0.01681	0.03628	0.76434	0.04354	0.02062	0.00840	0.00267	0.00382	0.01872	0.00611	0.00535
61	0.02459	0.03138	0.01866	0.01696	0.02035	0.74221	0.01272	0.02629	0.01866	0.01611	0.01018	0.01187	0.00848	0.00678	0.00594	0.00170	0.01187	0.00424	0.00339	0.00763
62	0.02043	0.03340	0.04311	0.11548	0.08606	0.01483	0.19629	0.13332	0.01848	0.22323	0.01833	0.01959	0.03166	0.00715	0.00687	0.00208	0.00800	0.00673	0.00520	0.00975
63	0.00977	0.00664	0.00823	0.00853	0.01005	0.00596	0.00620	0.01165	0.01509	0.06780	0.19263	0.33817	0.23949	0.01703	0.00799	0.00238	0.00372	0.03616	0.00649	0.00601
64	0.00957	0.00638	0.00718	0.00718	0.00718	0.00638	0.00399	0.00957	0.00957	0.01276	0.02074	0.04308	0.02393	0.76864	0.03351	0.00638	0.00638	0.00957	0.00399	0.00399
65	0.01365	0.01170	0.01365	0.00975	0.01560	0.00878	0.00780	0.01658	0.01365	0.02145	0.01170	0.01365	0.00975	0.00488	0.00488	0.00098	0.00488	0.00390	0.00390	0.80888
66	0.00958	0.00763	0.01210	0.01213	0.01355	0.00726	0.08997	0.01173	0.01361	0.01806	0.03319	0.49822	0.03811	0.01821	0.00851	0.00271	0.00526	0.18846	0.00577	0.00595
67	0.78027	0.01266	0.00992	0.00879	0.01291	0.01454	0.00724	0.01992	0.01154	0.06072	0.00991	0.01121	0.00754	0.00620	0.00419	0.00204	0.00512	0.00370	0.00425	0.00731
68	0.02414	0.03062	0.01872	0.01697	0.02022	0.71016	0.01279	0.02582	0.01828	0.01610	0.01011	0.01198	0.00849	0.00699	0.00663	0.00175	0.04493	0.00431	0.00337	0.00761
69	0.73780	0.01392	0.03947	0.00943	0.01380	0.01511	0.00813	0.05851	0.01244	0.02987	0.00965	0.01111	0.00741	0.00622	0.00431	0.00204	0.00540	0.00375	0.00416	0.00747
70	0.01439	0.01530	0.03059	0.02473	0.10523	0.01469	0.45914	0.01954	0.03887	0.02163	0.10166	0.02434	0.06142	0.00750	0.00798	0.00219	0.02984	0.00837	0.00406	0.00853
71	0.01907	0.01150	0.01452	0.01167	0.04735	0.00926	0.00889	0.02186	0.01558	0.26909	0.01892	0.01883	0.04090	0.00654	0.00567	0.00144	0.00520	0.00534	0.00544	0.46294
72	0.00968	0.00685	0.00868	0.00815	0.00990	0.00622	0.00614	0.01256	0.01811	0.04569	0.60799	0.05046	0.15735	0.01377	0.00773	0.00209	0.00321	0.01204	0.00711	0.00626
73	0.14642	0.01898	0.06415	0.01311	0.01788	0.20328	0.01101	0.06291	0.04481	0.16232	0.01448	0.01504	0.01067	0.00681	0.00606	0.00177	0.02654	0.00484	0.00479	0.16411
74	0.01495	0.23866	0.38335	0.08803	0.06227	0.01782	0.01876	0.02021	0.01405	0.04273	0.03418	0.01483	0.01049	0.00638	0.00578	0.00189	0.00843	0.00491	0.00315	0.00911
75	0.04628	0.03941	0.10463	0.03904	0.22271	0.07783	0.01519	0.08003	0.12976	0.15415	0.01700	0.01773	0.01251	0.00709	0.00635	0.00200	0.00743	0.00586	0.00494	0.01007
76	0.01535	0.01462	0.02466	0.04890	0.50283	0.01511	0.06903	0.03821	0.01477	0.02096	0.01479	0.09691	0.01380	0.00799	0.00810	0.00214	0.07139	0.00739	0.00363	0.00944
77	0.01508	0.01301	0.02363	0.05440	0.02384	0.01251	0.31233	0.07609	0.01633	0.08995	0.02475	0.19178	0.07713	0.01068	0.00768	0.00230	0.00772	0.02773	0.00498	0.00808
78	0.01304	0.11034	0.02114	0.05209	0.08053	0.01297	0.15956	0.01586	0.01426	0.03763	0.06805	0.14801	0.13076	0.01117	0.00838	0.02286	0.04928	0.00966	0.00447	0.02990

[dist]
# distance from previous block
# <min> <max>
0	1

[block]
# block no. 1 follows, 33 sequences, length 79
# corresponding to MSA columns:
# 150-228
name=unknown_B
#
# <colnr> <probs for GDERKNQSTAVLIFYWHMCP>
#	G	D	E	R	K	N	Q	S	T	A	V	L	I	F	Y	W	H	M	C	P
0	0.01451	0.01390	0.02317	0.32912	0.37267	0.01571	0.01880	0.01835	0.01372	0.01899	0.01170	0.01661	0.00956	0.00676	0.00816	0.00215	0.08839	0.00585	0.00308	0.00881
1	0.00839	0.00666	0.00757	0.00785	0.00950	0.00596	0.00569	0.01071	0.03752	0.01934	0.17214	0.25166	0.39957	0.01694	0.00791	0.00232	0.00349	0.01466	0.00633	0.00577
2	0.00896	0.00675	0.00769	0.00766	0.00958	0.00589	0.00573	0.01100	0.01579	0.04240	0.22648	0.13359	0.44359	0.01606	0.00784	0.00225	0.00348	0.03290	0.00646	0.00589
3	0.10650	0.01672	0.02020	0.14119	0.05086	0.08655	0.08782	0.24685	0.03602	0.12115	0.01504	0.01647	0.01080	0.00710	0.00639	0.00203	0.00790	0.00582	0.00512	0.00946
4	0.01737	0.01737	0.06215	0.11585	0.37836	0.07404	0.05443	0.08669	0.01644	0.04783	0.01300	0.01642	0.01034	0.00772	0.02784	0.00226	0.03276	0.00584	0.00370	0.00958
5	0.01769	0.01362	0.01482	0.01313	0.01694	0.01540	0.01028	0.03405	0.61816	0.10738	0.02646	0.02435	0.01957	0.00989	0.02573	0.00243	0.00558	0.00734	0.00678	0.01039
6	0.01671	0.46580	0.26633	0.01423	0.02104	0.08124	0.01573	0.02063	0.01398	0.01732	0.01012	0.01178	0.00841	0.00593	0.00504	0.00166	0.00833	0.00403	0.00285	0.00881
7	0.01368	0.01211	0.05283	0.01115	0.01527	0.01033	0.03404	0.11213	0.05093	0.02649	0.29041	0.02874	0.03093	0.00900	0.00650	0.00172	0.00498	0.00772	0.02726	0.25380
8	0.01086	0.00633	0.00888	0.00891	0.00896	0.00661	0.00597	0.00924	0.00934	0.01259	0.01599	0.11696	0.01745	0.15038	0.02466	0.52309	0.04868	0.00801	0.00346	0.00361
9	0.01612	0.01387	0.01467	0.01321	0.01686	0.01601	0.01027	0.03417	0.69049	0.02750	0.05199	0.02545	0.02161	0.00910	0.00674	0.00223	0.00513	0.00760	0.00672	0.01027
10	0.00802	0.00573	0.00764	0.00917	0.00955	0.00535	0.00611	0.00917	0.01260	0.01681	0.03628	0.76434	0.04354	0.02062	0.00840	0.00267	0.00382	0.01872	0.00611	0.00535
11	0.00948	0.00645	0.00761	0.00757	0.00788	0.00642	0.00460	0.01011	0.01110	0.01510	0.12925	0.06344	0.02999	0.59631	0.06346	0.00582	0.00636	0.01007	0.00453	0.00446
12	0.01554	0.01776	0.03885	0.02775	0.03441	0.01665	0.70366	0.02109	0.01554	0.02109	0.01332	0.01776	0.00999	0.00555	0.00777	0.00222	0.01110	0.00777	0.00333	0.00888
13	0.18165	0.01134	0.01328	0.01063	0.01502	0.01099	0.00871	0.07815	0.01768	0.43886	0.04383	0.02070	0.01564	0.00784	0.00593	0.00198	0.00526	0.00608	0.09677	0.00967
14	0.00802	0.00573	0.00764	0.00917	0.00955	0.00535	0.00611	0.00917	0.01260	0.01681	0.03628	0.76434	0.04354	0.02062	0.00840	0.00267	0.00382	0.01872	0.00611	0.00535
15	0.01630	0.01555	0.02601	0.03879	0.68513	0.01569	0.01962	0.02109	0.05685	0.02187	0.01324	0.01679	0.01101	0.00605	0.00653	0.00197	0.00766	0.00596	0.00346	0.01043
16	0.00940	0.00705	0.01058	0.01058	0.01176	0.00823	0.00823	0.01176	0.01058	0.01528	0.01763	0.02586	0.01646	0.04937	0.74255	0.01058	0.01763	0.00705	0.00353	0.00588
17	0.00785	0.00662	0.00680	0.00688	0.00897	0.00557	0.00511	0.00954	0.01499	0.01804	0.08863	0.10472	0.66025	0.01679	0.00782	0.00224	0.00336	0.01411	0.00615	0.00557
18	0.01144	0.00572	0.00858	0.00858	0.00858	0.00572	0.00572	0.00858	0.00858	0.01144	0.01144	0.02001	0.01144	0.02287	0.02573	0.80846	0.00572	0.00572	0.00286	0.00286
19	0.01340	0.00647	0.00673	0.00650	0.00826	0.00637	0.00493	0.01643	0.01413	0.07064	0.02177	0.02440	0.01684	0.00770	0.00473	0.00157	0.00323	0.00617	0.75327	0.00647
20	0.01243	0.01170	0.01975	0.75282	0.04534	0.01463	0.01828	0.01682	0.01316	0.01682	0.01170	0.01755	0.00878	0.00658	0.00658	0.00219	0.00878	0.00585	0.00293	0.00731
21	0.00802	0.00573	0.00764	0.00917	0.00955	0.00535	0.00611	0.00917	0.01260	0.01681	0.03628	0.76434	0.04354	0.02062	0.00840	0.00267	0.00382	0.01872	0.00611	0.00535
22	0.01376	0.01205	0.01510	0.01078	0.01668	0.00923	0.04773	0.01684	0.01376	0.02143	0.01179	0.01389	0.00976	0.00491	0.00504	0.00105	0.00523	0.00412	0.00387	0.76298
23	0.10057	0.15113	0.09950	0.03670	0.06314	0.31160	0.03421	0.09255	0.01730	0.02095	0.01092	0.01275	0.00877	0.00648	0.00567	0.00180	0.00933	0.00454	0.00360	0.00851
24	0.42526	0.01777	0.12625	0.01257	0.01790	0.03528	0.03126	0.16263	0.01659	0.08127	0.01232	0.01334	0.00895	0.00665	0.00528	0.00203	0.00665	0.00462	0.00465	0.00874
25	0.01391	0.02910	0.52314	0.02149	0.03029	0.01570	0.23075	0.02092	0.01440	0.02092	0.01227	0.01507	0.00884	0.00604	0.00671	0.00213	0.01015	0.00575	0.00295	0.00947
26	0.00873	0.00671	0.00798	0.00766	0.00947	0.00596	0.00575	0.01128	0.01724	0.02309	0.47123	0.05463	0.31705	0.01469	0.00777	0.00213	0.00319	0.01267	0.00681	0.00596
27	0.00833	0.00669	0.00743	0.00725	0.00923	0.00579	0.00544	0.01051	0.01631	0.02087	0.30234	0.05827	0.48733	0.01552	0.00777	0.00217	0.00325	0.01318	0.00652	0.00579
28	0.67977	0.01313	0.01074	0.00953	0.01360	0.01519	0.00777	0.04675	0.10561	0.02971	0.01176	0.01273	0.00900	0.00655	0.00452	0.00206	0.00519	0.00417	0.00452	0.00772
29	0.01144	0.00572	0.00858	0.00858	0.00858	0.00572	0.00572	0.00858	0.00858	0.01144	0.01144	0.02001	0.01144	0.02287	0.02573	0.80846	0.00572	0.00572	0.00286	0.00286
30	0.01753	0.05956	0.09649	0.03047	0.43784	0.09739	0.03786	0.04642	0.03471	0.03897	0.01276	0.01558	0.01030	0.00617	0.00630	0.00190	0.00829	0.00552	0.00356	0.03237
31	0.02632	0.01442	0.01703	0.01327	0.01829	0.01470	0.01089	0.30220	0.09831	0.38003	0.02199	0.01999	0.01466	0.00813	0.00661	0.00203	0.00622	0.00643	0.00737	0.01112
32	0.00941	0.00702	0.01041	0.01041	0.01153	0.00814	0.00802	0.01165	0.01053	0.01516	0.01779	0.02670	0.01682	0.08449	0.70794	0.01038	0.01708	0.00718	0.00355	0.00579
33	0.01192	0.04832	0.04802	0.06115	0.03211	0.04814	0.04699	0.03853	0.01386	0.01817	0.04160	0.32825	0.04680	0.01583	0.02931	0.04593	0.05723	0.05646	0.00481	0.00654
34	0.01549	0.04305	0.33346	0.05930	0.06210	0.01468	0.16043	0.02185	0.04921	0.09320	0.03776	0.02024	0.01327	0.00720	0.00678	0.00214	0.00877	0.03780	0.00396	0.00933
35	0.00957	0.00638	0.00718	0.00718	0.00718	0.00638	0.00399	0.00957	0.00957	0.01276	0.02074	0.04308	0.02393	0.76864	0.03351	0.00638	0.00638	0.00957	0.00399	0.00399
36	0.01597	0.01597	0.05174	0.14723	0.52034	0.01577	0.06145	0.05322	0.01548	0.02171	0.01248	0.01647	0.01011	0.00607	0.00660	0.00201	0.00821	0.00595	0.00336	0.00987
37	0.01599	0.01129	0.06187	0.03892	0.01583	0.02975	0.04171	0.01893	0.03189	0.21396	0.06997	0.10295	0.05792	0.12144	0.13332	0.00415	0.00808	0.00889	0.00549	0.00765
38	0.01307	0.01460	0.09311	0.49103	0.14955	0.01451	0.05518	0.01762	0.01363	0.01820	0.01311	0.05345	0.01076	0.00707	0.00669	0.00217	0.00860	0.00648	0.00314	0.00804
39	0.01320	0.03405	0.73453	0.01876	0.02849	0.01529	0.02432	0.02085	0.01390	0.02085	0.01181	0.01390	0.00834	0.00625	0.00625	0.00208	0.00973	0.00486	0.00278	0.00973
40	0.01699	0.04582	0.18185	0.12405	0.23063	0.04982	0.05381	0.02138	0.01523	0.12798	0.01726	0.01929	0.05260	0.00706	0.00651	0.00203	0.00812	0.00617	0.00401	0.00939
41	0.04625	0.18490	0.23075	0.05023	0.05966	0.05542	0.01544	0.08436	0.01608	0.11101	0.03034	0.01604	0.01147	0.00925	0.04943	0.00240	0.00851	0.00521	0.00408	0.00918
42	0.01524	0.11488	0.02410	0.06705	0.29740	0.05020	0.10171	0.01841	0.01454	0.04199	0.01741	0.17362	0.01710	0.00907	0.00675	0.00207	0.00747	0.00845	0.00396	0.00861
43	0.30785	0.14320	0.07681	0.01711	0.13659	0.18094	0.01264	0.02124	0.01409	0.02217	0.01015	0.01214	0.00830	0.00615	0.00510	0.00185	0.00777	0.00420	0.00347	0.00822
44	0.00947	0.00681	0.00935	0.00935	0.01009	0.00756	0.00669	0.01096	0.01021	0.01437	0.01876	0.03211	0.01917	0.31055	0.48508	0.00906	0.01355	0.00797	0.00369	0.00519
45	0.01562	0.01289	0.01495	0.03714	0.01751	0.01105	0.00901	0.13866	0.01670	0.02484	0.01243	0.01417	0.00997	0.00547	0.00524	0.00120	0.00543	0.00433	0.00434	0.63905
46	0.01584	0.01447	0.02507	0.13017	0.08826	0.01413	0.26788	0.05735	0.05751	0.05549	0.01467	0.01774	0.01113	0.00617	0.00661	0.00191	0.00809	0.00636	0.04677	0.15440
47	0.01573	0.09611	0.02691	0.16046	0.50052	0.01663	0.05089	0.01960	0.01453	0.02003	0.01196	0.01597	0.00991	0.00595	0.00634	0.00195	0.00806	0.00570	0.00316	0.00960
48	0.07473	0.01408	0.01667	0.01285	0.01795	0.01411	0.01062	0.29042	0.02304	0.42449	0.02106	0.01917	0.01379	0.00793	0.00645	0.00201	0.00620	0.00617	0.00730	0.01096
49	0.00957	0.00638	0.00718	0.00718	0.00718	0.00638	0.00399	0.00957	0.00957	0.01276	0.02074	0.04308	0.02393	0.76864	0.03351	0.00638	0.00638	0.00957	0.00399	0.00399
50	0.00830	0.00593	0.00796	0.00948	0.00999	0.00559	0.00659	0.00965	0.01288	0.01712	0.03613	0.69045	0.04294	0.02036	0.00848	0.00271	0.00406	0.08987	0.00611	0.00542
51	0.01398	0.11338	0.58244	0.01958	0.06485	0.01656	0.05915	0.02070	0.01399	0.02031	0.01163	0.01387	0.00855	0.00613	0.00613	0.00201	0.00941	0.00493	0.00284	0.00958
52	0.00810	0.00638	0.00721	0.00762	0.00911	0.00560	0.00541	0.00969	0.01441	0.01817	0.12571	0.27122	0.41523	0.05422	0.00922	0.00254	0.00360	0.01492	0.00613	0.00549
53	0.01033	0.00738	0.01029	0.01181	0.01320	0.00734	0.01013	0.01316	0.01488	0.01939	0.03501	0.14815	0.03849	0.01845	0.00902	0.00299	0.00582	0.61210	0.00607	0.00599
54	0.01365	0.01170	0.01365	0.00975	0.01560	0.00878	0.00780	0.01658	0.01365	0.02145	0.01170	0.01365	0.00975	0.00488	0.00488	0.00098	0.00488	0.00390	0.00390	0.80888
55	0.10141	0.01651	0.03168	0.02992	0.26313	0.01611	0.40127	0.02061	0.01489	0.02213	0.01256	0.01651	0.00983	0.00571	0.00696	0.00211	0.00936	0.00668	0.00339	0.00921
56	0.01227	0.00614	0.00614	0.00614	0.00767	0.00614	0.00460	0.01534	0.01381	0.02454	0.02148	0.02454	0.01687	0.00767	0.00460	0.00153	0.00307	0.00614	0.80518	0.00614
57	0.00802	0.00573	0.00764	0.00917	0.00955	0.00535	0.00611	0.00917	0.01260	0.01681	0.03628	0.76434	0.04354	0.02062	0.00840	0.00267	0.00382	0.01872	0.00611	0.00535
58	0.02147	0.16694	0.11579	0.04842	0.02079	0.01789	0.01327	0.27508	0.04012	0.16411	0.04173	0.01732	0.01323	0.00745	0.00613	0.00191	0.00708	0.00570	0.00549	0.01008
59	0.02503	0.01844	0.01976	0.01515	0.02042	0.02042	0.01251	0.70562	0.03095	0.04149	0.01581	0.01581	0.01120	0.00790	0.00659	0.00198	0.00724	0.00593	0.00659	0.01120
60	0.01701	0.01337	0.01620	0.01183	0.01756	0.01163	0.04145	0.16208	0.01765	0.06517	0.01343	0.01478	0.01043	0.00572	0.00547	0.00130	0.00570	0.00466	0.00467	0.55987
61	0.02242	0.18046	0.05724	0.01535	0.01997	0.32870	0.01297	0.22124	0.02065	0.02356	0.01163	0.01291	0.00926	0.00698	0.00624	0.00177	0.03090	0.00465	0.00415	0.00892
62	0.01440	0.01440	0.02016	0.01728	0.01728	0.02016	0.01440	0.01584	0.01008	0.01584	0.00864	0.01440	0.00864	0.01152	0.02160	0.00288	0.75659	0.00576	0.00288	0.00720
63	0.02954	0.01120	0.01528	0.01171	0.01681	0.00968	0.00968	0.03208	0.01884	0.73213	0.02597	0.02241	0.01630	0.00815	0.00662	0.00204	0.00560	0.00662	0.00815	0.01120
64	0.02503	0.01844	0.01976	0.01515	0.02042	0.02042	0.01251	0.70562	0.03095	0.04149	0.01581	0.01581	0.01120	0.00790	0.00659	0.00198	0.00724	0.00593	0.00659	0.01120
65	0.00778	0.00667	0.00667	0.00667	0.00889	0.00556	0.00500	0.00945	0.01501	0.01778	0.06669	0.06336	0.72490	0.01667	0.00778	0.00222	0.00333	0.01389	0.00611	0.00556
66	0.00932	0.00673	0.00880	0.00828	0.00984	0.00621	0.00621	0.01242	0.01863	0.02640	0.72410	0.04918	0.06212	0.01346	0.00776	0.00207	0.00311	0.01191	0.00725	0.00621
67	0.00940	0.00705	0.01058	0.01058	0.01176	0.00823	0.00823	0.01176	0.01058	0.01528	0.01763	0.02586	0.01646	0.04937	0.74255	0.01058	0.01763	0.00705	0.00353	0.00588
68	0.01760	0.77260	0.03450	0.01126	0.01690	0.02605	0.01126	0.01971	0.01338	0.01549	0.00915	0.01056	0.00845	0.00563	0.00422	0.00141	0.00704	0.00352	0.00282	0.00845
69	0.00957	0.00641	0.00731	0.00731	0.00735	0.00645	0.00415	0.00965	0.00961	0.01286	0.02063	0.04245	0.02366	0.74210	0.05967	0.00654	0.00680	0.00948	0.00397	0.00406
70	0.00943	0.00632	0.00722	0.00737	0.00741	0.00628	0.00419	0.00953	0.00986	0.01315	0.02222	0.11182	0.02580	0.69735	0.03111	0.00603	0.00614	0.01044	0.00419	0.00412
71	0.01760	0.77260	0.03450	0.01126	0.01690	0.02605	0.01126	0.01971	0.01338	0.01549	0.00915	0.01056	0.00845	0.00563	0.00422	0.00141	0.00704	0.00352	0.00282	0.00845
72	0.00802	0.00573	0.00764	0.00917	0.00955	0.00535	0.00611	0.00917	0.01260	0.01681	0.03628	0.76434	0.04354	0.02062	0.00840	0.00267	0.00382	0.01872	0.00611	0.00535
73	0.00787	0.00653	0.00689	0.00711	0.00903	0.00555	0.00522	0.00951	0.01477	0.01794	0.08540	0.17071	0.59649	0.01717	0.00788	0.00229	0.00340	0.01456	0.00615	0.00555
74	0.00897	0.00672	0.00832	0.00792	0.00962	0.00606	0.00594	0.01175	0.01782	0.02446	0.57633	0.05236	0.21110	0.01418	0.00777	0.00210	0.00316	0.01235	0.00699	0.00606
75	0.02134	0.01411	0.01583	0.01325	0.01760	0.01530	0.01058	0.14964	0.41401	0.21581	0.02469	0.02249	0.01756	0.00855	0.00666	0.00214	0.00566	0.00697	0.00706	0.01076
76	0.00868	0.00662	0.00810	0.00875	0.01023	0.00603	0.00668	0.01072	0.01495	0.01926	0.15290	0.25129	0.29381	0.01756	0.00822	0.00249	0.00401	0.15770	0.00628	0.00571
77	0.02807	0.01355	0.01673	0.01283	0.01798	0.01316	0.01060	0.25080	0.02277	0.50786	0.02267	0.02026	0.01464	0.00807	0.00661	0.00202	0.00614	0.00640	0.00764	0.01120
78	0.02530	0.01646	0.01825	0.01406	0.01912	0.01766	0.01159	0.54262	0.02780	0.17472	0.01804	0.01750	0.01245	0.00794	0.00650	0.00197	0.00673	0.00607	0.04425	0.01096

[dist]
# distance from previous block
# <min> <max>
0	1

[block]
# block no. 2 follows, 33 sequences, length 25
# corresponding to MSA columns:
# 230-254
name=unknown_C
#
# <colnr> <probs for GDERKNQSTAVLIFYWHMCP>
#	G	D	E	R	K	N	Q	S	T	A	V	L	I	F	Y	W	H	M	C	P
0	0.02411	0.01682	0.01845	0.01427	0.01921	0.01828	0.01174	0.58854	0.02886	0.10074	0.07603	0.01918	0.01591	0.00839	0.00669	0.00199	0.00675	0.00649	0.00678	0.01078
1	0.01602	0.01445	0.02238	0.18499	0.36110	0.01498	0.03505	0.11377	0.01669	0.02309	0.01506	0.01834	0.04153	0.00667	0.00646	0.00193	0.00754	0.00608	0.00384	0.09004
2	0.01320	0.01578	0.11477	0.09876	0.13742	0.10638	0.01312	0.01687	0.01636	0.02145	0.26133	0.03195	0.10611	0.00991	0.00698	0.00203	0.00662	0.00846	0.00485	0.00764
3	0.02376	0.02964	0.01828	0.01660	0.02003	0.66910	0.01249	0.02716	0.08887	0.01726	0.01185	0.01315	0.00965	0.00700	0.00601	0.00175	0.01120	0.00456	0.00373	0.00791
4	0.01576	0.01509	0.02575	0.13926	0.63290	0.01550	0.01994	0.01973	0.01474	0.02086	0.01229	0.01647	0.01020	0.00597	0.00653	0.00199	0.00795	0.00586	0.00321	0.01000
5	0.01021	0.00730	0.01011	0.01143	0.01283	0.00721	0.00969	0.01305	0.01524	0.02007	0.10443	0.14410	0.04092	0.01797	0.00889	0.00290	0.00553	0.54595	0.00619	0.00600
6	0.02503	0.01844	0.01976	0.01515	0.02042	0.02042	0.01251	0.70562	0.03095	0.04149	0.01581	0.01581	0.01120	0.00790	0.00659	0.00198	0.00724	0.00593	0.00659	0.01120
7	0.09534	0.01133	0.01481	0.01146	0.01646	0.01010	0.00946	0.03102	0.01820	0.67328	0.02456	0.02143	0.01553	0.00798	0.00641	0.00204	0.00556	0.00636	0.00781	0.01086
8	0.01282	0.01210	0.02045	0.68106	0.11406	0.01473	0.01848	0.01716	0.01335	0.01729	0.01177	0.01742	0.00894	0.00651	0.00658	0.00217	0.00868	0.00585	0.00296	0.00763
9	0.01629	0.01564	0.02672	0.04041	0.72757	0.01564	0.02020	0.02020	0.01499	0.02151	0.01238	0.01629	0.01043	0.00587	0.00652	0.00196	0.00782	0.00587	0.00326	0.01043
10	0.00799	0.00668	0.00696	0.00689	0.00902	0.00565	0.00517	0.00986	0.01551	0.01898	0.15792	0.06139	0.63293	0.01623	0.00778	0.00220	0.00330	0.01362	0.00627	0.00565
11	0.02601	0.01686	0.01878	0.01440	0.01963	0.01807	0.01189	0.55835	0.02830	0.19250	0.01803	0.01725	0.01231	0.00796	0.00659	0.00199	0.00689	0.00608	0.00693	0.01120
12	0.01590	0.01524	0.02602	0.11217	0.65885	0.01554	0.02001	0.01986	0.01481	0.02104	0.01231	0.01642	0.01026	0.00594	0.00652	0.00198	0.00792	0.00586	0.00323	0.01011
13	0.01050	0.00750	0.01049	0.01200	0.01347	0.00749	0.01043	0.01346	0.01505	0.01958	0.03491	0.10224	0.03812	0.01828	0.00906	0.00302	0.00597	0.65631	0.00606	0.00603
14	0.01422	0.00854	0.00894	0.00806	0.01003	0.00892	0.00601	0.14675	0.01632	0.02563	0.02025	0.02628	0.01708	0.14766	0.01030	0.00251	0.00448	0.00673	0.50459	0.00671
15	0.08211	0.01131	0.01490	0.01151	0.01653	0.01002	0.00951	0.03123	0.01833	0.68511	0.02485	0.02162	0.01568	0.00801	0.00645	0.00204	0.00557	0.00642	0.00788	0.01093
16	0.00796	0.00668	0.00692	0.00686	0.00900	0.00563	0.00514	0.00979	0.01543	0.01879	0.14323	0.06171	0.64773	0.01630	0.00778	0.00221	0.00331	0.01366	0.00625	0.00563
17	0.01144	0.00572	0.00858	0.00858	0.00858	0.00572	0.00572	0.00858	0.00858	0.01144	0.01144	0.02001	0.01144	0.02287	0.02573	0.80846	0.00572	0.00572	0.00286	0.00286
18	0.10685	0.01135	0.01473	0.01141	0.01640	0.01018	0.00943	0.03083	0.01809	0.66298	0.02432	0.02125	0.01539	0.00795	0.00637	0.00204	0.00555	0.00632	0.00775	0.01080
19	0.00957	0.00638	0.00718	0.00718	0.00718	0.00638	0.00399	0.00957	0.00957	0.01276	0.02074	0.04308	0.02393	0.76864	0.03351	0.00638	0.00638	0.00957	0.00399	0.00399
20	0.42138	0.04266	0.01625	0.01370	0.03837	0.17121	0.05006	0.10795	0.01569	0.02651	0.01054	0.01230	0.00830	0.00662	0.00571	0.00197	0.03428	0.00440	0.00410	0.00800
21	0.05314	0.14054	0.03990	0.07017	0.34236	0.08889	0.01586	0.04690	0.06040	0.02125	0.02962	0.01768	0.01227	0.00679	0.00609	0.00191	0.00772	0.02548	0.00373	0.00928
22	0.01487	0.10281	0.08769	0.01679	0.09144	0.03150	0.09304	0.03731	0.01423	0.05738	0.01570	0.09189	0.01422	0.01358	0.10892	0.00305	0.03554	0.00681	0.00396	0.15928
23	0.04373	0.01394	0.05787	0.13551	0.07784	0.03503	0.10261	0.03198	0.08701	0.02155	0.10916	0.05204	0.06914	0.00925	0.00796	0.00216	0.06105	0.02427	0.00453	0.05337
24	0.04524	0.08562	0.16716	0.01580	0.07922	0.03239	0.01371	0.03523	0.01356	0.05595	0.01420	0.01809	0.03216	0.06358	0.03122	0.00249	0.13587	0.00554	0.00368	0.14929

[dist]
# distance from previous block
# <min> <max>
1	27

[block]
# block no. 3 follows, 33 sequences, length 39
# corresponding to MSA columns:
# 287-325
name=unknown_D
#
# <colnr> <probs for GDERKNQSTAVLIFYWHMCP>
#	G	D	E	R	K	N	Q	S	T	A	V	L	I	F	Y	W	H	M	C	P
0	0.19004	0.01708	0.07484	0.04824	0.11498	0.09271	0.06133	0.09727	0.04612	0.02459	0.04652	0.02036	0.04266	0.02120	0.00706	0.00212	0.02913	0.02653	0.00433	0.03291
1	0.11142	0.01348	0.06433	0.03226	0.10993	0.02977	0.01169	0.04766	0.06430	0.14657	0.06415	0.08869	0.01875	0.04271	0.06347	0.00297	0.06680	0.00752	0.00509	0.00843
2	0.11703	0.12441	0.01535	0.01014	0.01444	0.07319	0.00832	0.04079	0.01522	0.06661	0.07854	0.03853	0.12540	0.00844	0.00569	0.00165	0.00553	0.00656	0.00474	0.23944
3	0.02065	0.08618	0.01799	0.01439	0.01803	0.39887	0.01121	0.10631	0.10393	0.02112	0.04898	0.02074	0.08742	0.00840	0.00623	0.00184	0.00884	0.00611	0.00458	0.00819
4	0.02425	0.03066	0.01850	0.01681	0.02022	0.71208	0.01262	0.02665	0.04759	0.01659	0.01087	0.01240	0.00896	0.00687	0.00597	0.00172	0.01160	0.00437	0.00353	0.00775
5	0.08527	0.04874	0.01875	0.01418	0.01911	0.01952	0.01168	0.50913	0.14505	0.03710	0.01687	0.01667	0.01227	0.00784	0.00631	0.00200	0.00672	0.00590	0.00625	0.01063
6	0.00898	0.00650	0.00748	0.00756	0.00833	0.00632	0.00489	0.00978	0.01135	0.01466	0.03377	0.08691	0.21532	0.43520	0.11033	0.00555	0.00676	0.01096	0.00463	0.00472
7	0.01531	0.01617	0.03249	0.10859	0.22318	0.01584	0.42270	0.02021	0.01508	0.02085	0.01314	0.01755	0.01019	0.00581	0.00720	0.00212	0.00971	0.00700	0.02781	0.00905
8	0.01777	0.42863	0.20175	0.01470	0.02127	0.04590	0.06826	0.03983	0.01476	0.07503	0.01168	0.01306	0.00924	0.00608	0.00530	0.00171	0.00806	0.00451	0.00339	0.00906
9	0.81514	0.01273	0.00968	0.00866	0.01273	0.01477	0.00713	0.01935	0.01120	0.02954	0.00917	0.01069	0.00713	0.00611	0.00407	0.00204	0.00509	0.00356	0.00407	0.00713
10	0.00822	0.00593	0.00763	0.00877	0.00935	0.00551	0.00588	0.00948	0.01303	0.01734	0.09213	0.60264	0.09318	0.07545	0.01018	0.00287	0.00392	0.01714	0.00604	0.00533
11	0.02069	0.28473	0.09776	0.01653	0.08095	0.09478	0.04122	0.14352	0.01808	0.12272	0.01353	0.01442	0.01027	0.00659	0.00570	0.00178	0.00788	0.00497	0.00435	0.00956
12	0.01495	0.08120	0.13388	0.02410	0.05054	0.01645	0.48112	0.02029	0.01534	0.02099	0.06386	0.01884	0.01339	0.00623	0.00723	0.00212	0.00990	0.00725	0.00349	0.00882
13	0.01144	0.00572	0.00858	0.00858	0.00858	0.00572	0.00572	0.00858	0.00858	0.01144	0.01144	0.02001	0.01144	0.02287	0.02573	0.80846	0.00572	0.00572	0.00286	0.00286
14	0.00847	0.00712	0.00852	0.09563	0.01338	0.00664	0.00684	0.01047	0.01463	0.01807	0.09807	0.17170	0.48530	0.01591	0.00774	0.00228	0.00404	0.01360	0.00581	0.00577
15	0.01351	0.01170	0.01437	0.09783	0.01913	0.00947	0.00904	0.01661	0.01359	0.02090	0.01170	0.01411	0.00964	0.00508	0.00508	0.00112	0.00534	0.00413	0.00378	0.71387
16	0.29235	0.01171	0.01340	0.01069	0.01544	0.01138	0.00882	0.02782	0.01629	0.49709	0.02035	0.01849	0.01323	0.00747	0.00577	0.00204	0.00543	0.00560	0.00679	0.00984
17	0.02394	0.01460	0.01675	0.01337	0.01799	0.01533	0.01084	0.35146	0.11611	0.25316	0.02206	0.07865	0.01654	0.00913	0.00676	0.00208	0.00619	0.00736	0.00705	0.01063
18	0.01898	0.48194	0.11435	0.01372	0.01923	0.21979	0.01323	0.02164	0.01488	0.01630	0.00975	0.01132	0.00844	0.00602	0.00493	0.00157	0.00868	0.00388	0.00297	0.00838
19	0.02884	0.01105	0.01505	0.01159	0.01657	0.00956	0.00956	0.03141	0.01884	0.70786	0.04998	0.02333	0.01787	0.00833	0.00666	0.00204	0.00552	0.00680	0.00812	0.01103
20	0.01092	0.00805	0.01075	0.01194	0.01367	0.00817	0.01030	0.01512	0.07095	0.02023	0.03585	0.06974	0.07183	0.01737	0.00883	0.00293	0.00585	0.59497	0.00612	0.00638
21	0.00957	0.00638	0.00718	0.00718	0.00718	0.00638	0.00399	0.00957	0.00957	0.01276	0.02074	0.04308	0.02393	0.76864	0.03351	0.00638	0.00638	0.00957	0.00399	0.00399
22	0.01440	0.01440	0.02016	0.01728	0.01728	0.02016	0.01440	0.01584	0.01008	0.01584	0.00864	0.01440	0.00864	0.01152	0.02160	0.00288	0.75659	0.00576	0.00288	0.00720
23	0.00802	0.00573	0.00764	0.00917	0.00955	0.00535	0.00611	0.00917	0.01260	0.01681	0.03628	0.76434	0.04354	0.02062	0.00840	0.00267	0.00382	0.01872	0.00611	0.00535
24	0.00820	0.00581	0.00758	0.00893	0.00927	0.00547	0.00586	0.00921	0.01224	0.01633	0.03444	0.67885	0.04122	0.10929	0.01138	0.00311	0.00412	0.01763	0.00586	0.00519
25	0.00802	0.00573	0.00764	0.00917	0.00955	0.00535	0.00611	0.00917	0.01260	0.01681	0.03628	0.76434	0.04354	0.02062	0.00840	0.00267	0.00382	0.01872	0.00611	0.00535
26	0.02883	0.01235	0.01598	0.01225	0.01737	0.01137	0.01012	0.13834	0.02075	0.62317	0.02437	0.02137	0.01549	0.00811	0.00661	0.00203	0.00586	0.00651	0.00790	0.01120
27	0.00957	0.00638	0.00718	0.00718	0.00718	0.00638	0.00399	0.00957	0.00957	0.01276	0.02074	0.04308	0.02393	0.76864	0.03351	0.00638	0.00638	0.00957	0.00399	0.00399
28	0.00822	0.00617	0.00766	0.00863	0.00966	0.00561	0.00611	0.00978	0.01388	0.01801	0.09899	0.47896	0.22417	0.01886	0.00823	0.00253	0.00378	0.05902	0.00620	0.00552
29	0.01375	0.01304	0.02212	0.51058	0.27732	0.01497	0.01894	0.01797	0.01378	0.01841	0.01193	0.01712	0.00934	0.00634	0.00656	0.00211	0.00845	0.00586	0.00304	0.00837
30	0.02556	0.01758	0.01923	0.01474	0.01999	0.01914	0.01218	0.62578	0.02952	0.12336	0.01701	0.01659	0.01180	0.00793	0.00659	0.00198	0.00705	0.00601	0.00677	0.01120
31	0.00957	0.00638	0.00718	0.00718	0.00718	0.00638	0.00399	0.00957	0.00957	0.01276	0.02074	0.04308	0.02393	0.76864	0.03351	0.00638	0.00638	0.00957	0.00399	0.00399
32	0.01156	0.00720	0.00954	0.00889	0.01076	0.00669	0.00673	0.01433	0.01739	0.10808	0.50534	0.10452	0.07380	0.01640	0.06621	0.00280	0.00463	0.01153	0.00692	0.00668
33	0.01542	0.01201	0.01401	0.01035	0.01579	0.00987	0.00830	0.07284	0.03926	0.06857	0.05273	0.01670	0.01352	0.00593	0.00534	0.00122	0.00502	0.00479	0.00466	0.62364
34	0.01687	0.10827	0.15131	0.02074	0.11110	0.08938	0.14155	0.05370	0.15555	0.02184	0.01468	0.01656	0.01142	0.00697	0.00728	0.00205	0.05152	0.00592	0.00396	0.00936
35	0.01679	0.59315	0.14682	0.01480	0.07538	0.02348	0.01408	0.01994	0.01359	0.01683	0.00984	0.01156	0.00859	0.00575	0.00473	0.00156	0.00754	0.00392	0.00285	0.00881
36	0.01228	0.04247	0.01432	0.01225	0.01442	0.00961	0.08994	0.09580	0.01565	0.04919	0.05317	0.49858	0.03369	0.01591	0.00783	0.00243	0.00528	0.01450	0.00582	0.00687
37	0.01680	0.11479	0.36180	0.02047	0.13029	0.14344	0.01909	0.05120	0.04484	0.02066	0.01210	0.01405	0.00930	0.00640	0.00604	0.00192	0.00921	0.00490	0.00329	0.00941
38	0.02138	0.11103	0.05031	0.01767	0.10487	0.04460	0.01348	0.39564	0.12041	0.03227	0.01574	0.01622	0.01179	0.00742	0.00627	0.00193	0.00727	0.00573	0.00548	0.01048

[dist]
# distance from previous block
# <min> <max>
0	4

[block]
# block no. 4 follows, 33 sequences, length 19
# corresponding to MSA columns:
# 330-348
name=unknown_E
#
# <colnr> <probs for GDERKNQSTAVLIFYWHMCP>
#	G	D	E	R	K	N	Q	S	T	A	V	L	I	F	Y	W	H	M	C	P
0	0.14076	0.01315	0.01461	0.01158	0.01620	0.04244	0.00943	0.14568	0.01939	0.34725	0.08867	0.02098	0.01768	0.00799	0.00618	0.00193	0.00577	0.00624	0.00663	0.07745
1	0.01742	0.10726	0.02768	0.05513	0.44856	0.07384	0.09151	0.06215	0.01605	0.02139	0.01211	0.01543	0.00999	0.00602	0.00634	0.00191	0.00839	0.00567	0.00341	0.00975
2	0.00892	0.00668	0.00804	0.00886	0.00974	0.00646	0.00600	0.01145	0.07200	0.01726	0.03772	0.49142	0.13999	0.12908	0.01186	0.00311	0.00424	0.01570	0.00585	0.00561
3	0.01405	0.01206	0.01383	0.01029	0.01582	0.00989	0.00819	0.01928	0.11692	0.02235	0.01392	0.01526	0.01127	0.00547	0.00514	0.00116	0.00492	0.00442	0.00431	0.69143
4	0.01404	0.01278	0.02034	0.32774	0.27530	0.01414	0.01679	0.04749	0.05238	0.02028	0.01717	0.06325	0.03313	0.00827	0.00685	0.00218	0.00760	0.04793	0.00385	0.00850
5	0.02117	0.01853	0.07115	0.01546	0.02039	0.10081	0.06328	0.20152	0.25497	0.13281	0.01986	0.01926	0.01432	0.00786	0.00662	0.00206	0.00732	0.00640	0.00596	0.01024
6	0.00802	0.00573	0.00764	0.00917	0.00955	0.00535	0.00611	0.00917	0.01260	0.01681	0.03628	0.76434	0.04354	0.02062	0.00840	0.00267	0.00382	0.01872	0.00611	0.00535
7	0.01558	0.01809	0.13038	0.08455	0.57941	0.01552	0.02068	0.02007	0.01471	0.02110	0.01225	0.01602	0.01001	0.00597	0.00648	0.00199	0.00817	0.00572	0.00317	0.01012
8	0.05041	0.01948	0.01812	0.01465	0.01934	0.16684	0.01178	0.38623	0.08554	0.13626	0.01688	0.01656	0.01203	0.00774	0.00639	0.00195	0.00771	0.00574	0.00609	0.01026
9	0.00800	0.00620	0.00729	0.00804	0.00928	0.00549	0.00564	0.00949	0.01401	0.01782	0.09165	0.41809	0.33854	0.01848	0.00810	0.00244	0.00357	0.01622	0.00618	0.00549
10	0.00802	0.00573	0.00764	0.00917	0.00955	0.00535	0.00611	0.00917	0.01260	0.01681	0.03628	0.76434	0.04354	0.02062	0.00840	0.00267	0.00382	0.01872	0.00611	0.00535
11	0.00940	0.00639	0.00732	0.00735	0.00760	0.00628	0.00433	0.00979	0.01072	0.01433	0.08295	0.08093	0.05738	0.63556	0.02899	0.00566	0.00585	0.01041	0.00446	0.00431
12	0.02222	0.10164	0.02169	0.01710	0.02071	0.54163	0.06328	0.02477	0.03985	0.01677	0.01073	0.01277	0.00898	0.00700	0.00708	0.00181	0.06607	0.00464	0.00340	0.00786
13	0.02373	0.02994	0.01878	0.01699	0.02009	0.68112	0.01286	0.02540	0.01793	0.01609	0.01005	0.01209	0.00849	0.00718	0.00726	0.00180	0.07488	0.00437	0.00335	0.00760
14	0.01961	0.15744	0.24088	0.01636	0.02268	0.09927	0.08869	0.02380	0.01554	0.19387	0.01463	0.01560	0.01052	0.00686	0.00688	0.00196	0.04641	0.00534	0.00424	0.00940
