[name]
unknown

[dist]
# distance from previous block
# <min> <max>
0	1

[block]
# block no. 0 follows, 30 sequences, length 37
# corresponding to MSA columns:
# 1-37
name=unknown_A
#
# <colnr> <probs for GDERKNQSTAVLIFYWHMCP>
#	G	D	E	R	K	N	Q	S	T	A	V	L	I	F	Y	W	H	M	C	P
0	0.06941	0.01599	0.01781	0.01388	0.01920	0.01646	0.01146	0.38502	0.02528	0.14461	0.01862	0.02120	0.01406	0.00846	0.00669	0.00200	0.00675	0.04884	0.00656	0.14773
1	0.02092	0.01483	0.01663	0.01367	0.01807	0.01576	0.01101	0.30639	0.16530	0.10275	0.09913	0.06208	0.02319	0.01020	0.00724	0.00218	0.00617	0.03561	0.00702	0.06186
2	0.00962	0.00706	0.00901	0.00866	0.01030	0.00645	0.00644	0.01262	0.01894	0.02638	0.59802	0.09926	0.13099	0.01511	0.00828	0.00225	0.00337	0.01331	0.00748	0.00645
3	0.01809	0.01654	0.02105	0.12358	0.02521	0.09166	0.11959	0.07951	0.21324	0.06118	0.06942	0.02337	0.01820	0.03235	0.00912	0.00243	0.05329	0.00747	0.00534	0.00934
4	0.00915	0.00710	0.00832	0.00801	0.00998	0.00627	0.00601	0.01176	0.01803	0.02389	0.42217	0.05886	0.35377	0.01579	0.00824	0.00227	0.00340	0.01356	0.00714	0.00627
5	0.01784	0.05639	0.10136	0.02246	0.12186	0.09224	0.16177	0.05630	0.04455	0.05203	0.07031	0.01991	0.01546	0.00814	0.00923	0.00224	0.10852	0.00685	0.02321	0.00934
6	0.01103	0.00904	0.01326	0.01264	0.01364	0.01126	0.01004	0.01333	0.01111	0.01632	0.01678	0.02497	0.01578	0.04427	0.58561	0.00958	0.16403	0.00720	0.00360	0.00651
7	0.09560	0.11231	0.06449	0.02216	0.15876	0.32479	0.05376	0.02396	0.01674	0.02007	0.01125	0.01383	0.00935	0.00688	0.00682	0.00196	0.03987	0.00500	0.00350	0.00892
8	0.01032	0.00724	0.00876	0.00860	0.00886	0.00762	0.00542	0.01091	0.01090	0.01490	0.06328	0.04243	0.02616	0.58729	0.12258	0.00690	0.03894	0.00979	0.00433	0.00477
9	0.04508	0.04865	0.02370	0.09688	0.11772	0.09990	0.08892	0.22330	0.04308	0.10245	0.01567	0.01739	0.01158	0.00753	0.00726	0.00213	0.02713	0.00622	0.00517	0.01024
10	0.01966	0.01664	0.05411	0.01540	0.04767	0.04003	0.01225	0.23574	0.19699	0.07085	0.05948	0.06718	0.04829	0.00993	0.00765	0.00220	0.03143	0.00801	0.00634	0.05016
11	0.00995	0.00683	0.00835	0.00852	0.00880	0.00703	0.00532	0.01055	0.01068	0.01448	0.02304	0.11419	0.02598	0.54536	0.16520	0.00722	0.00877	0.01063	0.00436	0.00476
12	0.01614	0.01573	0.02431	0.29695	0.32625	0.05006	0.04695	0.02216	0.09107	0.02136	0.01448	0.01858	0.01142	0.00689	0.00698	0.00220	0.00871	0.00640	0.00374	0.00961
13	0.01346	0.01143	0.07682	0.01056	0.01361	0.00966	0.00913	0.08156	0.04609	0.05034	0.29184	0.03638	0.06948	0.01515	0.07527	0.00294	0.00602	0.00932	0.16321	0.00772
14	0.01633	0.01679	0.06522	0.03313	0.46929	0.01586	0.03752	0.02213	0.08875	0.02297	0.01758	0.02048	0.04865	0.00737	0.00758	0.00211	0.03848	0.00671	0.00400	0.05902
15	0.01182	0.00845	0.01034	0.00948	0.01181	0.00786	0.00716	0.04987	0.04077	0.05502	0.41479	0.12859	0.13737	0.01429	0.00796	0.00221	0.00395	0.01246	0.00714	0.05866
16	0.02201	0.08898	0.08674	0.01585	0.02147	0.06233	0.04879	0.24083	0.18671	0.10459	0.01904	0.01883	0.01388	0.00798	0.00672	0.00209	0.00764	0.00634	0.00596	0.03321
17	0.09325	0.01258	0.01459	0.04691	0.01788	0.01118	0.00926	0.06561	0.03892	0.09399	0.01635	0.06833	0.01374	0.00729	0.00582	0.00157	0.00558	0.00588	0.00501	0.46628
18	0.14499	0.02702	0.01860	0.01618	0.02036	0.45259	0.01253	0.18173	0.02163	0.02557	0.01202	0.01337	0.00945	0.00736	0.00615	0.00192	0.01034	0.00480	0.00450	0.00890
19	0.02132	0.07797	0.06556	0.01601	0.04922	0.01879	0.01313	0.26867	0.26006	0.08215	0.02121	0.04078	0.01605	0.00876	0.00685	0.00217	0.00688	0.00700	0.00639	0.01103
20	0.01680	0.05345	0.01706	0.03790	0.01822	0.11010	0.04237	0.10994	0.15836	0.02617	0.16958	0.09609	0.04214	0.01068	0.00720	0.00213	0.00660	0.00901	0.00596	0.06022
21	0.00984	0.00647	0.00867	0.01001	0.01073	0.00602	0.00690	0.01123	0.01384	0.05494	0.03781	0.68015	0.04434	0.02104	0.00884	0.00282	0.00426	0.04946	0.00659	0.00603
22	0.02222	0.02569	0.02140	0.02240	0.15682	0.42693	0.03616	0.05756	0.03555	0.01977	0.01274	0.01656	0.01098	0.05614	0.00931	0.00229	0.04937	0.00558	0.00383	0.00870
23	0.08377	0.50929	0.05674	0.01552	0.06469	0.05785	0.05202	0.05436	0.01544	0.02000	0.01068	0.01251	0.00921	0.00622	0.00513	0.00171	0.00795	0.00437	0.00338	0.00915
24	0.01511	0.00911	0.01126	0.00990	0.01273	0.00855	0.00769	0.04667	0.06407	0.16550	0.39891	0.04558	0.15062	0.01310	0.00786	0.00222	0.00419	0.01125	0.00762	0.00805
25	0.00863	0.00617	0.00825	0.00987	0.01033	0.00578	0.00670	0.00994	0.01349	0.01796	0.03839	0.71829	0.04587	0.02174	0.00894	0.00285	0.00416	0.05046	0.00648	0.00570
26	0.01584	0.01780	0.11866	0.04187	0.05434	0.05822	0.14127	0.07223	0.01732	0.03994	0.12731	0.05552	0.02236	0.00980	0.00918	0.00230	0.08917	0.04255	0.02231	0.04201
27	0.01736	0.05842	0.08244	0.07249	0.14264	0.01696	0.32805	0.06532	0.01742	0.06013	0.05711	0.02002	0.01421	0.00689	0.00747	0.00221	0.00960	0.00738	0.00417	0.00973
28	0.02759	0.01689	0.01918	0.01481	0.02026	0.01783	0.01220	0.44883	0.06169	0.25592	0.02074	0.01943	0.01404	0.00851	0.00700	0.00213	0.00702	0.00659	0.00751	0.01183
29	0.00928	0.00700	0.00867	0.00956	0.01071	0.00663	0.00677	0.01206	0.05691	0.02003	0.12282	0.47690	0.16069	0.01937	0.00863	0.00266	0.00406	0.04440	0.00666	0.00618
30	0.01916	0.04085	0.07672	0.04642	0.12971	0.01633	0.16772	0.11420	0.11698	0.11338	0.04874	0.02243	0.03877	0.00797	0.00727	0.00221	0.00809	0.00742	0.00534	0.01030
31	0.01487	0.01465	0.01938	0.01683	0.01701	0.04425	0.01372	0.01627	0.01097	0.01642	0.01102	0.01903	0.01128	0.09585	0.05229	0.00375	0.60539	0.00655	0.00323	0.00722
32	0.01013	0.00683	0.00796	0.00796	0.00807	0.00695	0.00466	0.01037	0.01025	0.01379	0.02167	0.04392	0.02461	0.68771	0.10153	0.00719	0.00790	0.00989	0.00418	0.00442
33	0.03638	0.01778	0.02687	0.09306	0.45272	0.08336	0.07424	0.02133	0.01554	0.02144	0.01246	0.01673	0.01041	0.00693	0.00846	0.00219	0.08056	0.00615	0.00343	0.00995
34	0.00891	0.00655	0.00848	0.00956	0.01047	0.00594	0.00653	0.01037	0.01390	0.01870	0.07459	0.63391	0.08004	0.02026	0.00862	0.00267	0.00405	0.01827	0.00641	0.05177
35	0.09338	0.10142	0.04117	0.04244	0.01895	0.07464	0.01162	0.17425	0.01908	0.09827	0.02020	0.04535	0.07136	0.01122	0.04318	0.00252	0.05934	0.00673	0.00520	0.05967
36	0.06119	0.08980	0.08897	0.09363	0.06913	0.07841	0.04746	0.12628	0.13546	0.07009	0.01638	0.01761	0.01230	0.00737	0.00648	0.00205	0.00799	0.00592	0.00492	0.05856

[dist]
# distance from previous block
# <min> <max>
0	7

[block]
# block no. 1 follows, 30 sequences, length 36
# corresponding to MSA columns:
# 45-80
name=unknown_B
#
# <colnr> <probs for GDERKNQSTAVLIFYWHMCP>
#	G	D	E	R	K	N	Q	S	T	A	V	L	I	F	Y	W	H	M	C	P
0	0.08167	0.06815	0.07609	0.04096	0.10395	0.12367	0.15377	0.08016	0.06512	0.04873	0.01583	0.01808	0.03214	0.00756	0.00776	0.00217	0.05410	0.00635	0.00429	0.00944
1	0.03654	0.07415	0.13886	0.14807	0.13036	0.04178	0.10660	0.12458	0.05986	0.02483	0.01605	0.01868	0.03415	0.00731	0.00686	0.00216	0.00885	0.00641	0.00418	0.00975
2	0.01169	0.00629	0.00922	0.00922	0.00937	0.00644	0.00623	0.00959	0.00944	0.01273	0.01375	0.02402	0.01388	0.08917	0.11258	0.63541	0.00765	0.00658	0.00322	0.00352
3	0.01752	0.01273	0.01626	0.07421	0.01941	0.01376	0.04685	0.12023	0.17186	0.11207	0.07533	0.03007	0.08806	0.05797	0.04656	0.00301	0.04201	0.00842	0.03459	0.00908
4	0.00878	0.00619	0.00802	0.00937	0.00970	0.00585	0.00610	0.00979	0.01283	0.01710	0.03572	0.63298	0.04270	0.14380	0.01333	0.00349	0.00450	0.01823	0.00610	0.00543
5	0.01229	0.01136	0.04821	0.01508	0.05858	0.01048	0.08226	0.03501	0.08024	0.02147	0.08748	0.16760	0.07480	0.09096	0.06886	0.00368	0.00739	0.11131	0.00553	0.00741
6	0.01556	0.01497	0.02122	0.05391	0.07025	0.01998	0.01541	0.05124	0.01239	0.01864	0.01058	0.01639	0.00995	0.01379	0.06337	0.00340	0.57139	0.00621	0.00333	0.00802
7	0.25147	0.11204	0.01867	0.03388	0.05611	0.16005	0.01143	0.10397	0.01719	0.06878	0.01438	0.07095	0.01245	0.00831	0.00643	0.00208	0.03252	0.00595	0.00465	0.00870
8	0.17612	0.17408	0.10169	0.01871	0.13671	0.14673	0.01425	0.02256	0.05170	0.02193	0.01247	0.01490	0.01031	0.00999	0.05845	0.00262	0.00916	0.00496	0.00372	0.00894
9	0.01570	0.01637	0.07454	0.09260	0.45314	0.01530	0.01868	0.02153	0.08376	0.02296	0.05396	0.02324	0.06196	0.00783	0.00707	0.00216	0.00767	0.00721	0.00417	0.01014
10	0.01624	0.06328	0.14032	0.01683	0.09394	0.01390	0.03164	0.02214	0.09134	0.05993	0.01489	0.01654	0.01164	0.00646	0.00644	0.00168	0.02688	0.00525	0.00431	0.35636
11	0.00903	0.00668	0.00844	0.00889	0.01013	0.00609	0.00633	0.01120	0.01644	0.02222	0.32215	0.34803	0.16264	0.01802	0.00852	0.00249	0.00365	0.01600	0.00698	0.00609
12	0.02016	0.06946	0.07299	0.01270	0.01851	0.01339	0.01115	0.04040	0.15963	0.21230	0.01976	0.01924	0.01433	0.00725	0.00618	0.00177	0.00608	0.00580	0.00586	0.28304
13	0.00920	0.00671	0.00876	0.01021	0.01090	0.00649	0.00711	0.01157	0.05046	0.01867	0.03780	0.65746	0.04434	0.02099	0.00887	0.00284	0.00432	0.07080	0.00651	0.00602
14	0.01773	0.41123	0.04959	0.01244	0.01718	0.05499	0.01135	0.07031	0.09364	0.02044	0.01471	0.01776	0.01278	0.05660	0.06782	0.00282	0.00827	0.00534	0.04625	0.00876
15	0.00932	0.00697	0.00874	0.00951	0.01074	0.00655	0.00688	0.01194	0.04178	0.02080	0.18255	0.40560	0.16027	0.01888	0.00865	0.00263	0.00406	0.07122	0.00675	0.00617
16	0.01436	0.01240	0.01501	0.07154	0.01919	0.00982	0.00920	0.01759	0.01443	0.02233	0.01240	0.01482	0.01025	0.00532	0.00532	0.00114	0.00552	0.00431	0.00405	0.73100
17	0.03400	0.00725	0.00991	0.00984	0.01017	0.00781	0.00685	0.01051	0.01037	0.01447	0.01891	0.12323	0.04181	0.11164	0.06708	0.43081	0.06844	0.00872	0.00384	0.00434
18	0.01480	0.01382	0.01985	0.56945	0.04093	0.05889	0.01739	0.07440	0.01640	0.02087	0.07333	0.02100	0.01443	0.00774	0.00704	0.00226	0.00884	0.00666	0.00386	0.00802
19	0.01067	0.00885	0.01451	0.01290	0.01448	0.00844	0.14091	0.01238	0.01285	0.01721	0.02783	0.35712	0.03177	0.27616	0.01812	0.00412	0.00654	0.01412	0.00510	0.00591
20	0.01028	0.00739	0.00948	0.01055	0.01151	0.00724	0.00751	0.06722	0.01526	0.02031	0.03649	0.62376	0.04269	0.02048	0.00882	0.00281	0.00458	0.08084	0.00652	0.00626
21	0.02607	0.03326	0.01978	0.01798	0.02157	0.72674	0.01348	0.02787	0.01978	0.01708	0.01079	0.01258	0.00899	0.00719	0.00629	0.00180	0.01258	0.00449	0.00360	0.00809
22	0.00882	0.00629	0.00838	0.00983	0.01038	0.00592	0.00676	0.01025	0.01379	0.01843	0.07207	0.64394	0.04609	0.04358	0.00974	0.00295	0.00427	0.06632	0.00647	0.00573
23	0.01873	0.01296	0.01539	0.01125	0.01724	0.01061	0.00910	0.08206	0.01718	0.15471	0.01564	0.01642	0.01178	0.00611	0.00568	0.00134	0.00554	0.00487	0.00524	0.57815
24	0.02127	0.01568	0.01947	0.01713	0.06182	0.07983	0.08694	0.06428	0.19554	0.20472	0.04786	0.02695	0.01939	0.00914	0.00726	0.00222	0.00724	0.05944	0.00638	0.04742
25	0.70526	0.01600	0.01147	0.01029	0.01452	0.10595	0.00831	0.02145	0.01288	0.02950	0.00985	0.01149	0.00774	0.00657	0.00457	0.00211	0.00631	0.00387	0.00423	0.00762
26	0.01897	0.01046	0.01266	0.01077	0.01417	0.01024	0.00851	0.07245	0.11355	0.23578	0.23993	0.03412	0.05470	0.01071	0.00714	0.00212	0.00472	0.00901	0.12085	0.00914
27	0.01938	0.01939	0.02024	0.02437	0.25724	0.21905	0.01463	0.02509	0.13208	0.05925	0.06054	0.08153	0.01883	0.00898	0.00702	0.00212	0.00827	0.00758	0.00490	0.00952
28	0.00868	0.00624	0.00795	0.00924	0.00976	0.00582	0.00611	0.00979	0.01319	0.01738	0.03918	0.60758	0.09934	0.11012	0.01207	0.00327	0.00433	0.01824	0.00621	0.00551
29	0.01533	0.08609	0.33119	0.02363	0.18014	0.01599	0.08672	0.02095	0.01556	0.04500	0.04152	0.02140	0.07067	0.00766	0.00688	0.00214	0.00881	0.00671	0.00377	0.00983
30	0.00850	0.00607	0.00810	0.00972	0.01012	0.00567	0.00648	0.00972	0.01336	0.01781	0.03846	0.75020	0.04615	0.02186	0.00891	0.00283	0.00405	0.01984	0.00648	0.00567
31	0.06333	0.04059	0.04123	0.05755	0.14332	0.01396	0.06931	0.08337	0.09484	0.02589	0.15797	0.06317	0.09581	0.01029	0.00729	0.00222	0.00646	0.00906	0.00549	0.00885
32	0.01689	0.05899	0.26533	0.03989	0.21486	0.03163	0.07699	0.09787	0.01749	0.02460	0.03643	0.01712	0.01196	0.00681	0.00675	0.00206	0.00894	0.00597	0.00384	0.05557
33	0.07214	0.04258	0.05658	0.03966	0.09534	0.05622	0.01156	0.07534	0.05423	0.02459	0.15269	0.12847	0.09090	0.01224	0.00742	0.00231	0.00621	0.05776	0.00564	0.00811
34	0.05451	0.07664	0.10936	0.04535	0.05959	0.03532	0.10306	0.10539	0.08473	0.09750	0.01880	0.06357	0.02860	0.00821	0.00676	0.00209	0.00773	0.00708	0.00504	0.08068
35	0.01857	0.04625	0.05906	0.03750	0.12033	0.12085	0.04646	0.09815	0.08646	0.07421	0.13874	0.04525	0.02299	0.02713	0.00775	0.00221	0.00759	0.00770	0.00542	0.02738

[dist]
# distance from previous block
# <min> <max>
0	12

[block]
# block no. 2 follows, 30 sequences, length 13
# corresponding to MSA columns:
# 93-105
name=unknown_C
#
# <colnr> <probs for GDERKNQSTAVLIFYWHMCP>
#	G	D	E	R	K	N	Q	S	T	A	V	L	I	F	Y	W	H	M	C	P
0	0.01795	0.09142	0.13005	0.05239	0.06382	0.10292	0.03853	0.09890	0.07632	0.05928	0.08078	0.02613	0.05631	0.00912	0.00694	0.00212	0.00792	0.04468	0.00504	0.02938
1	0.08140	0.04824	0.12654	0.03163	0.06659	0.11307	0.03698	0.04364	0.08454	0.06553	0.04676	0.09003	0.01712	0.00872	0.00658	0.00204	0.00761	0.00715	0.00480	0.11104
2	0.20192	0.08097	0.06697	0.01197	0.01666	0.01550	0.01043	0.14551	0.09066	0.02856	0.06015	0.05241	0.03991	0.03477	0.00707	0.00218	0.00610	0.00672	0.02536	0.09620
3	0.02096	0.05099	0.04956	0.05357	0.22939	0.12716	0.09841	0.07918	0.04266	0.12039	0.01536	0.01752	0.01166	0.00729	0.00768	0.00213	0.04515	0.00623	0.00456	0.01016
4	0.01656	0.01402	0.03904	0.01472	0.04382	0.04512	0.07391	0.11989	0.09249	0.08072	0.03055	0.14976	0.13458	0.04337	0.00868	0.00243	0.00650	0.01024	0.00589	0.06771
5	0.00898	0.00684	0.00814	0.00853	0.01000	0.00616	0.00617	0.01093	0.01580	0.02056	0.21190	0.24959	0.29572	0.06304	0.01016	0.00276	0.00396	0.04819	0.00663	0.00592
6	0.01692	0.01560	0.02521	0.16950	0.48092	0.01643	0.01962	0.06845	0.04471	0.02355	0.01483	0.02031	0.01237	0.00717	0.00704	0.00218	0.00825	0.03273	0.00391	0.01030
7	0.00852	0.00699	0.00751	0.00757	0.00964	0.00598	0.00560	0.01048	0.01628	0.02017	0.16648	0.12463	0.55092	0.01751	0.00830	0.00237	0.00354	0.01485	0.00667	0.00598
8	0.01554	0.01482	0.02520	0.33652	0.43106	0.01613	0.02056	0.01990	0.01507	0.02070	0.01282	0.01783	0.01031	0.00654	0.00694	0.00218	0.00872	0.00621	0.00330	0.00966
9	0.01014	0.00676	0.00794	0.00814	0.00830	0.00670	0.00490	0.01038	0.01096	0.01464	0.04555	0.10350	0.02854	0.60629	0.03089	0.03781	0.00639	0.04309	0.00458	0.00448
10	0.01601	0.01707	0.03372	0.02472	0.03065	0.01660	0.50123	0.04737	0.07667	0.02349	0.04306	0.02420	0.06869	0.00773	0.00860	0.00236	0.03554	0.00872	0.00433	0.00921
11	0.01412	0.00817	0.01014	0.00905	0.01175	0.00718	0.00700	0.01680	0.01859	0.17787	0.35645	0.05055	0.25698	0.01409	0.00797	0.00224	0.00396	0.01204	0.00752	0.00754
12	0.01510	0.03574	0.01436	0.01287	0.03965	0.06683	0.00987	0.04659	0.04441	0.05816	0.12375	0.11434	0.02940	0.01201	0.00734	0.00213	0.00597	0.14715	0.00576	0.20856

[dist]
# distance from previous block
# <min> <max>
4	7

[block]
# block no. 3 follows, 30 sequences, length 26
# corresponding to MSA columns:
# 113-138
name=unknown_D
#
# <colnr> <probs for GDERKNQSTAVLIFYWHMCP>
#	G	D	E	R	K	N	Q	S	T	A	V	L	I	F	Y	W	H	M	C	P
0	0.01262	0.01252	0.09049	0.04631	0.01726	0.01031	0.05651	0.04204	0.03683	0.05249	0.26890	0.06553	0.15042	0.04158	0.00954	0.00251	0.03258	0.03790	0.00607	0.00758
1	0.00913	0.00718	0.00829	0.00822	0.01024	0.00634	0.00630	0.01160	0.01739	0.02252	0.31168	0.06239	0.40549	0.01650	0.00836	0.00237	0.00369	0.06919	0.00694	0.00620
2	0.01637	0.03971	0.08025	0.18095	0.15181	0.01467	0.10052	0.05528	0.04394	0.07297	0.04800	0.04394	0.01509	0.00965	0.00936	0.08905	0.00816	0.00715	0.00430	0.00883
3	0.01751	0.05300	0.27648	0.02124	0.10133	0.06364	0.09102	0.07354	0.12046	0.04927	0.01708	0.02073	0.01335	0.00781	0.00700	0.00222	0.00901	0.04072	0.00442	0.01018
4	0.09688	0.00828	0.00934	0.00887	0.01108	0.00800	0.00680	0.03912	0.01807	0.02607	0.39826	0.07801	0.21345	0.01450	0.00784	0.00229	0.00389	0.03566	0.00690	0.00668
5	0.01922	0.06822	0.02200	0.10164	0.09894	0.18337	0.07253	0.08847	0.01797	0.04899	0.03882	0.01834	0.01306	0.03145	0.03335	0.00236	0.00922	0.00596	0.00426	0.12182
6	0.05765	0.01681	0.01654	0.01383	0.01822	0.09542	0.01094	0.21596	0.20220	0.08589	0.06639	0.05795	0.01944	0.00923	0.00682	0.00209	0.00670	0.00735	0.00640	0.08417
7	0.09181	0.04802	0.05687	0.01855	0.09419	0.19704	0.04135	0.17399	0.09641	0.02695	0.01806	0.04826	0.04164	0.00845	0.00665	0.00209	0.00852	0.00661	0.00498	0.00955
8	0.07694	0.17018	0.11960	0.01811	0.05896	0.01843	0.13548	0.07217	0.11943	0.08999	0.01653	0.01847	0.01270	0.03440	0.00751	0.00226	0.00807	0.00623	0.00469	0.00985
9	0.04972	0.06250	0.01866	0.04789	0.14508	0.13782	0.01230	0.05198	0.07482	0.02241	0.04550	0.09539	0.01763	0.03751	0.00762	0.00211	0.00737	0.00727	0.00459	0.15185
10	0.00900	0.00688	0.00823	0.00877	0.01025	0.00621	0.00644	0.01096	0.01564	0.02020	0.17168	0.26343	0.30177	0.04903	0.00971	0.00274	0.00407	0.08243	0.00660	0.00594
11	0.04812	0.04216	0.01764	0.04679	0.10049	0.07848	0.05718	0.02109	0.04251	0.16074	0.05004	0.18158	0.06458	0.01345	0.04086	0.00270	0.00735	0.00998	0.00566	0.00861
12	0.05360	0.26161	0.16028	0.01967	0.12815	0.04498	0.07359	0.02167	0.03732	0.02094	0.01215	0.01443	0.00992	0.00621	0.00582	0.00180	0.00823	0.00499	0.00346	0.11118
13	0.01592	0.01137	0.06035	0.04100	0.01585	0.00967	0.00963	0.02118	0.10295	0.18609	0.26057	0.06437	0.14764	0.01235	0.00767	0.00226	0.00498	0.01054	0.00708	0.00853
14	0.00858	0.00647	0.00795	0.00888	0.00996	0.00583	0.00616	0.01018	0.01478	0.01923	0.12185	0.48234	0.23278	0.01985	0.00865	0.00263	0.00382	0.01761	0.00661	0.00583
15	0.01897	0.16423	0.10204	0.11705	0.08075	0.10375	0.19615	0.02325	0.01623	0.09246	0.01379	0.01653	0.01046	0.00659	0.00671	0.00206	0.00968	0.00604	0.00384	0.00942
16	0.01698	0.04716	0.18652	0.01939	0.07006	0.05788	0.15201	0.06856	0.05427	0.07085	0.05067	0.04771	0.07276	0.00869	0.00715	0.00218	0.00837	0.00778	0.04162	0.00939
17	0.01006	0.00724	0.00887	0.00908	0.01073	0.00665	0.00666	0.01281	0.03910	0.04639	0.25618	0.27674	0.22536	0.01740	0.00842	0.00248	0.00388	0.03856	0.00695	0.00644
18	0.04730	0.01265	0.01449	0.01269	0.04039	0.06367	0.03700	0.09409	0.01850	0.22927	0.05531	0.02661	0.04510	0.06746	0.00873	0.00237	0.00611	0.00734	0.20201	0.00890
19	0.14705	0.08188	0.10579	0.01817	0.07314	0.05409	0.10920	0.10810	0.04356	0.02576	0.04131	0.07401	0.01623	0.00895	0.00726	0.00224	0.03199	0.03760	0.00462	0.00904
20	0.07600	0.07693	0.18254	0.07444	0.08826	0.01447	0.05057	0.04523	0.01615	0.15203	0.03416	0.12350	0.01740	0.00931	0.00687	0.00223	0.00756	0.00795	0.00496	0.00942
21	0.01841	0.01670	0.07350	0.04177	0.10834	0.09046	0.11679	0.02198	0.01655	0.15779	0.07138	0.06219	0.05063	0.01253	0.06146	0.00292	0.05437	0.00809	0.00506	0.00906
22	0.19844	0.06993	0.10385	0.01926	0.10885	0.09911	0.06821	0.16689	0.05476	0.02845	0.01345	0.01516	0.01030	0.00703	0.00619	0.00208	0.00831	0.00544	0.00454	0.00974
23	0.03553	0.03557	0.01105	0.01000	0.01100	0.05382	0.00711	0.01183	0.01101	0.01459	0.01539	0.07739	0.01593	0.04874	0.02142	0.52611	0.00636	0.03767	0.00362	0.04586
24	0.01793	0.26113	0.11284	0.01558	0.07086	0.04470	0.01354	0.11025	0.03826	0.02365	0.04112	0.01578	0.01252	0.00670	0.00573	0.00167	0.00734	0.00505	0.00416	0.19120
25	0.06968	0.03869	0.04100	0.01098	0.01301	0.00990	0.03267	0.01422	0.04516	0.01909	0.03197	0.19720	0.12328	0.19269	0.01515	0.00360	0.03604	0.09401	0.00527	0.00638

[dist]
# distance from previous block
# <min> <max>
0	10

[block]
# block no. 4 follows, 30 sequences, length 15
# corresponding to MSA columns:
# 149-163
name=unknown_E
#
# <colnr> <probs for GDERKNQSTAVLIFYWHMCP>
#	G	D	E	R	K	N	Q	S	T	A	V	L	I	F	Y	W	H	M	C	P
0	0.01766	0.01630	0.02198	0.08036	0.30504	0.05710	0.01657	0.08510	0.16007	0.02481	0.01835	0.02428	0.01552	0.00878	0.00824	0.00231	0.05706	0.06564	0.00476	0.01007
1	0.00880	0.00655	0.00810	0.00883	0.00991	0.00596	0.00613	0.01052	0.01512	0.01997	0.18386	0.41861	0.20006	0.05190	0.00980	0.00277	0.00390	0.01675	0.00663	0.00584
2	0.01797	0.01750	0.03412	0.12619	0.06960	0.01730	0.44912	0.09361	0.01804	0.06354	0.01487	0.01877	0.01095	0.00648	0.00779	0.00230	0.01048	0.00757	0.00413	0.00967
3	0.01009	0.00683	0.00815	0.00812	0.00962	0.00634	0.00591	0.01268	0.01675	0.02405	0.34367	0.14495	0.15007	0.05209	0.00903	0.00242	0.00360	0.01257	0.16683	0.00622
4	0.00997	0.00672	0.00775	0.00788	0.00801	0.00665	0.00458	0.01027	0.01098	0.01473	0.06037	0.11548	0.02959	0.64279	0.03143	0.00613	0.00631	0.01124	0.00464	0.00450
5	0.07797	0.01909	0.01881	0.01507	0.02001	0.09877	0.01219	0.44811	0.04806	0.10661	0.01815	0.05379	0.01382	0.00885	0.00683	0.00212	0.00765	0.00672	0.00657	0.01082
6	0.01692	0.01590	0.02612	0.09935	0.53599	0.01629	0.03874	0.05474	0.04503	0.02349	0.01669	0.02018	0.04505	0.00707	0.00703	0.00213	0.00810	0.00676	0.00390	0.01051
7	0.01531	0.01297	0.01517	0.04543	0.01781	0.05244	0.05505	0.06940	0.21363	0.05359	0.15623	0.03952	0.16462	0.01192	0.00769	0.00232	0.00593	0.04587	0.00648	0.00863
8	0.00963	0.00860	0.04930	0.00967	0.01160	0.00726	0.00777	0.01178	0.01456	0.01950	0.16880	0.15232	0.22618	0.02577	0.18077	0.06485	0.00775	0.01217	0.00560	0.00611
9	0.01600	0.08240	0.12366	0.03305	0.06751	0.06775	0.04743	0.02285	0.14117	0.03651	0.05668	0.05939	0.01747	0.00994	0.03566	0.00232	0.00779	0.00689	0.00467	0.16087
10	0.01244	0.00848	0.01149	0.03266	0.01347	0.00914	0.00844	0.06030	0.01402	0.06562	0.05407	0.11569	0.04367	0.12637	0.38298	0.00750	0.01244	0.00955	0.00491	0.00674
11	0.04537	0.18542	0.22067	0.01930	0.12376	0.05908	0.01681	0.06719	0.03696	0.10460	0.01548	0.04856	0.01240	0.00757	0.00629	0.00203	0.00824	0.00595	0.00433	0.01000
12	0.01563	0.18154	0.27148	0.01943	0.02661	0.01844	0.19471	0.02267	0.08752	0.02142	0.01577	0.06564	0.01315	0.00761	0.00680	0.00215	0.00916	0.00694	0.00379	0.00955
13	0.00860	0.00646	0.00782	0.00876	0.00976	0.00585	0.00599	0.00999	0.01418	0.01829	0.07698	0.47165	0.23928	0.06952	0.01047	0.00293	0.00405	0.01737	0.00638	0.00568
14	0.07540	0.07423	0.10616	0.10350	0.18874	0.03718	0.04545	0.04470	0.05749	0.13762	0.01864	0.02015	0.04547	0.00758	0.00665	0.00213	0.00785	0.00641	0.00472	0.00993

[dist]
# distance from previous block
# <min> <max>
0	2

[block]
# block no. 5 follows, 30 sequences, length 32
# corresponding to MSA columns:
# 166-197
name=unknown_F
#
# <colnr> <probs for GDERKNQSTAVLIFYWHMCP>
#	G	D	E	R	K	N	Q	S	T	A	V	L	I	F	Y	W	H	M	C	P
0	0.17757	0.14731	0.04312	0.01611	0.04118	0.22311	0.05541	0.11852	0.04682	0.05122	0.01294	0.01428	0.01009	0.00703	0.00591	0.00195	0.00880	0.00502	0.00442	0.00917
1	0.01471	0.01277	0.01648	0.04478	0.07364	0.04063	0.05115	0.08249	0.14368	0.02342	0.05240	0.22053	0.02723	0.04885	0.01027	0.00274	0.05658	0.06374	0.00568	0.00825
2	0.01913	0.01613	0.01664	0.01446	0.01846	0.04415	0.01140	0.15767	0.49276	0.03097	0.02466	0.02343	0.01851	0.00920	0.00746	0.00228	0.03012	0.00734	0.04448	0.01076
3	0.00930	0.00641	0.00786	0.00870	0.00891	0.00620	0.00539	0.00993	0.01181	0.01574	0.03050	0.40952	0.03610	0.37626	0.02177	0.00474	0.00536	0.01515	0.00539	0.00497
4	0.02042	0.05035	0.23914	0.07313	0.02737	0.05093	0.11780	0.09859	0.05106	0.17697	0.01709	0.01815	0.01194	0.00732	0.00695	0.00218	0.00898	0.00628	0.00497	0.01037
5	0.02099	0.25996	0.09916	0.01719	0.05332	0.08103	0.05565	0.24984	0.02138	0.02734	0.01406	0.01713	0.01143	0.00752	0.00626	0.00195	0.00852	0.03263	0.00460	0.01004
6	0.00866	0.00621	0.00817	0.00968	0.01018	0.00581	0.00654	0.00993	0.01343	0.01781	0.03885	0.67517	0.06685	0.04887	0.00990	0.00298	0.00423	0.04469	0.00639	0.00565
7	0.80405	0.01350	0.01026	0.00918	0.01350	0.01565	0.00756	0.02051	0.01188	0.03131	0.00972	0.01134	0.00756	0.00648	0.00432	0.00216	0.00540	0.00378	0.00432	0.00756
8	0.00881	0.00707	0.00775	0.00759	0.00963	0.00613	0.00562	0.01093	0.01675	0.02125	0.25280	0.06181	0.49065	0.05093	0.00951	0.00251	0.00361	0.01390	0.00672	0.00601
9	0.01815	0.08848	0.02354	0.04862	0.12886	0.15169	0.12079	0.07281	0.04475	0.04366	0.05160	0.11095	0.04682	0.00951	0.00716	0.00215	0.00845	0.00841	0.00471	0.00890
10	0.07462	0.12713	0.34813	0.01812	0.05673	0.07108	0.01884	0.13469	0.04381	0.02560	0.01315	0.01474	0.00986	0.00695	0.00624	0.00206	0.00902	0.00516	0.00396	0.01009
11	0.04874	0.15767	0.02235	0.01408	0.01975	0.06409	0.03310	0.28667	0.02230	0.06387	0.01422	0.01513	0.01085	0.00696	0.00599	0.00173	0.00733	0.00520	0.00522	0.19474
12	0.01626	0.01142	0.01332	0.01168	0.01478	0.01183	0.00919	0.16987	0.12272	0.08262	0.29108	0.08856	0.07090	0.01273	0.00780	0.00230	0.00503	0.04188	0.00731	0.00873
13	0.02164	0.01551	0.01676	0.01399	0.01803	0.05034	0.01125	0.38130	0.02562	0.09940	0.08258	0.13230	0.02424	0.01171	0.00756	0.00229	0.00674	0.06195	0.00692	0.00988
14	0.00957	0.00703	0.00813	0.00827	0.01013	0.00615	0.00604	0.01152	0.01615	0.04924	0.17927	0.23364	0.39433	0.01771	0.00836	0.00244	0.00372	0.01530	0.00679	0.00621
15	0.01441	0.01397	0.02159	0.59641	0.12526	0.04902	0.01906	0.01938	0.03768	0.01877	0.01296	0.01841	0.00990	0.00698	0.00694	0.00227	0.00921	0.00618	0.00330	0.00828
16	0.00866	0.00642	0.00808	0.00907	0.01003	0.00585	0.00627	0.01029	0.01480	0.01953	0.14458	0.51474	0.17631	0.01992	0.00868	0.00265	0.00384	0.01778	0.00666	0.00585
17	0.05176	0.01474	0.04730	0.07598	0.04246	0.08540	0.01141	0.08372	0.14492	0.02385	0.04894	0.15085	0.10871	0.01384	0.03533	0.00270	0.00707	0.03710	0.00562	0.00829
18	0.01026	0.00821	0.00909	0.00967	0.01086	0.03377	0.00667	0.01278	0.06139	0.01821	0.03815	0.40240	0.14151	0.14776	0.01317	0.00334	0.00497	0.03550	0.00596	0.02634
19	0.08600	0.03105	0.01807	0.01571	0.08724	0.01335	0.04315	0.06216	0.07850	0.16708	0.01966	0.02018	0.04504	0.00758	0.00689	0.00186	0.03469	0.00612	0.00545	0.25021
20	0.11893	0.11167	0.06777	0.03661	0.04320	0.10324	0.01249	0.17299	0.10162	0.05052	0.05086	0.02011	0.04188	0.00824	0.00629	0.00204	0.00739	0.00621	0.02845	0.00950
21	0.01696	0.07372	0.04775	0.05121	0.04473	0.04838	0.08763	0.07591	0.17201	0.05661	0.04882	0.07895	0.05971	0.00935	0.00697	0.00210	0.00701	0.00811	0.00539	0.09870
22	0.03784	0.07620	0.10172	0.05837	0.04762	0.03202	0.03486	0.17161	0.07210	0.10307	0.04466	0.04710	0.06174	0.00880	0.00676	0.00206	0.00717	0.00718	0.00551	0.07362
23	0.04151	0.05389	0.13690	0.04737	0.08963	0.04060	0.10510	0.11280	0.08393	0.05816	0.08808	0.02128	0.01746	0.00888	0.02156	0.00233	0.02541	0.00690	0.00490	0.03330
24	0.03414	0.01682	0.07862	0.10738	0.13502	0.03579	0.08773	0.14503	0.01872	0.04010	0.04194	0.07040	0.04907	0.00858	0.00702	0.00209	0.00780	0.00759	0.00475	0.10141
25	0.01886	0.06735	0.07450	0.03537	0.09561	0.06064	0.06593	0.15216	0.09369	0.06021	0.03837	0.04172	0.01534	0.03678	0.00781	0.00217	0.00766	0.00674	0.00507	0.11401
26	0.07179	0.05507	0.09707	0.04229	0.09098	0.05884	0.06808	0.08874	0.05317	0.08294	0.10247	0.05785	0.05198	0.00911	0.00692	0.00213	0.00731	0.00775	0.00523	0.04029
27	0.01752	0.03524	0.04808	0.03948	0.09228	0.06642	0.10189	0.10518	0.08675	0.06721	0.09080	0.07538	0.05921	0.00948	0.00721	0.00212	0.00733	0.00838	0.00542	0.07464
28	0.04845	0.01859	0.06765	0.04270	0.09772	0.12174	0.07695	0.09176	0.07303	0.08612	0.03795	0.08133	0.01632	0.00890	0.00773	0.00216	0.04402	0.00741	0.00500	0.06447
29	0.01798	0.03432	0.04032	0.01664	0.09964	0.07341	0.03371	0.04181	0.07070	0.12125	0.04648	0.09103	0.04508	0.00920	0.00736	0.00196	0.03568	0.00766	0.00529	0.20049
30	0.01934	0.12062	0.11231	0.04388	0.10896	0.12139	0.03544	0.15522	0.08505	0.02581	0.04892	0.01892	0.02897	0.00773	0.00656	0.00199	0.00836	0.00614	0.00468	0.03969
31	0.01868	0.09183	0.10213	0.05018	0.02140	0.01634	0.04537	0.17378	0.09365	0.09015	0.05928	0.05222	0.03885	0.00930	0.00739	0.00214	0.02889	0.02980	0.00559	0.06302

[dist]
# distance from previous block
# <min> <max>
8	78

[block]
# block no. 6 follows, 30 sequences, length 26
# corresponding to MSA columns:
# 276-301
name=unknown_G
#
# <colnr> <probs for GDERKNQSTAVLIFYWHMCP>
#	G	D	E	R	K	N	Q	S	T	A	V	L	I	F	Y	W	H	M	C	P
0	0.05612	0.03321	0.05890	0.03936	0.11930	0.01387	0.06405	0.07402	0.09919	0.04907	0.05675	0.05104	0.03789	0.01021	0.03312	0.00236	0.00722	0.03068	0.00503	0.15862
1	0.07249	0.07957	0.17356	0.01850	0.11743	0.01637	0.01533	0.04102	0.15821	0.05961	0.08819	0.02133	0.01815	0.00837	0.00767	0.00217	0.05644	0.00659	0.00491	0.03411
2	0.01747	0.05107	0.10861	0.01451	0.02016	0.01396	0.06909	0.05842	0.16864	0.10914	0.04140	0.02493	0.05740	0.00848	0.00675	0.00199	0.00669	0.02970	0.00554	0.18604
3	0.01642	0.06178	0.15498	0.04381	0.08823	0.01470	0.06434	0.07861	0.05489	0.07533	0.14314	0.02578	0.03825	0.00894	0.00764	0.00213	0.03514	0.01845	0.00512	0.06230
4	0.01987	0.04236	0.04096	0.01557	0.03618	0.05430	0.06584	0.15303	0.20694	0.10281	0.06061	0.02330	0.04238	0.00856	0.00690	0.00206	0.00691	0.00716	0.00609	0.09820
5	0.01672	0.04121	0.08183	0.04223	0.07302	0.01329	0.01226	0.11638	0.03478	0.09589	0.15658	0.04639	0.08593	0.01014	0.00801	0.00210	0.05015	0.00827	0.00573	0.09909
6	0.05919	0.04507	0.07207	0.08975	0.06098	0.07472	0.04805	0.24875	0.02137	0.04567	0.01847	0.04768	0.05290	0.00838	0.00673	0.00205	0.00791	0.00678	0.00511	0.07837
7	0.01751	0.01553	0.07599	0.01932	0.15586	0.01368	0.03325	0.04717	0.11184	0.10254	0.05471	0.02055	0.01603	0.00768	0.00748	0.00194	0.05055	0.00637	0.04184	0.20019
8	0.04569	0.06061	0.05414	0.01965	0.13596	0.04248	0.07200	0.08911	0.08369	0.04472	0.01726	0.04464	0.03346	0.00791	0.00756	0.00198	0.05449	0.00654	0.00462	0.17349
9	0.07444	0.01724	0.09277	0.07408	0.08879	0.04984	0.03160	0.05359	0.05194	0.02225	0.05506	0.06125	0.01560	0.00991	0.01189	0.00245	0.23918	0.00706	0.00415	0.03692
10	0.01570	0.06527	0.15919	0.01881	0.06427	0.04208	0.14326	0.07002	0.01696	0.02362	0.09886	0.05997	0.01876	0.00839	0.00776	0.00206	0.04536	0.00738	0.00437	0.12791
11	0.01200	0.10281	0.01532	0.04526	0.01544	0.01088	0.04812	0.04989	0.01529	0.02002	0.05551	0.33416	0.10317	0.05010	0.00912	0.00262	0.00562	0.05193	0.00555	0.04720
12	0.01509	0.04951	0.02267	0.05712	0.02088	0.01981	0.06463	0.01728	0.01168	0.01752	0.01038	0.01610	0.00975	0.01284	0.05494	0.00320	0.53921	0.00613	0.00318	0.04810
13	0.01824	0.01870	0.07981	0.05627	0.37288	0.05256	0.05774	0.12695	0.01858	0.02549	0.01494	0.02039	0.01250	0.00737	0.00702	0.00211	0.00854	0.04508	0.00418	0.05064
14	0.01118	0.00907	0.01070	0.00902	0.01250	0.00741	0.00692	0.01394	0.01653	0.02336	0.26193	0.07693	0.19213	0.01198	0.00710	0.00182	0.00410	0.01025	0.00599	0.30713
15	0.01884	0.01454	0.01751	0.01455	0.01821	0.04044	0.06090	0.23676	0.10136	0.08042	0.06483	0.12855	0.05953	0.02936	0.03929	0.00280	0.04706	0.00949	0.00627	0.00930
16	0.02297	0.01040	0.01376	0.01125	0.01524	0.00939	0.00902	0.02688	0.06013	0.43403	0.26607	0.03384	0.03455	0.01066	0.00745	0.00218	0.00499	0.00903	0.00821	0.00997
17	0.00985	0.00711	0.00983	0.01002	0.01081	0.00782	0.00719	0.01149	0.01116	0.01562	0.02189	0.11510	0.02298	0.24905	0.44804	0.00899	0.01362	0.00965	0.00419	0.00560
18	0.01025	0.00769	0.00951	0.01033	0.05178	0.00686	0.00702	0.01253	0.01672	0.05081	0.23714	0.17232	0.34865	0.01637	0.00822	0.00237	0.00394	0.01417	0.00673	0.00660
19	0.01513	0.01279	0.01482	0.01065	0.01682	0.00997	0.00854	0.05407	0.01547	0.02390	0.01264	0.01459	0.01042	0.00534	0.00527	0.00109	0.00530	0.00425	0.00429	0.75465
20	0.06162	0.07263	0.04570	0.01392	0.01965	0.01791	0.01189	0.34363	0.08063	0.06265	0.01614	0.01654	0.01198	0.00740	0.00624	0.00184	0.00682	0.00560	0.00582	0.19138
21	0.01873	0.10211	0.13523	0.06166	0.10129	0.08555	0.03508	0.11672	0.07011	0.06216	0.03487	0.01954	0.04207	0.00766	0.00654	0.00198	0.00808	0.00618	0.00466	0.07979
22	0.01915	0.09107	0.12563	0.01567	0.02062	0.19949	0.02949	0.09387	0.18518	0.02501	0.10640	0.02177	0.01968	0.00856	0.00674	0.00207	0.00832	0.00668	0.00517	0.00945
23	0.04471	0.01497	0.01707	0.01393	0.03923	0.01522	0.01082	0.29496	0.04254	0.06937	0.06764	0.02078	0.01651	0.04849	0.00864	0.00211	0.03403	0.00637	0.00585	0.22675
24	0.01408	0.01035	0.01222	0.04149	0.01489	0.01068	0.00878	0.14133	0.05317	0.06218	0.08056	0.22801	0.21920	0.01613	0.02637	0.00266	0.03096	0.01275	0.00647	0.00774
25	0.09717	0.01272	0.01476	0.01232	0.01638	0.01297	0.00983	0.15535	0.07723	0.24593	0.02684	0.14047	0.06261	0.01111	0.00762	0.00226	0.03205	0.00901	0.00687	0.04649

[dist]
# distance from previous block
# <min> <max>
4	12

[block]
# block no. 7 follows, 30 sequences, length 25
# corresponding to MSA columns:
# 317-341
name=unknown_H
#
# <colnr> <probs for GDERKNQSTAVLIFYWHMCP>
#	G	D	E	R	K	N	Q	S	T	A	V	L	I	F	Y	W	H	M	C	P
0	0.05358	0.22106	0.23097	0.01704	0.04374	0.14433	0.04169	0.07034	0.01715	0.05502	0.03563	0.01532	0.01149	0.00698	0.00607	0.00194	0.00911	0.00517	0.00388	0.00949
1	0.01648	0.27074	0.40202	0.01643	0.02439	0.05951	0.01920	0.02192	0.01522	0.03910	0.04569	0.01551	0.01189	0.00687	0.00599	0.00195	0.00905	0.00507	0.00338	0.00960
2	0.11733	0.30403	0.13893	0.01371	0.01941	0.01986	0.03238	0.05612	0.09635	0.02337	0.06067	0.02076	0.01603	0.00801	0.00591	0.00200	0.00723	0.04443	0.00437	0.00910
3	0.01877	0.52630	0.13781	0.01340	0.01981	0.02366	0.01386	0.02350	0.07554	0.07053	0.01312	0.01399	0.01065	0.00658	0.00523	0.00173	0.00761	0.00456	0.00377	0.00957
4	0.01007	0.00755	0.01066	0.01073	0.01158	0.00859	0.00795	0.01190	0.01128	0.01596	0.02139	0.12414	0.02219	0.17110	0.47664	0.00894	0.04982	0.00949	0.00415	0.00587
5	0.01594	0.06937	0.54089	0.02072	0.05984	0.04027	0.07102	0.02289	0.01535	0.06095	0.01331	0.01540	0.00955	0.00666	0.00666	0.00216	0.01001	0.00544	0.00336	0.01023
6	0.00938	0.00675	0.00903	0.01029	0.01124	0.00640	0.00766	0.01141	0.01501	0.02001	0.12987	0.45846	0.07230	0.02002	0.00898	0.00283	0.00453	0.18320	0.00663	0.00599
7	0.02029	0.01645	0.01743	0.01479	0.01926	0.01873	0.01175	0.24514	0.48578	0.03392	0.02468	0.02307	0.01829	0.00912	0.00706	0.00228	0.00621	0.00738	0.00706	0.01131
8	0.01022	0.01221	0.13750	0.01076	0.01385	0.00811	0.00991	0.01389	0.01739	0.02427	0.40376	0.15948	0.12290	0.01448	0.00805	0.00232	0.00471	0.01266	0.00650	0.00704
9	0.05876	0.21437	0.30854	0.01701	0.02446	0.08290	0.06530	0.04846	0.01618	0.08385	0.01313	0.01464	0.00981	0.00670	0.00610	0.00199	0.00915	0.00509	0.00379	0.00976
10	0.01646	0.19481	0.07501	0.02113	0.02588	0.02112	0.27118	0.02022	0.01397	0.01915	0.01139	0.01562	0.00964	0.00797	0.01193	0.00236	0.24386	0.00630	0.00321	0.00879
11	0.02463	0.01036	0.01374	0.01105	0.01512	0.00911	0.00875	0.02702	0.01848	0.50097	0.11766	0.03247	0.05988	0.10526	0.01088	0.00276	0.00558	0.00854	0.00784	0.00990
12	0.01326	0.01204	0.01981	0.30820	0.21411	0.01312	0.03373	0.01703	0.01485	0.01973	0.02234	0.11821	0.05789	0.01078	0.00765	0.00244	0.00775	0.09467	0.00425	0.00815
13	0.01464	0.01312	0.02129	0.29361	0.30251	0.01417	0.01736	0.01897	0.03681	0.04050	0.02054	0.09178	0.06713	0.00903	0.00723	0.00227	0.00775	0.00823	0.00411	0.00895
14	0.00998	0.00745	0.01106	0.01106	0.01225	0.00864	0.00853	0.01236	0.01117	0.01608	0.01883	0.02820	0.01779	0.08252	0.69739	0.01102	0.01818	0.00759	0.00376	0.00614
15	0.01623	0.01836	0.03972	0.08032	0.03730	0.01749	0.63799	0.02203	0.01629	0.02203	0.01399	0.01881	0.01050	0.00596	0.00814	0.00235	0.01159	0.00809	0.00350	0.00929
16	0.06393	0.05458	0.04790	0.06660	0.18296	0.13062	0.15339	0.11896	0.01825	0.02433	0.01279	0.01601	0.01015	0.00711	0.00799	0.00216	0.06263	0.00607	0.00397	0.00961
17	0.01139	0.00842	0.01081	0.01171	0.01366	0.00828	0.00995	0.05147	0.01690	0.02166	0.04301	0.09330	0.18047	0.01840	0.00917	0.00296	0.00581	0.46956	0.00647	0.00660
18	0.00863	0.00617	0.00821	0.00963	0.01015	0.00575	0.00649	0.01004	0.01396	0.01877	0.10125	0.68470	0.04800	0.02115	0.00884	0.00277	0.00398	0.01916	0.00659	0.00575
19	0.02459	0.01675	0.01906	0.03744	0.03757	0.01809	0.01252	0.45445	0.07625	0.14111	0.02064	0.07412	0.01586	0.00942	0.00714	0.00219	0.00705	0.00753	0.00700	0.01120
20	0.01726	0.01538	0.02464	0.16285	0.47206	0.03374	0.01917	0.03372	0.01612	0.06299	0.01554	0.04496	0.01327	0.00755	0.00707	0.00218	0.00822	0.02920	0.00397	0.01010
21	0.01721	0.01751	0.03012	0.15916	0.21778	0.05004	0.26845	0.06363	0.06213	0.02320	0.01449	0.01843	0.01119	0.00662	0.00741	0.00223	0.00975	0.00701	0.00388	0.00975
22	0.02295	0.01344	0.01625	0.05737	0.01963	0.01405	0.01113	0.08002	0.29517	0.30651	0.06647	0.02554	0.02091	0.00919	0.00712	0.00225	0.00594	0.00760	0.00750	0.01097
23	0.62453	0.01395	0.01144	0.04390	0.01569	0.05684	0.00891	0.02008	0.01295	0.02857	0.01323	0.01997	0.01170	0.00811	0.00521	0.00227	0.00613	0.08458	0.00448	0.00746
24	0.15332	0.01724	0.01570	0.01358	0.01756	0.12890	0.01073	0.09746	0.23666	0.07336	0.02229	0.02205	0.06388	0.00898	0.00741	0.00218	0.05034	0.00663	0.00574	0.04598

[dist]
# distance from previous block
# <min> <max>
0	2

[block]
# block no. 8 follows, 30 sequences, length 14
# corresponding to MSA columns:
# 346-359
name=unknown_I
#
# <colnr> <probs for GDERKNQSTAVLIFYWHMCP>
#	G	D	E	R	K	N	Q	S	T	A	V	L	I	F	Y	W	H	M	C	P
0	0.65779	0.01564	0.01433	0.01205	0.01660	0.07233	0.08079	0.02129	0.01300	0.02922	0.01027	0.01224	0.00800	0.00647	0.00490	0.00215	0.00665	0.00431	0.00418	0.00780
1	0.07849	0.01348	0.01584	0.01157	0.01759	0.01140	0.03495	0.08719	0.01623	0.02560	0.01271	0.01463	0.01028	0.00563	0.00541	0.00128	0.00570	0.00449	0.00442	0.62312
2	0.00876	0.00645	0.00806	0.00924	0.01007	0.00595	0.00638	0.01012	0.01378	0.01788	0.04334	0.51709	0.17329	0.07907	0.01094	0.00308	0.00432	0.06023	0.00630	0.00565
3	0.00915	0.00665	0.00876	0.01021	0.01111	0.00627	0.00752	0.01091	0.01428	0.01867	0.04142	0.51564	0.11305	0.02080	0.00902	0.00288	0.00458	0.17675	0.00647	0.00588
4	0.01876	0.01561	0.01659	0.01427	0.01865	0.01758	0.01125	0.14909	0.53798	0.03134	0.02533	0.02366	0.01894	0.00900	0.00695	0.00223	0.00587	0.00736	0.00689	0.06263
5	0.01664	0.01613	0.02809	0.14101	0.57366	0.01650	0.06356	0.02097	0.01565	0.02206	0.01309	0.01756	0.01077	0.00630	0.00700	0.00213	0.00866	0.00634	0.00341	0.01048
6	0.01318	0.01240	0.02093	0.73798	0.04806	0.01550	0.01938	0.01783	0.01395	0.01783	0.01240	0.01860	0.00930	0.00698	0.00698	0.00233	0.00930	0.00620	0.00310	0.00775
7	0.00924	0.00660	0.00895	0.01056	0.01129	0.00631	0.00776	0.01100	0.01409	0.01864	0.03805	0.56896	0.04454	0.02116	0.00910	0.00294	0.00469	0.19378	0.00646	0.00587
8	0.01360	0.01283	0.02169	0.66623	0.11651	0.01561	0.01959	0.01820	0.01415	0.01834	0.01248	0.01847	0.00948	0.00690	0.00697	0.00230	0.00920	0.00620	0.00314	0.00809
9	0.01486	0.10608	0.54121	0.02062	0.02997	0.01759	0.13035	0.02202	0.01496	0.02157	0.01250	0.01503	0.00913	0.00644	0.00667	0.00216	0.01026	0.00551	0.00304	0.01003
10	0.01565	0.02334	0.28746	0.02593	0.16338	0.01549	0.21015	0.02153	0.01570	0.05038	0.01633	0.05111	0.01365	0.00785	0.00744	0.00231	0.00964	0.04901	0.00381	0.00983
11	0.01544	0.01505	0.06236	0.16303	0.09384	0.01495	0.13741	0.07366	0.07836	0.03899	0.01950	0.08295	0.01738	0.01230	0.05135	0.00296	0.03919	0.06780	0.00462	0.00886
12	0.01886	0.12709	0.32155	0.01781	0.02523	0.06057	0.08529	0.08731	0.01751	0.11482	0.01578	0.04984	0.01217	0.00763	0.00667	0.00211	0.00909	0.00626	0.00435	0.01004
13	0.02168	0.02275	0.09034	0.05111	0.07098	0.24963	0.13206	0.02534	0.01766	0.14739	0.01563	0.03437	0.01192	0.00729	0.00684	0.00201	0.00978	0.00620	0.00453	0.07250

[dist]
# distance from previous block
# <min> <max>
1	7

[block]
# block no. 9 follows, 30 sequences, length 42
# corresponding to MSA columns:
# 369-410
name=unknown_J
#
# <colnr> <probs for GDERKNQSTAVLIFYWHMCP>
#	G	D	E	R	K	N	Q	S	T	A	V	L	I	F	Y	W	H	M	C	P
0	0.01579	0.01562	0.04948	0.08830	0.23073	0.04118	0.03562	0.05318	0.10519	0.02352	0.05528	0.02479	0.08758	0.00858	0.00761	0.00209	0.03804	0.00734	0.00464	0.10542
1	0.01920	0.01449	0.03981	0.04099	0.16794	0.01376	0.01324	0.06909	0.16319	0.15587	0.06322	0.02383	0.01851	0.00826	0.00684	0.00203	0.00643	0.02643	0.00587	0.14100
2	0.00921	0.00728	0.00838	0.00803	0.01017	0.00632	0.00601	0.01166	0.01738	0.02285	0.33704	0.08419	0.38181	0.01586	0.00814	0.00225	0.00352	0.01358	0.00689	0.03943
3	0.01684	0.09385	0.22220	0.04731	0.12976	0.01759	0.03782	0.10462	0.15620	0.02562	0.03798	0.02083	0.04303	0.00796	0.00678	0.00215	0.00796	0.00661	0.00466	0.01022
4	0.01591	0.07431	0.38203	0.05411	0.02721	0.09877	0.08346	0.05099	0.01666	0.02229	0.06973	0.01980	0.03906	0.00768	0.00683	0.00214	0.00957	0.00632	0.00377	0.00937
5	0.01301	0.00650	0.00650	0.00650	0.00813	0.00650	0.00488	0.01626	0.01463	0.02602	0.02276	0.02602	0.01789	0.00813	0.00488	0.00163	0.00325	0.00650	0.79350	0.00650
