[name]
unknown

[dist]
# distance from previous block
# <min> <max>
0	14

[block]
# block no. 0 follows, 32 sequences, length 31
# corresponding to MSA columns:
# 15-45
name=unknown_A
#
# <colnr> <probs for GDERKNQSTAVLIFYWHMCP>
#	G	D	E	R	K	N	Q	S	T	A	V	L	I	F	Y	W	H	M	C	P
0	0.00867	0.00679	0.00783	0.00837	0.01003	0.00608	0.00636	0.01050	0.01475	0.01839	0.07935	0.18553	0.41361	0.05687	0.00966	0.00271	0.00416	0.13852	0.00615	0.00567
1	0.01258	0.01123	0.01230	0.01181	0.01350	0.11075	0.00910	0.04989	0.01298	0.01700	0.01693	0.02447	0.01563	0.06781	0.57189	0.00891	0.01619	0.00682	0.00376	0.00645
2	0.49791	0.06344	0.01461	0.01117	0.01568	0.04132	0.00926	0.18978	0.05330	0.03165	0.01200	0.01296	0.00912	0.00682	0.00500	0.00202	0.00610	0.00446	0.00482	0.00857
3	0.02551	0.01879	0.02014	0.01544	0.02081	0.02081	0.01275	0.69996	0.03155	0.04229	0.01611	0.01611	0.01141	0.00805	0.00671	0.00201	0.00738	0.00604	0.00671	0.01141
4	0.01391	0.01193	0.01391	0.00994	0.01590	0.00894	0.00795	0.01690	0.01391	0.02186	0.01193	0.01391	0.00994	0.00497	0.00497	0.00099	0.00497	0.00398	0.00398	0.80521
5	0.00976	0.00651	0.00732	0.00732	0.00732	0.00651	0.00407	0.00976	0.00976	0.01301	0.02114	0.04391	0.02439	0.76419	0.03415	0.00651	0.00651	0.00976	0.00407	0.00407
6	0.01391	0.01193	0.01391	0.00994	0.01590	0.00894	0.00795	0.01690	0.01391	0.02186	0.01193	0.01391	0.00994	0.00497	0.00497	0.00099	0.00497	0.00398	0.00398	0.80521
7	0.01818	0.01570	0.02330	0.02755	0.35040	0.05225	0.08305	0.04578	0.08854	0.09822	0.04357	0.01911	0.01418	0.00685	0.00666	0.00195	0.00750	0.00639	0.00457	0.08624
8	0.00808	0.00623	0.00739	0.00832	0.00946	0.00554	0.00577	0.00946	0.01383	0.01753	0.04948	0.47937	0.31675	0.01940	0.00831	0.00254	0.00369	0.01709	0.00623	0.00554
9	0.02328	0.02874	0.02030	0.05059	0.12788	0.59882	0.01435	0.02546	0.01822	0.01728	0.01078	0.01302	0.00896	0.00676	0.00617	0.00179	0.01135	0.00464	0.00342	0.00820
10	0.01391	0.01193	0.01391	0.00994	0.01590	0.00894	0.00795	0.01690	0.01391	0.02186	0.01193	0.01391	0.00994	0.00497	0.00497	0.00099	0.00497	0.00398	0.00398	0.80521
11	0.01779	0.01933	0.02305	0.19629	0.28292	0.21329	0.03789	0.02107	0.01539	0.01872	0.01150	0.01553	0.00950	0.00697	0.00806	0.00208	0.08309	0.00557	0.00324	0.00874
12	0.00936	0.00685	0.00878	0.00830	0.00994	0.00627	0.00623	0.01241	0.01868	0.02616	0.66360	0.05135	0.11897	0.01400	0.00792	0.00212	0.00319	0.01231	0.00729	0.00627
13	0.01285	0.01224	0.02081	0.69691	0.04479	0.01518	0.04172	0.01726	0.01339	0.01726	0.01187	0.01778	0.00898	0.00686	0.00731	0.00226	0.03602	0.00603	0.00299	0.00750
14	0.00959	0.00719	0.01078	0.01078	0.01198	0.00839	0.00839	0.01198	0.01078	0.01558	0.01797	0.02636	0.01677	0.05032	0.73760	0.01078	0.01797	0.00719	0.00359	0.00599
15	0.01498	0.01428	0.02429	0.33377	0.44248	0.01551	0.01978	0.01917	0.01451	0.01994	0.01233	0.01714	0.00993	0.00628	0.00667	0.00209	0.00837	0.00597	0.00318	0.00931
16	0.01669	0.01441	0.01517	0.01365	0.01745	0.01669	0.01062	0.03565	0.71021	0.02807	0.02731	0.02503	0.02048	0.00910	0.00683	0.00228	0.00531	0.00759	0.00683	0.01062
17	0.02620	0.01082	0.01450	0.01146	0.01600	0.00961	0.00933	0.02962	0.05045	0.58318	0.13743	0.02731	0.02427	0.00921	0.00694	0.00209	0.00528	0.00765	0.00809	0.01057
18	0.00888	0.00635	0.00841	0.00980	0.01049	0.00605	0.00708	0.01042	0.01329	0.01753	0.03650	0.52959	0.06334	0.07421	0.01056	0.00307	0.00459	0.16825	0.00606	0.00552
19	0.01346	0.03471	0.72942	0.01912	0.02904	0.01558	0.02479	0.02125	0.01417	0.02125	0.01204	0.01417	0.00850	0.00637	0.00637	0.00212	0.00992	0.00496	0.00283	0.00992
20	0.01267	0.01193	0.02013	0.74806	0.04621	0.01491	0.01863	0.01714	0.01342	0.01714	0.01193	0.01789	0.00894	0.00671	0.00671	0.00224	0.00894	0.00596	0.00298	0.00745
21	0.03010	0.01142	0.01557	0.01194	0.01713	0.00986	0.00986	0.03270	0.01920	0.72698	0.02647	0.02284	0.01661	0.00830	0.00675	0.00208	0.00571	0.00675	0.00830	0.01142
22	0.81159	0.01298	0.00986	0.00882	0.01298	0.01505	0.00727	0.01972	0.01142	0.03010	0.00934	0.01090	0.00727	0.00623	0.00415	0.00208	0.00519	0.00363	0.00415	0.00727
23	0.00976	0.00651	0.00732	0.00732	0.00732	0.00651	0.00407	0.00976	0.00976	0.01301	0.02114	0.04391	0.02439	0.76419	0.03415	0.00651	0.00651	0.00976	0.00407	0.00407
24	0.01714	0.63662	0.15972	0.01285	0.01934	0.02458	0.01387	0.02030	0.01373	0.01677	0.00982	0.01137	0.00859	0.00585	0.00468	0.00156	0.00767	0.00383	0.00286	0.00885
25	0.01146	0.00893	0.01067	0.00987	0.01205	0.00916	0.00750	0.01895	0.20805	0.02722	0.52966	0.04326	0.05160	0.01246	0.00762	0.00216	0.00375	0.01089	0.00723	0.00750
26	0.02344	0.02173	0.01832	0.04100	0.10719	0.37023	0.01279	0.02578	0.01774	0.19993	0.01623	0.04339	0.01270	0.01010	0.04759	0.00241	0.00988	0.00590	0.00478	0.00888
27	0.01199	0.01014	0.01322	0.08561	0.06572	0.03453	0.00953	0.01451	0.03058	0.01706	0.03955	0.02764	0.01767	0.22677	0.21738	0.00562	0.05183	0.00727	0.00386	0.10953
28	0.28228	0.07892	0.01848	0.10888	0.02172	0.23532	0.04275	0.07146	0.01578	0.02311	0.01065	0.01301	0.00850	0.00679	0.00613	0.00198	0.03789	0.00460	0.00379	0.00794
29	0.08816	0.07659	0.04149	0.06718	0.17111	0.18385	0.01442	0.11559	0.01794	0.10218	0.01334	0.01518	0.01024	0.00711	0.00695	0.00198	0.04775	0.00527	0.00436	0.00933
30	0.11080	0.07500	0.03573	0.03247	0.04382	0.13173	0.05156	0.10331	0.06482	0.02373	0.05649	0.05879	0.01612	0.05592	0.00787	0.00217	0.00728	0.00651	0.00458	0.11130

[dist]
# distance from previous block
# <min> <max>
90	297

[block]
# block no. 1 follows, 32 sequences, length 19
# corresponding to MSA columns:
# 410-428
name=unknown_B
#
# <colnr> <probs for GDERKNQSTAVLIFYWHMCP>
#	G	D	E	R	K	N	Q	S	T	A	V	L	I	F	Y	W	H	M	C	P
0	0.07441	0.14889	0.15926	0.01409	0.01963	0.04817	0.03825	0.11579	0.11209	0.05582	0.03987	0.02223	0.06460	0.00828	0.00624	0.00201	0.00717	0.02841	0.00482	0.02999
1	0.01219	0.00858	0.01059	0.01076	0.01247	0.00862	0.00815	0.10650	0.04207	0.04566	0.08307	0.38703	0.06308	0.03585	0.00889	0.00269	0.00489	0.13570	0.00641	0.00682
2	0.01957	0.32040	0.02395	0.01337	0.01764	0.26103	0.01134	0.08533	0.01725	0.01885	0.01831	0.01920	0.10600	0.00810	0.00623	0.00175	0.03405	0.00559	0.00389	0.00815
3	0.01391	0.01193	0.01391	0.00994	0.01590	0.00894	0.00795	0.01690	0.01391	0.02186	0.01193	0.01391	0.00994	0.00497	0.00497	0.00099	0.00497	0.00398	0.00398	0.80521
4	0.01081	0.00837	0.00934	0.00868	0.01101	0.00791	0.00660	0.10478	0.01839	0.02392	0.24914	0.11281	0.37300	0.01515	0.00781	0.00222	0.00392	0.01288	0.00664	0.00663
5	0.01603	0.06416	0.57052	0.01797	0.02687	0.01654	0.02190	0.11439	0.01674	0.05466	0.01311	0.01466	0.00926	0.00666	0.00635	0.00208	0.00927	0.00512	0.00360	0.01013
6	0.01563	0.01614	0.05803	0.18018	0.50597	0.01580	0.07032	0.02000	0.01490	0.02091	0.01253	0.01686	0.01016	0.00612	0.00674	0.00207	0.00850	0.00607	0.00324	0.00985
7	0.02551	0.01879	0.02014	0.01544	0.02081	0.02081	0.01275	0.69996	0.03155	0.04229	0.01611	0.01611	0.01141	0.00805	0.00671	0.00201	0.00738	0.00604	0.00671	0.01141
8	0.00975	0.00654	0.00752	0.00752	0.00758	0.00661	0.00431	0.00988	0.00982	0.01316	0.02096	0.04291	0.02396	0.72364	0.07411	0.00675	0.00716	0.00961	0.00404	0.00418
9	0.12034	0.00937	0.01201	0.01205	0.01412	0.02645	0.05552	0.01446	0.01422	0.02043	0.03025	0.13639	0.06150	0.07930	0.01038	0.00307	0.00618	0.36222	0.00548	0.00627
10	0.01394	0.01352	0.01845	0.01788	0.06863	0.10957	0.14554	0.01726	0.01585	0.01978	0.02702	0.08953	0.04302	0.01365	0.00831	0.00263	0.00792	0.35523	0.00507	0.00722
11	0.01046	0.00949	0.00924	0.01021	0.01118	0.10542	0.00705	0.01175	0.01390	0.01712	0.03598	0.59859	0.09689	0.01875	0.00817	0.00255	0.00497	0.01664	0.00585	0.00579
12	0.01641	0.01445	0.01591	0.01420	0.01747	0.01722	0.01117	0.03299	0.61462	0.02644	0.02478	0.02362	0.01889	0.00946	0.00890	0.00237	0.10728	0.00735	0.00630	0.01017
13	0.01643	0.01836	0.08426	0.05045	0.03047	0.01711	0.44076	0.11298	0.01716	0.02351	0.01439	0.05030	0.01159	0.00728	0.00882	0.00230	0.07321	0.00769	0.00388	0.00907
14	0.02330	0.02542	0.01910	0.01740	0.06003	0.43225	0.01280	0.18020	0.05777	0.02373	0.01284	0.01411	0.01013	0.00707	0.00618	0.00178	0.00982	0.00495	0.00442	0.07670
15	0.01776	0.35192	0.02390	0.01221	0.01660	0.02005	0.01060	0.17264	0.12014	0.02359	0.01779	0.11781	0.01656	0.04193	0.00710	0.00209	0.00647	0.00711	0.00482	0.00890
16	0.02041	0.04532	0.01988	0.01585	0.03356	0.10498	0.06511	0.22801	0.25496	0.04744	0.01859	0.01859	0.01393	0.00770	0.00653	0.00198	0.00732	0.00625	0.00570	0.07788
17	0.01868	0.07445	0.07335	0.01381	0.03305	0.01545	0.02796	0.25375	0.05961	0.08448	0.07271	0.02464	0.07643	0.05170	0.00853	0.00223	0.02491	0.00714	0.00564	0.07147
18	0.02205	0.03926	0.01997	0.01795	0.10533	0.05374	0.01306	0.46182	0.05796	0.03459	0.01785	0.07096	0.01476	0.00899	0.00682	0.00208	0.00730	0.02911	0.00598	0.01042

[dist]
# distance from previous block
# <min> <max>
8	104

[block]
# block no. 2 follows, 32 sequences, length 6
# corresponding to MSA columns:
# 541-546
name=unknown_C
#
# <colnr> <probs for GDERKNQSTAVLIFYWHMCP>
#	G	D	E	R	K	N	Q	S	T	A	V	L	I	F	Y	W	H	M	C	P
0	0.07754	0.03950	0.11470	0.04041	0.06276	0.10776	0.03234	0.08744	0.07720	0.12666	0.05106	0.06172	0.01663	0.00886	0.00739	0.00215	0.04577	0.02593	0.00509	0.00911
1	0.05855	0.03646	0.05753	0.05840	0.01925	0.04832	0.03862	0.09902	0.13505	0.08136	0.06042	0.07680	0.05740	0.00939	0.00740	0.00207	0.04468	0.00761	0.00536	0.09631
2	0.05377	0.07676	0.08640	0.08230	0.04166	0.05657	0.03439	0.15559	0.03816	0.05471	0.01618	0.01947	0.03664	0.00794	0.00753	0.00198	0.06860	0.03214	0.00453	0.12469
3	0.04865	0.08471	0.16423	0.01769	0.06937	0.06249	0.11820	0.01866	0.01400	0.01987	0.04637	0.01912	0.01341	0.06643	0.05775	0.00288	0.06641	0.00607	0.00355	0.10016
4	0.06683	0.04801	0.09897	0.04490	0.01959	0.10289	0.03425	0.10795	0.17586	0.06940	0.07878	0.02224	0.01803	0.05059	0.00799	0.00230	0.00718	0.00666	0.02856	0.00900
5	0.01570	0.12505	0.14480	0.08415	0.10428	0.04094	0.04396	0.06637	0.01632	0.05804	0.12297	0.02275	0.04263	0.01006	0.03810	0.00241	0.04163	0.00679	0.00436	0.00868

[dist]
# distance from previous block
# <min> <max>
0	1

[block]
# block no. 3 follows, 32 sequences, length 8
# corresponding to MSA columns:
# 548-555
name=unknown_D
#
# <colnr> <probs for GDERKNQSTAVLIFYWHMCP>
#	G	D	E	R	K	N	Q	S	T	A	V	L	I	F	Y	W	H	M	C	P
0	0.02149	0.13638	0.07984	0.01706	0.10155	0.09517	0.01335	0.20264	0.02039	0.15062	0.03964	0.04164	0.03488	0.00808	0.00636	0.00194	0.00749	0.00634	0.00531	0.00985
1	0.02091	0.35693	0.05432	0.01430	0.01988	0.06509	0.04696	0.22954	0.05429	0.05836	0.01347	0.01425	0.01051	0.00682	0.00564	0.00177	0.00769	0.00500	0.00455	0.00972
2	0.03073	0.06837	0.06195	0.09242	0.07011	0.07797	0.01275	0.03288	0.02969	0.04715	0.11133	0.08163	0.07960	0.01065	0.00996	0.00226	0.16013	0.00811	0.00452	0.00777
3	0.07770	0.09605	0.18787	0.14567	0.07053	0.01578	0.01528	0.12125	0.01624	0.05448	0.01577	0.02004	0.03603	0.08898	0.00919	0.00252	0.00780	0.00604	0.00408	0.00870
4	0.02037	0.05262	0.02311	0.02154	0.17426	0.04687	0.08572	0.33461	0.05797	0.03079	0.01911	0.02022	0.06611	0.00794	0.00678	0.00203	0.00769	0.00675	0.00528	0.01023
5	0.01131	0.12192	0.01432	0.05125	0.05207	0.01099	0.00874	0.01511	0.08742	0.01944	0.09941	0.30415	0.14965	0.01451	0.00737	0.00228	0.00487	0.01264	0.00557	0.00697
6	0.01935	0.02102	0.04428	0.09210	0.02140	0.31133	0.01275	0.14750	0.01905	0.02182	0.01704	0.10033	0.01596	0.01265	0.05962	0.00272	0.00988	0.05869	0.00451	0.00800
7	0.00987	0.00710	0.00856	0.00832	0.00935	0.00677	0.00546	0.01091	0.01164	0.01603	0.07428	0.14360	0.05423	0.41691	0.09833	0.00533	0.00681	0.01055	0.00464	0.09131

[dist]
# distance from previous block
# <min> <max>
0	2

[block]
# block no. 4 follows, 32 sequences, length 11
# corresponding to MSA columns:
# 558-568
name=unknown_E
#
# <colnr> <probs for GDERKNQSTAVLIFYWHMCP>
#	G	D	E	R	K	N	Q	S	T	A	V	L	I	F	Y	W	H	M	C	P
0	0.01781	0.07195	0.04968	0.01416	0.01760	0.24663	0.03475	0.10211	0.01883	0.02268	0.16890	0.02824	0.05530	0.00992	0.00763	0.00204	0.04807	0.05383	0.02202	0.00784
1	0.01944	0.05627	0.05013	0.01392	0.01990	0.01276	0.10147	0.09521	0.01731	0.18971	0.01588	0.01664	0.01157	0.00628	0.00599	0.00160	0.00658	0.00540	0.00510	0.34884
2	0.01742	0.04827	0.27153	0.04426	0.13185	0.05594	0.06495	0.13487	0.01809	0.05628	0.05470	0.01751	0.01307	0.00703	0.00656	0.00201	0.00854	0.00592	0.00419	0.03700
3	0.00935	0.00726	0.00943	0.01127	0.05197	0.00703	0.00731	0.01224	0.07168	0.01844	0.03831	0.57485	0.11806	0.01868	0.00823	0.00259	0.00419	0.01678	0.00611	0.00621
4	0.01714	0.05758	0.13333	0.01971	0.05212	0.11192	0.15954	0.09786	0.01673	0.02221	0.07100	0.01800	0.01396	0.00821	0.01011	0.00222	0.16932	0.00640	0.00390	0.00873
5	0.01190	0.00899	0.01297	0.03832	0.04608	0.00850	0.06565	0.01549	0.04844	0.07601	0.27366	0.12202	0.19649	0.01351	0.00779	0.00226	0.00479	0.03367	0.00633	0.00712
6	0.13635	0.11922	0.07915	0.04446	0.02038	0.13201	0.01266	0.21790	0.04678	0.10845	0.01444	0.01505	0.01061	0.00718	0.00590	0.00194	0.00779	0.00514	0.00503	0.00955
7	0.01193	0.01066	0.01022	0.01073	0.01188	0.11877	0.00756	0.04369	0.01464	0.01819	0.05470	0.46315	0.03541	0.10567	0.01113	0.00298	0.00572	0.05135	0.00561	0.00599
8	0.03983	0.07522	0.15291	0.01693	0.05545	0.04841	0.04264	0.27039	0.04545	0.05085	0.01638	0.08301	0.01368	0.00870	0.00745	0.00212	0.04901	0.00685	0.00500	0.00974
9	0.01997	0.07894	0.06064	0.04477	0.05712	0.06778	0.01215	0.12883	0.03465	0.17358	0.01873	0.01960	0.04671	0.01023	0.04969	0.00240	0.04099	0.00599	0.00516	0.12208
10	0.03058	0.14717	0.04720	0.04618	0.09182	0.03026	0.04018	0.06947	0.06574	0.02200	0.06221	0.10098	0.04162	0.00929	0.00696	0.00196	0.03307	0.02841	0.00457	0.12032

[dist]
# distance from previous block
# <min> <max>
23	165

[block]
# block no. 5 follows, 32 sequences, length 38
# corresponding to MSA columns:
# 783-820
name=unknown_F
#
# <colnr> <probs for GDERKNQSTAVLIFYWHMCP>
#	G	D	E	R	K	N	Q	S	T	A	V	L	I	F	Y	W	H	M	C	P
0	0.04035	0.09147	0.17497	0.07687	0.02242	0.06791	0.01452	0.15106	0.05827	0.10965	0.03727	0.01840	0.01320	0.04058	0.00797	0.00221	0.03115	0.00584	0.00479	0.03111
1	0.01360	0.13759	0.39969	0.03470	0.04262	0.01542	0.01779	0.01967	0.05225	0.02008	0.03533	0.04334	0.05182	0.05396	0.00795	0.00229	0.00808	0.00635	0.00360	0.03388
2	0.01739	0.13473	0.07004	0.01463	0.04026	0.13135	0.05072	0.12533	0.01715	0.02177	0.01691	0.04147	0.05360	0.08453	0.00934	0.00226	0.02814	0.00632	0.00419	0.12985
3	0.04120	0.13121	0.08664	0.01355	0.01795	0.03454	0.08947	0.08538	0.01750	0.09764	0.17020	0.10868	0.05777	0.01027	0.00687	0.00208	0.00646	0.00886	0.00543	0.00831
4	0.01672	0.07191	0.13243	0.01509	0.05021	0.05587	0.03623	0.10933	0.09782	0.04439	0.01682	0.08437	0.01436	0.00789	0.00621	0.00181	0.00696	0.00651	0.00466	0.22041
5	0.09095	0.06130	0.06716	0.01311	0.01752	0.10248	0.01111	0.11125	0.17576	0.10088	0.05607	0.08226	0.01838	0.00898	0.00638	0.00203	0.00662	0.00713	0.00561	0.05501
6	0.13038	0.01588	0.05563	0.01245	0.01705	0.06138	0.01044	0.15123	0.13663	0.02698	0.01992	0.05197	0.06379	0.00841	0.00652	0.00190	0.02761	0.00646	0.00514	0.19022
7	0.08186	0.03402	0.05554	0.01266	0.01623	0.01184	0.06538	0.03784	0.12404	0.07749	0.07623	0.16238	0.06456	0.01420	0.06257	0.00285	0.02695	0.00947	0.00546	0.05844
8	0.01771	0.06065	0.01580	0.01249	0.01632	0.01444	0.01000	0.17412	0.23429	0.08708	0.04437	0.13168	0.04094	0.01082	0.00693	0.00216	0.00563	0.04178	0.00635	0.06644
9	0.07347	0.04337	0.07914	0.01680	0.09232	0.05547	0.01318	0.21462	0.08739	0.22911	0.01846	0.01804	0.01292	0.00761	0.00642	0.00203	0.00710	0.00596	0.00602	0.01057
10	0.01909	0.01630	0.01754	0.01719	0.10419	0.07737	0.01208	0.11662	0.39004	0.06789	0.02149	0.02084	0.01613	0.00806	0.00659	0.00206	0.00648	0.00661	0.00598	0.06745
11	0.02253	0.02430	0.01782	0.01572	0.01945	0.40721	0.01206	0.16782	0.15001	0.02403	0.01641	0.06264	0.01369	0.00845	0.00649	0.00195	0.00933	0.00622	0.00494	0.00892
12	0.01480	0.03770	0.03402	0.01458	0.06605	0.01213	0.03994	0.10487	0.11925	0.06486	0.02593	0.30103	0.02624	0.03655	0.00863	0.00248	0.02387	0.02860	0.00575	0.03273
13	0.01759	0.01973	0.06458	0.02499	0.03104	0.09646	0.50827	0.02246	0.01600	0.06523	0.01368	0.01736	0.01026	0.00636	0.00842	0.00223	0.05551	0.00719	0.00366	0.00899
14	0.00956	0.00689	0.00909	0.00892	0.01042	0.00643	0.00680	0.01259	0.01823	0.02557	0.60348	0.09680	0.05950	0.01469	0.00810	0.00225	0.00353	0.08371	0.00719	0.00626
15	0.01387	0.09527	0.61109	0.05793	0.02915	0.01652	0.04406	0.02094	0.01413	0.02057	0.01185	0.01420	0.00858	0.00632	0.00626	0.00208	0.00967	0.00499	0.00286	0.00965
16	0.01560	0.01679	0.06639	0.14792	0.33673	0.01609	0.20687	0.02139	0.06441	0.02144	0.01378	0.01769	0.01082	0.00625	0.00700	0.00213	0.00897	0.00657	0.00351	0.00964
17	0.00818	0.00584	0.00779	0.00934	0.00973	0.00545	0.00623	0.00934	0.01285	0.01713	0.03698	0.75981	0.04438	0.02102	0.00856	0.00273	0.00389	0.01908	0.00623	0.00545
18	0.00803	0.00641	0.00720	0.00784	0.00934	0.00558	0.00556	0.00951	0.01429	0.01772	0.05529	0.34918	0.44320	0.01864	0.00819	0.00245	0.00360	0.01617	0.00623	0.00558
19	0.02819	0.01410	0.09768	0.01276	0.01850	0.01052	0.01158	0.03138	0.01863	0.64580	0.02481	0.02184	0.01568	0.00808	0.00670	0.00208	0.00619	0.00654	0.00768	0.01125
20	0.01555	0.02013	0.12391	0.02716	0.03433	0.01680	0.61568	0.02146	0.01563	0.02146	0.01339	0.01762	0.00998	0.00574	0.00773	0.00225	0.01114	0.00756	0.00333	0.00916
21	0.00829	0.00589	0.00775	0.00920	0.00956	0.00553	0.00607	0.00937	0.01263	0.01683	0.03585	0.70852	0.04295	0.07426	0.01040	0.00300	0.00408	0.01841	0.00607	0.00535
22	0.02072	0.51684	0.02943	0.01307	0.01816	0.21568	0.01176	0.02279	0.01547	0.06691	0.01084	0.01199	0.00919	0.00624	0.00495	0.00156	0.00839	0.00401	0.00342	0.00859
23	0.05717	0.55856	0.02967	0.01221	0.01739	0.09333	0.01130	0.02282	0.10801	0.01820	0.01186	0.01282	0.01015	0.00633	0.00481	0.00161	0.00730	0.00420	0.00352	0.00874
24	0.01067	0.00801	0.00979	0.00905	0.01104	0.00778	0.00687	0.04417	0.07779	0.02693	0.57444	0.04775	0.11317	0.01336	0.00777	0.00213	0.00355	0.01166	0.00721	0.00686
25	0.02348	0.01742	0.01877	0.01481	0.01965	0.01924	0.01206	0.59928	0.07289	0.03925	0.01859	0.07984	0.01478	0.00922	0.00688	0.00209	0.00696	0.00725	0.00668	0.01085
26	0.01049	0.00828	0.02918	0.01011	0.01143	0.00786	0.00745	0.06108	0.04908	0.01936	0.03134	0.44608	0.05250	0.10393	0.07074	0.00368	0.00587	0.03723	0.02810	0.00620
27	0.02135	0.02070	0.07851	0.01543	0.02012	0.14158	0.01308	0.33217	0.16912	0.03104	0.01802	0.05594	0.01425	0.00872	0.00711	0.00209	0.02833	0.00666	0.00572	0.01007
28	0.01343	0.01259	0.02078	0.56796	0.15595	0.01457	0.01805	0.01770	0.01377	0.01834	0.01204	0.01734	0.00931	0.00644	0.00655	0.00209	0.00845	0.00580	0.00312	0.07573
29	0.06780	0.09221	0.10117	0.01607	0.02048	0.49780	0.01357	0.04570	0.01795	0.01898	0.04157	0.01394	0.01102	0.00705	0.00593	0.00179	0.01049	0.00469	0.00365	0.00812
30	0.01980	0.06450	0.21185	0.01753	0.09546	0.13074	0.01521	0.02361	0.01625	0.21199	0.01880	0.11175	0.01556	0.00879	0.00661	0.00207	0.00799	0.00718	0.00491	0.00941
31	0.06624	0.04094	0.10771	0.05246	0.08584	0.04583	0.16347	0.03981	0.10115	0.05844	0.06029	0.02318	0.07458	0.00793	0.00678	0.00208	0.00771	0.00718	0.00459	0.04378
32	0.01007	0.05310	0.07117	0.01001	0.01221	0.00835	0.00821	0.04165	0.01504	0.01994	0.12576	0.40945	0.15650	0.01669	0.00786	0.00241	0.00457	0.01467	0.00592	0.00642
33	0.09956	0.27915	0.04293	0.01266	0.01760	0.10817	0.01110	0.08140	0.13404	0.04498	0.03299	0.01562	0.01256	0.00695	0.00543	0.00175	0.00702	0.00497	0.00446	0.07667
34	0.03545	0.10092	0.06227	0.01473	0.05348	0.05646	0.06317	0.07423	0.09454	0.04117	0.03954	0.06794	0.01750	0.08496	0.00917	0.00237	0.00692	0.03403	0.00468	0.13649
35	0.03948	0.22458	0.02145	0.05090	0.06027	0.05796	0.02913	0.03905	0.08902	0.05899	0.09682	0.04306	0.01857	0.02884	0.00714	0.00196	0.02655	0.00641	0.00459	0.09523
36	0.13773	0.04421	0.01491	0.04918	0.01680	0.07676	0.05255	0.09203	0.03459	0.02337	0.07243	0.18863	0.06064	0.03191	0.00752	0.00228	0.00623	0.02865	0.00514	0.05443
37	0.03934	0.03068	0.11578	0.03917	0.14559	0.05524	0.08460	0.04020	0.08591	0.08101	0.03723	0.10172	0.01671	0.00845	0.00670	0.00204	0.00738	0.00751	0.00465	0.09009

[dist]
# distance from previous block
# <min> <max>
1	28

[block]
# block no. 6 follows, 32 sequences, length 23
# corresponding to MSA columns:
# 849-871
name=unknown_G
#
# <colnr> <probs for GDERKNQSTAVLIFYWHMCP>
#	G	D	E	R	K	N	Q	S	T	A	V	L	I	F	Y	W	H	M	C	P
0	0.05986	0.04218	0.06998	0.01953	0.13939	0.08567	0.07338	0.12684	0.08946	0.07521	0.01736	0.08404	0.01458	0.00817	0.00656	0.00202	0.00752	0.00699	0.00488	0.06637
1	0.07851	0.14054	0.04451	0.03118	0.04135	0.07788	0.03632	0.16212	0.05109	0.12798	0.03892	0.04214	0.01462	0.04422	0.00815	0.00222	0.03762	0.00630	0.00514	0.00918
2	0.04660	0.01910	0.02050	0.04254	0.05526	0.15491	0.07847	0.24631	0.06771	0.05019	0.01451	0.01592	0.01099	0.00718	0.00689	0.00190	0.03247	0.00565	0.00496	0.11795
3	0.01448	0.01400	0.02165	0.37178	0.14653	0.03936	0.04883	0.04132	0.01400	0.01877	0.01280	0.05232	0.01102	0.00827	0.00983	0.00233	0.15467	0.00662	0.00335	0.00807
4	0.01210	0.00848	0.00946	0.00938	0.01057	0.04213	0.00645	0.01404	0.04545	0.07716	0.05142	0.20509	0.06709	0.31258	0.07708	0.00470	0.00668	0.02900	0.00528	0.00588
5	0.01661	0.01594	0.02724	0.04119	0.72233	0.01594	0.02059	0.02059	0.01528	0.02192	0.01262	0.01661	0.01063	0.00598	0.00664	0.00199	0.00797	0.00598	0.00332	0.01063
6	0.01744	0.01753	0.02642	0.03882	0.65297	0.08725	0.01984	0.02121	0.01565	0.02138	0.01240	0.01616	0.01043	0.00607	0.00658	0.00197	0.00838	0.00581	0.00333	0.01035
7	0.02551	0.01879	0.02014	0.01544	0.02081	0.02081	0.01275	0.69996	0.03155	0.04229	0.01611	0.01611	0.01141	0.00805	0.00671	0.00201	0.00738	0.00604	0.00671	0.01141
8	0.02474	0.01827	0.01956	0.01506	0.02030	0.02015	0.01242	0.67001	0.03084	0.04124	0.01836	0.01821	0.04214	0.00844	0.00677	0.00202	0.00721	0.00639	0.00669	0.01116
9	0.03010	0.01142	0.01557	0.01194	0.01713	0.00986	0.00986	0.03270	0.01920	0.72698	0.02647	0.02284	0.01661	0.00830	0.00675	0.00208	0.00571	0.00675	0.00830	0.01142
10	0.00959	0.00716	0.01061	0.01061	0.01175	0.00830	0.00818	0.01187	0.01073	0.01545	0.01813	0.02722	0.01715	0.08511	0.70332	0.01058	0.01741	0.00731	0.00362	0.00590
11	0.00842	0.00601	0.00807	0.00962	0.01012	0.00566	0.00665	0.00977	0.01309	0.01740	0.03685	0.69636	0.04384	0.02079	0.00863	0.00276	0.00410	0.08011	0.00622	0.00552
12	0.02551	0.01879	0.02014	0.01544	0.02081	0.02081	0.01275	0.69996	0.03155	0.04229	0.01611	0.01611	0.01141	0.00805	0.00671	0.00201	0.00738	0.00604	0.00671	0.01141
13	0.66280	0.01355	0.01325	0.01217	0.04765	0.01566	0.04754	0.01956	0.01175	0.02807	0.00969	0.01189	0.00772	0.00665	0.00598	0.00215	0.06826	0.00417	0.00397	0.00753
14	0.01035	0.00741	0.00910	0.00891	0.00982	0.00778	0.00611	0.04943	0.01197	0.01614	0.02494	0.07208	0.08667	0.39333	0.24993	0.00703	0.00975	0.00958	0.00437	0.00530
15	0.03267	0.01245	0.04005	0.04891	0.01783	0.00959	0.03043	0.01668	0.01421	0.02181	0.04738	0.01867	0.05176	0.00623	0.00548	0.00129	0.00539	0.00517	0.00415	0.60987
16	0.05864	0.11129	0.07642	0.03010	0.06356	0.02874	0.04383	0.10196	0.05042	0.07486	0.01802	0.08650	0.03683	0.00812	0.00612	0.00183	0.00658	0.00671	0.00472	0.18475
17	0.07701	0.13618	0.06057	0.06598	0.07014	0.01447	0.05254	0.05582	0.03876	0.13676	0.04621	0.04967	0.08449	0.00914	0.00650	0.00206	0.00658	0.04762	0.00507	0.03443
18	0.01846	0.12543	0.02014	0.06206	0.04366	0.15834	0.03962	0.11903	0.03506	0.05601	0.04902	0.06745	0.04042	0.00888	0.00692	0.00194	0.03122	0.03082	0.00470	0.08083
19	0.01442	0.01206	0.01461	0.06279	0.01729	0.07424	0.05736	0.03952	0.06719	0.07896	0.07975	0.11705	0.15462	0.01464	0.05022	0.02894	0.05540	0.02293	0.00534	0.03265
20	0.09922	0.07849	0.07492	0.01534	0.04405	0.12562	0.06211	0.16946	0.01861	0.02557	0.01568	0.01834	0.04384	0.00733	0.00604	0.00182	0.00770	0.02687	0.00445	0.15452
21	0.04014	0.01221	0.04761	0.03672	0.04519	0.01137	0.04322	0.09481	0.10408	0.05539	0.06981	0.13711	0.14240	0.03594	0.02517	0.00249	0.00594	0.00985	0.00561	0.07495
22	0.05352	0.04910	0.04150	0.04965	0.04353	0.03707	0.08005	0.12212	0.05969	0.05289	0.04239	0.02304	0.08639	0.03232	0.00775	0.00203	0.03074	0.00675	0.00483	0.17462

[dist]
# distance from previous block
# <min> <max>
6	180

[block]
# block no. 7 follows, 32 sequences, length 6
# corresponding to MSA columns:
# 1056-1061
name=unknown_H
#
# <colnr> <probs for GDERKNQSTAVLIFYWHMCP>
#	G	D	E	R	K	N	Q	S	T	A	V	L	I	F	Y	W	H	M	C	P
0	0.09230	0.07503	0.13392	0.04822	0.02218	0.13638	0.06692	0.14010	0.07177	0.08022	0.05735	0.01778	0.01395	0.00746	0.00632	0.00201	0.00819	0.00587	0.00479	0.00926
1	0.08641	0.04039	0.09049	0.03791	0.01903	0.07911	0.01196	0.16030	0.11367	0.02600	0.01855	0.02166	0.04459	0.01133	0.06225	0.00262	0.00787	0.03756	0.00489	0.12343
2	0.01767	0.13017	0.05556	0.01390	0.05234	0.08358	0.01114	0.14726	0.05500	0.07815	0.10501	0.08054	0.06283	0.04258	0.00790	0.00223	0.00665	0.03345	0.00545	0.00859
3	0.03972	0.04892	0.03421	0.01274	0.01666	0.11295	0.01029	0.16551	0.08009	0.07552	0.05025	0.13366	0.02037	0.03028	0.00739	0.00212	0.00663	0.03444	0.00555	0.11271
4	0.02051	0.01766	0.01698	0.01356	0.01838	0.11674	0.01085	0.32960	0.09111	0.03067	0.01983	0.02001	0.07111	0.00806	0.00634	0.00179	0.00696	0.00617	0.00561	0.18805
5	0.09426	0.01292	0.01432	0.01189	0.01598	0.04421	0.03522	0.08454	0.13894	0.07523	0.04955	0.06995	0.07117	0.01169	0.05390	0.00247	0.00648	0.00740	0.00544	0.19443

[dist]
# distance from previous block
# <min> <max>
0	1

[block]
# block no. 8 follows, 32 sequences, length 17
# corresponding to MSA columns:
# 1063-1079
name=unknown_I
#
# <colnr> <probs for GDERKNQSTAVLIFYWHMCP>
#	G	D	E	R	K	N	Q	S	T	A	V	L	I	F	Y	W	H	M	C	P
0	0.04118	0.07847	0.01708	0.01328	0.01711	0.11219	0.01060	0.17835	0.26023	0.02761	0.08426	0.02524	0.04129	0.03639	0.00760	0.00223	0.00665	0.02511	0.00587	0.00927
1	0.30860	0.19724	0.03739	0.01151	0.01616	0.06249	0.01005	0.12283	0.01642	0.07995	0.03485	0.05025	0.01256	0.00754	0.00528	0.00192	0.00647	0.00531	0.00467	0.00852
2	0.26002	0.15976	0.01997	0.01268	0.01756	0.05125	0.09149	0.08083	0.01547	0.04582	0.01739	0.01852	0.08271	0.00731	0.00552	0.00185	0.00665	0.00561	0.00433	0.09526
3	0.10497	0.01725	0.08961	0.01406	0.01884	0.01723	0.01215	0.16693	0.42434	0.03046	0.02150	0.02056	0.01596	0.00829	0.00647	0.00219	0.00619	0.00657	0.00610	0.01034
4	0.01440	0.01302	0.01810	0.01518	0.09120	0.01055	0.08463	0.01778	0.01427	0.02183	0.01218	0.01465	0.01004	0.00515	0.00546	0.00124	0.00597	0.00461	0.00384	0.63590
5	0.18185	0.01045	0.01253	0.03182	0.04932	0.01094	0.04194	0.01803	0.12052	0.02447	0.17525	0.07386	0.14369	0.01178	0.00700	0.00227	0.00504	0.06610	0.00575	0.00739
6	0.00983	0.00677	0.00820	0.00843	0.00887	0.00686	0.00558	0.01062	0.01092	0.01453	0.02463	0.04749	0.05075	0.54778	0.10633	0.00631	0.00760	0.10943	0.00441	0.00465
7	0.09791	0.00893	0.01318	0.01205	0.01392	0.00974	0.07924	0.01348	0.01165	0.01783	0.01932	0.09353	0.01935	0.12460	0.37864	0.00716	0.02852	0.04073	0.00404	0.00620
8	0.10559	0.09623	0.02364	0.02698	0.35696	0.13058	0.01580	0.07787	0.04239	0.02306	0.01229	0.01489	0.01012	0.00659	0.00650	0.00194	0.02995	0.00528	0.00379	0.00957
9	0.00971	0.00661	0.00786	0.00780	0.00810	0.00668	0.00476	0.01031	0.01087	0.01479	0.09702	0.04277	0.02786	0.60824	0.10418	0.00647	0.00733	0.00975	0.00438	0.00451
10	0.01660	0.09457	0.04489	0.23192	0.26994	0.08833	0.04857	0.02034	0.01501	0.04473	0.02950	0.01689	0.01110	0.00672	0.00696	0.00203	0.03370	0.00580	0.00345	0.00896
11	0.14486	0.03916	0.04422	0.02289	0.16501	0.04300	0.21936	0.06623	0.04396	0.02405	0.01330	0.02971	0.01074	0.00659	0.00687	0.00203	0.02962	0.00616	0.00392	0.07832
12	0.01716	0.06725	0.04773	0.10674	0.08774	0.04932	0.15907	0.08325	0.06212	0.06672	0.03674	0.01931	0.03364	0.00717	0.00706	0.00198	0.02930	0.00645	0.00438	0.10687
13	0.01620	0.07916	0.05226	0.03422	0.03828	0.13784	0.03607	0.09581	0.03121	0.02183	0.06885	0.15654	0.02097	0.01036	0.00756	0.00203	0.04823	0.02859	0.00472	0.10926
14	0.13364	0.01492	0.01520	0.01365	0.04164	0.09997	0.02689	0.12469	0.07583	0.03967	0.05408	0.12171	0.04555	0.00988	0.00741	0.00206	0.05340	0.00782	0.00516	0.10683
15	0.01585	0.17038	0.05639	0.12681	0.04272	0.03547	0.06289	0.12001	0.01710	0.02271	0.08726	0.06753	0.01784	0.02960	0.00709	0.00201	0.00717	0.00691	0.00438	0.09987
16	0.06523	0.04799	0.24198	0.05043	0.02146	0.01550	0.01529	0.10572	0.04794	0.04387	0.01446	0.03454	0.01200	0.05607	0.05171	0.00290	0.10382	0.00598	0.00405	0.05906

[dist]
# distance from previous block
# <min> <max>
9	126

[block]
# block no. 9 follows, 32 sequences, length 26
# corresponding to MSA columns:
# 1214-1239
name=unknown_J
#
# <colnr> <probs for GDERKNQSTAVLIFYWHMCP>
#	G	D	E	R	K	N	Q	S	T	A	V	L	I	F	Y	W	H	M	C	P
0	0.01456	0.08151	0.14757	0.01328	0.03647	0.06094	0.01200	0.03914	0.07373	0.04205	0.05820	0.04708	0.07419	0.04037	0.08001	0.00288	0.00784	0.00694	0.00448	0.15674
1	0.03988	0.06617	0.06333	0.01484	0.05736	0.05854	0.04745	0.07007	0.08780	0.08423	0.02488	0.19762	0.06588	0.01151	0.00765	0.00223	0.03780	0.02560	0.00530	0.03186
2	0.01439	0.01886	0.21610	0.11127	0.04423	0.01435	0.04343	0.09772	0.04139	0.02264	0.03659	0.09431	0.04092	0.00913	0.00824	0.00216	0.07974	0.00742	0.00421	0.09291
3	0.01677	0.03268	0.10602	0.01570	0.03808	0.06187	0.09353	0.12921	0.14651	0.05569	0.06182	0.05649	0.10813	0.00947	0.00698	0.00211	0.00706	0.00812	0.00540	0.03837
4	0.01665	0.01935	0.15680	0.01836	0.06392	0.05153	0.14156	0.09942	0.05969	0.05134	0.01826	0.01991	0.06362	0.00745	0.00728	0.00196	0.04012	0.00644	0.00437	0.15198
5	0.01723	0.06864	0.12534	0.01606	0.05492	0.04346	0.09002	0.06684	0.05522	0.11801	0.04009	0.06242	0.04801	0.00854	0.00664	0.00197	0.00717	0.03424	0.00495	0.13023
6	0.03326	0.01521	0.08575	0.05464	0.09156	0.04499	0.02990	0.06596	0.04513	0.08561	0.03306	0.10271	0.05418	0.00893	0.00697	0.00192	0.02892	0.00749	0.00481	0.19899
7	0.01558	0.02075	0.27635	0.04579	0.11552	0.01380	0.04201	0.07703	0.05327	0.07538	0.04823	0.02527	0.07487	0.00855	0.00685	0.00213	0.00768	0.04397	0.00456	0.04241
8	0.01266	0.01267	0.07237	0.01588	0.13153	0.01135	0.01086	0.01624	0.06761	0.01858	0.02178	0.04543	0.08581	0.23603	0.01644	0.00338	0.08460	0.00794	0.00419	0.12465
9	0.01540	0.01471	0.02499	0.06247	0.57562	0.01466	0.04786	0.01926	0.01544	0.02172	0.05593	0.02210	0.06555	0.00723	0.00687	0.00204	0.00755	0.00700	0.00375	0.00984
10	0.01093	0.00909	0.01173	0.01130	0.01225	0.04261	0.00860	0.01277	0.01092	0.01524	0.01708	0.02735	0.01677	0.16696	0.49739	0.00870	0.10348	0.00734	0.00359	0.00590
11	0.01452	0.01194	0.01472	0.01238	0.06962	0.00936	0.00892	0.01748	0.01418	0.05031	0.01371	0.04835	0.01183	0.00591	0.00533	0.00119	0.00518	0.00493	0.00420	0.67595
12	0.01465	0.01190	0.01399	0.01003	0.01596	0.00899	0.00804	0.01761	0.01415	0.05382	0.01259	0.01432	0.01024	0.00512	0.00505	0.00104	0.00500	0.00410	0.00417	0.76923
13	0.81159	0.01298	0.00986	0.00882	0.01298	0.01505	0.00727	0.01972	0.01142	0.03010	0.00934	0.01090	0.00727	0.00623	0.00415	0.00208	0.00519	0.00363	0.00415	0.00727
14	0.01435	0.02831	0.48676	0.02192	0.09386	0.01615	0.10864	0.02192	0.06208	0.02153	0.01316	0.01567	0.00976	0.00673	0.00750	0.00219	0.05081	0.00566	0.00323	0.00978
15	0.81159	0.01298	0.00986	0.00882	0.01298	0.01505	0.00727	0.01972	0.01142	0.03010	0.00934	0.01090	0.00727	0.00623	0.00415	0.00208	0.00519	0.00363	0.00415	0.00727
16	0.01391	0.01193	0.01391	0.00994	0.01590	0.00894	0.00795	0.01690	0.01391	0.02186	0.01193	0.01391	0.00994	0.00497	0.00497	0.00099	0.00497	0.00398	0.00398	0.80521
17	0.01251	0.00625	0.00625	0.00625	0.00782	0.00625	0.00469	0.01563	0.01407	0.02502	0.02189	0.02502	0.01720	0.00782	0.00469	0.00156	0.00313	0.00625	0.80144	0.00625
18	0.01267	0.01193	0.02013	0.74806	0.04621	0.01491	0.01863	0.01714	0.01342	0.01714	0.01193	0.01789	0.00894	0.00671	0.00671	0.00224	0.00894	0.00596	0.00298	0.00745
19	0.07345	0.01521	0.01696	0.04387	0.10209	0.09222	0.01177	0.14607	0.08112	0.22134	0.02093	0.10973	0.01697	0.00927	0.00671	0.00212	0.00680	0.00763	0.00604	0.00970
20	0.01251	0.00625	0.00625	0.00625	0.00782	0.00625	0.00469	0.01563	0.01407	0.02502	0.02189	0.02502	0.01720	0.00782	0.00469	0.00156	0.00313	0.00625	0.80144	0.00625
21	0.67635	0.01527	0.01151	0.01029	0.01413	0.09889	0.00834	0.02034	0.01223	0.02775	0.00943	0.01125	0.00751	0.00661	0.00536	0.00208	0.04747	0.00384	0.00400	0.00733
22	0.04413	0.01238	0.10840	0.01751	0.15588	0.00966	0.03177	0.01408	0.01376	0.01966	0.05214	0.43327	0.03103	0.01474	0.00766	0.00244	0.00575	0.01336	0.00507	0.00729
23	0.04565	0.07857	0.53950	0.01826	0.06255	0.01541	0.02106	0.02081	0.01437	0.05156	0.01610	0.01764	0.05578	0.00709	0.00628	0.00208	0.00883	0.00555	0.00337	0.00955
24	0.00906	0.00718	0.00828	0.00777	0.00997	0.00619	0.00586	0.01152	0.01689	0.02240	0.36202	0.05448	0.37046	0.01467	0.00772	0.00211	0.00340	0.01253	0.00660	0.06089
25	0.05088	0.03471	0.04299	0.01705	0.13121	0.01414	0.01183	0.02362	0.26475	0.04492	0.12753	0.07514	0.05011	0.01023	0.00816	0.00224	0.06744	0.00845	0.00561	0.00897

[dist]
# distance from previous block
# <min> <max>
0	1

[block]
# block no. 10 follows, 32 sequences, length 118
# corresponding to MSA columns:
# 1241-1358
name=unknown_K
#
# <colnr> <probs for GDERKNQSTAVLIFYWHMCP>
#	G	D	E	R	K	N	Q	S	T	A	V	L	I	F	Y	W	H	M	C	P
0	0.47754	0.03650	0.05081	0.01185	0.01656	0.01660	0.03298	0.12570	0.12444	0.03049	0.01347	0.01432	0.01017	0.00693	0.00521	0.00209	0.00605	0.00483	0.00483	0.00866
1	0.01595	0.01527	0.02604	0.15966	0.60902	0.01577	0.02026	0.02001	0.01497	0.02112	0.01250	0.01682	0.01035	0.00610	0.00665	0.00203	0.00813	0.00598	0.00326	0.01010
2	0.22008	0.01373	0.01732	0.30362	0.07200	0.01551	0.01367	0.14559	0.01646	0.02593	0.01209	0.01529	0.00918	0.00662	0.00588	0.00201	0.00723	0.00518	0.00410	0.08850
3	0.00853	0.00688	0.00764	0.00778	0.00979	0.00600	0.00598	0.01061	0.01585	0.01978	0.17202	0.08485	0.51221	0.01674	0.00810	0.00235	0.00369	0.08894	0.00642	0.00583
4	0.00983	0.00672	0.00842	0.00842	0.00889	0.00712	0.00553	0.01078	0.01031	0.01445	0.02013	0.03717	0.02152	0.49053	0.26611	0.00768	0.01015	0.00873	0.04272	0.00481
5	0.02551	0.01879	0.02014	0.01544	0.02081	0.02081	0.01275	0.69996	0.03155	0.04229	0.01611	0.01611	0.01141	0.00805	0.00671	0.00201	0.00738	0.00604	0.00671	0.01141
6	0.01644	0.01577	0.02693	0.07107	0.69375	0.01590	0.02051	0.02045	0.01520	0.02172	0.01259	0.01666	0.01056	0.00601	0.00665	0.00200	0.00801	0.00598	0.00331	0.01049
7	0.01702	0.01759	0.02401	0.17338	0.42247	0.13016	0.01853	0.02054	0.01510	0.01965	0.01182	0.01599	0.00984	0.00674	0.00781	0.00207	0.06905	0.00570	0.00325	0.00929
8	0.01716	0.25821	0.31756	0.01616	0.02337	0.04676	0.07312	0.02200	0.01510	0.09700	0.04429	0.01590	0.01201	0.00668	0.00595	0.00190	0.00850	0.00526	0.00372	0.00936
9	0.21235	0.05221	0.01738	0.01507	0.01877	0.54116	0.01156	0.02488	0.01702	0.01966	0.01009	0.01177	0.00831	0.00671	0.00554	0.00180	0.01029	0.00413	0.00360	0.00768
10	0.01346	0.03471	0.72942	0.01912	0.02904	0.01558	0.02479	0.02125	0.01417	0.02125	0.01204	0.01417	0.00850	0.00637	0.00637	0.00212	0.00992	0.00496	0.00283	0.00992
11	0.00818	0.00584	0.00779	0.00934	0.00973	0.00545	0.00623	0.00934	0.01285	0.01713	0.03698	0.75981	0.04438	0.02102	0.00856	0.00273	0.00389	0.01908	0.00623	0.00545
12	0.02551	0.01879	0.02014	0.01544	0.02081	0.02081	0.01275	0.69996	0.03155	0.04229	0.01611	0.01611	0.01141	0.00805	0.00671	0.00201	0.00738	0.00604	0.00671	0.01141
13	0.81159	0.01298	0.00986	0.00882	0.01298	0.01505	0.00727	0.01972	0.01142	0.03010	0.00934	0.01090	0.00727	0.00623	0.00415	0.00208	0.00519	0.00363	0.00415	0.00727
14	0.01584	0.01810	0.03959	0.02828	0.03507	0.01697	0.69796	0.02149	0.01584	0.02149	0.01357	0.01810	0.01018	0.00566	0.00792	0.00226	0.01131	0.00792	0.00339	0.00905
15	0.01166	0.00583	0.00874	0.00874	0.00874	0.00583	0.00583	0.00874	0.00874	0.01166	0.01166	0.02040	0.01166	0.02331	0.02622	0.80478	0.00583	0.00583	0.00291	0.00291
16	0.01468	0.01468	0.02055	0.01762	0.01762	0.02055	0.01468	0.01615	0.01028	0.01615	0.00881	0.01468	0.00881	0.01174	0.02202	0.00294	0.75191	0.00587	0.00294	0.00734
17	0.01280	0.01206	0.02036	0.72429	0.06896	0.01494	0.01870	0.01726	0.01348	0.01730	0.01195	0.01785	0.00900	0.00668	0.00671	0.00223	0.00891	0.00596	0.00299	0.00756
18	0.06659	0.14419	0.33601	0.01684	0.04660	0.07816	0.03648	0.02160	0.03808	0.03769	0.01209	0.01401	0.00932	0.00650	0.00643	0.00191	0.03737	0.00480	0.00338	0.08195
19	0.01251	0.00625	0.00625	0.00625	0.00782	0.00625	0.00469	0.01563	0.01407	0.02502	0.02189	0.02502	0.01720	0.00782	0.00469	0.00156	0.00313	0.00625	0.80144	0.00625
20	0.00976	0.00651	0.00732	0.00732	0.00732	0.00651	0.00407	0.00976	0.00976	0.01301	0.02114	0.04391	0.02439	0.76419	0.03415	0.00651	0.00651	0.00976	0.00407	0.00407
21	0.01463	0.01445	0.02566	0.35039	0.23529	0.01593	0.14591	0.01953	0.03800	0.01965	0.01281	0.01765	0.01004	0.00663	0.00767	0.00221	0.04515	0.00638	0.00328	0.00876
22	0.01251	0.00625	0.00625	0.00625	0.00782	0.00625	0.00469	0.01563	0.01407	0.02502	0.02189	0.02502	0.01720	0.00782	0.00469	0.00156	0.00313	0.00625	0.80144	0.00625
23	0.01265	0.00979	0.01073	0.01005	0.01272	0.00997	0.00763	0.07005	0.20461	0.05117	0.08492	0.16870	0.29192	0.01434	0.00760	0.00231	0.00438	0.01221	0.00658	0.00767
24	0.01673	0.01972	0.14420	0.02149	0.20355	0.11272	0.01539	0.07650	0.13378	0.02412	0.08379	0.05003	0.01835	0.00828	0.00667	0.00205	0.00755	0.00697	0.03873	0.00937
25	0.01251	0.00625	0.00625	0.00625	0.00782	0.00625	0.00469	0.01563	0.01407	0.02502	0.02189	0.02502	0.01720	0.00782	0.00469	0.00156	0.00313	0.00625	0.80144	0.00625
26	0.07490	0.38001	0.02714	0.03701	0.04236	0.13074	0.04244	0.08515	0.01665	0.08938	0.01217	0.01339	0.00971	0.00645	0.00533	0.00172	0.00793	0.00458	0.00398	0.00897
27	0.00932	0.00771	0.00991	0.01010	0.04010	0.00701	0.03325	0.01211	0.03734	0.02091	0.23137	0.16668	0.35813	0.01562	0.00794	0.00229	0.00397	0.01362	0.00633	0.00630
28	0.01587	0.01441	0.02377	0.18781	0.40699	0.01512	0.04670	0.02035	0.04242	0.05213	0.01518	0.01881	0.03207	0.00689	0.00735	0.00208	0.03966	0.00631	0.00371	0.04238
29	0.00976	0.00651	0.00732	0.00732	0.00732	0.00651	0.00407	0.00976	0.00976	0.01301	0.02114	0.04391	0.02439	0.76419	0.03415	0.00651	0.00651	0.00976	0.00407	0.00407
30	0.02493	0.02770	0.01959	0.01749	0.04222	0.50909	0.01314	0.22025	0.02251	0.02403	0.01209	0.01339	0.00950	0.00721	0.00626	0.00182	0.01062	0.00487	0.00439	0.00891
31	0.01612	0.01545	0.02636	0.12825	0.63905	0.01582	0.02035	0.02017	0.01505	0.02133	0.01254	0.01676	0.01042	0.00607	0.00665	0.00202	0.00809	0.00598	0.00328	0.01024
32	0.01726	0.01569	0.02167	0.15275	0.17429	0.04801	0.03882	0.10603	0.09394	0.04427	0.01394	0.01726	0.01114	0.00834	0.01076	0.00232	0.20409	0.00616	0.00414	0.00914
33	0.01196	0.01071	0.03534	0.01043	0.01306	0.03185	0.00833	0.01947	0.21172	0.02544	0.37985	0.04320	0.12939	0.01251	0.00754	0.00219	0.00438	0.02825	0.00678	0.00761
34	0.01474	0.01203	0.01405	0.01020	0.01603	0.00936	0.00816	0.01848	0.04803	0.05231	0.01330	0.01484	0.01074	0.00531	0.00514	0.00110	0.00502	0.00427	0.00430	0.73260
35	0.01251	0.00625	0.00625	0.00625	0.00782	0.00625	0.00469	0.01563	0.01407	0.02502	0.02189	0.02502	0.01720	0.00782	0.00469	0.00156	0.00313	0.00625	0.80144	0.00625
36	0.00959	0.00719	0.01078	0.01078	0.01198	0.00839	0.00839	0.01198	0.01078	0.01558	0.01797	0.02636	0.01677	0.05032	0.73760	0.01078	0.01797	0.00719	0.00359	0.00599
37	0.00793	0.00680	0.00680	0.00680	0.00906	0.00566	0.00510	0.00963	0.01529	0.01813	0.06797	0.06457	0.71961	0.01699	0.00793	0.00227	0.00340	0.01416	0.00623	0.00566
38	0.00830	0.00593	0.00771	0.00907	0.00951	0.00555	0.00601	0.00939	0.01269	0.01683	0.03691	0.67315	0.06956	0.08214	0.01065	0.00302	0.00409	0.01811	0.00605	0.00534
39	0.05433	0.45142	0.05036	0.04750	0.01959	0.22524	0.01235	0.02163	0.01504	0.01686	0.01045	0.02837	0.00937	0.00650	0.00506	0.00163	0.00857	0.00430	0.00317	0.00823
40	0.01794	0.76823	0.03516	0.01148	0.01722	0.02655	0.01148	0.02009	0.01363	0.01579	0.00933	0.01076	0.00861	0.00574	0.00431	0.00144	0.00718	0.00359	0.00287	0.00861
41	0.01594	0.04115	0.16508	0.05135	0.14493	0.04714	0.15854	0.02269	0.10681	0.05632	0.05288	0.02374	0.01631	0.00793	0.00706	0.00219	0.00841	0.05787	0.00435	0.00932
42	0.01356	0.01163	0.01334	0.00992	0.01538	0.00922	0.00788	0.01763	0.06632	0.02198	0.01831	0.01948	0.07696	0.00640	0.00539	0.00121	0.00485	0.00520	0.00440	0.67093
