[name]
unknown

[dist]
# distance from previous block
# <min> <max>
0	33

[block]
# block no. 0 follows, 32 sequences, length 16
# corresponding to MSA columns:
# 33-48
name=unknown_A
#
# <colnr> <probs for GDERKNQSTAVLIFYWHMCP>
#	G	D	E	R	K	N	Q	S	T	A	V	L	I	F	Y	W	H	M	C	P
0	0.10294	0.01405	0.01562	0.01349	0.01744	0.01524	0.01131	0.34586	0.04986	0.07132	0.02264	0.03541	0.02035	0.01128	0.00727	0.00238	0.00659	0.22131	0.00637	0.00927
1	0.02532	0.01623	0.02206	0.01654	0.02210	0.01651	0.13254	0.35974	0.02470	0.26506	0.01909	0.01869	0.01291	0.00771	0.00694	0.00208	0.00752	0.00661	0.00665	0.01100
2	0.01346	0.03471	0.72942	0.01912	0.02904	0.01558	0.02479	0.02125	0.01417	0.02125	0.01204	0.01417	0.00850	0.00637	0.00637	0.00212	0.00992	0.00496	0.00283	0.00992
3	0.02045	0.01121	0.01294	0.01080	0.01429	0.01133	0.00859	0.21723	0.02035	0.21660	0.02326	0.11012	0.01863	0.00960	0.00629	0.00197	0.00514	0.00786	0.26431	0.00903
4	0.01747	0.01529	0.01558	0.01388	0.01775	0.04321	0.01082	0.07117	0.64838	0.02841	0.02609	0.02408	0.01956	0.00897	0.00679	0.00224	0.00567	0.00738	0.00670	0.01056
5	0.06174	0.01417	0.01492	0.01261	0.01658	0.01576	0.01005	0.24538	0.30301	0.05176	0.04138	0.02363	0.04690	0.00888	0.00646	0.00208	0.00559	0.00708	0.10212	0.00988
6	0.00973	0.00654	0.00746	0.00742	0.00756	0.00649	0.00426	0.01001	0.01057	0.01423	0.08226	0.04445	0.02780	0.69844	0.03185	0.00612	0.00621	0.00997	0.00436	0.00426
7	0.00826	0.00654	0.00743	0.00777	0.00941	0.00572	0.00562	0.01006	0.01524	0.01932	0.16830	0.25361	0.42389	0.01755	0.00810	0.00237	0.00350	0.01518	0.00642	0.00572
8	0.00857	0.00669	0.00777	0.00778	0.00953	0.00589	0.00573	0.01076	0.01639	0.02138	0.31537	0.15486	0.37270	0.01628	0.00801	0.00227	0.00338	0.01406	0.00668	0.00589
9	0.01794	0.76823	0.03516	0.01148	0.01722	0.02655	0.01148	0.02009	0.01363	0.01579	0.00933	0.01076	0.00861	0.00574	0.00431	0.00144	0.00718	0.00359	0.00287	0.00861
10	0.05569	0.00792	0.00989	0.00907	0.01112	0.00770	0.00695	0.03933	0.01826	0.06539	0.53816	0.04358	0.07003	0.01596	0.06883	0.00284	0.00482	0.01078	0.00688	0.00681
11	0.07558	0.08335	0.02035	0.01432	0.01963	0.01987	0.01201	0.53129	0.02748	0.10650	0.01610	0.01597	0.01141	0.00776	0.00634	0.00197	0.00706	0.00574	0.00637	0.01090
12	0.01755	0.01459	0.03867	0.03490	0.08512	0.02878	0.03804	0.13816	0.03955	0.08464	0.07620	0.01909	0.01567	0.00731	0.00707	0.00173	0.04767	0.00593	0.00499	0.29432
13	0.02056	0.01782	0.08145	0.06551	0.02232	0.03429	0.05025	0.38429	0.04598	0.06511	0.01833	0.10596	0.01527	0.00938	0.00743	0.00217	0.03054	0.00764	0.00577	0.00993
14	0.01215	0.00912	0.01236	0.01363	0.05390	0.00894	0.01079	0.05812	0.01634	0.02188	0.05981	0.10002	0.03415	0.01591	0.00848	0.00271	0.00600	0.47303	0.00591	0.07673
15	0.10577	0.00981	0.06179	0.01025	0.03774	0.00813	0.00805	0.01297	0.01516	0.02194	0.21152	0.16111	0.24117	0.03116	0.00805	0.00238	0.00445	0.03622	0.00587	0.00647

[dist]
# distance from previous block
# <min> <max>
0	3

[block]
# block no. 1 follows, 32 sequences, length 33
# corresponding to MSA columns:
# 55-87
name=unknown_B
#
# <colnr> <probs for GDERKNQSTAVLIFYWHMCP>
#	G	D	E	R	K	N	Q	S	T	A	V	L	I	F	Y	W	H	M	C	P
0	0.04154	0.01538	0.01926	0.05845	0.08105	0.10996	0.11151	0.08359	0.03876	0.02078	0.01918	0.02486	0.07426	0.11998	0.04390	0.00318	0.09660	0.00733	0.02270	0.00774
1	0.01209	0.00829	0.01009	0.00951	0.01154	0.00813	0.00713	0.05993	0.07067	0.06643	0.24040	0.15189	0.17175	0.01741	0.05272	0.07224	0.00504	0.01166	0.00634	0.00674
2	0.01914	0.10787	0.07486	0.01447	0.04814	0.01560	0.03141	0.22974	0.04333	0.10967	0.04258	0.08429	0.04395	0.02653	0.00716	0.00206	0.00660	0.00739	0.00555	0.07967
3	0.01716	0.01709	0.02687	0.10095	0.42530	0.07008	0.12479	0.06107	0.01638	0.02220	0.01271	0.01647	0.01027	0.00615	0.00673	0.00199	0.00873	0.00607	0.00354	0.04545
4	0.01744	0.00983	0.01187	0.01000	0.01321	0.00916	0.00773	0.10393	0.01831	0.23052	0.15733	0.06833	0.16044	0.10305	0.01050	0.00263	0.00500	0.00981	0.00674	0.04416
5	0.01080	0.01097	0.09727	0.01123	0.01391	0.00836	0.02632	0.01428	0.04472	0.03678	0.07453	0.16256	0.17296	0.09844	0.01101	0.00299	0.00565	0.18501	0.00564	0.00658
6	0.02555	0.01480	0.04816	0.04439	0.01944	0.05560	0.01144	0.08175	0.14448	0.44546	0.02363	0.02149	0.01576	0.00819	0.00670	0.00210	0.00647	0.00659	0.00716	0.01082
7	0.00959	0.00719	0.01078	0.01078	0.01198	0.00839	0.00839	0.01198	0.01078	0.01558	0.01797	0.02636	0.01677	0.05032	0.73760	0.01078	0.01797	0.00719	0.00359	0.00599
8	0.00834	0.00607	0.00787	0.00900	0.00972	0.00559	0.00615	0.00984	0.01393	0.01860	0.13629	0.59947	0.10509	0.01964	0.00842	0.00260	0.00375	0.01767	0.00639	0.00559
9	0.01346	0.03471	0.72942	0.01912	0.02904	0.01558	0.02479	0.02125	0.01417	0.02125	0.01204	0.01417	0.00850	0.00637	0.00637	0.00212	0.00992	0.00496	0.00283	0.00992
10	0.00989	0.00751	0.01087	0.01071	0.01169	0.00881	0.00817	0.01192	0.01062	0.01527	0.01788	0.02800	0.01733	0.14109	0.60658	0.00979	0.05697	0.00745	0.00362	0.00581
11	0.01585	0.01154	0.01311	0.01169	0.01493	0.01233	0.00917	0.06183	0.34201	0.10172	0.21690	0.03568	0.07353	0.01109	0.00728	0.00223	0.00481	0.03814	0.00707	0.00910
12	0.00847	0.00599	0.00784	0.00920	0.00958	0.00566	0.00612	0.00956	0.01256	0.01672	0.03496	0.64629	0.04169	0.11339	0.01177	0.00321	0.00430	0.04144	0.00596	0.00530
13	0.00867	0.00610	0.00759	0.00858	0.00893	0.00580	0.00548	0.00949	0.01196	0.01584	0.03322	0.49899	0.06722	0.26031	0.01678	0.00392	0.00471	0.01586	0.00553	0.00501
14	0.01643	0.20464	0.29305	0.01536	0.02147	0.14628	0.01630	0.02068	0.01506	0.03881	0.01560	0.08025	0.01436	0.00864	0.00626	0.00202	0.00871	0.06384	0.00368	0.00857
15	0.01661	0.01594	0.02724	0.04119	0.72233	0.01594	0.02059	0.02059	0.01528	0.02192	0.01262	0.01661	0.01063	0.00598	0.00664	0.00199	0.00797	0.00598	0.00332	0.01063
16	0.01699	0.00893	0.01093	0.00946	0.01225	0.00861	0.00743	0.08250	0.01827	0.20221	0.23011	0.04930	0.03089	0.01194	0.03922	0.00234	0.00486	0.00847	0.23727	0.00802
17	0.01600	0.01785	0.09070	0.06730	0.48959	0.01608	0.16174	0.02069	0.01522	0.02157	0.01274	0.01676	0.01028	0.00598	0.00689	0.00207	0.00888	0.00629	0.00328	0.01010
18	0.01588	0.01487	0.02441	0.23622	0.47269	0.01589	0.01927	0.04839	0.04687	0.02171	0.01324	0.01733	0.01064	0.00641	0.00667	0.00207	0.00810	0.00605	0.00353	0.00977
19	0.19265	0.01601	0.02283	0.04276	0.06259	0.06331	0.22343	0.10876	0.01720	0.09322	0.01595	0.04360	0.01300	0.00774	0.00669	0.00218	0.00817	0.04634	0.00470	0.00886
20	0.01267	0.01193	0.02013	0.74806	0.04621	0.01491	0.01863	0.01714	0.01342	0.01714	0.01193	0.01789	0.00894	0.00671	0.00671	0.00224	0.00894	0.00596	0.00298	0.00745
21	0.01661	0.01594	0.02724	0.04119	0.72233	0.01594	0.02059	0.02059	0.01528	0.02192	0.01262	0.01661	0.01063	0.00598	0.00664	0.00199	0.00797	0.00598	0.00332	0.01063
22	0.01669	0.01441	0.01517	0.01365	0.01745	0.01669	0.01062	0.03565	0.71021	0.02807	0.02731	0.02503	0.02048	0.00910	0.00683	0.00228	0.00531	0.00759	0.00683	0.01062
23	0.01794	0.76823	0.03516	0.01148	0.01722	0.02655	0.01148	0.02009	0.01363	0.01579	0.00933	0.01076	0.00861	0.00574	0.00431	0.00144	0.00718	0.00359	0.00287	0.00861
24	0.01073	0.00644	0.00965	0.00965	0.01019	0.00697	0.00697	0.01019	0.00965	0.01341	0.01448	0.02306	0.01394	0.03538	0.34400	0.45010	0.01125	0.00644	0.00322	0.00429
25	0.01244	0.00895	0.01017	0.00934	0.01195	0.00870	0.00716	0.04379	0.13791	0.08196	0.24334	0.07831	0.29235	0.01378	0.00762	0.00222	0.00403	0.01171	0.00686	0.00741
26	0.06584	0.05065	0.02324	0.01800	0.04721	0.07088	0.11836	0.39822	0.04682	0.03284	0.01450	0.01585	0.01081	0.00756	0.00743	0.00207	0.04820	0.00601	0.00534	0.01017
27	0.01138	0.00661	0.00755	0.00753	0.00915	0.00623	0.00556	0.01401	0.01529	0.05383	0.17811	0.15385	0.11575	0.01233	0.00648	0.00197	0.00340	0.01055	0.37414	0.00629
28	0.01086	0.00914	0.01072	0.01059	0.01186	0.07086	0.00793	0.01295	0.01249	0.01682	0.10379	0.07044	0.02410	0.12056	0.46659	0.00802	0.01360	0.00848	0.00424	0.00594
29	0.00923	0.00642	0.00832	0.00952	0.01032	0.00605	0.00657	0.01113	0.03654	0.04022	0.03812	0.64819	0.08263	0.01990	0.00843	0.00267	0.00404	0.03952	0.00631	0.00585
30	0.04678	0.01264	0.01414	0.01150	0.01557	0.07340	0.00919	0.07999	0.01917	0.41572	0.11321	0.02544	0.02161	0.03316	0.00747	0.00214	0.00586	0.00715	0.07623	0.00964
31	0.02506	0.03198	0.01901	0.01729	0.02074	0.73725	0.01296	0.02679	0.01901	0.01642	0.01037	0.01210	0.00864	0.00691	0.00605	0.00173	0.01210	0.00432	0.00346	0.00778
32	0.04115	0.00981	0.01091	0.00978	0.01199	0.01085	0.00768	0.12800	0.05810	0.02683	0.08055	0.05728	0.02058	0.01113	0.03819	0.00231	0.06970	0.00730	0.39042	0.00744

[dist]
# distance from previous block
# <min> <max>
5	7

[block]
# block no. 2 follows, 32 sequences, length 12
# corresponding to MSA columns:
# 98-109
name=unknown_C
#
# <colnr> <probs for GDERKNQSTAVLIFYWHMCP>
#	G	D	E	R	K	N	Q	S	T	A	V	L	I	F	Y	W	H	M	C	P
0	0.02197	0.07725	0.06437	0.01455	0.01978	0.07087	0.01248	0.43502	0.05566	0.03322	0.01534	0.01698	0.01178	0.04759	0.00778	0.00212	0.00753	0.00576	0.00558	0.07436
1	0.01579	0.06076	0.07160	0.02126	0.05601	0.07375	0.29629	0.06066	0.01607	0.02107	0.01749	0.09435	0.01637	0.00934	0.00855	0.00232	0.06196	0.08388	0.00409	0.00840
2	0.08993	0.21441	0.18402	0.01584	0.03971	0.11801	0.05586	0.09395	0.01642	0.02234	0.01141	0.01320	0.00904	0.00627	0.00560	0.00177	0.00838	0.00463	0.00362	0.08562
3	0.00947	0.00746	0.00862	0.00833	0.01031	0.00697	0.00624	0.01339	0.08043	0.02301	0.36125	0.09636	0.31343	0.01501	0.00786	0.00222	0.00350	0.01293	0.00682	0.00641
4	0.01607	0.18415	0.15124	0.06007	0.07786	0.05430	0.01399	0.05566	0.01519	0.02093	0.01157	0.01375	0.00939	0.00585	0.00547	0.00155	0.00735	0.00448	0.00353	0.28760
5	0.10475	0.07304	0.01880	0.01573	0.01891	0.50044	0.01222	0.02369	0.01649	0.01774	0.01043	0.01293	0.00895	0.00960	0.04629	0.00236	0.09204	0.00452	0.00344	0.00763
6	0.00947	0.00705	0.00893	0.00901	0.01073	0.00652	0.00713	0.01229	0.01734	0.02336	0.41398	0.05936	0.20117	0.01558	0.00824	0.00238	0.00393	0.17054	0.00685	0.00615
7	0.01254	0.00803	0.01009	0.00942	0.01104	0.00827	0.00688	0.05682	0.01358	0.08598	0.05918	0.03605	0.09636	0.25969	0.26390	0.00642	0.00978	0.00883	0.03090	0.00625
8	0.01433	0.02511	0.36567	0.05628	0.02914	0.04243	0.21038	0.02033	0.01468	0.02053	0.01447	0.02131	0.01191	0.00769	0.00799	0.00229	0.05267	0.07048	0.00335	0.00897
9	0.01070	0.00729	0.00914	0.00927	0.01077	0.00685	0.00669	0.05132	0.01634	0.05940	0.23714	0.38869	0.12682	0.01699	0.00810	0.00242	0.00392	0.01507	0.00670	0.00639
10	0.01348	0.01205	0.02153	0.01703	0.03542	0.01139	0.28024	0.03458	0.01454	0.02123	0.01877	0.10879	0.01718	0.07173	0.05351	0.00290	0.00802	0.00853	0.16497	0.08410
11	0.01703	0.06879	0.10677	0.01701	0.11423	0.01412	0.03531	0.09852	0.08391	0.08156	0.08297	0.01974	0.01662	0.00721	0.00622	0.00177	0.00654	0.00606	0.00491	0.21070

[dist]
# distance from previous block
# <min> <max>
0	1

[block]
# block no. 3 follows, 32 sequences, length 8
# corresponding to MSA columns:
# 111-118
name=unknown_D
#
# <colnr> <probs for GDERKNQSTAVLIFYWHMCP>
#	G	D	E	R	K	N	Q	S	T	A	V	L	I	F	Y	W	H	M	C	P
0	0.01080	0.00768	0.00898	0.00835	0.01005	0.00693	0.00575	0.01200	0.01196	0.01704	0.02388	0.10303	0.06259	0.34430	0.01949	0.03684	0.00542	0.05418	0.07128	0.17945
1	0.01347	0.01490	0.12095	0.06317	0.01822	0.04439	0.01165	0.08686	0.13758	0.02338	0.09974	0.17164	0.11657	0.01245	0.00738	0.00230	0.00607	0.03565	0.00563	0.00801
2	0.03010	0.01142	0.01557	0.01194	0.01713	0.00986	0.00986	0.03270	0.01920	0.72698	0.02647	0.02284	0.01661	0.00830	0.00675	0.00208	0.00571	0.00675	0.00830	0.01142
3	0.01391	0.01193	0.01391	0.00994	0.01590	0.00894	0.00795	0.01690	0.01391	0.02186	0.01193	0.01391	0.00994	0.00497	0.00497	0.00099	0.00497	0.00398	0.00398	0.80521
4	0.00933	0.00718	0.00865	0.00885	0.01054	0.00670	0.00670	0.01255	0.05425	0.02175	0.28070	0.18173	0.25542	0.01633	0.00813	0.00239	0.00384	0.09212	0.00666	0.00619
5	0.01891	0.06015	0.05546	0.05627	0.02037	0.07785	0.01236	0.21273	0.30300	0.02858	0.02077	0.06930	0.01665	0.00897	0.00667	0.00213	0.00691	0.00721	0.00582	0.00992
6	0.13806	0.01365	0.05266	0.01207	0.01601	0.01338	0.01010	0.18237	0.11960	0.11073	0.05236	0.13521	0.07094	0.01102	0.00683	0.00224	0.00568	0.03197	0.00622	0.00891
7	0.09521	0.09156	0.06121	0.05720	0.07861	0.04986	0.01265	0.19317	0.16930	0.02764	0.02090	0.02127	0.07676	0.00829	0.00630	0.00205	0.00684	0.00649	0.00519	0.00949

[dist]
# distance from previous block
# <min> <max>
0	1

[block]
# block no. 4 follows, 32 sequences, length 14
# corresponding to MSA columns:
# 120-133
name=unknown_E
#
# <colnr> <probs for GDERKNQSTAVLIFYWHMCP>
#	G	D	E	R	K	N	Q	S	T	A	V	L	I	F	Y	W	H	M	C	P
0	0.01363	0.00926	0.01069	0.00986	0.01236	0.00934	0.00744	0.02033	0.20192	0.10542	0.20622	0.09992	0.14799	0.06243	0.00911	0.00249	0.00435	0.01073	0.04878	0.00773
1	0.01165	0.00825	0.01089	0.08875	0.06122	0.00786	0.00835	0.01421	0.01589	0.08529	0.18311	0.12038	0.28540	0.01359	0.00748	0.00220	0.00449	0.01171	0.05241	0.00686
2	0.07678	0.06160	0.12232	0.09777	0.14394	0.13010	0.01560	0.11231	0.05442	0.10100	0.01444	0.01602	0.01076	0.00696	0.00624	0.00200	0.00830	0.00545	0.00445	0.00957
3	0.03583	0.00800	0.00906	0.00867	0.01073	0.00761	0.00637	0.03727	0.06079	0.07272	0.08058	0.14145	0.32148	0.07160	0.01158	0.08773	0.00443	0.01190	0.00593	0.00627
4	0.01059	0.00768	0.00901	0.00923	0.01078	0.00744	0.00670	0.08692	0.01593	0.02127	0.08347	0.37521	0.18861	0.04422	0.00887	0.00258	0.00426	0.04038	0.06062	0.00625
5	0.05677	0.01672	0.09780	0.20575	0.20850	0.01616	0.09937	0.04727	0.01482	0.05982	0.01276	0.01664	0.00989	0.00710	0.00858	0.00223	0.10114	0.00601	0.00360	0.00907
6	0.01326	0.01915	0.23272	0.14289	0.02747	0.01415	0.13802	0.04494	0.03701	0.02039	0.02056	0.02368	0.10095	0.01274	0.08560	0.00315	0.04397	0.00724	0.00376	0.00834
7	0.00867	0.00617	0.00778	0.00870	0.00953	0.00568	0.00600	0.00961	0.01314	0.01705	0.06333	0.45554	0.19210	0.04592	0.01119	0.08782	0.00413	0.03659	0.00584	0.00523
8	0.01616	0.01653	0.05010	0.13411	0.10943	0.10499	0.21104	0.02014	0.01538	0.06612	0.01766	0.02382	0.04059	0.01225	0.08470	0.00310	0.01029	0.05128	0.00395	0.00837
9	0.07493	0.09694	0.04777	0.07562	0.07777	0.08358	0.08888	0.14508	0.07213	0.10194	0.01619	0.04261	0.01279	0.02613	0.00708	0.00214	0.00786	0.00634	0.00485	0.00935
10	0.01216	0.01101	0.04945	0.01229	0.01473	0.05670	0.05968	0.01497	0.01475	0.05808	0.13691	0.16667	0.07079	0.02335	0.19451	0.00453	0.00908	0.07828	0.00528	0.00679
11	0.05370	0.01326	0.01694	0.22735	0.07554	0.06088	0.04852	0.10615	0.01660	0.02311	0.02023	0.04953	0.08107	0.00836	0.00639	0.00200	0.00701	0.00706	0.12200	0.05431
12	0.01909	0.19154	0.16586	0.04123	0.04670	0.10874	0.05346	0.11373	0.01747	0.07550	0.01295	0.01446	0.00989	0.00647	0.00589	0.00178	0.00834	0.00498	0.00404	0.09786
13	0.01588	0.07237	0.13107	0.04150	0.07022	0.07694	0.17770	0.07936	0.03595	0.02255	0.06900	0.07265	0.01804	0.00861	0.00702	0.00212	0.00841	0.04637	0.00432	0.03992

[dist]
# distance from previous block
# <min> <max>
1	17

[block]
# block no. 5 follows, 32 sequences, length 36
# corresponding to MSA columns:
# 151-171,175-189
name=unknown_F
#
# <colnr> <probs for GDERKNQSTAVLIFYWHMCP>
#	G	D	E	R	K	N	Q	S	T	A	V	L	I	F	Y	W	H	M	C	P
0	0.13452	0.20001	0.09454	0.06031	0.10771	0.04271	0.04693	0.05176	0.06915	0.06054	0.01481	0.05008	0.01244	0.00745	0.00589	0.00198	0.00735	0.01870	0.00415	0.00896
1	0.04652	0.16145	0.08282	0.04348	0.01782	0.01452	0.05678	0.10611	0.01645	0.03441	0.11760	0.09293	0.04063	0.10276	0.00990	0.00255	0.00657	0.00817	0.00478	0.03375
2	0.02011	0.13880	0.06759	0.01683	0.02195	0.18054	0.12668	0.21770	0.02050	0.02508	0.01703	0.04827	0.05344	0.00800	0.00652	0.00195	0.00884	0.00654	0.00454	0.00908
3	0.02062	0.01753	0.01757	0.01606	0.05835	0.12648	0.01232	0.33674	0.08004	0.03053	0.01960	0.02742	0.01686	0.01147	0.03785	0.00254	0.00809	0.12425	0.02621	0.00946
4	0.01037	0.00757	0.00988	0.01084	0.01237	0.00739	0.00883	0.04066	0.01573	0.02053	0.08503	0.22950	0.12334	0.01817	0.00874	0.00279	0.00515	0.37063	0.00630	0.00617
5	0.00983	0.04359	0.06820	0.00911	0.01111	0.00781	0.00737	0.01209	0.01476	0.01999	0.27010	0.16043	0.13653	0.18369	0.01365	0.00319	0.00480	0.01203	0.00571	0.00598
6	0.01685	0.06382	0.11121	0.02640	0.10392	0.10139	0.43415	0.02191	0.01584	0.02060	0.01269	0.01640	0.00978	0.00592	0.00719	0.00211	0.01067	0.00672	0.00330	0.00914
7	0.11157	0.01099	0.01107	0.00957	0.01277	0.04340	0.00758	0.08827	0.05814	0.17175	0.02060	0.02146	0.01516	0.00779	0.00544	0.00182	0.00486	0.00602	0.38349	0.00827
8	0.00818	0.00584	0.00779	0.00934	0.00973	0.00545	0.00623	0.00934	0.01285	0.01713	0.03698	0.75981	0.04438	0.02102	0.00856	0.00273	0.00389	0.01908	0.00623	0.00545
9	0.00825	0.00596	0.00767	0.00900	0.00953	0.00553	0.00600	0.00939	0.01288	0.01697	0.03880	0.65536	0.10329	0.06485	0.01003	0.00291	0.00400	0.01808	0.00610	0.00539
10	0.01207	0.00775	0.00968	0.00921	0.01119	0.00720	0.00687	0.05245	0.01752	0.10051	0.32169	0.23768	0.14964	0.01526	0.00789	0.00229	0.00391	0.01337	0.00696	0.00684
11	0.04894	0.01393	0.01584	0.01257	0.01716	0.01432	0.01025	0.31451	0.05717	0.24703	0.06811	0.02648	0.10424	0.00957	0.00687	0.00208	0.00595	0.00763	0.00710	0.01022
12	0.15396	0.01707	0.01689	0.01357	0.01813	0.06062	0.01103	0.44388	0.04919	0.03644	0.09711	0.01928	0.01693	0.00838	0.00639	0.00203	0.00674	0.00630	0.00618	0.00989
13	0.00859	0.00632	0.00810	0.00913	0.01009	0.00584	0.00653	0.01031	0.01434	0.01893	0.13563	0.48370	0.15174	0.01913	0.00845	0.00261	0.00395	0.08454	0.00638	0.00568
14	0.05179	0.26929	0.12557	0.02044	0.10565	0.03824	0.19243	0.05711	0.01553	0.02087	0.01348	0.01589	0.03248	0.00637	0.00608	0.00190	0.00864	0.00567	0.00344	0.00911
15	0.04188	0.00724	0.00852	0.00898	0.01083	0.00674	0.00704	0.01239	0.01507	0.04452	0.09189	0.18229	0.29429	0.01662	0.00800	0.00249	0.00430	0.18022	0.05057	0.00610
16	0.01750	0.01717	0.05219	0.24898	0.32991	0.09457	0.01826	0.06133	0.01627	0.06100	0.01313	0.01672	0.01020	0.00657	0.00660	0.00205	0.00864	0.00580	0.00370	0.00941
17	0.01524	0.25257	0.29740	0.01809	0.05727	0.01846	0.11370	0.03746	0.01487	0.02027	0.05185	0.01639	0.01240	0.00834	0.03636	0.00228	0.00907	0.00553	0.00334	0.00910
18	0.01527	0.01528	0.08570	0.02602	0.30436	0.01369	0.10695	0.01940	0.03821	0.06179	0.01573	0.02237	0.01374	0.13029	0.07614	0.00357	0.03183	0.00695	0.00384	0.00885
19	0.00973	0.00655	0.00751	0.00745	0.00763	0.00648	0.00433	0.01010	0.01084	0.01463	0.10263	0.04464	0.02894	0.67653	0.03109	0.00599	0.00612	0.01004	0.00445	0.00433
20	0.24556	0.01943	0.02089	0.04512	0.21772	0.20859	0.08335	0.02183	0.01500	0.02240	0.01103	0.01390	0.00898	0.00649	0.00643	0.00201	0.03408	0.00506	0.00358	0.00854
21	0.01827	0.01570	0.02420	0.03386	0.53893	0.03869	0.01792	0.04066	0.06452	0.09426	0.03672	0.01869	0.01349	0.00675	0.00669	0.00202	0.00753	0.00630	0.00429	0.01050
22	0.01332	0.01251	0.02074	0.63107	0.12478	0.01511	0.01850	0.01840	0.04540	0.01821	0.01271	0.01806	0.00967	0.00673	0.00671	0.00221	0.00866	0.00604	0.00320	0.00797
23	0.01703	0.01608	0.02690	0.03996	0.68896	0.01617	0.02022	0.05292	0.01605	0.02289	0.01279	0.01658	0.01067	0.00608	0.00665	0.00199	0.00794	0.00598	0.00348	0.01067
24	0.00967	0.00717	0.00925	0.00983	0.01148	0.00675	0.00800	0.01239	0.01637	0.02162	0.25305	0.10075	0.18907	0.01686	0.00853	0.00260	0.00455	0.29943	0.00656	0.00608
25	0.01256	0.04450	0.01509	0.07899	0.17063	0.02654	0.01088	0.02676	0.01423	0.04685	0.04421	0.33597	0.06094	0.06935	0.00947	0.00265	0.00584	0.01222	0.00506	0.00723
26	0.01441	0.01349	0.02263	0.28262	0.40454	0.01446	0.01825	0.01847	0.01507	0.02085	0.09487	0.02097	0.01620	0.00714	0.00681	0.00209	0.00775	0.00669	0.00368	0.00902
27	0.01596	0.01775	0.03759	0.03038	0.14668	0.01680	0.58796	0.02135	0.01575	0.02156	0.01342	0.01786	0.01025	0.00571	0.00771	0.00222	0.01077	0.00760	0.00338	0.00931
28	0.00917	0.00708	0.00791	0.00796	0.00991	0.00632	0.00587	0.01179	0.04632	0.03752	0.16275	0.18754	0.44247	0.01665	0.00797	0.00232	0.00360	0.01427	0.00649	0.00609
29	0.00990	0.00717	0.00957	0.01009	0.01163	0.00685	0.00820	0.01283	0.01688	0.02285	0.34341	0.10233	0.09154	0.01643	0.00854	0.00258	0.00453	0.30177	0.00673	0.00617
30	0.01016	0.00698	0.00840	0.00793	0.00987	0.00628	0.00599	0.01287	0.01753	0.05375	0.44439	0.05110	0.24737	0.01395	0.00761	0.00211	0.00334	0.01201	0.07202	0.00635
31	0.00971	0.00656	0.00759	0.00750	0.00777	0.00648	0.00444	0.01024	0.01129	0.01532	0.13709	0.04494	0.03086	0.63946	0.02979	0.00577	0.00595	0.01015	0.00462	0.00444
32	0.01776	0.01495	0.01578	0.01387	0.01786	0.01719	0.01088	0.11650	0.62762	0.02980	0.02595	0.02395	0.01938	0.00898	0.00681	0.00224	0.00556	0.00740	0.00681	0.01072
33	0.01946	0.53804	0.02950	0.01235	0.01757	0.09267	0.01140	0.06475	0.06899	0.05309	0.01236	0.01324	0.01029	0.00643	0.00494	0.00160	0.00735	0.00433	0.02267	0.00894
34	0.01918	0.49200	0.03188	0.01588	0.04819	0.17811	0.09235	0.02172	0.01512	0.01683	0.01018	0.01214	0.00888	0.00599	0.00520	0.00162	0.00875	0.00435	0.00308	0.00856
35	0.01008	0.05434	0.01048	0.00984	0.01118	0.00791	0.00728	0.04844	0.01487	0.01960	0.09370	0.49433	0.09178	0.01821	0.00816	0.00256	0.00441	0.08055	0.00614	0.00613

[dist]
# distance from previous block
# <min> <max>
0	1

[block]
# block no. 6 follows, 32 sequences, length 15
# corresponding to MSA columns:
# 191-205
name=unknown_G
#
# <colnr> <probs for GDERKNQSTAVLIFYWHMCP>
#	G	D	E	R	K	N	Q	S	T	A	V	L	I	F	Y	W	H	M	C	P
0	0.48275	0.03198	0.08107	0.05257	0.01706	0.01492	0.01023	0.10062	0.01444	0.02815	0.01380	0.10001	0.01236	0.00821	0.00534	0.00214	0.00601	0.00599	0.00448	0.00785
1	0.00918	0.05665	0.01110	0.01015	0.01145	0.00746	0.04209	0.01071	0.01335	0.01739	0.03770	0.58848	0.12177	0.01874	0.00817	0.00256	0.00443	0.01689	0.00586	0.00587
2	0.02012	0.47863	0.02856	0.01349	0.01836	0.25278	0.01189	0.02336	0.06571	0.01688	0.01096	0.01222	0.00948	0.00636	0.00504	0.00159	0.00861	0.00411	0.00334	0.00849
3	0.00851	0.00635	0.00788	0.00860	0.00970	0.00578	0.00607	0.01024	0.01465	0.01930	0.18101	0.41111	0.20554	0.04036	0.00906	0.00262	0.00378	0.03738	0.00640	0.00566
4	0.01915	0.11424	0.14449	0.01533	0.02079	0.09486	0.03981	0.09782	0.27485	0.08225	0.01884	0.01860	0.01399	0.00767	0.00637	0.00204	0.00755	0.00606	0.00525	0.01003
5	0.03899	0.33773	0.28454	0.01459	0.02175	0.02021	0.01616	0.09306	0.01596	0.05791	0.01201	0.01330	0.00929	0.00634	0.00546	0.00178	0.00800	0.00452	0.00361	0.03477
6	0.05096	0.10752	0.45247	0.01744	0.02540	0.09176	0.04425	0.05515	0.01568	0.06153	0.01254	0.01418	0.00913	0.00652	0.00612	0.00201	0.00934	0.00495	0.00348	0.00957
7	0.01360	0.09478	0.62806	0.01798	0.02703	0.01608	0.02269	0.02060	0.01392	0.02045	0.01217	0.01461	0.00900	0.00895	0.04991	0.00258	0.01017	0.00498	0.00288	0.00957
8	0.00939	0.00718	0.00839	0.00879	0.01034	0.00667	0.00636	0.05518	0.01555	0.02000	0.10074	0.37446	0.29911	0.01801	0.00817	0.00247	0.00394	0.03290	0.00635	0.00601
9	0.01780	0.24111	0.25049	0.04058	0.06270	0.07628	0.03792	0.07212	0.01619	0.06718	0.03481	0.01526	0.01123	0.00679	0.00623	0.00190	0.02319	0.00514	0.00374	0.00935
10	0.01260	0.01248	0.09771	0.01140	0.01467	0.01046	0.00986	0.02059	0.21992	0.05147	0.27845	0.12740	0.08080	0.01239	0.00745	0.00225	0.00481	0.01073	0.00649	0.00806
11	0.00870	0.00632	0.00787	0.00875	0.00955	0.00590	0.00603	0.01007	0.01341	0.01763	0.09638	0.42267	0.14676	0.14449	0.01276	0.00326	0.00436	0.06374	0.00596	0.00538
12	0.01667	0.01497	0.07259	0.05514	0.05688	0.05570	0.13701	0.02209	0.09595	0.13952	0.12293	0.11306	0.02405	0.00992	0.00776	0.00223	0.03039	0.00895	0.00546	0.00872
13	0.09112	0.14605	0.25769	0.01769	0.03997	0.01681	0.14110	0.02349	0.05431	0.12800	0.01468	0.01600	0.01066	0.00656	0.00620	0.00203	0.00834	0.00559	0.00413	0.00958
14	0.01523	0.03049	0.49958	0.02125	0.06980	0.09384	0.10173	0.02162	0.01478	0.02058	0.01194	0.01457	0.00885	0.00656	0.00721	0.00213	0.04200	0.00534	0.00300	0.00952

[dist]
# distance from previous block
# <min> <max>
0	1

[block]
# block no. 7 follows, 32 sequences, length 13
# corresponding to MSA columns:
# 212-224
name=unknown_H
#
# <colnr> <probs for GDERKNQSTAVLIFYWHMCP>
#	G	D	E	R	K	N	Q	S	T	A	V	L	I	F	Y	W	H	M	C	P
0	0.00927	0.00727	0.03420	0.00918	0.01032	0.00635	0.00683	0.01109	0.01302	0.01817	0.03407	0.43775	0.09345	0.06977	0.06674	0.00340	0.00535	0.04443	0.11360	0.00572
1	0.01896	0.28269	0.10030	0.01536	0.03800	0.22245	0.04173	0.03981	0.04132	0.01890	0.01136	0.01304	0.00941	0.00622	0.00547	0.00163	0.00869	0.00444	0.00346	0.11676
2	0.10383	0.01105	0.01222	0.01070	0.01373	0.01144	0.00815	0.15009	0.07804	0.12680	0.02308	0.17262	0.02139	0.11301	0.01030	0.00272	0.00543	0.00909	0.07441	0.04191
3	0.01440	0.11513	0.02223	0.54857	0.06662	0.01692	0.01707	0.05462	0.04547	0.01897	0.01251	0.01710	0.00961	0.00673	0.00639	0.00211	0.00842	0.00572	0.00335	0.00809
4	0.00822	0.00641	0.00722	0.00780	0.00912	0.00568	0.00541	0.00954	0.01378	0.01720	0.05130	0.32174	0.39187	0.09995	0.01103	0.00290	0.00392	0.01551	0.00599	0.00541
5	0.00829	0.00676	0.00733	0.00730	0.00931	0.00580	0.00543	0.01029	0.01599	0.02003	0.21145	0.09812	0.53756	0.01648	0.00796	0.00226	0.00337	0.01397	0.00649	0.00580
6	0.00831	0.00600	0.00778	0.00903	0.00961	0.00556	0.00607	0.00960	0.01331	0.01769	0.08427	0.63697	0.09112	0.04889	0.00946	0.00280	0.00391	0.01791	0.00622	0.00547
7	0.01225	0.00753	0.00948	0.00861	0.01088	0.00672	0.00659	0.01501	0.01821	0.13019	0.47188	0.04919	0.20037	0.01362	0.00774	0.00214	0.00360	0.01177	0.00727	0.00695
8	0.01737	0.45629	0.02643	0.01216	0.01667	0.12612	0.01086	0.02121	0.08506	0.01765	0.04261	0.01768	0.04462	0.01081	0.06656	0.00241	0.00828	0.00521	0.00375	0.00825
9	0.01284	0.05223	0.00800	0.00657	0.00838	0.00748	0.00510	0.01590	0.01404	0.02446	0.02113	0.02416	0.01668	0.00769	0.00467	0.00156	0.00337	0.00609	0.75326	0.00640
10	0.28592	0.01560	0.01635	0.19973	0.02441	0.08735	0.02943	0.14117	0.04781	0.05622	0.01319	0.01533	0.00983	0.00698	0.00578	0.00207	0.00736	0.00519	0.02184	0.00844
11	0.06263	0.12338	0.12652	0.01815	0.12655	0.01660	0.04088	0.11576	0.12441	0.02520	0.06245	0.06677	0.01706	0.00822	0.00636	0.00201	0.00694	0.00687	0.00473	0.03850
12	0.06328	0.07042	0.20520	0.02100	0.17368	0.04430	0.07141	0.03647	0.04194	0.02237	0.04666	0.01910	0.04215	0.00718	0.00657	0.00197	0.02204	0.00606	0.03561	0.06259

[dist]
# distance from previous block
# <min> <max>
3	13

[block]
# block no. 8 follows, 32 sequences, length 12
# corresponding to MSA columns:
# 240-251
name=unknown_I
#
# <colnr> <probs for GDERKNQSTAVLIFYWHMCP>
#	G	D	E	R	K	N	Q	S	T	A	V	L	I	F	Y	W	H	M	C	P
0	0.04778	0.18593	0.09333	0.04288	0.09833	0.05112	0.05980	0.09246	0.01634	0.09114	0.03920	0.01865	0.01329	0.05946	0.03499	0.00257	0.03367	0.00590	0.00424	0.00891
1	0.12544	0.11205	0.17840	0.02101	0.16925	0.06964	0.06899	0.04099	0.01493	0.02212	0.04710	0.01628	0.01207	0.00834	0.03191	0.00232	0.04112	0.00552	0.00359	0.00894
2	0.08399	0.01762	0.01773	0.01513	0.04397	0.07984	0.01172	0.33467	0.19827	0.06236	0.01801	0.01780	0.01325	0.00786	0.00640	0.00201	0.00693	0.00602	0.00607	0.05036
3	0.01782	0.01722	0.06449	0.09772	0.18579	0.09493	0.04917	0.13907	0.04475	0.06346	0.06572	0.02399	0.08952	0.00844	0.00687	0.00207	0.00770	0.00721	0.00484	0.00923
4	0.01166	0.00583	0.00874	0.00874	0.00874	0.00583	0.00583	0.00874	0.00874	0.01166	0.01166	0.02040	0.01166	0.02331	0.02622	0.80478	0.00583	0.00583	0.00291	0.00291
5	0.31430	0.09067	0.10121	0.01094	0.01475	0.05846	0.00982	0.01705	0.01281	0.02215	0.01879	0.17168	0.04579	0.04416	0.03870	0.00271	0.00667	0.00790	0.00431	0.00712
6	0.01602	0.01480	0.02560	0.09335	0.39066	0.01497	0.13583	0.02080	0.05283	0.05693	0.01821	0.03956	0.05645	0.00748	0.00739	0.00214	0.02609	0.00728	0.00399	0.00960
7	0.00930	0.00641	0.00777	0.00876	0.00970	0.00614	0.00606	0.01170	0.04618	0.01911	0.03697	0.52884	0.10529	0.01777	0.00775	0.00246	0.00378	0.01582	0.14434	0.00585
8	0.07807	0.00740	0.00830	0.00807	0.01013	0.00684	0.00605	0.01242	0.01618	0.04779	0.29992	0.13696	0.30773	0.01503	0.00764	0.00224	0.00361	0.01283	0.00656	0.00623
9	0.04036	0.06086	0.14591	0.05897	0.19658	0.06687	0.05046	0.04792	0.04703	0.19555	0.01628	0.01741	0.01174	0.00691	0.00646	0.00203	0.00802	0.00585	0.00472	0.01008
10	0.01709	0.01125	0.01538	0.09815	0.11797	0.01115	0.01123	0.05299	0.07656	0.17724	0.04862	0.10220	0.06393	0.03634	0.00783	0.00225	0.00589	0.02858	0.03843	0.07690
11	0.01175	0.01019	0.01235	0.04328	0.04455	0.06005	0.05111	0.01405	0.01537	0.04834	0.10473	0.16675	0.30336	0.01411	0.00809	0.00226	0.03078	0.01209	0.04013	0.00666

[dist]
# distance from previous block
# <min> <max>
0	8

[block]
# block no. 9 follows, 32 sequences, length 14
# corresponding to MSA columns:
# 260-273
name=unknown_J
#
# <colnr> <probs for GDERKNQSTAVLIFYWHMCP>
#	G	D	E	R	K	N	Q	S	T	A	V	L	I	F	Y	W	H	M	C	P
0	0.01172	0.01029	0.01597	0.01676	0.13143	0.00986	0.09832	0.04144	0.01627	0.02172	0.16440	0.09120	0.21661	0.01523	0.05371	0.00281	0.00646	0.06304	0.00545	0.00732
1	0.00970	0.00705	0.00860	0.00853	0.00944	0.00723	0.00581	0.01164	0.04069	0.01645	0.09843	0.06281	0.11515	0.36632	0.19732	0.00627	0.00843	0.01011	0.00474	0.00528
2	0.04716	0.05835	0.01887	0.06196	0.05721	0.07733	0.01259	0.12574	0.26414	0.02542	0.01720	0.01827	0.01343	0.00837	0.00877	0.00216	0.12319	0.00609	0.00504	0.04871
3	0.00864	0.00678	0.00793	0.00864	0.01031	0.00608	0.00665	0.01053	0.01476	0.01834	0.05351	0.22764	0.41032	0.01827	0.00838	0.00256	0.00414	0.16459	0.00622	0.00573
4	0.05927	0.21160	0.02121	0.01354	0.01763	0.20199	0.01126	0.08482	0.06142	0.11073	0.01456	0.01606	0.01157	0.01235	0.09333	0.00290	0.03742	0.00517	0.00447	0.00871
5	0.01512	0.17479	0.49054	0.01752	0.02580	0.04124	0.04860	0.04648	0.01482	0.02063	0.01189	0.01411	0.00900	0.00787	0.03214	0.00229	0.00971	0.00491	0.00306	0.00947
6	0.00866	0.00622	0.00813	0.00935	0.01003	0.00585	0.00655	0.01015	0.01355	0.01802	0.09145	0.54859	0.07782	0.06672	0.01017	0.00293	0.00423	0.08992	0.00618	0.00552
7	0.01012	0.00757	0.00925	0.00985	0.01109	0.00750	0.00696	0.05543	0.07642	0.02063	0.09827	0.53629	0.08845	0.01822	0.00819	0.00255	0.00414	0.01628	0.00642	0.00638
8	0.07673	0.04505	0.13972	0.05239	0.08479	0.01426	0.22010	0.01796	0.01427	0.02074	0.04038	0.11437	0.05918	0.02453	0.00837	0.00234	0.04418	0.00853	0.00396	0.00817
9	0.01568	0.04161	0.31473	0.04601	0.05873	0.01496	0.01700	0.07330	0.16546	0.06607	0.01935	0.10384	0.01607	0.00888	0.00675	0.00220	0.00758	0.00741	0.00473	0.00965
10	0.00871	0.00712	0.00773	0.00752	0.00966	0.00629	0.00566	0.01150	0.04386	0.02094	0.24551	0.05903	0.51124	0.01578	0.00788	0.00222	0.00341	0.01334	0.00657	0.00604
11	0.01997	0.08095	0.11031	0.01540	0.02053	0.12592	0.04737	0.08464	0.28501	0.11096	0.01963	0.01918	0.01446	0.00779	0.00648	0.00206	0.00760	0.00622	0.00549	0.01002
12	0.01787	0.07090	0.02210	0.07539	0.05781	0.04242	0.12670	0.22581	0.10954	0.02703	0.02098	0.10183	0.05306	0.00927	0.00699	0.00214	0.00748	0.00817	0.00523	0.00926
13	0.01377	0.01129	0.01296	0.01009	0.01471	0.00957	0.00787	0.07805	0.04326	0.02313	0.05386	0.07431	0.07251	0.04665	0.00732	0.00170	0.00499	0.00687	0.00484	0.50224

[dist]
# distance from previous block
# <min> <max>
0	1

[block]
# block no. 10 follows, 32 sequences, length 20
# corresponding to MSA columns:
# 275-294
name=unknown_K
#
# <colnr> <probs for GDERKNQSTAVLIFYWHMCP>
#	G	D	E	R	K	N	Q	S	T	A	V	L	I	F	Y	W	H	M	C	P
0	0.01406	0.01143	0.01353	0.01130	0.01485	0.01120	0.00881	0.05393	0.12334	0.04265	0.04737	0.12975	0.05471	0.03731	0.00909	0.00205	0.08600	0.00815	0.00515	0.31532
1	0.02219	0.05423	0.02069	0.04177	0.13818	0.03456	0.04791	0.15442	0.06951	0.23663	0.01821	0.01839	0.01297	0.00721	0.00645	0.00192	0.00694	0.00605	0.00576	0.09600
2	0.01234	0.00918	0.01075	0.00982	0.01251	0.00880	0.00750	0.04307	0.12850	0.05897	0.23668	0.14343	0.16137	0.01330	0.00745	0.00215	0.00422	0.02947	0.00654	0.09393
3	0.01016	0.00771	0.00945	0.00887	0.01077	0.00744	0.00669	0.01497	0.09699	0.02616	0.57515	0.04873	0.12425	0.01352	0.00779	0.00214	0.00343	0.01182	0.00721	0.00675
4	0.01604	0.01536	0.02621	0.14295	0.62499	0.01579	0.02031	0.02010	0.01501	0.02123	0.01252	0.01679	0.01039	0.00608	0.00665	0.00203	0.00811	0.00598	0.00327	0.01017
5	0.01391	0.01193	0.01391	0.00994	0.01590	0.00894	0.00795	0.01690	0.01391	0.02186	0.01193	0.01391	0.00994	0.00497	0.00497	0.00099	0.00497	0.00398	0.00398	0.80521
6	0.00914	0.00684	0.00847	0.00806	0.00980	0.00618	0.00605	0.01197	0.01814	0.02489	0.56917	0.05344	0.21420	0.01447	0.00792	0.00215	0.00322	0.01260	0.00712	0.00618
7	0.01319	0.01211	0.01955	0.62459	0.07620	0.01477	0.01755	0.01877	0.07030	0.01857	0.01359	0.01868	0.01028	0.00691	0.00664	0.00220	0.00838	0.00611	0.03378	0.00782
8	0.00995	0.00767	0.00919	0.00872	0.01066	0.00734	0.00656	0.01454	0.09642	0.02494	0.48575	0.07133	0.19343	0.01409	0.00781	0.00218	0.00348	0.01224	0.00705	0.00665
9	0.00976	0.00651	0.00732	0.00732	0.00732	0.00651	0.00407	0.00976	0.00976	0.01301	0.02114	0.04391	0.02439	0.76419	0.03415	0.00651	0.00651	0.00976	0.00407	0.00407
10	0.02071	0.01703	0.02351	0.04494	0.02384	0.03888	0.17321	0.29511	0.09494	0.08165	0.03797	0.01887	0.01364	0.00804	0.00840	0.00219	0.07474	0.00681	0.00551	0.01000
11	0.81159	0.01298	0.00986	0.00882	0.01298	0.01505	0.00727	0.01972	0.01142	0.03010	0.00934	0.01090	0.00727	0.00623	0.00415	0.00208	0.00519	0.00363	0.00415	0.00727
12	0.01453	0.07007	0.38362	0.02070	0.04810	0.01587	0.20610	0.03750	0.01498	0.02137	0.01366	0.05242	0.01098	0.00682	0.00672	0.00208	0.00943	0.00639	0.00334	0.05531
13	0.00818	0.00584	0.00779	0.00934	0.00973	0.00545	0.00623	0.00934	0.01285	0.01713	0.03698	0.75981	0.04438	0.02102	0.00856	0.00273	0.00389	0.01908	0.00623	0.00545
14	0.01286	0.01212	0.02046	0.71451	0.07831	0.01496	0.01873	0.01731	0.01351	0.01737	0.01196	0.01783	0.00902	0.00667	0.00671	0.00222	0.00890	0.00596	0.00300	0.00760
15	0.00827	0.00588	0.00776	0.00922	0.00958	0.00552	0.00609	0.00937	0.01265	0.01687	0.03600	0.71541	0.04314	0.06711	0.01015	0.00296	0.00405	0.01850	0.00609	0.00536
16	0.81159	0.01298	0.00986	0.00882	0.01298	0.01505	0.00727	0.01972	0.01142	0.03010	0.00934	0.01090	0.00727	0.00623	0.00415	0.00208	0.00519	0.00363	0.00415	0.00727
17	0.02773	0.09786	0.01807	0.01220	0.01739	0.01282	0.01027	0.07450	0.05539	0.56570	0.02390	0.02115	0.01557	0.00804	0.00647	0.00201	0.00596	0.00639	0.00751	0.01106
18	0.01760	0.43870	0.04506	0.01156	0.01686	0.04080	0.01077	0.06456	0.01593	0.05695	0.09160	0.01681	0.01561	0.00687	0.00521	0.00154	0.00654	0.00500	0.00410	0.12792
19	0.01126	0.01018	0.00952	0.00907	0.01137	0.08940	0.00681	0.01373	0.03275	0.01995	0.15319	0.08589	0.32050	0.05677	0.00892	0.00236	0.00484	0.04556	0.04358	0.06434

[dist]
# distance from previous block
# <min> <max>
0	32

[block]
# block no. 11 follows, 32 sequences, length 34
# corresponding to MSA columns:
# 327-360
name=unknown_L
#
# <colnr> <probs for GDERKNQSTAVLIFYWHMCP>
#	G	D	E	R	K	N	Q	S	T	A	V	L	I	F	Y	W	H	M	C	P
0	0.14299	0.19834	0.02111	0.01366	0.05417	0.01697	0.02568	0.13893	0.01782	0.20418	0.01561	0.01603	0.01145	0.00849	0.03307	0.00216	0.00693	0.00520	0.00524	0.06199
1	0.04200	0.01975	0.05858	0.01380	0.01847	0.20738	0.01149	0.20512	0.02097	0.12882	0.03898	0.01972	0.05345	0.00799	0.00629	0.00185	0.00771	0.00600	0.04091	0.09072
2	0.01594	0.15524	0.03978	0.01593	0.06526	0.05225	0.11928	0.03825	0.04429	0.07812	0.06367	0.02862	0.08574	0.06005	0.05361	0.00285	0.00794	0.04539	0.00466	0.02312
3	0.04692	0.13865	0.19631	0.06293	0.04248	0.01669	0.12972	0.07216	0.05261	0.11744	0.01599	0.05133	0.01245	0.00737	0.00645	0.00206	0.00816	0.00640	0.00439	0.00947
4	0.11474	0.56532	0.05079	0.01310	0.05408	0.02357	0.01183	0.04598	0.01430	0.03998	0.01034	0.01174	0.00889	0.00599	0.00463	0.00160	0.00702	0.00394	0.00335	0.00878
5	0.01437	0.10173	0.11946	0.04187	0.07721	0.04241	0.01272	0.04729	0.01456	0.02025	0.01737	0.05486	0.04669	0.03204	0.05641	0.00256	0.04817	0.03435	0.02745	0.18824
6	0.01782	0.08443	0.01885	0.05639	0.03846	0.19637	0.01200	0.08970	0.05237	0.02010	0.01430	0.06488	0.01321	0.05508	0.02676	0.00250	0.14482	0.00634	0.00406	0.08157
7	0.01652	0.01054	0.01139	0.00982	0.01262	0.01135	0.00779	0.24372	0.01954	0.02974	0.01952	0.02219	0.01522	0.01261	0.08665	0.00274	0.00619	0.00629	0.44759	0.00795
8	0.00879	0.00671	0.00818	0.00917	0.01030	0.00631	0.00651	0.01126	0.05448	0.01822	0.04400	0.49838	0.20998	0.01916	0.00835	0.00261	0.00401	0.06148	0.00626	0.00586
9	0.01761	0.01107	0.01122	0.00965	0.01257	0.03744	0.00761	0.20046	0.03736	0.07156	0.02034	0.02203	0.01539	0.00791	0.00546	0.00174	0.00481	0.00619	0.49147	0.00811
10	0.00826	0.00685	0.00717	0.00725	0.00935	0.00586	0.00549	0.01004	0.01523	0.01840	0.08970	0.06392	0.62046	0.04681	0.00907	0.00248	0.00370	0.05811	0.00619	0.00566
11	0.06698	0.01904	0.02245	0.13464	0.30591	0.20336	0.05252	0.02189	0.04319	0.02034	0.01323	0.04222	0.01123	0.00699	0.00649	0.00202	0.00895	0.00603	0.00360	0.00894
12	0.00938	0.00681	0.00884	0.00843	0.00998	0.00627	0.00628	0.01240	0.01858	0.02614	0.66401	0.08393	0.08541	0.01417	0.00794	0.00214	0.00321	0.01253	0.00729	0.00627
13	0.01360	0.03368	0.68683	0.01969	0.02941	0.01567	0.06636	0.02126	0.01427	0.02126	0.01214	0.01441	0.00860	0.00633	0.00647	0.00213	0.01000	0.00514	0.00287	0.00986
14	0.70298	0.01276	0.01066	0.00926	0.01355	0.01433	0.00763	0.02153	0.01250	0.12695	0.01172	0.01256	0.00857	0.00652	0.00451	0.00208	0.00526	0.00407	0.00473	0.00784
15	0.00962	0.00700	0.00979	0.00974	0.01069	0.00775	0.00717	0.01152	0.01130	0.01601	0.08344	0.03273	0.02288	0.21669	0.50296	0.00897	0.01388	0.00826	0.00406	0.00556
16	0.01391	0.01193	0.01391	0.00994	0.01590	0.00894	0.00795	0.01690	0.01391	0.02186	0.01193	0.01391	0.00994	0.00497	0.00497	0.00099	0.00497	0.00398	0.00398	0.80521
17	0.10226	0.01156	0.01504	0.01165	0.01675	0.01034	0.00962	0.03150	0.01849	0.66263	0.02489	0.02174	0.01575	0.00811	0.00651	0.00208	0.00566	0.00646	0.00792	0.01104
18	0.01630	0.01408	0.01480	0.01335	0.01708	0.01620	0.01038	0.03451	0.67959	0.02763	0.02910	0.02678	0.05129	0.00945	0.00688	0.00228	0.00523	0.00788	0.00680	0.01040
19	0.01661	0.01594	0.02724	0.04119	0.72233	0.01594	0.02059	0.02059	0.01528	0.02192	0.01262	0.01661	0.01063	0.00598	0.00664	0.00199	0.00797	0.00598	0.00332	0.01063
20	0.02464	0.01460	0.01806	0.04487	0.06308	0.01498	0.01196	0.25946	0.07606	0.30742	0.02026	0.01940	0.01387	0.00799	0.00706	0.00204	0.02721	0.00632	0.00674	0.05398
21	0.00975	0.00728	0.00912	0.00866	0.01039	0.00688	0.00649	0.01369	0.06111	0.02583	0.59283	0.07954	0.11501	0.01401	0.00788	0.00216	0.00335	0.01232	0.00721	0.00650
22	0.07036	0.01649	0.01842	0.01438	0.01943	0.01771	0.04001	0.42515	0.12485	0.03557	0.04426	0.01823	0.01427	0.00785	0.00646	0.00195	0.00666	0.00619	0.00613	0.10566
23	0.19907	0.01777	0.01689	0.01364	0.01835	0.08146	0.01106	0.41296	0.05207	0.03509	0.01513	0.04117	0.01172	0.00794	0.00609	0.00200	0.00701	0.00580	0.00574	0.03904
24	0.00902	0.00683	0.00927	0.00993	0.01097	0.00640	0.03085	0.02916	0.01408	0.01860	0.06991	0.58905	0.11702	0.01929	0.00841	0.00262	0.00422	0.03239	0.00619	0.00582
25	0.05464	0.02435	0.02044	0.01708	0.02100	0.36120	0.05516	0.23672	0.02151	0.02538	0.01216	0.01396	0.00957	0.00769	0.00803	0.00200	0.09049	0.00523	0.00445	0.00893
26	0.01306	0.01220	0.02051	0.62318	0.12714	0.01466	0.01846	0.01740	0.01375	0.01788	0.01325	0.02076	0.01070	0.00724	0.00683	0.00225	0.00868	0.04109	0.00319	0.00777
27	0.01576	0.01518	0.02605	0.13115	0.58340	0.01548	0.04519	0.01979	0.01506	0.02115	0.01454	0.01854	0.03571	0.00645	0.00675	0.00204	0.00806	0.00634	0.00338	0.00998
28	0.01379	0.01263	0.01490	0.01333	0.01617	0.07395	0.07566	0.02215	0.25383	0.02353	0.17749	0.12924	0.04964	0.01342	0.03335	0.00260	0.00628	0.05392	0.00608	0.00803
29	0.01071	0.00751	0.00972	0.00949	0.01132	0.00714	0.00748	0.01442	0.04706	0.04963	0.49235	0.05408	0.08920	0.01449	0.00810	0.00232	0.00397	0.14729	0.00709	0.00662
30	0.01313	0.00948	0.01357	0.07920	0.01685	0.00930	0.06941	0.04176	0.04699	0.10135	0.18750	0.12838	0.17111	0.04450	0.03452	0.00273	0.00576	0.01115	0.00604	0.00728
31	0.01624	0.01805	0.10350	0.03829	0.62007	0.01594	0.04810	0.02070	0.01518	0.02183	0.01260	0.01640	0.01038	0.00601	0.00666	0.00202	0.00831	0.00595	0.00327	0.01049
32	0.01511	0.10760	0.13594	0.03574	0.09014	0.01525	0.04461	0.02359	0.21498	0.04339	0.09110	0.02327	0.03824	0.00999	0.03872	0.00240	0.00720	0.00690	0.00488	0.05093
33	0.06836	0.09183	0.29664	0.01863	0.10620	0.04108	0.04140	0.02255	0.07877	0.06573	0.04360	0.01702	0.01275	0.00684	0.00615	0.00197	0.00795	0.00554	0.00400	0.06300

[dist]
