[name]
unknown

[dist]
# distance from previous block
# <min> <max>
0	10

[block]
# block no. 0 follows, 34 sequences, length 81
# corresponding to MSA columns:
# 10-90
name=unknown_A
#
# <colnr> <probs for GDERKNQSTAVLIFYWHMCP>
#	G	D	E	R	K	N	Q	S	T	A	V	L	I	F	Y	W	H	M	C	P
0	0.04359	0.00802	0.01028	0.00968	0.01208	0.00740	0.00784	0.01497	0.01649	0.08635	0.35902	0.04746	0.04223	0.01282	0.00742	0.00217	0.00436	0.20252	0.00636	0.09894
1	0.00812	0.00573	0.00743	0.00869	0.00900	0.00541	0.00567	0.00906	0.01190	0.01586	0.03318	0.65288	0.03967	0.14025	0.01218	0.00320	0.00415	0.01694	0.00567	0.00504
2	0.01555	0.15663	0.48778	0.01778	0.05996	0.08419	0.01985	0.02120	0.01424	0.04941	0.01162	0.01338	0.00865	0.00614	0.00580	0.00189	0.00903	0.00462	0.00304	0.00924
3	0.01347	0.01184	0.01469	0.05489	0.03566	0.01018	0.00919	0.01631	0.01307	0.02027	0.01122	0.01376	0.00943	0.00553	0.00648	0.00123	0.07677	0.00416	0.00366	0.66822
4	0.02454	0.01873	0.01934	0.01496	0.02003	0.05628	0.01229	0.67691	0.02978	0.03948	0.01524	0.01532	0.01086	0.00770	0.00643	0.00193	0.00734	0.00573	0.00631	0.01081
5	0.01413	0.01362	0.01774	0.32765	0.10589	0.07753	0.01373	0.01761	0.01378	0.01868	0.01142	0.01513	0.00913	0.00576	0.00576	0.00163	0.00732	0.00487	0.00331	0.31530
6	0.00923	0.00692	0.01038	0.01038	0.01154	0.00808	0.00808	0.01154	0.01038	0.01500	0.01731	0.02538	0.01615	0.04846	0.74732	0.01038	0.01731	0.00692	0.00346	0.00577
7	0.01490	0.01667	0.03555	0.02569	0.03179	0.01575	0.64322	0.02067	0.04487	0.02075	0.01480	0.05665	0.01193	0.00635	0.00761	0.00220	0.01028	0.00817	0.00355	0.00860
8	0.01727	0.77681	0.03386	0.01106	0.01658	0.02557	0.01106	0.01935	0.01313	0.01520	0.00898	0.01036	0.00829	0.00553	0.00415	0.00138	0.00691	0.00345	0.00276	0.00829
9	0.01379	0.01254	0.01768	0.17113	0.11136	0.01262	0.03763	0.01877	0.09214	0.02043	0.03120	0.01680	0.01180	0.00647	0.00706	0.00169	0.06845	0.00534	0.00384	0.33925
10	0.01277	0.01206	0.02041	0.64976	0.14769	0.01450	0.01823	0.01701	0.01319	0.01720	0.01158	0.01704	0.00886	0.00635	0.00645	0.00212	0.00847	0.00574	0.00292	0.00764
11	0.01607	0.01388	0.01461	0.01315	0.01680	0.01607	0.01023	0.03433	0.72094	0.02703	0.02630	0.02411	0.01972	0.00877	0.00657	0.00219	0.00511	0.00731	0.00657	0.01023
12	0.05138	0.00599	0.00840	0.00835	0.00855	0.00609	0.00559	0.00900	0.00860	0.01218	0.01159	0.02037	0.01165	0.06080	0.02459	0.72957	0.00562	0.00570	0.00292	0.00307
13	0.01599	0.01535	0.02623	0.03966	0.73262	0.01535	0.01983	0.01983	0.01471	0.02111	0.01215	0.01599	0.01023	0.00576	0.00640	0.00192	0.00768	0.00576	0.00320	0.01023
14	0.01041	0.00744	0.01041	0.01190	0.01339	0.00744	0.01041	0.01339	0.01487	0.01934	0.03421	0.07288	0.03719	0.01785	0.00892	0.00297	0.00595	0.68913	0.00595	0.00595
15	0.01607	0.01388	0.01461	0.01315	0.01680	0.01607	0.01023	0.03433	0.72094	0.02703	0.02630	0.02411	0.01972	0.00877	0.00657	0.00219	0.00511	0.00731	0.00657	0.01023
16	0.01340	0.01148	0.01340	0.00957	0.01531	0.00861	0.00766	0.01627	0.01340	0.02105	0.01148	0.01340	0.00957	0.00479	0.00479	0.00096	0.00479	0.00383	0.00383	0.81242
17	0.07464	0.01108	0.01468	0.01132	0.01626	0.00979	0.00935	0.03077	0.01806	0.69615	0.02454	0.02133	0.01547	0.00788	0.00635	0.00200	0.00547	0.00632	0.00777	0.01076
18	0.01027	0.00733	0.01024	0.01173	0.01315	0.00731	0.01016	0.01313	0.01473	0.01917	0.03429	0.11311	0.03751	0.01799	0.00889	0.00295	0.00582	0.65035	0.00595	0.00591
19	0.00769	0.00632	0.00678	0.00714	0.00888	0.00540	0.00517	0.00921	0.01415	0.01722	0.05820	0.23385	0.56301	0.01731	0.00778	0.00229	0.00339	0.01479	0.00600	0.00540
20	0.01220	0.01148	0.01938	0.75739	0.04450	0.01436	0.01794	0.01651	0.01292	0.01651	0.01148	0.01723	0.00861	0.00646	0.00646	0.00215	0.00861	0.00574	0.00287	0.00718
21	0.02899	0.01100	0.01499	0.01150	0.01649	0.00950	0.00950	0.03149	0.01849	0.73709	0.02549	0.02199	0.01599	0.00800	0.00650	0.00200	0.00550	0.00650	0.00800	0.01100
22	0.01220	0.01148	0.01938	0.75739	0.04450	0.01436	0.01794	0.01651	0.01292	0.01651	0.01148	0.01723	0.00861	0.00646	0.00646	0.00215	0.00861	0.00574	0.00287	0.00718
23	0.01517	0.01602	0.05859	0.18442	0.23414	0.01536	0.31583	0.01991	0.01464	0.04339	0.01282	0.01697	0.00981	0.00586	0.00693	0.00209	0.00926	0.00654	0.00330	0.00893
24	0.01340	0.01148	0.01340	0.00957	0.01531	0.00861	0.00766	0.01627	0.01340	0.02105	0.01148	0.01340	0.00957	0.00479	0.00479	0.00096	0.00479	0.00383	0.00383	0.81242
25	0.00936	0.00641	0.00780	0.00780	0.00807	0.00668	0.00486	0.00988	0.00962	0.01309	0.01967	0.03845	0.02183	0.60847	0.19506	0.00720	0.00877	0.00883	0.00381	0.00434
26	0.00927	0.00628	0.00717	0.00719	0.00739	0.00619	0.00419	0.00960	0.01036	0.01387	0.07754	0.06960	0.04941	0.66270	0.02923	0.00567	0.00583	0.01003	0.00431	0.00418
27	0.01531	0.01315	0.02176	0.13909	0.46946	0.01340	0.01681	0.01900	0.01518	0.07083	0.10728	0.02216	0.01767	0.00728	0.00663	0.00200	0.00702	0.02273	0.00406	0.00919
28	0.25427	0.01387	0.01924	0.21316	0.27839	0.03761	0.03763	0.01879	0.01328	0.02205	0.01154	0.01596	0.00943	0.00632	0.00578	0.00203	0.00731	0.02168	0.00343	0.00824
29	0.02414	0.03079	0.01831	0.01665	0.01998	0.74698	0.01248	0.02580	0.01831	0.01581	0.00999	0.01165	0.00832	0.00666	0.00583	0.00166	0.01165	0.00416	0.00333	0.00749
30	0.00966	0.00694	0.00951	0.01086	0.01212	0.00679	0.00899	0.01214	0.01440	0.01883	0.06090	0.23505	0.06758	0.01818	0.00867	0.00283	0.00522	0.47954	0.00601	0.00577
31	0.00981	0.00674	0.00798	0.00802	0.00976	0.00599	0.00593	0.01162	0.01480	0.07276	0.16181	0.20047	0.34197	0.06241	0.00929	0.00253	0.00384	0.05220	0.00620	0.00587
32	0.70698	0.01264	0.01049	0.00909	0.01324	0.01432	0.00749	0.05464	0.01265	0.09414	0.01083	0.01179	0.00802	0.00627	0.00435	0.00200	0.00515	0.00389	0.00449	0.00756
33	0.00792	0.00566	0.00754	0.00896	0.00938	0.00528	0.00600	0.00913	0.01261	0.01688	0.06388	0.73935	0.04348	0.01996	0.00822	0.00260	0.00372	0.01810	0.00604	0.00528
34	0.19091	0.01093	0.01185	0.01027	0.01356	0.01149	0.00808	0.09598	0.12238	0.15934	0.16575	0.07667	0.02540	0.03467	0.00712	0.00220	0.00483	0.00786	0.03251	0.00822
35	0.05604	0.00797	0.00977	0.00929	0.01146	0.00754	0.00691	0.01665	0.05821	0.17889	0.15377	0.29012	0.11085	0.04183	0.00826	0.00241	0.00420	0.01228	0.00649	0.00704
36	0.00798	0.00567	0.00747	0.00886	0.00921	0.00532	0.00586	0.00902	0.01217	0.01622	0.03457	0.71889	0.04142	0.07186	0.00994	0.00287	0.00392	0.01775	0.00586	0.00516
37	0.03110	0.00652	0.00838	0.00914	0.01015	0.00621	0.00638	0.01184	0.03635	0.06018	0.13402	0.57753	0.04213	0.01777	0.00789	0.00247	0.00383	0.01597	0.00624	0.00591
38	0.64629	0.01179	0.01015	0.00897	0.01285	0.01311	0.00729	0.02010	0.01218	0.13087	0.01328	0.06611	0.01085	0.00730	0.00466	0.00204	0.00498	0.00499	0.00472	0.00745
39	0.00988	0.00690	0.00873	0.00846	0.01008	0.00642	0.00627	0.01302	0.04454	0.05344	0.48189	0.17567	0.12140	0.01438	0.00765	0.00216	0.00338	0.01268	0.00682	0.00625
40	0.01867	0.01441	0.01555	0.01323	0.01725	0.01618	0.01050	0.20436	0.46809	0.07392	0.05856	0.02301	0.01934	0.00869	0.00659	0.00211	0.00554	0.00710	0.00666	0.01026
41	0.55691	0.01205	0.01074	0.00945	0.01327	0.01348	0.00764	0.04799	0.07562	0.09837	0.05586	0.04724	0.01384	0.00753	0.00496	0.00204	0.00497	0.00533	0.00498	0.00771
42	0.59252	0.01312	0.01136	0.00979	0.01389	0.01494	0.00800	0.10986	0.07785	0.05806	0.01235	0.01317	0.00925	0.00659	0.00466	0.00200	0.00525	0.00432	0.02508	0.00794
43	0.00815	0.00657	0.00725	0.00708	0.00904	0.00567	0.00531	0.01026	0.01593	0.02031	0.28938	0.05749	0.50429	0.01530	0.00763	0.00213	0.00320	0.01298	0.00638	0.00567
44	0.00923	0.00692	0.01038	0.01038	0.01154	0.00808	0.00808	0.01154	0.01038	0.01500	0.01731	0.02538	0.01615	0.04846	0.74732	0.01038	0.01731	0.00692	0.00346	0.00577
45	0.01342	0.00911	0.01102	0.01013	0.01223	0.00961	0.00756	0.04063	0.18290	0.09841	0.16470	0.07109	0.02864	0.16629	0.14086	0.00437	0.00708	0.00897	0.00574	0.00724
46	0.00923	0.00692	0.01038	0.01038	0.01154	0.00808	0.00808	0.01154	0.01038	0.01500	0.01731	0.02538	0.01615	0.04846	0.74732	0.01038	0.01731	0.00692	0.00346	0.00577
47	0.01607	0.01388	0.01461	0.01315	0.01680	0.01607	0.01023	0.03433	0.72094	0.02703	0.02630	0.02411	0.01972	0.00877	0.00657	0.00219	0.00511	0.00731	0.00657	0.01023
48	0.00924	0.00689	0.01021	0.01021	0.01131	0.00798	0.00786	0.01143	0.01033	0.01487	0.01747	0.02626	0.01653	0.08601	0.71029	0.01017	0.01673	0.00705	0.00348	0.00567
49	0.04861	0.01774	0.03876	0.32714	0.12857	0.17522	0.01591	0.10024	0.01619	0.02037	0.01149	0.01514	0.00897	0.00675	0.00688	0.00201	0.04309	0.00529	0.00347	0.00816
50	0.01054	0.00665	0.00791	0.00789	0.00848	0.00648	0.00508	0.01120	0.01115	0.05844	0.05409	0.08236	0.04997	0.56218	0.02594	0.00521	0.00582	0.07120	0.00466	0.00474
51	0.00874	0.00627	0.00811	0.00930	0.00992	0.00601	0.00632	0.04539	0.01330	0.01775	0.03457	0.72967	0.04109	0.01960	0.00815	0.00259	0.00392	0.01772	0.00602	0.00555
52	0.01603	0.01734	0.02018	0.01728	0.01813	0.15415	0.03892	0.01763	0.01164	0.01578	0.00893	0.01380	0.00850	0.01024	0.01787	0.00259	0.59542	0.00545	0.00294	0.00721
53	0.01524	0.01458	0.02486	0.18298	0.59521	0.01515	0.01945	0.01917	0.01435	0.02019	0.01202	0.01624	0.00991	0.00590	0.00641	0.00197	0.00786	0.00575	0.00313	0.00962
54	0.01727	0.77681	0.03386	0.01106	0.01658	0.02557	0.01106	0.01935	0.01313	0.01520	0.00898	0.01036	0.00829	0.00553	0.00415	0.00138	0.00691	0.00345	0.00276	0.00829
55	0.02291	0.13681	0.02049	0.01563	0.01939	0.57756	0.01219	0.06447	0.04128	0.01752	0.01069	0.01210	0.00884	0.00663	0.00565	0.00166	0.01050	0.00426	0.00353	0.00790
56	0.01751	0.75195	0.03338	0.01118	0.01670	0.02539	0.01110	0.04201	0.01369	0.01604	0.00920	0.01053	0.00838	0.00560	0.00422	0.00140	0.00692	0.00353	0.00289	0.00838
57	0.00940	0.00626	0.00705	0.00705	0.00705	0.00626	0.00392	0.00940	0.00940	0.01253	0.02036	0.04228	0.02349	0.77292	0.03289	0.00626	0.00626	0.00940	0.00392	0.00392
58	0.02386	0.01199	0.04832	0.04865	0.01760	0.01031	0.01021	0.08437	0.01868	0.49879	0.07953	0.02595	0.07423	0.00886	0.00665	0.00202	0.00562	0.00727	0.00714	0.00993
59	0.01714	0.75434	0.05518	0.01128	0.01693	0.02525	0.01144	0.01938	0.01314	0.01536	0.00906	0.01046	0.00829	0.00555	0.00421	0.00140	0.00699	0.00349	0.00276	0.00833
60	0.00910	0.00660	0.00857	0.00808	0.00962	0.00608	0.00606	0.01210	0.01817	0.02563	0.70741	0.04872	0.08293	0.01331	0.00762	0.00204	0.00306	0.01175	0.00708	0.00608
61	0.01340	0.01148	0.01340	0.00957	0.01531	0.00861	0.00766	0.01627	0.01340	0.02105	0.01148	0.01340	0.00957	0.00479	0.00479	0.00096	0.00479	0.00383	0.00383	0.81242
62	0.00774	0.00655	0.00669	0.00666	0.00879	0.00550	0.00499	0.00947	0.01497	0.01804	0.11137	0.06122	0.68371	0.01615	0.00764	0.00217	0.00326	0.01350	0.00608	0.00550
63	0.01340	0.01148	0.01340	0.00957	0.01531	0.00861	0.00766	0.01627	0.01340	0.02105	0.01148	0.01340	0.00957	0.00479	0.00479	0.00096	0.00479	0.00383	0.00383	0.81242
64	0.01340	0.01148	0.01340	0.00957	0.01531	0.00861	0.00766	0.01627	0.01340	0.02105	0.01148	0.01340	0.00957	0.00479	0.00479	0.00096	0.00479	0.00383	0.00383	0.81242
65	0.00793	0.00656	0.00695	0.00686	0.00891	0.00558	0.00514	0.00984	0.01542	0.01911	0.19537	0.05946	0.59904	0.01575	0.00763	0.00215	0.00323	0.01325	0.00622	0.00558
66	0.01835	0.66527	0.03173	0.01162	0.01709	0.02475	0.01124	0.12104	0.01566	0.01895	0.00994	0.01112	0.00869	0.00586	0.00449	0.00146	0.00694	0.00380	0.00331	0.00869
67	0.01502	0.02665	0.51254	0.01714	0.05440	0.01339	0.01952	0.02107	0.01421	0.10396	0.01322	0.01467	0.00939	0.00613	0.00598	0.00187	0.00826	0.00487	0.00353	0.13417
68	0.04726	0.01868	0.15745	0.03240	0.47681	0.01522	0.09885	0.02031	0.01453	0.03935	0.01237	0.01566	0.00983	0.00586	0.00640	0.00198	0.00823	0.00572	0.00327	0.00983
69	0.01312	0.06047	0.71377	0.01815	0.02755	0.01539	0.02341	0.02042	0.01362	0.02027	0.01150	0.01352	0.00819	0.00612	0.00607	0.00202	0.00945	0.00473	0.00273	0.00950
70	0.00787	0.00562	0.00750	0.00900	0.00937	0.00525	0.00600	0.00900	0.01237	0.01649	0.03561	0.76871	0.04274	0.02024	0.00825	0.00262	0.00375	0.01837	0.00600	0.00525
71	0.01734	0.04817	0.37702	0.06454	0.09631	0.01414	0.07007	0.02276	0.01496	0.19059	0.01497	0.01625	0.01040	0.00649	0.00631	0.00202	0.00836	0.00551	0.00408	0.00971
72	0.01681	0.01602	0.05325	0.02479	0.13098	0.01471	0.41240	0.02243	0.06232	0.11469	0.05250	0.01973	0.01393	0.00647	0.00718	0.00211	0.00889	0.00730	0.00427	0.00923
73	0.00787	0.00562	0.00750	0.00900	0.00937	0.00525	0.00600	0.00900	0.01237	0.01649	0.03561	0.76871	0.04274	0.02024	0.00825	0.00262	0.00375	0.01837	0.00600	0.00525
74	0.01540	0.01512	0.02689	0.13100	0.55235	0.01535	0.10948	0.01951	0.01455	0.02046	0.01219	0.01634	0.00997	0.00581	0.00657	0.00198	0.00822	0.00600	0.00317	0.00964
75	0.01525	0.01488	0.02647	0.10501	0.53232	0.01500	0.11660	0.01931	0.01463	0.02052	0.01332	0.01915	0.01136	0.00638	0.00670	0.00203	0.00813	0.04009	0.00331	0.00951
76	0.01296	0.03342	0.73944	0.01842	0.02797	0.01501	0.02387	0.02046	0.01364	0.02046	0.01160	0.01364	0.00818	0.00614	0.00614	0.00205	0.00955	0.00477	0.00273	0.00955
77	0.00926	0.00682	0.00987	0.00987	0.01085	0.00780	0.00744	0.01121	0.01023	0.01462	0.01777	0.02797	0.01727	0.15916	0.63815	0.00975	0.01562	0.00730	0.00353	0.00549
78	0.01490	0.02865	0.55341	0.01702	0.02499	0.05210	0.02044	0.04995	0.01487	0.07246	0.01404	0.01765	0.01064	0.00868	0.03650	0.00240	0.00940	0.03912	0.00349	0.00927
79	0.01503	0.05456	0.13233	0.01529	0.04755	0.04797	0.10684	0.01905	0.04467	0.12891	0.06859	0.22881	0.02393	0.01108	0.00706	0.00219	0.00670	0.02631	0.00509	0.00804
80	0.01395	0.04937	0.18834	0.06622	0.19123	0.01646	0.04240	0.01767	0.01257	0.01830	0.01222	0.06407	0.01112	0.00864	0.01129	0.00230	0.25603	0.00630	0.00312	0.00839

[dist]
# distance from previous block
# <min> <max>
0	11

# created by:
# /home/berkeley/.conda/envs/busco_data_prod/bin/msa2prfl.pl pipeline/OGs_align_augustus/4893/6910.fs
