[name]
unknown

[dist]
# distance from previous block
# <min> <max>
0	2

[block]
# block no. 0 follows, 29 sequences, length 17
# corresponding to MSA columns:
# 2-9,12-20
name=unknown_A
#
# <colnr> <probs for GDERKNQSTAVLIFYWHMCP>
#	G	D	E	R	K	N	Q	S	T	A	V	L	I	F	Y	W	H	M	C	P
0	0.01747	0.01590	0.09170	0.01523	0.02014	0.01363	0.04982	0.19502	0.02068	0.05100	0.02363	0.03997	0.02219	0.01173	0.00783	0.00240	0.00739	0.24436	0.00584	0.14407
1	0.02610	0.08101	0.05019	0.01564	0.02134	0.05883	0.01338	0.43111	0.06293	0.14081	0.01828	0.01789	0.01292	0.00830	0.00687	0.00210	0.00782	0.00625	0.00669	0.01154
2	0.01925	0.01257	0.01465	0.01244	0.01602	0.01299	0.00981	0.21861	0.09358	0.13863	0.19603	0.10231	0.05559	0.03674	0.00873	0.00247	0.00564	0.02708	0.00741	0.00946
3	0.01327	0.00664	0.00664	0.00664	0.00830	0.00664	0.00498	0.01659	0.01493	0.02655	0.02323	0.02655	0.01825	0.00830	0.00498	0.00166	0.00332	0.00664	0.78928	0.00664
4	0.01784	0.01776	0.03168	0.10639	0.03192	0.01928	0.34410	0.12994	0.01794	0.02465	0.01351	0.01802	0.01054	0.00800	0.01140	0.00251	0.17372	0.00735	0.00402	0.00942
5	0.08145	0.01276	0.01407	0.01201	0.01590	0.01332	0.00945	0.09863	0.23906	0.06388	0.22898	0.03078	0.03174	0.01018	0.00710	0.00213	0.00515	0.00847	0.00687	0.10807
6	0.02606	0.06703	0.02146	0.01707	0.02171	0.37321	0.01349	0.29483	0.04899	0.02902	0.01406	0.01498	0.01081	0.00785	0.00663	0.00196	0.01026	0.00541	0.00517	0.00998
7	0.05001	0.01260	0.01493	0.01091	0.01700	0.00994	0.00880	0.02130	0.01575	0.15681	0.01554	0.01647	0.01180	0.00601	0.00560	0.00132	0.00544	0.00477	0.00512	0.60986
8	0.00958	0.00721	0.00899	0.00995	0.01117	0.00684	0.00720	0.01240	0.05243	0.02041	0.11220	0.44148	0.16292	0.01977	0.00888	0.00276	0.00431	0.08842	0.00677	0.00631
9	0.06498	0.05831	0.15787	0.02271	0.05174	0.07105	0.29244	0.04083	0.03799	0.10980	0.01556	0.01787	0.01133	0.00683	0.00726	0.00224	0.01004	0.00675	0.00437	0.01002
10	0.01606	0.01800	0.06772	0.19410	0.11720	0.01727	0.36329	0.02276	0.06778	0.02231	0.01491	0.01932	0.01130	0.00662	0.00777	0.00235	0.01044	0.00749	0.00374	0.00958
11	0.00938	0.00670	0.00805	0.00866	0.00932	0.00631	0.00562	0.01045	0.01342	0.01771	0.09965	0.33064	0.13388	0.28571	0.01881	0.00422	0.00499	0.01522	0.00589	0.00537
12	0.01309	0.00924	0.01025	0.00947	0.01201	0.03188	0.00720	0.04966	0.01879	0.09709	0.26992	0.11370	0.29979	0.01541	0.00820	0.00234	0.00437	0.01312	0.00718	0.00727
13	0.07277	0.01735	0.02309	0.03863	0.05850	0.03927	0.13536	0.22583	0.13466	0.15155	0.01955	0.01991	0.01396	0.00800	0.00719	0.00224	0.00801	0.00696	0.00622	0.01095
14	0.01640	0.01578	0.02737	0.03659	0.51441	0.01542	0.09461	0.02045	0.01592	0.02266	0.01624	0.09560	0.01502	0.00795	0.00732	0.00217	0.00822	0.00795	0.00390	0.05600
15	0.25324	0.01745	0.01686	0.04497	0.05936	0.09317	0.01181	0.15060	0.17197	0.08711	0.01751	0.01784	0.01297	0.00793	0.00627	0.00220	0.00715	0.00588	0.00574	0.00998
16	0.05747	0.29941	0.10602	0.01634	0.02125	0.16261	0.04412	0.04056	0.01551	0.01941	0.01074	0.01342	0.00926	0.00772	0.00900	0.00206	0.14795	0.00487	0.00338	0.00890

[dist]
# distance from previous block
# <min> <max>
53	86

[block]
# block no. 1 follows, 29 sequences, length 41
# corresponding to MSA columns:
# 126-166
name=unknown_B
#
# <colnr> <probs for GDERKNQSTAVLIFYWHMCP>
#	G	D	E	R	K	N	Q	S	T	A	V	L	I	F	Y	W	H	M	C	P
0	0.15889	0.01815	0.01809	0.04575	0.05044	0.16129	0.04933	0.06835	0.08808	0.07861	0.01948	0.02265	0.05320	0.02653	0.00860	0.00235	0.06298	0.02834	0.00504	0.03386
1	0.19244	0.13022	0.09487	0.01454	0.02010	0.05713	0.05557	0.11385	0.05392	0.12362	0.04254	0.01797	0.01374	0.00911	0.02926	0.00240	0.00795	0.00584	0.00521	0.00971
2	0.15941	0.04661	0.08161	0.01461	0.01951	0.08592	0.05086	0.13202	0.04980	0.09593	0.05863	0.04119	0.05867	0.00913	0.00739	0.00219	0.03974	0.00704	0.00546	0.03427
3	0.04890	0.12852	0.08752	0.08789	0.05104	0.09591	0.05177	0.02064	0.01595	0.07400	0.08358	0.04437	0.03529	0.04199	0.00915	0.00238	0.05465	0.02746	0.00454	0.03445
4	0.08325	0.12871	0.06428	0.01803	0.07827	0.04222	0.05317	0.22342	0.09767	0.06501	0.03789	0.01825	0.01391	0.00803	0.00725	0.00214	0.03643	0.00623	0.00540	0.01045
5	0.06552	0.12094	0.16355	0.03927	0.02334	0.06252	0.05528	0.11521	0.11627	0.08392	0.01735	0.02008	0.01344	0.00827	0.00735	0.00222	0.03699	0.03338	0.00500	0.01008
6	0.04660	0.17057	0.07782	0.01453	0.01987	0.05607	0.01296	0.29253	0.04840	0.06598	0.06700	0.06166	0.01768	0.00908	0.00666	0.00207	0.00747	0.00699	0.00580	0.01023
7	0.01243	0.05040	0.01073	0.00925	0.00973	0.00752	0.00638	0.01010	0.01001	0.01307	0.01591	0.02500	0.04835	0.06868	0.02599	0.65648	0.00618	0.00676	0.00335	0.00367
8	0.01309	0.00930	0.01094	0.01025	0.01261	0.00908	0.00772	0.10328	0.05019	0.06076	0.24283	0.22210	0.18821	0.01593	0.00829	0.00243	0.00444	0.01381	0.00719	0.00753
9	0.01963	0.17979	0.06934	0.09203	0.02568	0.17696	0.09897	0.08609	0.01795	0.02200	0.01235	0.01487	0.00991	0.00661	0.00625	0.00182	0.00936	0.00525	0.00386	0.14129
10	0.01610	0.06477	0.14756	0.02623	0.03366	0.01776	0.50083	0.02204	0.01635	0.02223	0.01683	0.02060	0.04583	0.00675	0.00792	0.00233	0.01108	0.00797	0.00363	0.00954
11	0.01026	0.00686	0.00780	0.00789	0.00792	0.00684	0.00445	0.01033	0.01055	0.01406	0.02343	0.08780	0.02714	0.70684	0.03464	0.00667	0.00674	0.01094	0.00445	0.00440
12	0.02593	0.01796	0.02068	0.04567	0.02222	0.02003	0.01356	0.47996	0.02811	0.14157	0.01769	0.01808	0.01252	0.00898	0.00899	0.00227	0.09107	0.00650	0.00676	0.01144
13	0.05630	0.01875	0.02160	0.12868	0.15773	0.10524	0.01548	0.26286	0.02303	0.11738	0.01605	0.01763	0.01171	0.00771	0.00691	0.00214	0.00850	0.00615	0.00550	0.01066
14	0.01096	0.00793	0.01075	0.01180	0.01350	0.00772	0.01001	0.01415	0.01720	0.02274	0.18428	0.07360	0.09333	0.01844	0.00942	0.00299	0.00565	0.47215	0.00684	0.00655
15	0.01896	0.01953	0.04920	0.05984	0.23997	0.06929	0.30875	0.07343	0.01814	0.05101	0.01448	0.01818	0.01110	0.00657	0.00760	0.00224	0.01029	0.00713	0.00402	0.01026
16	0.00915	0.00715	0.00832	0.00841	0.01028	0.00632	0.00627	0.01149	0.01727	0.02243	0.28538	0.14993	0.37070	0.01744	0.00855	0.00245	0.00371	0.04148	0.00704	0.00625
17	0.01687	0.12183	0.18661	0.10884	0.10071	0.08887	0.06019	0.02107	0.01461	0.01952	0.01154	0.01549	0.00954	0.00806	0.01062	0.00233	0.18526	0.00568	0.00322	0.00916
18	0.01904	0.75404	0.03731	0.01218	0.01828	0.02818	0.01218	0.02132	0.01447	0.01675	0.00990	0.01142	0.00914	0.00609	0.00457	0.00152	0.00761	0.00381	0.00305	0.00914
19	0.01530	0.01331	0.01678	0.09377	0.04791	0.01180	0.01090	0.04601	0.01531	0.02318	0.01267	0.01550	0.01045	0.00611	0.00676	0.00142	0.05177	0.00476	0.00413	0.59217
20	0.01082	0.00768	0.00983	0.01092	0.01207	0.00760	0.00787	0.01454	0.09234	0.04276	0.03751	0.55775	0.04246	0.02009	0.00890	0.00286	0.00466	0.09588	0.00675	0.00672
21	0.05397	0.03067	0.50058	0.01844	0.02741	0.01688	0.02186	0.13413	0.01849	0.09012	0.01478	0.01607	0.01027	0.00725	0.00675	0.00223	0.00943	0.00557	0.00430	0.01081
22	0.01115	0.00711	0.00816	0.00800	0.00827	0.00703	0.00464	0.01139	0.01112	0.04030	0.05013	0.04603	0.02725	0.69245	0.03403	0.00654	0.00673	0.01034	0.00462	0.00470
23	0.02332	0.06159	0.02237	0.01634	0.02180	0.02030	0.06810	0.44133	0.12239	0.03759	0.01822	0.01860	0.01339	0.00821	0.00693	0.00210	0.00756	0.00658	0.04118	0.04210
24	0.02226	0.19919	0.02516	0.07763	0.02339	0.08874	0.05056	0.25207	0.06995	0.07065	0.01655	0.04375	0.01312	0.00817	0.00658	0.00204	0.00824	0.00638	0.00534	0.01021
25	0.01591	0.25318	0.43617	0.04541	0.02694	0.02013	0.02081	0.02296	0.05724	0.02107	0.01291	0.01481	0.00987	0.00676	0.00614	0.00205	0.00929	0.00503	0.00329	0.01005
26	0.01017	0.00763	0.01144	0.01144	0.01272	0.00890	0.00890	0.01272	0.01144	0.01653	0.01907	0.02797	0.01780	0.05340	0.72153	0.01144	0.01907	0.00763	0.00381	0.00636
27	0.01692	0.01675	0.03045	0.07998	0.49326	0.01669	0.16088	0.02152	0.01623	0.02278	0.01468	0.02091	0.01243	0.00693	0.00747	0.00224	0.00919	0.03654	0.00366	0.01051
28	0.01663	0.04882	0.02922	0.29429	0.20884	0.01767	0.18686	0.07016	0.01684	0.02258	0.01350	0.01822	0.01046	0.00670	0.00731	0.00226	0.00966	0.00675	0.00366	0.00956
29	0.01219	0.00831	0.01092	0.01148	0.01268	0.00848	0.00869	0.04291	0.01511	0.06058	0.03359	0.37619	0.03764	0.09978	0.01292	0.00337	0.04850	0.18376	0.00629	0.00660
30	0.01017	0.00763	0.01144	0.01144	0.01272	0.00890	0.00890	0.01272	0.01144	0.01653	0.01907	0.02797	0.01780	0.05340	0.72153	0.01144	0.01907	0.00763	0.00381	0.00636
31	0.10887	0.06402	0.07939	0.02026	0.16035	0.01750	0.01466	0.21872	0.03760	0.15842	0.01725	0.01858	0.01272	0.03157	0.00757	0.00228	0.00750	0.00616	0.00571	0.01087
32	0.04451	0.08911	0.04870	0.02097	0.06739	0.27675	0.15099	0.12146	0.04134	0.05183	0.01392	0.01587	0.01075	0.00716	0.00682	0.00204	0.01043	0.00589	0.00441	0.00967
33	0.01019	0.00757	0.01114	0.01114	0.01230	0.00873	0.00852	0.01252	0.01135	0.01630	0.01935	0.02953	0.01848	0.11152	0.66434	0.01106	0.01806	0.00786	0.00386	0.00619
34	0.01419	0.03479	0.65142	0.02029	0.03033	0.01621	0.05895	0.02209	0.01517	0.02244	0.01514	0.01730	0.03573	0.00716	0.00691	0.00227	0.01033	0.00580	0.00318	0.01030
35	0.02262	0.01922	0.02419	0.12626	0.07737	0.12005	0.12531	0.20327	0.06624	0.11853	0.01707	0.01871	0.01238	0.00769	0.00724	0.00220	0.00917	0.00667	0.00542	0.01040
36	0.01717	0.01642	0.02621	0.23869	0.03377	0.04370	0.21907	0.12025	0.05801	0.02455	0.01516	0.01922	0.01160	0.00990	0.05207	0.00279	0.01019	0.00693	0.00427	0.07003
37	0.10147	0.02007	0.03137	0.02358	0.02942	0.12331	0.40193	0.04866	0.03882	0.02388	0.01470	0.01965	0.01171	0.00709	0.00784	0.00229	0.02482	0.03121	0.00407	0.03410
38	0.04606	0.01287	0.01922	0.16443	0.06757	0.01364	0.07904	0.02153	0.06789	0.13405	0.02374	0.06806	0.07872	0.04262	0.01007	0.00255	0.07482	0.00837	0.00516	0.05960
39	0.05122	0.06317	0.04023	0.01859	0.05133	0.07393	0.16792	0.12056	0.01902	0.07502	0.04500	0.05982	0.01771	0.01051	0.03133	0.00249	0.00877	0.05860	0.00511	0.07967
40	0.07756	0.01692	0.03795	0.13520	0.02494	0.09240	0.06227	0.11925	0.06646	0.05406	0.04403	0.02202	0.01523	0.01010	0.03550	0.00251	0.03167	0.03604	0.00495	0.11094

[dist]
# distance from previous block
# <min> <max>
13	65

[block]
# block no. 2 follows, 29 sequences, length 26
# corresponding to MSA columns:
# 248-273
name=unknown_C
#
# <colnr> <probs for GDERKNQSTAVLIFYWHMCP>
#	G	D	E	R	K	N	Q	S	T	A	V	L	I	F	Y	W	H	M	C	P
0	0.04827	0.07016	0.13542	0.09731	0.02762	0.04104	0.18275	0.06375	0.06867	0.02341	0.04323	0.04315	0.01497	0.03845	0.00921	0.00247	0.04800	0.00730	0.00425	0.03058
1	0.04310	0.12736	0.06769	0.01532	0.01955	0.06468	0.10813	0.04317	0.04305	0.06856	0.04580	0.15935	0.07556	0.01185	0.00804	0.00235	0.03506	0.04773	0.00521	0.00844
2	0.05126	0.07082	0.06219	0.01757	0.04366	0.18226	0.09399	0.04371	0.08186	0.06587	0.01849	0.04566	0.04139	0.02992	0.03339	0.00261	0.06263	0.00696	0.00461	0.04114
3	0.04669	0.08318	0.10415	0.04419	0.02105	0.08304	0.01356	0.11291	0.12725	0.11114	0.04492	0.04691	0.01742	0.00921	0.00747	0.00219	0.03519	0.03328	0.00559	0.05066
4	0.01810	0.10201	0.06226	0.01642	0.04101	0.05861	0.09716	0.09212	0.13618	0.07239	0.12055	0.07831	0.02396	0.00970	0.00721	0.00217	0.00728	0.00843	0.00573	0.04041
5	0.01586	0.10809	0.13553	0.01536	0.02012	0.08992	0.07616	0.07805	0.07154	0.02250	0.02685	0.18937	0.09747	0.01190	0.00741	0.00230	0.00768	0.01018	0.00507	0.00863
6	0.01873	0.21907	0.14580	0.01579	0.04619	0.01818	0.04148	0.09249	0.04155	0.11001	0.06056	0.02233	0.05660	0.01091	0.04534	0.00257	0.03105	0.00670	0.00494	0.00972
7	0.01983	0.11826	0.07174	0.05642	0.02041	0.04391	0.01302	0.15533	0.06228	0.11203	0.01970	0.02459	0.03832	0.09038	0.01201	0.00278	0.09544	0.02889	0.00529	0.00937
8	0.01389	0.01319	0.05500	0.10471	0.08468	0.03447	0.07803	0.01839	0.05516	0.04348	0.02321	0.06149	0.04771	0.06670	0.17936	0.00490	0.01074	0.09230	0.00463	0.00795
9	0.00939	0.00669	0.00786	0.00848	0.00905	0.00633	0.00537	0.01017	0.01261	0.01639	0.03739	0.31248	0.15157	0.34950	0.02121	0.00462	0.00529	0.01488	0.00558	0.00516
10	0.01951	0.43143	0.18717	0.01450	0.02130	0.05095	0.01523	0.02446	0.06366	0.09121	0.01385	0.01471	0.01089	0.00683	0.00561	0.00184	0.00819	0.00482	0.00396	0.00988
11	0.01975	0.01721	0.13533	0.09353	0.08878	0.01458	0.04082	0.02358	0.01588	0.22772	0.01885	0.07338	0.01491	0.00948	0.01011	0.00240	0.13908	0.00742	0.00518	0.04201
12	0.01476	0.03348	0.58511	0.02215	0.03204	0.01682	0.15069	0.02260	0.01537	0.02260	0.01309	0.01583	0.00936	0.00662	0.00708	0.00228	0.01081	0.00586	0.00312	0.01035
13	0.01021	0.00689	0.00802	0.00831	0.00845	0.00684	0.00497	0.01054	0.01107	0.01474	0.02528	0.13255	0.02925	0.62303	0.03156	0.00623	0.00655	0.04619	0.00471	0.00461
14	0.01998	0.26366	0.18115	0.01817	0.02482	0.11987	0.13040	0.02418	0.01634	0.09492	0.01343	0.01529	0.01034	0.00690	0.00685	0.00200	0.03268	0.00547	0.00385	0.00968
15	0.01955	0.07078	0.12043	0.03914	0.07384	0.12589	0.01400	0.10256	0.04579	0.11390	0.05999	0.06419	0.09985	0.00998	0.00711	0.00217	0.00784	0.00805	0.00546	0.00948
16	0.00872	0.00651	0.00812	0.00924	0.01019	0.00590	0.00635	0.01025	0.01470	0.01919	0.09621	0.54172	0.19541	0.02077	0.00889	0.00273	0.00396	0.01852	0.00670	0.00590
17	0.01443	0.03576	0.67221	0.02088	0.03121	0.01663	0.06588	0.02257	0.01514	0.02257	0.01288	0.01529	0.00913	0.00672	0.00686	0.00226	0.01061	0.00545	0.00304	0.01047
18	0.06609	0.01967	0.02174	0.18956	0.13353	0.19029	0.04193	0.10042	0.01836	0.06004	0.01433	0.04133	0.01165	0.00807	0.00787	0.00222	0.05301	0.00636	0.00432	0.00921
19	0.06203	0.03297	0.57474	0.02057	0.03021	0.01685	0.09611	0.04420	0.01566	0.02388	0.01293	0.01535	0.00924	0.00673	0.00681	0.00226	0.01030	0.00556	0.00329	0.01031
20	0.00925	0.00766	0.03449	0.01013	0.01122	0.00649	0.00747	0.01102	0.01437	0.01915	0.08770	0.53213	0.09657	0.05961	0.01041	0.00302	0.00459	0.06227	0.00644	0.00602
21	0.04695	0.01943	0.10300	0.02123	0.04803	0.08057	0.23908	0.04723	0.05717	0.06310	0.01884	0.10345	0.01667	0.00963	0.00896	0.00244	0.06634	0.03401	0.00465	0.00921
22	0.04279	0.12509	0.27366	0.06338	0.08304	0.03604	0.11848	0.04572	0.01598	0.02232	0.01617	0.04721	0.03946	0.00766	0.00679	0.00215	0.00920	0.00664	0.00370	0.03452
23	0.09102	0.07366	0.19943	0.01687	0.02326	0.01658	0.10604	0.11136	0.08158	0.04879	0.06248	0.04534	0.01696	0.00840	0.00688	0.00219	0.00800	0.02050	0.00495	0.05570
24	0.01578	0.14100	0.23681	0.09495	0.02620	0.06463	0.05897	0.02158	0.05697	0.02103	0.01580	0.06236	0.01370	0.00810	0.00662	0.00206	0.00868	0.03067	0.00388	0.11019
25	0.01767	0.01614	0.07018	0.01728	0.06631	0.06390	0.06257	0.07834	0.06145	0.10001	0.05979	0.10808	0.02041	0.01517	0.08715	0.00331	0.08023	0.00854	0.00530	0.05816

[dist]
# distance from previous block
# <min> <max>
0	17

[block]
# block no. 3 follows, 29 sequences, length 25
# corresponding to MSA columns:
# 291-315
name=unknown_D
#
# <colnr> <probs for GDERKNQSTAVLIFYWHMCP>
#	G	D	E	R	K	N	Q	S	T	A	V	L	I	F	Y	W	H	M	C	P
0	0.05044	0.18288	0.19106	0.03616	0.02335	0.04490	0.05769	0.16108	0.01980	0.06817	0.08329	0.01923	0.01616	0.00788	0.00656	0.00206	0.00828	0.00622	0.00484	0.00994
1	0.01971	0.04821	0.17242	0.07984	0.02485	0.09784	0.06391	0.04808	0.07890	0.14987	0.01951	0.02138	0.03685	0.04138	0.00821	0.00233	0.00856	0.00659	0.00502	0.06654
2	0.06606	0.01649	0.07473	0.01902	0.15492	0.06689	0.01327	0.07124	0.01763	0.10417	0.07259	0.09019	0.01950	0.01026	0.02712	0.00228	0.00735	0.00758	0.00521	0.15352
3	0.03695	0.01398	0.04153	0.03465	0.01950	0.01333	0.06578	0.14169	0.06979	0.17493	0.04679	0.07017	0.03713	0.01147	0.01010	0.09641	0.02494	0.00793	0.00604	0.07688
4	0.04554	0.00764	0.00962	0.00989	0.01120	0.00718	0.02476	0.01161	0.01340	0.01854	0.03521	0.39664	0.10322	0.17734	0.01448	0.00357	0.00514	0.04537	0.00578	0.05387
5	0.01833	0.48978	0.02918	0.01260	0.01758	0.05596	0.01145	0.06478	0.08372	0.02059	0.04657	0.08917	0.01704	0.00868	0.00572	0.00184	0.00713	0.00650	0.00433	0.00906
6	0.06674	0.13089	0.20384	0.01923	0.02569	0.04146	0.19799	0.02149	0.01531	0.04539	0.04064	0.01868	0.01292	0.04196	0.00924	0.00240	0.05777	0.00643	0.00379	0.03815
7	0.01649	0.17959	0.52740	0.01812	0.02740	0.01845	0.02234	0.02316	0.01530	0.07011	0.01328	0.01496	0.00965	0.00677	0.00635	0.00210	0.00962	0.00510	0.00343	0.01036
8	0.01655	0.02098	0.10960	0.02903	0.03657	0.01786	0.61367	0.02278	0.01663	0.02278	0.01424	0.01879	0.01062	0.00608	0.00824	0.00239	0.01186	0.00809	0.00354	0.00970
9	0.01133	0.01012	0.03267	0.07833	0.01739	0.00962	0.05604	0.03163	0.08413	0.02191	0.12026	0.31920	0.14715	0.01605	0.00836	0.00256	0.00542	0.01437	0.00621	0.00724
10	0.06707	0.02435	0.29799	0.06785	0.15201	0.01722	0.09940	0.02321	0.08315	0.02338	0.01426	0.01722	0.01089	0.00733	0.00818	0.00233	0.06421	0.00616	0.00371	0.01008
11	0.00991	0.00672	0.00790	0.00834	0.00845	0.00660	0.00493	0.01024	0.01123	0.01497	0.02692	0.23281	0.03154	0.55583	0.02900	0.00583	0.00616	0.01299	0.00493	0.00471
12	0.01651	0.01784	0.03651	0.12952	0.17447	0.01749	0.45516	0.02198	0.01633	0.02227	0.01396	0.01886	0.01072	0.00623	0.00795	0.00234	0.01094	0.00770	0.00353	0.00971
13	0.01634	0.02442	0.25491	0.12718	0.18605	0.08720	0.11136	0.02193	0.01603	0.02154	0.01447	0.02052	0.01181	0.00746	0.00726	0.00228	0.01010	0.04590	0.00351	0.00973
14	0.01913	0.01139	0.01347	0.01146	0.01518	0.01129	0.00913	0.06728	0.13571	0.24131	0.09170	0.04029	0.24307	0.01253	0.00843	0.00235	0.03932	0.01020	0.00738	0.00938
15	0.03195	0.01212	0.01652	0.01267	0.01818	0.01047	0.01047	0.03470	0.02038	0.71026	0.02809	0.02424	0.01763	0.00881	0.00716	0.00220	0.00606	0.00716	0.00881	0.01212
16	0.04493	0.01774	0.02210	0.04695	0.12382	0.05542	0.06880	0.23493	0.15741	0.12491	0.01951	0.01990	0.01418	0.00810	0.00713	0.00221	0.00785	0.00682	0.00615	0.01113
17	0.04126	0.18932	0.32055	0.01669	0.02450	0.02013	0.01835	0.19232	0.01992	0.07232	0.01417	0.01527	0.01037	0.00720	0.00633	0.00206	0.00876	0.00532	0.00449	0.01065
18	0.00866	0.00712	0.00762	0.00772	0.00982	0.00608	0.00570	0.01061	0.01649	0.02036	0.15191	0.13466	0.55256	0.01801	0.00848	0.00243	0.00363	0.01527	0.00677	0.00608
19	0.01161	0.01001	0.01200	0.05489	0.01465	0.05527	0.00895	0.01449	0.01683	0.02281	0.35237	0.04182	0.10894	0.02233	0.16524	0.00431	0.06018	0.01053	0.00594	0.00682
20	0.06798	0.14779	0.14535	0.05288	0.08698	0.13553	0.06343	0.07172	0.07325	0.06842	0.01463	0.01627	0.01117	0.00716	0.00644	0.00206	0.00909	0.00563	0.00433	0.00990
21	0.01817	0.01368	0.01576	0.11104	0.02100	0.01536	0.01142	0.16768	0.26647	0.05000	0.07387	0.02544	0.02068	0.00917	0.00688	0.00219	0.00606	0.00755	0.14775	0.00984
22	0.01085	0.00657	0.00774	0.00831	0.00938	0.00633	0.00581	0.01314	0.01484	0.02272	0.12201	0.31243	0.03670	0.06290	0.00909	0.00256	0.00388	0.01305	0.32553	0.00616
23	0.02388	0.01869	0.06145	0.01546	0.02093	0.01902	0.01318	0.41413	0.17145	0.09978	0.02287	0.02197	0.04571	0.00913	0.00719	0.00222	0.00718	0.00715	0.00703	0.01156
24	0.02048	0.05811	0.01856	0.03375	0.01986	0.08631	0.01114	0.17740	0.09415	0.07292	0.01617	0.01696	0.01235	0.00706	0.00617	0.00167	0.00697	0.00542	0.00538	0.32917

[dist]
# distance from previous block
# <min> <max>
1	16

[block]
# block no. 4 follows, 29 sequences, length 26
# corresponding to MSA columns:
# 332-346,349-359
name=unknown_E
#
# <colnr> <probs for GDERKNQSTAVLIFYWHMCP>
#	G	D	E	R	K	N	Q	S	T	A	V	L	I	F	Y	W	H	M	C	P
0	0.07056	0.04433	0.04921	0.01733	0.07207	0.01964	0.01367	0.43602	0.05455	0.07320	0.01671	0.01712	0.01213	0.00794	0.00673	0.00206	0.00748	0.00607	0.00627	0.06690
1	0.01723	0.01651	0.02819	0.10900	0.64313	0.01681	0.02166	0.02151	0.01603	0.02278	0.01332	0.01775	0.01111	0.00642	0.00706	0.00214	0.00856	0.00634	0.00349	0.01096
2	0.00941	0.00665	0.00790	0.00858	0.00906	0.00633	0.00540	0.01016	0.01246	0.01631	0.03576	0.33807	0.12153	0.35517	0.02145	0.00467	0.00533	0.01504	0.00556	0.00514
3	0.11486	0.01734	0.02233	0.04542	0.02367	0.07957	0.14570	0.18328	0.02107	0.20485	0.01793	0.01902	0.01271	0.01025	0.04742	0.00272	0.00910	0.00661	0.00588	0.01026
4	0.12474	0.02641	0.15697	0.01888	0.06556	0.25582	0.04271	0.12706	0.01980	0.07751	0.01373	0.01518	0.01024	0.00731	0.00651	0.00208	0.00983	0.00537	0.00455	0.00976
5	0.02707	0.01995	0.02137	0.01638	0.02208	0.02208	0.01353	0.68159	0.03348	0.04488	0.01710	0.01710	0.01211	0.00855	0.00712	0.00214	0.00784	0.00641	0.00712	0.01211
6	0.01756	0.01711	0.02997	0.04259	0.65084	0.01701	0.07549	0.02193	0.01626	0.02323	0.01348	0.01775	0.01124	0.00632	0.00716	0.00214	0.00875	0.00651	0.00353	0.01114
7	0.01036	0.00690	0.00777	0.00777	0.00777	0.00690	0.00431	0.01036	0.01036	0.01381	0.02244	0.04660	0.02589	0.74975	0.03624	0.00690	0.00690	0.01036	0.00431	0.00431
8	0.01006	0.00730	0.00943	0.01061	0.01180	0.00700	0.00823	0.01210	0.01479	0.01913	0.04137	0.26706	0.14036	0.11394	0.01280	0.00350	0.00545	0.29281	0.00629	0.00596
9	0.51250	0.01799	0.01660	0.01450	0.03665	0.13583	0.08764	0.02340	0.05263	0.02807	0.01180	0.01368	0.00921	0.00683	0.00545	0.00217	0.00759	0.00481	0.00432	0.00832
10	0.00903	0.00645	0.00867	0.01033	0.01090	0.00609	0.00723	0.01054	0.01399	0.01858	0.03905	0.65974	0.04631	0.02197	0.00918	0.00294	0.00444	0.10206	0.00660	0.00588
11	0.01136	0.00816	0.01131	0.01288	0.01455	0.00811	0.01124	0.01458	0.01639	0.02123	0.03904	0.07986	0.06676	0.01961	0.00978	0.00324	0.00644	0.63237	0.00656	0.00654
12	0.01604	0.01641	0.02348	0.44627	0.16475	0.10646	0.05835	0.02034	0.01560	0.01942	0.01358	0.02015	0.01098	0.00739	0.00719	0.00229	0.00978	0.02948	0.00344	0.00863
13	0.15557	0.05103	0.02317	0.12454	0.13266	0.26255	0.08885	0.04229	0.01709	0.02231	0.01194	0.01502	0.00956	0.00686	0.00644	0.00208	0.00997	0.00543	0.00377	0.00888
14	0.00908	0.00724	0.00814	0.00791	0.01003	0.00629	0.00593	0.01151	0.01780	0.02296	0.32388	0.06239	0.44837	0.01664	0.00841	0.00234	0.00351	0.01417	0.00710	0.00629
15	0.07995	0.02088	0.02046	0.05877	0.02310	0.11106	0.01353	0.51230	0.02914	0.03886	0.01555	0.01628	0.01127	0.00817	0.00684	0.00212	0.00842	0.00599	0.00626	0.01106
16	0.02125	0.34154	0.13100	0.01499	0.02118	0.11250	0.01450	0.11780	0.06962	0.07235	0.01423	0.01501	0.01110	0.00716	0.00588	0.00188	0.00849	0.00505	0.00443	0.01003
17	0.80005	0.01377	0.01047	0.00936	0.01377	0.01597	0.00771	0.02093	0.01212	0.03195	0.00991	0.01157	0.00771	0.00661	0.00441	0.00220	0.00551	0.00386	0.00441	0.00771
18	0.01828	0.21357	0.08924	0.01712	0.10657	0.01821	0.01361	0.16614	0.02060	0.04880	0.19065	0.02496	0.02525	0.00899	0.00673	0.00201	0.00691	0.00728	0.00542	0.00967
19	0.01014	0.00739	0.00961	0.00937	0.01110	0.00686	0.00724	0.01338	0.01940	0.02697	0.57245	0.05774	0.10810	0.01546	0.00858	0.00238	0.00379	0.09579	0.00759	0.00665
20	0.01954	0.01489	0.01616	0.01426	0.01847	0.01678	0.01117	0.03743	0.60616	0.11717	0.02887	0.02627	0.02121	0.00955	0.00723	0.00239	0.00569	0.00794	0.00745	0.01138
21	0.00871	0.00634	0.00822	0.00962	0.01028	0.00585	0.00650	0.01010	0.01416	0.01873	0.07100	0.65252	0.10860	0.02158	0.00900	0.00282	0.00405	0.01944	0.00666	0.00585
22	0.01969	0.02114	0.06590	0.12151	0.30612	0.15662	0.04554	0.10971	0.01898	0.02419	0.01407	0.01863	0.01150	0.00735	0.00707	0.00215	0.00959	0.02611	0.00405	0.01009
23	0.03953	0.01511	0.02336	0.12159	0.39253	0.01541	0.01761	0.04228	0.06404	0.11199	0.01835	0.02079	0.03717	0.00743	0.00699	0.00215	0.00768	0.00672	0.00468	0.04459
24	0.10583	0.14871	0.05516	0.01918	0.09484	0.17730	0.08331	0.04841	0.08893	0.07104	0.01624	0.01753	0.02886	0.00743	0.00638	0.00204	0.00883	0.00586	0.00452	0.00958
25	0.01967	0.13015	0.20034	0.04033	0.13242	0.09169	0.04615	0.07083	0.01783	0.10052	0.03865	0.01749	0.01281	0.00720	0.00659	0.00202	0.00886	0.00583	0.00437	0.04623

[dist]
# distance from previous block
# <min> <max>
1	17

[block]
# block no. 5 follows, 29 sequences, length 23
# corresponding to MSA columns:
# 377-399
name=unknown_F
#
# <colnr> <probs for GDERKNQSTAVLIFYWHMCP>
#	G	D	E	R	K	N	Q	S	T	A	V	L	I	F	Y	W	H	M	C	P
0	0.18520	0.02757	0.42998	0.03466	0.02595	0.01624	0.03473	0.02323	0.03534	0.07442	0.01366	0.01552	0.00982	0.00719	0.00701	0.00229	0.03815	0.00532	0.00388	0.00986
1	0.00938	0.00855	0.05934	0.01029	0.01136	0.00676	0.00763	0.01091	0.01315	0.01772	0.03434	0.56824	0.04057	0.15016	0.01373	0.00356	0.00509	0.01740	0.00594	0.00587
2	0.01111	0.00868	0.01143	0.01088	0.01142	0.01014	0.00787	0.01232	0.01110	0.01556	0.02142	0.03600	0.05295	0.35237	0.26211	0.00754	0.13841	0.00895	0.00405	0.00569
3	0.02326	0.01746	0.01964	0.01596	0.02040	0.01978	0.01316	0.43144	0.11972	0.06343	0.02006	0.02405	0.01586	0.01014	0.00928	0.00239	0.09255	0.06373	0.00669	0.01100
4	0.01668	0.01397	0.01651	0.04553	0.05213	0.01316	0.01068	0.10483	0.15107	0.02732	0.05838	0.02005	0.01638	0.00725	0.00625	0.00164	0.00589	0.00597	0.00532	0.42100
5	0.06141	0.04548	0.08909	0.01682	0.05219	0.09776	0.03235	0.22179	0.07322	0.09016	0.08725	0.04002	0.01873	0.00908	0.00754	0.00219	0.03179	0.00713	0.00585	0.01015
6	0.08911	0.14625	0.02063	0.01439	0.01905	0.10002	0.01178	0.13961	0.32905	0.02882	0.01998	0.01949	0.01529	0.00832	0.00642	0.00213	0.00715	0.00628	0.00584	0.01039
7	0.70168	0.06138	0.05655	0.01023	0.01513	0.01677	0.00917	0.02106	0.01245	0.03041	0.01009	0.01178	0.00788	0.00659	0.00457	0.00216	0.00596	0.00394	0.00423	0.00798
8	0.01549	0.06887	0.51925	0.02135	0.07673	0.01719	0.06220	0.06364	0.01641	0.02360	0.01536	0.01749	0.03652	0.00721	0.00686	0.00221	0.00988	0.00590	0.00348	0.01038
9	0.01508	0.01098	0.01356	0.09105	0.01821	0.01168	0.01003	0.06213	0.19668	0.08615	0.19526	0.16788	0.06548	0.01318	0.00790	0.00242	0.00530	0.01146	0.00692	0.00865
10	0.00993	0.00724	0.00915	0.00869	0.01033	0.00666	0.00641	0.01288	0.01904	0.02653	0.58758	0.05430	0.12973	0.06803	0.01041	0.00259	0.00364	0.01292	0.00746	0.00647
11	0.80005	0.01377	0.01047	0.00936	0.01377	0.01597	0.00771	0.02093	0.01212	0.03195	0.00991	0.01157	0.00771	0.00661	0.00441	0.00220	0.00551	0.00386	0.00441	0.00771
12	0.02437	0.03021	0.11187	0.01777	0.02265	0.46375	0.01499	0.08228	0.08835	0.05632	0.01441	0.01544	0.01108	0.00767	0.00664	0.00199	0.01106	0.00530	0.00448	0.00937
13	0.04073	0.07854	0.43119	0.12853	0.09369	0.01680	0.02219	0.02140	0.01487	0.02191	0.01252	0.01549	0.00936	0.00663	0.00652	0.00213	0.00948	0.00531	0.00320	0.05950
14	0.01112	0.00878	0.01229	0.01176	0.01251	0.01058	0.00891	0.01288	0.01109	0.01597	0.01826	0.03042	0.01835	0.21569	0.43816	0.00895	0.13630	0.00806	0.00382	0.00610
15	0.01241	0.00917	0.01108	0.04612	0.01304	0.00974	0.00755	0.09237	0.01485	0.01974	0.05380	0.10990	0.11303	0.32231	0.06633	0.03570	0.04078	0.01083	0.00512	0.00613
16	0.01669	0.04697	0.01726	0.01240	0.01753	0.01188	0.04358	0.04848	0.01575	0.08313	0.01608	0.02131	0.01376	0.05373	0.00890	0.00191	0.05053	0.03687	0.02628	0.45697
17	0.00983	0.00727	0.00918	0.00870	0.01049	0.00661	0.00652	0.01296	0.01957	0.02717	0.60829	0.05546	0.16134	0.01507	0.00840	0.00226	0.00340	0.01320	0.00766	0.00661
18	0.05943	0.06365	0.09565	0.01926	0.08858	0.01526	0.13106	0.07600	0.05157	0.14906	0.03633	0.05779	0.01589	0.00972	0.03187	0.00246	0.00821	0.00731	0.00527	0.07563
19	0.01963	0.62613	0.07641	0.01340	0.01948	0.10856	0.01323	0.02223	0.01517	0.01718	0.01020	0.01181	0.00913	0.00628	0.00492	0.00160	0.00840	0.00399	0.00312	0.00912
20	0.05803	0.04363	0.18887	0.03898	0.05698	0.01712	0.08590	0.07277	0.10629	0.09009	0.05810	0.02036	0.01557	0.00859	0.00922	0.00236	0.10550	0.00678	0.00489	0.00997
21	0.01347	0.01103	0.01375	0.02927	0.01572	0.01111	0.04286	0.07061	0.16310	0.02771	0.31008	0.04221	0.14680	0.01241	0.00783	0.00223	0.00494	0.01076	0.00690	0.05721
22	0.01775	0.01466	0.01896	0.04388	0.04313	0.06879	0.04924	0.05075	0.03697	0.11540	0.05385	0.15546	0.02109	0.01248	0.01318	0.00264	0.25868	0.00938	0.00519	0.00853

[dist]
# distance from previous block
# <min> <max>
0	45

# created by:
# /home/berkeley/.conda/envs/busco_data_prod/bin/msa2prfl.pl pipeline/OGs_align_augustus/4893/6959.fs
