[name]
unknown

[dist]
# distance from previous block
# <min> <max>
5	421

[block]
# block no. 0 follows, 34 sequences, length 42
# corresponding to MSA columns:
# 421-462
name=unknown_A
#
# <colnr> <probs for GDERKNQSTAVLIFYWHMCP>
#	G	D	E	R	K	N	Q	S	T	A	V	L	I	F	Y	W	H	M	C	P
0	0.04246	0.13277	0.49561	0.01756	0.04401	0.05191	0.04230	0.04256	0.03622	0.02067	0.01171	0.01356	0.00872	0.00617	0.00585	0.00194	0.00891	0.00475	0.00307	0.00925
1	0.07430	0.28657	0.02345	0.01460	0.04933	0.22617	0.03750	0.06830	0.01573	0.01879	0.01465	0.01612	0.06815	0.00729	0.00634	0.00175	0.05436	0.00506	0.00358	0.00796
2	0.01835	0.09895	0.01946	0.01740	0.12369	0.10156	0.01223	0.14099	0.32993	0.02565	0.01949	0.01936	0.02916	0.00772	0.00620	0.00196	0.00673	0.00618	0.00526	0.00973
3	0.03609	0.24805	0.13948	0.04510	0.07758	0.21156	0.01437	0.06914	0.03187	0.05376	0.01164	0.01317	0.00923	0.00633	0.00550	0.00174	0.00858	0.00452	0.00356	0.00872
4	0.00850	0.00665	0.00717	0.00704	0.00913	0.00567	0.00528	0.01037	0.01532	0.03932	0.17186	0.08696	0.57260	0.01576	0.00763	0.00217	0.00332	0.01330	0.00624	0.00571
5	0.04960	0.01149	0.01336	0.00968	0.01528	0.00894	0.00777	0.01759	0.01370	0.07817	0.01249	0.01395	0.00997	0.00509	0.00489	0.00108	0.00485	0.00403	0.00417	0.71391
6	0.03723	0.01502	0.02555	0.09607	0.63939	0.01528	0.03775	0.01956	0.01448	0.02094	0.01204	0.01598	0.01001	0.00581	0.00637	0.00195	0.00777	0.00575	0.00320	0.00986
7	0.01325	0.01228	0.01797	0.54340	0.05632	0.04334	0.01576	0.01874	0.08925	0.01831	0.01370	0.01815	0.01047	0.00694	0.00678	0.00210	0.03267	0.00587	0.06719	0.00751
8	0.00789	0.00615	0.00719	0.00791	0.00921	0.00545	0.00564	0.00939	0.01378	0.01739	0.07564	0.38866	0.36423	0.01809	0.00796	0.00241	0.00357	0.03800	0.00604	0.00540
9	0.01356	0.00957	0.01109	0.01008	0.01254	0.00963	0.00768	0.17561	0.05007	0.06594	0.18456	0.24063	0.15514	0.01394	0.00742	0.00221	0.00446	0.01202	0.00649	0.00735
10	0.03946	0.10946	0.60758	0.01725	0.02590	0.05245	0.02145	0.02057	0.01374	0.01996	0.01116	0.01310	0.00817	0.00610	0.00585	0.00196	0.00924	0.00457	0.00280	0.00924
11	0.05914	0.01209	0.01454	0.01163	0.01609	0.01195	0.00946	0.12784	0.12841	0.43321	0.02307	0.02107	0.01551	0.00795	0.00622	0.00198	0.00543	0.00635	0.07778	0.01026
12	0.00799	0.00587	0.00750	0.00855	0.00931	0.00538	0.00586	0.00942	0.01342	0.01777	0.12408	0.58142	0.14201	0.01884	0.00808	0.00249	0.00360	0.01689	0.00613	0.00538
13	0.10193	0.05419	0.27820	0.03966	0.09112	0.01546	0.03609	0.12881	0.01651	0.08250	0.03566	0.01568	0.01112	0.00680	0.00647	0.00197	0.03207	0.00531	0.00412	0.03632
14	0.03899	0.12069	0.01857	0.01567	0.08551	0.16767	0.01154	0.06293	0.01466	0.01852	0.03930	0.02164	0.03528	0.04765	0.11648	0.00342	0.13055	0.03975	0.00377	0.00743
15	0.01492	0.04445	0.03194	0.09533	0.03083	0.01508	0.50953	0.01969	0.01525	0.05060	0.07184	0.04001	0.01492	0.00668	0.00735	0.00214	0.00946	0.00785	0.00379	0.00834
16	0.04573	0.01169	0.01333	0.00978	0.01531	0.00938	0.00781	0.01766	0.06359	0.02180	0.01244	0.01404	0.01019	0.00512	0.00488	0.00109	0.00482	0.00406	0.00403	0.72325
17	0.00801	0.00582	0.00756	0.00869	0.00935	0.00537	0.00592	0.00941	0.01328	0.01772	0.12227	0.62421	0.10038	0.01908	0.00812	0.00252	0.00363	0.01718	0.00613	0.00537
18	0.02302	0.05837	0.01873	0.01574	0.01949	0.52018	0.01214	0.13524	0.09786	0.02098	0.01263	0.01359	0.01001	0.00702	0.00594	0.00175	0.01001	0.00474	0.00416	0.00838
19	0.01191	0.01086	0.01454	0.01324	0.01388	0.03854	0.01058	0.01363	0.01037	0.01509	0.01341	0.02123	0.01306	0.08455	0.34980	0.00646	0.34293	0.00645	0.00321	0.00626
20	0.00786	0.00569	0.00743	0.00882	0.00933	0.00526	0.00592	0.00902	0.01254	0.01656	0.03776	0.71785	0.09220	0.01996	0.00820	0.00259	0.00371	0.01803	0.00600	0.00526
21	0.00860	0.00658	0.00789	0.00756	0.00932	0.00587	0.00567	0.01115	0.01701	0.02288	0.49131	0.05325	0.30076	0.01434	0.00763	0.00209	0.00313	0.01238	0.00671	0.00587
22	0.01340	0.01148	0.01340	0.00957	0.01531	0.00861	0.00766	0.01627	0.01340	0.02105	0.01148	0.01340	0.00957	0.00479	0.00479	0.00096	0.00479	0.00383	0.00383	0.81242
23	0.01599	0.01535	0.02623	0.03966	0.73262	0.01535	0.01983	0.01983	0.01471	0.02111	0.01215	0.01599	0.01023	0.00576	0.00640	0.00192	0.00768	0.00576	0.00320	0.01023
24	0.06163	0.34937	0.05518	0.04118	0.01839	0.07794	0.01156	0.16767	0.03944	0.04617	0.01322	0.04517	0.01111	0.00704	0.00528	0.00172	0.00706	0.00509	0.02708	0.00870
25	0.52646	0.05202	0.08909	0.03199	0.03913	0.01399	0.00961	0.01878	0.01231	0.04849	0.03932	0.01525	0.03351	0.00673	0.00474	0.00196	0.00557	0.00461	0.03900	0.00745
26	0.00784	0.00574	0.00737	0.00868	0.00929	0.00527	0.00586	0.00903	0.01268	0.01662	0.03948	0.67724	0.13171	0.01974	0.00817	0.00257	0.00369	0.01776	0.00600	0.00527
27	0.02095	0.01290	0.01457	0.01184	0.01577	0.01346	0.00949	0.31748	0.07261	0.19228	0.02328	0.07487	0.05179	0.03437	0.00730	0.00212	0.00566	0.00749	0.10234	0.00943
28	0.03454	0.17596	0.07598	0.03206	0.12552	0.08680	0.03747	0.11647	0.04022	0.10461	0.01463	0.01777	0.01173	0.00721	0.00641	0.00188	0.03111	0.03910	0.00436	0.03617
29	0.00822	0.00585	0.00765	0.00902	0.00963	0.00548	0.00628	0.00960	0.01276	0.01704	0.03667	0.64427	0.07936	0.01941	0.00815	0.00259	0.00389	0.07676	0.03202	0.00535
30	0.01133	0.00902	0.00910	0.00913	0.01097	0.07840	0.00675	0.01311	0.01509	0.07520	0.13003	0.27636	0.27052	0.01564	0.00762	0.00227	0.00451	0.04278	0.00604	0.00613
31	0.04591	0.15713	0.02104	0.06291	0.04267	0.18164	0.03800	0.16091	0.10556	0.04557	0.01630	0.01722	0.04533	0.00744	0.00627	0.00187	0.02537	0.00558	0.00450	0.00877
32	0.02130	0.10771	0.01955	0.01415	0.04550	0.01723	0.01132	0.36480	0.04563	0.11822	0.01648	0.05197	0.01283	0.00791	0.00666	0.00185	0.03471	0.00606	0.00566	0.09047
33	0.01686	0.01558	0.04749	0.01409	0.04204	0.06498	0.05530	0.16600	0.07561	0.02526	0.01419	0.01584	0.01110	0.00655	0.00645	0.00161	0.04391	0.00517	0.06825	0.30372
34	0.00959	0.00669	0.00830	0.00868	0.00987	0.00633	0.00632	0.01162	0.02883	0.04083	0.16339	0.23876	0.14955	0.16227	0.01279	0.00317	0.00445	0.11712	0.00587	0.00557
35	0.01577	0.01509	0.07019	0.17094	0.05521	0.01552	0.05065	0.16966	0.17345	0.02508	0.04607	0.04901	0.04376	0.00865	0.00772	0.00216	0.06016	0.00714	0.00489	0.00887
36	0.01289	0.01043	0.05671	0.01045	0.01376	0.00858	0.03229	0.01732	0.09057	0.10936	0.20366	0.14388	0.13838	0.01184	0.00701	0.00202	0.00460	0.01030	0.00601	0.10995
37	0.04896	0.09102	0.01996	0.03185	0.05348	0.07124	0.01209	0.41185	0.08151	0.09106	0.01572	0.01587	0.01144	0.00738	0.00612	0.00190	0.00711	0.00557	0.00570	0.01016
38	0.00874	0.00666	0.00827	0.00848	0.01003	0.00594	0.00615	0.01067	0.01436	0.01937	0.20298	0.34301	0.18302	0.01720	0.02979	0.00249	0.00406	0.03630	0.00599	0.07649
39	0.04461	0.03873	0.04510	0.04015	0.03290	0.04766	0.05022	0.05960	0.01557	0.02255	0.15107	0.02279	0.04978	0.00779	0.00658	0.00165	0.03855	0.00639	0.03222	0.28609
40	0.01041	0.00801	0.01074	0.03974	0.01287	0.00803	0.03668	0.03518	0.03362	0.03938	0.05688	0.28162	0.16936	0.09184	0.08602	0.00353	0.03092	0.01231	0.00526	0.02759
41	0.03022	0.19772	0.16667	0.04866	0.10015	0.01818	0.03789	0.15614	0.03593	0.05445	0.02765	0.01511	0.01084	0.00677	0.00654	0.00187	0.04377	0.00519	0.00403	0.03223

[dist]
# distance from previous block
# <min> <max>
1	3

[block]
# block no. 1 follows, 34 sequences, length 6
# corresponding to MSA columns:
# 466-471
name=unknown_B
#
# <colnr> <probs for GDERKNQSTAVLIFYWHMCP>
#	G	D	E	R	K	N	Q	S	T	A	V	L	I	F	Y	W	H	M	C	P
0	0.01869	0.04611	0.06206	0.01234	0.01685	0.05996	0.04063	0.09398	0.07743	0.21069	0.13076	0.02579	0.07505	0.00872	0.00646	0.00188	0.00597	0.00721	0.00592	0.09350
1	0.01132	0.00814	0.00991	0.01048	0.05665	0.00836	0.00637	0.08896	0.01255	0.01690	0.02117	0.13367	0.02344	0.50269	0.05793	0.00520	0.00663	0.00984	0.00441	0.00539
2	0.09621	0.11393	0.12071	0.06300	0.09430	0.01487	0.01303	0.05830	0.11542	0.14594	0.04583	0.06019	0.01550	0.00788	0.00604	0.00199	0.00647	0.00639	0.00492	0.00910
3	0.01839	0.06181	0.10186	0.05490	0.02004	0.14515	0.01249	0.19346	0.10050	0.04504	0.06132	0.05341	0.01564	0.00798	0.00620	0.00186	0.00737	0.00625	0.00490	0.08144
4	0.08896	0.06218	0.04292	0.01106	0.01471	0.05208	0.02833	0.06572	0.07134	0.07402	0.06917	0.11470	0.15372	0.01055	0.00677	0.00198	0.02456	0.00862	0.00523	0.09338
5	0.03523	0.07916	0.10345	0.01389	0.05391	0.05454	0.01156	0.09285	0.07870	0.04113	0.01514	0.04119	0.01324	0.10070	0.01045	0.00237	0.07690	0.00597	0.02714	0.14251

[dist]
# distance from previous block
# <min> <max>
0	26

[block]
# block no. 2 follows, 34 sequences, length 19
# corresponding to MSA columns:
# 498-516
name=unknown_C
#
# <colnr> <probs for GDERKNQSTAVLIFYWHMCP>
#	G	D	E	R	K	N	Q	S	T	A	V	L	I	F	Y	W	H	M	C	P
0	0.03839	0.17440	0.09226	0.01215	0.01600	0.05908	0.03186	0.04239	0.06001	0.06970	0.06047	0.15488	0.08873	0.01085	0.00690	0.00207	0.02825	0.03908	0.00483	0.00770
1	0.12490	0.20259	0.10788	0.01617	0.10975	0.10856	0.01299	0.08684	0.03522	0.05438	0.02865	0.01547	0.03154	0.00670	0.00546	0.00178	0.00731	0.00496	0.00397	0.03488
2	0.12500	0.16972	0.21507	0.03832	0.02100	0.08517	0.04280	0.08155	0.01521	0.03871	0.01213	0.03880	0.00987	0.00659	0.00550	0.00180	0.00773	0.00495	0.00365	0.07643
3	0.10054	0.08306	0.11720	0.05788	0.12748	0.08358	0.08057	0.08488	0.01574	0.05920	0.01417	0.04182	0.02594	0.00701	0.00632	0.00191	0.02459	0.00576	0.00393	0.05843
4	0.01639	0.09276	0.12421	0.03820	0.11634	0.06589	0.07504	0.08971	0.05174	0.07158	0.01953	0.08858	0.06387	0.00839	0.00640	0.00195	0.00730	0.00720	0.00442	0.05050
5	0.01454	0.01860	0.18212	0.11905	0.18810	0.04115	0.09068	0.05012	0.03952	0.02088	0.01416	0.06823	0.01200	0.00702	0.00640	0.00194	0.00796	0.00638	0.00360	0.10754
6	0.00919	0.00698	0.00825	0.00865	0.01005	0.00664	0.00624	0.05853	0.01427	0.01835	0.04267	0.37234	0.27477	0.05336	0.05334	0.00306	0.00482	0.03698	0.00578	0.00572
7	0.01362	0.01173	0.01614	0.08094	0.06686	0.03340	0.08135	0.11037	0.03097	0.04031	0.10356	0.13807	0.16263	0.01164	0.00833	0.00221	0.06523	0.00997	0.00517	0.00749
8	0.00930	0.00633	0.00727	0.00727	0.00746	0.00636	0.00427	0.00955	0.00974	0.01296	0.02239	0.04204	0.05826	0.68207	0.08393	0.00636	0.00692	0.00943	0.00399	0.00413
9	0.01385	0.01465	0.07264	0.40325	0.33330	0.01482	0.01915	0.01818	0.01373	0.01872	0.01177	0.01646	0.00927	0.00614	0.00641	0.00205	0.00828	0.00568	0.00300	0.00863
10	0.01271	0.04714	0.15186	0.44227	0.08409	0.01422	0.01755	0.01726	0.01306	0.01773	0.01181	0.01643	0.00917	0.00879	0.05198	0.00251	0.00892	0.00541	0.00297	0.06412
11	0.01229	0.01040	0.01202	0.00905	0.01386	0.00798	0.00706	0.01479	0.01332	0.02001	0.01945	0.04755	0.10029	0.04663	0.00672	0.00144	0.00464	0.00584	0.00418	0.64249
12	0.06896	0.08648	0.08309	0.15620	0.13112	0.02848	0.11698	0.06041	0.01546	0.05862	0.07505	0.02002	0.04198	0.00715	0.00632	0.00197	0.00754	0.00637	0.00402	0.02382
13	0.07798	0.04234	0.01536	0.03893	0.01711	0.36301	0.01054	0.03793	0.01615	0.03950	0.04965	0.05981	0.07070	0.01024	0.02830	0.00218	0.05411	0.02647	0.03254	0.00715
14	0.01176	0.06368	0.04789	0.01000	0.01240	0.03338	0.00812	0.01473	0.06846	0.03294	0.02896	0.15158	0.14034	0.11522	0.01192	0.04961	0.03134	0.06962	0.03297	0.06510
15	0.03486	0.04542	0.06896	0.04564	0.09939	0.11149	0.03615	0.15426	0.11039	0.02447	0.05673	0.04741	0.07679	0.00844	0.00639	0.00193	0.00704	0.00693	0.00482	0.05248
16	0.08435	0.01099	0.03775	0.01159	0.01435	0.01085	0.05708	0.11300	0.07065	0.02361	0.10844	0.19886	0.09682	0.03154	0.02987	0.00257	0.02767	0.03359	0.02924	0.00719
17	0.07082	0.12532	0.01918	0.07280	0.07199	0.16770	0.01193	0.15189	0.01747	0.05385	0.01496	0.05357	0.01341	0.04645	0.00797	0.00217	0.03714	0.04883	0.00435	0.00818
18	0.09771	0.06303	0.08569	0.01407	0.04278	0.01407	0.05989	0.12457	0.10578	0.16311	0.04082	0.04288	0.03062	0.04779	0.03665	0.00256	0.00689	0.00672	0.00536	0.00901

[dist]
# distance from previous block
# <min> <max>
2	9

[block]
# block no. 3 follows, 34 sequences, length 20
# corresponding to MSA columns:
# 526-545
name=unknown_D
#
# <colnr> <probs for GDERKNQSTAVLIFYWHMCP>
#	G	D	E	R	K	N	Q	S	T	A	V	L	I	F	Y	W	H	M	C	P
0	0.10588	0.03452	0.06089	0.01363	0.01767	0.16489	0.05884	0.14396	0.03029	0.08437	0.07799	0.09595	0.01821	0.03294	0.00715	0.00210	0.00726	0.00717	0.00500	0.03131
1	0.05337	0.13351	0.07236	0.01660	0.08016	0.06800	0.09102	0.15424	0.05009	0.04673	0.03875	0.05531	0.01359	0.00730	0.00602	0.00182	0.00725	0.00610	0.00444	0.09334
2	0.12221	0.06077	0.01547	0.03894	0.06300	0.05556	0.06410	0.05605	0.03531	0.06678	0.02520	0.17578	0.10461	0.05718	0.00821	0.00239	0.00609	0.03015	0.00490	0.00729
3	0.01842	0.23701	0.04884	0.04608	0.16421	0.13786	0.03316	0.09364	0.03050	0.05624	0.01382	0.06690	0.01206	0.00727	0.00583	0.00180	0.00780	0.00581	0.00392	0.00881
4	0.01052	0.07940	0.01050	0.00879	0.01029	0.00812	0.00638	0.01243	0.04124	0.05404	0.03433	0.34956	0.15022	0.15995	0.01230	0.00308	0.00465	0.03293	0.00542	0.00584
5	0.01042	0.02939	0.01049	0.00981	0.01104	0.00832	0.02869	0.04067	0.07356	0.01731	0.02718	0.30525	0.04562	0.24875	0.06987	0.00419	0.00617	0.04241	0.00507	0.00577
6	0.05960	0.16422	0.20629	0.01911	0.15425	0.04176	0.03125	0.09100	0.03262	0.08247	0.01296	0.01444	0.00985	0.00626	0.00573	0.00182	0.00763	0.00495	0.00389	0.04991
7	0.40922	0.15176	0.01836	0.04659	0.07281	0.10983	0.04679	0.02045	0.03520	0.02319	0.01023	0.01213	0.00827	0.00606	0.00482	0.00186	0.00687	0.00419	0.00362	0.00774
8	0.00805	0.00580	0.00765	0.00900	0.00956	0.00540	0.00618	0.00937	0.01286	0.01710	0.06746	0.67073	0.07357	0.01964	0.00823	0.00260	0.00381	0.05163	0.00604	0.00533
9	0.09801	0.01675	0.01805	0.01458	0.04454	0.01809	0.01155	0.54473	0.02613	0.03675	0.01434	0.01483	0.01043	0.00719	0.00604	0.00184	0.00668	0.00538	0.00582	0.09827
10	0.01558	0.09683	0.06047	0.01456	0.02050	0.04312	0.15249	0.07935	0.01546	0.02185	0.01184	0.01403	0.00948	0.00541	0.00556	0.00143	0.00700	0.00480	0.00375	0.41650
11	0.02953	0.00842	0.05531	0.01111	0.04894	0.00702	0.00788	0.01136	0.03437	0.01757	0.03332	0.56929	0.08114	0.04206	0.00862	0.00261	0.00445	0.01552	0.00554	0.00595
12	0.11424	0.01142	0.01436	0.01131	0.01608	0.01062	0.00929	0.03037	0.07978	0.59684	0.02376	0.02092	0.01534	0.00785	0.00623	0.00202	0.00541	0.00624	0.00743	0.01049
13	0.01319	0.01295	0.04847	0.16974	0.20425	0.01265	0.09131	0.06099	0.03929	0.02069	0.04929	0.11275	0.11765	0.00959	0.00698	0.00213	0.00692	0.00879	0.00431	0.00806
14	0.02941	0.01470	0.03859	0.17720	0.09149	0.04114	0.15180	0.09104	0.09153	0.05828	0.03886	0.05127	0.01504	0.00814	0.00750	0.00217	0.04147	0.03735	0.00443	0.00856
15	0.01096	0.00649	0.00734	0.00731	0.00847	0.00657	0.00518	0.03162	0.01316	0.02079	0.08257	0.09630	0.02398	0.17316	0.07678	0.00344	0.00514	0.00839	0.40671	0.00563
16	0.00802	0.00588	0.00755	0.00874	0.00947	0.00542	0.00605	0.00939	0.01311	0.01724	0.07600	0.60325	0.13805	0.01924	0.00816	0.00255	0.00374	0.04672	0.00605	0.00535
17	0.02003	0.06957	0.10475	0.04003	0.04177	0.14185	0.05256	0.17634	0.11862	0.10774	0.01693	0.03885	0.01309	0.00772	0.00635	0.00197	0.00786	0.01957	0.00502	0.00940
18	0.05781	0.01434	0.05782	0.04057	0.07849	0.06098	0.05325	0.10662	0.06802	0.14349	0.06847	0.08910	0.06983	0.03276	0.00744	0.00217	0.00644	0.00796	0.00541	0.02903
19	0.01842	0.01692	0.04139	0.08050	0.04203	0.14801	0.01227	0.07762	0.20968	0.09985	0.03484	0.02104	0.01515	0.00835	0.00768	0.00206	0.07195	0.03611	0.00508	0.05105

[dist]
# distance from previous block
# <min> <max>
0	1

[block]
# block no. 4 follows, 34 sequences, length 9
# corresponding to MSA columns:
# 547-555
name=unknown_E
#
# <colnr> <probs for GDERKNQSTAVLIFYWHMCP>
#	G	D	E	R	K	N	Q	S	T	A	V	L	I	F	Y	W	H	M	C	P
0	0.07753	0.01185	0.05679	0.01131	0.03856	0.01047	0.02324	0.06030	0.06712	0.10984	0.02047	0.05249	0.05031	0.00794	0.00595	0.00175	0.02193	0.00641	0.20818	0.15755
1	0.03542	0.01317	0.05744	0.01425	0.06192	0.07939	0.05835	0.07798	0.03442	0.02006	0.02279	0.25303	0.04075	0.05769	0.08057	0.00321	0.00753	0.03062	0.00471	0.04670
2	0.01133	0.04385	0.10165	0.01198	0.06535	0.02694	0.00959	0.01445	0.01580	0.04375	0.31028	0.08654	0.15081	0.03089	0.00767	0.00211	0.00489	0.01002	0.00554	0.04656
3	0.04405	0.19754	0.11286	0.05569	0.07603	0.07107	0.01274	0.04914	0.06454	0.09732	0.01997	0.02121	0.09498	0.02943	0.00699	0.00201	0.02555	0.00610	0.00428	0.00850
4	0.03901	0.01456	0.01835	0.03603	0.04692	0.01534	0.07281	0.33336	0.05179	0.10488	0.01903	0.02124	0.03925	0.00811	0.00676	0.00198	0.02324	0.03499	0.06082	0.05152
5	0.07139	0.10747	0.19050	0.06047	0.14129	0.06388	0.01506	0.07022	0.01544	0.06607	0.01640	0.01790	0.06500	0.00697	0.00587	0.00185	0.00744	0.00551	0.00388	0.06740
6	0.01795	0.18753	0.02393	0.08973	0.09667	0.15310	0.09346	0.05489	0.01529	0.06464	0.01252	0.01630	0.01051	0.06221	0.00848	0.00213	0.04235	0.00540	0.00363	0.03929
7	0.01092	0.06450	0.01329	0.06099	0.01470	0.00948	0.06253	0.01322	0.01474	0.05777	0.10076	0.04573	0.43742	0.01303	0.00801	0.00214	0.04806	0.01087	0.00535	0.00649
8	0.05972	0.01374	0.09869	0.11331	0.11691	0.01140	0.07855	0.01754	0.01483	0.07322	0.12176	0.02674	0.09432	0.00841	0.00653	0.00195	0.00647	0.02383	0.00451	0.10758

[dist]
# distance from previous block
# <min> <max>
23	63

[block]
# block no. 5 follows, 34 sequences, length 10
# corresponding to MSA columns:
# 620-629
name=unknown_F
#
# <colnr> <probs for GDERKNQSTAVLIFYWHMCP>
#	G	D	E	R	K	N	Q	S	T	A	V	L	I	F	Y	W	H	M	C	P
0	0.04043	0.05224	0.06473	0.03138	0.01684	0.06189	0.01069	0.11078	0.18913	0.04262	0.04711	0.08458	0.04243	0.01362	0.08207	0.00290	0.00732	0.04156	0.00521	0.05248
1	0.01531	0.14101	0.19640	0.06473	0.12364	0.05494	0.03526	0.06235	0.06396	0.02113	0.04910	0.01759	0.01310	0.03063	0.00672	0.00197	0.00754	0.00555	0.03807	0.05101
2	0.04062	0.01487	0.04476	0.01754	0.12320	0.03857	0.04720	0.16279	0.11731	0.07642	0.06866	0.07901	0.01794	0.00881	0.00760	0.00205	0.06051	0.00728	0.00521	0.05963
3	0.01836	0.08215	0.04423	0.02231	0.24889	0.09080	0.02863	0.12786	0.04354	0.06626	0.03910	0.01644	0.01227	0.00698	0.00717	0.00187	0.06144	0.00557	0.00425	0.07188
4	0.01743	0.01692	0.06678	0.06711	0.05796	0.13312	0.06220	0.08356	0.07876	0.09206	0.06541	0.04266	0.03775	0.00839	0.00733	0.00198	0.04956	0.02402	0.00477	0.08225
5	0.01581	0.01566	0.02447	0.08661	0.54527	0.06715	0.05431	0.01934	0.01450	0.01978	0.01257	0.01766	0.01087	0.05888	0.00826	0.00223	0.00810	0.00599	0.00324	0.00930
6	0.01303	0.01192	0.01939	0.22795	0.30653	0.01304	0.01568	0.01644	0.01400	0.01933	0.08149	0.09309	0.01928	0.00925	0.00794	0.00220	0.06109	0.05645	0.00390	0.00801
7	0.01675	0.01052	0.01248	0.01115	0.01427	0.01068	0.00885	0.11012	0.16499	0.18212	0.08694	0.13591	0.10633	0.01227	0.00724	0.00225	0.00499	0.08696	0.00670	0.00846
8	0.01757	0.01514	0.02287	0.06593	0.41692	0.05132	0.04803	0.02208	0.06563	0.10945	0.01447	0.01701	0.01130	0.00661	0.00727	0.00197	0.05250	0.00588	0.00403	0.04401
9	0.06376	0.01087	0.01079	0.00995	0.01248	0.06050	0.00754	0.11766	0.07757	0.04111	0.11857	0.17575	0.21921	0.03524	0.00784	0.00228	0.00489	0.01101	0.00593	0.00705

[dist]
# distance from previous block
# <min> <max>
0	1

[block]
# block no. 6 follows, 34 sequences, length 29
# corresponding to MSA columns:
# 631-659
name=unknown_G
#
# <colnr> <probs for GDERKNQSTAVLIFYWHMCP>
#	G	D	E	R	K	N	Q	S	T	A	V	L	I	F	Y	W	H	M	C	P
0	0.15931	0.01583	0.03519	0.01232	0.01662	0.07810	0.01018	0.31171	0.02173	0.07804	0.12818	0.02075	0.03333	0.00824	0.00611	0.00191	0.00627	0.00629	0.00574	0.04414
1	0.01841	0.01801	0.10477	0.01637	0.02160	0.01714	0.11900	0.26861	0.26892	0.02976	0.01860	0.01929	0.01387	0.02680	0.00731	0.00219	0.00725	0.00658	0.00551	0.01003
2	0.26627	0.04301	0.06805	0.01219	0.01688	0.11917	0.01048	0.16559	0.07057	0.02694	0.01487	0.01566	0.04254	0.00701	0.00539	0.00183	0.00669	0.00496	0.00455	0.09736
3	0.01069	0.01050	0.04278	0.00926	0.01141	0.08843	0.00736	0.01336	0.01674	0.02195	0.43119	0.04439	0.18404	0.04342	0.03416	0.00248	0.00497	0.01067	0.00602	0.00618
4	0.01897	0.04991	0.01769	0.01335	0.01795	0.01645	0.03180	0.33312	0.20222	0.03156	0.07849	0.02005	0.01715	0.00791	0.00630	0.00186	0.00605	0.00638	0.00593	0.11687
5	0.00927	0.00713	0.01005	0.01021	0.01177	0.00669	0.04309	0.01170	0.01503	0.01996	0.20621	0.24796	0.14508	0.01651	0.00817	0.00250	0.00452	0.21216	0.00611	0.00587
6	0.02222	0.14747	0.02044	0.01534	0.01911	0.53442	0.01202	0.04654	0.09044	0.01763	0.01168	0.01285	0.00958	0.00673	0.00566	0.00168	0.01008	0.00442	0.00367	0.00801
7	0.04235	0.10064	0.05300	0.09820	0.04511	0.04089	0.42123	0.01928	0.01444	0.01945	0.01393	0.07536	0.01193	0.00682	0.00691	0.00209	0.00936	0.00743	0.00340	0.00819
8	0.05028	0.01199	0.04941	0.01194	0.03695	0.06484	0.00937	0.01955	0.05173	0.19529	0.17315	0.12069	0.05648	0.03854	0.03125	0.00254	0.03885	0.02345	0.00592	0.00778
9	0.02040	0.08938	0.17710	0.01441	0.01984	0.15038	0.01364	0.10906	0.11086	0.17189	0.04778	0.01784	0.01402	0.00742	0.00614	0.00191	0.00769	0.00566	0.00509	0.00947
10	0.00846	0.00639	0.00789	0.00871	0.00982	0.00597	0.00623	0.01072	0.04216	0.01835	0.11763	0.45359	0.19907	0.01798	0.00802	0.00247	0.00377	0.06101	0.00614	0.00563
11	0.46657	0.01226	0.01221	0.04455	0.01528	0.01402	0.00883	0.06127	0.04848	0.11316	0.01382	0.04630	0.01107	0.00938	0.03873	0.00247	0.06391	0.00524	0.00468	0.00777
12	0.05113	0.12681	0.14197	0.02077	0.16105	0.08233	0.10271	0.11514	0.03077	0.04678	0.01379	0.05309	0.01141	0.00699	0.00615	0.00192	0.00812	0.00598	0.00393	0.00915
13	0.01442	0.05424	0.03125	0.12933	0.09472	0.01580	0.43491	0.01892	0.01434	0.01935	0.01395	0.06974	0.01186	0.00691	0.00778	0.00217	0.04100	0.00765	0.00335	0.00830
14	0.01091	0.00896	0.01172	0.01122	0.01232	0.04104	0.00883	0.01312	0.01097	0.01605	0.01602	0.02293	0.01468	0.03676	0.52781	0.00794	0.13022	0.00652	0.08591	0.00607
15	0.00837	0.00614	0.00775	0.00860	0.00953	0.00569	0.00611	0.00995	0.01362	0.01795	0.13442	0.42581	0.16270	0.07258	0.00990	0.00276	0.00397	0.08278	0.00600	0.00537
16	0.01734	0.04801	0.12637	0.07714	0.32091	0.13145	0.07999	0.08315	0.01641	0.02139	0.01196	0.01494	0.00949	0.00615	0.00631	0.00192	0.00884	0.00546	0.00342	0.00936
17	0.01514	0.25485	0.37386	0.01569	0.02235	0.05769	0.01767	0.02052	0.04691	0.01839	0.01107	0.01310	0.00881	0.00668	0.00721	0.00192	0.09181	0.00456	0.00296	0.00882
18	0.00813	0.00573	0.00742	0.00866	0.00897	0.00542	0.00564	0.00907	0.01186	0.01581	0.03299	0.64399	0.03943	0.14947	0.01248	0.00325	0.00418	0.01683	0.00564	0.00502
19	0.04147	0.09671	0.12443	0.04237	0.13329	0.13871	0.03166	0.11036	0.03513	0.04646	0.03102	0.01926	0.03227	0.00772	0.00701	0.00198	0.04916	0.03816	0.00408	0.00877
20	0.04366	0.08024	0.03663	0.06048	0.15857	0.09241	0.01231	0.09296	0.10061	0.04294	0.06077	0.02368	0.05877	0.00825	0.00619	0.00194	0.00664	0.03535	0.06909	0.00852
21	0.00848	0.00664	0.00872	0.00892	0.01024	0.00610	0.03399	0.01013	0.01353	0.01753	0.10194	0.34751	0.25235	0.07732	0.03457	0.00298	0.00457	0.04330	0.00574	0.00547
22	0.00847	0.00625	0.00812	0.00903	0.01006	0.00590	0.00664	0.01028	0.01375	0.01818	0.12694	0.41196	0.15126	0.02017	0.05537	0.00303	0.00479	0.11830	0.00597	0.00553
23	0.03779	0.21246	0.17518	0.09124	0.03788	0.08344	0.04776	0.07731	0.04491	0.05163	0.01232	0.01429	0.00959	0.00711	0.01746	0.00197	0.03233	0.00490	0.00362	0.03682
24	0.01502	0.04347	0.07730	0.03592	0.01672	0.01215	0.04522	0.13673	0.03530	0.09083	0.07215	0.02958	0.16482	0.01473	0.09874	0.00307	0.04187	0.00797	0.05047	0.00793
25	0.00848	0.00664	0.00765	0.00794	0.00945	0.00608	0.00570	0.01102	0.05060	0.01906	0.17608	0.27172	0.33811	0.04078	0.00857	0.00242	0.00357	0.01425	0.00617	0.00571
26	0.38464	0.10167	0.06007	0.03522	0.03530	0.11184	0.01059	0.06508	0.01431	0.06096	0.03083	0.01328	0.00981	0.00667	0.00558	0.00192	0.03590	0.00440	0.00405	0.00789
27	0.01394	0.07124	0.13157	0.03587	0.10145	0.03704	0.01220	0.06455	0.07660	0.03672	0.04268	0.06526	0.07032	0.11721	0.04005	0.00292	0.00711	0.02416	0.00440	0.04472
28	0.12868	0.36584	0.06223	0.01314	0.01832	0.04622	0.07039	0.04578	0.07670	0.08162	0.01266	0.01367	0.01000	0.00636	0.00546	0.00175	0.02397	0.00464	0.00391	0.00865

[dist]
# distance from previous block
# <min> <max>
2	9

[block]
# block no. 7 follows, 34 sequences, length 10
# corresponding to MSA columns:
# 669-678
name=unknown_H
#
# <colnr> <probs for GDERKNQSTAVLIFYWHMCP>
#	G	D	E	R	K	N	Q	S	T	A	V	L	I	F	Y	W	H	M	C	P
0	0.17076	0.12503	0.15461	0.05008	0.06839	0.12312	0.01364	0.07261	0.01490	0.04297	0.01230	0.04128	0.01025	0.00893	0.04072	0.00231	0.03100	0.00513	0.00370	0.00826
1	0.02164	0.13671	0.01988	0.01582	0.05369	0.45601	0.01189	0.02362	0.01656	0.08552	0.01220	0.01409	0.00996	0.01088	0.08197	0.00256	0.01074	0.00465	0.00370	0.00791
2	0.01634	0.01347	0.01495	0.01256	0.01588	0.12126	0.07855	0.06977	0.06617	0.12201	0.06598	0.07454	0.13862	0.06770	0.05296	0.00281	0.00717	0.00859	0.00534	0.04534
3	0.01236	0.02451	0.46151	0.01800	0.08070	0.01363	0.01895	0.01776	0.01342	0.01964	0.04523	0.10807	0.04221	0.00901	0.00808	0.00219	0.08553	0.00720	0.00347	0.00854
4	0.01155	0.00971	0.01053	0.01026	0.01160	0.08415	0.00769	0.01413	0.04729	0.01694	0.04644	0.08129	0.04741	0.09722	0.31838	0.03589	0.04325	0.00796	0.09237	0.00593
5	0.01086	0.00575	0.00858	0.00865	0.00878	0.00585	0.00588	0.00877	0.00881	0.01187	0.01302	0.05623	0.01324	0.02502	0.09874	0.69063	0.00673	0.00636	0.00303	0.00323
6	0.01253	0.00943	0.01307	0.01299	0.07193	0.00936	0.05587	0.03700	0.09350	0.07708	0.10301	0.12735	0.15946	0.09446	0.09008	0.00349	0.00652	0.01030	0.00545	0.00713
7	0.01515	0.01416	0.02111	0.13507	0.21715	0.03879	0.09818	0.07192	0.07812	0.02144	0.01507	0.06001	0.01299	0.03731	0.00788	0.00211	0.02744	0.00667	0.00397	0.11547
8	0.00892	0.00617	0.00773	0.00844	0.00950	0.00559	0.00587	0.01037	0.01365	0.04880	0.11237	0.49070	0.18771	0.04154	0.00874	0.00256	0.00373	0.01589	0.00614	0.00559
9	0.13026	0.15039	0.09245	0.01223	0.01744	0.04936	0.03614	0.12010	0.01612	0.02390	0.05977	0.04072	0.01353	0.00686	0.00540	0.00164	0.00642	0.00527	0.00419	0.20780

[dist]
# distance from previous block
# <min> <max>
3	9

[block]
# block no. 8 follows, 34 sequences, length 49
# corresponding to MSA columns:
# 689-737
name=unknown_I
#
# <colnr> <probs for GDERKNQSTAVLIFYWHMCP>
#	G	D	E	R	K	N	Q	S	T	A	V	L	I	F	Y	W	H	M	C	P
0	0.01056	0.00777	0.00907	0.00861	0.01068	0.00748	0.00655	0.03553	0.09132	0.04341	0.33349	0.09472	0.23683	0.01369	0.00741	0.00213	0.00366	0.03255	0.03797	0.00658
1	0.00975	0.00672	0.00861	0.00944	0.01039	0.00649	0.00656	0.03767	0.04423	0.04610	0.07790	0.63396	0.04067	0.01836	0.00800	0.00252	0.00396	0.01654	0.00619	0.00595
2	0.01984	0.01725	0.01676	0.03201	0.01891	0.10888	0.01143	0.27319	0.34820	0.03001	0.02030	0.02082	0.01545	0.00837	0.00651	0.00206	0.00675	0.02729	0.00602	0.00995
3	0.01419	0.14678	0.36338	0.03825	0.06375	0.01612	0.01723	0.04744	0.10959	0.02113	0.03794	0.01930	0.06314	0.00738	0.00606	0.00196	0.00766	0.00586	0.00379	0.00907
4	0.01645	0.03505	0.08496	0.04695	0.11885	0.15348	0.08309	0.03685	0.07444	0.06863	0.04904	0.02443	0.10242	0.04976	0.00797	0.00219	0.00771	0.00704	0.00440	0.02628
5	0.01305	0.00708	0.00810	0.00773	0.00953	0.00702	0.00577	0.01642	0.05319	0.09754	0.07310	0.08920	0.03966	0.06512	0.05185	0.00260	0.00454	0.00803	0.43392	0.00655
6	0.00794	0.00598	0.00736	0.00824	0.00923	0.00539	0.00571	0.00941	0.01364	0.01775	0.11730	0.50148	0.23022	0.01845	0.00802	0.00244	0.00355	0.01638	0.00612	0.00539
7	0.04157	0.15187	0.19924	0.01522	0.02095	0.05614	0.09228	0.09678	0.06150	0.07443	0.05173	0.01950	0.05761	0.00757	0.00650	0.00194	0.02586	0.00611	0.00433	0.00887
8	0.01534	0.04279	0.02406	0.25720	0.39896	0.01529	0.05295	0.01992	0.04531	0.04717	0.01301	0.01682	0.01028	0.00617	0.00641	0.00200	0.00790	0.00586	0.00342	0.00917
9	0.00794	0.00603	0.00704	0.00785	0.00903	0.00537	0.00548	0.00935	0.01341	0.01720	0.04764	0.44150	0.33170	0.01811	0.00784	0.00239	0.00352	0.01589	0.03737	0.00537
10	0.01570	0.05582	0.11267	0.01858	0.02300	0.01690	0.21809	0.14242	0.01621	0.02240	0.01540	0.06292	0.03066	0.00889	0.01034	0.00228	0.18597	0.02934	0.00397	0.00844
11	0.00905	0.00718	0.00855	0.04081	0.01168	0.00679	0.00694	0.03115	0.03266	0.01862	0.06891	0.24038	0.36135	0.01661	0.00787	0.00240	0.00417	0.11311	0.00592	0.00585
12	0.01249	0.00927	0.01036	0.00966	0.01219	0.00948	0.00735	0.03954	0.23123	0.06663	0.16260	0.12599	0.21743	0.01280	0.00714	0.00216	0.00409	0.01092	0.04114	0.00753
13	0.00830	0.00628	0.00745	0.00820	0.00935	0.00573	0.00589	0.00971	0.01321	0.01673	0.04482	0.32234	0.29964	0.11222	0.01117	0.00295	0.00416	0.10087	0.00573	0.00525
14	0.01756	0.01861	0.02510	0.08402	0.36799	0.16808	0.12305	0.04293	0.05160	0.02050	0.01261	0.01579	0.01015	0.00616	0.00648	0.00194	0.00892	0.00579	0.00348	0.00923
15	0.02295	0.02801	0.01998	0.01940	0.09578	0.60497	0.04062	0.05894	0.01841	0.01780	0.01061	0.01253	0.00872	0.00657	0.00599	0.00173	0.01098	0.00455	0.00347	0.00800
16	0.00787	0.00651	0.00682	0.00683	0.00879	0.00554	0.00504	0.00957	0.01482	0.01813	0.13261	0.08776	0.60717	0.04330	0.00856	0.00233	0.00338	0.01346	0.00604	0.00546
17	0.01411	0.01019	0.01200	0.01104	0.01336	0.01072	0.00848	0.18499	0.08041	0.05463	0.12885	0.27132	0.06228	0.03213	0.00849	0.00240	0.02717	0.05365	0.00626	0.00753
18	0.13449	0.06382	0.05014	0.01756	0.13221	0.08122	0.03517	0.15941	0.07594	0.14607	0.01593	0.03356	0.01203	0.00722	0.00598	0.00194	0.00701	0.00573	0.00507	0.00949
19	0.01150	0.01008	0.01015	0.00962	0.01186	0.06265	0.00724	0.04099	0.14775	0.02082	0.14907	0.09523	0.26994	0.04563	0.07538	0.00305	0.00576	0.01074	0.00579	0.00675
20	0.01567	0.04240	0.04502	0.03553	0.04148	0.01226	0.02997	0.10542	0.05502	0.04517	0.01315	0.01475	0.01038	0.00582	0.00576	0.00139	0.02408	0.00465	0.00427	0.48781
21	0.06770	0.04336	0.07848	0.01724	0.02223	0.12762	0.18819	0.11618	0.07391	0.09560	0.01697	0.02218	0.01370	0.00787	0.00668	0.00209	0.00838	0.07807	0.00472	0.00884
22	0.05177	0.00781	0.00892	0.00862	0.01056	0.00754	0.00638	0.06222	0.03221	0.05874	0.18563	0.23232	0.21009	0.04299	0.00826	0.00235	0.00397	0.01238	0.04084	0.00637
23	0.01368	0.01011	0.03369	0.07805	0.04255	0.05766	0.00879	0.04929	0.01205	0.05515	0.01557	0.04617	0.03511	0.07488	0.03970	0.40531	0.00682	0.00656	0.00365	0.00522
24	0.01734	0.15328	0.18179	0.04479	0.04317	0.11701	0.04055	0.04629	0.05182	0.07445	0.01272	0.01441	0.00985	0.00662	0.00680	0.00181	0.06208	0.00488	0.00374	0.10657
25	0.01823	0.06241	0.09181	0.02135	0.19163	0.15424	0.06687	0.10317	0.05940	0.06158	0.01557	0.01761	0.03275	0.01004	0.06269	0.00255	0.00907	0.00584	0.00412	0.00907
26	0.00942	0.00712	0.00828	0.00831	0.00979	0.00675	0.00593	0.04959	0.03572	0.02001	0.19074	0.25827	0.24461	0.10283	0.01061	0.00273	0.00397	0.01348	0.00604	0.00580
27	0.01681	0.20948	0.22274	0.01661	0.06732	0.14282	0.04141	0.04117	0.06322	0.01951	0.01187	0.01353	0.00944	0.00611	0.00556	0.00171	0.00831	0.00462	0.00338	0.09436
28	0.01309	0.00977	0.01271	0.01200	0.04961	0.00959	0.04698	0.08424	0.08727	0.07566	0.19319	0.09190	0.20574	0.03736	0.00819	0.00230	0.00485	0.04201	0.00614	0.00741
29	0.04156	0.10092	0.14736	0.04598	0.06056	0.07165	0.15099	0.16530	0.04547	0.02414	0.01516	0.01694	0.04095	0.00680	0.00625	0.00192	0.00828	0.00586	0.00407	0.03984
30	0.01671	0.05997	0.01667	0.05183	0.03910	0.06290	0.04308	0.16828	0.08591	0.05896	0.05811	0.05446	0.05160	0.03484	0.01094	0.13738	0.02957	0.00715	0.00487	0.00769
31	0.00873	0.00636	0.00804	0.00906	0.00986	0.00603	0.00622	0.04459	0.01362	0.01802	0.05345	0.65265	0.10096	0.01911	0.00809	0.00254	0.00386	0.01717	0.00605	0.00558
32	0.01390	0.01377	0.05075	0.10446	0.13322	0.03658	0.13679	0.09114	0.03817	0.02244	0.12054	0.09828	0.09253	0.00964	0.00708	0.00211	0.00696	0.00888	0.00471	0.00803
33	0.01377	0.03001	0.05452	0.28130	0.22175	0.01420	0.08468	0.04406	0.04096	0.01965	0.01693	0.05042	0.04852	0.02615	0.00733	0.00220	0.00782	0.02381	0.00365	0.00828
34	0.00829	0.00649	0.00759	0.00833	0.00962	0.00598	0.00591	0.01061	0.05275	0.01752	0.04677	0.43422	0.31097	0.01803	0.00793	0.00243	0.00369	0.03122	0.00603	0.00562
35	0.00819	0.00593	0.00781	0.00920	0.00985	0.00555	0.00650	0.00959	0.01287	0.01694	0.03762	0.62520	0.09259	0.01964	0.00829	0.00264	0.00400	0.10622	0.00599	0.00536
36	0.04840	0.34236	0.10527	0.09107	0.09734	0.18137	0.01426	0.02065	0.01440	0.01721	0.01008	0.01230	0.00848	0.00598	0.00520	0.00168	0.00843	0.00423	0.00299	0.00830
37	0.01142	0.00886	0.04602	0.00923	0.01154	0.00748	0.00738	0.06501	0.01644	0.07689	0.22788	0.23969	0.19558	0.01450	0.00746	0.00220	0.00411	0.01259	0.02910	0.00664
38	0.01116	0.00686	0.00816	0.00872	0.01011	0.00686	0.00664	0.01467	0.06455	0.03924	0.02857	0.26405	0.02881	0.01353	0.00671	0.00219	0.00401	0.13994	0.32900	0.00620
39	0.01475	0.01050	0.01193	0.01034	0.01337	0.01077	0.00811	0.14550	0.15706	0.08852	0.27821	0.03786	0.16345	0.01148	0.00711	0.00207	0.00445	0.00967	0.00676	0.00810
40	0.09603	0.13549	0.17436	0.04338	0.04807	0.12227	0.03415	0.10028	0.01618	0.05847	0.01347	0.03653	0.01072	0.00690	0.00562	0.00184	0.00771	0.00524	0.07478	0.00852
41	0.02347	0.02736	0.01849	0.01629	0.01975	0.56843	0.01249	0.13984	0.03595	0.02021	0.01120	0.01272	0.00904	0.00715	0.00680	0.00179	0.05241	0.00459	0.00390	0.00811
42	0.00831	0.00664	0.00693	0.00686	0.00901	0.00559	0.00514	0.01003	0.01494	0.03743	0.10016	0.08685	0.64760	0.01611	0.00763	0.00219	0.00334	0.01351	0.00612	0.00563
43	0.01433	0.06649	0.19091	0.10095	0.15228	0.04333	0.05320	0.04146	0.10102	0.02077	0.04035	0.04128	0.07210	0.00798	0.00681	0.00204	0.02524	0.00678	0.00396	0.00872
44	0.01429	0.01127	0.01204	0.08096	0.03310	0.07563	0.00892	0.04669	0.11598	0.09254	0.05492	0.09161	0.21323	0.03626	0.00772	0.00224	0.00547	0.03032	0.05944	0.00738
45	0.01544	0.00997	0.01128	0.00976	0.01281	0.00987	0.00775	0.17444	0.03955	0.12239	0.13176	0.05699	0.23409	0.01183	0.00692	0.00205	0.00457	0.03888	0.09187	0.00777
46	0.01348	0.03564	0.09053	0.08156	0.29404	0.01277	0.02937	0.04735	0.02966	0.02035	0.01985	0.17422	0.01992	0.01039	0.00703	0.00222	0.00690	0.09216	0.00423	0.00834
47	0.03644	0.04022	0.23542	0.02173	0.18174	0.06828	0.07764	0.10731	0.02929	0.06415	0.01448	0.04989	0.01155	0.00705	0.00633	0.00198	0.00819	0.00606	0.02286	0.00938
48	0.03645	0.01169	0.05051	0.01382	0.06749	0.01176	0.02747	0.07125	0.08669	0.04785	0.08601	0.05516	0.10041	0.06828	0.14966	0.00402	0.09103	0.00820	0.00480	0.00746

[dist]
# distance from previous block
# <min> <max>
4	39

[block]
# block no. 9 follows, 34 sequences, length 51
# corresponding to MSA columns:
# 777-827
name=unknown_J
#
# <colnr> <probs for GDERKNQSTAVLIFYWHMCP>
#	G	D	E	R	K	N	Q	S	T	A	V	L	I	F	Y	W	H	M	C	P
0	0.00988	0.00730	0.00917	0.00959	0.01063	0.00746	0.00681	0.06025	0.04169	0.01843	0.05196	0.46476	0.08516	0.05810	0.07673	0.03155	0.02490	0.01425	0.00556	0.00584
1	0.03972	0.01709	0.04724	0.11018	0.19151	0.15060	0.05038	0.06623	0.08770	0.03847	0.06609	0.07391	0.01662	0.00810	0.00653	0.00201	0.00773	0.00698	0.00434	0.00856
2	0.01589	0.05126	0.01833	0.13186	0.17134	0.08701	0.01312	0.11341	0.11169	0.02218	0.01900	0.05444	0.05648	0.01163	0.07006	0.00271	0.00801	0.00686	0.02624	0.00849
3	0.03082	0.00854	0.00827	0.00817	0.01016	0.05861	0.00602	0.01212	0.02905	0.03722	0.14170	0.15989	0.41527	0.03509	0.00812	0.00229	0.00413	0.01273	0.00592	0.00589
4	0.11665	0.01169	0.01434	0.01133	0.01603	0.01111	0.00929	0.07429	0.07054	0.53295	0.02441	0.02182	0.03976	0.00810	0.00626	0.00202	0.00544	0.00642	0.00727	0.01029
5	0.01065	0.00899	0.01081	0.01034	0.01086	0.03880	0.00749	0.01166	0.01079	0.01459	0.02213	0.13116	0.07109	0.30713	0.13822	0.00522	0.17126	0.00949	0.00401	0.00532
6	0.10819	0.01171	0.05667	0.05051	0.11130	0.01064	0.01095	0.03744	0.04465	0.18423	0.04082	0.18685	0.05598	0.01109	0.00679	0.00221	0.00563	0.05059	0.00557	0.00820
7	0.02305	0.01597	0.01728	0.01348	0.01814	0.01743	0.01106	0.55489	0.05026	0.08755	0.01726	0.01731	0.01232	0.00778	0.00623	0.00190	0.00643	0.00594	0.10536	0.01035
8	0.05208	0.01082	0.01203	0.01037	0.01366	0.01112	0.00818	0.13688	0.15595	0.13234	0.15439	0.05032	0.17109	0.01090	0.00678	0.00206	0.00465	0.00903	0.03900	0.00834
9	0.05183	0.01200	0.01340	0.01258	0.04856	0.03731	0.00926	0.17069	0.10397	0.04473	0.07304	0.03089	0.09286	0.12412	0.08245	0.00352	0.03706	0.03867	0.00532	0.00773
10	0.00959	0.00667	0.00808	0.00830	0.00978	0.00618	0.00600	0.01221	0.04449	0.04910	0.21645	0.31503	0.20423	0.01581	0.00758	0.00226	0.00354	0.01388	0.05480	0.00600
11	0.00913	0.00742	0.00792	0.00766	0.00984	0.00675	0.00576	0.05252	0.03991	0.02008	0.13596	0.11718	0.52563	0.01555	0.00758	0.00219	0.00358	0.01313	0.00618	0.00601
12	0.00898	0.00614	0.00712	0.00745	0.00763	0.00601	0.00441	0.00930	0.01028	0.01362	0.02571	0.20178	0.05934	0.57469	0.02638	0.00529	0.00558	0.01155	0.00446	0.00428
13	0.01555	0.01663	0.09985	0.01349	0.01713	0.11234	0.02906	0.12737	0.17682	0.02318	0.02392	0.15856	0.04948	0.04562	0.00814	0.00238	0.00678	0.06025	0.00528	0.00816
14	0.00821	0.00668	0.00729	0.00728	0.00920	0.00586	0.00540	0.01055	0.03446	0.01944	0.20344	0.12003	0.50775	0.01582	0.00766	0.00219	0.00332	0.01346	0.00625	0.00570
15	0.00907	0.00634	0.00764	0.00809	0.00859	0.00623	0.00536	0.00989	0.01112	0.01463	0.02875	0.18038	0.09243	0.44174	0.05771	0.00503	0.00603	0.09164	0.00471	0.00463
16	0.01063	0.00873	0.01314	0.01311	0.03902	0.00857	0.08899	0.03370	0.06430	0.01948	0.05007	0.37924	0.06771	0.01598	0.00804	0.00254	0.00533	0.15924	0.00566	0.00652
17	0.00952	0.00726	0.00899	0.00934	0.01035	0.00736	0.00683	0.03857	0.01350	0.01777	0.06783	0.32828	0.16912	0.12821	0.01264	0.00307	0.05803	0.09223	0.00553	0.00557
18	0.08856	0.30089	0.07233	0.01466	0.04679	0.23641	0.01252	0.07038	0.01582	0.04045	0.01052	0.01207	0.00869	0.00643	0.00581	0.00170	0.04000	0.00420	0.00347	0.00832
19	0.05909	0.01246	0.01729	0.09228	0.20572	0.06221	0.06199	0.04922	0.01464	0.02006	0.03878	0.22151	0.06297	0.01247	0.03803	0.00251	0.00707	0.00970	0.00441	0.00758
20	0.01880	0.13643	0.11261	0.01836	0.13193	0.30011	0.01397	0.04561	0.01611	0.01898	0.01147	0.01354	0.00937	0.00625	0.00556	0.00166	0.00879	0.00455	0.06035	0.06555
21	0.01772	0.51869	0.11514	0.01384	0.05053	0.02273	0.01313	0.12023	0.03913	0.02018	0.01096	0.01221	0.00913	0.00604	0.00490	0.00159	0.00723	0.00419	0.00344	0.00898
22	0.01860	0.01722	0.02134	0.13791	0.32716	0.14781	0.01605	0.08796	0.04432	0.07833	0.01417	0.01763	0.01125	0.00683	0.00639	0.00195	0.00817	0.02355	0.00407	0.00929
23	0.04172	0.05315	0.06534	0.37415	0.07202	0.12277	0.04464	0.05765	0.01465	0.01853	0.01203	0.01724	0.00981	0.06069	0.00807	0.00230	0.00871	0.00561	0.00327	0.00764
24	0.00809	0.00589	0.00757	0.00882	0.00948	0.00547	0.00609	0.00936	0.01272	0.01665	0.03858	0.60122	0.12683	0.05120	0.00925	0.00275	0.00395	0.06492	0.00591	0.00527
25	0.01374	0.01217	0.01772	0.01490	0.01728	0.03413	0.12416	0.12449	0.01478	0.02030	0.01753	0.13907	0.01712	0.04078	0.22166	0.00476	0.14554	0.00844	0.00420	0.00723
26	0.00868	0.00671	0.00943	0.07443	0.04170	0.00668	0.00764	0.01037	0.01272	0.01690	0.05178	0.54491	0.09293	0.01997	0.06031	0.00305	0.00523	0.01540	0.00547	0.00569
27	0.01365	0.15197	0.62693	0.01724	0.02615	0.01669	0.02183	0.02028	0.01356	0.01962	0.01118	0.01312	0.00820	0.00604	0.00582	0.00194	0.00913	0.00456	0.00273	0.00935
28	0.01496	0.04779	0.15815	0.22877	0.16309	0.01614	0.15467	0.07845	0.01526	0.02092	0.01210	0.01587	0.00926	0.00629	0.00697	0.00207	0.03125	0.00585	0.00329	0.00885
29	0.00949	0.00717	0.01033	0.01019	0.01112	0.00837	0.00774	0.01141	0.01021	0.01465	0.01734	0.02741	0.01690	0.15677	0.60370	0.00939	0.05152	0.00724	0.00350	0.00555
30	0.00860	0.00655	0.00802	0.00820	0.00971	0.00606	0.00617	0.01073	0.01499	0.01976	0.25935	0.14643	0.28152	0.04795	0.06751	0.00308	0.00476	0.07891	0.00606	0.00564
31	0.01237	0.00993	0.01086	0.01085	0.01257	0.06255	0.00822	0.12505	0.01702	0.02224	0.13430	0.37008	0.03690	0.01578	0.00780	0.00241	0.00513	0.12332	0.00604	0.00658
32	0.01622	0.01830	0.23081	0.01351	0.01885	0.01317	0.01349	0.12326	0.15995	0.11130	0.14398	0.02596	0.06497	0.00897	0.00666	0.00206	0.00631	0.00738	0.00564	0.00922
33	0.01439	0.01085	0.01292	0.00972	0.01468	0.00869	0.00773	0.01799	0.04862	0.08984	0.11682	0.01975	0.01806	0.00649	0.00544	0.00127	0.00462	0.00538	0.00483	0.58191
34	0.00912	0.00703	0.00813	0.00831	0.00970	0.00675	0.00586	0.01240	0.08831	0.01907	0.17047	0.25490	0.23362	0.12310	0.01127	0.00286	0.00398	0.01336	0.00597	0.00580
35	0.05655	0.14080	0.12229	0.01554	0.02070	0.23817	0.06772	0.13624	0.05270	0.05094	0.01287	0.01411	0.00987	0.00664	0.00580	0.00181	0.00872	0.00495	0.02478	0.00879
