[name]
unknown

[dist]
# distance from previous block
# <min> <max>
0	24

[block]
# block no. 0 follows, 33 sequences, length 31
# corresponding to MSA columns:
# 24-54
name=unknown_A
#
# <colnr> <probs for GDERKNQSTAVLIFYWHMCP>
#	G	D	E	R	K	N	Q	S	T	A	V	L	I	F	Y	W	H	M	C	P
0	0.01557	0.35986	0.16049	0.01404	0.01909	0.07049	0.03829	0.01881	0.01383	0.01750	0.04142	0.04904	0.01395	0.00914	0.02642	0.00213	0.07638	0.04206	0.00339	0.00812
1	0.03910	0.09039	0.18686	0.03890	0.12687	0.01556	0.11363	0.06853	0.03581	0.05177	0.03912	0.05496	0.01439	0.00969	0.04031	0.00248	0.03508	0.02357	0.00402	0.00895
2	0.03553	0.01098	0.08567	0.06929	0.01560	0.00917	0.00954	0.06531	0.03999	0.02109	0.11442	0.34236	0.08193	0.03870	0.00830	0.00246	0.00516	0.01259	0.00552	0.02639
3	0.00856	0.00615	0.00829	0.00919	0.00979	0.00611	0.00634	0.00999	0.01233	0.01681	0.08291	0.48409	0.03735	0.10183	0.16304	0.00464	0.00689	0.01486	0.00545	0.00538
4	0.00953	0.00832	0.04791	0.00926	0.01133	0.00660	0.02476	0.01156	0.01434	0.04824	0.09212	0.30497	0.30540	0.04215	0.00878	0.00252	0.00432	0.03589	0.00595	0.00604
5	0.05960	0.09923	0.26324	0.09364	0.15466	0.04331	0.06720	0.03659	0.03629	0.03945	0.03786	0.01623	0.01138	0.00654	0.00619	0.00200	0.00839	0.00552	0.00352	0.00917
6	0.04340	0.01298	0.02109	0.42158	0.20975	0.01459	0.04109	0.04952	0.01472	0.05844	0.01374	0.04581	0.01102	0.00703	0.00659	0.00213	0.00806	0.00638	0.00363	0.00845
7	0.00801	0.00577	0.00760	0.00905	0.00952	0.00536	0.00606	0.00918	0.01271	0.01685	0.03766	0.73271	0.07429	0.02045	0.00837	0.00265	0.00380	0.01850	0.00611	0.00536
8	0.01411	0.01226	0.03722	0.13413	0.10884	0.01233	0.08689	0.04490	0.10646	0.06201	0.12890	0.09659	0.05950	0.00987	0.00739	0.00217	0.02357	0.00885	0.03580	0.00821
9	0.01583	0.20922	0.25647	0.04755	0.05816	0.04480	0.11531	0.02085	0.03214	0.05161	0.04902	0.01630	0.01217	0.00674	0.00668	0.00195	0.03720	0.00555	0.00349	0.00895
10	0.01243	0.01170	0.01975	0.75282	0.04534	0.01463	0.01828	0.01682	0.01316	0.01682	0.01170	0.01755	0.00878	0.00658	0.00658	0.00219	0.00878	0.00585	0.00293	0.00731
11	0.01881	0.64443	0.03176	0.01225	0.01749	0.14988	0.01152	0.02085	0.01429	0.01560	0.00933	0.01079	0.00845	0.00583	0.00452	0.00146	0.00788	0.00364	0.00292	0.00831
12	0.01544	0.03249	0.08550	0.14508	0.03898	0.08440	0.04016	0.03968	0.07092	0.10221	0.10993	0.12034	0.06684	0.01019	0.00695	0.00214	0.00683	0.00875	0.00513	0.00805
13	0.01129	0.00863	0.01124	0.04985	0.09087	0.00818	0.00834	0.03416	0.02928	0.06037	0.25855	0.07081	0.30679	0.01324	0.00748	0.00214	0.00432	0.01140	0.00613	0.00694
14	0.01417	0.10242	0.58456	0.01829	0.02687	0.04250	0.04965	0.02073	0.01392	0.01997	0.01143	0.01369	0.00843	0.00641	0.00676	0.00205	0.04105	0.00487	0.00283	0.00939
15	0.10702	0.01731	0.05109	0.05114	0.17463	0.06329	0.11745	0.18054	0.03690	0.11487	0.01483	0.01643	0.01088	0.00678	0.00643	0.00202	0.00792	0.00590	0.00480	0.00978
16	0.01602	0.01758	0.02043	0.34446	0.03157	0.21090	0.07204	0.01916	0.01434	0.01683	0.01230	0.05601	0.01066	0.00805	0.00886	0.00219	0.12167	0.00626	0.00325	0.00740
17	0.00961	0.00688	0.00865	0.00868	0.00897	0.00739	0.00569	0.01032	0.01018	0.01395	0.02135	0.12652	0.02396	0.48642	0.17702	0.00661	0.04903	0.00997	0.00409	0.00472
18	0.04832	0.01671	0.04754	0.01612	0.06501	0.04841	0.06629	0.35988	0.02315	0.09795	0.01816	0.01887	0.03721	0.00772	0.00637	0.00195	0.00705	0.00624	0.09723	0.00983
19	0.01403	0.05148	0.53112	0.01871	0.02677	0.01550	0.09387	0.02044	0.01381	0.04493	0.01249	0.01517	0.00924	0.00884	0.04631	0.00258	0.05698	0.00536	0.00307	0.00929
20	0.00802	0.00573	0.00764	0.00917	0.00955	0.00535	0.00611	0.00917	0.01260	0.01681	0.03628	0.76434	0.04354	0.02062	0.00840	0.00267	0.00382	0.01872	0.00611	0.00535
21	0.00957	0.00638	0.00718	0.00718	0.00718	0.00638	0.00399	0.00957	0.00957	0.01276	0.02074	0.04308	0.02393	0.76864	0.03351	0.00638	0.00638	0.00957	0.00399	0.00399
22	0.01476	0.02167	0.25718	0.04163	0.04743	0.04403	0.18300	0.04394	0.07000	0.02156	0.01622	0.01845	0.04808	0.00695	0.00715	0.00201	0.03658	0.00623	0.00371	0.10941
23	0.01653	0.22833	0.19937	0.01435	0.05071	0.01651	0.01384	0.04584	0.09633	0.09731	0.08606	0.02049	0.04164	0.00766	0.00595	0.00186	0.00679	0.00603	0.00457	0.03983
24	0.03778	0.01131	0.01284	0.01088	0.01412	0.07680	0.03580	0.03919	0.01764	0.19431	0.26067	0.07916	0.10915	0.01112	0.00704	0.00201	0.00520	0.00947	0.00644	0.05905
25	0.01706	0.03957	0.03713	0.01429	0.06355	0.10279	0.03186	0.15943	0.03695	0.06313	0.09806	0.05565	0.11704	0.00962	0.00666	0.00191	0.00646	0.02326	0.00536	0.11022
26	0.11411	0.07444	0.03761	0.01121	0.04007	0.01130	0.00872	0.04511	0.08043	0.07548	0.11533	0.17292	0.11224	0.01155	0.00661	0.00208	0.00492	0.00970	0.00558	0.06059
27	0.09144	0.03724	0.03868	0.01154	0.01494	0.07108	0.02728	0.09224	0.03461	0.11594	0.11988	0.16725	0.07786	0.01152	0.00685	0.00212	0.00572	0.03026	0.00580	0.03775
28	0.05932	0.16297	0.06661	0.03478	0.04595	0.07526	0.02870	0.08982	0.04255	0.04483	0.06305	0.07651	0.09070	0.00893	0.00612	0.00186	0.00654	0.00719	0.00463	0.08367
29	0.17853	0.08816	0.10349	0.08560	0.08047	0.06538	0.02957	0.03719	0.03294	0.04037	0.04049	0.08503	0.08957	0.00890	0.00611	0.00205	0.00678	0.00718	0.00428	0.00791
30	0.12995	0.17970	0.03703	0.01303	0.04859	0.10037	0.01043	0.13919	0.01707	0.04207	0.03717	0.07893	0.07233	0.00918	0.00647	0.02781	0.00665	0.00664	0.00457	0.03281

[dist]
# distance from previous block
# <min> <max>
0	14

[block]
# block no. 1 follows, 33 sequences, length 85
# corresponding to MSA columns:
# 69-153
name=unknown_B
#
# <colnr> <probs for GDERKNQSTAVLIFYWHMCP>
#	G	D	E	R	K	N	Q	S	T	A	V	L	I	F	Y	W	H	M	C	P
0	0.01786	0.25765	0.10189	0.03771	0.02189	0.13184	0.11450	0.03909	0.09186	0.04934	0.04052	0.01611	0.01243	0.00669	0.00588	0.00181	0.00825	0.00542	0.00392	0.03535
1	0.03837	0.20876	0.11284	0.01735	0.07994	0.14400	0.07529	0.08925	0.04338	0.04173	0.01374	0.05649	0.01168	0.00718	0.00593	0.00184	0.00825	0.00574	0.00392	0.03431
2	0.06722	0.05756	0.14147	0.03822	0.04802	0.06056	0.08272	0.06731	0.08707	0.12209	0.03781	0.07401	0.01610	0.00839	0.00651	0.00206	0.00734	0.02837	0.00490	0.04228
3	0.05978	0.01258	0.03684	0.04759	0.03651	0.05013	0.03312	0.09015	0.13005	0.04290	0.02493	0.30840	0.02536	0.01303	0.00781	0.00236	0.03461	0.03061	0.00551	0.00776
4	0.01538	0.12686	0.12124	0.09081	0.07079	0.11971	0.06757	0.02050	0.08759	0.01952	0.05726	0.09721	0.01687	0.00855	0.00687	0.00202	0.03011	0.00714	0.00402	0.02998
5	0.01770	0.12504	0.08206	0.04983	0.10872	0.13300	0.05315	0.12850	0.09321	0.02294	0.03392	0.09168	0.01536	0.00835	0.00641	0.00198	0.00786	0.00693	0.00445	0.00892
6	0.01456	0.01233	0.04481	0.03358	0.01643	0.01213	0.03228	0.10119	0.19892	0.06169	0.07602	0.17099	0.09956	0.01175	0.00768	0.00221	0.03409	0.00999	0.00593	0.05386
7	0.00988	0.00696	0.00834	0.00853	0.01009	0.00638	0.00619	0.03365	0.01513	0.05245	0.15117	0.29960	0.26361	0.05973	0.00942	0.00261	0.00398	0.04004	0.00628	0.00596
8	0.01782	0.09081	0.04248	0.04612	0.22434	0.08535	0.03604	0.06889	0.16934	0.05731	0.03849	0.01829	0.01397	0.00705	0.00626	0.00191	0.00728	0.00597	0.00458	0.05771
9	0.01828	0.03755	0.05338	0.13064	0.06316	0.10094	0.10646	0.14369	0.05501	0.08757	0.03267	0.02148	0.07457	0.00809	0.00730	0.00207	0.03669	0.00680	0.00473	0.00890
10	0.00840	0.00601	0.00811	0.00959	0.01015	0.00572	0.00676	0.00982	0.01288	0.01714	0.03556	0.65302	0.04202	0.02114	0.02982	0.00295	0.00451	0.10492	0.00603	0.00546
11	0.01423	0.01394	0.02486	0.39994	0.28563	0.01527	0.11385	0.01861	0.01414	0.01907	0.01217	0.01713	0.00953	0.00619	0.00672	0.00211	0.00876	0.00612	0.00310	0.00863
12	0.01617	0.05916	0.11997	0.08475	0.25872	0.05734	0.15043	0.07301	0.01594	0.02145	0.01351	0.01884	0.01127	0.03936	0.00783	0.00223	0.00881	0.02852	0.00355	0.00916
13	0.01313	0.09411	0.51370	0.01655	0.02406	0.01514	0.01981	0.01971	0.04379	0.01997	0.01514	0.08118	0.01307	0.00930	0.02747	0.00237	0.03149	0.02769	0.00337	0.00897
14	0.00888	0.00713	0.00816	0.00943	0.01008	0.04406	0.00640	0.01008	0.01306	0.01682	0.03664	0.68491	0.08049	0.01967	0.00824	0.00260	0.00421	0.01768	0.00597	0.00548
15	0.05109	0.01575	0.08576	0.11911	0.30002	0.03372	0.03259	0.03828	0.03641	0.10199	0.03766	0.02054	0.01372	0.04168	0.00810	0.00227	0.02446	0.02346	0.00418	0.00921
16	0.03859	0.10684	0.12226	0.01813	0.11104	0.06611	0.05534	0.19631	0.04882	0.05806	0.01572	0.05953	0.01321	0.05181	0.00789	0.00223	0.00773	0.00646	0.00461	0.00930
17	0.01515	0.01434	0.02411	0.21191	0.50702	0.01532	0.01900	0.01903	0.01428	0.02019	0.01231	0.01676	0.01013	0.00636	0.00718	0.00204	0.04261	0.00587	0.02700	0.00939
18	0.01525	0.35482	0.39980	0.01528	0.02297	0.02002	0.01806	0.02094	0.04283	0.01879	0.01128	0.01289	0.00888	0.00609	0.00539	0.00180	0.00837	0.00439	0.00296	0.00920
19	0.01629	0.04786	0.08612	0.08114	0.06695	0.05933	0.15924	0.06997	0.07931	0.07952	0.03945	0.06506	0.08239	0.00877	0.00733	0.00213	0.02796	0.00783	0.00466	0.00868
20	0.01548	0.07051	0.45655	0.04244	0.04972	0.09580	0.07020	0.04246	0.05718	0.02096	0.01263	0.01466	0.00935	0.00643	0.00627	0.00202	0.00948	0.00518	0.00326	0.00940
21	0.00885	0.00767	0.00804	0.00836	0.02842	0.03036	0.00595	0.01079	0.01560	0.01927	0.17699	0.10758	0.51732	0.01577	0.00773	0.00220	0.00373	0.01335	0.00615	0.00585
22	0.04153	0.01627	0.10067	0.16456	0.16148	0.05697	0.03821	0.07760	0.01582	0.07513	0.04522	0.02019	0.04007	0.01114	0.06978	0.00281	0.04343	0.00636	0.00411	0.00864
23	0.01645	0.10207	0.07282	0.14627	0.29076	0.01743	0.11876	0.09778	0.01622	0.02210	0.01230	0.01581	0.00978	0.00631	0.00683	0.00201	0.02755	0.00582	0.00350	0.00943
24	0.00901	0.00602	0.00803	0.00925	0.00984	0.00564	0.00625	0.01021	0.01271	0.04635	0.03481	0.68879	0.04099	0.04524	0.03031	0.00300	0.00437	0.01758	0.00605	0.00556
25	0.01564	0.05092	0.04651	0.18896	0.29273	0.10122	0.08074	0.01939	0.01496	0.01948	0.05287	0.03737	0.01339	0.00710	0.00704	0.00203	0.03112	0.00639	0.00346	0.00868
26	0.01606	0.18605	0.50290	0.01636	0.02468	0.01688	0.01986	0.02194	0.01437	0.10378	0.01293	0.01421	0.00930	0.00635	0.00587	0.00194	0.00868	0.00479	0.00342	0.00964
27	0.01037	0.00991	0.05323	0.04831	0.01374	0.00873	0.00821	0.01599	0.13875	0.02252	0.27409	0.04643	0.29846	0.01308	0.00743	0.00216	0.00426	0.01113	0.00623	0.00697
28	0.00902	0.00784	0.00844	0.05278	0.01186	0.03949	0.00656	0.01083	0.01471	0.01811	0.10809	0.24982	0.40598	0.01643	0.00779	0.00231	0.00416	0.01413	0.00589	0.00575
29	0.06271	0.06017	0.07516	0.04367	0.20393	0.14748	0.08606	0.04286	0.01593	0.11079	0.01431	0.04664	0.01160	0.00728	0.00706	0.00201	0.04310	0.00607	0.00409	0.00909
30	0.00924	0.00685	0.00870	0.00902	0.01032	0.00654	0.00660	0.01246	0.05786	0.02201	0.34835	0.31056	0.09591	0.01628	0.00801	0.00236	0.00368	0.05247	0.00666	0.00610
31	0.04488	0.01319	0.02152	0.14160	0.39035	0.01402	0.03437	0.01788	0.01420	0.02024	0.01655	0.05917	0.01572	0.00891	0.00786	0.00226	0.05247	0.11233	0.00379	0.00867
32	0.02156	0.08711	0.01934	0.04970	0.04143	0.47202	0.01262	0.08468	0.03733	0.01907	0.01366	0.04540	0.01221	0.00803	0.00620	0.00186	0.00996	0.04588	0.00396	0.00798
33	0.01677	0.01589	0.02461	0.15264	0.46242	0.04407	0.03896	0.09039	0.01627	0.02232	0.01240	0.01624	0.01007	0.00648	0.00723	0.00204	0.04211	0.00586	0.00354	0.00970
34	0.01937	0.43478	0.02821	0.01471	0.04122	0.20730	0.05340	0.02171	0.01526	0.04890	0.01199	0.01568	0.01064	0.00676	0.00534	0.00167	0.00843	0.04288	0.00344	0.00832
35	0.02065	0.03922	0.01730	0.01433	0.04444	0.11712	0.05185	0.14949	0.05142	0.20278	0.04135	0.02462	0.07377	0.06295	0.05631	0.00284	0.00783	0.00710	0.00569	0.00896
36	0.03959	0.03005	0.61343	0.01847	0.05642	0.01452	0.02198	0.01998	0.01404	0.02132	0.05472	0.01639	0.01188	0.00804	0.02967	0.00235	0.00935	0.00536	0.00314	0.00934
37	0.01502	0.01513	0.02187	0.40724	0.25767	0.08968	0.01809	0.01880	0.01412	0.01818	0.01158	0.01638	0.00926	0.00667	0.00740	0.00211	0.05371	0.00569	0.00308	0.00833
38	0.00898	0.00644	0.00838	0.00951	0.01023	0.00618	0.00660	0.04111	0.01389	0.01860	0.07445	0.65998	0.04289	0.01954	0.00831	0.00262	0.00403	0.04636	0.00620	0.00569
39	0.02411	0.03000	0.01875	0.04746	0.02139	0.68090	0.01294	0.05514	0.01896	0.01723	0.01048	0.01228	0.00861	0.00682	0.00599	0.00173	0.01154	0.00438	0.00351	0.00777
40	0.01879	0.64623	0.03180	0.01224	0.01749	0.14815	0.01151	0.02083	0.01428	0.01559	0.00933	0.01078	0.00845	0.00583	0.00452	0.00146	0.00786	0.00364	0.00291	0.00831
41	0.01316	0.06421	0.66080	0.01781	0.02687	0.01521	0.02267	0.02029	0.01416	0.02095	0.05448	0.01587	0.01157	0.00666	0.00626	0.00205	0.00922	0.00523	0.00305	0.00946
42	0.00789	0.00623	0.00713	0.00785	0.00920	0.00546	0.00552	0.00932	0.01387	0.01732	0.05236	0.39373	0.40377	0.01854	0.00807	0.00244	0.00356	0.01617	0.00611	0.00546
43	0.00786	0.00653	0.00688	0.00708	0.00902	0.00555	0.00520	0.00950	0.01477	0.01792	0.08316	0.16457	0.60504	0.01714	0.00787	0.00228	0.00340	0.01453	0.00615	0.00555
44	0.16129	0.01784	0.05813	0.01402	0.01916	0.01867	0.01201	0.46979	0.10519	0.03663	0.01568	0.01581	0.01135	0.00761	0.00614	0.00202	0.00678	0.00563	0.00594	0.01031
45	0.09664	0.00775	0.00919	0.00966	0.01119	0.00773	0.00697	0.03181	0.05061	0.07058	0.05006	0.51311	0.05656	0.01687	0.00766	0.00250	0.00428	0.03429	0.00611	0.00642
46	0.02118	0.05529	0.01791	0.01532	0.01898	0.41794	0.01178	0.04639	0.28416	0.02107	0.01660	0.01675	0.01297	0.00758	0.00617	0.00190	0.00902	0.00547	0.00471	0.00882
47	0.00780	0.00658	0.00676	0.00690	0.00895	0.00554	0.00511	0.00942	0.01478	0.01769	0.06386	0.12872	0.66137	0.01704	0.00784	0.00227	0.00338	0.01434	0.00611	0.00554
48	0.01320	0.03405	0.73453	0.01876	0.02849	0.01529	0.02432	0.02085	0.01390	0.02085	0.01181	0.01390	0.00834	0.00625	0.00625	0.00208	0.00973	0.00486	0.00278	0.00973
49	0.02348	0.07203	0.01965	0.06078	0.02166	0.63750	0.01297	0.04439	0.01837	0.01683	0.01037	0.01225	0.00857	0.00674	0.00590	0.00172	0.01128	0.00434	0.00342	0.00776
50	0.02429	0.02911	0.01862	0.01659	0.02022	0.62594	0.01260	0.10668	0.05011	0.01959	0.01155	0.01288	0.00930	0.00701	0.00605	0.00175	0.01104	0.00458	0.00391	0.00817
51	0.00854	0.00634	0.00800	0.00858	0.00975	0.00579	0.00619	0.01052	0.01515	0.02025	0.26374	0.36125	0.17871	0.01742	0.00812	0.00241	0.00362	0.05344	0.00647	0.00571
52	0.00895	0.00658	0.00852	0.00975	0.01054	0.00642	0.00690	0.01164	0.06434	0.01826	0.06182	0.61027	0.04195	0.01924	0.00833	0.00266	0.00413	0.08767	0.00619	0.00583
53	0.04737	0.02057	0.09481	0.07748	0.03139	0.12182	0.44510	0.04189	0.01597	0.02096	0.01252	0.01621	0.00946	0.00596	0.00710	0.00212	0.01057	0.00664	0.00339	0.00866
54	0.01514	0.24880	0.30138	0.05110	0.07784	0.01891	0.13063	0.02014	0.01391	0.01897	0.01118	0.01389	0.00883	0.00614	0.00652	0.00193	0.03762	0.00509	0.00293	0.00906
55	0.01529	0.01483	0.02590	0.21507	0.50808	0.01547	0.07034	0.01944	0.01458	0.02032	0.01228	0.01671	0.00999	0.00602	0.00663	0.00203	0.00830	0.00600	0.00318	0.00955
56	0.00865	0.00619	0.00832	0.00918	0.00970	0.00628	0.00628	0.00991	0.01155	0.01570	0.02871	0.44592	0.03307	0.16010	0.20282	0.00537	0.00785	0.01408	0.00507	0.00524
57	0.01913	0.14761	0.14312	0.03457	0.06301	0.09342	0.03579	0.10091	0.08556	0.12837	0.01686	0.05928	0.01352	0.02209	0.00672	0.00204	0.00767	0.00626	0.00473	0.00934
58	0.01839	0.14045	0.10782	0.02060	0.18476	0.05970	0.04125	0.13455	0.03814	0.07910	0.05701	0.03714	0.01452	0.00754	0.00673	0.00195	0.03020	0.00616	0.00448	0.00950
59	0.00838	0.00603	0.00800	0.00928	0.00994	0.00565	0.00651	0.00991	0.01351	0.01805	0.10475	0.60848	0.06546	0.01957	0.00839	0.00263	0.00394	0.07980	0.00622	0.00551
60	0.01616	0.02113	0.16876	0.06673	0.18569	0.09370	0.19807	0.02321	0.11904	0.02131	0.01438	0.01702	0.01102	0.00645	0.00676	0.00208	0.00917	0.00622	0.00369	0.00940
61	0.01688	0.01852	0.18187	0.08630	0.13766	0.03799	0.09647	0.07208	0.04172	0.11268	0.06361	0.04321	0.01561	0.00761	0.00669	0.00206	0.00781	0.00679	0.03518	0.00926
62	0.01337	0.06233	0.70773	0.01848	0.02805	0.01570	0.02382	0.02081	0.01388	0.02064	0.01171	0.01377	0.00834	0.00623	0.00618	0.00206	0.00963	0.00481	0.00278	0.00968
63	0.01244	0.01160	0.01593	0.05617	0.01658	0.03765	0.01189	0.01446	0.01075	0.01566	0.01277	0.01948	0.01204	0.02753	0.33342	0.00615	0.36938	0.00628	0.00318	0.00665
64	0.02036	0.38505	0.05437	0.01545	0.06149	0.22645	0.01289	0.11665	0.01742	0.01983	0.01066	0.01213	0.00895	0.00631	0.00525	0.00163	0.00858	0.00425	0.00353	0.00877
65	0.04198	0.03772	0.11748	0.04876	0.38889	0.01549	0.03017	0.02221	0.11088	0.05145	0.01635	0.01860	0.03516	0.00697	0.00687	0.00205	0.02904	0.00614	0.00396	0.00983
66	0.00799	0.00584	0.00752	0.00887	0.00947	0.00537	0.00598	0.00920	0.01289	0.01692	0.03988	0.68151	0.12406	0.02016	0.00833	0.00262	0.00376	0.01815	0.00611	0.00537
67	0.00894	0.00671	0.00827	0.00788	0.00960	0.00605	0.00591	0.01169	0.01774	0.02427	0.56123	0.05269	0.22632	0.01425	0.00777	0.00211	0.00316	0.01240	0.00697	0.00605
68	0.01855	0.01851	0.14825	0.02430	0.22930	0.01527	0.12213	0.08331	0.10891	0.13941	0.01682	0.01814	0.01229	0.00683	0.00671	0.00207	0.00790	0.00632	0.00472	0.01026
69	0.01257	0.01184	0.02000	0.72724	0.06984	0.01466	0.01835	0.01694	0.01323	0.01699	0.01173	0.01751	0.00884	0.00656	0.00658	0.00219	0.00874	0.00585	0.00294	0.00742
70	0.01137	0.00574	0.00853	0.00853	0.00853	0.00574	0.00566	0.00861	0.00861	0.01148	0.01177	0.02084	0.01188	0.04965	0.02601	0.77967	0.00574	0.00586	0.00290	0.00290
71	0.00817	0.00583	0.00771	0.00903	0.00948	0.00545	0.00604	0.00942	0.01293	0.01736	0.08585	0.68633	0.04419	0.04696	0.00926	0.00276	0.00386	0.01789	0.00612	0.00536
72	0.01935	0.04865	0.07796	0.08363	0.17779	0.03706	0.06168	0.07319	0.01668	0.21315	0.01825	0.08971	0.01473	0.00831	0.00712	0.00209	0.02893	0.00721	0.00501	0.00951
73	0.01581	0.01515	0.02585	0.12957	0.64218	0.01551	0.01996	0.01978	0.01476	0.02092	0.01230	0.01645	0.01022	0.00596	0.00653	0.00199	0.00794	0.00586	0.00322	0.01004
74	0.01843	0.00945	0.01218	0.01030	0.01356	0.00885	0.00813	0.02317	0.10259	0.31487	0.35497	0.03528	0.03834	0.01074	0.00717	0.00208	0.00438	0.00921	0.00755	0.00876
75	0.01514	0.02011	0.14388	0.02598	0.03285	0.01658	0.57396	0.02085	0.01508	0.02085	0.01291	0.01704	0.00969	0.00589	0.00807	0.00222	0.03948	0.00725	0.00323	0.00894
76	0.01589	0.06057	0.06558	0.04749	0.20249	0.07477	0.24833	0.05127	0.01567	0.02067	0.01593	0.08452	0.03164	0.00771	0.00734	0.00210	0.02796	0.00756	0.00371	0.00880
77	0.01418	0.17431	0.56110	0.01784	0.02661	0.01742	0.06050	0.02065	0.01389	0.01984	0.01139	0.01348	0.00845	0.00610	0.00595	0.00196	0.00929	0.00477	0.00282	0.00944
78	0.02206	0.01016	0.01323	0.01082	0.01464	0.00936	0.00863	0.02637	0.09277	0.44417	0.20906	0.03045	0.02902	0.03879	0.00796	0.00223	0.00493	0.00821	0.00760	0.00953
79	0.01693	0.57185	0.16676	0.01364	0.02001	0.04930	0.04518	0.02023	0.01376	0.01678	0.00988	0.01157	0.00850	0.00579	0.00483	0.00158	0.00791	0.00399	0.00285	0.00868
80	0.01843	0.04822	0.03585	0.04594	0.05671	0.04421	0.01127	0.08570	0.20157	0.16452	0.12859	0.02549	0.04327	0.00918	0.00755	0.00210	0.04865	0.00739	0.00605	0.00932
81	0.00995	0.00711	0.00986	0.01137	0.01260	0.00701	0.00947	0.01251	0.01451	0.01897	0.03522	0.24926	0.03932	0.01880	0.00892	0.00294	0.00549	0.51474	0.00607	0.00588
82	0.02459	0.03138	0.01866	0.01696	0.02035	0.74221	0.01272	0.02629	0.01866	0.01611	0.01018	0.01187	0.00848	0.00678	0.00594	0.00170	0.01187	0.00424	0.00339	0.00763
83	0.05661	0.01837	0.17475	0.05951	0.02257	0.03791	0.07231	0.11038	0.06439	0.24473	0.05819	0.01982	0.01512	0.00761	0.00656	0.00207	0.00738	0.00634	0.00557	0.00981
84	0.14527	0.07670	0.08047	0.08685	0.06140	0.09534	0.01286	0.08276	0.10624	0.03714	0.06535	0.02038	0.01545	0.00812	0.00691	0.00208	0.04728	0.03640	0.00452	0.00848

[dist]
# distance from previous block
# <min> <max>
0	9

# created by:
# /home/berkeley/.conda/envs/busco_data_prod/bin/msa2prfl.pl pipeline/OGs_align_augustus/4893/7050.fs
