[name]
unknown

[dist]
# distance from previous block
# <min> <max>
0	76

[block]
# block no. 0 follows, 29 sequences, length 35
# corresponding to MSA columns:
# 77-111
name=unknown_A
#
# <colnr> <probs for GDERKNQSTAVLIFYWHMCP>
#	G	D	E	R	K	N	Q	S	T	A	V	L	I	F	Y	W	H	M	C	P
0	0.04373	0.01889	0.14649	0.01649	0.02252	0.01517	0.09671	0.15533	0.08816	0.07250	0.06986	0.02530	0.01862	0.00878	0.00717	0.00216	0.00763	0.05534	0.00556	0.12358
1	0.10177	0.01789	0.04410	0.02102	0.12926	0.04830	0.11203	0.20589	0.06432	0.08414	0.04267	0.02058	0.03458	0.00800	0.00701	0.00217	0.00797	0.00689	0.00553	0.03591
2	0.01763	0.06367	0.15690	0.04613	0.18776	0.08162	0.08454	0.04178	0.10657	0.04445	0.08279	0.02137	0.01748	0.00786	0.00710	0.00217	0.00864	0.00693	0.00457	0.01006
3	0.05652	0.06929	0.06268	0.01931	0.08498	0.20454	0.06220	0.14295	0.13241	0.02686	0.05647	0.01915	0.01545	0.00803	0.00681	0.00210	0.00893	0.00637	0.00506	0.00989
4	0.01990	0.05415	0.07734	0.03901	0.11265	0.12184	0.08412	0.09944	0.17815	0.04758	0.01712	0.01872	0.01320	0.00817	0.00853	0.00226	0.07617	0.00653	0.00489	0.01022
5	0.06633	0.01782	0.08049	0.01625	0.04310	0.10131	0.09688	0.06186	0.06357	0.12613	0.09477	0.02777	0.10088	0.00937	0.00717	0.00214	0.00755	0.00795	0.00567	0.06298
6	0.04327	0.13545	0.06190	0.02042	0.16447	0.11642	0.01440	0.08794	0.05908	0.09280	0.01599	0.04261	0.01297	0.00759	0.00638	0.00193	0.00799	0.00602	0.00476	0.09761
7	0.07700	0.01856	0.11595	0.02160	0.11525	0.01623	0.16256	0.12963	0.08364	0.04931	0.06462	0.04306	0.01721	0.00824	0.00720	0.00225	0.00813	0.00756	0.04202	0.01000
8	0.09690	0.06218	0.47908	0.01817	0.02684	0.01679	0.04569	0.02449	0.07767	0.06556	0.01484	0.01629	0.01065	0.00708	0.00655	0.00223	0.00921	0.00554	0.00392	0.01030
9	0.04729	0.32441	0.21098	0.01657	0.05318	0.05314	0.01634	0.09877	0.05668	0.04209	0.01330	0.01461	0.01046	0.00692	0.00586	0.00192	0.00845	0.00498	0.00400	0.01006
10	0.01688	0.01615	0.02755	0.16719	0.58770	0.01672	0.02148	0.02120	0.01586	0.02235	0.01326	0.01787	0.01096	0.00648	0.00706	0.00216	0.00864	0.00634	0.00346	0.01068
11	0.01477	0.01266	0.01477	0.01055	0.01687	0.00949	0.00844	0.01793	0.01477	0.02320	0.01266	0.01477	0.01055	0.00527	0.00527	0.00105	0.00527	0.00422	0.00422	0.79328
12	0.01762	0.01692	0.02890	0.04371	0.70533	0.01692	0.02185	0.02185	0.01621	0.02326	0.01339	0.01762	0.01128	0.00634	0.00705	0.00211	0.00846	0.00634	0.00352	0.01128
13	0.01642	0.01260	0.01494	0.01075	0.01700	0.00959	0.00863	0.01955	0.01531	0.08947	0.01415	0.01568	0.01123	0.00561	0.00546	0.00117	0.00535	0.00450	0.00466	0.71794
14	0.01327	0.00664	0.00664	0.00664	0.00830	0.00664	0.00498	0.01659	0.01493	0.02655	0.02323	0.02655	0.01825	0.00830	0.00498	0.00166	0.00332	0.00664	0.78928	0.00664
15	0.01327	0.00664	0.00664	0.00664	0.00830	0.00664	0.00498	0.01659	0.01493	0.02655	0.02323	0.02655	0.01825	0.00830	0.00498	0.00166	0.00332	0.00664	0.78928	0.00664
16	0.00995	0.00727	0.00935	0.00883	0.01056	0.00667	0.00662	0.01320	0.01986	0.02786	0.65459	0.05433	0.11461	0.01482	0.00840	0.00225	0.00338	0.01304	0.00775	0.00667
17	0.01327	0.00664	0.00664	0.00664	0.00830	0.00664	0.00498	0.01659	0.01493	0.02655	0.02323	0.02655	0.01825	0.00830	0.00498	0.00166	0.00332	0.00664	0.78928	0.00664
18	0.01546	0.01422	0.02315	0.03380	0.49661	0.01427	0.01754	0.01989	0.05518	0.02241	0.02057	0.19453	0.02058	0.01041	0.00756	0.00232	0.00724	0.00981	0.00449	0.00995
19	0.01488	0.11285	0.05810	0.01132	0.01722	0.01243	0.00990	0.01898	0.04437	0.02321	0.09408	0.01936	0.01741	0.00675	0.00572	0.00139	0.00568	0.00541	0.00455	0.51639
20	0.01443	0.03580	0.67358	0.02086	0.03119	0.01662	0.06455	0.02257	0.01514	0.02257	0.01287	0.01528	0.00912	0.00672	0.00686	0.00226	0.01061	0.00545	0.00304	0.01047
21	0.01762	0.01692	0.02890	0.04371	0.70533	0.01692	0.02185	0.02185	0.01621	0.02326	0.01339	0.01762	0.01128	0.00634	0.00705	0.00211	0.00846	0.00634	0.00352	0.01128
22	0.01588	0.12402	0.53634	0.02080	0.07908	0.01835	0.02345	0.06142	0.01614	0.02320	0.01272	0.01490	0.00939	0.00676	0.00653	0.00215	0.00985	0.00523	0.00329	0.01050
23	0.01994	0.04739	0.36807	0.01877	0.07552	0.01480	0.01923	0.05507	0.01758	0.21814	0.04094	0.04138	0.01486	0.00811	0.00697	0.00222	0.00846	0.00660	0.00515	0.01079
24	0.01345	0.01266	0.02136	0.73264	0.04904	0.01582	0.01978	0.01819	0.01424	0.01819	0.01266	0.01898	0.00949	0.00712	0.00712	0.00237	0.00949	0.00633	0.00316	0.00791
25	0.01904	0.75404	0.03731	0.01218	0.01828	0.02818	0.01218	0.02132	0.01447	0.01675	0.00990	0.01142	0.00914	0.00609	0.00457	0.00152	0.00761	0.00381	0.00305	0.00914
26	0.01736	0.02391	0.21562	0.02385	0.08733	0.06337	0.22968	0.04727	0.16958	0.02470	0.01703	0.01911	0.01276	0.00723	0.00741	0.00229	0.00978	0.00698	0.00437	0.01037
27	0.01327	0.00664	0.00664	0.00664	0.00830	0.00664	0.00498	0.01659	0.01493	0.02655	0.02323	0.02655	0.01825	0.00830	0.00498	0.00166	0.00332	0.00664	0.78928	0.00664
28	0.00860	0.00650	0.00795	0.00910	0.01011	0.00585	0.00625	0.01001	0.01441	0.01850	0.04914	0.54167	0.24414	0.02102	0.00889	0.00275	0.00397	0.01867	0.00661	0.00585
29	0.00868	0.00620	0.00826	0.00991	0.01033	0.00578	0.00661	0.00991	0.01363	0.01818	0.03925	0.74510	0.04710	0.02231	0.00909	0.00289	0.00413	0.02024	0.00661	0.00578
30	0.01036	0.00690	0.00777	0.00777	0.00777	0.00690	0.00431	0.01036	0.01036	0.01381	0.02244	0.04660	0.02589	0.74975	0.03624	0.00690	0.00690	0.01036	0.00431	0.00431
31	0.02568	0.03220	0.02107	0.02093	0.09176	0.64928	0.01458	0.02776	0.01977	0.01802	0.01125	0.01333	0.00939	0.00724	0.00648	0.00186	0.01239	0.00477	0.00365	0.00856
32	0.67478	0.06937	0.01319	0.01010	0.01467	0.01723	0.00845	0.05102	0.04161	0.03130	0.01103	0.01243	0.00860	0.00678	0.00466	0.00216	0.00577	0.00414	0.00454	0.00816
33	0.01618	0.01696	0.05979	0.02320	0.02902	0.01551	0.41996	0.02330	0.10032	0.05363	0.11076	0.05763	0.02163	0.00850	0.00817	0.00239	0.00938	0.00932	0.00496	0.00939
34	0.01918	0.35911	0.28382	0.01555	0.02319	0.02163	0.01733	0.07242	0.01669	0.09104	0.01334	0.01448	0.01017	0.00680	0.00583	0.00191	0.00855	0.00488	0.00392	0.01017

[dist]
# distance from previous block
# <min> <max>
0	4

[block]
# block no. 1 follows, 29 sequences, length 22
# corresponding to MSA columns:
# 116-137
name=unknown_B
#
# <colnr> <probs for GDERKNQSTAVLIFYWHMCP>
#	G	D	E	R	K	N	Q	S	T	A	V	L	I	F	Y	W	H	M	C	P
0	0.05774	0.05133	0.01993	0.01501	0.02021	0.03883	0.01246	0.46104	0.02758	0.08000	0.01814	0.02128	0.01404	0.01056	0.03375	0.00247	0.00796	0.04799	0.00651	0.05318
1	0.31278	0.16818	0.10621	0.01204	0.01715	0.01713	0.01137	0.02243	0.08259	0.06282	0.06349	0.06428	0.01682	0.00852	0.00576	0.00214	0.00638	0.00631	0.00485	0.00877
2	0.01852	0.01721	0.02819	0.04111	0.64037	0.01741	0.02106	0.08458	0.01786	0.02532	0.01375	0.01757	0.01136	0.00655	0.00706	0.00212	0.00840	0.00635	0.00387	0.01136
3	0.01327	0.00664	0.00664	0.00664	0.00830	0.00664	0.00498	0.01659	0.01493	0.02655	0.02323	0.02655	0.01825	0.00830	0.00498	0.00166	0.00332	0.00664	0.78928	0.00664
4	0.01788	0.15023	0.12398	0.03067	0.35286	0.01878	0.09618	0.02327	0.05041	0.04852	0.01416	0.01706	0.01131	0.00658	0.00674	0.00208	0.00877	0.00610	0.00377	0.01063
5	0.01451	0.15373	0.50334	0.01739	0.02596	0.01716	0.02126	0.02110	0.01563	0.02239	0.10594	0.01961	0.01695	0.00771	0.00662	0.00213	0.00906	0.00605	0.00367	0.00977
6	0.00980	0.00685	0.00853	0.00906	0.00954	0.00680	0.00593	0.01079	0.01234	0.01658	0.06247	0.25708	0.05365	0.36952	0.10013	0.00570	0.00712	0.03761	0.00527	0.00523
7	0.00870	0.00722	0.00761	0.00752	0.00979	0.00613	0.00564	0.01078	0.01691	0.02085	0.18120	0.06587	0.59237	0.01743	0.00841	0.00238	0.00356	0.01466	0.00682	0.00613
8	0.02045	0.17989	0.22884	0.01883	0.02617	0.05785	0.15323	0.05428	0.01741	0.15361	0.01552	0.01685	0.01120	0.00697	0.00671	0.00209	0.00937	0.00597	0.00447	0.01029
9	0.01833	0.01873	0.09241	0.03899	0.58274	0.01684	0.02143	0.05177	0.01704	0.05291	0.01412	0.01763	0.01137	0.00659	0.00703	0.00213	0.00853	0.00628	0.00386	0.01128
10	0.01017	0.00763	0.01144	0.01144	0.01272	0.00890	0.00890	0.01272	0.01144	0.01653	0.01907	0.02797	0.01780	0.05340	0.72153	0.01144	0.01907	0.00763	0.00381	0.00636
11	0.01706	0.01634	0.02789	0.13657	0.61687	0.01677	0.02157	0.02136	0.01595	0.02258	0.01329	0.01781	0.01104	0.00645	0.00706	0.00215	0.00860	0.00634	0.00348	0.01083
12	0.03896	0.06435	0.08500	0.02488	0.23187	0.01786	0.05916	0.16929	0.08660	0.09150	0.01791	0.02119	0.01398	0.00799	0.00707	0.00221	0.00802	0.03600	0.00526	0.01093
13	0.01327	0.00664	0.00664	0.00664	0.00830	0.00664	0.00498	0.01659	0.01493	0.02655	0.02323	0.02655	0.01825	0.00830	0.00498	0.00166	0.00332	0.00664	0.78928	0.00664
14	0.01147	0.00820	0.01147	0.01311	0.01475	0.00820	0.01147	0.01475	0.01639	0.02131	0.03770	0.08032	0.04098	0.01967	0.00984	0.00328	0.00656	0.65741	0.00656	0.00656
15	0.01766	0.01842	0.09026	0.07648	0.53576	0.01662	0.06523	0.02233	0.01622	0.05227	0.01399	0.01785	0.01122	0.00651	0.00712	0.00216	0.00883	0.00642	0.00369	0.01095
16	0.57173	0.01536	0.01342	0.01134	0.01605	0.01756	0.00932	0.18410	0.05075	0.03502	0.01261	0.01366	0.00948	0.00724	0.00521	0.00220	0.00609	0.00469	0.00521	0.00897
17	0.01071	0.00827	0.01187	0.01158	0.01253	0.00982	0.00884	0.01278	0.01123	0.01618	0.01866	0.02961	0.01822	0.15467	0.55195	0.00997	0.08520	0.00791	0.00382	0.00618
18	0.80005	0.01377	0.01047	0.00936	0.01377	0.01597	0.00771	0.02093	0.01212	0.03195	0.00991	0.01157	0.00771	0.00661	0.00441	0.00220	0.00551	0.00386	0.00441	0.00771
19	0.01034	0.00695	0.00800	0.00800	0.00808	0.00703	0.00461	0.01051	0.01043	0.01398	0.02222	0.04540	0.02537	0.70495	0.08033	0.00720	0.00769	0.01018	0.00428	0.00445
20	0.01729	0.19004	0.37571	0.01890	0.06438	0.04976	0.01998	0.07032	0.08571	0.02340	0.01406	0.01562	0.01070	0.00704	0.00636	0.00208	0.00918	0.00534	0.00380	0.01035
21	0.01069	0.00802	0.00919	0.00869	0.01103	0.00734	0.00658	0.01454	0.06796	0.05028	0.32997	0.05734	0.36091	0.01561	0.00827	0.00233	0.00375	0.01332	0.00725	0.00693

[dist]
# distance from previous block
# <min> <max>
0	4

# created by:
# /home/berkeley/.conda/envs/busco_data_prod/bin/msa2prfl.pl pipeline/OGs_align_augustus/4893/7083.fs
