[name]
unknown

[dist]
# distance from previous block
# <min> <max>
0	7

[block]
# block no. 0 follows, 33 sequences, length 73
# corresponding to MSA columns:
# 7-79
name=unknown_A
#
# <colnr> <probs for GDERKNQSTAVLIFYWHMCP>
#	G	D	E	R	K	N	Q	S	T	A	V	L	I	F	Y	W	H	M	C	P
0	0.11017	0.01601	0.07226	0.12421	0.09812	0.03201	0.01385	0.21137	0.04111	0.02693	0.03936	0.04283	0.01404	0.00837	0.00747	0.00212	0.06073	0.03627	0.00467	0.03810
1	0.00795	0.00661	0.00697	0.00716	0.00915	0.00563	0.00535	0.00966	0.01488	0.01803	0.08349	0.13437	0.61085	0.01702	0.00789	0.00229	0.00347	0.03751	0.00615	0.00557
2	0.01433	0.01620	0.10331	0.18305	0.07694	0.01742	0.03579	0.05467	0.01305	0.01868	0.01261	0.01714	0.03509	0.00922	0.01366	0.00248	0.35913	0.00605	0.00324	0.00796
3	0.03576	0.01429	0.02231	0.15460	0.39858	0.03729	0.04428	0.04683	0.01537	0.02145	0.04594	0.06003	0.01490	0.00757	0.00668	0.00205	0.00758	0.02671	0.00380	0.03398
4	0.00807	0.00580	0.00766	0.00905	0.00954	0.00539	0.00608	0.00932	0.01295	0.01726	0.06794	0.71035	0.06583	0.02018	0.00835	0.00263	0.00377	0.01826	0.00616	0.00539
5	0.01761	0.37271	0.11811	0.01411	0.01983	0.12609	0.05115	0.04751	0.01496	0.01841	0.01046	0.01232	0.00881	0.00605	0.00567	0.00159	0.03196	0.00425	0.00322	0.11516
6	0.04597	0.10264	0.06299	0.03559	0.09831	0.03772	0.03882	0.13957	0.01800	0.18201	0.01629	0.04608	0.01251	0.00720	0.00605	0.00181	0.00684	0.00588	0.00507	0.13063
7	0.01898	0.15910	0.10785	0.01731	0.09106	0.20575	0.01392	0.10073	0.14608	0.02207	0.01532	0.01638	0.02451	0.00813	0.02345	0.00207	0.00856	0.00537	0.00422	0.00915
8	0.00975	0.00731	0.00911	0.00862	0.01036	0.00698	0.00647	0.01397	0.07597	0.02556	0.59644	0.07046	0.10686	0.01354	0.00770	0.00211	0.00332	0.01189	0.00708	0.00649
9	0.01764	0.01188	0.01430	0.01230	0.01543	0.01247	0.03035	0.23942	0.09982	0.11206	0.02413	0.22870	0.02256	0.03640	0.02806	0.03849	0.00602	0.00996	0.03150	0.00851
10	0.01747	0.07622	0.08326	0.13866	0.16299	0.06585	0.08441	0.07480	0.06265	0.08199	0.01482	0.03935	0.01177	0.00734	0.00733	0.00207	0.04949	0.00623	0.00412	0.00916
11	0.01376	0.01040	0.01586	0.23104	0.15034	0.01095	0.01277	0.01744	0.04056	0.10200	0.10308	0.15903	0.07117	0.01090	0.00717	0.00222	0.00617	0.02225	0.00506	0.00782
12	0.00799	0.00584	0.00752	0.00887	0.00947	0.00537	0.00598	0.00920	0.01289	0.01692	0.03994	0.67996	0.12556	0.02015	0.00833	0.00262	0.00376	0.01813	0.00611	0.00537
13	0.04119	0.01442	0.02387	0.25209	0.23129	0.03728	0.14249	0.02061	0.04185	0.07468	0.04552	0.01889	0.01280	0.00670	0.00674	0.00209	0.00828	0.00647	0.00388	0.00886
14	0.02541	0.01672	0.01860	0.01423	0.01949	0.01778	0.01174	0.54243	0.02780	0.17640	0.01762	0.01701	0.01213	0.00782	0.00652	0.00194	0.00682	0.00597	0.00677	0.04679
15	0.07679	0.05059	0.03323	0.02369	0.02918	0.01753	0.50221	0.04645	0.01498	0.02157	0.01229	0.01638	0.00957	0.00647	0.00911	0.00225	0.10875	0.00692	0.00343	0.00859
16	0.01356	0.01352	0.09067	0.04342	0.07217	0.01159	0.07521	0.06530	0.11003	0.04592	0.22021	0.07495	0.08208	0.01031	0.00713	0.00210	0.00588	0.00916	0.00557	0.04122
17	0.01661	0.01304	0.01671	0.01482	0.04819	0.01467	0.04166	0.28101	0.01928	0.02668	0.03369	0.09714	0.01697	0.04143	0.16167	0.00407	0.10312	0.00780	0.03308	0.00834
18	0.01263	0.00934	0.01035	0.00950	0.01203	0.02780	0.00726	0.03036	0.15138	0.08503	0.28787	0.07396	0.23052	0.01304	0.00742	0.00215	0.00412	0.01111	0.00675	0.00736
19	0.01194	0.01042	0.03942	0.01230	0.06711	0.00969	0.00892	0.06323	0.12344	0.02475	0.31031	0.11323	0.12888	0.01242	0.00735	0.00213	0.00448	0.01079	0.00627	0.03292
20	0.05792	0.04669	0.01803	0.01356	0.01826	0.01850	0.01118	0.52584	0.07097	0.03709	0.01659	0.01693	0.01212	0.00777	0.00616	0.00192	0.00653	0.00585	0.09783	0.01028
21	0.00892	0.00700	0.00815	0.00849	0.01008	0.00646	0.00613	0.01170	0.06138	0.01890	0.11052	0.32140	0.29244	0.04101	0.00871	0.00250	0.00385	0.03510	0.00612	0.03113
22	0.11279	0.04741	0.01538	0.01203	0.01646	0.04055	0.00973	0.08038	0.24924	0.23527	0.02298	0.02147	0.04344	0.00814	0.00616	0.00200	0.00570	0.00639	0.00633	0.05815
23	0.02311	0.01669	0.01771	0.01413	0.01879	0.04652	0.01146	0.45534	0.13158	0.11397	0.05012	0.03662	0.01600	0.00858	0.00667	0.00203	0.00668	0.00673	0.00667	0.01058
24	0.02479	0.01076	0.01408	0.01118	0.01557	0.00970	0.00909	0.05522	0.05019	0.53652	0.12471	0.02817	0.06088	0.00937	0.00684	0.00206	0.00518	0.00776	0.00779	0.01017
25	0.00880	0.00661	0.00815	0.00797	0.00957	0.00596	0.00590	0.01134	0.01711	0.02325	0.48864	0.12530	0.22728	0.01500	0.00783	0.00217	0.00324	0.01310	0.00685	0.00596
26	0.07599	0.01379	0.01931	0.43924	0.14179	0.05833	0.01626	0.02053	0.08545	0.04699	0.01361	0.01740	0.01033	0.00675	0.00636	0.00211	0.00805	0.00577	0.00368	0.00826
27	0.04832	0.04649	0.60384	0.01728	0.02568	0.01454	0.02153	0.01976	0.01381	0.02087	0.01433	0.04706	0.01189	0.00769	0.00641	0.00216	0.00896	0.05702	0.00322	0.00914
28	0.00824	0.00608	0.00772	0.00858	0.00950	0.00556	0.00595	0.00987	0.01421	0.01889	0.17958	0.50706	0.15751	0.01854	0.00817	0.00248	0.00360	0.01657	0.00634	0.00556
29	0.00956	0.00667	0.00830	0.00839	0.00994	0.00607	0.00624	0.01190	0.01614	0.04483	0.34008	0.20914	0.19424	0.01559	0.00782	0.00227	0.00357	0.05362	0.03960	0.00603
30	0.01513	0.01989	0.13763	0.02580	0.03248	0.01667	0.56270	0.02072	0.01496	0.02072	0.01281	0.01699	0.00967	0.00603	0.00842	0.00224	0.05780	0.00723	0.00322	0.00890
31	0.02459	0.03138	0.01866	0.01696	0.02035	0.74221	0.01272	0.02629	0.01866	0.01611	0.01018	0.01187	0.00848	0.00678	0.00594	0.00170	0.01187	0.00424	0.00339	0.00763
32	0.02537	0.01788	0.01941	0.01488	0.02014	0.01959	0.01229	0.65380	0.03002	0.09463	0.01659	0.01631	0.01159	0.00792	0.00659	0.00198	0.00712	0.00598	0.00671	0.01120
33	0.01023	0.00696	0.00857	0.00807	0.00993	0.00625	0.00603	0.01273	0.01713	0.07005	0.45569	0.07267	0.22826	0.04750	0.00885	0.00232	0.00350	0.01217	0.00683	0.00625
34	0.01727	0.71631	0.08786	0.01184	0.01778	0.02523	0.01226	0.01980	0.01342	0.01590	0.00936	0.01081	0.00844	0.00568	0.00438	0.00146	0.00725	0.00362	0.00281	0.00855
35	0.05344	0.01278	0.01605	0.01234	0.01744	0.01210	0.01019	0.17378	0.02116	0.56419	0.02330	0.02064	0.01493	0.00803	0.00653	0.00202	0.00593	0.00638	0.00769	0.01107
36	0.22765	0.08383	0.05158	0.06156	0.09753	0.13429	0.05287	0.02070	0.04470	0.02182	0.01180	0.01441	0.00956	0.00690	0.00695	0.00199	0.07892	0.00493	0.06000	0.00801
37	0.02735	0.01094	0.01442	0.01122	0.01591	0.00975	0.00922	0.06021	0.01880	0.61979	0.02500	0.02236	0.01614	0.00808	0.00639	0.00198	0.00538	0.00653	0.09990	0.01062
38	0.04442	0.01618	0.03772	0.03730	0.01928	0.03908	0.01162	0.23520	0.36382	0.09136	0.02145	0.02039	0.01563	0.00825	0.00654	0.00211	0.00630	0.00657	0.00637	0.01042
39	0.01621	0.05107	0.17926	0.08582	0.08049	0.13107	0.06050	0.04480	0.15311	0.02140	0.03985	0.01958	0.04237	0.00772	0.00710	0.00207	0.03826	0.00625	0.00414	0.00892
40	0.00840	0.00658	0.00760	0.00757	0.00933	0.00578	0.00559	0.01055	0.01612	0.02097	0.31484	0.13864	0.39274	0.01590	0.00785	0.00222	0.00330	0.01369	0.00655	0.00578
41	0.01558	0.15840	0.29035	0.03708	0.13393	0.05728	0.05143	0.04916	0.05513	0.02099	0.03997	0.01721	0.03179	0.00686	0.00613	0.00194	0.00833	0.00561	0.00356	0.00925
42	0.00875	0.00671	0.00801	0.00768	0.00949	0.00597	0.00576	0.01132	0.01729	0.02320	0.48023	0.05444	0.30798	0.01465	0.00777	0.00213	0.00319	0.01264	0.00683	0.00597
43	0.01360	0.02860	0.01337	0.01218	0.03960	0.06289	0.03030	0.08848	0.04861	0.04468	0.28389	0.07393	0.06326	0.04897	0.07302	0.00306	0.00651	0.05193	0.00588	0.00725
44	0.00871	0.00650	0.00793	0.00801	0.00933	0.00598	0.00572	0.01070	0.01523	0.02040	0.31749	0.18815	0.22311	0.09935	0.04098	0.00305	0.00426	0.01327	0.00623	0.00562
45	0.01810	0.60491	0.05669	0.01214	0.01751	0.09537	0.01172	0.05064	0.01493	0.01739	0.04122	0.01275	0.01094	0.00622	0.00473	0.00152	0.00745	0.00412	0.00324	0.00844
46	0.00971	0.00743	0.00887	0.00894	0.01043	0.00707	0.00625	0.01267	0.07704	0.01826	0.08122	0.33001	0.12294	0.14787	0.04152	0.00333	0.00493	0.01312	0.00556	0.08284
47	0.07967	0.20376	0.12195	0.01595	0.07521	0.06122	0.03524	0.11360	0.05415	0.04982	0.01324	0.01546	0.01065	0.02623	0.04358	0.00239	0.03233	0.00513	0.00402	0.03641
48	0.01846	0.03659	0.03865	0.13567	0.22984	0.16086	0.04432	0.09179	0.05871	0.04453	0.01316	0.01597	0.01039	0.00704	0.00757	0.00203	0.06572	0.00566	0.00389	0.00913
49	0.04611	0.04019	0.01195	0.03908	0.01339	0.07409	0.00832	0.03785	0.01327	0.05004	0.02233	0.26212	0.02377	0.05619	0.05763	0.11708	0.04005	0.04656	0.03393	0.00605
50	0.02055	0.07246	0.06391	0.03763	0.05456	0.06142	0.01264	0.29735	0.02132	0.10899	0.01801	0.02251	0.03003	0.03068	0.00857	0.03446	0.03064	0.05957	0.00538	0.00932
51	0.00919	0.00644	0.00730	0.00732	0.00809	0.00611	0.00468	0.01020	0.01238	0.01656	0.13409	0.09332	0.17231	0.42417	0.02164	0.00446	0.00497	0.01122	0.04073	0.00481
52	0.01361	0.01112	0.05041	0.03921	0.01622	0.01049	0.05111	0.03703	0.13531	0.08990	0.13879	0.14660	0.07387	0.01368	0.03332	0.00260	0.02863	0.07084	0.02951	0.00775
53	0.00981	0.00682	0.00859	0.00808	0.00982	0.00622	0.00608	0.01270	0.01796	0.04512	0.58792	0.04929	0.14716	0.01350	0.00760	0.00207	0.00321	0.01178	0.04001	0.00626
54	0.01427	0.01183	0.01807	0.18008	0.08557	0.01269	0.09667	0.07013	0.08282	0.05344	0.05034	0.05795	0.08376	0.01211	0.06364	0.00278	0.02146	0.00797	0.06640	0.00804
55	0.01760	0.77260	0.03450	0.01126	0.01690	0.02605	0.01126	0.01971	0.01338	0.01549	0.00915	0.01056	0.00845	0.00563	0.00422	0.00141	0.00704	0.00352	0.00282	0.00845
56	0.02174	0.29493	0.02414	0.01477	0.01898	0.45479	0.01210	0.02433	0.04755	0.01639	0.01054	0.01196	0.00898	0.00647	0.00536	0.00162	0.00985	0.00412	0.00333	0.00805
57	0.81514	0.01273	0.00968	0.00866	0.01273	0.01477	0.00713	0.01935	0.01120	0.02954	0.00917	0.01069	0.00713	0.00611	0.00407	0.00204	0.00509	0.00356	0.00407	0.00713
58	0.01471	0.09232	0.08242	0.05400	0.04977	0.03898	0.03640	0.08845	0.07082	0.02190	0.04226	0.02454	0.08630	0.04829	0.00938	0.03545	0.05760	0.00689	0.13179	0.00775
59	0.81514	0.01273	0.00968	0.00866	0.01273	0.01477	0.00713	0.01935	0.01120	0.02954	0.00917	0.01069	0.00713	0.00611	0.00407	0.00204	0.00509	0.00356	0.00407	0.00713
60	0.00887	0.00678	0.00832	0.00919	0.01073	0.00624	0.00725	0.01093	0.01461	0.01845	0.06431	0.22268	0.31554	0.01801	0.00838	0.00260	0.00440	0.25089	0.00612	0.00570
61	0.03499	0.04305	0.04430	0.04503	0.02005	0.15904	0.03585	0.27987	0.11341	0.02805	0.01908	0.04242	0.05286	0.00937	0.02361	0.00219	0.00795	0.00657	0.02312	0.00920
62	0.01474	0.01166	0.01538	0.19696	0.02299	0.01098	0.01086	0.03952	0.01430	0.07480	0.01382	0.03932	0.01126	0.00649	0.00629	0.00154	0.03689	0.00526	0.02511	0.44184
63	0.06614	0.09285	0.16543	0.03757	0.09876	0.05543	0.07500	0.10014	0.01709	0.15183	0.04293	0.01715	0.01260	0.00710	0.00673	0.00200	0.03142	0.00576	0.00458	0.00949
64	0.01761	0.56241	0.12611	0.01264	0.01851	0.07098	0.01293	0.05075	0.01460	0.01774	0.01033	0.01184	0.00887	0.00597	0.00473	0.00155	0.00759	0.00395	0.03230	0.00861
65	0.00848	0.00606	0.00817	0.00969	0.01028	0.00574	0.00691	0.00996	0.01306	0.01732	0.03603	0.64178	0.04254	0.02019	0.00853	0.00274	0.00422	0.13674	0.00610	0.00547
66	0.05043	0.25894	0.10635	0.01364	0.01828	0.25946	0.01234	0.02162	0.03774	0.03962	0.04171	0.06500	0.03354	0.00789	0.00569	0.00179	0.00832	0.00576	0.00382	0.00805
67	0.01203	0.01137	0.01526	0.03887	0.11635	0.07047	0.07027	0.01500	0.03813	0.01813	0.02870	0.24215	0.12499	0.01837	0.11017	0.00347	0.02753	0.02704	0.00472	0.00697
68	0.00855	0.00618	0.00783	0.00846	0.00930	0.00574	0.00580	0.01018	0.01422	0.01921	0.23645	0.41081	0.10868	0.10389	0.01104	0.00288	0.00386	0.01526	0.00620	0.00546
69	0.65138	0.01256	0.01076	0.00927	0.01346	0.01404	0.00763	0.04848	0.01313	0.12784	0.01212	0.01292	0.00884	0.00651	0.00454	0.00202	0.00519	0.00416	0.02729	0.00783
70	0.03495	0.04978	0.07464	0.15330	0.09157	0.06256	0.09789	0.06331	0.11679	0.06403	0.01688	0.05217	0.01344	0.00756	0.00643	0.00205	0.00760	0.00664	0.06964	0.00877
71	0.01498	0.04739	0.04476	0.12354	0.04111	0.01392	0.17829	0.04508	0.01441	0.07330	0.01655	0.12850	0.01511	0.00944	0.00921	0.02667	0.09607	0.00795	0.00413	0.08961
72	0.08083	0.02288	0.01795	0.01596	0.01830	0.39929	0.01251	0.04369	0.01539	0.01782	0.01029	0.01356	0.00902	0.01090	0.05735	0.00265	0.23585	0.00488	0.00340	0.00747

[dist]
# distance from previous block
# <min> <max>
0	1

[block]
# block no. 1 follows, 33 sequences, length 6
# corresponding to MSA columns:
# 81-86
name=unknown_B
#
# <colnr> <probs for GDERKNQSTAVLIFYWHMCP>
#	G	D	E	R	K	N	Q	S	T	A	V	L	I	F	Y	W	H	M	C	P
0	0.01144	0.00785	0.01054	0.01012	0.01160	0.00852	0.00780	0.03879	0.01331	0.05822	0.10048	0.06671	0.05912	0.09854	0.34152	0.00638	0.04648	0.04293	0.05336	0.00628
1	0.01815	0.01502	0.01589	0.01376	0.01780	0.01720	0.01085	0.17259	0.57519	0.03040	0.02454	0.02277	0.01827	0.00872	0.00668	0.00218	0.00563	0.00713	0.00668	0.01058
2	0.02503	0.01844	0.01976	0.01515	0.02042	0.02042	0.01251	0.70562	0.03095	0.04149	0.01581	0.01581	0.01120	0.00790	0.00659	0.00198	0.00724	0.00593	0.00659	0.01120
3	0.01712	0.01721	0.02592	0.03807	0.65700	0.08815	0.01946	0.02081	0.01536	0.02097	0.01216	0.01585	0.01023	0.00596	0.00646	0.00193	0.00823	0.00570	0.00327	0.01015
4	0.08295	0.00744	0.00800	0.00805	0.01026	0.00680	0.00615	0.01216	0.01452	0.06697	0.05096	0.17726	0.44011	0.01594	0.00758	0.00234	0.00395	0.06643	0.00606	0.00608
5	0.01765	0.01789	0.13758	0.17738	0.05084	0.06489	0.03583	0.11548	0.12006	0.09983	0.01748	0.02072	0.01326	0.00775	0.00656	0.00210	0.00773	0.03676	0.04101	0.00918

[dist]
# distance from previous block
# <min> <max>
2	12

[block]
# block no. 2 follows, 33 sequences, length 17
# corresponding to MSA columns:
# 100-116
name=unknown_C
#
# <colnr> <probs for GDERKNQSTAVLIFYWHMCP>
#	G	D	E	R	K	N	Q	S	T	A	V	L	I	F	Y	W	H	M	C	P
0	0.22350	0.08583	0.04531	0.05339	0.21224	0.10172	0.03156	0.08588	0.03624	0.04887	0.01219	0.01424	0.00957	0.00641	0.00566	0.00193	0.00751	0.00496	0.00400	0.00897
1	0.01584	0.01381	0.01443	0.01372	0.03685	0.05056	0.01018	0.07274	0.49052	0.02577	0.02655	0.15579	0.02287	0.01077	0.00695	0.00226	0.00550	0.00916	0.00632	0.00942
2	0.01071	0.00836	0.01181	0.01294	0.07527	0.00928	0.00882	0.01427	0.07454	0.01663	0.01902	0.02926	0.01816	0.16683	0.46599	0.00811	0.01335	0.02634	0.00394	0.00637
3	0.67111	0.01201	0.01049	0.07579	0.01530	0.01395	0.00801	0.01816	0.01115	0.02678	0.00960	0.01214	0.00766	0.00765	0.00623	0.07390	0.00548	0.00396	0.00386	0.00677
4	0.01041	0.00795	0.01015	0.00963	0.00985	0.00920	0.00665	0.01111	0.00985	0.01379	0.01799	0.03470	0.01979	0.49761	0.16471	0.00654	0.14303	0.00842	0.00370	0.00492
5	0.01341	0.01327	0.02373	0.52014	0.09357	0.01543	0.14108	0.01778	0.01353	0.01788	0.01184	0.01729	0.00911	0.00667	0.00778	0.00223	0.05824	0.00619	0.00302	0.00782
6	0.81514	0.01273	0.00968	0.00866	0.01273	0.01477	0.00713	0.01935	0.01120	0.02954	0.00917	0.01069	0.00713	0.00611	0.00407	0.00204	0.00509	0.00356	0.00407	0.00713
7	0.01324	0.07488	0.43267	0.17661	0.02929	0.03229	0.02008	0.01914	0.01413	0.01970	0.04817	0.02013	0.01303	0.00744	0.00644	0.00212	0.00883	0.04988	0.00326	0.00866
8	0.12045	0.01291	0.01531	0.01197	0.01673	0.01274	0.00979	0.19386	0.02044	0.44478	0.02124	0.02043	0.01434	0.04548	0.00764	0.00224	0.00598	0.00624	0.00708	0.01036
9	0.00811	0.00614	0.00750	0.00830	0.00939	0.00552	0.00579	0.00967	0.01410	0.01833	0.13345	0.46179	0.25105	0.01852	0.00813	0.00246	0.00358	0.01639	0.00626	0.00552
10	0.01304	0.01071	0.01504	0.01313	0.01428	0.01302	0.04400	0.05410	0.01196	0.03748	0.01527	0.02456	0.01479	0.18648	0.21391	0.00554	0.26750	0.00709	0.03153	0.00654
11	0.03839	0.04324	0.07923	0.01224	0.01605	0.04205	0.01072	0.21690	0.03727	0.06066	0.02519	0.05641	0.10727	0.04488	0.02176	0.00246	0.02835	0.07171	0.07694	0.00828
12	0.00812	0.00657	0.00726	0.00767	0.00946	0.00571	0.00573	0.00985	0.01467	0.01804	0.07989	0.19966	0.51231	0.01746	0.00801	0.00237	0.00365	0.07182	0.00615	0.00558
13	0.02296	0.04320	0.01828	0.01457	0.04584	0.01685	0.01145	0.45961	0.02558	0.14533	0.02112	0.07705	0.04953	0.00920	0.00670	0.00203	0.00654	0.00733	0.00650	0.01034
14	0.04681	0.03398	0.05209	0.01739	0.06753	0.20065	0.11882	0.14817	0.06104	0.02479	0.01490	0.01687	0.01150	0.00696	0.00610	0.00187	0.00822	0.00573	0.14793	0.00866
15	0.00902	0.00656	0.00798	0.00819	0.00971	0.00600	0.00614	0.01138	0.01590	0.02164	0.30994	0.18323	0.22774	0.01558	0.00776	0.00226	0.00356	0.07304	0.06851	0.00586
16	0.02555	0.01518	0.01730	0.01337	0.01830	0.01587	0.01101	0.43558	0.02575	0.26498	0.01953	0.01860	0.01327	0.00797	0.00645	0.00196	0.00640	0.00617	0.06594	0.01083

[dist]
# distance from previous block
# <min> <max>
0	1

[block]
# block no. 3 follows, 33 sequences, length 9
# corresponding to MSA columns:
# 118-126
name=unknown_D
#
# <colnr> <probs for GDERKNQSTAVLIFYWHMCP>
#	G	D	E	R	K	N	Q	S	T	A	V	L	I	F	Y	W	H	M	C	P
0	0.01555	0.04214	0.07239	0.15105	0.26130	0.04252	0.11693	0.04461	0.01465	0.02034	0.01223	0.01632	0.00990	0.00690	0.00850	0.00212	0.10719	0.00594	0.04056	0.00886
1	0.00908	0.00674	0.00858	0.00917	0.01043	0.00638	0.00681	0.01183	0.04154	0.02075	0.25524	0.32835	0.13050	0.01711	0.00816	0.00246	0.00391	0.11054	0.00648	0.00594
2	0.01545	0.01368	0.01424	0.01387	0.05382	0.06407	0.00997	0.05851	0.42191	0.02400	0.02608	0.06947	0.05790	0.08145	0.04324	0.00296	0.00641	0.00824	0.00582	0.00891
3	0.00972	0.00768	0.00894	0.00890	0.01086	0.00738	0.00682	0.01415	0.10729	0.02186	0.25971	0.12043	0.28564	0.01520	0.00784	0.00231	0.00386	0.08844	0.00654	0.00643
4	0.01255	0.00775	0.00956	0.00924	0.01115	0.00745	0.00696	0.03981	0.04083	0.10927	0.15938	0.20113	0.12320	0.06286	0.04787	0.00295	0.00499	0.05647	0.07988	0.00672
5	0.02266	0.01727	0.01843	0.01467	0.01952	0.01931	0.01194	0.52254	0.21788	0.03768	0.01881	0.01820	0.01363	0.00818	0.00662	0.00205	0.00669	0.00634	0.00662	0.01098
6	0.01551	0.01485	0.02531	0.18412	0.58995	0.01544	0.01982	0.01952	0.01462	0.02056	0.01225	0.01655	0.01009	0.00601	0.00653	0.00200	0.00801	0.00586	0.00319	0.00980
7	0.01675	0.04019	0.01575	0.09094	0.04472	0.01347	0.01074	0.14479	0.10385	0.09784	0.13214	0.02487	0.03753	0.01029	0.03174	0.00229	0.05611	0.00717	0.07152	0.04729
8	0.06703	0.04938	0.03730	0.04679	0.26820	0.01465	0.01411	0.06644	0.04096	0.12199	0.01762	0.04143	0.04655	0.00787	0.00761	0.00202	0.07267	0.00639	0.00454	0.06644

[dist]
# distance from previous block
# <min> <max>
0	2

[block]
# block no. 4 follows, 33 sequences, length 12
# corresponding to MSA columns:
# 129-140
name=unknown_E
#
# <colnr> <probs for GDERKNQSTAVLIFYWHMCP>
#	G	D	E	R	K	N	Q	S	T	A	V	L	I	F	Y	W	H	M	C	P
0	0.07814	0.08674	0.04412	0.01126	0.01381	0.01123	0.04363	0.03590	0.01241	0.01864	0.01762	0.05634	0.01669	0.08071	0.34530	0.00623	0.01152	0.03638	0.06674	0.00659
1	0.04357	0.07221	0.02135	0.07043	0.08848	0.36538	0.05112	0.09835	0.05549	0.02065	0.01200	0.01411	0.00965	0.00698	0.00681	0.00189	0.04415	0.00506	0.00383	0.00850
2	0.16574	0.01670	0.05585	0.01383	0.01813	0.04699	0.03307	0.29590	0.04999	0.07995	0.01500	0.01708	0.01149	0.04851	0.00892	0.00231	0.07724	0.00573	0.02835	0.00921
3	0.07328	0.01265	0.01461	0.01222	0.01605	0.01351	0.00983	0.11135	0.22343	0.24167	0.07498	0.02571	0.06965	0.00944	0.00769	0.00216	0.05804	0.00741	0.00668	0.00966
4	0.01293	0.00765	0.01175	0.16542	0.01751	0.00825	0.00906	0.01293	0.01094	0.08091	0.01480	0.05577	0.01348	0.02124	0.10782	0.42649	0.00773	0.00661	0.00361	0.00507
5	0.03639	0.00860	0.01030	0.01053	0.04001	0.00839	0.00754	0.09939	0.01641	0.04133	0.11768	0.21598	0.23500	0.01567	0.00892	0.05891	0.00454	0.05191	0.00595	0.00654
6	0.01388	0.01311	0.02097	0.37657	0.24866	0.01517	0.01732	0.01875	0.06474	0.01900	0.01526	0.01949	0.04307	0.00746	0.00804	0.00219	0.07813	0.00633	0.00345	0.00841
7	0.05897	0.09054	0.10735	0.12713	0.17922	0.01510	0.01489	0.06463	0.08328	0.04504	0.01683	0.07011	0.01449	0.00814	0.00630	0.00206	0.00702	0.03559	0.04448	0.00884
8	0.01077	0.00822	0.01008	0.03130	0.01191	0.00800	0.00690	0.04906	0.01297	0.01781	0.02605	0.28967	0.05803	0.23282	0.01550	0.00342	0.03749	0.02837	0.00493	0.13671
9	0.01527	0.09303	0.04678	0.01262	0.05464	0.03518	0.01008	0.01946	0.06535	0.05157	0.01424	0.01747	0.01192	0.00619	0.00539	0.00138	0.00580	0.03664	0.00418	0.49280
10	0.28824	0.03854	0.01472	0.03304	0.01639	0.09592	0.03093	0.08111	0.01530	0.11033	0.01606	0.06149	0.01396	0.02813	0.00753	0.00224	0.05638	0.05336	0.02846	0.00786
11	0.05538	0.04304	0.13495	0.04793	0.07558	0.06799	0.01352	0.09104	0.13536	0.12856	0.03254	0.01784	0.01330	0.00713	0.00612	0.00189	0.00702	0.00567	0.00499	0.11012

[dist]
# distance from previous block
# <min> <max>
0	3

[block]
# block no. 5 follows, 33 sequences, length 6
# corresponding to MSA columns:
# 144-149
name=unknown_F
#
# <colnr> <probs for GDERKNQSTAVLIFYWHMCP>
#	G	D	E	R	K	N	Q	S	T	A	V	L	I	F	Y	W	H	M	C	P
0	0.01920	0.10616	0.01591	0.01090	0.01508	0.01296	0.00901	0.13195	0.08879	0.21376	0.08007	0.02763	0.12036	0.00927	0.00634	0.00190	0.00528	0.00746	0.05882	0.05915
1	0.01609	0.01453	0.05633	0.10884	0.09210	0.06795	0.07951	0.07547	0.05015	0.07306	0.10206	0.02305	0.01850	0.03824	0.00826	0.00219	0.04150	0.00692	0.11700	0.00824
2	0.05929	0.01073	0.07596	0.01214	0.05167	0.00875	0.00973	0.01555	0.03509	0.07465	0.12844	0.16985	0.10146	0.04492	0.00856	0.00251	0.00525	0.14276	0.00569	0.03700
3	0.01018	0.00753	0.01002	0.01002	0.01150	0.00746	0.03563	0.03957	0.03317	0.01943	0.06640	0.30498	0.11066	0.06706	0.08811	0.00355	0.00601	0.08364	0.07902	0.00605
4	0.05567	0.22436	0.02138	0.05059	0.08525	0.01771	0.01136	0.15800	0.09162	0.02383	0.01453	0.01751	0.01213	0.05644	0.05065	0.00255	0.00727	0.00544	0.02431	0.06938
5	0.06899	0.11024	0.23248	0.06950	0.02163	0.01517	0.01440	0.12181	0.01630	0.07687	0.03638	0.01794	0.01245	0.06803	0.00807	0.00222	0.00737	0.00549	0.00421	0.09046

[dist]
# distance from previous block
# <min> <max>
0	22

[block]
# block no. 6 follows, 33 sequences, length 61
# corresponding to MSA columns:
# 173-233
name=unknown_G
#
# <colnr> <probs for GDERKNQSTAVLIFYWHMCP>
#	G	D	E	R	K	N	Q	S	T	A	V	L	I	F	Y	W	H	M	C	P
0	0.07277	0.05818	0.01828	0.04309	0.18251	0.01277	0.04938	0.07494	0.01598	0.10048	0.04253	0.09069	0.06875	0.01065	0.03111	0.00232	0.00662	0.03872	0.02930	0.05094
1	0.09752	0.07354	0.12842	0.10022	0.07357	0.05718	0.03454	0.06522	0.06256	0.04847	0.01679	0.08396	0.01496	0.01035	0.03439	0.00247	0.03433	0.04891	0.00426	0.00835
2	0.07654	0.08989	0.23589	0.01825	0.11438	0.01587	0.04196	0.13668	0.01698	0.06772	0.01395	0.04290	0.01103	0.00691	0.00603	0.00190	0.00758	0.00560	0.00417	0.08577
3	0.02082	0.01763	0.02007	0.01666	0.04345	0.08546	0.06677	0.38089	0.06963	0.03049	0.01501	0.01733	0.01171	0.03270	0.03326	0.02922	0.08805	0.00614	0.00523	0.00951
4	0.81514	0.01273	0.00968	0.00866	0.01273	0.01477	0.00713	0.01935	0.01120	0.02954	0.00917	0.01069	0.00713	0.00611	0.00407	0.00204	0.00509	0.00356	0.00407	0.00713
5	0.01637	0.01414	0.01489	0.01340	0.01712	0.01637	0.01042	0.03498	0.71568	0.02754	0.02679	0.02456	0.02010	0.00893	0.00670	0.00223	0.00521	0.00744	0.00670	0.01042
6	0.01338	0.01027	0.01190	0.01153	0.04573	0.01047	0.00844	0.10883	0.15719	0.05072	0.18209	0.09004	0.22734	0.01281	0.00738	0.00220	0.00458	0.03081	0.00647	0.00784
7	0.00912	0.00695	0.00842	0.00818	0.00996	0.00638	0.00619	0.01223	0.03938	0.02335	0.46024	0.07636	0.24983	0.01468	0.00781	0.00218	0.00339	0.04240	0.00681	0.00612
8	0.01019	0.00835	0.00963	0.03462	0.03845	0.03495	0.00718	0.04209	0.01545	0.01979	0.16246	0.23276	0.28346	0.01597	0.00871	0.04660	0.00440	0.01305	0.00584	0.00604
9	0.01010	0.00688	0.00876	0.00833	0.01006	0.00623	0.00623	0.01280	0.01760	0.06315	0.53363	0.11429	0.14857	0.01425	0.00776	0.00214	0.00334	0.01250	0.00704	0.00632
10	0.05102	0.06381	0.29901	0.12993	0.04681	0.01673	0.03351	0.10132	0.12451	0.02360	0.01426	0.01618	0.01062	0.00702	0.00677	0.00210	0.03395	0.00553	0.00394	0.00936
11	0.01845	0.48380	0.06872	0.01474	0.05731	0.16334	0.01288	0.02148	0.04056	0.01670	0.01031	0.01201	0.00900	0.00629	0.00566	0.00163	0.04143	0.00411	0.00310	0.00849
12	0.00875	0.00634	0.00803	0.00897	0.00982	0.00597	0.00642	0.01026	0.01333	0.01749	0.08562	0.39213	0.13420	0.13154	0.01216	0.00319	0.00447	0.13007	0.00586	0.00535
13	0.00911	0.00623	0.00755	0.00816	0.00838	0.00611	0.00512	0.00969	0.01095	0.01456	0.02688	0.28959	0.03144	0.46869	0.02349	0.00492	0.00549	0.05423	0.00484	0.00458
14	0.01088	0.00905	0.01315	0.01310	0.04451	0.01111	0.00974	0.01285	0.01056	0.01543	0.01566	0.02458	0.01517	0.11298	0.47113	0.00800	0.18554	0.00696	0.00341	0.00619
15	0.02358	0.02934	0.01838	0.01663	0.01986	0.66414	0.01257	0.04450	0.01835	0.01678	0.01062	0.01270	0.00892	0.00888	0.03938	0.00214	0.03766	0.00447	0.00347	0.00764
16	0.00949	0.00653	0.00858	0.00937	0.01034	0.00624	0.00669	0.01162	0.03115	0.04343	0.15373	0.47552	0.05875	0.04442	0.03672	0.00298	0.00456	0.06780	0.00622	0.00586
17	0.01352	0.01155	0.01350	0.00971	0.01543	0.00870	0.00775	0.01645	0.01380	0.02160	0.03342	0.01473	0.01135	0.00514	0.00496	0.00101	0.00482	0.00414	0.00400	0.78441
18	0.00917	0.00672	0.00860	0.00813	0.00975	0.00615	0.00610	0.01214	0.01829	0.02559	0.66226	0.05051	0.12446	0.01376	0.00777	0.00208	0.00313	0.01209	0.00714	0.00615
19	0.01243	0.01170	0.01975	0.75282	0.04534	0.01463	0.01828	0.01682	0.01316	0.01682	0.01170	0.01755	0.00878	0.00658	0.00658	0.00219	0.00878	0.00585	0.00293	0.00731
20	0.01392	0.01295	0.02151	0.57035	0.15001	0.01521	0.04248	0.05999	0.01463	0.01923	0.01212	0.01725	0.00923	0.00651	0.00661	0.00214	0.00861	0.00593	0.00322	0.00809
21	0.01630	0.02087	0.15844	0.13766	0.26863	0.11179	0.11050	0.03437	0.04017	0.02050	0.01258	0.01593	0.00983	0.00627	0.00658	0.00203	0.00919	0.00577	0.00333	0.00926
22	0.01143	0.00813	0.01076	0.01199	0.05158	0.00788	0.00912	0.01466	0.04628	0.06587	0.06002	0.11969	0.19350	0.01776	0.04584	0.00301	0.00577	0.30406	0.00599	0.00665
23	0.01102	0.00799	0.03577	0.00995	0.01138	0.00708	0.00760	0.01273	0.01348	0.08795	0.05475	0.41617	0.08768	0.09524	0.01125	0.00296	0.03324	0.08174	0.00588	0.00613
24	0.01697	0.01870	0.16399	0.06074	0.18850	0.03769	0.10949	0.10079	0.03767	0.08513	0.01702	0.07291	0.01429	0.00810	0.00689	0.00214	0.00812	0.03703	0.00441	0.00943
25	0.04500	0.04709	0.10973	0.09463	0.18544	0.10689	0.08907	0.05429	0.05428	0.10482	0.01464	0.01671	0.01097	0.00665	0.00635	0.00199	0.00832	0.00576	0.02805	0.00933
26	0.01404	0.09576	0.32199	0.04454	0.04661	0.01482	0.06442	0.02100	0.10057	0.04458	0.07435	0.02113	0.04187	0.01027	0.05357	0.00259	0.00850	0.00643	0.00404	0.00892
27	0.01636	0.01260	0.01461	0.01064	0.01635	0.01045	0.00859	0.11294	0.01641	0.07489	0.01329	0.01457	0.01042	0.00553	0.00524	0.00119	0.00525	0.00437	0.00457	0.64173
28	0.01427	0.04058	0.08430	0.01601	0.11798	0.01099	0.03354	0.04036	0.03699	0.09563	0.11669	0.16706	0.05276	0.01128	0.00732	0.00214	0.01858	0.05265	0.00533	0.07555
29	0.01485	0.01096	0.01257	0.01095	0.01321	0.03521	0.00823	0.16977	0.01570	0.05288	0.01764	0.02725	0.01667	0.26193	0.21860	0.00571	0.03407	0.00723	0.00457	0.06201
30	0.01588	0.07251	0.04774	0.13010	0.42931	0.01602	0.01753	0.06951	0.04688	0.02182	0.01440	0.06275	0.01253	0.00716	0.00647	0.00201	0.00755	0.00653	0.00374	0.00957
31	0.01182	0.00994	0.01238	0.01187	0.03960	0.01004	0.04747	0.06013	0.18019	0.02250	0.10540	0.18511	0.24974	0.01376	0.00753	0.00228	0.00470	0.01201	0.00612	0.00744
32	0.01010	0.00794	0.01068	0.00994	0.01142	0.00830	0.04231	0.01271	0.04386	0.01761	0.07996	0.08148	0.16194	0.17752	0.19963	0.00520	0.04808	0.00989	0.05556	0.00586
33	0.01813	0.19835	0.06706	0.01414	0.01777	0.25678	0.01215	0.06854	0.01618	0.01851	0.03201	0.07870	0.01542	0.03328	0.00835	0.00211	0.07541	0.05546	0.00392	0.00773
34	0.01901	0.04589	0.15923	0.01889	0.11043	0.01425	0.10060	0.07080	0.10008	0.20190	0.03547	0.02209	0.03618	0.00782	0.00673	0.00209	0.00737	0.02598	0.00528	0.00991
35	0.00819	0.00629	0.00710	0.00765	0.00911	0.00554	0.00545	0.00980	0.01420	0.01817	0.08200	0.32415	0.40033	0.01752	0.00784	0.00235	0.00349	0.01519	0.05009	0.00554
36	0.01425	0.01356	0.02303	0.41750	0.36645	0.01510	0.01919	0.01841	0.01402	0.01903	0.01202	0.01696	0.00955	0.00624	0.00655	0.00208	0.00833	0.00586	0.00308	0.00878
37	0.01693	0.04228	0.22977	0.03795	0.06471	0.03940	0.03437	0.08354	0.08232	0.12483	0.01829	0.07013	0.01529	0.09947	0.00979	0.00260	0.00757	0.00706	0.00471	0.00899
38	0.01567	0.44543	0.10314	0.03047	0.01785	0.07846	0.01218	0.01837	0.01358	0.01639	0.01374	0.08483	0.01342	0.01176	0.07518	0.00256	0.00844	0.02731	0.00334	0.00788
39	0.00965	0.00671	0.00854	0.00890	0.01030	0.00619	0.00666	0.01177	0.01536	0.04735	0.25145	0.25794	0.16688	0.05029	0.00925	0.00260	0.00403	0.11377	0.00644	0.00592
40	0.00887	0.00612	0.00754	0.00822	0.00845	0.00600	0.00513	0.00949	0.01098	0.01469	0.02759	0.36640	0.03241	0.40042	0.05388	0.00490	0.00573	0.01357	0.00492	0.00468
41	0.01573	0.08859	0.03337	0.12481	0.03249	0.01739	0.46758	0.04736	0.06531	0.02120	0.01375	0.01745	0.01044	0.00603	0.00715	0.00213	0.00983	0.00701	0.00359	0.00882
42	0.00882	0.00708	0.00974	0.00943	0.01109	0.00649	0.04925	0.01096	0.01492	0.01971	0.21693	0.28694	0.24830	0.01827	0.04838	0.00279	0.00471	0.01423	0.00608	0.00588
43	0.01021	0.00772	0.01062	0.01081	0.01205	0.00754	0.04513	0.08261	0.01468	0.01962	0.03288	0.64507	0.03832	0.01847	0.00818	0.00258	0.00458	0.01678	0.00601	0.00615
44	0.00854	0.00669	0.00777	0.00776	0.00958	0.00591	0.00587	0.01080	0.01622	0.02105	0.30747	0.10158	0.39398	0.01581	0.00789	0.00224	0.00345	0.05503	0.00653	0.00582
45	0.01489	0.01222	0.01554	0.07267	0.15677	0.07307	0.01162	0.03975	0.01471	0.07813	0.05820	0.10084	0.03410	0.11159	0.03863	0.00308	0.06432	0.06401	0.02839	0.00749
46	0.01713	0.01797	0.01818	0.08158	0.04115	0.21359	0.01313	0.05635	0.01426	0.01803	0.01189	0.03806	0.01092	0.03799	0.01377	0.00246	0.32812	0.00592	0.05211	0.00740
47	0.01473	0.01250	0.01501	0.01082	0.01664	0.01007	0.03080	0.07835	0.01526	0.02323	0.01212	0.01398	0.00989	0.00517	0.00512	0.00110	0.00529	0.00421	0.00412	0.71158
48	0.01677	0.09096	0.15143	0.01552	0.04577	0.09981	0.01394	0.07430	0.08740	0.06753	0.03877	0.04913	0.01707	0.01078	0.03054	0.00245	0.08501	0.08964	0.00460	0.00859
49	0.01068	0.00724	0.00877	0.00879	0.01056	0.00669	0.00642	0.01366	0.06077	0.08305	0.19515	0.30081	0.23025	0.01610	0.00782	0.00233	0.00378	0.01409	0.00658	0.00644
50	0.04773	0.09839	0.06860	0.02332	0.19468	0.03801	0.19284	0.10488	0.01685	0.07423	0.01406	0.01724	0.01103	0.03526	0.00745	0.00213	0.00828	0.00612	0.02956	0.00934
51	0.00848	0.00641	0.00777	0.00819	0.00952	0.00579	0.00591	0.01038	0.01505	0.01978	0.23777	0.28589	0.26269	0.04472	0.00898	0.00251	0.00366	0.04450	0.00635	0.00564
52	0.01955	0.04587	0.04407	0.01918	0.11594	0.08789	0.08281	0.26710	0.14479	0.02861	0.01853	0.04117	0.03831	0.00802	0.00665	0.00203	0.00763	0.00675	0.00523	0.00985
53	0.00921	0.00670	0.00848	0.00821	0.00966	0.00620	0.00608	0.01182	0.01710	0.02369	0.54203	0.07166	0.12436	0.08388	0.01022	0.00254	0.00358	0.04193	0.00675	0.00591
54	0.01423	0.09557	0.04997	0.09262	0.06294	0.04060	0.05556	0.05961	0.05774	0.04178	0.03794	0.06768	0.01695	0.10442	0.15590	0.00424	0.02315	0.00737	0.00416	0.00758
55	0.01345	0.03814	0.04205	0.01436	0.07573	0.01155	0.04640	0.08226	0.07251	0.04568	0.13285	0.02810	0.04906	0.04516	0.25307	0.00501	0.00991	0.00779	0.01920	0.00770
56	0.01394	0.03679	0.01194	0.01043	0.01302	0.08957	0.00790	0.04392	0.15331	0.06525	0.11816	0.13071	0.20157	0.06298	0.00892	0.00244	0.00528	0.01058	0.00596	0.00734
57	0.04745	0.26343	0.08403	0.01656	0.07835	0.05819	0.06108	0.07637	0.13034	0.02153	0.01552	0.01683	0.03752	0.00731	0.00682	0.00192	0.05819	0.00554	0.00403	0.00900
58	0.12666	0.15353	0.05413	0.04252	0.11047	0.11181	0.08144	0.04602	0.03619	0.04253	0.01413	0.06345	0.01255	0.00786	0.00683	0.00202	0.04793	0.02765	0.00391	0.00838
59	0.07484	0.03317	0.01590	0.01518	0.07654	0.16053	0.01081	0.18813	0.01851	0.04063	0.01892	0.19424	0.01842	0.01232	0.03978	0.00247	0.03133	0.00848	0.03167	0.00813
60	0.14142	0.03341	0.09848	0.08636	0.14331	0.06525	0.09937	0.05840	0.07655	0.02303	0.01563	0.01815	0.03690	0.00881	0.03904	0.00241	0.00821	0.00596	0.03066	0.00864

[dist]
# distance from previous block
# <min> <max>
9	26

[block]
# block no. 7 follows, 33 sequences, length 62
# corresponding to MSA columns:
# 260-321
name=unknown_H
#
# <colnr> <probs for GDERKNQSTAVLIFYWHMCP>
#	G	D	E	R	K	N	Q	S	T	A	V	L	I	F	Y	W	H	M	C	P
0	0.01159	0.06097	0.07938	0.01193	0.03343	0.03836	0.00967	0.06313	0.01500	0.01980	0.07475	0.36413	0.06710	0.01722	0.04953	0.00284	0.00614	0.06293	0.00536	0.00676
1	0.01803	0.08047	0.04999	0.03484	0.03461	0.09008	0.03301	0.19143	0.15787	0.02614	0.01763	0.07459	0.01470	0.00815	0.00621	0.00187	0.00687	0.00659	0.03095	0.11596
2	0.07916	0.06391	0.06365	0.01422	0.08708	0.01211	0.03732	0.01848	0.10720	0.03903	0.05506	0.06592	0.04433	0.11542	0.06985	0.00323	0.00701	0.00744	0.00452	0.10507
3	0.01658	0.01265	0.01541	0.01266	0.01556	0.01396	0.01007	0.15480	0.05988	0.07886	0.03533	0.02160	0.01483	0.12326	0.05105	0.00312	0.18893	0.00641	0.00478	0.16026
4	0.01474	0.11796	0.15022	0.01850	0.06444	0.06899	0.17917	0.02002	0.06993	0.02040	0.08764	0.06797	0.04465	0.00846	0.00733	0.00208	0.03746	0.00756	0.00408	0.00841
5	0.01458	0.01263	0.01972	0.08007	0.29625	0.01276	0.05900	0.05867	0.05710	0.04184	0.04656	0.12558	0.04902	0.03929	0.00805	0.00229	0.00673	0.02624	0.00456	0.03907
6	0.00881	0.00638	0.00872	0.00963	0.01045	0.00639	0.00702	0.01057	0.01284	0.01739	0.08492	0.40820	0.05485	0.05801	0.17866	0.00464	0.00731	0.09414	0.00551	0.00557
7	0.01742	0.03517	0.01630	0.01454	0.07057	0.01491	0.01069	0.30088	0.09177	0.02984	0.14277	0.05514	0.04732	0.06381	0.00939	0.00241	0.03449	0.02772	0.00597	0.00890
8	0.03859	0.01754	0.04397	0.04463	0.05359	0.14896	0.11605	0.11697	0.03712	0.06433	0.03818	0.06211	0.01451	0.01226	0.07552	0.00291	0.09299	0.00691	0.00443	0.00840
9	0.01422	0.00875	0.01036	0.03310	0.01258	0.00873	0.00740	0.10171	0.03318	0.09735	0.20651	0.08380	0.09183	0.01120	0.00664	0.00200	0.00425	0.02971	0.22935	0.00733
10	0.00897	0.00630	0.00781	0.00824	0.00872	0.00623	0.00535	0.00990	0.01151	0.01548	0.07507	0.26282	0.06713	0.36501	0.10745	0.00525	0.00657	0.01244	0.00491	0.00486
11	0.01285	0.01292	0.07178	0.28113	0.04703	0.01307	0.03552	0.05336	0.07301	0.01957	0.02040	0.09464	0.04432	0.06480	0.00996	0.00265	0.05462	0.07664	0.00425	0.00748
12	0.05410	0.04433	0.01872	0.06605	0.02123	0.44001	0.01261	0.17891	0.02027	0.02267	0.01178	0.01351	0.00931	0.00713	0.00641	0.00183	0.03061	0.00479	0.02739	0.00837
13	0.00963	0.00739	0.00847	0.00808	0.01008	0.00696	0.00609	0.01372	0.08475	0.02332	0.37973	0.05039	0.29219	0.01382	0.00748	0.00211	0.00339	0.01184	0.05417	0.00638
14	0.00941	0.00657	0.00838	0.00848	0.00891	0.00695	0.00559	0.01030	0.01012	0.01390	0.02070	0.08499	0.02266	0.47128	0.27607	0.00758	0.01009	0.00931	0.00397	0.00473
15	0.69486	0.04662	0.03875	0.01008	0.01449	0.04391	0.03068	0.01975	0.01183	0.02782	0.00944	0.01108	0.00738	0.00610	0.00435	0.00200	0.00581	0.00377	0.00392	0.00736
16	0.01914	0.03482	0.06332	0.01280	0.01767	0.01444	0.01096	0.27347	0.05121	0.10445	0.01885	0.05674	0.04013	0.03467	0.00777	0.00199	0.03473	0.00654	0.00553	0.19076
17	0.01147	0.00873	0.00966	0.00872	0.01126	0.00845	0.00672	0.09273	0.07180	0.02467	0.26062	0.04552	0.29540	0.01291	0.00719	0.00205	0.00388	0.01087	0.07455	0.03281
18	0.01005	0.03380	0.00961	0.00848	0.01046	0.00770	0.00649	0.03658	0.04251	0.02225	0.31695	0.06923	0.25370	0.04782	0.04585	0.00274	0.00453	0.03385	0.03115	0.00627
19	0.04043	0.01394	0.06663	0.01250	0.01774	0.01142	0.05783	0.06948	0.03212	0.06443	0.01309	0.01534	0.01041	0.00730	0.00788	0.06363	0.04404	0.00486	0.00418	0.44275
20	0.01622	0.07248	0.07075	0.03435	0.04722	0.11494	0.01083	0.03868	0.03620	0.09322	0.02097	0.12452	0.06629	0.01065	0.03339	0.00213	0.00700	0.00749	0.00466	0.18799
21	0.04756	0.11000	0.12646	0.01966	0.15984	0.20702	0.01470	0.08447	0.01639	0.02069	0.01219	0.01542	0.01022	0.03773	0.05789	0.00257	0.00944	0.00508	0.00358	0.03910
22	0.07337	0.06159	0.02001	0.01625	0.04303	0.12484	0.10956	0.17574	0.07588	0.02587	0.06574	0.02779	0.01887	0.00929	0.00686	0.00215	0.00770	0.12180	0.00510	0.00858
23	0.01074	0.00698	0.00876	0.00912	0.01037	0.00650	0.00657	0.01214	0.01303	0.07162	0.03340	0.29121	0.10561	0.21623	0.01484	0.00356	0.00502	0.13314	0.00562	0.03553
24	0.01646	0.01635	0.07941	0.09212	0.50043	0.01514	0.03891	0.04116	0.03155	0.05774	0.01421	0.01874	0.01161	0.00662	0.00664	0.00204	0.00789	0.02929	0.00372	0.00999
25	0.04490	0.07147	0.01973	0.12608	0.17798	0.03404	0.04225	0.07180	0.01504	0.05205	0.01580	0.01974	0.03855	0.03505	0.11971	0.00331	0.00888	0.00606	0.00393	0.09363
26	0.00902	0.00672	0.00839	0.00797	0.00965	0.00609	0.00598	0.01185	0.01794	0.02475	0.59839	0.05189	0.18885	0.01407	0.00777	0.00210	0.00315	0.01229	0.00703	0.00609
27	0.02229	0.01731	0.01922	0.07413	0.04822	0.07295	0.01304	0.40927	0.02392	0.09537	0.01638	0.01741	0.03080	0.00835	0.00841	0.00209	0.09922	0.00606	0.00560	0.00995
28	0.01576	0.00825	0.01060	0.00978	0.01230	0.00750	0.00739	0.01862	0.05152	0.25665	0.14066	0.28258	0.12277	0.01430	0.00755	0.00229	0.00431	0.01248	0.00699	0.00771
29	0.04206	0.05311	0.02395	0.11002	0.26561	0.01676	0.09036	0.19077	0.03610	0.05206	0.01484	0.01900	0.01185	0.00712	0.00661	0.00205	0.00780	0.03575	0.00445	0.00973
30	0.04498	0.00689	0.00856	0.00857	0.00919	0.00740	0.00576	0.01080	0.01012	0.01457	0.01960	0.05929	0.02109	0.44486	0.29288	0.00762	0.01039	0.00868	0.00389	0.00487
31	0.01620	0.01664	0.02713	0.15015	0.43848	0.07355	0.14126	0.02031	0.01509	0.02025	0.01227	0.01640	0.00993	0.00600	0.00670	0.00202	0.00888	0.00607	0.00323	0.00943
32	0.13338	0.20425	0.15065	0.01603	0.05188	0.07387	0.06643	0.15050	0.05269	0.02472	0.01231	0.01377	0.00955	0.00650	0.00563	0.00188	0.00789	0.00490	0.00400	0.00916
33	0.01016	0.00809	0.01176	0.01070	0.01214	0.00867	0.06051	0.01215	0.01187	0.01655	0.05579	0.03461	0.12065	0.19358	0.30584	0.00646	0.05956	0.00873	0.04642	0.00576
34	0.01655	0.01605	0.06199	0.09141	0.11422	0.06129	0.08540	0.17546	0.08582	0.02561	0.09396	0.05580	0.04083	0.03662	0.00788	0.00224	0.00737	0.00767	0.00497	0.00884
35	0.00870	0.00647	0.00812	0.00831	0.00968	0.00589	0.00607	0.01099	0.01620	0.02195	0.39178	0.24783	0.18392	0.01616	0.00798	0.00229	0.00342	0.03172	0.00669	0.00585
36	0.01624	0.06591	0.23646	0.02043	0.10754	0.16103	0.12363	0.02172	0.06231	0.01996	0.03937	0.01872	0.03349	0.03589	0.00751	0.00215	0.00914	0.00610	0.00361	0.00877
37	0.78050	0.01266	0.00992	0.00879	0.01291	0.01454	0.00724	0.01991	0.01154	0.06052	0.00991	0.01121	0.00753	0.00620	0.00419	0.00204	0.00512	0.00370	0.00425	0.00731
38	0.00942	0.00667	0.00807	0.00806	0.00968	0.00596	0.00587	0.01149	0.01582	0.05210	0.29959	0.21135	0.27628	0.03879	0.00864	0.00238	0.00355	0.01378	0.00656	0.00595
39	0.00812	0.00664	0.00719	0.00730	0.00926	0.00571	0.00547	0.01000	0.01532	0.01897	0.15330	0.11582	0.55449	0.01660	0.00788	0.00227	0.00345	0.04029	0.00627	0.00565
40	0.02451	0.01724	0.01880	0.01458	0.01959	0.01882	0.01197	0.61846	0.02909	0.09343	0.01763	0.05424	0.01323	0.00857	0.00668	0.00202	0.00694	0.00663	0.00668	0.01090
41	0.01503	0.01390	0.01982	0.07759	0.36382	0.04142	0.01494	0.04576	0.12875	0.02237	0.06397	0.08036	0.06609	0.00886	0.00684	0.00209	0.00670	0.00797	0.00458	0.00915
42	0.01475	0.01284	0.06088	0.01218	0.04030	0.06367	0.00960	0.09029	0.01641	0.07045	0.15054	0.03148	0.08082	0.11289	0.03087	0.00286	0.07407	0.01776	0.10004	0.00730
43	0.09697	0.01178	0.01411	0.01079	0.01580	0.01014	0.03448	0.06122	0.01496	0.09290	0.01578	0.09446	0.01383	0.00722	0.00556	0.00148	0.00524	0.00599	0.00472	0.48257
44	0.01165	0.00889	0.01151	0.03899	0.06770	0.00886	0.00839	0.03982	0.09720	0.04590	0.38299	0.10660	0.11997	0.01275	0.00749	0.00215	0.00423	0.01117	0.00649	0.00723
45	0.01637	0.07209	0.02073	0.27920	0.11385	0.01584	0.03436	0.11939	0.10147	0.04908	0.01518	0.01876	0.01182	0.00707	0.00635	0.00198	0.00740	0.02330	0.00431	0.08143
46	0.01622	0.03395	0.01439	0.01219	0.01528	0.03879	0.00943	0.21631	0.19843	0.02693	0.06458	0.18115	0.02413	0.05709	0.03970	0.00277	0.00624	0.00948	0.00600	0.02694
47	0.01682	0.01480	0.02495	0.12863	0.58623	0.01505	0.01915	0.02069	0.01505	0.07564	0.01334	0.01692	0.01067	0.00613	0.00653	0.00199	0.00777	0.00592	0.00359	0.01009
48	0.04536	0.37699	0.16485	0.03827	0.02120	0.07216	0.03727	0.10865	0.01598	0.02065	0.01080	0.01258	0.00881	0.00639	0.00587	0.00176	0.03569	0.00444	0.00340	0.00888
