[name]
unknown

[dist]
# distance from previous block
# <min> <max>
0	4

[block]
# block no. 0 follows, 32 sequences, length 12
# corresponding to MSA columns:
# 4-15
name=unknown_A
#
# <colnr> <probs for GDERKNQSTAVLIFYWHMCP>
#	G	D	E	R	K	N	Q	S	T	A	V	L	I	F	Y	W	H	M	C	P
0	0.01626	0.07659	0.01588	0.01343	0.01647	0.06308	0.01153	0.19543	0.01977	0.02530	0.02648	0.05017	0.02687	0.01390	0.00796	0.00257	0.00699	0.39761	0.00585	0.00787
1	0.19986	0.01611	0.04052	0.01241	0.01663	0.07560	0.01027	0.26976	0.04472	0.05398	0.06187	0.06256	0.08949	0.00950	0.00637	0.00209	0.00640	0.00730	0.00574	0.00886
2	0.50853	0.01468	0.01435	0.01414	0.09381	0.01652	0.01014	0.17241	0.05085	0.03181	0.01210	0.01340	0.00922	0.00675	0.00513	0.00206	0.00599	0.00463	0.00476	0.00873
3	0.00917	0.00650	0.00725	0.00741	0.00797	0.00620	0.00453	0.00969	0.01135	0.01461	0.03350	0.12352	0.18537	0.51569	0.02548	0.00514	0.00552	0.01174	0.00479	0.00458
4	0.02479	0.01832	0.01892	0.01475	0.01975	0.05831	0.01208	0.58678	0.02912	0.06979	0.01665	0.01680	0.01189	0.00799	0.00654	0.00197	0.00727	0.00599	0.06143	0.01086
5	0.01007	0.00758	0.00893	0.00916	0.01073	0.00721	0.00660	0.08204	0.01618	0.02113	0.11919	0.40721	0.23344	0.01772	0.00812	0.00245	0.00404	0.01556	0.00641	0.00623
6	0.02297	0.10420	0.02283	0.02005	0.14694	0.17824	0.01407	0.35395	0.02387	0.02999	0.01347	0.01472	0.01035	0.00717	0.00629	0.00188	0.00850	0.00538	0.00496	0.01016
7	0.00830	0.00601	0.00784	0.00907	0.00972	0.00556	0.00616	0.00971	0.01366	0.01822	0.11045	0.63746	0.09309	0.01998	0.00845	0.00263	0.00378	0.01801	0.00635	0.00556
8	0.10764	0.01584	0.02311	0.07149	0.38728	0.06455	0.06149	0.02289	0.01572	0.14469	0.01453	0.01692	0.01103	0.00650	0.00643	0.00203	0.00783	0.00586	0.00427	0.00990
9	0.06825	0.03950	0.02213	0.05292	0.33028	0.10021	0.01556	0.13130	0.05626	0.05300	0.01391	0.01608	0.01093	0.00666	0.00628	0.00192	0.00778	0.00558	0.00434	0.05709
10	0.03741	0.01685	0.02650	0.05557	0.54944	0.05670	0.07239	0.03910	0.04024	0.02240	0.01307	0.01664	0.01072	0.00620	0.00666	0.00202	0.00831	0.00604	0.00356	0.01019
11	0.11114	0.01832	0.05973	0.02270	0.25325	0.11545	0.01449	0.11087	0.06803	0.02541	0.04440	0.01691	0.01290	0.00689	0.00616	0.00190	0.00753	0.00560	0.00436	0.09397

[dist]
# distance from previous block
# <min> <max>
5	19

[block]
# block no. 1 follows, 32 sequences, length 10
# corresponding to MSA columns:
# 35-44
name=unknown_B
#
# <colnr> <probs for GDERKNQSTAVLIFYWHMCP>
#	G	D	E	R	K	N	Q	S	T	A	V	L	I	F	Y	W	H	M	C	P
0	0.01725	0.01679	0.02717	0.08722	0.39498	0.07472	0.16468	0.02128	0.01579	0.06128	0.01566	0.01899	0.03976	0.00663	0.00693	0.00206	0.00879	0.00664	0.00373	0.00965
1	0.08983	0.01589	0.02134	0.19226	0.31603	0.07651	0.01664	0.07409	0.05920	0.02302	0.01411	0.01894	0.01161	0.00713	0.00651	0.00210	0.00800	0.03364	0.00393	0.00923
2	0.10269	0.04589	0.01802	0.08206	0.06862	0.07939	0.05220	0.12722	0.06491	0.08774	0.13365	0.02342	0.03988	0.00842	0.00653	0.00201	0.00680	0.00696	0.00536	0.03823
3	0.02348	0.06724	0.06036	0.01671	0.02081	0.55958	0.01339	0.07314	0.06823	0.01927	0.01201	0.01334	0.00966	0.00706	0.00608	0.00179	0.01092	0.00467	0.00385	0.00839
4	0.01155	0.00735	0.00920	0.00883	0.01087	0.00649	0.00654	0.01376	0.01628	0.10966	0.26878	0.24494	0.19571	0.01542	0.00783	0.00226	0.00381	0.01349	0.00678	0.04046
5	0.00961	0.00644	0.00736	0.00750	0.00754	0.00641	0.00426	0.00972	0.01004	0.01339	0.02259	0.10920	0.02622	0.69641	0.03182	0.00616	0.00627	0.01061	0.00426	0.00419
6	0.34362	0.07193	0.01828	0.01442	0.04285	0.12641	0.09546	0.04548	0.03818	0.02467	0.01238	0.04426	0.01044	0.00688	0.00545	0.00193	0.00727	0.00525	0.00408	0.08075
7	0.18151	0.23486	0.11195	0.01181	0.01649	0.06099	0.01115	0.01996	0.06474	0.04451	0.01810	0.07077	0.06478	0.00925	0.00673	0.04746	0.00665	0.00624	0.00413	0.00793
8	0.05130	0.35503	0.15313	0.01395	0.02007	0.02063	0.03896	0.13408	0.03417	0.06309	0.04725	0.01550	0.01248	0.00687	0.00558	0.00180	0.00745	0.00510	0.00420	0.00937
9	0.04485	0.20704	0.15189	0.01673	0.07254	0.08556	0.03268	0.02028	0.04796	0.03376	0.01484	0.04168	0.03493	0.01052	0.05010	0.00255	0.11410	0.00587	0.00360	0.00851

[dist]
# distance from previous block
# <min> <max>
2	14

[block]
# block no. 2 follows, 32 sequences, length 17
# corresponding to MSA columns:
# 59-75
name=unknown_C
#
# <colnr> <probs for GDERKNQSTAVLIFYWHMCP>
#	G	D	E	R	K	N	Q	S	T	A	V	L	I	F	Y	W	H	M	C	P
0	0.08049	0.01684	0.07604	0.10661	0.22344	0.04281	0.06981	0.05875	0.11560	0.07741	0.01553	0.01757	0.01177	0.00680	0.00646	0.00204	0.00768	0.00598	0.00442	0.05395
1	0.03782	0.01675	0.04948	0.03361	0.51006	0.01637	0.04642	0.10439	0.05134	0.02488	0.01369	0.01671	0.01101	0.00636	0.00659	0.00200	0.00781	0.00599	0.00394	0.03479
2	0.01621	0.01512	0.02180	0.20677	0.25365	0.07739	0.06062	0.04800	0.03986	0.04995	0.07790	0.04789	0.01657	0.00794	0.00736	0.00213	0.03070	0.00709	0.00418	0.00887
3	0.02002	0.07487	0.02166	0.06423	0.08365	0.07880	0.07584	0.17586	0.20910	0.08300	0.03310	0.01939	0.01461	0.00772	0.00663	0.00206	0.00749	0.00648	0.00547	0.01003
4	0.01510	0.05624	0.07861	0.11177	0.45290	0.01548	0.01840	0.01909	0.01496	0.02097	0.06169	0.02039	0.04278	0.00726	0.00722	0.00205	0.03548	0.00651	0.00360	0.00950
5	0.00923	0.00783	0.00854	0.00835	0.01044	0.00752	0.00640	0.01222	0.06594	0.01856	0.05633	0.05735	0.53944	0.04773	0.03632	0.00283	0.04447	0.04849	0.00591	0.00609
6	0.01574	0.01404	0.02193	0.19981	0.35008	0.01520	0.01721	0.10503	0.01654	0.02268	0.01597	0.08048	0.01452	0.00854	0.00755	0.00221	0.03605	0.04318	0.00405	0.00919
7	0.00813	0.00635	0.00737	0.00808	0.00943	0.00560	0.00569	0.00965	0.01433	0.01810	0.08663	0.39176	0.36757	0.01873	0.00823	0.00247	0.00362	0.01638	0.00629	0.00560
8	0.01729	0.01614	0.06130	0.01543	0.02001	0.01665	0.07747	0.06839	0.54387	0.04957	0.02445	0.02317	0.01817	0.00853	0.00690	0.00225	0.00629	0.00735	0.00629	0.01049
9	0.01578	0.02070	0.22436	0.01722	0.02102	0.01841	0.01685	0.12632	0.01525	0.02235	0.04837	0.01663	0.01201	0.00971	0.01433	0.00251	0.37981	0.00597	0.00374	0.00868
10	0.00899	0.00668	0.00825	0.00816	0.00963	0.00608	0.00593	0.01140	0.01685	0.02293	0.44787	0.15152	0.19833	0.05583	0.00942	0.00247	0.00350	0.01340	0.00680	0.00594
11	0.08856	0.33694	0.25523	0.01455	0.02128	0.08365	0.01565	0.07709	0.01556	0.02108	0.01086	0.01244	0.00869	0.00628	0.00531	0.00179	0.00833	0.00430	0.00334	0.00907
12	0.05957	0.10165	0.20270	0.05765	0.18792	0.06540	0.03808	0.04400	0.01599	0.14379	0.01430	0.01593	0.01053	0.00662	0.00622	0.00199	0.00826	0.00542	0.00416	0.00982
13	0.01323	0.03563	0.06180	0.04218	0.01580	0.03215	0.01055	0.07569	0.06250	0.01953	0.05499	0.04889	0.01889	0.16062	0.21052	0.00537	0.11265	0.00766	0.00428	0.00707
14	0.01688	0.17749	0.19566	0.03709	0.14347	0.04441	0.05113	0.08004	0.05091	0.04678	0.07955	0.01847	0.01526	0.00720	0.00627	0.00195	0.00791	0.00596	0.00413	0.00946
15	0.03265	0.02383	0.41235	0.01651	0.03740	0.01333	0.03233	0.05511	0.01480	0.05572	0.01839	0.17278	0.01719	0.03452	0.00825	0.00241	0.03121	0.00832	0.00412	0.00879
16	0.01767	0.10664	0.10196	0.01856	0.11765	0.04253	0.08517	0.10404	0.06273	0.07856	0.04031	0.03915	0.03960	0.00757	0.00640	0.00189	0.00736	0.00649	0.00466	0.11106

[dist]
# distance from previous block
# <min> <max>
14	66

[block]
# block no. 3 follows, 32 sequences, length 44
# corresponding to MSA columns:
# 158-201
name=unknown_D
#
# <colnr> <probs for GDERKNQSTAVLIFYWHMCP>
#	G	D	E	R	K	N	Q	S	T	A	V	L	I	F	Y	W	H	M	C	P
0	0.08459	0.15816	0.07745	0.06094	0.01908	0.09766	0.01170	0.07363	0.03582	0.10043	0.05739	0.09422	0.01763	0.00890	0.00617	0.00196	0.00699	0.02471	0.00482	0.05778
1	0.05559	0.01550	0.07239	0.05353	0.08396	0.03346	0.08589	0.16876	0.04015	0.04286	0.03951	0.10686	0.06255	0.03152	0.00823	0.00232	0.02843	0.02844	0.00504	0.03503
2	0.04164	0.07495	0.05989	0.14693	0.13420	0.10152	0.03656	0.02127	0.03733	0.11933	0.03558	0.10637	0.01624	0.00862	0.00659	0.00206	0.00761	0.00735	0.00453	0.03144
3	0.01713	0.19427	0.03767	0.01439	0.05902	0.18154	0.01112	0.05265	0.03437	0.01942	0.08244	0.08277	0.01801	0.00991	0.00815	0.06817	0.02734	0.00663	0.00415	0.07086
4	0.05384	0.09374	0.05191	0.05651	0.03752	0.05505	0.03232	0.08239	0.05365	0.03982	0.02360	0.26179	0.04888	0.03514	0.00849	0.00240	0.03992	0.01034	0.00500	0.00768
5	0.06434	0.12640	0.19690	0.01444	0.02026	0.03906	0.01422	0.11280	0.16762	0.06108	0.01665	0.03786	0.01298	0.00769	0.00652	0.00200	0.02836	0.00584	0.00476	0.06023
6	0.01770	0.11596	0.12149	0.01875	0.09032	0.10034	0.10402	0.12900	0.04890	0.02342	0.01470	0.05907	0.01242	0.00845	0.02497	0.00213	0.00856	0.00627	0.00416	0.08938
7	0.01156	0.00980	0.04715	0.01145	0.01370	0.00858	0.04952	0.08683	0.01598	0.04239	0.06892	0.43979	0.11548	0.01668	0.00807	0.00250	0.00504	0.03369	0.00606	0.00681
8	0.01323	0.01395	0.08782	0.01254	0.01777	0.01044	0.06096	0.01666	0.01418	0.02143	0.07129	0.07895	0.01692	0.00763	0.00694	0.00156	0.05265	0.00640	0.00421	0.48448
9	0.01632	0.09366	0.48058	0.01836	0.06297	0.05031	0.02035	0.02274	0.03381	0.09063	0.01360	0.01505	0.00981	0.00654	0.00619	0.00200	0.00895	0.00508	0.00359	0.03948
10	0.01421	0.03605	0.05766	0.01355	0.07795	0.01012	0.01026	0.01845	0.07466	0.12598	0.09885	0.09021	0.14581	0.01722	0.10457	0.00336	0.00705	0.05961	0.00571	0.02873
11	0.01560	0.01329	0.01429	0.01278	0.01639	0.01494	0.00992	0.03169	0.58484	0.02762	0.11866	0.02784	0.02568	0.00952	0.00688	0.00219	0.00501	0.00802	0.00677	0.04807
12	0.06256	0.04212	0.08240	0.03638	0.09538	0.10244	0.05683	0.02794	0.31034	0.05033	0.01864	0.01920	0.01420	0.00782	0.00723	0.00215	0.04307	0.00631	0.00498	0.00966
13	0.01397	0.02382	0.35321	0.01997	0.02710	0.01467	0.22551	0.05041	0.03519	0.02184	0.01796	0.11384	0.03447	0.00851	0.00720	0.00225	0.00913	0.00807	0.00383	0.00904
14	0.01514	0.17092	0.40725	0.02192	0.15936	0.01786	0.04196	0.02156	0.04566	0.02064	0.01237	0.01459	0.00952	0.00628	0.00610	0.00198	0.00885	0.00510	0.00313	0.00981
15	0.01429	0.15065	0.58592	0.01835	0.02745	0.01739	0.05488	0.02108	0.01416	0.02039	0.01168	0.01381	0.00860	0.00624	0.00612	0.00202	0.00955	0.00488	0.00287	0.00967
16	0.00959	0.00719	0.01078	0.01078	0.01198	0.00839	0.00839	0.01198	0.01078	0.01558	0.01797	0.02636	0.01677	0.05032	0.73760	0.01078	0.01797	0.00719	0.00359	0.00599
17	0.01690	0.20272	0.29824	0.01932	0.12358	0.05693	0.01788	0.10930	0.01678	0.02239	0.01460	0.01627	0.04325	0.00692	0.00602	0.00191	0.00846	0.00533	0.00362	0.00959
18	0.01688	0.08893	0.45920	0.01781	0.02575	0.10205	0.04462	0.05371	0.05039	0.05971	0.01341	0.01489	0.00975	0.00668	0.00629	0.00203	0.00944	0.00516	0.00360	0.00971
19	0.00954	0.00689	0.00904	0.00858	0.01016	0.00638	0.00649	0.01271	0.01887	0.02666	0.69408	0.05105	0.06242	0.01389	0.00796	0.00215	0.00327	0.03618	0.00734	0.00633
20	0.01391	0.01193	0.01391	0.00994	0.01590	0.00894	0.00795	0.01690	0.01391	0.02186	0.01193	0.01391	0.00994	0.00497	0.00497	0.00099	0.00497	0.00398	0.00398	0.80521
21	0.00905	0.00683	0.00828	0.00793	0.00966	0.00614	0.00590	0.01169	0.01764	0.02392	0.50759	0.05416	0.25416	0.03704	0.00870	0.00229	0.00333	0.01266	0.00695	0.00607
22	0.01459	0.03325	0.64627	0.01954	0.04939	0.04314	0.02362	0.05489	0.01524	0.02212	0.01220	0.01426	0.00871	0.00647	0.00639	0.00210	0.00982	0.00502	0.00306	0.00993
23	0.08649	0.06937	0.46171	0.01787	0.04800	0.01542	0.05349	0.04029	0.01466	0.04430	0.01443	0.05335	0.01180	0.00757	0.00638	0.00215	0.00870	0.03114	0.00358	0.00931
24	0.00976	0.00651	0.00732	0.00732	0.00732	0.00651	0.00407	0.00976	0.00976	0.01301	0.02114	0.04391	0.02439	0.76419	0.03415	0.00651	0.00651	0.00976	0.00407	0.00407
25	0.81159	0.01298	0.00986	0.00882	0.01298	0.01505	0.00727	0.01972	0.01142	0.03010	0.00934	0.01090	0.00727	0.00623	0.00415	0.00208	0.00519	0.00363	0.00415	0.00727
26	0.01950	0.27911	0.15959	0.01637	0.09019	0.01822	0.01451	0.05686	0.03703	0.17444	0.01582	0.04329	0.01237	0.00739	0.00630	0.00190	0.02721	0.00566	0.00453	0.00972
27	0.03010	0.01142	0.01557	0.01194	0.01713	0.00986	0.00986	0.03270	0.01920	0.72698	0.02647	0.02284	0.01661	0.00830	0.00675	0.00208	0.00571	0.00675	0.00830	0.01142
28	0.00841	0.00607	0.00801	0.00938	0.01001	0.00566	0.00650	0.00984	0.01345	0.01787	0.07202	0.64211	0.07845	0.02029	0.00855	0.00270	0.00399	0.06484	0.00628	0.00556
29	0.00818	0.00584	0.00779	0.00934	0.00973	0.00545	0.00623	0.00934	0.01285	0.01713	0.03698	0.75981	0.04438	0.02102	0.00856	0.00273	0.00389	0.01908	0.00623	0.00545
30	0.01267	0.01193	0.02013	0.74806	0.04621	0.01491	0.01863	0.01714	0.01342	0.01714	0.01193	0.01789	0.00894	0.00671	0.00671	0.00224	0.00894	0.00596	0.00298	0.00745
31	0.81159	0.01298	0.00986	0.00882	0.01298	0.01505	0.00727	0.01972	0.01142	0.03010	0.00934	0.01090	0.00727	0.00623	0.00415	0.00208	0.00519	0.00363	0.00415	0.00727
32	0.01081	0.00772	0.01081	0.01236	0.01390	0.00772	0.01081	0.01390	0.01545	0.02008	0.03553	0.07569	0.03862	0.01854	0.00927	0.00309	0.00618	0.67717	0.00618	0.00618
33	0.81159	0.01298	0.00986	0.00882	0.01298	0.01505	0.00727	0.01972	0.01142	0.03010	0.00934	0.01090	0.00727	0.00623	0.00415	0.00208	0.00519	0.00363	0.00415	0.00727
34	0.01166	0.00583	0.00874	0.00874	0.00874	0.00583	0.00583	0.00874	0.00874	0.01166	0.01166	0.02040	0.01166	0.02331	0.02622	0.80478	0.00583	0.00583	0.00291	0.00291
35	0.01889	0.45523	0.12309	0.01457	0.03876	0.13705	0.01379	0.06664	0.04212	0.01899	0.01107	0.01248	0.00929	0.00630	0.00518	0.00166	0.00829	0.00426	0.00337	0.00897
36	0.55595	0.01424	0.01263	0.01047	0.01507	0.01585	0.00861	0.17838	0.01635	0.03221	0.01116	0.01239	0.00848	0.00654	0.00482	0.00196	0.00568	0.00423	0.00473	0.08026
37	0.01726	0.23145	0.07429	0.04260	0.17723	0.05154	0.05212	0.06335	0.15736	0.02201	0.01554	0.03980	0.01286	0.00722	0.00611	0.00194	0.00757	0.00600	0.00416	0.00958
38	0.04732	0.19015	0.15041	0.05694	0.05515	0.06354	0.01391	0.10613	0.01674	0.08879	0.01743	0.09109	0.03430	0.00975	0.02819	0.00225	0.00784	0.00672	0.00444	0.00892
39	0.01525	0.25537	0.37211	0.03661	0.02358	0.05392	0.01795	0.02110	0.04885	0.01956	0.03839	0.01547	0.01150	0.00829	0.03347	0.00223	0.00898	0.00502	0.00328	0.00909
40	0.01772	0.26000	0.17399	0.01618	0.04219	0.14863	0.03397	0.04393	0.08478	0.01947	0.01268	0.01463	0.01035	0.00886	0.03962	0.00229	0.05328	0.00498	0.00355	0.00891
41	0.01905	0.31380	0.07805	0.01372	0.03801	0.12080	0.01212	0.10443	0.01763	0.07818	0.07209	0.03857	0.05107	0.00806	0.00585	0.00180	0.00742	0.00605	0.00449	0.00881
42	0.07277	0.11623	0.18636	0.01973	0.16045	0.06463	0.01582	0.10895	0.03425	0.07682	0.01644	0.01786	0.04570	0.00837	0.02571	0.00221	0.00813	0.00571	0.00427	0.00957
43	0.14233	0.14525	0.05458	0.04154	0.16309	0.07752	0.01316	0.04227	0.07585	0.06182	0.01656	0.05937	0.03596	0.00801	0.00654	0.00202	0.03477	0.00621	0.00429	0.00887

[dist]
# distance from previous block
# <min> <max>
4	19

[block]
# block no. 4 follows, 32 sequences, length 15
# corresponding to MSA columns:
# 221-235
name=unknown_E
#
# <colnr> <probs for GDERKNQSTAVLIFYWHMCP>
#	G	D	E	R	K	N	Q	S	T	A	V	L	I	F	Y	W	H	M	C	P
0	0.04192	0.03508	0.05093	0.10092	0.16610	0.01400	0.11937	0.05403	0.06391	0.12505	0.11195	0.02352	0.01936	0.03492	0.00788	0.00226	0.00732	0.00729	0.00499	0.00918
1	0.11318	0.01170	0.03693	0.01174	0.04317	0.01062	0.00905	0.07652	0.03212	0.16848	0.11380	0.05580	0.06134	0.08363	0.00919	0.00241	0.00546	0.02268	0.00583	0.12635
2	0.01364	0.01315	0.02080	0.44998	0.08688	0.01688	0.01745	0.01707	0.01250	0.01716	0.01093	0.01672	0.00902	0.00835	0.01185	0.00245	0.25860	0.00593	0.00299	0.00765
3	0.01629	0.01160	0.01385	0.01012	0.01578	0.00894	0.00813	0.01915	0.01485	0.13778	0.01699	0.01780	0.04487	0.00609	0.00540	0.00123	0.00502	0.00492	0.00480	0.63640
4	0.01677	0.21312	0.27913	0.01747	0.07018	0.01709	0.06655	0.04648	0.01531	0.09822	0.01566	0.08680	0.01327	0.00782	0.00624	0.00200	0.00805	0.00650	0.00399	0.00936
5	0.18665	0.00937	0.00947	0.00934	0.01087	0.03871	0.00661	0.03766	0.01212	0.01927	0.02088	0.18798	0.02267	0.26275	0.13283	0.00504	0.00775	0.00968	0.00455	0.00579
6	0.01322	0.00879	0.01086	0.01069	0.01250	0.00875	0.00789	0.13717	0.01741	0.07638	0.09665	0.47378	0.03784	0.01691	0.00806	0.00250	0.00469	0.04223	0.00658	0.00710
7	0.81159	0.01298	0.00986	0.00882	0.01298	0.01505	0.00727	0.01972	0.01142	0.03010	0.00934	0.01090	0.00727	0.00623	0.00415	0.00208	0.00519	0.00363	0.00415	0.00727
8	0.00797	0.00663	0.00697	0.00724	0.00918	0.00563	0.00529	0.00958	0.01487	0.01795	0.06258	0.18550	0.60216	0.01769	0.00804	0.00235	0.00348	0.01502	0.00623	0.00563
9	0.81159	0.01298	0.00986	0.00882	0.01298	0.01505	0.00727	0.01972	0.01142	0.03010	0.00934	0.01090	0.00727	0.00623	0.00415	0.00208	0.00519	0.00363	0.00415	0.00727
10	0.02818	0.01189	0.01557	0.01213	0.01711	0.01084	0.00996	0.07111	0.06696	0.61422	0.05087	0.02358	0.01825	0.00854	0.00679	0.00209	0.00569	0.00696	0.00808	0.01118
11	0.01741	0.01785	0.05533	0.06397	0.48026	0.06541	0.05845	0.06495	0.06800	0.02303	0.01378	0.01693	0.01109	0.00643	0.00669	0.00203	0.00834	0.00606	0.00377	0.01023
12	0.09930	0.01053	0.01244	0.01046	0.01400	0.01008	0.00824	0.10512	0.01850	0.18929	0.22953	0.11793	0.03153	0.01083	0.00684	0.00203	0.00480	0.00912	0.00663	0.10279
13	0.08791	0.12028	0.04885	0.01469	0.05853	0.08819	0.02794	0.06126	0.13403	0.08502	0.06237	0.04288	0.03301	0.00830	0.00678	0.00197	0.03740	0.00646	0.00500	0.06914
14	0.04780	0.01363	0.05760	0.08225	0.09133	0.01272	0.09970	0.09953	0.04670	0.07181	0.10795	0.07333	0.06881	0.05343	0.00862	0.00238	0.00677	0.00849	0.00516	0.04199

[dist]
# distance from previous block
# <min> <max>
4	19

[block]
# block no. 5 follows, 32 sequences, length 14
# corresponding to MSA columns:
# 255-268
name=unknown_F
#
# <colnr> <probs for GDERKNQSTAVLIFYWHMCP>
#	G	D	E	R	K	N	Q	S	T	A	V	L	I	F	Y	W	H	M	C	P
0	0.04621	0.11708	0.17924	0.10625	0.02277	0.01546	0.03519	0.07004	0.12200	0.02233	0.02128	0.09027	0.07374	0.00906	0.00648	0.00209	0.00708	0.00748	0.00447	0.04149
1	0.04318	0.20676	0.12439	0.04363	0.02163	0.06509	0.05736	0.09348	0.12240	0.10466	0.01567	0.01633	0.01174	0.00697	0.00597	0.00190	0.00764	0.00544	0.00464	0.04110
2	0.01984	0.01702	0.07683	0.01554	0.05709	0.03879	0.01256	0.29765	0.13745	0.07858	0.02186	0.08945	0.03849	0.00960	0.00689	0.00212	0.00675	0.02609	0.00604	0.04134
3	0.00974	0.00658	0.00768	0.00768	0.00780	0.00670	0.00451	0.00999	0.00986	0.01327	0.02081	0.04210	0.02361	0.69057	0.10670	0.00695	0.00769	0.00949	0.00402	0.00426
4	0.01005	0.00718	0.00994	0.01149	0.01270	0.00707	0.00950	0.01259	0.01470	0.01923	0.03594	0.27226	0.04027	0.01925	0.00907	0.00298	0.00552	0.48808	0.00619	0.00597
5	0.01391	0.01193	0.01391	0.00994	0.01590	0.00894	0.00795	0.01690	0.01391	0.02186	0.01193	0.01391	0.00994	0.00497	0.00497	0.00099	0.00497	0.00398	0.00398	0.80521
6	0.00861	0.00657	0.00791	0.00810	0.00961	0.00587	0.00587	0.01074	0.01611	0.02131	0.31500	0.23937	0.28713	0.01676	0.00809	0.00232	0.00344	0.01464	0.00668	0.00587
7	0.01115	0.00895	0.01210	0.04295	0.12727	0.00853	0.00900	0.01463	0.04430	0.04315	0.31581	0.04634	0.26420	0.01291	0.00759	0.00215	0.00441	0.01122	0.00618	0.00717
8	0.01529	0.01473	0.02537	0.24637	0.45211	0.01541	0.06176	0.01949	0.01471	0.02049	0.01245	0.01697	0.01008	0.00613	0.00667	0.00204	0.00834	0.00601	0.00325	0.04232
9	0.00936	0.03599	0.00983	0.05919	0.01241	0.00739	0.00689	0.01191	0.01666	0.02190	0.35562	0.08745	0.31196	0.01457	0.00773	0.00218	0.00384	0.01252	0.00640	0.00619
10	0.01836	0.30552	0.17809	0.01684	0.09271	0.10639	0.01503	0.04460	0.01566	0.07178	0.01393	0.01525	0.03312	0.00665	0.00561	0.00175	0.00813	0.00490	0.00367	0.04200
11	0.01507	0.01430	0.02395	0.21478	0.47033	0.01533	0.01889	0.01899	0.01477	0.02072	0.05630	0.01891	0.01339	0.00696	0.00758	0.00211	0.04839	0.00635	0.00347	0.00939
12	0.04375	0.11841	0.10050	0.01977	0.16644	0.06012	0.04955	0.03441	0.06073	0.05404	0.07212	0.06244	0.01775	0.00846	0.00707	0.00203	0.03654	0.02922	0.00438	0.05227
13	0.05059	0.01559	0.03902	0.01605	0.07196	0.05961	0.05196	0.08414	0.27442	0.07649	0.02047	0.02327	0.01626	0.04921	0.00808	0.00230	0.00670	0.03415	0.00553	0.09418

[dist]
# distance from previous block
# <min> <max>
0	20

# created by:
# /home/berkeley/.conda/envs/busco_data_prod/bin/msa2prfl.pl pipeline/OGs_align_augustus/4893/7135.fs
