[name]
unknown

[dist]
# distance from previous block
# <min> <max>
0	1

[block]
# block no. 0 follows, 34 sequences, length 57
# corresponding to MSA columns:
# 1-57
name=unknown_A
#
# <colnr> <probs for GDERKNQSTAVLIFYWHMCP>
#	G	D	E	R	K	N	Q	S	T	A	V	L	I	F	Y	W	H	M	C	P
0	0.01116	0.00800	0.01089	0.01206	0.01374	0.00811	0.01051	0.05042	0.01570	0.02047	0.03322	0.06984	0.03580	0.01731	0.00879	0.00292	0.00601	0.65286	0.00598	0.00622
1	0.02348	0.01750	0.01916	0.05408	0.02116	0.01930	0.01241	0.64788	0.02881	0.03869	0.01515	0.01552	0.01081	0.00758	0.00640	0.00191	0.00710	0.00574	0.00617	0.04116
2	0.01300	0.01230	0.02082	0.60631	0.18935	0.01457	0.01834	0.01721	0.01330	0.01748	0.01163	0.01697	0.00895	0.00631	0.00645	0.00210	0.00842	0.00575	0.00294	0.00782
3	0.01441	0.01374	0.02337	0.33924	0.44540	0.01494	0.01904	0.01844	0.01396	0.01919	0.01187	0.01651	0.00956	0.00605	0.00642	0.00202	0.00807	0.00575	0.00306	0.00896
4	0.00797	0.00584	0.00752	0.00881	0.00949	0.00539	0.00608	0.00926	0.01282	0.01677	0.03965	0.63539	0.13717	0.01958	0.00820	0.00258	0.00380	0.05236	0.00600	0.00531
5	0.01560	0.01495	0.02552	0.11339	0.66193	0.01525	0.01964	0.01949	0.01453	0.02064	0.01209	0.01612	0.01007	0.00583	0.00640	0.00194	0.00777	0.00576	0.00316	0.00992
6	0.01424	0.01356	0.02305	0.37222	0.41378	0.01489	0.01896	0.01829	0.01388	0.01898	0.01184	0.01656	0.00948	0.00608	0.00643	0.00203	0.00811	0.00575	0.00305	0.00882
7	0.01690	0.01496	0.01504	0.01341	0.01712	0.05402	0.01044	0.06697	0.65090	0.02712	0.02493	0.02304	0.01871	0.00861	0.00653	0.00215	0.00555	0.00707	0.00640	0.01012
8	0.02181	0.04408	0.01921	0.01628	0.01923	0.44765	0.01278	0.13568	0.01828	0.01982	0.01053	0.01280	0.00879	0.00784	0.00931	0.00196	0.17747	0.00475	0.00372	0.00799
9	0.00795	0.00566	0.00747	0.00890	0.00925	0.00530	0.00589	0.00902	0.01222	0.01629	0.03482	0.73119	0.04174	0.05912	0.00952	0.00281	0.00388	0.01791	0.00589	0.00518
10	0.00940	0.00626	0.00705	0.00705	0.00705	0.00626	0.00392	0.00940	0.00940	0.01253	0.02036	0.04228	0.02349	0.77292	0.03289	0.00626	0.00626	0.00940	0.00392	0.00392
11	0.02461	0.01818	0.01866	0.01467	0.01935	0.09473	0.01199	0.50295	0.02629	0.13856	0.01602	0.01598	0.01131	0.00787	0.00718	0.00197	0.04737	0.00573	0.00617	0.01041
12	0.01587	0.01522	0.02600	0.06326	0.70999	0.01532	0.01977	0.01972	0.01465	0.02096	0.01213	0.01603	0.01018	0.00578	0.00640	0.00193	0.00771	0.00576	0.00319	0.01013
13	0.01727	0.77681	0.03386	0.01106	0.01658	0.02557	0.01106	0.01935	0.01313	0.01520	0.00898	0.01036	0.00829	0.00553	0.00415	0.00138	0.00691	0.00345	0.00276	0.00829
14	0.00893	0.00657	0.00836	0.00807	0.00962	0.00601	0.00605	0.01170	0.01747	0.02422	0.59411	0.08586	0.14365	0.01407	0.00769	0.00210	0.00318	0.02949	0.00689	0.00597
15	0.10048	0.01786	0.01741	0.01382	0.01859	0.11699	0.01124	0.41264	0.02446	0.17870	0.01618	0.01584	0.01127	0.00749	0.00615	0.00192	0.00720	0.00551	0.00611	0.01013
16	0.02442	0.01707	0.01866	0.01427	0.01945	0.01843	0.01177	0.60963	0.02836	0.10737	0.01628	0.01603	0.01140	0.00763	0.00638	0.00189	0.00683	0.00578	0.00648	0.05185
17	0.00787	0.00562	0.00750	0.00900	0.00937	0.00525	0.00600	0.00900	0.01237	0.01649	0.03561	0.76871	0.04274	0.02024	0.00825	0.00262	0.00375	0.01837	0.00600	0.00525
18	0.00856	0.00612	0.00829	0.00978	0.01046	0.00584	0.00720	0.01019	0.01305	0.01727	0.03523	0.57992	0.04123	0.01959	0.00843	0.00272	0.00435	0.20035	0.00598	0.00544
19	0.00923	0.00692	0.01038	0.01038	0.01154	0.00808	0.00808	0.01154	0.01038	0.01500	0.01731	0.02538	0.01615	0.04846	0.74732	0.01038	0.01731	0.00692	0.00346	0.00577
20	0.02857	0.01167	0.01541	0.01182	0.01683	0.01050	0.00976	0.09603	0.01962	0.67095	0.02454	0.02138	0.01552	0.00797	0.00649	0.00199	0.00565	0.00643	0.00785	0.01100
21	0.00925	0.00686	0.01004	0.01004	0.01108	0.00789	0.00765	0.01132	0.01028	0.01475	0.01762	0.02712	0.01691	0.12288	0.67393	0.00996	0.01617	0.00718	0.00351	0.00558
22	0.81856	0.01250	0.00950	0.00850	0.01250	0.01449	0.00700	0.01899	0.01100	0.02899	0.00900	0.01050	0.00700	0.00600	0.00400	0.00200	0.00500	0.00350	0.00400	0.00700
23	0.01727	0.77681	0.03386	0.01106	0.01658	0.02557	0.01106	0.01935	0.01313	0.01520	0.00898	0.01036	0.00829	0.00553	0.00415	0.00138	0.00691	0.00345	0.00276	0.00829
24	0.01240	0.00868	0.01059	0.00932	0.01160	0.00852	0.00721	0.12919	0.02018	0.05486	0.55869	0.04235	0.07630	0.01222	0.00739	0.00202	0.00383	0.01059	0.00700	0.00707
25	0.02106	0.01146	0.01434	0.01064	0.01602	0.00939	0.00866	0.04536	0.01632	0.35711	0.01817	0.01749	0.01262	0.00638	0.00564	0.00148	0.00519	0.00514	0.00586	0.41166
26	0.01556	0.01724	0.03614	0.02605	0.03209	0.01672	0.63456	0.04885	0.01552	0.02118	0.01287	0.01713	0.00977	0.00593	0.00847	0.00221	0.06021	0.00742	0.00337	0.00870
27	0.01340	0.01148	0.01340	0.00957	0.01531	0.00861	0.00766	0.01627	0.01340	0.02105	0.01148	0.01340	0.00957	0.00479	0.00479	0.00096	0.00479	0.00383	0.00383	0.81242
28	0.00867	0.00685	0.00803	0.00937	0.00989	0.04151	0.00631	0.00982	0.01266	0.01646	0.03436	0.73170	0.04105	0.01958	0.00813	0.00258	0.00414	0.01767	0.00587	0.00536
29	0.01476	0.01371	0.01828	0.01374	0.01882	0.05024	0.13560	0.06899	0.03401	0.02202	0.03112	0.06365	0.01325	0.00668	0.00621	0.00150	0.02448	0.00594	0.00416	0.45282
30	0.01590	0.02668	0.47191	0.01994	0.06454	0.01497	0.12659	0.06579	0.01552	0.09699	0.01356	0.01534	0.00954	0.00631	0.00644	0.00205	0.00908	0.00551	0.00363	0.00970
31	0.01722	0.01445	0.01526	0.01338	0.01724	0.01661	0.01050	0.12572	0.62769	0.02888	0.02484	0.02295	0.01854	0.00863	0.00656	0.00216	0.00538	0.00710	0.00656	0.01033
32	0.01066	0.00762	0.00935	0.00866	0.01066	0.00730	0.00658	0.01523	0.09716	0.05780	0.53723	0.04601	0.13510	0.01285	0.00745	0.00207	0.00342	0.01119	0.00696	0.00671
33	0.01552	0.01738	0.03337	0.02455	0.02980	0.05055	0.53927	0.02069	0.04368	0.01993	0.01276	0.01692	0.00994	0.00656	0.00963	0.00226	0.12826	0.00714	0.00334	0.00846
34	0.01204	0.00602	0.00602	0.00602	0.00753	0.00602	0.00452	0.01506	0.01355	0.02409	0.02108	0.02409	0.01656	0.00753	0.00452	0.00151	0.00301	0.00602	0.80879	0.00602
35	0.00819	0.00597	0.00774	0.00876	0.00956	0.00552	0.00614	0.00977	0.01370	0.01828	0.15193	0.54569	0.11276	0.01859	0.00812	0.00250	0.00370	0.05146	0.00618	0.00544
36	0.01727	0.77681	0.03386	0.01106	0.01658	0.02557	0.01106	0.01935	0.01313	0.01520	0.00898	0.01036	0.00829	0.00553	0.00415	0.00138	0.00691	0.00345	0.00276	0.00829
37	0.01333	0.09792	0.67823	0.01778	0.02698	0.01592	0.02276	0.02037	0.01360	0.02001	0.01137	0.01336	0.00819	0.00609	0.00597	0.00199	0.00932	0.00466	0.00273	0.00944
38	0.00795	0.00577	0.00751	0.00874	0.00934	0.00533	0.00592	0.00925	0.01299	0.01726	0.08911	0.66076	0.09736	0.01942	0.00815	0.00255	0.00366	0.01751	0.00608	0.00533
39	0.00892	0.00653	0.00837	0.00805	0.00955	0.00598	0.00599	0.01171	0.01755	0.02449	0.62073	0.10192	0.11809	0.01400	0.00767	0.00209	0.00312	0.01234	0.00693	0.00598
40	0.02258	0.01585	0.01743	0.01365	0.01828	0.01721	0.01117	0.53210	0.06308	0.09679	0.10602	0.02059	0.01810	0.00851	0.00662	0.00197	0.00637	0.00668	0.00668	0.01034
41	0.30613	0.01528	0.01710	0.01336	0.01822	0.01659	0.07318	0.32908	0.02084	0.11032	0.01406	0.01461	0.01001	0.00695	0.00570	0.00199	0.00653	0.00523	0.00547	0.00937
42	0.00923	0.00692	0.01038	0.01038	0.01154	0.00808	0.00808	0.01154	0.01038	0.01500	0.01731	0.02538	0.01615	0.04846	0.74732	0.01038	0.01731	0.00692	0.00346	0.00577
43	0.00787	0.00562	0.00750	0.00900	0.00937	0.00525	0.00600	0.00900	0.01237	0.01649	0.03561	0.76871	0.04274	0.02024	0.00825	0.00262	0.00375	0.01837	0.00600	0.00525
44	0.01153	0.00857	0.01035	0.00932	0.01146	0.00855	0.00714	0.10225	0.07096	0.02739	0.55074	0.05900	0.07235	0.01245	0.00741	0.00205	0.00374	0.01083	0.00693	0.00698
45	0.01727	0.77681	0.03386	0.01106	0.01658	0.02557	0.01106	0.01935	0.01313	0.01520	0.00898	0.01036	0.00829	0.00553	0.00415	0.00138	0.00691	0.00345	0.00276	0.00829
46	0.00806	0.00653	0.00715	0.00706	0.00900	0.00563	0.00527	0.01007	0.01563	0.01976	0.24776	0.08157	0.52265	0.01562	0.00765	0.00216	0.00323	0.01325	0.00631	0.00563
47	0.01204	0.00602	0.00602	0.00602	0.00753	0.00602	0.00452	0.01506	0.01355	0.02409	0.02108	0.02409	0.01656	0.00753	0.00452	0.00151	0.00301	0.00602	0.80879	0.00602
48	0.01971	0.01480	0.04888	0.01357	0.01746	0.05045	0.01142	0.12323	0.25387	0.19196	0.02264	0.02626	0.01770	0.00949	0.00792	0.00222	0.06596	0.08669	0.00618	0.00959
49	0.02221	0.02137	0.05593	0.01572	0.04852	0.26871	0.01239	0.24071	0.07463	0.10063	0.04356	0.01797	0.03312	0.00776	0.00631	0.00188	0.00825	0.00581	0.00523	0.00927
50	0.02899	0.01100	0.01499	0.01150	0.01649	0.00950	0.00950	0.03149	0.01849	0.73709	0.02549	0.02199	0.01599	0.00800	0.00650	0.00200	0.00550	0.00650	0.00800	0.01100
51	0.01174	0.00816	0.01096	0.01032	0.01177	0.00908	0.00787	0.06720	0.01289	0.05600	0.06413	0.06405	0.02059	0.13964	0.41207	0.00720	0.04847	0.00795	0.02365	0.00626
52	0.03648	0.01365	0.02144	0.24655	0.19776	0.03901	0.07811	0.01728	0.01277	0.01788	0.01176	0.01736	0.01005	0.03593	0.06147	0.00292	0.16266	0.00599	0.00310	0.00782
53	0.01577	0.01145	0.01269	0.01111	0.01429	0.01235	0.00870	0.11278	0.31843	0.08118	0.18613	0.03010	0.06014	0.00982	0.00664	0.00204	0.00464	0.00822	0.08472	0.00881
54	0.02805	0.01251	0.01593	0.01221	0.01725	0.01174	0.01009	0.17624	0.02103	0.58877	0.02337	0.02061	0.01493	0.00795	0.00649	0.00199	0.00584	0.00635	0.00767	0.01099
55	0.01572	0.01739	0.03327	0.05339	0.13763	0.05501	0.49862	0.02095	0.03725	0.02038	0.01298	0.01700	0.01002	0.00590	0.00773	0.00213	0.03549	0.00702	0.00334	0.00882
56	0.07385	0.02114	0.01653	0.01552	0.05085	0.33729	0.01144	0.06376	0.24107	0.04711	0.01634	0.01686	0.01268	0.00907	0.03663	0.00225	0.00872	0.00547	0.00473	0.00869

[dist]
# distance from previous block
# <min> <max>
0	6

[block]
# block no. 1 follows, 34 sequences, length 48
# corresponding to MSA columns:
# 64-111
name=unknown_B
#
# <colnr> <probs for GDERKNQSTAVLIFYWHMCP>
#	G	D	E	R	K	N	Q	S	T	A	V	L	I	F	Y	W	H	M	C	P
0	0.01845	0.01299	0.01464	0.01190	0.01556	0.01381	0.00956	0.36976	0.05507	0.07206	0.27708	0.02843	0.03004	0.00980	0.00684	0.00198	0.00534	0.00807	0.02960	0.00903
1	0.05204	0.01795	0.02491	0.10560	0.10178	0.14266	0.21190	0.06462	0.01510	0.01998	0.01126	0.01512	0.00913	0.00724	0.00974	0.00218	0.17132	0.00589	0.00337	0.00821
2	0.01257	0.01186	0.02005	0.68700	0.11199	0.01445	0.01813	0.01683	0.01310	0.01696	0.01155	0.01711	0.00877	0.00639	0.00645	0.00213	0.00852	0.00574	0.00290	0.00748
3	0.02287	0.02664	0.01783	0.01588	0.01947	0.54765	0.01209	0.10295	0.13401	0.02039	0.01325	0.01411	0.01047	0.00712	0.00602	0.00178	0.01009	0.00486	0.00420	0.00832
4	0.01599	0.01535	0.02623	0.03966	0.73262	0.01535	0.01983	0.01983	0.01471	0.02111	0.01215	0.01599	0.01023	0.00576	0.00640	0.00192	0.00768	0.00576	0.00320	0.01023
5	0.00801	0.00625	0.00727	0.00766	0.00912	0.00551	0.00550	0.00975	0.01465	0.01879	0.18544	0.29262	0.37233	0.01703	0.00783	0.00230	0.00339	0.01482	0.00622	0.00551
6	0.01541	0.01476	0.02518	0.14981	0.62701	0.01520	0.01954	0.01932	0.01444	0.02040	0.01205	0.01618	0.00999	0.00586	0.00641	0.00195	0.00782	0.00575	0.00315	0.00977
7	0.00833	0.00600	0.00789	0.00862	0.00946	0.00556	0.00601	0.01017	0.01459	0.01995	0.28942	0.48823	0.06652	0.01758	0.00800	0.00240	0.00348	0.01581	0.00640	0.00556
8	0.01314	0.06393	0.71049	0.01811	0.02750	0.01544	0.02335	0.02042	0.01362	0.02025	0.01149	0.01351	0.00819	0.00611	0.00606	0.00202	0.00944	0.00472	0.00273	0.00950
9	0.01765	0.73630	0.03301	0.01136	0.01677	0.06474	0.01113	0.01970	0.01341	0.01523	0.00904	0.01043	0.00829	0.00559	0.00424	0.00140	0.00717	0.00349	0.00279	0.00825
10	0.00940	0.00626	0.00705	0.00705	0.00705	0.00626	0.00392	0.00940	0.00940	0.01253	0.02036	0.04228	0.02349	0.77292	0.03289	0.00626	0.00626	0.00940	0.00392	0.00392
11	0.01489	0.01423	0.02424	0.24797	0.53291	0.01506	0.01928	0.01887	0.01419	0.01977	0.01196	0.01635	0.00976	0.00596	0.00642	0.00199	0.00795	0.00575	0.00310	0.00935
12	0.00940	0.00626	0.00705	0.00705	0.00705	0.00626	0.00392	0.00940	0.00940	0.01253	0.02036	0.04228	0.02349	0.77292	0.03289	0.00626	0.00626	0.00940	0.00392	0.00392
13	0.02015	0.00936	0.01239	0.01016	0.01365	0.00843	0.00812	0.05009	0.01888	0.39899	0.33225	0.03320	0.03542	0.01026	0.00699	0.00201	0.00449	0.00873	0.00755	0.00886
14	0.00794	0.00588	0.00742	0.00847	0.00928	0.00536	0.00581	0.00932	0.01331	0.01748	0.10060	0.57787	0.16977	0.01893	0.00808	0.00249	0.00360	0.01693	0.00609	0.00536
15	0.01248	0.01177	0.01988	0.70502	0.09472	0.01443	0.01808	0.01675	0.01305	0.01684	0.01153	0.01714	0.00873	0.00641	0.00646	0.00214	0.00854	0.00574	0.00289	0.00740
16	0.01920	0.02200	0.02120	0.07688	0.25552	0.35206	0.01552	0.02173	0.01556	0.01757	0.01059	0.01382	0.00899	0.00700	0.00822	0.00195	0.11567	0.00501	0.00318	0.00831
17	0.01727	0.77681	0.03386	0.01106	0.01658	0.02557	0.01106	0.01935	0.01313	0.01520	0.00898	0.01036	0.00829	0.00553	0.00415	0.00138	0.00691	0.00345	0.00276	0.00829
18	0.01480	0.01528	0.14068	0.01130	0.01764	0.00982	0.01067	0.01844	0.01392	0.08875	0.01283	0.01425	0.00994	0.00533	0.00518	0.00125	0.00569	0.00425	0.00403	0.59596
19	0.00865	0.00681	0.00783	0.00754	0.00944	0.00611	0.00566	0.01151	0.03868	0.02194	0.39263	0.05410	0.37666	0.01456	0.00760	0.00211	0.00322	0.01247	0.00657	0.00592
20	0.01650	0.01631	0.02573	0.03823	0.68825	0.06090	0.01937	0.02020	0.01494	0.02078	0.01202	0.01572	0.01012	0.00581	0.00636	0.00190	0.00792	0.00566	0.00321	0.01006
21	0.00787	0.00562	0.00750	0.00900	0.00937	0.00525	0.00600	0.00900	0.01237	0.01649	0.03561	0.76871	0.04274	0.02024	0.00825	0.00262	0.00375	0.01837	0.00600	0.00525
22	0.64875	0.01246	0.01085	0.00928	0.01350	0.01384	0.00765	0.04870	0.01308	0.15344	0.01214	0.01271	0.00873	0.00642	0.00453	0.00200	0.00517	0.00412	0.00480	0.00786
23	0.01220	0.01148	0.01938	0.75739	0.04450	0.01436	0.01794	0.01651	0.01292	0.01651	0.01148	0.01723	0.00861	0.00646	0.00646	0.00215	0.00861	0.00574	0.00287	0.00718
24	0.02883	0.01125	0.01515	0.01161	0.01662	0.00987	0.00959	0.05531	0.01891	0.71268	0.02514	0.02177	0.01582	0.00799	0.00650	0.00200	0.00555	0.00647	0.00794	0.01100
25	0.01410	0.14224	0.60400	0.01718	0.02594	0.01678	0.02148	0.05053	0.01430	0.02057	0.01138	0.01324	0.00832	0.00612	0.00586	0.00194	0.00905	0.00463	0.00290	0.00943
26	0.01296	0.03342	0.73944	0.01842	0.02797	0.01501	0.02387	0.02046	0.01364	0.02046	0.01160	0.01364	0.00818	0.00614	0.00614	0.00205	0.00955	0.00477	0.00273	0.00955
27	0.00787	0.00562	0.00750	0.00900	0.00937	0.00525	0.00600	0.00900	0.01237	0.01649	0.03561	0.76871	0.04274	0.02024	0.00825	0.00262	0.00375	0.01837	0.00600	0.00525
28	0.00774	0.00652	0.00672	0.00686	0.00892	0.00551	0.00515	0.00939	0.01460	0.01746	0.06280	0.10090	0.66983	0.01662	0.00771	0.00223	0.00339	0.03617	0.00600	0.00546
29	0.02239	0.01205	0.01698	0.06175	0.14452	0.01166	0.01205	0.10391	0.01851	0.38245	0.06016	0.02600	0.01834	0.00867	0.00676	0.00208	0.00616	0.06923	0.00643	0.00990
30	0.01352	0.01122	0.01250	0.01206	0.01478	0.01252	0.00943	0.02588	0.46295	0.02372	0.03052	0.14706	0.05178	0.01239	0.00728	0.00240	0.00499	0.13011	0.00636	0.00854
31	0.02420	0.02887	0.01847	0.01638	0.01998	0.63673	0.01245	0.12974	0.02014	0.01959	0.01083	0.01224	0.00873	0.00682	0.00592	0.00171	0.01096	0.00441	0.00380	0.00802
32	0.01625	0.01509	0.02565	0.06368	0.68722	0.01514	0.01945	0.02007	0.01476	0.04250	0.01253	0.01622	0.01035	0.00585	0.00640	0.00193	0.00764	0.00578	0.00333	0.01015
33	0.00820	0.00604	0.00768	0.00838	0.00935	0.00552	0.00586	0.00995	0.01442	0.01933	0.23833	0.45569	0.15218	0.01764	0.00798	0.00239	0.00348	0.01574	0.00632	0.00552
34	0.00764	0.00655	0.00655	0.00655	0.00873	0.00545	0.00491	0.00927	0.01473	0.01745	0.06546	0.06218	0.73000	0.01636	0.00764	0.00218	0.00327	0.01364	0.00600	0.00545
35	0.01646	0.01288	0.01391	0.01239	0.01599	0.01442	0.00967	0.03165	0.58540	0.09159	0.05397	0.02725	0.06694	0.00935	0.00667	0.00217	0.00496	0.00780	0.00669	0.00984
36	0.01453	0.30465	0.48201	0.01573	0.02381	0.01886	0.01920	0.02006	0.01345	0.01854	0.01064	0.01245	0.00822	0.00592	0.00541	0.00180	0.00859	0.00429	0.00274	0.00909
37	0.02899	0.01100	0.01499	0.01150	0.01649	0.00950	0.00950	0.03149	0.01849	0.73709	0.02549	0.02199	0.01599	0.00800	0.00650	0.00200	0.00550	0.00650	0.00800	0.01100
38	0.01570	0.01550	0.02427	0.19122	0.54092	0.06135	0.01896	0.01950	0.01456	0.01979	0.01187	0.01598	0.00977	0.00596	0.00637	0.00195	0.00813	0.00565	0.00314	0.00941
39	0.01569	0.01505	0.02569	0.09609	0.67852	0.01527	0.01968	0.01957	0.01457	0.02075	0.01210	0.01609	0.01011	0.00581	0.00640	0.00194	0.00775	0.00576	0.00317	0.00999
40	0.01413	0.01564	0.03348	0.02447	0.03007	0.01466	0.60250	0.01892	0.01481	0.02006	0.01649	0.13138	0.01480	0.00769	0.00772	0.00225	0.00981	0.00925	0.00368	0.00819
41	0.00940	0.00626	0.00705	0.00705	0.00705	0.00626	0.00392	0.00940	0.00940	0.01253	0.02036	0.04228	0.02349	0.77292	0.03289	0.00626	0.00626	0.00940	0.00392	0.00392
42	0.02210	0.16571	0.02198	0.01780	0.08905	0.51317	0.01293	0.05215	0.01750	0.01724	0.01024	0.01200	0.00861	0.00641	0.00560	0.00165	0.01021	0.00426	0.00334	0.00805
43	0.12468	0.02722	0.35415	0.01606	0.02272	0.17192	0.01704	0.15036	0.01741	0.02439	0.01164	0.01315	0.00858	0.00653	0.00585	0.00194	0.00894	0.00467	0.00372	0.00904
44	0.02039	0.01713	0.01669	0.01405	0.01820	0.10018	0.01114	0.29624	0.33266	0.04934	0.02050	0.04133	0.01561	0.00845	0.00649	0.00204	0.00660	0.00667	0.00618	0.01009
45	0.01557	0.48320	0.31254	0.01396	0.02108	0.02140	0.01612	0.01979	0.01333	0.01728	0.01001	0.01166	0.00825	0.00577	0.00493	0.00164	0.00795	0.00398	0.00275	0.00879
46	0.31267	0.02069	0.01543	0.01357	0.01734	0.32477	0.03798	0.08154	0.03881	0.02350	0.01206	0.01551	0.01006	0.00714	0.00548	0.00192	0.00829	0.04150	0.00409	0.00766
47	0.01751	0.01860	0.02952	0.02930	0.28572	0.11867	0.30470	0.07589	0.01668	0.02175	0.01250	0.01594	0.00985	0.00591	0.00683	0.00199	0.00953	0.00631	0.00350	0.00928

[dist]
# distance from previous block
# <min> <max>
0	1

[block]
# block no. 2 follows, 34 sequences, length 10
# corresponding to MSA columns:
# 113-122
name=unknown_C
#
# <colnr> <probs for GDERKNQSTAVLIFYWHMCP>
#	G	D	E	R	K	N	Q	S	T	A	V	L	I	F	Y	W	H	M	C	P
0	0.01978	0.01514	0.01573	0.01290	0.01691	0.05850	0.01046	0.40817	0.06511	0.05964	0.10078	0.02832	0.09881	0.00993	0.00684	0.00204	0.00626	0.04908	0.00633	0.00928
1	0.01189	0.00775	0.00986	0.00995	0.01152	0.00755	0.00737	0.08839	0.01606	0.08113	0.14994	0.44308	0.03966	0.01646	0.00786	0.00243	0.00433	0.07184	0.00640	0.00656
2	0.01591	0.01558	0.02755	0.03827	0.65463	0.01546	0.09675	0.01993	0.01477	0.02106	0.01226	0.01615	0.01019	0.00572	0.00653	0.00195	0.00804	0.00597	0.00321	0.01007
3	0.01283	0.01196	0.01924	0.63653	0.07950	0.01460	0.01721	0.01864	0.09027	0.01791	0.01314	0.01791	0.00992	0.00667	0.00647	0.00214	0.00818	0.00591	0.00329	0.00768
4	0.01391	0.01042	0.01080	0.01004	0.01183	0.09041	0.00734	0.01696	0.07393	0.10340	0.15329	0.03495	0.02716	0.25603	0.11877	0.00454	0.00761	0.03699	0.00518	0.00645
5	0.01514	0.01496	0.02174	0.33092	0.32724	0.07792	0.01761	0.02021	0.07426	0.01926	0.01289	0.01682	0.01021	0.00638	0.00639	0.00202	0.00819	0.00575	0.00336	0.00874
6	0.14695	0.23511	0.12028	0.01542	0.05561	0.12523	0.07189	0.02235	0.04722	0.08619	0.01232	0.01361	0.00954	0.00623	0.00538	0.00180	0.00782	0.00467	0.00377	0.00861
7	0.16643	0.12810	0.17979	0.01477	0.04405	0.09797	0.05735	0.01851	0.01375	0.02025	0.01603	0.10397	0.01547	0.00899	0.00608	0.00208	0.00749	0.08736	0.00384	0.00772
8	0.16021	0.21009	0.28637	0.01357	0.01993	0.05497	0.01476	0.02092	0.01376	0.09846	0.01293	0.04486	0.01031	0.00679	0.00537	0.00187	0.00751	0.00495	0.00371	0.00865
9	0.19429	0.20967	0.24561	0.01335	0.01926	0.07474	0.01399	0.02147	0.09034	0.02118	0.01210	0.01395	0.00966	0.02852	0.00597	0.00198	0.00747	0.00453	0.00352	0.00842

[dist]
# distance from previous block
# <min> <max>
0	1

[block]
# block no. 3 follows, 34 sequences, length 7
# corresponding to MSA columns:
# 124-130
name=unknown_D
#
# <colnr> <probs for GDERKNQSTAVLIFYWHMCP>
#	G	D	E	R	K	N	Q	S	T	A	V	L	I	F	Y	W	H	M	C	P
0	0.09478	0.20306	0.25082	0.01681	0.10485	0.06326	0.01529	0.01873	0.01331	0.01906	0.01314	0.08637	0.01213	0.02950	0.00693	0.00205	0.03243	0.00588	0.00331	0.00829
1	0.03820	0.23644	0.23357	0.04132	0.02042	0.01802	0.01482	0.10079	0.01494	0.02050	0.01534	0.06172	0.05101	0.00821	0.00757	0.00198	0.09717	0.00595	0.00362	0.00842
2	0.01418	0.27113	0.26414	0.01340	0.01937	0.01731	0.01443	0.02089	0.13768	0.01928	0.01924	0.02009	0.08600	0.00971	0.04496	0.00231	0.00765	0.00582	0.00380	0.00863
3	0.06419	0.14069	0.13381	0.05589	0.02072	0.01602	0.08616	0.14709	0.01681	0.02327	0.05191	0.04529	0.08330	0.00882	0.00710	0.00205	0.04591	0.03837	0.00435	0.00826
4	0.06930	0.21951	0.18828	0.03831	0.02021	0.16665	0.01372	0.02155	0.01494	0.09087	0.04146	0.01455	0.01123	0.00648	0.00544	0.00172	0.00799	0.00465	0.00373	0.05941
5	0.08546	0.19908	0.34999	0.01434	0.02129	0.01660	0.01623	0.01990	0.01332	0.05738	0.01132	0.01304	0.00870	0.00619	0.00612	0.00180	0.04643	0.00438	0.00326	0.10517
6	0.05539	0.37557	0.28952	0.01369	0.02056	0.01923	0.01538	0.02119	0.01386	0.10428	0.01192	0.01297	0.00911	0.00607	0.00515	0.00173	0.00762	0.00431	0.00344	0.00902

[dist]
# distance from previous block
# <min> <max>
28	90

# created by:
# /home/berkeley/.conda/envs/busco_data_prod/bin/msa2prfl.pl pipeline/OGs_align_augustus/4893/7146.fs
