[name]
unknown

[dist]
# distance from previous block
# <min> <max>
36	151

[block]
# block no. 0 follows, 31 sequences, length 8
# corresponding to MSA columns:
# 207-214
name=unknown_A
#
# <colnr> <probs for GDERKNQSTAVLIFYWHMCP>
#	G	D	E	R	K	N	Q	S	T	A	V	L	I	F	Y	W	H	M	C	P
0	0.01823	0.11788	0.07554	0.07567	0.06863	0.07218	0.03591	0.03458	0.04050	0.16513	0.08346	0.02718	0.09267	0.05311	0.00836	0.00231	0.00712	0.00750	0.00523	0.00880
1	0.01685	0.01487	0.01737	0.06048	0.01960	0.09203	0.04847	0.18281	0.01804	0.02383	0.01653	0.02395	0.01464	0.04643	0.20520	0.00470	0.07115	0.05252	0.00455	0.06597
2	0.01195	0.00866	0.01219	0.01255	0.06087	0.00841	0.04477	0.01371	0.01400	0.07517	0.07403	0.23461	0.14861	0.18213	0.01476	0.00341	0.04002	0.02809	0.00558	0.00650
3	0.01693	0.01952	0.12494	0.26314	0.19553	0.08506	0.01883	0.10225	0.01682	0.02223	0.01249	0.01636	0.00973	0.00716	0.00780	0.00218	0.06040	0.00578	0.00361	0.00925
4	0.07041	0.01491	0.05263	0.05096	0.30133	0.01428	0.08448	0.07800	0.03210	0.02455	0.08871	0.08290	0.05711	0.00903	0.00709	0.00218	0.00721	0.00830	0.00462	0.00921
5	0.01632	0.06273	0.07779	0.01310	0.04473	0.01295	0.01104	0.12155	0.01700	0.02504	0.01268	0.01445	0.01018	0.00576	0.00548	0.00134	0.00613	0.00451	0.00428	0.53292
6	0.01774	0.17488	0.26440	0.01611	0.04664	0.12245	0.01613	0.06117	0.01649	0.05850	0.01688	0.01803	0.06358	0.00736	0.00608	0.00187	0.00850	0.00552	0.00390	0.07375
7	0.01516	0.04023	0.01664	0.08790	0.11266	0.08030	0.01124	0.03458	0.01581	0.04369	0.07549	0.10206	0.05629	0.00897	0.00646	0.00178	0.00639	0.00762	0.00464	0.27209

[dist]
# distance from previous block
# <min> <max>
36	72

[block]
# block no. 1 follows, 31 sequences, length 11
# corresponding to MSA columns:
# 310-320
name=unknown_B
#
# <colnr> <probs for GDERKNQSTAVLIFYWHMCP>
#	G	D	E	R	K	N	Q	S	T	A	V	L	I	F	Y	W	H	M	C	P
0	0.01820	0.10211	0.02040	0.03579	0.14491	0.15875	0.01296	0.06764	0.05540	0.05225	0.07614	0.02094	0.03447	0.01195	0.07093	0.00275	0.05515	0.00637	0.00448	0.04837
1	0.01423	0.14292	0.01649	0.01112	0.01437	0.08174	0.02524	0.05816	0.01629	0.02106	0.14719	0.14924	0.07361	0.07675	0.00919	0.00234	0.00599	0.00951	0.00514	0.11942
2	0.01116	0.01004	0.03949	0.01385	0.08435	0.00889	0.03952	0.01381	0.01543	0.03865	0.12538	0.17383	0.25214	0.01486	0.00868	0.00240	0.04032	0.07010	0.00576	0.03135
3	0.01587	0.01170	0.01683	0.05524	0.13310	0.01190	0.03921	0.08458	0.01671	0.11326	0.05830	0.20018	0.07447	0.01287	0.02415	0.00248	0.06062	0.01031	0.00552	0.05270
4	0.01051	0.01116	0.09472	0.01245	0.01490	0.00874	0.04796	0.01462	0.07437	0.01962	0.03370	0.44400	0.06501	0.01723	0.00835	0.00267	0.00552	0.10177	0.00583	0.00686
5	0.01684	0.01662	0.11273	0.01509	0.03950	0.03651	0.09472	0.11888	0.01763	0.06158	0.04415	0.02005	0.01442	0.04449	0.00764	0.00199	0.00703	0.00614	0.10632	0.21767
6	0.01831	0.25896	0.10078	0.01740	0.06797	0.11270	0.08400	0.10683	0.01721	0.02161	0.01372	0.06081	0.01210	0.00904	0.03345	0.00220	0.00889	0.00599	0.00388	0.04415
7	0.17711	0.21018	0.09549	0.01463	0.06464	0.01837	0.01253	0.06434	0.09507	0.05544	0.07489	0.01807	0.01546	0.00775	0.00664	0.00202	0.04809	0.00564	0.00458	0.00905
8	0.02022	0.01676	0.07102	0.01382	0.01859	0.09948	0.03908	0.09674	0.06488	0.19381	0.05986	0.02511	0.09392	0.00906	0.00752	0.00201	0.04208	0.00719	0.00584	0.11302
9	0.01744	0.08907	0.05450	0.01571	0.08682	0.19319	0.01162	0.05380	0.03672	0.04331	0.10518	0.05218	0.07079	0.04470	0.00787	0.00210	0.00752	0.00731	0.00474	0.09544
10	0.01012	0.00855	0.00925	0.00964	0.01116	0.05488	0.00681	0.01183	0.01470	0.01913	0.11580	0.45795	0.14055	0.01757	0.00807	0.00241	0.00447	0.01554	0.00610	0.07547

[dist]
# distance from previous block
# <min> <max>
3	10

[block]
# block no. 2 follows, 31 sequences, length 15
# corresponding to MSA columns:
# 331-345
name=unknown_C
#
# <colnr> <probs for GDERKNQSTAVLIFYWHMCP>
#	G	D	E	R	K	N	Q	S	T	A	V	L	I	F	Y	W	H	M	C	P
0	0.01482	0.04698	0.21248	0.04714	0.12209	0.05973	0.01577	0.04500	0.10749	0.02179	0.05461	0.02343	0.04437	0.05388	0.09767	0.00345	0.00930	0.00686	0.00424	0.00890
1	0.04183	0.08162	0.04048	0.01138	0.01477	0.04144	0.03082	0.01684	0.04532	0.03315	0.04115	0.17883	0.04160	0.03845	0.05504	0.00269	0.03331	0.00891	0.06945	0.17291
2	0.01623	0.18089	0.06353	0.03406	0.03939	0.03868	0.03115	0.04397	0.03971	0.04835	0.02877	0.07263	0.01414	0.00782	0.00699	0.00174	0.05862	0.00608	0.00420	0.26305
3	0.04769	0.03795	0.04272	0.12521	0.04383	0.01535	0.01261	0.08088	0.12828	0.02297	0.01639	0.06336	0.01427	0.04033	0.01019	0.00232	0.12816	0.00673	0.00451	0.15625
4	0.24823	0.05876	0.04505	0.01320	0.01757	0.19487	0.01096	0.16444	0.06309	0.02808	0.01375	0.01497	0.01061	0.00724	0.00559	0.00195	0.00763	0.00496	0.08034	0.00873
5	0.00998	0.00716	0.00898	0.00876	0.00982	0.00711	0.00610	0.01154	0.01293	0.01783	0.17054	0.04374	0.07122	0.34446	0.17205	0.00596	0.00811	0.03996	0.00498	0.03876
6	0.01938	0.57248	0.03165	0.05921	0.02014	0.16479	0.01247	0.02164	0.01496	0.01631	0.00989	0.01170	0.00881	0.00615	0.00489	0.00157	0.00842	0.00396	0.00305	0.00854
7	0.03722	0.01043	0.07697	0.00946	0.01209	0.00872	0.00813	0.05723	0.01511	0.02296	0.07577	0.07291	0.12242	0.05987	0.11580	0.00359	0.00672	0.00881	0.26898	0.00680
8	0.18899	0.01496	0.01729	0.01351	0.01833	0.08116	0.09597	0.03945	0.01568	0.08835	0.07402	0.01803	0.01480	0.00708	0.00656	0.00180	0.03688	0.00564	0.00471	0.25679
9	0.01527	0.01411	0.01468	0.01085	0.01668	0.07809	0.00859	0.01819	0.01468	0.02176	0.01201	0.01401	0.01001	0.00526	0.00517	0.00108	0.00576	0.00409	0.00400	0.72569
10	0.00983	0.00930	0.07611	0.00936	0.01069	0.00725	0.00717	0.01119	0.01191	0.01591	0.02917	0.22093	0.08240	0.40674	0.02219	0.00473	0.00604	0.04890	0.00486	0.00531
11	0.01099	0.00849	0.01209	0.09437	0.09048	0.00916	0.00883	0.01261	0.01126	0.01543	0.01869	0.03394	0.01948	0.40194	0.21719	0.00682	0.01023	0.00839	0.00381	0.00579
12	0.03813	0.06317	0.09450	0.23021	0.07255	0.03927	0.01575	0.01854	0.01378	0.04464	0.04171	0.01956	0.03558	0.00870	0.01035	0.00231	0.18920	0.00625	0.04770	0.00810
13	0.01847	0.04654	0.13011	0.01326	0.01792	0.05664	0.01214	0.18113	0.04925	0.11337	0.12520	0.08459	0.04535	0.01007	0.00689	0.00210	0.00655	0.00823	0.06303	0.00918
14	0.01298	0.04895	0.05463	0.01341	0.03365	0.01140	0.05425	0.01566	0.01237	0.06180	0.01754	0.02550	0.01592	0.12122	0.35468	0.00689	0.07262	0.00716	0.05234	0.00703

[dist]
# distance from previous block
# <min> <max>
3	5

[block]
# block no. 3 follows, 31 sequences, length 7
# corresponding to MSA columns:
# 351-357
name=unknown_D
#
# <colnr> <probs for GDERKNQSTAVLIFYWHMCP>
#	G	D	E	R	K	N	Q	S	T	A	V	L	I	F	Y	W	H	M	C	P
0	0.01757	0.01904	0.08383	0.12475	0.04155	0.15234	0.01384	0.11976	0.08058	0.02316	0.01771	0.02004	0.05209	0.01090	0.05409	0.00261	0.05498	0.00621	0.02457	0.08040
1	0.01354	0.01622	0.15301	0.30382	0.03139	0.01355	0.06404	0.01954	0.07926	0.04657	0.02184	0.08998	0.07760	0.00922	0.00711	0.00227	0.00791	0.00813	0.00425	0.03075
2	0.01336	0.19143	0.01629	0.01075	0.01305	0.10783	0.00834	0.01486	0.01368	0.01637	0.02579	0.25005	0.08122	0.12491	0.07905	0.00362	0.00758	0.01074	0.00458	0.00651
3	0.03809	0.26937	0.23566	0.01423	0.02026	0.06267	0.01488	0.02187	0.07793	0.05023	0.04900	0.08578	0.01625	0.00841	0.00606	0.00198	0.00767	0.00654	0.00414	0.00899
4	0.01535	0.08719	0.16158	0.04909	0.07069	0.04458	0.12618	0.02161	0.09919	0.03527	0.03161	0.08101	0.03046	0.00817	0.00672	0.00203	0.00791	0.00731	0.00427	0.10976
5	0.04893	0.35870	0.14812	0.01239	0.01775	0.01876	0.01252	0.06564	0.01530	0.02008	0.02149	0.11631	0.09974	0.00960	0.00595	0.00193	0.00683	0.00747	0.00412	0.00837
6	0.12403	0.38506	0.02694	0.10377	0.06942	0.15402	0.01294	0.02137	0.01471	0.01876	0.01026	0.01254	0.00879	0.00628	0.00516	0.00174	0.00825	0.00427	0.00326	0.00844

[dist]
# distance from previous block
# <min> <max>
0	3

[block]
# block no. 4 follows, 31 sequences, length 11
# corresponding to MSA columns:
# 361-371
name=unknown_E
#
# <colnr> <probs for GDERKNQSTAVLIFYWHMCP>
#	G	D	E	R	K	N	Q	S	T	A	V	L	I	F	Y	W	H	M	C	P
0	0.01174	0.00888	0.01173	0.01407	0.13179	0.00807	0.00885	0.01409	0.01597	0.07647	0.09734	0.11603	0.38950	0.01491	0.00790	0.00233	0.00466	0.05240	0.00609	0.00718
1	0.00962	0.00660	0.00781	0.00819	0.00962	0.00609	0.00599	0.01192	0.01557	0.02188	0.20549	0.24561	0.20089	0.01582	0.00765	0.00229	0.00361	0.04182	0.16752	0.00602
2	0.01640	0.01906	0.09660	0.01621	0.05448	0.17394	0.05759	0.06825	0.05023	0.02110	0.02083	0.15945	0.04996	0.04284	0.00866	0.00229	0.03148	0.00867	0.00459	0.09740
3	0.02009	0.01391	0.02220	0.10021	0.10674	0.03746	0.16313	0.05311	0.01726	0.23798	0.02070	0.10270	0.01660	0.00878	0.00721	0.00220	0.00769	0.00824	0.04429	0.00949
4	0.01163	0.00800	0.00974	0.00993	0.01187	0.00757	0.00781	0.04839	0.01605	0.06521	0.06870	0.15433	0.24933	0.08437	0.01087	0.00299	0.00504	0.21535	0.00634	0.00647
5	0.00866	0.00671	0.00795	0.00852	0.01005	0.00599	0.00628	0.01056	0.01535	0.01963	0.14899	0.28707	0.34362	0.01831	0.00842	0.00251	0.00385	0.07516	0.00652	0.00585
6	0.05348	0.08023	0.17268	0.01756	0.02325	0.11148	0.13880	0.08913	0.08580	0.02310	0.01645	0.01882	0.03347	0.01235	0.09057	0.00311	0.01024	0.00629	0.00414	0.00906
7	0.05990	0.27239	0.05036	0.01618	0.07486	0.18436	0.04359	0.07005	0.01655	0.02085	0.01249	0.01479	0.01040	0.00859	0.03770	0.00215	0.00883	0.00490	0.08247	0.00860
8	0.01482	0.15804	0.44981	0.01794	0.02602	0.01761	0.08105	0.02209	0.06988	0.02086	0.01364	0.01658	0.01062	0.04340	0.00770	0.00229	0.00920	0.00554	0.00334	0.00956
9	0.01125	0.00837	0.01185	0.03469	0.01403	0.00775	0.06233	0.01330	0.01426	0.06069	0.03766	0.25899	0.18311	0.11609	0.01176	0.00305	0.00544	0.09199	0.00572	0.04768
10	0.05678	0.13604	0.02065	0.04858	0.09610	0.23584	0.01255	0.07990	0.03416	0.07496	0.01542	0.02120	0.01344	0.07580	0.00882	0.00237	0.00866	0.04575	0.00440	0.00858

[dist]
# distance from previous block
# <min> <max>
0	4

[block]
# block no. 5 follows, 31 sequences, length 16
# corresponding to MSA columns:
# 376-391
name=unknown_F
#
# <colnr> <probs for GDERKNQSTAVLIFYWHMCP>
#	G	D	E	R	K	N	Q	S	T	A	V	L	I	F	Y	W	H	M	C	P
0	0.19599	0.11593	0.05821	0.09587	0.15881	0.17254	0.01437	0.04329	0.01544	0.02225	0.01129	0.01397	0.00918	0.00667	0.00609	0.00197	0.02559	0.00483	0.01904	0.00865
1	0.01690	0.07135	0.09254	0.08770	0.20543	0.10861	0.10364	0.03621	0.06819	0.02132	0.01507	0.05061	0.01265	0.00753	0.00716	0.00209	0.03150	0.00661	0.04570	0.00919
2	0.01426	0.01546	0.08896	0.06448	0.06111	0.06019	0.07683	0.05936	0.01480	0.02018	0.01815	0.08683	0.03840	0.08683	0.10413	0.00367	0.05948	0.00777	0.00408	0.11502
3	0.01326	0.06078	0.01429	0.01013	0.01511	0.00969	0.00827	0.01605	0.01444	0.02111	0.02157	0.05225	0.09042	0.00846	0.00593	0.00147	0.00513	0.07523	0.00454	0.55183
4	0.03876	0.00959	0.01277	0.10269	0.04656	0.00958	0.00968	0.03565	0.03751	0.07050	0.23680	0.08647	0.09115	0.01460	0.05550	0.00276	0.00602	0.05000	0.00590	0.07750
5	0.00994	0.00668	0.00770	0.00770	0.00779	0.00676	0.00445	0.01010	0.01002	0.01344	0.02134	0.04355	0.02434	0.71137	0.08230	0.00693	0.00743	0.00977	0.00411	0.00428
6	0.01810	0.03469	0.16434	0.04155	0.06278	0.06151	0.11819	0.06378	0.01661	0.11931	0.01501	0.01715	0.01122	0.00915	0.04982	0.00242	0.00896	0.00578	0.00436	0.17527
7	0.01489	0.01482	0.05511	0.32083	0.36899	0.01516	0.01931	0.01928	0.01468	0.02057	0.01318	0.01791	0.01049	0.00654	0.00666	0.00211	0.00829	0.00606	0.05590	0.00920
8	0.01475	0.03340	0.60941	0.02084	0.05588	0.06113	0.06681	0.02201	0.01491	0.02140	0.01229	0.01466	0.00887	0.00647	0.00659	0.00214	0.01027	0.00525	0.00298	0.00995
9	0.00862	0.00613	0.00812	0.00961	0.01006	0.00578	0.00653	0.00987	0.01308	0.01741	0.03660	0.66508	0.04359	0.06711	0.01040	0.00304	0.00429	0.06296	0.00621	0.00552
10	0.01387	0.03433	0.68132	0.02008	0.02999	0.01598	0.06701	0.02168	0.01455	0.02168	0.01238	0.01470	0.00877	0.00645	0.00660	0.00218	0.01020	0.00524	0.00292	0.01006
11	0.00932	0.00665	0.00893	0.00949	0.01008	0.00696	0.00654	0.01064	0.01144	0.01570	0.02602	0.28670	0.02914	0.23997	0.28311	0.00689	0.01002	0.01231	0.00474	0.00536
12	0.01513	0.01670	0.04985	0.14157	0.11656	0.07798	0.27468	0.01940	0.01561	0.02049	0.06204	0.10219	0.01750	0.00860	0.00798	0.00228	0.03047	0.00858	0.00395	0.00843
13	0.01484	0.07725	0.56782	0.05755	0.02969	0.01640	0.06883	0.02188	0.01470	0.05064	0.01283	0.01507	0.00916	0.00651	0.00651	0.00214	0.00980	0.00531	0.00317	0.00990
14	0.01190	0.01034	0.01627	0.10582	0.25849	0.01043	0.01283	0.01461	0.01448	0.01973	0.06339	0.34314	0.06329	0.01384	0.00777	0.00241	0.00594	0.01266	0.00500	0.00768
15	0.01895	0.01774	0.10674	0.05192	0.25191	0.01531	0.14811	0.09273	0.01776	0.13755	0.01782	0.02000	0.03731	0.00825	0.02515	0.00236	0.00870	0.00683	0.00463	0.01024

[dist]
# distance from previous block
# <min> <max>
5	7

[block]
# block no. 6 follows, 31 sequences, length 45
# corresponding to MSA columns:
# 399-443
name=unknown_G
#
# <colnr> <probs for GDERKNQSTAVLIFYWHMCP>
#	G	D	E	R	K	N	Q	S	T	A	V	L	I	F	Y	W	H	M	C	P
0	0.01768	0.64312	0.07200	0.01281	0.01826	0.02580	0.01280	0.02012	0.01356	0.01644	0.00961	0.01159	0.00880	0.00655	0.00645	0.00167	0.08711	0.00399	0.00293	0.00871
1	0.01070	0.00855	0.01302	0.07823	0.08600	0.00951	0.01027	0.01317	0.01206	0.01675	0.02206	0.02875	0.08577	0.03810	0.48889	0.04566	0.01440	0.00775	0.00382	0.00654
2	0.01149	0.00797	0.00926	0.00855	0.01092	0.00709	0.00636	0.03555	0.01641	0.06846	0.20080	0.12723	0.27068	0.06825	0.00953	0.00247	0.00411	0.01210	0.04571	0.07706
3	0.00874	0.00622	0.00827	0.00977	0.01028	0.00589	0.00678	0.01009	0.01324	0.01759	0.03665	0.63698	0.04345	0.06163	0.01025	0.00303	0.00439	0.09499	0.00622	0.00557
4	0.01009	0.00775	0.01142	0.01124	0.01234	0.00920	0.00873	0.01236	0.01092	0.01579	0.01792	0.02700	0.01698	0.08189	0.65787	0.01032	0.06105	0.00737	0.00365	0.00610
5	0.01076	0.00841	0.01239	0.01362	0.07968	0.00946	0.00940	0.01317	0.01177	0.01700	0.02058	0.02853	0.05486	0.08327	0.51412	0.00858	0.04706	0.00765	0.04321	0.00650
6	0.01061	0.00708	0.00865	0.00909	0.01032	0.00672	0.00637	0.01297	0.04660	0.05838	0.09560	0.36772	0.12990	0.12459	0.01199	0.00311	0.00442	0.03419	0.04557	0.00611
7	0.00964	0.00643	0.00754	0.00799	0.00818	0.00632	0.00480	0.01013	0.01105	0.01505	0.02612	0.24298	0.03022	0.51528	0.02601	0.00530	0.00571	0.01244	0.04416	0.00465
8	0.66109	0.01495	0.01197	0.01035	0.01473	0.04873	0.00847	0.11636	0.01492	0.03183	0.01056	0.01193	0.00807	0.00665	0.00469	0.00209	0.00593	0.00409	0.00457	0.00803
9	0.01014	0.00847	0.01065	0.06732	0.06993	0.00808	0.00812	0.03533	0.01610	0.02055	0.14622	0.08669	0.40762	0.03967	0.03254	0.00270	0.00500	0.01241	0.00589	0.00657
10	0.01829	0.76368	0.03585	0.01171	0.01756	0.02707	0.01171	0.02049	0.01390	0.01610	0.00951	0.01097	0.00878	0.00585	0.00439	0.00146	0.00732	0.00366	0.00293	0.00878
11	0.01496	0.01372	0.02202	0.43023	0.22985	0.01581	0.01839	0.06331	0.03783	0.02081	0.01332	0.01826	0.01046	0.00868	0.03588	0.00256	0.02537	0.00619	0.00354	0.00881
12	0.01543	0.04400	0.01435	0.04119	0.01638	0.05604	0.00985	0.08281	0.27790	0.02440	0.02567	0.15664	0.02365	0.05354	0.02517	0.00273	0.00622	0.04781	0.06770	0.00849
13	0.69906	0.01385	0.01365	0.01232	0.04726	0.01557	0.07107	0.02032	0.01224	0.02951	0.01008	0.01205	0.00784	0.00629	0.00470	0.00213	0.00600	0.00422	0.00412	0.00773
14	0.00979	0.00688	0.00893	0.00902	0.00954	0.00736	0.00607	0.01085	0.01055	0.01457	0.02114	0.07733	0.02285	0.42925	0.31792	0.00820	0.01125	0.00941	0.00407	0.00503
15	0.00994	0.00666	0.00762	0.00762	0.00768	0.00672	0.00435	0.01005	0.01000	0.01339	0.02141	0.04395	0.02452	0.72703	0.06687	0.00683	0.00717	0.00983	0.00412	0.00424
16	0.01683	0.02029	0.17790	0.09935	0.17069	0.01685	0.14638	0.08448	0.09679	0.04469	0.01515	0.01786	0.01144	0.00711	0.00774	0.00222	0.04368	0.00646	0.00412	0.00998
17	0.00833	0.00599	0.00790	0.00943	0.00990	0.00556	0.00631	0.00954	0.01319	0.01750	0.03884	0.73048	0.06914	0.02129	0.00871	0.00276	0.00395	0.01927	0.00635	0.00556
18	0.01481	0.01693	0.12693	0.07108	0.37432	0.01423	0.04122	0.04659	0.01541	0.02173	0.01750	0.14758	0.01673	0.01053	0.03190	0.00251	0.00818	0.00841	0.00397	0.00942
19	0.01835	0.17725	0.14573	0.10554	0.06766	0.04213	0.12563	0.07415	0.01680	0.10649	0.01652	0.01838	0.04135	0.00713	0.00650	0.00202	0.00858	0.00613	0.00420	0.00947
20	0.01357	0.03075	0.58903	0.01982	0.05641	0.01492	0.05454	0.02037	0.01425	0.02103	0.01387	0.05900	0.01115	0.00809	0.00761	0.03726	0.00955	0.00613	0.00315	0.00952
21	0.01298	0.01187	0.01963	0.51001	0.14500	0.01397	0.01708	0.01685	0.01350	0.01779	0.01424	0.04503	0.01235	0.07615	0.04356	0.00305	0.00901	0.00692	0.00333	0.00766
22	0.01857	0.32235	0.12606	0.04762	0.02273	0.13337	0.06719	0.05440	0.10754	0.02038	0.01327	0.01476	0.01065	0.00673	0.00581	0.00185	0.00866	0.00508	0.00378	0.00922
23	0.01531	0.01409	0.11538	0.04935	0.08404	0.01155	0.04062	0.09504	0.01539	0.07883	0.01908	0.11486	0.01795	0.07376	0.05284	0.15096	0.00779	0.03094	0.00460	0.00762
24	0.00991	0.00679	0.00827	0.00827	0.00855	0.00707	0.00515	0.01047	0.01019	0.01386	0.02082	0.04067	0.02309	0.59738	0.19458	0.00763	0.00931	0.00935	0.00404	0.00459
25	0.01328	0.01374	0.06344	0.11560	0.02503	0.01342	0.19934	0.04898	0.03312	0.02027	0.04067	0.04979	0.03781	0.02177	0.23308	0.00502	0.04586	0.00795	0.00399	0.00784
26	0.01887	0.06934	0.08644	0.04536	0.05918	0.24595	0.01346	0.05949	0.07426	0.05501	0.01761	0.12212	0.01610	0.01149	0.04073	0.00252	0.04159	0.00744	0.00450	0.00853
27	0.01704	0.01470	0.01695	0.11697	0.02074	0.07423	0.01215	0.20842	0.01794	0.02374	0.01591	0.05606	0.01463	0.11782	0.10281	0.00400	0.14608	0.00726	0.00454	0.00800
28	0.01391	0.01189	0.01316	0.01052	0.01514	0.02845	0.00820	0.04843	0.08468	0.02302	0.04756	0.10034	0.08787	0.00897	0.00617	0.00157	0.00506	0.00750	0.00506	0.47249
29	0.01350	0.00855	0.01067	0.00997	0.01153	0.00877	0.00745	0.12395	0.01505	0.02026	0.05246	0.03213	0.11427	0.01997	0.05315	0.37977	0.00623	0.05397	0.05279	0.00554
30	0.05758	0.04346	0.06781	0.01663	0.09723	0.08623	0.03541	0.13278	0.04992	0.11933	0.05196	0.06156	0.08564	0.05397	0.00851	0.00238	0.00715	0.00788	0.00547	0.00910
31	0.02012	0.01415	0.04926	0.11664	0.02209	0.01410	0.01263	0.16786	0.06759	0.19789	0.02140	0.09316	0.01758	0.01001	0.00815	0.00226	0.05841	0.04399	0.00602	0.05667
32	0.01009	0.00767	0.01095	0.01060	0.01144	0.00828	0.03690	0.01155	0.01122	0.01556	0.02239	0.16605	0.02431	0.28776	0.29334	0.00723	0.04442	0.01044	0.00429	0.00553
33	0.01518	0.18669	0.01900	0.01358	0.05719	0.01648	0.01037	0.02523	0.32779	0.02343	0.08457	0.07110	0.10136	0.01031	0.00668	0.00212	0.00553	0.00852	0.00575	0.00911
34	0.05896	0.01850	0.07389	0.03680	0.02516	0.04846	0.22900	0.22501	0.03757	0.06081	0.01561	0.01780	0.01151	0.00729	0.00744	0.00214	0.03521	0.00658	0.07258	0.00967
35	0.01658	0.14527	0.11473	0.04969	0.02098	0.01528	0.04960	0.11192	0.01716	0.04758	0.03903	0.01883	0.05139	0.00705	0.00597	0.00167	0.00690	0.00568	0.00440	0.27028
36	0.03414	0.01195	0.05593	0.07799	0.01705	0.03331	0.00993	0.06554	0.10693	0.02151	0.02824	0.33622	0.05646	0.05509	0.00903	0.00262	0.00576	0.01227	0.00555	0.05448
37	0.06335	0.14134	0.08225	0.13165	0.05050	0.06682	0.01369	0.09376	0.01670	0.12149	0.01574	0.04929	0.01266	0.01048	0.04988	0.00258	0.03474	0.00612	0.02803	0.00895
38	0.01318	0.08954	0.07477	0.01296	0.01599	0.03695	0.05770	0.05530	0.03660	0.01905	0.05215	0.06518	0.01906	0.10268	0.27495	0.04343	0.01145	0.00778	0.00416	0.00711
39	0.04323	0.05267	0.12232	0.03600	0.12667	0.04373	0.01319	0.03439	0.01480	0.06131	0.02130	0.09886	0.05090	0.07930	0.05772	0.00313	0.00789	0.05973	0.00450	0.06837
40	0.01898	0.26455	0.09732	0.01351	0.01848	0.10014	0.01243	0.11969	0.05619	0.07139	0.01777	0.05909	0.04232	0.01086	0.04093	0.02845	0.00813	0.00630	0.00455	0.00894
41	0.06182	0.28504	0.06752	0.01599	0.06568	0.06094	0.06782	0.06858	0.06465	0.06305	0.04436	0.01678	0.01325	0.00822	0.02733	0.00209	0.00789	0.00547	0.00426	0.04925
42	0.11607	0.09470	0.16710	0.05534	0.04541	0.05743	0.01378	0.04492	0.07743	0.09281	0.05554	0.08410	0.01732	0.01056	0.03658	0.00249	0.00771	0.00703	0.00478	0.00889
43	0.06744	0.09842	0.17559	0.01445	0.01967	0.06760	0.01379	0.19950	0.05142	0.02652	0.04735	0.04457	0.01533	0.07786	0.00952	0.00248	0.03313	0.00649	0.00474	0.02413
44	0.07048	0.19080	0.11005	0.01431	0.01930	0.06952	0.04345	0.14526	0.05181	0.02429	0.03888	0.05871	0.01475	0.03646	0.03243	0.00245	0.03143	0.00638	0.00446	0.03480

[dist]
# distance from previous block
# <min> <max>
0	82

# created by:
# /home/berkeley/.conda/envs/busco_data_prod/bin/msa2prfl.pl pipeline/OGs_align_augustus/4893/7197.fs
