[name]
unknown

[dist]
# distance from previous block
# <min> <max>
0	41

[block]
# block no. 0 follows, 31 sequences, length 35
# corresponding to MSA columns:
# 41-75
name=unknown_A
#
# <colnr> <probs for GDERKNQSTAVLIFYWHMCP>
#	G	D	E	R	K	N	Q	S	T	A	V	L	I	F	Y	W	H	M	C	P
0	0.01016	0.00760	0.00982	0.01044	0.01228	0.00706	0.00849	0.01280	0.01579	0.02089	0.14273	0.16151	0.15719	0.01731	0.00861	0.00266	0.00494	0.32389	0.00635	0.05947
1	0.01463	0.01368	0.03529	0.10230	0.32488	0.01322	0.03136	0.03595	0.04558	0.02200	0.03960	0.12787	0.01849	0.00908	0.00698	0.00208	0.00698	0.02708	0.00433	0.11861
2	0.02343	0.01796	0.01968	0.01658	0.05405	0.01998	0.01287	0.50534	0.19102	0.03867	0.01897	0.01861	0.01379	0.00836	0.00687	0.00212	0.00706	0.00653	0.00670	0.01140
3	0.00834	0.00595	0.00794	0.00953	0.00992	0.00556	0.00635	0.00953	0.01310	0.01746	0.03771	0.75510	0.04525	0.02143	0.00873	0.00278	0.00397	0.01945	0.00635	0.00556
4	0.01757	0.01756	0.09406	0.15342	0.02901	0.01648	0.19595	0.22719	0.02029	0.02763	0.05484	0.02076	0.01440	0.04351	0.00848	0.00238	0.00872	0.00709	0.03140	0.00926
5	0.01549	0.05270	0.46448	0.02081	0.10159	0.01667	0.03645	0.07843	0.08165	0.02384	0.01428	0.01626	0.01059	0.00811	0.02733	0.00239	0.00941	0.00560	0.00369	0.01021
6	0.00971	0.00724	0.00924	0.03742	0.01201	0.00719	0.00719	0.04218	0.01448	0.01935	0.06792	0.40133	0.16297	0.02295	0.11213	0.00375	0.00623	0.01485	0.03575	0.00611
7	0.01502	0.00746	0.00791	0.00735	0.00946	0.00741	0.00565	0.04939	0.01566	0.09027	0.02247	0.02488	0.01720	0.00803	0.00507	0.00166	0.00363	0.00641	0.68794	0.00711
8	0.01331	0.02393	0.37828	0.02033	0.09092	0.01373	0.11864	0.01930	0.01574	0.02275	0.15664	0.05685	0.02220	0.00857	0.00718	0.00220	0.00845	0.00775	0.00413	0.00909
9	0.00893	0.00743	0.00952	0.00916	0.01121	0.00656	0.04512	0.01105	0.01567	0.01986	0.15393	0.20483	0.41554	0.01708	0.00826	0.00241	0.00409	0.03694	0.00636	0.00605
10	0.02008	0.01850	0.11494	0.01523	0.02015	0.01758	0.01363	0.27710	0.20630	0.07516	0.06883	0.02138	0.01760	0.00902	0.00826	0.00223	0.07048	0.00690	0.00615	0.01048
11	0.00832	0.00601	0.00788	0.00936	0.00988	0.00557	0.00628	0.00954	0.01325	0.01753	0.03968	0.71214	0.08694	0.02118	0.00869	0.00275	0.00394	0.01914	0.00635	0.00557
12	0.01075	0.00776	0.01061	0.01192	0.01342	0.00774	0.01004	0.01415	0.03727	0.02085	0.08756	0.16477	0.04149	0.01857	0.00917	0.00300	0.00573	0.51243	0.00642	0.00635
13	0.01334	0.01259	0.02129	0.66909	0.11784	0.01531	0.01921	0.01785	0.01388	0.01799	0.01223	0.01810	0.00930	0.00676	0.00683	0.00225	0.00902	0.00608	0.00308	0.00794
14	0.02281	0.02803	0.01979	0.01771	0.02032	0.54776	0.01367	0.02451	0.01708	0.01667	0.01016	0.01302	0.00886	0.00833	0.01039	0.00208	0.20279	0.00482	0.00339	0.00782
15	0.01380	0.01261	0.01710	0.03859	0.01692	0.01595	0.01223	0.03665	0.01225	0.01840	0.01560	0.05413	0.04608	0.01628	0.10401	0.00360	0.43064	0.00701	0.03709	0.09106
16	0.01826	0.01547	0.01941	0.04373	0.16707	0.07901	0.05447	0.13897	0.11877	0.07520	0.02183	0.17646	0.01998	0.01047	0.00727	0.00224	0.00719	0.00923	0.00551	0.00944
17	0.01423	0.01282	0.01694	0.04524	0.01842	0.07974	0.11188	0.07872	0.01657	0.03940	0.08973	0.26231	0.05152	0.01576	0.05028	0.00292	0.05360	0.02716	0.00536	0.00740
18	0.00845	0.00646	0.00776	0.00845	0.00972	0.00577	0.00595	0.01015	0.01496	0.01937	0.15360	0.39913	0.28792	0.01881	0.00840	0.00251	0.00367	0.01656	0.00653	0.00577
19	0.01508	0.05511	0.41981	0.05339	0.02916	0.01678	0.14798	0.02277	0.07533	0.03855	0.01401	0.01646	0.01031	0.00694	0.00764	0.00223	0.04927	0.00595	0.00350	0.00974
20	0.05444	0.37869	0.06613	0.01428	0.01958	0.22567	0.01289	0.11748	0.01797	0.02102	0.01094	0.01233	0.00913	0.00658	0.00535	0.00170	0.00884	0.00430	0.00370	0.00896
21	0.00958	0.00729	0.00871	0.00831	0.01011	0.00674	0.00616	0.01291	0.04779	0.02415	0.46343	0.05363	0.23837	0.06117	0.00969	0.00248	0.00360	0.01258	0.00697	0.00632
22	0.23841	0.01629	0.03714	0.03494	0.07931	0.04617	0.01195	0.21290	0.04934	0.18452	0.01657	0.01674	0.01170	0.00749	0.00610	0.00209	0.00682	0.00560	0.00584	0.01007
23	0.02144	0.06035	0.01879	0.01587	0.01873	0.44073	0.01228	0.06474	0.01747	0.01852	0.01220	0.01591	0.01067	0.04519	0.05454	0.00273	0.11589	0.00523	0.04096	0.00778
24	0.01034	0.00776	0.00978	0.00973	0.01158	0.00748	0.00769	0.01455	0.06855	0.02478	0.42452	0.05715	0.13585	0.01520	0.00831	0.00242	0.00414	0.16646	0.00705	0.00666
25	0.01419	0.01216	0.01419	0.01013	0.01621	0.00912	0.00811	0.01723	0.01419	0.02229	0.01216	0.01419	0.01013	0.00507	0.00507	0.00101	0.00507	0.00405	0.00405	0.80139
26	0.00980	0.00722	0.01044	0.01044	0.01147	0.00825	0.00786	0.01186	0.01083	0.01547	0.01883	0.02969	0.01833	0.16271	0.62273	0.01031	0.01649	0.00774	0.00374	0.00580
27	0.01475	0.05532	0.02034	0.47169	0.03584	0.01599	0.01640	0.01903	0.03989	0.06764	0.01359	0.01853	0.01058	0.01050	0.05418	0.00287	0.11516	0.00613	0.00360	0.00797
28	0.00834	0.00595	0.00794	0.00953	0.00992	0.00556	0.00635	0.00953	0.01310	0.01746	0.03771	0.75510	0.04525	0.02143	0.00873	0.00278	0.00397	0.01945	0.00635	0.00556
29	0.00826	0.00669	0.00734	0.00770	0.00948	0.00577	0.00558	0.00997	0.01524	0.01887	0.10753	0.23694	0.50054	0.01811	0.00825	0.00242	0.00357	0.01554	0.00644	0.00577
30	0.01700	0.01848	0.13537	0.23888	0.20688	0.01636	0.09744	0.10919	0.01728	0.05704	0.01382	0.01734	0.01033	0.00673	0.00692	0.00217	0.00894	0.00620	0.00391	0.00972
31	0.05242	0.15601	0.02293	0.15020	0.08576	0.23309	0.03939	0.07296	0.01715	0.02034	0.01481	0.01718	0.04965	0.00724	0.00614	0.00189	0.00902	0.00553	0.00378	0.03449
32	0.00989	0.00708	0.00874	0.00834	0.01019	0.00636	0.00625	0.01262	0.01813	0.04695	0.49662	0.08637	0.22711	0.01500	0.00807	0.00222	0.00341	0.01305	0.00721	0.00641
33	0.00851	0.00603	0.00789	0.00931	0.00966	0.00567	0.00612	0.00957	0.01277	0.01702	0.03600	0.68010	0.04310	0.09937	0.01149	0.00319	0.00425	0.01845	0.00612	0.00541
34	0.01541	0.04924	0.05050	0.09899	0.14861	0.04745	0.10376	0.03895	0.01561	0.06512	0.03998	0.14685	0.02075	0.01138	0.00854	0.04666	0.00764	0.07174	0.00462	0.00821

[dist]
# distance from previous block
# <min> <max>
0	2

[block]
# block no. 1 follows, 31 sequences, length 62
# corresponding to MSA columns:
# 79-98,102-143
name=unknown_B
#
# <colnr> <probs for GDERKNQSTAVLIFYWHMCP>
#	G	D	E	R	K	N	Q	S	T	A	V	L	I	F	Y	W	H	M	C	P
0	0.01643	0.01645	0.02442	0.06195	0.50182	0.08553	0.04291	0.01999	0.01567	0.02098	0.01728	0.08780	0.04240	0.00810	0.00700	0.00211	0.00813	0.00759	0.00379	0.00966
1	0.00959	0.00669	0.00877	0.00957	0.01060	0.00637	0.00709	0.01181	0.01534	0.02120	0.23049	0.34088	0.04699	0.05492	0.00975	0.00279	0.00430	0.14298	0.05394	0.00594
2	0.01800	0.01914	0.09539	0.03578	0.54134	0.04571	0.02019	0.09828	0.01752	0.02443	0.01312	0.01644	0.01063	0.00642	0.00673	0.00204	0.00843	0.00593	0.00374	0.01074
3	0.01508	0.00984	0.01343	0.03179	0.09693	0.00893	0.00965	0.01782	0.01630	0.15040	0.15673	0.08766	0.09636	0.05516	0.00898	0.00240	0.00532	0.08517	0.00605	0.12597
4	0.01571	0.33872	0.33096	0.01485	0.02259	0.01961	0.01706	0.02052	0.01418	0.01941	0.01110	0.01295	0.00893	0.00602	0.00540	0.00170	0.00820	0.00432	0.00307	0.12469
5	0.01582	0.01765	0.03663	0.06190	0.03376	0.01772	0.56255	0.02092	0.01522	0.02092	0.01306	0.01795	0.01012	0.00671	0.01007	0.00240	0.11664	0.00768	0.00337	0.00890
6	0.00832	0.00600	0.00789	0.00941	0.00989	0.00557	0.00630	0.00954	0.01321	0.01751	0.03909	0.72495	0.07451	0.02125	0.00870	0.00276	0.00395	0.01923	0.00635	0.00557
7	0.01198	0.00953	0.01129	0.09195	0.04925	0.03825	0.00891	0.01631	0.08238	0.02188	0.10851	0.16003	0.13906	0.01286	0.00718	0.00223	0.00501	0.04400	0.17241	0.00699
8	0.01572	0.01485	0.02508	0.32387	0.37793	0.01613	0.05231	0.05329	0.01567	0.02140	0.01281	0.01751	0.01016	0.00649	0.00687	0.00215	0.00866	0.00619	0.00342	0.00949
9	0.00845	0.00604	0.00804	0.00945	0.00995	0.00563	0.00636	0.00982	0.01364	0.01833	0.09645	0.69389	0.04693	0.02079	0.00867	0.00272	0.00390	0.01883	0.00645	0.00563
10	0.01372	0.03539	0.72412	0.01950	0.02961	0.01589	0.02528	0.02167	0.01444	0.02167	0.01228	0.01444	0.00867	0.00650	0.00650	0.00217	0.01011	0.00506	0.00289	0.01011
11	0.01714	0.05811	0.20581	0.09478	0.22906	0.01660	0.07583	0.10986	0.01732	0.05447	0.01475	0.04905	0.01186	0.00729	0.00680	0.00212	0.00862	0.00650	0.00402	0.01001
12	0.02126	0.01583	0.01888	0.04754	0.10905	0.01735	0.01305	0.23959	0.29736	0.11327	0.02162	0.02102	0.01576	0.00835	0.00689	0.00217	0.00662	0.00686	0.00649	0.01105
13	0.02563	0.03040	0.01958	0.01732	0.02116	0.61524	0.01318	0.13692	0.02149	0.02108	0.01154	0.01301	0.00928	0.00724	0.00628	0.00181	0.01155	0.00469	0.00407	0.00854
14	0.01139	0.00837	0.01030	0.00895	0.01175	0.00714	0.00679	0.01421	0.01716	0.05145	0.40105	0.07096	0.11148	0.03853	0.00827	0.00207	0.00395	0.01055	0.00644	0.19920
15	0.01113	0.00727	0.00939	0.03546	0.01187	0.00705	0.00704	0.03508	0.01387	0.06960	0.03350	0.47049	0.06155	0.15204	0.01316	0.00338	0.00496	0.04109	0.00601	0.00607
16	0.00846	0.00614	0.00797	0.00926	0.00985	0.00578	0.00624	0.00970	0.01307	0.01727	0.03885	0.62098	0.10407	0.05964	0.04507	0.00333	0.00475	0.01793	0.00611	0.00553
17	0.00867	0.00704	0.00771	0.00773	0.00973	0.00618	0.00572	0.01110	0.03414	0.02044	0.19407	0.13525	0.49436	0.01688	0.00812	0.00233	0.00352	0.01438	0.00661	0.00602
18	0.00952	0.00645	0.00759	0.00801	0.00811	0.00635	0.00473	0.00984	0.01078	0.01437	0.02581	0.23171	0.03024	0.56531	0.02796	0.00562	0.00593	0.01245	0.00473	0.00452
19	0.03706	0.19954	0.52049	0.01715	0.02595	0.01819	0.02111	0.02181	0.01444	0.04792	0.01215	0.01391	0.00898	0.00643	0.00597	0.00200	0.00918	0.00477	0.00315	0.00979
20	0.01829	0.76368	0.03585	0.01171	0.01756	0.02707	0.01171	0.02049	0.01390	0.01610	0.00951	0.01097	0.00878	0.00585	0.00439	0.00146	0.00732	0.00366	0.00293	0.00878
21	0.01763	0.58868	0.17512	0.01351	0.02014	0.05083	0.01452	0.02098	0.01421	0.01725	0.01011	0.01173	0.00876	0.00603	0.00488	0.00162	0.00807	0.00397	0.00294	0.00902
22	0.01426	0.08816	0.60923	0.01975	0.05589	0.01699	0.02357	0.02129	0.01425	0.02102	0.01193	0.01431	0.00878	0.00671	0.00715	0.00215	0.04669	0.00504	0.00292	0.00991
23	0.01012	0.00686	0.00843	0.00896	0.01048	0.00613	0.00648	0.01184	0.01495	0.07049	0.09392	0.39476	0.26225	0.01850	0.00837	0.00255	0.00400	0.04813	0.00659	0.00617
24	0.01188	0.00594	0.00891	0.00891	0.00891	0.00594	0.00594	0.00891	0.00891	0.01188	0.01188	0.02080	0.01188	0.02377	0.02674	0.80095	0.00594	0.00594	0.00297	0.00297
25	0.01041	0.00950	0.04390	0.05671	0.01589	0.00923	0.05944	0.01279	0.01288	0.01799	0.02675	0.39688	0.02956	0.02296	0.14450	0.00418	0.06421	0.01326	0.04251	0.00644
26	0.03459	0.12077	0.15559	0.02069	0.10244	0.34546	0.06610	0.02389	0.01675	0.01885	0.01120	0.01358	0.00911	0.00670	0.00658	0.00191	0.02870	0.00492	0.00331	0.00885
27	0.00907	0.00629	0.00770	0.00852	0.00878	0.00605	0.00532	0.00973	0.01172	0.01557	0.03112	0.41417	0.05242	0.35797	0.02061	0.00452	0.00517	0.01499	0.00535	0.00492
28	0.00835	0.00616	0.00782	0.00905	0.00982	0.00563	0.00616	0.00972	0.01379	0.01807	0.07255	0.60887	0.15811	0.02042	0.00859	0.00267	0.00385	0.01830	0.00640	0.00563
29	0.01692	0.01504	0.02487	0.13975	0.46716	0.01552	0.04604	0.02228	0.07299	0.06477	0.03720	0.01938	0.01348	0.00685	0.00690	0.00211	0.00789	0.00656	0.00408	0.01020
30	0.01621	0.01642	0.02863	0.06639	0.36403	0.03946	0.21182	0.02128	0.05004	0.02174	0.01551	0.04955	0.01339	0.00741	0.00765	0.00222	0.02484	0.02995	0.00379	0.00968
31	0.01742	0.56778	0.13262	0.01384	0.02009	0.04741	0.04760	0.02061	0.01415	0.01719	0.01052	0.01254	0.00918	0.00783	0.03457	0.00200	0.00854	0.00425	0.00300	0.00886
32	0.00989	0.00685	0.00854	0.00851	0.00893	0.00717	0.00550	0.01073	0.01069	0.01467	0.05341	0.04003	0.02456	0.52461	0.23019	0.00765	0.00977	0.00933	0.00417	0.00481
33	0.01511	0.10767	0.01715	0.01052	0.01655	0.01181	0.00873	0.04063	0.01476	0.02221	0.01197	0.01386	0.01001	0.00527	0.00504	0.00111	0.00544	0.00407	0.00401	0.67408
34	0.01439	0.01207	0.01337	0.01236	0.01560	0.01298	0.00943	0.02680	0.42919	0.02489	0.02848	0.19845	0.02594	0.01196	0.00723	0.00229	0.00506	0.03342	0.00642	0.10965
35	0.02075	0.02205	0.05047	0.04846	0.02120	0.24723	0.01394	0.16964	0.08607	0.02405	0.01358	0.01587	0.01088	0.00875	0.01049	0.00223	0.19453	0.00566	0.02520	0.00895
36	0.01123	0.00766	0.00950	0.00883	0.01065	0.00724	0.00652	0.01482	0.05759	0.06546	0.48960	0.04848	0.11087	0.10820	0.01133	0.00274	0.00396	0.01166	0.00702	0.00666
37	0.06470	0.03910	0.02070	0.01649	0.01871	0.01933	0.04455	0.10365	0.04467	0.02205	0.01134	0.01534	0.00992	0.00987	0.01573	0.00252	0.44500	0.00578	0.00385	0.08670
38	0.01412	0.19265	0.36342	0.01629	0.04444	0.01679	0.01778	0.01992	0.04084	0.01991	0.04167	0.01785	0.01299	0.01469	0.13467	0.00357	0.01041	0.00558	0.00340	0.00900
39	0.01844	0.01504	0.02257	0.01738	0.02187	0.01555	0.20546	0.26253	0.02161	0.05341	0.07120	0.09129	0.04191	0.00963	0.00804	0.00222	0.04016	0.00872	0.06372	0.00923
40	0.01058	0.00733	0.00960	0.00943	0.01016	0.00795	0.00655	0.03501	0.01112	0.01538	0.01923	0.03406	0.02000	0.36451	0.34290	0.06691	0.01180	0.00836	0.00394	0.00519
41	0.01251	0.00971	0.01225	0.01110	0.01348	0.01005	0.03136	0.01964	0.19463	0.05032	0.37195	0.10156	0.08223	0.01305	0.00829	0.00229	0.02950	0.01133	0.00696	0.00778
42	0.02374	0.01854	0.02057	0.10808	0.02458	0.07797	0.03990	0.43942	0.06718	0.08598	0.01676	0.01744	0.01197	0.00793	0.00685	0.00209	0.00803	0.00623	0.00608	0.01068
43	0.01618	0.01590	0.02505	0.23013	0.46600	0.05221	0.01977	0.02014	0.01501	0.02046	0.01237	0.01696	0.01018	0.00663	0.00752	0.00213	0.04443	0.00600	0.00328	0.00965
44	0.01552	0.01481	0.02521	0.28906	0.48088	0.01588	0.02029	0.01976	0.01491	0.02063	0.01262	0.01739	0.01023	0.00636	0.00680	0.00212	0.00848	0.00609	0.00326	0.00970
45	0.01943	0.32816	0.13145	0.05353	0.07342	0.16855	0.01519	0.08466	0.03069	0.02034	0.01153	0.01337	0.00944	0.00655	0.00565	0.00178	0.00890	0.00463	0.00353	0.00920
46	0.03170	0.14381	0.16926	0.01636	0.06677	0.06008	0.05883	0.05226	0.10104	0.02230	0.04892	0.02467	0.11906	0.00861	0.00650	0.00200	0.00743	0.00705	0.00447	0.04887
47	0.00846	0.00695	0.00745	0.00732	0.00947	0.00593	0.00549	0.01054	0.01648	0.02058	0.22002	0.06239	0.56209	0.01654	0.00808	0.00227	0.00341	0.01396	0.00663	0.00593
48	0.01132	0.01126	0.08299	0.04169	0.08095	0.00937	0.04042	0.01468	0.01457	0.02076	0.10699	0.12633	0.10258	0.01942	0.13807	0.00383	0.00797	0.05006	0.10962	0.00712
49	0.01966	0.04397	0.14778	0.02245	0.09289	0.26917	0.17438	0.02445	0.04688	0.04394	0.01308	0.01560	0.01016	0.00688	0.00741	0.00207	0.04061	0.00582	0.00367	0.00915
50	0.01005	0.00771	0.01182	0.01135	0.01268	0.00871	0.03571	0.01237	0.01110	0.01585	0.01848	0.02839	0.01764	0.12272	0.63104	0.01019	0.01684	0.00763	0.00371	0.00603
51	0.00981	0.00720	0.01034	0.01034	0.01134	0.00820	0.00774	0.01180	0.01080	0.01540	0.01892	0.03019	0.01854	0.18245	0.60328	0.01019	0.01616	0.00781	0.00375	0.00574
52	0.01145	0.00877	0.01255	0.01591	0.14996	0.00838	0.00980	0.01374	0.01492	0.04449	0.09787	0.26702	0.12782	0.06958	0.01013	0.00282	0.00528	0.11677	0.00578	0.00694
53	0.04089	0.16617	0.09918	0.05206	0.09000	0.15451	0.01450	0.14084	0.05352	0.02364	0.01419	0.04763	0.01193	0.00779	0.00671	0.00197	0.03445	0.00581	0.02499	0.00923
54	0.01197	0.00787	0.00903	0.00846	0.00971	0.00784	0.00571	0.06214	0.01385	0.04954	0.08438	0.04246	0.11198	0.42110	0.06913	0.00513	0.00651	0.00989	0.05760	0.00570
55	0.00879	0.00694	0.00783	0.00767	0.00953	0.00618	0.00565	0.01086	0.01601	0.02056	0.25230	0.05783	0.43190	0.07843	0.04670	0.00305	0.00440	0.01311	0.00638	0.00586
56	0.01623	0.05821	0.19482	0.13781	0.25188	0.03291	0.04481	0.06527	0.07303	0.02279	0.01440	0.01816	0.01137	0.00698	0.00671	0.00213	0.00864	0.02021	0.00378	0.00988
57	0.01755	0.12821	0.24620	0.02302	0.18820	0.05158	0.05783	0.08836	0.04117	0.04681	0.01436	0.04089	0.01156	0.00714	0.00648	0.00204	0.00866	0.00601	0.00392	0.01001
58	0.01826	0.01965	0.01594	0.01465	0.01679	0.32668	0.01121	0.02005	0.01525	0.04762	0.01737	0.07433	0.04172	0.04888	0.15984	0.00417	0.12921	0.00709	0.00403	0.00724
59	0.04614	0.45534	0.14024	0.01290	0.01860	0.02150	0.01319	0.02068	0.04673	0.04319	0.01565	0.04842	0.04648	0.00774	0.00604	0.00183	0.03731	0.00552	0.00368	0.00879
60	0.05499	0.01472	0.06361	0.01465	0.08625	0.02640	0.01113	0.09974	0.01720	0.11088	0.01997	0.04720	0.06906	0.00775	0.00613	0.00169	0.00608	0.00632	0.00505	0.33115
61	0.04380	0.16112	0.15342	0.04509	0.06844	0.03632	0.14125	0.04604	0.08407	0.05804	0.01869	0.04376	0.05489	0.00782	0.00658	0.00208	0.00819	0.00684	0.00426	0.00929

[dist]
# distance from previous block
# <min> <max>
3	11

[block]
# block no. 2 follows, 31 sequences, length 15
# corresponding to MSA columns:
# 155-169
name=unknown_C
#
# <colnr> <probs for GDERKNQSTAVLIFYWHMCP>
#	G	D	E	R	K	N	Q	S	T	A	V	L	I	F	Y	W	H	M	C	P
0	0.01688	0.37098	0.11515	0.05342	0.02031	0.10464	0.01345	0.02125	0.06971	0.01816	0.01450	0.05381	0.01317	0.01055	0.05234	0.00244	0.00872	0.02834	0.00366	0.00853
1	0.01614	0.05169	0.04880	0.16242	0.07534	0.01419	0.11462	0.06203	0.07715	0.09044	0.04113	0.02723	0.11516	0.00883	0.00706	0.00214	0.00737	0.02003	0.00493	0.05329
2	0.01666	0.23268	0.34208	0.01835	0.06904	0.01904	0.05545	0.06303	0.03476	0.04106	0.01272	0.01452	0.00973	0.00644	0.00601	0.00192	0.00869	0.00505	0.00351	0.03925
3	0.00924	0.00689	0.00916	0.03702	0.01194	0.00687	0.00723	0.01192	0.05431	0.01906	0.10544	0.56685	0.04276	0.02123	0.05278	0.00317	0.00505	0.01678	0.00622	0.00607
4	0.00902	0.00676	0.00813	0.00855	0.00988	0.00619	0.00619	0.01086	0.01509	0.01969	0.19105	0.22906	0.25591	0.11324	0.01181	0.00303	0.00422	0.07930	0.00632	0.00571
5	0.01696	0.22410	0.11038	0.11059	0.32827	0.01934	0.01827	0.05731	0.01567	0.02112	0.01199	0.01512	0.00986	0.00628	0.00610	0.00192	0.00822	0.00530	0.00335	0.00985
6	0.10333	0.01850	0.01610	0.06143	0.03955	0.20682	0.01144	0.17202	0.08376	0.02580	0.02311	0.07493	0.09768	0.00995	0.00674	0.00213	0.00774	0.02517	0.00524	0.00857
7	0.01062	0.00780	0.01070	0.05790	0.04781	0.00840	0.00797	0.01230	0.01185	0.01671	0.02361	0.11196	0.06366	0.21960	0.22850	0.03741	0.02978	0.00945	0.07817	0.00579
8	0.00901	0.00652	0.00819	0.00888	0.00979	0.00609	0.00618	0.01063	0.01440	0.01920	0.17919	0.36822	0.13030	0.13372	0.01261	0.00321	0.00431	0.05769	0.00625	0.00560
9	0.01454	0.01708	0.10711	0.30861	0.13891	0.03376	0.14377	0.01929	0.01458	0.01963	0.01390	0.02108	0.01149	0.00760	0.00818	0.00232	0.05706	0.04912	0.00337	0.00860
10	0.01874	0.04215	0.06470	0.01520	0.01965	0.08648	0.09611	0.11600	0.01782	0.12033	0.01899	0.08143	0.01671	0.05703	0.00945	0.00238	0.04478	0.04790	0.02434	0.09981
11	0.01851	0.01179	0.01462	0.01509	0.10275	0.03738	0.01037	0.09506	0.04008	0.20654	0.06712	0.13419	0.12010	0.01209	0.00741	0.00226	0.00574	0.05233	0.03770	0.00889
12	0.00880	0.00670	0.00810	0.00829	0.00982	0.00600	0.00601	0.01101	0.01649	0.02188	0.32438	0.23931	0.27434	0.01703	0.00825	0.00237	0.00350	0.01490	0.00683	0.00600
13	0.01542	0.01387	0.01994	0.11586	0.28076	0.05265	0.03443	0.03642	0.03644	0.04316	0.12107	0.02661	0.07542	0.00890	0.00777	0.00213	0.04417	0.00773	0.04843	0.00880
14	0.01661	0.01593	0.02719	0.09810	0.66329	0.01617	0.02084	0.02071	0.01543	0.02196	0.01281	0.01704	0.01070	0.00616	0.00678	0.00205	0.00821	0.00609	0.00336	0.01058

[dist]
# distance from previous block
# <min> <max>
0	1

[block]
# block no. 3 follows, 31 sequences, length 63
# corresponding to MSA columns:
# 171-233
name=unknown_D
#
# <colnr> <probs for GDERKNQSTAVLIFYWHMCP>
#	G	D	E	R	K	N	Q	S	T	A	V	L	I	F	Y	W	H	M	C	P
0	0.01586	0.01558	0.01490	0.04576	0.01781	0.14534	0.00982	0.03701	0.07583	0.02119	0.02037	0.06984	0.08015	0.00853	0.00684	0.00168	0.03808	0.00669	0.00456	0.36415
1	0.06194	0.08974	0.13146	0.08653	0.10768	0.03149	0.04581	0.09606	0.03844	0.04054	0.11028	0.05418	0.03844	0.02939	0.00749	0.00223	0.00734	0.00743	0.00469	0.00885
2	0.01844	0.01861	0.02038	0.11527	0.11793	0.19581	0.07157	0.12535	0.05879	0.02365	0.06542	0.08588	0.03479	0.00910	0.00706	0.00212	0.00854	0.00777	0.00475	0.00877
3	0.22633	0.01922	0.01660	0.01504	0.03912	0.26985	0.08096	0.02083	0.01510	0.02118	0.01450	0.04054	0.01349	0.10873	0.00989	0.00266	0.00866	0.03518	0.03481	0.00731
4	0.01535	0.01461	0.02519	0.08164	0.52448	0.01467	0.06260	0.01913	0.01513	0.02128	0.01656	0.12629	0.01579	0.00839	0.00715	0.00218	0.00780	0.00820	0.00381	0.00974
5	0.00980	0.00720	0.01036	0.01036	0.01136	0.00821	0.00776	0.01181	0.01081	0.01541	0.01891	0.03009	0.01850	0.17845	0.60722	0.01021	0.01623	0.00780	0.00375	0.00576
6	0.01330	0.01248	0.02102	0.60748	0.14381	0.01493	0.01873	0.01764	0.01393	0.01819	0.01340	0.05088	0.01098	0.00738	0.00691	0.00227	0.00874	0.00668	0.00324	0.00798
7	0.00900	0.00687	0.00830	0.00847	0.01014	0.00618	0.00635	0.01135	0.01670	0.02203	0.31656	0.17185	0.29451	0.01679	0.00829	0.00239	0.00368	0.06766	0.00681	0.00605
8	0.01419	0.01216	0.01419	0.01013	0.01621	0.00912	0.00811	0.01723	0.01419	0.02229	0.01216	0.01419	0.01013	0.00507	0.00507	0.00101	0.00507	0.00405	0.00405	0.80139
9	0.01528	0.01088	0.01329	0.01179	0.01440	0.01218	0.00938	0.22556	0.01810	0.02580	0.01832	0.02341	0.01546	0.03145	0.39839	0.00681	0.01272	0.00682	0.12207	0.00787
10	0.01292	0.01216	0.02052	0.74312	0.04712	0.01520	0.01900	0.01748	0.01368	0.01748	0.01216	0.01824	0.00912	0.00684	0.00684	0.00228	0.00912	0.00608	0.00304	0.00760
11	0.01068	0.00830	0.01252	0.01367	0.04142	0.00805	0.05449	0.01341	0.01499	0.01968	0.03573	0.26713	0.06773	0.01821	0.00899	0.00291	0.00591	0.38374	0.00602	0.00643
12	0.00847	0.00606	0.00806	0.00943	0.00995	0.00565	0.00636	0.00987	0.01373	0.01847	0.10614	0.68378	0.04720	0.02068	0.00867	0.00271	0.00389	0.01873	0.00647	0.00565
13	0.00979	0.00724	0.01056	0.01056	0.01163	0.00832	0.00801	0.01194	0.01087	0.01556	0.01872	0.02908	0.01806	0.13842	0.64665	0.01046	0.01689	0.00765	0.00372	0.00587
14	0.01366	0.05367	0.18149	0.01472	0.01900	0.01253	0.11533	0.06564	0.01427	0.03457	0.01867	0.09084	0.01849	0.27424	0.04020	0.00405	0.00841	0.00862	0.00416	0.00743
15	0.01594	0.01548	0.02678	0.19706	0.44396	0.01618	0.09598	0.02128	0.05901	0.02160	0.01377	0.01795	0.01104	0.00643	0.00695	0.00214	0.00857	0.00642	0.00354	0.00992
16	0.01009	0.00756	0.01107	0.01119	0.01237	0.00872	0.00880	0.01251	0.01163	0.01669	0.02082	0.07034	0.02043	0.04402	0.57952	0.00926	0.04261	0.07031	0.02590	0.00615
17	0.01412	0.01768	0.12470	0.15756	0.03253	0.01525	0.34449	0.01929	0.01509	0.02074	0.06022	0.05079	0.01517	0.00960	0.04181	0.00272	0.03812	0.00793	0.00368	0.00850
18	0.01794	0.07497	0.23000	0.05975	0.07682	0.10470	0.11183	0.05556	0.01641	0.08197	0.01594	0.01809	0.04144	0.00751	0.00774	0.00213	0.05775	0.00613	0.00394	0.00939
19	0.01655	0.48676	0.29755	0.01467	0.02214	0.02282	0.01687	0.02093	0.01411	0.01821	0.01056	0.01229	0.00874	0.00610	0.00519	0.00173	0.00838	0.00419	0.00291	0.00929
20	0.01273	0.12467	0.10460	0.01091	0.01473	0.01163	0.01015	0.01723	0.06750	0.05483	0.24627	0.04230	0.18778	0.01229	0.00728	0.00216	0.00526	0.05410	0.00591	0.00767
21	0.01319	0.01442	0.16058	0.01276	0.03517	0.01007	0.01164	0.05228	0.01615	0.08961	0.06992	0.18035	0.22253	0.01391	0.00824	0.00239	0.03280	0.04049	0.00571	0.00779
22	0.01431	0.01873	0.18433	0.36642	0.24415	0.01567	0.02104	0.01950	0.01443	0.01990	0.01240	0.01698	0.00953	0.00654	0.00674	0.00218	0.00905	0.00585	0.00311	0.00915
23	0.01667	0.01599	0.02729	0.08800	0.67294	0.01619	0.02087	0.02077	0.01545	0.02203	0.01282	0.01702	0.01072	0.00614	0.00678	0.00205	0.00819	0.00609	0.00336	0.01062
24	0.01777	0.12797	0.03698	0.02546	0.06308	0.01807	0.50085	0.02266	0.01609	0.08205	0.01430	0.01770	0.01074	0.00603	0.00736	0.00215	0.01025	0.00722	0.00381	0.00945
25	0.01406	0.02957	0.53384	0.02257	0.12747	0.01533	0.05278	0.02095	0.01479	0.02168	0.01445	0.02026	0.01164	0.00745	0.00686	0.00224	0.00957	0.06137	0.00327	0.00986
26	0.01350	0.01615	0.15256	0.18669	0.19102	0.01297	0.04575	0.01777	0.01463	0.03894	0.03578	0.17896	0.01996	0.01037	0.00735	0.00233	0.00773	0.03483	0.00420	0.00850
27	0.02230	0.01652	0.01759	0.01389	0.01863	0.01800	0.01134	0.52992	0.05838	0.03795	0.02504	0.02459	0.11623	0.00960	0.00693	0.00208	0.00662	0.00746	0.04647	0.01047
28	0.02739	0.01238	0.01578	0.01260	0.01754	0.01174	0.01024	0.03407	0.18516	0.55410	0.02720	0.02383	0.01789	0.00866	0.00690	0.00217	0.00572	0.00709	0.00810	0.01145
29	0.01762	0.02694	0.44817	0.05508	0.02869	0.01479	0.10929	0.02398	0.01573	0.17094	0.01562	0.01705	0.01068	0.00684	0.00680	0.00218	0.00933	0.00589	0.00416	0.01020
30	0.01401	0.01327	0.02249	0.55234	0.22937	0.01549	0.01954	0.01844	0.01420	0.01881	0.01235	0.01788	0.00959	0.00664	0.00682	0.00221	0.00885	0.00608	0.00313	0.00848
31	0.00853	0.00611	0.00812	0.00939	0.00997	0.00569	0.00637	0.01003	0.01403	0.01894	0.13762	0.65098	0.04810	0.02033	0.00863	0.00269	0.00386	0.01840	0.00653	0.00569
32	0.01292	0.01216	0.02052	0.74312	0.04712	0.01520	0.01900	0.01748	0.01368	0.01748	0.01216	0.01824	0.00912	0.00684	0.00684	0.00228	0.00912	0.00608	0.00304	0.00760
33	0.01268	0.01617	0.17449	0.01592	0.02029	0.01163	0.14408	0.07090	0.01553	0.02125	0.02571	0.28070	0.05543	0.04869	0.03150	0.00291	0.00771	0.03176	0.00488	0.00776
34	0.01793	0.01913	0.09549	0.08233	0.03029	0.01781	0.32373	0.17052	0.12109	0.02715	0.01619	0.01866	0.01194	0.00698	0.00739	0.00224	0.00942	0.00715	0.00463	0.00994
35	0.01226	0.00938	0.01181	0.01231	0.01444	0.00986	0.01028	0.01931	0.18194	0.02350	0.13772	0.06077	0.03878	0.01584	0.00864	0.00280	0.00562	0.41072	0.00665	0.00741
36	0.01514	0.01573	0.02755	0.18726	0.15302	0.04574	0.24856	0.01922	0.01463	0.01969	0.01455	0.08009	0.01290	0.00826	0.00943	0.00236	0.10596	0.00782	0.00354	0.00855
37	0.01562	0.01870	0.10398	0.13684	0.20872	0.01658	0.35514	0.02100	0.01547	0.02134	0.01319	0.01763	0.01013	0.00608	0.00740	0.00222	0.01017	0.00697	0.00332	0.00948
38	0.00824	0.00631	0.00757	0.00857	0.00967	0.00564	0.00593	0.00963	0.01402	0.01784	0.04932	0.50182	0.29103	0.01992	0.00849	0.00261	0.00378	0.01761	0.00635	0.00564
39	0.01626	0.08197	0.09176	0.02912	0.17840	0.01790	0.41741	0.02141	0.01553	0.02133	0.01300	0.01707	0.01016	0.00609	0.00780	0.00219	0.03274	0.00697	0.00334	0.00955
40	0.01587	0.07624	0.18106	0.02375	0.06044	0.01669	0.37172	0.02196	0.04409	0.04404	0.01576	0.04784	0.01281	0.00719	0.00739	0.00224	0.00987	0.02787	0.00380	0.00937
41	0.01399	0.03369	0.65915	0.02097	0.06054	0.01597	0.05818	0.02165	0.01458	0.02171	0.01238	0.01475	0.00885	0.00645	0.00659	0.00217	0.01009	0.00525	0.00294	0.01010
42	0.01458	0.01385	0.02352	0.45315	0.32412	0.01564	0.01983	0.01893	0.01446	0.01949	0.01245	0.01770	0.00983	0.00653	0.00681	0.00218	0.00871	0.00609	0.00318	0.00894
43	0.01643	0.02623	0.34212	0.02352	0.12345	0.08284	0.16821	0.02222	0.01576	0.05726	0.01593	0.01829	0.04228	0.00694	0.00694	0.00214	0.00983	0.00633	0.00359	0.00969
44	0.01659	0.01692	0.05876	0.12859	0.50580	0.01641	0.08452	0.04933	0.01604	0.02254	0.01300	0.01711	0.01051	0.00627	0.00690	0.00210	0.00864	0.00624	0.00347	0.01027
45	0.01978	0.02222	0.01918	0.02172	0.19451	0.34784	0.01376	0.04765	0.06317	0.02028	0.02201	0.02451	0.11551	0.00890	0.00679	0.00200	0.00914	0.02806	0.00434	0.00862
46	0.01547	0.01699	0.03576	0.07550	0.09289	0.01627	0.54346	0.02069	0.01573	0.02136	0.01529	0.06893	0.01273	0.00694	0.00793	0.00231	0.01056	0.00856	0.00362	0.00901
47	0.01303	0.01109	0.01156	0.01053	0.01379	0.01157	0.00814	0.05106	0.32458	0.02419	0.04673	0.04410	0.35221	0.01296	0.00744	0.00226	0.00456	0.01077	0.00658	0.03285
48	0.01305	0.01115	0.04668	0.01080	0.01386	0.01046	0.00880	0.02153	0.24369	0.05950	0.31632	0.04192	0.14992	0.01234	0.00757	0.00223	0.00445	0.01055	0.00697	0.00821
49	0.01719	0.01264	0.04650	0.01580	0.07448	0.01130	0.08560	0.05109	0.07558	0.16782	0.18814	0.06576	0.02840	0.01057	0.00804	0.03131	0.00610	0.03000	0.00615	0.06752
50	0.00944	0.00684	0.00899	0.00936	0.01068	0.00639	0.00704	0.01204	0.01698	0.02331	0.40170	0.24273	0.08794	0.01686	0.00845	0.00247	0.00389	0.11174	0.00698	0.00616
51	0.04894	0.43252	0.21013	0.01495	0.05746	0.02117	0.01505	0.02009	0.01455	0.01955	0.07660	0.01597	0.01405	0.00682	0.00540	0.00177	0.00762	0.00497	0.00343	0.00896
52	0.05580	0.19010	0.15314	0.01554	0.02048	0.01917	0.04850	0.10266	0.01532	0.02196	0.01190	0.01507	0.00996	0.01136	0.07043	0.00284	0.16615	0.00528	0.00365	0.06069
53	0.01712	0.01377	0.01599	0.01342	0.05170	0.01308	0.01010	0.19991	0.08489	0.02871	0.07579	0.05070	0.01773	0.00782	0.00622	0.00164	0.00571	0.00643	0.00544	0.37382
54	0.05403	0.02472	0.01094	0.01078	0.04369	0.00879	0.00739	0.04642	0.01470	0.02089	0.16595	0.14700	0.07093	0.20273	0.07620	0.00408	0.00633	0.03574	0.00540	0.04327
55	0.01268	0.00935	0.01187	0.01115	0.01299	0.01028	0.00848	0.14376	0.01545	0.02118	0.02299	0.12420	0.04952	0.11955	0.38593	0.00732	0.01238	0.00929	0.00480	0.00687
56	0.05327	0.01064	0.03978	0.01096	0.01414	0.00952	0.03824	0.04752	0.04820	0.15048	0.08706	0.11707	0.08220	0.08236	0.00963	0.00259	0.00536	0.04019	0.11014	0.04067
57	0.01530	0.02007	0.20881	0.09795	0.17244	0.04662	0.08317	0.01984	0.01485	0.05301	0.04799	0.05923	0.01518	0.04547	0.00963	0.00246	0.06801	0.00717	0.00383	0.00897
58	0.13023	0.04986	0.02105	0.15067	0.15062	0.17874	0.04015	0.09116	0.04934	0.05607	0.01337	0.01577	0.01032	0.00693	0.00626	0.00203	0.00866	0.00547	0.00421	0.00909
59	0.01700	0.01818	0.09158	0.16506	0.08958	0.07977	0.12758	0.08172	0.08274	0.04793	0.01604	0.05209	0.01301	0.00967	0.03606	0.00258	0.04905	0.00702	0.00426	0.00909
60	0.08310	0.01633	0.01807	0.09023	0.08078	0.11298	0.04366	0.13143	0.09432	0.05770	0.03883	0.09016	0.01654	0.00875	0.00665	0.00205	0.00737	0.00728	0.00512	0.08867
61	0.01642	0.01506	0.02032	0.18843	0.14947	0.08289	0.07140	0.08122	0.05411	0.04797	0.04990	0.09582	0.04681	0.00912	0.00710	0.00216	0.00780	0.00812	0.00465	0.04123
62	0.10295	0.01689	0.02090	0.23816	0.21334	0.10679	0.01616	0.11417	0.01763	0.06983	0.01343	0.01647	0.01022	0.00691	0.00646	0.00209	0.00842	0.00568	0.00420	0.00931

[dist]
# distance from previous block
# <min> <max>
1	10

[block]
# block no. 4 follows, 31 sequences, length 21
# corresponding to MSA columns:
# 244-264
name=unknown_E
#
# <colnr> <probs for GDERKNQSTAVLIFYWHMCP>
#	G	D	E	R	K	N	Q	S	T	A	V	L	I	F	Y	W	H	M	C	P
0	0.01672	0.06552	0.01948	0.08198	0.17503	0.03301	0.03540	0.05047	0.06986	0.10622	0.08438	0.08585	0.03828	0.03362	0.03810	0.00263	0.01964	0.00820	0.00513	0.03048
1	0.05155	0.03690	0.12142	0.05963	0.12084	0.21451	0.03482	0.04807	0.03200	0.06230	0.01610	0.06148	0.02885	0.02716	0.00780	0.00217	0.03352	0.00650	0.00415	0.03022
2	0.03481	0.02086	0.17847	0.05041	0.02200	0.11431	0.03698	0.14977	0.03699	0.02498	0.06861	0.01970	0.01533	0.01390	0.11145	0.00328	0.00990	0.00618	0.00448	0.07759
3	0.08020	0.07514	0.05309	0.01497	0.01918	0.08033	0.10074	0.10889	0.01643	0.09757	0.01433	0.01770	0.01147	0.02522	0.05665	0.11811	0.04803	0.00587	0.00441	0.05166
4	0.01571	0.12255	0.02349	0.29017	0.08859	0.01931	0.01637	0.07050	0.01429	0.01936	0.01116	0.01590	0.00937	0.00838	0.01145	0.00235	0.24371	0.00571	0.00333	0.00832
5	0.02489	0.12675	0.02275	0.01516	0.02069	0.02206	0.01282	0.59674	0.02953	0.03921	0.01543	0.01564	0.01122	0.00787	0.00649	0.00197	0.00750	0.00580	0.00628	0.01122
6	0.05619	0.08809	0.11132	0.12910	0.21241	0.04192	0.07637	0.07575	0.01575	0.02218	0.01205	0.01568	0.00970	0.00713	0.00838	0.00217	0.09724	0.00573	0.00352	0.00935
7	0.01088	0.00931	0.00988	0.01015	0.01183	0.06217	0.00742	0.01400	0.06251	0.02050	0.15816	0.35196	0.13401	0.01671	0.00809	0.00244	0.00470	0.05617	0.00628	0.04283
8	0.01040	0.00754	0.00928	0.00882	0.01001	0.00735	0.00590	0.01149	0.01105	0.01550	0.02071	0.09147	0.02254	0.43053	0.18867	0.00652	0.00888	0.00923	0.00419	0.11991
9	0.01288	0.01243	0.01410	0.12469	0.10356	0.11127	0.01119	0.01559	0.01603	0.01987	0.13062	0.14529	0.17233	0.01319	0.00768	0.00231	0.00642	0.06823	0.00526	0.00708
10	0.01662	0.04007	0.08841	0.08967	0.46909	0.01673	0.04755	0.04235	0.07963	0.02291	0.01419	0.01748	0.01138	0.00653	0.00676	0.00208	0.00823	0.00616	0.00374	0.01042
11	0.02387	0.01710	0.01866	0.01467	0.01961	0.01871	0.01199	0.52132	0.09942	0.08321	0.08283	0.02101	0.01783	0.00887	0.00697	0.00209	0.00680	0.00694	0.00702	0.01107
12	0.00894	0.00667	0.00846	0.00922	0.01032	0.00640	0.00667	0.01062	0.01366	0.01787	0.07168	0.33145	0.19635	0.08514	0.11632	0.00419	0.00636	0.07816	0.00583	0.00568
13	0.01697	0.12503	0.02752	0.19106	0.34870	0.08399	0.07066	0.02079	0.01531	0.01980	0.01209	0.01606	0.00993	0.00629	0.00649	0.00200	0.00889	0.00574	0.00326	0.00942
14	0.13999	0.19851	0.30127	0.01925	0.12322	0.01828	0.03756	0.02154	0.01431	0.05087	0.01194	0.01395	0.00920	0.00633	0.00575	0.00198	0.00828	0.00483	0.00343	0.00952
15	0.01613	0.01544	0.07369	0.08362	0.02099	0.01751	0.01461	0.09330	0.01429	0.06470	0.01393	0.06081	0.01255	0.01399	0.07029	0.00330	0.39176	0.00690	0.00402	0.00821
16	0.05357	0.07574	0.10486	0.06170	0.04155	0.12005	0.16504	0.08852	0.08093	0.02331	0.01544	0.06093	0.01283	0.00761	0.00669	0.00206	0.00884	0.00672	0.00424	0.05938
17	0.01966	0.03467	0.02326	0.05551	0.15406	0.03778	0.10700	0.26890	0.10532	0.02948	0.01699	0.02083	0.01360	0.05901	0.00890	0.00244	0.00805	0.01927	0.00518	0.01008
18	0.01436	0.01269	0.01926	0.56981	0.03987	0.01520	0.01685	0.11454	0.01653	0.02128	0.01807	0.02239	0.07480	0.00801	0.00696	0.00225	0.00837	0.00687	0.00390	0.00801
19	0.01202	0.01093	0.01912	0.09766	0.02209	0.01080	0.19855	0.04275	0.01538	0.02039	0.04815	0.31116	0.07256	0.01420	0.00827	0.00255	0.00696	0.07408	0.00523	0.00716
20	0.01734	0.01867	0.07101	0.13644	0.18719	0.08273	0.24331	0.02179	0.01561	0.06201	0.01338	0.01729	0.01033	0.00680	0.00835	0.00222	0.06607	0.00657	0.00361	0.00929

[dist]
# distance from previous block
# <min> <max>
0	2

[block]
# block no. 5 follows, 31 sequences, length 8
# corresponding to MSA columns:
# 267-274
name=unknown_F
#
# <colnr> <probs for GDERKNQSTAVLIFYWHMCP>
#	G	D	E	R	K	N	Q	S	T	A	V	L	I	F	Y	W	H	M	C	P
0	0.01702	0.01716	0.02253	0.15631	0.36370	0.12754	0.01761	0.02199	0.07349	0.02096	0.01589	0.02298	0.01381	0.00788	0.00696	0.00217	0.00856	0.07015	0.00393	0.00937
1	0.08220	0.13883	0.08785	0.01568	0.05347	0.19956	0.01308	0.13152	0.01935	0.10976	0.07233	0.01769	0.01489	0.00765	0.00616	0.00192	0.00826	0.00563	0.00489	0.00930
2	0.25272	0.01838	0.08631	0.01576	0.02098	0.09407	0.13413	0.06342	0.07074	0.04295	0.01520	0.01985	0.01239	0.00758	0.00625	0.00212	0.00787	0.05531	0.00451	0.06946
3	0.26975	0.07221	0.01508	0.13615	0.02007	0.01434	0.01009	0.06003	0.05665	0.02478	0.02063	0.02198	0.11214	0.00808	0.00571	0.00195	0.00596	0.00612	0.00453	0.13374
4	0.07642	0.01075	0.01424	0.01628	0.14705	0.01150	0.01005	0.07122	0.01498	0.02205	0.13695	0.08533	0.02629	0.20738	0.06087	0.00394	0.06359	0.00905	0.00486	0.00720
5	0.01788	0.26092	0.02464	0.19076	0.07732	0.14991	0.01402	0.07367	0.01636	0.01930	0.01387	0.08570	0.01277	0.00802	0.00610	0.00193	0.00842	0.00628	0.00374	0.00841
6	0.01339	0.01118	0.01097	0.00948	0.01276	0.07747	0.00720	0.03313	0.01634	0.06610	0.11587	0.04190	0.30022	0.06932	0.00917	0.00226	0.00515	0.00988	0.00569	0.18253
7	0.02026	0.01880	0.13717	0.01395	0.01983	0.08164	0.01277	0.05916	0.15139	0.19109	0.01884	0.01855	0.01355	0.00729	0.00631	0.00185	0.00699	0.00575	0.00556	0.20928

[dist]
# distance from previous block
# <min> <max>
3	21

[block]
# block no. 6 follows, 31 sequences, length 20
# corresponding to MSA columns:
# 298-317
name=unknown_G
#
# <colnr> <probs for GDERKNQSTAVLIFYWHMCP>
#	G	D	E	R	K	N	Q	S	T	A	V	L	I	F	Y	W	H	M	C	P
0	0.01239	0.00914	0.01235	0.07021	0.06428	0.00888	0.00902	0.01668	0.06429	0.06839	0.42088	0.06012	0.08547	0.01207	0.00757	0.00212	0.00450	0.01059	0.00659	0.05447
1	0.02766	0.01211	0.01707	0.01287	0.01836	0.01035	0.04940	0.03054	0.01867	0.58819	0.02426	0.02180	0.01565	0.00786	0.00671	0.00198	0.00605	0.00657	0.00759	0.11630
2	0.01336	0.00977	0.01066	0.00975	0.01119	0.01048	0.00655	0.10368	0.14329	0.02002	0.02207	0.03748	0.02241	0.52115	0.02596	0.00523	0.00652	0.00904	0.00502	0.00637
3	0.52891	0.01357	0.01217	0.00998	0.01480	0.01440	0.00816	0.08885	0.01439	0.02988	0.01090	0.01243	0.00853	0.00622	0.00471	0.00183	0.00547	0.00404	0.00446	0.20631
4	0.56014	0.01511	0.01271	0.01082	0.01529	0.06596	0.00883	0.10332	0.01566	0.11882	0.01264	0.01338	0.00922	0.00689	0.00502	0.00208	0.00613	0.00445	0.00503	0.00849
5	0.12762	0.01654	0.07178	0.01827	0.05936	0.01544	0.17906	0.17226	0.03409	0.10320	0.11478	0.02193	0.01877	0.00799	0.00694	0.00216	0.00758	0.00720	0.00546	0.00956
6	0.02212	0.06210	0.01700	0.01233	0.01677	0.01127	0.04889	0.06698	0.01903	0.36561	0.16226	0.07227	0.02661	0.00983	0.00703	0.00206	0.00568	0.00840	0.00712	0.05664
7	0.48153	0.01282	0.01175	0.00971	0.01428	0.01337	0.00789	0.06432	0.01435	0.02908	0.07100	0.01569	0.01330	0.00680	0.00495	0.00183	0.00521	0.00470	0.00465	0.21275
8	0.17537	0.08946	0.01690	0.06311	0.01851	0.09092	0.01051	0.10884	0.05483	0.11692	0.10623	0.02169	0.01866	0.00829	0.00613	0.00199	0.00661	0.02153	0.00544	0.05808
9	0.05406	0.01343	0.05965	0.01281	0.01764	0.01140	0.07213	0.07319	0.06217	0.11931	0.07389	0.05511	0.11146	0.01060	0.02916	0.00221	0.00633	0.00793	0.00558	0.20195
10	0.04947	0.03683	0.05857	0.01491	0.06467	0.03652	0.01163	0.15279	0.11025	0.12109	0.08611	0.05827	0.01999	0.03442	0.00810	0.00220	0.02927	0.00733	0.00584	0.09174
11	0.05619	0.03455	0.04356	0.01477	0.01926	0.10502	0.07999	0.19153	0.05631	0.04548	0.06331	0.06557	0.08030	0.00944	0.00728	0.00205	0.02857	0.00772	0.00537	0.08371
12	0.04947	0.05086	0.01978	0.07313	0.09819	0.03826	0.03398	0.14187	0.04774	0.08036	0.04938	0.07039	0.01610	0.00919	0.00916	0.00218	0.12443	0.00710	0.00496	0.07349
13	0.05599	0.01517	0.01606	0.05802	0.01929	0.07397	0.01068	0.14462	0.09435	0.06464	0.01687	0.05009	0.01391	0.00790	0.00664	0.00179	0.02781	0.02309	0.00516	0.29394
14	0.08934	0.01448	0.03979	0.05722	0.08241	0.05056	0.01124	0.09552	0.01701	0.09287	0.04021	0.04247	0.04727	0.00787	0.00649	0.00181	0.02366	0.00627	0.03550	0.23801
15	0.05475	0.01615	0.07183	0.10511	0.04927	0.04866	0.04688	0.13073	0.06765	0.04711	0.03230	0.01964	0.03756	0.00883	0.03092	0.00218	0.00752	0.00609	0.02592	0.19092
16	0.03231	0.04158	0.06496	0.01540	0.04603	0.06660	0.09280	0.09982	0.07687	0.04642	0.09218	0.06525	0.07895	0.00919	0.00683	0.00197	0.00687	0.00793	0.00520	0.14283
17	0.05625	0.05956	0.04033	0.01596	0.08886	0.06734	0.01193	0.16380	0.08618	0.04894	0.03998	0.01963	0.04770	0.00781	0.00684	0.00185	0.03599	0.00603	0.00505	0.18997
18	0.03581	0.03811	0.04362	0.09202	0.06670	0.01281	0.01192	0.05317	0.08908	0.18302	0.10036	0.04035	0.02190	0.03335	0.00852	0.00232	0.04152	0.04660	0.02862	0.05020
19	0.03343	0.04525	0.05401	0.01246	0.01664	0.07711	0.01031	0.08641	0.12419	0.05043	0.02395	0.13890	0.07491	0.01031	0.00711	0.00198	0.02917	0.00838	0.00532	0.18973

[dist]
# distance from previous block
# <min> <max>
68	240

# created by:
# /home/berkeley/.conda/envs/busco_data_prod/bin/msa2prfl.pl pipeline/OGs_align_augustus/4893/7219.fs
