[name]
unknown

[dist]
# distance from previous block
# <min> <max>
6	13

[block]
# block no. 0 follows, 28 sequences, length 15
# corresponding to MSA columns:
# 156-170
name=unknown_A
#
# <colnr> <probs for GDERKNQSTAVLIFYWHMCP>
#	G	D	E	R	K	N	Q	S	T	A	V	L	I	F	Y	W	H	M	C	P
0	0.02312	0.01812	0.01928	0.01581	0.02082	0.02044	0.01273	0.37469	0.34178	0.03854	0.02318	0.02201	0.01700	0.00926	0.00733	0.00232	0.00694	0.00733	0.00733	0.01196
1	0.01507	0.01292	0.01507	0.01077	0.01723	0.00969	0.00861	0.01830	0.01507	0.02369	0.01292	0.01507	0.01077	0.00538	0.00538	0.00108	0.00538	0.00431	0.00431	0.78898
2	0.11123	0.01501	0.02064	0.02472	0.27602	0.01515	0.03241	0.09742	0.05936	0.04615	0.04202	0.02645	0.08353	0.00890	0.00704	0.00217	0.00701	0.03219	0.00515	0.08743
3	0.01122	0.00753	0.01029	0.01163	0.01288	0.00723	0.00909	0.01355	0.01574	0.05085	0.06726	0.39159	0.04491	0.02064	0.00949	0.00306	0.00535	0.29422	0.00688	0.00658
4	0.02763	0.02036	0.02182	0.01672	0.02254	0.02254	0.01382	0.67496	0.03418	0.04581	0.01745	0.01745	0.01236	0.00873	0.00727	0.00218	0.00800	0.00654	0.00727	0.01236
5	0.01507	0.01292	0.01507	0.01077	0.01723	0.00969	0.00861	0.01830	0.01507	0.02369	0.01292	0.01507	0.01077	0.00538	0.00538	0.00108	0.00538	0.00431	0.00431	0.78898
6	0.01068	0.00819	0.01006	0.01045	0.01252	0.00778	0.00849	0.01447	0.05278	0.02337	0.21332	0.06831	0.25914	0.01770	0.00907	0.00275	0.00486	0.25220	0.00708	0.00681
7	0.02133	0.01254	0.01612	0.08436	0.02064	0.01283	0.01199	0.17880	0.02144	0.22396	0.02831	0.14573	0.02565	0.01330	0.00819	0.00260	0.00677	0.14856	0.00716	0.00971
8	0.01394	0.00806	0.01029	0.01017	0.01159	0.00768	0.00735	0.01553	0.01480	0.12466	0.09590	0.14820	0.03528	0.31872	0.02055	0.00455	0.00609	0.13388	0.00624	0.00653
9	0.07778	0.01445	0.01664	0.01356	0.01715	0.01611	0.01106	0.19964	0.01914	0.02941	0.01537	0.01835	0.01240	0.01056	0.03758	0.00248	0.17375	0.00595	0.14479	0.16381
10	0.01105	0.00795	0.00997	0.01050	0.01167	0.00778	0.00736	0.07674	0.01695	0.02293	0.15313	0.51381	0.04714	0.05421	0.01027	0.00295	0.00459	0.01745	0.00691	0.00664
11	0.01830	0.63345	0.03466	0.01405	0.05671	0.02584	0.01244	0.02064	0.01479	0.01763	0.01328	0.08427	0.01330	0.00788	0.00527	0.00173	0.00747	0.00570	0.00350	0.00911
12	0.06901	0.63027	0.06433	0.01286	0.01914	0.02711	0.01285	0.05875	0.01574	0.01997	0.01065	0.01216	0.00940	0.00642	0.00490	0.00167	0.00778	0.00410	0.00343	0.00947
13	0.01929	0.09145	0.02603	0.02057	0.09416	0.10212	0.13650	0.09618	0.05339	0.02470	0.01402	0.01660	0.01128	0.00705	0.00773	0.00192	0.05461	0.00592	0.00435	0.21212
14	0.11240	0.01692	0.01870	0.05848	0.18252	0.11220	0.01370	0.07026	0.11587	0.06427	0.02267	0.10845	0.05306	0.01009	0.00715	0.00231	0.00755	0.00841	0.00538	0.00961

[dist]
# distance from previous block
# <min> <max>
0	24

[block]
# block no. 1 follows, 28 sequences, length 11
# corresponding to MSA columns:
# 195-205
name=unknown_B
#
# <colnr> <probs for GDERKNQSTAVLIFYWHMCP>
#	G	D	E	R	K	N	Q	S	T	A	V	L	I	F	Y	W	H	M	C	P
0	0.00882	0.00647	0.00829	0.00975	0.01044	0.00594	0.00658	0.01016	0.01428	0.01870	0.04463	0.64871	0.13622	0.02218	0.00918	0.00288	0.00414	0.01994	0.00675	0.00594
1	0.13240	0.01569	0.01578	0.01318	0.01773	0.11659	0.01049	0.05696	0.04798	0.36906	0.05329	0.07951	0.01989	0.00985	0.00703	0.00226	0.00692	0.00779	0.00724	0.01037
2	0.09445	0.01985	0.02233	0.01751	0.02297	0.10196	0.10227	0.30040	0.09429	0.12354	0.01843	0.01869	0.01319	0.00820	0.00713	0.00223	0.00850	0.00664	0.00636	0.01106
3	0.01535	0.01269	0.01477	0.01121	0.01679	0.01032	0.00882	0.07586	0.01662	0.02497	0.01702	0.11383	0.01598	0.00805	0.00608	0.00143	0.00546	0.00673	0.00490	0.61311
4	0.02109	0.01587	0.01751	0.01415	0.01939	0.01654	0.01132	0.19365	0.30192	0.09409	0.02249	0.02161	0.01662	0.00843	0.00688	0.00204	0.00627	0.00678	0.00678	0.19658
5	0.01449	0.01263	0.01927	0.02612	0.33950	0.01213	0.01384	0.01716	0.01449	0.02061	0.01946	0.12251	0.02010	0.19428	0.01473	0.00335	0.00720	0.00913	0.00432	0.11469
6	0.01051	0.00789	0.01119	0.01401	0.07320	0.00763	0.00940	0.01257	0.01479	0.01972	0.03664	0.47064	0.04231	0.04739	0.01033	0.00314	0.00539	0.19031	0.00636	0.00656
7	0.01881	0.01855	0.02864	0.02979	0.26026	0.06532	0.16650	0.09112	0.01765	0.02443	0.01372	0.01793	0.01125	0.00809	0.01086	0.00240	0.16014	0.00683	0.03764	0.01006
8	0.00886	0.00633	0.00843	0.01012	0.01054	0.00590	0.00675	0.01012	0.01392	0.01856	0.04006	0.73979	0.04808	0.02277	0.00928	0.00295	0.00422	0.02066	0.00675	0.00590
9	0.02001	0.65187	0.06225	0.01329	0.01952	0.06772	0.01314	0.04764	0.01588	0.01849	0.01057	0.01211	0.00944	0.00642	0.00496	0.00163	0.00821	0.00409	0.00331	0.00945
10	0.05621	0.26752	0.18236	0.01701	0.04797	0.05554	0.03378	0.11929	0.08897	0.02539	0.01429	0.01559	0.01120	0.00720	0.00615	0.00199	0.00851	0.00534	0.00432	0.03136

[dist]
# distance from previous block
# <min> <max>
1	17

[block]
# block no. 2 follows, 28 sequences, length 18
# corresponding to MSA columns:
# 223-240
name=unknown_C
#
# <colnr> <probs for GDERKNQSTAVLIFYWHMCP>
#	G	D	E	R	K	N	Q	S	T	A	V	L	I	F	Y	W	H	M	C	P
0	0.16023	0.01241	0.01553	0.01336	0.01680	0.03076	0.07754	0.09398	0.01824	0.11420	0.11433	0.24602	0.03058	0.01326	0.00768	0.00247	0.00613	0.01158	0.00645	0.00844
1	0.01233	0.00900	0.01166	0.08515	0.01656	0.00921	0.00964	0.01633	0.07451	0.05128	0.06220	0.14670	0.13962	0.12290	0.01294	0.00343	0.00602	0.19728	0.00623	0.00700
2	0.01038	0.00779	0.01168	0.01168	0.01298	0.00909	0.00909	0.01298	0.01168	0.01687	0.01947	0.02856	0.01817	0.05452	0.71573	0.01168	0.01947	0.00779	0.00389	0.00649
3	0.01611	0.01573	0.05819	0.33770	0.12717	0.01602	0.01741	0.06726	0.10568	0.02379	0.01556	0.01919	0.01193	0.00729	0.00696	0.00216	0.00828	0.00630	0.00428	0.13299
4	0.02001	0.01518	0.01649	0.01455	0.01886	0.01710	0.01140	0.03820	0.59751	0.12009	0.02946	0.02680	0.02163	0.00975	0.00738	0.00244	0.00581	0.00810	0.00761	0.01162
5	0.02763	0.02036	0.02182	0.01672	0.02254	0.02254	0.01382	0.67496	0.03418	0.04581	0.01745	0.01745	0.01236	0.00873	0.00727	0.00218	0.00800	0.00654	0.00727	0.01236
6	0.00886	0.00633	0.00843	0.01012	0.01054	0.00590	0.00675	0.01012	0.01392	0.01856	0.04006	0.73979	0.04808	0.02277	0.00928	0.00295	0.00422	0.02066	0.00675	0.00590
7	0.02763	0.02036	0.02182	0.01672	0.02254	0.02254	0.01382	0.67496	0.03418	0.04581	0.01745	0.01745	0.01236	0.00873	0.00727	0.00218	0.00800	0.00654	0.00727	0.01236
8	0.01921	0.01958	0.02832	0.04117	0.60912	0.11019	0.02121	0.02320	0.01709	0.02295	0.01335	0.01734	0.01123	0.00661	0.00711	0.00212	0.00923	0.00624	0.00362	0.01110
9	0.00886	0.00633	0.00843	0.01012	0.01054	0.00590	0.00675	0.01012	0.01392	0.01856	0.04006	0.73979	0.04808	0.02277	0.00928	0.00295	0.00422	0.02066	0.00675	0.00590
10	0.02504	0.02274	0.01924	0.01639	0.02098	0.24653	0.01285	0.20086	0.22968	0.10016	0.02033	0.01977	0.01500	0.00870	0.00708	0.00218	0.00879	0.00653	0.00634	0.01081
11	0.01615	0.11823	0.47608	0.11358	0.03163	0.07974	0.02313	0.02281	0.01563	0.02127	0.01252	0.01525	0.00930	0.00692	0.00666	0.00219	0.01046	0.00528	0.00316	0.01002
12	0.01178	0.00998	0.01579	0.12590	0.07012	0.01026	0.06916	0.03426	0.01519	0.02025	0.03120	0.38290	0.06533	0.01915	0.05745	0.00334	0.00733	0.03783	0.00552	0.00727
13	0.10931	0.01807	0.01964	0.07921	0.05356	0.05388	0.01347	0.33083	0.10617	0.11576	0.01857	0.01885	0.01331	0.00839	0.00695	0.00224	0.00769	0.00645	0.00649	0.01116
14	0.01501	0.01383	0.02217	0.39531	0.03710	0.01534	0.10338	0.04984	0.07508	0.02227	0.04762	0.02263	0.01483	0.04457	0.00881	0.00251	0.00873	0.00720	0.00423	0.08953
15	0.13297	0.01682	0.02120	0.22059	0.03005	0.05130	0.08625	0.14431	0.17097	0.02877	0.01724	0.01940	0.01288	0.00793	0.00700	0.00234	0.00833	0.00665	0.00517	0.00981
16	0.56119	0.01357	0.01211	0.07306	0.01734	0.01543	0.00912	0.07154	0.01485	0.03070	0.01940	0.02066	0.10001	0.00850	0.00551	0.00229	0.00591	0.00588	0.00491	0.00802
17	0.05925	0.01577	0.01936	0.42603	0.03654	0.10848	0.01632	0.05369	0.05014	0.05362	0.01674	0.08216	0.01408	0.00892	0.00721	0.00237	0.00900	0.00747	0.00436	0.00851

[dist]
# distance from previous block
# <min> <max>
0	22

[block]
# block no. 3 follows, 28 sequences, length 17
# corresponding to MSA columns:
# 263-279
name=unknown_D
#
# <colnr> <probs for GDERKNQSTAVLIFYWHMCP>
#	G	D	E	R	K	N	Q	S	T	A	V	L	I	F	Y	W	H	M	C	P
0	0.05827	0.06694	0.02063	0.24946	0.02961	0.01785	0.01446	0.18083	0.11542	0.07108	0.01704	0.01899	0.01263	0.00780	0.00677	0.00215	0.00772	0.00626	0.00533	0.09075
1	0.14014	0.17802	0.02157	0.01523	0.07394	0.09670	0.01160	0.05510	0.01664	0.09399	0.01406	0.01590	0.01125	0.01011	0.05568	0.00247	0.00830	0.00505	0.00455	0.16972
2	0.07684	0.01800	0.02093	0.01625	0.02171	0.04135	0.08022	0.34247	0.09856	0.03598	0.05984	0.02020	0.01621	0.00835	0.00704	0.00210	0.00756	0.00681	0.00626	0.11331
3	0.07606	0.31119	0.05452	0.07398	0.09906	0.02253	0.01462	0.17592	0.01975	0.06927	0.01374	0.01532	0.01075	0.00716	0.00601	0.00196	0.00794	0.00528	0.00462	0.01033
4	0.06810	0.01125	0.01223	0.05615	0.01632	0.01212	0.00915	0.02269	0.27759	0.02452	0.04275	0.15297	0.23735	0.01424	0.00786	0.00252	0.00509	0.01204	0.00662	0.00844
5	0.01102	0.00828	0.01147	0.01436	0.10081	0.00811	0.00867	0.01253	0.01351	0.01817	0.03061	0.32430	0.03516	0.26295	0.01843	0.00428	0.00608	0.09949	0.00554	0.00624
6	0.01344	0.01562	0.11077	0.57514	0.04436	0.01540	0.01996	0.01846	0.01459	0.01916	0.01517	0.07820	0.01279	0.00850	0.00739	0.00245	0.00938	0.00749	0.00350	0.00825
7	0.02474	0.02029	0.01985	0.01571	0.02089	0.11095	0.01270	0.46751	0.02941	0.03858	0.08641	0.02050	0.01765	0.00892	0.00716	0.00206	0.00798	0.00680	0.00664	0.07525
8	0.13722	0.01715	0.01445	0.01321	0.01653	0.18121	0.01007	0.06934	0.10767	0.07860	0.09239	0.15778	0.05142	0.01191	0.00725	0.00233	0.00709	0.00962	0.00611	0.00862
9	0.02757	0.02224	0.02166	0.01699	0.02253	0.11363	0.01385	0.59003	0.03239	0.04213	0.01663	0.01688	0.01197	0.00856	0.00718	0.00214	0.00867	0.00630	0.00681	0.01184
10	0.01507	0.01292	0.01507	0.01077	0.01723	0.00969	0.00861	0.01830	0.01507	0.02369	0.01292	0.01507	0.01077	0.00538	0.00538	0.00108	0.00538	0.00431	0.00431	0.78898
11	0.01183	0.00937	0.01020	0.00966	0.01240	0.00891	0.00757	0.09932	0.03766	0.02434	0.11146	0.08478	0.44605	0.01693	0.00856	0.00251	0.00462	0.07969	0.00693	0.00721
12	0.01556	0.01385	0.02199	0.54127	0.04298	0.01646	0.05015	0.10481	0.01742	0.02264	0.01571	0.02430	0.01275	0.00846	0.00756	0.00247	0.00934	0.05961	0.00407	0.00861
13	0.01483	0.00945	0.01119	0.01077	0.01258	0.00961	0.00752	0.02005	0.15896	0.11738	0.03022	0.24347	0.03068	0.26861	0.01821	0.00417	0.00581	0.01257	0.00640	0.00752
14	0.01863	0.01685	0.02184	0.01756	0.02218	0.10449	0.16218	0.12915	0.01966	0.05919	0.02195	0.15665	0.02094	0.01109	0.00781	0.00229	0.00833	0.06656	0.00548	0.12718
15	0.01067	0.00767	0.00929	0.00992	0.01094	0.00745	0.00699	0.04314	0.01469	0.01918	0.03811	0.30930	0.12539	0.23547	0.01744	0.00413	0.00555	0.11269	0.00607	0.00592
16	0.05592	0.01118	0.01224	0.01144	0.01348	0.05391	0.03061	0.07852	0.01610	0.04749	0.03087	0.14181	0.10155	0.26286	0.01799	0.00411	0.00678	0.09070	0.00567	0.00679

[dist]
# distance from previous block
# <min> <max>
0	18

[block]
# block no. 4 follows, 28 sequences, length 12
# corresponding to MSA columns:
# 298-309
name=unknown_E
#
# <colnr> <probs for GDERKNQSTAVLIFYWHMCP>
#	G	D	E	R	K	N	Q	S	T	A	V	L	I	F	Y	W	H	M	C	P
0	0.06026	0.02510	0.02118	0.07518	0.02443	0.38523	0.07688	0.05551	0.03579	0.07490	0.01683	0.04600	0.03402	0.00863	0.00747	0.00215	0.03042	0.00656	0.00459	0.00888
1	0.08796	0.01322	0.01676	0.01684	0.11297	0.01321	0.01160	0.02962	0.17711	0.28919	0.07556	0.02898	0.07541	0.00983	0.00727	0.00231	0.00599	0.00818	0.00723	0.01078
2	0.01507	0.01292	0.01507	0.01077	0.01723	0.00969	0.00861	0.01830	0.01507	0.02369	0.01292	0.01507	0.01077	0.00538	0.00538	0.00108	0.00538	0.00431	0.00431	0.78898
3	0.01668	0.01556	0.02536	0.03712	0.54237	0.01570	0.01915	0.02194	0.07298	0.02357	0.01882	0.12264	0.01768	0.00911	0.00751	0.00230	0.00776	0.00867	0.00437	0.01071
4	0.01171	0.00837	0.01171	0.01339	0.01506	0.00837	0.01171	0.01506	0.01673	0.02175	0.03849	0.08199	0.04183	0.02008	0.01004	0.00335	0.00669	0.65027	0.00669	0.00669
5	0.00939	0.00655	0.00828	0.00943	0.00972	0.00626	0.00601	0.01026	0.01287	0.01716	0.03469	0.52306	0.04130	0.24875	0.01796	0.00423	0.00510	0.01750	0.00601	0.00543
6	0.01884	0.01930	0.02738	0.11529	0.53104	0.11761	0.02089	0.02287	0.01691	0.02233	0.01324	0.01744	0.01101	0.00671	0.00711	0.00215	0.00939	0.00622	0.00358	0.01069
7	0.01821	0.01626	0.02058	0.08022	0.15806	0.06983	0.03907	0.06394	0.01736	0.05494	0.01401	0.01663	0.01115	0.00634	0.00634	0.00165	0.00750	0.00540	0.00441	0.38808
8	0.01567	0.19727	0.55675	0.01886	0.02859	0.01955	0.02362	0.02274	0.01522	0.02169	0.01239	0.01452	0.00924	0.00675	0.00640	0.00213	0.01008	0.00504	0.00308	0.01043
9	0.01101	0.01200	0.11134	0.01259	0.01512	0.01000	0.01116	0.01418	0.01209	0.01747	0.01890	0.02863	0.01774	0.11918	0.54338	0.00985	0.01693	0.00773	0.00383	0.00689
10	0.00986	0.00739	0.00912	0.01001	0.01148	0.00687	0.00767	0.01194	0.01566	0.02003	0.08271	0.23712	0.24794	0.08143	0.01161	0.00323	0.00500	0.20821	0.00660	0.00614
11	0.08121	0.01908	0.02117	0.02037	0.11872	0.10125	0.04530	0.25402	0.10572	0.07295	0.01935	0.02352	0.01541	0.00905	0.00727	0.00229	0.00823	0.05833	0.00602	0.01075

[dist]
# distance from previous block
# <min> <max>
1	19

[block]
# block no. 5 follows, 28 sequences, length 9
# corresponding to MSA columns:
# 329-337
name=unknown_F
#
# <colnr> <probs for GDERKNQSTAVLIFYWHMCP>
#	G	D	E	R	K	N	Q	S	T	A	V	L	I	F	Y	W	H	M	C	P
0	0.02359	0.01840	0.02229	0.12388	0.10770	0.02011	0.01543	0.45628	0.02790	0.03768	0.01603	0.01764	0.01176	0.00802	0.00714	0.00214	0.00815	0.00637	0.00604	0.06345
1	0.02210	0.21078	0.02324	0.08469	0.02211	0.01933	0.01259	0.07679	0.23743	0.18482	0.02165	0.02097	0.01583	0.00835	0.00662	0.00215	0.00695	0.00655	0.00620	0.01085
2	0.01115	0.00970	0.01592	0.01700	0.09742	0.00913	0.10619	0.01355	0.01498	0.01999	0.03664	0.47802	0.10523	0.01792	0.00885	0.00273	0.00587	0.01663	0.00592	0.00718
3	0.01006	0.00724	0.00948	0.01064	0.01170	0.00692	0.00802	0.01212	0.01534	0.02025	0.10433	0.34194	0.09589	0.09268	0.01216	0.00338	0.00517	0.21995	0.00662	0.00612
4	0.12779	0.01467	0.01822	0.05734	0.24852	0.08278	0.01409	0.01896	0.01538	0.02232	0.02071	0.11616	0.02113	0.08242	0.01033	0.00291	0.00772	0.10548	0.00465	0.00842
5	0.08593	0.02055	0.02424	0.06104	0.15375	0.13722	0.09586	0.19942	0.04807	0.02917	0.01456	0.01695	0.01126	0.00754	0.00745	0.00217	0.02915	0.00621	0.00485	0.04464
6	0.09474	0.01699	0.01845	0.01516	0.01981	0.07684	0.05831	0.16468	0.20929	0.09647	0.10196	0.02445	0.02159	0.00920	0.00716	0.00224	0.00706	0.00753	0.00662	0.04145
7	0.04492	0.01602	0.02316	0.13079	0.15187	0.03590	0.09426	0.11715	0.07794	0.15868	0.03813	0.02284	0.03850	0.00832	0.00741	0.00229	0.00815	0.00740	0.00570	0.01056
8	0.12362	0.01941	0.01955	0.10456	0.10853	0.17394	0.03100	0.10604	0.11197	0.02720	0.08751	0.02132	0.01794	0.00847	0.00692	0.00220	0.00843	0.00674	0.00516	0.00949

[dist]
# distance from previous block
# <min> <max>
4	38

[block]
# block no. 6 follows, 28 sequences, length 12
# corresponding to MSA columns:
# 380-391
name=unknown_G
#
# <colnr> <probs for GDERKNQSTAVLIFYWHMCP>
#	G	D	E	R	K	N	Q	S	T	A	V	L	I	F	Y	W	H	M	C	P
0	0.09106	0.05776	0.01547	0.01303	0.01627	0.01460	0.01041	0.18147	0.11904	0.02880	0.02798	0.24106	0.02823	0.01443	0.00788	0.00260	0.00611	0.10842	0.00653	0.00885
1	0.01193	0.00961	0.00958	0.00906	0.01180	0.04964	0.00681	0.01399	0.01707	0.06774	0.10839	0.12461	0.45294	0.01645	0.00825	0.00236	0.00456	0.01382	0.00667	0.05473
2	0.01634	0.01382	0.01888	0.21272	0.19776	0.06793	0.01448	0.01912	0.01476	0.07207	0.01739	0.02792	0.01610	0.24168	0.01665	0.00377	0.00857	0.00770	0.00419	0.00815
3	0.01869	0.09269	0.32349	0.02250	0.10077	0.01902	0.08956	0.12532	0.01861	0.06035	0.01431	0.01658	0.01062	0.00742	0.00791	0.00226	0.04891	0.00603	0.00416	0.01078
4	0.01768	0.01502	0.02022	0.01859	0.08121	0.05373	0.10994	0.05319	0.19272	0.07348	0.12786	0.07117	0.02611	0.01040	0.00852	0.00237	0.04514	0.00913	0.05391	0.00963
5	0.01205	0.00791	0.01116	0.01102	0.01263	0.00727	0.04201	0.01393	0.01552	0.09188	0.11122	0.45068	0.09454	0.06913	0.01082	0.00302	0.00491	0.01668	0.00680	0.00681
6	0.01669	0.10642	0.20764	0.02192	0.10068	0.01761	0.13608	0.05774	0.01658	0.02342	0.01465	0.02018	0.01224	0.00768	0.00800	0.00215	0.05340	0.04541	0.00389	0.12763
7	0.01715	0.06957	0.10561	0.10978	0.08768	0.01822	0.21991	0.10054	0.01783	0.02426	0.01635	0.06002	0.01413	0.00880	0.00899	0.00244	0.06630	0.03861	0.00422	0.00962
8	0.01919	0.01395	0.05241	0.01375	0.01805	0.01279	0.04749	0.12043	0.11245	0.16800	0.02945	0.13147	0.08075	0.06384	0.03269	0.00297	0.00691	0.00998	0.00662	0.05682
9	0.01653	0.01575	0.02474	0.10001	0.07952	0.03250	0.18067	0.07082	0.01699	0.02381	0.05522	0.02118	0.01503	0.04493	0.01041	0.00236	0.08266	0.00705	0.00430	0.19550
10	0.01489	0.03724	0.02137	0.09625	0.06428	0.03119	0.13705	0.05234	0.06307	0.02289	0.09274	0.11252	0.05892	0.01275	0.01029	0.05073	0.04809	0.05999	0.00517	0.00823
11	0.05678	0.04632	0.17685	0.07694	0.07213	0.09487	0.15379	0.05728	0.01792	0.09394	0.05606	0.01962	0.01440	0.00769	0.00758	0.00226	0.02439	0.00675	0.00451	0.00990

[dist]
# distance from previous block
# <min> <max>
44	202

[block]
# block no. 7 follows, 28 sequences, length 11
# corresponding to MSA columns:
# 622-631,640
name=unknown_H
#
# <colnr> <probs for GDERKNQSTAVLIFYWHMCP>
#	G	D	E	R	K	N	Q	S	T	A	V	L	I	F	Y	W	H	M	C	P
0	0.01939	0.12262	0.17272	0.06274	0.13572	0.04530	0.01727	0.15041	0.04198	0.04904	0.01501	0.01786	0.01182	0.03765	0.00788	0.00225	0.00858	0.00591	0.00452	0.07132
1	0.14057	0.15569	0.04711	0.01484	0.04298	0.12471	0.01211	0.15261	0.06598	0.04441	0.05259	0.02142	0.05178	0.03467	0.00743	0.00225	0.00779	0.00641	0.00520	0.00945
2	0.05843	0.02001	0.14672	0.05263	0.09805	0.05698	0.07712	0.06547	0.01737	0.10574	0.05218	0.01995	0.01467	0.01035	0.04313	0.00270	0.07365	0.00658	0.00471	0.07358
3	0.18646	0.05582	0.11501	0.04074	0.04750	0.13553	0.08228	0.15288	0.01987	0.02877	0.05786	0.01769	0.01377	0.00774	0.00661	0.00217	0.00893	0.00603	0.00474	0.00959
4	0.04741	0.06292	0.01598	0.01444	0.05249	0.07396	0.01085	0.07095	0.06812	0.02314	0.08124	0.05713	0.06948	0.04314	0.17571	0.00473	0.02998	0.08497	0.00533	0.00803
5	0.01423	0.01356	0.02314	0.60715	0.07697	0.01596	0.06245	0.01904	0.01483	0.01943	0.01307	0.01907	0.00993	0.00704	0.00724	0.00233	0.00955	0.00647	0.00334	0.05521
6	0.01120	0.00810	0.00957	0.00943	0.01084	0.00785	0.00676	0.05166	0.01637	0.02176	0.19541	0.10185	0.15506	0.26691	0.01848	0.00411	0.00542	0.08681	0.00627	0.00614
7	0.01437	0.01118	0.01229	0.01044	0.01402	0.04110	0.00810	0.05530	0.01849	0.06372	0.22301	0.04205	0.16363	0.04939	0.00900	0.00226	0.00518	0.03630	0.00636	0.21381
8	0.02763	0.02036	0.02182	0.01672	0.02254	0.02254	0.01382	0.67496	0.03418	0.04581	0.01745	0.01745	0.01236	0.00873	0.00727	0.00218	0.00800	0.00654	0.00727	0.01236
9	0.04652	0.02148	0.07653	0.05174	0.05286	0.20564	0.01399	0.07069	0.10674	0.15797	0.04047	0.04194	0.03689	0.00922	0.00771	0.00224	0.03461	0.00708	0.00571	0.00996
10	0.15783	0.01895	0.07400	0.01526	0.02035	0.03973	0.01326	0.26897	0.14171	0.07436	0.01905	0.02139	0.01460	0.00918	0.00780	0.00236	0.04663	0.03770	0.00621	0.01066

[dist]
# distance from previous block
# <min> <max>
4	30

[block]
# block no. 8 follows, 28 sequences, length 7
# corresponding to MSA columns:
# 678-684
name=unknown_I
#
# <colnr> <probs for GDERKNQSTAVLIFYWHMCP>
#	G	D	E	R	K	N	Q	S	T	A	V	L	I	F	Y	W	H	M	C	P
0	0.05156	0.12275	0.16607	0.01656	0.02307	0.10874	0.01580	0.26254	0.04814	0.09310	0.01597	0.01651	0.01163	0.00785	0.00666	0.00210	0.00886	0.00574	0.00545	0.01092
1	0.01335	0.01110	0.01295	0.01428	0.07615	0.04942	0.00954	0.07376	0.05455	0.02386	0.14357	0.28810	0.09741	0.05139	0.00985	0.00279	0.00564	0.04824	0.00646	0.00759
2	0.02345	0.12334	0.11295	0.01597	0.02185	0.25825	0.01424	0.09262	0.01972	0.11610	0.01460	0.01554	0.01103	0.00726	0.00635	0.00185	0.00946	0.00516	0.00473	0.12552
3	0.01490	0.01315	0.01193	0.01152	0.01332	0.15489	0.00828	0.01676	0.01645	0.06255	0.16779	0.18128	0.06265	0.14983	0.07835	0.00406	0.00792	0.01169	0.00584	0.00683
4	0.01780	0.21464	0.28394	0.01650	0.02319	0.12658	0.01743	0.06414	0.01703	0.02153	0.01618	0.11822	0.01505	0.00922	0.00664	0.00213	0.00923	0.00716	0.00399	0.00943
5	0.02089	0.01686	0.01668	0.01444	0.01818	0.17198	0.04774	0.04648	0.11308	0.16955	0.11521	0.08370	0.06309	0.01132	0.00764	0.00229	0.00739	0.03316	0.03107	0.00927
6	0.01141	0.00789	0.01009	0.01004	0.01155	0.00740	0.00697	0.01290	0.01323	0.04837	0.02855	0.33246	0.03183	0.19971	0.12397	0.00500	0.00749	0.01342	0.00551	0.11221

[dist]
# distance from previous block
# <min> <max>
0	1

[block]
# block no. 9 follows, 28 sequences, length 6
# corresponding to MSA columns:
# 686-691
name=unknown_J
#
# <colnr> <probs for GDERKNQSTAVLIFYWHMCP>
#	G	D	E	R	K	N	Q	S	T	A	V	L	I	F	Y	W	H	M	C	P
0	0.01664	0.01340	0.01472	0.01314	0.01681	0.01441	0.01034	0.14000	0.29912	0.02962	0.07453	0.10145	0.10548	0.01271	0.00785	0.00244	0.00567	0.06060	0.00705	0.05401
1	0.01900	0.45606	0.11553	0.01530	0.02070	0.09678	0.01500	0.02190	0.01479	0.01797	0.01048	0.01303	0.00936	0.00761	0.00859	0.00197	0.13902	0.00460	0.00318	0.00916
2	0.15745	0.02033	0.13843	0.10116	0.32171	0.04739	0.01932	0.02255	0.03787	0.02445	0.01314	0.01660	0.01048	0.00705	0.00721	0.00226	0.03293	0.00581	0.00375	0.01012
3	0.02628	0.15851	0.02363	0.01682	0.02149	0.42622	0.01346	0.13138	0.02174	0.07625	0.01340	0.01446	0.01052	0.00758	0.00639	0.00189	0.01079	0.00504	0.00461	0.00953
4	0.32197	0.06053	0.15855	0.01595	0.02211	0.01615	0.13183	0.02223	0.01538	0.07315	0.08329	0.01916	0.01572	0.00762	0.00634	0.00226	0.00778	0.00623	0.00465	0.00908
5	0.01026	0.00692	0.00802	0.00832	0.00840	0.00684	0.00483	0.01049	0.01117	0.01490	0.02600	0.17228	0.03033	0.61451	0.03200	0.00631	0.00654	0.01239	0.00483	0.00467

[dist]
# distance from previous block
# <min> <max>
6	33

[block]
# block no. 10 follows, 28 sequences, length 9
# corresponding to MSA columns:
# 725-733
name=unknown_K
#
# <colnr> <probs for GDERKNQSTAVLIFYWHMCP>
#	G	D	E	R	K	N	Q	S	T	A	V	L	I	F	Y	W	H	M	C	P
0	0.02358	0.02825	0.02274	0.02430	0.16621	0.46694	0.01607	0.02594	0.01838	0.01902	0.01151	0.01455	0.00985	0.00803	0.00918	0.00212	0.11539	0.00531	0.00363	0.00902
1	0.01373	0.01292	0.02180	0.72707	0.05006	0.01615	0.02019	0.01857	0.01453	0.01857	0.01292	0.01938	0.00969	0.00727	0.00727	0.00242	0.00969	0.00646	0.00323	0.00807
2	0.01635	0.21788	0.12252	0.01315	0.01783	0.01719	0.01258	0.11170	0.01666	0.02307	0.01635	0.02120	0.01407	0.05861	0.19201	0.00470	0.01072	0.00620	0.09856	0.00866
3	0.02763	0.02036	0.02182	0.01672	0.02254	0.02254	0.01382	0.67496	0.03418	0.04581	0.01745	0.01745	0.01236	0.00873	0.00727	0.00218	0.00800	0.00654	0.00727	0.01236
4	0.01030	0.00740	0.00913	0.00920	0.01019	0.00738	0.00643	0.01184	0.01364	0.01826	0.12778	0.05125	0.13142	0.33993	0.15390	0.00623	0.00833	0.06638	0.00537	0.00560
5	0.01099	0.00774	0.00873	0.00879	0.01115	0.00670	0.00670	0.01296	0.01657	0.07881	0.06175	0.16343	0.48534	0.01837	0.00871	0.00259	0.00425	0.07279	0.00694	0.00669
6	0.02555	0.01835	0.01959	0.01525	0.02046	0.02021	0.01252	0.57755	0.03137	0.04304	0.01838	0.01888	0.01329	0.00869	0.00695	0.00211	0.00732	0.00658	0.12239	0.01153
7	0.20859	0.01750	0.01835	0.01439	0.01986	0.01903	0.01188	0.41094	0.02675	0.15679	0.01768	0.01739	0.01229	0.00831	0.00663	0.00221	0.00713	0.00607	0.00692	0.01131
8	0.01800	0.01381	0.01543	0.01315	0.01740	0.01453	0.01033	0.08076	0.36095	0.08049	0.15118	0.02951	0.02813	0.00998	0.00730	0.00219	0.00547	0.00837	0.00716	0.12586

[dist]
# distance from previous block
# <min> <max>
5	10

[block]
# block no. 11 follows, 28 sequences, length 6
# corresponding to MSA columns:
# 744-749
name=unknown_L
#
# <colnr> <probs for GDERKNQSTAVLIFYWHMCP>
#	G	D	E	R	K	N	Q	S	T	A	V	L	I	F	Y	W	H	M	C	P
0	0.01194	0.00632	0.00928	0.00959	0.00966	0.00624	0.00639	0.00959	0.01027	0.01370	0.01758	0.15180	0.01903	0.02480	0.02495	0.64654	0.00593	0.00891	0.00381	0.00365
1	0.06020	0.00793	0.00985	0.01009	0.01121	0.00847	0.00745	0.01332	0.01254	0.01856	0.02403	0.04434	0.02501	0.29602	0.23260	0.00703	0.01035	0.12793	0.06721	0.00587
2	0.09438	0.24726	0.12951	0.01542	0.02133	0.23093	0.01445	0.02614	0.01730	0.12134	0.01365	0.01461	0.01047	0.00717	0.00596	0.00193	0.00941	0.00487	0.00429	0.00959
3	0.09271	0.01800	0.02894	0.02201	0.02708	0.08298	0.34430	0.05540	0.01681	0.02419	0.01501	0.01941	0.01191	0.01165	0.07506	0.00321	0.05939	0.00727	0.07577	0.00891
4	0.01692	0.08485	0.03130	0.02237	0.02743	0.06868	0.34263	0.04898	0.01691	0.02216	0.03995	0.05596	0.01640	0.01348	0.08322	0.00338	0.05822	0.03407	0.00419	0.00889
5	0.07699	0.15319	0.02620	0.01712	0.02243	0.08164	0.16494	0.02455	0.06544	0.10902	0.07049	0.02036	0.01657	0.00786	0.00745	0.00208	0.03836	0.00669	0.00497	0.08366

[dist]
# distance from previous block
# <min> <max>
1	51

[block]
# block no. 12 follows, 28 sequences, length 37
# corresponding to MSA columns:
# 817-853
name=unknown_M
#
# <colnr> <probs for GDERKNQSTAVLIFYWHMCP>
#	G	D	E	R	K	N	Q	S	T	A	V	L	I	F	Y	W	H	M	C	P
0	0.05183	0.01789	0.08752	0.11575	0.06341	0.05855	0.05300	0.11495	0.07584	0.10530	0.02406	0.04865	0.08725	0.00963	0.00798	0.00233	0.03635	0.00791	0.00546	0.02633
1	0.02251	0.06431	0.06096	0.04343	0.02231	0.16173	0.01416	0.26489	0.11291	0.03031	0.01738	0.04594	0.01394	0.00918	0.00829	0.00223	0.06501	0.00671	0.02351	0.01029
2	0.01323	0.10404	0.15954	0.07384	0.02054	0.01357	0.02795	0.01826	0.06823	0.02065	0.06357	0.11220	0.06951	0.11454	0.03105	0.00332	0.00770	0.06538	0.00490	0.00798
3	0.01630	0.12904	0.34175	0.02166	0.02972	0.01934	0.19613	0.02384	0.06891	0.02254	0.01420	0.01694	0.01077	0.00717	0.00804	0.00230	0.05125	0.00631	0.00359	0.01020
4	0.02233	0.01646	0.01966	0.01939	0.12081	0.01789	0.01351	0.17924	0.34310	0.13055	0.02435	0.02324	0.01778	0.00898	0.00733	0.00232	0.00675	0.00745	0.00704	0.01183
5	0.02202	0.02354	0.25733	0.01684	0.02382	0.04212	0.03484	0.18444	0.02148	0.19071	0.02221	0.06260	0.04631	0.00930	0.00734	0.00229	0.00841	0.00753	0.00594	0.01092
6	0.01737	0.01769	0.02578	0.18710	0.32277	0.09183	0.05636	0.02123	0.01599	0.02130	0.04134	0.01910	0.01298	0.00796	0.00958	0.00235	0.10931	0.00666	0.00366	0.00964
7	0.01113	0.00955	0.00936	0.00986	0.01090	0.07645	0.00663	0.01230	0.01441	0.01788	0.06347	0.33691	0.15483	0.21363	0.01629	0.00383	0.00573	0.01514	0.00587	0.00583
8	0.01920	0.41690	0.21285	0.01537	0.02262	0.02413	0.01642	0.11343	0.05573	0.02341	0.01301	0.01432	0.01045	0.00696	0.00578	0.00189	0.00848	0.00490	0.00392	0.01025
9	0.01176	0.01060	0.01093	0.01154	0.01266	0.09161	0.00832	0.01332	0.01467	0.01835	0.03607	0.41799	0.10689	0.05980	0.06017	0.00363	0.04774	0.05172	0.00587	0.00635
10	0.01513	0.01516	0.05020	0.40835	0.28533	0.01618	0.02058	0.01979	0.01514	0.02054	0.01358	0.01925	0.01083	0.00970	0.04823	0.00286	0.00991	0.00650	0.00340	0.00935
11	0.01068	0.00776	0.00841	0.00803	0.01063	0.00658	0.00610	0.01280	0.01743	0.07390	0.15268	0.06438	0.56043	0.01721	0.00849	0.00242	0.00384	0.01443	0.00709	0.00671
12	0.01772	0.01889	0.08343	0.04271	0.64603	0.01724	0.02267	0.02237	0.01646	0.02369	0.01362	0.01778	0.01133	0.00651	0.00717	0.00217	0.00880	0.00639	0.00356	0.01145
13	0.01606	0.01701	0.03482	0.15272	0.09998	0.01688	0.43239	0.02124	0.01603	0.02172	0.01449	0.02003	0.01132	0.00991	0.05027	0.03279	0.01166	0.00787	0.00358	0.00921
14	0.00899	0.00642	0.00859	0.01028	0.01076	0.00602	0.00698	0.01035	0.01405	0.01871	0.03999	0.70881	0.04778	0.02265	0.00931	0.00297	0.00433	0.05032	0.00675	0.00594
15	0.01458	0.03760	0.70688	0.02072	0.03146	0.01688	0.02686	0.02302	0.01535	0.02302	0.01304	0.01535	0.00921	0.00691	0.00691	0.00230	0.01074	0.00537	0.00307	0.01074
16	0.00979	0.00771	0.01120	0.01116	0.01254	0.00713	0.05951	0.01175	0.01526	0.02032	0.13476	0.46416	0.12525	0.06078	0.01061	0.00299	0.00484	0.01741	0.00655	0.00629
17	0.01615	0.03112	0.46472	0.02347	0.03289	0.01768	0.22102	0.06283	0.01704	0.02449	0.01381	0.01676	0.00995	0.00678	0.00743	0.00234	0.01103	0.00641	0.00351	0.01056
18	0.00860	0.00731	0.00741	0.00750	0.00985	0.00613	0.00558	0.01042	0.01644	0.01959	0.07203	0.10199	0.66525	0.01862	0.00862	0.00248	0.00371	0.01560	0.00675	0.00613
19	0.08943	0.14218	0.09611	0.01561	0.02145	0.12292	0.05183	0.04680	0.08961	0.22664	0.01868	0.01846	0.01334	0.00781	0.00656	0.00212	0.00830	0.00600	0.00568	0.01047
20	0.01622	0.03621	0.58687	0.02106	0.03077	0.10000	0.06272	0.02375	0.01608	0.02241	0.01293	0.01533	0.00933	0.00693	0.00696	0.00226	0.01111	0.00548	0.00318	0.01041
21	0.00896	0.00640	0.00855	0.01024	0.01070	0.00599	0.00692	0.01030	0.01402	0.01867	0.04001	0.71642	0.04786	0.02268	0.00931	0.00297	0.00431	0.04304	0.00675	0.00593
22	0.01678	0.01615	0.02809	0.17862	0.48969	0.01671	0.06809	0.02129	0.01620	0.02259	0.01477	0.02140	0.01254	0.00725	0.00744	0.00229	0.00901	0.03695	0.00368	0.01048
23	0.01074	0.00686	0.00905	0.01021	0.01115	0.00630	0.00700	0.01215	0.01459	0.07320	0.04076	0.65083	0.07668	0.02147	0.00909	0.00287	0.00435	0.01935	0.00693	0.00643
24	0.01716	0.01961	0.04289	0.03064	0.03799	0.01838	0.67279	0.02328	0.01716	0.02328	0.01471	0.01961	0.01103	0.00613	0.00858	0.00245	0.01225	0.00858	0.00368	0.00980
25	0.02715	0.03464	0.02060	0.01873	0.02247	0.71536	0.01404	0.02903	0.02060	0.01779	0.01124	0.01311	0.00936	0.00749	0.00655	0.00187	0.01311	0.00468	0.00375	0.00843
26	0.01608	0.19189	0.41621	0.01800	0.02630	0.01831	0.05191	0.02222	0.01583	0.04762	0.04187	0.02191	0.01458	0.00815	0.00681	0.00222	0.00937	0.05691	0.00381	0.00997
27	0.01734	0.01877	0.07095	0.07918	0.45456	0.01747	0.18885	0.02238	0.01652	0.02329	0.01386	0.01833	0.01115	0.00646	0.00754	0.00226	0.00974	0.00695	0.00357	0.01083
28	0.00886	0.00633	0.00843	0.01012	0.01054	0.00590	0.00675	0.01012	0.01392	0.01856	0.04006	0.73979	0.04808	0.02277	0.00928	0.00295	0.00422	0.02066	0.00675	0.00590
29	0.01163	0.01013	0.01457	0.15490	0.13380	0.01020	0.01192	0.01474	0.01648	0.02131	0.11805	0.09039	0.28506	0.01422	0.00825	0.00248	0.00593	0.06274	0.00567	0.00753
30	0.01753	0.01957	0.05127	0.07123	0.07800	0.11668	0.07466	0.02027	0.01380	0.01883	0.01093	0.01623	0.00980	0.01032	0.01698	0.00277	0.43290	0.00630	0.00333	0.00858
31	0.02514	0.01912	0.02041	0.01622	0.02159	0.02138	0.01321	0.50872	0.20448	0.04179	0.02062	0.01998	0.01493	0.00902	0.00730	0.00226	0.00741	0.00698	0.00730	0.01214
32	0.01029	0.00781	0.00965	0.01058	0.01242	0.00731	0.00867	0.01278	0.01621	0.02037	0.05157	0.10603	0.29867	0.05752	0.01085	0.00317	0.00541	0.33778	0.00660	0.00632
33	0.04693	0.01969	0.13157	0.01529	0.02032	0.05753	0.01365	0.05869	0.41559	0.02805	0.02729	0.05871	0.05485	0.01011	0.00730	0.00241	0.00693	0.00825	0.00628	0.01055
34	0.02015	0.01446	0.01735	0.01574	0.04675	0.01619	0.01199	0.08356	0.32386	0.14803	0.07544	0.02644	0.02210	0.01275	0.05025	0.00299	0.08637	0.00799	0.00689	0.01070
35	0.02254	0.02345	0.05691	0.01880	0.05011	0.21394	0.01494	0.20021	0.13197	0.02782	0.01580	0.01745	0.01240	0.00916	0.01031	0.00234	0.15035	0.00620	0.00514	0.01014
36	0.01927	0.01775	0.05261	0.45129	0.03912	0.13693	0.01784	0.02342	0.01668	0.13357	0.01527	0.01900	0.01100	0.00758	0.00713	0.00229	0.00975	0.00624	0.00428	0.00898

[dist]
# distance from previous block
# <min> <max>
0	2

[block]
# block no. 13 follows, 28 sequences, length 7
# corresponding to MSA columns:
# 856-862
name=unknown_N
#
# <colnr> <probs for GDERKNQSTAVLIFYWHMCP>
#	G	D	E	R	K	N	Q	S	T	A	V	L	I	F	Y	W	H	M	C	P
0	0.01346	0.01049	0.01345	0.01484	0.09992	0.01047	0.00985	0.01999	0.15340	0.05583	0.25964	0.09719	0.16190	0.01394	0.00821	0.00242	0.00490	0.03466	0.00700	0.00842
1	0.01449	0.02749	0.41738	0.02118	0.02924	0.01534	0.15784	0.02134	0.01603	0.02280	0.01893	0.03075	0.01670	0.00961	0.00794	0.00256	0.01017	0.14655	0.00399	0.00967
2	0.01809	0.50632	0.09767	0.10734	0.10085	0.02475	0.01589	0.02154	0.01500	0.01859	0.01114	0.01370	0.00961	0.00645	0.00549	0.00180	0.00839	0.00464	0.00318	0.00955
3	0.01893	0.01703	0.05428	0.18251	0.17116	0.05011	0.09999	0.08261	0.04529	0.10116	0.02097	0.02497	0.05750	0.00858	0.00757	0.00234	0.00880	0.03127	0.00493	0.00999
4	0.01039	0.00697	0.00870	0.00951	0.01030	0.00688	0.00665	0.01200	0.01347	0.01886	0.03267	0.30412	0.05866	0.20562	0.07872	0.00462	0.00644	0.08611	0.11352	0.00580
5	0.01451	0.01060	0.01304	0.01272	0.01510	0.01105	0.01022	0.17166	0.02003	0.02671	0.07612	0.21464	0.06452	0.02072	0.07344	0.00363	0.00724	0.21954	0.00668	0.00783
6	0.01287	0.01119	0.01161	0.01148	0.01354	0.07312	0.00835	0.01694	0.09953	0.02018	0.03120	0.29847	0.06394	0.10575	0.05738	0.00363	0.00681	0.05281	0.00581	0.09539

[dist]
# distance from previous block
# <min> <max>
7	49

[block]
# block no. 14 follows, 28 sequences, length 36
# corresponding to MSA columns:
# 912-947
name=unknown_O
#
# <colnr> <probs for GDERKNQSTAVLIFYWHMCP>
#	G	D	E	R	K	N	Q	S	T	A	V	L	I	F	Y	W	H	M	C	P
0	0.01910	0.01703	0.06348	0.17053	0.30892	0.01677	0.01854	0.11745	0.05124	0.07908	0.01647	0.02056	0.01295	0.04609	0.00879	0.00250	0.00846	0.00678	0.00468	0.01059
1	0.05795	0.02468	0.25658	0.04101	0.07310	0.07040	0.14084	0.02402	0.07472	0.04358	0.01589	0.04604	0.01268	0.00797	0.00808	0.00232	0.04786	0.00687	0.00411	0.04130
2	0.01873	0.08729	0.08137	0.15441	0.12220	0.15572	0.01678	0.06175	0.09171	0.02237	0.01635	0.04450	0.01396	0.00878	0.00792	0.00227	0.04748	0.03263	0.00431	0.00947
3	0.02107	0.05318	0.06193	0.01964	0.09731	0.06589	0.06673	0.12548	0.06528	0.14207	0.04678	0.02451	0.01734	0.01271	0.06304	0.00305	0.05737	0.04075	0.00565	0.01022
4	0.01968	0.10196	0.06923	0.02306	0.08503	0.14976	0.22629	0.02458	0.04939	0.06665	0.01524	0.01846	0.01203	0.01118	0.06801	0.00301	0.03600	0.00671	0.00412	0.00960
5	0.01581	0.05466	0.07326	0.32602	0.17472	0.01680	0.07087	0.06339	0.01659	0.02220	0.01597	0.06267	0.01380	0.00844	0.00742	0.00237	0.00910	0.03270	0.00394	0.00928
6	0.16248	0.25112	0.08908	0.01709	0.06060	0.05869	0.05796	0.10802	0.05254	0.02578	0.01290	0.01477	0.01037	0.00729	0.00676	0.00207	0.04328	0.00523	0.00423	0.00974
7	0.01295	0.00867	0.01146	0.01230	0.01432	0.00848	0.01025	0.01675	0.05193	0.07439	0.06164	0.15483	0.10444	0.01870	0.00941	0.00305	0.00590	0.40634	0.00696	0.00724
8	0.01651	0.07664	0.44786	0.05689	0.07040	0.08164	0.10434	0.02327	0.01605	0.02204	0.01293	0.01579	0.00961	0.00681	0.00698	0.00223	0.01079	0.00573	0.00325	0.01024
9	0.01618	0.01606	0.02320	0.40651	0.23329	0.08684	0.01958	0.02047	0.01589	0.02022	0.01478	0.02277	0.01246	0.00797	0.00737	0.00236	0.00952	0.05188	0.00363	0.00901
10	0.01844	0.01721	0.02839	0.08908	0.60275	0.01760	0.02151	0.07231	0.01777	0.02509	0.01391	0.01804	0.01145	0.00670	0.00721	0.00218	0.00866	0.00648	0.00386	0.01134
11	0.01016	0.00737	0.00969	0.01019	0.01149	0.00701	0.00756	0.01327	0.03613	0.02439	0.35548	0.30706	0.05646	0.01826	0.00898	0.00267	0.00419	0.09566	0.00736	0.00662
12	0.01768	0.05574	0.03005	0.06245	0.57700	0.01764	0.06481	0.02200	0.01644	0.02314	0.01431	0.01983	0.01227	0.00689	0.00725	0.00219	0.00880	0.02681	0.00366	0.01102
13	0.01741	0.01768	0.07861	0.16406	0.03449	0.01624	0.32780	0.06563	0.01799	0.07639	0.05267	0.04461	0.01629	0.00817	0.00808	0.00243	0.01002	0.02728	0.00460	0.00953
14	0.00906	0.00647	0.00867	0.01035	0.01086	0.00608	0.00710	0.01047	0.01412	0.01878	0.03995	0.69321	0.04763	0.02258	0.00933	0.00298	0.00439	0.06525	0.00674	0.00596
15	0.01458	0.03760	0.70688	0.02072	0.03146	0.01688	0.02686	0.02302	0.01535	0.02302	0.01304	0.01535	0.00921	0.00691	0.00691	0.00230	0.01074	0.00537	0.00307	0.01074
16	0.04484	0.06472	0.02608	0.13746	0.41921	0.01725	0.01914	0.05965	0.01720	0.05088	0.01577	0.02233	0.01343	0.00778	0.00716	0.00225	0.00836	0.05184	0.00419	0.01047
17	0.01828	0.01783	0.03168	0.06708	0.47981	0.01783	0.16735	0.06595	0.01778	0.02491	0.01413	0.01837	0.01139	0.00658	0.00751	0.00224	0.00945	0.00695	0.00385	0.01105
18	0.00970	0.00719	0.00825	0.00824	0.00953	0.00660	0.00561	0.01131	0.01543	0.02021	0.21582	0.11398	0.26116	0.25465	0.01791	0.00395	0.00476	0.01366	0.00631	0.00574
19	0.01585	0.17485	0.28416	0.11476	0.02784	0.01753	0.06865	0.02088	0.01498	0.05312	0.01568	0.05708	0.01359	0.07966	0.00970	0.00267	0.00917	0.00686	0.00376	0.00922
20	0.08247	0.15108	0.09565	0.05419	0.02328	0.32960	0.01479	0.09986	0.01935	0.02261	0.01224	0.01436	0.00989	0.00889	0.03049	0.00229	0.01082	0.00498	0.00401	0.00915
21	0.01069	0.00769	0.01120	0.01120	0.01254	0.00886	0.00870	0.01337	0.01203	0.01787	0.01988	0.02841	0.01822	0.05002	0.64639	0.01071	0.01790	0.00769	0.08009	0.00652
22	0.01635	0.01614	0.02907	0.28171	0.35954	0.01707	0.13163	0.02116	0.01595	0.02185	0.01358	0.01875	0.01079	0.00670	0.00746	0.00230	0.00962	0.00683	0.00348	0.01002
23	0.01909	0.01833	0.02610	0.18521	0.41566	0.08299	0.02006	0.10026	0.01861	0.02472	0.01374	0.01777	0.01102	0.00701	0.00716	0.00219	0.00920	0.00631	0.00397	0.01059
24	0.01509	0.00985	0.01221	0.01142	0.01419	0.00975	0.00910	0.02151	0.14446	0.12394	0.30398	0.05140	0.09382	0.01434	0.00845	0.00253	0.00490	0.13293	0.00769	0.00844
25	0.00928	0.00704	0.00864	0.00957	0.01094	0.00639	0.00702	0.01121	0.01576	0.02030	0.11069	0.37163	0.26007	0.02027	0.00909	0.00278	0.00430	0.10199	0.00686	0.00617
26	0.04581	0.06286	0.06601	0.04281	0.23947	0.13480	0.08115	0.02413	0.06385	0.04897	0.01493	0.01824	0.01210	0.01102	0.06242	0.00293	0.04820	0.00633	0.00408	0.00991
27	0.01959	0.06841	0.02647	0.03177	0.40159	0.01774	0.04409	0.06892	0.11765	0.07779	0.01756	0.02047	0.01400	0.03261	0.00814	0.00235	0.00800	0.00685	0.00482	0.01117
28	0.00928	0.00683	0.00896	0.04840	0.01251	0.00652	0.00725	0.01089	0.01433	0.01904	0.04209	0.58883	0.12517	0.02081	0.00891	0.00281	0.00441	0.01867	0.03818	0.00609
29	0.12804	0.01558	0.04289	0.01443	0.04453	0.05650	0.01117	0.02833	0.33038	0.04228	0.09426	0.02890	0.06781	0.01268	0.04830	0.00289	0.00692	0.00814	0.00629	0.00967
30	0.01874	0.25333	0.13592	0.01408	0.01973	0.05828	0.01362	0.02521	0.12955	0.10290	0.04878	0.02337	0.06407	0.01143	0.04855	0.00263	0.00826	0.00673	0.00507	0.00975
31	0.07779	0.01804	0.06534	0.01508	0.04198	0.09539	0.01233	0.16519	0.07707	0.06373	0.02369	0.02682	0.08247	0.01303	0.06157	0.00288	0.00841	0.04101	0.00564	0.10253
32	0.01916	0.11775	0.02254	0.01692	0.05946	0.11524	0.05886	0.12254	0.06066	0.02572	0.07751	0.04902	0.01812	0.00866	0.00762	0.00197	0.04609	0.00690	0.00500	0.16023
33	0.15165	0.01922	0.02050	0.01997	0.12649	0.15456	0.07418	0.10911	0.04561	0.04032	0.01778	0.02057	0.04908	0.04352	0.00813	0.00232	0.00847	0.00648	0.00481	0.07723
34	0.01715	0.02015	0.13390	0.01936	0.08282	0.09310	0.08133	0.08368	0.10598	0.02579	0.10313	0.04415	0.02184	0.01282	0.06203	0.00298	0.00926	0.02798	0.00516	0.04737
35	0.07714	0.03360	0.03576	0.10668	0.06948	0.01410	0.01231	0.13787	0.04229	0.06356	0.10730	0.05774	0.07780	0.01023	0.00718	0.00218	0.00653	0.02722	0.00579	0.10524

[dist]
# distance from previous block
# <min> <max>
0	32

[block]
# block no. 15 follows, 28 sequences, length 33
# corresponding to MSA columns:
# 980-1012
name=unknown_P
#
# <colnr> <probs for GDERKNQSTAVLIFYWHMCP>
#	G	D	E	R	K	N	Q	S	T	A	V	L	I	F	Y	W	H	M	C	P
0	0.01796	0.03854	0.01691	0.07787	0.01998	0.05261	0.03581	0.06910	0.09656	0.10294	0.07680	0.02537	0.01988	0.05483	0.06734	0.00307	0.00783	0.00723	0.06529	0.14409
1	0.01594	0.01288	0.01513	0.04141	0.05837	0.03620	0.01053	0.14581	0.07406	0.02833	0.17298	0.15439	0.03191	0.01344	0.03012	0.00250	0.00630	0.01032	0.02569	0.11368
2	0.01553	0.01673	0.08093	0.26165	0.29012	0.01695	0.02012	0.01992	0.01525	0.02141	0.05426	0.02014	0.01391	0.00818	0.00968	0.00241	0.11287	0.00677	0.00364	0.00952
3	0.04366	0.01579	0.04538	0.10484	0.07952	0.01672	0.01417	0.09601	0.11570	0.02576	0.01576	0.01860	0.01258	0.00851	0.01005	0.00221	0.15425	0.00616	0.04594	0.16840
4	0.01442	0.01360	0.02262	0.48905	0.21632	0.01561	0.01952	0.01887	0.01523	0.02001	0.01816	0.02321	0.06714	0.00799	0.00736	0.00236	0.00892	0.00720	0.00362	0.00881
5	0.01066	0.00829	0.00936	0.00907	0.01127	0.00765	0.00676	0.06638	0.01863	0.02411	0.22580	0.17341	0.36723	0.01741	0.00859	0.00247	0.00406	0.01493	0.00712	0.00680
6	0.02620	0.01536	0.03479	0.01399	0.01954	0.01457	0.01163	0.20166	0.10227	0.32771	0.02391	0.04603	0.01694	0.00901	0.00713	0.00214	0.00656	0.00726	0.00756	0.10573
