[name]
unknown

[dist]
# distance from previous block
# <min> <max>
0	27

[block]
# block no. 0 follows, 29 sequences, length 21
# corresponding to MSA columns:
# 27-47
name=unknown_A
#
# <colnr> <probs for GDERKNQSTAVLIFYWHMCP>
#	G	D	E	R	K	N	Q	S	T	A	V	L	I	F	Y	W	H	M	C	P
0	0.01864	0.01399	0.06240	0.01343	0.01775	0.01269	0.03085	0.08943	0.17524	0.16610	0.11396	0.07634	0.05125	0.03035	0.00833	0.00244	0.00607	0.05046	0.00688	0.05340
1	0.01847	0.01738	0.06028	0.07465	0.03973	0.07113	0.01278	0.19481	0.02047	0.02828	0.08026	0.01975	0.01629	0.00799	0.00754	0.00187	0.05148	0.00615	0.02625	0.24443
2	0.04149	0.06784	0.11357	0.07817	0.13401	0.09677	0.10897	0.06587	0.09223	0.02364	0.01449	0.01719	0.01137	0.00734	0.00782	0.00216	0.05333	0.00613	0.00411	0.05351
3	0.01738	0.25252	0.27719	0.06563	0.02645	0.10492	0.06032	0.02225	0.01552	0.01992	0.01176	0.01417	0.00934	0.00649	0.00606	0.00190	0.00953	0.00492	0.00324	0.07048
4	0.01955	0.10116	0.13755	0.06021	0.02443	0.09398	0.07931	0.14604	0.04562	0.06911	0.01940	0.02238	0.05360	0.00839	0.00691	0.00210	0.00863	0.03388	0.00490	0.06284
5	0.01394	0.01117	0.01132	0.01035	0.01310	0.05462	0.00789	0.12639	0.01903	0.05015	0.08734	0.12027	0.34268	0.04398	0.05238	0.00307	0.00610	0.01239	0.00642	0.00740
6	0.01200	0.00914	0.01054	0.00980	0.01216	0.00879	0.00732	0.10628	0.01817	0.02411	0.16610	0.17844	0.24042	0.06762	0.04979	0.00316	0.00544	0.01305	0.00647	0.05121
7	0.01529	0.01320	0.01624	0.01384	0.01616	0.06062	0.06649	0.11729	0.01586	0.02127	0.01887	0.08364	0.01901	0.23725	0.11763	0.00497	0.09503	0.00873	0.00460	0.05401
8	0.01614	0.01728	0.05248	0.06022	0.02685	0.05803	0.25690	0.02255	0.09959	0.02307	0.05708	0.02309	0.01640	0.00799	0.00842	0.00218	0.05515	0.03462	0.00447	0.15751
9	0.01142	0.01038	0.01178	0.01175	0.01319	0.08706	0.04814	0.01309	0.01435	0.01797	0.03473	0.42799	0.10296	0.08394	0.07320	0.00378	0.00707	0.01530	0.00566	0.00624
10	0.02036	0.01879	0.01697	0.01487	0.01868	0.18466	0.01160	0.03046	0.31655	0.09495	0.02444	0.02387	0.05813	0.00947	0.00835	0.00222	0.06959	0.00714	0.00595	0.06294
11	0.07691	0.02762	0.01891	0.05706	0.02217	0.49216	0.01315	0.09315	0.04745	0.02240	0.05347	0.01648	0.01334	0.00792	0.00655	0.00197	0.01080	0.00545	0.00443	0.00862
12	0.14605	0.00901	0.00939	0.00895	0.01124	0.00898	0.00665	0.05548	0.01656	0.02447	0.19397	0.13069	0.23849	0.09669	0.01082	0.00287	0.00457	0.01217	0.00629	0.00664
13	0.44573	0.06037	0.05748	0.05729	0.01837	0.01666	0.01065	0.11468	0.01598	0.07056	0.01321	0.01615	0.01044	0.05732	0.00744	0.00248	0.00665	0.00510	0.00480	0.00864
14	0.14898	0.03529	0.06053	0.01334	0.01853	0.05932	0.01134	0.13209	0.12469	0.12770	0.01905	0.05879	0.01495	0.00843	0.00638	0.00204	0.00670	0.00652	0.00585	0.13949
15	0.11242	0.01630	0.01639	0.01365	0.01762	0.08565	0.01086	0.22174	0.04851	0.09357	0.01781	0.02301	0.01483	0.09189	0.04684	0.00313	0.05225	0.03141	0.00564	0.07648
16	0.01647	0.01548	0.06279	0.06150	0.06364	0.01454	0.11616	0.10131	0.14571	0.04417	0.05259	0.07047	0.04820	0.01034	0.00766	0.00234	0.00740	0.07693	0.00561	0.07670
17	0.01956	0.11667	0.02709	0.04110	0.02457	0.01653	0.22639	0.09080	0.05622	0.13753	0.06316	0.02366	0.04121	0.03007	0.00809	0.00227	0.00818	0.00762	0.00537	0.05392
18	0.01484	0.08164	0.01935	0.06246	0.05765	0.04335	0.07069	0.07244	0.01586	0.02126	0.02128	0.10867	0.06068	0.04596	0.13854	0.00395	0.02710	0.00849	0.00451	0.12127
19	0.04341	0.01799	0.01880	0.01716	0.07364	0.10763	0.01263	0.21858	0.14114	0.10010	0.03585	0.01983	0.01502	0.00952	0.00905	0.04621	0.05129	0.00650	0.00592	0.04973
20	0.05980	0.01382	0.01735	0.05134	0.07124	0.01351	0.02584	0.11284	0.05182	0.05492	0.01729	0.09290	0.01524	0.00859	0.00747	0.00188	0.05093	0.00699	0.00505	0.32117

[dist]
# distance from previous block
# <min> <max>
5	23

[block]
# block no. 1 follows, 29 sequences, length 12
# corresponding to MSA columns:
# 73-84
name=unknown_B
#
# <colnr> <probs for GDERKNQSTAVLIFYWHMCP>
#	G	D	E	R	K	N	Q	S	T	A	V	L	I	F	Y	W	H	M	C	P
0	0.01821	0.05940	0.01719	0.05059	0.01896	0.01578	0.01101	0.17994	0.22938	0.05640	0.09786	0.10950	0.02502	0.01071	0.00724	0.00222	0.00604	0.00895	0.00657	0.06903
1	0.09466	0.01525	0.01656	0.01362	0.01813	0.06674	0.05346	0.12703	0.13266	0.02720	0.02269	0.08551	0.06541	0.01111	0.03377	0.00237	0.00707	0.00779	0.00550	0.19347
2	0.02086	0.01565	0.01826	0.01562	0.06800	0.01555	0.01166	0.32650	0.02399	0.06465	0.04889	0.06588	0.01664	0.00857	0.00674	0.00186	0.00657	0.00697	0.00605	0.25110
3	0.12259	0.01664	0.01650	0.01342	0.01821	0.08496	0.01073	0.11786	0.14956	0.05337	0.01628	0.01719	0.01262	0.00762	0.00729	0.00189	0.05895	0.00552	0.00528	0.26351
4	0.01968	0.01505	0.01657	0.01345	0.01789	0.01568	0.01059	0.32648	0.10957	0.03267	0.02114	0.11742	0.01881	0.06936	0.00938	0.00244	0.00649	0.00836	0.00628	0.16271
5	0.01949	0.01542	0.01811	0.15400	0.02465	0.01696	0.01292	0.31678	0.11559	0.03219	0.02424	0.05713	0.08589	0.00980	0.00723	0.00221	0.00707	0.00798	0.00608	0.06626
6	0.01939	0.01620	0.02281	0.24537	0.21632	0.01793	0.01738	0.26128	0.02211	0.02986	0.05027	0.01970	0.01393	0.00782	0.00717	0.00221	0.00829	0.00670	0.00495	0.01030
7	0.29417	0.01656	0.01595	0.05950	0.01973	0.07254	0.01081	0.18985	0.01945	0.08661	0.01395	0.01513	0.01035	0.00714	0.00581	0.00197	0.00695	0.00505	0.00528	0.14317
8	0.01600	0.01527	0.02598	0.31084	0.45085	0.01649	0.02105	0.02043	0.01545	0.02130	0.01311	0.01815	0.01059	0.00664	0.00708	0.00221	0.00886	0.00634	0.00338	0.00997
9	0.01724	0.01675	0.02429	0.29297	0.33483	0.07330	0.01941	0.05211	0.05816	0.02231	0.01406	0.01827	0.01113	0.00701	0.00704	0.00221	0.00899	0.00631	0.00380	0.00983
10	0.01237	0.00618	0.00928	0.00928	0.00928	0.00618	0.00618	0.00928	0.00928	0.01237	0.01237	0.02165	0.01237	0.02474	0.02783	0.79283	0.00618	0.00618	0.00309	0.00309
11	0.07435	0.01510	0.01795	0.01805	0.11568	0.01635	0.01252	0.07493	0.37715	0.16267	0.02454	0.02322	0.01788	0.00875	0.00700	0.00230	0.00625	0.00724	0.00682	0.01125

[dist]
# distance from previous block
# <min> <max>
0	3

[block]
# block no. 2 follows, 29 sequences, length 11
# corresponding to MSA columns:
# 88-98
name=unknown_C
#
# <colnr> <probs for GDERKNQSTAVLIFYWHMCP>
#	G	D	E	R	K	N	Q	S	T	A	V	L	I	F	Y	W	H	M	C	P
0	0.09483	0.04127	0.01737	0.01396	0.01823	0.13173	0.02782	0.14202	0.09541	0.17494	0.10815	0.06190	0.02230	0.00971	0.00699	0.00218	0.00715	0.00775	0.00652	0.00978
1	0.01722	0.01579	0.02238	0.18562	0.29989	0.05317	0.01709	0.10441	0.01780	0.02408	0.01610	0.09022	0.01439	0.00835	0.00708	0.00214	0.00811	0.00745	0.00429	0.08445
2	0.01476	0.01219	0.01701	0.02141	0.25125	0.01229	0.01174	0.06017	0.06285	0.02084	0.01879	0.03115	0.01864	0.34310	0.02016	0.00424	0.00730	0.00815	0.00443	0.05952
3	0.01526	0.01564	0.02975	0.23643	0.11417	0.01609	0.29687	0.02017	0.01588	0.02171	0.06253	0.02099	0.01443	0.00719	0.00826	0.00230	0.03743	0.00755	0.00378	0.05357
4	0.01672	0.01478	0.02468	0.22867	0.33377	0.01557	0.06566	0.05607	0.01689	0.05487	0.04982	0.05907	0.01579	0.00803	0.00735	0.00226	0.00837	0.00760	0.00425	0.00978
5	0.05928	0.01501	0.01941	0.21043	0.12917	0.05752	0.01527	0.10799	0.06089	0.02400	0.01848	0.04780	0.03409	0.01243	0.05541	0.00300	0.06746	0.04892	0.00457	0.00888
6	0.11060	0.06564	0.01895	0.01502	0.04553	0.05376	0.01173	0.30069	0.12481	0.03366	0.05209	0.02134	0.04810	0.00871	0.00663	0.00208	0.00692	0.00668	0.00607	0.06100
7	0.18137	0.06450	0.05755	0.10717	0.10227	0.05021	0.01306	0.04328	0.04941	0.05402	0.01608	0.08535	0.01406	0.00826	0.00624	0.00206	0.00709	0.00663	0.00455	0.12683
8	0.07459	0.01743	0.02123	0.08573	0.23132	0.08752	0.01547	0.12875	0.05488	0.02588	0.01765	0.02015	0.05580	0.00834	0.00836	0.00219	0.07743	0.00652	0.00456	0.05621
9	0.01856	0.01906	0.06852	0.08730	0.33287	0.08964	0.01784	0.11799	0.05561	0.02576	0.05145	0.02161	0.04633	0.00799	0.00712	0.00216	0.00841	0.00692	0.00456	0.01029
10	0.07154	0.01770	0.02255	0.05445	0.30009	0.07214	0.01617	0.16300	0.01941	0.02730	0.01538	0.01809	0.03396	0.00763	0.00777	0.00209	0.05511	0.00614	0.00450	0.08498

[dist]
# distance from previous block
# <min> <max>
17	43

[block]
# block no. 3 follows, 29 sequences, length 10
# corresponding to MSA columns:
# 172-181
name=unknown_D
#
# <colnr> <probs for GDERKNQSTAVLIFYWHMCP>
#	G	D	E	R	K	N	Q	S	T	A	V	L	I	F	Y	W	H	M	C	P
0	0.02112	0.06536	0.07963	0.01642	0.04158	0.03592	0.04095	0.34372	0.05190	0.03306	0.01746	0.07331	0.01440	0.00867	0.00685	0.00202	0.00761	0.00700	0.00571	0.12733
1	0.03689	0.01663	0.05077	0.02128	0.17283	0.04690	0.04164	0.10735	0.03839	0.02491	0.01532	0.05647	0.01335	0.01077	0.04997	0.00257	0.08382	0.00660	0.00444	0.19911
2	0.06992	0.04877	0.02247	0.01731	0.02129	0.04944	0.20786	0.05502	0.06411	0.02327	0.05111	0.20932	0.04574	0.01174	0.00842	0.00241	0.03944	0.01078	0.00514	0.03647
3	0.01855	0.04380	0.02105	0.01775	0.05782	0.10954	0.07330	0.11863	0.06036	0.04219	0.04798	0.07668	0.03823	0.01006	0.01024	0.00226	0.14785	0.00774	0.00495	0.09101
4	0.01656	0.05300	0.14815	0.01721	0.05089	0.03983	0.09732	0.07651	0.04406	0.06045	0.01859	0.09083	0.01707	0.12750	0.01244	0.00295	0.03831	0.00812	0.00464	0.07558
5	0.01293	0.01125	0.01647	0.07902	0.11135	0.01336	0.01221	0.01520	0.01291	0.01849	0.08920	0.02902	0.02092	0.17012	0.16116	0.00527	0.20177	0.00809	0.00407	0.00717
6	0.09365	0.01490	0.01586	0.01242	0.01730	0.06484	0.00997	0.01987	0.04812	0.02306	0.01258	0.01502	0.01054	0.00686	0.00809	0.00160	0.11560	0.00470	0.00418	0.50082
7	0.01458	0.01295	0.05393	0.01438	0.03874	0.01252	0.05673	0.15102	0.01721	0.02331	0.02565	0.20401	0.06088	0.18979	0.03444	0.00381	0.06185	0.01127	0.00532	0.00763
8	0.01459	0.01440	0.02098	0.57417	0.09261	0.07615	0.01857	0.01882	0.01486	0.01850	0.01426	0.06460	0.01199	0.00805	0.00718	0.00234	0.00936	0.00707	0.00345	0.00805
9	0.01743	0.01434	0.01668	0.01413	0.01811	0.01566	0.04741	0.16311	0.34075	0.03138	0.14945	0.03258	0.08601	0.01082	0.00759	0.00232	0.00586	0.00920	0.00707	0.01009

[dist]
# distance from previous block
# <min> <max>
0	1

[block]
# block no. 4 follows, 29 sequences, length 10
# corresponding to MSA columns:
# 183-192
name=unknown_E
#
# <colnr> <probs for GDERKNQSTAVLIFYWHMCP>
#	G	D	E	R	K	N	Q	S	T	A	V	L	I	F	Y	W	H	M	C	P
0	0.02052	0.06323	0.01904	0.01432	0.01945	0.01847	0.01162	0.25575	0.30548	0.03304	0.02086	0.02031	0.01569	0.00830	0.00670	0.00203	0.00646	0.00656	0.00642	0.14575
1	0.02513	0.01791	0.01940	0.01521	0.02048	0.01952	0.01245	0.51811	0.09364	0.09371	0.02332	0.02251	0.06654	0.00940	0.00724	0.00219	0.00716	0.00729	0.00723	0.01156
2	0.00906	0.00692	0.00842	0.00944	0.01082	0.00628	0.00699	0.01086	0.01509	0.01912	0.05142	0.37493	0.29400	0.02024	0.00896	0.00277	0.00435	0.12771	0.00660	0.00600
3	0.01494	0.01330	0.01759	0.08077	0.02160	0.01115	0.06233	0.01929	0.04714	0.02301	0.01357	0.01608	0.01100	0.00571	0.00579	0.00135	0.00622	0.00493	0.00421	0.62003
4	0.07196	0.01419	0.01796	0.28062	0.02898	0.05327	0.01415	0.02093	0.10329	0.02128	0.01463	0.01869	0.01178	0.01139	0.06462	0.00291	0.09618	0.00601	0.00405	0.14312
5	0.01537	0.01283	0.01498	0.01113	0.01708	0.01026	0.00901	0.06328	0.01617	0.02455	0.01478	0.01968	0.01286	0.00654	0.00573	0.00129	0.00554	0.05172	0.00459	0.68260
6	0.01648	0.07711	0.13458	0.03052	0.02049	0.08824	0.01281	0.03944	0.08085	0.02307	0.03504	0.01868	0.03828	0.00708	0.00607	0.00165	0.00723	0.00551	0.00440	0.35245
7	0.01689	0.01310	0.01574	0.06477	0.03770	0.03164	0.03013	0.20140	0.07054	0.05156	0.18986	0.09820	0.08298	0.05183	0.00931	0.00255	0.00621	0.01025	0.00655	0.00879
8	0.03809	0.03743	0.03980	0.09707	0.13152	0.05708	0.02527	0.05284	0.04964	0.02181	0.02340	0.06133	0.04005	0.08615	0.03046	0.00321	0.02160	0.17023	0.00488	0.00815
9	0.01237	0.01046	0.01663	0.01454	0.01697	0.01023	0.14862	0.06030	0.05204	0.02113	0.03104	0.40105	0.05724	0.07718	0.01144	0.02474	0.00639	0.01475	0.00576	0.00713

[dist]
# distance from previous block
# <min> <max>
14	54

[block]
# block no. 5 follows, 29 sequences, length 50
# corresponding to MSA columns:
# 260-309
name=unknown_F
#
# <colnr> <probs for GDERKNQSTAVLIFYWHMCP>
#	G	D	E	R	K	N	Q	S	T	A	V	L	I	F	Y	W	H	M	C	P
0	0.09256	0.01468	0.01682	0.05292	0.09139	0.05607	0.01195	0.07617	0.16212	0.17230	0.02686	0.06231	0.08733	0.01010	0.00766	0.00231	0.03214	0.00815	0.00625	0.00989
1	0.06359	0.01950	0.02066	0.09238	0.07655	0.09402	0.01426	0.38402	0.08865	0.05121	0.01671	0.01765	0.01226	0.00811	0.00692	0.00216	0.00822	0.00624	0.00598	0.01090
2	0.16918	0.01991	0.07937	0.01367	0.01898	0.14012	0.01179	0.15236	0.04488	0.04832	0.01884	0.01958	0.06921	0.00803	0.00621	0.00194	0.00754	0.00589	0.00507	0.15911
3	0.01796	0.01802	0.02677	0.03907	0.59741	0.08532	0.02009	0.02181	0.01660	0.02245	0.01662	0.02015	0.05173	0.00713	0.00707	0.00210	0.00860	0.00668	0.00372	0.01067
4	0.01728	0.01657	0.02829	0.09969	0.65200	0.01683	0.02168	0.02156	0.01605	0.02285	0.01333	0.01773	0.01113	0.00641	0.00706	0.00214	0.00854	0.00634	0.00350	0.01101
5	0.02626	0.01916	0.02050	0.01581	0.02127	0.02117	0.01303	0.64247	0.03239	0.04380	0.01746	0.01765	0.01247	0.00853	0.00700	0.00211	0.00757	0.00642	0.05314	0.01179
6	0.01037	0.00699	0.00875	0.00875	0.00935	0.00712	0.00577	0.01069	0.01120	0.01490	0.02666	0.04143	0.11111	0.38474	0.18366	0.13061	0.00906	0.00971	0.00431	0.00480
7	0.01062	0.00843	0.01193	0.01482	0.11963	0.00797	0.00919	0.01313	0.01639	0.02228	0.22998	0.31194	0.12357	0.01691	0.00854	0.00255	0.00467	0.05398	0.00648	0.00699
8	0.02370	0.02914	0.02032	0.09020	0.04929	0.55933	0.01454	0.02593	0.01860	0.01767	0.01152	0.01442	0.00966	0.00951	0.03801	0.00237	0.04893	0.00504	0.00359	0.00823
9	0.01986	0.05689	0.39382	0.01746	0.02557	0.01472	0.05934	0.02580	0.01671	0.22837	0.01795	0.01856	0.01225	0.00739	0.00679	0.00218	0.00873	0.00604	0.05088	0.01066
10	0.01731	0.01432	0.01972	0.11760	0.15327	0.04336	0.05376	0.08201	0.04140	0.07036	0.05850	0.02305	0.04160	0.01013	0.04162	0.00244	0.00785	0.00696	0.05857	0.13617
11	0.01327	0.00664	0.00664	0.00664	0.00830	0.00664	0.00498	0.01659	0.01493	0.02655	0.02323	0.02655	0.01825	0.00830	0.00498	0.00166	0.00332	0.00664	0.78928	0.00664
12	0.01741	0.01213	0.01281	0.01142	0.01471	0.01338	0.00891	0.09570	0.32271	0.05579	0.02537	0.02549	0.01916	0.00896	0.00631	0.00207	0.00493	0.00727	0.32598	0.00950
13	0.00882	0.00659	0.00820	0.00914	0.01020	0.00597	0.00634	0.01049	0.01519	0.01992	0.14247	0.48536	0.20500	0.02018	0.00883	0.00268	0.00390	0.01795	0.00679	0.00597
14	0.01327	0.00664	0.00664	0.00664	0.00830	0.00664	0.00498	0.01659	0.01493	0.02655	0.02323	0.02655	0.01825	0.00830	0.00498	0.00166	0.00332	0.00664	0.78928	0.00664
15	0.10148	0.39753	0.04940	0.05041	0.02059	0.07337	0.05787	0.02154	0.01509	0.06128	0.01436	0.08160	0.01316	0.00798	0.00573	0.00191	0.00785	0.00609	0.00396	0.00880
16	0.01532	0.19285	0.56591	0.01853	0.02809	0.01907	0.02324	0.02228	0.01491	0.02129	0.01215	0.01425	0.00905	0.00662	0.00629	0.00210	0.00989	0.00495	0.00302	0.01022
17	0.01414	0.01077	0.01270	0.01055	0.01435	0.00928	0.00787	0.07298	0.01562	0.04276	0.02175	0.20728	0.02252	0.11918	0.01101	0.00251	0.00547	0.00951	0.00523	0.38452
18	0.01008	0.00751	0.00820	0.00806	0.01021	0.00685	0.00611	0.01332	0.04555	0.02317	0.21455	0.05684	0.38941	0.01536	0.00787	0.00228	0.00369	0.03471	0.12971	0.00652
19	0.02394	0.01750	0.01881	0.01489	0.01968	0.01927	0.01204	0.54082	0.05908	0.03998	0.01938	0.05525	0.01542	0.05271	0.00880	0.00244	0.00723	0.00740	0.05439	0.01098
20	0.01881	0.01756	0.01473	0.01318	0.01590	0.19891	0.00986	0.10597	0.14647	0.02390	0.01959	0.02566	0.01705	0.16980	0.01364	0.00311	0.03859	0.00713	0.13196	0.00817
21	0.01458	0.01381	0.02340	0.54582	0.22701	0.01612	0.02034	0.01919	0.01477	0.01957	0.01286	0.01862	0.00998	0.00691	0.00710	0.00230	0.00921	0.00633	0.00326	0.00882
22	0.16415	0.01686	0.01853	0.09241	0.02285	0.01872	0.01268	0.37662	0.06861	0.11364	0.01733	0.01773	0.01228	0.00815	0.00665	0.00220	0.00726	0.00613	0.00640	0.01081
23	0.02039	0.01928	0.01966	0.01888	0.09365	0.16556	0.01360	0.19541	0.05735	0.02601	0.01581	0.02101	0.01359	0.04983	0.06887	0.00324	0.12730	0.02893	0.00483	0.03679
24	0.61614	0.01585	0.01227	0.01084	0.01524	0.09024	0.00876	0.02370	0.04837	0.08517	0.01247	0.01349	0.00938	0.00702	0.00499	0.00218	0.00634	0.00441	0.00483	0.00831
25	0.01428	0.03683	0.71286	0.02030	0.03082	0.01654	0.02631	0.02255	0.01503	0.02255	0.01278	0.01503	0.00902	0.00677	0.00677	0.00226	0.01052	0.00526	0.00301	0.01052
26	0.01576	0.01502	0.02553	0.35137	0.41224	0.01643	0.02093	0.02022	0.01533	0.02100	0.01306	0.01823	0.01048	0.00669	0.00708	0.00223	0.00892	0.00634	0.00336	0.00977
27	0.00909	0.00724	0.00815	0.00793	0.01003	0.00630	0.00594	0.01153	0.01783	0.02304	0.32901	0.06227	0.44319	0.01661	0.00841	0.00234	0.00351	0.01415	0.00711	0.00630
28	0.00871	0.00723	0.00763	0.00753	0.00980	0.00614	0.00565	0.01080	0.01694	0.02091	0.18537	0.06577	0.58816	0.01741	0.00841	0.00237	0.00356	0.01464	0.00683	0.00614
29	0.01685	0.02468	0.35671	0.05846	0.02573	0.01450	0.01838	0.05189	0.07580	0.10139	0.01912	0.02009	0.04691	0.00769	0.00674	0.00208	0.00823	0.00617	0.00459	0.13398
30	0.00868	0.00620	0.00826	0.00991	0.01033	0.00578	0.00661	0.00991	0.01363	0.01818	0.03925	0.74510	0.04710	0.02231	0.00909	0.00289	0.00413	0.02024	0.00661	0.00578
31	0.01582	0.09535	0.39416	0.06271	0.02907	0.01711	0.11144	0.02347	0.06998	0.05157	0.05054	0.01881	0.01372	0.00734	0.00695	0.00222	0.00944	0.00632	0.00394	0.01004
32	0.01327	0.00664	0.00664	0.00664	0.00830	0.00664	0.00498	0.01659	0.01493	0.02655	0.02323	0.02655	0.01825	0.00830	0.00498	0.00166	0.00332	0.00664	0.78928	0.00664
33	0.39272	0.11616	0.01831	0.06300	0.04611	0.17142	0.01138	0.06674	0.01592	0.02637	0.01095	0.01294	0.00877	0.00685	0.00534	0.00204	0.00792	0.00445	0.00413	0.00847
34	0.01558	0.01558	0.02181	0.01869	0.01869	0.02181	0.01558	0.01714	0.01091	0.01714	0.00935	0.01558	0.00935	0.01246	0.02337	0.00312	0.73672	0.00623	0.00312	0.00779
35	0.01196	0.00921	0.01085	0.01103	0.01302	0.00922	0.00821	0.07338	0.10771	0.02273	0.03979	0.39168	0.13736	0.01790	0.00851	0.00266	0.00486	0.07850	0.00665	0.03478
36	0.01798	0.01124	0.01220	0.01054	0.01374	0.01178	0.00826	0.15901	0.11671	0.09465	0.05549	0.02901	0.06469	0.03725	0.00750	0.00219	0.00501	0.00780	0.32612	0.00884
37	0.01558	0.01558	0.02181	0.01869	0.01869	0.02181	0.01558	0.01714	0.01091	0.01714	0.00935	0.01558	0.00935	0.01246	0.02337	0.00312	0.73672	0.00623	0.00312	0.00779
38	0.01636	0.02790	0.39163	0.02350	0.03211	0.01690	0.27506	0.02321	0.01590	0.06419	0.01422	0.01721	0.01024	0.00678	0.00795	0.00234	0.03412	0.00661	0.00359	0.01018
39	0.04414	0.26462	0.37457	0.01675	0.02458	0.08861	0.01917	0.02226	0.01510	0.02026	0.01185	0.01409	0.00940	0.00857	0.03614	0.00237	0.01000	0.00478	0.00317	0.00958
40	0.01327	0.00664	0.00664	0.00664	0.00830	0.00664	0.00498	0.01659	0.01493	0.02655	0.02323	0.02655	0.01825	0.00830	0.00498	0.00166	0.00332	0.00664	0.78928	0.00664
41	0.00866	0.00625	0.00821	0.00978	0.01029	0.00580	0.00655	0.00993	0.01376	0.01823	0.04090	0.71116	0.07997	0.02209	0.00905	0.00287	0.00410	0.01998	0.00661	0.00580
42	0.01317	0.00928	0.01124	0.01135	0.01346	0.00933	0.00889	0.08171	0.07471	0.04904	0.03890	0.24379	0.14081	0.01764	0.00946	0.03756	0.00533	0.18650	0.03056	0.00727
43	0.01457	0.00830	0.01058	0.00948	0.01211	0.00738	0.00729	0.01741	0.01920	0.17797	0.40488	0.07562	0.17868	0.01424	0.00815	0.00229	0.00404	0.01230	0.00777	0.00775
44	0.02166	0.01589	0.01767	0.01434	0.01845	0.01754	0.01145	0.46893	0.02646	0.03565	0.01899	0.05424	0.01611	0.09908	0.12600	0.00421	0.00939	0.00766	0.00625	0.01003
45	0.01030	0.00722	0.00871	0.00931	0.00990	0.00708	0.00608	0.03991	0.01331	0.01765	0.03225	0.36306	0.06077	0.33250	0.02062	0.00457	0.00555	0.04007	0.00565	0.00547
46	0.15776	0.08332	0.37904	0.05067	0.02584	0.07934	0.03862	0.02175	0.01485	0.02290	0.01348	0.05720	0.01112	0.00765	0.00634	0.00220	0.00922	0.00586	0.00356	0.00928
47	0.03915	0.15997	0.09786	0.01482	0.04295	0.12373	0.01281	0.02456	0.12101	0.06243	0.01829	0.01918	0.04201	0.00772	0.00644	0.00187	0.02305	0.00577	0.04396	0.13242
48	0.01899	0.01505	0.01605	0.01341	0.01742	0.06670	0.01067	0.16958	0.12054	0.07591	0.11043	0.05978	0.02343	0.01014	0.00805	0.00210	0.05058	0.03232	0.02704	0.15182
49	0.05259	0.01910	0.04915	0.03812	0.02122	0.08577	0.01285	0.33006	0.10554	0.09875	0.06360	0.02054	0.01669	0.00864	0.00695	0.00212	0.00756	0.00668	0.00646	0.04761

[dist]
# distance from previous block
# <min> <max>
0	10

[block]
# block no. 6 follows, 29 sequences, length 14
# corresponding to MSA columns:
# 320-333
name=unknown_G
#
# <colnr> <probs for GDERKNQSTAVLIFYWHMCP>
#	G	D	E	R	K	N	Q	S	T	A	V	L	I	F	Y	W	H	M	C	P
0	0.07355	0.10177	0.04115	0.06694	0.02272	0.13056	0.06964	0.13378	0.06319	0.08727	0.01573	0.01832	0.01232	0.04093	0.02631	0.00251	0.03422	0.00605	0.00490	0.04812
1	0.08345	0.45268	0.05752	0.01393	0.01953	0.17046	0.01284	0.07984	0.01713	0.02077	0.01087	0.01237	0.00928	0.00663	0.00525	0.00172	0.00867	0.00426	0.00363	0.00915
2	0.01020	0.00819	0.00885	0.00911	0.01052	0.03660	0.00652	0.01195	0.01548	0.01977	0.16673	0.17901	0.24486	0.16717	0.01425	0.00343	0.00497	0.07025	0.00624	0.00590
3	0.08659	0.03670	0.01506	0.03112	0.01610	0.03692	0.04144	0.08062	0.01504	0.02177	0.04451	0.07610	0.02032	0.07343	0.30936	0.00647	0.03641	0.04011	0.00462	0.00731
4	0.02300	0.26125	0.05016	0.01399	0.01937	0.06422	0.01234	0.19919	0.07529	0.14144	0.01729	0.01856	0.01334	0.05101	0.00794	0.00223	0.00764	0.00588	0.00554	0.01031
5	0.01566	0.00933	0.01138	0.01110	0.01345	0.03603	0.00860	0.01800	0.01716	0.18659	0.13099	0.26383	0.10096	0.01651	0.00849	0.00262	0.00522	0.12919	0.00718	0.00770
6	0.01011	0.00685	0.00805	0.00829	0.00842	0.00686	0.00491	0.01043	0.01088	0.01458	0.02462	0.14438	0.02842	0.60613	0.07241	0.00660	0.00722	0.01160	0.00461	0.00464
7	0.01477	0.01266	0.01477	0.01055	0.01687	0.00949	0.00844	0.01793	0.01477	0.02320	0.01266	0.01477	0.01055	0.00527	0.00527	0.00105	0.00527	0.00422	0.00422	0.79328
8	0.01712	0.01629	0.08643	0.04177	0.14539	0.04634	0.03577	0.08456	0.01788	0.08026	0.07946	0.04407	0.06590	0.06299	0.00915	0.00236	0.00722	0.00773	0.00510	0.14421
9	0.01327	0.00664	0.00664	0.00664	0.00830	0.00664	0.00498	0.01659	0.01493	0.02655	0.02323	0.02655	0.01825	0.00830	0.00498	0.00166	0.00332	0.00664	0.78928	0.00664
10	0.05746	0.04963	0.04493	0.09978	0.05803	0.01647	0.11606	0.11044	0.18257	0.02700	0.06160	0.08497	0.02059	0.00975	0.00740	0.00236	0.00750	0.02844	0.00549	0.00955
11	0.01888	0.01614	0.05759	0.08205	0.40183	0.01529	0.01821	0.05120	0.05244	0.12031	0.02011	0.02404	0.04576	0.00815	0.00725	0.00223	0.00782	0.03514	0.00483	0.01070
12	0.01327	0.00664	0.00664	0.00664	0.00830	0.00664	0.00498	0.01659	0.01493	0.02655	0.02323	0.02655	0.01825	0.00830	0.00498	0.00166	0.00332	0.00664	0.78928	0.00664
13	0.01681	0.12343	0.12957	0.06033	0.14580	0.05329	0.06345	0.09893	0.01705	0.02258	0.01704	0.09958	0.01610	0.09338	0.01029	0.00271	0.00847	0.00787	0.00423	0.00909

[dist]
# distance from previous block
# <min> <max>
0	6

[block]
# block no. 7 follows, 29 sequences, length 27
# corresponding to MSA columns:
# 340-366
name=unknown_H
#
# <colnr> <probs for GDERKNQSTAVLIFYWHMCP>
#	G	D	E	R	K	N	Q	S	T	A	V	L	I	F	Y	W	H	M	C	P
0	0.01419	0.01295	0.01352	0.06693	0.04344	0.10583	0.01032	0.05999	0.05667	0.02406	0.21716	0.09376	0.14332	0.01379	0.00807	0.00240	0.00621	0.09354	0.00623	0.00760
1	0.01710	0.01634	0.02548	0.29518	0.17329	0.05412	0.12870	0.10928	0.01795	0.02356	0.01526	0.06318	0.01274	0.00792	0.00741	0.00230	0.00932	0.00746	0.00409	0.00933
2	0.01327	0.00664	0.00664	0.00664	0.00830	0.00664	0.00498	0.01659	0.01493	0.02655	0.02323	0.02655	0.01825	0.00830	0.00498	0.00166	0.00332	0.00664	0.78928	0.00664
3	0.00898	0.00718	0.00803	0.00794	0.00999	0.00623	0.00591	0.01126	0.01738	0.02224	0.27723	0.10150	0.45677	0.01713	0.00845	0.00238	0.00355	0.01461	0.00702	0.00623
4	0.01477	0.01266	0.01477	0.01055	0.01687	0.00949	0.00844	0.01793	0.01477	0.02320	0.01266	0.01477	0.01055	0.00527	0.00527	0.00105	0.00527	0.00422	0.00422	0.79328
5	0.06897	0.01805	0.10901	0.07135	0.33353	0.01612	0.01790	0.12234	0.01866	0.02741	0.07936	0.02067	0.01639	0.00767	0.00689	0.00215	0.00778	0.00669	0.03883	0.01024
6	0.02083	0.17561	0.12174	0.01906	0.02499	0.25304	0.14593	0.08640	0.01877	0.02172	0.01454	0.01657	0.03546	0.00726	0.00662	0.00199	0.01048	0.00583	0.00388	0.00929
7	0.01703	0.33500	0.21403	0.05500	0.02283	0.02026	0.01592	0.02112	0.01491	0.05706	0.03468	0.03807	0.01271	0.00755	0.00682	0.00193	0.04898	0.00549	0.00371	0.06693
8	0.01705	0.32249	0.34251	0.01628	0.02417	0.02156	0.01858	0.04947	0.08501	0.02184	0.01345	0.01484	0.01049	0.00686	0.00594	0.00197	0.00875	0.00501	0.00362	0.01010
9	0.00941	0.00681	0.00901	0.01030	0.01117	0.00653	0.00751	0.01118	0.01431	0.01891	0.06019	0.46912	0.09432	0.05542	0.05044	0.00357	0.00551	0.14396	0.00638	0.00595
10	0.01554	0.01484	0.02554	0.34072	0.36508	0.01616	0.04932	0.02004	0.01539	0.02097	0.01405	0.02068	0.01162	0.00718	0.00725	0.00228	0.00899	0.03132	0.00349	0.00956
11	0.01816	0.57019	0.12264	0.01548	0.02227	0.02542	0.09922	0.02167	0.01484	0.01825	0.01084	0.01287	0.00934	0.00616	0.00533	0.00173	0.00854	0.00458	0.00311	0.00937
12	0.01576	0.01527	0.05506	0.21529	0.32495	0.01498	0.06741	0.02010	0.01577	0.04833	0.01878	0.05130	0.04026	0.00865	0.00749	0.00234	0.00851	0.05617	0.00408	0.00953
13	0.00947	0.00650	0.00814	0.00926	0.01017	0.00607	0.00646	0.01126	0.01460	0.02022	0.08380	0.51112	0.10833	0.01938	0.00845	0.00265	0.00401	0.04104	0.11307	0.00601
14	0.01075	0.00985	0.01054	0.10153	0.01618	0.05702	0.00863	0.01315	0.01634	0.01955	0.07928	0.07970	0.44319	0.01609	0.00830	0.00247	0.00535	0.08957	0.00601	0.00649
15	0.02738	0.02027	0.02096	0.01625	0.02181	0.06462	0.01334	0.59635	0.03175	0.08921	0.01748	0.01733	0.01231	0.00849	0.00708	0.00212	0.00802	0.00635	0.00703	0.01187
16	0.04147	0.21089	0.09318	0.07044	0.02499	0.07527	0.13036	0.05074	0.03672	0.02082	0.01512	0.01800	0.04401	0.00819	0.00926	0.00221	0.12942	0.00619	0.00374	0.00897
17	0.01101	0.00729	0.00891	0.00890	0.01008	0.00699	0.00608	0.01237	0.01373	0.06087	0.10225	0.16805	0.15557	0.28772	0.10395	0.00518	0.00687	0.01264	0.00570	0.00585
18	0.00876	0.00623	0.00824	0.00980	0.01019	0.00584	0.00649	0.00994	0.01346	0.01795	0.03835	0.70799	0.04597	0.06097	0.01053	0.00311	0.00428	0.01972	0.00649	0.00571
19	0.01077	0.05987	0.01114	0.00968	0.01212	0.00928	0.00759	0.01504	0.10211	0.02050	0.05254	0.17213	0.37585	0.01705	0.00829	0.00254	0.00460	0.09552	0.00644	0.00693
20	0.03723	0.01737	0.01901	0.13482	0.12554	0.15437	0.01432	0.06633	0.08314	0.02263	0.06022	0.11776	0.01966	0.01045	0.00895	0.00235	0.08397	0.00837	0.00477	0.00872
21	0.16291	0.01697	0.02221	0.21044	0.16659	0.10116	0.08607	0.02208	0.01562	0.06141	0.01315	0.01663	0.01015	0.00675	0.00654	0.00213	0.00875	0.00579	0.00396	0.06068
22	0.10147	0.06617	0.01882	0.01491	0.03963	0.07574	0.01172	0.31157	0.11633	0.03368	0.07021	0.02351	0.06735	0.00931	0.00682	0.00214	0.00707	0.00715	0.00622	0.01017
23	0.11334	0.06211	0.01754	0.01633	0.11943	0.01429	0.01108	0.09832	0.07186	0.04646	0.01809	0.06310	0.01641	0.08799	0.00954	0.00248	0.00645	0.03195	0.00503	0.18821
24	0.11491	0.08479	0.01972	0.05046	0.04160	0.06629	0.03667	0.19843	0.11944	0.02952	0.03979	0.06554	0.01737	0.00929	0.00676	0.00218	0.00726	0.03602	0.00558	0.04839
25	0.05375	0.04515	0.06296	0.07028	0.02076	0.06431	0.01221	0.20101	0.08532	0.05058	0.09241	0.05062	0.03770	0.03832	0.00805	0.00228	0.00710	0.00755	0.00575	0.08388
26	0.05358	0.06301	0.08556	0.08092	0.09499	0.01693	0.04906	0.16979	0.01911	0.06531	0.01777	0.05464	0.03941	0.00868	0.00811	0.00216	0.06574	0.00693	0.00488	0.09344

[dist]
# distance from previous block
# <min> <max>
27	73

[block]
# block no. 8 follows, 29 sequences, length 7
# corresponding to MSA columns:
# 456-462
name=unknown_I
#
# <colnr> <probs for GDERKNQSTAVLIFYWHMCP>
#	G	D	E	R	K	N	Q	S	T	A	V	L	I	F	Y	W	H	M	C	P
0	0.01914	0.08407	0.08994	0.19207	0.09604	0.05943	0.04355	0.12415	0.01854	0.07922	0.01439	0.01698	0.01083	0.00699	0.00661	0.00200	0.00852	0.00577	0.00443	0.11735
1	0.09129	0.09697	0.02012	0.10136	0.02240	0.01472	0.05150	0.08344	0.01771	0.17062	0.04661	0.01882	0.01419	0.00722	0.00624	0.00185	0.00680	0.00586	0.00534	0.21692
2	0.10336	0.05587	0.01497	0.01226	0.04945	0.03723	0.00910	0.01901	0.05256	0.04963	0.08125	0.08726	0.07871	0.00938	0.00632	0.00179	0.00551	0.00768	0.00519	0.31348
3	0.10370	0.01434	0.05394	0.04388	0.07343	0.01376	0.05066	0.12696	0.08017	0.08339	0.06212	0.07179	0.10968	0.06949	0.00956	0.00267	0.00665	0.00899	0.00582	0.00900
4	0.03805	0.09847	0.04580	0.11192	0.06982	0.06625	0.05337	0.11319	0.05649	0.02566	0.14380	0.02992	0.06022	0.00989	0.00724	0.00221	0.00748	0.04603	0.00529	0.00888
5	0.01824	0.01520	0.02022	0.33073	0.09569	0.05262	0.01601	0.12525	0.07581	0.07523	0.01705	0.05154	0.01344	0.00820	0.00707	0.00222	0.00824	0.00696	0.00482	0.05546
6	0.01773	0.01755	0.02206	0.17026	0.20290	0.11805	0.04323	0.05745	0.01694	0.02252	0.01292	0.01640	0.01041	0.00644	0.00651	0.00183	0.00850	0.00555	0.00388	0.23885

[dist]
# distance from previous block
# <min> <max>
22	63

[block]
# block no. 9 follows, 29 sequences, length 24
# corresponding to MSA columns:
# 545-568
name=unknown_J
#
# <colnr> <probs for GDERKNQSTAVLIFYWHMCP>
#	G	D	E	R	K	N	Q	S	T	A	V	L	I	F	Y	W	H	M	C	P
0	0.17710	0.16054	0.06344	0.01516	0.07329	0.03851	0.01212	0.10638	0.05609	0.09182	0.06679	0.07485	0.01808	0.00894	0.00628	0.00211	0.00679	0.00696	0.00530	0.00943
1	0.06295	0.14327	0.14908	0.06826	0.04905	0.06123	0.01507	0.15944	0.07475	0.02652	0.01779	0.03766	0.04486	0.00816	0.00645	0.00205	0.00798	0.00629	0.00471	0.05442
2	0.06477	0.01856	0.10030	0.01593	0.02063	0.11272	0.09932	0.10057	0.01785	0.09605	0.01885	0.09252	0.01641	0.04947	0.08185	0.00336	0.00955	0.00783	0.03475	0.03871
3	0.02008	0.11484	0.14289	0.03868	0.02406	0.09841	0.07111	0.20392	0.08015	0.02756	0.01594	0.04669	0.01283	0.00821	0.00732	0.00212	0.03258	0.00647	0.00484	0.04131
4	0.01747	0.06815	0.02194	0.10123	0.13970	0.07831	0.07219	0.07796	0.08913	0.04774	0.07000	0.05642	0.04306	0.01004	0.00748	0.00231	0.00790	0.07457	0.00519	0.00924
5	0.01256	0.01093	0.01141	0.05737	0.01501	0.06763	0.00840	0.03542	0.05668	0.02164	0.10929	0.16755	0.20347	0.05608	0.00940	0.00256	0.00550	0.03766	0.03848	0.07295
6	0.01833	0.01478	0.02004	0.01518	0.02067	0.01393	0.11153	0.18842	0.03420	0.05850	0.01728	0.06626	0.01445	0.01075	0.05334	0.00242	0.00782	0.00692	0.00527	0.31992
7	0.00885	0.00639	0.00838	0.00967	0.01034	0.00592	0.00657	0.01039	0.01461	0.01960	0.12824	0.62331	0.07917	0.02109	0.00897	0.00278	0.00401	0.01904	0.00677	0.00592
8	0.01839	0.01277	0.01588	0.01250	0.01720	0.01205	0.01009	0.02298	0.08576	0.16617	0.01770	0.01916	0.01364	0.01134	0.06718	0.00255	0.09843	0.00577	0.00532	0.38512
9	0.01012	0.00713	0.00874	0.00904	0.01068	0.00639	0.00658	0.01222	0.01655	0.05321	0.22215	0.29813	0.25710	0.01824	0.00863	0.00255	0.00393	0.03518	0.00703	0.00641
10	0.01077	0.00852	0.01362	0.01391	0.04471	0.00796	0.09182	0.01281	0.01444	0.03952	0.03590	0.57465	0.06502	0.01899	0.00883	0.00276	0.00535	0.01755	0.00616	0.00670
11	0.01345	0.01266	0.02136	0.73264	0.04904	0.01582	0.01978	0.01819	0.01424	0.01819	0.01266	0.01898	0.00949	0.00712	0.00712	0.00237	0.00949	0.00633	0.00316	0.00791
12	0.02434	0.01812	0.02265	0.01751	0.02287	0.01965	0.09654	0.40182	0.13178	0.10862	0.01944	0.01952	0.01391	0.00860	0.00801	0.00226	0.03920	0.00699	0.00671	0.01148
13	0.01040	0.00783	0.01119	0.01111	0.01207	0.00906	0.00835	0.01241	0.01133	0.01617	0.02004	0.06137	0.02001	0.16725	0.54177	0.00991	0.05112	0.00856	0.00399	0.00606
14	0.01031	0.00707	0.00861	0.00861	0.00891	0.00736	0.00537	0.01090	0.01061	0.01443	0.02166	0.04231	0.02403	0.58944	0.19401	0.00795	0.00971	0.00973	0.00420	0.00478
15	0.01289	0.01016	0.01132	0.01068	0.01338	0.01025	0.00831	0.10309	0.12604	0.02565	0.13909	0.12586	0.28117	0.01560	0.00827	0.00249	0.00479	0.07626	0.00694	0.00777
16	0.04294	0.06311	0.19532	0.02599	0.07036	0.01837	0.38063	0.02213	0.01563	0.02233	0.01319	0.01718	0.01011	0.00671	0.00871	0.00235	0.06484	0.00698	0.00342	0.00969
17	0.01847	0.01262	0.01440	0.01328	0.04293	0.03642	0.00985	0.14340	0.10564	0.14866	0.13609	0.13693	0.12546	0.01285	0.00778	0.00233	0.00562	0.01089	0.00714	0.00924
18	0.00887	0.00639	0.00809	0.00936	0.00992	0.00595	0.00619	0.01000	0.01347	0.01771	0.04038	0.58563	0.11053	0.11678	0.01256	0.00337	0.00444	0.01843	0.00631	0.00562
19	0.00911	0.00673	0.00848	0.00976	0.01052	0.00638	0.00661	0.01120	0.04387	0.01864	0.04156	0.61721	0.11290	0.04852	0.00995	0.00297	0.00425	0.01879	0.00655	0.00600
20	0.04308	0.08699	0.09816	0.05811	0.07814	0.18253	0.01445	0.12621	0.04818	0.04634	0.12855	0.02196	0.02019	0.00858	0.00682	0.00207	0.00848	0.00670	0.00506	0.00939
21	0.02522	0.06004	0.02181	0.05801	0.05821	0.40659	0.01436	0.22229	0.02337	0.02593	0.01299	0.01463	0.01017	0.00758	0.00662	0.00195	0.01070	0.00528	0.00464	0.00958
22	0.01156	0.00813	0.00949	0.00905	0.00946	0.00865	0.00571	0.04889	0.01176	0.01591	0.02125	0.04213	0.02374	0.62469	0.07866	0.00674	0.04498	0.00974	0.00438	0.00507
23	0.01685	0.07660	0.14771	0.04115	0.07109	0.04752	0.05054	0.06879	0.04938	0.02401	0.01365	0.01579	0.01078	0.00633	0.00613	0.00168	0.00770	0.00519	0.00412	0.33498

[dist]
# distance from previous block
# <min> <max>
1	5

[block]
# block no. 10 follows, 29 sequences, length 22
# corresponding to MSA columns:
# 576-580,584-600
name=unknown_K
#
# <colnr> <probs for GDERKNQSTAVLIFYWHMCP>
#	G	D	E	R	K	N	Q	S	T	A	V	L	I	F	Y	W	H	M	C	P
0	0.01368	0.00918	0.05346	0.01053	0.01164	0.00811	0.00802	0.06452	0.01159	0.01563	0.01278	0.02087	0.01214	0.02232	0.02486	0.68027	0.00658	0.00615	0.00341	0.00428
1	0.01498	0.02409	0.30392	0.08606	0.19032	0.01591	0.14795	0.02097	0.01553	0.02205	0.01643	0.06303	0.03078	0.00781	0.00736	0.00230	0.00966	0.00739	0.00357	0.00990
2	0.00909	0.00695	0.00815	0.00842	0.00993	0.00622	0.00598	0.01103	0.01617	0.02107	0.23145	0.23324	0.30913	0.07740	0.01083	0.00285	0.00394	0.01538	0.00676	0.00601
3	0.01904	0.75404	0.03731	0.01218	0.01828	0.02818	0.01218	0.02132	0.01447	0.01675	0.00990	0.01142	0.00914	0.00609	0.00457	0.00152	0.00761	0.00381	0.00305	0.00914
4	0.10483	0.09637	0.12887	0.01529	0.02157	0.01958	0.01431	0.33821	0.04613	0.12223	0.01674	0.01684	0.01189	0.00789	0.00653	0.00212	0.00769	0.00585	0.00600	0.01107
5	0.01708	0.17842	0.22381	0.04731	0.15525	0.04208	0.06882	0.07281	0.01716	0.02318	0.05803	0.03611	0.01460	0.00755	0.00667	0.00208	0.00883	0.00638	0.00391	0.00990
6	0.01071	0.00786	0.01019	0.00993	0.01038	0.00881	0.00683	0.01173	0.01078	0.01503	0.02020	0.03759	0.02173	0.44701	0.27439	0.00818	0.07024	0.00907	0.00404	0.00531
7	0.80005	0.01377	0.01047	0.00936	0.01377	0.01597	0.00771	0.02093	0.01212	0.03195	0.00991	0.01157	0.00771	0.00661	0.00441	0.00220	0.00551	0.00386	0.00441	0.00771
8	0.01024	0.00711	0.00927	0.01009	0.01133	0.00636	0.00695	0.01174	0.01402	0.04613	0.03602	0.63994	0.04209	0.01999	0.00861	0.00267	0.00433	0.01804	0.00645	0.08863
9	0.00868	0.00620	0.00826	0.00991	0.01033	0.00578	0.00661	0.00991	0.01363	0.01818	0.03925	0.74510	0.04710	0.02231	0.00909	0.00289	0.00413	0.02024	0.00661	0.00578
10	0.01345	0.01266	0.02136	0.73264	0.04904	0.01582	0.01978	0.01819	0.01424	0.01819	0.01266	0.01898	0.00949	0.00712	0.00712	0.00237	0.00949	0.00633	0.00316	0.00791
11	0.00897	0.00651	0.00823	0.00945	0.01034	0.00599	0.00656	0.01056	0.01452	0.01925	0.07506	0.55154	0.15246	0.02066	0.00884	0.00276	0.00408	0.04451	0.03380	0.00593
12	0.01072	0.00745	0.00954	0.00891	0.01081	0.00678	0.00672	0.01389	0.01975	0.05288	0.61070	0.05372	0.13184	0.01471	0.00835	0.00226	0.00349	0.01289	0.00775	0.00685
13	0.01904	0.75404	0.03731	0.01218	0.01828	0.02818	0.01218	0.02132	0.01447	0.01675	0.00990	0.01142	0.00914	0.00609	0.00457	0.00152	0.00761	0.00381	0.00305	0.00914
14	0.01815	0.01790	0.02378	0.22181	0.26218	0.11021	0.04005	0.07425	0.07214	0.02305	0.01499	0.01974	0.01215	0.00769	0.00769	0.00225	0.03404	0.02411	0.00410	0.00972
15	0.00946	0.00661	0.00844	0.00960	0.01002	0.00636	0.00642	0.01054	0.01294	0.01720	0.03409	0.46927	0.04016	0.23845	0.01724	0.00412	0.00520	0.08250	0.00592	0.00543
16	0.01425	0.01161	0.04183	0.01352	0.01611	0.01135	0.01157	0.13617	0.04536	0.02557	0.05509	0.17376	0.03475	0.01680	0.00932	0.00289	0.02666	0.33905	0.00650	0.00782
17	0.01088	0.00780	0.00900	0.00871	0.01040	0.00755	0.00634	0.01467	0.07123	0.02364	0.29392	0.05030	0.16878	0.15130	0.01312	0.00312	0.00436	0.03371	0.10470	0.00649
18	0.02682	0.01942	0.02093	0.01615	0.02176	0.02142	0.01331	0.62597	0.06398	0.07021	0.01809	0.01782	0.01278	0.00861	0.00713	0.00215	0.00766	0.00652	0.00720	0.01207
19	0.01536	0.01637	0.10129	0.10153	0.15767	0.04273	0.01466	0.08723	0.05300	0.02235	0.02176	0.09225	0.05956	0.13946	0.01304	0.00313	0.03668	0.00874	0.00460	0.00858
20	0.05612	0.51598	0.08502	0.01359	0.01949	0.10489	0.01318	0.02366	0.07471	0.01914	0.01193	0.01321	0.01017	0.00663	0.00518	0.00173	0.00817	0.00439	0.00355	0.00927
21	0.47457	0.07254	0.03589	0.01233	0.01686	0.10715	0.01039	0.08098	0.05701	0.02913	0.01192	0.01338	0.00935	0.00725	0.00590	0.00215	0.03552	0.00456	0.00453	0.00858

[dist]
# distance from previous block
# <min> <max>
1	3

[block]
# block no. 11 follows, 29 sequences, length 21
# corresponding to MSA columns:
# 604-624
name=unknown_L
#
# <colnr> <probs for GDERKNQSTAVLIFYWHMCP>
#	G	D	E	R	K	N	Q	S	T	A	V	L	I	F	Y	W	H	M	C	P
0	0.13134	0.07309	0.06402	0.03587	0.05214	0.20214	0.01238	0.04417	0.12959	0.02373	0.05375	0.05843	0.07221	0.00943	0.00662	0.00215	0.00796	0.00726	0.00495	0.00877
1	0.01038	0.00766	0.01084	0.04499	0.01301	0.00865	0.00808	0.01229	0.01126	0.01581	0.01975	0.03299	0.01977	0.25479	0.48686	0.00968	0.01505	0.00836	0.00393	0.00583
2	0.01680	0.04249	0.10072	0.02003	0.09177	0.03988	0.12151	0.11068	0.06596	0.04137	0.03851	0.15814	0.03956	0.01101	0.00892	0.00241	0.06622	0.00960	0.00510	0.00930
3	0.04354	0.17532	0.11299	0.01857	0.04440	0.05080	0.15356	0.02331	0.06892	0.06757	0.01528	0.04115	0.01248	0.00766	0.00783	0.00209	0.06407	0.00640	0.00419	0.07988
4	0.07094	0.01192	0.01423	0.01170	0.01529	0.01239	0.05927	0.17355	0.04266	0.08628	0.04663	0.02362	0.01748	0.00839	0.00608	0.00195	0.00547	0.00686	0.37647	0.00881
5	0.01235	0.00845	0.00943	0.00944	0.01051	0.05420	0.00675	0.01240	0.01351	0.01810	0.09986	0.08590	0.11639	0.01897	0.01647	0.34972	0.00546	0.03830	0.10872	0.00505
6	0.01380	0.00746	0.00771	0.00752	0.00934	0.00756	0.00565	0.05872	0.01602	0.02707	0.02408	0.08159	0.02009	0.00940	0.00543	0.00179	0.00367	0.00768	0.67850	0.00692
7	0.01023	0.00732	0.00992	0.01014	0.01092	0.00794	0.00728	0.01183	0.01153	0.01598	0.02282	0.08414	0.02413	0.29874	0.38260	0.00872	0.01292	0.05289	0.00436	0.00560
8	0.00868	0.00620	0.00826	0.00991	0.01033	0.00578	0.00661	0.00991	0.01363	0.01818	0.03925	0.74510	0.04710	0.02231	0.00909	0.00289	0.00413	0.02024	0.00661	0.00578
9	0.01027	0.00690	0.00794	0.00801	0.00808	0.00693	0.00460	0.01043	0.01055	0.01412	0.02307	0.07764	0.02653	0.68864	0.06257	0.00690	0.00727	0.01070	0.00440	0.00446
10	0.01601	0.02809	0.44458	0.05406	0.02805	0.01591	0.04126	0.06562	0.07968	0.05205	0.01682	0.02111	0.01295	0.00799	0.00705	0.00228	0.00922	0.04760	0.00421	0.04548
11	0.01965	0.14570	0.10118	0.02482	0.21903	0.18091	0.01748	0.05261	0.01663	0.02076	0.01171	0.01486	0.00992	0.00767	0.00910	0.00213	0.12733	0.00539	0.00352	0.00962
12	0.05152	0.01189	0.01629	0.12200	0.04747	0.01190	0.01170	0.06991	0.01854	0.35724	0.05604	0.02425	0.01795	0.01347	0.08464	0.00319	0.00787	0.00714	0.05695	0.01004
13	0.00880	0.00642	0.00805	0.00929	0.00996	0.00593	0.00620	0.01001	0.01370	0.01790	0.04260	0.57168	0.14526	0.09444	0.01170	0.00322	0.00433	0.01846	0.00638	0.00567
14	0.00927	0.00700	0.00857	0.00870	0.01028	0.00629	0.00633	0.01168	0.01747	0.02342	0.36445	0.22524	0.24051	0.01741	0.00857	0.00244	0.00362	0.01527	0.00720	0.00629
15	0.01032	0.00729	0.00871	0.00854	0.01031	0.00654	0.00619	0.01252	0.01702	0.05303	0.30276	0.14866	0.27664	0.08612	0.01108	0.00282	0.00400	0.01410	0.00696	0.00636
16	0.15210	0.01181	0.01383	0.01126	0.01567	0.01149	0.00914	0.07134	0.04055	0.37483	0.08948	0.02490	0.02069	0.00895	0.00654	0.00214	0.00544	0.00709	0.11265	0.01011
17	0.01445	0.01554	0.09221	0.14523	0.06938	0.04565	0.03532	0.06588	0.09024	0.02231	0.02637	0.11772	0.10393	0.04053	0.05432	0.00308	0.00820	0.00939	0.00492	0.03533
18	0.01388	0.01065	0.01242	0.01082	0.01428	0.01002	0.00837	0.06283	0.11829	0.04890	0.20284	0.11757	0.11134	0.01248	0.00749	0.00210	0.00476	0.03109	0.00656	0.19333
