[name]
unknown

[dist]
# distance from previous block
# <min> <max>
0	41

[block]
# block no. 0 follows, 32 sequences, length 27
# corresponding to MSA columns:
# 48-74
name=unknown_A
#
# <colnr> <probs for GDERKNQSTAVLIFYWHMCP>
#	G	D	E	R	K	N	Q	S	T	A	V	L	I	F	Y	W	H	M	C	P
0	0.03637	0.02081	0.15386	0.10751	0.04698	0.14081	0.01527	0.08794	0.08671	0.06855	0.01542	0.01904	0.01218	0.00793	0.00764	0.00209	0.06442	0.03707	0.00438	0.06502
1	0.11422	0.20885	0.07729	0.01702	0.09806	0.11726	0.03847	0.10477	0.01682	0.07892	0.01284	0.01513	0.01032	0.03546	0.00716	0.00205	0.02713	0.00507	0.00412	0.00904
2	0.09150	0.04331	0.09905	0.14299	0.23521	0.06909	0.07703	0.03937	0.04133	0.03842	0.01288	0.01592	0.01005	0.00637	0.00630	0.00200	0.00832	0.00559	0.00367	0.05160
3	0.04770	0.07769	0.05862	0.11375	0.15858	0.11512	0.01403	0.10175	0.06078	0.04257	0.06150	0.02108	0.03124	0.05772	0.00823	0.00229	0.00779	0.00638	0.00441	0.00878
4	0.01749	0.07061	0.10235	0.06984	0.17836	0.05613	0.18082	0.10146	0.04566	0.04226	0.03632	0.01758	0.01225	0.00667	0.00674	0.00202	0.00873	0.00631	0.00407	0.03433
5	0.43046	0.01642	0.01532	0.06289	0.11109	0.11982	0.01119	0.07555	0.01523	0.06982	0.01168	0.01343	0.00892	0.00660	0.00528	0.00202	0.00701	0.00458	0.00432	0.00838
6	0.01338	0.01272	0.02183	0.45373	0.19304	0.01451	0.06218	0.01743	0.01386	0.01847	0.01450	0.08826	0.01278	0.00797	0.00733	0.00225	0.02694	0.00734	0.00339	0.00808
7	0.81159	0.01298	0.00986	0.00882	0.01298	0.01505	0.00727	0.01972	0.01142	0.03010	0.00934	0.01090	0.00727	0.00623	0.00415	0.00208	0.00519	0.00363	0.00415	0.00727
8	0.00818	0.00584	0.00779	0.00934	0.00973	0.00545	0.00623	0.00934	0.01285	0.01713	0.03698	0.75981	0.04438	0.02102	0.00856	0.00273	0.00389	0.01908	0.00623	0.00545
9	0.01983	0.06241	0.06113	0.04490	0.17632	0.26217	0.16852	0.02336	0.01654	0.05931	0.01251	0.01530	0.00987	0.00657	0.00709	0.00198	0.03386	0.00571	0.00360	0.00901
10	0.01447	0.01229	0.01428	0.10146	0.01915	0.01398	0.01056	0.02788	0.45940	0.02646	0.19182	0.03020	0.02939	0.00992	0.00707	0.00223	0.00523	0.00848	0.00650	0.00920
11	0.04468	0.03035	0.57628	0.02146	0.12307	0.01537	0.02293	0.02158	0.01442	0.05099	0.01262	0.01474	0.00908	0.00640	0.00634	0.00210	0.00930	0.00512	0.00318	0.00998
12	0.00843	0.00659	0.00767	0.00835	0.00972	0.00596	0.00590	0.01052	0.03742	0.01845	0.08720	0.39869	0.33396	0.01850	0.00820	0.00248	0.00369	0.01621	0.00631	0.00576
13	0.01762	0.01959	0.02012	0.01752	0.01850	0.22378	0.01419	0.01917	0.01275	0.01623	0.00925	0.01395	0.00876	0.01037	0.01749	0.00259	0.54212	0.00543	0.00308	0.00746
14	0.01649	0.01350	0.01577	0.06196	0.01911	0.01208	0.00979	0.17386	0.01793	0.02623	0.01289	0.01469	0.01021	0.00580	0.00549	0.00131	0.00580	0.00459	0.00454	0.56796
15	0.02304	0.00972	0.01309	0.01092	0.01471	0.00850	0.00864	0.02535	0.01772	0.49601	0.08623	0.18031	0.05222	0.01172	0.00726	0.00222	0.00504	0.01003	0.00772	0.00955
16	0.00818	0.00584	0.00779	0.00934	0.00973	0.00545	0.00623	0.00934	0.01285	0.01713	0.03698	0.75981	0.04438	0.02102	0.00856	0.00273	0.00389	0.01908	0.00623	0.00545
17	0.01306	0.01023	0.01488	0.15318	0.13870	0.01080	0.01171	0.04420	0.07053	0.05745	0.02540	0.34027	0.02656	0.04116	0.00853	0.00255	0.00598	0.01195	0.00523	0.00763
18	0.02323	0.01716	0.01857	0.01457	0.01938	0.01888	0.01190	0.59527	0.05141	0.03955	0.07238	0.05102	0.01718	0.00909	0.00689	0.00206	0.00684	0.00713	0.00675	0.01073
19	0.02264	0.09816	0.14451	0.01538	0.02152	0.01964	0.01446	0.44644	0.04824	0.08017	0.01575	0.01595	0.01126	0.00758	0.00641	0.00199	0.00762	0.00570	0.00575	0.01084
20	0.02506	0.03198	0.01901	0.01729	0.02074	0.73725	0.01296	0.02679	0.01901	0.01642	0.01037	0.01210	0.00864	0.00691	0.00605	0.00173	0.01210	0.00432	0.00346	0.00778
21	0.01020	0.00689	0.00905	0.00929	0.01061	0.00636	0.00659	0.01206	0.01446	0.05725	0.19873	0.41687	0.04253	0.05710	0.05701	0.00315	0.00493	0.01453	0.00620	0.05620
22	0.02365	0.02930	0.01878	0.01699	0.02025	0.62680	0.01287	0.02688	0.07947	0.01743	0.01177	0.01341	0.00970	0.00742	0.00716	0.00186	0.05984	0.00471	0.00372	0.00800
23	0.00826	0.00593	0.00770	0.00908	0.00954	0.00553	0.00603	0.00938	0.01278	0.01692	0.03762	0.67711	0.07901	0.06827	0.01016	0.00294	0.00403	0.01822	0.00609	0.00537
24	0.00834	0.00661	0.00751	0.00772	0.00943	0.00577	0.00562	0.01026	0.01561	0.01992	0.20987	0.21087	0.42450	0.01711	0.00806	0.00233	0.00345	0.01476	0.00649	0.00577
25	0.06704	0.01395	0.02241	0.37509	0.32442	0.01559	0.01846	0.04711	0.01481	0.02102	0.01222	0.01682	0.00964	0.00643	0.00651	0.00212	0.00823	0.00582	0.00335	0.00893
26	0.01536	0.01746	0.16551	0.21585	0.07019	0.01520	0.03921	0.08297	0.04140	0.05833	0.01453	0.02018	0.01193	0.09934	0.01188	0.00277	0.09912	0.00638	0.00389	0.00849

[dist]
# distance from previous block
# <min> <max>
0	5

[block]
# block no. 1 follows, 32 sequences, length 11
# corresponding to MSA columns:
# 80-90
name=unknown_B
#
# <colnr> <probs for GDERKNQSTAVLIFYWHMCP>
#	G	D	E	R	K	N	Q	S	T	A	V	L	I	F	Y	W	H	M	C	P
0	0.25678	0.07414	0.06213	0.11310	0.07594	0.09621	0.10106	0.04864	0.01460	0.02333	0.01147	0.01438	0.00904	0.00660	0.00635	0.00204	0.03752	0.00510	0.03333	0.00822
1	0.08916	0.22263	0.23117	0.01576	0.02228	0.01764	0.11169	0.04994	0.01556	0.07238	0.07815	0.01755	0.01445	0.00698	0.00602	0.00194	0.00791	0.00573	0.00402	0.00904
2	0.02506	0.03198	0.01901	0.01729	0.02074	0.73725	0.01296	0.02679	0.01901	0.01642	0.01037	0.01210	0.00864	0.00691	0.00605	0.00173	0.01210	0.00432	0.00346	0.00778
3	0.01391	0.01193	0.01391	0.00994	0.01590	0.00894	0.00795	0.01690	0.01391	0.02186	0.01193	0.01391	0.00994	0.00497	0.00497	0.00099	0.00497	0.00398	0.00398	0.80521
4	0.00959	0.00719	0.01078	0.01078	0.01198	0.00839	0.00839	0.01198	0.01078	0.01558	0.01797	0.02636	0.01677	0.05032	0.73760	0.01078	0.01797	0.00719	0.00359	0.00599
5	0.00818	0.00584	0.00779	0.00934	0.00973	0.00545	0.00623	0.00934	0.01285	0.01713	0.03698	0.75981	0.04438	0.02102	0.00856	0.00273	0.00389	0.01908	0.00623	0.00545
6	0.02381	0.06984	0.05228	0.01659	0.02222	0.05980	0.09546	0.43313	0.02567	0.11065	0.01599	0.01642	0.01137	0.00750	0.00665	0.00200	0.00803	0.00604	0.00588	0.01067
7	0.05069	0.27355	0.02261	0.01313	0.01704	0.07302	0.01116	0.06657	0.19627	0.02140	0.01521	0.01741	0.01279	0.05049	0.00925	0.00221	0.10362	0.00550	0.00435	0.03373
8	0.01558	0.06730	0.15345	0.01425	0.01888	0.06405	0.04464	0.13400	0.04061	0.02345	0.06562	0.09664	0.05596	0.04075	0.02905	0.00248	0.04959	0.00786	0.00469	0.07115
9	0.17251	0.07947	0.02302	0.05973	0.08087	0.08271	0.15622	0.07123	0.05951	0.07042	0.03670	0.01689	0.01214	0.00709	0.00698	0.00208	0.04327	0.00593	0.00436	0.00885
10	0.05430	0.08232	0.02068	0.04690	0.06179	0.06804	0.11881	0.06194	0.04376	0.08798	0.05851	0.09045	0.04108	0.01031	0.03216	0.00232	0.02777	0.00770	0.00480	0.07836

[dist]
# distance from previous block
# <min> <max>
2	9

[block]
# block no. 2 follows, 32 sequences, length 38
# corresponding to MSA columns:
# 100-137
name=unknown_C
#
# <colnr> <probs for GDERKNQSTAVLIFYWHMCP>
#	G	D	E	R	K	N	Q	S	T	A	V	L	I	F	Y	W	H	M	C	P
0	0.01700	0.01836	0.06673	0.09679	0.02196	0.19801	0.06433	0.02239	0.11809	0.05819	0.07334	0.08487	0.01988	0.03089	0.00864	0.00232	0.05114	0.03422	0.00475	0.00810
1	0.01539	0.04700	0.04307	0.20308	0.32881	0.04457	0.01684	0.01922	0.01459	0.02024	0.01206	0.01584	0.00984	0.00598	0.00617	0.00181	0.00776	0.00535	0.00335	0.17901
2	0.01394	0.01327	0.02280	0.46488	0.26253	0.01507	0.04448	0.01822	0.01401	0.01879	0.01244	0.01781	0.00983	0.00810	0.03458	0.00248	0.00906	0.00609	0.00313	0.00848
3	0.04286	0.00929	0.01352	0.16737	0.04828	0.01069	0.01082	0.01510	0.03837	0.04435	0.01884	0.10651	0.01799	0.08201	0.30936	0.00612	0.03946	0.00821	0.00408	0.00677
4	0.04192	0.05547	0.19427	0.24871	0.07744	0.01608	0.10017	0.03691	0.01445	0.04754	0.01414	0.01768	0.03136	0.00721	0.00783	0.00220	0.06844	0.00604	0.00345	0.00869
5	0.07048	0.03365	0.02036	0.37620	0.12557	0.01475	0.05549	0.01735	0.01406	0.01999	0.09466	0.03710	0.01624	0.00803	0.00793	0.00222	0.06756	0.00685	0.00371	0.00781
6	0.48927	0.01203	0.01082	0.00965	0.01330	0.01321	0.00767	0.09669	0.01454	0.02844	0.04099	0.13206	0.04336	0.00935	0.00546	0.00212	0.00509	0.00704	0.00496	0.05394
7	0.01200	0.00892	0.01143	0.01114	0.01273	0.00900	0.03431	0.14595	0.01643	0.02196	0.03082	0.53304	0.03512	0.07113	0.01001	0.00284	0.00506	0.01540	0.00606	0.00667
8	0.01566	0.01465	0.02453	0.14259	0.28410	0.01596	0.11659	0.03929	0.04219	0.04037	0.06502	0.01967	0.01445	0.00777	0.00938	0.00224	0.12577	0.00678	0.00388	0.00910
9	0.00998	0.00643	0.00748	0.00748	0.00748	0.00643	0.00427	0.00964	0.00964	0.01285	0.02003	0.04117	0.02291	0.67773	0.03323	0.09966	0.00643	0.00930	0.00393	0.00393
10	0.01192	0.00962	0.01350	0.04314	0.01424	0.01195	0.00980	0.01360	0.01077	0.03726	0.01592	0.02627	0.01573	0.19397	0.31255	0.00684	0.23577	0.00730	0.00362	0.00620
11	0.01617	0.02024	0.20930	0.05529	0.24833	0.01533	0.15050	0.02171	0.03689	0.07703	0.04375	0.01840	0.01285	0.00688	0.00749	0.00215	0.03762	0.00645	0.00385	0.00977
12	0.01567	0.01383	0.02052	0.04902	0.35380	0.01251	0.01439	0.01916	0.01471	0.04390	0.01271	0.01561	0.01044	0.00561	0.00588	0.00154	0.00655	0.00508	0.00377	0.37529
13	0.81159	0.01298	0.00986	0.00882	0.01298	0.01505	0.00727	0.01972	0.01142	0.03010	0.00934	0.01090	0.00727	0.00623	0.00415	0.00208	0.00519	0.00363	0.00415	0.00727
14	0.01436	0.03023	0.58864	0.01806	0.02679	0.01483	0.04304	0.04955	0.01556	0.05063	0.07284	0.01777	0.01365	0.00712	0.00658	0.00212	0.00911	0.00578	0.00362	0.00971
15	0.00892	0.00714	0.00865	0.00935	0.04415	0.00636	0.00641	0.01116	0.01625	0.02117	0.28266	0.14395	0.37791	0.01585	0.00794	0.00226	0.00360	0.01369	0.00648	0.00611
16	0.01941	0.01470	0.01592	0.01311	0.01715	0.01599	0.01049	0.40731	0.12903	0.03400	0.08092	0.09251	0.09814	0.01082	0.00713	0.00215	0.00598	0.00883	0.00669	0.00972
17	0.02114	0.01869	0.10148	0.02427	0.23560	0.05096	0.08198	0.16956	0.04124	0.16339	0.01644	0.01763	0.01189	0.00703	0.00675	0.00205	0.00806	0.00619	0.00509	0.01058
18	0.01482	0.01771	0.13772	0.22191	0.14221	0.01564	0.17977	0.01997	0.03160	0.04301	0.01519	0.01901	0.03703	0.00719	0.00819	0.00224	0.06780	0.00664	0.00350	0.00885
19	0.01377	0.00788	0.00966	0.00883	0.01146	0.00697	0.00679	0.01590	0.01624	0.19401	0.14543	0.11630	0.33620	0.01713	0.05963	0.00285	0.00502	0.01201	0.00672	0.00718
20	0.01888	0.05532	0.36686	0.01748	0.02480	0.06967	0.07346	0.04405	0.04321	0.17707	0.01573	0.01660	0.01100	0.00706	0.00694	0.00209	0.02976	0.00565	0.00440	0.00996
21	0.01423	0.04085	0.19912	0.13226	0.22268	0.01529	0.12757	0.01907	0.01439	0.02012	0.01543	0.07640	0.02780	0.00779	0.00750	0.00219	0.03766	0.00718	0.00343	0.00903
22	0.01307	0.02307	0.36003	0.04146	0.08786	0.01373	0.15231	0.01861	0.01429	0.02037	0.01764	0.17236	0.01659	0.00929	0.00717	0.00227	0.00872	0.00863	0.00371	0.00880
23	0.01267	0.01193	0.02013	0.74806	0.04621	0.01491	0.01863	0.01714	0.01342	0.01714	0.01193	0.01789	0.00894	0.00671	0.00671	0.00224	0.00894	0.00596	0.00298	0.00745
24	0.01715	0.03840	0.27759	0.05089	0.10690	0.01470	0.14378	0.04456	0.02798	0.13701	0.01739	0.04946	0.02825	0.00747	0.00687	0.00214	0.00860	0.00681	0.00431	0.00973
25	0.01355	0.04870	0.18643	0.08366	0.05070	0.01295	0.13493	0.04736	0.01526	0.04467	0.06158	0.16500	0.05462	0.04021	0.00832	0.00241	0.00763	0.00944	0.00445	0.00812
26	0.01489	0.04404	0.08753	0.13098	0.09512	0.07091	0.13941	0.01845	0.01480	0.06686	0.02100	0.16288	0.05178	0.04118	0.00831	0.00240	0.00800	0.00914	0.00430	0.00803
27	0.01979	0.01269	0.01969	0.23395	0.18260	0.01352	0.01511	0.02317	0.01583	0.27053	0.04502	0.02035	0.01419	0.00784	0.00814	0.00218	0.07430	0.00648	0.00512	0.00951
28	0.01405	0.07725	0.20321	0.10656	0.19775	0.01516	0.07744	0.01912	0.04066	0.01995	0.01689	0.09750	0.03148	0.02799	0.00782	0.00227	0.02490	0.00746	0.00366	0.00887
29	0.01390	0.01978	0.23302	0.16781	0.08586	0.01446	0.16073	0.05183	0.01582	0.02192	0.08783	0.03632	0.04508	0.00782	0.00707	0.00218	0.00865	0.00731	0.00388	0.00874
30	0.01334	0.06090	0.21019	0.01834	0.12946	0.01321	0.03634	0.06815	0.01529	0.02123	0.04347	0.21070	0.05496	0.01278	0.03605	0.00258	0.03060	0.00964	0.00444	0.00834
31	0.01477	0.04657	0.48167	0.05141	0.12430	0.01478	0.02119	0.02093	0.01463	0.07057	0.01601	0.04148	0.03766	0.00734	0.00653	0.00211	0.00879	0.00605	0.00354	0.00968
32	0.01520	0.01779	0.19555	0.11547	0.17237	0.01308	0.08674	0.01969	0.01496	0.10238	0.03635	0.14472	0.01765	0.00917	0.00709	0.00222	0.00784	0.00841	0.00434	0.00898
33	0.01528	0.04177	0.24272	0.12685	0.09497	0.07132	0.17451	0.04866	0.01553	0.02082	0.01441	0.07560	0.01217	0.00749	0.00691	0.00216	0.00942	0.00697	0.00351	0.00893
34	0.01409	0.01492	0.07098	0.22053	0.19861	0.01421	0.15241	0.04746	0.01512	0.02048	0.01805	0.10467	0.04400	0.02551	0.00779	0.00232	0.00831	0.00822	0.00383	0.00850
35	0.01278	0.01567	0.13390	0.05195	0.17700	0.01238	0.15979	0.01687	0.01459	0.02015	0.04902	0.17662	0.07586	0.01217	0.03820	0.00263	0.00806	0.00989	0.00425	0.00822
36	0.04849	0.04717	0.19721	0.17291	0.02723	0.01533	0.08973	0.07285	0.01500	0.05068	0.01612	0.03980	0.03984	0.05913	0.00993	0.00252	0.07711	0.00670	0.00384	0.00839
37	0.01705	0.06027	0.16932	0.03769	0.11489	0.08759	0.04285	0.04690	0.05991	0.09695	0.01805	0.12508	0.01600	0.00975	0.00808	0.03278	0.03585	0.00763	0.00449	0.00887

[dist]
# distance from previous block
# <min> <max>
0	11

[block]
# block no. 3 follows, 32 sequences, length 16
# corresponding to MSA columns:
# 149-164
name=unknown_D
#
# <colnr> <probs for GDERKNQSTAVLIFYWHMCP>
#	G	D	E	R	K	N	Q	S	T	A	V	L	I	F	Y	W	H	M	C	P
0	0.01589	0.02021	0.22844	0.09568	0.22103	0.04196	0.05647	0.02055	0.01501	0.08869	0.01740	0.07372	0.03832	0.00809	0.00724	0.00216	0.02879	0.00707	0.00395	0.00933
1	0.01263	0.09276	0.40435	0.01622	0.04189	0.01386	0.05128	0.01804	0.01474	0.02057	0.08109	0.06469	0.12166	0.00926	0.00675	0.00212	0.00781	0.00775	0.00395	0.00860
2	0.01283	0.01447	0.10819	0.19270	0.17615	0.01308	0.01549	0.01781	0.06762	0.01962	0.02330	0.09082	0.10239	0.01215	0.04672	0.00273	0.04289	0.02870	0.00415	0.00818
3	0.01510	0.01881	0.19455	0.24207	0.15498	0.01494	0.09892	0.05380	0.01536	0.05424	0.01481	0.06548	0.01208	0.00745	0.00688	0.00218	0.00873	0.00685	0.00371	0.00905
4	0.01617	0.03552	0.09686	0.13472	0.12411	0.05967	0.03852	0.02028	0.04230	0.13044	0.06177	0.13547	0.05563	0.00997	0.00702	0.00218	0.00712	0.00871	0.00495	0.00858
5	0.01459	0.01366	0.02312	0.06899	0.51541	0.01369	0.03860	0.01805	0.01468	0.02065	0.01781	0.17522	0.01773	0.00921	0.00710	0.00217	0.00725	0.00883	0.00393	0.00932
6	0.00835	0.00681	0.00739	0.00724	0.00932	0.00585	0.00543	0.01045	0.01630	0.02050	0.24426	0.06066	0.54184	0.01611	0.00793	0.00222	0.00334	0.01361	0.00654	0.00585
7	0.01927	0.03995	0.22030	0.07090	0.11220	0.01328	0.06993	0.02377	0.01602	0.25722	0.01974	0.05955	0.03137	0.00798	0.00678	0.00213	0.00774	0.00695	0.00505	0.00988
8	0.02253	0.02049	0.10659	0.05622	0.05285	0.17365	0.01378	0.17863	0.03865	0.19210	0.01888	0.04732	0.03151	0.00826	0.00664	0.00203	0.00816	0.00645	0.00551	0.00977
9	0.63071	0.01236	0.01071	0.00926	0.01347	0.01368	0.00760	0.02186	0.01295	0.15538	0.01306	0.01376	0.00945	0.00668	0.00465	0.00205	0.00518	0.00433	0.04491	0.00796
10	0.01364	0.11181	0.58119	0.01760	0.02608	0.01629	0.02177	0.02016	0.01388	0.02020	0.01326	0.06261	0.01087	0.00746	0.00686	0.00212	0.03598	0.00577	0.00306	0.00939
11	0.00823	0.00607	0.00771	0.00887	0.00964	0.00555	0.00605	0.00962	0.01367	0.01797	0.08970	0.59745	0.15518	0.01986	0.00842	0.00261	0.00376	0.01779	0.00631	0.00555
12	0.01391	0.01193	0.01391	0.00994	0.01590	0.00894	0.00795	0.01690	0.01391	0.02186	0.01193	0.01391	0.00994	0.00497	0.00497	0.00099	0.00497	0.00398	0.00398	0.80521
13	0.02085	0.53626	0.02966	0.01255	0.01782	0.14800	0.01152	0.02299	0.01533	0.11342	0.01186	0.01265	0.00971	0.00630	0.00494	0.00157	0.00783	0.00415	0.00372	0.00885
14	0.01450	0.09543	0.05647	0.01733	0.12426	0.03861	0.03831	0.08378	0.07035	0.02125	0.02290	0.25424	0.04116	0.03175	0.00880	0.00238	0.05522	0.01029	0.00486	0.00812
15	0.01818	0.10805	0.09629	0.01641	0.07997	0.01733	0.01340	0.20160	0.10746	0.06210	0.06442	0.04971	0.04203	0.00913	0.00813	0.00213	0.08182	0.00704	0.00526	0.00956

[dist]
# distance from previous block
# <min> <max>
0	2

[block]
# block no. 4 follows, 32 sequences, length 6
# corresponding to MSA columns:
# 167-172
name=unknown_E
#
# <colnr> <probs for GDERKNQSTAVLIFYWHMCP>
#	G	D	E	R	K	N	Q	S	T	A	V	L	I	F	Y	W	H	M	C	P
0	0.01346	0.03471	0.72942	0.01912	0.02904	0.01558	0.02479	0.02125	0.01417	0.02125	0.01204	0.01417	0.00850	0.00637	0.00637	0.00212	0.00992	0.00496	0.00283	0.00992
1	0.01575	0.27994	0.21488	0.01564	0.02158	0.05828	0.08188	0.02108	0.06777	0.01999	0.08848	0.01800	0.01556	0.00740	0.00681	0.00193	0.04672	0.00576	0.00374	0.00880
2	0.01631	0.01519	0.01897	0.05156	0.31539	0.11149	0.01401	0.06404	0.03906	0.02261	0.07100	0.07320	0.01843	0.03695	0.00762	0.00216	0.00716	0.00738	0.09876	0.00871
3	0.00953	0.00695	0.00984	0.00995	0.01084	0.00779	0.00732	0.01133	0.01070	0.01514	0.01993	0.07950	0.02025	0.20012	0.53893	0.00933	0.01459	0.00854	0.00387	0.00555
4	0.00976	0.00668	0.00819	0.00867	0.00988	0.00613	0.00613	0.01127	0.01404	0.05287	0.10768	0.32837	0.20213	0.13510	0.01232	0.00314	0.00436	0.06146	0.00610	0.00572
5	0.01379	0.07169	0.06618	0.03940	0.17372	0.04371	0.06105	0.01772	0.05045	0.01996	0.04659	0.18496	0.05680	0.01058	0.00768	0.00213	0.04335	0.00926	0.00442	0.07656

[dist]
# distance from previous block
# <min> <max>
5	14

[block]
# block no. 5 follows, 32 sequences, length 10
# corresponding to MSA columns:
# 187-196
name=unknown_F
#
# <colnr> <probs for GDERKNQSTAVLIFYWHMCP>
#	G	D	E	R	K	N	Q	S	T	A	V	L	I	F	Y	W	H	M	C	P
0	0.00985	0.00762	0.00975	0.00915	0.01067	0.00778	0.00703	0.01250	0.01654	0.02317	0.43966	0.04624	0.17352	0.01706	0.07241	0.00295	0.07797	0.01123	0.03863	0.00627
1	0.01346	0.03471	0.72942	0.01912	0.02904	0.01558	0.02479	0.02125	0.01417	0.02125	0.01204	0.01417	0.00850	0.00637	0.00637	0.00212	0.00992	0.00496	0.00283	0.00992
2	0.01166	0.00583	0.00874	0.00874	0.00874	0.00583	0.00583	0.00874	0.00874	0.01166	0.01166	0.02040	0.01166	0.02331	0.02622	0.80478	0.00583	0.00583	0.00291	0.00291
3	0.01166	0.00583	0.00874	0.00874	0.00874	0.00583	0.00583	0.00874	0.00874	0.01166	0.01166	0.02040	0.01166	0.02331	0.02622	0.80478	0.00583	0.00583	0.00291	0.00291
4	0.01794	0.76823	0.03516	0.01148	0.01722	0.02655	0.01148	0.02009	0.01363	0.01579	0.00933	0.01076	0.00861	0.00574	0.00431	0.00144	0.00718	0.00359	0.00287	0.00861
5	0.01514	0.01312	0.07511	0.06853	0.15185	0.01176	0.01263	0.02148	0.14502	0.11306	0.14281	0.12444	0.05513	0.01069	0.00719	0.00221	0.00588	0.00940	0.00574	0.00883
6	0.01663	0.04574	0.01685	0.01506	0.10823	0.01134	0.03444	0.07736	0.01776	0.12955	0.19262	0.02640	0.04651	0.00848	0.00651	0.00176	0.00551	0.00730	0.00562	0.22635
7	0.00963	0.00701	0.00988	0.00988	0.01076	0.00790	0.00726	0.01140	0.01052	0.01491	0.01880	0.03094	0.01876	0.23671	0.55393	0.00967	0.01498	0.00786	0.00372	0.00549
8	0.00869	0.00608	0.00778	0.00899	0.00972	0.00568	0.00622	0.01024	0.01357	0.01848	0.07395	0.58085	0.09418	0.01916	0.00820	0.00258	0.00386	0.04599	0.07017	0.00561
9	0.07700	0.39010	0.10618	0.01755	0.11806	0.10174	0.03814	0.02152	0.01464	0.04431	0.01098	0.01281	0.00913	0.00610	0.00526	0.00172	0.00809	0.00443	0.00330	0.00896

[dist]
# distance from previous block
# <min> <max>
0	6

[block]
# block no. 6 follows, 32 sequences, length 15
# corresponding to MSA columns:
# 203-217
name=unknown_G
#
# <colnr> <probs for GDERKNQSTAVLIFYWHMCP>
#	G	D	E	R	K	N	Q	S	T	A	V	L	I	F	Y	W	H	M	C	P
0	0.01713	0.09729	0.05802	0.07237	0.09214	0.05841	0.15023	0.08829	0.17820	0.02349	0.01605	0.01809	0.01248	0.00851	0.03086	0.00234	0.02977	0.00632	0.00441	0.03559
1	0.16600	0.01163	0.01150	0.01163	0.03575	0.09361	0.00834	0.01540	0.03258	0.01932	0.01951	0.20124	0.02061	0.03582	0.01165	0.15776	0.02777	0.05345	0.00447	0.06195
2	0.06486	0.04165	0.20214	0.02024	0.11172	0.11791	0.10211	0.06967	0.08112	0.06456	0.01702	0.01843	0.04424	0.00727	0.00653	0.00206	0.00865	0.00611	0.00425	0.00946
3	0.00958	0.00728	0.00820	0.00784	0.01019	0.00622	0.00596	0.01170	0.01597	0.04731	0.19120	0.09532	0.45681	0.01552	0.00778	0.00220	0.00366	0.03507	0.00640	0.05577
4	0.01202	0.01063	0.01420	0.07194	0.06544	0.03514	0.01110	0.01482	0.04592	0.01822	0.04408	0.28305	0.02769	0.04398	0.01233	0.00281	0.18013	0.09484	0.00488	0.00679
5	0.01601	0.13206	0.26402	0.01700	0.06665	0.04940	0.05985	0.04195	0.01534	0.04833	0.03556	0.01549	0.01131	0.00627	0.00592	0.00173	0.00796	0.00509	0.00369	0.19636
6	0.01623	0.01556	0.02656	0.10875	0.65771	0.01584	0.02041	0.02026	0.01510	0.02146	0.01255	0.01673	0.01047	0.00605	0.00665	0.00202	0.00806	0.00598	0.00329	0.01032
7	0.00960	0.00715	0.01058	0.01058	0.01171	0.00828	0.00813	0.01185	0.01072	0.01542	0.01816	0.02740	0.01722	0.09245	0.69609	0.01053	0.01730	0.00734	0.00362	0.00588
8	0.01633	0.05987	0.06403	0.13295	0.04617	0.03257	0.03591	0.09288	0.27246	0.04620	0.04569	0.06915	0.03856	0.00909	0.00681	0.00218	0.00675	0.00770	0.00540	0.00931
9	0.10546	0.06145	0.05360	0.04777	0.04037	0.05696	0.03198	0.01904	0.04303	0.10475	0.07281	0.10849	0.06991	0.01180	0.00712	0.00232	0.00635	0.14364	0.00542	0.00776
10	0.04426	0.17199	0.14179	0.01876	0.10125	0.07135	0.10246	0.11007	0.01693	0.02317	0.01242	0.01461	0.00981	0.00626	0.00591	0.00179	0.00818	0.00516	0.03232	0.10153
11	0.06796	0.08351	0.03914	0.01181	0.01460	0.04646	0.03161	0.03391	0.09138	0.03485	0.01807	0.04610	0.01629	0.09118	0.30646	0.00596	0.01135	0.00698	0.03515	0.00724
12	0.01664	0.05249	0.12326	0.04160	0.01891	0.07932	0.01215	0.08954	0.10358	0.08723	0.02372	0.05859	0.09778	0.01289	0.07276	0.00278	0.00792	0.00734	0.00503	0.08647
13	0.07386	0.13414	0.13217	0.01518	0.02036	0.27403	0.01373	0.12662	0.04762	0.05708	0.03618	0.01507	0.01163	0.00717	0.00595	0.00187	0.00898	0.00504	0.00432	0.00900
14	0.06568	0.10565	0.03869	0.03191	0.01515	0.01226	0.00918	0.12024	0.01657	0.05691	0.04612	0.27725	0.08017	0.01264	0.00685	0.00213	0.00540	0.01071	0.00547	0.08102

[dist]
# distance from previous block
# <min> <max>
2	19

[block]
# block no. 7 follows, 32 sequences, length 24
# corresponding to MSA columns:
# 237-260
name=unknown_H
#
# <colnr> <probs for GDERKNQSTAVLIFYWHMCP>
#	G	D	E	R	K	N	Q	S	T	A	V	L	I	F	Y	W	H	M	C	P
0	0.03885	0.37675	0.19522	0.01427	0.02053	0.04806	0.03567	0.05774	0.05123	0.04394	0.01249	0.01412	0.01007	0.00870	0.04424	0.00225	0.00853	0.00471	0.00357	0.00908
1	0.11597	0.38252	0.10843	0.01282	0.01840	0.06474	0.01244	0.10363	0.03755	0.04230	0.01200	0.01385	0.00992	0.03273	0.00611	0.00190	0.00745	0.00453	0.00385	0.00887
2	0.01683	0.28999	0.30447	0.01567	0.02281	0.01900	0.06021	0.06538	0.01582	0.06660	0.05355	0.01599	0.01255	0.00677	0.00587	0.00188	0.00820	0.00526	0.00375	0.00938
3	0.01499	0.19187	0.44852	0.04767	0.05064	0.01744	0.04080	0.02078	0.01433	0.04529	0.01416	0.01601	0.03606	0.00669	0.00606	0.00198	0.00885	0.00524	0.00321	0.00942
4	0.05034	0.30593	0.07882	0.01373	0.03715	0.04308	0.03987	0.08355	0.03781	0.04557	0.07103	0.09467	0.01902	0.00910	0.00609	0.00195	0.00688	0.04240	0.00451	0.00850
5	0.03865	0.07143	0.23398	0.06023	0.13680	0.02919	0.01639	0.04452	0.03638	0.02096	0.03127	0.05394	0.03418	0.01410	0.10367	0.00329	0.00928	0.04922	0.00389	0.00862
6	0.03757	0.01247	0.01700	0.12802	0.04487	0.01460	0.01237	0.04135	0.03585	0.09370	0.03611	0.02130	0.03819	0.05930	0.03465	0.00282	0.26003	0.00653	0.00426	0.09901
7	0.01391	0.01193	0.01391	0.00994	0.01590	0.00894	0.00795	0.01690	0.01391	0.02186	0.01193	0.01391	0.00994	0.00497	0.00497	0.00099	0.00497	0.00398	0.00398	0.80521
8	0.02513	0.01861	0.01993	0.01536	0.02067	0.02063	0.01266	0.67185	0.06026	0.04169	0.01658	0.01649	0.01179	0.00810	0.00672	0.00202	0.00730	0.00611	0.00672	0.01138
9	0.00796	0.00668	0.00691	0.00710	0.00914	0.00564	0.00523	0.00960	0.01500	0.01801	0.06430	0.14704	0.63951	0.01747	0.00801	0.00232	0.00346	0.01474	0.00623	0.00564
10	0.04053	0.01269	0.02116	0.63080	0.07053	0.01526	0.05649	0.03946	0.01414	0.01882	0.01209	0.01756	0.00910	0.00665	0.00669	0.00222	0.00886	0.00600	0.00318	0.00779
11	0.00962	0.00705	0.01010	0.01010	0.01106	0.00802	0.00754	0.01154	0.01058	0.01507	0.01860	0.02982	0.01828	0.19095	0.59903	0.00994	0.01571	0.00770	0.00369	0.00561
12	0.00918	0.00685	0.00852	0.00811	0.00983	0.00619	0.00608	0.01204	0.01824	0.02511	0.58562	0.05308	0.19761	0.01439	0.00792	0.00214	0.00321	0.01255	0.00715	0.00619
13	0.01655	0.01761	0.08080	0.02507	0.11385	0.01665	0.34988	0.04800	0.02958	0.06289	0.01453	0.04316	0.01172	0.00759	0.00981	0.00232	0.12960	0.00737	0.00386	0.00917
14	0.01468	0.01468	0.02055	0.01762	0.01762	0.02055	0.01468	0.01615	0.01028	0.01615	0.00881	0.01468	0.00881	0.01174	0.02202	0.00294	0.75191	0.00587	0.00294	0.00734
15	0.01391	0.01193	0.01391	0.00994	0.01590	0.00894	0.00795	0.01690	0.01391	0.02186	0.01193	0.01391	0.00994	0.00497	0.00497	0.00099	0.00497	0.00398	0.00398	0.80521
16	0.00981	0.00724	0.00905	0.00897	0.01048	0.00687	0.00656	0.03938	0.03583	0.02398	0.41991	0.25207	0.11298	0.01575	0.00802	0.00230	0.00362	0.01393	0.00691	0.00634
17	0.01330	0.01134	0.01322	0.00974	0.01522	0.00859	0.00771	0.01612	0.01393	0.02142	0.01617	0.05614	0.04871	0.00645	0.00531	0.00115	0.00483	0.00531	0.00421	0.72114
18	0.01034	0.01132	0.09543	0.01013	0.01339	0.00841	0.04399	0.04873	0.01607	0.02076	0.14730	0.04950	0.39773	0.08519	0.01017	0.00262	0.00506	0.01159	0.00567	0.00660
19	0.01626	0.01661	0.09042	0.04697	0.37043	0.01506	0.08828	0.05659	0.04083	0.05286	0.07337	0.04301	0.01636	0.00764	0.00749	0.00212	0.03465	0.00709	0.00420	0.00976
20	0.01381	0.05243	0.04375	0.06013	0.05895	0.04852	0.01015	0.03437	0.06368	0.05199	0.17640	0.06029	0.12745	0.01040	0.00681	0.00194	0.00558	0.02360	0.00539	0.14433
21	0.04898	0.06637	0.11320	0.01581	0.04980	0.10157	0.04052	0.15975	0.03804	0.05386	0.01504	0.01646	0.03239	0.00722	0.00701	0.00184	0.05291	0.00542	0.00448	0.16933
22	0.01573	0.13288	0.17880	0.08369	0.05804	0.05993	0.01427	0.02078	0.06957	0.07530	0.05587	0.07503	0.01683	0.03274	0.02332	0.00230	0.00763	0.00680	0.00431	0.06618
23	0.02016	0.09292	0.06381	0.04105	0.01854	0.12546	0.01143	0.11980	0.06301	0.16540	0.09033	0.04312	0.04089	0.00939	0.00735	0.03593	0.00705	0.00688	0.00556	0.03192

[dist]
# distance from previous block
# <min> <max>
0	6

[block]
# block no. 8 follows, 32 sequences, length 99
# corresponding to MSA columns:
# 267-365
name=unknown_I
#
# <colnr> <probs for GDERKNQSTAVLIFYWHMCP>
#	G	D	E	R	K	N	Q	S	T	A	V	L	I	F	Y	W	H	M	C	P
0	0.05973	0.07613	0.04320	0.09278	0.22651	0.03835	0.03763	0.06677	0.04471	0.05033	0.10031	0.02395	0.07292	0.00819	0.00656	0.00200	0.00692	0.00704	0.00458	0.03138
1	0.01246	0.01012	0.01368	0.03239	0.06232	0.00976	0.03282	0.01599	0.04739	0.05063	0.21431	0.07287	0.13956	0.01144	0.00835	0.00205	0.06583	0.02836	0.00556	0.16410
2	0.01391	0.01081	0.01316	0.01191	0.03645	0.03006	0.03143	0.08990	0.08599	0.05822	0.31716	0.09522	0.08207	0.01172	0.00732	0.00206	0.00485	0.01019	0.00645	0.08111
3	0.01910	0.03719	0.01547	0.01150	0.01655	0.03136	0.00931	0.12995	0.07963	0.16706	0.03824	0.02179	0.07000	0.00774	0.00608	0.00165	0.00562	0.00618	0.00575	0.31983
4	0.01551	0.01543	0.04500	0.22226	0.52920	0.01567	0.02021	0.01972	0.01477	0.02067	0.01243	0.01687	0.01014	0.00618	0.00665	0.00206	0.00828	0.00595	0.00322	0.00979
5	0.01135	0.00755	0.00912	0.00869	0.01093	0.00680	0.00673	0.01420	0.03374	0.09767	0.29489	0.07724	0.30699	0.01495	0.00791	0.00228	0.00387	0.07153	0.00688	0.00668
6	0.00974	0.00734	0.01081	0.05240	0.01331	0.00844	0.00839	0.01193	0.01088	0.01541	0.01861	0.05131	0.01811	0.13112	0.58968	0.00953	0.01566	0.00780	0.00370	0.00583
7	0.00818	0.00584	0.00779	0.00934	0.00973	0.00545	0.00623	0.00934	0.01285	0.01713	0.03698	0.75981	0.04438	0.02102	0.00856	0.00273	0.00389	0.01908	0.00623	0.00545
8	0.01658	0.01382	0.01476	0.01325	0.01693	0.01579	0.01031	0.03401	0.64369	0.04769	0.07435	0.02668	0.02329	0.00939	0.00690	0.00226	0.00518	0.00787	0.00691	0.01035
9	0.01637	0.01609	0.02861	0.06395	0.60871	0.01604	0.10945	0.02059	0.01529	0.02170	0.01272	0.01685	0.01051	0.00596	0.00681	0.00204	0.00844	0.00623	0.00332	0.01031
10	0.01528	0.05932	0.02165	0.13642	0.27744	0.06374	0.01595	0.01928	0.05397	0.01945	0.01605	0.07864	0.01513	0.00928	0.00910	0.00227	0.11764	0.05693	0.00383	0.00861
11	0.01346	0.03471	0.72942	0.01912	0.02904	0.01558	0.02479	0.02125	0.01417	0.02125	0.01204	0.01417	0.00850	0.00637	0.00637	0.00212	0.00992	0.00496	0.00283	0.00992
12	0.01463	0.01562	0.03071	0.15992	0.03277	0.01630	0.41784	0.01975	0.03681	0.01990	0.01492	0.01959	0.03108	0.00894	0.04079	0.00271	0.09845	0.00745	0.00346	0.00837
13	0.01546	0.01551	0.04885	0.22693	0.52078	0.01566	0.02022	0.01970	0.01475	0.02064	0.01242	0.01686	0.01011	0.00618	0.00665	0.00206	0.00829	0.00594	0.00322	0.00977
14	0.01609	0.01542	0.02631	0.13325	0.63427	0.01581	0.02034	0.02014	0.01504	0.02130	0.01253	0.01677	0.01041	0.00607	0.00665	0.00202	0.00810	0.00598	0.00328	0.01021
15	0.01227	0.00798	0.01024	0.00996	0.03468	0.00705	0.02391	0.01450	0.01630	0.13246	0.18191	0.15268	0.34054	0.01491	0.00779	0.00226	0.00414	0.01287	0.00662	0.00693
16	0.01267	0.01193	0.02013	0.74806	0.04621	0.01491	0.01863	0.01714	0.01342	0.01714	0.01193	0.01789	0.00894	0.00671	0.00671	0.00224	0.00894	0.00596	0.00298	0.00745
17	0.01267	0.01193	0.02013	0.74806	0.04621	0.01491	0.01863	0.01714	0.01342	0.01714	0.01193	0.01789	0.00894	0.00671	0.00671	0.00224	0.00894	0.00596	0.00298	0.00745
18	0.02329	0.02973	0.04132	0.05079	0.02191	0.62316	0.01373	0.02531	0.01789	0.01658	0.01037	0.01264	0.00867	0.00728	0.00740	0.00186	0.07235	0.00454	0.00337	0.00779
19	0.01603	0.01659	0.02340	0.33544	0.19567	0.11686	0.09499	0.02141	0.07579	0.01960	0.01340	0.01743	0.01044	0.00666	0.00675	0.00211	0.00911	0.00610	0.00351	0.00869
20	0.01278	0.01204	0.02032	0.72824	0.06517	0.01494	0.01869	0.01724	0.01347	0.01728	0.01195	0.01785	0.00899	0.00669	0.00671	0.00223	0.00892	0.00596	0.00299	0.00754
21	0.01649	0.01582	0.02703	0.06205	0.70238	0.01591	0.02053	0.02049	0.01522	0.02178	0.01260	0.01664	0.01058	0.00600	0.00664	0.00200	0.00800	0.00598	0.00331	0.01053
22	0.01028	0.00725	0.00922	0.01010	0.01138	0.00704	0.00751	0.01338	0.06911	0.04625	0.05432	0.43506	0.10287	0.03475	0.00899	0.00276	0.00454	0.15260	0.00633	0.00625
23	0.01338	0.01424	0.13164	0.01444	0.05792	0.04090	0.06897	0.01670	0.01557	0.09388	0.12790	0.19291	0.13986	0.03073	0.00816	0.00236	0.00617	0.01113	0.00547	0.00764
24	0.01263	0.01196	0.02049	0.68851	0.04432	0.01463	0.04744	0.01703	0.01350	0.01733	0.01296	0.04654	0.01037	0.00722	0.00683	0.00226	0.00885	0.00655	0.00312	0.00745
25	0.01416	0.02981	0.52603	0.02182	0.03082	0.01599	0.22327	0.02132	0.01466	0.02132	0.01249	0.01533	0.00900	0.00616	0.00683	0.00217	0.01033	0.00583	0.00300	0.00966
26	0.01644	0.02868	0.54553	0.01736	0.02586	0.01429	0.02102	0.02355	0.04196	0.14722	0.01615	0.01863	0.01163	0.00732	0.00658	0.00216	0.00884	0.03263	0.00410	0.01006
27	0.01565	0.01356	0.02198	0.06711	0.35117	0.01445	0.04915	0.01885	0.01453	0.07593	0.04105	0.06345	0.05555	0.01039	0.03438	0.00254	0.12956	0.00758	0.00411	0.00902
28	0.01358	0.07315	0.65900	0.01840	0.02771	0.01582	0.02343	0.02085	0.01420	0.02090	0.01297	0.01680	0.00988	0.00690	0.00640	0.00213	0.00960	0.03562	0.00299	0.00967
29	0.01574	0.02196	0.31528	0.01564	0.02200	0.01441	0.03942	0.04713	0.22324	0.08407	0.09441	0.02342	0.03661	0.00843	0.00681	0.00217	0.00727	0.00702	0.00520	0.00978
30	0.01557	0.01488	0.02535	0.22817	0.54349	0.01567	0.02007	0.01968	0.01479	0.02066	0.01244	0.01695	0.01018	0.00617	0.00666	0.00206	0.00823	0.00597	0.00323	0.00979
31	0.00821	0.00681	0.00718	0.00709	0.00923	0.00578	0.00532	0.01017	0.01595	0.01969	0.18379	0.06200	0.60282	0.01641	0.00793	0.00224	0.00336	0.01380	0.00644	0.00578
32	0.01563	0.01508	0.02609	0.21047	0.52842	0.01574	0.05110	0.01980	0.01486	0.02075	0.01250	0.01698	0.01020	0.00614	0.00672	0.00206	0.00836	0.00606	0.00324	0.00979
33	0.00970	0.00664	0.00868	0.00981	0.01068	0.00630	0.00693	0.03275	0.01397	0.04243	0.03686	0.62735	0.06445	0.01982	0.00848	0.00270	0.00425	0.07595	0.00631	0.00592
34	0.81159	0.01298	0.00986	0.00882	0.01298	0.01505	0.00727	0.01972	0.01142	0.03010	0.00934	0.01090	0.00727	0.00623	0.00415	0.00208	0.00519	0.00363	0.00415	0.00727
35	0.00837	0.00605	0.00794	0.00919	0.00984	0.00562	0.00630	0.00984	0.01371	0.01831	0.11119	0.62650	0.08400	0.01995	0.00848	0.00264	0.00385	0.03628	0.00635	0.00558
36	0.01332	0.13693	0.35946	0.01718	0.07012	0.01502	0.03856	0.01885	0.04089	0.01983	0.01942	0.15706	0.04660	0.00955	0.00662	0.00214	0.00782	0.00807	0.00383	0.00874
37	0.01475	0.01242	0.01436	0.01033	0.01625	0.00980	0.00830	0.06607	0.01518	0.02333	0.01223	0.01407	0.01004	0.00519	0.00509	0.00107	0.00514	0.00412	0.00417	0.74807
38	0.01619	0.01547	0.02616	0.09590	0.64151	0.01559	0.01995	0.02018	0.01508	0.02154	0.01254	0.01660	0.01047	0.00600	0.00658	0.00197	0.00793	0.00590	0.00332	0.04112
39	0.01369	0.01169	0.01368	0.00992	0.01566	0.00881	0.00788	0.01660	0.01387	0.02168	0.01290	0.04278	0.01127	0.00559	0.00511	0.00106	0.00493	0.00456	0.00406	0.77426
40	0.03869	0.07060	0.45022	0.01642	0.02414	0.01460	0.04159	0.02174	0.04307	0.08940	0.05795	0.04117	0.01435	0.00746	0.00640	0.00206	0.00826	0.00606	0.00401	0.04179
41	0.01404	0.01204	0.01397	0.01011	0.01597	0.00930	0.00807	0.01775	0.04576	0.02215	0.01263	0.01442	0.01042	0.00516	0.00505	0.00105	0.00498	0.00414	0.00411	0.76887
42	0.01661	0.01594	0.02724	0.04119	0.72233	0.01594	0.02059	0.02059	0.01528	0.02192	0.01262	0.01661	0.01063	0.00598	0.00664	0.00199	0.00797	0.00598	0.00332	0.01063
43	0.00950	0.00686	0.00897	0.00844	0.01002	0.00633	0.00633	0.01266	0.01899	0.02691	0.71879	0.05012	0.06331	0.01372	0.00791	0.00211	0.00317	0.01213	0.00739	0.00633
44	0.01688	0.01581	0.02620	0.09541	0.62245	0.01618	0.01992	0.06524	0.01621	0.02289	0.01280	0.01668	0.01055	0.00617	0.00665	0.00201	0.00801	0.00598	0.00352	0.01043
45	0.00825	0.00590	0.00786	0.00929	0.00975	0.00550	0.00623	0.00954	0.01321	0.01771	0.07734	0.71780	0.04550	0.02059	0.00853	0.00269	0.00385	0.01866	0.00630	0.00550
46	0.02549	0.01799	0.01918	0.06337	0.02179	0.07503	0.01261	0.47536	0.02702	0.16806	0.01734	0.01718	0.01201	0.00792	0.00667	0.00202	0.00754	0.00603	0.00651	0.01086
47	0.02506	0.03198	0.01901	0.01729	0.02074	0.73725	0.01296	0.02679	0.01901	0.01642	0.01037	0.01210	0.00864	0.00691	0.00605	0.00173	0.01210	0.00432	0.00346	0.00778
48	0.01071	0.00769	0.01067	0.01216	0.01373	0.00765	0.01061	0.01375	0.01544	0.02001	0.03665	0.07530	0.06218	0.01848	0.00922	0.00306	0.00608	0.65423	0.00618	0.00616
49	0.01081	0.00772	0.01081	0.01236	0.01390	0.00772	0.01081	0.01390	0.01545	0.02008	0.03553	0.07569	0.03862	0.01854	0.00927	0.00309	0.00618	0.67717	0.00618	0.00618
50	0.02353	0.02306	0.01962	0.01645	0.02009	0.30546	0.01309	0.28764	0.02234	0.04930	0.01285	0.01447	0.01001	0.00827	0.00920	0.00207	0.14317	0.00535	0.00479	0.00923
51	0.00979	0.00717	0.00922	0.00865	0.01033	0.00675	0.00651	0.01359	0.04703	0.02695	0.69074	0.04910	0.06157	0.01353	0.00787	0.00212	0.00325	0.01195	0.00736	0.00651
52	0.00934	0.00684	0.00976	0.01006	0.01095	0.00758	0.00741	0.01119	0.01105	0.01554	0.02202	0.16904	0.02305	0.13727	0.50684	0.00869	0.01379	0.00980	0.00416	0.00564
53	0.01440	0.12364	0.53292	0.01963	0.02852	0.01717	0.13031	0.02114	0.01437	0.02061	0.01195	0.01437	0.00878	0.00618	0.00636	0.00206	0.00980	0.00526	0.00293	0.00962
54	0.02511	0.03060	0.01913	0.01709	0.02075	0.66237	0.01294	0.09715	0.02032	0.01913	0.01097	0.01252	0.00893	0.00703	0.00612	0.00176	0.01161	0.00450	0.00380	0.00816
55	0.02187	0.33618	0.02575	0.01452	0.01918	0.32724	0.01224	0.10896	0.04147	0.01980	0.01123	0.01248	0.00937	0.00664	0.00543	0.00166	0.00923	0.00434	0.00374	0.00868
56	0.04995	0.01966	0.14002	0.02166	0.05903	0.04478	0.30039	0.07209	0.04539	0.15538	0.01614	0.01791	0.01147	0.00666	0.00704	0.00215	0.00916	0.00668	0.00463	0.00981
57	0.02443	0.02974	0.01975	0.01904	0.07625	0.62761	0.01355	0.07570	0.01964	0.01876	0.01097	0.01275	0.00900	0.00692	0.00615	0.00177	0.01143	0.00458	0.00369	0.00827
58	0.00803	0.00676	0.00696	0.00699	0.00914	0.00569	0.00521	0.00979	0.01540	0.01858	0.10315	0.09197	0.65548	0.01697	0.00796	0.00228	0.00341	0.01425	0.00630	0.00569
59	0.01901	0.01487	0.01935	0.01564	0.02015	0.01597	0.11542	0.14528	0.36481	0.10489	0.07194	0.02398	0.01996	0.00864	0.00704	0.00220	0.00647	0.00760	0.00648	0.01030
60	0.01794	0.76823	0.03516	0.01148	0.01722	0.02655	0.01148	0.02009	0.01363	0.01579	0.00933	0.01076	0.00861	0.00574	0.00431	0.00144	0.00718	0.00359	0.00287	0.00861
61	0.01391	0.01193	0.01391	0.00994	0.01590	0.00894	0.00795	0.01690	0.01391	0.02186	0.01193	0.01391	0.00994	0.00497	0.00497	0.00099	0.00497	0.00398	0.00398	0.80521
62	0.01669	0.01441	0.01517	0.01365	0.01745	0.01669	0.01062	0.03565	0.71021	0.02807	0.02731	0.02503	0.02048	0.00910	0.00683	0.00228	0.00531	0.00759	0.00683	0.01062
63	0.02349	0.01552	0.02275	0.05085	0.09700	0.01564	0.13661	0.23716	0.04376	0.25872	0.01885	0.01908	0.01299	0.00746	0.00694	0.00209	0.00761	0.00665	0.00612	0.01071
64	0.01149	0.00594	0.00891	0.00891	0.00901	0.00604	0.00604	0.00901	0.00891	0.01198	0.01217	0.02088	0.01207	0.02552	0.08436	0.73989	0.00682	0.00594	0.00297	0.00317
65	0.01346	0.03471	0.72942	0.01912	0.02904	0.01558	0.02479	0.02125	0.01417	0.02125	0.01204	0.01417	0.00850	0.00637	0.00637	0.00212	0.00992	0.00496	0.00283	0.00992
66	0.01829	0.01833	0.02580	0.05979	0.20977	0.12427	0.17290	0.08565	0.03907	0.04224	0.03200	0.01738	0.01188	0.00739	0.00887	0.00216	0.10457	0.00641	0.00397	0.00925
67	0.03674	0.01260	0.03402	0.01218	0.01558	0.01323	0.00982	0.02721	0.43666	0.04752	0.05094	0.06512	0.12811	0.01154	0.00722	0.00234	0.00513	0.06843	0.00653	0.00908
68	0.00950	0.00686	0.00897	0.00844	0.01002	0.00633	0.00633	0.01266	0.01899	0.02691	0.71879	0.05012	0.06331	0.01372	0.00791	0.00211	0.00317	0.01213	0.00739	0.00633
69	0.01453	0.01380	0.02315	0.30558	0.41815	0.01485	0.01879	0.01854	0.01458	0.01986	0.01616	0.02039	0.05873	0.00701	0.00676	0.00210	0.00802	0.00654	0.00339	0.00909
70	0.03671	0.14405	0.24821	0.04015	0.04620	0.03904	0.19479	0.08341	0.03872	0.04696	0.01326	0.01550	0.00993	0.00640	0.00645	0.00203	0.00918	0.00576	0.00372	0.00951
71	0.01577	0.01856	0.05876	0.02803	0.03490	0.01693	0.67926	0.02149	0.01579	0.02149	0.01353	0.01799	0.01013	0.00568	0.00788	0.00226	0.01127	0.00784	0.00338	0.00907
72	0.00948	0.00722	0.00963	0.00891	0.01076	0.00659	0.02780	0.01249	0.01822	0.02518	0.57643	0.05207	0.16403	0.01411	0.00795	0.00217	0.00354	0.03006	0.00705	0.00631
73	0.01911	0.15388	0.33374	0.01740	0.05380	0.08374	0.04401	0.02401	0.01572	0.17141	0.01460	0.01551	0.01043	0.00669	0.00614	0.00196	0.00872	0.00521	0.00412	0.00981
74	0.01550	0.08877	0.32012	0.01768	0.02448	0.01512	0.14261	0.06949	0.01591	0.07277	0.01841	0.11648	0.03540	0.00872	0.00687	0.00216	0.00845	0.00775	0.00417	0.00914
75	0.01267	0.01193	0.02013	0.74806	0.04621	0.01491	0.01863	0.01714	0.01342	0.01714	0.01193	0.01789	0.00894	0.00671	0.00671	0.00224	0.00894	0.00596	0.00298	0.00745
76	0.01672	0.01571	0.02363	0.16671	0.42417	0.06573	0.01831	0.02031	0.01490	0.05312	0.01335	0.01852	0.01117	0.00724	0.00818	0.00215	0.07988	0.02723	0.00356	0.00942
77	0.01372	0.01549	0.08320	0.42019	0.09991	0.01525	0.18997	0.01861	0.01423	0.01899	0.01327	0.04282	0.01058	0.00684	0.00704	0.00223	0.00936	0.00682	0.00321	0.00827
78	0.01573	0.03332	0.02745	0.06817	0.51315	0.01552	0.12195	0.01984	0.01543	0.02164	0.05043	0.01985	0.03360	0.00667	0.00689	0.00205	0.00813	0.00677	0.00360	0.00983
79	0.01468	0.01468	0.02055	0.01762	0.01762	0.02055	0.01468	0.01615	0.01028	0.01615	0.00881	0.01468	0.00881	0.01174	0.02202	0.00294	0.75191	0.00587	0.00294	0.00734
80	0.00967	0.01084	0.11255	0.01120	0.01356	0.00776	0.03572	0.01231	0.01397	0.01899	0.11857	0.36473	0.09458	0.07346	0.03276	0.00306	0.00566	0.04876	0.00553	0.00631
81	0.01445	0.05142	0.54380	0.07738	0.03031	0.01579	0.10307	0.02136	0.01448	0.04804	0.01269	0.01516	0.00905	0.00637	0.00654	0.00213	0.00976	0.00542	0.00312	0.00964
82	0.01485	0.04220	0.24817	0.01450	0.01994	0.04187	0.01470	0.02458	0.24831	0.05026	0.05527	0.03010	0.08005	0.00983	0.00696	0.00225	0.00698	0.07476	0.00524	0.00919
83	0.02506	0.03198	0.01901	0.01729	0.02074	0.73725	0.01296	0.02679	0.01901	0.01642	0.01037	0.01210	0.00864	0.00691	0.00605	0.00173	0.01210	0.00432	0.00346	0.00778
