[name]
unknown

[dist]
# distance from previous block
# <min> <max>
0	3

[block]
# block no. 0 follows, 30 sequences, length 25
# corresponding to MSA columns:
# 4-28
name=unknown_A
#
# <colnr> <probs for GDERKNQSTAVLIFYWHMCP>
#	G	D	E	R	K	N	Q	S	T	A	V	L	I	F	Y	W	H	M	C	P
0	0.01945	0.01425	0.01615	0.01402	0.01765	0.01541	0.01145	0.38545	0.03948	0.03305	0.02494	0.11235	0.02395	0.05511	0.00951	0.00274	0.00687	0.18221	0.00663	0.00932
1	0.01386	0.01222	0.01872	0.52792	0.03847	0.01442	0.01635	0.08389	0.01589	0.02069	0.01818	0.09633	0.04509	0.00907	0.00716	0.00231	0.00817	0.00793	0.00403	0.03928
2	0.01020	0.00758	0.00955	0.00898	0.01080	0.00715	0.00676	0.01433	0.05808	0.02748	0.62905	0.05159	0.10358	0.01421	0.00817	0.00221	0.00343	0.01248	0.00757	0.00679
3	0.02877	0.01454	0.01783	0.01555	0.07119	0.05719	0.01167	0.10335	0.05178	0.51593	0.02426	0.02191	0.01588	0.00837	0.00696	0.00213	0.00670	0.00676	0.00768	0.01154
4	0.01796	0.01739	0.03380	0.02662	0.08965	0.01726	0.44335	0.06399	0.01722	0.07610	0.03760	0.01967	0.01289	0.00721	0.00946	0.00236	0.08586	0.00777	0.00422	0.00962
5	0.00890	0.00634	0.00788	0.00893	0.00941	0.00597	0.00579	0.00986	0.01277	0.01681	0.03724	0.50546	0.10270	0.20967	0.01568	0.00380	0.00470	0.01687	0.00590	0.00532
6	0.01866	0.75896	0.03657	0.01194	0.01791	0.02761	0.01194	0.02090	0.01418	0.01642	0.00970	0.01119	0.00896	0.00597	0.00448	0.00149	0.00746	0.00373	0.00299	0.00896
7	0.08540	0.01839	0.01957	0.01522	0.02060	0.02029	0.01253	0.56294	0.06784	0.08099	0.01749	0.01727	0.01238	0.00831	0.00679	0.00212	0.00728	0.00622	0.00688	0.01149
8	0.01515	0.01603	0.05986	0.08991	0.02388	0.10134	0.17759	0.03543	0.04728	0.04404	0.10264	0.16615	0.06768	0.01129	0.00778	0.00234	0.00799	0.01044	0.00510	0.00807
9	0.02184	0.01758	0.12501	0.01477	0.01998	0.07378	0.06355	0.08636	0.01887	0.28386	0.04978	0.06677	0.06357	0.05139	0.00882	0.00246	0.00747	0.00815	0.00624	0.00975
10	0.00850	0.00607	0.00810	0.00972	0.01012	0.00567	0.00648	0.00972	0.01336	0.01781	0.03846	0.75020	0.04615	0.02186	0.00891	0.00283	0.00405	0.01984	0.00648	0.00567
11	0.01922	0.66699	0.03538	0.01307	0.01897	0.05565	0.03928	0.05036	0.01531	0.01789	0.01023	0.01180	0.00915	0.00612	0.00481	0.00157	0.00786	0.00406	0.00321	0.00907
12	0.06501	0.09420	0.02485	0.02060	0.09761	0.27007	0.13483	0.10685	0.01912	0.02291	0.01678	0.01869	0.06295	0.00764	0.00666	0.00200	0.00976	0.00625	0.00420	0.00901
13	0.04917	0.11785	0.57068	0.01904	0.02840	0.01758	0.06042	0.02190	0.01464	0.02186	0.01216	0.01440	0.00890	0.00650	0.00637	0.00213	0.00985	0.00510	0.00304	0.00998
14	0.00855	0.00633	0.00800	0.00917	0.01002	0.00577	0.00627	0.01001	0.01426	0.01870	0.09039	0.57882	0.16703	0.02058	0.00874	0.00270	0.00390	0.01842	0.00656	0.00577
15	0.04345	0.04149	0.01991	0.06140	0.01997	0.06134	0.06404	0.01789	0.03958	0.01815	0.01324	0.01902	0.01194	0.02148	0.20965	0.00498	0.31490	0.00645	0.00352	0.00760
16	0.12053	0.08758	0.03894	0.01779	0.06671	0.17499	0.04770	0.20183	0.04683	0.05272	0.01368	0.01525	0.01059	0.00771	0.00761	0.00209	0.06753	0.00549	0.00479	0.00965
17	0.03920	0.01152	0.01652	0.01418	0.01729	0.01169	0.13436	0.04763	0.17218	0.02317	0.05677	0.24340	0.12721	0.04083	0.00899	0.00264	0.00602	0.01249	0.00598	0.00794
18	0.00913	0.00656	0.00802	0.00884	0.00949	0.00624	0.00587	0.01018	0.01280	0.01672	0.03757	0.37846	0.13914	0.24789	0.04074	0.00426	0.00539	0.04170	0.00569	0.00531
19	0.04280	0.00836	0.04951	0.04238	0.01233	0.00749	0.00792	0.01078	0.00995	0.01400	0.01317	0.04555	0.01297	0.02260	0.04570	0.63406	0.00675	0.00644	0.00322	0.00402
20	0.02233	0.01807	0.02183	0.11358	0.08481	0.07730	0.06532	0.28229	0.12000	0.09652	0.01785	0.01883	0.01298	0.00790	0.00703	0.00216	0.00819	0.00656	0.00580	0.01064
21	0.01669	0.12492	0.23538	0.01969	0.11384	0.04330	0.03726	0.08650	0.11167	0.02396	0.01910	0.05139	0.03976	0.00864	0.00679	0.00217	0.00818	0.03647	0.00445	0.00984
22	0.00972	0.00680	0.00818	0.00835	0.00890	0.00672	0.00533	0.01062	0.01215	0.01631	0.09786	0.14519	0.08613	0.44489	0.09809	0.00585	0.00700	0.01185	0.00503	0.00501
23	0.01847	0.02114	0.05870	0.02556	0.13843	0.16371	0.24453	0.05218	0.03328	0.02151	0.01392	0.04506	0.01176	0.00794	0.00953	0.00229	0.11195	0.00706	0.00379	0.00920
24	0.02000	0.01719	0.06302	0.12184	0.13868	0.03862	0.10997	0.14104	0.06616	0.12947	0.01780	0.04840	0.01369	0.00813	0.00774	0.00225	0.03351	0.00718	0.00515	0.01016

[dist]
# distance from previous block
# <min> <max>
5	20

[block]
# block no. 1 follows, 30 sequences, length 22
# corresponding to MSA columns:
# 49-70
name=unknown_B
#
# <colnr> <probs for GDERKNQSTAVLIFYWHMCP>
#	G	D	E	R	K	N	Q	S	T	A	V	L	I	F	Y	W	H	M	C	P
0	0.07300	0.01801	0.06034	0.16201	0.28861	0.07923	0.04182	0.06507	0.01655	0.06262	0.01336	0.01683	0.01045	0.00713	0.00775	0.00219	0.05542	0.00595	0.00394	0.00971
1	0.01941	0.02065	0.01749	0.03894	0.01894	0.30126	0.01222	0.10104	0.01719	0.01985	0.01381	0.01937	0.01241	0.07626	0.16004	0.00438	0.12887	0.00608	0.00398	0.00778
2	0.01523	0.01496	0.10367	0.02124	0.21909	0.01236	0.01415	0.02103	0.10856	0.08308	0.06279	0.16126	0.07781	0.01114	0.00739	0.00226	0.00639	0.00986	0.00540	0.04231
3	0.04455	0.19662	0.36879	0.01787	0.02544	0.09410	0.06315	0.02273	0.03953	0.02067	0.01215	0.01428	0.00941	0.00680	0.00676	0.00205	0.03726	0.00505	0.00326	0.00954
4	0.01457	0.03092	0.58647	0.01803	0.02680	0.01461	0.02228	0.02141	0.01471	0.06691	0.01560	0.05944	0.01258	0.05525	0.00862	0.00253	0.00944	0.00644	0.00360	0.00976
5	0.01238	0.00808	0.01142	0.01324	0.09476	0.00813	0.00820	0.01327	0.05680	0.01702	0.02222	0.10466	0.07579	0.01969	0.03762	0.40520	0.00598	0.00851	0.07158	0.00544
6	0.01620	0.05165	0.15955	0.11003	0.29000	0.03486	0.15062	0.02119	0.01528	0.02126	0.01269	0.01675	0.01010	0.00669	0.00796	0.00221	0.05355	0.00626	0.00329	0.00986
7	0.01038	0.00664	0.00855	0.00938	0.01006	0.00624	0.00621	0.01149	0.01329	0.06166	0.05867	0.51923	0.04035	0.18619	0.01477	0.00366	0.00475	0.01657	0.00615	0.00577
8	0.01036	0.00688	0.00867	0.00916	0.01049	0.00624	0.00646	0.01211	0.01534	0.06868	0.16302	0.41966	0.17226	0.04507	0.00948	0.00272	0.00405	0.01633	0.00676	0.00626
9	0.00920	0.00645	0.00786	0.00868	0.00956	0.00600	0.00589	0.01074	0.01409	0.01917	0.10445	0.42767	0.14472	0.10790	0.01160	0.00307	0.00415	0.01599	0.07714	0.00569
10	0.01956	0.30339	0.06313	0.04954	0.08276	0.20962	0.03344	0.02305	0.04543	0.01827	0.01144	0.01388	0.00976	0.00717	0.00746	0.00192	0.08299	0.00488	0.00339	0.00890
11	0.02095	0.01584	0.01701	0.01433	0.01878	0.01776	0.01142	0.23925	0.41628	0.07881	0.02446	0.02299	0.01794	0.00901	0.00696	0.00224	0.00612	0.00727	0.04142	0.01116
12	0.00855	0.00624	0.00805	0.00939	0.01006	0.00574	0.00636	0.00993	0.01398	0.01847	0.07804	0.64005	0.11744	0.02101	0.00880	0.00275	0.00395	0.01891	0.00654	0.00574
13	0.00934	0.00739	0.00846	0.00824	0.01026	0.00667	0.00616	0.01251	0.04720	0.02309	0.33504	0.09605	0.37216	0.01611	0.00823	0.00231	0.00355	0.01382	0.00701	0.00640
14	0.01011	0.00691	0.00836	0.00836	0.00863	0.00717	0.00517	0.01063	0.01037	0.01409	0.02130	0.04185	0.02371	0.60782	0.18019	0.00770	0.00926	0.00959	0.00413	0.00465
15	0.01032	0.00802	0.01068	0.01083	0.01175	0.00878	0.00819	0.01211	0.01306	0.01777	0.07052	0.19006	0.10015	0.14223	0.17388	0.00530	0.09591	0.09929	0.00517	0.00598
16	0.01201	0.00701	0.00817	0.00816	0.00904	0.00684	0.00538	0.01330	0.01273	0.06379	0.04766	0.12864	0.02758	0.39549	0.02160	0.00454	0.00545	0.03349	0.18355	0.00558
17	0.15763	0.01546	0.01675	0.01335	0.01824	0.01654	0.01092	0.32683	0.07264	0.19008	0.07507	0.02094	0.01741	0.00867	0.00665	0.00215	0.00639	0.00665	0.00697	0.01065
18	0.02082	0.01507	0.01656	0.01404	0.01841	0.01667	0.01115	0.17090	0.42767	0.12887	0.06266	0.02520	0.02118	0.00938	0.00713	0.00227	0.00591	0.00769	0.00732	0.01109
19	0.01613	0.01494	0.02343	0.13577	0.36519	0.01667	0.01793	0.06192	0.03352	0.02201	0.01463	0.05970	0.01304	0.01022	0.03697	0.00268	0.13480	0.00707	0.00384	0.00954
20	0.01529	0.01197	0.01564	0.04833	0.12914	0.01287	0.01122	0.10773	0.12917	0.04597	0.02387	0.04980	0.06589	0.14602	0.15131	0.00475	0.00902	0.00842	0.00516	0.00843
21	0.06024	0.06329	0.01762	0.01442	0.04319	0.06084	0.05309	0.19451	0.05907	0.04305	0.05559	0.15431	0.08814	0.02948	0.00786	0.00233	0.00660	0.00969	0.02796	0.00872

[dist]
# distance from previous block
# <min> <max>
1	27

[block]
# block no. 2 follows, 30 sequences, length 11
# corresponding to MSA columns:
# 98-108
name=unknown_C
#
# <colnr> <probs for GDERKNQSTAVLIFYWHMCP>
#	G	D	E	R	K	N	Q	S	T	A	V	L	I	F	Y	W	H	M	C	P
0	0.15803	0.06744	0.07020	0.04017	0.07132	0.13360	0.03037	0.16809	0.03782	0.05937	0.03489	0.01634	0.01204	0.00782	0.00748	0.00212	0.06308	0.00561	0.00476	0.00945
1	0.14979	0.01613	0.06692	0.04404	0.01960	0.03713	0.05292	0.22066	0.02008	0.06830	0.05618	0.07308	0.03964	0.04973	0.00873	0.00246	0.02732	0.00767	0.03062	0.00899
2	0.01714	0.01569	0.06550	0.01363	0.01793	0.01572	0.01144	0.15813	0.37232	0.03040	0.10694	0.03056	0.09325	0.01043	0.00729	0.00228	0.00583	0.00861	0.00678	0.01012
3	0.01983	0.01804	0.10932	0.05799	0.04479	0.03674	0.01377	0.17913	0.22724	0.10420	0.02243	0.02243	0.03760	0.00983	0.02686	0.00244	0.00740	0.00696	0.04257	0.01044
4	0.01736	0.01499	0.01578	0.01420	0.01815	0.01736	0.01105	0.03708	0.69862	0.02919	0.02840	0.02604	0.02130	0.00947	0.00710	0.00237	0.00552	0.00789	0.00710	0.01105
5	0.00997	0.00748	0.01121	0.01121	0.01246	0.00872	0.00872	0.01246	0.01121	0.01620	0.01869	0.02741	0.01745	0.05234	0.72710	0.01121	0.01869	0.00748	0.00374	0.00623
6	0.62164	0.01472	0.01187	0.01041	0.01478	0.06285	0.00845	0.02344	0.05186	0.10649	0.01282	0.01363	0.00951	0.00693	0.00491	0.00215	0.00595	0.00442	0.00491	0.00827
7	0.02406	0.01800	0.01936	0.01537	0.02037	0.01996	0.01250	0.55480	0.11889	0.04020	0.01981	0.06952	0.01552	0.00947	0.00713	0.00218	0.00714	0.00745	0.00696	0.01132
8	0.01952	0.01945	0.11570	0.18598	0.03074	0.05940	0.13494	0.14758	0.04701	0.10533	0.01567	0.01814	0.01134	0.00760	0.00802	0.00226	0.05035	0.00650	0.00471	0.00978
9	0.00850	0.00607	0.00810	0.00972	0.01012	0.00567	0.00648	0.00972	0.01336	0.01781	0.03846	0.75020	0.04615	0.02186	0.00891	0.00283	0.00405	0.01984	0.00648	0.00567
10	0.02478	0.02026	0.01931	0.01572	0.02061	0.13421	0.01262	0.39570	0.17450	0.08149	0.01904	0.01856	0.01381	0.00844	0.00690	0.00211	0.00789	0.00639	0.00657	0.01108

[dist]
# distance from previous block
# <min> <max>
0	1

[block]
# block no. 3 follows, 30 sequences, length 7
# corresponding to MSA columns:
# 110-116
name=unknown_D
#
# <colnr> <probs for GDERKNQSTAVLIFYWHMCP>
#	G	D	E	R	K	N	Q	S	T	A	V	L	I	F	Y	W	H	M	C	P
0	0.63723	0.01773	0.01230	0.01106	0.01523	0.16813	0.00883	0.02209	0.01357	0.02826	0.00995	0.01160	0.00786	0.00663	0.00474	0.00208	0.00694	0.00393	0.00416	0.00767
1	0.01156	0.00973	0.01007	0.00988	0.01173	0.06628	0.00728	0.01560	0.07976	0.02381	0.33089	0.19076	0.13486	0.01493	0.00793	0.00230	0.00444	0.01296	0.04839	0.00683
2	0.07743	0.05171	0.05372	0.01446	0.04692	0.03415	0.01153	0.19171	0.13556	0.08749	0.04535	0.11613	0.05080	0.01228	0.03697	0.00261	0.00695	0.00857	0.00610	0.00958
3	0.01008	0.00702	0.00890	0.00890	0.00935	0.00747	0.00584	0.01098	0.01053	0.01449	0.02081	0.03913	0.02253	0.50306	0.28333	0.00836	0.01104	0.00919	0.00405	0.00495
4	0.01830	0.01853	0.05679	0.19754	0.18060	0.11839	0.06923	0.07602	0.08782	0.05229	0.01619	0.04857	0.01304	0.00780	0.00704	0.00219	0.00891	0.00685	0.00437	0.00954
5	0.01925	0.01218	0.01323	0.01134	0.01489	0.01305	0.00898	0.15602	0.21453	0.11912	0.02381	0.02392	0.01761	0.00863	0.00620	0.00200	0.00511	0.00692	0.31368	0.00954
6	0.06305	0.07084	0.02021	0.19954	0.10246	0.05136	0.01425	0.07930	0.22263	0.02494	0.01723	0.01898	0.01326	0.00753	0.00650	0.00210	0.00741	0.00616	0.00482	0.06742

[dist]
# distance from previous block
# <min> <max>
0	1

[block]
# block no. 4 follows, 30 sequences, length 22
# corresponding to MSA columns:
# 118-139
name=unknown_E
#
# <colnr> <probs for GDERKNQSTAVLIFYWHMCP>
#	G	D	E	R	K	N	Q	S	T	A	V	L	I	F	Y	W	H	M	C	P
0	0.01622	0.01550	0.02642	0.22216	0.54015	0.01630	0.02089	0.02049	0.01539	0.02152	0.01294	0.01762	0.01060	0.00641	0.00693	0.00214	0.00855	0.00621	0.00336	0.01020
1	0.11500	0.01281	0.01660	0.28578	0.04836	0.01455	0.01334	0.16643	0.01804	0.02562	0.02203	0.13986	0.07259	0.01049	0.00706	0.00233	0.00709	0.00882	0.00496	0.00826
2	0.01775	0.01416	0.01671	0.14074	0.02306	0.01587	0.01222	0.13611	0.32931	0.06184	0.02528	0.02534	0.06225	0.01102	0.03834	0.00263	0.00698	0.00755	0.00613	0.04672
3	0.00886	0.00633	0.00850	0.01012	0.01068	0.00597	0.00709	0.01033	0.01371	0.01821	0.03827	0.66378	0.04538	0.02153	0.00900	0.00288	0.00435	0.10278	0.00647	0.00577
4	0.01006	0.00710	0.00928	0.00928	0.00986	0.00767	0.00631	0.01122	0.01064	0.01477	0.02046	0.03719	0.02169	0.42874	0.35651	0.00883	0.01230	0.00891	0.00400	0.00516
5	0.00998	0.00783	0.01052	0.01025	0.01183	0.00745	0.04254	0.01323	0.06074	0.02141	0.22388	0.31749	0.14085	0.07621	0.01060	0.00285	0.00449	0.01494	0.00651	0.00639
6	0.01542	0.00995	0.01181	0.01055	0.01349	0.00978	0.00815	0.06433	0.13171	0.14305	0.26091	0.10575	0.15983	0.01342	0.00782	0.00230	0.00451	0.01149	0.00738	0.00836
7	0.02190	0.02044	0.01723	0.01529	0.01926	0.24275	0.01194	0.08494	0.31730	0.09514	0.02229	0.02406	0.01739	0.00918	0.00698	0.00220	0.00805	0.04763	0.00608	0.00996
8	0.00951	0.00738	0.00884	0.00851	0.01046	0.00683	0.00642	0.01269	0.03885	0.02368	0.39451	0.05492	0.29933	0.01843	0.06579	0.00298	0.00469	0.01284	0.00690	0.00644
9	0.00856	0.00620	0.00798	0.00936	0.00993	0.00574	0.00625	0.00977	0.01345	0.01770	0.04073	0.65031	0.10838	0.05751	0.01015	0.00298	0.00413	0.01887	0.00637	0.00562
10	0.05501	0.01277	0.01616	0.05915	0.03944	0.01321	0.04365	0.20643	0.04163	0.12242	0.07343	0.17151	0.09121	0.01208	0.00752	0.00232	0.00617	0.01036	0.00647	0.00907
11	0.12334	0.07153	0.02054	0.11663	0.11068	0.10662	0.03466	0.08272	0.01653	0.02380	0.01208	0.01487	0.00975	0.00660	0.00648	0.00183	0.03264	0.00505	0.00399	0.19964
12	0.01025	0.00776	0.01145	0.06889	0.01458	0.00897	0.00890	0.01254	0.01127	0.01593	0.01869	0.02947	0.01799	0.15493	0.56483	0.00983	0.01614	0.00778	0.00376	0.00605
13	0.00924	0.00669	0.00805	0.00872	0.01001	0.00599	0.00609	0.01079	0.01475	0.03840	0.09948	0.41067	0.27129	0.05405	0.00983	0.00279	0.00400	0.01673	0.00653	0.00592
14	0.05738	0.01284	0.03591	0.03453	0.05875	0.07028	0.01063	0.04871	0.01473	0.05212	0.02645	0.19959	0.10572	0.01682	0.05234	0.07647	0.10429	0.01031	0.00493	0.00718
15	0.01948	0.06654	0.02586	0.09624	0.30679	0.06187	0.07053	0.13152	0.03475	0.05714	0.01434	0.01710	0.01120	0.00679	0.00675	0.00202	0.00844	0.00608	0.00434	0.05221
16	0.01629	0.01873	0.11346	0.12114	0.47287	0.01653	0.09663	0.02118	0.01558	0.02207	0.01308	0.01729	0.01052	0.00632	0.00703	0.00215	0.00905	0.00631	0.00336	0.01039
17	0.00945	0.00703	0.00837	0.00909	0.01020	0.00658	0.00624	0.04116	0.01456	0.01882	0.04396	0.46177	0.21343	0.10133	0.01159	0.00311	0.00438	0.01682	0.00625	0.00585
18	0.02266	0.07624	0.02534	0.01898	0.05327	0.02017	0.13179	0.36598	0.08770	0.07025	0.01691	0.01787	0.01242	0.00793	0.00769	0.00216	0.03926	0.00660	0.00584	0.01092
19	0.01831	0.01615	0.02065	0.07769	0.11315	0.04269	0.01488	0.15354	0.11273	0.04014	0.01587	0.04964	0.01343	0.01003	0.01263	0.00251	0.26484	0.00698	0.00474	0.00943
20	0.01471	0.01185	0.01645	0.15813	0.12485	0.03500	0.01261	0.04817	0.01529	0.06632	0.05261	0.14960	0.03550	0.06533	0.06191	0.00325	0.05365	0.00931	0.02325	0.04221
21	0.01204	0.00872	0.01003	0.00967	0.01160	0.03825	0.00704	0.01405	0.01546	0.07577	0.17679	0.22094	0.14195	0.09048	0.07992	0.00359	0.00608	0.01267	0.00614	0.05881

[dist]
# distance from previous block
# <min> <max>
0	22

[block]
# block no. 5 follows, 30 sequences, length 21
# corresponding to MSA columns:
# 165-185
name=unknown_F
#
# <colnr> <probs for GDERKNQSTAVLIFYWHMCP>
#	G	D	E	R	K	N	Q	S	T	A	V	L	I	F	Y	W	H	M	C	P
0	0.01084	0.00780	0.01098	0.04308	0.06873	0.00781	0.00812	0.01199	0.01340	0.01809	0.13781	0.11039	0.11112	0.11965	0.10438	0.17310	0.00708	0.02501	0.00491	0.00571
1	0.01195	0.00811	0.00987	0.01010	0.01174	0.00787	0.00731	0.04808	0.06454	0.06763	0.05421	0.38727	0.14841	0.05299	0.01050	0.03671	0.00469	0.04486	0.00647	0.00670
2	0.02062	0.10222	0.10139	0.07629	0.05364	0.10008	0.01428	0.16639	0.10444	0.10455	0.01964	0.05272	0.03619	0.00863	0.00673	0.00211	0.00793	0.00682	0.00536	0.00997
3	0.01728	0.01452	0.01867	0.02071	0.18231	0.06841	0.03249	0.02277	0.12848	0.10578	0.04834	0.10708	0.08559	0.01100	0.00940	0.00236	0.10113	0.00906	0.00541	0.00919
4	0.00982	0.00668	0.00828	0.00881	0.00987	0.00613	0.00604	0.01096	0.01410	0.04154	0.11094	0.36127	0.18844	0.11197	0.01329	0.06032	0.00441	0.01532	0.00615	0.00565
5	0.01373	0.00950	0.01241	0.01151	0.01366	0.01047	0.00893	0.08657	0.06050	0.07201	0.02270	0.02943	0.05280	0.09710	0.45639	0.00817	0.01396	0.00793	0.00485	0.00739
6	0.03923	0.08543	0.04593	0.03366	0.02114	0.14977	0.03627	0.22725	0.02088	0.08237	0.01625	0.01781	0.03960	0.00884	0.00958	0.00220	0.14317	0.00608	0.00499	0.00956
7	0.10267	0.00890	0.01050	0.01077	0.04062	0.00883	0.00759	0.01692	0.05405	0.09890	0.12794	0.20013	0.11690	0.05036	0.03754	0.00288	0.00514	0.01149	0.08059	0.00728
8	0.01335	0.00729	0.00943	0.00934	0.01064	0.00701	0.00655	0.01439	0.01322	0.12234	0.02763	0.24312	0.04681	0.16422	0.08337	0.10246	0.00639	0.01149	0.09478	0.00615
9	0.01903	0.51818	0.08793	0.01474	0.05440	0.02441	0.01360	0.12196	0.01701	0.02138	0.01156	0.01333	0.00986	0.00839	0.03620	0.00209	0.00825	0.00452	0.00364	0.00950
10	0.01044	0.00702	0.00894	0.00950	0.01045	0.00671	0.00649	0.01267	0.04212	0.05151	0.16403	0.43857	0.04425	0.13820	0.01293	0.00330	0.00449	0.01580	0.00647	0.00611
11	0.01315	0.00992	0.01293	0.01173	0.01420	0.00997	0.05862	0.06572	0.11509	0.05437	0.06962	0.24185	0.14116	0.06804	0.04220	0.00313	0.00588	0.01262	0.04229	0.00751
12	0.02330	0.02791	0.01833	0.01675	0.02027	0.53489	0.01261	0.02905	0.17038	0.01981	0.01601	0.05051	0.01349	0.00839	0.00660	0.00197	0.01061	0.00598	0.00451	0.00863
13	0.01058	0.00728	0.00834	0.00840	0.00886	0.00726	0.00521	0.03837	0.01198	0.01585	0.02658	0.13296	0.05867	0.57145	0.02881	0.00575	0.00631	0.03765	0.00481	0.00488
14	0.01500	0.00877	0.01076	0.01039	0.01264	0.00846	0.00769	0.04816	0.07748	0.15786	0.05818	0.36498	0.09060	0.01573	0.00785	0.00246	0.00457	0.01379	0.07686	0.00777
15	0.01737	0.04828	0.02466	0.11779	0.07319	0.11623	0.16374	0.08726	0.01711	0.02214	0.04458	0.07461	0.01536	0.00907	0.00955	0.00231	0.11692	0.00764	0.02359	0.00860
16	0.01014	0.00681	0.00782	0.00782	0.00789	0.00688	0.00448	0.01028	0.01021	0.01368	0.02180	0.04463	0.02492	0.71486	0.07480	0.00702	0.00744	0.01000	0.00420	0.00434
17	0.00850	0.00639	0.00789	0.00897	0.00995	0.00577	0.00617	0.00996	0.01434	0.01858	0.07947	0.53566	0.22226	0.02039	0.00870	0.00268	0.00388	0.01814	0.00654	0.00577
18	0.02232	0.01386	0.01642	0.04151	0.01871	0.01446	0.01105	0.29812	0.05231	0.19973	0.08061	0.11076	0.02341	0.02751	0.00806	0.00237	0.00637	0.03515	0.00715	0.01012
19	0.08775	0.01752	0.01760	0.04809	0.03831	0.11004	0.01195	0.21842	0.14482	0.14743	0.01982	0.04994	0.01503	0.00866	0.00672	0.00213	0.00731	0.00676	0.00624	0.03546
20	0.11424	0.13007	0.06357	0.01284	0.01730	0.06480	0.01119	0.10871	0.06839	0.02434	0.01789	0.05581	0.03664	0.02520	0.00838	0.03850	0.03545	0.04356	0.00470	0.11840

[dist]
# distance from previous block
# <min> <max>
0	8

[block]
# block no. 6 follows, 30 sequences, length 17
# corresponding to MSA columns:
# 194-210
name=unknown_G
#
# <colnr> <probs for GDERKNQSTAVLIFYWHMCP>
#	G	D	E	R	K	N	Q	S	T	A	V	L	I	F	Y	W	H	M	C	P
0	0.07064	0.01505	0.01525	0.01578	0.09668	0.11906	0.01082	0.07046	0.11583	0.06097	0.08199	0.10825	0.07890	0.01092	0.00705	0.00217	0.00650	0.03126	0.03014	0.05228
1	0.00993	0.00716	0.00985	0.00995	0.01074	0.00789	0.00712	0.01153	0.01101	0.01544	0.02104	0.08012	0.02187	0.27763	0.45684	0.00923	0.01388	0.00914	0.00407	0.00555
2	0.00897	0.00679	0.00860	0.00941	0.01062	0.00622	0.00658	0.01053	0.01370	0.01818	0.04090	0.51141	0.16289	0.02278	0.07380	0.00339	0.00536	0.01676	0.00608	0.05702
3	0.02353	0.01806	0.01926	0.01545	0.02050	0.02024	0.01254	0.47538	0.25026	0.03915	0.02056	0.01979	0.01495	0.00873	0.00702	0.00218	0.00697	0.00681	0.00702	0.01160
4	0.01194	0.00972	0.01147	0.00989	0.01341	0.00816	0.00736	0.01516	0.05304	0.02108	0.05748	0.23760	0.08154	0.05318	0.00844	0.00211	0.00473	0.01051	0.00534	0.37786
5	0.01016	0.00791	0.01012	0.01163	0.05623	0.00748	0.00770	0.01290	0.06052	0.01938	0.05939	0.38914	0.18893	0.01830	0.00942	0.04758	0.00452	0.03752	0.00608	0.03508
6	0.01581	0.01645	0.02115	0.01796	0.01920	0.10420	0.07472	0.01783	0.01236	0.01713	0.01152	0.01801	0.01096	0.04584	0.10854	0.00401	0.46705	0.00644	0.00330	0.00754
7	0.01399	0.01323	0.02240	0.59984	0.17985	0.01572	0.01978	0.01854	0.01434	0.01882	0.01255	0.01834	0.00965	0.00683	0.00696	0.00228	0.00910	0.00620	0.00317	0.00841
8	0.00938	0.00668	0.00822	0.00889	0.01012	0.00603	0.00621	0.01102	0.01497	0.04088	0.13397	0.42751	0.22402	0.04643	0.00957	0.00275	0.00397	0.01677	0.00662	0.00599
9	0.00916	0.00639	0.00810	0.00907	0.00938	0.00622	0.00582	0.01002	0.01212	0.01624	0.03164	0.46525	0.03734	0.27838	0.05789	0.00466	0.00580	0.01579	0.00554	0.00520
10	0.24774	0.08060	0.01961	0.15207	0.09619	0.19794	0.01355	0.07640	0.01659	0.02408	0.01142	0.01407	0.00908	0.00684	0.00582	0.00203	0.00861	0.00487	0.00392	0.00856
11	0.01059	0.00734	0.00881	0.00844	0.01051	0.00649	0.00632	0.01306	0.01771	0.07061	0.35419	0.11539	0.31307	0.01586	0.00821	0.00231	0.00363	0.01368	0.00717	0.00660
12	0.04884	0.01509	0.02295	0.08644	0.22747	0.01636	0.08362	0.09681	0.06336	0.05014	0.03995	0.01976	0.01393	0.01115	0.06151	0.00291	0.09478	0.00672	0.00445	0.03375
13	0.02038	0.01342	0.01514	0.01227	0.01663	0.01354	0.00997	0.26731	0.04669	0.12031	0.02237	0.02677	0.03776	0.03051	0.00744	0.00211	0.00600	0.06239	0.13415	0.13484
14	0.01766	0.01314	0.01580	0.01341	0.01723	0.01386	0.04819	0.15478	0.23183	0.09121	0.09797	0.03648	0.12085	0.03686	0.00857	0.00249	0.00595	0.05744	0.00684	0.00945
15	0.03805	0.01351	0.01780	0.21523	0.04735	0.04276	0.05113	0.11611	0.11348	0.02466	0.06111	0.16077	0.02274	0.01111	0.00749	0.00239	0.00723	0.03326	0.00533	0.00850
16	0.01904	0.18500	0.06001	0.01457	0.04877	0.07144	0.01193	0.12173	0.10323	0.09692	0.02306	0.14445	0.05031	0.01044	0.00674	0.00212	0.00692	0.00848	0.00551	0.00936

[dist]
# distance from previous block
# <min> <max>
0	6

[block]
# block no. 7 follows, 30 sequences, length 35
# corresponding to MSA columns:
# 217-251
name=unknown_H
#
# <colnr> <probs for GDERKNQSTAVLIFYWHMCP>
#	G	D	E	R	K	N	Q	S	T	A	V	L	I	F	Y	W	H	M	C	P
0	0.06686	0.13841	0.04123	0.01486	0.01974	0.22742	0.01235	0.18670	0.10824	0.02646	0.01575	0.01643	0.02668	0.00761	0.00614	0.00189	0.00849	0.00542	0.00490	0.06441
1	0.05907	0.07434	0.06288	0.01191	0.01650	0.05582	0.01018	0.12936	0.01835	0.06181	0.09261	0.05921	0.08233	0.05495	0.00826	0.00217	0.00632	0.00762	0.00535	0.18098
2	0.05843	0.01801	0.01968	0.01612	0.05027	0.05913	0.03784	0.41506	0.02588	0.03547	0.04243	0.01844	0.02852	0.00794	0.00664	0.00193	0.00738	0.00621	0.00593	0.13868
3	0.02154	0.11849	0.11578	0.01719	0.02304	0.09175	0.08438	0.23368	0.11485	0.07023	0.01647	0.01721	0.01222	0.00770	0.00703	0.00209	0.02457	0.00608	0.00525	0.01044
4	0.04950	0.00792	0.00883	0.00849	0.00913	0.00825	0.00530	0.05152	0.01168	0.01643	0.02081	0.04079	0.02306	0.61690	0.08831	0.00662	0.00772	0.00939	0.00436	0.00501
5	0.01176	0.00895	0.01231	0.01171	0.01343	0.01030	0.00921	0.08282	0.01371	0.01926	0.02108	0.02813	0.05485	0.04461	0.59068	0.00952	0.03892	0.00771	0.00421	0.00684
6	0.06576	0.04086	0.10338	0.06197	0.02571	0.01711	0.19140	0.09294	0.15478	0.06093	0.01785	0.03958	0.01400	0.02840	0.00884	0.00244	0.05227	0.00726	0.00488	0.00965
7	0.08746	0.06479	0.06772	0.01767	0.02285	0.29858	0.08369	0.22547	0.02210	0.02721	0.01290	0.01446	0.00990	0.00725	0.00647	0.00199	0.01001	0.00537	0.00460	0.00952
8	0.02222	0.01807	0.01842	0.01530	0.01995	0.06045	0.01230	0.36114	0.30007	0.03556	0.02188	0.02262	0.01659	0.00916	0.00709	0.00223	0.00705	0.03198	0.00681	0.01111
9	0.01102	0.00816	0.01106	0.12494	0.01656	0.00804	0.00855	0.01423	0.01814	0.05413	0.45183	0.04830	0.17154	0.01348	0.00798	0.00224	0.00441	0.01174	0.00677	0.00687
10	0.01291	0.01101	0.01218	0.01185	0.01359	0.07739	0.00896	0.04850	0.07913	0.01929	0.04140	0.10542	0.02289	0.10846	0.35865	0.00711	0.01262	0.03697	0.00476	0.00689
11	0.12635	0.01525	0.01741	0.01352	0.01886	0.01564	0.01116	0.30291	0.02427	0.35198	0.02083	0.01930	0.01382	0.00826	0.00666	0.00213	0.00659	0.00631	0.00741	0.01133
12	0.39356	0.01676	0.01545	0.01293	0.01756	0.07367	0.03078	0.17617	0.11750	0.06176	0.01502	0.01557	0.01116	0.00748	0.00572	0.00215	0.00673	0.00528	0.00543	0.00933
13	0.01006	0.00852	0.01230	0.01160	0.01376	0.00792	0.08595	0.01307	0.04439	0.01985	0.06897	0.30941	0.26459	0.01752	0.00858	0.00261	0.00506	0.08312	0.00620	0.00652
14	0.01591	0.12070	0.51394	0.01955	0.02844	0.08540	0.07813	0.02253	0.01529	0.02096	0.01215	0.01445	0.00901	0.00654	0.00647	0.00210	0.01031	0.00518	0.00306	0.00986
15	0.00997	0.00702	0.00877	0.00874	0.00934	0.00731	0.00578	0.01099	0.01125	0.01533	0.05529	0.04160	0.06457	0.46167	0.24549	0.00767	0.01009	0.00971	0.00437	0.00505
16	0.01753	0.02024	0.06125	0.02765	0.03453	0.05709	0.58559	0.06337	0.01760	0.02338	0.01404	0.01822	0.01052	0.00613	0.00800	0.00230	0.01151	0.00781	0.00372	0.00952
17	0.02574	0.03133	0.01994	0.01781	0.02147	0.63525	0.01352	0.09038	0.02070	0.01963	0.01130	0.01307	0.00927	0.00748	0.00693	0.00187	0.03724	0.00472	0.00390	0.00843
18	0.01506	0.01369	0.02105	0.50969	0.11946	0.01626	0.01805	0.06123	0.11365	0.02161	0.01505	0.01941	0.01138	0.00733	0.00699	0.00229	0.00854	0.00645	0.00395	0.00886
19	0.01647	0.01882	0.04118	0.02941	0.03647	0.01765	0.68588	0.02235	0.01647	0.02235	0.01412	0.01882	0.01059	0.00588	0.00824	0.00235	0.01176	0.00824	0.00353	0.00941
20	0.00850	0.00607	0.00810	0.00972	0.01012	0.00567	0.00648	0.00972	0.01336	0.01781	0.03846	0.75020	0.04615	0.02186	0.00891	0.00283	0.00405	0.01984	0.00648	0.00567
21	0.00880	0.00629	0.00844	0.01006	0.01059	0.00593	0.00700	0.01023	0.01365	0.01815	0.03830	0.67720	0.04550	0.02158	0.00899	0.00288	0.00431	0.08990	0.00647	0.00575
22	0.01168	0.00635	0.00952	0.00952	0.00978	0.00660	0.00660	0.00978	0.00952	0.01295	0.01346	0.02248	0.01321	0.02996	0.16980	0.63694	0.00863	0.00635	0.00317	0.00368
23	0.02547	0.03118	0.01955	0.01760	0.02133	0.63666	0.01330	0.06506	0.06936	0.01944	0.01238	0.01378	0.01003	0.00742	0.00639	0.00186	0.01180	0.00484	0.00404	0.00851
24	0.02989	0.01295	0.01671	0.01294	0.01827	0.01200	0.01065	0.10927	0.06364	0.59620	0.02635	0.02309	0.01690	0.00866	0.00702	0.00216	0.00611	0.00699	0.00835	0.01182
25	0.01083	0.00731	0.00864	0.00855	0.01059	0.00640	0.00631	0.01287	0.01648	0.08689	0.18793	0.22003	0.35730	0.01710	0.00828	0.00242	0.00383	0.01476	0.00693	0.00655
26	0.00850	0.00607	0.00810	0.00972	0.01012	0.00567	0.00648	0.00972	0.01336	0.01781	0.03846	0.75020	0.04615	0.02186	0.00891	0.00283	0.00405	0.01984	0.00648	0.00567
27	0.01450	0.03258	0.58064	0.02183	0.03148	0.01650	0.16022	0.02215	0.01509	0.02215	0.01285	0.01557	0.00920	0.00648	0.00696	0.00224	0.01061	0.00578	0.00307	0.01013
28	0.00878	0.00628	0.00804	0.00922	0.00976	0.00588	0.00611	0.00998	0.01343	0.01785	0.07384	0.57749	0.08495	0.11875	0.01237	0.00329	0.00434	0.01785	0.00624	0.00554
29	0.00915	0.00635	0.00790	0.00888	0.00913	0.00610	0.00559	0.00989	0.01209	0.01612	0.03195	0.47156	0.03793	0.31172	0.01943	0.00439	0.00512	0.01601	0.00559	0.00510
30	0.07285	0.02775	0.01879	0.01654	0.02057	0.50897	0.01268	0.09637	0.05550	0.08585	0.01379	0.01466	0.01060	0.00752	0.00635	0.00191	0.01067	0.00504	0.00463	0.00895
31	0.03805	0.01599	0.01588	0.01633	0.09266	0.14745	0.01140	0.04384	0.18330	0.08815	0.11655	0.05608	0.07492	0.01087	0.00733	0.00225	0.00684	0.05703	0.00607	0.00901
32	0.01819	0.01919	0.06294	0.01722	0.02182	0.12796	0.11687	0.03085	0.39162	0.04000	0.02298	0.06214	0.01823	0.00905	0.00722	0.00229	0.00782	0.00789	0.00574	0.01000
33	0.01007	0.00728	0.00910	0.00954	0.01066	0.00698	0.00667	0.05214	0.01607	0.02172	0.20811	0.43156	0.08598	0.07731	0.01070	0.00291	0.00426	0.01610	0.00664	0.00618
34	0.00877	0.00631	0.00816	0.00943	0.01003	0.00589	0.00638	0.01011	0.01373	0.01825	0.07929	0.59351	0.08610	0.07700	0.01088	0.00308	0.00425	0.03681	0.00638	0.00565

[dist]
# distance from previous block
# <min> <max>
0	1

[block]
# block no. 8 follows, 30 sequences, length 7
# corresponding to MSA columns:
# 253-259
name=unknown_I
#
# <colnr> <probs for GDERKNQSTAVLIFYWHMCP>
#	G	D	E	R	K	N	Q	S	T	A	V	L	I	F	Y	W	H	M	C	P
0	0.07460	0.01956	0.01873	0.07940	0.06270	0.21670	0.04581	0.07010	0.12376	0.02353	0.01591	0.05133	0.01324	0.00777	0.00644	0.00194	0.00834	0.00620	0.00460	0.14935
1	0.02289	0.06716	0.02101	0.07159	0.09197	0.20373	0.01376	0.25602	0.02267	0.07644	0.01654	0.07433	0.01377	0.00868	0.00679	0.00206	0.00872	0.00677	0.00528	0.00982
2	0.02187	0.01926	0.05945	0.08846	0.02257	0.15109	0.01350	0.15781	0.09629	0.14861	0.02127	0.02173	0.06178	0.00908	0.00838	0.00222	0.07452	0.00676	0.00562	0.00975
3	0.09341	0.01081	0.01421	0.12135	0.10809	0.01151	0.01084	0.05821	0.03702	0.04614	0.02728	0.12530	0.12005	0.11437	0.06824	0.00363	0.00731	0.00971	0.00498	0.00753
4	0.01169	0.00826	0.01106	0.01066	0.01175	0.00837	0.03789	0.06164	0.04062	0.01819	0.02541	0.28273	0.02815	0.22159	0.05175	0.14074	0.00649	0.01225	0.00507	0.00569
5	0.01391	0.01026	0.01288	0.06522	0.01605	0.01121	0.00942	0.09836	0.08675	0.05893	0.02865	0.25372	0.06919	0.09119	0.09477	0.00396	0.05053	0.01174	0.00573	0.00753
6	0.01392	0.01287	0.01714	0.07923	0.17616	0.06427	0.03615	0.01708	0.04355	0.01924	0.02439	0.09904	0.09789	0.09081	0.04593	0.03928	0.03481	0.02997	0.00443	0.05385

[dist]
# distance from previous block
# <min> <max>
7	21

[block]
# block no. 9 follows, 30 sequences, length 35
# corresponding to MSA columns:
# 281-315
name=unknown_J
#
# <colnr> <probs for GDERKNQSTAVLIFYWHMCP>
#	G	D	E	R	K	N	Q	S	T	A	V	L	I	F	Y	W	H	M	C	P
0	0.08668	0.01767	0.04802	0.11358	0.09146	0.07493	0.06034	0.14104	0.11681	0.05047	0.01732	0.01921	0.03280	0.00815	0.00806	0.00222	0.06762	0.00643	0.00489	0.03232
1	0.04975	0.03922	0.04406	0.01734	0.07880	0.06620	0.06561	0.14217	0.15537	0.06314	0.01918	0.07769	0.01586	0.00855	0.00674	0.00204	0.00721	0.00723	0.00544	0.12841
2	0.07778	0.04445	0.01879	0.01623	0.06202	0.03792	0.05043	0.14643	0.26773	0.08369	0.02162	0.05163	0.01709	0.02774	0.04274	0.00277	0.00737	0.00740	0.00604	0.01012
3	0.09046	0.21161	0.04921	0.05463	0.02022	0.11443	0.03336	0.12097	0.04454	0.04973	0.01595	0.08497	0.01422	0.02649	0.02110	0.00228	0.00805	0.00660	0.00458	0.02660
4	0.04743	0.10738	0.04358	0.01974	0.16877	0.05822	0.04454	0.07416	0.04497	0.02390	0.08366	0.02294	0.06902	0.00827	0.00712	0.00193	0.03540	0.00679	0.00458	0.12761
5	0.01782	0.07512	0.15120	0.04640	0.07186	0.05795	0.01447	0.09688	0.13955	0.07518	0.04229	0.05086	0.06157	0.00890	0.00678	0.00209	0.00734	0.00724	0.00522	0.06127
6	0.01499	0.01482	0.05990	0.01502	0.01824	0.04214	0.07695	0.09918	0.08693	0.02500	0.16847	0.05714	0.10129	0.01200	0.01054	0.00244	0.13966	0.04135	0.00562	0.00831
7	0.01301	0.00650	0.00650	0.00650	0.00813	0.00650	0.00488	0.01626	0.01463	0.02602	0.02276	0.02602	0.01789	0.00813	0.00488	0.00163	0.00325	0.00650	0.79350	0.00650
8	0.01828	0.01256	0.01522	0.01154	0.01675	0.01102	0.00932	0.04912	0.04416	0.16016	0.03569	0.01835	0.01392	0.00701	0.00702	0.00155	0.05752	0.00540	0.03097	0.47446
9	0.01424	0.01461	0.03939	0.16719	0.11676	0.09680	0.01409	0.01785	0.04209	0.01894	0.02221	0.14517	0.06363	0.01503	0.06944	0.00318	0.09240	0.03486	0.00432	0.00779
10	0.01301	0.00650	0.00650	0.00650	0.00813	0.00650	0.00488	0.01626	0.01463	0.02602	0.02276	0.02602	0.01789	0.00813	0.00488	0.00163	0.00325	0.00650	0.79350	0.00650
11	0.15384	0.05438	0.10583	0.06297	0.08341	0.25861	0.05885	0.05651	0.01675	0.02230	0.01148	0.01414	0.00918	0.00716	0.00726	0.00209	0.05765	0.00511	0.00370	0.00879
12	0.07611	0.07267	0.34924	0.04700	0.02590	0.12597	0.04207	0.03911	0.04282	0.06741	0.01350	0.01534	0.00998	0.00715	0.00703	0.00214	0.03783	0.00531	0.00381	0.00961
13	0.01180	0.00852	0.00990	0.00931	0.01067	0.00845	0.00623	0.06449	0.03998	0.01898	0.06498	0.14963	0.02819	0.41241	0.05191	0.00501	0.00650	0.01077	0.00508	0.07717
14	0.01425	0.01215	0.01422	0.01026	0.01624	0.00917	0.00819	0.01736	0.01473	0.02300	0.04642	0.01631	0.01305	0.00561	0.00532	0.00109	0.00508	0.00455	0.00431	0.75871
15	0.01675	0.01411	0.01430	0.01260	0.01608	0.05730	0.00982	0.13412	0.31490	0.02941	0.16664	0.03333	0.10082	0.01094	0.00730	0.00223	0.00556	0.00905	0.03534	0.00939
16	0.02351	0.02907	0.01931	0.01734	0.02090	0.58973	0.04021	0.02627	0.04556	0.01839	0.04222	0.01928	0.03940	0.00832	0.00667	0.00193	0.01136	0.02838	0.00410	0.00806
17	0.01447	0.01240	0.01447	0.01034	0.01654	0.00930	0.00827	0.01757	0.01447	0.02274	0.01240	0.01447	0.01034	0.00517	0.00517	0.00103	0.00517	0.00413	0.00413	0.79742
18	0.01028	0.00774	0.01119	0.01113	0.01241	0.00896	0.00856	0.01333	0.03924	0.01658	0.01928	0.02841	0.01806	0.09119	0.65771	0.01060	0.01746	0.00765	0.00390	0.00631
19	0.01504	0.01509	0.06672	0.12650	0.15463	0.01435	0.10521	0.08454	0.09067	0.02418	0.06908	0.10134	0.08204	0.01006	0.00752	0.00230	0.00748	0.00921	0.00498	0.00906
20	0.01305	0.01028	0.01117	0.01029	0.01309	0.01037	0.00797	0.13310	0.10814	0.02506	0.09075	0.10055	0.33460	0.04527	0.00913	0.00257	0.00487	0.05551	0.00663	0.00761
21	0.02185	0.09615	0.02195	0.01569	0.02062	0.04712	0.07812	0.25332	0.18755	0.10363	0.02030	0.04218	0.01567	0.03442	0.00789	0.00230	0.00741	0.00714	0.00617	0.01051
22	0.01301	0.00650	0.00650	0.00650	0.00813	0.00650	0.00488	0.01626	0.01463	0.02602	0.02276	0.02602	0.01789	0.00813	0.00488	0.00163	0.00325	0.00650	0.79350	0.00650
23	0.01301	0.00650	0.00650	0.00650	0.00813	0.00650	0.00488	0.01626	0.01463	0.02602	0.02276	0.02602	0.01789	0.00813	0.00488	0.00163	0.00325	0.00650	0.79350	0.00650
24	0.06560	0.06394	0.07668	0.09345	0.07525	0.09968	0.15392	0.10070	0.06204	0.04538	0.01436	0.01724	0.01111	0.00895	0.03385	0.00252	0.05548	0.00624	0.00423	0.00938
25	0.10128	0.01462	0.01772	0.07006	0.10261	0.03997	0.01236	0.14000	0.06625	0.28174	0.02336	0.02276	0.05918	0.00856	0.00679	0.00216	0.00677	0.00689	0.00647	0.01046
26	0.01738	0.01756	0.01619	0.01674	0.09580	0.20743	0.01147	0.02319	0.15582	0.04320	0.04648	0.08244	0.12786	0.01232	0.03379	0.00250	0.03750	0.00863	0.00525	0.03846
27	0.00998	0.00742	0.01094	0.01094	0.01210	0.00858	0.00839	0.01229	0.01113	0.01600	0.01894	0.02878	0.01804	0.10508	0.67517	0.01088	0.01780	0.00768	0.00378	0.00608
28	0.01301	0.00650	0.00650	0.00650	0.00813	0.00650	0.00488	0.01626	0.01463	0.02602	0.02276	0.02602	0.01789	0.00813	0.00488	0.00163	0.00325	0.00650	0.79350	0.00650
29	0.00998	0.00743	0.01098	0.01098	0.01214	0.00859	0.00843	0.01231	0.01115	0.01603	0.01891	0.02861	0.01796	0.09822	0.68193	0.01092	0.01791	0.00765	0.00377	0.00610
30	0.00931	0.00690	0.00831	0.00825	0.00989	0.00617	0.00604	0.01122	0.01663	0.02196	0.32921	0.13022	0.30456	0.01729	0.01003	0.07411	0.00372	0.01361	0.00667	0.00590
31	0.01301	0.00650	0.00650	0.00650	0.00813	0.00650	0.00488	0.01626	0.01463	0.02602	0.02276	0.02602	0.01789	0.00813	0.00488	0.00163	0.00325	0.00650	0.79350	0.00650
32	0.03679	0.00849	0.00999	0.00937	0.01146	0.00829	0.00707	0.05712	0.04608	0.04642	0.35732	0.08941	0.14219	0.07010	0.00996	0.00261	0.00427	0.03661	0.03950	0.00695
33	0.01052	0.00774	0.00966	0.00973	0.01107	0.00777	0.00721	0.03847	0.01635	0.02274	0.23576	0.29552	0.12828	0.01662	0.00912	0.00247	0.05211	0.03474	0.07771	0.00644
34	0.01570	0.01463	0.02333	0.12182	0.45269	0.01527	0.01797	0.02155	0.09786	0.02261	0.04063	0.02302	0.05635	0.00946	0.03520	0.00252	0.00804	0.00719	0.00418	0.01000

[dist]
# distance from previous block
# <min> <max>
0	1

[block]
# block no. 10 follows, 30 sequences, length 13
# corresponding to MSA columns:
# 317-329
name=unknown_K
#
# <colnr> <probs for GDERKNQSTAVLIFYWHMCP>
#	G	D	E	R	K	N	Q	S	T	A	V	L	I	F	Y	W	H	M	C	P
0	0.00996	0.00739	0.00906	0.00989	0.01116	0.00704	0.00712	0.05811	0.01548	0.02013	0.04340	0.50184	0.17875	0.01983	0.00870	0.00272	0.00440	0.07229	0.00651	0.00622
1	0.01668	0.19532	0.28446	0.07438	0.19112	0.01869	0.05033	0.02190	0.01514	0.05144	0.01274	0.01538	0.00988	0.00646	0.00631	0.00202	0.00897	0.00538	0.00337	0.01002
2	0.01412	0.00971	0.01287	0.12585	0.01816	0.01038	0.00968	0.08537	0.06974	0.05771	0.05042	0.13337	0.09231	0.01781	0.04807	0.21632	0.00665	0.00952	0.00514	0.00678
3	0.09215	0.01889	0.05306	0.06813	0.22006	0.08097	0.04479	0.20736	0.06867	0.02897	0.01553	0.01906	0.01234	0.00768	0.00680	0.00216	0.00828	0.03004	0.00485	0.01022
4	0.01456	0.01740	0.11010	0.04020	0.01935	0.11555	0.06461	0.01761	0.01450	0.01919	0.07965	0.04575	0.04629	0.10236	0.05962	0.00349	0.15492	0.03382	0.03366	0.00740
5	0.01301	0.00650	0.00650	0.00650	0.00813	0.00650	0.00488	0.01626	0.01463	0.02602	0.02276	0.02602	0.01789	0.00813	0.00488	0.00163	0.00325	0.00650	0.79350	0.00650
6	0.01813	0.16449	0.05681	0.06806	0.04518	0.05385	0.11944	0.12555	0.04820	0.04190	0.01560	0.05894	0.01315	0.00923	0.03259	0.00228	0.00852	0.00659	0.00445	0.10705
7	0.02348	0.02336	0.02062	0.06248	0.04783	0.34221	0.06361	0.14255	0.02094	0.09590	0.04443	0.01862	0.01373	0.03994	0.00804	0.00220	0.00995	0.00612	0.00488	0.00911
8	0.01301	0.00650	0.00650	0.00650	0.00813	0.00650	0.00488	0.01626	0.01463	0.02602	0.02276	0.02602	0.01789	0.00813	0.00488	0.00163	0.00325	0.00650	0.79350	0.00650
9	0.28140	0.12534	0.01961	0.05139	0.08742	0.17222	0.01222	0.04640	0.01509	0.02327	0.01112	0.01385	0.00930	0.00946	0.04519	0.00253	0.05731	0.00473	0.00381	0.00833
10	0.02300	0.02173	0.11241	0.01855	0.08261	0.11138	0.01510	0.30527	0.09365	0.09561	0.01793	0.01959	0.01340	0.00829	0.00694	0.00214	0.00830	0.02743	0.00584	0.01083
11	0.01899	0.04518	0.02298	0.11066	0.19998	0.01836	0.05139	0.18262	0.22176	0.02880	0.01834	0.01975	0.01396	0.00775	0.00697	0.00219	0.00760	0.00674	0.00531	0.01067
12	0.14215	0.01866	0.01810	0.01864	0.12990	0.19301	0.03672	0.07353	0.08880	0.06565	0.02156	0.02260	0.09110	0.01042	0.03751	0.00249	0.00847	0.00673	0.00494	0.00902

[dist]
# distance from previous block
# <min> <max>
7	28

# created by:
# /home/berkeley/.conda/envs/busco_data_prod/bin/msa2prfl.pl pipeline/OGs_align_augustus/4893/7384.fs
