[name]
unknown

[dist]
# distance from previous block
# <min> <max>
0	38

[block]
# block no. 0 follows, 32 sequences, length 14
# corresponding to MSA columns:
# 38-51
name=unknown_A
#
# <colnr> <probs for GDERKNQSTAVLIFYWHMCP>
#	G	D	E	R	K	N	Q	S	T	A	V	L	I	F	Y	W	H	M	C	P
0	0.01185	0.00880	0.01064	0.01021	0.01217	0.00906	0.00786	0.01648	0.12003	0.06648	0.17627	0.15178	0.20258	0.03749	0.00979	0.00254	0.06270	0.06989	0.00636	0.00701
1	0.01648	0.08894	0.20818	0.09935	0.09838	0.04448	0.08379	0.06749	0.09478	0.05656	0.06367	0.01909	0.01469	0.00728	0.00659	0.00206	0.00822	0.00627	0.00427	0.00943
2	0.01835	0.17931	0.13798	0.04046	0.06104	0.10716	0.08878	0.06996	0.01665	0.08574	0.04360	0.04192	0.01342	0.00737	0.00654	0.00191	0.02322	0.00600	0.00415	0.04645
3	0.00989	0.05922	0.03987	0.04597	0.01392	0.00848	0.03039	0.01218	0.01422	0.01889	0.12460	0.39627	0.09386	0.01769	0.03114	0.00274	0.00531	0.06341	0.00569	0.00625
4	0.00936	0.00703	0.00832	0.00884	0.01017	0.00659	0.00634	0.04410	0.01470	0.01893	0.07247	0.35498	0.25363	0.08928	0.01073	0.00291	0.00430	0.06546	0.00609	0.00577
5	0.01812	0.27916	0.07892	0.09729	0.05163	0.16029	0.01370	0.05561	0.11207	0.01977	0.01414	0.04588	0.01200	0.00735	0.00582	0.00186	0.00820	0.00552	0.00389	0.00879
6	0.05123	0.04595	0.26169	0.08758	0.05562	0.03589	0.18247	0.07160	0.03199	0.02257	0.01497	0.04786	0.01237	0.00757	0.00688	0.00219	0.00913	0.03962	0.00376	0.00906
7	0.00871	0.00645	0.00806	0.00918	0.00998	0.00612	0.00630	0.01072	0.04340	0.01758	0.03956	0.56604	0.13052	0.06747	0.01007	0.00290	0.00414	0.04107	0.00611	0.00564
8	0.05794	0.02357	0.04970	0.01607	0.03587	0.38427	0.02943	0.04952	0.09765	0.10189	0.04435	0.01745	0.01366	0.00943	0.03813	0.00230	0.00978	0.00561	0.00468	0.00868
9	0.05403	0.18666	0.16362	0.01609	0.05403	0.14521	0.04499	0.04048	0.05976	0.08623	0.01695	0.04626	0.04260	0.00771	0.00607	0.00193	0.00819	0.00598	0.00420	0.00899
10	0.01948	0.01774	0.13734	0.01573	0.07565	0.07242	0.01318	0.10785	0.08282	0.17332	0.08146	0.02297	0.01831	0.00829	0.00655	0.00200	0.00686	0.02455	0.06789	0.04557
11	0.00935	0.00635	0.00808	0.00895	0.00994	0.00579	0.00617	0.01077	0.01385	0.05288	0.08454	0.54648	0.15035	0.04166	0.00910	0.00269	0.00394	0.01696	0.00634	0.00579
12	0.04775	0.02239	0.25951	0.04573	0.02427	0.08958	0.10792	0.06191	0.05119	0.06773	0.04577	0.06352	0.01534	0.00816	0.00676	0.00212	0.00850	0.02517	0.00435	0.04233
13	0.09887	0.04942	0.04843	0.03205	0.03424	0.06802	0.01134	0.09979	0.15758	0.15679	0.05291	0.05718	0.01739	0.00894	0.00739	0.00213	0.05412	0.00690	0.02720	0.00932

[dist]
# distance from previous block
# <min> <max>
0	8

[block]
# block no. 1 follows, 32 sequences, length 23
# corresponding to MSA columns:
# 69-91
name=unknown_B
#
# <colnr> <probs for GDERKNQSTAVLIFYWHMCP>
#	G	D	E	R	K	N	Q	S	T	A	V	L	I	F	Y	W	H	M	C	P
0	0.04320	0.01845	0.14183	0.09985	0.05541	0.08558	0.05067	0.04266	0.08055	0.06947	0.07754	0.02062	0.03251	0.00793	0.00751	0.00203	0.05580	0.00637	0.00448	0.09753
1	0.06571	0.09546	0.03832	0.01144	0.01440	0.12754	0.00911	0.04367	0.06192	0.02027	0.05215	0.27905	0.08737	0.01287	0.00688	0.00215	0.00607	0.01078	0.00515	0.04967
2	0.01409	0.01172	0.01237	0.01027	0.01394	0.04366	0.00791	0.10375	0.07368	0.02329	0.07134	0.03070	0.14815	0.08676	0.04280	0.00259	0.00592	0.00777	0.02999	0.25930
3	0.12690	0.11161	0.11792	0.01372	0.04865	0.03831	0.01212	0.05670	0.04826	0.14326	0.07169	0.02160	0.03977	0.00809	0.00641	0.00196	0.02427	0.02481	0.00504	0.07891
4	0.04753	0.11901	0.25578	0.01901	0.07644	0.08772	0.09694	0.06425	0.01559	0.02135	0.02964	0.03249	0.01168	0.00986	0.05376	0.00259	0.03804	0.00583	0.00354	0.00895
5	0.01000	0.00764	0.00877	0.00862	0.01037	0.00725	0.00626	0.05755	0.04036	0.02152	0.20723	0.21113	0.28004	0.08013	0.01019	0.00268	0.00405	0.01363	0.00637	0.00620
6	0.02466	0.07573	0.02007	0.01681	0.02053	0.64606	0.01286	0.07158	0.01953	0.01812	0.01069	0.01229	0.00883	0.00692	0.00599	0.00173	0.01149	0.00439	0.00364	0.00807
7	0.12942	0.09646	0.10022	0.01792	0.12821	0.01705	0.02933	0.19681	0.05267	0.10267	0.01533	0.01737	0.01176	0.04735	0.00756	0.00224	0.00720	0.00571	0.00495	0.00977
8	0.01031	0.01039	0.08016	0.01186	0.01404	0.00832	0.05437	0.04284	0.03997	0.01973	0.05869	0.53083	0.05754	0.01718	0.00812	0.00255	0.00513	0.01556	0.00580	0.00661
9	0.00859	0.00653	0.00799	0.00879	0.01010	0.00593	0.00648	0.01042	0.01470	0.01893	0.12153	0.35296	0.27549	0.01852	0.00837	0.00255	0.00396	0.10608	0.00635	0.00572
10	0.01604	0.18423	0.34985	0.10110	0.09417	0.07217	0.01945	0.05217	0.01524	0.02031	0.01157	0.01404	0.00892	0.00636	0.00599	0.00194	0.00909	0.00488	0.00313	0.00934
11	0.01517	0.01587	0.08167	0.23374	0.37871	0.01528	0.01911	0.04231	0.04236	0.02132	0.01455	0.02090	0.01220	0.00722	0.00682	0.00215	0.00817	0.04941	0.00362	0.00942
12	0.04411	0.00804	0.00929	0.00844	0.01091	0.00773	0.00650	0.03815	0.01573	0.19186	0.05157	0.12032	0.02189	0.00983	0.00585	0.00189	0.00403	0.00817	0.42812	0.00756
13	0.01728	0.01485	0.02125	0.04571	0.02196	0.06245	0.19182	0.15111	0.05426	0.07896	0.06680	0.14514	0.05159	0.01040	0.00795	0.00225	0.03270	0.00946	0.00541	0.00864
14	0.00855	0.00631	0.00805	0.00935	0.01004	0.00599	0.00635	0.01058	0.04534	0.01771	0.03889	0.67300	0.09452	0.02016	0.00844	0.00267	0.00392	0.01817	0.00626	0.00571
15	0.02174	0.12082	0.08265	0.01838	0.02360	0.33321	0.15063	0.08295	0.01839	0.06768	0.01259	0.01437	0.00971	0.00666	0.00633	0.00188	0.01030	0.00531	0.00393	0.00887
16	0.00949	0.00688	0.00854	0.00928	0.01022	0.00660	0.00639	0.05391	0.01450	0.01926	0.08921	0.54048	0.10323	0.07607	0.01029	0.00288	0.00422	0.01655	0.00618	0.00581
17	0.19479	0.01495	0.01496	0.04624	0.01776	0.05373	0.01022	0.27003	0.06392	0.08244	0.07585	0.02339	0.08621	0.00895	0.00634	0.00208	0.00624	0.00685	0.00593	0.00910
18	0.04794	0.01596	0.04653	0.01311	0.01723	0.07031	0.01078	0.19736	0.23838	0.02887	0.09358	0.02550	0.06837	0.01114	0.04056	0.00246	0.00678	0.00738	0.00597	0.05178
19	0.05032	0.01095	0.01264	0.01129	0.01394	0.03795	0.02772	0.12665	0.01769	0.10298	0.09375	0.17686	0.14179	0.06394	0.00982	0.00261	0.03138	0.05410	0.00611	0.00750
20	0.01929	0.03283	0.01622	0.01450	0.05440	0.07583	0.01080	0.12571	0.28177	0.12722	0.09461	0.05889	0.03902	0.00961	0.00688	0.00213	0.00610	0.00793	0.00647	0.00977
21	0.07187	0.01686	0.01768	0.09597	0.07392	0.12662	0.02862	0.18761	0.14463	0.02687	0.05073	0.05206	0.03298	0.01009	0.03201	0.00240	0.00782	0.00700	0.00521	0.00907
22	0.01020	0.00744	0.00922	0.00985	0.01095	0.00737	0.00700	0.06555	0.03575	0.01974	0.06406	0.48639	0.07507	0.08318	0.02785	0.00314	0.00487	0.06023	0.00608	0.00607

[dist]
# distance from previous block
# <min> <max>
3	5

[block]
# block no. 2 follows, 32 sequences, length 14
# corresponding to MSA columns:
# 97-110
name=unknown_C
#
# <colnr> <probs for GDERKNQSTAVLIFYWHMCP>
#	G	D	E	R	K	N	Q	S	T	A	V	L	I	F	Y	W	H	M	C	P
0	0.01427	0.01011	0.01187	0.01015	0.01358	0.00936	0.00793	0.06382	0.09181	0.09402	0.15587	0.06193	0.13191	0.05478	0.00854	0.00222	0.00481	0.05250	0.00609	0.19442
1	0.01675	0.09057	0.02331	0.06032	0.31836	0.05001	0.03337	0.07014	0.09703	0.02321	0.07898	0.01977	0.01619	0.00745	0.00715	0.00199	0.03831	0.00640	0.00430	0.03638
2	0.01479	0.09956	0.20821	0.18104	0.05089	0.01569	0.04033	0.05130	0.04643	0.02104	0.01256	0.01541	0.00974	0.00641	0.00650	0.00186	0.03030	0.00516	0.00352	0.17926
3	0.01079	0.00803	0.00937	0.00947	0.01073	0.00816	0.00654	0.05318	0.10374	0.01991	0.09547	0.32272	0.08454	0.20876	0.01470	0.00351	0.00485	0.01345	0.00588	0.00620
4	0.00852	0.00614	0.00802	0.00933	0.00998	0.00575	0.00649	0.00992	0.01331	0.01761	0.06086	0.59460	0.08754	0.05419	0.00973	0.00288	0.00417	0.07929	0.00616	0.00550
5	0.01875	0.01404	0.05037	0.04150	0.06530	0.02718	0.07479	0.06618	0.17507	0.19696	0.04172	0.13665	0.02074	0.01012	0.00755	0.00226	0.02638	0.00884	0.00608	0.00952
6	0.05749	0.01903	0.06745	0.01504	0.04205	0.19118	0.01208	0.12490	0.09632	0.15517	0.01870	0.06640	0.01493	0.01240	0.07385	0.00285	0.00885	0.00669	0.00540	0.00922
7	0.00987	0.00767	0.00881	0.00903	0.01101	0.00714	0.00702	0.06008	0.01622	0.02047	0.08262	0.18729	0.38451	0.01722	0.00822	0.00248	0.00430	0.14354	0.00631	0.00617
8	0.01661	0.01580	0.02612	0.03865	0.65742	0.01601	0.01967	0.02198	0.07928	0.02249	0.01397	0.01738	0.01154	0.00627	0.00666	0.00202	0.00773	0.00613	0.00364	0.01063
9	0.01890	0.06221	0.07289	0.16594	0.06312	0.10292	0.07358	0.18285	0.07903	0.04927	0.01475	0.01708	0.01117	0.00873	0.03249	0.00237	0.02294	0.00595	0.00449	0.00933
10	0.01031	0.00703	0.00894	0.03392	0.01117	0.00664	0.00653	0.01227	0.01504	0.06078	0.24595	0.20736	0.15812	0.13439	0.03403	0.00325	0.00475	0.02738	0.00617	0.00598
11	0.00827	0.00600	0.00784	0.00927	0.00986	0.00557	0.00634	0.00957	0.01316	0.01734	0.03940	0.67390	0.09820	0.02059	0.00854	0.00270	0.00395	0.04776	0.00623	0.00550
12	0.01481	0.08060	0.01655	0.01283	0.01599	0.01244	0.07238	0.10330	0.11080	0.06919	0.07239	0.23350	0.07455	0.01321	0.00751	0.00233	0.00574	0.06786	0.00600	0.00803
13	0.06469	0.16063	0.16142	0.01637	0.02235	0.01824	0.11205	0.18692	0.01853	0.07198	0.01462	0.01787	0.01146	0.00913	0.03717	0.00240	0.02842	0.03179	0.00447	0.00948

[dist]
# distance from previous block
# <min> <max>
1	5

[block]
# block no. 3 follows, 32 sequences, length 41
# corresponding to MSA columns:
# 116-156
name=unknown_D
#
# <colnr> <probs for GDERKNQSTAVLIFYWHMCP>
#	G	D	E	R	K	N	Q	S	T	A	V	L	I	F	Y	W	H	M	C	P
0	0.01784	0.14071	0.14193	0.01470	0.04566	0.03880	0.01329	0.18634	0.04073	0.04617	0.01501	0.05302	0.01243	0.00944	0.04154	0.00221	0.00771	0.00579	0.00455	0.16210
1	0.07871	0.04490	0.14698	0.08924	0.04791	0.09998	0.05766	0.12184	0.03622	0.03946	0.03489	0.02096	0.03492	0.06247	0.00913	0.00243	0.04013	0.01930	0.00428	0.00858
2	0.00840	0.00613	0.00766	0.00866	0.00939	0.00566	0.00583	0.00967	0.01334	0.01753	0.08819	0.52343	0.15023	0.09939	0.01116	0.00301	0.00404	0.01681	0.00608	0.00540
3	0.01978	0.57761	0.03098	0.01298	0.01813	0.21055	0.01187	0.02183	0.01503	0.01595	0.00960	0.01111	0.00862	0.00604	0.00476	0.00151	0.00845	0.00378	0.00302	0.00840
4	0.01016	0.04582	0.01179	0.01052	0.01175	0.00936	0.00811	0.01219	0.01077	0.01525	0.01774	0.02769	0.01721	0.14544	0.58534	0.00952	0.03452	0.00733	0.00361	0.00589
5	0.03947	0.46417	0.13980	0.01419	0.02029	0.07733	0.04832	0.05255	0.05319	0.01924	0.01134	0.01280	0.00942	0.00623	0.00519	0.00170	0.00804	0.00441	0.00336	0.00897
6	0.04907	0.01241	0.07374	0.01257	0.01527	0.04430	0.04317	0.08483	0.03513	0.03726	0.02633	0.35948	0.02818	0.01891	0.09003	0.00340	0.00736	0.04600	0.00539	0.00719
7	0.01040	0.00661	0.00872	0.00960	0.01070	0.00609	0.00685	0.01199	0.01409	0.08171	0.07028	0.55634	0.08970	0.01905	0.00838	0.00263	0.00417	0.07013	0.00647	0.00610
8	0.00829	0.00629	0.00767	0.00862	0.00973	0.00567	0.00609	0.00983	0.01408	0.01809	0.08155	0.46432	0.26481	0.01922	0.00836	0.00256	0.00381	0.04912	0.00629	0.00560
9	0.05437	0.24336	0.27661	0.01667	0.02361	0.04706	0.10491	0.06725	0.01558	0.04383	0.01292	0.04167	0.01049	0.00683	0.00597	0.00194	0.00862	0.00551	0.00357	0.00920
10	0.00860	0.00629	0.00803	0.00882	0.00977	0.00580	0.00618	0.01036	0.01470	0.01969	0.21250	0.45081	0.13513	0.03973	0.00907	0.00263	0.00379	0.03594	0.00646	0.00568
11	0.00895	0.00639	0.00850	0.00948	0.01032	0.00604	0.00684	0.01084	0.01461	0.01979	0.20270	0.45817	0.04738	0.04802	0.00951	0.00278	0.00415	0.11341	0.00642	0.00572
12	0.12475	0.33305	0.04817	0.01410	0.01939	0.13835	0.05997	0.12211	0.01725	0.05015	0.01156	0.01288	0.00927	0.00645	0.00534	0.00176	0.00807	0.00455	0.00395	0.00889
13	0.01980	0.01833	0.02332	0.05520	0.20750	0.14169	0.10951	0.07875	0.12131	0.09476	0.01602	0.01784	0.01220	0.00729	0.00754	0.00209	0.04619	0.00628	0.00462	0.00975
14	0.00957	0.00677	0.00844	0.00895	0.01043	0.00615	0.00667	0.01158	0.01532	0.04755	0.17868	0.31004	0.23388	0.01765	0.00828	0.00250	0.00398	0.10103	0.00653	0.00601
15	0.00868	0.00668	0.00794	0.00794	0.00960	0.00593	0.00583	0.01096	0.01659	0.02196	0.35904	0.16620	0.31615	0.01613	0.00802	0.00227	0.00337	0.01400	0.00676	0.00593
16	0.03365	0.07520	0.04913	0.14260	0.11356	0.06779	0.05649	0.11318	0.05075	0.08431	0.01698	0.01885	0.04533	0.00737	0.00675	0.00197	0.02527	0.00607	0.00449	0.08027
17	0.00953	0.00757	0.00981	0.01163	0.06844	0.00710	0.00784	0.01206	0.03537	0.01938	0.10039	0.30470	0.25166	0.01723	0.00821	0.00251	0.00438	0.10982	0.00610	0.00627
18	0.01586	0.00963	0.01116	0.00994	0.01264	0.00986	0.00782	0.12154	0.07421	0.11098	0.14661	0.06565	0.04281	0.01241	0.04207	0.00243	0.00516	0.03700	0.25425	0.00795
19	0.01916	0.07901	0.01795	0.03693	0.01858	0.03781	0.01032	0.23900	0.02003	0.06630	0.01413	0.01528	0.01083	0.00643	0.00566	0.00150	0.00628	0.00491	0.03116	0.35873
20	0.00974	0.00656	0.00762	0.00762	0.00772	0.00667	0.00444	0.00995	0.00985	0.01323	0.02087	0.04239	0.02374	0.70248	0.09496	0.00687	0.00750	0.00954	0.00402	0.00423
21	0.01632	0.41247	0.33758	0.01510	0.02255	0.05595	0.01737	0.02092	0.01413	0.01820	0.01056	0.01231	0.00856	0.00607	0.00529	0.00175	0.00861	0.00422	0.00288	0.00914
22	0.01594	0.36423	0.10391	0.04990	0.02096	0.01883	0.10247	0.01962	0.03074	0.05769	0.04025	0.08459	0.04812	0.00823	0.00599	0.00189	0.00737	0.00686	0.00394	0.00846
23	0.00883	0.00675	0.00810	0.00793	0.00966	0.00602	0.00589	0.01132	0.01719	0.02300	0.43296	0.11258	0.29447	0.01547	0.00797	0.00222	0.00331	0.01341	0.00688	0.00602
24	0.00912	0.00672	0.00866	0.00995	0.01073	0.00659	0.00697	0.01196	0.07262	0.01830	0.03604	0.64178	0.04187	0.01980	0.00847	0.00272	0.00420	0.07126	0.00628	0.00595
25	0.09132	0.04529	0.34711	0.02026	0.11759	0.05234	0.05601	0.04973	0.06089	0.07673	0.01405	0.01565	0.01028	0.00667	0.00629	0.00207	0.00861	0.00541	0.00391	0.00979
26	0.01095	0.00840	0.01179	0.01054	0.01276	0.00798	0.06254	0.01518	0.07483	0.04788	0.41953	0.14193	0.12149	0.01384	0.00787	0.00223	0.00421	0.01239	0.00677	0.00689
27	0.00971	0.00671	0.00836	0.00836	0.00872	0.00707	0.00537	0.01043	0.01007	0.01378	0.02019	0.03863	0.02210	0.54931	0.24589	0.00779	0.00996	0.00898	0.00392	0.00465
28	0.04402	0.01875	0.07376	0.01509	0.02037	0.01919	0.01299	0.45830	0.20339	0.03667	0.01847	0.01810	0.01339	0.00814	0.00664	0.00209	0.00699	0.00629	0.00637	0.01098
29	0.01127	0.00787	0.00978	0.00919	0.01152	0.00712	0.00718	0.01451	0.03865	0.07023	0.35229	0.07726	0.17749	0.01405	0.00777	0.00221	0.00402	0.09969	0.00673	0.07116
30	0.05639	0.18630	0.34575	0.01862	0.06031	0.04037	0.10008	0.02216	0.04735	0.04453	0.01269	0.01461	0.00961	0.00634	0.00604	0.00198	0.00887	0.00517	0.00339	0.00945
31	0.01793	0.71119	0.06845	0.01202	0.01790	0.04664	0.01217	0.02034	0.01382	0.01607	0.00949	0.01097	0.00861	0.00581	0.00446	0.00148	0.00745	0.00368	0.00289	0.00865
32	0.00813	0.00601	0.00761	0.00889	0.00961	0.00549	0.00603	0.00939	0.01328	0.01730	0.04244	0.63730	0.16336	0.02031	0.00845	0.00264	0.00381	0.01821	0.00623	0.00549
33	0.01417	0.01508	0.14186	0.04476	0.10319	0.01151	0.06568	0.04743	0.03829	0.08201	0.13906	0.05821	0.12124	0.01094	0.00742	0.00225	0.00659	0.07659	0.00534	0.00837
34	0.01585	0.03818	0.05567	0.04143	0.11651	0.07775	0.06104	0.05490	0.10468	0.06999	0.02341	0.20597	0.02274	0.01158	0.00734	0.00231	0.00700	0.06995	0.00522	0.00847
35	0.02821	0.01255	0.01608	0.01241	0.01745	0.01171	0.01022	0.15534	0.02148	0.56461	0.05964	0.02297	0.01801	0.00853	0.00680	0.00207	0.00589	0.00689	0.00796	0.01116
36	0.00836	0.00604	0.00783	0.00918	0.00976	0.00563	0.00625	0.00961	0.01301	0.01714	0.03861	0.63445	0.09764	0.05824	0.00984	0.00290	0.00410	0.04986	0.00612	0.00543
37	0.01770	0.02300	0.14333	0.03972	0.15478	0.22791	0.11709	0.05385	0.01683	0.02043	0.01682	0.07441	0.04809	0.00810	0.00683	0.00205	0.00947	0.00702	0.00381	0.00875
38	0.02551	0.01879	0.02014	0.01544	0.02081	0.02081	0.01275	0.69996	0.03155	0.04229	0.01611	0.01611	0.01141	0.00805	0.00671	0.00201	0.00738	0.00604	0.00671	0.01141
39	0.31538	0.12787	0.04984	0.01389	0.03976	0.17601	0.04325	0.04156	0.03761	0.02361	0.01097	0.01265	0.00882	0.00633	0.00517	0.00184	0.00764	0.00434	0.00384	0.06961
40	0.01154	0.07988	0.01155	0.00902	0.01152	0.08962	0.00698	0.02802	0.01637	0.01981	0.18557	0.07181	0.37569	0.04342	0.00841	0.00227	0.00489	0.01149	0.00577	0.00636

[dist]
# distance from previous block
# <min> <max>
0	1

[block]
# block no. 4 follows, 32 sequences, length 20
# corresponding to MSA columns:
# 158-177
name=unknown_E
#
# <colnr> <probs for GDERKNQSTAVLIFYWHMCP>
#	G	D	E	R	K	N	Q	S	T	A	V	L	I	F	Y	W	H	M	C	P
0	0.06695	0.01326	0.01695	0.05622	0.01937	0.01305	0.05250	0.14691	0.01734	0.10640	0.01564	0.05277	0.01271	0.00954	0.04193	0.00220	0.05483	0.00604	0.00493	0.29045
1	0.00817	0.00588	0.00775	0.00924	0.00971	0.00546	0.00618	0.00935	0.01294	0.01717	0.03821	0.73229	0.07111	0.02086	0.00854	0.00271	0.00387	0.01888	0.00623	0.00546
2	0.01180	0.00991	0.01070	0.03473	0.02825	0.05119	0.00801	0.02996	0.09007	0.04024	0.22812	0.04968	0.29955	0.01383	0.00769	0.00224	0.00470	0.06604	0.00633	0.00696
3	0.01385	0.01496	0.08222	0.23628	0.13189	0.03123	0.09877	0.05141	0.04080	0.02166	0.10651	0.02673	0.09764	0.00864	0.00709	0.00216	0.00770	0.00784	0.00431	0.00831
4	0.01898	0.01067	0.01274	0.01097	0.01451	0.01041	0.00875	0.09907	0.11148	0.25917	0.07237	0.08614	0.15229	0.01175	0.00721	0.00221	0.00504	0.04875	0.04853	0.00897
5	0.06628	0.01203	0.01535	0.01194	0.01684	0.01114	0.00982	0.10856	0.02025	0.56226	0.07454	0.02344	0.01893	0.00857	0.00670	0.00207	0.00570	0.00690	0.00785	0.01085
6	0.01324	0.00809	0.00751	0.00740	0.00914	0.04669	0.00553	0.01708	0.05275	0.02438	0.02220	0.05527	0.01806	0.00840	0.00505	0.00166	0.00377	0.00676	0.68048	0.00654
7	0.01581	0.05713	0.02734	0.08021	0.44419	0.03332	0.12980	0.01981	0.01539	0.02120	0.05485	0.04235	0.01447	0.00692	0.00685	0.00205	0.00823	0.00691	0.00362	0.00956
8	0.00977	0.00701	0.00852	0.00805	0.00999	0.00625	0.00607	0.01245	0.01782	0.05055	0.48432	0.05372	0.27161	0.01456	0.00788	0.00216	0.00334	0.01258	0.00705	0.00631
9	0.00824	0.00666	0.00732	0.00748	0.00933	0.00574	0.00549	0.01010	0.01554	0.01947	0.17401	0.17098	0.50205	0.01707	0.00803	0.00231	0.00344	0.01459	0.00643	0.00574
10	0.02062	0.01989	0.17103	0.09955	0.02674	0.01653	0.11510	0.24957	0.04305	0.14598	0.01650	0.01760	0.01150	0.00728	0.00683	0.00212	0.00832	0.00625	0.00527	0.01029
11	0.01666	0.01498	0.01705	0.15344	0.10473	0.14819	0.01295	0.02004	0.04200	0.09508	0.09680	0.09642	0.02056	0.01218	0.05130	0.00270	0.07433	0.00790	0.00469	0.00801
12	0.02556	0.01758	0.01918	0.01475	0.01998	0.01914	0.01217	0.60535	0.02964	0.11518	0.01742	0.01713	0.01216	0.00807	0.00665	0.00201	0.00706	0.00612	0.03360	0.01124
13	0.01459	0.08872	0.14383	0.01611	0.02064	0.01521	0.12058	0.11295	0.01533	0.02130	0.01460	0.01930	0.01228	0.02312	0.27957	0.00534	0.05819	0.00633	0.00376	0.00825
14	0.01391	0.01193	0.01391	0.00994	0.01590	0.00894	0.00795	0.01690	0.01391	0.02186	0.01193	0.01391	0.00994	0.00497	0.00497	0.00099	0.00497	0.00398	0.00398	0.80521
15	0.01576	0.01455	0.02387	0.11195	0.52861	0.01494	0.01831	0.05896	0.01576	0.02207	0.01548	0.10001	0.01428	0.00787	0.00687	0.00210	0.00758	0.00745	0.00381	0.00975
16	0.47597	0.26466	0.01900	0.01014	0.01492	0.01887	0.00903	0.04914	0.01339	0.05992	0.01046	0.01166	0.00835	0.00624	0.00444	0.00186	0.00597	0.00387	0.00404	0.00809
17	0.00911	0.00661	0.00806	0.00856	0.01001	0.00606	0.00616	0.01073	0.01400	0.04466	0.06521	0.35272	0.31043	0.02202	0.08994	0.00340	0.00532	0.01512	0.00604	0.00585
18	0.00955	0.00647	0.00760	0.00780	0.00792	0.00649	0.00462	0.00985	0.01021	0.01369	0.02293	0.13260	0.02641	0.62495	0.07626	0.00631	0.00692	0.01076	0.00431	0.00436
19	0.02701	0.01200	0.01537	0.01196	0.01682	0.01105	0.00982	0.12937	0.02078	0.54625	0.06060	0.02583	0.06335	0.00909	0.00687	0.00208	0.00569	0.00738	0.00789	0.01080

[dist]
# distance from previous block
# <min> <max>
0	4

[block]
# block no. 5 follows, 32 sequences, length 17
# corresponding to MSA columns:
# 182-198
name=unknown_F
#
# <colnr> <probs for GDERKNQSTAVLIFYWHMCP>
#	G	D	E	R	K	N	Q	S	T	A	V	L	I	F	Y	W	H	M	C	P
0	0.16375	0.01925	0.01660	0.01401	0.01838	0.17232	0.01111	0.24401	0.19298	0.03028	0.01629	0.01645	0.01227	0.00763	0.00608	0.00199	0.00740	0.00555	0.00548	0.03815
1	0.02073	0.01712	0.01908	0.01550	0.02002	0.05588	0.06314	0.35547	0.24012	0.03308	0.02064	0.07341	0.01642	0.00909	0.00694	0.00215	0.00702	0.00753	0.00629	0.01036
2	0.15485	0.07029	0.08068	0.07355	0.04930	0.08160	0.01165	0.02159	0.09559	0.07552	0.05437	0.04667	0.05560	0.00818	0.00602	0.00195	0.00662	0.00643	0.00471	0.09484
3	0.00805	0.00634	0.00727	0.00800	0.00938	0.00556	0.00563	0.00949	0.01413	0.01765	0.05329	0.39400	0.39967	0.01890	0.00823	0.00248	0.00363	0.01649	0.00623	0.00556
4	0.00895	0.00649	0.00753	0.00800	0.00907	0.00600	0.00551	0.01034	0.01346	0.01766	0.09011	0.24360	0.24519	0.20464	0.01457	0.00345	0.00443	0.04920	0.04647	0.00531
5	0.01687	0.64484	0.05742	0.05054	0.01878	0.02418	0.01210	0.01937	0.01343	0.01604	0.01021	0.01243	0.00924	0.00917	0.05964	0.00220	0.00818	0.00403	0.00293	0.00840
6	0.01055	0.01074	0.06691	0.01113	0.01396	0.00902	0.06005	0.04079	0.03215	0.02120	0.16951	0.15297	0.30641	0.01450	0.00857	0.00232	0.04420	0.01242	0.00583	0.00677
7	0.00856	0.00625	0.00812	0.00934	0.01018	0.00581	0.00666	0.01016	0.01387	0.01826	0.08619	0.54480	0.12642	0.01974	0.00853	0.00267	0.00406	0.09845	0.00630	0.00562
8	0.00836	0.00603	0.00797	0.00945	0.01001	0.00563	0.00652	0.00970	0.01316	0.01740	0.03834	0.67550	0.07587	0.02064	0.00859	0.00273	0.00404	0.06832	0.00622	0.00551
9	0.05349	0.14652	0.10218	0.05072	0.20082	0.03369	0.09517	0.04728	0.03975	0.02092	0.01505	0.04435	0.03217	0.03242	0.00825	0.00221	0.05597	0.00642	0.00368	0.00895
10	0.00915	0.00749	0.01086	0.01202	0.05646	0.00691	0.05176	0.01091	0.01375	0.01794	0.04091	0.50772	0.19231	0.01816	0.00826	0.00254	0.00452	0.01641	0.00586	0.00606
11	0.00935	0.00682	0.00965	0.01005	0.01091	0.00746	0.00741	0.01117	0.01127	0.01573	0.02326	0.19140	0.02473	0.14216	0.45159	0.00812	0.01283	0.03614	0.00434	0.00561
12	0.00966	0.00646	0.00735	0.00745	0.00747	0.00644	0.00420	0.00973	0.00995	0.01327	0.02215	0.08935	0.02566	0.71702	0.03253	0.00627	0.00634	0.01035	0.00420	0.00415
13	0.01873	0.42974	0.10656	0.01466	0.04857	0.13724	0.01339	0.07669	0.01602	0.01919	0.01112	0.01294	0.00942	0.00766	0.02818	0.00193	0.00854	0.00435	0.02628	0.00879
14	0.03401	0.05287	0.24299	0.01865	0.12677	0.01383	0.05209	0.03955	0.06009	0.02233	0.04351	0.04676	0.06647	0.00781	0.00640	0.00192	0.00729	0.00666	0.00408	0.14590
15	0.04690	0.23048	0.11600	0.05756	0.13085	0.10782	0.01494	0.10560	0.06775	0.02221	0.01292	0.01523	0.01051	0.02634	0.00653	0.00198	0.00815	0.00511	0.00385	0.00926
16	0.01753	0.01380	0.01597	0.01372	0.01760	0.01532	0.03978	0.09307	0.47856	0.07993	0.09348	0.02626	0.02303	0.01046	0.02838	0.00247	0.00595	0.00783	0.00674	0.01013

[dist]
# distance from previous block
# <min> <max>
0	3

[block]
# block no. 6 follows, 32 sequences, length 38
# corresponding to MSA columns:
# 202-229,232-241
name=unknown_G
#
# <colnr> <probs for GDERKNQSTAVLIFYWHMCP>
#	G	D	E	R	K	N	Q	S	T	A	V	L	I	F	Y	W	H	M	C	P
0	0.11032	0.04840	0.01649	0.01442	0.07891	0.06161	0.01054	0.18626	0.02012	0.16316	0.12625	0.02464	0.05509	0.02857	0.00719	0.00211	0.00625	0.00706	0.00599	0.02662
1	0.01021	0.00759	0.00906	0.00855	0.01069	0.00688	0.00641	0.01360	0.05555	0.04539	0.35827	0.12592	0.24282	0.01451	0.00772	0.00217	0.00361	0.01257	0.00674	0.05175
2	0.01070	0.00767	0.00898	0.00840	0.01063	0.00704	0.00638	0.01440	0.06768	0.06755	0.37032	0.05225	0.31424	0.01433	0.00777	0.00218	0.00357	0.01226	0.00695	0.00670
3	0.04230	0.02481	0.03527	0.01719	0.05655	0.40600	0.01289	0.11273	0.14384	0.06152	0.01514	0.01576	0.01161	0.00745	0.00630	0.00191	0.00951	0.00534	0.00473	0.00913
4	0.04647	0.04222	0.28942	0.01708	0.05455	0.03304	0.01697	0.22697	0.02027	0.13441	0.01622	0.01839	0.01187	0.00763	0.00653	0.00209	0.00810	0.03242	0.00504	0.01031
5	0.00804	0.00671	0.00702	0.00714	0.00918	0.00568	0.00528	0.00977	0.01527	0.01853	0.10186	0.13139	0.61671	0.01720	0.00799	0.00230	0.00343	0.01452	0.00630	0.00568
6	0.01391	0.10951	0.65862	0.01835	0.02784	0.01670	0.02343	0.02113	0.01411	0.02069	0.01176	0.01382	0.00851	0.00631	0.00616	0.00205	0.00964	0.00482	0.00284	0.00978
7	0.01805	0.06101	0.02318	0.12725	0.29855	0.16085	0.02975	0.06123	0.07042	0.02147	0.03655	0.01727	0.01238	0.00701	0.00687	0.00200	0.02713	0.00588	0.00387	0.00929
8	0.01503	0.01017	0.01183	0.01053	0.01348	0.01028	0.00815	0.07339	0.18574	0.12508	0.24701	0.09002	0.14675	0.01245	0.00744	0.00221	0.00446	0.01062	0.00706	0.00831
9	0.00946	0.00630	0.00756	0.00791	0.00826	0.00607	0.00492	0.00951	0.01096	0.01434	0.02889	0.20035	0.11048	0.40459	0.02424	0.11991	0.00546	0.01177	0.00464	0.00440
10	0.07476	0.07107	0.16763	0.07188	0.14965	0.01587	0.09911	0.07346	0.05934	0.05324	0.01533	0.05276	0.01251	0.00947	0.04295	0.00253	0.00857	0.00650	0.00409	0.00929
11	0.01974	0.01856	0.06620	0.08283	0.06825	0.14074	0.05628	0.17233	0.08175	0.09788	0.02117	0.05954	0.06718	0.00881	0.00685	0.00209	0.00796	0.00728	0.00524	0.00931
12	0.00922	0.00672	0.00859	0.00977	0.01050	0.00653	0.00667	0.03809	0.04272	0.01859	0.03574	0.69935	0.04206	0.02000	0.00842	0.00268	0.00409	0.01807	0.00627	0.00590
13	0.02008	0.01402	0.01568	0.05050	0.01805	0.01527	0.01063	0.38478	0.05750	0.06273	0.05750	0.02454	0.01772	0.03913	0.00766	0.00220	0.00622	0.04165	0.14470	0.00943
14	0.04405	0.01481	0.01762	0.01661	0.09603	0.01620	0.04010	0.24936	0.24155	0.03144	0.04302	0.02123	0.01652	0.00816	0.00648	0.00205	0.00618	0.00676	0.11186	0.00999
15	0.01970	0.58657	0.03118	0.01291	0.01809	0.20190	0.01185	0.02175	0.01496	0.01594	0.00959	0.01109	0.00862	0.00603	0.00474	0.00151	0.00839	0.00377	0.00302	0.00841
16	0.06036	0.10155	0.30887	0.01856	0.04704	0.01662	0.14022	0.05954	0.07831	0.02348	0.06915	0.01833	0.01437	0.00708	0.00650	0.00208	0.00846	0.00617	0.00396	0.00936
17	0.01031	0.00843	0.00973	0.04865	0.01286	0.05267	0.00761	0.04426	0.01417	0.01830	0.03299	0.63816	0.03869	0.01876	0.00822	0.00260	0.00484	0.01683	0.00591	0.00599
18	0.01021	0.00920	0.00874	0.00849	0.01042	0.07708	0.00624	0.01223	0.01633	0.02030	0.25896	0.08836	0.37033	0.06216	0.00942	0.00245	0.00439	0.01255	0.00618	0.00596
19	0.01346	0.01190	0.01992	0.71471	0.04490	0.01468	0.01824	0.01785	0.01368	0.04931	0.01259	0.01811	0.00929	0.00678	0.00671	0.00223	0.00880	0.00600	0.00322	0.00763
20	0.01510	0.05295	0.02115	0.51788	0.07847	0.12125	0.01732	0.01884	0.01415	0.01719	0.01141	0.01641	0.00897	0.00696	0.00745	0.00215	0.05595	0.00560	0.00306	0.00774
21	0.01345	0.01277	0.01906	0.54059	0.08768	0.05023	0.01666	0.01812	0.04980	0.01768	0.01357	0.01993	0.01100	0.05650	0.04377	0.00288	0.00913	0.00626	0.00333	0.00758
22	0.00799	0.00656	0.00704	0.00742	0.00923	0.00561	0.00537	0.00956	0.01470	0.01788	0.06045	0.23333	0.55571	0.01797	0.00808	0.00238	0.00352	0.01535	0.00623	0.00561
23	0.00862	0.00609	0.00795	0.00928	0.00970	0.00579	0.00626	0.00976	0.01259	0.01674	0.03450	0.59905	0.04094	0.13201	0.01245	0.00332	0.00446	0.06930	0.00590	0.00530
24	0.10871	0.08697	0.23567	0.01687	0.05669	0.01510	0.10750	0.05804	0.03366	0.05996	0.06740	0.02205	0.06691	0.02760	0.00715	0.00219	0.00768	0.00667	0.00430	0.00886
25	0.02209	0.10914	0.05759	0.01803	0.02224	0.50271	0.09223	0.02460	0.01735	0.01715	0.01062	0.01289	0.00882	0.00689	0.00698	0.00184	0.05264	0.00477	0.00333	0.00809
26	0.02506	0.03198	0.01901	0.01729	0.02074	0.73725	0.01296	0.02679	0.01901	0.01642	0.01037	0.01210	0.00864	0.00691	0.00605	0.00173	0.01210	0.00432	0.00346	0.00778
27	0.05621	0.00992	0.05595	0.01202	0.04478	0.00895	0.00909	0.03845	0.01404	0.05974	0.08155	0.30372	0.04638	0.06006	0.12869	0.00402	0.02609	0.02818	0.00537	0.00678
28	0.01496	0.01342	0.01662	0.03397	0.12810	0.04167	0.01093	0.05181	0.01523	0.02231	0.05158	0.04344	0.01414	0.00689	0.00677	0.00151	0.05276	0.00557	0.00417	0.46415
29	0.00974	0.00745	0.00950	0.04799	0.01240	0.00755	0.00719	0.01293	0.07756	0.01842	0.08250	0.37706	0.08733	0.10858	0.07873	0.00373	0.00584	0.01387	0.00564	0.02598
30	0.00815	0.00593	0.00769	0.00909	0.00967	0.00547	0.00612	0.00937	0.01309	0.01723	0.04005	0.69096	0.11125	0.02062	0.00850	0.00268	0.00384	0.01859	0.00623	0.00547
31	0.01114	0.03723	0.04828	0.05516	0.07863	0.00942	0.01047	0.04183	0.01520	0.02001	0.06404	0.26300	0.14007	0.01553	0.00798	0.00251	0.00551	0.16157	0.00555	0.00685
32	0.04252	0.05659	0.12701	0.09893	0.08547	0.13413	0.03669	0.14633	0.01876	0.10821	0.03301	0.05378	0.01344	0.00786	0.00652	0.00203	0.00834	0.00634	0.00470	0.00933
33	0.01134	0.00760	0.00934	0.00891	0.01110	0.00694	0.00696	0.01448	0.03844	0.08938	0.35163	0.05429	0.25412	0.01465	0.00794	0.00228	0.00391	0.09301	0.00696	0.00672
34	0.01560	0.01492	0.02542	0.22119	0.55016	0.01568	0.02009	0.01971	0.01480	0.02070	0.01244	0.01693	0.01020	0.00616	0.00666	0.00205	0.00822	0.00597	0.00323	0.00982
35	0.05047	0.11819	0.12372	0.08545	0.17463	0.10251	0.04915	0.11136	0.05812	0.02320	0.01369	0.03556	0.01113	0.00704	0.00627	0.00198	0.00842	0.00578	0.00395	0.00940
36	0.08170	0.05569	0.06067	0.08466	0.12866	0.08350	0.09719	0.09137	0.10105	0.02398	0.01630	0.06382	0.01358	0.00778	0.00643	0.00206	0.00773	0.00673	0.05817	0.00893
37	0.03897	0.03569	0.04485	0.01337	0.03514	0.05812	0.01054	0.21426	0.04370	0.05690	0.02030	0.07070	0.01931	0.17673	0.03262	0.00340	0.02844	0.08357	0.00530	0.00809

[dist]
# distance from previous block
# <min> <max>
0	1

[block]
# block no. 7 follows, 32 sequences, length 20
# corresponding to MSA columns:
# 243-262
name=unknown_H
#
# <colnr> <probs for GDERKNQSTAVLIFYWHMCP>
#	G	D	E	R	K	N	Q	S	T	A	V	L	I	F	Y	W	H	M	C	P
0	0.01807	0.24535	0.27418	0.01858	0.08916	0.14122	0.04164	0.02245	0.01528	0.05876	0.01189	0.01368	0.00928	0.00633	0.00582	0.00185	0.00911	0.00475	0.00333	0.00929
1	0.01727	0.01273	0.01458	0.01181	0.01625	0.01239	0.00941	0.15780	0.15393	0.08794	0.09583	0.06513	0.02143	0.00893	0.00648	0.00182	0.00536	0.02656	0.00601	0.26835
2	0.01067	0.00882	0.01004	0.01020	0.03451	0.00875	0.00732	0.01682	0.18215	0.02235	0.18883	0.13360	0.31128	0.01454	0.00770	0.00228	0.00402	0.01248	0.00652	0.00713
3	0.01655	0.01335	0.01396	0.01204	0.01554	0.05356	0.00943	0.22886	0.10852	0.02797	0.07676	0.15216	0.07804	0.01147	0.00702	0.00209	0.00571	0.03455	0.03167	0.10072
4	0.01166	0.00914	0.01029	0.03138	0.01221	0.03947	0.00748	0.03913	0.08211	0.01770	0.02562	0.12728	0.04271	0.32944	0.08513	0.00494	0.00734	0.10610	0.00495	0.00592
5	0.02199	0.01289	0.01501	0.01213	0.01628	0.01324	0.00980	0.24458	0.09994	0.24255	0.13710	0.02562	0.02313	0.00916	0.00674	0.00203	0.00554	0.00745	0.08484	0.00998
6	0.01267	0.01193	0.02013	0.74806	0.04621	0.01491	0.01863	0.01714	0.01342	0.01714	0.01193	0.01789	0.00894	0.00671	0.00671	0.00224	0.00894	0.00596	0.00298	0.00745
7	0.00852	0.00607	0.00811	0.00947	0.00995	0.00583	0.00648	0.00979	0.01266	0.01692	0.03466	0.62778	0.04100	0.07204	0.05590	0.00350	0.00508	0.05488	0.00592	0.00543
8	0.00835	0.00619	0.00793	0.00893	0.00980	0.00577	0.00620	0.00987	0.01366	0.01805	0.10101	0.52824	0.15873	0.02173	0.05912	0.00315	0.00472	0.01680	0.00615	0.00560
9	0.01586	0.28616	0.36086	0.01542	0.02253	0.04779	0.01761	0.02072	0.01449	0.04357	0.05560	0.01547	0.01226	0.00692	0.00640	0.00190	0.03900	0.00500	0.00335	0.00910
10	0.00840	0.00602	0.00763	0.00882	0.00931	0.00563	0.00580	0.00943	0.01258	0.01659	0.03716	0.59270	0.09783	0.13378	0.01241	0.00326	0.00425	0.01725	0.00590	0.00526
11	0.00839	0.00602	0.00791	0.00935	0.00987	0.00564	0.00638	0.00966	0.01300	0.01720	0.03763	0.66006	0.07233	0.04876	0.00955	0.00287	0.00411	0.05967	0.00614	0.00545
12	0.08103	0.01713	0.02020	0.02080	0.17763	0.09541	0.05580	0.16084	0.16080	0.08544	0.04536	0.01924	0.01490	0.00763	0.00658	0.00206	0.00738	0.00639	0.00537	0.01001
13	0.01073	0.00853	0.00913	0.00861	0.01112	0.00799	0.00666	0.10999	0.01770	0.02214	0.09212	0.10318	0.49967	0.01587	0.00787	0.00230	0.00415	0.04933	0.00636	0.00655
14	0.01037	0.01555	0.24377	0.01225	0.01598	0.00906	0.01226	0.01383	0.01339	0.01865	0.02897	0.32631	0.07888	0.08430	0.01008	0.00283	0.00619	0.05618	0.03429	0.00688
15	0.01298	0.00835	0.00967	0.00898	0.01063	0.00837	0.00637	0.08446	0.03643	0.07021	0.11617	0.11236	0.07936	0.27591	0.04023	0.00393	0.00558	0.01022	0.09339	0.00639
16	0.03462	0.04383	0.09525	0.16581	0.04215	0.06389	0.06874	0.05689	0.04175	0.09063	0.05471	0.04070	0.01459	0.00737	0.00640	0.00191	0.00756	0.00629	0.00445	0.15246
17	0.01380	0.01332	0.04302	0.01265	0.01415	0.09057	0.00996	0.06879	0.01313	0.01746	0.01634	0.05214	0.01656	0.23653	0.18467	0.00551	0.17345	0.00757	0.00388	0.00650
18	0.00990	0.00702	0.00817	0.00819	0.01011	0.00620	0.00615	0.01186	0.01558	0.06344	0.16307	0.15486	0.39394	0.04828	0.00916	0.00253	0.00392	0.06511	0.00645	0.00607
19	0.01881	0.24679	0.09383	0.03414	0.07570	0.12118	0.03762	0.10809	0.12889	0.02240	0.01392	0.01528	0.01109	0.00708	0.00653	0.00190	0.03800	0.00526	0.00412	0.00939

[dist]
# distance from previous block
# <min> <max>
0	1

[block]
# block no. 8 follows, 32 sequences, length 21
# corresponding to MSA columns:
# 264-267,270-286
name=unknown_I
#
# <colnr> <probs for GDERKNQSTAVLIFYWHMCP>
#	G	D	E	R	K	N	Q	S	T	A	V	L	I	F	Y	W	H	M	C	P
0	0.11395	0.01318	0.04250	0.09281	0.04816	0.04149	0.06282	0.06250	0.01444	0.02193	0.06103	0.02329	0.01622	0.13989	0.03661	0.00306	0.05438	0.00664	0.05779	0.08730
1	0.10204	0.01819	0.10621	0.04051	0.04640	0.06352	0.01301	0.20147	0.10606	0.07520	0.01660	0.04010	0.01282	0.00794	0.00688	0.00203	0.03797	0.00604	0.03282	0.06420
2	0.01389	0.08241	0.65377	0.01839	0.02778	0.01635	0.02332	0.02177	0.04309	0.02117	0.01250	0.01439	0.00901	0.00645	0.00626	0.00209	0.00954	0.00498	0.00300	0.00986
3	0.00953	0.00645	0.00757	0.00778	0.00790	0.00646	0.00459	0.00982	0.01024	0.01371	0.02315	0.14132	0.02673	0.62414	0.06804	0.00621	0.00676	0.01090	0.00434	0.00436
4	0.01816	0.14158	0.02236	0.13585	0.11126	0.22575	0.04526	0.07122	0.01709	0.01994	0.05210	0.06272	0.03288	0.00808	0.00638	0.00194	0.00868	0.00654	0.00396	0.00828
5	0.04367	0.08813	0.27956	0.02076	0.16638	0.06437	0.01762	0.02260	0.09370	0.03818	0.01439	0.03382	0.01146	0.00687	0.00615	0.00195	0.00810	0.00557	0.00378	0.07294
6	0.01917	0.15985	0.12043	0.02200	0.20627	0.08114	0.04407	0.12999	0.01807	0.07700	0.01610	0.01760	0.04511	0.00711	0.00625	0.00192	0.00810	0.00580	0.00425	0.00978
7	0.00856	0.00632	0.00806	0.00930	0.01002	0.00598	0.00633	0.01060	0.04325	0.01798	0.06036	0.65134	0.09698	0.01996	0.00842	0.00265	0.00389	0.01798	0.00629	0.00572
8	0.00976	0.00651	0.00732	0.00732	0.00732	0.00651	0.00407	0.00976	0.00976	0.01301	0.02114	0.04391	0.02439	0.76419	0.03415	0.00651	0.00651	0.00976	0.00407	0.00407
9	0.03154	0.00789	0.00891	0.00852	0.01066	0.00744	0.00640	0.06583	0.01685	0.05626	0.18678	0.17730	0.28214	0.01474	0.00747	0.00221	0.00388	0.01259	0.08601	0.00658
10	0.00980	0.00711	0.00813	0.00792	0.00910	0.00671	0.00527	0.01137	0.04151	0.01700	0.11119	0.08928	0.19522	0.33966	0.02034	0.05716	0.00506	0.01103	0.00513	0.04201
11	0.01937	0.13263	0.05819	0.09024	0.02200	0.09521	0.01299	0.20142	0.22948	0.02709	0.01734	0.01786	0.01316	0.00766	0.00624	0.00199	0.00742	0.00589	0.02405	0.00975
12	0.06406	0.05090	0.14800	0.06202	0.24460	0.07520	0.01659	0.07448	0.04846	0.05652	0.01467	0.01673	0.02523	0.00674	0.00623	0.00194	0.00792	0.00556	0.00403	0.07013
13	0.01700	0.08680	0.27969	0.05494	0.10255	0.09982	0.07163	0.06623	0.03452	0.04604	0.01419	0.01850	0.01136	0.00733	0.00687	0.00209	0.02506	0.04227	0.00375	0.00936
14	0.01454	0.15903	0.46976	0.01652	0.02431	0.04016	0.01958	0.02152	0.06384	0.02089	0.05219	0.01840	0.01343	0.00730	0.00622	0.00204	0.00868	0.02876	0.00351	0.00934
15	0.00925	0.00763	0.00824	0.00814	0.01029	0.00707	0.00607	0.01320	0.09970	0.02052	0.15596	0.13109	0.46667	0.01598	0.00786	0.00229	0.00365	0.01358	0.00647	0.00634
16	0.01220	0.01169	0.06641	0.07828	0.08813	0.04906	0.01071	0.01477	0.01397	0.04764	0.07972	0.18468	0.08013	0.11891	0.08694	0.00376	0.00753	0.03377	0.00485	0.00685
17	0.01670	0.13036	0.15052	0.07031	0.32693	0.04247	0.04364	0.07416	0.01609	0.02186	0.01305	0.04035	0.01097	0.00675	0.00635	0.00198	0.00834	0.00591	0.00352	0.00975
18	0.02123	0.01390	0.01581	0.01295	0.01708	0.01458	0.01050	0.37956	0.02416	0.15051	0.02675	0.10353	0.09366	0.01245	0.03254	0.00249	0.00661	0.04525	0.00674	0.00970
19	0.00986	0.00669	0.00858	0.00910	0.01032	0.00619	0.00659	0.01175	0.01497	0.05326	0.20237	0.35495	0.12887	0.06711	0.01001	0.00278	0.00414	0.08004	0.00646	0.00595
20	0.01667	0.19655	0.25959	0.04048	0.14224	0.11801	0.05023	0.02158	0.03183	0.01932	0.01193	0.01448	0.00957	0.00776	0.03068	0.00220	0.00946	0.00503	0.00316	0.00922

[dist]
# distance from previous block
# <min> <max>
0	1

[block]
# block no. 9 follows, 32 sequences, length 19
# corresponding to MSA columns:
# 288-306
name=unknown_J
#
# <colnr> <probs for GDERKNQSTAVLIFYWHMCP>
#	G	D	E	R	K	N	Q	S	T	A	V	L	I	F	Y	W	H	M	C	P
0	0.01814	0.69602	0.06413	0.01213	0.01792	0.06533	0.01214	0.02051	0.01395	0.01606	0.00950	0.01098	0.00861	0.00583	0.00449	0.00148	0.00757	0.00369	0.00290	0.00862
1	0.00937	0.00779	0.00811	0.00757	0.01020	0.00675	0.00577	0.04875	0.01634	0.02023	0.10052	0.05788	0.59708	0.01556	0.00768	0.00216	0.00370	0.01296	0.00619	0.05539
2	0.00903	0.00635	0.00765	0.00812	0.00865	0.00605	0.00519	0.00998	0.01248	0.01666	0.12099	0.29284	0.09461	0.34844	0.01974	0.00428	0.00491	0.01364	0.00542	0.00497
3	0.01257	0.00843	0.01280	0.01182	0.01400	0.00788	0.07990	0.01521	0.01572	0.10557	0.17513	0.24942	0.05782	0.03809	0.00893	0.00261	0.00523	0.14284	0.02916	0.00686
4	0.00976	0.00651	0.00732	0.00732	0.00732	0.00651	0.00407	0.00976	0.00976	0.01301	0.02114	0.04391	0.02439	0.76419	0.03415	0.00651	0.00651	0.00976	0.00407	0.00407
5	0.00802	0.00670	0.00699	0.00712	0.00917	0.00567	0.00526	0.00972	0.01520	0.01838	0.09137	0.13430	0.62456	0.01727	0.00799	0.00231	0.00344	0.01458	0.00628	0.00567
6	0.02023	0.02249	0.10818	0.01769	0.02154	0.21154	0.06084	0.13532	0.01762	0.06882	0.01234	0.01494	0.00977	0.00853	0.01129	0.00226	0.23813	0.00557	0.00408	0.00884
7	0.00874	0.00710	0.00768	0.00781	0.00967	0.00641	0.00567	0.01144	0.05778	0.01900	0.11071	0.17519	0.47217	0.05857	0.00943	0.00257	0.00375	0.01416	0.00624	0.00590
8	0.01341	0.00970	0.01096	0.01034	0.01281	0.01022	0.00782	0.02205	0.27706	0.06369	0.17055	0.15400	0.08200	0.01235	0.00713	0.00221	0.00424	0.01064	0.11079	0.00802
9	0.01834	0.02077	0.06196	0.02250	0.15539	0.24030	0.14629	0.02276	0.05363	0.04509	0.08205	0.02312	0.01740	0.00805	0.00700	0.00207	0.00922	0.05107	0.00428	0.00871
10	0.00959	0.00715	0.01060	0.01060	0.01174	0.00829	0.00816	0.01186	0.01073	0.01544	0.01814	0.02729	0.01718	0.08795	0.70052	0.01056	0.01737	0.00732	0.00362	0.00589
11	0.00996	0.00731	0.01037	0.01022	0.01131	0.00834	0.00780	0.01221	0.01159	0.01693	0.07998	0.02963	0.02134	0.11157	0.53406	0.00875	0.04175	0.00777	0.05321	0.00590
12	0.01680	0.01403	0.01612	0.05433	0.01903	0.03635	0.05358	0.09551	0.40149	0.04651	0.02699	0.02627	0.07776	0.00913	0.00677	0.00216	0.00596	0.00770	0.07393	0.00956
13	0.05328	0.07078	0.07614	0.08826	0.22160	0.03663	0.04314	0.17547	0.04028	0.07829	0.01471	0.01744	0.01139	0.03482	0.00744	0.00218	0.00784	0.00592	0.00454	0.00985
14	0.01114	0.00672	0.00876	0.00934	0.01046	0.00620	0.00654	0.01237	0.01361	0.10039	0.05318	0.48538	0.09042	0.08241	0.01121	0.03530	0.00443	0.03995	0.00618	0.00600
15	0.00867	0.00613	0.00797	0.00903	0.00955	0.00580	0.00607	0.00998	0.01325	0.01784	0.12083	0.53804	0.04355	0.13248	0.01238	0.00323	0.00428	0.03950	0.00605	0.00538
16	0.05408	0.07953	0.18628	0.03666	0.10301	0.05772	0.03995	0.05845	0.05929	0.07034	0.04571	0.06708	0.01658	0.02422	0.02317	0.00237	0.00781	0.03152	0.02733	0.00890
17	0.01378	0.08363	0.19356	0.01347	0.01794	0.03307	0.05065	0.06590	0.01517	0.04023	0.05361	0.09821	0.08743	0.08720	0.05891	0.00314	0.02922	0.00842	0.03871	0.00776
18	0.01223	0.00816	0.00941	0.00867	0.01109	0.00754	0.00661	0.07166	0.01770	0.09124	0.22078	0.11814	0.32224	0.01448	0.00761	0.00220	0.00394	0.01231	0.04711	0.00689

[dist]
# distance from previous block
# <min> <max>
1	17

[block]
# block no. 10 follows, 32 sequences, length 12
# corresponding to MSA columns:
# 324-335
name=unknown_K
#
# <colnr> <probs for GDERKNQSTAVLIFYWHMCP>
#	G	D	E	R	K	N	Q	S	T	A	V	L	I	F	Y	W	H	M	C	P
0	0.17003	0.07288	0.05671	0.05488	0.10082	0.22190	0.01324	0.09105	0.05346	0.02309	0.01236	0.01462	0.00996	0.00921	0.04475	0.00242	0.03107	0.00499	0.00398	0.00858
