[name]
unknown

[dist]
# distance from previous block
# <min> <max>
0	3

[block]
# block no. 0 follows, 30 sequences, length 109
# corresponding to MSA columns:
# 3-111
name=unknown_A
#
# <colnr> <probs for GDERKNQSTAVLIFYWHMCP>
#	G	D	E	R	K	N	Q	S	T	A	V	L	I	F	Y	W	H	M	C	P
0	0.01286	0.00862	0.01184	0.01293	0.01488	0.00860	0.01126	0.03773	0.01683	0.06010	0.03576	0.07363	0.03796	0.01833	0.00941	0.00312	0.00644	0.60622	0.00657	0.00691
1	0.08476	0.01606	0.01790	0.01388	0.01918	0.01675	0.01140	0.38197	0.04364	0.20733	0.04429	0.01945	0.01500	0.00830	0.00670	0.00205	0.00666	0.00639	0.00700	0.07129
2	0.09575	0.01626	0.02056	0.01875	0.11325	0.01710	0.06007	0.33502	0.02443	0.12400	0.08782	0.02101	0.01752	0.00837	0.00695	0.00213	0.00716	0.00693	0.00630	0.01064
3	0.00878	0.00731	0.00778	0.00758	0.00997	0.00614	0.00567	0.01075	0.01608	0.01997	0.13288	0.10242	0.56334	0.01687	0.00811	0.00229	0.00363	0.01422	0.00648	0.04973
4	0.01695	0.01457	0.04296	0.01275	0.01611	0.07585	0.01026	0.06352	0.23641	0.08975	0.21072	0.03299	0.05673	0.05195	0.00948	0.00250	0.03203	0.00891	0.00659	0.00897
5	0.00994	0.00668	0.00767	0.00787	0.00792	0.00663	0.00451	0.01009	0.01055	0.01406	0.02404	0.13352	0.02796	0.66336	0.03220	0.00628	0.00643	0.01136	0.00451	0.00441
6	0.01474	0.01440	0.02546	0.44870	0.19121	0.01614	0.12139	0.02005	0.04112	0.02005	0.01344	0.01863	0.01035	0.00674	0.00716	0.00228	0.00931	0.00658	0.00340	0.00886
7	0.01470	0.01181	0.01315	0.01194	0.01505	0.01289	0.00921	0.02743	0.41274	0.04638	0.27027	0.03689	0.06513	0.01148	0.00754	0.00230	0.00466	0.00982	0.00732	0.00928
8	0.01447	0.01240	0.01447	0.01034	0.01654	0.00930	0.00827	0.01757	0.01447	0.02274	0.01240	0.01447	0.01034	0.00517	0.00517	0.00103	0.00517	0.00413	0.00413	0.79742
9	0.00850	0.00607	0.00810	0.00972	0.01012	0.00567	0.00648	0.00972	0.01336	0.01781	0.03846	0.75020	0.04615	0.02186	0.00891	0.00283	0.00405	0.01984	0.00648	0.00567
10	0.01994	0.01624	0.01860	0.01546	0.01994	0.01812	0.05155	0.26192	0.38163	0.03323	0.02413	0.06870	0.01896	0.00967	0.00724	0.00230	0.00655	0.00811	0.00681	0.01089
11	0.04556	0.01609	0.02067	0.01655	0.05367	0.01597	0.08639	0.26284	0.04789	0.07510	0.01561	0.01688	0.01170	0.00710	0.00694	0.00183	0.02872	0.00584	0.00544	0.25925
12	0.01517	0.12664	0.47444	0.02103	0.03003	0.01803	0.17501	0.02200	0.01506	0.02141	0.01252	0.01521	0.00925	0.00637	0.00672	0.00215	0.01027	0.00567	0.00308	0.00993
13	0.01400	0.03610	0.71860	0.01989	0.03020	0.01621	0.02578	0.02210	0.01473	0.02210	0.01252	0.01473	0.00884	0.00663	0.00663	0.00221	0.01031	0.00516	0.00295	0.01031
14	0.01983	0.02030	0.03057	0.02560	0.11244	0.11502	0.32542	0.14777	0.08333	0.02633	0.01536	0.01807	0.01166	0.00690	0.00747	0.00220	0.01011	0.00708	0.00450	0.01004
15	0.02255	0.09412	0.04902	0.06088	0.04850	0.10429	0.15976	0.11844	0.05996	0.18700	0.01743	0.01838	0.01249	0.00736	0.00692	0.00210	0.00882	0.00645	0.00532	0.01021
16	0.01491	0.00960	0.01243	0.01167	0.03881	0.00946	0.03130	0.08990	0.01598	0.10882	0.11123	0.12440	0.02949	0.33825	0.01995	0.00426	0.00622	0.01060	0.00575	0.00697
17	0.01000	0.00708	0.00913	0.00913	0.00974	0.00757	0.00618	0.01113	0.01081	0.01486	0.02231	0.03866	0.04624	0.42966	0.32888	0.00850	0.01173	0.00917	0.00410	0.00514
18	0.19648	0.02162	0.04723	0.03855	0.06917	0.22820	0.03660	0.17681	0.02026	0.02807	0.06227	0.01692	0.01362	0.00767	0.00630	0.00205	0.00866	0.00566	0.00478	0.00907
19	0.02003	0.07788	0.09244	0.02380	0.07806	0.08787	0.30839	0.13315	0.01934	0.06934	0.01453	0.01713	0.01083	0.00669	0.00724	0.00214	0.01009	0.00671	0.00433	0.01001
20	0.01618	0.02060	0.15579	0.03151	0.29768	0.01746	0.21848	0.02121	0.01517	0.02176	0.01279	0.01701	0.01027	0.00698	0.00934	0.00231	0.10554	0.00661	0.00333	0.00999
21	0.01015	0.00677	0.00761	0.00761	0.00761	0.00677	0.00423	0.01015	0.01015	0.01353	0.02199	0.04567	0.02537	0.75476	0.03552	0.00677	0.00677	0.01015	0.00423	0.00423
22	0.01602	0.01579	0.04990	0.23556	0.30268	0.01707	0.01881	0.06068	0.03736	0.02203	0.03155	0.01843	0.01201	0.00784	0.00946	0.00232	0.12294	0.00638	0.00371	0.00947
23	0.01693	0.01947	0.11993	0.16379	0.17325	0.01733	0.25600	0.10318	0.01766	0.02421	0.01371	0.01768	0.01037	0.00656	0.00736	0.00224	0.00990	0.00680	0.00378	0.00985
24	0.00856	0.00613	0.00823	0.00978	0.01022	0.00579	0.00657	0.00983	0.01327	0.01775	0.03765	0.72056	0.04498	0.02311	0.03836	0.00318	0.00465	0.01933	0.00637	0.00569
25	0.01866	0.75896	0.03657	0.01194	0.01791	0.02761	0.01194	0.02090	0.01418	0.01642	0.00970	0.01119	0.00896	0.00597	0.00448	0.00149	0.00746	0.00373	0.00299	0.00896
26	0.01822	0.06152	0.04137	0.10104	0.12783	0.01654	0.03337	0.15903	0.14342	0.04577	0.05505	0.02020	0.01577	0.00768	0.00667	0.00199	0.00709	0.00648	0.00522	0.12575
27	0.01506	0.17260	0.55060	0.01965	0.06553	0.01840	0.02291	0.02183	0.01469	0.02106	0.01202	0.01420	0.00898	0.00648	0.00624	0.00207	0.00966	0.00494	0.00298	0.01010
28	0.01902	0.36744	0.18955	0.01652	0.02324	0.11551	0.07806	0.07805	0.01681	0.02066	0.01149	0.01336	0.00933	0.00647	0.00577	0.00183	0.00921	0.00479	0.00344	0.00944
29	0.00858	0.00611	0.00807	0.00962	0.01000	0.00572	0.00637	0.00974	0.01321	0.01761	0.03768	0.71676	0.04517	0.05665	0.01017	0.00302	0.00418	0.01938	0.00637	0.00560
30	0.77083	0.01434	0.01066	0.00955	0.01384	0.04602	0.00781	0.02083	0.01221	0.03070	0.00976	0.01139	0.00762	0.00651	0.00440	0.00214	0.00570	0.00381	0.00429	0.00758
31	0.00883	0.00709	0.00787	0.00768	0.00978	0.00614	0.00576	0.01114	0.01728	0.02210	0.29744	0.06181	0.47962	0.01646	0.00824	0.00230	0.00345	0.01398	0.00691	0.00614
32	0.00971	0.00701	0.00918	0.00889	0.01039	0.00648	0.00657	0.01276	0.01899	0.02677	0.62780	0.13532	0.06350	0.01517	0.00831	0.00227	0.00338	0.01348	0.00754	0.00648
33	0.01771	0.01517	0.01598	0.01427	0.01828	0.01752	0.01113	0.06213	0.67299	0.02976	0.02795	0.02568	0.02094	0.00943	0.00710	0.00236	0.00561	0.00783	0.00710	0.01108
34	0.80405	0.01350	0.01026	0.00918	0.01350	0.01565	0.00756	0.02051	0.01188	0.03131	0.00972	0.01134	0.00756	0.00648	0.00432	0.00216	0.00540	0.00378	0.00432	0.00756
35	0.01422	0.07041	0.68623	0.01951	0.02962	0.01675	0.02513	0.02204	0.01471	0.02183	0.01239	0.01456	0.00885	0.00660	0.00653	0.00218	0.01018	0.00509	0.00295	0.01025
36	0.02686	0.01506	0.01675	0.01339	0.01825	0.07276	0.01084	0.16531	0.07603	0.40541	0.06301	0.02455	0.04093	0.00913	0.00706	0.00214	0.00659	0.00729	0.00763	0.01100
37	0.01064	0.00730	0.00946	0.00964	0.01099	0.00689	0.00693	0.03991	0.01729	0.04710	0.34161	0.37800	0.05273	0.01741	0.00846	0.00249	0.00392	0.01557	0.00712	0.00655
38	0.01541	0.01468	0.02496	0.35915	0.40947	0.01609	0.02049	0.01978	0.01501	0.02054	0.01280	0.01788	0.01026	0.00656	0.00694	0.00219	0.00875	0.00621	0.00329	0.00955
39	0.01600	0.01484	0.06036	0.01169	0.01807	0.01134	0.01004	0.10466	0.01686	0.02545	0.01297	0.01478	0.01044	0.00568	0.00550	0.00125	0.00582	0.00448	0.00443	0.64535
40	0.00877	0.00625	0.00829	0.00958	0.01007	0.00595	0.00643	0.01009	0.01343	0.01807	0.07800	0.62288	0.04455	0.07441	0.04483	0.00347	0.00489	0.01812	0.00626	0.00565
41	0.01015	0.00677	0.00761	0.00761	0.00761	0.00677	0.00423	0.01015	0.01015	0.01353	0.02199	0.04567	0.02537	0.75476	0.03552	0.00677	0.00677	0.01015	0.00423	0.00423
42	0.08582	0.01490	0.01722	0.01340	0.01871	0.03915	0.01102	0.21665	0.02299	0.45279	0.02262	0.02049	0.01476	0.00836	0.00679	0.00213	0.00662	0.00649	0.00768	0.01143
43	0.06922	0.01797	0.02540	0.02135	0.09457	0.07917	0.20007	0.17279	0.02093	0.20218	0.01743	0.01846	0.01229	0.00731	0.00712	0.00216	0.00874	0.00670	0.00562	0.01052
44	0.02602	0.01929	0.02066	0.01595	0.02145	0.02140	0.01314	0.65195	0.06964	0.04316	0.01740	0.01727	0.01239	0.00844	0.00699	0.00211	0.00756	0.00637	0.00699	0.01182
45	0.73443	0.01469	0.01139	0.01080	0.03752	0.05502	0.00835	0.02095	0.01245	0.03023	0.00989	0.01161	0.00775	0.00651	0.00452	0.00214	0.00589	0.00390	0.00425	0.00770
46	0.00850	0.00607	0.00810	0.00972	0.01012	0.00567	0.00648	0.00972	0.01336	0.01781	0.03846	0.75020	0.04615	0.02186	0.00891	0.00283	0.00405	0.01984	0.00648	0.00567
47	0.05262	0.01764	0.01919	0.01473	0.02030	0.03737	0.03169	0.41915	0.07032	0.03599	0.01595	0.01655	0.01183	0.00749	0.00646	0.00186	0.00710	0.00578	0.00600	0.20199
48	0.17272	0.01493	0.01735	0.01339	0.01879	0.01507	0.03597	0.23717	0.02184	0.27687	0.01871	0.01806	0.01277	0.00769	0.00636	0.00203	0.00653	0.00593	0.00665	0.09117
49	0.01702	0.01837	0.03701	0.02690	0.03315	0.01816	0.55576	0.06221	0.05472	0.02358	0.01467	0.01882	0.01114	0.00673	0.00926	0.00239	0.06878	0.00793	0.00389	0.00951
50	0.01228	0.01045	0.01577	0.01463	0.05620	0.01013	0.11449	0.01644	0.07393	0.04982	0.11412	0.18616	0.24035	0.01436	0.00871	0.00244	0.03343	0.01279	0.00598	0.00752
51	0.00850	0.00607	0.00810	0.00972	0.01012	0.00567	0.00648	0.00972	0.01336	0.01781	0.03846	0.75020	0.04615	0.02186	0.00891	0.00283	0.00405	0.01984	0.00648	0.00567
52	0.05516	0.01881	0.02005	0.01556	0.02090	0.02081	0.01279	0.63710	0.03128	0.04251	0.01731	0.04434	0.01300	0.00882	0.00695	0.00212	0.00746	0.00670	0.00686	0.01147
53	0.01600	0.01885	0.06784	0.10798	0.03749	0.01735	0.58341	0.02184	0.01612	0.02184	0.01386	0.01862	0.01037	0.00604	0.00803	0.00234	0.01143	0.00788	0.00346	0.00927
54	0.00900	0.00710	0.00811	0.00786	0.00989	0.00621	0.00589	0.01146	0.01767	0.02305	0.36347	0.06025	0.41300	0.01611	0.00824	0.00228	0.00342	0.01376	0.00703	0.00621
55	0.01212	0.00606	0.00909	0.00909	0.00909	0.00606	0.00606	0.00909	0.00909	0.01212	0.01212	0.02121	0.01212	0.02424	0.02727	0.79697	0.00606	0.00606	0.00303	0.00303
56	0.02799	0.04033	0.01789	0.01342	0.01869	0.01426	0.01107	0.17528	0.11174	0.45582	0.02469	0.02210	0.01634	0.00860	0.00693	0.00215	0.00631	0.00686	0.00788	0.01166
57	0.00932	0.00699	0.00877	0.00994	0.01102	0.00668	0.00715	0.01194	0.05382	0.01902	0.04286	0.51487	0.15013	0.02015	0.00879	0.00278	0.00435	0.09880	0.00651	0.00611
58	0.01312	0.00790	0.00982	0.00892	0.01106	0.00746	0.00683	0.04056	0.01922	0.09231	0.47986	0.04288	0.04960	0.01228	0.00739	0.00207	0.00369	0.01062	0.16712	0.00726
59	0.01866	0.75896	0.03657	0.01194	0.01791	0.02761	0.01194	0.02090	0.01418	0.01642	0.00970	0.01119	0.00896	0.00597	0.00448	0.00149	0.00746	0.00373	0.00299	0.00896
60	0.04388	0.01358	0.05281	0.01135	0.01470	0.06165	0.00925	0.02210	0.25169	0.02384	0.12084	0.04120	0.24786	0.04409	0.00863	0.00247	0.00543	0.01022	0.00625	0.00816
61	0.09560	0.23832	0.17383	0.01575	0.02161	0.27802	0.01511	0.05101	0.01688	0.02043	0.01099	0.01270	0.00893	0.00670	0.00569	0.00185	0.00975	0.00442	0.00349	0.00892
62	0.02473	0.03035	0.02171	0.02098	0.09254	0.59360	0.04620	0.05235	0.01972	0.01895	0.01141	0.01352	0.00939	0.00708	0.00647	0.00186	0.01192	0.00492	0.00371	0.00860
63	0.01911	0.01827	0.03025	0.03385	0.38640	0.07876	0.21637	0.02343	0.01678	0.08660	0.01455	0.01792	0.01131	0.00643	0.00726	0.00214	0.00948	0.00674	0.00397	0.01038
64	0.80405	0.01350	0.01026	0.00918	0.01350	0.01565	0.00756	0.02051	0.01188	0.03131	0.00972	0.01134	0.00756	0.00648	0.00432	0.00216	0.00540	0.00378	0.00432	0.00756
65	0.01015	0.00677	0.00761	0.00761	0.00761	0.00677	0.00423	0.01015	0.01015	0.01353	0.02199	0.04567	0.02537	0.75476	0.03552	0.00677	0.00677	0.01015	0.00423	0.00423
66	0.00850	0.00607	0.00810	0.00972	0.01012	0.00567	0.00648	0.00972	0.01336	0.01781	0.03846	0.75020	0.04615	0.02186	0.00891	0.00283	0.00405	0.01984	0.00648	0.00567
67	0.02551	0.03171	0.01995	0.01859	0.04343	0.65930	0.01365	0.04759	0.04287	0.01847	0.01163	0.01331	0.00955	0.00727	0.00636	0.00183	0.01206	0.00472	0.00381	0.00840
68	0.01171	0.01126	0.06299	0.01423	0.05785	0.00981	0.07735	0.03938	0.01447	0.01975	0.09248	0.24039	0.06306	0.21090	0.01591	0.00363	0.03061	0.01231	0.00517	0.00673
69	0.02008	0.18822	0.06525	0.01646	0.02144	0.18624	0.09391	0.09669	0.08466	0.04904	0.04179	0.04730	0.01576	0.00844	0.00662	0.00203	0.00881	0.03337	0.00469	0.00920
70	0.01496	0.02938	0.45512	0.02359	0.03264	0.01677	0.28253	0.02220	0.01541	0.02220	0.01314	0.01632	0.00952	0.00634	0.00725	0.00227	0.01088	0.00635	0.00317	0.00996
71	0.01014	0.00681	0.00782	0.00782	0.00789	0.00688	0.00449	0.01028	0.01021	0.01369	0.02180	0.04460	0.02491	0.71387	0.07578	0.00702	0.00746	0.00999	0.00420	0.00434
72	0.04894	0.04878	0.02051	0.01570	0.02079	0.13666	0.01281	0.48506	0.02811	0.06595	0.01582	0.01634	0.01157	0.00945	0.02964	0.00232	0.00869	0.00589	0.00616	0.01083
73	0.03131	0.01188	0.01619	0.01242	0.01781	0.01026	0.01026	0.03401	0.01997	0.71606	0.02753	0.02375	0.01727	0.00864	0.00702	0.00216	0.00594	0.00702	0.00864	0.01188
74	0.03131	0.01188	0.01619	0.01242	0.01781	0.01026	0.01026	0.03401	0.01997	0.71606	0.02753	0.02375	0.01727	0.00864	0.00702	0.00216	0.00594	0.00702	0.00864	0.01188
75	0.00944	0.00674	0.00917	0.01078	0.01160	0.00647	0.00810	0.01133	0.01428	0.01886	0.03795	0.52154	0.04411	0.02098	0.00916	0.00296	0.00486	0.23928	0.00646	0.00593
76	0.01318	0.01240	0.02093	0.73798	0.04806	0.01550	0.01938	0.01783	0.01395	0.01783	0.01240	0.01860	0.00930	0.00698	0.00698	0.00233	0.00930	0.00620	0.00310	0.00775
77	0.01553	0.00925	0.01145	0.01094	0.01356	0.00899	0.00886	0.07066	0.04097	0.14165	0.09600	0.11955	0.11202	0.01454	0.00795	0.00249	0.00517	0.19944	0.10316	0.00782
78	0.00840	0.00710	0.00729	0.00732	0.00963	0.00599	0.00555	0.01027	0.01604	0.01923	0.09097	0.06704	0.66421	0.01761	0.00829	0.00238	0.00362	0.03660	0.00652	0.00593
79	0.43600	0.01352	0.01358	0.01110	0.01595	0.01427	0.00915	0.09507	0.01706	0.28697	0.01707	0.01651	0.01162	0.00748	0.00560	0.00215	0.00584	0.00524	0.00620	0.00961
80	0.01629	0.01733	0.02318	0.01927	0.02094	0.10462	0.11680	0.01859	0.01311	0.01793	0.01388	0.02030	0.04048	0.01116	0.01749	0.00277	0.48095	0.03359	0.00348	0.00784
81	0.00947	0.00638	0.00853	0.00988	0.01054	0.00594	0.00676	0.01087	0.01390	0.04393	0.06046	0.68029	0.04558	0.02104	0.00884	0.00280	0.00416	0.03809	0.00660	0.00595
82	0.01647	0.01882	0.04118	0.02941	0.03647	0.01765	0.68588	0.02235	0.01647	0.02235	0.01412	0.01882	0.01059	0.00588	0.00824	0.00235	0.01176	0.00824	0.00353	0.00941
83	0.01991	0.01706	0.06969	0.02173	0.06414	0.03264	0.28879	0.04981	0.04548	0.19330	0.02116	0.05633	0.04285	0.00836	0.00817	0.00231	0.03487	0.00820	0.00527	0.00991
84	0.01867	0.01818	0.01540	0.05680	0.01845	0.26824	0.01098	0.02279	0.09349	0.08046	0.03554	0.04094	0.01694	0.08247	0.18489	0.00468	0.01155	0.00699	0.00468	0.00786
85	0.01496	0.01270	0.01474	0.01057	0.01675	0.00981	0.00847	0.04505	0.01522	0.02361	0.01258	0.01456	0.01040	0.00530	0.00524	0.00108	0.00527	0.00422	0.00425	0.76521
86	0.07285	0.02266	0.02109	0.01731	0.02178	0.24288	0.07027	0.26724	0.09681	0.02950	0.01498	0.01619	0.01143	0.00803	0.00773	0.00212	0.05618	0.00589	0.00521	0.00983
87	0.01591	0.01063	0.01702	0.01441	0.01756	0.00999	0.13922	0.04094	0.04229	0.16890	0.07740	0.35385	0.03246	0.01452	0.00820	0.00251	0.00607	0.01347	0.00649	0.00818
88	0.01826	0.01294	0.01591	0.01201	0.01744	0.01131	0.03192	0.09790	0.05592	0.13561	0.08980	0.02097	0.01810	0.00731	0.00620	0.00157	0.00562	0.00608	0.00569	0.42945
89	0.00905	0.00705	0.00822	0.00804	0.00995	0.00621	0.00599	0.01153	0.01763	0.02322	0.37727	0.09766	0.36064	0.01626	0.00828	0.00230	0.00345	0.01399	0.00706	0.00621
90	0.02161	0.01966	0.01801	0.01543	0.01979	0.14885	0.01214	0.22403	0.38101	0.03125	0.02179	0.02088	0.01631	0.00873	0.00692	0.00218	0.00744	0.00680	0.00642	0.01074
91	0.06713	0.01702	0.04576	0.01480	0.04531	0.07440	0.01171	0.22168	0.07581	0.12651	0.01927	0.08554	0.01567	0.00885	0.00664	0.00200	0.00691	0.00707	0.00596	0.14197
92	0.01761	0.14425	0.26716	0.01762	0.02451	0.05665	0.10952	0.05226	0.08007	0.07688	0.07249	0.01953	0.01576	0.00757	0.00670	0.00209	0.00870	0.00638	0.00446	0.00979
93	0.00850	0.00607	0.00810	0.00972	0.01012	0.00567	0.00648	0.00972	0.01336	0.01781	0.03846	0.75020	0.04615	0.02186	0.00891	0.00283	0.00405	0.01984	0.00648	0.00567
94	0.00997	0.00748	0.01121	0.01121	0.01246	0.00872	0.00872	0.01246	0.01121	0.01620	0.01869	0.02741	0.01745	0.05234	0.72710	0.01121	0.01869	0.00748	0.00374	0.00623
95	0.01754	0.11938	0.31485	0.02122	0.02927	0.01743	0.24754	0.02348	0.01589	0.10594	0.01453	0.01678	0.01048	0.00653	0.00695	0.00216	0.00991	0.00625	0.00384	0.01002
96	0.02041	0.04470	0.01963	0.01597	0.01975	0.15574	0.05279	0.09601	0.23960	0.08626	0.04568	0.02109	0.01663	0.01062	0.03594	0.00259	0.09446	0.00682	0.00560	0.00970
97	0.01591	0.01233	0.01452	0.01069	0.01656	0.00969	0.00853	0.01975	0.04877	0.08263	0.01516	0.03443	0.01238	0.00610	0.00552	0.00124	0.00522	0.00497	0.00473	0.67086
98	0.02249	0.01200	0.01488	0.01154	0.01659	0.01046	0.00929	0.08877	0.01859	0.33088	0.02226	0.08101	0.01696	0.00857	0.00646	0.00182	0.00555	0.00706	0.05026	0.26456
99	0.09881	0.01487	0.01833	0.04261	0.03857	0.03195	0.06249	0.14143	0.07507	0.12964	0.03427	0.01925	0.01399	0.02805	0.00788	0.00208	0.03817	0.00614	0.00550	0.19091
100	0.01563	0.01561	0.02682	0.24506	0.20850	0.04073	0.19380	0.04435	0.01648	0.02197	0.06348	0.02209	0.03891	0.00744	0.00740	0.00223	0.00913	0.00743	0.00390	0.00905
101	0.00953	0.00706	0.00896	0.01018	0.01112	0.00686	0.00726	0.01231	0.06230	0.01894	0.03925	0.53614	0.09015	0.04731	0.00981	0.00296	0.00453	0.10279	0.00643	0.00611
102	0.01981	0.01244	0.01503	0.01147	0.01689	0.01057	0.00919	0.06976	0.04972	0.22058	0.01956	0.06878	0.01541	0.00774	0.00617	0.00162	0.00550	0.00637	0.00591	0.42748
103	0.01964	0.01549	0.01559	0.01413	0.04280	0.11705	0.01058	0.13358	0.15187	0.12604	0.20329	0.04906	0.04959	0.01055	0.00732	0.00217	0.00639	0.00870	0.00677	0.00940
104	0.01087	0.00783	0.00896	0.00953	0.01027	0.03224	0.00628	0.01248	0.03717	0.04279	0.05367	0.41297	0.03661	0.26497	0.01755	0.00405	0.00536	0.01492	0.00577	0.00572
105	0.21172	0.08210	0.01922	0.01421	0.01913	0.14992	0.03872	0.18762	0.06360	0.08457	0.01460	0.01531	0.01094	0.00730	0.00596	0.00198	0.00777	0.00525	0.00521	0.05486
106	0.28026	0.07709	0.01809	0.01318	0.01793	0.01584	0.09005	0.07207	0.12544	0.07885	0.02226	0.02250	0.09276	0.00839	0.00613	0.00213	0.00634	0.00668	0.00532	0.03868
107	0.18824	0.05261	0.01946	0.01442	0.01951	0.03413	0.08554	0.19854	0.06281	0.13061	0.06428	0.01935	0.01560	0.00786	0.00640	0.00207	0.00691	0.00631	0.00586	0.05950
108	0.10986	0.01643	0.02305	0.01761	0.02280	0.06620	0.21868	0.12718	0.03698	0.07247	0.08718	0.04437	0.01787	0.00802	0.00699	0.00208	0.00800	0.00740	0.00520	0.10163

[dist]
# distance from previous block
# <min> <max>
0	42

[block]
# block no. 1 follows, 30 sequences, length 23
# corresponding to MSA columns:
# 154-176
name=unknown_B
#
# <colnr> <probs for GDERKNQSTAVLIFYWHMCP>
#	G	D	E	R	K	N	Q	S	T	A	V	L	I	F	Y	W	H	M	C	P
0	0.02014	0.01560	0.01705	0.01432	0.01841	0.06419	0.03019	0.22417	0.19706	0.09285	0.03818	0.07669	0.01899	0.01461	0.08994	0.00322	0.00820	0.00792	0.00632	0.04194
1	0.11051	0.01536	0.01621	0.01398	0.03751	0.05233	0.01084	0.17435	0.16494	0.12765	0.02068	0.05615	0.01641	0.00888	0.00660	0.00208	0.00641	0.02986	0.00621	0.12306
2	0.09151	0.09381	0.08990	0.01476	0.02028	0.04978	0.06148	0.19683	0.02068	0.13218	0.07591	0.03977	0.01696	0.00827	0.00656	0.00203	0.00735	0.00664	0.00564	0.05969
3	0.00836	0.00699	0.00728	0.00739	0.00954	0.00591	0.00547	0.01017	0.01591	0.01928	0.10398	0.12447	0.61564	0.01784	0.00830	0.00239	0.00356	0.01504	0.00655	0.00591
4	0.01447	0.01240	0.01447	0.01034	0.01654	0.00930	0.00827	0.01757	0.01447	0.02274	0.01240	0.01447	0.01034	0.00517	0.00517	0.00103	0.00517	0.00413	0.00413	0.79742
5	0.01594	0.01031	0.01259	0.01092	0.01416	0.00972	0.00843	0.07990	0.05152	0.14521	0.15526	0.19468	0.09213	0.01303	0.00793	0.00219	0.02550	0.01112	0.00669	0.13278
6	0.01084	0.00823	0.00990	0.00913	0.01177	0.00702	0.00684	0.01335	0.01567	0.02240	0.18807	0.21725	0.12876	0.01386	0.00735	0.00205	0.00411	0.03367	0.07388	0.21584
7	0.02559	0.01773	0.01946	0.01513	0.02053	0.01916	0.01241	0.50048	0.10697	0.12827	0.01930	0.01863	0.01359	0.00840	0.00692	0.00209	0.00710	0.00647	0.00709	0.04466
8	0.05320	0.01383	0.01738	0.01339	0.01842	0.01342	0.03708	0.13197	0.04075	0.21985	0.01781	0.01847	0.01298	0.00945	0.03784	0.00226	0.06853	0.00587	0.00583	0.26168
9	0.01970	0.02105	0.02497	0.02009	0.02368	0.21093	0.17833	0.11639	0.01776	0.02206	0.01261	0.01653	0.01047	0.01176	0.06523	0.00302	0.20650	0.00632	0.00393	0.00869
10	0.01915	0.71223	0.03558	0.01220	0.01815	0.02723	0.01202	0.06305	0.01536	0.01816	0.01015	0.01155	0.00914	0.00612	0.00464	0.00153	0.00748	0.00389	0.00324	0.00914
11	0.01085	0.00739	0.00903	0.00865	0.01057	0.00676	0.00642	0.01314	0.01660	0.07274	0.29120	0.09653	0.26681	0.07737	0.07145	0.00341	0.00520	0.01273	0.00667	0.00647
12	0.08373	0.01562	0.01711	0.01349	0.01848	0.04472	0.01103	0.30360	0.02452	0.28866	0.05656	0.02294	0.04970	0.00902	0.00689	0.00213	0.00665	0.00702	0.00727	0.01085
13	0.01723	0.01670	0.02900	0.04213	0.67570	0.01664	0.05640	0.02147	0.01592	0.02277	0.01318	0.01735	0.01103	0.00620	0.00698	0.00209	0.00847	0.00632	0.00346	0.01097
14	0.01011	0.00693	0.00844	0.00844	0.00873	0.00722	0.00527	0.01068	0.01039	0.01415	0.02123	0.04145	0.02354	0.59259	0.19519	0.00779	0.00952	0.00953	0.00412	0.00469
15	0.08437	0.01864	0.01939	0.01510	0.02047	0.05419	0.01241	0.50922	0.02872	0.14163	0.01754	0.01719	0.01221	0.00822	0.00676	0.00209	0.00749	0.00612	0.00686	0.01137
16	0.01630	0.01952	0.07309	0.02851	0.03545	0.01772	0.62753	0.02212	0.01616	0.02212	0.01384	0.01849	0.01045	0.00617	0.00874	0.00237	0.04054	0.00800	0.00348	0.00939
17	0.00850	0.00607	0.00810	0.00972	0.01012	0.00567	0.00648	0.00972	0.01336	0.01781	0.03846	0.75020	0.04615	0.02186	0.00891	0.00283	0.00405	0.01984	0.00648	0.00567
18	0.01012	0.00689	0.00826	0.00826	0.00848	0.00712	0.00503	0.01056	0.01034	0.01401	0.02140	0.04240	0.02395	0.62906	0.15927	0.00756	0.00890	0.00967	0.00414	0.00459
19	0.01784	0.63246	0.15592	0.01333	0.02006	0.02562	0.01436	0.02111	0.01428	0.01741	0.01020	0.01181	0.00894	0.00609	0.00485	0.00162	0.00796	0.00398	0.00298	0.00919
20	0.01318	0.01240	0.02093	0.73798	0.04806	0.01550	0.01938	0.01783	0.01395	0.01783	0.01240	0.01860	0.00930	0.00698	0.00698	0.00233	0.00930	0.00620	0.00310	0.00775
21	0.02325	0.01608	0.01772	0.01446	0.01921	0.01759	0.01162	0.30069	0.29262	0.15140	0.02333	0.02243	0.01689	0.03029	0.00785	0.00235	0.00651	0.00715	0.00723	0.01133
22	0.02802	0.01396	0.01663	0.01328	0.01833	0.04222	0.01078	0.08545	0.15223	0.50171	0.02616	0.02318	0.01729	0.00872	0.00700	0.00218	0.00627	0.00702	0.00800	0.01156

[dist]
# distance from previous block
# <min> <max>
1	3

[block]
# block no. 2 follows, 30 sequences, length 60
# corresponding to MSA columns:
# 180-239
name=unknown_C
#
# <colnr> <probs for GDERKNQSTAVLIFYWHMCP>
#	G	D	E	R	K	N	Q	S	T	A	V	L	I	F	Y	W	H	M	C	P
0	0.14781	0.01675	0.01861	0.01474	0.01985	0.09265	0.06582	0.16042	0.06347	0.30027	0.01975	0.01895	0.01349	0.00792	0.00662	0.00214	0.00737	0.00625	0.00657	0.01054
1	0.10363	0.01581	0.02139	0.10082	0.02473	0.07566	0.17015	0.07401	0.04242	0.02451	0.05732	0.06363	0.01597	0.00787	0.00674	0.00200	0.00791	0.00713	0.00455	0.17376
2	0.01504	0.01154	0.01369	0.09119	0.01793	0.01250	0.00981	0.11790	0.18918	0.04780	0.18329	0.06249	0.08515	0.09858	0.01082	0.00281	0.00569	0.00979	0.00641	0.00839
3	0.00862	0.00643	0.00802	0.00901	0.01000	0.00583	0.00623	0.01022	0.01473	0.01932	0.12948	0.51050	0.19622	0.01998	0.00868	0.00265	0.00384	0.01779	0.00663	0.00583
4	0.02346	0.01404	0.01689	0.01284	0.01829	0.01320	0.01050	0.17700	0.04257	0.27956	0.01928	0.01877	0.01351	0.00758	0.00702	0.00181	0.03513	0.00587	0.00647	0.27622
5	0.80405	0.01350	0.01026	0.00918	0.01350	0.01565	0.00756	0.02051	0.01188	0.03131	0.00972	0.01134	0.00756	0.00648	0.00432	0.00216	0.00540	0.00378	0.00432	0.00756
6	0.02078	0.56265	0.03152	0.01277	0.01832	0.10265	0.01189	0.02385	0.04820	0.09234	0.01263	0.01341	0.01044	0.00656	0.00508	0.00164	0.00777	0.00437	0.00386	0.00927
7	0.01781	0.01634	0.02758	0.08809	0.58835	0.01655	0.04546	0.04955	0.01662	0.04634	0.01374	0.01761	0.01116	0.00643	0.00697	0.00210	0.00839	0.00632	0.00375	0.01083
8	0.03131	0.01188	0.01619	0.01242	0.01781	0.01026	0.01026	0.03401	0.01997	0.71606	0.02753	0.02375	0.01727	0.00864	0.00702	0.00216	0.00594	0.00702	0.00864	0.01188
9	0.01640	0.01570	0.02676	0.19016	0.57068	0.01635	0.02098	0.02066	0.01548	0.02174	0.01297	0.01755	0.01068	0.00638	0.00692	0.00213	0.00850	0.00621	0.00338	0.01035
10	0.01621	0.37906	0.39501	0.01612	0.02437	0.02162	0.01922	0.02153	0.01447	0.01940	0.01118	0.01305	0.00889	0.00632	0.00561	0.00187	0.00896	0.00448	0.00296	0.00967
11	0.00859	0.00708	0.00754	0.00743	0.00963	0.00604	0.00557	0.01067	0.01671	0.02075	0.20345	0.06402	0.57445	0.01696	0.00824	0.00232	0.00348	0.01429	0.00673	0.00604
12	0.01008	0.00674	0.00763	0.00769	0.00771	0.00672	0.00432	0.01013	0.01027	0.01370	0.02263	0.07309	0.02618	0.72623	0.03448	0.00661	0.00666	0.01053	0.00432	0.00428
13	0.00879	0.00632	0.00841	0.00997	0.01057	0.00594	0.00696	0.01025	0.01375	0.01819	0.03945	0.65201	0.06931	0.02143	0.00896	0.00286	0.00429	0.09032	0.00647	0.00576
14	0.01727	0.01658	0.02832	0.04283	0.71123	0.01658	0.02142	0.02142	0.01589	0.02280	0.01313	0.01727	0.01105	0.00622	0.00691	0.00207	0.00829	0.00622	0.00345	0.01105
15	0.03131	0.01188	0.01619	0.01242	0.01781	0.01026	0.01026	0.03401	0.01997	0.71606	0.02753	0.02375	0.01727	0.00864	0.00702	0.00216	0.00594	0.00702	0.00864	0.01188
16	0.01607	0.01595	0.02426	0.36082	0.35258	0.07113	0.01986	0.02027	0.01530	0.02007	0.01261	0.01752	0.01009	0.00664	0.00689	0.00217	0.00909	0.00608	0.00330	0.00930
17	0.00850	0.00607	0.00810	0.00972	0.01012	0.00567	0.00648	0.00972	0.01336	0.01781	0.03846	0.75020	0.04615	0.02186	0.00891	0.00283	0.00405	0.01984	0.00648	0.00567
18	0.01538	0.01285	0.01486	0.01079	0.01676	0.01031	0.00866	0.07806	0.01633	0.02486	0.03976	0.01614	0.01263	0.00581	0.00545	0.00117	0.00532	0.00466	0.00453	0.69566
19	0.02122	0.02366	0.01790	0.01615	0.01957	0.36347	0.01238	0.03039	0.29740	0.02239	0.04102	0.01960	0.01593	0.00870	0.00783	0.00213	0.05963	0.00627	0.00513	0.00922
20	0.01602	0.01681	0.02898	0.02133	0.02710	0.06459	0.38280	0.03923	0.01729	0.02354	0.12141	0.02266	0.01905	0.00721	0.00747	0.00203	0.00912	0.00780	0.00439	0.16118
21	0.01571	0.01331	0.01433	0.01299	0.01646	0.01503	0.01005	0.03187	0.55337	0.02864	0.15324	0.03209	0.05136	0.01060	0.00734	0.00234	0.00505	0.00897	0.00719	0.01007
22	0.00850	0.00607	0.00810	0.00972	0.01012	0.00567	0.00648	0.00972	0.01336	0.01781	0.03846	0.75020	0.04615	0.02186	0.00891	0.00283	0.00405	0.01984	0.00648	0.00567
23	0.80405	0.01350	0.01026	0.00918	0.01350	0.01565	0.00756	0.02051	0.01188	0.03131	0.00972	0.01134	0.00756	0.00648	0.00432	0.00216	0.00540	0.00378	0.00432	0.00756
24	0.01825	0.05536	0.37919	0.01715	0.02482	0.01743	0.01897	0.20620	0.07129	0.05374	0.05772	0.01860	0.01439	0.00784	0.00679	0.00216	0.00853	0.00614	0.00486	0.01057
25	0.00847	0.00708	0.00738	0.00730	0.00956	0.00599	0.00548	0.01045	0.01643	0.02010	0.15780	0.06510	0.62050	0.01721	0.00825	0.00233	0.00350	0.01444	0.00664	0.00599
26	0.01212	0.00606	0.00909	0.00909	0.00909	0.00606	0.00606	0.00909	0.00909	0.01212	0.01212	0.02121	0.01212	0.02424	0.02727	0.79697	0.00606	0.00606	0.00303	0.00303
27	0.24916	0.01499	0.01480	0.01233	0.01701	0.08543	0.00994	0.03001	0.12312	0.34310	0.02089	0.01943	0.01429	0.00800	0.00619	0.00215	0.00639	0.00597	0.00666	0.01013
28	0.00849	0.00611	0.00806	0.00961	0.01009	0.00568	0.00643	0.00973	0.01346	0.01786	0.03976	0.72275	0.07277	0.02169	0.00888	0.00281	0.00403	0.01963	0.00648	0.00568
29	0.01301	0.00650	0.00650	0.00650	0.00813	0.00650	0.00488	0.01626	0.01463	0.02602	0.02276	0.02602	0.01789	0.00813	0.00488	0.00163	0.00325	0.00650	0.79350	0.00650
30	0.01866	0.75896	0.03657	0.01194	0.01791	0.02761	0.01194	0.02090	0.01418	0.01642	0.00970	0.01119	0.00896	0.00597	0.00448	0.00149	0.00746	0.00373	0.00299	0.00896
31	0.01347	0.01270	0.02145	0.68912	0.09468	0.01558	0.01952	0.01808	0.01409	0.01818	0.01245	0.01851	0.00943	0.00692	0.00697	0.00231	0.00923	0.00620	0.00313	0.00798
32	0.02429	0.17343	0.02343	0.01773	0.04858	0.53678	0.01349	0.04989	0.01900	0.01814	0.01088	0.01265	0.00917	0.00696	0.00599	0.00176	0.01124	0.00448	0.00359	0.00851
33	0.02506	0.06555	0.01837	0.01451	0.01884	0.26994	0.01148	0.05576	0.11189	0.25400	0.06822	0.02101	0.01756	0.00845	0.00670	0.00202	0.00824	0.00640	0.00614	0.00985
34	0.02542	0.01853	0.01999	0.01560	0.02090	0.02045	0.01279	0.59377	0.08580	0.06433	0.01869	0.03905	0.01381	0.00887	0.00705	0.00214	0.00734	0.00683	0.00703	0.01162
35	0.80405	0.01350	0.01026	0.00918	0.01350	0.01565	0.00756	0.02051	0.01188	0.03131	0.00972	0.01134	0.00756	0.00648	0.00432	0.00216	0.00540	0.00378	0.00432	0.00756
36	0.02347	0.01615	0.01797	0.01424	0.01900	0.01739	0.01159	0.43892	0.08971	0.11907	0.13458	0.02434	0.02239	0.00949	0.00720	0.00214	0.00654	0.00758	0.00730	0.01091
37	0.00850	0.00607	0.00810	0.00972	0.01012	0.00567	0.00648	0.00972	0.01336	0.01781	0.03846	0.75020	0.04615	0.02186	0.00891	0.00283	0.00405	0.01984	0.00648	0.00567
38	0.01848	0.59306	0.10574	0.01325	0.01941	0.06324	0.01341	0.02251	0.06160	0.01793	0.01134	0.01266	0.00979	0.00635	0.00498	0.00164	0.00790	0.00421	0.00330	0.00919
39	0.01679	0.01609	0.02746	0.12401	0.63378	0.01645	0.02118	0.02100	0.01566	0.02222	0.01304	0.01743	0.01085	0.00631	0.00692	0.00210	0.00841	0.00622	0.00341	0.01067
40	0.01997	0.04654	0.02043	0.01522	0.02032	0.04173	0.10560	0.15304	0.14059	0.12415	0.07229	0.02336	0.04271	0.00837	0.00690	0.00200	0.00693	0.00720	0.00603	0.13663
41	0.01400	0.03610	0.71860	0.01989	0.03020	0.01621	0.02578	0.02210	0.01473	0.02210	0.01252	0.01473	0.00884	0.00663	0.00663	0.00221	0.01031	0.00516	0.00295	0.01031
42	0.01015	0.00677	0.00761	0.00761	0.00761	0.00677	0.00423	0.01015	0.01015	0.01353	0.02199	0.04567	0.02537	0.75476	0.03552	0.00677	0.00677	0.01015	0.00423	0.00423
43	0.00937	0.00748	0.00844	0.00813	0.01027	0.00673	0.00612	0.01264	0.05023	0.02321	0.33793	0.05883	0.40382	0.01584	0.00819	0.00229	0.00353	0.01351	0.00702	0.00643
44	0.01100	0.00790	0.01093	0.01248	0.01406	0.00784	0.01079	0.01406	0.01593	0.02066	0.03832	0.11042	0.06627	0.01934	0.00955	0.00316	0.00620	0.60830	0.00643	0.00637
45	0.03131	0.01188	0.01619	0.01242	0.01781	0.01026	0.01026	0.03401	0.01997	0.71606	0.02753	0.02375	0.01727	0.00864	0.00702	0.00216	0.00594	0.00702	0.00864	0.01188
46	0.01124	0.00803	0.01124	0.01285	0.01446	0.00803	0.01124	0.01446	0.01606	0.02088	0.03695	0.07871	0.04016	0.01928	0.00964	0.00321	0.00643	0.66426	0.00643	0.00643
47	0.01296	0.01184	0.01680	0.01508	0.01558	0.01577	0.01224	0.01481	0.01088	0.01643	0.01345	0.02126	0.01308	0.05607	0.30482	0.00645	0.42537	0.00681	0.00337	0.00695
48	0.00861	0.00615	0.00822	0.00984	0.01029	0.00576	0.00666	0.00990	0.01346	0.01793	0.03840	0.72466	0.04593	0.02176	0.00893	0.00285	0.00414	0.04435	0.00648	0.00570
49	0.00825	0.00707	0.00707	0.00707	0.00943	0.00589	0.00530	0.01001	0.01591	0.01885	0.07069	0.06716	0.70839	0.01767	0.00825	0.00236	0.00353	0.01473	0.00648	0.00589
50	0.01647	0.01882	0.04118	0.02941	0.03647	0.01765	0.68588	0.02235	0.01647	0.02235	0.01412	0.01882	0.01059	0.00588	0.00824	0.00235	0.01176	0.00824	0.00353	0.00941
51	0.00897	0.00655	0.00850	0.00995	0.01055	0.00629	0.00672	0.01117	0.04970	0.01842	0.03793	0.71180	0.04484	0.02121	0.00881	0.00281	0.00413	0.01920	0.00651	0.00595
52	0.02254	0.01429	0.01598	0.01298	0.01735	0.01511	0.01047	0.30059	0.12556	0.17296	0.04503	0.04334	0.04689	0.00948	0.00686	0.00212	0.00600	0.00760	0.11439	0.01044
53	0.01044	0.00764	0.01059	0.04209	0.01444	0.00760	0.01000	0.01310	0.01525	0.01983	0.03811	0.25429	0.07590	0.01936	0.00926	0.00303	0.00576	0.43075	0.00630	0.00625
54	0.06519	0.01736	0.02008	0.01595	0.02097	0.07239	0.08614	0.23721	0.17272	0.16823	0.02048	0.02004	0.01458	0.00819	0.00691	0.00216	0.00746	0.00673	0.02646	0.01076
55	0.07129	0.02407	0.02289	0.05022	0.13041	0.35652	0.08901	0.02461	0.01718	0.05651	0.01224	0.01502	0.00987	0.00742	0.00822	0.00209	0.08433	0.00549	0.00381	0.00881
56	0.06176	0.05134	0.02078	0.01734	0.01941	0.27914	0.01397	0.05600	0.01536	0.01906	0.01020	0.01399	0.00914	0.00963	0.01429	0.00244	0.36925	0.00531	0.00352	0.00807
57	0.05726	0.01266	0.01476	0.03926	0.01782	0.01030	0.00889	0.03889	0.01507	0.04848	0.01294	0.01487	0.01044	0.00553	0.00532	0.00122	0.00545	0.00437	0.00435	0.67212
58	0.06059	0.01759	0.01893	0.01472	0.02008	0.05517	0.01208	0.41776	0.02717	0.25500	0.01956	0.01852	0.01325	0.00832	0.00684	0.00210	0.00729	0.00632	0.00721	0.01149
59	0.01088	0.00751	0.00988	0.01021	0.01179	0.00715	0.00790	0.01408	0.03761	0.05024	0.32392	0.22082	0.07325	0.01699	0.00864	0.00260	0.00439	0.16841	0.00708	0.00665

[dist]
# distance from previous block
# <min> <max>
4	8

[block]
# block no. 3 follows, 30 sequences, length 13
# corresponding to MSA columns:
# 248-260
name=unknown_D
#
# <colnr> <probs for GDERKNQSTAVLIFYWHMCP>
#	G	D	E	R	K	N	Q	S	T	A	V	L	I	F	Y	W	H	M	C	P
0	0.02015	0.01608	0.01756	0.01434	0.01837	0.07836	0.03277	0.23261	0.10720	0.08563	0.16366	0.02537	0.02428	0.00964	0.00829	0.00213	0.06143	0.00761	0.00636	0.06815
1	0.00846	0.00622	0.00794	0.00932	0.01002	0.00570	0.00630	0.00976	0.01374	0.01797	0.04325	0.64868	0.14458	0.02124	0.00881	0.00276	0.00397	0.01908	0.00648	0.00570
2	0.01764	0.01428	0.01617	0.01184	0.01788	0.01255	0.00958	0.19397	0.01930	0.02833	0.01355	0.01507	0.01074	0.00601	0.00564	0.00131	0.00583	0.00470	0.00488	0.59072
3	0.04343	0.01858	0.01996	0.01583	0.02090	0.18100	0.10313	0.06200	0.08808	0.17932	0.03960	0.01912	0.01451	0.00746	0.00664	0.00191	0.00810	0.00619	0.00551	0.15876
4	0.01514	0.05463	0.14520	0.02115	0.02675	0.01631	0.29714	0.05772	0.01536	0.02143	0.01449	0.01939	0.01178	0.01743	0.17610	0.00439	0.06612	0.00706	0.00362	0.00881
5	0.00994	0.00670	0.00861	0.00954	0.01065	0.00612	0.00672	0.01155	0.01468	0.05733	0.09211	0.53058	0.14269	0.01985	0.00869	0.00270	0.00412	0.04459	0.00668	0.00614
6	0.01212	0.00606	0.00909	0.00909	0.00909	0.00606	0.00606	0.00909	0.00909	0.01212	0.01212	0.02121	0.01212	0.02424	0.02727	0.79697	0.00606	0.00606	0.00303	0.00303
7	0.04935	0.18357	0.02393	0.06800	0.02279	0.31432	0.03883	0.13676	0.05889	0.02290	0.01277	0.01439	0.01021	0.00717	0.00612	0.00189	0.00974	0.00507	0.00422	0.00909
8	0.02454	0.01632	0.01826	0.01440	0.01934	0.01749	0.01175	0.42961	0.09756	0.15891	0.09799	0.02294	0.01989	0.00920	0.00714	0.00215	0.00665	0.00729	0.00736	0.01119
9	0.01018	0.00785	0.00903	0.00871	0.01076	0.00724	0.00650	0.05981	0.01814	0.02380	0.29164	0.15613	0.33183	0.01638	0.00824	0.00235	0.00382	0.01409	0.00695	0.00654
10	0.08655	0.05170	0.05743	0.08879	0.02289	0.20864	0.01332	0.13091	0.08735	0.16031	0.01686	0.01732	0.01218	0.00772	0.00648	0.00206	0.00857	0.00572	0.00540	0.00979
11	0.01935	0.01466	0.01665	0.01394	0.01777	0.09793	0.06023	0.08118	0.10368	0.16762	0.08816	0.12973	0.05706	0.01105	0.00783	0.00221	0.02951	0.00934	0.00632	0.06577
12	0.11870	0.01713	0.08687	0.01332	0.01829	0.05377	0.01161	0.18514	0.09293	0.09804	0.04371	0.07575	0.05648	0.00943	0.00666	0.00210	0.00662	0.00748	0.00589	0.09008

[dist]
# distance from previous block
# <min> <max>
0	25

[block]
# block no. 4 follows, 30 sequences, length 11
# corresponding to MSA columns:
# 286-296
name=unknown_E
#
# <colnr> <probs for GDERKNQSTAVLIFYWHMCP>
#	G	D	E	R	K	N	Q	S	T	A	V	L	I	F	Y	W	H	M	C	P
0	0.15187	0.01242	0.01545	0.01252	0.01682	0.01235	0.06288	0.05665	0.11810	0.15944	0.19053	0.02724	0.02671	0.00916	0.00676	0.00208	0.00559	0.00772	0.00643	0.09926
1	0.01737	0.01590	0.06390	0.01399	0.02022	0.01324	0.07072	0.13246	0.07368	0.04736	0.01505	0.01647	0.01162	0.00632	0.00605	0.00155	0.00656	0.00532	0.00486	0.45737
2	0.00968	0.00785	0.01022	0.01063	0.01139	0.00839	0.00775	0.01118	0.01377	0.01849	0.08271	0.46305	0.15647	0.01903	0.01109	0.00275	0.12730	0.01618	0.00598	0.00610
3	0.02653	0.01955	0.02094	0.01606	0.02164	0.02164	0.01326	0.68796	0.03281	0.04398	0.01675	0.01675	0.01187	0.00838	0.00698	0.00209	0.00768	0.00628	0.00698	0.01187
4	0.02764	0.01397	0.01654	0.03728	0.01902	0.06199	0.01089	0.07332	0.08878	0.50077	0.05667	0.02390	0.01874	0.00881	0.00703	0.00216	0.00646	0.00711	0.00780	0.01114
5	0.02286	0.19490	0.05133	0.01738	0.02190	0.44125	0.05749	0.04746	0.01815	0.01836	0.01095	0.01302	0.00918	0.00707	0.00678	0.00185	0.04328	0.00472	0.00352	0.00856
6	0.02528	0.01896	0.01972	0.01561	0.02081	0.05461	0.01271	0.50489	0.14268	0.08338	0.01910	0.01855	0.01365	0.00852	0.00697	0.00213	0.00745	0.00651	0.00694	0.01155
7	0.01734	0.01526	0.01788	0.01899	0.13403	0.01723	0.01278	0.03446	0.58446	0.02812	0.02585	0.02457	0.01959	0.00892	0.00707	0.00232	0.00599	0.00761	0.00649	0.01105
8	0.67396	0.01680	0.01185	0.01065	0.01485	0.13455	0.00855	0.02174	0.01320	0.02893	0.00990	0.01154	0.00780	0.00660	0.00465	0.00210	0.00660	0.00390	0.00420	0.00765
9	0.01320	0.01078	0.01398	0.08110	0.06129	0.04153	0.03886	0.05904	0.04023	0.03939	0.12369	0.22159	0.06334	0.13241	0.01236	0.00311	0.00621	0.02510	0.00563	0.00716
10	0.02485	0.01953	0.02029	0.04711	0.02235	0.06640	0.01315	0.55216	0.05103	0.03926	0.01627	0.01671	0.01177	0.00807	0.00682	0.00203	0.00784	0.00608	0.00641	0.06189

[dist]
# distance from previous block
# <min> <max>
0	13

[block]
# block no. 5 follows, 30 sequences, length 121
# corresponding to MSA columns:
# 315-435
name=unknown_F
#
# <colnr> <probs for GDERKNQSTAVLIFYWHMCP>
#	G	D	E	R	K	N	Q	S	T	A	V	L	I	F	Y	W	H	M	C	P
0	0.04655	0.00800	0.01082	0.01060	0.01214	0.00785	0.03783	0.01283	0.01534	0.04517	0.19930	0.38210	0.11372	0.01723	0.00906	0.00256	0.04078	0.01518	0.00644	0.00648
1	0.14265	0.01509	0.01706	0.04732	0.04488	0.03766	0.03242	0.18083	0.13341	0.13659	0.06628	0.02232	0.03760	0.00856	0.00664	0.00213	0.00654	0.00684	0.00621	0.04897
2	0.01366	0.01292	0.02131	0.61103	0.04355	0.01559	0.04856	0.01886	0.04518	0.01876	0.01309	0.01863	0.00995	0.00714	0.00752	0.00229	0.03532	0.00627	0.00335	0.04703
3	0.01709	0.01771	0.02931	0.08487	0.09208	0.06259	0.31034	0.05269	0.07257	0.02284	0.01439	0.01799	0.01122	0.00689	0.00849	0.00218	0.06514	0.00688	0.00397	0.10074
4	0.10662	0.01631	0.01605	0.01265	0.01766	0.08468	0.01014	0.23738	0.02131	0.03068	0.09391	0.01904	0.01683	0.00762	0.00613	0.00172	0.00653	0.00582	0.00544	0.28350
5	0.01995	0.01622	0.01725	0.01456	0.01911	0.01824	0.01157	0.23013	0.46632	0.03328	0.02414	0.02270	0.01795	0.00893	0.00697	0.00222	0.00615	0.00722	0.00692	0.05018
6	0.00921	0.00711	0.00824	0.00887	0.01035	0.00649	0.00628	0.04076	0.01534	0.01945	0.05127	0.42445	0.32800	0.01945	0.00854	0.00260	0.00399	0.01703	0.00650	0.00605
7	0.06353	0.01845	0.01994	0.01573	0.02081	0.08823	0.05554	0.36368	0.07960	0.14064	0.04971	0.01963	0.01532	0.00840	0.00693	0.00212	0.00768	0.00664	0.00659	0.01082
8	0.01303	0.01216	0.02040	0.70475	0.04635	0.01510	0.01880	0.01762	0.01422	0.01829	0.04409	0.02013	0.01188	0.00731	0.00703	0.00232	0.00903	0.00649	0.00331	0.00770
9	0.00882	0.00646	0.00829	0.00917	0.01012	0.00593	0.00637	0.01063	0.01528	0.02052	0.21242	0.49347	0.12789	0.01944	0.00866	0.00262	0.00380	0.01741	0.00678	0.00593
10	0.02360	0.01781	0.01937	0.01467	0.02040	0.01864	0.01205	0.52518	0.02836	0.03882	0.01570	0.01620	0.01150	0.00760	0.00654	0.00184	0.00707	0.00576	0.00629	0.20260
11	0.02535	0.01896	0.02028	0.01582	0.02119	0.02109	0.01298	0.60438	0.11830	0.04208	0.01825	0.01795	0.01308	0.00852	0.00700	0.00213	0.00740	0.00649	0.00700	0.01176
12	0.56201	0.01606	0.01299	0.01133	0.01566	0.08127	0.00925	0.13397	0.01635	0.03164	0.01235	0.01570	0.01003	0.00750	0.00521	0.00217	0.00649	0.03693	0.00481	0.00828
13	0.02247	0.01283	0.01536	0.01264	0.01689	0.01301	0.01013	0.13589	0.18582	0.29065	0.17519	0.02940	0.02803	0.01003	0.00730	0.00221	0.00554	0.00834	0.00779	0.01051
14	0.01015	0.00677	0.00761	0.00761	0.00761	0.00677	0.00423	0.01015	0.01015	0.01353	0.02199	0.04567	0.02537	0.75476	0.03552	0.00677	0.00677	0.01015	0.00423	0.00423
15	0.04436	0.02088	0.01907	0.05152	0.02181	0.17532	0.01289	0.32387	0.19991	0.03261	0.01804	0.01817	0.01342	0.00828	0.00679	0.00211	0.00822	0.00623	0.00600	0.01050
16	0.02612	0.03169	0.01991	0.01776	0.02158	0.64589	0.01346	0.10356	0.02127	0.02016	0.01147	0.01306	0.00932	0.00733	0.00637	0.00183	0.01202	0.00470	0.00398	0.00852
17	0.02946	0.01148	0.01552	0.01204	0.01716	0.00992	0.00989	0.03214	0.01978	0.65881	0.05453	0.02678	0.05071	0.00926	0.00712	0.00217	0.00573	0.00758	0.00850	0.01141
18	0.02863	0.01617	0.01885	0.01445	0.01996	0.01663	0.01194	0.40002	0.02716	0.33990	0.02150	0.01984	0.01425	0.00849	0.00700	0.00212	0.00691	0.00661	0.00771	0.01187
19	0.02127	0.01842	0.01924	0.01594	0.02008	0.09942	0.03716	0.29995	0.19951	0.03226	0.06131	0.02273	0.01789	0.00946	0.00851	0.00226	0.07058	0.02754	0.00619	0.01028
