[name]
unknown

[dist]
# distance from previous block
# <min> <max>
13	125

[block]
# block no. 0 follows, 34 sequences, length 40
# corresponding to MSA columns:
# 175-214
name=unknown_A
#
# <colnr> <probs for GDERKNQSTAVLIFYWHMCP>
#	G	D	E	R	K	N	Q	S	T	A	V	L	I	F	Y	W	H	M	C	P
0	0.16128	0.03878	0.01793	0.04241	0.21927	0.05551	0.01263	0.09160	0.14490	0.02513	0.04788	0.01944	0.01450	0.00734	0.00596	0.00195	0.00646	0.03025	0.00459	0.05218
1	0.08488	0.03688	0.09325	0.12710	0.20906	0.01479	0.03129	0.10768	0.05007	0.08088	0.03642	0.01698	0.01202	0.00664	0.00609	0.00192	0.00711	0.00563	0.00429	0.06705
2	0.00976	0.00805	0.00875	0.00867	0.01051	0.03585	0.00633	0.03370	0.03365	0.02004	0.18748	0.28031	0.25771	0.01546	0.00754	0.00220	0.00396	0.01342	0.00604	0.05056
3	0.01434	0.01111	0.01439	0.08708	0.08858	0.01230	0.01016	0.17143	0.04362	0.02148	0.03449	0.04928	0.01711	0.23020	0.07372	0.05252	0.04922	0.00749	0.00441	0.00707
4	0.04246	0.01736	0.02601	0.03366	0.51830	0.09848	0.10246	0.04538	0.01563	0.02141	0.01204	0.01549	0.00989	0.00590	0.00641	0.00193	0.00841	0.00574	0.00336	0.00966
5	0.01340	0.01148	0.01340	0.00957	0.01531	0.00861	0.00766	0.01627	0.01340	0.02105	0.01148	0.01340	0.00957	0.00479	0.00479	0.00096	0.00479	0.00383	0.00383	0.81242
6	0.00781	0.00614	0.00707	0.00771	0.00906	0.00539	0.00545	0.00928	0.01384	0.01741	0.08255	0.37676	0.39272	0.01795	0.00791	0.00237	0.00347	0.01566	0.00605	0.00539
7	0.00914	0.00660	0.00864	0.00813	0.00965	0.00610	0.00610	0.01219	0.01829	0.02591	0.72921	0.04827	0.06097	0.01321	0.00762	0.00203	0.00305	0.01169	0.00711	0.00610
8	0.01122	0.00561	0.00842	0.00842	0.00842	0.00561	0.00561	0.00842	0.00842	0.01122	0.01122	0.01964	0.01122	0.02245	0.02525	0.81201	0.00561	0.00561	0.00281	0.00281
9	0.00796	0.00656	0.00699	0.00689	0.00893	0.00559	0.00516	0.00990	0.01549	0.01927	0.20797	0.05919	0.58635	0.01569	0.00763	0.00215	0.00322	0.01322	0.00624	0.00559
10	0.01727	0.77681	0.03386	0.01106	0.01658	0.02557	0.01106	0.01935	0.01313	0.01520	0.00898	0.01036	0.00829	0.00553	0.00415	0.00138	0.00691	0.00345	0.00276	0.00829
11	0.01204	0.00602	0.00602	0.00602	0.00753	0.00602	0.00452	0.01506	0.01355	0.02409	0.02108	0.02409	0.01656	0.00753	0.00452	0.00151	0.00301	0.00602	0.80879	0.00602
12	0.01296	0.03342	0.73944	0.01842	0.02797	0.01501	0.02387	0.02046	0.01364	0.02046	0.01160	0.01364	0.00818	0.00614	0.00614	0.00205	0.00955	0.00477	0.00273	0.00955
13	0.01041	0.00744	0.01041	0.01190	0.01339	0.00744	0.01041	0.01339	0.01487	0.01934	0.03421	0.07288	0.03719	0.01785	0.00892	0.00297	0.00595	0.68913	0.00595	0.00595
14	0.01607	0.01388	0.01461	0.01315	0.01680	0.01607	0.01023	0.03433	0.72094	0.02703	0.02630	0.02411	0.01972	0.00877	0.00657	0.00219	0.00511	0.00731	0.00657	0.01023
15	0.81856	0.01250	0.00950	0.00850	0.01250	0.01449	0.00700	0.01899	0.01100	0.02899	0.00900	0.01050	0.00700	0.00600	0.00400	0.00200	0.00500	0.00350	0.00400	0.00700
16	0.00787	0.00562	0.00750	0.00900	0.00937	0.00525	0.00600	0.00900	0.01237	0.01649	0.03561	0.76871	0.04274	0.02024	0.00825	0.00262	0.00375	0.01837	0.00600	0.00525
17	0.01867	0.62490	0.03069	0.01219	0.01727	0.17247	0.01135	0.02066	0.01418	0.01533	0.00919	0.01063	0.00830	0.00576	0.00449	0.00144	0.00788	0.00360	0.00288	0.00813
18	0.01410	0.01399	0.01944	0.01655	0.01687	0.01917	0.01378	0.01559	0.01009	0.01585	0.00865	0.01410	0.00854	0.01095	0.02030	0.00272	0.71924	0.00555	0.00288	0.05164
19	0.01408	0.01210	0.01407	0.01355	0.05397	0.07005	0.03152	0.02058	0.19594	0.06179	0.20166	0.10389	0.06720	0.01140	0.00847	0.00221	0.07704	0.02687	0.00578	0.00782
20	0.02101	0.02289	0.02123	0.04504	0.17413	0.35587	0.05272	0.13997	0.04429	0.02185	0.01215	0.01425	0.00969	0.00679	0.00665	0.00186	0.03168	0.00518	0.00392	0.00882
21	0.01727	0.77681	0.03386	0.01106	0.01658	0.02557	0.01106	0.01935	0.01313	0.01520	0.00898	0.01036	0.00829	0.00553	0.00415	0.00138	0.00691	0.00345	0.00276	0.00829
22	0.01409	0.01492	0.05145	0.31596	0.17163	0.03630	0.09454	0.01783	0.01302	0.01780	0.01107	0.01601	0.00901	0.00730	0.00990	0.00225	0.18005	0.00585	0.00298	0.00803
23	0.00764	0.00655	0.00655	0.00655	0.00873	0.00545	0.00491	0.00927	0.01473	0.01745	0.06546	0.06218	0.73000	0.01636	0.00764	0.00218	0.00327	0.01364	0.00600	0.00545
24	0.00782	0.00661	0.00680	0.00690	0.00904	0.00559	0.00528	0.00955	0.01474	0.01758	0.06337	0.06290	0.68378	0.01646	0.00772	0.00223	0.00345	0.05870	0.00600	0.00549
25	0.01296	0.03342	0.73944	0.01842	0.02797	0.01501	0.02387	0.02046	0.01364	0.02046	0.01160	0.01364	0.00818	0.00614	0.00614	0.00205	0.00955	0.00477	0.00273	0.00955
26	0.00803	0.00656	0.00710	0.00696	0.00897	0.00562	0.00522	0.01004	0.01566	0.01968	0.24009	0.05852	0.55397	0.01553	0.00763	0.00214	0.00321	0.01312	0.00629	0.00562
27	0.01204	0.00602	0.00602	0.00602	0.00753	0.00602	0.00452	0.01506	0.01355	0.02409	0.02108	0.02409	0.01656	0.00753	0.00452	0.00151	0.00301	0.00602	0.80879	0.00602
28	0.01204	0.00602	0.00602	0.00602	0.00753	0.00602	0.00452	0.01506	0.01355	0.02409	0.02108	0.02409	0.01656	0.00753	0.00452	0.00151	0.00301	0.00602	0.80879	0.00602
29	0.00788	0.00650	0.00691	0.00692	0.00890	0.00554	0.00515	0.00970	0.01513	0.01867	0.16373	0.09976	0.59066	0.01611	0.00767	0.00218	0.00327	0.01361	0.00617	0.00554
30	0.00808	0.00656	0.00716	0.00701	0.00900	0.00564	0.00526	0.01013	0.01577	0.01993	0.25950	0.05811	0.53441	0.01544	0.00763	0.00214	0.00321	0.01307	0.00633	0.00564
31	0.01607	0.01388	0.01461	0.01315	0.01680	0.01607	0.01023	0.03433	0.72094	0.02703	0.02630	0.02411	0.01972	0.00877	0.00657	0.00219	0.00511	0.00731	0.00657	0.01023
32	0.01727	0.77681	0.03386	0.01106	0.01658	0.02557	0.01106	0.01935	0.01313	0.01520	0.00898	0.01036	0.00829	0.00553	0.00415	0.00138	0.00691	0.00345	0.00276	0.00829
33	0.81856	0.01250	0.00950	0.00850	0.01250	0.01449	0.00700	0.01899	0.01100	0.02899	0.00900	0.01050	0.00700	0.00600	0.00400	0.00200	0.00500	0.00350	0.00400	0.00700
34	0.01700	0.18042	0.04522	0.03455	0.04719	0.17020	0.05139	0.04027	0.01389	0.01754	0.01074	0.01410	0.00934	0.00879	0.02765	0.00223	0.23986	0.00502	0.05685	0.00773
35	0.00910	0.00654	0.00842	0.00952	0.01027	0.00634	0.00662	0.05603	0.01369	0.01824	0.03421	0.68658	0.04036	0.01930	0.00816	0.00259	0.00407	0.04826	0.00603	0.00566
36	0.06458	0.02476	0.06922	0.01745	0.08410	0.44887	0.01295	0.02434	0.08372	0.03739	0.01391	0.06409	0.01200	0.00764	0.00605	0.00186	0.00946	0.00562	0.00392	0.00806
37	0.01054	0.00925	0.01030	0.01035	0.05912	0.03674	0.00719	0.01376	0.05460	0.02072	0.20795	0.04437	0.34655	0.01237	0.00699	0.00193	0.00417	0.01045	0.00568	0.12697
38	0.00977	0.00694	0.00885	0.00832	0.01014	0.00621	0.00620	0.01244	0.01695	0.04578	0.52201	0.13741	0.10392	0.01361	0.00748	0.00205	0.00335	0.01199	0.00670	0.05988
39	0.01597	0.49538	0.03093	0.05533	0.10884	0.02120	0.09987	0.01874	0.01353	0.01678	0.01180	0.06290	0.01104	0.00658	0.00526	0.00167	0.00738	0.00538	0.00310	0.00833

[dist]
# distance from previous block
# <min> <max>
0	7

[block]
# block no. 1 follows, 34 sequences, length 159
# corresponding to MSA columns:
# 222-380
name=unknown_B
#
# <colnr> <probs for GDERKNQSTAVLIFYWHMCP>
#	G	D	E	R	K	N	Q	S	T	A	V	L	I	F	Y	W	H	M	C	P
0	0.02263	0.13746	0.05711	0.01545	0.02006	0.35448	0.05207	0.09902	0.03502	0.12747	0.01340	0.01415	0.01010	0.00676	0.00588	0.00176	0.00923	0.00489	0.00433	0.00875
1	0.30887	0.00937	0.00905	0.00833	0.01065	0.01058	0.00663	0.01584	0.01271	0.02458	0.07893	0.02320	0.07470	0.00858	0.00664	0.00193	0.08528	0.00616	0.29150	0.00645
2	0.00964	0.00749	0.01104	0.01081	0.01183	0.00898	0.00843	0.01179	0.01031	0.01496	0.01669	0.02506	0.01578	0.07118	0.66208	0.00962	0.07818	0.00691	0.00343	0.00581
3	0.01296	0.03342	0.73944	0.01842	0.02797	0.01501	0.02387	0.02046	0.01364	0.02046	0.01160	0.01364	0.00818	0.00614	0.00614	0.00205	0.00955	0.00477	0.00273	0.00955
4	0.02386	0.01775	0.01900	0.01473	0.01977	0.01971	0.01211	0.65533	0.08726	0.03959	0.01640	0.01622	0.01171	0.00784	0.00647	0.00196	0.00695	0.00594	0.00647	0.01093
5	0.00972	0.00720	0.00913	0.00854	0.01024	0.00692	0.00644	0.01402	0.07617	0.02600	0.67131	0.04628	0.05757	0.01284	0.00753	0.00205	0.00322	0.01132	0.00707	0.00644
6	0.00835	0.00645	0.00763	0.00760	0.00924	0.00572	0.00560	0.01056	0.01602	0.02117	0.36309	0.15290	0.33146	0.01546	0.00771	0.00217	0.00324	0.01340	0.00651	0.00572
7	0.01429	0.01424	0.02032	0.01883	0.07591	0.01943	0.01461	0.01590	0.01029	0.01601	0.00878	0.01429	0.00863	0.01085	0.01998	0.00275	0.69904	0.00566	0.00286	0.00733
8	0.01223	0.00692	0.00887	0.00870	0.01036	0.00725	0.00683	0.01491	0.01282	0.08038	0.02104	0.02844	0.01805	0.02465	0.29954	0.00519	0.00913	0.06269	0.35567	0.00634
9	0.18080	0.43493	0.06093	0.01149	0.01686	0.02136	0.01097	0.13471	0.01561	0.02270	0.01028	0.01151	0.00851	0.00600	0.00462	0.00162	0.00662	0.00394	0.00366	0.03288
10	0.01817	0.01596	0.06561	0.04472	0.36531	0.04958	0.01569	0.04096	0.07383	0.13815	0.01535	0.01702	0.01164	0.00640	0.00621	0.00185	0.00712	0.00566	0.00438	0.09638
11	0.02004	0.13157	0.17718	0.01838	0.11511	0.01785	0.03931	0.27077	0.02035	0.10690	0.01430	0.01521	0.01041	0.00677	0.00609	0.00189	0.00763	0.00538	0.00475	0.01011
12	0.01135	0.00966	0.06981	0.01020	0.03374	0.00763	0.00825	0.01503	0.04066	0.08418	0.46398	0.06042	0.13502	0.01238	0.00735	0.00207	0.00405	0.01076	0.00652	0.00696
13	0.00937	0.00678	0.00916	0.01052	0.01171	0.00657	0.00854	0.01164	0.01406	0.01827	0.03724	0.29583	0.09604	0.01850	0.00860	0.00280	0.00502	0.41772	0.00597	0.00568
14	0.03726	0.50963	0.06177	0.01220	0.01760	0.08421	0.01162	0.07994	0.01562	0.10030	0.01163	0.01239	0.00937	0.00613	0.00484	0.00157	0.00725	0.00413	0.00375	0.00879
15	0.18397	0.01625	0.02091	0.02355	0.27950	0.08897	0.07526	0.09136	0.01626	0.10622	0.01315	0.01515	0.01003	0.00646	0.00633	0.00197	0.02577	0.00539	0.00425	0.00925
16	0.01041	0.00744	0.01041	0.01190	0.01339	0.00744	0.01041	0.01339	0.01487	0.01934	0.03421	0.07288	0.03719	0.01785	0.00892	0.00297	0.00595	0.68913	0.00595	0.00595
17	0.15386	0.23125	0.02109	0.01377	0.01781	0.42887	0.01119	0.02291	0.01569	0.01783	0.00955	0.01111	0.00809	0.00624	0.00507	0.00164	0.00926	0.00386	0.00329	0.00763
18	0.01479	0.04710	0.50750	0.01831	0.02667	0.01457	0.12107	0.02111	0.01426	0.08100	0.01291	0.01480	0.00918	0.00609	0.00624	0.00197	0.00901	0.00524	0.00333	0.06487
19	0.01122	0.00561	0.00842	0.00842	0.00842	0.00561	0.00561	0.00842	0.00842	0.01122	0.01122	0.01964	0.01122	0.02245	0.02525	0.81201	0.00561	0.00561	0.00281	0.00281
20	0.01204	0.00602	0.00602	0.00602	0.00753	0.00602	0.00452	0.01506	0.01355	0.02409	0.02108	0.02409	0.01656	0.00753	0.00452	0.00151	0.00301	0.00602	0.80879	0.00602
21	0.00946	0.00766	0.00855	0.00840	0.01041	0.00737	0.00625	0.01417	0.13480	0.02094	0.21161	0.15716	0.34940	0.01491	0.00754	0.00221	0.00360	0.01280	0.00636	0.00638
22	0.01468	0.15608	0.44387	0.07868	0.02731	0.07222	0.08098	0.02037	0.01399	0.01891	0.01115	0.01357	0.00839	0.00604	0.00594	0.00193	0.00930	0.00484	0.00284	0.00891
23	0.01449	0.01519	0.02566	0.02025	0.02234	0.01869	0.23659	0.01720	0.01161	0.01720	0.00995	0.01519	0.00890	0.00943	0.01686	0.00262	0.52097	0.00629	0.00297	0.00760
24	0.01414	0.01414	0.01979	0.01696	0.01696	0.01979	0.01414	0.01555	0.00990	0.01555	0.00848	0.01414	0.00848	0.01131	0.02120	0.00283	0.76110	0.00565	0.00283	0.00707
25	0.81856	0.01250	0.00950	0.00850	0.01250	0.01449	0.00700	0.01899	0.01100	0.02899	0.00900	0.01050	0.00700	0.00600	0.00400	0.00200	0.00500	0.00350	0.00400	0.00700
26	0.02236	0.07073	0.05451	0.01757	0.12146	0.08320	0.03180	0.22534	0.02032	0.22154	0.01717	0.03678	0.01278	0.02666	0.00697	0.00203	0.00727	0.00609	0.00552	0.00991
27	0.02456	0.01810	0.01939	0.01487	0.02004	0.02004	0.01228	0.71107	0.03038	0.04072	0.01551	0.01551	0.01099	0.00776	0.00646	0.00194	0.00711	0.00582	0.00646	0.01099
28	0.81856	0.01250	0.00950	0.00850	0.01250	0.01449	0.00700	0.01899	0.01100	0.02899	0.00900	0.01050	0.00700	0.00600	0.00400	0.00200	0.00500	0.00350	0.00400	0.00700
29	0.00787	0.00562	0.00750	0.00900	0.00937	0.00525	0.00600	0.00900	0.01237	0.01649	0.03561	0.76871	0.04274	0.02024	0.00825	0.00262	0.00375	0.01837	0.00600	0.00525
30	0.01595	0.01360	0.01440	0.01295	0.01655	0.01560	0.01013	0.06100	0.64567	0.02703	0.02748	0.02658	0.04517	0.00927	0.00668	0.00220	0.00516	0.02811	0.00653	0.00996
31	0.01946	0.09452	0.14964	0.04080	0.09377	0.01492	0.14212	0.02343	0.01526	0.25510	0.01596	0.01713	0.01130	0.00696	0.00760	0.00204	0.06989	0.00593	0.00462	0.00954
32	0.01530	0.01486	0.02596	0.15855	0.56615	0.01526	0.07041	0.01934	0.01445	0.02031	0.01211	0.01630	0.00993	0.00585	0.00650	0.00198	0.00807	0.00589	0.00315	0.00961
33	0.01024	0.00675	0.00869	0.00810	0.00977	0.00624	0.00611	0.01326	0.01791	0.05627	0.64069	0.04515	0.05538	0.01252	0.00732	0.00199	0.00315	0.01100	0.07318	0.00630
34	0.00784	0.00573	0.00739	0.00871	0.00930	0.00527	0.00587	0.00903	0.01265	0.01661	0.03910	0.68614	0.12305	0.01979	0.00818	0.00257	0.00369	0.01782	0.00600	0.00527
35	0.01982	0.12149	0.24811	0.01837	0.11942	0.03330	0.04909	0.02414	0.01557	0.26458	0.01610	0.01651	0.01123	0.00662	0.00609	0.00192	0.00767	0.00544	0.00464	0.00988
36	0.02346	0.01713	0.01832	0.01419	0.01906	0.01893	0.01167	0.64535	0.04481	0.03921	0.01616	0.01633	0.01159	0.00776	0.00633	0.00191	0.00677	0.00587	0.06454	0.01061
37	0.03428	0.17850	0.10830	0.01676	0.11264	0.07031	0.01327	0.08265	0.20073	0.02280	0.03375	0.03616	0.01399	0.00730	0.00586	0.00186	0.00691	0.00579	0.00444	0.04371
38	0.01530	0.01463	0.02461	0.03693	0.67299	0.01454	0.01860	0.01896	0.01471	0.02081	0.01654	0.01980	0.06952	0.00663	0.00650	0.00194	0.00731	0.00641	0.00343	0.00984
39	0.01773	0.01471	0.01555	0.01349	0.01744	0.01685	0.01063	0.16680	0.58577	0.02971	0.02419	0.02242	0.01801	0.00857	0.00655	0.00214	0.00550	0.00701	0.00655	0.01038
40	0.01349	0.01072	0.01622	0.27005	0.14395	0.01158	0.01316	0.01800	0.08281	0.07939	0.02086	0.22434	0.02000	0.01043	0.00690	0.00219	0.00638	0.00936	0.00461	0.03556
41	0.01797	0.04367	0.42828	0.01751	0.04285	0.01443	0.06832	0.07392	0.01616	0.19217	0.01524	0.01602	0.01042	0.00663	0.00631	0.00202	0.00839	0.00546	0.00431	0.00993
42	0.01539	0.01835	0.08569	0.05465	0.03316	0.01634	0.60230	0.05198	0.01574	0.02143	0.01302	0.01707	0.00970	0.00564	0.00742	0.00216	0.01054	0.00727	0.00336	0.00882
43	0.07582	0.00709	0.00871	0.00816	0.00989	0.00679	0.00617	0.01275	0.01769	0.02616	0.66988	0.04515	0.05652	0.01262	0.00732	0.00203	0.00321	0.01101	0.00686	0.00617
44	0.01341	0.03031	0.60305	0.02013	0.02909	0.01527	0.15715	0.02051	0.01395	0.02051	0.01188	0.01438	0.00850	0.00600	0.00643	0.00207	0.00981	0.00533	0.00283	0.00939
45	0.01735	0.22767	0.20469	0.07804	0.04569	0.01762	0.12377	0.05876	0.03195	0.11521	0.01352	0.01516	0.01002	0.00627	0.00593	0.00188	0.00813	0.00531	0.00384	0.00919
46	0.01296	0.03342	0.73944	0.01842	0.02797	0.01501	0.02387	0.02046	0.01364	0.02046	0.01160	0.01364	0.00818	0.00614	0.00614	0.00205	0.00955	0.00477	0.00273	0.00955
47	0.00786	0.00567	0.00745	0.00889	0.00934	0.00526	0.00595	0.00901	0.01248	0.01654	0.03697	0.73651	0.07406	0.02007	0.00822	0.00260	0.00373	0.01815	0.00600	0.00526
48	0.00887	0.00688	0.00944	0.01007	0.01107	0.00665	0.03835	0.01163	0.07096	0.01759	0.03499	0.64547	0.06625	0.01847	0.00806	0.00255	0.00417	0.01678	0.00592	0.00582
49	0.01985	0.11304	0.19770	0.04489	0.04145	0.07318	0.06580	0.04142	0.01586	0.24616	0.01645	0.04146	0.01211	0.00734	0.00673	0.00197	0.03461	0.00589	0.00471	0.00936
50	0.00947	0.00701	0.00976	0.00965	0.01041	0.00800	0.00708	0.01106	0.01007	0.01429	0.01787	0.02997	0.01804	0.26259	0.50628	0.00886	0.04315	0.00761	0.00357	0.00527
51	0.00786	0.00648	0.00690	0.00695	0.00890	0.00553	0.00515	0.00965	0.01504	0.01854	0.15398	0.11386	0.58636	0.01623	0.00768	0.00219	0.00328	0.01373	0.00615	0.00553
52	0.01485	0.01486	0.02743	0.15475	0.39997	0.01503	0.20120	0.01916	0.01472	0.02045	0.04496	0.01805	0.01216	0.00613	0.00679	0.00203	0.00847	0.00652	0.00334	0.00913
53	0.01451	0.01392	0.02392	0.31590	0.44769	0.01500	0.03858	0.01857	0.01404	0.01932	0.01192	0.01651	0.00960	0.00602	0.00646	0.00202	0.00813	0.00580	0.00307	0.00901
54	0.00965	0.00663	0.00945	0.00956	0.01017	0.00733	0.00693	0.01038	0.01010	0.01411	0.01869	0.13020	0.01954	0.13315	0.37294	0.17688	0.03715	0.00853	0.00372	0.00487
55	0.00806	0.00656	0.00713	0.00699	0.00898	0.00563	0.00524	0.01009	0.01572	0.01981	0.25005	0.05831	0.54393	0.01549	0.00763	0.00214	0.00321	0.01309	0.00631	0.00563
56	0.01340	0.01148	0.01340	0.00957	0.01531	0.00861	0.00766	0.01627	0.01340	0.02105	0.01148	0.01340	0.00957	0.00479	0.00479	0.00096	0.00479	0.00383	0.00383	0.81242
57	0.01546	0.28181	0.30748	0.07892	0.02532	0.01847	0.09464	0.02063	0.03080	0.05269	0.01188	0.01390	0.00909	0.00603	0.00568	0.00184	0.00842	0.00487	0.00316	0.00891
58	0.03781	0.01776	0.14781	0.02335	0.24941	0.01375	0.10734	0.06034	0.01505	0.02232	0.01210	0.01485	0.00958	0.00563	0.00599	0.00170	0.00749	0.00522	0.00352	0.23895
59	0.08501	0.01887	0.01872	0.36701	0.08960	0.27945	0.01520	0.02035	0.01485	0.01769	0.01079	0.01454	0.00851	0.00643	0.00602	0.00194	0.00933	0.00498	0.00316	0.00753
60	0.01165	0.00994	0.01472	0.11442	0.15477	0.01021	0.02859	0.01637	0.08128	0.02255	0.30671	0.03801	0.08709	0.01090	0.00724	0.00213	0.00532	0.06520	0.00547	0.00742
61	0.73303	0.01233	0.01009	0.00882	0.01293	0.01395	0.00727	0.02035	0.01181	0.10570	0.01078	0.01174	0.00797	0.00621	0.00427	0.00200	0.00505	0.00382	0.00443	0.00743
62	0.00858	0.00646	0.00793	0.00782	0.00937	0.00581	0.00577	0.01100	0.01657	0.02243	0.46158	0.14521	0.23791	0.01496	0.00771	0.00215	0.00320	0.01307	0.00667	0.00581
63	0.00794	0.00567	0.00757	0.00907	0.00948	0.00531	0.00611	0.00911	0.01244	0.01657	0.03558	0.75041	0.04259	0.02018	0.00826	0.00263	0.00381	0.03600	0.00600	0.00527
64	0.05079	0.01186	0.01535	0.01180	0.01679	0.01086	0.00975	0.10978	0.01966	0.63649	0.02387	0.02092	0.01516	0.00791	0.00642	0.00199	0.00567	0.00633	0.00771	0.01088
65	0.81856	0.01250	0.00950	0.00850	0.01250	0.01449	0.00700	0.01899	0.01100	0.02899	0.00900	0.01050	0.00700	0.00600	0.00400	0.00200	0.00500	0.00350	0.00400	0.00700
66	0.02414	0.03079	0.01831	0.01665	0.01998	0.74698	0.01248	0.02580	0.01831	0.01581	0.00999	0.01165	0.00832	0.00666	0.00583	0.00166	0.01165	0.00416	0.00333	0.00749
67	0.02395	0.01780	0.01905	0.01474	0.01981	0.01975	0.01213	0.66255	0.07989	0.03974	0.01629	0.01613	0.01161	0.00783	0.00647	0.00196	0.00697	0.00592	0.00647	0.01093
68	0.00886	0.00659	0.00825	0.00783	0.00948	0.00598	0.00588	0.01165	0.01763	0.02434	0.60600	0.05085	0.18516	0.01379	0.00762	0.00206	0.00309	0.01205	0.00691	0.00598
69	0.01414	0.01414	0.01979	0.01696	0.01696	0.01979	0.01414	0.01555	0.00990	0.01555	0.00848	0.01414	0.00848	0.01131	0.02120	0.00283	0.76110	0.00565	0.00283	0.00707
70	0.01035	0.00740	0.01033	0.01173	0.01322	0.00738	0.01022	0.01333	0.01503	0.01964	0.06588	0.07176	0.03827	0.01764	0.00887	0.00293	0.00582	0.65825	0.00600	0.00596
71	0.01727	0.77681	0.03386	0.01106	0.01658	0.02557	0.01106	0.01935	0.01313	0.01520	0.00898	0.01036	0.00829	0.00553	0.00415	0.00138	0.00691	0.00345	0.00276	0.00829
72	0.01220	0.01148	0.01938	0.75739	0.04450	0.01436	0.01794	0.01651	0.01292	0.01651	0.01148	0.01723	0.00861	0.00646	0.00646	0.00215	0.00861	0.00574	0.00287	0.00718
73	0.00787	0.00565	0.00747	0.00893	0.00935	0.00525	0.00597	0.00900	0.01243	0.01652	0.03639	0.75026	0.06068	0.02014	0.00823	0.00261	0.00374	0.01825	0.00600	0.00525
74	0.00940	0.00626	0.00705	0.00705	0.00705	0.00626	0.00392	0.00940	0.00940	0.01253	0.02036	0.04228	0.02349	0.77292	0.03289	0.00626	0.00626	0.00940	0.00392	0.00392
75	0.00999	0.00713	0.00992	0.01141	0.01272	0.00707	0.00967	0.01265	0.01446	0.01886	0.03445	0.18916	0.03811	0.01825	0.00881	0.00292	0.00558	0.57704	0.00596	0.00583
76	0.00808	0.00585	0.00766	0.00885	0.00950	0.00543	0.00609	0.00951	0.01324	0.01767	0.11205	0.62216	0.08835	0.01916	0.00816	0.00254	0.00372	0.04048	0.00612	0.00538
77	0.01453	0.01432	0.02214	0.41331	0.32718	0.06184	0.01837	0.01848	0.01401	0.01836	0.01166	0.01636	0.00926	0.00618	0.00639	0.00203	0.00842	0.00565	0.00304	0.00846
78	0.01448	0.29564	0.49056	0.01582	0.02395	0.01873	0.01935	0.02007	0.01346	0.01861	0.01067	0.01249	0.00822	0.00592	0.00544	0.00181	0.00862	0.00431	0.00274	0.00911
79	0.00938	0.00632	0.00732	0.00732	0.00742	0.00641	0.00426	0.00957	0.00948	0.01273	0.02011	0.04089	0.02289	0.71325	0.09173	0.00660	0.00717	0.00919	0.00388	0.00407
80	0.01340	0.01148	0.01340	0.00957	0.01531	0.00861	0.00766	0.01627	0.01340	0.02105	0.01148	0.01340	0.00957	0.00479	0.00479	0.00096	0.00479	0.00383	0.00383	0.81242
81	0.01821	0.01444	0.02208	0.15485	0.39363	0.03239	0.01672	0.06612	0.03264	0.14095	0.01465	0.01721	0.01109	0.00664	0.00686	0.00200	0.02969	0.00588	0.00423	0.00972
82	0.00899	0.00649	0.00831	0.00804	0.00937	0.00601	0.00585	0.01155	0.01689	0.02361	0.58076	0.10948	0.08787	0.07653	0.00976	0.00244	0.00338	0.01215	0.00670	0.00581
83	0.00835	0.00669	0.00748	0.00739	0.00927	0.00592	0.00550	0.01083	0.03380	0.02033	0.27393	0.10548	0.45119	0.01543	0.00765	0.00216	0.00328	0.01318	0.00637	0.00577
84	0.01882	0.36888	0.10387	0.01642	0.07312	0.11863	0.07705	0.05603	0.01551	0.07910	0.01173	0.01319	0.00935	0.00607	0.00538	0.00168	0.00814	0.00462	0.00354	0.00886
85	0.01399	0.01392	0.01951	0.01676	0.01680	0.01944	0.01395	0.01543	0.00991	0.01553	0.00875	0.01448	0.00871	0.01243	0.04318	0.00306	0.73858	0.00569	0.00285	0.00703
86	0.00787	0.00562	0.00750	0.00900	0.00937	0.00525	0.00600	0.00900	0.01237	0.01649	0.03561	0.76871	0.04274	0.02024	0.00825	0.00262	0.00375	0.01837	0.00600	0.00525
87	0.01176	0.00905	0.01099	0.00996	0.01040	0.01050	0.00694	0.07013	0.01128	0.01560	0.01725	0.03363	0.01902	0.53522	0.02800	0.00512	0.17780	0.00824	0.00388	0.00523
88	0.00965	0.00753	0.01118	0.01094	0.01200	0.00907	0.00859	0.01188	0.01034	0.01505	0.01656	0.02443	0.01550	0.04532	0.68592	0.00975	0.08020	0.00682	0.00341	0.00588
89	0.01220	0.01148	0.01938	0.75739	0.04450	0.01436	0.01794	0.01651	0.01292	0.01651	0.01148	0.01723	0.00861	0.00646	0.00646	0.00215	0.00861	0.00574	0.00287	0.00718
90	0.00816	0.00702	0.00709	0.00738	0.00919	0.02636	0.00537	0.00968	0.01430	0.01719	0.05717	0.21971	0.55498	0.01696	0.00772	0.00227	0.00362	0.01443	0.00592	0.00547
91	0.00826	0.00657	0.00741	0.00720	0.00911	0.00572	0.00540	0.01048	0.01620	0.02096	0.34071	0.05641	0.45255	0.01506	0.00763	0.00212	0.00318	0.01283	0.00646	0.00572
92	0.01727	0.77681	0.03386	0.01106	0.01658	0.02557	0.01106	0.01935	0.01313	0.01520	0.00898	0.01036	0.00829	0.00553	0.00415	0.00138	0.00691	0.00345	0.00276	0.00829
93	0.00914	0.00660	0.00864	0.00813	0.00965	0.00610	0.00610	0.01219	0.01829	0.02591	0.72921	0.04827	0.06097	0.01321	0.00762	0.00203	0.00305	0.01169	0.00711	0.00610
94	0.02456	0.01810	0.01939	0.01487	0.02004	0.02004	0.01228	0.71107	0.03038	0.04072	0.01551	0.01551	0.01099	0.00776	0.00646	0.00194	0.00711	0.00582	0.00646	0.01099
95	0.02144	0.01655	0.01764	0.01424	0.01885	0.01858	0.01153	0.46263	0.28390	0.03569	0.01947	0.01867	0.01420	0.00813	0.00650	0.00203	0.00638	0.00636	0.00650	0.01071
96	0.00773	0.00647	0.00664	0.00674	0.00870	0.00547	0.00495	0.00926	0.01433	0.01718	0.06142	0.11250	0.65081	0.04816	0.00873	0.00238	0.00343	0.01380	0.00591	0.00538
97	0.01196	0.00778	0.01083	0.03718	0.01420	0.00775	0.01006	0.01470	0.01466	0.07937	0.03155	0.06414	0.03328	0.07882	0.01061	0.00313	0.00603	0.55184	0.00585	0.00625
98	0.01296	0.03342	0.73944	0.01842	0.02797	0.01501	0.02387	0.02046	0.01364	0.02046	0.01160	0.01364	0.00818	0.00614	0.00614	0.00205	0.00955	0.00477	0.00273	0.00955
99	0.00920	0.00664	0.00872	0.00830	0.00982	0.00616	0.00629	0.01225	0.01813	0.02561	0.69753	0.04939	0.05988	0.01342	0.00768	0.00208	0.00318	0.04256	0.00706	0.00609
100	0.04057	0.01130	0.01260	0.01027	0.01387	0.01162	0.00830	0.24471	0.02013	0.20130	0.02003	0.02046	0.01438	0.00768	0.00561	0.00178	0.00499	0.00601	0.33556	0.00885
101	0.01373	0.01071	0.01645	0.41697	0.08047	0.01226	0.01365	0.04815	0.01345	0.07794	0.01507	0.02330	0.01302	0.17811	0.03788	0.00331	0.00799	0.00666	0.00374	0.00712
102	0.01220	0.01148	0.01938	0.75739	0.04450	0.01436	0.01794	0.01651	0.01292	0.01651	0.01148	0.01723	0.00861	0.00646	0.00646	0.00215	0.00861	0.00574	0.00287	0.00718
103	0.01475	0.01405	0.01909	0.01627	0.01669	0.01910	0.01345	0.07252	0.01156	0.01746	0.00969	0.01573	0.00948	0.05112	0.02061	0.00294	0.65924	0.00586	0.00318	0.00723
104	0.02414	0.03079	0.01831	0.01665	0.01998	0.74698	0.01248	0.02580	0.01831	0.01581	0.00999	0.01165	0.00832	0.00666	0.00583	0.00166	0.01165	0.00416	0.00333	0.00749
105	0.01544	0.01329	0.01426	0.01053	0.01604	0.05792	0.00841	0.07565	0.01528	0.04072	0.01208	0.01368	0.00977	0.00524	0.00504	0.00111	0.00545	0.00409	0.00412	0.67187
106	0.01936	0.07555	0.22526	0.01759	0.08077	0.01420	0.09164	0.06217	0.03710	0.23677	0.01643	0.01692	0.01147	0.00662	0.00623	0.00191	0.00756	0.00566	0.00480	0.06198
107	0.00786	0.00567	0.00745	0.00887	0.00934	0.00526	0.00594	0.00901	0.01249	0.01654	0.03718	0.73150	0.07893	0.02004	0.00821	0.00260	0.00372	0.01812	0.00600	0.00526
108	0.02037	0.01308	0.03730	0.01444	0.01844	0.04039	0.11700	0.05780	0.03811	0.32355	0.05918	0.12649	0.01991	0.00980	0.00818	0.00218	0.07026	0.00840	0.00606	0.00905
109	0.02324	0.01683	0.03693	0.05142	0.10009	0.05550	0.03132	0.36108	0.04265	0.18954	0.01701	0.01712	0.01191	0.00740	0.00646	0.00196	0.00723	0.00593	0.00594	0.01043
110	0.01195	0.00906	0.01461	0.09186	0.01751	0.00875	0.11394	0.01519	0.01649	0.08296	0.39643	0.08953	0.05898	0.03386	0.00819	0.00224	0.00519	0.01045	0.00595	0.00688
111	0.01495	0.01181	0.01344	0.01189	0.01437	0.08884	0.05649	0.05347	0.09324	0.09295	0.15707	0.03743	0.02824	0.18452	0.01309	0.00311	0.00634	0.10610	0.00554	0.00710
112	0.01319	0.03165	0.01372	0.00967	0.01506	0.00903	0.00778	0.01599	0.01316	0.02044	0.01186	0.01422	0.01003	0.00811	0.06093	0.00168	0.00579	0.00405	0.00377	0.72986
113	0.01411	0.01519	0.08199	0.31965	0.35205	0.01465	0.03672	0.01843	0.01387	0.01923	0.01184	0.01620	0.00938	0.00601	0.00636	0.00198	0.00815	0.00563	0.00306	0.04549
114	0.01599	0.01535	0.02623	0.03966	0.73262	0.01535	0.01983	0.01983	0.01471	0.02111	0.01215	0.01599	0.01023	0.00576	0.00640	0.00192	0.00768	0.00576	0.00320	0.01023
115	0.01379	0.06116	0.25008	0.10416	0.20467	0.01443	0.04914	0.04180	0.03335	0.02128	0.09892	0.02095	0.04372	0.00737	0.00645	0.00200	0.00768	0.00645	0.00376	0.00885
116	0.20122	0.01294	0.01678	0.01616	0.11492	0.01335	0.06735	0.05209	0.14295	0.22072	0.01890	0.04413	0.01408	0.00757	0.00603	0.00204	0.00599	0.00632	0.02713	0.00933
117	0.02796	0.01249	0.01533	0.01199	0.01684	0.05061	0.00980	0.05792	0.05120	0.63771	0.02429	0.02127	0.01555	0.00795	0.00646	0.00199	0.00588	0.00638	0.00762	0.01077
118	0.01414	0.01414	0.01979	0.01696	0.01696	0.01979	0.01414	0.01555	0.00990	0.01555	0.00848	0.01414	0.00848	0.01131	0.02120	0.00283	0.76110	0.00565	0.00283	0.00707
119	0.01607	0.01388	0.01461	0.01315	0.01680	0.01607	0.01023	0.03433	0.72094	0.02703	0.02630	0.02411	0.01972	0.00877	0.00657	0.00219	0.00511	0.00731	0.00657	0.01023
120	0.02899	0.01100	0.01499	0.01150	0.01649	0.00950	0.00950	0.03149	0.01849	0.73709	0.02549	0.02199	0.01599	0.00800	0.00650	0.00200	0.00550	0.00650	0.00800	0.01100
121	0.01409	0.01325	0.02240	0.25885	0.44192	0.01426	0.01798	0.01791	0.01369	0.01903	0.01250	0.01738	0.01037	0.01057	0.08609	0.00290	0.00900	0.00588	0.00313	0.00881
122	0.02332	0.01601	0.02060	0.01991	0.17220	0.01671	0.03812	0.39722	0.02402	0.18074	0.01678	0.01703	0.01183	0.00730	0.00650	0.00196	0.00703	0.00601	0.00597	0.01075
123	0.01727	0.77681	0.03386	0.01106	0.01658	0.02557	0.01106	0.01935	0.01313	0.01520	0.00898	0.01036	0.00829	0.00553	0.00415	0.00138	0.00691	0.00345	0.00276	0.00829
124	0.00764	0.00655	0.00655	0.00655	0.00873	0.00545	0.00491	0.00927	0.01473	0.01745	0.06546	0.06218	0.73000	0.01636	0.00764	0.00218	0.00327	0.01364	0.00600	0.00545
125	0.00873	0.00675	0.00943	0.01209	0.08709	0.00635	0.00739	0.01019	0.01282	0.01707	0.03562	0.62790	0.09748	0.01836	0.00800	0.00251	0.00413	0.01661	0.00570	0.00580
126	0.01296	0.03342	0.73944	0.01842	0.02797	0.01501	0.02387	0.02046	0.01364	0.02046	0.01160	0.01364	0.00818	0.00614	0.00614	0.00205	0.00955	0.00477	0.00273	0.00955
127	0.02456	0.01810	0.01939	0.01487	0.02004	0.02004	0.01228	0.71107	0.03038	0.04072	0.01551	0.01551	0.01099	0.00776	0.00646	0.00194	0.00711	0.00582	0.00646	0.01099
128	0.00764	0.00655	0.00655	0.00655	0.00873	0.00545	0.00491	0.00927	0.01473	0.01745	0.06546	0.06218	0.73000	0.01636	0.00764	0.00218	0.00327	0.01364	0.00600	0.00545
129	0.02134	0.03780	0.17799	0.01556	0.04814	0.06545	0.06145	0.06316	0.01705	0.33170	0.01976	0.07969	0.01478	0.00816	0.00652	0.00203	0.00728	0.00686	0.00559	0.00969
130	0.01525	0.01743	0.03813	0.02723	0.03377	0.01634	0.70915	0.02070	0.01525	0.02070	0.01307	0.01743	0.00980	0.00545	0.00763	0.00218	0.01089	0.00763	0.00327	0.00871
131	0.00787	0.00562	0.00750	0.00900	0.00937	0.00525	0.00600	0.00900	0.01237	0.01649	0.03561	0.76871	0.04274	0.02024	0.00825	0.00262	0.00375	0.01837	0.00600	0.00525
132	0.01473	0.01589	0.06527	0.24236	0.26193	0.01547	0.23115	0.03769	0.01472	0.02014	0.01230	0.01666	0.00954	0.00594	0.00678	0.00207	0.00902	0.00628	0.00319	0.00886
133	0.01109	0.00566	0.00831	0.00831	0.00831	0.00566	0.00548	0.00849	0.00849	0.01132	0.01191	0.02135	0.01215	0.07921	0.02583	0.75107	0.00566	0.00590	0.00289	0.00289
134	0.00925	0.00685	0.00999	0.00999	0.01101	0.00786	0.00759	0.01129	0.01027	0.01471	0.01766	0.02736	0.01701	0.13312	0.66383	0.00990	0.01602	0.00721	0.00351	0.00555
135	0.01311	0.01551	0.11653	0.22809	0.06101	0.05136	0.14774	0.01751	0.01452	0.01907	0.04319	0.03198	0.01812	0.00940	0.00728	0.00232	0.00840	0.18336	0.00392	0.00759
136	0.01752	0.27918	0.15086	0.01890	0.14093	0.09911	0.05012	0.03817	0.07884	0.05008	0.01272	0.01425	0.01011	0.00624	0.00561	0.00177	0.00800	0.00490	0.00357	0.00913
137	0.01751	0.01749	0.01873	0.01621	0.01744	0.18695	0.01316	0.01910	0.01257	0.07503	0.01054	0.01460	0.00933	0.01124	0.04148	0.00275	0.49963	0.00542	0.00339	0.00744
138	0.00923	0.00692	0.01038	0.01038	0.01154	0.00808	0.00808	0.01154	0.01038	0.01500	0.01731	0.02538	0.01615	0.04846	0.74732	0.01038	0.01731	0.00692	0.00346	0.00577
139	0.00822	0.00577	0.00739	0.00855	0.00884	0.00548	0.00552	0.00909	0.01169	0.01559	0.03212	0.60257	0.03833	0.19239	0.01388	0.00346	0.00432	0.01632	0.00552	0.00494
140	0.01535	0.01478	0.02572	0.03597	0.61392	0.01465	0.07545	0.01926	0.01506	0.02148	0.07286	0.01884	0.01449	0.00636	0.00660	0.00195	0.00755	0.00641	0.00354	0.00976
141	0.01970	0.07853	0.01782	0.01307	0.01766	0.19586	0.01052	0.24824	0.02061	0.02620	0.07137	0.01630	0.01386	0.00698	0.00578	0.00158	0.00727	0.00519	0.00476	0.21871
142	0.01749	0.09908	0.13949	0.01432	0.05713	0.01482	0.01266	0.15602	0.07857	0.07942	0.01441	0.01525	0.01089	0.00632	0.00564	0.00162	0.00650	0.00494	0.00457	0.26088
143	0.01578	0.05811	0.21430	0.04315	0.04220	0.05470	0.19698	0.03829	0.08251	0.06439	0.03254	0.01813	0.03010	0.00668	0.00646	0.00195	0.00838	0.00616	0.00397	0.07523
144	0.01313	0.03071	0.65378	0.01775	0.02647	0.01453	0.02235	0.04290	0.01430	0.02104	0.01364	0.01871	0.01073	0.00718	0.00639	0.00212	0.00916	0.06268	0.00313	0.00929
145	0.01626	0.01329	0.01416	0.01265	0.01610	0.01516	0.00975	0.05475	0.61430	0.05156	0.02542	0.02524	0.01961	0.07165	0.00874	0.00251	0.00529	0.00740	0.00640	0.00976
146	0.04533	0.04198	0.13612	0.10534	0.23873	0.01411	0.09102	0.03847	0.01505	0.12225	0.01459	0.01705	0.01087	0.00638	0.00619	0.00196	0.00759	0.00577	0.07199	0.00921
147	0.01754	0.12264	0.22144	0.01861	0.11569	0.03609	0.05442	0.12092	0.07643	0.08303	0.01449	0.01586	0.01088	0.00779	0.02791	0.00214	0.00809	0.00541	0.00420	0.03643
148	0.01115	0.01009	0.07015	0.00998	0.01166	0.00882	0.03214	0.07050	0.01275	0.01747	0.08019	0.08507	0.02448	0.44678	0.06110	0.00494	0.02353	0.00924	0.00438	0.00559
149	0.01215	0.03906	0.11546	0.01154	0.01504	0.00918	0.06698	0.01594	0.01722	0.08447	0.48398	0.03728	0.04364	0.01086	0.00719	0.00202	0.00495	0.00965	0.00610	0.00729
150	0.03862	0.10973	0.20981	0.02073	0.19438	0.01581	0.03309	0.09626	0.03333	0.13317	0.01431	0.01557	0.01055	0.00642	0.00599	0.00188	0.00750	0.00529	0.00425	0.04332
151	0.01570	0.04770	0.08256	0.10755	0.09762	0.01427	0.14136	0.10077	0.08025	0.07121	0.03723	0.06189	0.06051	0.00867	0.00687	0.00212	0.00739	0.04294	0.00468	0.00871
152	0.06579	0.04559	0.06838	0.25749	0.06483	0.01387	0.10074	0.03767	0.06343	0.07097	0.07455	0.02094	0.03928	0.00733	0.00640	0.00202	0.00731	0.00652	0.00420	0.04270
153	0.01744	0.06788	0.06676	0.12884	0.12841	0.09729	0.05833	0.08184	0.09145	0.08943	0.03706	0.02020	0.05539	0.00747	0.00636	0.00195	0.00756	0.00631	0.00449	0.02553
154	0.01753	0.04566	0.12152	0.05883	0.09424	0.01332	0.11752	0.09783	0.01706	0.16699	0.05558	0.04183	0.07358	0.00805	0.00663	0.00199	0.00713	0.00716	0.00497	0.04259
155	0.01518	0.07581	0.33541	0.08068	0.08084	0.04401	0.12695	0.04408	0.01480	0.05016	0.01291	0.03311	0.00996	0.00642	0.00629	0.00197	0.00884	0.00566	0.00336	0.04355
156	0.01372	0.10150	0.03484	0.05898	0.07201	0.03193	0.07702	0.04568	0.04525	0.04368	0.05150	0.08379	0.15681	0.01023	0.00733	0.00202	0.04058	0.04188	0.00463	0.07658
157	0.01644	0.05796	0.33124	0.03447	0.06080	0.01357	0.06921	0.03714	0.01506	0.14807	0.01614	0.01831	0.02922	0.00683	0.00621	0.00191	0.00782	0.02379	0.00412	0.10169
158	0.06740	0.03545	0.05649	0.05441	0.15480	0.06622	0.02879	0.13273	0.10195	0.10112	0.01819	0.10158	0.01551	0.02798	0.00709	0.00215	0.00688	0.00721	0.00499	0.00905

[dist]
# distance from previous block
# <min> <max>
0	87

# created by:
# /home/berkeley/.conda/envs/busco_data_prod/bin/msa2prfl.pl pipeline/OGs_align_augustus/4893/7410.fs
