[name]
unknown

[dist]
# distance from previous block
# <min> <max>
4	62

[block]
# block no. 0 follows, 33 sequences, length 34
# corresponding to MSA columns:
# 69-102
name=unknown_A
#
# <colnr> <probs for GDERKNQSTAVLIFYWHMCP>
#	G	D	E	R	K	N	Q	S	T	A	V	L	I	F	Y	W	H	M	C	P
0	0.06510	0.01491	0.02248	0.06938	0.47513	0.01544	0.01680	0.11156	0.04073	0.02435	0.01717	0.01976	0.06412	0.00711	0.00648	0.00201	0.00720	0.00639	0.00407	0.00980
1	0.06567	0.05556	0.02039	0.33942	0.14710	0.10033	0.01550	0.07331	0.01545	0.02059	0.01167	0.01540	0.00917	0.00636	0.00606	0.00192	0.00819	0.00523	0.00348	0.07919
2	0.11061	0.01573	0.01802	0.01679	0.11309	0.04614	0.01202	0.31487	0.02263	0.21099	0.04232	0.01802	0.01365	0.00765	0.00633	0.00199	0.00672	0.00598	0.00615	0.01032
3	0.01816	0.04588	0.02419	0.06052	0.49643	0.07787	0.01745	0.04437	0.03266	0.08162	0.02927	0.01716	0.01200	0.00646	0.00642	0.00194	0.00780	0.00587	0.00393	0.00999
4	0.12168	0.01578	0.02024	0.10367	0.23718	0.06284	0.04326	0.14945	0.08771	0.02564	0.01419	0.01680	0.01115	0.00935	0.05092	0.00254	0.00819	0.00578	0.00432	0.00928
5	0.10161	0.01676	0.03398	0.02461	0.03070	0.01613	0.58536	0.02100	0.03719	0.02195	0.01352	0.01798	0.01042	0.02876	0.00811	0.00233	0.01012	0.00736	0.00354	0.00859
6	0.02386	0.02691	0.01909	0.01655	0.02046	0.51128	0.02875	0.17721	0.07323	0.02270	0.01273	0.01383	0.00998	0.00716	0.00618	0.00181	0.01033	0.00494	0.00434	0.00866
7	0.15560	0.01088	0.01285	0.04686	0.01593	0.01177	0.03348	0.07092	0.15767	0.05000	0.07695	0.17989	0.02665	0.01218	0.00704	0.00237	0.00542	0.11000	0.00581	0.00773
8	0.01457	0.01409	0.02385	0.30296	0.19316	0.01540	0.14638	0.02161	0.14113	0.02070	0.01542	0.01986	0.01209	0.00691	0.00687	0.00217	0.00829	0.02186	0.00383	0.00885
9	0.01266	0.01193	0.02015	0.71158	0.08483	0.01469	0.01839	0.01702	0.01327	0.01709	0.01174	0.01748	0.00887	0.00654	0.00658	0.00218	0.00872	0.00585	0.00294	0.00749
10	0.04176	0.07450	0.61642	0.01755	0.02632	0.04402	0.02190	0.02066	0.01412	0.02085	0.03582	0.01472	0.01014	0.00648	0.00610	0.00203	0.00927	0.00496	0.00300	0.00936
11	0.00904	0.00672	0.00842	0.00800	0.00967	0.00610	0.00600	0.01189	0.01799	0.02487	0.60729	0.05170	0.17988	0.01403	0.00777	0.00210	0.00315	0.01226	0.00705	0.00610
12	0.01772	0.01226	0.01600	0.22853	0.02474	0.01362	0.01224	0.05038	0.27166	0.17723	0.08608	0.02401	0.01953	0.00846	0.00674	0.00216	0.00621	0.00716	0.00596	0.00932
13	0.01661	0.01346	0.01524	0.01116	0.01685	0.01181	0.00903	0.19599	0.01816	0.02667	0.01277	0.01421	0.01013	0.00566	0.00532	0.00124	0.00549	0.00443	0.00460	0.60118
14	0.01346	0.07628	0.69450	0.01833	0.02783	0.01590	0.02358	0.02078	0.01387	0.02054	0.01166	0.01371	0.00835	0.00622	0.00614	0.00205	0.00958	0.00479	0.00278	0.00966
15	0.00930	0.00676	0.00878	0.00836	0.00994	0.00624	0.00633	0.01235	0.01835	0.02578	0.66967	0.05075	0.08891	0.01378	0.00782	0.00211	0.00323	0.03820	0.00715	0.00618
16	0.00971	0.00663	0.00752	0.00758	0.00776	0.00669	0.00441	0.01053	0.03744	0.01367	0.02224	0.10064	0.02537	0.67847	0.03043	0.00592	0.00613	0.01023	0.00427	0.00435
17	0.04705	0.01927	0.11168	0.02437	0.09828	0.05762	0.38931	0.04430	0.01620	0.10518	0.01428	0.01706	0.01043	0.00613	0.00706	0.00211	0.00967	0.00670	0.00396	0.00934
18	0.01760	0.77260	0.03450	0.01126	0.01690	0.02605	0.01126	0.01971	0.01338	0.01549	0.00915	0.01056	0.00845	0.00563	0.00422	0.00141	0.00704	0.00352	0.00282	0.00845
19	0.02277	0.01856	0.02065	0.01827	0.10222	0.07305	0.03668	0.49439	0.04492	0.03505	0.01496	0.01574	0.01102	0.00736	0.00647	0.00191	0.00760	0.00578	0.00570	0.05691
20	0.01358	0.01726	0.12207	0.02125	0.02672	0.01449	0.40336	0.01830	0.01493	0.02040	0.06361	0.02571	0.12056	0.00835	0.00885	0.00225	0.07791	0.00837	0.00387	0.00817
21	0.02926	0.01164	0.01555	0.01192	0.01702	0.01033	0.00985	0.07295	0.01958	0.69022	0.02536	0.02201	0.01599	0.00813	0.00662	0.00203	0.00570	0.00658	0.00805	0.01120
22	0.01256	0.01183	0.01998	0.72868	0.06845	0.01466	0.01835	0.01693	0.01323	0.01698	0.01172	0.01751	0.00883	0.00656	0.00658	0.00219	0.00874	0.00585	0.00294	0.00742
23	0.02459	0.03138	0.01866	0.01696	0.02035	0.74221	0.01272	0.02629	0.01866	0.01611	0.01018	0.01187	0.00848	0.00678	0.00594	0.00170	0.01187	0.00424	0.00339	0.00763
24	0.01536	0.01741	0.03774	0.06971	0.03504	0.01653	0.66399	0.02084	0.01540	0.02084	0.01322	0.01775	0.00992	0.00561	0.00770	0.00222	0.01096	0.00766	0.00331	0.00879
25	0.00847	0.00605	0.00815	0.00968	0.01025	0.00573	0.00689	0.00994	0.01304	0.01730	0.03604	0.64532	0.04257	0.02020	0.00852	0.00274	0.00421	0.13333	0.00610	0.00547
26	0.02540	0.01163	0.01396	0.01114	0.01562	0.05340	0.00904	0.02774	0.01815	0.56257	0.03220	0.02900	0.14092	0.00957	0.00678	0.00205	0.00558	0.00776	0.00750	0.00999
27	0.02281	0.13860	0.02125	0.01594	0.01961	0.49825	0.01261	0.10096	0.01859	0.01885	0.01054	0.01232	0.00879	0.00711	0.00698	0.00178	0.06885	0.00444	0.00363	0.00812
28	0.05996	0.01222	0.01506	0.01232	0.01589	0.06509	0.07769	0.07707	0.03738	0.19337	0.28159	0.03226	0.07169	0.01013	0.00704	0.00205	0.00567	0.00872	0.00648	0.00830
29	0.01390	0.01275	0.04448	0.01247	0.06906	0.00990	0.00944	0.05615	0.01511	0.02263	0.05307	0.01888	0.05600	0.00635	0.00548	0.00129	0.00525	0.00524	0.00427	0.57828
30	0.01578	0.05727	0.07770	0.06959	0.32210	0.05454	0.06780	0.02073	0.07223	0.02037	0.03620	0.01725	0.01218	0.00729	0.00874	0.00212	0.11932	0.00604	0.00355	0.00921
31	0.01121	0.00940	0.03554	0.01272	0.05373	0.00867	0.03360	0.09047	0.01581	0.02128	0.08985	0.43404	0.06280	0.01634	0.00798	0.00248	0.00502	0.07647	0.00588	0.00672
32	0.01579	0.01412	0.04940	0.01357	0.01743	0.01460	0.04415	0.06507	0.47530	0.04973	0.06661	0.08121	0.04389	0.00993	0.00694	0.00223	0.00555	0.00852	0.00636	0.00961
33	0.01422	0.03197	0.66277	0.01942	0.06112	0.01501	0.02335	0.02141	0.01421	0.05856	0.01259	0.01446	0.00886	0.00634	0.00629	0.00208	0.00942	0.00501	0.00309	0.00984

[dist]
# distance from previous block
# <min> <max>
0	12

[block]
# block no. 1 follows, 33 sequences, length 25
# corresponding to MSA columns:
# 115-139
name=unknown_B
#
# <colnr> <probs for GDERKNQSTAVLIFYWHMCP>
#	G	D	E	R	K	N	Q	S	T	A	V	L	I	F	Y	W	H	M	C	P
0	0.02368	0.01885	0.02022	0.01554	0.02078	0.07131	0.04776	0.57169	0.02802	0.03716	0.01498	0.01547	0.01083	0.00748	0.00648	0.00190	0.00760	0.00575	0.00599	0.06849
1	0.01879	0.03803	0.03652	0.12827	0.17365	0.01500	0.09429	0.10789	0.09869	0.15611	0.03424	0.03879	0.01442	0.00753	0.00672	0.00208	0.00735	0.00680	0.00508	0.00973
2	0.01546	0.01264	0.01940	0.09397	0.16231	0.01332	0.09124	0.02215	0.16136	0.09382	0.15260	0.04977	0.02363	0.00901	0.00783	0.00217	0.04714	0.00805	0.00527	0.00887
3	0.01329	0.01211	0.01982	0.50484	0.15826	0.01427	0.01712	0.04756	0.01396	0.01854	0.01273	0.01828	0.01012	0.01180	0.09740	0.00318	0.00964	0.00601	0.00322	0.00785
4	0.05540	0.01545	0.02478	0.05991	0.60262	0.01584	0.01868	0.05598	0.04645	0.02304	0.01302	0.01640	0.01068	0.00614	0.00641	0.00198	0.00758	0.00583	0.00361	0.01020
5	0.04155	0.01131	0.01459	0.01230	0.04692	0.00984	0.04224	0.03726	0.05125	0.10403	0.08226	0.10608	0.01975	0.00828	0.00608	0.00163	0.00519	0.00717	0.00512	0.38716
6	0.02292	0.07391	0.01981	0.01471	0.01956	0.13146	0.01201	0.44244	0.10892	0.03320	0.01560	0.01578	0.01158	0.00756	0.00626	0.00188	0.00760	0.00559	0.00572	0.04349
7	0.01592	0.01526	0.02604	0.11020	0.66074	0.01554	0.02002	0.01987	0.01481	0.02105	0.01232	0.01642	0.01027	0.00594	0.00652	0.00198	0.00791	0.00586	0.00323	0.01012
8	0.01208	0.01137	0.04363	0.06635	0.03621	0.04737	0.04843	0.04662	0.09836	0.01964	0.04973	0.32513	0.02797	0.07071	0.06234	0.00325	0.00683	0.01183	0.00516	0.00697
9	0.01703	0.01782	0.11418	0.02644	0.20932	0.01507	0.29157	0.02292	0.06606	0.10761	0.03513	0.01884	0.01284	0.00649	0.00705	0.00211	0.00877	0.00688	0.00418	0.00970
10	0.01186	0.01006	0.05198	0.00996	0.01243	0.02864	0.00812	0.01686	0.09896	0.06503	0.50958	0.07646	0.04917	0.01238	0.00747	0.00211	0.00415	0.01080	0.00681	0.00718
11	0.03701	0.01576	0.02251	0.14429	0.36331	0.03793	0.01680	0.18276	0.01878	0.07664	0.01392	0.01656	0.01064	0.00666	0.00648	0.00200	0.00774	0.00583	0.00437	0.01001
12	0.01626	0.01573	0.02723	0.03987	0.69835	0.01568	0.04901	0.02024	0.01501	0.02149	0.01242	0.01636	0.01041	0.00585	0.00657	0.00197	0.00796	0.00595	0.00326	0.01036
13	0.03905	0.20363	0.51097	0.01722	0.02565	0.01784	0.05886	0.02055	0.01379	0.01989	0.01120	0.01324	0.00842	0.00607	0.00580	0.00193	0.00904	0.00468	0.00286	0.00930
14	0.01593	0.01831	0.03528	0.02573	0.03175	0.08135	0.60233	0.02089	0.01565	0.02040	0.01432	0.05909	0.01173	0.00651	0.00764	0.00220	0.01076	0.00807	0.00349	0.00857
15	0.02436	0.01227	0.01686	0.04601	0.01876	0.01178	0.05977	0.12387	0.04378	0.44286	0.02241	0.02338	0.01580	0.09553	0.00980	0.00256	0.00645	0.00694	0.00681	0.01000
16	0.01262	0.01147	0.01856	0.20802	0.31501	0.01200	0.01490	0.01590	0.01436	0.01953	0.07249	0.15906	0.07853	0.01017	0.00707	0.00218	0.00662	0.00930	0.00422	0.00802
17	0.02088	0.01010	0.01309	0.01104	0.01464	0.00944	0.00883	0.05506	0.07587	0.38650	0.17925	0.09952	0.03001	0.01103	0.00717	0.00217	0.00496	0.04376	0.00747	0.00924
18	0.01243	0.01170	0.01975	0.75282	0.04534	0.01463	0.01828	0.01682	0.01316	0.01682	0.01170	0.01755	0.00878	0.00658	0.00658	0.00219	0.00878	0.00585	0.00293	0.00731
19	0.00802	0.00573	0.00764	0.00917	0.00955	0.00535	0.00611	0.00917	0.01260	0.01681	0.03628	0.76434	0.04354	0.02062	0.00840	0.00267	0.00382	0.01872	0.00611	0.00535
20	0.00940	0.00705	0.01058	0.01058	0.01176	0.00823	0.00823	0.01176	0.01058	0.01528	0.01763	0.02586	0.01646	0.04937	0.74255	0.01058	0.01763	0.00705	0.00353	0.00588
21	0.81514	0.01273	0.00968	0.00866	0.01273	0.01477	0.00713	0.01935	0.01120	0.02954	0.00917	0.01069	0.00713	0.00611	0.00407	0.00204	0.00509	0.00356	0.00407	0.00713
22	0.01905	0.01449	0.02137	0.05979	0.28638	0.01468	0.05320	0.14067	0.07525	0.13520	0.06142	0.01993	0.01540	0.00727	0.00663	0.00198	0.00696	0.00652	0.00514	0.04869
23	0.01537	0.01557	0.05081	0.15942	0.51878	0.01523	0.05675	0.01955	0.01461	0.02066	0.01227	0.01639	0.01002	0.00594	0.00652	0.00197	0.00811	0.00585	0.00322	0.04295
24	0.02071	0.01815	0.02281	0.02911	0.41563	0.14585	0.01644	0.10255	0.01806	0.12569	0.01435	0.01633	0.01102	0.00660	0.00644	0.00192	0.00816	0.00569	0.00438	0.01013

[dist]
# distance from previous block
# <min> <max>
0	12

[block]
# block no. 2 follows, 33 sequences, length 119
# corresponding to MSA columns:
# 152-270
name=unknown_C
#
# <colnr> <probs for GDERKNQSTAVLIFYWHMCP>
#	G	D	E	R	K	N	Q	S	T	A	V	L	I	F	Y	W	H	M	C	P
0	0.06262	0.06007	0.09836	0.02264	0.23327	0.05773	0.06347	0.09718	0.08502	0.08022	0.01647	0.01791	0.03416	0.00695	0.00630	0.00196	0.00755	0.00595	0.00444	0.03774
1	0.10719	0.03324	0.02201	0.21314	0.30361	0.07150	0.04452	0.04003	0.03961	0.02144	0.01222	0.01576	0.00976	0.00626	0.00616	0.00198	0.00798	0.00549	0.00351	0.03457
2	0.01511	0.01584	0.08333	0.05877	0.22762	0.03786	0.03128	0.04496	0.21999	0.02327	0.07115	0.04955	0.05268	0.00868	0.00723	0.00213	0.02891	0.00751	0.00483	0.00929
3	0.00960	0.00735	0.01083	0.01158	0.04622	0.00821	0.00831	0.01180	0.01106	0.01565	0.02092	0.06718	0.05248	0.08403	0.59274	0.00910	0.01510	0.00808	0.00380	0.00595
4	0.02067	0.13046	0.04360	0.01552	0.05636	0.10697	0.01240	0.31137	0.14546	0.02923	0.01826	0.01839	0.04677	0.00788	0.00622	0.00192	0.00734	0.00599	0.00534	0.00986
5	0.01398	0.16417	0.61120	0.01744	0.02645	0.01718	0.02202	0.02065	0.01381	0.01990	0.01135	0.01331	0.00836	0.00614	0.00590	0.00197	0.00926	0.00463	0.00279	0.00950
6	0.01614	0.01654	0.06130	0.03935	0.69342	0.01562	0.02041	0.02024	0.01494	0.02148	0.01236	0.01618	0.01033	0.00588	0.00650	0.00196	0.00791	0.00582	0.00324	0.01039
7	0.01480	0.28073	0.46315	0.01672	0.02492	0.01897	0.05583	0.02048	0.01381	0.01906	0.01100	0.01298	0.00846	0.00601	0.00565	0.00187	0.00890	0.00457	0.00282	0.00926
8	0.00842	0.00621	0.00857	0.01069	0.04463	0.00585	0.00680	0.00971	0.01272	0.01704	0.03512	0.72779	0.04192	0.01990	0.00831	0.00264	0.00401	0.01809	0.00597	0.00560
9	0.09224	0.40655	0.02594	0.01326	0.01791	0.29120	0.01147	0.04211	0.01566	0.01774	0.00973	0.01121	0.00842	0.00617	0.00492	0.00159	0.00867	0.00386	0.00325	0.00811
10	0.00787	0.00630	0.00705	0.00765	0.00915	0.00548	0.00544	0.00934	0.01406	0.01740	0.05478	0.33800	0.45795	0.01822	0.00802	0.00240	0.00352	0.01578	0.00611	0.00548
11	0.01365	0.01170	0.01365	0.00975	0.01560	0.00878	0.00780	0.01658	0.01365	0.02145	0.01170	0.01365	0.00975	0.00488	0.00488	0.00098	0.00488	0.00390	0.00390	0.80888
12	0.01856	0.01516	0.01613	0.01366	0.01792	0.01703	0.01084	0.21554	0.48969	0.03097	0.02295	0.02156	0.01709	0.00842	0.00656	0.00209	0.00574	0.00683	0.00651	0.05676
13	0.00802	0.00573	0.00764	0.00917	0.00955	0.00535	0.00611	0.00917	0.01260	0.01681	0.03628	0.76434	0.04354	0.02062	0.00840	0.00267	0.00382	0.01872	0.00611	0.00535
14	0.02459	0.03138	0.01866	0.01696	0.02035	0.74221	0.01272	0.02629	0.01866	0.01611	0.01018	0.01187	0.00848	0.00678	0.00594	0.00170	0.01187	0.00424	0.00339	0.00763
15	0.01362	0.01291	0.02189	0.53358	0.25529	0.01494	0.01887	0.01786	0.01373	0.01826	0.01191	0.01716	0.00928	0.00636	0.00656	0.00212	0.00848	0.00586	0.00303	0.00827
16	0.02911	0.01188	0.01570	0.01204	0.01714	0.01068	0.00994	0.09530	0.01998	0.66730	0.02502	0.02179	0.01582	0.00813	0.00662	0.00203	0.00576	0.00656	0.00800	0.01120
17	0.00793	0.00667	0.00688	0.00683	0.00898	0.00562	0.00512	0.00974	0.01536	0.01863	0.13086	0.06197	0.66020	0.01636	0.00778	0.00221	0.00331	0.01370	0.00622	0.00562
18	0.00903	0.00742	0.00807	0.00777	0.00969	0.02726	0.00583	0.01141	0.01691	0.02201	0.39122	0.05483	0.37527	0.01479	0.00772	0.00213	0.00347	0.01263	0.00660	0.00594
19	0.01365	0.01170	0.01365	0.00975	0.01560	0.00878	0.00780	0.01658	0.01365	0.02145	0.01170	0.01365	0.00975	0.00488	0.00488	0.00098	0.00488	0.00390	0.00390	0.80888
20	0.81514	0.01273	0.00968	0.00866	0.01273	0.01477	0.00713	0.01935	0.01120	0.02954	0.00917	0.01069	0.00713	0.00611	0.00407	0.00204	0.00509	0.00356	0.00407	0.00713
21	0.00941	0.00675	0.00882	0.00847	0.00986	0.00638	0.00631	0.01220	0.01733	0.02441	0.59920	0.04891	0.05568	0.08197	0.04026	0.00285	0.00414	0.04430	0.00675	0.00599
22	0.01670	0.01637	0.02744	0.03786	0.62310	0.03703	0.08393	0.03869	0.01557	0.02184	0.01250	0.01629	0.01035	0.00592	0.00662	0.00197	0.00823	0.00600	0.00336	0.01022
23	0.00852	0.00703	0.00742	0.00739	0.00941	0.00627	0.00544	0.01117	0.05539	0.01880	0.11835	0.10376	0.54767	0.05294	0.00901	0.00244	0.00360	0.01344	0.00614	0.00581
24	0.01535	0.01468	0.02503	0.21359	0.56173	0.01539	0.01974	0.01938	0.01455	0.02037	0.01222	0.01660	0.01003	0.00604	0.00653	0.00201	0.00805	0.00586	0.00318	0.00967
25	0.01495	0.01362	0.02138	0.42963	0.22165	0.01574	0.01771	0.08623	0.04935	0.02097	0.01291	0.01728	0.01000	0.00681	0.00710	0.00214	0.03439	0.00594	0.00355	0.00867
26	0.81514	0.01273	0.00968	0.00866	0.01273	0.01477	0.00713	0.01935	0.01120	0.02954	0.00917	0.01069	0.00713	0.00611	0.00407	0.00204	0.00509	0.00356	0.00407	0.00713
27	0.01629	0.01564	0.02672	0.04041	0.72757	0.01564	0.02020	0.02020	0.01499	0.02151	0.01238	0.01629	0.01043	0.00587	0.00652	0.00196	0.00782	0.00587	0.00326	0.01043
28	0.01629	0.01564	0.02672	0.04041	0.72757	0.01564	0.02020	0.02020	0.01499	0.02151	0.01238	0.01629	0.01043	0.00587	0.00652	0.00196	0.00782	0.00587	0.00326	0.01043
29	0.81514	0.01273	0.00968	0.00866	0.01273	0.01477	0.00713	0.01935	0.01120	0.02954	0.00917	0.01069	0.00713	0.00611	0.00407	0.00204	0.00509	0.00356	0.00407	0.00713
30	0.01629	0.01564	0.02672	0.04041	0.72757	0.01564	0.02020	0.02020	0.01499	0.02151	0.01238	0.01629	0.01043	0.00587	0.00652	0.00196	0.00782	0.00587	0.00326	0.01043
31	0.01680	0.01580	0.02632	0.03895	0.68672	0.01592	0.01976	0.05980	0.01591	0.02266	0.01258	0.01627	0.01047	0.00598	0.00652	0.00196	0.00779	0.00587	0.00345	0.01047
32	0.00930	0.00627	0.00726	0.00753	0.00760	0.00620	0.00436	0.00950	0.01011	0.01348	0.02348	0.17002	0.02738	0.63699	0.02909	0.00573	0.00593	0.01118	0.00436	0.00423
33	0.00858	0.00675	0.00778	0.00766	0.00956	0.00595	0.00584	0.01093	0.01652	0.02146	0.33671	0.05814	0.40996	0.01543	0.00785	0.00221	0.00340	0.05283	0.00658	0.00586
34	0.20756	0.27113	0.06394	0.01377	0.05514	0.03735	0.04261	0.05063	0.01506	0.16696	0.01340	0.01408	0.01002	0.00643	0.00522	0.00182	0.00681	0.00467	0.00441	0.00899
35	0.01760	0.77260	0.03450	0.01126	0.01690	0.02605	0.01126	0.01971	0.01338	0.01549	0.00915	0.01056	0.00845	0.00563	0.00422	0.00141	0.00704	0.00352	0.00282	0.00845
36	0.06254	0.17633	0.02241	0.01548	0.01730	0.10612	0.01312	0.01809	0.01185	0.01659	0.00896	0.01308	0.00849	0.00941	0.01508	0.00238	0.46728	0.00498	0.00300	0.00751
37	0.01760	0.77260	0.03450	0.01126	0.01690	0.02605	0.01126	0.01971	0.01338	0.01549	0.00915	0.01056	0.00845	0.00563	0.00422	0.00141	0.00704	0.00352	0.00282	0.00845
38	0.01792	0.01501	0.05673	0.01344	0.01700	0.04163	0.01110	0.24745	0.14601	0.07364	0.04118	0.19447	0.02166	0.01135	0.00804	0.00225	0.05677	0.00928	0.00602	0.00906
39	0.00813	0.00599	0.00762	0.00868	0.00948	0.00548	0.00595	0.00958	0.01366	0.01803	0.11809	0.57408	0.15271	0.01920	0.00823	0.00254	0.00366	0.01719	0.00624	0.00548
40	0.01501	0.01064	0.01386	0.03846	0.09735	0.01107	0.01033	0.02244	0.22963	0.12186	0.08390	0.20792	0.02864	0.01236	0.00736	0.00233	0.00525	0.06685	0.00623	0.00850
41	0.00862	0.00606	0.00825	0.00947	0.01001	0.00592	0.00663	0.00982	0.01228	0.01647	0.03228	0.55996	0.03773	0.05160	0.09237	0.04310	0.00574	0.07282	0.00558	0.00530
42	0.02273	0.04723	0.03904	0.01810	0.02195	0.59768	0.09147	0.02502	0.01774	0.01677	0.01049	0.01265	0.00865	0.00678	0.00669	0.00180	0.03934	0.00470	0.00334	0.00783
43	0.01213	0.01130	0.01893	0.70260	0.04292	0.01400	0.01746	0.01630	0.01313	0.01682	0.01336	0.06798	0.01112	0.00753	0.00670	0.00223	0.00844	0.00672	0.00314	0.00718
44	0.00801	0.00578	0.00759	0.00903	0.00951	0.00536	0.00605	0.00918	0.01273	0.01686	0.03789	0.72731	0.07953	0.02042	0.00837	0.00265	0.00379	0.01846	0.00611	0.00536
45	0.00806	0.00665	0.00707	0.00704	0.00908	0.00566	0.00525	0.00996	0.01555	0.01925	0.18020	0.08573	0.58523	0.01625	0.00780	0.00221	0.00331	0.01372	0.00631	0.00566
46	0.01778	0.01682	0.02469	0.05823	0.48072	0.06117	0.04883	0.11106	0.07192	0.02407	0.01384	0.01671	0.01108	0.00644	0.00656	0.00198	0.00797	0.00598	0.00396	0.01017
47	0.01831	0.01515	0.01636	0.01466	0.04065	0.01726	0.01120	0.18508	0.53946	0.03048	0.02387	0.02233	0.01779	0.00860	0.00667	0.00217	0.00575	0.00705	0.00656	0.01059
48	0.00784	0.00667	0.00675	0.00673	0.00893	0.00558	0.00504	0.00955	0.01513	0.01809	0.09012	0.06285	0.70127	0.01656	0.00778	0.00222	0.00333	0.01382	0.00615	0.00558
49	0.81514	0.01273	0.00968	0.00866	0.01273	0.01477	0.00713	0.01935	0.01120	0.02954	0.00917	0.01069	0.00713	0.00611	0.00407	0.00204	0.00509	0.00356	0.00407	0.00713
50	0.01760	0.77260	0.03450	0.01126	0.01690	0.02605	0.01126	0.01971	0.01338	0.01549	0.00915	0.01056	0.00845	0.00563	0.00422	0.00141	0.00704	0.00352	0.00282	0.00845
51	0.01643	0.01758	0.09303	0.03583	0.57633	0.01604	0.04544	0.05978	0.01570	0.02243	0.01246	0.01604	0.01021	0.00616	0.00695	0.00200	0.02807	0.00584	0.00340	0.01026
52	0.01396	0.09035	0.01553	0.01238	0.01472	0.18308	0.03507	0.01608	0.01315	0.01572	0.01787	0.02385	0.05487	0.07148	0.38513	0.00653	0.01351	0.00660	0.00359	0.00654
53	0.01723	0.71005	0.09378	0.01190	0.01788	0.02514	0.01237	0.01981	0.01342	0.01594	0.00938	0.01084	0.00844	0.00568	0.00440	0.00147	0.00727	0.00363	0.00281	0.00856
54	0.01617	0.34473	0.25276	0.01736	0.02437	0.05855	0.16082	0.02070	0.01427	0.01837	0.01091	0.01318	0.00874	0.00587	0.00569	0.00180	0.00899	0.00487	0.00294	0.00889
55	0.00906	0.00722	0.00820	0.00819	0.01004	0.00672	0.00604	0.01263	0.08137	0.02094	0.24148	0.17765	0.35493	0.01573	0.00778	0.00226	0.00353	0.01357	0.00648	0.00616
56	0.01813	0.12458	0.01752	0.01278	0.01671	0.10316	0.01028	0.02917	0.39425	0.09559	0.05290	0.02386	0.05559	0.00871	0.00634	0.00202	0.00613	0.00693	0.00588	0.00945
57	0.01320	0.03405	0.73453	0.01876	0.02849	0.01529	0.02432	0.02085	0.01390	0.02085	0.01181	0.01390	0.00834	0.00625	0.00625	0.00208	0.00973	0.00486	0.00278	0.00973
58	0.02503	0.01844	0.01976	0.01515	0.02042	0.02042	0.01251	0.70562	0.03095	0.04149	0.01581	0.01581	0.01120	0.00790	0.00659	0.00198	0.00724	0.00593	0.00659	0.01120
59	0.01607	0.01541	0.02632	0.08156	0.68816	0.01558	0.02009	0.02001	0.01488	0.02124	0.01234	0.01637	0.01033	0.00591	0.00652	0.00197	0.00788	0.00586	0.00324	0.01025
60	0.00801	0.00578	0.00759	0.00904	0.00952	0.00536	0.00606	0.00918	0.01272	0.01685	0.03777	0.73009	0.07683	0.02043	0.00837	0.00265	0.00380	0.01848	0.00611	0.00536
61	0.01320	0.03405	0.73453	0.01876	0.02849	0.01529	0.02432	0.02085	0.01390	0.02085	0.01181	0.01390	0.00834	0.00625	0.00625	0.00208	0.00973	0.00486	0.00278	0.00973
62	0.01612	0.01546	0.02641	0.07264	0.69670	0.01560	0.02012	0.02005	0.01491	0.02130	0.01235	0.01635	0.01035	0.00590	0.00652	0.00197	0.00786	0.00586	0.00324	0.01029
63	0.02465	0.17028	0.01962	0.01206	0.01710	0.01505	0.01031	0.14306	0.05462	0.39844	0.02264	0.02079	0.04605	0.00801	0.00617	0.00191	0.00606	0.00623	0.00661	0.01034
64	0.01340	0.01269	0.02149	0.57476	0.21585	0.01488	0.01876	0.01767	0.01362	0.01799	0.01187	0.01724	0.00919	0.00640	0.00657	0.00213	0.00854	0.00585	0.00301	0.00809
65	0.01243	0.01170	0.01975	0.75282	0.04534	0.01463	0.01828	0.01682	0.01316	0.01682	0.01170	0.01755	0.00878	0.00658	0.00658	0.00219	0.00878	0.00585	0.00293	0.00731
66	0.00810	0.00579	0.00771	0.00912	0.00957	0.00540	0.00612	0.00935	0.01295	0.01736	0.07602	0.72303	0.04461	0.02021	0.00837	0.00264	0.00378	0.01832	0.00618	0.00540
67	0.01342	0.03252	0.66923	0.01961	0.02905	0.01542	0.08809	0.02087	0.01405	0.02087	0.01196	0.01426	0.00849	0.00619	0.00640	0.00210	0.00986	0.00514	0.00283	0.00965
68	0.01350	0.05352	0.66287	0.01923	0.02861	0.01569	0.07478	0.02083	0.01401	0.02072	0.01185	0.01409	0.00847	0.00618	0.00631	0.00208	0.00976	0.00504	0.00282	0.00963
69	0.00778	0.00667	0.00667	0.00667	0.00889	0.00556	0.00500	0.00945	0.01501	0.01778	0.06669	0.06336	0.72490	0.01667	0.00778	0.00222	0.00333	0.01389	0.00611	0.00556
70	0.01243	0.01170	0.01975	0.75282	0.04534	0.01463	0.01828	0.01682	0.01316	0.01682	0.01170	0.01755	0.00878	0.00658	0.00658	0.00219	0.00878	0.00585	0.00293	0.00731
71	0.01475	0.18273	0.55211	0.01715	0.02569	0.05945	0.02102	0.02093	0.01407	0.01949	0.01118	0.01311	0.00837	0.00616	0.00583	0.00193	0.00931	0.00456	0.00282	0.00935
72	0.00799	0.00584	0.00753	0.00888	0.00947	0.00537	0.00598	0.00920	0.01288	0.01692	0.03979	0.68356	0.12206	0.02017	0.00833	0.00262	0.00376	0.01816	0.00611	0.00537
73	0.01600	0.01535	0.02620	0.09371	0.67653	0.01557	0.02006	0.01995	0.01485	0.02116	0.01233	0.01639	0.01030	0.00592	0.00652	0.00197	0.00789	0.00586	0.00323	0.01019
74	0.01279	0.01207	0.02040	0.68604	0.10928	0.01472	0.01846	0.01714	0.01333	0.01726	0.01176	0.01743	0.00893	0.00651	0.00658	0.00217	0.00869	0.00585	0.00296	0.00761
75	0.01574	0.01719	0.03560	0.03114	0.22011	0.01638	0.52056	0.02085	0.01539	0.02120	0.01307	0.01737	0.01011	0.00563	0.00743	0.00215	0.01022	0.00726	0.00331	0.00929
76	0.01320	0.03405	0.73453	0.01876	0.02849	0.01529	0.02432	0.02085	0.01390	0.02085	0.01181	0.01390	0.00834	0.00625	0.00625	0.00208	0.00973	0.00486	0.00278	0.00973
77	0.00818	0.00666	0.00730	0.00770	0.00959	0.00579	0.00587	0.00995	0.01471	0.01790	0.05859	0.15747	0.54667	0.01739	0.00803	0.00239	0.00375	0.10038	0.00611	0.00559
78	0.01334	0.03322	0.70250	0.01974	0.06012	0.01530	0.02414	0.02082	0.01395	0.02088	0.01184	0.01401	0.00843	0.00624	0.00627	0.00208	0.00964	0.00491	0.00280	0.00976
79	0.01271	0.01178	0.01967	0.54578	0.15761	0.01383	0.01735	0.01677	0.01370	0.01804	0.03870	0.05671	0.01354	0.00775	0.00678	0.00220	0.00809	0.02794	0.00339	0.00767
80	0.01612	0.01546	0.02641	0.07264	0.69670	0.01560	0.02012	0.02005	0.01491	0.02130	0.01235	0.01635	0.01035	0.00590	0.00652	0.00197	0.00786	0.00586	0.00324	0.01029
81	0.01334	0.05770	0.71211	0.01852	0.02812	0.01563	0.02391	0.02081	0.01388	0.02068	0.01173	0.01379	0.00834	0.00623	0.00619	0.00206	0.00964	0.00482	0.00278	0.00969
82	0.02049	0.05792	0.19344	0.01548	0.02136	0.05249	0.07862	0.10256	0.05697	0.24520	0.01933	0.07485	0.01467	0.00821	0.00662	0.00207	0.00755	0.00691	0.00545	0.00981
83	0.02086	0.07583	0.13615	0.03994	0.01982	0.01223	0.05481	0.04832	0.01678	0.34970	0.04037	0.11885	0.01835	0.00921	0.00670	0.00209	0.00661	0.00785	0.00600	0.00955
84	0.01629	0.01564	0.02672	0.04041	0.72757	0.01564	0.02020	0.02020	0.01499	0.02151	0.01238	0.01629	0.01043	0.00587	0.00652	0.00196	0.00782	0.00587	0.00326	0.01043
85	0.01759	0.01703	0.02784	0.08529	0.36093	0.06470	0.19840	0.07881	0.01673	0.04883	0.01323	0.01666	0.01034	0.00615	0.00682	0.00203	0.00889	0.00629	0.00372	0.00969
86	0.04163	0.28160	0.25454	0.01527	0.02162	0.04788	0.07355	0.03988	0.01464	0.04590	0.01415	0.05980	0.01246	0.00758	0.00590	0.00192	0.00810	0.04131	0.00358	0.00870
87	0.01457	0.01429	0.02616	0.02997	0.38184	0.01387	0.20458	0.01876	0.01593	0.02245	0.16699	0.02383	0.02152	0.00743	0.00713	0.00205	0.00770	0.00770	0.00414	0.00909
88	0.00802	0.00573	0.00764	0.00917	0.00955	0.00535	0.00611	0.00917	0.01260	0.01681	0.03628	0.76434	0.04354	0.02062	0.00840	0.00267	0.00382	0.01872	0.00611	0.00535
89	0.01445	0.22888	0.52466	0.01710	0.02563	0.01818	0.04494	0.02056	0.01382	0.01944	0.01116	0.01315	0.00843	0.00606	0.00577	0.00191	0.00907	0.00461	0.00281	0.00936
90	0.10079	0.32028	0.21803	0.01380	0.02016	0.07181	0.01448	0.08020	0.01558	0.07288	0.01175	0.01289	0.00909	0.00631	0.00526	0.00177	0.00783	0.00437	0.00369	0.00904
91	0.01594	0.01511	0.02535	0.03777	0.66269	0.01518	0.01920	0.02032	0.03964	0.02182	0.03453	0.01908	0.01302	0.00652	0.00663	0.00200	0.00754	0.02391	0.00357	0.01019
92	0.01568	0.01482	0.02508	0.03749	0.65836	0.01480	0.01906	0.01951	0.01517	0.02166	0.04778	0.02069	0.01425	0.00683	0.00670	0.00201	0.00751	0.03900	0.00359	0.01001
93	0.07927	0.41046	0.07067	0.01422	0.05741	0.04297	0.03682	0.04592	0.01479	0.07374	0.03045	0.01693	0.01211	0.00704	0.00572	0.00178	0.02685	0.04041	0.00380	0.00862
94	0.01342	0.05532	0.68946	0.01886	0.02836	0.01565	0.04773	0.02082	0.01394	0.02070	0.01179	0.01394	0.00840	0.00621	0.00625	0.00207	0.00970	0.00493	0.00280	0.00966
95	0.00785	0.00640	0.00694	0.00738	0.00908	0.00550	0.00532	0.00937	0.01433	0.01751	0.05809	0.26158	0.53222	0.01779	0.00796	0.00235	0.00347	0.01526	0.00611	0.00550
96	0.01617	0.01552	0.02650	0.06275	0.70618	0.01561	0.02014	0.02010	0.01493	0.02136	0.01236	0.01633	0.01038	0.00589	0.00652	0.00196	0.00785	0.00587	0.00325	0.01033
97	0.01678	0.01682	0.02254	0.24157	0.32299	0.11973	0.01759	0.06566	0.01566	0.02025	0.01180	0.01585	0.00958	0.00680	0.00767	0.00206	0.06874	0.00562	0.00337	0.00891
98	0.01671	0.01578	0.02639	0.03920	0.69373	0.01587	0.01984	0.05300	0.01575	0.02246	0.01255	0.01627	0.01046	0.00596	0.00652	0.00196	0.00779	0.00587	0.00342	0.01046
99	0.02836	0.01309	0.01645	0.01261	0.01775	0.01248	0.01042	0.20807	0.02201	0.55167	0.02332	0.02068	0.01496	0.00808	0.00661	0.00202	0.00603	0.00644	0.00774	0.01120
100	0.02498	0.01965	0.01965	0.01532	0.02041	0.08817	0.01253	0.64186	0.02980	0.03911	0.01528	0.01544	0.01094	0.00780	0.00652	0.00195	0.00768	0.00577	0.00629	0.01086
101	0.01193	0.00730	0.00946	0.00887	0.01088	0.00662	0.00679	0.01461	0.01750	0.12341	0.45060	0.11659	0.12648	0.01400	0.00774	0.00219	0.00371	0.04750	0.00708	0.00675
102	0.02954	0.01120	0.01528	0.01171	0.01681	0.00968	0.00968	0.03208	0.01884	0.73213	0.02597	0.02241	0.01630	0.00815	0.00662	0.00204	0.00560	0.00662	0.00815	0.01120
103	0.01243	0.01170	0.01975	0.75282	0.04534	0.01463	0.01828	0.01682	0.01316	0.01682	0.01170	0.01755	0.00878	0.00658	0.00658	0.00219	0.00878	0.00585	0.00293	0.00731
104	0.02177	0.01628	0.01752	0.01424	0.01887	0.01815	0.01150	0.39427	0.30841	0.07572	0.02086	0.01974	0.01511	0.00833	0.00663	0.00208	0.00632	0.00658	0.00672	0.01088
105	0.00928	0.00726	0.01057	0.01079	0.01225	0.00681	0.05665	0.01147	0.01435	0.01890	0.10692	0.37900	0.13196	0.01772	0.00838	0.00261	0.00475	0.17843	0.00601	0.00589
106	0.01243	0.01170	0.01975	0.75282	0.04534	0.01463	0.01828	0.01682	0.01316	0.01682	0.01170	0.01755	0.00878	0.00658	0.00658	0.00219	0.00878	0.00585	0.00293	0.00731
107	0.01243	0.01170	0.01975	0.75282	0.04534	0.01463	0.01828	0.01682	0.01316	0.01682	0.01170	0.01755	0.00878	0.00658	0.00658	0.00219	0.00878	0.00585	0.00293	0.00731
108	0.01629	0.01564	0.02672	0.04041	0.72757	0.01564	0.02020	0.02020	0.01499	0.02151	0.01238	0.01629	0.01043	0.00587	0.00652	0.00196	0.00782	0.00587	0.00326	0.01043
109	0.02254	0.02803	0.02209	0.01871	0.02271	0.57413	0.13672	0.02581	0.05434	0.01760	0.01160	0.01359	0.00935	0.00667	0.00630	0.00182	0.01139	0.00504	0.00355	0.00800
110	0.01615	0.01589	0.02616	0.11637	0.59871	0.04263	0.04777	0.02010	0.01495	0.02078	0.01227	0.01633	0.01016	0.00596	0.00655	0.00198	0.00821	0.00588	0.00323	0.00992
111	0.01266	0.01193	0.02015	0.71166	0.08475	0.01468	0.01839	0.01702	0.01327	0.01709	0.01174	0.01748	0.00887	0.00654	0.00658	0.00218	0.00872	0.00585	0.00294	0.00749
112	0.01642	0.35029	0.15255	0.04150	0.02044	0.03623	0.05054	0.03605	0.03932	0.05959	0.03125	0.05451	0.01287	0.00854	0.02575	0.00208	0.04412	0.00568	0.00370	0.00858
113	0.01712	0.01892	0.21963	0.01469	0.02024	0.03431	0.05331	0.13669	0.05870	0.12950	0.02591	0.05426	0.11556	0.00985	0.00698	0.00218	0.00718	0.06052	0.00534	0.00910
114	0.03724	0.04473	0.29086	0.01551	0.05374	0.04319	0.01521	0.06584	0.01499	0.03837	0.05814	0.12215	0.05253	0.05440	0.00931	0.00243	0.06098	0.00798	0.00421	0.00819
115	0.01568	0.01449	0.02261	0.20983	0.41730	0.04070	0.01770	0.04461	0.01534	0.03865	0.04722	0.03906	0.01348	0.00713	0.00703	0.00206	0.02777	0.00647	0.00369	0.00918
116	0.03962	0.03911	0.16741	0.01359	0.01853	0.03117	0.02928	0.17110	0.03598	0.11699	0.08380	0.07626	0.07672	0.01022	0.00691	0.00215	0.00667	0.06002	0.00560	0.00887
117	0.03890	0.06285	0.21748	0.01463	0.01992	0.11063	0.03804	0.11354	0.04891	0.04840	0.07888	0.09501	0.01838	0.02730	0.00714	0.00211	0.00764	0.00721	0.00461	0.03842
118	0.01844	0.03533	0.11193	0.05300	0.07116	0.03784	0.07399	0.16576	0.05312	0.12785	0.07051	0.05707	0.03409	0.00854	0.00717	0.00207	0.02894	0.00721	0.00527	0.03073

[dist]
# distance from previous block
# <min> <max>
1	14

[block]
# block no. 3 follows, 33 sequences, length 10
# corresponding to MSA columns:
# 285-294
name=unknown_D
#
# <colnr> <probs for GDERKNQSTAVLIFYWHMCP>
#	G	D	E	R	K	N	Q	S	T	A	V	L	I	F	Y	W	H	M	C	P
0	0.07033	0.01615	0.09985	0.04817	0.32627	0.01411	0.04709	0.08143	0.01633	0.02409	0.09255	0.02038	0.03464	0.00717	0.00642	0.00194	0.00709	0.00641	0.00413	0.07546
1	0.06815	0.01607	0.02296	0.11819	0.46119	0.06960	0.01734	0.05994	0.01565	0.02222	0.01209	0.01556	0.00988	0.00609	0.00622	0.00191	0.00784	0.00547	0.00352	0.06010
2	0.01669	0.01519	0.02162	0.08109	0.29502	0.05631	0.06641	0.07675	0.03708	0.04889	0.01601	0.01844	0.04553	0.00662	0.00632	0.00180	0.00735	0.00598	0.00408	0.17283
3	0.01588	0.01527	0.02405	0.05474	0.51382	0.05008	0.05336	0.04455	0.01599	0.02211	0.08199	0.04762	0.01653	0.00728	0.00675	0.00200	0.00759	0.00696	0.00387	0.00955
4	0.01629	0.01564	0.02672	0.04041	0.72757	0.01564	0.02020	0.02020	0.01499	0.02151	0.01238	0.01629	0.01043	0.00587	0.00652	0.00196	0.00782	0.00587	0.00326	0.01043
5	0.01984	0.01627	0.02141	0.12006	0.24013	0.01779	0.01543	0.33923	0.09050	0.03075	0.01529	0.01704	0.01151	0.00720	0.00658	0.00202	0.00742	0.00605	0.00509	0.01037
6	0.00932	0.00673	0.00880	0.00828	0.00984	0.00621	0.00621	0.01242	0.01863	0.02640	0.72410	0.04918	0.06212	0.01346	0.00776	0.00207	0.00311	0.01191	0.00725	0.00621
7	0.02425	0.01717	0.01867	0.01459	0.01962	0.01886	0.01196	0.55039	0.12453	0.10363	0.01827	0.01763	0.01290	0.00807	0.00660	0.00202	0.00681	0.00620	0.00675	0.01109
8	0.00957	0.00638	0.00718	0.00718	0.00718	0.00638	0.00399	0.00957	0.00957	0.01276	0.02074	0.04308	0.02393	0.76864	0.03351	0.00638	0.00638	0.00957	0.00399	0.00399
9	0.02802	0.01087	0.01479	0.01145	0.01628	0.00942	0.00942	0.03061	0.01883	0.67907	0.07846	0.02442	0.01974	0.00855	0.00671	0.00204	0.00541	0.00702	0.00808	0.01083

[dist]
# distance from previous block
# <min> <max>
0	1

# created by:
# /home/berkeley/.conda/envs/busco_data_prod/bin/msa2prfl.pl pipeline/OGs_align_augustus/4893/7426.fs
