[name]
unknown

[dist]
# distance from previous block
# <min> <max>
7	55

[block]
# block no. 0 follows, 31 sequences, length 10
# corresponding to MSA columns:
# 60-69
name=unknown_A
#
# <colnr> <probs for GDERKNQSTAVLIFYWHMCP>
#	G	D	E	R	K	N	Q	S	T	A	V	L	I	F	Y	W	H	M	C	P
0	0.04743	0.03562	0.03930	0.05677	0.05159	0.13272	0.05802	0.13554	0.10087	0.07580	0.01977	0.04568	0.04958	0.01184	0.06246	0.00277	0.02513	0.00694	0.00507	0.03708
1	0.01903	0.01616	0.06711	0.05569	0.06439	0.07380	0.01232	0.09222	0.12373	0.14442	0.04662	0.02477	0.05978	0.00863	0.00670	0.00199	0.00678	0.03056	0.00566	0.13964
2	0.01863	0.03849	0.04230	0.03678	0.12199	0.06583	0.01270	0.17271	0.04273	0.09268	0.08578	0.06700	0.05059	0.05163	0.00978	0.00243	0.06540	0.00796	0.00546	0.00913
3	0.05009	0.08926	0.06683	0.06789	0.04690	0.07298	0.07492	0.10634	0.10179	0.02425	0.01940	0.02066	0.07372	0.00768	0.00634	0.00189	0.00741	0.00632	0.00459	0.15074
4	0.05836	0.12870	0.02297	0.06091	0.10438	0.06368	0.08971	0.04483	0.05992	0.07639	0.03687	0.10030	0.01641	0.00926	0.00854	0.00221	0.09573	0.00755	0.00452	0.00876
5	0.37568	0.01196	0.01208	0.01018	0.01427	0.01233	0.00810	0.05665	0.01495	0.20973	0.01772	0.07115	0.01454	0.07163	0.00804	0.00246	0.00555	0.00635	0.00561	0.07103
6	0.01269	0.01081	0.01627	0.10072	0.01974	0.01146	0.10672	0.06639	0.05429	0.02214	0.09034	0.23585	0.08922	0.01312	0.00876	0.00241	0.05925	0.01160	0.06083	0.00737
7	0.00942	0.00659	0.00768	0.00790	0.00842	0.00632	0.00492	0.01020	0.01225	0.01625	0.11030	0.17325	0.11187	0.45778	0.02405	0.00494	0.00540	0.01242	0.00518	0.00485
8	0.01494	0.04294	0.09891	0.13483	0.13178	0.04651	0.15242	0.05466	0.03951	0.02186	0.06306	0.13062	0.01918	0.00927	0.00730	0.00224	0.00827	0.00871	0.00431	0.00868
9	0.01363	0.00998	0.01258	0.01145	0.01345	0.01117	0.00878	0.17226	0.01578	0.02180	0.01848	0.02776	0.01727	0.17345	0.43139	0.00808	0.01360	0.00754	0.00450	0.00704

[dist]
# distance from previous block
# <min> <max>
0	1

[block]
# block no. 1 follows, 31 sequences, length 44
# corresponding to MSA columns:
# 71-114
name=unknown_B
#
# <colnr> <probs for GDERKNQSTAVLIFYWHMCP>
#	G	D	E	R	K	N	Q	S	T	A	V	L	I	F	Y	W	H	M	C	P
0	0.04740	0.01902	0.20779	0.20573	0.07834	0.01431	0.08729	0.04306	0.01553	0.08918	0.03506	0.05763	0.01358	0.00766	0.00682	0.00216	0.00839	0.00679	0.00412	0.05013
1	0.01060	0.00780	0.01022	0.01023	0.01192	0.00735	0.02981	0.01392	0.07240	0.05032	0.12628	0.43743	0.12648	0.01735	0.00820	0.00250	0.00430	0.01553	0.00648	0.03089
2	0.01888	0.01995	0.08542	0.01514	0.04596	0.14748	0.01244	0.14570	0.10701	0.02582	0.01469	0.01583	0.01143	0.00673	0.00604	0.00166	0.00751	0.00515	0.00470	0.30246
3	0.07931	0.13560	0.04340	0.01688	0.04191	0.39685	0.04028	0.07114	0.04559	0.05067	0.01238	0.01377	0.00985	0.00695	0.00598	0.00184	0.00998	0.00482	0.00403	0.00875
4	0.01658	0.01589	0.02713	0.10398	0.65767	0.01616	0.02082	0.02069	0.01541	0.02192	0.01281	0.01705	0.01069	0.00616	0.00678	0.00205	0.00822	0.00609	0.00336	0.01055
5	0.04717	0.01710	0.01870	0.03418	0.02043	0.01876	0.01216	0.50203	0.09005	0.10754	0.01845	0.01822	0.01307	0.00823	0.00669	0.00207	0.00696	0.00631	0.04076	0.01111
6	0.00982	0.00716	0.01015	0.01015	0.01108	0.00809	0.00750	0.01168	0.01075	0.01526	0.01909	0.03114	0.01895	0.21990	0.56639	0.00996	0.01554	0.00795	0.00378	0.00564
7	0.00820	0.00672	0.00724	0.00757	0.00943	0.00575	0.00550	0.00988	0.01519	0.01861	0.08773	0.21817	0.54007	0.01811	0.00823	0.00241	0.00357	0.01547	0.00640	0.00575
8	0.01696	0.01738	0.05642	0.14287	0.39228	0.04925	0.05298	0.06843	0.01607	0.02214	0.01251	0.01664	0.01022	0.00704	0.00851	0.00218	0.08873	0.00606	0.00353	0.00979
9	0.00851	0.00685	0.00758	0.00761	0.00955	0.00592	0.00562	0.01055	0.01628	0.02059	0.22534	0.13126	0.48652	0.01691	0.00815	0.00232	0.00346	0.01443	0.00664	0.00592
10	0.01293	0.01160	0.01869	0.39213	0.14575	0.01348	0.01592	0.01612	0.01355	0.01794	0.01852	0.07454	0.06074	0.01057	0.00981	0.06548	0.05974	0.03139	0.00366	0.00745
11	0.80789	0.01323	0.01006	0.00900	0.01323	0.01535	0.00741	0.02011	0.01164	0.03070	0.00953	0.01111	0.00741	0.00635	0.00423	0.00212	0.00529	0.00370	0.00423	0.00741
12	0.01419	0.01216	0.01419	0.01013	0.01621	0.00912	0.00811	0.01723	0.01419	0.02229	0.01216	0.01419	0.01013	0.00507	0.00507	0.00101	0.00507	0.00405	0.00405	0.80139
13	0.01767	0.66424	0.12982	0.01277	0.01920	0.02554	0.01356	0.02065	0.01398	0.01686	0.00989	0.01145	0.00876	0.00594	0.00468	0.00156	0.00770	0.00385	0.00292	0.00896
14	0.02457	0.01482	0.01703	0.01378	0.01863	0.01562	0.01115	0.21866	0.26450	0.28816	0.02435	0.02216	0.01685	0.00868	0.00690	0.00217	0.00615	0.00698	0.00748	0.01135
15	0.01198	0.00895	0.01108	0.00946	0.01245	0.00790	0.00732	0.01477	0.01681	0.05965	0.34436	0.07085	0.12427	0.01191	0.00786	0.00192	0.03745	0.01009	0.00622	0.22469
16	0.03841	0.01589	0.02595	0.03770	0.61345	0.01615	0.01944	0.02134	0.04567	0.02264	0.01327	0.01697	0.01109	0.00641	0.00721	0.00204	0.03430	0.00602	0.00358	0.04247
17	0.00995	0.00663	0.00746	0.00746	0.00746	0.00663	0.00415	0.00995	0.00995	0.01327	0.02156	0.04477	0.02487	0.75957	0.03482	0.00663	0.00663	0.00995	0.00415	0.00415
18	0.00830	0.00608	0.00780	0.00918	0.00983	0.00559	0.00620	0.00956	0.01343	0.01760	0.04192	0.66331	0.13432	0.02089	0.00865	0.00272	0.00390	0.01878	0.00635	0.00559
19	0.02556	0.03261	0.01939	0.01763	0.02115	0.73210	0.01322	0.02732	0.01939	0.01674	0.01058	0.01234	0.00881	0.00705	0.00617	0.00176	0.01234	0.00441	0.00353	0.00793
20	0.80789	0.01323	0.01006	0.00900	0.01323	0.01535	0.00741	0.02011	0.01164	0.03070	0.00953	0.01111	0.00741	0.00635	0.00423	0.00212	0.00529	0.00370	0.00423	0.00741
21	0.00869	0.00628	0.00828	0.00977	0.01032	0.00598	0.00666	0.01048	0.03318	0.01791	0.03736	0.70722	0.04431	0.02098	0.00871	0.00278	0.00410	0.04486	0.00637	0.00574
22	0.00934	0.00712	0.00863	0.00853	0.01022	0.00656	0.00628	0.01250	0.04498	0.02354	0.40883	0.16581	0.23069	0.01586	0.00813	0.00230	0.00350	0.01385	0.00701	0.00631
23	0.01770	0.01487	0.01581	0.01406	0.01799	0.01706	0.01106	0.10412	0.60474	0.02978	0.02701	0.02679	0.02071	0.00958	0.00706	0.00233	0.00567	0.03602	0.00692	0.01072
24	0.02594	0.01769	0.01943	0.01507	0.02038	0.01923	0.01239	0.54241	0.08659	0.14113	0.01893	0.01819	0.01318	0.00834	0.00686	0.00208	0.00710	0.00640	0.00709	0.01157
25	0.01693	0.01626	0.02777	0.04199	0.71689	0.01626	0.02100	0.02100	0.01558	0.02235	0.01287	0.01693	0.01084	0.00610	0.00677	0.00203	0.00813	0.00610	0.00339	0.01084
26	0.00874	0.00627	0.00828	0.00965	0.01029	0.00590	0.00675	0.01023	0.01367	0.01818	0.07231	0.59787	0.06677	0.04711	0.00969	0.00291	0.00426	0.08915	0.00633	0.00564
27	0.01167	0.00923	0.01557	0.01368	0.01608	0.00851	0.15708	0.01409	0.01468	0.06920	0.05685	0.45190	0.10031	0.01643	0.00837	0.00256	0.00569	0.01534	0.00591	0.00685
28	0.01415	0.01393	0.06830	0.01085	0.01723	0.00964	0.00942	0.01756	0.01421	0.02225	0.01217	0.01421	0.01002	0.00518	0.00518	0.00110	0.00545	0.00413	0.00396	0.74107
29	0.01720	0.01776	0.06764	0.01584	0.03857	0.11630	0.01274	0.11708	0.12601	0.02241	0.01674	0.05052	0.01504	0.10386	0.04621	0.00328	0.19274	0.00710	0.00456	0.00841
30	0.01003	0.00716	0.00879	0.00862	0.00907	0.00755	0.00563	0.01085	0.01109	0.01513	0.07201	0.04159	0.05665	0.51011	0.15986	0.00677	0.04016	0.00967	0.00435	0.00489
31	0.01009	0.00806	0.00976	0.01004	0.04181	0.00761	0.00707	0.01427	0.08185	0.02387	0.37155	0.08004	0.27912	0.01463	0.00794	0.00224	0.00376	0.01265	0.00685	0.00679
32	0.01693	0.01626	0.02777	0.04199	0.71689	0.01626	0.02100	0.02100	0.01558	0.02235	0.01287	0.01693	0.01084	0.00610	0.00677	0.00203	0.00813	0.00610	0.00339	0.01084
33	0.01693	0.01626	0.02777	0.04199	0.71689	0.01626	0.02100	0.02100	0.01558	0.02235	0.01287	0.01693	0.01084	0.00610	0.00677	0.00203	0.00813	0.00610	0.00339	0.01084
34	0.02561	0.03104	0.01952	0.01741	0.02116	0.64925	0.01319	0.10502	0.02088	0.01982	0.01126	0.01281	0.00914	0.00719	0.00625	0.00180	0.01178	0.00461	0.00391	0.00836
35	0.00834	0.00595	0.00794	0.00953	0.00992	0.00556	0.00635	0.00953	0.01310	0.01746	0.03771	0.75510	0.04525	0.02143	0.00873	0.00278	0.00397	0.01945	0.00635	0.00556
36	0.01740	0.01429	0.01531	0.01379	0.01763	0.01634	0.01080	0.03534	0.64644	0.05952	0.02814	0.02747	0.02144	0.00963	0.00706	0.00234	0.00547	0.03391	0.00700	0.01069
37	0.01702	0.01470	0.01547	0.01392	0.01779	0.01702	0.01083	0.03635	0.70453	0.02862	0.02785	0.02553	0.02088	0.00928	0.00696	0.00232	0.00541	0.00773	0.00696	0.01083
38	0.00840	0.00691	0.00739	0.00735	0.00945	0.00590	0.00548	0.01040	0.01622	0.02015	0.19061	0.08904	0.56533	0.01685	0.00811	0.00230	0.00344	0.01423	0.00658	0.00590
39	0.05337	0.07263	0.17307	0.01636	0.02214	0.21035	0.01521	0.23665	0.08732	0.02779	0.01434	0.01521	0.01077	0.00741	0.00634	0.00199	0.00907	0.00534	0.00475	0.00988
40	0.01658	0.10245	0.07682	0.01187	0.01688	0.02984	0.01047	0.04833	0.08912	0.10421	0.13660	0.05040	0.02245	0.00844	0.00627	0.00175	0.00580	0.00691	0.00542	0.24940
41	0.01965	0.34783	0.06541	0.01713	0.09781	0.19125	0.01360	0.07495	0.01685	0.01967	0.01218	0.04558	0.01090	0.00705	0.00561	0.00173	0.00855	0.00510	0.00362	0.03556
42	0.01607	0.21696	0.27829	0.01856	0.06512	0.01871	0.10010	0.06210	0.06351	0.02247	0.06321	0.01768	0.01405	0.00705	0.00633	0.00200	0.00847	0.00590	0.00385	0.00958
43	0.05957	0.06264	0.14514	0.09414	0.14113	0.05872	0.06287	0.03895	0.07044	0.02225	0.05352	0.02105	0.05661	0.00796	0.00741	0.00211	0.04594	0.00656	0.00408	0.03891

[dist]
# distance from previous block
# <min> <max>
1	13

[block]
# block no. 2 follows, 31 sequences, length 21
# corresponding to MSA columns:
# 128-148
name=unknown_C
#
# <colnr> <probs for GDERKNQSTAVLIFYWHMCP>
#	G	D	E	R	K	N	Q	S	T	A	V	L	I	F	Y	W	H	M	C	P
0	0.01709	0.14194	0.12840	0.01521	0.07552	0.01530	0.01296	0.09095	0.08384	0.08911	0.02279	0.06374	0.08979	0.00882	0.00639	0.00193	0.00660	0.00715	0.00500	0.11747
1	0.01214	0.04221	0.03364	0.00988	0.01254	0.05689	0.00793	0.07352	0.01873	0.02442	0.33729	0.08230	0.23513	0.01376	0.00767	0.00217	0.00470	0.01164	0.00647	0.00698
2	0.06761	0.01313	0.04126	0.01529	0.10865	0.01184	0.01070	0.12953	0.01730	0.04892	0.04131	0.15571	0.04783	0.02906	0.00730	0.00203	0.00583	0.00845	0.00517	0.23309
3	0.03926	0.14698	0.22494	0.07041	0.06056	0.06521	0.10629	0.08049	0.01623	0.02212	0.01248	0.01527	0.00977	0.00840	0.03886	0.00235	0.00948	0.00540	0.00355	0.06194
4	0.00980	0.00661	0.00772	0.00786	0.00797	0.00665	0.00461	0.01005	0.01029	0.01380	0.02280	0.10677	0.02622	0.65152	0.07438	0.00655	0.00710	0.01064	0.00431	0.00439
5	0.01940	0.55413	0.03082	0.01261	0.01816	0.11721	0.01168	0.06585	0.01586	0.01851	0.01034	0.01179	0.00909	0.00610	0.00484	0.00150	0.00779	0.00396	0.00336	0.07701
6	0.01321	0.01474	0.16001	0.01268	0.01621	0.03988	0.01187	0.01733	0.04872	0.07661	0.05834	0.15404	0.06457	0.08365	0.08397	0.00372	0.00785	0.11986	0.00529	0.00747
7	0.06961	0.04908	0.01920	0.11646	0.12164	0.06343	0.01364	0.10286	0.16206	0.04829	0.02006	0.02274	0.05550	0.00887	0.00812	0.00223	0.07488	0.02711	0.00495	0.00926
8	0.04838	0.06445	0.05069	0.06294	0.26624	0.03901	0.06389	0.01803	0.01447	0.02041	0.01985	0.12923	0.06165	0.00974	0.00821	0.00222	0.07033	0.00841	0.03327	0.00857
9	0.43367	0.03504	0.01287	0.04163	0.01568	0.01506	0.00894	0.11330	0.06367	0.02909	0.01463	0.04653	0.01212	0.01154	0.06978	0.00289	0.00681	0.00557	0.05315	0.00803
10	0.02559	0.03172	0.01946	0.01750	0.02115	0.68542	0.01320	0.07110	0.02023	0.01848	0.01096	0.01261	0.00900	0.00713	0.00621	0.00178	0.01202	0.00452	0.00374	0.00817
11	0.01287	0.00635	0.00935	0.00909	0.00951	0.00622	0.00622	0.01064	0.01025	0.05552	0.05939	0.02296	0.01569	0.02220	0.02431	0.69993	0.00575	0.00643	0.00360	0.00372
12	0.80789	0.01323	0.01006	0.00900	0.01323	0.01535	0.00741	0.02011	0.01164	0.03070	0.00953	0.01111	0.00741	0.00635	0.00423	0.00212	0.00529	0.00370	0.00423	0.00741
13	0.00879	0.00695	0.00797	0.00833	0.00997	0.00628	0.00601	0.01133	0.04421	0.02000	0.15990	0.28405	0.36604	0.01778	0.00824	0.00244	0.00367	0.01544	0.00657	0.00602
14	0.00981	0.00719	0.01029	0.01029	0.01127	0.00817	0.00768	0.01177	0.01079	0.01536	0.01897	0.03042	0.01864	0.19165	0.59422	0.01013	0.01601	0.00785	0.00376	0.00572
15	0.01972	0.02253	0.02405	0.02612	0.24133	0.31439	0.10301	0.02280	0.01693	0.01958	0.04135	0.01695	0.01234	0.00899	0.03793	0.00239	0.05119	0.00596	0.00362	0.00885
16	0.01504	0.12669	0.60619	0.01819	0.02756	0.01705	0.02290	0.02202	0.01460	0.05127	0.01256	0.01439	0.00904	0.00650	0.00625	0.00208	0.00957	0.00496	0.00314	0.01001
17	0.10975	0.04337	0.04409	0.01264	0.05624	0.04359	0.00953	0.09816	0.03803	0.03784	0.11293	0.06155	0.05177	0.09883	0.01076	0.03607	0.00600	0.04568	0.07563	0.00751
18	0.46007	0.01459	0.01341	0.01132	0.01568	0.01654	0.00923	0.20485	0.09003	0.03365	0.05952	0.01669	0.01372	0.00766	0.00548	0.00212	0.00578	0.00536	0.00545	0.00885
19	0.01493	0.08522	0.07480	0.08788	0.01867	0.01256	0.01112	0.05649	0.01488	0.09857	0.02408	0.02813	0.11716	0.08359	0.13901	0.00403	0.04075	0.00748	0.00464	0.07602
20	0.02113	0.09764	0.02191	0.01679	0.02035	0.31817	0.08394	0.02348	0.01662	0.10164	0.01516	0.05487	0.01323	0.01016	0.03109	0.00238	0.10726	0.03166	0.00423	0.00830

[dist]
# distance from previous block
# <min> <max>
0	1

[block]
# block no. 3 follows, 31 sequences, length 31
# corresponding to MSA columns:
# 150-180
name=unknown_D
#
# <colnr> <probs for GDERKNQSTAVLIFYWHMCP>
#	G	D	E	R	K	N	Q	S	T	A	V	L	I	F	Y	W	H	M	C	P
0	0.66142	0.01643	0.07230	0.01170	0.04237	0.05942	0.00982	0.02072	0.01251	0.02874	0.00995	0.01170	0.00774	0.00640	0.00464	0.00210	0.00625	0.00396	0.00404	0.00780
1	0.01686	0.08581	0.08002	0.01191	0.01780	0.04046	0.01054	0.08220	0.01617	0.06573	0.01367	0.01622	0.01116	0.04584	0.00703	0.00165	0.00637	0.00480	0.00436	0.46138
2	0.01041	0.00776	0.01117	0.01096	0.01208	0.00917	0.00852	0.01277	0.01122	0.01669	0.01813	0.02652	0.01683	0.06896	0.59317	0.00944	0.06840	0.00724	0.07438	0.00616
3	0.00822	0.00687	0.00716	0.00723	0.00936	0.00581	0.00537	0.01002	0.01569	0.01904	0.11262	0.11179	0.62265	0.01737	0.00813	0.00233	0.00348	0.01463	0.00644	0.00581
4	0.05248	0.01836	0.01964	0.01524	0.02056	0.02029	0.01254	0.59912	0.07845	0.06765	0.01740	0.01715	0.01235	0.00823	0.00676	0.00208	0.00724	0.00621	0.00682	0.01143
5	0.01328	0.01252	0.02117	0.68064	0.10681	0.01529	0.01918	0.01779	0.01385	0.01791	0.01222	0.01812	0.00927	0.00677	0.00683	0.00226	0.00903	0.00608	0.00307	0.00789
6	0.00988	0.00660	0.00748	0.00755	0.00757	0.00659	0.00424	0.00993	0.01009	0.01345	0.02227	0.07601	0.02577	0.72710	0.03367	0.00646	0.00652	0.01037	0.00424	0.00421
7	0.75914	0.01313	0.01042	0.00920	0.01350	0.01502	0.00758	0.02094	0.01214	0.07403	0.01062	0.01188	0.00801	0.00648	0.00440	0.00212	0.00533	0.00390	0.00450	0.00767
8	0.01624	0.01476	0.02486	0.01919	0.02402	0.01475	0.30023	0.06514	0.19382	0.06366	0.04005	0.09706	0.07456	0.00961	0.00771	0.00233	0.00783	0.00952	0.00545	0.00923
9	0.00977	0.00733	0.01100	0.01100	0.01222	0.00855	0.00855	0.01222	0.01100	0.01588	0.01833	0.02688	0.01710	0.05131	0.73245	0.01100	0.01833	0.00733	0.00367	0.00611
10	0.02032	0.01578	0.01692	0.01434	0.01874	0.01781	0.01140	0.22138	0.47649	0.07187	0.02458	0.02284	0.01806	0.00893	0.00692	0.00223	0.00603	0.00724	0.00701	0.01110
11	0.41285	0.01340	0.01347	0.01109	0.01579	0.01426	0.00911	0.09660	0.05854	0.26719	0.01731	0.01669	0.01192	0.00745	0.00558	0.00212	0.00572	0.00529	0.00612	0.00950
12	0.00918	0.00654	0.00746	0.00782	0.00841	0.00620	0.00488	0.00982	0.01187	0.01534	0.03543	0.21234	0.17634	0.43203	0.02314	0.00483	0.00535	0.01309	0.00512	0.00482
13	0.00834	0.00595	0.00794	0.00953	0.00992	0.00556	0.00635	0.00953	0.01310	0.01746	0.03771	0.75510	0.04525	0.02143	0.00873	0.00278	0.00397	0.01945	0.00635	0.00556
14	0.02503	0.08579	0.02059	0.01719	0.02089	0.68081	0.01311	0.02682	0.01899	0.01670	0.01050	0.01224	0.00881	0.00696	0.00604	0.00174	0.01197	0.00435	0.00348	0.00799
15	0.36688	0.01533	0.01526	0.05720	0.01880	0.01733	0.01078	0.30876	0.02087	0.03449	0.01455	0.01853	0.01160	0.00807	0.00588	0.00217	0.00656	0.05235	0.00543	0.00916
16	0.01628	0.01549	0.02636	0.07726	0.63814	0.01573	0.02013	0.02027	0.01520	0.02170	0.01317	0.01761	0.01113	0.00891	0.05131	0.00260	0.00881	0.00617	0.00339	0.01038
17	0.80789	0.01323	0.01006	0.00900	0.01323	0.01535	0.00741	0.02011	0.01164	0.03070	0.00953	0.01111	0.00741	0.00635	0.00423	0.00212	0.00529	0.00370	0.00423	0.00741
18	0.01673	0.01605	0.02740	0.07730	0.68316	0.01620	0.02090	0.02082	0.01548	0.02211	0.01283	0.01700	0.01075	0.00613	0.00678	0.00204	0.00818	0.00609	0.00337	0.01067
19	0.00842	0.00610	0.00795	0.00927	0.00989	0.00564	0.00627	0.00980	0.01375	0.01828	0.09017	0.65213	0.09591	0.02058	0.00864	0.00270	0.00388	0.01856	0.00644	0.00564
20	0.00868	0.00678	0.00793	0.00836	0.01000	0.00602	0.00620	0.01067	0.01567	0.02003	0.17647	0.23692	0.37186	0.01788	0.00836	0.00247	0.00378	0.06948	0.00656	0.00589
21	0.01740	0.01489	0.01568	0.01400	0.01794	0.01719	0.01092	0.06418	0.67608	0.02923	0.02736	0.02514	0.02049	0.00924	0.00696	0.00231	0.00550	0.00767	0.00696	0.01086
22	0.01894	0.69853	0.03438	0.01223	0.01788	0.08990	0.01184	0.02109	0.01439	0.01615	0.00961	0.01110	0.00878	0.00596	0.00455	0.00149	0.00776	0.00372	0.00298	0.00870
23	0.01983	0.01418	0.01557	0.01320	0.01721	0.01542	0.01045	0.25016	0.26984	0.10401	0.02736	0.10258	0.06242	0.01059	0.00710	0.00223	0.00581	0.00874	0.03312	0.01016
24	0.00830	0.00689	0.00726	0.00728	0.00940	0.00585	0.00542	0.01020	0.01595	0.01958	0.15010	0.09866	0.59733	0.01711	0.00812	0.00231	0.00346	0.01443	0.00650	0.00585
25	0.00844	0.00673	0.00756	0.00780	0.00957	0.00585	0.00568	0.01033	0.01575	0.01991	0.18143	0.21296	0.44868	0.01760	0.00822	0.00238	0.00353	0.01515	0.00657	0.00585
26	0.00977	0.00733	0.01100	0.01100	0.01222	0.00855	0.00855	0.01222	0.01100	0.01588	0.01833	0.02688	0.01710	0.05131	0.73245	0.01100	0.01833	0.00733	0.00367	0.00611
27	0.01520	0.01398	0.01465	0.01080	0.01665	0.07355	0.00856	0.01813	0.01465	0.02180	0.01202	0.01402	0.01002	0.00524	0.00516	0.00108	0.00571	0.00408	0.00401	0.73068
28	0.01630	0.01240	0.01384	0.01240	0.01578	0.01363	0.00966	0.08104	0.38322	0.08070	0.06153	0.06894	0.09761	0.01524	0.08279	0.00320	0.00658	0.00905	0.00665	0.00944
29	0.01502	0.01249	0.01440	0.01049	0.01620	0.01007	0.00833	0.07716	0.01556	0.02367	0.01304	0.01601	0.01105	0.04534	0.00680	0.00140	0.00537	0.00455	0.00431	0.68875
30	0.03539	0.04870	0.01341	0.01134	0.01342	0.00938	0.06807	0.05464	0.01536	0.03621	0.11303	0.34231	0.08848	0.09076	0.01067	0.00287	0.00531	0.02822	0.00584	0.00662

[dist]
# distance from previous block
# <min> <max>
1	12

[block]
# block no. 4 follows, 31 sequences, length 13
# corresponding to MSA columns:
# 193-205
name=unknown_E
#
# <colnr> <probs for GDERKNQSTAVLIFYWHMCP>
#	G	D	E	R	K	N	Q	S	T	A	V	L	I	F	Y	W	H	M	C	P
0	0.01721	0.01522	0.04272	0.14449	0.12106	0.09991	0.01389	0.02201	0.07737	0.10779	0.01970	0.05236	0.01710	0.01100	0.03777	0.00254	0.00808	0.09528	0.00485	0.08964
1	0.01732	0.05277	0.02363	0.17573	0.36690	0.09171	0.01741	0.02092	0.01554	0.05564	0.01383	0.04163	0.01160	0.00691	0.00657	0.00199	0.00828	0.00615	0.00371	0.06177
2	0.01022	0.00764	0.01106	0.01088	0.01182	0.00894	0.00827	0.01203	0.01073	0.01540	0.01783	0.02802	0.01729	0.13343	0.56923	0.04992	0.06036	0.00750	0.00365	0.00579
3	0.01419	0.01216	0.01419	0.01013	0.01621	0.00912	0.00811	0.01723	0.01419	0.02229	0.01216	0.01419	0.01013	0.00507	0.00507	0.00101	0.00507	0.00405	0.00405	0.80139
4	0.01570	0.03008	0.52896	0.04918	0.02761	0.04586	0.02161	0.04663	0.06138	0.06474	0.01590	0.01733	0.03031	0.00721	0.00661	0.00216	0.00931	0.00567	0.00377	0.00998
5	0.00972	0.00715	0.01032	0.01040	0.01141	0.00811	0.00780	0.01174	0.01096	0.01559	0.01985	0.06937	0.01977	0.15183	0.59217	0.00992	0.01585	0.00837	0.00388	0.00580
6	0.00841	0.00611	0.00807	0.00944	0.01003	0.00577	0.00642	0.00972	0.01313	0.01743	0.03861	0.65940	0.08966	0.02312	0.05642	0.00329	0.00488	0.01830	0.00617	0.00561
7	0.00855	0.00628	0.00805	0.00921	0.01004	0.00578	0.00640	0.01011	0.01419	0.01875	0.11080	0.55997	0.13884	0.02000	0.00861	0.00267	0.00392	0.04566	0.00647	0.00571
8	0.01402	0.03333	0.64114	0.02063	0.03036	0.01606	0.10619	0.02170	0.01465	0.02170	0.01247	0.01493	0.00887	0.00641	0.00669	0.00218	0.01028	0.00542	0.00296	0.01000
9	0.00989	0.00657	0.00766	0.00799	0.00859	0.00638	0.00516	0.01099	0.01241	0.01730	0.08388	0.18217	0.07335	0.39259	0.02140	0.00452	0.00522	0.03754	0.10134	0.00506
10	0.01880	0.57472	0.03184	0.01326	0.01807	0.11703	0.01231	0.02086	0.01417	0.01623	0.00958	0.01166	0.00881	0.00678	0.00691	0.00170	0.10170	0.00405	0.00301	0.00851
11	0.02026	0.01985	0.11089	0.04943	0.14663	0.07387	0.06332	0.18448	0.10866	0.08984	0.01665	0.01782	0.01229	0.00730	0.00675	0.00205	0.00814	0.00616	0.00510	0.05050
12	0.10113	0.04560	0.04774	0.01447	0.01874	0.18535	0.01204	0.25854	0.02154	0.04845	0.02039	0.02102	0.09951	0.00906	0.00770	0.00208	0.06590	0.00643	0.00518	0.00911

[dist]
# distance from previous block
# <min> <max>
0	1

[block]
# block no. 5 follows, 31 sequences, length 22
# corresponding to MSA columns:
# 207-228
name=unknown_F
#
# <colnr> <probs for GDERKNQSTAVLIFYWHMCP>
#	G	D	E	R	K	N	Q	S	T	A	V	L	I	F	Y	W	H	M	C	P
0	0.00874	0.00690	0.00768	0.00785	0.00962	0.00610	0.00579	0.01056	0.01534	0.01923	0.14723	0.11758	0.45008	0.09380	0.01099	0.00283	0.00401	0.06367	0.00628	0.00572
1	0.09660	0.01063	0.01162	0.01009	0.01327	0.03606	0.00792	0.06832	0.03990	0.16846	0.28954	0.03926	0.15749	0.01186	0.00725	0.00215	0.00472	0.00985	0.00696	0.00806
2	0.04717	0.29289	0.13069	0.01394	0.01974	0.01985	0.03145	0.12501	0.03681	0.04480	0.01295	0.01530	0.01062	0.03750	0.00763	0.00200	0.04759	0.00502	0.00406	0.09499
3	0.01540	0.06664	0.02527	0.16698	0.20741	0.01645	0.12909	0.02113	0.09323	0.02086	0.01435	0.01821	0.01158	0.00925	0.04625	0.00259	0.05839	0.00635	0.00374	0.06683
4	0.00962	0.00713	0.00920	0.01007	0.01156	0.00671	0.00803	0.01209	0.01583	0.02071	0.16617	0.20825	0.18603	0.01820	0.00877	0.00272	0.00468	0.28165	0.00654	0.00607
5	0.04078	0.09275	0.10526	0.01308	0.01625	0.03448	0.04695	0.04214	0.01477	0.02007	0.04687	0.32470	0.05651	0.01446	0.00839	0.00245	0.04642	0.06132	0.00510	0.00725
6	0.01725	0.08613	0.09458	0.12394	0.18214	0.06580	0.04089	0.04221	0.09526	0.04915	0.01410	0.01701	0.01119	0.00770	0.00899	0.00221	0.12221	0.00593	0.00392	0.00941
7	0.01317	0.04043	0.01244	0.04156	0.01455	0.01069	0.00868	0.07743	0.13163	0.04844	0.08747	0.20167	0.15468	0.05503	0.00926	0.00265	0.00516	0.07128	0.00626	0.00752
8	0.00913	0.00629	0.00770	0.00851	0.00871	0.00609	0.00527	0.00973	0.01155	0.01540	0.02977	0.40623	0.03524	0.38396	0.02155	0.00467	0.00528	0.01478	0.00527	0.00486
9	0.01700	0.10143	0.32564	0.02035	0.02797	0.07964	0.21224	0.02264	0.01572	0.07163	0.01492	0.01710	0.02894	0.00671	0.00678	0.00210	0.00994	0.00611	0.00361	0.00953
10	0.07916	0.01625	0.01620	0.06661	0.01950	0.10260	0.01133	0.19940	0.14736	0.07282	0.02451	0.05730	0.09739	0.00993	0.00767	0.00221	0.04705	0.00767	0.00580	0.00923
11	0.01497	0.01497	0.02095	0.01796	0.01796	0.02095	0.01497	0.01646	0.01048	0.01646	0.00898	0.01497	0.00898	0.01197	0.02245	0.00299	0.74704	0.00599	0.00299	0.00748
12	0.01684	0.01559	0.02473	0.06531	0.53688	0.01608	0.01860	0.05224	0.10379	0.02409	0.04689	0.01962	0.01453	0.00699	0.00686	0.00209	0.00757	0.00659	0.00417	0.01053
13	0.00832	0.00603	0.00786	0.00933	0.00987	0.00557	0.00626	0.00955	0.01329	0.01754	0.04009	0.70305	0.09576	0.02112	0.00868	0.00274	0.00393	0.01907	0.00635	0.00557
14	0.07184	0.01111	0.01285	0.01278	0.04506	0.03164	0.00919	0.04095	0.16677	0.10814	0.11449	0.26467	0.03150	0.01339	0.00794	0.00239	0.02911	0.01149	0.00643	0.00824
15	0.02443	0.01984	0.02249	0.04645	0.02375	0.07508	0.08323	0.54652	0.02879	0.03788	0.01554	0.01639	0.01119	0.00782	0.00692	0.00207	0.00837	0.00622	0.00609	0.01094
16	0.01618	0.01549	0.02641	0.17346	0.59130	0.01606	0.02062	0.02034	0.01522	0.02144	0.01274	0.01718	0.01051	0.00624	0.00679	0.00208	0.00831	0.00609	0.00332	0.01023
17	0.00912	0.00695	0.00825	0.00794	0.00972	0.00622	0.00588	0.01163	0.01749	0.02344	0.44345	0.05608	0.29670	0.05566	0.00953	0.00245	0.00350	0.01299	0.00692	0.00608
18	0.01675	0.01607	0.02745	0.07304	0.68723	0.01621	0.02091	0.02084	0.01549	0.02214	0.01284	0.01699	0.01076	0.00613	0.00678	0.00204	0.00817	0.00610	0.00337	0.01069
19	0.01099	0.00825	0.00921	0.00882	0.01062	0.00815	0.00635	0.07410	0.04690	0.02056	0.08746	0.11576	0.27277	0.19143	0.06690	0.00394	0.00577	0.01187	0.03393	0.00623
20	0.01714	0.02208	0.21776	0.05294	0.29186	0.08098	0.04700	0.02261	0.04300	0.06605	0.01556	0.02071	0.01267	0.00744	0.00689	0.00216	0.00886	0.05042	0.00391	0.00993
21	0.01590	0.01392	0.04139	0.09675	0.23540	0.03934	0.01433	0.04711	0.05323	0.07315	0.04745	0.11508	0.02011	0.04410	0.00882	0.00241	0.02688	0.04513	0.00481	0.05469

[dist]
# distance from previous block
# <min> <max>
0	3

[block]
# block no. 6 follows, 31 sequences, length 15
# corresponding to MSA columns:
# 232-246
name=unknown_G
#
# <colnr> <probs for GDERKNQSTAVLIFYWHMCP>
#	G	D	E	R	K	N	Q	S	T	A	V	L	I	F	Y	W	H	M	C	P
0	0.07462	0.13256	0.14447	0.01804	0.10989	0.14720	0.01469	0.05829	0.06336	0.06206	0.01425	0.03546	0.01150	0.00712	0.00601	0.00188	0.00818	0.00542	0.00417	0.08082
1	0.04927	0.15077	0.11289	0.02039	0.13297	0.19198	0.04470	0.15271	0.01927	0.04502	0.01270	0.01444	0.00992	0.00681	0.00617	0.00191	0.00912	0.00518	0.00413	0.00968
2	0.00911	0.00660	0.00846	0.00947	0.01018	0.00640	0.00649	0.01116	0.03988	0.01827	0.08872	0.51444	0.06276	0.10937	0.03628	0.00345	0.00485	0.04229	0.00611	0.00572
3	0.01712	0.01736	0.02302	0.12438	0.37798	0.12681	0.03830	0.05433	0.01678	0.02141	0.01946	0.02233	0.09542	0.00780	0.00689	0.00207	0.00843	0.00690	0.00390	0.00934
4	0.01790	0.01519	0.01489	0.01310	0.01661	0.08354	0.01020	0.15670	0.33199	0.02933	0.10593	0.06019	0.02402	0.00988	0.00688	0.00215	0.00596	0.00810	0.07790	0.00953
5	0.01171	0.00600	0.00878	0.00878	0.00878	0.00600	0.00578	0.00901	0.00901	0.01201	0.01276	0.02296	0.01305	0.09008	0.02747	0.72936	0.00600	0.00630	0.00308	0.00308
6	0.01820	0.47296	0.05124	0.01330	0.01788	0.09694	0.01235	0.02049	0.01402	0.04404	0.01113	0.01365	0.00988	0.01099	0.07316	0.00260	0.10092	0.00453	0.00328	0.00844
7	0.01199	0.00757	0.00947	0.00926	0.01111	0.00698	0.00677	0.01483	0.04604	0.11051	0.25204	0.26926	0.15617	0.04460	0.00911	0.00255	0.00405	0.01394	0.00693	0.00682
8	0.01847	0.01639	0.11007	0.06024	0.02075	0.01467	0.03316	0.25785	0.05333	0.08784	0.02100	0.11079	0.01863	0.07292	0.03625	0.00295	0.00768	0.04205	0.00570	0.00926
9	0.00832	0.00690	0.00728	0.00727	0.00940	0.00586	0.00542	0.01023	0.01601	0.01967	0.15667	0.09283	0.59649	0.01704	0.00811	0.00231	0.00345	0.01437	0.00652	0.00586
10	0.08327	0.08035	0.02634	0.08122	0.13770	0.05067	0.20800	0.08395	0.04235	0.05551	0.01727	0.04534	0.04234	0.00756	0.00685	0.00213	0.00847	0.00711	0.00434	0.00922
11	0.00977	0.00672	0.00834	0.00908	0.00952	0.00662	0.00618	0.01074	0.01199	0.01588	0.02881	0.23316	0.03317	0.41304	0.02275	0.00491	0.00588	0.15330	0.00517	0.00497
12	0.01597	0.05437	0.05405	0.01535	0.08166	0.09065	0.04636	0.01930	0.01498	0.02132	0.01201	0.01430	0.00992	0.00552	0.00553	0.00133	0.00684	0.00451	0.00379	0.52221
13	0.10432	0.04045	0.10754	0.01592	0.05651	0.22434	0.01315	0.05399	0.03916	0.17674	0.01635	0.04460	0.01254	0.00769	0.00624	0.00196	0.00832	0.00577	0.00498	0.05942
14	0.08272	0.01236	0.12753	0.01120	0.01440	0.00910	0.01026	0.01409	0.01427	0.02098	0.11687	0.18581	0.11844	0.01980	0.11788	0.00369	0.00738	0.07036	0.00523	0.03761

[dist]
# distance from previous block
# <min> <max>
1	7

[block]
# block no. 7 follows, 31 sequences, length 34
# corresponding to MSA columns:
# 254-287
name=unknown_H
#
# <colnr> <probs for GDERKNQSTAVLIFYWHMCP>
#	G	D	E	R	K	N	Q	S	T	A	V	L	I	F	Y	W	H	M	C	P
0	0.01573	0.01435	0.04776	0.01209	0.01831	0.01130	0.04024	0.10227	0.01653	0.02485	0.01277	0.01467	0.01027	0.00556	0.00549	0.00125	0.00589	0.00454	0.00432	0.63180
1	0.01157	0.00594	0.00883	0.00897	0.00900	0.00591	0.00598	0.00897	0.00929	0.01238	0.01419	0.08650	0.01487	0.02356	0.02513	0.72953	0.00577	0.00715	0.00327	0.00320
2	0.00934	0.00751	0.00951	0.06884	0.04367	0.00713	0.00730	0.01124	0.01462	0.01876	0.12495	0.21684	0.30994	0.10595	0.01130	0.00291	0.00460	0.01378	0.00583	0.00598
3	0.05433	0.30063	0.10645	0.01381	0.01962	0.07038	0.01309	0.19415	0.03621	0.04225	0.03862	0.01518	0.01206	0.00704	0.00568	0.00178	0.00760	0.00503	0.00449	0.05160
4	0.02456	0.05884	0.07678	0.01732	0.02154	0.61631	0.01400	0.02688	0.01879	0.04830	0.01140	0.01294	0.00916	0.00702	0.00616	0.00180	0.01168	0.00454	0.00367	0.00830
5	0.00859	0.00631	0.00777	0.00868	0.00950	0.00580	0.00585	0.00989	0.01368	0.01790	0.09330	0.47421	0.17872	0.11234	0.01181	0.00312	0.00414	0.01672	0.00616	0.00549
6	0.00967	0.00728	0.00968	0.01012	0.01079	0.00766	0.00728	0.01062	0.01282	0.01721	0.06841	0.41027	0.12820	0.02108	0.04697	0.10290	0.09347	0.01453	0.00546	0.00556
7	0.01674	0.20616	0.15179	0.05476	0.07704	0.14305	0.01445	0.02164	0.07740	0.01960	0.06339	0.02078	0.03612	0.05984	0.00812	0.00224	0.00826	0.00610	0.00394	0.00859
8	0.01419	0.01216	0.01419	0.01013	0.01621	0.00912	0.00811	0.01723	0.01419	0.02229	0.01216	0.01419	0.01013	0.00507	0.00507	0.00101	0.00507	0.00405	0.00405	0.80139
9	0.01362	0.00997	0.01226	0.01231	0.01458	0.01032	0.01026	0.14202	0.04005	0.02420	0.03371	0.09332	0.08231	0.06805	0.01051	0.00308	0.00621	0.39971	0.00628	0.00722
10	0.04063	0.01643	0.10461	0.01497	0.01975	0.01495	0.05896	0.09837	0.29789	0.09571	0.07926	0.02868	0.02205	0.00965	0.00719	0.00231	0.00658	0.06580	0.00626	0.00994
11	0.01592	0.01454	0.07871	0.03227	0.01851	0.01375	0.03354	0.20412	0.12437	0.02770	0.07195	0.13559	0.02541	0.01518	0.06318	0.00306	0.00745	0.09999	0.00596	0.00881
12	0.01461	0.01010	0.01222	0.01170	0.01432	0.01021	0.00922	0.08628	0.13219	0.08966	0.07226	0.23025	0.06244	0.01492	0.00800	0.00251	0.00526	0.16290	0.00665	0.04430
13	0.01641	0.01593	0.02707	0.08630	0.56444	0.01675	0.04939	0.02030	0.01491	0.02135	0.01243	0.01687	0.01049	0.00678	0.00857	0.00217	0.09017	0.00617	0.00332	0.01018
14	0.02196	0.08646	0.01905	0.01472	0.01907	0.19373	0.01174	0.12942	0.30460	0.09796	0.02018	0.01941	0.01506	0.00818	0.00651	0.00205	0.00764	0.00623	0.00589	0.01014
15	0.08809	0.01369	0.01610	0.01189	0.01770	0.01213	0.03828	0.13372	0.01736	0.05989	0.01343	0.01491	0.01048	0.00591	0.00551	0.00140	0.00582	0.00469	0.00473	0.52428
16	0.01507	0.14225	0.48978	0.01785	0.04744	0.03943	0.02061	0.02162	0.03270	0.03806	0.04534	0.01735	0.02937	0.00713	0.00631	0.00205	0.00899	0.00553	0.00346	0.00965
17	0.01672	0.36102	0.11177	0.01348	0.01907	0.01871	0.07284	0.02062	0.04073	0.08377	0.06916	0.02363	0.10536	0.00834	0.00603	0.00187	0.00704	0.00667	0.00439	0.00877
18	0.02998	0.01278	0.01658	0.01271	0.01803	0.01175	0.01050	0.13347	0.02149	0.61880	0.02539	0.02225	0.01613	0.00843	0.00687	0.00211	0.00608	0.00677	0.00822	0.01164
19	0.01377	0.01393	0.01211	0.03537	0.01459	0.20080	0.00896	0.03164	0.01514	0.01777	0.02843	0.43704	0.05244	0.03449	0.02756	0.00277	0.02786	0.01361	0.00529	0.00645
20	0.02074	0.06395	0.05551	0.07576	0.02366	0.21342	0.10838	0.10159	0.01831	0.11350	0.01637	0.07540	0.01373	0.02641	0.00819	0.00222	0.04238	0.00697	0.00466	0.00886
21	0.01035	0.00720	0.00825	0.00822	0.00858	0.00741	0.00498	0.01190	0.05843	0.01469	0.02261	0.07780	0.02516	0.62925	0.07234	0.00640	0.00710	0.01012	0.00442	0.00479
22	0.02466	0.01224	0.01534	0.01261	0.01710	0.01188	0.01035	0.10839	0.11431	0.42332	0.02834	0.03010	0.04942	0.01134	0.03032	0.00253	0.00631	0.07327	0.00761	0.01057
23	0.01752	0.02199	0.17827	0.13845	0.14762	0.14779	0.07059	0.02191	0.01602	0.07404	0.03334	0.01942	0.04420	0.00755	0.00731	0.00213	0.03259	0.00631	0.00387	0.00910
24	0.07077	0.01823	0.03541	0.01526	0.01855	0.15617	0.05862	0.19081	0.05466	0.02450	0.01412	0.01875	0.01202	0.07735	0.01355	0.10246	0.10003	0.00614	0.00449	0.00812
25	0.00956	0.00685	0.00851	0.00859	0.00971	0.00646	0.00611	0.01156	0.01551	0.02112	0.33412	0.13143	0.11440	0.21103	0.01528	0.00350	0.00449	0.06982	0.00629	0.00567
26	0.03124	0.00835	0.01052	0.01106	0.04239	0.00787	0.00797	0.04425	0.01662	0.08958	0.15651	0.23720	0.19947	0.01602	0.00810	0.00246	0.00455	0.09225	0.00659	0.00698
27	0.06347	0.05656	0.08268	0.05163	0.02204	0.08028	0.03009	0.27594	0.15556	0.08713	0.01763	0.01780	0.01283	0.00784	0.00655	0.00209	0.00768	0.00606	0.00575	0.01040
28	0.02095	0.01569	0.01916	0.01566	0.02006	0.06488	0.09621	0.17553	0.18711	0.15362	0.02282	0.02798	0.01821	0.04678	0.00867	0.00249	0.00736	0.08059	0.00632	0.00992
29	0.00907	0.00632	0.00799	0.00903	0.00938	0.00609	0.00592	0.00999	0.01221	0.01624	0.03208	0.46519	0.03788	0.27357	0.01770	0.00412	0.00504	0.06146	0.00559	0.00513
30	0.00995	0.00663	0.00746	0.00746	0.00746	0.00663	0.00415	0.00995	0.00995	0.01327	0.02156	0.04477	0.02487	0.75957	0.03482	0.00663	0.00663	0.00995	0.00415	0.00415
31	0.01922	0.05101	0.05568	0.02068	0.08298	0.10600	0.19777	0.03972	0.06426	0.11208	0.01520	0.01730	0.01153	0.00709	0.00811	0.00204	0.07263	0.00623	0.00442	0.10604
32	0.46824	0.01495	0.01427	0.01304	0.04888	0.04781	0.02582	0.12155	0.04071	0.02922	0.01235	0.01551	0.01014	0.05941	0.00821	0.00246	0.04966	0.00504	0.00456	0.00818
33	0.01994	0.13442	0.05540	0.01541	0.03811	0.24778	0.01257	0.07110	0.01697	0.07590	0.01751	0.01984	0.06543	0.02949	0.06145	0.00277	0.09730	0.00601	0.00422	0.00838

[dist]
# distance from previous block
# <min> <max>
0	16

[block]
# block no. 8 follows, 31 sequences, length 15
# corresponding to MSA columns:
# 304-318
name=unknown_I
#
# <colnr> <probs for GDERKNQSTAVLIFYWHMCP>
#	G	D	E	R	K	N	Q	S	T	A	V	L	I	F	Y	W	H	M	C	P
0	0.08132	0.14030	0.06346	0.01889	0.11099	0.06381	0.06283	0.06487	0.03344	0.06474	0.01263	0.01512	0.01021	0.00752	0.00904	0.00206	0.14764	0.00537	0.00398	0.08176
1	0.01766	0.11826	0.05749	0.16814	0.31172	0.07364	0.05087	0.08243	0.01678	0.02198	0.01245	0.01595	0.01003	0.00648	0.00648	0.00200	0.00874	0.00569	0.00357	0.00967
2	0.00855	0.00686	0.00764	0.00764	0.00957	0.00594	0.00565	0.01064	0.01640	0.02085	0.24350	0.12695	0.47215	0.01680	0.00814	0.00231	0.00345	0.01434	0.00668	0.00594
3	0.01075	0.00937	0.03530	0.01578	0.15445	0.00833	0.00975	0.01335	0.01535	0.02126	0.17806	0.30767	0.12203	0.01502	0.00783	0.00235	0.00475	0.01345	0.04810	0.00704
4	0.45574	0.01311	0.01306	0.01072	0.01544	0.01383	0.00884	0.07832	0.01623	0.28980	0.01660	0.01608	0.01130	0.00729	0.00543	0.00211	0.00567	0.00508	0.00602	0.00932
5	0.01219	0.00723	0.00902	0.00921	0.01093	0.00674	0.00700	0.01451	0.01548	0.09735	0.12484	0.23470	0.12225	0.03886	0.00857	0.00253	0.00432	0.11623	0.15144	0.00659
6	0.00982	0.00714	0.01002	0.01002	0.01091	0.00802	0.00734	0.01159	0.01071	0.01516	0.01922	0.03181	0.01925	0.24665	0.54004	0.00979	0.01510	0.00805	0.00380	0.00557
7	0.00900	0.00689	0.00825	0.00820	0.00979	0.00637	0.00599	0.01111	0.01564	0.02065	0.27322	0.11221	0.30151	0.08770	0.08941	0.00363	0.00533	0.01298	0.00626	0.00587
8	0.01615	0.42265	0.35814	0.01536	0.02320	0.02183	0.01806	0.02104	0.01416	0.01870	0.01081	0.01260	0.00873	0.00616	0.00538	0.00179	0.00862	0.00431	0.00291	0.00940
9	0.01540	0.01475	0.01923	0.34126	0.11098	0.07136	0.01538	0.02239	0.15242	0.02098	0.01525	0.01842	0.01181	0.00697	0.00652	0.00201	0.00787	0.00595	0.00407	0.13698
10	0.01292	0.01216	0.02052	0.74312	0.04712	0.01520	0.01900	0.01748	0.01368	0.01748	0.01216	0.01824	0.00912	0.00684	0.00684	0.00228	0.00912	0.00608	0.00304	0.00760
11	0.01628	0.01460	0.01366	0.01250	0.01521	0.11555	0.00929	0.10380	0.25825	0.02408	0.05422	0.13336	0.04524	0.13882	0.01192	0.00300	0.00651	0.00954	0.00589	0.00828
12	0.01621	0.19537	0.21392	0.01490	0.02082	0.07348	0.05064	0.02283	0.12192	0.04903	0.07342	0.02322	0.07940	0.00842	0.00642	0.00201	0.00768	0.00674	0.00450	0.00908
13	0.01736	0.15534	0.14336	0.04350	0.07731	0.08465	0.07268	0.07669	0.03802	0.04540	0.01545	0.08728	0.01362	0.00825	0.00714	0.00202	0.04085	0.00673	0.00411	0.06023
14	0.01171	0.04718	0.04103	0.05630	0.01497	0.00910	0.00881	0.04193	0.01563	0.04464	0.11299	0.27670	0.14897	0.01468	0.00761	0.00228	0.00497	0.04139	0.00581	0.09330

[dist]
# distance from previous block
# <min> <max>
0	4

[block]
# block no. 9 follows, 31 sequences, length 15
# corresponding to MSA columns:
# 323-337
name=unknown_J
#
# <colnr> <probs for GDERKNQSTAVLIFYWHMCP>
#	G	D	E	R	K	N	Q	S	T	A	V	L	I	F	Y	W	H	M	C	P
0	0.36161	0.05609	0.01538	0.01175	0.01652	0.06030	0.00964	0.16182	0.07575	0.05805	0.01359	0.01436	0.01029	0.00693	0.00534	0.00193	0.00630	0.00476	0.00504	0.10456
1	0.01940	0.02165	0.17215	0.04806	0.12808	0.05722	0.06263	0.20968	0.14061	0.04723	0.01663	0.01783	0.01231	0.00744	0.00683	0.00213	0.00835	0.00624	0.00499	0.01053
2	0.01947	0.01446	0.06090	0.01767	0.11478	0.04700	0.05816	0.04896	0.07686	0.22665	0.02475	0.09537	0.04416	0.06804	0.00942	0.00260	0.00697	0.04853	0.00591	0.00935
3	0.09023	0.01397	0.01621	0.01363	0.06787	0.01276	0.01011	0.15849	0.01811	0.07153	0.01379	0.01514	0.01068	0.00612	0.00560	0.00147	0.00587	0.00478	0.00488	0.45877
4	0.01598	0.01924	0.07707	0.02240	0.02803	0.11393	0.40059	0.02045	0.01588	0.02054	0.01673	0.12719	0.01524	0.00829	0.00758	0.00220	0.00995	0.00877	0.00391	0.06601
5	0.01304	0.03622	0.01340	0.01165	0.01376	0.01093	0.02932	0.08722	0.01676	0.03915	0.12310	0.15045	0.13801	0.03075	0.01023	0.00256	0.09543	0.11501	0.05591	0.00711
6	0.00966	0.00651	0.00755	0.00783	0.00790	0.00644	0.00454	0.00987	0.01052	0.01402	0.02446	0.17268	0.02854	0.62665	0.03012	0.00594	0.00615	0.01166	0.00454	0.00440
7	0.01269	0.01170	0.01956	0.60635	0.07600	0.01433	0.01765	0.01693	0.01340	0.01750	0.01305	0.01937	0.01031	0.01297	0.10741	0.00348	0.01035	0.00625	0.00314	0.00756
8	0.00885	0.00675	0.00805	0.00849	0.00996	0.00609	0.00621	0.01079	0.01546	0.02004	0.19549	0.24484	0.30168	0.05789	0.00981	0.00270	0.00396	0.07062	0.00648	0.00582
9	0.00916	0.00686	0.00850	0.00834	0.00996	0.00620	0.00616	0.01182	0.01778	0.02425	0.48898	0.13679	0.20881	0.01561	0.00815	0.00226	0.00337	0.01367	0.00713	0.00620
10	0.01702	0.01470	0.01547	0.01392	0.01779	0.01702	0.01083	0.03635	0.70453	0.02862	0.02785	0.02553	0.02088	0.00928	0.00696	0.00232	0.00541	0.00773	0.00696	0.01083
11	0.02078	0.15381	0.02284	0.01813	0.10957	0.07539	0.01332	0.21282	0.18119	0.05335	0.01685	0.01747	0.01299	0.00791	0.00732	0.00204	0.05270	0.00594	0.00528	0.01028
12	0.08819	0.10506	0.05154	0.01906	0.11749	0.16208	0.04048	0.18491	0.04730	0.05472	0.01367	0.01513	0.01057	0.00713	0.00656	0.00195	0.02665	0.00535	0.00461	0.03753
13	0.01881	0.32575	0.05271	0.01706	0.07411	0.09567	0.08136	0.10705	0.07523	0.02203	0.01649	0.01772	0.05370	0.00730	0.00596	0.00185	0.00806	0.00574	0.00412	0.00929
14	0.00997	0.00741	0.00882	0.00839	0.01030	0.00694	0.00631	0.01383	0.06025	0.02527	0.47258	0.05127	0.21171	0.01408	0.00778	0.00216	0.00342	0.01217	0.06078	0.00656

[dist]
# distance from previous block
# <min> <max>
0	1

[block]
# block no. 10 follows, 31 sequences, length 12
# corresponding to MSA columns:
# 339-350
name=unknown_K
#
# <colnr> <probs for GDERKNQSTAVLIFYWHMCP>
#	G	D	E	R	K	N	Q	S	T	A	V	L	I	F	Y	W	H	M	C	P
0	0.01952	0.58749	0.06404	0.01309	0.01881	0.11894	0.01260	0.06385	0.01580	0.01814	0.01021	0.01165	0.00896	0.00619	0.00487	0.00157	0.00812	0.00398	0.00325	0.00891
1	0.01012	0.00732	0.00842	0.00816	0.01038	0.00629	0.00607	0.01217	0.01607	0.06376	0.18022	0.17206	0.40376	0.01624	0.00797	0.00228	0.00373	0.01391	0.00660	0.04447
2	0.08204	0.01832	0.01853	0.01547	0.04149	0.09882	0.01207	0.39926	0.02491	0.11430	0.01637	0.01808	0.01230	0.05463	0.00899	0.00236	0.03971	0.00609	0.00602	0.01024
3	0.05606	0.20345	0.06350	0.02110	0.17427	0.02022	0.05832	0.15999	0.10701	0.02597	0.01443	0.01608	0.01142	0.00709	0.00669	0.00199	0.03222	0.00567	0.00444	0.01007
4	0.01028	0.00760	0.00927	0.01013	0.04365	0.00699	0.00690	0.01193	0.01466	0.06166	0.05009	0.28143	0.37329	0.04435	0.00960	0.00262	0.02834	0.01476	0.00615	0.00630
5	0.00961	0.00667	0.00765	0.00775	0.00813	0.00658	0.00469	0.01005	0.01090	0.01433	0.02820	0.08978	0.11017	0.57868	0.07387	0.00614	0.00682	0.01092	0.00452	0.00456
6	0.02515	0.07508	0.02043	0.01716	0.02094	0.64792	0.01312	0.06673	0.01983	0.01828	0.01086	0.01250	0.00898	0.00705	0.00610	0.00176	0.01175	0.00447	0.00369	0.00820
7	0.01625	0.01275	0.05892	0.01262	0.04123	0.01061	0.03308	0.07185	0.04502	0.11556	0.05162	0.05909	0.01877	0.14062	0.01133	0.00261	0.00606	0.00731	0.04793	0.23676
