[name]
unknown

[dist]
# distance from previous block
# <min> <max>
0	23

[block]
# block no. 0 follows, 32 sequences, length 48
# corresponding to MSA columns:
# 23-70
name=unknown_A
#
# <colnr> <probs for GDERKNQSTAVLIFYWHMCP>
#	G	D	E	R	K	N	Q	S	T	A	V	L	I	F	Y	W	H	M	C	P
0	0.20691	0.01186	0.01363	0.01125	0.01559	0.01186	0.00919	0.05912	0.08674	0.37125	0.08621	0.02455	0.01974	0.00879	0.00636	0.00214	0.00541	0.03274	0.00695	0.00970
1	0.01478	0.01197	0.01402	0.01017	0.01591	0.00933	0.00814	0.04366	0.01499	0.04876	0.04021	0.01574	0.01232	0.00555	0.00522	0.00112	0.00502	0.00448	0.00437	0.71423
2	0.02132	0.01604	0.01728	0.01428	0.01884	0.01794	0.01146	0.31415	0.37738	0.08269	0.02255	0.02114	0.01641	0.00861	0.00677	0.00215	0.00621	0.00688	0.00688	0.01101
3	0.01322	0.01248	0.02111	0.65015	0.13986	0.01505	0.01891	0.01762	0.01367	0.01781	0.01202	0.01771	0.00918	0.00661	0.00670	0.00220	0.00881	0.00597	0.00303	0.00789
4	0.08560	0.01369	0.01613	0.13328	0.02171	0.05026	0.03798	0.10490	0.18163	0.12651	0.04963	0.08248	0.04849	0.00946	0.00679	0.00219	0.00650	0.00792	0.00581	0.00903
5	0.08372	0.01889	0.06507	0.02522	0.03173	0.04165	0.55271	0.05566	0.01629	0.02308	0.01317	0.01702	0.00987	0.00590	0.00741	0.00221	0.01056	0.00721	0.00360	0.00901
6	0.00922	0.00683	0.00848	0.00808	0.00970	0.00622	0.00598	0.01194	0.01781	0.02453	0.56059	0.05248	0.18333	0.05427	0.00931	0.00237	0.00339	0.01239	0.00699	0.00609
7	0.00818	0.00584	0.00779	0.00934	0.00973	0.00545	0.00623	0.00934	0.01285	0.01713	0.03698	0.75981	0.04438	0.02102	0.00856	0.00273	0.00389	0.01908	0.00623	0.00545
8	0.04373	0.01710	0.02050	0.03419	0.04771	0.05105	0.04003	0.33351	0.02185	0.09847	0.01439	0.01620	0.01085	0.00876	0.01077	0.00227	0.20753	0.00599	0.00529	0.00983
9	0.00850	0.00607	0.00815	0.00964	0.01019	0.00572	0.00672	0.00993	0.01331	0.01774	0.05768	0.66503	0.04434	0.02053	0.00862	0.00275	0.00411	0.08916	0.00626	0.00555
10	0.00959	0.00719	0.01078	0.01078	0.01198	0.00839	0.00839	0.01198	0.01078	0.01558	0.01797	0.02636	0.01677	0.05032	0.73760	0.01078	0.01797	0.00719	0.00359	0.00599
11	0.01550	0.01481	0.02523	0.24035	0.53183	0.01565	0.02004	0.01962	0.01475	0.02058	0.01243	0.01697	0.01015	0.00618	0.00666	0.00206	0.00825	0.00597	0.00323	0.00973
12	0.01551	0.10359	0.20150	0.02430	0.03171	0.01768	0.46483	0.02128	0.01520	0.02082	0.01275	0.01638	0.00961	0.00583	0.00716	0.00214	0.01053	0.00675	0.00320	0.00921
13	0.00926	0.00651	0.00747	0.00766	0.00814	0.00634	0.00472	0.00981	0.01109	0.01448	0.03052	0.13234	0.13993	0.51490	0.06424	0.00559	0.00629	0.01146	0.00465	0.00460
14	0.00826	0.00679	0.00729	0.00736	0.00941	0.00582	0.00554	0.01018	0.01567	0.01931	0.15132	0.09809	0.57234	0.01682	0.00801	0.00230	0.00350	0.03983	0.00638	0.00576
15	0.01489	0.01419	0.02414	0.34925	0.42767	0.01549	0.01974	0.01909	0.01447	0.01984	0.01232	0.01717	0.00989	0.00630	0.00667	0.00210	0.00840	0.00597	0.00317	0.00924
16	0.02513	0.03016	0.01917	0.01703	0.02075	0.63863	0.01294	0.11946	0.02074	0.01998	0.01116	0.01265	0.00902	0.00707	0.00614	0.00177	0.01145	0.00456	0.00391	0.00828
17	0.02842	0.01412	0.01724	0.01322	0.01847	0.01387	0.01092	0.27685	0.02372	0.47646	0.02268	0.02038	0.01471	0.00821	0.00673	0.00205	0.00632	0.00649	0.00772	0.01142
18	0.02135	0.02444	0.02056	0.16723	0.13099	0.42376	0.01523	0.08085	0.01839	0.01958	0.01151	0.01428	0.00924	0.00683	0.00633	0.00189	0.01045	0.00504	0.00362	0.00845
19	0.07718	0.01791	0.03072	0.05661	0.10382	0.08909	0.40876	0.02081	0.01524	0.02103	0.01351	0.04849	0.01120	0.00689	0.00802	0.00222	0.04903	0.00731	0.00353	0.00864
20	0.00948	0.00650	0.00729	0.00736	0.00763	0.00636	0.00428	0.00972	0.01050	0.01376	0.02694	0.08215	0.09966	0.64697	0.03006	0.00586	0.00604	0.01070	0.00441	0.00431
21	0.02288	0.02707	0.02072	0.01781	0.02179	0.50861	0.08578	0.07055	0.12108	0.02033	0.01357	0.01490	0.01072	0.00717	0.00641	0.00188	0.01072	0.00530	0.00415	0.00856
22	0.02360	0.18334	0.02233	0.01609	0.02002	0.59114	0.01266	0.02542	0.01791	0.01629	0.01016	0.01183	0.00864	0.00667	0.00569	0.00167	0.01109	0.00417	0.00334	0.00795
23	0.00960	0.00715	0.01058	0.01058	0.01171	0.00828	0.00814	0.01185	0.01072	0.01543	0.01816	0.02738	0.01722	0.09162	0.69691	0.01054	0.01731	0.00734	0.00362	0.00588
24	0.02509	0.03135	0.01907	0.01720	0.02075	0.70300	0.01295	0.05898	0.01961	0.01766	0.01065	0.01229	0.00878	0.00697	0.00608	0.00174	0.01187	0.00440	0.00361	0.00795
25	0.00975	0.00654	0.00748	0.00748	0.00754	0.00660	0.00427	0.00986	0.00981	0.01313	0.02099	0.04307	0.02403	0.73006	0.06778	0.00671	0.00705	0.00963	0.00404	0.00416
26	0.01297	0.01223	0.02066	0.69507	0.09690	0.01499	0.01878	0.01740	0.01356	0.01750	0.01198	0.01779	0.00907	0.00665	0.00670	0.00222	0.00887	0.00596	0.00301	0.00769
27	0.01584	0.03174	0.50861	0.02040	0.06443	0.14342	0.05683	0.02205	0.01505	0.02028	0.01175	0.01415	0.00873	0.00658	0.00690	0.00208	0.03364	0.00508	0.00300	0.00945
28	0.00959	0.00716	0.01063	0.01063	0.01178	0.00831	0.00820	0.01189	0.01074	0.01547	0.01811	0.02711	0.01710	0.08103	0.70734	0.01060	0.01748	0.00730	0.00361	0.00591
29	0.00976	0.00651	0.00732	0.00732	0.00732	0.00651	0.00407	0.00976	0.00976	0.01301	0.02114	0.04391	0.02439	0.76419	0.03415	0.00651	0.00651	0.00976	0.00407	0.00407
30	0.00839	0.00604	0.00800	0.00950	0.01006	0.00565	0.00657	0.00974	0.01316	0.01742	0.03806	0.67511	0.07006	0.02066	0.00860	0.00274	0.00407	0.07445	0.00622	0.00552
31	0.03143	0.01229	0.01977	0.68297	0.04370	0.01520	0.01793	0.04532	0.03180	0.01873	0.01243	0.01784	0.00930	0.00681	0.00665	0.00222	0.00870	0.00595	0.00326	0.00769
32	0.01445	0.01376	0.02305	0.35945	0.36287	0.01532	0.01894	0.01848	0.01423	0.01939	0.01399	0.01871	0.03344	0.00692	0.00735	0.00215	0.03911	0.00624	0.00325	0.00889
33	0.02614	0.01466	0.01720	0.01352	0.01855	0.01507	0.01106	0.28048	0.14011	0.35558	0.02277	0.02071	0.01533	0.00835	0.00675	0.00209	0.00626	0.00663	0.00747	0.01128
34	0.01338	0.01265	0.02141	0.62033	0.16838	0.01509	0.01899	0.01777	0.01375	0.01801	0.01205	0.01766	0.00925	0.00658	0.00670	0.00219	0.00877	0.00597	0.00304	0.00803
35	0.01649	0.13796	0.18918	0.01450	0.01957	0.08866	0.01397	0.04290	0.21457	0.03884	0.01946	0.04175	0.04162	0.04466	0.00841	0.00229	0.04497	0.00655	0.00458	0.00907
36	0.08770	0.05316	0.06717	0.01558	0.04307	0.01787	0.04864	0.22701	0.28934	0.03081	0.03843	0.01979	0.01558	0.00804	0.00649	0.00212	0.00666	0.00651	0.00582	0.01022
37	0.00976	0.00651	0.00732	0.00732	0.00732	0.00651	0.00407	0.00976	0.00976	0.01301	0.02114	0.04391	0.02439	0.76419	0.03415	0.00651	0.00651	0.00976	0.00407	0.00407
38	0.01455	0.01504	0.06111	0.36830	0.35044	0.01557	0.01973	0.01889	0.01421	0.01950	0.01216	0.01702	0.00968	0.00651	0.00710	0.00214	0.03000	0.00591	0.00313	0.00902
39	0.01869	0.04041	0.23554	0.05173	0.08676	0.09066	0.14578	0.02355	0.01630	0.16489	0.04887	0.01847	0.01332	0.00701	0.00677	0.00207	0.00895	0.00626	0.00439	0.00959
40	0.06396	0.02471	0.01725	0.01558	0.01864	0.46720	0.01185	0.04340	0.08730	0.03558	0.01414	0.05265	0.01238	0.03426	0.00850	0.00213	0.07262	0.00578	0.00415	0.00794
41	0.01816	0.01354	0.02053	0.14140	0.29918	0.01397	0.01575	0.10434	0.01772	0.13548	0.03633	0.02655	0.03390	0.00863	0.00704	0.00218	0.00726	0.08347	0.00498	0.00960
42	0.01991	0.18450	0.08352	0.01789	0.09071	0.18465	0.04819	0.07141	0.05515	0.08018	0.01413	0.03640	0.01150	0.00732	0.00672	0.00189	0.04048	0.00555	0.00416	0.03573
43	0.01236	0.00879	0.01353	0.01293	0.04941	0.00807	0.08775	0.01489	0.01578	0.10451	0.19061	0.29858	0.12596	0.01479	0.00795	0.00236	0.00495	0.01345	0.00626	0.00707
44	0.04458	0.02120	0.14278	0.02553	0.17863	0.08631	0.22246	0.07920	0.04367	0.02302	0.01311	0.01619	0.01017	0.00671	0.00784	0.00215	0.05702	0.00622	0.00370	0.00950
45	0.08585	0.59225	0.03081	0.01261	0.03330	0.08906	0.01151	0.04690	0.01466	0.01821	0.00976	0.01123	0.00865	0.00598	0.00460	0.00155	0.00748	0.00381	0.00319	0.00858
46	0.01725	0.01546	0.07780	0.01531	0.07795	0.01240	0.04755	0.11190	0.03593	0.08598	0.01433	0.01575	0.01095	0.00603	0.00582	0.00151	0.00637	0.00505	0.00462	0.43204
47	0.01599	0.02156	0.30620	0.02021	0.12416	0.01383	0.07343	0.02157	0.03324	0.12136	0.12175	0.02182	0.01872	0.00800	0.00767	0.00216	0.04751	0.00680	0.00452	0.00950

[dist]
# distance from previous block
# <min> <max>
0	1

[block]
# block no. 1 follows, 32 sequences, length 37
# corresponding to MSA columns:
# 72-108
name=unknown_B
#
# <colnr> <probs for GDERKNQSTAVLIFYWHMCP>
#	G	D	E	R	K	N	Q	S	T	A	V	L	I	F	Y	W	H	M	C	P
0	0.00845	0.00635	0.00783	0.00844	0.00963	0.00573	0.00596	0.01027	0.01506	0.01989	0.21923	0.39527	0.22729	0.01809	0.00823	0.00245	0.00358	0.01601	0.00652	0.00573
1	0.01928	0.05033	0.10615	0.01869	0.05888	0.08972	0.16551	0.10206	0.04481	0.13896	0.03547	0.02476	0.04179	0.00843	0.00706	0.00215	0.00836	0.06314	0.00506	0.00938
2	0.01932	0.07169	0.21818	0.04300	0.10178	0.14513	0.10452	0.06153	0.03945	0.11056	0.01437	0.01602	0.01057	0.00673	0.00650	0.00201	0.00925	0.00565	0.00411	0.00964
3	0.01232	0.00755	0.01064	0.01038	0.01204	0.00697	0.04227	0.01413	0.01433	0.12515	0.07166	0.42824	0.07007	0.07377	0.01002	0.00280	0.00474	0.03999	0.03638	0.00655
4	0.00988	0.00662	0.00887	0.00893	0.00951	0.00696	0.00614	0.01047	0.01067	0.01466	0.05117	0.07296	0.04205	0.29069	0.27775	0.14492	0.01006	0.00890	0.00402	0.00477
5	0.04616	0.04733	0.14945	0.06665	0.17285	0.08947	0.05681	0.10909	0.05470	0.04303	0.05529	0.04931	0.01496	0.00775	0.00661	0.00206	0.00815	0.00659	0.00436	0.00938
6	0.03847	0.11084	0.30121	0.09241	0.05777	0.01670	0.10411	0.05874	0.05362	0.05394	0.01448	0.04287	0.01132	0.00708	0.00645	0.00209	0.00865	0.00608	0.00379	0.00939
7	0.10619	0.01129	0.01461	0.01150	0.01634	0.01015	0.00942	0.03022	0.01811	0.62160	0.02532	0.05958	0.01712	0.00875	0.00658	0.00211	0.00556	0.00707	0.00779	0.01070
8	0.01536	0.01784	0.08656	0.05353	0.21035	0.04712	0.28921	0.02042	0.04042	0.02083	0.01664	0.06616	0.03668	0.00764	0.00793	0.00221	0.04057	0.00777	0.00370	0.00906
9	0.01697	0.01962	0.10288	0.17981	0.19496	0.13939	0.09774	0.02163	0.04356	0.04507	0.01338	0.01741	0.01064	0.03175	0.00815	0.00224	0.03632	0.00602	0.00356	0.00889
10	0.01600	0.35645	0.38967	0.01568	0.02344	0.05606	0.01837	0.02102	0.01417	0.01861	0.01077	0.01257	0.00856	0.00612	0.00545	0.00180	0.00882	0.00433	0.00288	0.00924
11	0.00820	0.00594	0.00776	0.00914	0.00970	0.00550	0.00615	0.00948	0.01323	0.01753	0.06256	0.68715	0.09192	0.02049	0.00850	0.00267	0.00383	0.01850	0.00627	0.00550
12	0.59529	0.01322	0.01217	0.01098	0.03987	0.01460	0.00857	0.06894	0.01428	0.14949	0.01285	0.01350	0.00927	0.00670	0.00486	0.00207	0.00553	0.00442	0.00501	0.00838
13	0.01004	0.00703	0.00904	0.00855	0.01031	0.00643	0.00651	0.01305	0.01850	0.04765	0.60691	0.05170	0.12379	0.01406	0.00793	0.00216	0.00339	0.03927	0.00725	0.00642
14	0.00818	0.00584	0.00779	0.00934	0.00973	0.00545	0.00623	0.00934	0.01285	0.01713	0.03698	0.75981	0.04438	0.02102	0.00856	0.00273	0.00389	0.01908	0.00623	0.00545
15	0.01661	0.01594	0.02724	0.04119	0.72233	0.01594	0.02059	0.02059	0.01528	0.02192	0.01262	0.01661	0.01063	0.00598	0.00664	0.00199	0.00797	0.00598	0.00332	0.01063
16	0.01267	0.01193	0.02013	0.74806	0.04621	0.01491	0.01863	0.01714	0.01342	0.01714	0.01193	0.01789	0.00894	0.00671	0.00671	0.00224	0.00894	0.00596	0.00298	0.00745
17	0.01584	0.01810	0.03959	0.02828	0.03507	0.01697	0.69796	0.02149	0.01584	0.02149	0.01357	0.01810	0.01018	0.00566	0.00792	0.00226	0.01131	0.00792	0.00339	0.00905
18	0.02515	0.01717	0.01975	0.05376	0.05340	0.01859	0.01296	0.53053	0.02796	0.14622	0.01734	0.01727	0.01205	0.00793	0.00671	0.00203	0.00723	0.00614	0.00661	0.01117
19	0.01006	0.00733	0.00897	0.00865	0.01053	0.00681	0.00654	0.01353	0.05313	0.04412	0.43596	0.10313	0.20944	0.01480	0.00793	0.00224	0.00358	0.03982	0.00698	0.00647
20	0.00813	0.00677	0.00709	0.00708	0.00920	0.00574	0.00528	0.00998	0.01566	0.01915	0.14513	0.08535	0.61893	0.01673	0.00795	0.00226	0.00339	0.01408	0.00637	0.00574
21	0.02551	0.01879	0.02014	0.01544	0.02081	0.02081	0.01275	0.69996	0.03155	0.04229	0.01611	0.01611	0.01141	0.00805	0.00671	0.00201	0.00738	0.00604	0.00671	0.01141
22	0.01659	0.01924	0.03790	0.02738	0.03389	0.07611	0.64172	0.02193	0.01610	0.02108	0.01331	0.01761	0.01005	0.00576	0.00777	0.00222	0.01138	0.00762	0.00340	0.00895
23	0.01042	0.00744	0.01036	0.01191	0.01328	0.00739	0.01013	0.01322	0.01506	0.01964	0.03574	0.17743	0.03947	0.01891	0.00916	0.00304	0.00584	0.57930	0.00619	0.00607
24	0.00959	0.00719	0.01078	0.01078	0.01198	0.00839	0.00839	0.01198	0.01078	0.01558	0.01797	0.02636	0.01677	0.05032	0.73760	0.01078	0.01797	0.00719	0.00359	0.00599
25	0.01669	0.01441	0.01517	0.01365	0.01745	0.01669	0.01062	0.03565	0.71021	0.02807	0.02731	0.02503	0.02048	0.00910	0.00683	0.00228	0.00531	0.00759	0.00683	0.01062
26	0.00976	0.00651	0.00732	0.00732	0.00732	0.00651	0.00407	0.00976	0.00976	0.01301	0.02114	0.04391	0.02439	0.76419	0.03415	0.00651	0.00651	0.00976	0.00407	0.00407
27	0.01794	0.76823	0.03516	0.01148	0.01722	0.02655	0.01148	0.02009	0.01363	0.01579	0.00933	0.01076	0.00861	0.00574	0.00431	0.00144	0.00718	0.00359	0.00287	0.00861
28	0.01616	0.01561	0.02700	0.11596	0.62128	0.01588	0.04897	0.02026	0.01510	0.02139	0.01259	0.01681	0.01043	0.00604	0.00670	0.00203	0.00822	0.00606	0.00329	0.01022
29	0.01010	0.00833	0.01248	0.01213	0.01369	0.00816	0.08988	0.01391	0.09568	0.01895	0.03303	0.58378	0.03744	0.01777	0.00828	0.00262	0.00495	0.01638	0.00596	0.00649
30	0.00950	0.00686	0.00897	0.00844	0.01002	0.00633	0.00633	0.01266	0.01899	0.02691	0.71879	0.05012	0.06331	0.01372	0.00791	0.00211	0.00317	0.01213	0.00739	0.00633
31	0.00950	0.00686	0.00897	0.00844	0.01002	0.00633	0.00633	0.01266	0.01899	0.02691	0.71879	0.05012	0.06331	0.01372	0.00791	0.00211	0.00317	0.01213	0.00739	0.00633
32	0.01346	0.03471	0.72942	0.01912	0.02904	0.01558	0.02479	0.02125	0.01417	0.02125	0.01204	0.01417	0.00850	0.00637	0.00637	0.00212	0.00992	0.00496	0.00283	0.00992
33	0.01442	0.01263	0.01654	0.09748	0.02087	0.01069	0.05292	0.04823	0.01478	0.02222	0.01222	0.01474	0.00990	0.00536	0.00544	0.00127	0.00594	0.00455	0.00395	0.62587
34	0.00972	0.00670	0.00854	0.00921	0.01035	0.00626	0.00647	0.01205	0.04119	0.05169	0.16528	0.49800	0.11273	0.01824	0.00823	0.00252	0.00385	0.01630	0.00656	0.00610
35	0.08265	0.17903	0.06405	0.04626	0.17308	0.06600	0.09679	0.02000	0.01431	0.04301	0.01433	0.04465	0.03381	0.00763	0.00777	0.00205	0.08616	0.00612	0.00360	0.00871
36	0.13175	0.05215	0.09578	0.02650	0.32634	0.03885	0.05217	0.06540	0.04592	0.02386	0.01258	0.01537	0.01012	0.00660	0.00695	0.00203	0.04607	0.00549	0.00375	0.03231

[dist]
# distance from previous block
# <min> <max>
0	11

# created by:
# /home/berkeley/.conda/envs/busco_data_prod/bin/msa2prfl.pl pipeline/OGs_align_augustus/4893/7503.fs
