[name]
unknown

[dist]
# distance from previous block
# <min> <max>
0	7

[block]
# block no. 0 follows, 30 sequences, length 84
# corresponding to MSA columns:
# 7-90
name=unknown_A
#
# <colnr> <probs for GDERKNQSTAVLIFYWHMCP>
#	G	D	E	R	K	N	Q	S	T	A	V	L	I	F	Y	W	H	M	C	P
0	0.01331	0.01052	0.01275	0.01345	0.01541	0.04548	0.01144	0.06352	0.04069	0.02235	0.03299	0.09389	0.03509	0.01742	0.00964	0.00301	0.03283	0.51291	0.00623	0.00707
1	0.04085	0.01057	0.01392	0.01182	0.01460	0.04456	0.07783	0.03631	0.01910	0.04872	0.48197	0.06657	0.04911	0.01232	0.00782	0.00216	0.00503	0.01099	0.00675	0.03900
2	0.01667	0.04047	0.02340	0.12403	0.33917	0.06581	0.04373	0.02040	0.01641	0.05383	0.11467	0.02410	0.01962	0.00829	0.00779	0.00218	0.03869	0.02704	0.00433	0.00937
3	0.02138	0.39173	0.05584	0.01449	0.01961	0.25224	0.01286	0.09184	0.01780	0.01961	0.01133	0.01358	0.00984	0.03320	0.00651	0.00187	0.00923	0.00453	0.00364	0.00886
4	0.01809	0.01515	0.01638	0.03538	0.01928	0.01719	0.01147	0.11943	0.53948	0.03022	0.02606	0.02600	0.01994	0.00942	0.00709	0.00230	0.00593	0.03075	0.00682	0.04362
5	0.01663	0.01881	0.14237	0.32102	0.16719	0.01702	0.05045	0.13849	0.01792	0.02437	0.01341	0.01737	0.01007	0.00697	0.00696	0.00222	0.00911	0.00613	0.00385	0.00963
6	0.00857	0.00610	0.00808	0.00963	0.01002	0.00571	0.00639	0.00973	0.01323	0.01764	0.03778	0.72120	0.04530	0.05203	0.01000	0.00300	0.00416	0.01944	0.00639	0.00561
7	0.00997	0.00748	0.01121	0.01121	0.01246	0.00872	0.00872	0.01246	0.01121	0.01620	0.01869	0.02741	0.01745	0.05234	0.72710	0.01121	0.01869	0.00748	0.00374	0.00623
8	0.01916	0.54384	0.13095	0.01390	0.02022	0.09852	0.01413	0.05501	0.01577	0.01867	0.01057	0.01212	0.00909	0.00631	0.00510	0.00166	0.00841	0.00414	0.00324	0.00920
9	0.01255	0.00950	0.01046	0.00971	0.01241	0.00929	0.00740	0.08531	0.10849	0.05291	0.13649	0.13555	0.35256	0.01531	0.00799	0.00236	0.00436	0.01297	0.00686	0.00751
10	0.00850	0.00607	0.00810	0.00972	0.01012	0.00567	0.00648	0.00972	0.01336	0.01781	0.03846	0.75020	0.04615	0.02186	0.00891	0.00283	0.00405	0.01984	0.00648	0.00567
11	0.21014	0.04859	0.10222	0.01773	0.04211	0.36312	0.07811	0.02450	0.01669	0.02174	0.01109	0.01323	0.00884	0.00676	0.00601	0.00199	0.01024	0.00479	0.00366	0.00846
12	0.00965	0.00709	0.00904	0.00863	0.01031	0.00648	0.00644	0.01271	0.01911	0.02664	0.61534	0.07850	0.13424	0.01490	0.00826	0.00223	0.00335	0.01310	0.00751	0.00648
13	0.02126	0.04176	0.07673	0.04907	0.02299	0.04043	0.05320	0.32587	0.09423	0.05264	0.01646	0.01729	0.01213	0.00751	0.00664	0.00196	0.00767	0.00600	0.00564	0.14054
14	0.01766	0.01246	0.01499	0.06502	0.01870	0.01159	0.00984	0.08852	0.08765	0.12649	0.02144	0.02227	0.06108	0.00973	0.03937	0.00212	0.00630	0.00630	0.03941	0.33906
15	0.12187	0.19788	0.13715	0.01430	0.01992	0.09062	0.01352	0.04746	0.20925	0.05867	0.01668	0.01694	0.01276	0.00747	0.00594	0.00203	0.00756	0.00547	0.00478	0.00974
16	0.02860	0.01229	0.01606	0.01247	0.01752	0.01121	0.01024	0.10801	0.02144	0.56879	0.09453	0.02579	0.02152	0.00917	0.00714	0.00216	0.00587	0.00749	0.00835	0.01134
17	0.02278	0.07447	0.02037	0.01511	0.02016	0.02063	0.01240	0.41405	0.25945	0.03681	0.02021	0.01951	0.01488	0.00857	0.00683	0.00214	0.00692	0.00664	0.00672	0.01136
18	0.04642	0.03868	0.09487	0.01702	0.07115	0.05320	0.06973	0.02703	0.18559	0.17002	0.04723	0.05912	0.03876	0.00897	0.00698	0.00218	0.00708	0.00768	0.00584	0.04245
19	0.06292	0.01559	0.02222	0.01764	0.04274	0.03939	0.17832	0.18890	0.02061	0.11256	0.08685	0.05031	0.01913	0.04562	0.00862	0.00236	0.00775	0.00785	0.00567	0.06498
20	0.01479	0.16460	0.53237	0.01770	0.02655	0.01788	0.02176	0.02212	0.04428	0.02165	0.04468	0.01630	0.01202	0.00698	0.00633	0.00209	0.00927	0.00536	0.00335	0.00993
21	0.00827	0.00697	0.00717	0.00733	0.00950	0.00587	0.00542	0.00998	0.01565	0.01875	0.06746	0.13572	0.64192	0.01809	0.00831	0.00240	0.00359	0.01524	0.00648	0.00587
22	0.01694	0.01624	0.02772	0.09950	0.65716	0.01649	0.02125	0.02112	0.01573	0.02239	0.01307	0.01738	0.01091	0.00628	0.00691	0.00209	0.00837	0.00622	0.00343	0.01078
23	0.01702	0.01671	0.02666	0.15808	0.56577	0.05176	0.02068	0.02114	0.01576	0.02168	0.01289	0.01726	0.01066	0.00639	0.00689	0.00210	0.00867	0.00613	0.00340	0.01035
24	0.02941	0.01248	0.01612	0.01246	0.01762	0.01144	0.01026	0.11611	0.02123	0.58186	0.02582	0.02302	0.01663	0.00857	0.00686	0.00211	0.00597	0.00689	0.06364	0.01150
25	0.00998	0.00745	0.01106	0.01106	0.01225	0.00864	0.00853	0.01236	0.01117	0.01608	0.01883	0.02820	0.01779	0.08255	0.69735	0.01102	0.01818	0.00759	0.00376	0.00614
26	0.01445	0.01373	0.02308	0.50631	0.23826	0.01607	0.01979	0.01882	0.01437	0.01922	0.01247	0.01808	0.00980	0.00698	0.00764	0.00228	0.04053	0.00620	0.00320	0.00870
27	0.04750	0.01340	0.01601	0.01907	0.18779	0.08528	0.01164	0.04399	0.04876	0.07234	0.16468	0.15992	0.05425	0.01170	0.00738	0.00223	0.00618	0.01018	0.02922	0.00847
28	0.01814	0.01108	0.01739	0.01890	0.15573	0.01034	0.06267	0.02088	0.01633	0.23672	0.02802	0.28065	0.02704	0.01323	0.00791	0.00246	0.00622	0.05097	0.00631	0.00901
29	0.03131	0.01188	0.01619	0.01242	0.01781	0.01026	0.01026	0.03401	0.01997	0.71606	0.02753	0.02375	0.01727	0.00864	0.00702	0.00216	0.00594	0.00702	0.00864	0.01188
30	0.00850	0.00607	0.00810	0.00972	0.01012	0.00567	0.00648	0.00972	0.01336	0.01781	0.03846	0.75020	0.04615	0.02186	0.00891	0.00283	0.00405	0.01984	0.00648	0.00567
31	0.01597	0.01559	0.02756	0.24662	0.44088	0.01638	0.09421	0.02046	0.01538	0.02128	0.01302	0.01784	0.01049	0.00640	0.00708	0.00218	0.00897	0.00644	0.00336	0.00990
32	0.01122	0.00898	0.01275	0.01212	0.01299	0.01106	0.00945	0.01329	0.01114	0.01647	0.01723	0.02673	0.01657	0.11529	0.47741	0.00864	0.16731	0.00743	0.03762	0.00633
33	0.01527	0.01527	0.02137	0.01832	0.01832	0.02137	0.01527	0.01679	0.01069	0.01679	0.00916	0.01527	0.00916	0.01221	0.02290	0.00305	0.74198	0.00611	0.00305	0.00763
34	0.01447	0.01240	0.01447	0.01034	0.01654	0.00930	0.00827	0.01757	0.01447	0.02274	0.01240	0.01447	0.01034	0.00517	0.00517	0.00103	0.00517	0.00413	0.00413	0.79742
35	0.01866	0.75896	0.03657	0.01194	0.01791	0.02761	0.01194	0.02090	0.01418	0.01642	0.00970	0.01119	0.00896	0.00597	0.00448	0.00149	0.00746	0.00373	0.00299	0.00896
36	0.01727	0.01658	0.02832	0.04283	0.71123	0.01658	0.02142	0.02142	0.01589	0.02280	0.01313	0.01727	0.01105	0.00622	0.00691	0.00207	0.00829	0.00622	0.00345	0.01105
37	0.02607	0.03326	0.01978	0.01798	0.02157	0.72674	0.01348	0.02787	0.01978	0.01708	0.01079	0.01258	0.00899	0.00719	0.00629	0.00180	0.01258	0.00449	0.00360	0.00809
38	0.26709	0.02465	0.01699	0.05620	0.02033	0.41502	0.01210	0.02422	0.01634	0.02154	0.01043	0.01273	0.00857	0.00731	0.00688	0.00203	0.06147	0.00448	0.00375	0.00787
39	0.01566	0.01698	0.04967	0.01797	0.01867	0.07005	0.01517	0.01747	0.01162	0.01708	0.01076	0.04887	0.01084	0.01207	0.02041	0.00292	0.62627	0.00659	0.00324	0.00769
40	0.02558	0.01907	0.02041	0.01586	0.02128	0.02120	0.01303	0.62043	0.10189	0.04244	0.01796	0.01772	0.01285	0.00849	0.00699	0.00212	0.00746	0.00645	0.00699	0.01178
41	0.01480	0.03254	0.60558	0.02069	0.07690	0.01563	0.02393	0.02216	0.01496	0.04421	0.01303	0.01518	0.00935	0.00658	0.00657	0.00213	0.00972	0.00523	0.00323	0.05756
42	0.01672	0.10804	0.53781	0.01831	0.02735	0.03896	0.02221	0.06829	0.01637	0.06395	0.01336	0.01497	0.00956	0.00682	0.00644	0.00211	0.00965	0.00518	0.00358	0.01030
43	0.02770	0.01767	0.01978	0.01516	0.02070	0.01885	0.01253	0.52761	0.02966	0.20877	0.01940	0.01847	0.01319	0.00844	0.00699	0.00211	0.00725	0.00646	0.00739	0.01187
44	0.01706	0.01688	0.02578	0.03781	0.59841	0.06556	0.01938	0.02083	0.01616	0.02203	0.01824	0.02151	0.07481	0.00734	0.00699	0.00208	0.00816	0.00688	0.00374	0.01037
45	0.01568	0.03557	0.02106	0.09500	0.14368	0.01374	0.11124	0.07323	0.04264	0.06796	0.06710	0.15840	0.05001	0.03605	0.00910	0.00249	0.03329	0.00995	0.00514	0.00869
46	0.01602	0.01412	0.02192	0.12169	0.33050	0.03786	0.04541	0.04605	0.01636	0.05045	0.02024	0.11362	0.01946	0.01030	0.00760	0.00237	0.00782	0.10446	0.00457	0.00920
47	0.01015	0.00677	0.00761	0.00761	0.00761	0.00677	0.00423	0.01015	0.01015	0.01353	0.02199	0.04567	0.02537	0.75476	0.03552	0.00677	0.00677	0.01015	0.00423	0.00423
48	0.01550	0.01721	0.03662	0.02672	0.03276	0.01637	0.58326	0.02068	0.01591	0.02163	0.01679	0.10426	0.01470	0.00797	0.00882	0.00243	0.03606	0.00952	0.00386	0.00891
49	0.01616	0.07960	0.33006	0.05467	0.17787	0.01716	0.15437	0.02219	0.01546	0.04800	0.01333	0.01633	0.01001	0.00643	0.00688	0.00216	0.00975	0.00601	0.00340	0.01015
50	0.00891	0.00707	0.00801	0.00783	0.00985	0.00616	0.00585	0.01127	0.01738	0.02249	0.32551	0.08107	0.43101	0.01643	0.00826	0.00231	0.00345	0.01403	0.00696	0.00616
51	0.02084	0.01435	0.01533	0.01259	0.01625	0.03423	0.01017	0.31960	0.05111	0.07417	0.01931	0.02062	0.01444	0.00859	0.00734	0.00200	0.05770	0.00641	0.28541	0.00953
52	0.01605	0.09243	0.29082	0.02275	0.13087	0.01725	0.11402	0.04459	0.01546	0.04565	0.01476	0.06754	0.01249	0.00811	0.00838	0.00226	0.07630	0.00685	0.00371	0.00971
53	0.03131	0.01188	0.01619	0.01242	0.01781	0.01026	0.01026	0.03401	0.01997	0.71606	0.02753	0.02375	0.01727	0.00864	0.00702	0.00216	0.00594	0.00702	0.00864	0.01188
54	0.00997	0.00748	0.01121	0.01121	0.01246	0.00872	0.00872	0.01246	0.01121	0.01620	0.01869	0.02741	0.01745	0.05234	0.72710	0.01121	0.01869	0.00748	0.00374	0.00623
55	0.06995	0.03017	0.46654	0.06066	0.02761	0.09010	0.02097	0.07634	0.01673	0.02401	0.04447	0.01639	0.01167	0.00719	0.00656	0.00216	0.00962	0.00549	0.00366	0.00970
56	0.00995	0.00799	0.00899	0.00858	0.01082	0.00747	0.00648	0.01437	0.09429	0.02382	0.33127	0.05627	0.36342	0.01533	0.00811	0.00229	0.00366	0.01308	0.00705	0.00676
57	0.00850	0.00607	0.00810	0.00972	0.01012	0.00567	0.00648	0.00972	0.01336	0.01781	0.03846	0.75020	0.04615	0.02186	0.00891	0.00283	0.00405	0.01984	0.00648	0.00567
58	0.11686	0.01614	0.02008	0.04884	0.11610	0.04365	0.06261	0.22842	0.02059	0.07067	0.02166	0.02295	0.09976	0.00908	0.00823	0.00224	0.07006	0.00714	0.00532	0.00961
59	0.01998	0.62921	0.03357	0.01302	0.01857	0.15260	0.01222	0.02214	0.01518	0.01654	0.00990	0.01144	0.00896	0.00619	0.00480	0.00155	0.00838	0.00387	0.00309	0.00880
60	0.01811	0.15419	0.22453	0.01899	0.11417	0.11566	0.01663	0.04335	0.01663	0.06068	0.05474	0.01695	0.01335	0.00700	0.00620	0.00187	0.00852	0.00543	0.00398	0.09900
61	0.01782	0.16477	0.06746	0.12803	0.10948	0.09848	0.04156	0.06415	0.03651	0.02031	0.01189	0.01544	0.00994	0.00801	0.01005	0.00222	0.17577	0.00558	0.00355	0.00899
62	0.01632	0.01492	0.02442	0.03381	0.49411	0.01496	0.04557	0.07315	0.01680	0.02355	0.01828	0.15659	0.01777	0.00935	0.00735	0.00223	0.00758	0.00890	0.00432	0.01003
63	0.01338	0.01261	0.02130	0.70337	0.08108	0.01556	0.01948	0.01801	0.01405	0.01808	0.01244	0.01854	0.00939	0.00694	0.00697	0.00231	0.00925	0.00620	0.00312	0.00792
64	0.06771	0.01985	0.18907	0.02032	0.13895	0.01514	0.04700	0.13084	0.04189	0.17023	0.01992	0.05593	0.03496	0.00840	0.00693	0.00220	0.00773	0.00708	0.00539	0.01046
65	0.00971	0.00687	0.00893	0.01025	0.01136	0.00654	0.00783	0.01180	0.01463	0.01953	0.04034	0.40052	0.11390	0.01958	0.00880	0.00282	0.00473	0.23403	0.06182	0.00600
66	0.00997	0.00748	0.01121	0.01121	0.01246	0.00872	0.00872	0.01246	0.01121	0.01620	0.01869	0.02741	0.01745	0.05234	0.72710	0.01121	0.01869	0.00748	0.00374	0.00623
67	0.01877	0.70636	0.06018	0.01245	0.01848	0.05314	0.01249	0.02120	0.01441	0.01664	0.00984	0.01137	0.00895	0.00604	0.00462	0.00153	0.00775	0.00381	0.00301	0.00897
68	0.01571	0.01632	0.06574	0.32126	0.14588	0.01622	0.21120	0.02150	0.04934	0.04717	0.01439	0.01881	0.01082	0.00671	0.00732	0.00228	0.00959	0.00685	0.00368	0.00921
69	0.01047	0.00805	0.01154	0.01138	0.01252	0.00945	0.00874	0.01325	0.03440	0.01653	0.01949	0.05544	0.01880	0.09995	0.58538	0.00982	0.05646	0.00808	0.00395	0.00630
70	0.80405	0.01350	0.01026	0.00918	0.01350	0.01565	0.00756	0.02051	0.01188	0.03131	0.00972	0.01134	0.00756	0.00648	0.00432	0.00216	0.00540	0.00378	0.00432	0.00756
71	0.01714	0.06687	0.01684	0.01362	0.01761	0.01736	0.01079	0.05807	0.57197	0.02840	0.05621	0.02728	0.04794	0.00969	0.00700	0.00229	0.00557	0.00799	0.00681	0.01055
72	0.01604	0.01111	0.01285	0.01139	0.01455	0.01149	0.00884	0.07400	0.23430	0.11722	0.25785	0.07376	0.10279	0.01229	0.00766	0.00228	0.00473	0.01049	0.00739	0.00896
73	0.01864	0.67790	0.08385	0.01275	0.01893	0.05591	0.01298	0.02127	0.01445	0.01685	0.00995	0.01150	0.00895	0.00607	0.00470	0.00156	0.00788	0.00386	0.00301	0.00901
74	0.01438	0.03040	0.55679	0.01840	0.02736	0.01469	0.04577	0.02128	0.01487	0.04760	0.01495	0.06693	0.01197	0.00762	0.00673	0.00215	0.00931	0.00628	0.00353	0.07899
75	0.11744	0.01556	0.01566	0.01310	0.01725	0.08214	0.01046	0.22594	0.06995	0.15748	0.07829	0.05675	0.04381	0.01224	0.05014	0.00271	0.00738	0.00758	0.00647	0.00965
76	0.01731	0.01964	0.23525	0.01930	0.07207	0.01287	0.13726	0.02208	0.01617	0.17432	0.04224	0.15956	0.02004	0.01006	0.00751	0.00233	0.00806	0.00924	0.00516	0.00954
77	0.01003	0.00943	0.05813	0.00875	0.01138	0.00729	0.00726	0.03616	0.01581	0.01986	0.11285	0.05365	0.47597	0.01719	0.01082	0.11667	0.00451	0.01231	0.00586	0.00607
78	0.04209	0.05395	0.10237	0.01787	0.04664	0.03522	0.16873	0.09139	0.01760	0.11346	0.06958	0.04978	0.01809	0.06309	0.04860	0.00296	0.00877	0.00769	0.00499	0.03714
79	0.02040	0.07411	0.24162	0.02001	0.06027	0.01600	0.15721	0.05460	0.04878	0.21137	0.01767	0.01852	0.01232	0.00716	0.00697	0.00217	0.00879	0.00643	0.00501	0.01059
80	0.01349	0.01353	0.04851	0.01840	0.02285	0.01204	0.26152	0.03522	0.01641	0.02190	0.02934	0.06472	0.10478	0.01243	0.00843	0.00256	0.00809	0.23731	0.00508	0.06338
81	0.01690	0.01661	0.09285	0.05843	0.15947	0.04331	0.14673	0.02157	0.04142	0.11117	0.02322	0.07851	0.07021	0.01055	0.02306	0.00252	0.02435	0.04505	0.00483	0.00925
82	0.08832	0.09153	0.08993	0.01697	0.04830	0.01525	0.13011	0.07152	0.01776	0.25573	0.01760	0.01803	0.01231	0.00704	0.00651	0.00201	0.00761	0.00607	0.00549	0.09190
83	0.01901	0.04609	0.04659	0.09950	0.14573	0.05042	0.19174	0.05004	0.01712	0.14793	0.02024	0.02316	0.06133	0.03980	0.00848	0.00238	0.00870	0.00745	0.00474	0.00954

[dist]
# distance from previous block
# <min> <max>
6	61

[block]
# block no. 1 follows, 30 sequences, length 16
# corresponding to MSA columns:
# 152-167
name=unknown_B
#
# <colnr> <probs for GDERKNQSTAVLIFYWHMCP>
#	G	D	E	R	K	N	Q	S	T	A	V	L	I	F	Y	W	H	M	C	P
0	0.37640	0.12364	0.06976	0.01183	0.01707	0.01724	0.01069	0.07136	0.09154	0.10494	0.01458	0.01508	0.01087	0.00708	0.00534	0.00205	0.00630	0.00488	0.00500	0.03436
1	0.01275	0.01060	0.01193	0.01243	0.01396	0.07252	0.00992	0.01546	0.03494	0.03927	0.03389	0.21716	0.08140	0.04957	0.01115	0.00303	0.06678	0.29068	0.00590	0.00666
2	0.02496	0.02000	0.01998	0.01592	0.02105	0.08353	0.01291	0.52072	0.14278	0.03912	0.01817	0.01793	0.01319	0.00845	0.00694	0.00211	0.00775	0.00639	0.00670	0.01139
3	0.02294	0.01214	0.01534	0.01138	0.01718	0.00978	0.00927	0.02583	0.01724	0.37130	0.02001	0.01914	0.01382	0.00691	0.00610	0.00160	0.00556	0.00558	0.00640	0.40249
4	0.69463	0.01327	0.01110	0.00964	0.01411	0.01489	0.00794	0.02242	0.01302	0.12827	0.01224	0.01309	0.00893	0.00678	0.00470	0.00216	0.00547	0.00424	0.00493	0.00817
5	0.01874	0.69229	0.06969	0.01259	0.01868	0.05673	0.01269	0.02125	0.01444	0.01673	0.00989	0.01143	0.00895	0.00605	0.00466	0.00154	0.00782	0.00383	0.00301	0.00899
6	0.00864	0.00617	0.00825	0.00987	0.01033	0.00578	0.00671	0.00995	0.01349	0.01796	0.03839	0.71719	0.04586	0.02174	0.00894	0.00285	0.00417	0.05152	0.00648	0.00571
7	0.01015	0.00677	0.00761	0.00761	0.00761	0.00677	0.00423	0.01015	0.01015	0.01353	0.02199	0.04567	0.02537	0.75476	0.03552	0.00677	0.00677	0.01015	0.00423	0.00423
8	0.03027	0.01354	0.01723	0.01321	0.01865	0.01273	0.01091	0.17607	0.02276	0.57006	0.02519	0.02223	0.01610	0.00858	0.00701	0.00215	0.00632	0.00686	0.00828	0.01187
9	0.01743	0.01934	0.03488	0.06232	0.05756	0.08102	0.47053	0.04667	0.01659	0.02187	0.01325	0.01774	0.01029	0.00685	0.00952	0.00236	0.09161	0.00742	0.00359	0.00917
10	0.01015	0.00677	0.00761	0.00761	0.00761	0.00677	0.00423	0.01015	0.01015	0.01353	0.02199	0.04567	0.02537	0.75476	0.03552	0.00677	0.00677	0.01015	0.00423	0.00423
11	0.01015	0.00677	0.00761	0.00761	0.00761	0.00677	0.00423	0.01015	0.01015	0.01353	0.02199	0.04567	0.02537	0.75476	0.03552	0.00677	0.00677	0.01015	0.00423	0.00423
12	0.33904	0.26560	0.02153	0.01234	0.01708	0.18147	0.01056	0.04593	0.01518	0.02358	0.01020	0.01176	0.00850	0.00654	0.00491	0.00185	0.00780	0.00401	0.00381	0.00829
13	0.23137	0.07483	0.01990	0.01859	0.13072	0.17879	0.01290	0.16909	0.05533	0.02827	0.01303	0.01453	0.01022	0.00713	0.00592	0.00201	0.00815	0.00510	0.00465	0.00947
14	0.22248	0.01559	0.01910	0.07462	0.02206	0.03501	0.10651	0.21006	0.04937	0.05520	0.03814	0.02150	0.01447	0.05235	0.00829	0.00250	0.00753	0.03080	0.00530	0.00911
15	0.08782	0.01817	0.02101	0.03461	0.02219	0.12320	0.11863	0.18817	0.03778	0.15450	0.01683	0.01850	0.01243	0.03682	0.00783	0.00221	0.00829	0.00625	0.00555	0.07920

[dist]
# distance from previous block
# <min> <max>
6	60

[block]
# block no. 2 follows, 30 sequences, length 45
# corresponding to MSA columns:
# 228-272
name=unknown_C
#
# <colnr> <probs for GDERKNQSTAVLIFYWHMCP>
#	G	D	E	R	K	N	Q	S	T	A	V	L	I	F	Y	W	H	M	C	P
0	0.05264	0.10969	0.02092	0.07899	0.08753	0.01680	0.03128	0.12033	0.15701	0.14830	0.01969	0.04322	0.01513	0.00989	0.03413	0.00245	0.00736	0.00677	0.00569	0.03218
1	0.09732	0.09120	0.07942	0.24084	0.06514	0.03985	0.03948	0.05699	0.04012	0.08853	0.01447	0.01780	0.01109	0.03106	0.00726	0.00222	0.00806	0.00578	0.00423	0.05914
2	0.09850	0.10619	0.09327	0.06305	0.04590	0.01702	0.03700	0.20389	0.01912	0.04641	0.01470	0.01775	0.01167	0.04137	0.05317	0.00273	0.00820	0.00574	0.03344	0.08089
3	0.12205	0.04105	0.05893	0.12044	0.15922	0.01764	0.07914	0.09006	0.01594	0.02426	0.03656	0.01719	0.01176	0.00794	0.00960	0.00230	0.14541	0.00610	0.00395	0.03047
4	0.12512	0.01948	0.11623	0.13020	0.02458	0.08780	0.01477	0.10510	0.07300	0.02482	0.01330	0.01590	0.01038	0.00780	0.00857	0.00217	0.11255	0.00545	0.00422	0.09854
5	0.03719	0.00887	0.01119	0.01183	0.03599	0.00855	0.00867	0.01551	0.08132	0.02206	0.11661	0.31281	0.03804	0.01603	0.00811	0.00251	0.00491	0.14646	0.00621	0.10714
6	0.06240	0.07481	0.04480	0.04201	0.04581	0.06161	0.04814	0.20247	0.04520	0.11022	0.07107	0.02358	0.01775	0.00885	0.00727	0.00212	0.02745	0.04825	0.00568	0.05050
7	0.01563	0.01406	0.02209	0.40892	0.13497	0.01639	0.05209	0.08966	0.04101	0.02232	0.01398	0.01868	0.01079	0.00747	0.00802	0.00228	0.05918	0.00639	0.04727	0.00879
8	0.80405	0.01350	0.01026	0.00918	0.01350	0.01565	0.00756	0.02051	0.01188	0.03131	0.00972	0.01134	0.00756	0.00648	0.00432	0.00216	0.00540	0.00378	0.00432	0.00756
9	0.01447	0.01240	0.01447	0.01034	0.01654	0.00930	0.00827	0.01757	0.01447	0.02274	0.01240	0.01447	0.01034	0.00517	0.00517	0.00103	0.00517	0.00413	0.00413	0.79742
10	0.10219	0.59684	0.03186	0.01235	0.01787	0.10694	0.01166	0.02166	0.01458	0.01806	0.00983	0.01137	0.00881	0.00616	0.00467	0.00160	0.00784	0.00382	0.00320	0.00871
11	0.00825	0.00707	0.00707	0.00707	0.00943	0.00589	0.00530	0.01001	0.01591	0.01885	0.07069	0.06716	0.70839	0.01767	0.00825	0.00236	0.00353	0.01473	0.00648	0.00589
12	0.01690	0.01652	0.02545	0.17169	0.48255	0.05416	0.01976	0.02193	0.05898	0.02177	0.01371	0.01777	0.01120	0.00681	0.00740	0.00216	0.03126	0.00623	0.00361	0.01016
13	0.01527	0.01527	0.02137	0.01832	0.01832	0.02137	0.01527	0.01679	0.01069	0.01679	0.00916	0.01527	0.00916	0.01221	0.02290	0.00305	0.74198	0.00611	0.00305	0.00763
14	0.01921	0.08644	0.02204	0.06545	0.12817	0.25837	0.05643	0.04770	0.08182	0.02135	0.07547	0.04563	0.01729	0.00987	0.03292	0.00236	0.00947	0.00679	0.00440	0.00882
15	0.00864	0.00617	0.00826	0.00988	0.01035	0.00579	0.00672	0.00996	0.01350	0.01797	0.03838	0.71550	0.04584	0.02173	0.00894	0.00285	0.00417	0.05314	0.00648	0.00571
16	0.01788	0.01675	0.02581	0.16162	0.51156	0.06486	0.01994	0.02188	0.01603	0.05736	0.01358	0.01752	0.01093	0.00654	0.00688	0.00210	0.00864	0.00614	0.00367	0.01031
17	0.01301	0.00650	0.00650	0.00650	0.00813	0.00650	0.00488	0.01626	0.01463	0.02602	0.02276	0.02602	0.01789	0.00813	0.00488	0.00163	0.00325	0.00650	0.79350	0.00650
18	0.02016	0.01868	0.04062	0.01520	0.01967	0.09668	0.01227	0.17375	0.45952	0.03076	0.02345	0.02220	0.01752	0.00889	0.00697	0.00224	0.00692	0.00708	0.00655	0.01087
19	0.00925	0.00669	0.00858	0.00984	0.01057	0.00635	0.00670	0.03828	0.01431	0.01897	0.03925	0.68318	0.07976	0.02107	0.00879	0.00278	0.00417	0.01900	0.00650	0.00594
20	0.01874	0.06462	0.17189	0.05782	0.18654	0.01677	0.01720	0.17813	0.01919	0.07557	0.01547	0.01806	0.01185	0.01191	0.08249	0.00304	0.00938	0.00605	0.02505	0.01023
21	0.01701	0.26668	0.42363	0.01686	0.02518	0.04572	0.01988	0.04610	0.01557	0.04616	0.01225	0.01392	0.00930	0.00657	0.00595	0.00196	0.00923	0.00478	0.00333	0.00991
22	0.00854	0.00615	0.00810	0.00959	0.01011	0.00571	0.00644	0.00985	0.01368	0.01821	0.06346	0.70101	0.07043	0.02144	0.00886	0.00279	0.00400	0.01940	0.00652	0.00571
23	0.00998	0.00742	0.01095	0.01095	0.01210	0.00858	0.00839	0.01229	0.01114	0.01600	0.01894	0.02877	0.01803	0.10452	0.67572	0.01088	0.01781	0.00768	0.00377	0.00608
24	0.04561	0.06727	0.08363	0.10519	0.04693	0.12657	0.06098	0.06607	0.01578	0.02074	0.01482	0.03789	0.01342	0.01247	0.06142	0.00301	0.14486	0.06114	0.00390	0.00833
25	0.77435	0.01373	0.01066	0.00944	0.01381	0.01588	0.00778	0.04601	0.01268	0.03179	0.00999	0.01154	0.00772	0.00655	0.00442	0.00216	0.00549	0.00387	0.00442	0.00772
26	0.01727	0.01658	0.02832	0.04283	0.71123	0.01658	0.02142	0.02142	0.01589	0.02280	0.01313	0.01727	0.01105	0.00622	0.00691	0.00207	0.00829	0.00622	0.00345	0.01105
27	0.01484	0.04072	0.04302	0.15819	0.11984	0.04000	0.01389	0.02306	0.20579	0.02379	0.15260	0.02918	0.04391	0.00973	0.00776	0.00227	0.03122	0.02591	0.00533	0.00896
28	0.02331	0.01300	0.01529	0.01269	0.01708	0.01334	0.01016	0.09108	0.26553	0.31688	0.05121	0.02520	0.02007	0.00907	0.00688	0.00218	0.00559	0.00742	0.08313	0.01087
29	0.01699	0.01629	0.02781	0.09093	0.66534	0.01651	0.02128	0.02117	0.01576	0.02245	0.01308	0.01736	0.01093	0.00627	0.00691	0.00209	0.00836	0.00622	0.00343	0.01083
30	0.00850	0.00607	0.00810	0.00972	0.01012	0.00567	0.00648	0.00972	0.01336	0.01781	0.03846	0.75020	0.04615	0.02186	0.00891	0.00283	0.00405	0.01984	0.00648	0.00567
31	0.33724	0.01259	0.01442	0.10146	0.01986	0.01306	0.01032	0.02661	0.01599	0.35603	0.01854	0.01816	0.01241	0.00757	0.00594	0.00218	0.00614	0.00562	0.00623	0.00964
32	0.00850	0.00607	0.00810	0.00972	0.01012	0.00567	0.00648	0.00972	0.01336	0.01781	0.03846	0.75020	0.04615	0.02186	0.00891	0.00283	0.00405	0.01984	0.00648	0.00567
33	0.02222	0.05424	0.08409	0.01966	0.06645	0.43921	0.05741	0.02776	0.12323	0.02007	0.01398	0.01549	0.01110	0.00730	0.00655	0.00196	0.01079	0.00540	0.00404	0.00905
34	0.01318	0.01240	0.02093	0.73798	0.04806	0.01550	0.01938	0.01783	0.01395	0.01783	0.01240	0.01860	0.00930	0.00698	0.00698	0.00233	0.00930	0.00620	0.00310	0.00775
35	0.01682	0.01448	0.01687	0.15254	0.02391	0.01689	0.01276	0.06703	0.50780	0.02750	0.02504	0.02604	0.01919	0.00929	0.00716	0.00238	0.00639	0.03130	0.00631	0.01029
36	0.01387	0.01311	0.02217	0.62107	0.15960	0.01568	0.01972	0.01843	0.01428	0.01867	0.01252	0.01838	0.00960	0.00685	0.00697	0.00228	0.00913	0.00620	0.00316	0.00831
37	0.01087	0.00719	0.00903	0.00965	0.01100	0.00669	0.00690	0.03386	0.01538	0.06435	0.08917	0.48076	0.13773	0.01884	0.00846	0.00262	0.00422	0.04147	0.03538	0.00642
38	0.01301	0.00650	0.00650	0.00650	0.00813	0.00650	0.00488	0.01626	0.01463	0.02602	0.02276	0.02602	0.01789	0.00813	0.00488	0.00163	0.00325	0.00650	0.79350	0.00650
39	0.01689	0.01618	0.04603	0.06127	0.10391	0.03174	0.18728	0.09377	0.06444	0.04715	0.04166	0.09197	0.01689	0.00917	0.00913	0.00230	0.08784	0.00825	0.00470	0.05941
40	0.04982	0.05583	0.06324	0.06621	0.16310	0.01478	0.01361	0.13379	0.06562	0.05103	0.09421	0.10011	0.05796	0.01003	0.00705	0.00218	0.00663	0.00856	0.00539	0.03084
41	0.01301	0.00650	0.00650	0.00650	0.00813	0.00650	0.00488	0.01626	0.01463	0.02602	0.02276	0.02602	0.01789	0.00813	0.00488	0.00163	0.00325	0.00650	0.79350	0.00650
42	0.04816	0.13549	0.08756	0.04316	0.15838	0.09952	0.14762	0.07935	0.01761	0.07088	0.01447	0.01826	0.01156	0.00710	0.00671	0.00208	0.00915	0.02905	0.00415	0.00975
43	0.75384	0.01343	0.01052	0.00925	0.01369	0.01525	0.00760	0.02033	0.01204	0.03076	0.00989	0.01154	0.00773	0.00639	0.00437	0.00209	0.00538	0.00380	0.00431	0.05778
44	0.01468	0.05440	0.06043	0.11317	0.07348	0.04069	0.11665	0.03992	0.01443	0.01944	0.01684	0.05295	0.01615	0.09130	0.05848	0.00349	0.13133	0.07033	0.00392	0.00791

[dist]
# distance from previous block
# <min> <max>
0	4

[block]
# block no. 3 follows, 30 sequences, length 42
# corresponding to MSA columns:
# 277-318
name=unknown_D
#
# <colnr> <probs for GDERKNQSTAVLIFYWHMCP>
#	G	D	E	R	K	N	Q	S	T	A	V	L	I	F	Y	W	H	M	C	P
0	0.01593	0.01233	0.01811	0.12873	0.16103	0.01309	0.03184	0.05977	0.08342	0.08742	0.07801	0.02935	0.07705	0.01450	0.07796	0.03910	0.02584	0.03260	0.00516	0.00875
1	0.01917	0.01445	0.01806	0.17140	0.05505	0.01618	0.01333	0.22148	0.16687	0.08368	0.02149	0.02289	0.04254	0.01245	0.07007	0.00301	0.00816	0.00712	0.02271	0.00992
2	0.01758	0.03335	0.01810	0.01541	0.04850	0.01415	0.07107	0.08684	0.23828	0.09592	0.07213	0.03204	0.06657	0.01014	0.00732	0.00223	0.00627	0.07285	0.00631	0.08494
3	0.01301	0.00650	0.00650	0.00650	0.00813	0.00650	0.00488	0.01626	0.01463	0.02602	0.02276	0.02602	0.01789	0.00813	0.00488	0.00163	0.00325	0.00650	0.79350	0.00650
4	0.03928	0.01865	0.09449	0.10239	0.28030	0.08659	0.01706	0.07647	0.06638	0.02338	0.01852	0.02315	0.05298	0.04037	0.00817	0.00237	0.00831	0.02733	0.00426	0.00956
5	0.08940	0.01747	0.09324	0.03581	0.05132	0.04776	0.05337	0.07986	0.19359	0.11822	0.02052	0.05087	0.01625	0.00911	0.00784	0.00230	0.04970	0.03172	0.00562	0.02604
6	0.01301	0.00650	0.00650	0.00650	0.00813	0.00650	0.00488	0.01626	0.01463	0.02602	0.02276	0.02602	0.01789	0.00813	0.00488	0.00163	0.00325	0.00650	0.79350	0.00650
7	0.05029	0.05202	0.02727	0.13954	0.16347	0.10637	0.17896	0.08392	0.01739	0.05016	0.01334	0.01685	0.01038	0.00703	0.00791	0.00219	0.05322	0.00631	0.00395	0.00943
8	0.80405	0.01350	0.01026	0.00918	0.01350	0.01565	0.00756	0.02051	0.01188	0.03131	0.00972	0.01134	0.00756	0.00648	0.00432	0.00216	0.00540	0.00378	0.00432	0.00756
9	0.01607	0.08135	0.02902	0.16516	0.05876	0.01802	0.26502	0.04759	0.09796	0.02187	0.01574	0.05018	0.01295	0.00796	0.00887	0.00234	0.08050	0.00753	0.00404	0.00906
10	0.80405	0.01350	0.01026	0.00918	0.01350	0.01565	0.00756	0.02051	0.01188	0.03131	0.00972	0.01134	0.00756	0.00648	0.00432	0.00216	0.00540	0.00378	0.00432	0.00756
11	0.01400	0.01361	0.05049	0.01471	0.01822	0.05381	0.11689	0.07589	0.05758	0.02412	0.15198	0.06786	0.12401	0.03431	0.00897	0.00259	0.00686	0.15041	0.00589	0.00779
12	0.01327	0.01240	0.01906	0.08265	0.05215	0.04089	0.15676	0.01708	0.04174	0.02041	0.05913	0.09376	0.11895	0.06023	0.04963	0.00310	0.06374	0.00971	0.07787	0.00747
13	0.01946	0.01664	0.01680	0.01456	0.01872	0.05876	0.01145	0.17451	0.48443	0.03159	0.05755	0.02453	0.02072	0.00933	0.00708	0.00227	0.00628	0.00758	0.00690	0.01084
14	0.06140	0.02048	0.15222	0.07555	0.06496	0.01720	0.36590	0.02294	0.07646	0.02292	0.01450	0.01809	0.01094	0.00671	0.00805	0.00233	0.03902	0.00709	0.00374	0.00950
15	0.01777	0.01500	0.01581	0.01398	0.01800	0.01713	0.01094	0.10247	0.59067	0.03011	0.02965	0.02746	0.06005	0.00983	0.00715	0.00234	0.00563	0.00812	0.00705	0.01083
16	0.01622	0.01617	0.02432	0.33354	0.30175	0.07410	0.04935	0.02139	0.05606	0.02058	0.01358	0.01805	0.01073	0.00680	0.00696	0.00219	0.00906	0.00626	0.00354	0.00934
17	0.01395	0.01317	0.02274	0.53472	0.14676	0.01530	0.06558	0.01852	0.01453	0.01923	0.01388	0.02103	0.01112	0.00731	0.00711	0.00231	0.00906	0.03298	0.02242	0.00829
18	0.01288	0.01100	0.01665	0.01505	0.01731	0.01177	0.10443	0.04253	0.04803	0.02140	0.06228	0.12012	0.06941	0.04780	0.01203	0.00301	0.11189	0.25960	0.00557	0.00725
19	0.80405	0.01350	0.01026	0.00918	0.01350	0.01565	0.00756	0.02051	0.01188	0.03131	0.00972	0.01134	0.00756	0.00648	0.00432	0.00216	0.00540	0.00378	0.00432	0.00756
20	0.01492	0.01277	0.01497	0.01085	0.01679	0.01021	0.00872	0.04082	0.01496	0.02324	0.01242	0.01458	0.01034	0.00556	0.00594	0.00115	0.03467	0.00429	0.00419	0.73860
21	0.01025	0.00738	0.01003	0.01132	0.01265	0.00716	0.00921	0.01289	0.01579	0.02082	0.11632	0.24743	0.07490	0.01929	0.00923	0.00296	0.00532	0.39424	0.00659	0.00623
22	0.01199	0.00911	0.01101	0.01036	0.01256	0.00921	0.00798	0.05576	0.12831	0.02755	0.43953	0.09018	0.08028	0.01415	0.00813	0.00234	0.00420	0.06252	0.00733	0.00751
23	0.01647	0.01882	0.04118	0.02941	0.03647	0.01765	0.68588	0.02235	0.01647	0.02235	0.01412	0.01882	0.01059	0.00588	0.00824	0.00235	0.01176	0.00824	0.00353	0.00941
24	0.02021	0.01641	0.01738	0.01478	0.01923	0.01869	0.01173	0.23933	0.49173	0.03379	0.02478	0.02315	0.01837	0.00913	0.00706	0.00228	0.00619	0.00739	0.00706	0.01130
25	0.01179	0.00626	0.00898	0.00905	0.00913	0.00626	0.00604	0.00950	0.00958	0.01275	0.01476	0.02757	0.01542	0.13130	0.02764	0.64274	0.00618	0.03831	0.00337	0.00337
26	0.02297	0.01816	0.02125	0.01671	0.02195	0.02004	0.07276	0.43955	0.22458	0.03775	0.01990	0.01963	0.01449	0.00847	0.00713	0.00220	0.00742	0.00692	0.00671	0.01141
27	0.02060	0.01857	0.02943	0.02191	0.02767	0.01948	0.30968	0.29639	0.08382	0.03151	0.01618	0.01841	0.01199	0.00760	0.00849	0.00229	0.05301	0.00728	0.00524	0.01046
28	0.01859	0.01560	0.01647	0.01445	0.01861	0.01793	0.01134	0.12438	0.60932	0.03117	0.02684	0.02479	0.02004	0.00932	0.00708	0.00233	0.00581	0.00767	0.00708	0.01116
29	0.01301	0.00650	0.00650	0.00650	0.00813	0.00650	0.00488	0.01626	0.01463	0.02602	0.02276	0.02602	0.01789	0.00813	0.00488	0.00163	0.00325	0.00650	0.79350	0.00650
30	0.08534	0.04862	0.01834	0.08165	0.10912	0.11869	0.01231	0.04350	0.01626	0.13393	0.01627	0.05991	0.01365	0.03814	0.00809	0.00214	0.03507	0.00636	0.00476	0.14785
31	0.08599	0.29034	0.04595	0.04019	0.01921	0.06875	0.01186	0.13841	0.06603	0.07466	0.04165	0.01935	0.05444	0.00799	0.00591	0.00191	0.00721	0.00586	0.00490	0.00937
32	0.01301	0.00650	0.00650	0.00650	0.00813	0.00650	0.00488	0.01626	0.01463	0.02602	0.02276	0.02602	0.01789	0.00813	0.00488	0.00163	0.00325	0.00650	0.79350	0.00650
33	0.35722	0.04022	0.01738	0.01395	0.01842	0.15076	0.03999	0.18135	0.01878	0.04898	0.01225	0.01371	0.00937	0.00736	0.00646	0.00211	0.04305	0.00490	0.00480	0.00893
34	0.80405	0.01350	0.01026	0.00918	0.01350	0.01565	0.00756	0.02051	0.01188	0.03131	0.00972	0.01134	0.00756	0.00648	0.00432	0.00216	0.00540	0.00378	0.00432	0.00756
35	0.02195	0.01779	0.05149	0.01640	0.02131	0.08920	0.09042	0.15386	0.18763	0.16968	0.02268	0.04169	0.01756	0.00931	0.00731	0.00228	0.00772	0.05498	0.00636	0.01038
36	0.80405	0.01350	0.01026	0.00918	0.01350	0.01565	0.00756	0.02051	0.01188	0.03131	0.00972	0.01134	0.00756	0.00648	0.00432	0.00216	0.00540	0.00378	0.00432	0.00756
37	0.01514	0.01240	0.01497	0.01519	0.07752	0.01376	0.01078	0.05927	0.31899	0.02591	0.11434	0.03179	0.05799	0.01439	0.05746	0.05025	0.03541	0.03679	0.02864	0.00900
38	0.00987	0.00692	0.00853	0.00861	0.00916	0.00708	0.00561	0.01082	0.01153	0.01561	0.06613	0.08908	0.06943	0.45721	0.18831	0.00698	0.00890	0.01060	0.00461	0.00502
39	0.01149	0.00821	0.00946	0.00918	0.01143	0.00779	0.00705	0.03135	0.07374	0.05385	0.20901	0.11192	0.28467	0.01529	0.00797	0.00236	0.00411	0.06622	0.06794	0.00697
40	0.01665	0.12186	0.06201	0.14341	0.37775	0.01711	0.04413	0.02067	0.01547	0.04849	0.01653	0.01978	0.05212	0.00709	0.00669	0.00207	0.00819	0.00642	0.00370	0.00986
41	0.02117	0.12405	0.02369	0.04728	0.02260	0.11709	0.09043	0.22886	0.02119	0.05765	0.01426	0.01606	0.01100	0.00873	0.03476	0.00220	0.00882	0.00562	0.00485	0.13970

[dist]
# distance from previous block
# <min> <max>
0	2

[block]
# block no. 4 follows, 30 sequences, length 45
# corresponding to MSA columns:
# 321-365
name=unknown_E
#
# <colnr> <probs for GDERKNQSTAVLIFYWHMCP>
#	G	D	E	R	K	N	Q	S	T	A	V	L	I	F	Y	W	H	M	C	P
0	0.01954	0.04492	0.07652	0.02547	0.20091	0.11496	0.15997	0.14607	0.04272	0.02601	0.01471	0.01738	0.01141	0.00694	0.00689	0.00207	0.00919	0.00634	0.05794	0.01001
1	0.04680	0.56206	0.07477	0.01251	0.01814	0.05642	0.01224	0.05461	0.01505	0.01854	0.01117	0.01424	0.01022	0.05987	0.00704	0.00198	0.00776	0.00445	0.00335	0.00876
2	0.05463	0.00989	0.01169	0.05986	0.01538	0.00998	0.00853	0.02029	0.14669	0.12140	0.18762	0.09076	0.20958	0.01307	0.00761	0.00232	0.00472	0.01109	0.00682	0.00806
3	0.01301	0.00650	0.00650	0.00650	0.00813	0.00650	0.00488	0.01626	0.01463	0.02602	0.02276	0.02602	0.01789	0.00813	0.00488	0.00163	0.00325	0.00650	0.79350	0.00650
4	0.04500	0.01779	0.05656	0.04000	0.15335	0.08040	0.21353	0.02267	0.08156	0.04267	0.01809	0.02275	0.03838	0.03567	0.00823	0.00231	0.00882	0.02923	0.00429	0.07869
5	0.06628	0.13412	0.19549	0.01695	0.02316	0.01840	0.10336	0.08445	0.13855	0.02507	0.04141	0.01815	0.01375	0.00761	0.00735	0.00213	0.04762	0.00613	0.00446	0.04555
6	0.01301	0.00650	0.00650	0.00650	0.00813	0.00650	0.00488	0.01626	0.01463	0.02602	0.02276	0.02602	0.01789	0.00813	0.00488	0.00163	0.00325	0.00650	0.79350	0.00650
7	0.11358	0.01932	0.07691	0.09845	0.05556	0.06235	0.27569	0.10685	0.01731	0.02493	0.01296	0.01658	0.00992	0.00708	0.00843	0.00230	0.07210	0.00652	0.00394	0.00922
8	0.77750	0.03870	0.01115	0.00927	0.01364	0.01606	0.00771	0.02053	0.01195	0.03081	0.00972	0.01133	0.00760	0.00646	0.00432	0.00214	0.00547	0.00378	0.00427	0.00760
9	0.01796	0.04945	0.19927	0.01867	0.07006	0.13134	0.07692	0.07756	0.04376	0.07023	0.06131	0.11495	0.01896	0.00947	0.00714	0.00219	0.00861	0.00807	0.00478	0.00929
10	0.67084	0.01313	0.01080	0.00947	0.01373	0.01488	0.00777	0.04395	0.01335	0.08047	0.01208	0.01336	0.00907	0.00680	0.00464	0.00212	0.00538	0.00427	0.05592	0.00795
11	0.01056	0.00698	0.00874	0.00872	0.00949	0.00739	0.00599	0.01211	0.01165	0.01713	0.04686	0.03622	0.02287	0.35545	0.26979	0.00727	0.01018	0.00869	0.13851	0.00540
12	0.00978	0.00761	0.00896	0.00896	0.01080	0.00720	0.00663	0.03726	0.03637	0.02156	0.19077	0.20349	0.31531	0.02067	0.07901	0.00329	0.00530	0.01414	0.00650	0.00640
13	0.09156	0.01700	0.03972	0.19765	0.36548	0.08113	0.03788	0.02094	0.01536	0.02201	0.01278	0.01689	0.01031	0.00658	0.00658	0.00211	0.00861	0.00587	0.03211	0.00945
14	0.01427	0.03420	0.64431	0.02093	0.03089	0.01636	0.09817	0.02213	0.01492	0.02213	0.01270	0.01518	0.00903	0.00655	0.00681	0.00223	0.01047	0.00549	0.00301	0.01021
15	0.01318	0.01225	0.02054	0.67225	0.06526	0.01507	0.01893	0.01772	0.01414	0.01817	0.01396	0.02234	0.01129	0.00773	0.00714	0.00237	0.00909	0.04749	0.00332	0.00776
16	0.01794	0.01671	0.02715	0.03945	0.62637	0.01698	0.02030	0.06999	0.05201	0.02464	0.01417	0.01768	0.01164	0.00654	0.00692	0.00209	0.00810	0.00631	0.00389	0.01111
17	0.00841	0.00707	0.00724	0.00720	0.00944	0.00596	0.00536	0.01023	0.01601	0.01932	0.11264	0.06553	0.64552	0.03813	0.00901	0.00247	0.00361	0.01446	0.00650	0.00589
18	0.00993	0.00667	0.00767	0.00789	0.00794	0.00662	0.00452	0.01009	0.01057	0.01409	0.02415	0.13819	0.02810	0.65850	0.03202	0.00625	0.00641	0.01142	0.00452	0.00442
19	0.01718	0.39989	0.15784	0.01834	0.07229	0.02259	0.10376	0.02195	0.04951	0.01935	0.01196	0.01425	0.00994	0.00661	0.00666	0.00191	0.04811	0.00510	0.00330	0.00945
20	0.00993	0.00717	0.00940	0.00893	0.01057	0.00664	0.00675	0.01322	0.01962	0.02773	0.68323	0.05309	0.06491	0.01445	0.00828	0.00223	0.00341	0.03625	0.00764	0.00658
21	0.01555	0.02707	0.41341	0.06595	0.07835	0.01635	0.09148	0.02473	0.13129	0.04463	0.01589	0.01779	0.01159	0.00709	0.00693	0.00225	0.00931	0.00614	0.00394	0.01029
22	0.01013	0.00732	0.00864	0.00819	0.01032	0.00644	0.00618	0.01271	0.01805	0.05518	0.39389	0.05751	0.34894	0.01552	0.00818	0.00226	0.00352	0.01330	0.00719	0.00652
23	0.01577	0.01854	0.11970	0.07758	0.24617	0.01598	0.22534	0.04366	0.03596	0.02269	0.02943	0.03968	0.01336	0.00989	0.05256	0.00280	0.01003	0.00735	0.00380	0.00970
24	0.01588	0.01291	0.01684	0.06451	0.10955	0.01074	0.01088	0.01919	0.01499	0.06892	0.01351	0.01574	0.01082	0.00566	0.00564	0.00133	0.00591	0.00474	0.00428	0.58794
25	0.80405	0.01350	0.01026	0.00918	0.01350	0.01565	0.00756	0.02051	0.01188	0.03131	0.00972	0.01134	0.00756	0.00648	0.00432	0.00216	0.00540	0.00378	0.00432	0.00756
26	0.01282	0.00927	0.01205	0.01282	0.01476	0.00953	0.01089	0.08332	0.03746	0.02297	0.03389	0.09459	0.03615	0.05764	0.01066	0.00325	0.00645	0.51813	0.00639	0.00697
27	0.01518	0.01561	0.10884	0.13737	0.06662	0.03547	0.05005	0.08134	0.07610	0.02454	0.05451	0.02495	0.01740	0.01160	0.05835	0.00279	0.00812	0.03665	0.16591	0.00857
28	0.01930	0.14280	0.04851	0.01704	0.01977	0.15831	0.02961	0.03890	0.01452	0.06538	0.01125	0.01475	0.00974	0.00952	0.01421	0.00242	0.36639	0.00548	0.00364	0.00848
29	0.60282	0.01796	0.01304	0.01239	0.04179	0.17229	0.00939	0.02217	0.01377	0.02785	0.01008	0.01184	0.00801	0.00662	0.00485	0.00208	0.00709	0.00403	0.00413	0.00781
30	0.01858	0.01923	0.03452	0.02687	0.08227	0.05286	0.45962	0.12427	0.06186	0.02583	0.01518	0.01854	0.01141	0.00657	0.00778	0.00227	0.01054	0.00759	0.00427	0.00994
31	0.01528	0.06194	0.28666	0.01908	0.08346	0.01498	0.07443	0.06857	0.06293	0.04516	0.06096	0.13659	0.01998	0.00978	0.00721	0.00227	0.00802	0.00857	0.00465	0.00946
32	0.00847	0.00698	0.00744	0.00753	0.00961	0.00595	0.00557	0.01037	0.01613	0.01987	0.14529	0.13017	0.56718	0.01766	0.00831	0.00238	0.00355	0.01496	0.00663	0.00595
33	0.00968	0.00770	0.00973	0.01064	0.06024	0.00696	0.00715	0.01229	0.01751	0.02333	0.36230	0.10879	0.30689	0.01558	0.00819	0.00230	0.00380	0.01352	0.00683	0.00657
34	0.00904	0.00637	0.00829	0.00963	0.01007	0.00607	0.00651	0.01022	0.01304	0.01733	0.03542	0.56596	0.04196	0.15074	0.01366	0.00356	0.00474	0.07584	0.00608	0.00548
35	0.01591	0.01469	0.01716	0.01413	0.05371	0.05643	0.04626	0.02180	0.12475	0.02340	0.01500	0.01659	0.01206	0.00608	0.00580	0.00142	0.00621	0.00509	0.00451	0.53902
36	0.69948	0.01615	0.01154	0.01036	0.01458	0.11123	0.00835	0.02150	0.01294	0.02940	0.00986	0.01150	0.00775	0.00657	0.00458	0.00211	0.00636	0.00387	0.00422	0.00763
37	0.01501	0.03413	0.63783	0.02005	0.02987	0.01666	0.05486	0.06983	0.01611	0.02368	0.01290	0.01506	0.00914	0.00672	0.00673	0.00221	0.01019	0.00538	0.00326	0.01038
38	0.18127	0.01219	0.01504	0.01179	0.01698	0.01130	0.00973	0.03139	0.01840	0.58317	0.02407	0.02134	0.01539	0.00822	0.00649	0.00216	0.00583	0.00639	0.00780	0.01104
39	0.01866	0.75896	0.03657	0.01194	0.01791	0.02761	0.01194	0.02090	0.01418	0.01642	0.00970	0.01119	0.00896	0.00597	0.00448	0.00149	0.00746	0.00373	0.00299	0.00896
40	0.01422	0.03456	0.65822	0.02074	0.03076	0.01633	0.08462	0.02212	0.01489	0.02212	0.01267	0.01510	0.00900	0.00656	0.00677	0.00222	0.01044	0.00543	0.00300	0.01023
41	0.00961	0.00706	0.00883	0.00847	0.01007	0.00646	0.00622	0.01237	0.01828	0.02525	0.54152	0.07768	0.15720	0.06810	0.01021	0.00257	0.00360	0.01300	0.00722	0.00628
42	0.00885	0.00718	0.00790	0.00797	0.01013	0.00624	0.00615	0.01103	0.01659	0.02065	0.17780	0.06576	0.52655	0.01725	0.00839	0.00242	0.00380	0.08260	0.00668	0.00607
43	0.02154	0.07281	0.07905	0.01979	0.12833	0.20067	0.01455	0.17321	0.04173	0.07495	0.01722	0.09305	0.01483	0.00889	0.00680	0.00207	0.00868	0.00707	0.00501	0.00976
44	0.01689	0.01501	0.01627	0.01629	0.08113	0.05397	0.01150	0.05149	0.47257	0.02789	0.10941	0.05118	0.02569	0.01001	0.00723	0.00229	0.00590	0.00848	0.00662	0.01019

[dist]
# distance from previous block
# <min> <max>
0	13

[block]
# block no. 5 follows, 30 sequences, length 17
# corresponding to MSA columns:
# 379,380,382-396
name=unknown_F
#
# <colnr> <probs for GDERKNQSTAVLIFYWHMCP>
#	G	D	E	R	K	N	Q	S	T	A	V	L	I	F	Y	W	H	M	C	P
0	0.01401	0.02867	0.47883	0.07165	0.03103	0.01562	0.15238	0.02098	0.01527	0.02194	0.04295	0.01951	0.04102	0.00728	0.00710	0.00225	0.00996	0.00653	0.00341	0.00962
1	0.01596	0.01565	0.02751	0.23931	0.35571	0.01651	0.13381	0.02164	0.06322	0.02173	0.01416	0.01854	0.01119	0.00661	0.00717	0.00221	0.00898	0.00668	0.00362	0.00982
2	0.00980	0.00713	0.00922	0.00870	0.01038	0.00655	0.00653	0.01302	0.01958	0.02756	0.67821	0.05282	0.09544	0.01442	0.00823	0.00220	0.00330	0.01272	0.00763	0.00655
3	0.00947	0.00828	0.01087	0.00984	0.01221	0.00755	0.06186	0.01175	0.01610	0.02035	0.15706	0.11988	0.46721	0.01635	0.00888	0.00240	0.03334	0.01399	0.00628	0.00633
