[name]
unknown

[dist]
# distance from previous block
# <min> <max>
0	79

[block]
# block no. 0 follows, 32 sequences, length 20
# corresponding to MSA columns:
# 81-100
name=unknown_A
#
# <colnr> <probs for GDERKNQSTAVLIFYWHMCP>
#	G	D	E	R	K	N	Q	S	T	A	V	L	I	F	Y	W	H	M	C	P
0	0.01774	0.18194	0.09800	0.01521	0.01965	0.17049	0.05716	0.05888	0.05370	0.04085	0.01655	0.02211	0.03104	0.01219	0.07257	0.00281	0.05090	0.06579	0.00407	0.00835
1	0.01043	0.00814	0.00897	0.00863	0.01044	0.03110	0.00641	0.01409	0.06770	0.02280	0.33547	0.07311	0.19754	0.05721	0.04463	0.00279	0.00460	0.01135	0.07822	0.00636
2	0.01440	0.06590	0.16651	0.03596	0.06324	0.01261	0.03651	0.04325	0.01490	0.02194	0.03009	0.01677	0.03421	0.00616	0.00570	0.00150	0.00666	0.00507	0.00383	0.41480
3	0.00859	0.00629	0.00866	0.05066	0.01202	0.00612	0.00720	0.01006	0.01304	0.01731	0.03550	0.67660	0.04205	0.02007	0.00850	0.00272	0.00431	0.05865	0.00604	0.00561
4	0.01391	0.01193	0.01391	0.00994	0.01590	0.00894	0.00795	0.01690	0.01391	0.02186	0.01193	0.01391	0.00994	0.00497	0.00497	0.00099	0.00497	0.00398	0.00398	0.80521
5	0.01538	0.09601	0.39135	0.05774	0.08972	0.01590	0.09948	0.02124	0.01482	0.06632	0.03282	0.01628	0.01104	0.00649	0.00642	0.00202	0.00895	0.00560	0.00348	0.03894
6	0.06663	0.09178	0.02111	0.01902	0.10658	0.40939	0.01353	0.07747	0.01788	0.03483	0.01116	0.01324	0.00921	0.00720	0.00732	0.00189	0.07477	0.00475	0.00374	0.00850
7	0.01271	0.00892	0.00993	0.00890	0.01162	0.00850	0.00690	0.09565	0.05229	0.07632	0.20970	0.04815	0.35347	0.01361	0.00746	0.00215	0.00407	0.01140	0.05103	0.00721
8	0.01796	0.06245	0.15099	0.02008	0.06109	0.20599	0.10552	0.04446	0.01515	0.01903	0.01090	0.01431	0.00907	0.00798	0.01093	0.00223	0.22461	0.00547	0.00326	0.00852
9	0.00858	0.00638	0.00889	0.07540	0.01299	0.00630	0.00734	0.01004	0.01290	0.01713	0.03474	0.69347	0.04121	0.01974	0.00840	0.00268	0.00434	0.01790	0.00594	0.00563
10	0.00840	0.00596	0.00782	0.00911	0.00953	0.00560	0.00604	0.00958	0.01295	0.01736	0.07732	0.65233	0.04375	0.08703	0.01081	0.00303	0.00408	0.01782	0.00611	0.00538
11	0.02050	0.01675	0.01735	0.01371	0.01878	0.05568	0.01104	0.33707	0.17924	0.03240	0.01724	0.01734	0.01292	0.00743	0.00625	0.00179	0.00655	0.00576	0.00585	0.21635
12	0.02101	0.04070	0.01643	0.01307	0.01707	0.06356	0.01044	0.25121	0.13729	0.15504	0.08725	0.07158	0.02118	0.03278	0.02821	0.00246	0.00669	0.00780	0.00653	0.00970
13	0.04306	0.02160	0.13279	0.07700	0.18699	0.13844	0.06372	0.14924	0.01861	0.06055	0.01331	0.01566	0.01010	0.00694	0.00704	0.00205	0.03345	0.00565	0.00415	0.00967
14	0.01579	0.11773	0.45964	0.01610	0.02390	0.01545	0.01903	0.02241	0.04916	0.10576	0.07798	0.01857	0.01502	0.00732	0.00633	0.00204	0.00825	0.00578	0.00410	0.00965
15	0.00892	0.00707	0.00804	0.00855	0.01007	0.00661	0.00608	0.01193	0.07635	0.01872	0.07021	0.35233	0.33208	0.04003	0.00888	0.00258	0.00386	0.01545	0.00626	0.00599
16	0.01405	0.01659	0.16334	0.01770	0.06613	0.03529	0.16546	0.01792	0.01494	0.08330	0.02689	0.19062	0.11168	0.03469	0.00832	0.00242	0.00748	0.01035	0.00475	0.00809
17	0.09095	0.19678	0.28099	0.01829	0.06186	0.03610	0.09865	0.07562	0.01542	0.02228	0.01155	0.01380	0.00898	0.00645	0.00648	0.00198	0.03610	0.00503	0.00339	0.00928
18	0.00816	0.00590	0.00772	0.00918	0.00969	0.00546	0.00616	0.00936	0.01300	0.01719	0.03898	0.71496	0.08793	0.02076	0.00852	0.00270	0.00386	0.01876	0.00623	0.00546
19	0.03962	0.00992	0.01038	0.00985	0.01231	0.04788	0.00740	0.04972	0.08055	0.09840	0.09511	0.23151	0.25182	0.01478	0.00758	0.00231	0.00467	0.01260	0.00641	0.00720

[dist]
# distance from previous block
# <min> <max>
0	1

[block]
# block no. 1 follows, 32 sequences, length 12
# corresponding to MSA columns:
# 102-113
name=unknown_B
#
# <colnr> <probs for GDERKNQSTAVLIFYWHMCP>
#	G	D	E	R	K	N	Q	S	T	A	V	L	I	F	Y	W	H	M	C	P
0	0.01609	0.07638	0.17694	0.05968	0.06703	0.10649	0.22552	0.03878	0.05344	0.02074	0.01744	0.03740	0.05874	0.00743	0.00688	0.00209	0.00935	0.00693	0.00375	0.00888
1	0.01659	0.08713	0.04226	0.01757	0.02000	0.06053	0.10637	0.01903	0.01271	0.07372	0.01173	0.01608	0.01014	0.01235	0.06588	0.00309	0.40731	0.00598	0.00349	0.00802
2	0.04698	0.01535	0.02240	0.32272	0.13319	0.08461	0.11847	0.03812	0.04739	0.03871	0.01381	0.01774	0.01056	0.00670	0.00660	0.00210	0.00868	0.00612	0.05129	0.00845
3	0.01759	0.38112	0.10598	0.04201	0.06111	0.08127	0.01414	0.05459	0.03631	0.01882	0.01093	0.01312	0.00931	0.00683	0.00713	0.00181	0.09200	0.00454	0.00331	0.03809
4	0.01517	0.01790	0.11833	0.02902	0.29724	0.01601	0.18095	0.01959	0.01456	0.02071	0.01445	0.02212	0.01271	0.00802	0.00941	0.00232	0.11707	0.07169	0.00350	0.00925
5	0.00873	0.00643	0.00838	0.00940	0.01033	0.00579	0.00640	0.01008	0.01295	0.01759	0.03454	0.68713	0.04102	0.01946	0.00821	0.00256	0.00400	0.01760	0.00601	0.08338
6	0.01641	0.02053	0.17422	0.02481	0.19546	0.04962	0.15149	0.08066	0.07880	0.02322	0.01546	0.03637	0.01276	0.00772	0.00794	0.00221	0.05492	0.03379	0.00401	0.00960
7	0.01538	0.12251	0.10589	0.01578	0.07949	0.08902	0.03731	0.07900	0.01571	0.03906	0.02046	0.25769	0.02116	0.01231	0.00811	0.05195	0.00708	0.00970	0.00458	0.00783
8	0.00952	0.00702	0.01017	0.01027	0.01128	0.00797	0.00773	0.01155	0.01079	0.01537	0.01957	0.07551	0.01946	0.13429	0.60625	0.00975	0.01569	0.00826	0.00382	0.00572
9	0.01233	0.00768	0.00947	0.00860	0.01075	0.00715	0.00658	0.04090	0.01849	0.09455	0.46869	0.04451	0.11944	0.01257	0.00735	0.00205	0.00359	0.01085	0.10751	0.00694
10	0.05248	0.03906	0.01782	0.01778	0.13844	0.06717	0.01215	0.12489	0.13780	0.16720	0.04843	0.06686	0.01910	0.00934	0.00682	0.00214	0.00660	0.05020	0.00597	0.00974
11	0.05807	0.01464	0.02481	0.30213	0.24650	0.01576	0.13020	0.06197	0.01561	0.04717	0.01306	0.01723	0.01000	0.00643	0.00675	0.00214	0.00863	0.00620	0.00364	0.00907

[dist]
# distance from previous block
# <min> <max>
5	7

[block]
# block no. 2 follows, 32 sequences, length 31
# corresponding to MSA columns:
# 123-153
name=unknown_C
#
# <colnr> <probs for GDERKNQSTAVLIFYWHMCP>
#	G	D	E	R	K	N	Q	S	T	A	V	L	I	F	Y	W	H	M	C	P
0	0.03994	0.30154	0.21689	0.04855	0.07198	0.06884	0.01581	0.02238	0.09174	0.01979	0.01257	0.01420	0.01007	0.00641	0.00555	0.00181	0.00805	0.00474	0.00345	0.03567
1	0.01020	0.00790	0.00892	0.00884	0.01070	0.00774	0.00648	0.02925	0.11211	0.02122	0.15444	0.19589	0.27087	0.05925	0.02745	0.00276	0.00435	0.01297	0.04216	0.00649
2	0.03298	0.01567	0.08466	0.05919	0.15633	0.01395	0.14290	0.10221	0.04066	0.09459	0.05970	0.05711	0.09215	0.00885	0.00713	0.00216	0.00745	0.00813	0.00497	0.00921
3	0.05360	0.07888	0.17341	0.07221	0.11963	0.11594	0.08825	0.06668	0.05356	0.05774	0.04669	0.01731	0.01278	0.00698	0.00643	0.00202	0.00867	0.00587	0.00407	0.00927
4	0.09151	0.06513	0.25467	0.04669	0.12762	0.05089	0.11118	0.09944	0.04783	0.02425	0.01300	0.01531	0.00983	0.00652	0.00636	0.00206	0.00880	0.00556	0.00377	0.00960
5	0.01312	0.00970	0.01073	0.00977	0.01222	0.03090	0.00746	0.11392	0.04555	0.05851	0.28564	0.13205	0.19211	0.01370	0.00757	0.00218	0.00439	0.01171	0.03149	0.00726
6	0.04428	0.01959	0.11385	0.08066	0.10227	0.13209	0.11158	0.09388	0.04024	0.04856	0.06377	0.07171	0.01635	0.00834	0.00716	0.00212	0.02306	0.00722	0.00443	0.00885
7	0.08373	0.02062	0.18182	0.04253	0.06131	0.07389	0.11605	0.10829	0.04267	0.15428	0.01745	0.01842	0.03390	0.00729	0.00660	0.00209	0.00832	0.00618	0.00485	0.00971
8	0.01093	0.06258	0.01239	0.01135	0.03874	0.00889	0.03131	0.03931	0.01317	0.01781	0.02721	0.36520	0.05102	0.07981	0.09415	0.07001	0.00660	0.01263	0.04089	0.00603
9	0.01522	0.01589	0.06717	0.20570	0.47119	0.01540	0.04581	0.01959	0.01492	0.02090	0.03578	0.01793	0.01183	0.00642	0.00673	0.00207	0.00829	0.00619	0.00335	0.00963
10	0.04935	0.19557	0.07925	0.04097	0.13767	0.07609	0.06951	0.06318	0.07645	0.05462	0.04840	0.01717	0.01331	0.00720	0.00685	0.00196	0.04334	0.00574	0.00414	0.00923
11	0.04836	0.07866	0.11406	0.11685	0.11082	0.01591	0.26069	0.02165	0.01541	0.10516	0.03789	0.01818	0.01219	0.00653	0.00684	0.00211	0.00892	0.00656	0.00397	0.00922
12	0.01013	0.00672	0.00856	0.00931	0.01009	0.00642	0.00628	0.03563	0.01355	0.05073	0.06009	0.55258	0.03935	0.14216	0.01260	0.00327	0.00451	0.01622	0.00603	0.00575
13	0.01681	0.01900	0.14072	0.06164	0.16479	0.07018	0.16146	0.07072	0.01666	0.07420	0.01866	0.09273	0.04496	0.00839	0.00709	0.00216	0.00856	0.00782	0.00429	0.00917
14	0.03871	0.07151	0.25003	0.01713	0.02294	0.03880	0.13756	0.02067	0.04618	0.07876	0.03899	0.11183	0.01748	0.00931	0.00757	0.00224	0.03807	0.03915	0.00434	0.00874
15	0.00834	0.00598	0.00783	0.00910	0.00964	0.00557	0.00612	0.00965	0.01333	0.01783	0.09514	0.64831	0.06860	0.04868	0.00947	0.00280	0.00391	0.01796	0.00624	0.00548
16	0.05069	0.01941	0.25031	0.11813	0.10634	0.01390	0.06182	0.03891	0.01440	0.02079	0.01891	0.12495	0.04808	0.00965	0.00785	0.00230	0.05121	0.03005	0.00388	0.00843
17	0.03250	0.10115	0.30619	0.04018	0.12041	0.07946	0.12125	0.03645	0.01555	0.04187	0.03507	0.01604	0.01111	0.00653	0.00644	0.00202	0.00926	0.00565	0.00346	0.00941
18	0.10518	0.04476	0.16855	0.10429	0.20200	0.04765	0.04695	0.04820	0.03971	0.10916	0.01423	0.01632	0.01056	0.00666	0.00629	0.00206	0.00809	0.00559	0.00413	0.00962
19	0.00967	0.00653	0.00764	0.00771	0.00783	0.00662	0.00453	0.00993	0.00999	0.01342	0.02161	0.07568	0.02467	0.66883	0.09290	0.00669	0.00736	0.00997	0.00413	0.00429
20	0.01736	0.06691	0.19040	0.12652	0.11462	0.10119	0.04277	0.07040	0.04728	0.07415	0.04883	0.01932	0.03620	0.00745	0.00655	0.00204	0.00845	0.00615	0.00420	0.00922
21	0.12273	0.07697	0.23387	0.01798	0.09969	0.03697	0.04189	0.09979	0.04703	0.07087	0.03638	0.03331	0.01283	0.00873	0.03087	0.00234	0.00814	0.00586	0.00433	0.00941
22	0.00870	0.00645	0.00818	0.00944	0.01017	0.00618	0.00643	0.01103	0.05719	0.01789	0.03854	0.66460	0.09014	0.01998	0.00841	0.00266	0.00395	0.01800	0.00627	0.00579
23	0.05184	0.08863	0.37821	0.01914	0.02657	0.03505	0.14891	0.04599	0.01501	0.05429	0.01252	0.01494	0.00928	0.00674	0.00758	0.00214	0.06480	0.00552	0.00342	0.00940
24	0.16461	0.12460	0.19873	0.01759	0.11050	0.01546	0.06249	0.02067	0.01433	0.09790	0.01713	0.04446	0.05188	0.00847	0.02214	0.00223	0.00763	0.00613	0.00411	0.00894
25	0.04248	0.07546	0.30199	0.12755	0.08509	0.09435	0.11001	0.04838	0.01546	0.02099	0.01199	0.01495	0.00906	0.00637	0.00642	0.00205	0.00960	0.00542	0.00324	0.00915
26	0.01384	0.01310	0.02194	0.44063	0.29458	0.01473	0.01853	0.01796	0.01422	0.01897	0.01562	0.02027	0.05309	0.00707	0.00676	0.00215	0.00824	0.00647	0.00331	0.00852
27	0.04781	0.13450	0.11072	0.08134	0.10910	0.08601	0.06892	0.07099	0.03648	0.06272	0.03931	0.01965	0.04358	0.03299	0.00764	0.00215	0.02694	0.00617	0.00413	0.00886
28	0.04796	0.04595	0.15661	0.13910	0.18231	0.05934	0.05841	0.03933	0.01518	0.04808	0.05900	0.01798	0.01316	0.00743	0.00806	0.00214	0.08123	0.00605	0.00372	0.00896
29	0.01073	0.00772	0.00955	0.00979	0.01136	0.00760	0.00717	0.01518	0.11538	0.04963	0.22189	0.35266	0.09132	0.01643	0.00806	0.00245	0.00404	0.04560	0.00671	0.00672
30	0.05147	0.01842	0.06041	0.02481	0.13271	0.08746	0.33723	0.04287	0.06169	0.02222	0.01683	0.04405	0.03323	0.00740	0.00726	0.00219	0.00941	0.02736	0.00398	0.00900

[dist]
# distance from previous block
# <min> <max>
0	1

[block]
# block no. 3 follows, 32 sequences, length 55
# corresponding to MSA columns:
# 155-209
name=unknown_D
#
# <colnr> <probs for GDERKNQSTAVLIFYWHMCP>
#	G	D	E	R	K	N	Q	S	T	A	V	L	I	F	Y	W	H	M	C	P
0	0.09347	0.10349	0.13568	0.01871	0.11010	0.05076	0.08687	0.08847	0.08100	0.07613	0.02841	0.06804	0.01427	0.00789	0.00639	0.00206	0.00764	0.00667	0.00458	0.00936
1	0.01455	0.09646	0.17365	0.09024	0.12418	0.04038	0.11533	0.04630	0.01555	0.02097	0.06477	0.10789	0.01836	0.00895	0.00693	0.00215	0.00812	0.03259	0.00402	0.00859
2	0.00861	0.00620	0.00805	0.00927	0.00995	0.00582	0.00646	0.01002	0.01336	0.01767	0.07051	0.55180	0.09286	0.07500	0.01045	0.00298	0.00425	0.08517	0.00612	0.00548
3	0.07308	0.27165	0.28336	0.01487	0.02193	0.01992	0.01622	0.15076	0.01734	0.05524	0.01237	0.01357	0.00936	0.00656	0.00562	0.00187	0.00801	0.00470	0.00392	0.00965
4	0.04809	0.10805	0.25652	0.04206	0.07136	0.11688	0.03648	0.07572	0.01664	0.09409	0.03367	0.01694	0.01190	0.03473	0.00722	0.00214	0.00866	0.00551	0.00407	0.00927
5	0.01082	0.00792	0.00919	0.00945	0.01073	0.03630	0.00699	0.01374	0.04235	0.02029	0.13708	0.20567	0.03261	0.06941	0.15208	0.00419	0.00710	0.05691	0.16105	0.00612
6	0.01577	0.01608	0.07836	0.25340	0.21931	0.05322	0.06622	0.01987	0.01481	0.06836	0.04438	0.01880	0.01262	0.00862	0.03223	0.00245	0.05669	0.00630	0.00370	0.00881
7	0.04115	0.01202	0.04305	0.17014	0.05975	0.04909	0.03637	0.01608	0.06311	0.02011	0.09371	0.06666	0.27929	0.01173	0.00724	0.00221	0.00606	0.01000	0.00504	0.00718
8	0.00967	0.00691	0.00873	0.00959	0.01055	0.00667	0.00672	0.05761	0.01482	0.01999	0.09079	0.58826	0.06575	0.01895	0.00827	0.00259	0.00410	0.03435	0.02970	0.00598
9	0.01465	0.02878	0.47904	0.02127	0.10798	0.07218	0.05754	0.02085	0.01494	0.02114	0.05894	0.01691	0.01251	0.00703	0.00718	0.00212	0.03854	0.00570	0.00328	0.00945
10	0.02038	0.01593	0.06627	0.01600	0.08398	0.01549	0.01226	0.34262	0.04414	0.09565	0.01872	0.02440	0.01542	0.12578	0.01100	0.00277	0.00705	0.03871	0.03379	0.00964
11	0.01476	0.07560	0.31399	0.07170	0.10727	0.01651	0.21180	0.02115	0.03851	0.02094	0.01363	0.01792	0.01063	0.00659	0.00683	0.00215	0.00956	0.02776	0.00330	0.00940
12	0.00986	0.00759	0.01130	0.01115	0.01228	0.00903	0.00872	0.01220	0.01076	0.01561	0.01749	0.02574	0.01635	0.04827	0.69955	0.01037	0.05700	0.00712	0.00356	0.00606
13	0.01251	0.01386	0.12860	0.03832	0.01680	0.01154	0.01171	0.06205	0.08237	0.02461	0.30431	0.05755	0.05966	0.01196	0.00897	0.00230	0.08007	0.05929	0.00579	0.00773
14	0.01854	0.01722	0.11743	0.04668	0.29295	0.01490	0.03656	0.08107	0.09327	0.13671	0.01752	0.02027	0.01340	0.00893	0.03386	0.00243	0.00798	0.02518	0.00481	0.01029
15	0.01787	0.01531	0.02282	0.06765	0.36240	0.04442	0.05542	0.12361	0.01770	0.07070	0.01643	0.07045	0.01417	0.01016	0.04577	0.00256	0.00836	0.02006	0.00443	0.00973
16	0.01219	0.00720	0.01029	0.04879	0.01200	0.00760	0.00730	0.05731	0.01108	0.01488	0.01444	0.07191	0.01433	0.02423	0.10195	0.56250	0.00732	0.00692	0.00349	0.00426
17	0.01599	0.01900	0.09916	0.05303	0.03366	0.01653	0.56266	0.02224	0.04404	0.04365	0.01434	0.01817	0.01061	0.00598	0.00765	0.00224	0.01068	0.00753	0.00362	0.00921
18	0.01805	0.36809	0.12492	0.01744	0.09707	0.08023	0.06149	0.02199	0.04044	0.06545	0.01321	0.04016	0.01115	0.00678	0.00564	0.00179	0.00805	0.00530	0.00362	0.00912
19	0.00910	0.00681	0.00931	0.00999	0.01084	0.00668	0.02546	0.01140	0.04627	0.01802	0.07857	0.54770	0.03990	0.07151	0.07154	0.00358	0.00548	0.01614	0.00589	0.00581
20	0.01819	0.20153	0.12173	0.03836	0.02206	0.19721	0.06517	0.04067	0.01487	0.01801	0.01041	0.01343	0.00886	0.00769	0.00981	0.00207	0.19342	0.00498	0.00318	0.00835
21	0.12220	0.09581	0.03749	0.01664	0.02089	0.04675	0.16539	0.09131	0.11801	0.02388	0.01606	0.05053	0.01370	0.00986	0.03276	0.00251	0.09291	0.03020	0.00445	0.00865
22	0.01185	0.03876	0.07351	0.08308	0.05621	0.00944	0.03384	0.01459	0.01454	0.07013	0.07148	0.31198	0.13572	0.01447	0.00767	0.00238	0.00557	0.03223	0.00546	0.00708
23	0.00912	0.00688	0.00783	0.00799	0.00970	0.00630	0.00605	0.01110	0.01475	0.01910	0.12541	0.05751	0.38356	0.11003	0.04599	0.00325	0.00483	0.10610	0.05885	0.00567
24	0.01918	0.09720	0.08290	0.12199	0.12858	0.09792	0.03759	0.15456	0.03195	0.07456	0.01502	0.01924	0.01203	0.00771	0.00706	0.00207	0.03376	0.04286	0.00444	0.00939
25	0.01881	0.14157	0.15337	0.01797	0.09436	0.09320	0.04216	0.07288	0.12926	0.09740	0.01784	0.01852	0.03821	0.00756	0.00671	0.00200	0.02794	0.00595	0.00461	0.00967
26	0.01836	0.01781	0.02537	0.10205	0.25863	0.10956	0.15176	0.06674	0.10395	0.05637	0.01517	0.01777	0.01168	0.00675	0.00686	0.00208	0.00879	0.00639	0.00421	0.00970
27	0.00961	0.00708	0.01024	0.01024	0.01125	0.00809	0.00770	0.01163	0.01062	0.01517	0.01847	0.02913	0.01798	0.16305	0.62652	0.01011	0.01616	0.00759	0.00367	0.00569
28	0.16062	0.16644	0.02125	0.01368	0.01865	0.06578	0.01161	0.38716	0.02316	0.03263	0.01304	0.01386	0.00989	0.00731	0.00615	0.00192	0.02681	0.00503	0.00521	0.00980
29	0.01732	0.29367	0.21610	0.01602	0.05194	0.15356	0.01555	0.02165	0.03832	0.01858	0.01291	0.01727	0.01119	0.00711	0.00574	0.00183	0.00866	0.05085	0.00339	0.03833
30	0.06925	0.27576	0.13820	0.06474	0.02154	0.07158	0.05775	0.02064	0.04759	0.03978	0.01667	0.01817	0.06938	0.00734	0.00615	0.00187	0.02778	0.00556	0.00371	0.03653
31	0.02393	0.01196	0.03465	0.01196	0.01639	0.01076	0.00989	0.07107	0.09626	0.45496	0.10833	0.07537	0.02390	0.00982	0.00700	0.00214	0.00547	0.00822	0.00764	0.01028
32	0.00978	0.00650	0.00866	0.00985	0.01063	0.00616	0.00706	0.01127	0.01335	0.04867	0.03487	0.53671	0.04033	0.08459	0.01084	0.00309	0.00463	0.14117	0.00612	0.00573
33	0.07236	0.01521	0.06052	0.17998	0.44692	0.01492	0.01846	0.01908	0.01439	0.02117	0.01389	0.06764	0.01226	0.00721	0.00660	0.00211	0.00779	0.00666	0.00349	0.00934
34	0.01843	0.04341	0.02006	0.18315	0.17168	0.11801	0.01470	0.07379	0.01654	0.11499	0.01662	0.09938	0.01440	0.00878	0.00771	0.00214	0.05571	0.00721	0.00448	0.00882
35	0.01733	0.03790	0.02599	0.12900	0.35130	0.03947	0.11885	0.06837	0.04728	0.05634	0.03342	0.01824	0.01243	0.00666	0.00681	0.00206	0.00831	0.00642	0.00402	0.00978
36	0.00928	0.00672	0.00867	0.00977	0.01055	0.00656	0.00694	0.01169	0.05038	0.01834	0.07672	0.49761	0.04131	0.09700	0.01121	0.00311	0.00455	0.11776	0.00610	0.00575
37	0.01457	0.02598	0.38901	0.06405	0.13140	0.04369	0.15798	0.02067	0.01476	0.02080	0.01346	0.04837	0.01076	0.00686	0.00683	0.00215	0.00968	0.00636	0.00320	0.00943
38	0.04078	0.05099	0.01994	0.04617	0.09437	0.08655	0.09511	0.08946	0.05654	0.09759	0.06043	0.04828	0.10243	0.00961	0.00780	0.00216	0.04847	0.02951	0.00513	0.00868
39	0.01696	0.05009	0.21025	0.02486	0.14760	0.07339	0.24861	0.05277	0.01617	0.04927	0.01337	0.01645	0.01017	0.00766	0.03058	0.00237	0.01011	0.00623	0.00357	0.00953
40	0.00968	0.00748	0.00902	0.00948	0.01111	0.00723	0.00716	0.01355	0.08967	0.02075	0.16393	0.26853	0.21686	0.01703	0.00821	0.00251	0.00416	0.12081	0.00649	0.00633
41	0.07116	0.01527	0.04967	0.19814	0.25640	0.01580	0.01632	0.13676	0.03640	0.05221	0.01671	0.01942	0.04976	0.00750	0.00702	0.00212	0.02933	0.00631	0.00430	0.00941
42	0.01687	0.14754	0.20674	0.04136	0.06980	0.06247	0.05397	0.02094	0.01468	0.09971	0.01534	0.02114	0.01286	0.01027	0.04436	0.00258	0.08077	0.06581	0.00392	0.00887
43	0.01102	0.00765	0.00903	0.00974	0.01081	0.03844	0.00692	0.01246	0.01370	0.06478	0.05197	0.47363	0.06010	0.05635	0.03111	0.02645	0.00506	0.06087	0.04397	0.00594
44	0.03191	0.36629	0.28307	0.01473	0.02143	0.09642	0.01614	0.02067	0.01425	0.01814	0.01147	0.03432	0.00982	0.00781	0.02605	0.00203	0.00886	0.00471	0.00306	0.00880
45	0.01889	0.13637	0.24567	0.01613	0.02231	0.06929	0.04614	0.15087	0.01817	0.09435	0.03387	0.01708	0.02773	0.00766	0.00750	0.00204	0.06627	0.00570	0.00440	0.00957
46	0.01601	0.10408	0.25700	0.05126	0.12022	0.01642	0.13893	0.03981	0.06332	0.06132	0.01548	0.03985	0.01240	0.00726	0.00668	0.00211	0.00865	0.02575	0.00389	0.00955
47	0.02439	0.01580	0.01741	0.01355	0.01835	0.01695	0.01113	0.49376	0.02704	0.15075	0.01862	0.01848	0.01308	0.00806	0.00643	0.00196	0.00650	0.00619	0.12088	0.01067
48	0.04015	0.09345	0.06731	0.16659	0.02448	0.13697	0.01350	0.11820	0.10287	0.09456	0.04384	0.01890	0.01392	0.02831	0.00709	0.00213	0.00797	0.00596	0.00481	0.00899
49	0.01753	0.01560	0.10008	0.05943	0.08303	0.03612	0.13674	0.02225	0.06164	0.18028	0.04837	0.04989	0.06667	0.06085	0.00938	0.00248	0.02764	0.00795	0.00512	0.00894
50	0.01009	0.00751	0.00927	0.01006	0.01133	0.00737	0.00735	0.05891	0.04808	0.01989	0.03864	0.49986	0.12196	0.01874	0.00837	0.00265	0.00444	0.10297	0.00628	0.00623
51	0.01333	0.03158	0.63552	0.04665	0.05577	0.01506	0.02337	0.02059	0.01445	0.02144	0.05120	0.01639	0.01164	0.00678	0.00648	0.00212	0.00943	0.00543	0.00311	0.00965
52	0.05135	0.01724	0.06360	0.04022	0.03460	0.10880	0.05928	0.18315	0.05385	0.14352	0.06200	0.06571	0.04883	0.00934	0.00690	0.00212	0.00738	0.02706	0.00575	0.00928
53	0.01907	0.07979	0.08416	0.06844	0.12933	0.19825	0.11771	0.11872	0.04091	0.02251	0.01399	0.05083	0.01166	0.00734	0.00659	0.00200	0.00931	0.00627	0.00400	0.00912
54	0.01376	0.01026	0.01315	0.11515	0.01807	0.04789	0.03259	0.01681	0.03827	0.11546	0.11850	0.20060	0.13479	0.01359	0.00821	0.00237	0.03306	0.05441	0.00585	0.00722

[dist]
# distance from previous block
# <min> <max>
0	13

[block]
# block no. 4 follows, 32 sequences, length 29
# corresponding to MSA columns:
# 223-251
name=unknown_E
#
# <colnr> <probs for GDERKNQSTAVLIFYWHMCP>
#	G	D	E	R	K	N	Q	S	T	A	V	L	I	F	Y	W	H	M	C	P
0	0.08272	0.26701	0.03891	0.01306	0.04354	0.01800	0.01106	0.15276	0.03246	0.10250	0.01645	0.02123	0.01386	0.04458	0.02646	0.00234	0.00694	0.05514	0.04203	0.00894
1	0.01638	0.19545	0.06977	0.01433	0.05006	0.11710	0.04128	0.04532	0.03683	0.06198	0.02063	0.19383	0.03639	0.06138	0.00840	0.00234	0.00723	0.00884	0.00456	0.00792
2	0.06949	0.26111	0.14491	0.01630	0.05380	0.10835	0.06486	0.07438	0.04673	0.04882	0.01247	0.01397	0.00983	0.00642	0.00566	0.00180	0.00824	0.00485	0.00381	0.04418
3	0.00853	0.00634	0.00800	0.00897	0.01001	0.00582	0.00643	0.01024	0.01437	0.01883	0.12851	0.46012	0.18952	0.01902	0.00841	0.00258	0.00391	0.07832	0.00637	0.00567
4	0.01816	0.71753	0.05076	0.01192	0.01766	0.05857	0.01186	0.02042	0.01389	0.01594	0.00944	0.01090	0.00861	0.00581	0.00443	0.00146	0.00746	0.00365	0.00290	0.00860
5	0.01865	0.12189	0.10577	0.01630	0.02165	0.04961	0.14631	0.14219	0.04196	0.11235	0.08919	0.06840	0.01875	0.00851	0.00680	0.00205	0.00770	0.00748	0.00517	0.00928
6	0.01054	0.00713	0.00823	0.00824	0.00869	0.00724	0.00516	0.03119	0.03815	0.01540	0.02293	0.10833	0.02559	0.55897	0.02771	0.04046	0.00611	0.03952	0.02563	0.00476
7	0.00833	0.00644	0.00762	0.00827	0.00964	0.00573	0.00593	0.01003	0.01471	0.01882	0.13023	0.35369	0.33444	0.01835	0.00824	0.00247	0.00368	0.04134	0.00636	0.00567
8	0.02000	0.06726	0.10925	0.02457	0.22580	0.10332	0.10627	0.12391	0.03408	0.09934	0.01453	0.01639	0.01093	0.00671	0.00659	0.00200	0.00870	0.00589	0.00438	0.01007
9	0.05468	0.05525	0.13894	0.05590	0.12425	0.12666	0.24925	0.06320	0.02802	0.02207	0.01264	0.01569	0.00973	0.00628	0.00674	0.00206	0.00984	0.00604	0.00356	0.00921
10	0.01008	0.00779	0.01120	0.01093	0.01185	0.00925	0.00836	0.01206	0.01059	0.01527	0.01757	0.02774	0.01711	0.14711	0.57224	0.00945	0.08452	0.00743	0.00360	0.00585
11	0.00921	0.00716	0.01004	0.03155	0.01262	0.00677	0.03753	0.01127	0.01434	0.01871	0.08380	0.40148	0.16124	0.01827	0.00847	0.00264	0.00469	0.14824	0.00608	0.00590
12	0.01722	0.24433	0.21337	0.05324	0.11931	0.08412	0.03401	0.07443	0.04288	0.02092	0.01270	0.03181	0.01044	0.00676	0.00592	0.00189	0.00851	0.00528	0.00353	0.00934
13	0.01421	0.01149	0.04532	0.01538	0.11099	0.01050	0.04009	0.07856	0.05480	0.08553	0.08894	0.17085	0.12426	0.09355	0.01038	0.00273	0.00579	0.02311	0.00569	0.00784
14	0.01310	0.01237	0.02090	0.67058	0.12032	0.01502	0.01885	0.01752	0.01362	0.01767	0.01200	0.01775	0.00913	0.00663	0.00670	0.00221	0.00884	0.00596	0.00302	0.00780
15	0.01550	0.01539	0.05269	0.01604	0.04247	0.04853	0.09749	0.02734	0.38561	0.02443	0.04214	0.06904	0.04670	0.00953	0.00765	0.00225	0.03901	0.00823	0.04067	0.00931
16	0.01686	0.08431	0.14600	0.08751	0.09166	0.12814	0.20627	0.02123	0.01563	0.05276	0.01627	0.04293	0.04561	0.00730	0.00680	0.00207	0.00943	0.00676	0.00369	0.00879
17	0.01002	0.00776	0.01132	0.01108	0.01208	0.00925	0.00857	0.01215	0.01066	0.01542	0.01746	0.02677	0.01671	0.10333	0.62288	0.00980	0.07792	0.00728	0.00358	0.00595
18	0.01468	0.01468	0.02055	0.01762	0.01762	0.02055	0.01468	0.01615	0.01028	0.01615	0.00881	0.01468	0.00881	0.01174	0.02202	0.00294	0.75191	0.00587	0.00294	0.00734
19	0.01038	0.00755	0.01002	0.03867	0.01258	0.00772	0.00783	0.02556	0.03182	0.04485	0.10826	0.41079	0.09187	0.01989	0.06176	0.00317	0.04012	0.05490	0.00598	0.00627
20	0.01699	0.01690	0.02460	0.16853	0.22292	0.09744	0.13643	0.09743	0.01681	0.02194	0.01385	0.04924	0.01166	0.00871	0.03029	0.00241	0.04434	0.00674	0.00379	0.00897
21	0.01588	0.01500	0.02210	0.45554	0.17367	0.08077	0.04879	0.04075	0.01522	0.05022	0.01277	0.01728	0.00972	0.00665	0.00669	0.00213	0.00896	0.00594	0.00346	0.00847
22	0.04882	0.02877	0.51619	0.02067	0.05533	0.01534	0.14082	0.02064	0.01432	0.02151	0.01338	0.04961	0.01050	0.00691	0.00666	0.00217	0.00960	0.00612	0.00317	0.00947
23	0.01446	0.01385	0.02362	0.03091	0.44523	0.01379	0.09231	0.01798	0.01493	0.02070	0.02199	0.09334	0.09551	0.00928	0.00780	0.00220	0.03621	0.03274	0.00402	0.00912
24	0.00844	0.00603	0.00807	0.00953	0.01007	0.00567	0.00659	0.00985	0.01333	0.01781	0.06870	0.67402	0.04482	0.02049	0.00859	0.00272	0.00403	0.06940	0.00628	0.00555
25	0.05199	0.05121	0.05079	0.01405	0.01807	0.11279	0.04355	0.06388	0.06720	0.24027	0.01949	0.06870	0.01526	0.01086	0.04197	0.00253	0.07682	0.00689	0.03452	0.00917
26	0.01754	0.01431	0.01521	0.01329	0.01711	0.01627	0.01044	0.14489	0.52189	0.03024	0.06713	0.02506	0.02140	0.00915	0.00677	0.00219	0.00543	0.00754	0.04383	0.01029
27	0.01135	0.00586	0.00862	0.00871	0.00873	0.00584	0.00577	0.00883	0.00904	0.01205	0.01364	0.06637	0.01424	0.05808	0.02553	0.71850	0.00574	0.00682	0.00317	0.00312
28	0.01885	0.11872	0.18763	0.01958	0.06978	0.24614	0.10276	0.06347	0.01682	0.02006	0.01298	0.01523	0.02796	0.00700	0.00706	0.00196	0.04630	0.00538	0.00347	0.00887

[dist]
# distance from previous block
# <min> <max>
0	9

# created by:
# /home/berkeley/.conda/envs/busco_data_prod/bin/msa2prfl.pl pipeline/OGs_align_augustus/4893/7534.fs
