[name]
unknown

[dist]
# distance from previous block
# <min> <max>
0	526

[block]
# block no. 0 follows, 34 sequences, length 57
# corresponding to MSA columns:
# 532-588
name=unknown_A
#
# <colnr> <probs for GDERKNQSTAVLIFYWHMCP>
#	G	D	E	R	K	N	Q	S	T	A	V	L	I	F	Y	W	H	M	C	P
0	0.14610	0.01182	0.01562	0.10843	0.11510	0.01187	0.01135	0.04035	0.04295	0.30720	0.02112	0.02215	0.05312	0.00786	0.00616	0.00201	0.00599	0.02652	0.00566	0.03861
1	0.01661	0.01395	0.02307	0.13549	0.32481	0.01383	0.10292	0.02131	0.05716	0.10821	0.01457	0.01726	0.01113	0.00616	0.00639	0.00189	0.00745	0.00594	0.00402	0.10783
2	0.27361	0.01475	0.01843	0.13027	0.20927	0.04038	0.04049	0.11359	0.05786	0.02576	0.01231	0.01475	0.00955	0.00641	0.00569	0.00200	0.00699	0.00515	0.00406	0.00869
3	0.33469	0.01311	0.01574	0.03324	0.15254	0.03318	0.03937	0.05413	0.01421	0.14264	0.01388	0.01617	0.01065	0.02699	0.07125	0.00281	0.00731	0.00521	0.00450	0.00838
4	0.00931	0.00662	0.00884	0.00884	0.00946	0.00724	0.00615	0.01055	0.00993	0.01385	0.01872	0.03322	0.01955	0.38429	0.41614	0.00847	0.01219	0.00807	0.00367	0.00491
5	0.00923	0.00692	0.01038	0.01038	0.01154	0.00808	0.00808	0.01154	0.01038	0.01500	0.01731	0.02538	0.01615	0.04846	0.74732	0.01038	0.01731	0.00692	0.00346	0.00577
6	0.10948	0.01101	0.01423	0.01108	0.01587	0.00991	0.00914	0.02961	0.01772	0.64243	0.04550	0.02162	0.01646	0.00795	0.00628	0.00200	0.00537	0.00635	0.00756	0.01043
7	0.00914	0.00660	0.00864	0.00813	0.00965	0.00610	0.00610	0.01219	0.01829	0.02591	0.72921	0.04827	0.06097	0.01321	0.00762	0.00203	0.00305	0.01169	0.00711	0.00610
8	0.01586	0.01531	0.02707	0.16933	0.03003	0.04679	0.33060	0.04655	0.01474	0.07051	0.01326	0.01744	0.01020	0.00932	0.05332	0.00271	0.10850	0.00665	0.00361	0.00821
9	0.01858	0.02090	0.02049	0.20564	0.16165	0.33061	0.04470	0.05256	0.01655	0.01840	0.01343	0.01636	0.03858	0.00683	0.00627	0.00189	0.00956	0.00547	0.00344	0.00806
10	0.81856	0.01250	0.00950	0.00850	0.01250	0.01449	0.00700	0.01899	0.01100	0.02899	0.00900	0.01050	0.00700	0.00600	0.00400	0.00200	0.00500	0.00350	0.00400	0.00700
11	0.01231	0.01140	0.01857	0.68069	0.04124	0.01411	0.01688	0.01727	0.05522	0.01697	0.01275	0.01871	0.00992	0.03937	0.00760	0.00233	0.00830	0.00599	0.00314	0.00722
12	0.01789	0.02012	0.11353	0.04412	0.05343	0.13036	0.19567	0.20315	0.01925	0.02466	0.01736	0.06005	0.05468	0.00786	0.00679	0.00203	0.00877	0.00706	0.00436	0.00885
13	0.01558	0.01632	0.08302	0.06444	0.04714	0.07411	0.04087	0.06391	0.27019	0.02395	0.07811	0.02075	0.01742	0.00756	0.00627	0.00188	0.00651	0.00634	0.00499	0.15066
14	0.81856	0.01250	0.00950	0.00850	0.01250	0.01449	0.00700	0.01899	0.01100	0.02899	0.00900	0.01050	0.00700	0.00600	0.00400	0.00200	0.00500	0.00350	0.00400	0.00700
15	0.00889	0.00687	0.00815	0.00778	0.00961	0.00626	0.00585	0.01205	0.04446	0.02303	0.47190	0.05214	0.29108	0.01413	0.00759	0.00209	0.00321	0.01219	0.00671	0.00604
16	0.00932	0.00655	0.00850	0.00850	0.00900	0.00705	0.00572	0.01033	0.00983	0.01360	0.01903	0.03495	0.02030	0.45836	0.34310	0.00805	0.01106	0.00832	0.00372	0.00472
17	0.01977	0.12365	0.01952	0.09903	0.02102	0.29757	0.01210	0.15783	0.05437	0.02112	0.01291	0.01570	0.01063	0.03622	0.06890	0.00265	0.00972	0.00514	0.00402	0.00813
18	0.02093	0.15214	0.06079	0.01463	0.01925	0.24221	0.01239	0.21610	0.15374	0.02500	0.01453	0.01497	0.01121	0.00714	0.00587	0.00181	0.00822	0.00513	0.00468	0.00923
19	0.01111	0.00565	0.00834	0.00834	0.00834	0.00565	0.00551	0.00848	0.00848	0.01130	0.01177	0.02100	0.01196	0.06745	0.02571	0.76370	0.00565	0.00584	0.00287	0.00287
20	0.04237	0.25942	0.04486	0.01510	0.07519	0.13694	0.01207	0.11872	0.01721	0.10953	0.03984	0.01500	0.01180	0.00689	0.00616	0.00173	0.03964	0.00492	0.00430	0.03831
21	0.01809	0.23917	0.30097	0.01475	0.02163	0.01751	0.03204	0.07333	0.05506	0.14703	0.01444	0.01499	0.01048	0.00654	0.00572	0.00185	0.00769	0.00498	0.00417	0.00957
22	0.01204	0.00602	0.00602	0.00602	0.00753	0.00602	0.00452	0.01506	0.01355	0.02409	0.02108	0.02409	0.01656	0.00753	0.00452	0.00151	0.00301	0.00602	0.80879	0.00602
23	0.01642	0.01702	0.08850	0.10275	0.48176	0.03261	0.06361	0.05062	0.01541	0.05073	0.01274	0.01612	0.01009	0.00604	0.00645	0.00197	0.00812	0.00578	0.00347	0.00978
24	0.02095	0.08814	0.16459	0.01607	0.04785	0.10980	0.04382	0.21214	0.01975	0.15847	0.01589	0.04643	0.01200	0.00748	0.00624	0.00192	0.00791	0.00590	0.00499	0.00965
25	0.01660	0.01767	0.05640	0.02520	0.03164	0.01630	0.59730	0.08004	0.01664	0.05516	0.01380	0.01736	0.01014	0.00578	0.00743	0.00215	0.01028	0.00733	0.00374	0.00904
26	0.00940	0.00699	0.00879	0.00827	0.00996	0.00658	0.00622	0.01314	0.05534	0.02531	0.64000	0.04807	0.11105	0.01322	0.00757	0.00205	0.00318	0.01160	0.00700	0.00627
27	0.02073	0.17111	0.02190	0.05089	0.09623	0.23793	0.01279	0.14970	0.10079	0.05749	0.01376	0.01478	0.01073	0.00684	0.00582	0.00179	0.00825	0.00505	0.00436	0.00906
28	0.78186	0.01263	0.01026	0.00992	0.04543	0.01453	0.00758	0.01903	0.01117	0.02863	0.00914	0.01075	0.00715	0.00599	0.00411	0.00200	0.00512	0.00360	0.00396	0.00715
29	0.00915	0.00676	0.00945	0.00938	0.01048	0.00740	0.00703	0.01119	0.01155	0.01625	0.11658	0.03297	0.06308	0.14648	0.50304	0.00820	0.01300	0.00830	0.00416	0.00553
30	0.09422	0.01583	0.05890	0.07275	0.11120	0.02961	0.05526	0.20160	0.03736	0.06493	0.01361	0.01527	0.01024	0.00636	0.00589	0.00176	0.00690	0.00524	0.00458	0.18849
31	0.73091	0.01451	0.01047	0.00940	0.01332	0.09532	0.00760	0.01974	0.01180	0.02754	0.00911	0.01062	0.00714	0.00607	0.00420	0.00196	0.00573	0.00357	0.00392	0.00705
32	0.02885	0.01122	0.01513	0.01160	0.01660	0.00982	0.00958	0.05263	0.01886	0.71543	0.02518	0.02179	0.01584	0.00799	0.00650	0.00200	0.00555	0.00648	0.00795	0.01100
33	0.01140	0.00948	0.01336	0.16952	0.11232	0.00984	0.01051	0.05285	0.02920	0.02201	0.24768	0.06471	0.17505	0.01117	0.00707	0.00208	0.00516	0.00973	0.02981	0.00705
34	0.00966	0.00648	0.00902	0.00902	0.00961	0.00707	0.00637	0.01031	0.00972	0.01355	0.01705	0.02930	0.01739	0.25822	0.39777	0.16214	0.01180	0.00741	0.00347	0.00465
35	0.10971	0.01455	0.02319	0.06118	0.56938	0.01478	0.01750	0.02048	0.01450	0.07562	0.01276	0.01585	0.01023	0.00598	0.00613	0.00194	0.00724	0.00555	0.00364	0.00980
36	0.01566	0.01350	0.02248	0.11826	0.51432	0.01368	0.01724	0.01925	0.01487	0.07437	0.05738	0.06050	0.01533	0.00726	0.00659	0.00200	0.00713	0.00687	0.00391	0.00941
37	0.00929	0.00622	0.00708	0.00719	0.00721	0.00619	0.00406	0.00937	0.00961	0.01281	0.02145	0.09441	0.02487	0.71891	0.03112	0.00600	0.00608	0.01004	0.00406	0.00401
38	0.01835	0.40642	0.05946	0.06986	0.04947	0.13749	0.01270	0.09829	0.01600	0.01909	0.01046	0.01222	0.00877	0.00603	0.00507	0.00158	0.00785	0.00418	0.00336	0.05337
39	0.01929	0.04031	0.01691	0.01392	0.01802	0.09185	0.01105	0.22095	0.43582	0.02933	0.02111	0.02003	0.01578	0.00817	0.00639	0.00204	0.00639	0.00645	0.00610	0.01010
40	0.01143	0.00994	0.05524	0.01122	0.01358	0.00901	0.03553	0.07099	0.01336	0.03323	0.02153	0.20476	0.02218	0.10042	0.26735	0.00544	0.00980	0.02849	0.00451	0.07199
41	0.05282	0.06506	0.25392	0.01523	0.02113	0.09006	0.03138	0.10539	0.01697	0.18761	0.03207	0.01624	0.01163	0.00732	0.00723	0.00201	0.06452	0.00541	0.00463	0.00938
42	0.01498	0.13827	0.42407	0.01917	0.02714	0.01662	0.19153	0.02092	0.01421	0.05608	0.01228	0.01452	0.00900	0.00597	0.00623	0.00198	0.00929	0.00538	0.00313	0.00923
43	0.02885	0.01121	0.01513	0.01160	0.01660	0.00982	0.00958	0.05219	0.01886	0.71588	0.02519	0.02179	0.01584	0.00799	0.00650	0.00200	0.00555	0.00648	0.00795	0.01100
44	0.01541	0.01859	0.12797	0.08960	0.28061	0.04400	0.22087	0.03481	0.04733	0.02094	0.01341	0.01765	0.01066	0.00626	0.00677	0.00206	0.00895	0.02144	0.00341	0.00925
45	0.04750	0.01594	0.01966	0.01579	0.03915	0.12200	0.12364	0.12653	0.01934	0.33182	0.05811	0.01973	0.01520	0.00752	0.00656	0.00197	0.00743	0.00641	0.00601	0.00969
46	0.00939	0.00630	0.00720	0.00720	0.00726	0.00635	0.00411	0.00950	0.00944	0.01264	0.02022	0.04149	0.02315	0.73894	0.06640	0.00646	0.00678	0.00928	0.00389	0.00400
47	0.01892	0.01106	0.01340	0.01107	0.01451	0.01100	0.00881	0.22028	0.02137	0.22301	0.27301	0.09106	0.03270	0.01079	0.00703	0.00205	0.00495	0.00912	0.00707	0.00878
48	0.26267	0.01874	0.07322	0.14861	0.04180	0.19008	0.02708	0.06061	0.01483	0.03819	0.01216	0.01449	0.02589	0.00686	0.00621	0.00199	0.04021	0.00485	0.00373	0.00776
49	0.26150	0.01592	0.01618	0.01327	0.01733	0.06383	0.04365	0.26356	0.10070	0.03012	0.01582	0.01664	0.03990	0.00779	0.00694	0.00206	0.06530	0.00558	0.00507	0.00883
50	0.28515	0.01824	0.04379	0.01430	0.03992	0.13976	0.03998	0.19890	0.06360	0.02798	0.01237	0.01367	0.00946	0.00690	0.00614	0.00195	0.03822	0.00484	0.00453	0.03031
51	0.12660	0.01769	0.01760	0.01747	0.12740	0.16315	0.03119	0.23528	0.04187	0.02718	0.04666	0.04763	0.05645	0.00818	0.00622	0.00195	0.00735	0.00646	0.00489	0.00879
52	0.29459	0.03474	0.01609	0.18262	0.02286	0.09917	0.01170	0.20099	0.03654	0.02732	0.01185	0.01385	0.00894	0.00670	0.00549	0.00197	0.00718	0.00480	0.00435	0.00826
53	0.08147	0.02934	0.01427	0.01206	0.01527	0.13298	0.02615	0.06473	0.07696	0.14380	0.05816	0.03934	0.03417	0.01753	0.16682	0.03449	0.00901	0.00659	0.00502	0.03185
54	0.13148	0.01591	0.01769	0.03390	0.08551	0.08005	0.03865	0.26774	0.03497	0.12540	0.04444	0.01731	0.01307	0.00867	0.03116	0.00221	0.00731	0.00576	0.00538	0.03340
55	0.22148	0.03235	0.01630	0.01443	0.07024	0.12664	0.01077	0.15331	0.03332	0.12648	0.01354	0.01443	0.01010	0.00693	0.00636	0.00187	0.04863	0.00487	0.00482	0.08312
56	0.06349	0.01435	0.03341	0.12318	0.02159	0.06798	0.05681	0.17262	0.01717	0.09234	0.01542	0.04616	0.01253	0.01532	0.14449	0.00358	0.04947	0.00631	0.00455	0.03924

[dist]
# distance from previous block
# <min> <max>
0	97

[block]
# block no. 1 follows, 34 sequences, length 58
# corresponding to MSA columns:
# 704-761
name=unknown_B
#
# <colnr> <probs for GDERKNQSTAVLIFYWHMCP>
#	G	D	E	R	K	N	Q	S	T	A	V	L	I	F	Y	W	H	M	C	P
0	0.06355	0.06741	0.04534	0.04429	0.08554	0.05918	0.03451	0.13452	0.10715	0.13690	0.01722	0.05018	0.01347	0.00898	0.03250	0.00219	0.00709	0.00615	0.00509	0.07874
1	0.01813	0.07843	0.01948	0.10485	0.12551	0.06140	0.03133	0.11020	0.07476	0.12086	0.03394	0.01794	0.01300	0.00935	0.05114	0.00233	0.00759	0.00573	0.00469	0.10934
2	0.09948	0.01556	0.01650	0.05689	0.09834	0.10177	0.01145	0.15541	0.11874	0.13033	0.01937	0.01958	0.05599	0.00765	0.00611	0.00191	0.00667	0.00603	0.00530	0.06692
3	0.09119	0.01432	0.01561	0.03422	0.05407	0.05205	0.01061	0.24023	0.11752	0.11991	0.06211	0.04506	0.03480	0.01013	0.03744	0.00233	0.00663	0.00675	0.00581	0.03922
4	0.11751	0.03407	0.01836	0.07091	0.16338	0.12656	0.01273	0.15444	0.05358	0.09898	0.01467	0.03630	0.01147	0.00708	0.00596	0.00189	0.00727	0.00559	0.00469	0.05454
5	0.21315	0.01404	0.01605	0.01640	0.13914	0.01534	0.01118	0.21925	0.08982	0.02924	0.06814	0.01989	0.05126	0.00796	0.00650	0.00200	0.03418	0.00615	0.00511	0.03519
6	0.01767	0.04919	0.08534	0.09798	0.18279	0.09893	0.03658	0.15133	0.05837	0.04371	0.04021	0.01782	0.02870	0.00701	0.00626	0.00188	0.00771	0.00584	0.00431	0.05836
7	0.02005	0.01786	0.02040	0.05394	0.29066	0.17309	0.01469	0.10066	0.08242	0.11687	0.01575	0.03771	0.01238	0.00718	0.00636	0.00193	0.00788	0.00601	0.00460	0.00956
8	0.00925	0.00663	0.00886	0.00886	0.00956	0.00723	0.00623	0.01056	0.01012	0.01405	0.02020	0.03370	0.04320	0.35097	0.42309	0.00838	0.01221	0.00818	0.00374	0.00498
9	0.00923	0.00692	0.01038	0.01038	0.01154	0.00808	0.00808	0.01154	0.01038	0.01500	0.01731	0.02538	0.01615	0.04846	0.74732	0.01038	0.01731	0.00692	0.00346	0.00577
10	0.20334	0.01356	0.01515	0.01189	0.01672	0.01393	0.00982	0.24256	0.02057	0.36035	0.01868	0.01739	0.01242	0.00748	0.00593	0.00198	0.00589	0.00562	0.00662	0.01010
11	0.00914	0.00660	0.00864	0.00813	0.00965	0.00610	0.00610	0.01219	0.01829	0.02591	0.72921	0.04827	0.06097	0.01321	0.00762	0.00203	0.00305	0.01169	0.00711	0.00610
12	0.01520	0.01482	0.02388	0.23169	0.49693	0.04129	0.01886	0.01900	0.01419	0.01949	0.01177	0.01611	0.00967	0.00617	0.00690	0.00200	0.03405	0.00569	0.00310	0.00920
13	0.02454	0.01862	0.01935	0.01494	0.02003	0.04985	0.01229	0.68297	0.02988	0.03970	0.01529	0.01535	0.01088	0.00771	0.00644	0.00193	0.00730	0.00575	0.00634	0.01084
14	0.05373	0.05964	0.01925	0.01471	0.01937	0.19142	0.01193	0.44980	0.04475	0.05225	0.01421	0.01457	0.01045	0.00735	0.00611	0.00186	0.00799	0.00528	0.00549	0.00985
15	0.02262	0.05579	0.01809	0.01558	0.01891	0.61579	0.01182	0.06279	0.01860	0.01776	0.05653	0.01483	0.01217	0.02374	0.00650	0.00179	0.01055	0.00482	0.00374	0.00755
16	0.01490	0.01290	0.04285	0.01242	0.06125	0.01022	0.00959	0.04340	0.01428	0.06319	0.01237	0.01418	0.00994	0.00546	0.00577	0.00123	0.03629	0.00429	0.00405	0.62142
17	0.01923	0.11242	0.11876	0.01707	0.04560	0.16272	0.10688	0.12285	0.10948	0.06877	0.01454	0.01559	0.01097	0.00670	0.00612	0.00186	0.00839	0.00546	0.00436	0.04221
18	0.04125	0.00716	0.00863	0.00820	0.00997	0.00671	0.00610	0.03116	0.01649	0.04835	0.41839	0.10916	0.18226	0.03412	0.00885	0.03543	0.00362	0.01168	0.00643	0.00605
19	0.01565	0.01735	0.17310	0.08422	0.06291	0.01243	0.08643	0.05925	0.01513	0.08924	0.01327	0.01530	0.00994	0.00583	0.00587	0.00164	0.00716	0.00508	0.00396	0.31626
20	0.05456	0.08563	0.02012	0.01454	0.01944	0.12092	0.01200	0.52931	0.02646	0.03460	0.01393	0.01434	0.01023	0.00734	0.00608	0.00185	0.00764	0.00529	0.00561	0.01012
21	0.01669	0.01512	0.05402	0.11238	0.41824	0.01437	0.11355	0.02076	0.01500	0.10626	0.01461	0.01908	0.01161	0.00653	0.00667	0.00204	0.00798	0.03167	0.00383	0.00959
22	0.00818	0.00654	0.00732	0.00719	0.00908	0.00568	0.00537	0.01031	0.01593	0.02045	0.30220	0.07854	0.46970	0.01535	0.00765	0.00214	0.00321	0.01308	0.00640	0.00568
23	0.00940	0.00626	0.00705	0.00705	0.00705	0.00626	0.00392	0.00940	0.00940	0.01253	0.02036	0.04228	0.02349	0.77292	0.03289	0.00626	0.00626	0.00940	0.00392	0.00392
24	0.01869	0.23006	0.09082	0.04295	0.04412	0.19564	0.02902	0.07409	0.11790	0.04075	0.01345	0.01467	0.01066	0.00743	0.02032	0.00192	0.00836	0.00491	0.00394	0.03032
25	0.02192	0.12205	0.01986	0.01502	0.01900	0.40565	0.01187	0.14097	0.14147	0.02184	0.01361	0.01429	0.01074	0.00706	0.00585	0.00177	0.00915	0.00489	0.00434	0.00865
26	0.01122	0.00561	0.00842	0.00842	0.00842	0.00561	0.00561	0.00842	0.00842	0.01122	0.01122	0.01964	0.01122	0.02245	0.02525	0.81201	0.00561	0.00561	0.00281	0.00281
27	0.02021	0.14438	0.09279	0.01849	0.14869	0.17294	0.01378	0.07064	0.04189	0.13899	0.01401	0.01497	0.01060	0.00650	0.00579	0.00175	0.00789	0.00498	0.00429	0.06644
28	0.01689	0.38637	0.27387	0.01473	0.02158	0.03981	0.05138	0.04538	0.01451	0.06458	0.01141	0.01282	0.00892	0.00600	0.00529	0.00172	0.00807	0.00442	0.00326	0.00899
29	0.01204	0.00602	0.00602	0.00602	0.00753	0.00602	0.00452	0.01506	0.01355	0.02409	0.02108	0.02409	0.01656	0.00753	0.00452	0.00151	0.00301	0.00602	0.80879	0.00602
30	0.01533	0.01772	0.08457	0.09446	0.29206	0.03552	0.32361	0.02013	0.01481	0.02033	0.01240	0.01644	0.00970	0.00573	0.00691	0.00206	0.00943	0.00646	0.00317	0.00917
31	0.05098	0.10588	0.04300	0.16256	0.12388	0.08044	0.03297	0.14111	0.01775	0.15881	0.01446	0.01600	0.01055	0.00673	0.00606	0.00191	0.00765	0.00543	0.00459	0.00925
32	0.00955	0.00736	0.01085	0.01067	0.01170	0.00876	0.00830	0.01171	0.01031	0.01493	0.01686	0.02534	0.01596	0.07538	0.67178	0.00973	0.06464	0.00694	0.00344	0.00578
33	0.00935	0.00685	0.00882	0.00840	0.01001	0.00642	0.00639	0.01277	0.03770	0.02529	0.64882	0.04938	0.08366	0.01344	0.00766	0.00209	0.00326	0.04652	0.00700	0.00618
34	0.01604	0.01596	0.07550	0.15000	0.24432	0.03804	0.01648	0.10412	0.01528	0.04353	0.01238	0.01626	0.01005	0.01005	0.05644	0.00268	0.15474	0.00572	0.00361	0.00880
35	0.52936	0.01246	0.01325	0.19591	0.03883	0.01494	0.01065	0.01810	0.01147	0.02454	0.00965	0.01262	0.00761	0.00656	0.00614	0.00211	0.07079	0.00430	0.00360	0.00713
36	0.01599	0.01609	0.02903	0.18230	0.20266	0.05597	0.32310	0.02045	0.01497	0.05653	0.01299	0.01695	0.00989	0.00593	0.00693	0.00207	0.00940	0.00653	0.00341	0.00881
37	0.11105	0.01358	0.02080	0.33848	0.30040	0.01518	0.01692	0.07089	0.01470	0.02159	0.01175	0.01582	0.00922	0.00624	0.00614	0.00203	0.00771	0.00549	0.00340	0.00861
38	0.72959	0.01394	0.01053	0.00942	0.01322	0.07029	0.00767	0.01939	0.01151	0.02751	0.00905	0.01071	0.00715	0.00624	0.00475	0.00200	0.03245	0.00363	0.00391	0.00704
39	0.00828	0.00610	0.00781	0.00876	0.00971	0.00563	0.00628	0.00996	0.01390	0.01836	0.14489	0.47525	0.15671	0.01831	0.00812	0.00250	0.00379	0.08400	0.00616	0.00548
40	0.02348	0.01663	0.01809	0.01422	0.01910	0.01827	0.01163	0.52137	0.15354	0.10778	0.01845	0.01771	0.01306	0.00796	0.00649	0.00199	0.00659	0.00615	0.00664	0.01085
41	0.00935	0.00644	0.00792	0.00792	0.00822	0.00674	0.00500	0.00996	0.00965	0.01317	0.01956	0.03787	0.02158	0.58379	0.21940	0.00734	0.00915	0.00875	0.00380	0.00440
42	0.01507	0.01441	0.02481	0.15256	0.55764	0.01483	0.04693	0.01901	0.01446	0.02027	0.01321	0.01915	0.01133	0.00647	0.00659	0.00202	0.00787	0.04063	0.00329	0.00947
43	0.06577	0.01542	0.02460	0.03555	0.62524	0.01572	0.01837	0.08128	0.01588	0.02334	0.01226	0.01561	0.01010	0.00595	0.00626	0.00193	0.00746	0.00562	0.00354	0.01010
44	0.00934	0.00625	0.00711	0.00714	0.00720	0.00623	0.00405	0.00947	0.00977	0.01308	0.04309	0.06619	0.02529	0.72452	0.03129	0.00601	0.00608	0.00976	0.00408	0.00403
45	0.06138	0.31084	0.16023	0.01254	0.01833	0.04601	0.01258	0.04389	0.05281	0.09880	0.01313	0.01462	0.01040	0.03193	0.00608	0.00181	0.00701	0.00460	0.00390	0.08908
46	0.01934	0.24932	0.02203	0.01328	0.01785	0.09092	0.01121	0.19768	0.26460	0.02575	0.01674	0.01656	0.01295	0.00732	0.00573	0.00183	0.00679	0.00545	0.00507	0.00956
47	0.01363	0.01805	0.20716	0.13243	0.12488	0.01331	0.17124	0.01817	0.01388	0.03983	0.01586	0.06735	0.03117	0.00828	0.00774	0.04380	0.00833	0.02315	0.00351	0.03823
48	0.04029	0.10598	0.13548	0.01423	0.01943	0.07644	0.05714	0.16541	0.01890	0.15954	0.09086	0.03720	0.01737	0.00810	0.00633	0.00195	0.00722	0.02374	0.00524	0.00914
49	0.11559	0.28763	0.02418	0.01554	0.09726	0.01835	0.05692	0.11277	0.03191	0.13386	0.01434	0.04041	0.01145	0.00686	0.00547	0.00180	0.00668	0.00537	0.00449	0.00910
50	0.02899	0.01100	0.01499	0.01150	0.01649	0.00950	0.00950	0.03149	0.01849	0.73709	0.02549	0.02199	0.01599	0.00800	0.00650	0.00200	0.00550	0.00650	0.00800	0.01100
51	0.01429	0.04766	0.23223	0.09410	0.06054	0.03350	0.07554	0.08429	0.07898	0.02217	0.07750	0.04556	0.03554	0.00971	0.03735	0.00242	0.02905	0.00684	0.00414	0.00858
52	0.04421	0.21579	0.02309	0.01498	0.01945	0.34486	0.05865	0.08720	0.01771	0.09919	0.01215	0.01319	0.00948	0.00652	0.00560	0.00170	0.00911	0.00461	0.00401	0.00848
53	0.00938	0.00635	0.00747	0.00747	0.00761	0.00649	0.00444	0.00966	0.00952	0.01284	0.01998	0.04017	0.02257	0.68218	0.12237	0.00678	0.00765	0.00909	0.00386	0.00415
54	0.01274	0.00821	0.00961	0.00899	0.01157	0.00757	0.00709	0.05819	0.03497	0.13208	0.10703	0.10092	0.36265	0.01450	0.00756	0.00226	0.00426	0.09648	0.00645	0.00689
55	0.01971	0.12886	0.04085	0.03900	0.12812	0.21889	0.03965	0.15261	0.08134	0.02253	0.01277	0.01454	0.01020	0.00699	0.00694	0.00188	0.05691	0.00518	0.00405	0.00899
56	0.77724	0.01264	0.01036	0.01010	0.04957	0.01454	0.00766	0.01904	0.01119	0.02858	0.00916	0.01078	0.00716	0.00599	0.00412	0.00200	0.00514	0.00362	0.00396	0.00716
57	0.01635	0.03675	0.01561	0.04095	0.03524	0.08100	0.03491	0.12872	0.20156	0.06094	0.16587	0.05841	0.06106	0.00994	0.00682	0.00206	0.00596	0.02340	0.00591	0.00853

[dist]
# distance from previous block
# <min> <max>
1	4

[block]
# block no. 2 follows, 34 sequences, length 23
# corresponding to MSA columns:
# 766-788
name=unknown_C
#
# <colnr> <probs for GDERKNQSTAVLIFYWHMCP>
#	G	D	E	R	K	N	Q	S	T	A	V	L	I	F	Y	W	H	M	C	P
0	0.03910	0.04972	0.10256	0.01613	0.07029	0.03084	0.07487	0.19273	0.03224	0.18241	0.05947	0.01944	0.01486	0.03376	0.00725	0.00206	0.00702	0.00620	0.00537	0.05367
1	0.01397	0.06629	0.01550	0.03919	0.05506	0.05906	0.01032	0.01948	0.15645	0.04229	0.15706	0.05695	0.04902	0.03595	0.03369	0.00257	0.13053	0.02740	0.02161	0.00761
2	0.01695	0.67104	0.03086	0.01110	0.01626	0.05544	0.01072	0.01954	0.03814	0.01578	0.01305	0.01404	0.05242	0.00635	0.00452	0.00147	0.00683	0.00424	0.00312	0.00815
3	0.06744	0.00753	0.01012	0.00990	0.01124	0.00858	0.00757	0.03503	0.01099	0.01669	0.01663	0.02492	0.01561	0.09718	0.54963	0.05747	0.01412	0.00673	0.02691	0.00571
4	0.10230	0.07295	0.11355	0.12910	0.16492	0.07086	0.03103	0.07794	0.04697	0.09038	0.01336	0.01543	0.01008	0.00664	0.00636	0.00197	0.02782	0.00529	0.00402	0.00902
5	0.01058	0.00928	0.01277	0.06426	0.01445	0.01134	0.00962	0.01205	0.01143	0.01589	0.02489	0.29803	0.08596	0.07040	0.04668	0.00322	0.27744	0.01135	0.00438	0.00599
6	0.00915	0.00668	0.00783	0.00817	0.00995	0.00592	0.00622	0.01101	0.01467	0.05050	0.10001	0.21071	0.40559	0.01680	0.00790	0.00237	0.00384	0.11075	0.00616	0.00578
7	0.54702	0.04384	0.03557	0.04049	0.01615	0.18707	0.00939	0.02055	0.01295	0.02466	0.00941	0.01113	0.00745	0.00616	0.00460	0.00191	0.00691	0.00378	0.00371	0.00724
8	0.01130	0.03839	0.03986	0.01025	0.01297	0.00973	0.00863	0.03722	0.15992	0.02194	0.15385	0.04931	0.24151	0.01357	0.00748	0.00230	0.00471	0.16392	0.00605	0.00708
9	0.01887	0.04071	0.06388	0.04355	0.02071	0.06436	0.05299	0.26895	0.19205	0.02875	0.01645	0.01695	0.01231	0.00714	0.00618	0.00185	0.00701	0.00575	0.00523	0.12629
10	0.01675	0.07325	0.20830	0.12082	0.13816	0.01523	0.07626	0.09065	0.01601	0.09754	0.01347	0.01565	0.00994	0.00627	0.00617	0.00190	0.00798	0.00542	0.00390	0.07634
11	0.01869	0.17211	0.20013	0.05190	0.02275	0.07497	0.06420	0.18028	0.01822	0.08551	0.01409	0.04385	0.01102	0.00711	0.00603	0.00189	0.00810	0.00563	0.00427	0.00925
12	0.01551	0.17623	0.26939	0.01746	0.06756	0.04432	0.08831	0.07808	0.07263	0.02166	0.05027	0.01796	0.03898	0.00701	0.00608	0.00191	0.00800	0.00580	0.00380	0.00903
13	0.00940	0.00626	0.00705	0.00705	0.00705	0.00626	0.00392	0.00940	0.00940	0.01253	0.02036	0.04228	0.02349	0.77292	0.03289	0.00626	0.00626	0.00940	0.00392	0.00392
14	0.05105	0.01809	0.17360	0.07043	0.09805	0.03941	0.07485	0.06634	0.14162	0.08474	0.04228	0.02142	0.05973	0.00845	0.01985	0.00221	0.00751	0.00662	0.00465	0.00909
15	0.01989	0.01869	0.11630	0.06115	0.02293	0.07644	0.10219	0.20903	0.10348	0.13048	0.01666	0.01804	0.01218	0.03088	0.00780	0.00217	0.03085	0.00615	0.00513	0.00956
16	0.01638	0.01480	0.02292	0.16776	0.23293	0.05351	0.13152	0.02213	0.11021	0.08543	0.01715	0.01963	0.03954	0.00708	0.00710	0.00208	0.03011	0.00656	0.00414	0.00903
17	0.01025	0.00821	0.01164	0.01115	0.01219	0.00997	0.00876	0.01275	0.02889	0.01569	0.01787	0.02522	0.03798	0.06305	0.53958	0.00827	0.13614	0.00699	0.02938	0.00603
18	0.10248	0.01444	0.02316	0.17955	0.46422	0.01528	0.04089	0.04650	0.01459	0.02180	0.01184	0.01567	0.00957	0.00599	0.00619	0.00198	0.00766	0.00557	0.00335	0.00925
19	0.01015	0.00802	0.01030	0.05741	0.05668	0.00794	0.00790	0.01326	0.06434	0.04260	0.10427	0.26846	0.27065	0.01503	0.00798	0.00230	0.02752	0.01301	0.00574	0.00642
20	0.01805	0.01517	0.01650	0.01485	0.08891	0.07494	0.01067	0.18261	0.10811	0.05277	0.01505	0.01599	0.01159	0.00644	0.00571	0.00155	0.00621	0.00512	0.02784	0.32189
21	0.05572	0.11372	0.05774	0.03945	0.05048	0.08220	0.03606	0.20532	0.06543	0.04720	0.01527	0.01626	0.03419	0.00684	0.00577	0.00172	0.00702	0.00529	0.00460	0.14972
22	0.03181	0.06324	0.03925	0.01492	0.07451	0.07560	0.03513	0.06085	0.15540	0.05657	0.01597	0.03923	0.01332	0.03829	0.00927	0.05954	0.05256	0.00595	0.00445	0.15413

[dist]
# distance from previous block
# <min> <max>
0	7

[block]
# block no. 3 follows, 34 sequences, length 36
# corresponding to MSA columns:
# 796-831
name=unknown_D
#
# <colnr> <probs for GDERKNQSTAVLIFYWHMCP>
#	G	D	E	R	K	N	Q	S	T	A	V	L	I	F	Y	W	H	M	C	P
0	0.06992	0.01457	0.01777	0.08982	0.15083	0.07214	0.02663	0.08933	0.12597	0.11245	0.03680	0.02060	0.04316	0.02616	0.00786	0.00214	0.05306	0.00637	0.00490	0.02951
1	0.03392	0.01244	0.03624	0.08443	0.23949	0.03298	0.01266	0.03384	0.01476	0.06832	0.07151	0.06511	0.07644	0.03686	0.04337	0.00248	0.00683	0.02142	0.00441	0.10249
2	0.05132	0.01004	0.03323	0.01067	0.01312	0.01013	0.00850	0.05048	0.05193	0.04002	0.01651	0.02382	0.01513	0.14216	0.32712	0.00613	0.05143	0.00649	0.00402	0.12776
3	0.01880	0.15620	0.02006	0.01412	0.05191	0.06332	0.03535	0.22810	0.05820	0.07980	0.06513	0.05992	0.03899	0.00948	0.02727	0.00208	0.00689	0.00671	0.00520	0.05247
4	0.05611	0.08691	0.23193	0.03918	0.22130	0.03771	0.09854	0.04503	0.01511	0.08922	0.01297	0.01517	0.00975	0.00615	0.00615	0.00195	0.00831	0.00540	0.00364	0.00948
5	0.01528	0.01476	0.05733	0.09383	0.15501	0.03562	0.05018	0.10588	0.11308	0.02393	0.09706	0.02166	0.03581	0.00782	0.00709	0.00194	0.04038	0.00664	0.02117	0.09551
6	0.01671	0.01148	0.01330	0.07156	0.01659	0.01231	0.00958	0.26431	0.04517	0.06122	0.07405	0.05510	0.05484	0.00990	0.00648	0.00202	0.00545	0.07496	0.18677	0.00821
7	0.01898	0.06254	0.06505	0.07676	0.04583	0.37614	0.01309	0.02257	0.06265	0.03359	0.08801	0.01745	0.01493	0.00775	0.00729	0.00190	0.06824	0.00552	0.00389	0.00781
8	0.00937	0.00689	0.00880	0.00827	0.00990	0.00647	0.00622	0.01297	0.04595	0.02566	0.67806	0.04780	0.08287	0.01314	0.00758	0.00204	0.00314	0.01158	0.00705	0.00624
9	0.00923	0.00692	0.01038	0.01038	0.01154	0.00808	0.00808	0.01154	0.01038	0.01500	0.01731	0.02538	0.01615	0.04846	0.74732	0.01038	0.01731	0.00692	0.00346	0.00577
10	0.01204	0.00602	0.00602	0.00602	0.00753	0.00602	0.00452	0.01506	0.01355	0.02409	0.02108	0.02409	0.01656	0.00753	0.00452	0.00151	0.00301	0.00602	0.80879	0.00602
11	0.01727	0.77681	0.03386	0.01106	0.01658	0.02557	0.01106	0.01935	0.01313	0.01520	0.00898	0.01036	0.00829	0.00553	0.00415	0.00138	0.00691	0.00345	0.00276	0.00829
12	0.81856	0.01250	0.00950	0.00850	0.01250	0.01449	0.00700	0.01899	0.01100	0.02899	0.00900	0.01050	0.00700	0.00600	0.00400	0.00200	0.00500	0.00350	0.00400	0.00700
13	0.02389	0.01745	0.01867	0.01439	0.01936	0.01928	0.01186	0.67356	0.02947	0.03982	0.01581	0.01598	0.01129	0.00774	0.00636	0.00192	0.00689	0.00583	0.04970	0.01072
14	0.02605	0.01455	0.01705	0.01320	0.01819	0.01492	0.01086	0.35378	0.06970	0.36097	0.02081	0.01906	0.01386	0.00793	0.00649	0.00198	0.00624	0.00623	0.00718	0.01094
15	0.00816	0.00574	0.00741	0.00863	0.00893	0.00544	0.00560	0.00907	0.01181	0.01574	0.03273	0.63130	0.03909	0.16262	0.01291	0.00331	0.00422	0.01667	0.00560	0.00500
16	0.28459	0.01516	0.01499	0.06037	0.01810	0.07229	0.01029	0.22690	0.01867	0.15220	0.01430	0.01543	0.01042	0.02673	0.00677	0.00210	0.03146	0.00513	0.00526	0.00885
17	0.02414	0.03079	0.01831	0.01665	0.01998	0.74698	0.01248	0.02580	0.01831	0.01581	0.00999	0.01165	0.00832	0.00666	0.00583	0.00166	0.01165	0.00416	0.00333	0.00749
18	0.81856	0.01250	0.00950	0.00850	0.01250	0.01449	0.00700	0.01899	0.01100	0.02899	0.00900	0.01050	0.00700	0.00600	0.00400	0.00200	0.00500	0.00350	0.00400	0.00700
19	0.01625	0.01426	0.01816	0.05973	0.09617	0.01630	0.05104	0.10217	0.38799	0.02517	0.01997	0.02130	0.01559	0.04082	0.00918	0.00237	0.08190	0.00683	0.00531	0.00947
20	0.08925	0.01806	0.09393	0.01442	0.03655	0.10493	0.01220	0.23118	0.05956	0.14342	0.01663	0.04347	0.01285	0.03008	0.03300	0.00241	0.03742	0.00607	0.00531	0.00927
21	0.17490	0.08382	0.01798	0.08998	0.04509	0.07266	0.01150	0.28167	0.04005	0.05687	0.01511	0.01626	0.03381	0.00823	0.02351	0.00212	0.00720	0.00538	0.00491	0.00896
22	0.02550	0.01400	0.01647	0.01268	0.01759	0.01411	0.01044	0.34157	0.02350	0.35428	0.02019	0.01883	0.01350	0.00775	0.00632	0.00191	0.00608	0.00607	0.05031	0.03891
23	0.01285	0.01164	0.01844	0.42332	0.18310	0.01327	0.01564	0.01780	0.06635	0.01930	0.06267	0.02225	0.05245	0.00751	0.00650	0.00207	0.00723	0.00669	0.04310	0.00784
24	0.08021	0.01109	0.01464	0.01130	0.01623	0.00982	0.00933	0.03068	0.01801	0.69116	0.02442	0.02125	0.01541	0.00787	0.00634	0.00200	0.00547	0.00630	0.00774	0.01074
25	0.81856	0.01250	0.00950	0.00850	0.01250	0.01449	0.00700	0.01899	0.01100	0.02899	0.00900	0.01050	0.00700	0.00600	0.00400	0.00200	0.00500	0.00350	0.00400	0.00700
26	0.00999	0.00737	0.01013	0.00991	0.01139	0.00825	0.00771	0.04549	0.01202	0.01710	0.02258	0.02873	0.09184	0.04041	0.58450	0.00853	0.01439	0.00752	0.05612	0.00601
27	0.81856	0.01250	0.00950	0.00850	0.01250	0.01449	0.00700	0.01899	0.01100	0.02899	0.00900	0.01050	0.00700	0.00600	0.00400	0.00200	0.00500	0.00350	0.00400	0.00700
28	0.01284	0.00743	0.00975	0.00870	0.01091	0.00671	0.00669	0.01572	0.01818	0.16029	0.56761	0.04388	0.08094	0.01236	0.00741	0.00203	0.00352	0.01079	0.00723	0.00700
29	0.00962	0.00743	0.01084	0.01062	0.01159	0.00883	0.00820	0.01167	0.01026	0.01484	0.01688	0.02591	0.01617	0.10568	0.63182	0.00946	0.07399	0.00703	0.00345	0.00572
30	0.00940	0.00626	0.00705	0.00705	0.00705	0.00626	0.00392	0.00940	0.00940	0.01253	0.02036	0.04228	0.02349	0.77292	0.03289	0.00626	0.00626	0.00940	0.00392	0.00392
31	0.01587	0.10239	0.39226	0.05580	0.04363	0.01497	0.06305	0.02170	0.03448	0.11637	0.01371	0.01520	0.00986	0.00626	0.00601	0.00190	0.00824	0.00513	0.00369	0.06946
32	0.27056	0.22033	0.01966	0.01227	0.01613	0.15954	0.01039	0.04536	0.03821	0.04648	0.01053	0.01218	0.00867	0.00687	0.00674	0.00187	0.09846	0.00419	0.00371	0.00784
33	0.04203	0.08880	0.37555	0.01684	0.02400	0.06049	0.08266	0.05873	0.01519	0.09206	0.01281	0.01443	0.00932	0.00644	0.00654	0.00194	0.03517	0.00507	0.00364	0.04828
34	0.01569	0.04909	0.09184	0.01231	0.01818	0.08388	0.03263	0.08397	0.01557	0.02209	0.01168	0.01345	0.00939	0.00545	0.00525	0.00129	0.00646	0.00425	0.00385	0.51368
35	0.05582	0.04089	0.29121	0.04814	0.04779	0.01442	0.06761	0.07119	0.05111	0.07798	0.03225	0.05453	0.03449	0.00929	0.03166	0.00238	0.04977	0.00650	0.00412	0.00883

[dist]
# distance from previous block
# <min> <max>
0	3

[block]
# block no. 4 follows, 34 sequences, length 7
# corresponding to MSA columns:
# 835-841
name=unknown_E
#
# <colnr> <probs for GDERKNQSTAVLIFYWHMCP>
#	G	D	E	R	K	N	Q	S	T	A	V	L	I	F	Y	W	H	M	C	P
0	0.02075	0.06933	0.01997	0.12844	0.05043	0.41772	0.01363	0.09917	0.01762	0.01883	0.01071	0.01324	0.00875	0.00707	0.00732	0.00187	0.07893	0.00474	0.00352	0.00795
1	0.00890	0.00665	0.00726	0.00727	0.00929	0.00568	0.00539	0.01059	0.01480	0.05617	0.09909	0.16302	0.55049	0.01630	0.00766	0.00223	0.00345	0.01383	0.00617	0.00576
2	0.02523	0.01703	0.01873	0.01436	0.01950	0.01845	0.01186	0.60885	0.02859	0.14546	0.01701	0.01649	0.01174	0.00779	0.00647	0.00195	0.00687	0.00592	0.00669	0.01099
3	0.01484	0.05520	0.47147	0.09622	0.10353	0.01496	0.04918	0.02090	0.01414	0.08136	0.01279	0.01501	0.00919	0.00624	0.00621	0.00202	0.00886	0.00519	0.00327	0.00942
4	0.01299	0.01148	0.01544	0.26420	0.02525	0.01057	0.01116	0.01635	0.01324	0.01951	0.01148	0.01470	0.00924	0.00536	0.00536	0.00136	0.00609	0.00448	0.00350	0.53824
5	0.00836	0.00574	0.00746	0.00865	0.00923	0.00539	0.00587	0.00983	0.01299	0.01800	0.09373	0.63871	0.04190	0.01847	0.00785	0.00247	0.00362	0.01666	0.07966	0.00539
6	0.01520	0.06187	0.06421	0.14430	0.13271	0.07668	0.04033	0.02370	0.24877	0.02108	0.01864	0.06788	0.01572	0.00830	0.00652	0.00210	0.00720	0.03149	0.00450	0.00879

[dist]
# distance from previous block
# <min> <max>
0	2

[block]
# block no. 5 follows, 34 sequences, length 27
# corresponding to MSA columns:
# 844-870
name=unknown_F
#
# <colnr> <probs for GDERKNQSTAVLIFYWHMCP>
#	G	D	E	R	K	N	Q	S	T	A	V	L	I	F	Y	W	H	M	C	P
0	0.59392	0.01325	0.03314	0.01215	0.08746	0.01373	0.00891	0.01872	0.01181	0.02676	0.00976	0.01158	0.00774	0.00580	0.00442	0.00184	0.00538	0.00382	0.00385	0.12595
1	0.02307	0.01295	0.01532	0.01189	0.01680	0.07268	0.02997	0.02621	0.04219	0.42327	0.02053	0.04097	0.01443	0.00737	0.00609	0.00173	0.00594	0.00603	0.00628	0.21629
2	0.01576	0.01581	0.03170	0.02306	0.02883	0.01505	0.52260	0.06779	0.01584	0.05210	0.01413	0.01812	0.01080	0.01018	0.08464	0.00295	0.01076	0.00719	0.00374	0.04895
3	0.01607	0.01388	0.01461	0.01315	0.01680	0.01607	0.01023	0.03433	0.72094	0.02703	0.02630	0.02411	0.01972	0.00877	0.00657	0.00219	0.00511	0.00731	0.00657	0.01023
4	0.02414	0.03079	0.01831	0.01665	0.01998	0.74698	0.01248	0.02580	0.01831	0.01581	0.00999	0.01165	0.00832	0.00666	0.00583	0.00166	0.01165	0.00416	0.00333	0.00749
5	0.02414	0.03079	0.01831	0.01665	0.01998	0.74698	0.01248	0.02580	0.01831	0.01581	0.00999	0.01165	0.00832	0.00666	0.00583	0.00166	0.01165	0.00416	0.00333	0.00749
6	0.01220	0.01148	0.01938	0.75739	0.04450	0.01436	0.01794	0.01651	0.01292	0.01651	0.01148	0.01723	0.00861	0.00646	0.00646	0.00215	0.00861	0.00574	0.00287	0.00718
7	0.18331	0.01129	0.01392	0.01091	0.01571	0.01047	0.00901	0.02905	0.01703	0.59870	0.02227	0.01975	0.01424	0.00761	0.00601	0.00200	0.00540	0.00591	0.00722	0.01021
8	0.01296	0.03342	0.73944	0.01842	0.02797	0.01501	0.02387	0.02046	0.01364	0.02046	0.01160	0.01364	0.00818	0.00614	0.00614	0.00205	0.00955	0.00477	0.00273	0.00955
9	0.01005	0.00693	0.00780	0.00768	0.00986	0.00596	0.00582	0.01183	0.01495	0.09178	0.08043	0.14762	0.51185	0.01595	0.00766	0.00225	0.00368	0.04560	0.00624	0.00605
10	0.01449	0.01773	0.15510	0.02113	0.10112	0.01440	0.24402	0.06733	0.11678	0.02234	0.01851	0.12371	0.01643	0.00866	0.00712	0.00220	0.00808	0.02771	0.00431	0.00884
11	0.02899	0.01100	0.01499	0.01150	0.01649	0.00950	0.00950	0.03149	0.01849	0.73709	0.02549	0.02199	0.01599	0.00800	0.00650	0.00200	0.00550	0.00650	0.00800	0.01100
12	0.01187	0.00724	0.00930	0.00842	0.01054	0.00651	0.00644	0.01465	0.01786	0.12948	0.53910	0.04621	0.14157	0.01285	0.00746	0.00205	0.00344	0.01118	0.00710	0.00673
13	0.02165	0.01618	0.01783	0.01414	0.01843	0.01813	0.01153	0.55664	0.05622	0.03545	0.01605	0.01781	0.01224	0.03973	0.08425	0.00301	0.03866	0.00612	0.00592	0.01000
14	0.01754	0.04980	0.21276	0.16658	0.10014	0.04852	0.01729	0.24268	0.01909	0.02575	0.01264	0.01501	0.00940	0.00682	0.00665	0.00200	0.02850	0.00535	0.00404	0.00941
15	0.02634	0.01037	0.01402	0.01095	0.01547	0.00902	0.00897	0.02891	0.01829	0.63824	0.09774	0.02477	0.02064	0.00852	0.00654	0.00198	0.00516	0.00701	0.03675	0.01031
16	0.00787	0.00562	0.00750	0.00900	0.00937	0.00525	0.00600	0.00900	0.01237	0.01649	0.03561	0.76871	0.04274	0.02024	0.00825	0.00262	0.00375	0.01837	0.00600	0.00525
17	0.01602	0.34843	0.10713	0.01715	0.10536	0.05367	0.09355	0.04537	0.01507	0.01949	0.08488	0.01679	0.01446	0.00660	0.00558	0.00172	0.00748	0.00541	0.02738	0.00849
18	0.01530	0.04419	0.07709	0.04132	0.16234	0.03624	0.06165	0.05229	0.20888	0.04303	0.07249	0.07287	0.03539	0.00880	0.00726	0.00210	0.03726	0.00761	0.00488	0.00899
19	0.00799	0.00664	0.00704	0.00717	0.00925	0.00569	0.00553	0.00984	0.01491	0.01805	0.09385	0.06262	0.62685	0.01637	0.00777	0.00226	0.00354	0.08304	0.00605	0.00554
20	0.01132	0.00853	0.08372	0.00953	0.01056	0.00668	0.00760	0.00979	0.00904	0.01234	0.01152	0.01927	0.01112	0.02189	0.05432	0.69422	0.00652	0.00558	0.00283	0.00363
21	0.04085	0.16451	0.16666	0.06780	0.06371	0.15773	0.04761	0.02200	0.07964	0.03617	0.01220	0.01433	0.00971	0.00689	0.00731	0.00194	0.08398	0.00499	0.00344	0.00853
22	0.02018	0.11906	0.04807	0.01519	0.03440	0.46710	0.01189	0.05156	0.01713	0.01727	0.01556	0.09220	0.04728	0.00840	0.00601	0.00179	0.00947	0.00613	0.00377	0.00756
23	0.00787	0.00562	0.00750	0.00900	0.00937	0.00525	0.00600	0.00900	0.01237	0.01649	0.03561	0.76871	0.04274	0.02024	0.00825	0.00262	0.00375	0.01837	0.00600	0.00525
24	0.01845	0.01471	0.04608	0.01458	0.04514	0.01487	0.05231	0.20008	0.27471	0.11133	0.02666	0.02552	0.10826	0.00899	0.00671	0.00209	0.00604	0.00752	0.00616	0.00977
25	0.01735	0.03712	0.18542	0.01564	0.05206	0.10206	0.01403	0.09545	0.09792	0.09718	0.05079	0.07204	0.01601	0.00876	0.00792	0.00209	0.08487	0.00673	0.02771	0.00886
26	0.08925	0.01801	0.10078	0.09722	0.19999	0.12642	0.05459	0.03987	0.01561	0.06844	0.09200	0.01869	0.01521	0.00721	0.00671	0.00198	0.02940	0.00601	0.00404	0.00856

[dist]
# distance from previous block
# <min> <max>
0	13

[block]
# block no. 6 follows, 34 sequences, length 27
# corresponding to MSA columns:
# 884-910
name=unknown_G
#
# <colnr> <probs for GDERKNQSTAVLIFYWHMCP>
#	G	D	E	R	K	N	Q	S	T	A	V	L	I	F	Y	W	H	M	C	P
0	0.10767	0.09267	0.09797	0.01741	0.15080	0.06968	0.01297	0.05949	0.01616	0.20027	0.04839	0.01704	0.01312	0.00682	0.00581	0.00183	0.00682	0.00538	0.00480	0.06489
1	0.01621	0.13768	0.08287	0.01674	0.12673	0.12843	0.02750	0.05850	0.02796	0.02032	0.03250	0.01812	0.06742	0.00682	0.00569	0.00160	0.00716	0.00541	0.00382	0.20851
2	0.01426	0.01236	0.01958	0.20835	0.31944	0.02973	0.03517	0.01777	0.01435	0.04917	0.04931	0.09061	0.01613	0.00795	0.00648	0.00201	0.00695	0.00731	0.08478	0.00830
3	0.01554	0.01109	0.01503	0.03361	0.17914	0.04223	0.01074	0.01871	0.02892	0.15602	0.21517	0.07566	0.03938	0.01201	0.05250	0.00246	0.00618	0.00835	0.00553	0.07171
4	0.01797	0.02363	0.13474	0.03759	0.16391	0.34408	0.01484	0.02113	0.01600	0.01837	0.03937	0.08254	0.01397	0.00787	0.00624	0.00188	0.00911	0.00623	0.03245	0.00807
5	0.00926	0.00681	0.00982	0.00982	0.01078	0.00777	0.00738	0.01118	0.01022	0.01458	0.01782	0.02823	0.01739	0.17028	0.62718	0.00969	0.01545	0.00734	0.00354	0.00546
6	0.01411	0.01673	0.10205	0.02119	0.11955	0.07083	0.25204	0.01928	0.06228	0.02123	0.13650	0.09521	0.02207	0.00863	0.00714	0.00211	0.00796	0.00850	0.00434	0.00824
7	0.00770	0.00632	0.00678	0.00716	0.00889	0.00540	0.00518	0.00920	0.01414	0.01722	0.05803	0.23792	0.55905	0.01733	0.00779	0.00229	0.00339	0.01481	0.00600	0.00540
8	0.01327	0.01188	0.01877	0.09026	0.32702	0.01307	0.01414	0.01562	0.01226	0.01734	0.01452	0.02186	0.03096	0.12001	0.08576	0.05491	0.12094	0.00656	0.00329	0.00757
9	0.01674	0.01421	0.01499	0.01328	0.01706	0.01638	0.01039	0.08769	0.66650	0.02811	0.02545	0.02343	0.01904	0.00869	0.00657	0.00217	0.00527	0.00719	0.00657	0.01029
10	0.01727	0.77681	0.03386	0.01106	0.01658	0.02557	0.01106	0.01935	0.01313	0.01520	0.00898	0.01036	0.00829	0.00553	0.00415	0.00138	0.00691	0.00345	0.00276	0.00829
11	0.02456	0.01810	0.01939	0.01487	0.02004	0.02004	0.01228	0.71107	0.03038	0.04072	0.01551	0.01551	0.01099	0.00776	0.00646	0.00194	0.00711	0.00582	0.00646	0.01099
12	0.01296	0.03342	0.73944	0.01842	0.02797	0.01501	0.02387	0.02046	0.01364	0.02046	0.01160	0.01364	0.00818	0.00614	0.00614	0.00205	0.00955	0.00477	0.00273	0.00955
13	0.01068	0.00925	0.01116	0.01099	0.01236	0.08007	0.00851	0.01293	0.01116	0.01508	0.01659	0.02405	0.01539	0.04439	0.67507	0.00953	0.01676	0.00665	0.00345	0.00594
14	0.01090	0.00715	0.00930	0.00853	0.01038	0.00663	0.00648	0.01431	0.03723	0.08201	0.65479	0.04554	0.05631	0.01268	0.00750	0.00203	0.00330	0.01116	0.00717	0.00659
15	0.01834	0.01055	0.01287	0.01077	0.01419	0.01032	0.00868	0.16911	0.03380	0.23490	0.26053	0.03575	0.08754	0.01097	0.00711	0.00208	0.00488	0.05196	0.00706	0.00860
16	0.01547	0.01493	0.02441	0.10146	0.60588	0.03594	0.01872	0.01919	0.01439	0.02017	0.01235	0.01656	0.01040	0.00848	0.05215	0.00246	0.00847	0.00578	0.00319	0.00961
17	0.00919	0.00656	0.00834	0.00931	0.01000	0.00638	0.00639	0.05377	0.01333	0.01777	0.03279	0.61939	0.03860	0.09268	0.01056	0.00295	0.00430	0.04634	0.00582	0.00551
18	0.00867	0.00643	0.00819	0.00940	0.01010	0.00630	0.00641	0.01147	0.08141	0.01752	0.03471	0.69616	0.04049	0.01912	0.00808	0.00258	0.00388	0.01729	0.00605	0.00573
19	0.02372	0.02738	0.01828	0.01610	0.01979	0.56592	0.01231	0.15446	0.06396	0.02116	0.01203	0.01314	0.00953	0.00699	0.00599	0.00175	0.01040	0.00467	0.00412	0.00831
20	0.01871	0.58671	0.02904	0.01116	0.01635	0.02238	0.01063	0.08757	0.01532	0.08288	0.01184	0.01276	0.00976	0.00609	0.00461	0.00150	0.00656	0.00412	0.05337	0.00866
21	0.01220	0.01161	0.01711	0.54910	0.03564	0.05922	0.01528	0.01580	0.01289	0.01627	0.01428	0.08519	0.01260	0.01301	0.10009	0.00320	0.00947	0.00692	0.00325	0.00685
22	0.01152	0.00777	0.01117	0.01068	0.01233	0.00875	0.00839	0.04597	0.01197	0.07344	0.01787	0.02465	0.01590	0.04334	0.65381	0.00932	0.01589	0.00684	0.00396	0.00643
23	0.06796	0.01525	0.06226	0.05079	0.10833	0.07191	0.03270	0.06389	0.19331	0.03833	0.03095	0.02798	0.01781	0.04822	0.00857	0.00242	0.03412	0.11185	0.00488	0.00847
24	0.09947	0.01509	0.08536	0.01315	0.01706	0.01495	0.01142	0.10754	0.24935	0.11544	0.07475	0.02141	0.01769	0.02389	0.00870	0.00225	0.10110	0.00657	0.00562	0.00917
25	0.01043	0.00754	0.00994	0.00981	0.01129	0.00824	0.00759	0.04537	0.03751	0.01838	0.05436	0.04959	0.06605	0.07927	0.41562	0.00693	0.01161	0.06163	0.08278	0.00608
