[name]
unknown

[dist]
# distance from previous block
# <min> <max>
16	56

[block]
# block no. 0 follows, 27 sequences, length 7
# corresponding to MSA columns:
# 77-83
name=unknown_A
#
# <colnr> <probs for GDERKNQSTAVLIFYWHMCP>
#	G	D	E	R	K	N	Q	S	T	A	V	L	I	F	Y	W	H	M	C	P
0	0.13178	0.06375	0.01857	0.04564	0.09399	0.11711	0.01217	0.08542	0.01881	0.10592	0.06926	0.11877	0.02104	0.01023	0.00700	0.00221	0.00745	0.00828	0.00563	0.05696
1	0.12643	0.07106	0.02135	0.12777	0.05713	0.11371	0.05558	0.09838	0.01800	0.02513	0.01707	0.02000	0.05238	0.01055	0.04335	0.00263	0.03658	0.00633	0.00446	0.09212
2	0.01491	0.01572	0.06481	0.17689	0.02782	0.05433	0.12015	0.05151	0.01744	0.02315	0.12943	0.09153	0.06051	0.04317	0.01023	0.00266	0.04666	0.00976	0.00499	0.03434
3	0.05257	0.26253	0.02751	0.08300	0.05860	0.10360	0.05221	0.10687	0.05745	0.05861	0.01617	0.06037	0.01377	0.00837	0.00654	0.00208	0.00860	0.00657	0.00472	0.00985
4	0.01492	0.01068	0.05702	0.04962	0.01578	0.00943	0.01003	0.04924	0.03531	0.07256	0.07247	0.11716	0.02449	0.01937	0.01747	0.34577	0.00653	0.06059	0.00517	0.00642
5	0.02000	0.22085	0.02511	0.09444	0.07408	0.05528	0.01364	0.17275	0.06833	0.02635	0.01649	0.04837	0.01429	0.05540	0.00856	0.00235	0.00803	0.00664	0.00490	0.06413
6	0.01766	0.01744	0.05773	0.05200	0.01980	0.11791	0.01217	0.13500	0.10242	0.02790	0.14717	0.11126	0.06384	0.01240	0.00792	0.00238	0.00725	0.04277	0.00632	0.03868

[dist]
# distance from previous block
# <min> <max>
5	21

[block]
# block no. 1 follows, 27 sequences, length 19
# corresponding to MSA columns:
# 105-123
name=unknown_B
#
# <colnr> <probs for GDERKNQSTAVLIFYWHMCP>
#	G	D	E	R	K	N	Q	S	T	A	V	L	I	F	Y	W	H	M	C	P
0	0.01901	0.06421	0.02547	0.13370	0.20756	0.04843	0.08708	0.06208	0.09872	0.07532	0.08624	0.02354	0.01902	0.00835	0.00750	0.00228	0.00841	0.00757	0.00516	0.01036
1	0.06823	0.01795	0.06292	0.10317	0.02391	0.07507	0.01365	0.18510	0.05239	0.19338	0.10751	0.02441	0.02094	0.00932	0.00736	0.00229	0.00771	0.00743	0.00669	0.01058
2	0.01335	0.00971	0.01393	0.10422	0.01881	0.00955	0.04731	0.01737	0.04796	0.08624	0.28808	0.14041	0.14447	0.01454	0.00851	0.00249	0.00538	0.01289	0.00697	0.00782
3	0.02049	0.07994	0.02735	0.02953	0.29261	0.20685	0.07646	0.04503	0.01821	0.02212	0.01657	0.03957	0.04259	0.00825	0.00801	0.00219	0.04327	0.00692	0.00403	0.01001
4	0.01798	0.01542	0.10622	0.05049	0.02213	0.01275	0.09588	0.02266	0.05498	0.18288	0.02871	0.18121	0.06879	0.01460	0.04095	0.00302	0.05503	0.01090	0.00605	0.00937
5	0.01052	0.00714	0.00845	0.00891	0.00911	0.00705	0.00546	0.01101	0.01189	0.01581	0.02792	0.18727	0.03242	0.54958	0.03035	0.00612	0.00660	0.05431	0.00513	0.00496
6	0.01576	0.01468	0.02417	0.11069	0.46165	0.01485	0.01869	0.01967	0.01669	0.02315	0.06096	0.08697	0.08080	0.00975	0.00775	0.00234	0.00777	0.00909	0.00447	0.01010
7	0.01954	0.05038	0.06032	0.07359	0.21684	0.16931	0.11904	0.04505	0.03587	0.02316	0.06200	0.02001	0.01526	0.00799	0.00837	0.00226	0.04999	0.00692	0.00417	0.00992
8	0.05627	0.02004	0.06019	0.01976	0.09600	0.16254	0.07901	0.07922	0.03468	0.13049	0.04406	0.05684	0.07458	0.01178	0.03897	0.00271	0.00933	0.00814	0.00557	0.00980
9	0.00915	0.00685	0.00850	0.00954	0.01063	0.00620	0.00660	0.01085	0.01568	0.02050	0.12603	0.49311	0.20691	0.02122	0.00922	0.00281	0.00408	0.01888	0.00704	0.00620
10	0.01452	0.01677	0.14692	0.10853	0.02449	0.01358	0.07763	0.07999	0.01630	0.02236	0.03916	0.07982	0.04750	0.05345	0.09991	0.08241	0.03362	0.03037	0.00452	0.00813
11	0.04243	0.04486	0.11801	0.08796	0.11112	0.07874	0.12771	0.02035	0.01633	0.02209	0.06382	0.05680	0.06945	0.01212	0.04665	0.00292	0.05702	0.00835	0.00429	0.00901
12	0.01768	0.04993	0.02176	0.01779	0.04766	0.01542	0.13449	0.13883	0.12459	0.05640	0.02886	0.18112	0.06771	0.02983	0.00892	0.00264	0.00737	0.03319	0.00623	0.00957
13	0.02163	0.01250	0.01492	0.01364	0.04798	0.03870	0.01010	0.10344	0.02091	0.27370	0.09837	0.13670	0.14899	0.01331	0.00807	0.00241	0.00593	0.01124	0.00765	0.00979
14	0.04055	0.08220	0.18875	0.01867	0.08272	0.11251	0.01633	0.03908	0.04585	0.07177	0.02275	0.09843	0.05525	0.01086	0.00809	0.00240	0.03723	0.05208	0.00492	0.00953
15	0.14656	0.02048	0.01835	0.03992	0.05685	0.18588	0.01267	0.18154	0.07859	0.09025	0.02057	0.05226	0.04610	0.00935	0.00696	0.00225	0.00840	0.00708	0.00588	0.01005
16	0.24273	0.01892	0.02017	0.02412	0.25042	0.13035	0.01450	0.06655	0.01737	0.02754	0.01320	0.01589	0.01067	0.00702	0.00619	0.00207	0.00809	0.00539	0.04215	0.07665
17	0.17627	0.01580	0.01857	0.02050	0.17146	0.08984	0.04180	0.02358	0.04742	0.11280	0.06063	0.04153	0.03293	0.01113	0.03184	0.03640	0.00785	0.00725	0.04307	0.00934
18	0.01664	0.03909	0.01612	0.01555	0.07921	0.05364	0.01068	0.13974	0.08245	0.02586	0.05947	0.18155	0.08407	0.04813	0.01107	0.06885	0.00655	0.01093	0.00597	0.04446

[dist]
# distance from previous block
# <min> <max>
0	6

[block]
# block no. 2 follows, 27 sequences, length 11
# corresponding to MSA columns:
# 130-140
name=unknown_C
#
# <colnr> <probs for GDERKNQSTAVLIFYWHMCP>
#	G	D	E	R	K	N	Q	S	T	A	V	L	I	F	Y	W	H	M	C	P
0	0.01778	0.04458	0.02559	0.10030	0.11525	0.01439	0.18166	0.02194	0.01707	0.11218	0.02284	0.05923	0.04775	0.00971	0.00791	0.00236	0.00847	0.08389	0.00511	0.10200
1	0.01419	0.05654	0.27695	0.01498	0.02087	0.01286	0.01579	0.01975	0.04569	0.05109	0.08698	0.17040	0.02681	0.04067	0.00887	0.00258	0.00747	0.04268	0.00519	0.07963
2	0.01823	0.02050	0.08266	0.07576	0.05191	0.18833	0.09978	0.04096	0.01813	0.04992	0.08232	0.06296	0.03857	0.04367	0.05801	0.00322	0.01037	0.04118	0.00487	0.00866
3	0.01929	0.06768	0.13643	0.10752	0.12560	0.08147	0.01671	0.11643	0.01971	0.08122	0.02543	0.02663	0.12551	0.00947	0.00734	0.00226	0.00853	0.00768	0.00507	0.01002
4	0.01980	0.01115	0.01397	0.01226	0.01556	0.01103	0.00956	0.05731	0.09418	0.25101	0.12106	0.17942	0.10374	0.01420	0.00913	0.00255	0.04489	0.01195	0.00773	0.00950
5	0.00933	0.00697	0.00845	0.00924	0.01038	0.00633	0.00636	0.01098	0.01560	0.02037	0.13914	0.39936	0.22478	0.08301	0.01164	0.00314	0.00430	0.01766	0.00686	0.00610
6	0.01807	0.11801	0.08566	0.04540	0.14707	0.06766	0.01510	0.07087	0.09663	0.05166	0.02154	0.10361	0.03786	0.01417	0.07124	0.00315	0.00910	0.00833	0.00502	0.00983
7	0.05059	0.01642	0.07506	0.03917	0.13229	0.01539	0.05586	0.15637	0.01984	0.07134	0.04949	0.02721	0.06651	0.07058	0.03549	0.00305	0.04025	0.00798	0.05741	0.00971
8	0.00918	0.00656	0.00873	0.01025	0.01080	0.00612	0.00690	0.01067	0.01483	0.01994	0.09996	0.67241	0.05101	0.02252	0.00941	0.00295	0.00423	0.02040	0.00701	0.00612
9	0.04755	0.01107	0.01276	0.01225	0.03709	0.01117	0.00894	0.15562	0.02024	0.05547	0.11544	0.16059	0.16773	0.08291	0.01100	0.00294	0.00560	0.04340	0.03013	0.00810
10	0.01778	0.04760	0.06786	0.07269	0.06850	0.06997	0.12437	0.06655	0.05434	0.04388	0.04477	0.05673	0.01726	0.00887	0.00784	0.00222	0.03779	0.00771	0.14191	0.04136

[dist]
# distance from previous block
# <min> <max>
2	17

[block]
# block no. 3 follows, 27 sequences, length 29
# corresponding to MSA columns:
# 166-194
name=unknown_D
#
# <colnr> <probs for GDERKNQSTAVLIFYWHMCP>
#	G	D	E	R	K	N	Q	S	T	A	V	L	I	F	Y	W	H	M	C	P
0	0.01550	0.01550	0.04466	0.09005	0.25458	0.01523	0.12928	0.02127	0.07820	0.02355	0.06278	0.11091	0.06198	0.01042	0.00857	0.00247	0.03071	0.00982	0.00484	0.00970
1	0.06641	0.06749	0.02910	0.09025	0.14153	0.03934	0.22273	0.06108	0.07610	0.04555	0.04268	0.02089	0.01478	0.00754	0.00742	0.00230	0.00918	0.00736	0.03820	0.01007
2	0.01939	0.01844	0.05496	0.06734	0.14771	0.03590	0.15149	0.19632	0.05032	0.02979	0.04788	0.06317	0.04098	0.00912	0.00782	0.00233	0.00880	0.00843	0.00534	0.03447
3	0.01384	0.00996	0.01162	0.01095	0.01343	0.00987	0.00832	0.10358	0.06553	0.05530	0.18715	0.19072	0.18771	0.04767	0.00993	0.00278	0.00500	0.05149	0.00729	0.00785
4	0.03952	0.01433	0.02079	0.20941	0.22346	0.03978	0.01660	0.02134	0.07170	0.05122	0.02097	0.14807	0.01976	0.01092	0.00847	0.00252	0.03809	0.02889	0.00482	0.00933
5	0.01650	0.05108	0.15840	0.06771	0.24225	0.04513	0.01792	0.03981	0.03719	0.04112	0.04028	0.10802	0.03670	0.05448	0.00937	0.00264	0.00836	0.00871	0.00456	0.00978
6	0.00901	0.00659	0.00848	0.01000	0.01068	0.00606	0.00674	0.01038	0.01454	0.01908	0.04507	0.65394	0.12673	0.02272	0.00939	0.00295	0.00424	0.02045	0.00689	0.00606
7	0.01607	0.01634	0.01663	0.04524	0.01871	0.19526	0.06820	0.01882	0.01592	0.01958	0.06127	0.02860	0.04780	0.08171	0.25433	0.00593	0.01319	0.00794	0.06110	0.00739
8	0.01670	0.01954	0.09307	0.08741	0.18415	0.10594	0.10244	0.02159	0.04528	0.02202	0.04368	0.08558	0.04568	0.01234	0.04867	0.00295	0.04064	0.00860	0.00436	0.00937
9	0.01370	0.01162	0.01503	0.04249	0.05553	0.05304	0.05084	0.07432	0.01718	0.02234	0.03179	0.38640	0.03546	0.04895	0.01021	0.00302	0.00670	0.10775	0.00612	0.00750
10	0.00906	0.00737	0.00806	0.00843	0.01046	0.00636	0.00623	0.01099	0.01666	0.02052	0.10383	0.19755	0.50321	0.01951	0.00897	0.00263	0.00398	0.04294	0.00697	0.00629
11	0.01111	0.05374	0.01415	0.01413	0.05516	0.00920	0.04641	0.01313	0.01483	0.01968	0.03529	0.52145	0.04100	0.03747	0.00979	0.00299	0.00561	0.08175	0.00622	0.00687
12	0.01818	0.01967	0.03530	0.06792	0.07535	0.06091	0.42729	0.02672	0.14082	0.02454	0.01746	0.02093	0.01323	0.00714	0.00825	0.00245	0.01095	0.00819	0.00444	0.01026
13	0.20235	0.01964	0.02210	0.11327	0.12547	0.16181	0.07404	0.02244	0.01561	0.02326	0.01276	0.03780	0.01097	0.00846	0.00937	0.00241	0.11923	0.00624	0.00392	0.00887
14	0.01561	0.01447	0.02369	0.46758	0.18488	0.01658	0.03900	0.05927	0.01673	0.02203	0.01753	0.02257	0.05255	0.00801	0.00753	0.00240	0.00926	0.00723	0.00387	0.00920
15	0.00938	0.00739	0.00847	0.00853	0.01048	0.00647	0.00627	0.01171	0.01786	0.02307	0.27096	0.16422	0.39223	0.01827	0.00887	0.00253	0.00376	0.01574	0.00731	0.00647
16	0.05097	0.05043	0.02231	0.01896	0.06308	0.18031	0.05359	0.22459	0.16094	0.03101	0.01850	0.03935	0.01460	0.00871	0.00716	0.00220	0.00893	0.00688	0.00580	0.03168
17	0.02030	0.39578	0.14088	0.01512	0.02168	0.12157	0.01497	0.02523	0.07055	0.04615	0.01350	0.01475	0.01101	0.00701	0.00579	0.00183	0.00884	0.00486	0.00392	0.05626
18	0.08595	0.19465	0.06289	0.04702	0.10232	0.17387	0.05935	0.04891	0.04567	0.02241	0.01456	0.05831	0.01286	0.00828	0.00715	0.00214	0.03367	0.00638	0.00412	0.00948
19	0.01757	0.29670	0.17218	0.04444	0.02409	0.02070	0.07658	0.02169	0.01542	0.06038	0.01596	0.06000	0.01426	0.01068	0.03496	0.00260	0.06456	0.03376	0.00399	0.00948
20	0.00892	0.00737	0.00783	0.00803	0.01020	0.00628	0.00590	0.01082	0.01680	0.02051	0.10901	0.16433	0.55998	0.01920	0.00887	0.00257	0.00382	0.01630	0.00697	0.00628
21	0.01442	0.10066	0.05838	0.03207	0.05831	0.04288	0.01191	0.04411	0.01477	0.01986	0.05690	0.10836	0.02133	0.04672	0.20628	0.08506	0.05724	0.00873	0.00441	0.00757
22	0.01578	0.02591	0.31293	0.09819	0.15326	0.05570	0.08631	0.02176	0.01597	0.02220	0.01576	0.06614	0.01332	0.01106	0.05091	0.00296	0.01086	0.00730	0.00366	0.01000
23	0.13727	0.01244	0.03613	0.05249	0.01851	0.01128	0.01054	0.02733	0.01889	0.37824	0.13126	0.05489	0.02560	0.01016	0.00722	0.00232	0.00593	0.00831	0.04094	0.01025
24	0.01006	0.00734	0.00862	0.00913	0.01082	0.00662	0.00686	0.01143	0.01547	0.01950	0.05405	0.16289	0.37770	0.02030	0.01181	0.11286	0.00466	0.10757	0.03640	0.00591
25	0.02126	0.04256	0.06356	0.04711	0.15996	0.12483	0.01550	0.16655	0.08098	0.06369	0.11793	0.02392	0.02140	0.00905	0.00740	0.00222	0.00834	0.00742	0.00576	0.01055
26	0.04860	0.07756	0.07946	0.04485	0.11828	0.08316	0.08856	0.10174	0.06782	0.05171	0.02255	0.10522	0.05839	0.01007	0.00748	0.00233	0.00847	0.00871	0.00517	0.00988
27	0.06520	0.01129	0.01352	0.01175	0.01486	0.01138	0.00905	0.09903	0.04494	0.19174	0.16620	0.12340	0.06813	0.09433	0.01192	0.00299	0.03319	0.01092	0.00727	0.00891
28	0.05176	0.04758	0.01946	0.06294	0.07987	0.06491	0.01303	0.19808	0.05034	0.10840	0.06115	0.05385	0.02022	0.06929	0.01055	0.00275	0.03525	0.03453	0.00610	0.00996

[dist]
# distance from previous block
# <min> <max>
0	4

[block]
# block no. 4 follows, 27 sequences, length 14
# corresponding to MSA columns:
# 199-212
name=unknown_E
#
# <colnr> <probs for GDERKNQSTAVLIFYWHMCP>
#	G	D	E	R	K	N	Q	S	T	A	V	L	I	F	Y	W	H	M	C	P
0	0.11568	0.16490	0.10252	0.04676	0.05289	0.06381	0.11051	0.05943	0.06112	0.02452	0.03338	0.04398	0.04264	0.00861	0.00752	0.00226	0.03855	0.00699	0.00444	0.00951
1	0.01180	0.00940	0.01127	0.01041	0.01350	0.00826	0.00814	0.01552	0.05021	0.02402	0.18614	0.12377	0.18224	0.01500	0.00820	0.00232	0.00477	0.10956	0.00659	0.19886
2	0.01466	0.00919	0.01150	0.01038	0.01309	0.00873	0.00801	0.01938	0.08107	0.13519	0.38387	0.04880	0.14972	0.01689	0.05325	0.00299	0.00526	0.01199	0.00781	0.00821
3	0.02773	0.03538	0.02104	0.01913	0.02295	0.70930	0.01434	0.02964	0.02104	0.01817	0.01148	0.01339	0.00956	0.00765	0.00669	0.00191	0.01339	0.00478	0.00383	0.00861
4	0.00995	0.00750	0.00920	0.00892	0.01079	0.00675	0.00664	0.01289	0.01950	0.02651	0.48505	0.10329	0.23250	0.01665	0.00881	0.00242	0.00362	0.01451	0.00775	0.00675
5	0.01947	0.01347	0.01613	0.01632	0.09585	0.04145	0.01122	0.09323	0.11643	0.16399	0.13771	0.09959	0.11855	0.01246	0.00799	0.00239	0.00606	0.01061	0.00721	0.00988
6	0.01299	0.01491	0.12711	0.01464	0.06900	0.01119	0.01207	0.05591	0.07495	0.02599	0.21399	0.08924	0.22089	0.01389	0.00823	0.00243	0.00576	0.01187	0.00644	0.00850
7	0.01539	0.01319	0.01539	0.01100	0.01759	0.00990	0.00880	0.01869	0.01539	0.02419	0.01319	0.01539	0.01100	0.00550	0.00550	0.00110	0.00550	0.00440	0.00440	0.78449
8	0.01812	0.01856	0.02403	0.12406	0.19847	0.14068	0.10117	0.06243	0.01820	0.02288	0.02071	0.10937	0.05574	0.00974	0.00770	0.00230	0.00924	0.00880	0.00452	0.04327
9	0.01777	0.09805	0.06699	0.07232	0.21486	0.05414	0.01614	0.04989	0.03854	0.04725	0.07491	0.02313	0.04413	0.01015	0.03112	0.00247	0.05075	0.00704	0.00461	0.07573
10	0.01472	0.01730	0.10233	0.01752	0.08830	0.08621	0.07192	0.04622	0.01833	0.02355	0.11863	0.08129	0.22543	0.01256	0.00803	0.00233	0.00728	0.01084	0.00556	0.04165
11	0.02102	0.10466	0.11786	0.05408	0.02336	0.11808	0.01486	0.11178	0.19100	0.07577	0.02000	0.04995	0.01574	0.00889	0.00701	0.00221	0.00838	0.00695	0.00560	0.04281
12	0.01860	0.01719	0.05041	0.12041	0.12831	0.05329	0.07892	0.09442	0.12992	0.06584	0.02316	0.08358	0.05047	0.00972	0.00767	0.00236	0.00818	0.00862	0.00546	0.04347
13	0.01930	0.01806	0.02484	0.02257	0.12372	0.07049	0.15557	0.13222	0.11681	0.02826	0.06079	0.02326	0.01769	0.04740	0.00915	0.00244	0.00860	0.00760	0.00532	0.10590

[dist]
# distance from previous block
# <min> <max>
2	12

[block]
# block no. 5 follows, 27 sequences, length 22
# corresponding to MSA columns:
# 225-246
name=unknown_F
#
# <colnr> <probs for GDERKNQSTAVLIFYWHMCP>
#	G	D	E	R	K	N	Q	S	T	A	V	L	I	F	Y	W	H	M	C	P
0	0.05760	0.02280	0.06794	0.07272	0.16382	0.23108	0.01588	0.04067	0.01763	0.02245	0.01412	0.05288	0.01235	0.00802	0.00744	0.00204	0.03710	0.00620	0.00408	0.14317
1	0.09082	0.01327	0.01971	0.10353	0.13628	0.01327	0.07512	0.05506	0.01704	0.10342	0.02407	0.18894	0.04456	0.01139	0.00765	0.00240	0.00718	0.01023	0.00550	0.07057
2	0.03991	0.06918	0.10864	0.07921	0.22487	0.05534	0.04931	0.06803	0.07281	0.04812	0.01795	0.07758	0.01541	0.01020	0.02919	0.00260	0.00905	0.00764	0.00463	0.01034
3	0.01957	0.01582	0.02332	0.11650	0.19710	0.01688	0.06457	0.15585	0.06540	0.07834	0.08366	0.05777	0.02026	0.00951	0.00850	0.00239	0.04008	0.00833	0.00565	0.01051
4	0.03635	0.06891	0.10710	0.01374	0.01915	0.01353	0.04782	0.02224	0.13267	0.05369	0.02961	0.09727	0.12803	0.01073	0.00718	0.00213	0.00649	0.00906	0.00553	0.18876
5	0.02112	0.04837	0.01920	0.01505	0.01921	0.09882	0.05616	0.12593	0.01977	0.14344	0.02223	0.11717	0.02023	0.06914	0.01071	0.00267	0.04044	0.04314	0.00597	0.10126
6	0.01192	0.01042	0.04663	0.01190	0.01376	0.00955	0.00931	0.06264	0.04913	0.02242	0.06719	0.40904	0.09389	0.05418	0.01111	0.00307	0.03756	0.06251	0.00654	0.00720
7	0.01814	0.16599	0.07588	0.02334	0.19669	0.10036	0.04725	0.04122	0.06276	0.02236	0.04624	0.07402	0.01791	0.04616	0.02831	0.00268	0.00896	0.00763	0.00442	0.00968
8	0.01020	0.04736	0.01075	0.00964	0.01130	0.00854	0.00712	0.01194	0.01531	0.01961	0.09727	0.25838	0.29497	0.07730	0.04803	0.00349	0.04086	0.01526	0.00627	0.00640
9	0.01710	0.02225	0.17245	0.08088	0.10509	0.06720	0.01922	0.03995	0.05067	0.02149	0.01306	0.01750	0.01094	0.01102	0.03380	0.00295	0.29492	0.00633	0.00369	0.00951
10	0.01563	0.01541	0.06792	0.01510	0.07734	0.01152	0.01171	0.02038	0.05146	0.02443	0.01535	0.01936	0.01298	0.00662	0.00610	0.00147	0.00628	0.03316	0.00452	0.58326
11	0.05819	0.02104	0.10401	0.10939	0.03206	0.01987	0.22717	0.24744	0.02254	0.03138	0.01512	0.01819	0.01114	0.00774	0.00842	0.00241	0.04125	0.00707	0.00493	0.01063
12	0.08162	0.04921	0.04537	0.16406	0.12897	0.05142	0.09538	0.05384	0.11470	0.06188	0.01668	0.01924	0.01269	0.00748	0.00706	0.00224	0.00865	0.00657	0.00474	0.06822
13	0.01920	0.05203	0.02357	0.12971	0.16238	0.07200	0.06049	0.07053	0.04419	0.08478	0.10809	0.02376	0.02005	0.00896	0.00879	0.00230	0.06506	0.00750	0.00513	0.03147
14	0.05369	0.15207	0.05534	0.03524	0.10204	0.06543	0.01361	0.09676	0.08450	0.06808	0.08749	0.06018	0.02119	0.00951	0.00697	0.00216	0.00745	0.02458	0.00550	0.04821
15	0.05173	0.05898	0.11831	0.02346	0.16901	0.04339	0.01750	0.02190	0.06029	0.02215	0.01384	0.03719	0.01215	0.00947	0.01265	0.00250	0.24833	0.00646	0.00389	0.06679
16	0.01096	0.01023	0.04515	0.01068	0.01242	0.03941	0.00815	0.01334	0.03330	0.01959	0.06469	0.31905	0.17696	0.13791	0.01372	0.00350	0.00563	0.06265	0.00622	0.00645
17	0.07905	0.10685	0.22294	0.01979	0.04391	0.07568	0.12012	0.02222	0.01589	0.02295	0.04891	0.01772	0.01311	0.00790	0.00887	0.00226	0.09426	0.00615	0.00381	0.06763
18	0.01958	0.06397	0.14444	0.08070	0.21968	0.16838	0.04194	0.05291	0.06377	0.02325	0.01542	0.04482	0.01281	0.00793	0.00717	0.00222	0.00995	0.00663	0.00411	0.01030
19	0.01270	0.01009	0.01239	0.01298	0.05991	0.00985	0.00889	0.06479	0.08583	0.02576	0.20031	0.22347	0.17421	0.01594	0.00847	0.00249	0.00482	0.01393	0.00697	0.04621
20	0.01316	0.04482	0.01225	0.01132	0.01335	0.09332	0.00829	0.06255	0.01729	0.02115	0.04269	0.39741	0.19764	0.01843	0.00860	0.00263	0.00572	0.01593	0.00639	0.00705
21	0.01723	0.24082	0.08622	0.05496	0.14799	0.02129	0.12819	0.02112	0.01546	0.02059	0.01656	0.01988	0.05724	0.00831	0.00933	0.00226	0.11256	0.00669	0.00364	0.00965

[dist]
# distance from previous block
# <min> <max>
19	39

[block]
# block no. 6 follows, 27 sequences, length 21
# corresponding to MSA columns:
# 295-315
name=unknown_G
#
# <colnr> <probs for GDERKNQSTAVLIFYWHMCP>
#	G	D	E	R	K	N	Q	S	T	A	V	L	I	F	Y	W	H	M	C	P
0	0.01876	0.04155	0.04748	0.04470	0.10632	0.01566	0.07511	0.07463	0.17865	0.09350	0.05292	0.02837	0.06263	0.00945	0.00751	0.00226	0.00726	0.03246	0.00599	0.09478
1	0.01858	0.09925	0.10928	0.04303	0.09384	0.07381	0.04069	0.08564	0.04432	0.05052	0.06620	0.02633	0.01884	0.00933	0.00793	0.00222	0.03793	0.06943	0.00498	0.09784
2	0.06985	0.15545	0.10603	0.04472	0.04285	0.15059	0.06353	0.05487	0.10327	0.02359	0.01758	0.01936	0.04013	0.00974	0.03363	0.00247	0.00957	0.00620	0.00445	0.04213
3	0.10273	0.04781	0.01929	0.04729	0.09438	0.12779	0.03957	0.07875	0.01817	0.02465	0.07125	0.02823	0.12641	0.01237	0.04097	0.00272	0.06596	0.00795	0.00496	0.03874
4	0.07681	0.06025	0.02153	0.07266	0.10476	0.14764	0.05901	0.10397	0.08214	0.02696	0.09018	0.04911	0.02001	0.00912	0.00714	0.00222	0.00839	0.00755	0.04104	0.00952
5	0.02185	0.34803	0.03127	0.04918	0.02357	0.12386	0.08285	0.08085	0.05609	0.06602	0.01412	0.01581	0.01134	0.00747	0.00697	0.00200	0.03890	0.00554	0.00435	0.00992
6	0.00966	0.00833	0.01009	0.03126	0.03497	0.00737	0.02739	0.01191	0.01691	0.02082	0.10654	0.12208	0.53066	0.01781	0.00874	0.00253	0.00441	0.01520	0.00666	0.00665
7	0.02315	0.44683	0.03142	0.01539	0.02069	0.31428	0.01339	0.02534	0.01758	0.01776	0.01080	0.01253	0.00954	0.00690	0.00557	0.00172	0.01022	0.00431	0.00345	0.00914
8	0.00917	0.00719	0.00830	0.00875	0.01046	0.00632	0.00629	0.01115	0.01678	0.02143	0.17372	0.28167	0.37320	0.01959	0.00900	0.00264	0.00389	0.01702	0.00712	0.00632
9	0.02051	0.05461	0.10649	0.07941	0.14522	0.22370	0.06254	0.09064	0.01982	0.02409	0.05856	0.04902	0.01601	0.00850	0.00730	0.00220	0.01015	0.00703	0.00443	0.00977
10	0.02330	0.09334	0.01971	0.01390	0.01877	0.01757	0.01152	0.29134	0.07061	0.14873	0.07220	0.02688	0.07017	0.01262	0.04737	0.00276	0.00751	0.00789	0.03301	0.01082
11	0.00904	0.00646	0.00861	0.01034	0.01077	0.00603	0.00689	0.01034	0.01421	0.01895	0.04092	0.73426	0.04910	0.02326	0.00948	0.00301	0.00431	0.02110	0.00689	0.00603
12	0.07099	0.02365	0.22074	0.05611	0.22168	0.01776	0.19394	0.02399	0.05417	0.02474	0.01471	0.01820	0.01125	0.00689	0.00746	0.00236	0.01007	0.00679	0.00382	0.01068
13	0.06801	0.02086	0.06985	0.12455	0.13851	0.13963	0.01660	0.12713	0.06281	0.02595	0.01569	0.04949	0.01310	0.00934	0.00908	0.02498	0.06322	0.00681	0.00462	0.00977
14	0.01066	0.00772	0.01074	0.01074	0.01165	0.00863	0.00779	0.01249	0.01158	0.01635	0.02098	0.03520	0.02118	0.26830	0.50065	0.01046	0.01594	0.00884	0.00414	0.00597
15	0.00903	0.00654	0.00854	0.01014	0.01071	0.00605	0.00680	0.01036	0.01441	0.01903	0.04335	0.68719	0.09460	0.02294	0.00943	0.00298	0.00427	0.02072	0.00689	0.00605
16	0.01855	0.11032	0.15056	0.05326	0.10305	0.10820	0.27074	0.02374	0.01691	0.02186	0.01329	0.01710	0.01045	0.00698	0.00824	0.00229	0.04426	0.00670	0.00354	0.00997
17	0.01996	0.05437	0.05284	0.09325	0.31902	0.19329	0.01856	0.02535	0.08125	0.02237	0.01559	0.04296	0.01320	0.00788	0.00716	0.00219	0.00968	0.00667	0.00412	0.01031
18	0.01930	0.01050	0.01303	0.01156	0.01507	0.00989	0.00909	0.02458	0.11473	0.26183	0.14457	0.11801	0.15254	0.01415	0.00829	0.00251	0.00516	0.04776	0.00800	0.00943
19	0.06886	0.03016	0.47706	0.10645	0.07868	0.01642	0.02349	0.02195	0.01553	0.02347	0.01718	0.01975	0.05392	0.00782	0.00706	0.00236	0.00985	0.00626	0.00354	0.01018
20	0.01791	0.02031	0.07758	0.07838	0.18888	0.11507	0.11752	0.02550	0.14473	0.02365	0.02255	0.04900	0.06772	0.00901	0.00768	0.00235	0.00917	0.00816	0.00475	0.01008

[dist]
# distance from previous block
# <min> <max>
2	8

[block]
# block no. 7 follows, 27 sequences, length 18
# corresponding to MSA columns:
# 324-341
name=unknown_H
#
# <colnr> <probs for GDERKNQSTAVLIFYWHMCP>
#	G	D	E	R	K	N	Q	S	T	A	V	L	I	F	Y	W	H	M	C	P
0	0.01833	0.07136	0.03103	0.23557	0.16617	0.12099	0.20604	0.02292	0.01695	0.02116	0.01341	0.01807	0.01058	0.00689	0.00750	0.00228	0.01082	0.00677	0.00357	0.00959
1	0.02006	0.02102	0.09744	0.06616	0.31213	0.06756	0.08978	0.09190	0.01873	0.06222	0.01470	0.01813	0.01150	0.00764	0.00883	0.00234	0.06799	0.00664	0.00428	0.01093
2	0.01162	0.00926	0.01439	0.03804	0.03913	0.00941	0.07162	0.01416	0.01456	0.01991	0.10458	0.14885	0.03295	0.18319	0.16955	0.00577	0.00972	0.09123	0.00534	0.00670
3	0.02042	0.01345	0.02055	0.02267	0.19914	0.01295	0.06018	0.04647	0.05170	0.21249	0.07883	0.08366	0.05674	0.01141	0.00812	0.00248	0.00704	0.07475	0.00659	0.01036
4	0.01579	0.01655	0.10387	0.12134	0.17160	0.06246	0.01564	0.03365	0.03169	0.01973	0.01585	0.07473	0.01458	0.01428	0.01421	0.24646	0.00839	0.00745	0.00386	0.00785
5	0.01624	0.03067	0.46824	0.01876	0.02719	0.04185	0.02195	0.10407	0.01842	0.02578	0.02041	0.05865	0.05141	0.00970	0.00753	0.00244	0.00969	0.05234	0.00436	0.01030
6	0.04800	0.02337	0.11740	0.02549	0.03241	0.10199	0.39174	0.02657	0.10980	0.02444	0.01632	0.01945	0.01229	0.00708	0.00797	0.00241	0.01125	0.00764	0.00425	0.01013
7	0.01956	0.01898	0.05969	0.05599	0.18054	0.06587	0.18678	0.02747	0.15650	0.08465	0.01874	0.02117	0.01422	0.00854	0.00877	0.04031	0.00930	0.00744	0.00495	0.01056
8	0.01581	0.01525	0.02654	0.43319	0.27919	0.01706	0.06536	0.02066	0.01576	0.02118	0.01359	0.01930	0.01065	0.00705	0.00749	0.00238	0.00969	0.00675	0.00346	0.00962
9	0.01601	0.01323	0.01922	0.12603	0.19568	0.01428	0.01469	0.02189	0.11073	0.07160	0.09744	0.07923	0.10261	0.01145	0.00934	0.00249	0.06933	0.00970	0.00560	0.00944
10	0.01063	0.00786	0.01147	0.01147	0.01264	0.00903	0.00871	0.01296	0.01180	0.01689	0.02030	0.03148	0.01956	0.13716	0.62958	0.01137	0.01837	0.00829	0.00404	0.00637
11	0.02248	0.08224	0.12945	0.04798	0.10862	0.23432	0.11376	0.08211	0.01975	0.06934	0.01432	0.01663	0.01093	0.00733	0.00713	0.00215	0.01086	0.00605	0.00430	0.01024
12	0.01289	0.00645	0.00967	0.00967	0.00967	0.00645	0.00645	0.00967	0.00967	0.01289	0.01289	0.02257	0.01289	0.02579	0.02901	0.78401	0.00645	0.00645	0.00322	0.00322
13	0.05976	0.15568	0.12422	0.01995	0.09173	0.24254	0.01637	0.11910	0.02017	0.02460	0.01420	0.01841	0.01195	0.00808	0.00667	0.00210	0.01010	0.04014	0.00432	0.00991
14	0.01897	0.02028	0.07563	0.07768	0.02917	0.06857	0.21764	0.10242	0.15023	0.02661	0.01757	0.02032	0.01343	0.00843	0.00964	0.00248	0.09133	0.00743	0.03202	0.01017
15	0.05013	0.07468	0.13089	0.04040	0.02309	0.16067	0.06065	0.07063	0.01950	0.14347	0.09727	0.02342	0.01946	0.04339	0.00862	0.00243	0.00904	0.00708	0.00543	0.00973
16	0.01959	0.01561	0.01847	0.05451	0.03898	0.04149	0.04492	0.20721	0.17247	0.06349	0.10135	0.07993	0.06689	0.01244	0.02613	0.00265	0.00731	0.00953	0.00682	0.01022
17	0.12497	0.11451	0.07801	0.01792	0.08514	0.09222	0.06098	0.09234	0.01760	0.06457	0.01662	0.04766	0.01486	0.12837	0.01175	0.00300	0.00858	0.00706	0.00470	0.00916

[dist]
# distance from previous block
# <min> <max>
3	5

[block]
# block no. 8 follows, 27 sequences, length 7
# corresponding to MSA columns:
# 352-358
name=unknown_I
#
# <colnr> <probs for GDERKNQSTAVLIFYWHMCP>
#	G	D	E	R	K	N	Q	S	T	A	V	L	I	F	Y	W	H	M	C	P
0	0.01074	0.00822	0.01189	0.01164	0.01316	0.00792	0.04980	0.01273	0.01463	0.01981	0.09612	0.29295	0.08067	0.11200	0.11411	0.03112	0.00764	0.06632	0.00589	0.03265
1	0.02515	0.02139	0.06875	0.01868	0.06548	0.07127	0.01493	0.36958	0.15220	0.08613	0.01997	0.01979	0.01443	0.00878	0.00737	0.00227	0.00822	0.00683	0.00677	0.01199
2	0.13329	0.01715	0.01697	0.01353	0.01901	0.09887	0.01087	0.11471	0.06899	0.20785	0.01876	0.01855	0.01345	0.00774	0.00645	0.00194	0.00710	0.00581	0.00628	0.21266
3	0.49816	0.01544	0.01768	0.06663	0.11328	0.01706	0.05942	0.05970	0.01538	0.05882	0.01260	0.01494	0.00961	0.00706	0.00576	0.00231	0.00712	0.00520	0.00467	0.00917
4	0.02320	0.05111	0.07759	0.01963	0.07053	0.23657	0.03301	0.22707	0.04440	0.02885	0.01794	0.06640	0.01558	0.00966	0.00740	0.00225	0.00980	0.04346	0.00535	0.01019
5	0.01008	0.00766	0.00929	0.01001	0.01143	0.00726	0.00722	0.01318	0.05838	0.02150	0.13418	0.36187	0.20085	0.04943	0.01031	0.00297	0.00449	0.06630	0.00700	0.00658
6	0.00911	0.00672	0.00837	0.00964	0.01044	0.00616	0.00649	0.01043	0.01450	0.01885	0.04634	0.55947	0.17126	0.07131	0.01127	0.00320	0.00440	0.01935	0.00673	0.00597

[dist]
# distance from previous block
# <min> <max>
0	1

[block]
# block no. 9 follows, 27 sequences, length 8
# corresponding to MSA columns:
# 360-367
name=unknown_J
#
# <colnr> <probs for GDERKNQSTAVLIFYWHMCP>
#	G	D	E	R	K	N	Q	S	T	A	V	L	I	F	Y	W	H	M	C	P
0	0.01272	0.01072	0.01290	0.01155	0.01267	0.06367	0.07488	0.01361	0.01254	0.01599	0.02277	0.08952	0.02547	0.55573	0.03036	0.00600	0.00805	0.01081	0.00453	0.00551
1	0.08928	0.13661	0.13994	0.06180	0.10326	0.03728	0.08553	0.02321	0.05105	0.05272	0.01555	0.04834	0.01284	0.00760	0.00664	0.00210	0.00847	0.00643	0.00426	0.10710
2	0.04514	0.01961	0.07114	0.10046	0.06757	0.14415	0.03952	0.10976	0.01966	0.06076	0.06675	0.02779	0.07041	0.01275	0.04999	0.00293	0.04072	0.03650	0.00516	0.00923
3	0.09164	0.05087	0.05736	0.05501	0.10499	0.12720	0.06314	0.11718	0.01910	0.02612	0.06741	0.02161	0.01648	0.05349	0.03641	0.00288	0.04264	0.00684	0.00470	0.03494
4	0.01832	0.05315	0.01787	0.07183	0.04296	0.04582	0.01171	0.14660	0.06277	0.06117	0.08590	0.06256	0.07166	0.01056	0.00734	0.00212	0.00675	0.04520	0.00601	0.16968
5	0.01804	0.05714	0.05464	0.07414	0.12106	0.13502	0.04285	0.08498	0.01801	0.02300	0.01829	0.12283	0.01750	0.04548	0.04964	0.00296	0.00941	0.00834	0.00460	0.09208
6	0.01918	0.01573	0.01990	0.13816	0.09943	0.01695	0.01417	0.21544	0.10164	0.02978	0.01826	0.04287	0.01516	0.06612	0.01014	0.00258	0.03100	0.00726	0.00547	0.13077
7	0.01820	0.01639	0.01754	0.14212	0.05381	0.13597	0.01294	0.06122	0.04627	0.07305	0.05390	0.10421	0.06362	0.04705	0.01018	0.00257	0.05687	0.00897	0.00529	0.06982

[dist]
# distance from previous block
# <min> <max>
15	22

[block]
# block no. 10 follows, 27 sequences, length 21
# corresponding to MSA columns:
# 391-411
name=unknown_K
#
# <colnr> <probs for GDERKNQSTAVLIFYWHMCP>
#	G	D	E	R	K	N	Q	S	T	A	V	L	I	F	Y	W	H	M	C	P
0	0.14507	0.04599	0.03505	0.03222	0.03823	0.04240	0.01084	0.09611	0.04017	0.07302	0.02648	0.09534	0.10522	0.08723	0.03207	0.00321	0.06820	0.00910	0.00554	0.00852
1	0.01971	0.06296	0.02260	0.07930	0.08448	0.14802	0.04078	0.08456	0.12330	0.02414	0.01681	0.05360	0.01432	0.00935	0.00982	0.00232	0.12179	0.00701	0.00476	0.07037
2	0.04676	0.01730	0.02042	0.11903	0.02526	0.10958	0.08260	0.12992	0.04106	0.07220	0.07990	0.02326	0.01823	0.03621	0.04521	0.00281	0.00912	0.00720	0.00536	0.10855
3	0.06754	0.01626	0.04045	0.06486	0.07401	0.11119	0.01227	0.06605	0.01737	0.10429	0.04887	0.09769	0.02043	0.10582	0.04810	0.00342	0.03810	0.00853	0.00531	0.04944
4	0.02068	0.01856	0.05549	0.07238	0.13872	0.07406	0.01491	0.16807	0.08130	0.07451	0.02039	0.04570	0.04207	0.00869	0.00716	0.00211	0.00791	0.00716	0.00556	0.13456
5	0.01913	0.10078	0.02325	0.01745	0.05416	0.08094	0.11612	0.08544	0.05357	0.08484	0.13627	0.02999	0.07300	0.00985	0.00751	0.00217	0.00773	0.02332	0.00582	0.06865
6	0.06176	0.08158	0.01922	0.01609	0.07206	0.04333	0.03039	0.12048	0.11355	0.11365	0.05770	0.11482	0.08054	0.01130	0.00744	0.00231	0.00669	0.00944	0.00641	0.03124
7	0.01728	0.08423	0.19195	0.05937	0.18052	0.06807	0.07695	0.05453	0.01757	0.02342	0.02012	0.02452	0.07241	0.00856	0.00732	0.00224	0.00929	0.03550	0.00415	0.04199
8	0.13690	0.01855	0.08046	0.01384	0.01909	0.08633	0.01197	0.14517	0.04695	0.05592	0.04425	0.05757	0.04226	0.01135	0.04153	0.00254	0.00794	0.00702	0.00550	0.16486
9	0.01970	0.05377	0.08674	0.05317	0.25601	0.07934	0.01802	0.10791	0.13864	0.02707	0.03705	0.02007	0.01491	0.00827	0.00813	0.00229	0.04630	0.00676	0.00489	0.01095
10	0.01817	0.14384	0.33922	0.04546	0.06321	0.11115	0.07437	0.04285	0.01704	0.02247	0.01290	0.01547	0.00991	0.00692	0.00675	0.00212	0.01044	0.00550	0.00351	0.04870
11	0.00974	0.00723	0.00898	0.00944	0.01056	0.00701	0.00658	0.01135	0.01431	0.01888	0.09498	0.25408	0.19211	0.16931	0.14588	0.00534	0.00760	0.01469	0.00598	0.00597
12	0.00949	0.00678	0.00913	0.01085	0.01148	0.00642	0.00767	0.01111	0.01466	0.01945	0.04067	0.63411	0.04812	0.02283	0.00960	0.00308	0.00470	0.11682	0.00688	0.00615
13	0.01036	0.00792	0.00905	0.00911	0.01089	0.00730	0.00653	0.04516	0.01730	0.02234	0.16858	0.23209	0.31559	0.08948	0.01173	0.00305	0.00442	0.01571	0.00691	0.00649
14	0.01130	0.00903	0.01273	0.01229	0.01333	0.01071	0.00948	0.01348	0.01253	0.01787	0.05313	0.06692	0.05713	0.10828	0.43910	0.00880	0.12360	0.00930	0.00440	0.00662
15	0.02362	0.36315	0.05686	0.01590	0.02151	0.26047	0.01407	0.12299	0.02016	0.02241	0.01198	0.01346	0.01001	0.00721	0.00592	0.00183	0.00996	0.00472	0.00404	0.00974
16	0.00946	0.00684	0.00900	0.01033	0.01115	0.00638	0.00726	0.01124	0.01547	0.02067	0.12551	0.55748	0.08601	0.02175	0.00941	0.00293	0.00438	0.07145	0.00705	0.00623
17	0.05907	0.08467	0.21997	0.05382	0.18365	0.04429	0.01878	0.05507	0.06883	0.02540	0.07196	0.02246	0.04408	0.00839	0.00706	0.00225	0.00853	0.00692	0.00450	0.01029
18	0.04426	0.18570	0.02621	0.08086	0.18602	0.08255	0.01565	0.07524	0.15952	0.04853	0.01702	0.01855	0.01340	0.00772	0.00667	0.00213	0.00826	0.00617	0.00487	0.01065
19	0.19046	0.07509	0.02246	0.02211	0.16520	0.19260	0.01486	0.10621	0.01854	0.02636	0.01229	0.01496	0.01012	0.00794	0.00834	0.00223	0.09085	0.00539	0.00431	0.00969
20	0.02101	0.02148	0.11330	0.02619	0.23811	0.05262	0.01798	0.22387	0.11392	0.03202	0.05206	0.02080	0.01612	0.00835	0.00740	0.00227	0.00845	0.00699	0.00553	0.01152

[dist]
# distance from previous block
# <min> <max>
0	2

[block]
# block no. 11 follows, 27 sequences, length 6
# corresponding to MSA columns:
# 414-419
name=unknown_L
#
# <colnr> <probs for GDERKNQSTAVLIFYWHMCP>
#	G	D	E	R	K	N	Q	S	T	A	V	L	I	F	Y	W	H	M	C	P
0	0.06321	0.11293	0.14288	0.08641	0.26081	0.01939	0.05514	0.06472	0.07838	0.02537	0.01492	0.01776	0.01174	0.00718	0.00692	0.00223	0.00888	0.00622	0.00414	0.01079
1	0.01708	0.01534	0.06690	0.09695	0.08278	0.01513	0.01406	0.11581	0.10247	0.06313	0.07483	0.07638	0.08951	0.03857	0.01052	0.00270	0.07197	0.03055	0.00588	0.00946
2	0.01361	0.01239	0.01374	0.01518	0.09508	0.07452	0.01001	0.01884	0.10803	0.02451	0.23047	0.10969	0.18413	0.01604	0.03797	0.00281	0.00620	0.01211	0.00656	0.00810
3	0.05655	0.01473	0.07464	0.05615	0.12508	0.03583	0.01302	0.02046	0.08275	0.06283	0.06296	0.11465	0.13434	0.01516	0.05833	0.00307	0.00761	0.01009	0.00557	0.04618
4	0.02059	0.06883	0.02070	0.01711	0.08681	0.01729	0.01253	0.27272	0.05849	0.03240	0.01834	0.08342	0.01574	0.00889	0.00686	0.00194	0.00696	0.00724	0.00582	0.23735
5	0.01816	0.04096	0.01555	0.01335	0.01630	0.19100	0.01007	0.05517	0.04962	0.04243	0.07813	0.10888	0.02220	0.01665	0.05757	0.14607	0.00861	0.00834	0.00507	0.09587

[dist]
# distance from previous block
# <min> <max>
2	4

[block]
# block no. 12 follows, 27 sequences, length 45
# corresponding to MSA columns:
# 424-468
name=unknown_M
#
# <colnr> <probs for GDERKNQSTAVLIFYWHMCP>
#	G	D	E	R	K	N	Q	S	T	A	V	L	I	F	Y	W	H	M	C	P
0	0.01869	0.04949	0.02081	0.15788	0.10964	0.16841	0.01506	0.06463	0.10074	0.02231	0.01769	0.06404	0.01558	0.04283	0.06361	0.00326	0.04415	0.00748	0.00457	0.00912
1	0.07836	0.01460	0.01543	0.04897	0.01858	0.04316	0.01063	0.20713	0.08715	0.05386	0.03065	0.07701	0.14231	0.04166	0.05255	0.00310	0.00747	0.00931	0.00630	0.05177
2	0.01278	0.01170	0.01141	0.01128	0.01349	0.10211	0.00822	0.01481	0.01635	0.02081	0.09927	0.33306	0.11949	0.03737	0.00922	0.00260	0.00577	0.04734	0.00618	0.11673
3	0.01015	0.00738	0.00874	0.00896	0.01001	0.00707	0.00612	0.01152	0.01420	0.01857	0.10830	0.12771	0.19564	0.31535	0.07427	0.00523	0.00661	0.05267	0.00582	0.00566
4	0.02255	0.02655	0.02151	0.01906	0.02135	0.39268	0.01498	0.02534	0.05152	0.01872	0.01175	0.01530	0.01032	0.00996	0.01396	0.00249	0.30392	0.00567	0.00378	0.00857
5	0.01086	0.00866	0.00957	0.00930	0.01166	0.00810	0.00695	0.04917	0.06159	0.02404	0.18820	0.15449	0.39510	0.01758	0.00871	0.00253	0.00416	0.01500	0.00722	0.00709
6	0.08064	0.02828	0.11811	0.02154	0.02734	0.32753	0.20237	0.02589	0.01837	0.02216	0.01332	0.01625	0.01041	0.00716	0.00710	0.00216	0.01171	0.00607	0.04439	0.00920
7	0.01453	0.01498	0.05723	0.04915	0.09119	0.05867	0.10351	0.01881	0.04803	0.01973	0.01794	0.02642	0.01628	0.11704	0.27678	0.00660	0.04311	0.00784	0.00405	0.00813
8	0.01838	0.01765	0.02617	0.20067	0.29072	0.05581	0.07390	0.06545	0.12775	0.02513	0.01667	0.02010	0.01301	0.00756	0.00749	0.00233	0.00912	0.00699	0.00448	0.01064
9	0.07876	0.68790	0.03676	0.01248	0.01870	0.02840	0.01235	0.02220	0.01490	0.01868	0.01032	0.01192	0.00941	0.00639	0.00475	0.00164	0.00777	0.00397	0.00328	0.00941
10	0.00944	0.00675	0.00906	0.01056	0.01112	0.00650	0.00728	0.01091	0.01405	0.01880	0.03831	0.60300	0.04522	0.06206	0.06442	0.00394	0.00581	0.06015	0.00654	0.00605
11	0.01045	0.00709	0.00836	0.00869	0.00883	0.00706	0.00516	0.01081	0.01151	0.01540	0.02664	0.18055	0.03091	0.57150	0.06078	0.00659	0.00718	0.01267	0.00494	0.00489
12	0.42318	0.05738	0.06008	0.01266	0.01786	0.06043	0.01103	0.04750	0.10562	0.11718	0.01599	0.01639	0.01177	0.00771	0.00576	0.00227	0.00685	0.00529	0.00546	0.00959
13	0.00971	0.00756	0.00882	0.00851	0.01060	0.00667	0.00638	0.01247	0.01914	0.02532	0.40799	0.06277	0.35371	0.01684	0.00876	0.00241	0.00362	0.01445	0.00759	0.00667
14	0.00914	0.00753	0.00802	0.00790	0.01025	0.00642	0.00593	0.01135	0.01778	0.02208	0.20337	0.06810	0.56035	0.01804	0.00877	0.00247	0.00371	0.01520	0.00716	0.00642
15	0.02773	0.03538	0.02104	0.01913	0.02295	0.70930	0.01434	0.02964	0.02104	0.01817	0.01148	0.01339	0.00956	0.00765	0.00669	0.00191	0.01339	0.00478	0.00383	0.00861
16	0.23328	0.01692	0.01779	0.09755	0.04200	0.06222	0.01254	0.21010	0.02173	0.16251	0.01718	0.01803	0.01219	0.00808	0.00653	0.00225	0.00754	0.00599	0.03517	0.01037
17	0.10826	0.01996	0.02003	0.01577	0.02127	0.07174	0.01290	0.46846	0.02956	0.11023	0.01794	0.01795	0.01270	0.00863	0.00701	0.00220	0.00798	0.00635	0.02938	0.01168
18	0.21596	0.01792	0.05576	0.09188	0.06967	0.04305	0.05688	0.16102	0.01899	0.02959	0.01692	0.02135	0.04038	0.00916	0.00891	0.00246	0.09243	0.03329	0.00489	0.00950
19	0.01345	0.01171	0.01559	0.09471	0.12402	0.04101	0.01215	0.04531	0.01584	0.02076	0.03095	0.14220	0.12942	0.07232	0.13494	0.00457	0.02772	0.05049	0.00511	0.00773
20	0.02120	0.01475	0.01702	0.01310	0.01898	0.01368	0.01055	0.12196	0.14795	0.15366	0.02016	0.01996	0.01486	0.00757	0.00655	0.00176	0.00612	0.00608	0.00634	0.37774
21	0.01539	0.01319	0.01539	0.01100	0.01759	0.00990	0.00880	0.01869	0.01539	0.02419	0.01319	0.01539	0.01100	0.00550	0.00550	0.00110	0.00550	0.00440	0.00440	0.78449
22	0.01670	0.28494	0.45038	0.01848	0.02774	0.02153	0.04018	0.02307	0.01552	0.02140	0.01232	0.01448	0.00950	0.00678	0.00630	0.00209	0.00995	0.00505	0.00317	0.01044
23	0.01498	0.06545	0.33955	0.10804	0.03105	0.01732	0.11381	0.02107	0.01566	0.02228	0.05854	0.05591	0.01575	0.00888	0.00913	0.00247	0.07927	0.00742	0.00378	0.00963
24	0.01387	0.00976	0.01153	0.01115	0.01366	0.00973	0.00843	0.02052	0.17080	0.08762	0.16910	0.21375	0.16596	0.01634	0.00861	0.00263	0.00473	0.04608	0.00750	0.00825
25	0.01110	0.00815	0.01017	0.01115	0.01224	0.00810	0.00775	0.06236	0.05741	0.02183	0.03848	0.63536	0.04466	0.02134	0.00920	0.00292	0.00470	0.01921	0.00697	0.00689
26	0.05443	0.06342	0.14227	0.04972	0.15950	0.08513	0.01758	0.15565	0.05559	0.12051	0.01695	0.01817	0.01243	0.00781	0.00702	0.00222	0.00888	0.00621	0.00530	0.01120
27	0.01144	0.02931	0.04649	0.11291	0.06270	0.01006	0.02914	0.01448	0.01655	0.02174	0.16384	0.15917	0.22444	0.05289	0.00994	0.00275	0.00587	0.01303	0.00593	0.00732
28	0.00903	0.00740	0.00795	0.00808	0.01025	0.00633	0.00596	0.01104	0.01712	0.02116	0.14933	0.14718	0.53569	0.01886	0.00885	0.00254	0.00379	0.01602	0.00706	0.00633
29	0.02294	0.02523	0.02273	0.02573	0.21492	0.32393	0.01617	0.05618	0.17103	0.02405	0.01674	0.01828	0.01332	0.00796	0.00711	0.00215	0.01014	0.00621	0.00478	0.01040
30	0.07109	0.15165	0.18457	0.03925	0.14571	0.06958	0.10997	0.09836	0.01845	0.02550	0.01334	0.01604	0.01041	0.00700	0.00681	0.00217	0.00975	0.00590	0.00397	0.01049
31	0.00988	0.00915	0.05407	0.01041	0.01209	0.00756	0.00807	0.01186	0.01403	0.01857	0.04048	0.32210	0.17860	0.12326	0.13977	0.00504	0.00783	0.01513	0.00580	0.00631
32	0.01619	0.03378	0.55194	0.02180	0.03175	0.01723	0.10752	0.02492	0.05086	0.05253	0.01510	0.01727	0.01072	0.00720	0.00732	0.00238	0.01070	0.00614	0.00370	0.01096
33	0.05368	0.05201	0.04828	0.06314	0.09295	0.21201	0.05711	0.09575	0.12502	0.02526	0.01865	0.08912	0.01620	0.00940	0.00728	0.00228	0.00934	0.00771	0.00504	0.00979
34	0.04616	0.15114	0.17528	0.02718	0.20325	0.11770	0.13103	0.02395	0.01687	0.02229	0.01290	0.01603	0.01034	0.00676	0.00689	0.00214	0.01030	0.00593	0.00354	0.01033
35	0.41669	0.05880	0.01780	0.01648	0.08504	0.19860	0.01186	0.07331	0.01708	0.02866	0.01157	0.01347	0.00924	0.00719	0.00564	0.00215	0.00834	0.00468	0.00444	0.00899
36	0.01289	0.00645	0.00967	0.00967	0.00967	0.00645	0.00645	0.00967	0.00967	0.01289	0.01289	0.02257	0.01289	0.02579	0.02901	0.78401	0.00645	0.00645	0.00322	0.00322
37	0.01698	0.05519	0.08586	0.04892	0.32451	0.01712	0.10655	0.02383	0.09851	0.02479	0.06875	0.02563	0.01881	0.00845	0.00768	0.00235	0.00861	0.04225	0.00460	0.01062
38	0.00964	0.00652	0.00840	0.00991	0.01050	0.00614	0.00668	0.01121	0.01438	0.02004	0.03883	0.64608	0.04535	0.02143	0.00894	0.00285	0.00420	0.01933	0.10341	0.00614
39	0.00968	0.00738	0.00883	0.00900	0.01071	0.00663	0.00660	0.01206	0.01773	0.02336	0.29486	0.18616	0.28889	0.04535	0.01005	0.00275	0.00402	0.04219	0.00728	0.00646
40	0.79154	0.01436	0.01091	0.00976	0.01436	0.01665	0.00804	0.02182	0.01263	0.03331	0.01034	0.01206	0.00804	0.00689	0.00459	0.00230	0.00574	0.00402	0.00459	0.00804
41	0.02311	0.31571	0.05398	0.01612	0.02136	0.30754	0.01390	0.05453	0.08991	0.02069	0.01337	0.01461	0.01108	0.00742	0.00606	0.00188	0.01009	0.00495	0.00409	0.00957
