[name]
unknown

[dist]
# distance from previous block
# <min> <max>
0	24

[block]
# block no. 0 follows, 30 sequences, length 13
# corresponding to MSA columns:
# 24-36
name=unknown_A
#
# <colnr> <probs for GDERKNQSTAVLIFYWHMCP>
#	G	D	E	R	K	N	Q	S	T	A	V	L	I	F	Y	W	H	M	C	P
0	0.01679	0.12986	0.33618	0.01678	0.02381	0.03561	0.04406	0.08056	0.01719	0.06956	0.04218	0.02603	0.01650	0.00898	0.00694	0.00224	0.00866	0.10411	0.00442	0.00955
1	0.01871	0.62075	0.11192	0.01331	0.01958	0.08119	0.01362	0.02158	0.01468	0.01711	0.01010	0.01170	0.00894	0.00614	0.00486	0.00160	0.00819	0.00395	0.00303	0.00904
2	0.00937	0.00655	0.00835	0.00909	0.00945	0.00654	0.00590	0.01028	0.01177	0.01587	0.02903	0.36443	0.03372	0.32023	0.12205	0.00561	0.00723	0.01419	0.00518	0.00517
3	0.01085	0.00717	0.00888	0.00939	0.01039	0.00688	0.00636	0.01285	0.05141	0.05850	0.05453	0.40486	0.09825	0.17340	0.01502	0.03931	0.00483	0.01510	0.00605	0.00596
4	0.05268	0.30369	0.08347	0.04197	0.08722	0.14234	0.11170	0.02258	0.01562	0.03914	0.01164	0.01410	0.00958	0.00656	0.00643	0.00190	0.03172	0.00510	0.00343	0.00912
5	0.01758	0.59154	0.19453	0.01378	0.02076	0.02497	0.01515	0.02117	0.01431	0.01773	0.01035	0.01201	0.00893	0.00612	0.00498	0.00166	0.00812	0.00406	0.00298	0.00927
6	0.00955	0.05313	0.05244	0.01033	0.01163	0.00769	0.00782	0.01116	0.01329	0.01771	0.03412	0.61632	0.04034	0.06716	0.01022	0.00297	0.00480	0.01737	0.00591	0.00605
7	0.01791	0.34783	0.31597	0.01598	0.02356	0.06737	0.01788	0.08108	0.01642	0.02126	0.01156	0.01324	0.00917	0.00654	0.00571	0.00186	0.00899	0.00460	0.00336	0.00972
8	0.03770	0.06507	0.21809	0.01459	0.01953	0.16086	0.01423	0.02083	0.01530	0.07829	0.03352	0.05359	0.01558	0.07465	0.11083	0.00372	0.01026	0.00669	0.03837	0.00830
9	0.11368	0.60377	0.03202	0.01197	0.01771	0.02565	0.01153	0.08009	0.01556	0.02065	0.01033	0.01170	0.00905	0.00624	0.00468	0.00163	0.00723	0.00396	0.00350	0.00905
10	0.01173	0.01060	0.07257	0.01064	0.01241	0.00891	0.00822	0.09242	0.01469	0.01983	0.02777	0.34957	0.03143	0.27607	0.01781	0.00407	0.00599	0.01351	0.00544	0.00632
11	0.16600	0.12456	0.12058	0.01346	0.03614	0.01461	0.03609	0.04164	0.01669	0.17230	0.12352	0.02479	0.06424	0.00881	0.00639	0.00209	0.00647	0.00700	0.00552	0.00912
12	0.07564	0.21289	0.14330	0.01481	0.02081	0.05104	0.01419	0.25928	0.06346	0.02896	0.01438	0.01611	0.01128	0.03628	0.00717	0.00215	0.00796	0.00543	0.00482	0.01004

[dist]
# distance from previous block
# <min> <max>
6	44

[block]
# block no. 1 follows, 30 sequences, length 8
# corresponding to MSA columns:
# 81-88
name=unknown_B
#
# <colnr> <probs for GDERKNQSTAVLIFYWHMCP>
#	G	D	E	R	K	N	Q	S	T	A	V	L	I	F	Y	W	H	M	C	P
0	0.01633	0.12846	0.13490	0.01606	0.05364	0.08745	0.04753	0.05206	0.06006	0.04042	0.15763	0.04887	0.04245	0.00947	0.00774	0.00210	0.04833	0.00765	0.00489	0.03395
1	0.11802	0.10471	0.11210	0.01532	0.05031	0.05116	0.04204	0.16989	0.04152	0.02732	0.05303	0.04052	0.05214	0.02737	0.02433	0.00238	0.00762	0.00676	0.02101	0.03244
2	0.01934	0.29408	0.02419	0.01462	0.03960	0.20392	0.01185	0.07963	0.05291	0.02042	0.04550	0.05605	0.01533	0.01260	0.07882	0.00277	0.00950	0.00609	0.00419	0.00860
3	0.01757	0.21548	0.07777	0.01367	0.03571	0.08862	0.01184	0.07003	0.04185	0.04118	0.01710	0.04215	0.04781	0.04670	0.00790	0.00200	0.02898	0.00599	0.00428	0.18336
4	0.09420	0.01197	0.04790	0.03835	0.01554	0.01127	0.00929	0.10757	0.07153	0.06084	0.05401	0.21274	0.09551	0.08500	0.01005	0.00276	0.00565	0.01094	0.00589	0.04898
5	0.05918	0.12986	0.10851	0.04656	0.06411	0.01543	0.02585	0.05796	0.10098	0.11251	0.03964	0.06344	0.05093	0.04395	0.00790	0.00230	0.00685	0.00736	0.00516	0.05152
6	0.01381	0.10726	0.04660	0.01409	0.08800	0.01298	0.01013	0.07620	0.07196	0.02078	0.02971	0.06794	0.16673	0.13645	0.06905	0.03934	0.00723	0.00921	0.00491	0.00760
7	0.00891	0.00633	0.00826	0.00934	0.00992	0.00594	0.00627	0.01036	0.01415	0.01916	0.15385	0.55687	0.04750	0.09461	0.01148	0.00312	0.00419	0.01760	0.00646	0.00568

[dist]
# distance from previous block
# <min> <max>
2	12

[block]
# block no. 2 follows, 30 sequences, length 6
# corresponding to MSA columns:
# 101-106
name=unknown_C
#
# <colnr> <probs for GDERKNQSTAVLIFYWHMCP>
#	G	D	E	R	K	N	Q	S	T	A	V	L	I	F	Y	W	H	M	C	P
0	0.01205	0.00852	0.01049	0.04767	0.01303	0.00869	0.00744	0.08174	0.01513	0.04423	0.06081	0.21609	0.12061	0.22590	0.09183	0.00460	0.00697	0.01227	0.00556	0.00636
1	0.01321	0.00888	0.01140	0.01225	0.07788	0.00814	0.00822	0.01636	0.04534	0.12220	0.19701	0.13703	0.28558	0.01470	0.00797	0.00233	0.00442	0.01269	0.00680	0.00759
2	0.11756	0.12256	0.18725	0.06900	0.10743	0.06552	0.01654	0.08718	0.06133	0.02417	0.01368	0.03416	0.01110	0.00757	0.00705	0.00213	0.04660	0.00566	0.00401	0.00948
3	0.10495	0.09600	0.04642	0.01572	0.06584	0.16783	0.01206	0.08392	0.03842	0.07716	0.01693	0.10016	0.01516	0.01194	0.05475	0.00266	0.03291	0.00695	0.00474	0.04548
4	0.01313	0.01141	0.01430	0.01385	0.04500	0.06678	0.04189	0.05403	0.01349	0.01804	0.01894	0.07610	0.01901	0.19635	0.31187	0.00702	0.05949	0.00849	0.00414	0.00668
5	0.07013	0.01875	0.07932	0.11893	0.23639	0.05702	0.10339	0.10013	0.07673	0.02510	0.01437	0.01742	0.01117	0.00712	0.00743	0.00220	0.03401	0.00628	0.00416	0.00994

[dist]
# distance from previous block
# <min> <max>
22	38

[block]
# block no. 3 follows, 30 sequences, length 60
# corresponding to MSA columns:
# 146-205
name=unknown_D
#
# <colnr> <probs for GDERKNQSTAVLIFYWHMCP>
#	G	D	E	R	K	N	Q	S	T	A	V	L	I	F	Y	W	H	M	C	P
0	0.07045	0.15528	0.10916	0.02002	0.11428	0.13465	0.08878	0.04766	0.04918	0.07155	0.01459	0.01770	0.01170	0.00717	0.00636	0.00200	0.00879	0.02762	0.00419	0.03888
1	0.11359	0.13933	0.08401	0.01052	0.01361	0.01293	0.00901	0.04983	0.01357	0.01976	0.02275	0.14933	0.06190	0.25309	0.01586	0.00367	0.00647	0.00943	0.00455	0.00680
2	0.08883	0.03881	0.08086	0.01211	0.01656	0.04545	0.01056	0.10367	0.07881	0.07022	0.07770	0.05475	0.11806	0.04129	0.00800	0.00228	0.00619	0.03290	0.00566	0.10728
3	0.01753	0.10152	0.21536	0.04281	0.12001	0.01573	0.05595	0.07172	0.01642	0.09590	0.01535	0.01913	0.01209	0.01013	0.04183	0.04067	0.00880	0.02699	0.00421	0.06786
4	0.01324	0.04260	0.04493	0.01186	0.03466	0.04406	0.00914	0.06755	0.06327	0.04559	0.18378	0.22478	0.15802	0.01463	0.00784	0.00234	0.00519	0.01260	0.00636	0.00757
5	0.01277	0.00810	0.01056	0.01067	0.01215	0.00802	0.00776	0.01540	0.05065	0.11947	0.09464	0.46538	0.07417	0.01783	0.00934	0.00265	0.05107	0.01561	0.00671	0.00706
6	0.01494	0.06544	0.01648	0.01420	0.08294	0.01231	0.01013	0.07555	0.03802	0.04206	0.07213	0.10384	0.08868	0.01138	0.03004	0.00216	0.04129	0.00827	0.00513	0.26501
7	0.01269	0.01058	0.01539	0.07683	0.05083	0.01107	0.07576	0.06189	0.06930	0.02196	0.07657	0.25142	0.07817	0.06147	0.03339	0.00301	0.03279	0.01209	0.03738	0.00743
8	0.00855	0.00609	0.00808	0.00966	0.01005	0.00570	0.00641	0.00973	0.01327	0.01769	0.03798	0.72981	0.04555	0.04307	0.00968	0.00295	0.00413	0.01956	0.00641	0.00563
9	0.09283	0.02793	0.01824	0.01628	0.02010	0.52138	0.01241	0.09854	0.04782	0.02184	0.01519	0.01633	0.04623	0.00790	0.00633	0.00191	0.01066	0.00530	0.00432	0.00846
10	0.01732	0.07684	0.28042	0.05417	0.16334	0.01723	0.15870	0.05705	0.01655	0.07181	0.01404	0.01672	0.01041	0.00659	0.00692	0.00216	0.00953	0.00613	0.00379	0.01026
11	0.00903	0.00702	0.00835	0.00916	0.01053	0.00655	0.00654	0.01153	0.05013	0.01884	0.04892	0.41395	0.28449	0.02065	0.03344	0.00294	0.00453	0.04091	0.00641	0.00608
12	0.01695	0.01456	0.02218	0.01734	0.02184	0.01475	0.21264	0.20619	0.06556	0.02866	0.07657	0.08684	0.09433	0.01069	0.00777	0.00231	0.00744	0.04068	0.04368	0.00905
13	0.04638	0.01222	0.01593	0.04656	0.04166	0.01185	0.04451	0.08065	0.01598	0.02356	0.07308	0.07102	0.04470	0.05288	0.04460	0.00258	0.06125	0.00747	0.00475	0.29839
14	0.01078	0.00972	0.01064	0.01069	0.01238	0.07676	0.03157	0.01273	0.01529	0.01912	0.10441	0.32703	0.21209	0.02038	0.06541	0.00321	0.00620	0.03934	0.00599	0.00625
15	0.01121	0.00772	0.00857	0.00824	0.01052	0.00688	0.00614	0.03531	0.01652	0.07603	0.11408	0.13298	0.43129	0.05134	0.00930	0.00254	0.00404	0.01356	0.04717	0.00656
16	0.01693	0.08220	0.03192	0.07735	0.21340	0.04010	0.29324	0.04261	0.03800	0.02204	0.01466	0.04802	0.01225	0.00712	0.00775	0.00221	0.02942	0.00740	0.00377	0.00958
17	0.04132	0.10705	0.16194	0.08984	0.09386	0.11797	0.06458	0.05804	0.08795	0.02267	0.04955	0.01808	0.01363	0.00756	0.00722	0.00212	0.03709	0.00605	0.00408	0.00938
18	0.01587	0.17393	0.47726	0.01745	0.02586	0.07768	0.02076	0.03511	0.01547	0.02085	0.01491	0.01661	0.04494	0.00715	0.00628	0.00204	0.00955	0.00534	0.00327	0.00967
19	0.01162	0.00866	0.00978	0.00932	0.01171	0.00827	0.00704	0.07134	0.05619	0.05135	0.12750	0.16666	0.36177	0.01813	0.04570	0.00285	0.00495	0.01350	0.00664	0.00701
20	0.04950	0.10010	0.08234	0.09903	0.11932	0.05431	0.06863	0.15046	0.03755	0.04746	0.01668	0.08843	0.01443	0.00991	0.02951	0.00244	0.00851	0.00728	0.00463	0.00948
21	0.01483	0.01237	0.01415	0.01462	0.07683	0.08195	0.03091	0.09903	0.01813	0.04576	0.12648	0.23379	0.08360	0.04157	0.00886	0.00252	0.00608	0.04292	0.03795	0.00765
22	0.00922	0.00653	0.00835	0.00926	0.01018	0.00610	0.00652	0.01107	0.01494	0.02036	0.17322	0.44956	0.10043	0.04886	0.00963	0.00279	0.00407	0.05587	0.04713	0.00590
23	0.01289	0.01166	0.01656	0.06045	0.01711	0.01535	0.01218	0.01472	0.01099	0.01628	0.01385	0.02290	0.01368	0.11474	0.23897	0.00596	0.38449	0.00703	0.00341	0.00680
24	0.01947	0.04311	0.07307	0.05629	0.04581	0.17908	0.11781	0.06516	0.14811	0.06181	0.01758	0.02150	0.01415	0.04651	0.00910	0.00244	0.03735	0.02759	0.00475	0.00929
25	0.01109	0.01096	0.07887	0.01090	0.01290	0.03831	0.00901	0.01354	0.01247	0.01747	0.02340	0.10227	0.05671	0.16770	0.32698	0.00699	0.01182	0.00914	0.07318	0.00628
26	0.01147	0.00854	0.01030	0.01048	0.01224	0.00844	0.00785	0.09598	0.03799	0.02325	0.12703	0.36131	0.14600	0.01787	0.00851	0.00262	0.00465	0.09193	0.00671	0.00684
27	0.01546	0.01389	0.02072	0.09524	0.31583	0.03615	0.04173	0.02059	0.08005	0.05048	0.11428	0.02996	0.11703	0.00937	0.00733	0.00219	0.00699	0.00846	0.00495	0.00930
28	0.04401	0.09459	0.05329	0.01509	0.07421	0.03871	0.03760	0.06699	0.03368	0.04327	0.04743	0.21496	0.06904	0.07220	0.01025	0.00271	0.03629	0.03262	0.00520	0.00786
29	0.01237	0.01104	0.01227	0.01261	0.03991	0.06466	0.03112	0.03821	0.12215	0.02094	0.03910	0.35934	0.17614	0.01634	0.00812	0.00251	0.00537	0.01436	0.00616	0.00727
30	0.00997	0.00748	0.01121	0.01121	0.01246	0.00872	0.00872	0.01246	0.01121	0.01620	0.01869	0.02741	0.01745	0.05234	0.72710	0.01121	0.01869	0.00748	0.00374	0.00623
31	0.03720	0.01962	0.13367	0.14924	0.16824	0.04934	0.03846	0.18521	0.01944	0.05524	0.01473	0.01822	0.01136	0.03268	0.03502	0.00264	0.00913	0.00619	0.00446	0.00992
32	0.03189	0.12359	0.11479	0.04183	0.16307	0.01666	0.06218	0.02384	0.08418	0.12278	0.01629	0.01880	0.01269	0.03751	0.00849	0.00225	0.04612	0.00612	0.00451	0.06239
33	0.01568	0.01490	0.02498	0.31191	0.42773	0.01619	0.02024	0.02061	0.04054	0.02111	0.01341	0.01812	0.01075	0.00663	0.00694	0.00218	0.00858	0.00627	0.00345	0.00977
34	0.01014	0.00680	0.00780	0.00780	0.00786	0.00687	0.00446	0.01027	0.01020	0.01367	0.02182	0.04471	0.02496	0.71804	0.07167	0.00700	0.00739	0.01001	0.00420	0.00433
35	0.05940	0.06143	0.01626	0.01167	0.01679	0.05764	0.00935	0.10338	0.04151	0.06077	0.01589	0.06169	0.01378	0.03757	0.00700	0.00175	0.00616	0.00588	0.00488	0.40722
36	0.08304	0.03412	0.65669	0.01895	0.02874	0.01616	0.02419	0.02196	0.01448	0.02290	0.01228	0.01444	0.00873	0.00662	0.00643	0.00221	0.00988	0.00504	0.00307	0.01007
37	0.00861	0.00615	0.00822	0.00984	0.01029	0.00576	0.00667	0.00990	0.01347	0.01794	0.03840	0.72354	0.04592	0.02176	0.00894	0.00285	0.00414	0.04542	0.00648	0.00570
38	0.01696	0.13046	0.37844	0.01999	0.06232	0.01846	0.09285	0.12043	0.01757	0.02464	0.01296	0.01510	0.00968	0.00663	0.00650	0.00205	0.00934	0.00547	0.00369	0.04645
39	0.02239	0.03860	0.01893	0.01512	0.01990	0.05202	0.01218	0.33635	0.32352	0.05304	0.02168	0.02066	0.01593	0.00874	0.00693	0.00219	0.00691	0.00685	0.00681	0.01125
40	0.00847	0.00648	0.00779	0.00873	0.00989	0.00579	0.00606	0.00998	0.01456	0.01865	0.08066	0.47525	0.28254	0.02002	0.00864	0.00263	0.00383	0.01769	0.00653	0.00579
41	0.01106	0.00758	0.00920	0.00894	0.01093	0.00690	0.00664	0.01409	0.04351	0.07595	0.31425	0.18561	0.24692	0.01610	0.00823	0.00237	0.00380	0.01400	0.00715	0.00678
42	0.01796	0.01395	0.01617	0.04950	0.01933	0.01304	0.01025	0.12791	0.13738	0.07418	0.01692	0.01770	0.01291	0.00676	0.00601	0.00158	0.00589	0.00543	0.00536	0.44176
43	0.02202	0.07578	0.11422	0.01641	0.02193	0.13237	0.03248	0.32244	0.09788	0.03126	0.01704	0.05423	0.01355	0.00853	0.00679	0.00209	0.00849	0.00659	0.00551	0.01037
44	0.10284	0.03679	0.01797	0.10622	0.02209	0.01261	0.06730	0.03652	0.03692	0.11004	0.01565	0.04435	0.01248	0.00691	0.00602	0.00172	0.00648	0.00582	0.00475	0.34653
45	0.01263	0.01497	0.12367	0.01849	0.15382	0.04087	0.01330	0.01645	0.03717	0.02086	0.09887	0.22906	0.09896	0.01475	0.03431	0.00272	0.04463	0.01140	0.00508	0.00797
46	0.01708	0.06970	0.09805	0.02662	0.08379	0.04199	0.44162	0.04846	0.01664	0.02249	0.01339	0.01730	0.01030	0.00630	0.00800	0.00222	0.03378	0.00712	0.00358	0.03156
47	0.00999	0.00740	0.01083	0.01083	0.01194	0.00851	0.00824	0.01221	0.01110	0.01591	0.01904	0.02936	0.01829	0.12719	0.65340	0.01074	0.01742	0.00776	0.00379	0.00602
48	0.02236	0.01141	0.01421	0.01150	0.01561	0.01076	0.00927	0.13740	0.02167	0.34495	0.20973	0.03472	0.10354	0.01105	0.00746	0.00218	0.00528	0.00920	0.00787	0.00983
49	0.01817	0.10393	0.09858	0.13163	0.20226	0.12850	0.08383	0.05234	0.01653	0.03792	0.01329	0.01756	0.01089	0.04575	0.00815	0.00229	0.00941	0.00598	0.00366	0.00932
50	0.01034	0.00735	0.00920	0.00877	0.01048	0.00695	0.00656	0.01416	0.04642	0.02710	0.56781	0.07703	0.08367	0.01396	0.00791	0.00218	0.00342	0.01225	0.07775	0.00670
51	0.00979	0.00738	0.00861	0.00843	0.01041	0.00666	0.00627	0.01277	0.04171	0.03908	0.31838	0.13656	0.33590	0.01629	0.00825	0.00234	0.00362	0.01404	0.00703	0.00647
52	0.01714	0.05086	0.02437	0.15896	0.19099	0.01665	0.11688	0.13391	0.06286	0.02507	0.01674	0.02070	0.02643	0.03387	0.03115	0.00259	0.00861	0.00688	0.04584	0.00949
53	0.01027	0.00975	0.07098	0.01017	0.01245	0.00756	0.00845	0.01268	0.01535	0.04627	0.12424	0.30001	0.25636	0.01735	0.00883	0.00255	0.02812	0.04575	0.00628	0.00659
54	0.00851	0.00631	0.00787	0.00909	0.00988	0.00576	0.00615	0.00979	0.01376	0.01786	0.04448	0.58221	0.18198	0.04917	0.00979	0.00289	0.00405	0.01841	0.00639	0.00566
55	0.01434	0.03379	0.63318	0.02047	0.03025	0.01637	0.08113	0.02272	0.04215	0.02240	0.01329	0.01553	0.00948	0.00668	0.00678	0.00223	0.01025	0.00553	0.00316	0.01027
56	0.06292	0.02079	0.12481	0.08338	0.05567	0.08447	0.15497	0.11228	0.12605	0.05755	0.01620	0.01812	0.01204	0.00748	0.00750	0.00224	0.03248	0.00649	0.00469	0.00987
57	0.10869	0.11167	0.11567	0.04740	0.02020	0.08932	0.03179	0.08812	0.04130	0.05140	0.01936	0.06882	0.04153	0.00955	0.00715	0.00219	0.03581	0.05546	0.04592	0.00864
58	0.07875	0.14580	0.10427	0.01621	0.04607	0.07215	0.07806	0.08656	0.04244	0.02318	0.01877	0.05698	0.06931	0.00866	0.00742	0.00205	0.05423	0.00682	0.00433	0.07794
59	0.13398	0.26514	0.09968	0.01534	0.06960	0.04114	0.03304	0.02187	0.09505	0.02140	0.01323	0.01549	0.01096	0.00931	0.02807	0.06394	0.00769	0.00504	0.00382	0.04621

[dist]
# distance from previous block
# <min> <max>
1	12

[block]
# block no. 4 follows, 30 sequences, length 30
# corresponding to MSA columns:
# 218-247
name=unknown_E
#
# <colnr> <probs for GDERKNQSTAVLIFYWHMCP>
#	G	D	E	R	K	N	Q	S	T	A	V	L	I	F	Y	W	H	M	C	P
0	0.01121	0.03137	0.04282	0.01115	0.01323	0.00873	0.03845	0.04733	0.01451	0.01964	0.05185	0.38185	0.05331	0.14275	0.01280	0.00322	0.00556	0.03918	0.00559	0.06544
1	0.04539	0.06648	0.43810	0.05072	0.10862	0.04154	0.04281	0.02163	0.03384	0.02184	0.01427	0.05802	0.01165	0.00752	0.00666	0.00219	0.00932	0.00620	0.00343	0.00976
2	0.01678	0.01914	0.08883	0.03933	0.07585	0.18609	0.02946	0.07724	0.07569	0.02162	0.02292	0.21289	0.04132	0.05029	0.00884	0.00251	0.00804	0.00993	0.00497	0.00826
3	0.04639	0.21683	0.28324	0.01808	0.03764	0.01841	0.13081	0.04039	0.01541	0.02148	0.03248	0.06253	0.03160	0.00780	0.00649	0.00208	0.00876	0.00666	0.00367	0.00926
4	0.07923	0.01388	0.04678	0.01415	0.04443	0.04868	0.05801	0.06436	0.04547	0.25012	0.07083	0.07983	0.04051	0.00964	0.00685	0.00215	0.00631	0.00813	0.10123	0.00939
5	0.07201	0.01623	0.07376	0.01858	0.12822	0.08458	0.06265	0.06088	0.04477	0.04440	0.13772	0.10633	0.07944	0.01080	0.00772	0.00225	0.02656	0.00926	0.00528	0.00856
6	0.00921	0.00682	0.00867	0.00972	0.01062	0.00652	0.00670	0.01187	0.05692	0.01986	0.12343	0.57664	0.08708	0.01989	0.00867	0.00270	0.00401	0.01788	0.00667	0.00613
7	0.04658	0.05697	0.02118	0.01686	0.04898	0.04790	0.03981	0.38755	0.19897	0.03561	0.01865	0.01861	0.01379	0.00824	0.00682	0.00213	0.00743	0.00649	0.00631	0.01110
8	0.01699	0.01590	0.02636	0.18440	0.53297	0.01666	0.02050	0.06095	0.01651	0.02305	0.01320	0.01751	0.01074	0.00650	0.00693	0.00213	0.00846	0.00622	0.00359	0.01042
9	0.01400	0.03610	0.71860	0.01989	0.03020	0.01621	0.02578	0.02210	0.01473	0.02210	0.01252	0.01473	0.00884	0.00663	0.00663	0.00221	0.01031	0.00516	0.00295	0.01031
10	0.01578	0.01960	0.10536	0.02806	0.07498	0.01670	0.53820	0.02149	0.01607	0.02207	0.01541	0.06380	0.01265	0.00697	0.00804	0.00235	0.01093	0.00853	0.00365	0.00937
11	0.01177	0.00994	0.01195	0.05446	0.01518	0.03064	0.03600	0.03501	0.09334	0.02337	0.20728	0.06809	0.26598	0.01412	0.00796	0.00235	0.00501	0.06591	0.03445	0.00719
12	0.00898	0.00645	0.00861	0.01017	0.01086	0.00609	0.00727	0.01056	0.01393	0.01839	0.03938	0.60676	0.06949	0.02125	0.00901	0.00288	0.00445	0.13317	0.00647	0.00581
13	0.00957	0.00705	0.00895	0.00863	0.01028	0.00643	0.00642	0.01252	0.01879	0.02608	0.57775	0.10617	0.14489	0.01526	0.00828	0.00226	0.00338	0.01342	0.00744	0.00643
14	0.00898	0.00647	0.00842	0.00923	0.01008	0.00601	0.00637	0.01081	0.01531	0.02082	0.24598	0.47801	0.07799	0.04941	0.00976	0.00278	0.00391	0.01700	0.00676	0.00590
15	0.01936	0.01733	0.01682	0.03627	0.04975	0.13400	0.01186	0.23271	0.13780	0.02851	0.02744	0.07224	0.10755	0.01116	0.00739	0.00227	0.00735	0.06485	0.00602	0.00934
16	0.01080	0.00785	0.01065	0.01208	0.01372	0.00770	0.01039	0.01377	0.01594	0.02053	0.04076	0.10477	0.11458	0.01920	0.00945	0.00310	0.00601	0.56591	0.00643	0.00634
17	0.02666	0.01730	0.01930	0.01502	0.02039	0.01856	0.01234	0.46848	0.10011	0.19740	0.02047	0.01935	0.01411	0.00855	0.00700	0.00214	0.00705	0.00662	0.00738	0.01178
18	0.01126	0.00787	0.01022	0.01111	0.01289	0.00756	0.00910	0.01434	0.03661	0.05194	0.06965	0.18698	0.16336	0.01845	0.00901	0.00288	0.00531	0.35827	0.00662	0.00659
19	0.01672	0.01674	0.03073	0.10135	0.49162	0.01674	0.17951	0.02132	0.01586	0.02225	0.01330	0.01776	0.01079	0.00621	0.00723	0.00216	0.00921	0.00670	0.00344	0.01037
20	0.01848	0.01474	0.01585	0.01397	0.01801	0.01671	0.01094	0.07726	0.58424	0.07279	0.05744	0.02645	0.02241	0.00956	0.00714	0.00233	0.00559	0.00794	0.00721	0.01095
21	0.19110	0.12618	0.02001	0.01349	0.01853	0.05219	0.01135	0.37704	0.02391	0.03493	0.01431	0.01515	0.01075	0.00755	0.00589	0.00198	0.00711	0.00531	0.05319	0.01002
22	0.00994	0.00687	0.00836	0.00847	0.00883	0.00706	0.00533	0.01058	0.01077	0.01454	0.02398	0.09174	0.04642	0.53841	0.17300	0.00726	0.00889	0.01042	0.00436	0.00479
23	0.01801	0.07892	0.02430	0.13533	0.25930	0.17664	0.03488	0.02119	0.01572	0.01936	0.01346	0.03926	0.01207	0.00813	0.00852	0.00218	0.08873	0.03148	0.00355	0.00897
24	0.06722	0.08113	0.06311	0.02269	0.20449	0.06919	0.08311	0.07925	0.01700	0.06667	0.01624	0.01884	0.03693	0.01072	0.06550	0.00272	0.00905	0.00617	0.00428	0.07568
25	0.07829	0.18991	0.14050	0.01766	0.07371	0.17283	0.03236	0.12443	0.01857	0.05070	0.01289	0.01448	0.01005	0.00692	0.00599	0.00191	0.00893	0.00503	0.02528	0.00955
26	0.01482	0.01182	0.06771	0.03754	0.08999	0.01021	0.03485	0.01825	0.03224	0.13151	0.13022	0.06513	0.06547	0.12069	0.13404	0.00440	0.00848	0.00923	0.00545	0.00797
27	0.01768	0.01541	0.04137	0.06593	0.17930	0.03382	0.06155	0.11981	0.04627	0.07173	0.04817	0.05505	0.05758	0.00844	0.00692	0.00200	0.00718	0.00744	0.00506	0.14927
28	0.00948	0.00687	0.00857	0.00889	0.01006	0.00626	0.00613	0.01100	0.01464	0.01978	0.19500	0.33613	0.13020	0.11373	0.01274	0.03853	0.00430	0.01480	0.00619	0.04671
29	0.01884	0.26259	0.09336	0.01443	0.02018	0.05050	0.03336	0.13444	0.16246	0.02536	0.03359	0.01727	0.01369	0.00736	0.00601	0.00186	0.00739	0.00561	0.00479	0.08694

[dist]
# distance from previous block
# <min> <max>
1	4

[block]
# block no. 5 follows, 30 sequences, length 74
# corresponding to MSA columns:
# 252-325
name=unknown_F
#
# <colnr> <probs for GDERKNQSTAVLIFYWHMCP>
#	G	D	E	R	K	N	Q	S	T	A	V	L	I	F	Y	W	H	M	C	P
0	0.05027	0.04515	0.04922	0.01903	0.10702	0.06677	0.07997	0.13290	0.08744	0.08271	0.07884	0.02294	0.04911	0.00876	0.00805	0.00216	0.05815	0.00717	0.00534	0.03900
1	0.01506	0.01619	0.07513	0.07527	0.08673	0.10609	0.07673	0.07132	0.01713	0.02219	0.10197	0.17487	0.02606	0.03927	0.03634	0.00283	0.00819	0.03565	0.00497	0.00801
2	0.00887	0.00672	0.00815	0.00913	0.01018	0.00623	0.00629	0.01095	0.04045	0.01865	0.06326	0.50964	0.21237	0.04282	0.00948	0.00280	0.00404	0.01760	0.00646	0.00591
3	0.01542	0.01147	0.01364	0.01361	0.05635	0.03617	0.00950	0.12297	0.04380	0.07647	0.02744	0.28678	0.05102	0.09553	0.03923	0.00324	0.04351	0.01189	0.00586	0.03610
4	0.08508	0.04709	0.17936	0.14389	0.13054	0.04495	0.11537	0.07373	0.01641	0.02341	0.01583	0.04079	0.03824	0.00755	0.00683	0.00220	0.00894	0.00666	0.00385	0.00929
5	0.02411	0.01121	0.01427	0.01177	0.01591	0.01047	0.00936	0.06764	0.07878	0.43430	0.05650	0.11224	0.04948	0.03313	0.00812	0.00238	0.00552	0.00915	0.03544	0.01022
6	0.03497	0.01282	0.01441	0.17892	0.02207	0.06826	0.01132	0.07437	0.10537	0.02312	0.08303	0.06432	0.18424	0.01178	0.00786	0.00232	0.02821	0.03583	0.02895	0.00784
7	0.04536	0.20737	0.12309	0.07029	0.04433	0.07369	0.01496	0.17229	0.03679	0.09875	0.01442	0.01566	0.01085	0.00740	0.00677	0.00201	0.03595	0.00537	0.00469	0.00998
8	0.04382	0.01045	0.01240	0.01345	0.06154	0.06739	0.03409	0.01402	0.01489	0.01939	0.05876	0.21663	0.15926	0.01800	0.03307	0.07179	0.00635	0.13278	0.00548	0.00646
9	0.00946	0.00745	0.00888	0.00938	0.01075	0.00725	0.00687	0.01177	0.04163	0.01847	0.04688	0.28509	0.29198	0.08390	0.03819	0.00333	0.03331	0.07333	0.00607	0.00601
10	0.01380	0.08063	0.11973	0.04756	0.03552	0.08772	0.03561	0.04054	0.03215	0.01997	0.04506	0.24071	0.08882	0.05058	0.00892	0.00257	0.00710	0.03043	0.00496	0.00760
11	0.01856	0.01954	0.10438	0.05447	0.04640	0.11911	0.18691	0.04071	0.07715	0.11450	0.04876	0.02544	0.09487	0.00865	0.00737	0.00221	0.00880	0.00784	0.00502	0.00931
12	0.00991	0.00679	0.00888	0.00982	0.01071	0.00644	0.00683	0.01137	0.01420	0.05368	0.07717	0.59148	0.10403	0.02011	0.00913	0.00273	0.02614	0.01792	0.00655	0.00611
13	0.01518	0.08745	0.01535	0.01192	0.01423	0.04169	0.00945	0.12338	0.03669	0.02220	0.04434	0.12229	0.05894	0.01767	0.07408	0.12759	0.07161	0.03460	0.06414	0.00720
14	0.01991	0.16081	0.11842	0.08289	0.10398	0.07230	0.05628	0.06920	0.04497	0.13858	0.03340	0.03982	0.01393	0.00770	0.00657	0.00205	0.00824	0.00636	0.00473	0.00985
15	0.00968	0.00743	0.00910	0.00970	0.01087	0.00725	0.00696	0.03730	0.01487	0.01937	0.06555	0.43513	0.21490	0.04543	0.01026	0.00282	0.03839	0.04264	0.00630	0.00607
16	0.01537	0.01735	0.06841	0.15506	0.15598	0.04456	0.26343	0.01992	0.01534	0.02058	0.01708	0.05602	0.04713	0.00808	0.00872	0.00234	0.06412	0.00792	0.00367	0.00892
17	0.01777	0.13110	0.23043	0.05599	0.06484	0.06054	0.10814	0.10258	0.04452	0.04118	0.01600	0.01803	0.03843	0.00747	0.00723	0.00212	0.03368	0.00615	0.00405	0.00976
18	0.04478	0.20403	0.18735	0.10413	0.04676	0.10354	0.03650	0.02184	0.06535	0.02010	0.03453	0.03551	0.01338	0.04510	0.00767	0.00225	0.00867	0.00596	0.00373	0.00882
19	0.00974	0.00726	0.00828	0.00813	0.01027	0.00633	0.00615	0.01200	0.01700	0.04902	0.24279	0.09940	0.43978	0.01666	0.00828	0.00236	0.00370	0.03960	0.00690	0.00633
20	0.07493	0.01873	0.03655	0.03850	0.14482	0.15661	0.01346	0.15222	0.08259	0.06869	0.10248	0.04313	0.01962	0.00879	0.00686	0.00211	0.00776	0.00709	0.00546	0.00961
21	0.04481	0.04437	0.07551	0.03904	0.08186	0.03540	0.19728	0.15521	0.06519	0.08209	0.05073	0.01966	0.01448	0.00782	0.00816	0.00224	0.05417	0.00699	0.00499	0.01000
22	0.01017	0.00858	0.04537	0.01019	0.01137	0.00820	0.00774	0.01192	0.01108	0.01554	0.02057	0.06731	0.02141	0.32068	0.38963	0.00865	0.01297	0.00897	0.00401	0.00564
23	0.00905	0.00709	0.00821	0.00811	0.01007	0.00625	0.00611	0.01148	0.01739	0.02265	0.32982	0.08849	0.39124	0.01650	0.00832	0.00234	0.00357	0.04015	0.00697	0.00619
24	0.02008	0.01858	0.13064	0.01462	0.01982	0.04397	0.01322	0.18266	0.20577	0.12967	0.04712	0.06466	0.05822	0.00985	0.00715	0.00224	0.00689	0.00801	0.00643	0.01038
25	0.02266	0.01899	0.05032	0.01972	0.09876	0.05420	0.07422	0.38657	0.05140	0.06826	0.04511	0.04453	0.01539	0.00855	0.00716	0.00215	0.00800	0.00714	0.00604	0.01084
26	0.01628	0.01706	0.04171	0.20521	0.34230	0.10327	0.04398	0.02010	0.01561	0.02029	0.01547	0.09774	0.01416	0.00825	0.00711	0.00220	0.00879	0.00755	0.00371	0.00920
27	0.00958	0.00727	0.00824	0.00801	0.01019	0.00633	0.00609	0.01193	0.01730	0.04259	0.27804	0.06135	0.45132	0.01634	0.00826	0.00233	0.00363	0.03795	0.00694	0.00632
28	0.09064	0.01831	0.08728	0.07981	0.04131	0.01839	0.03980	0.31312	0.02187	0.03128	0.01573	0.01793	0.03154	0.00988	0.03281	0.00254	0.09897	0.00621	0.00508	0.03751
29	0.01502	0.06359	0.05326	0.01477	0.01786	0.06767	0.06139	0.04172	0.16693	0.02173	0.04242	0.15624	0.06931	0.03185	0.01052	0.00258	0.11508	0.03452	0.00526	0.00828
30	0.00940	0.00719	0.00790	0.00775	0.00996	0.00617	0.00580	0.01148	0.01668	0.04509	0.19634	0.10089	0.51691	0.01690	0.00824	0.00234	0.00360	0.01432	0.00680	0.00623
31	0.03131	0.01188	0.01619	0.01242	0.01781	0.01026	0.01026	0.03401	0.01997	0.71606	0.02753	0.02375	0.01727	0.00864	0.00702	0.00216	0.00594	0.00702	0.00864	0.01188
32	0.01447	0.01240	0.01447	0.01034	0.01654	0.00930	0.00827	0.01757	0.01447	0.02274	0.01240	0.01447	0.01034	0.00517	0.00517	0.00103	0.00517	0.00413	0.00413	0.79742
33	0.02607	0.03326	0.01978	0.01798	0.02157	0.72674	0.01348	0.02787	0.01978	0.01708	0.01079	0.01258	0.00899	0.00719	0.00629	0.00180	0.01258	0.00449	0.00360	0.00809
34	0.00922	0.00661	0.00883	0.00990	0.01078	0.00622	0.00715	0.01123	0.01535	0.02082	0.20896	0.48185	0.05037	0.01958	0.00883	0.00272	0.00418	0.10462	0.00678	0.00600
35	0.01575	0.00952	0.00984	0.00884	0.01136	0.01009	0.00688	0.13577	0.07695	0.02944	0.02220	0.02439	0.01713	0.00829	0.00544	0.00177	0.00422	0.00659	0.58768	0.00784
36	0.02544	0.01353	0.06883	0.01325	0.01829	0.01103	0.03806	0.04860	0.04565	0.48343	0.04592	0.05974	0.01979	0.06420	0.00927	0.00255	0.00643	0.00795	0.00744	0.01061
37	0.00860	0.00611	0.00807	0.00960	0.00998	0.00573	0.00635	0.00974	0.01318	0.01757	0.03752	0.70978	0.04496	0.06391	0.01043	0.00306	0.00420	0.01928	0.00635	0.00559
38	0.00919	0.00688	0.00853	0.00860	0.01013	0.00622	0.00627	0.01166	0.01742	0.02358	0.40942	0.21440	0.20855	0.01677	0.00839	0.00238	0.00352	0.01475	0.00713	0.00622
39	0.77679	0.01371	0.01063	0.00942	0.01378	0.01586	0.00776	0.04391	0.01261	0.03175	0.00996	0.01153	0.00771	0.00654	0.00441	0.00216	0.00548	0.00387	0.00441	0.00771
40	0.01853	0.01563	0.04458	0.01360	0.01933	0.01422	0.03598	0.18017	0.09847	0.06038	0.01595	0.01699	0.01220	0.00693	0.00671	0.00166	0.03268	0.00548	0.00526	0.39525
41	0.01691	0.08234	0.40074	0.02101	0.09249	0.07782	0.05438	0.04875	0.01597	0.04978	0.01317	0.01566	0.00994	0.00854	0.03275	0.00246	0.03836	0.00549	0.00350	0.00993
42	0.01154	0.00945	0.01046	0.00980	0.01238	0.00955	0.00747	0.01920	0.22085	0.02516	0.28270	0.04959	0.27687	0.01402	0.00790	0.00230	0.00404	0.01195	0.00709	0.00767
43	0.04520	0.01289	0.01546	0.01271	0.01733	0.01295	0.01023	0.05635	0.25050	0.39364	0.04229	0.02471	0.01934	0.00896	0.00690	0.00220	0.00566	0.00731	0.04426	0.01111
44	0.02820	0.01593	0.01859	0.01435	0.01977	0.01639	0.01182	0.36641	0.05974	0.34095	0.02210	0.02031	0.01472	0.00855	0.00700	0.00214	0.00680	0.00669	0.00772	0.01183
45	0.01388	0.01049	0.01673	0.01728	0.10287	0.01046	0.09192	0.01694	0.03909	0.09712	0.02816	0.38714	0.02988	0.01690	0.04235	0.00299	0.04879	0.01351	0.00568	0.00782
46	0.00864	0.00617	0.00825	0.00987	0.01033	0.00578	0.00671	0.00995	0.01349	0.01796	0.03839	0.71731	0.04586	0.02174	0.00894	0.00285	0.00417	0.05141	0.00648	0.00571
47	0.00883	0.00678	0.00809	0.00842	0.00995	0.00604	0.00606	0.01089	0.01630	0.02135	0.25715	0.27544	0.30369	0.01793	0.00845	0.00246	0.00362	0.01567	0.00685	0.00604
48	0.11843	0.01512	0.01722	0.01351	0.01875	0.01561	0.01111	0.27365	0.07463	0.33722	0.02155	0.01990	0.01445	0.00835	0.00670	0.00215	0.00649	0.00644	0.00741	0.01131
49	0.01681	0.01398	0.01873	0.01611	0.01721	0.03318	0.01321	0.04397	0.01286	0.09782	0.01347	0.01913	0.01200	0.04409	0.12482	0.00423	0.47989	0.00653	0.00400	0.00796
50	0.02387	0.01274	0.01563	0.01280	0.01701	0.01295	0.01028	0.09058	0.17713	0.36095	0.07676	0.02616	0.02126	0.03344	0.00874	0.00238	0.04179	0.00761	0.03730	0.01063
51	0.80405	0.01350	0.01026	0.00918	0.01350	0.01565	0.00756	0.02051	0.01188	0.03131	0.00972	0.01134	0.00756	0.00648	0.00432	0.00216	0.00540	0.00378	0.00432	0.00756
52	0.62463	0.03965	0.01324	0.01062	0.01525	0.01723	0.00883	0.15197	0.01608	0.03331	0.01110	0.01240	0.00845	0.00683	0.00485	0.00212	0.00592	0.00427	0.00480	0.00845
53	0.00897	0.00701	0.00815	0.00821	0.01005	0.00619	0.00612	0.01126	0.01697	0.02204	0.29175	0.14541	0.37467	0.01703	0.00837	0.00239	0.00362	0.03875	0.00690	0.00613
54	0.04393	0.01001	0.01587	0.08011	0.09648	0.01014	0.08177	0.01477	0.01442	0.04460	0.05923	0.41436	0.03234	0.01534	0.00859	0.00258	0.02874	0.01400	0.00546	0.00726
55	0.09069	0.08294	0.43961	0.01988	0.05490	0.04209	0.09678	0.02262	0.01509	0.05456	0.01289	0.01506	0.00941	0.00658	0.00645	0.00215	0.00960	0.00538	0.00345	0.00987
56	0.00870	0.00616	0.00804	0.00946	0.00982	0.00580	0.00620	0.00977	0.01297	0.01729	0.03646	0.66478	0.04363	0.11072	0.01213	0.00331	0.00438	0.01866	0.00620	0.00549
57	0.02619	0.01886	0.02029	0.01561	0.02105	0.02077	0.01288	0.64468	0.03178	0.06334	0.01729	0.01729	0.01224	0.00838	0.00691	0.00208	0.00747	0.00631	0.03492	0.01168
58	0.01465	0.02011	0.20448	0.11079	0.12980	0.01503	0.19748	0.04334	0.01633	0.02271	0.07697	0.05609	0.04391	0.00827	0.00746	0.00227	0.00903	0.00801	0.00405	0.00921
59	0.00979	0.00756	0.00831	0.00798	0.01031	0.00668	0.00603	0.01271	0.04459	0.04415	0.23536	0.06014	0.48913	0.01615	0.00816	0.00231	0.00363	0.01365	0.00689	0.00647
60	0.01447	0.01240	0.01447	0.01034	0.01654	0.00930	0.00827	0.01757	0.01447	0.02274	0.01240	0.01447	0.01034	0.00517	0.00517	0.00103	0.00517	0.00413	0.00413	0.79742
61	0.02651	0.02001	0.02090	0.01612	0.02164	0.04525	0.01327	0.66585	0.03237	0.04308	0.01655	0.01661	0.01177	0.00834	0.00696	0.00208	0.00784	0.00622	0.00687	0.01174
62	0.01301	0.00650	0.00650	0.00650	0.00813	0.00650	0.00488	0.01626	0.01463	0.02602	0.02276	0.02602	0.01789	0.00813	0.00488	0.00163	0.00325	0.00650	0.79350	0.00650
63	0.02607	0.03326	0.01978	0.01798	0.02157	0.72674	0.01348	0.02787	0.01978	0.01708	0.01079	0.01258	0.00899	0.00719	0.00629	0.00180	0.01258	0.00449	0.00360	0.00809
64	0.00845	0.00628	0.00788	0.00916	0.00997	0.00572	0.00623	0.00978	0.01390	0.01803	0.04526	0.60612	0.18585	0.02098	0.00877	0.00273	0.00394	0.01876	0.00648	0.00572
65	0.02960	0.01228	0.01626	0.01240	0.01788	0.01070	0.01022	0.06283	0.02008	0.62378	0.02570	0.02261	0.01641	0.00832	0.00685	0.00206	0.00595	0.00673	0.00816	0.08118
66	0.02650	0.02024	0.02088	0.01615	0.02164	0.05722	0.01327	0.65465	0.03215	0.04262	0.01645	0.01654	0.01172	0.00832	0.00695	0.00208	0.00793	0.00619	0.00681	0.01168
67	0.00861	0.00711	0.00760	0.00774	0.00991	0.00610	0.00589	0.01058	0.01612	0.01968	0.11714	0.09438	0.58130	0.01769	0.00838	0.00243	0.00375	0.06304	0.00657	0.00598
68	0.80405	0.01350	0.01026	0.00918	0.01350	0.01565	0.00756	0.02051	0.01188	0.03131	0.00972	0.01134	0.00756	0.00648	0.00432	0.00216	0.00540	0.00378	0.00432	0.00756
69	0.01726	0.01699	0.02858	0.03985	0.60692	0.03831	0.07848	0.02145	0.01607	0.02252	0.01398	0.01942	0.01197	0.00668	0.00710	0.00213	0.00866	0.02943	0.00357	0.01066
70	0.02178	0.05189	0.02154	0.05681	0.16047	0.34478	0.01460	0.09005	0.04441	0.02199	0.01272	0.01489	0.01031	0.00691	0.00635	0.00183	0.00977	0.00516	0.00405	0.09969
71	0.01791	0.01694	0.02690	0.09336	0.60115	0.05211	0.02046	0.02192	0.01608	0.04697	0.01347	0.01737	0.01104	0.00641	0.00689	0.00208	0.00850	0.00616	0.00362	0.01068
72	0.01398	0.01286	0.01736	0.01541	0.01628	0.01689	0.01248	0.01822	0.10552	0.01863	0.03895	0.02196	0.01531	0.05004	0.17869	0.00491	0.42388	0.00705	0.00397	0.00762
73	0.01130	0.00849	0.01255	0.04226	0.04940	0.00824	0.05184	0.03928	0.01471	0.04669	0.03359	0.54076	0.05417	0.04022	0.00931	0.00279	0.00526	0.01639	0.00604	0.00672

[dist]
# distance from previous block
# <min> <max>
5	9

[block]
# block no. 6 follows, 30 sequences, length 45
# corresponding to MSA columns:
# 335,336,338-380
name=unknown_G
#
# <colnr> <probs for GDERKNQSTAVLIFYWHMCP>
#	G	D	E	R	K	N	Q	S	T	A	V	L	I	F	Y	W	H	M	C	P
0	0.02626	0.02011	0.02031	0.01593	0.02125	0.08337	0.01301	0.56033	0.06599	0.07661	0.01741	0.01724	0.01240	0.00834	0.00693	0.00209	0.00791	0.00625	0.00677	0.01149
1	0.62957	0.01484	0.04778	0.03856	0.01553	0.04394	0.00892	0.01987	0.01228	0.02814	0.01110	0.01490	0.00933	0.07293	0.00739	0.00256	0.00622	0.00454	0.00416	0.00744
2	0.01123	0.00823	0.01019	0.00930	0.01135	0.00787	0.00708	0.07281	0.02063	0.02873	0.59952	0.05009	0.10821	0.01399	0.00812	0.00220	0.00370	0.01221	0.00753	0.00700
3	0.01432	0.01425	0.02083	0.67410	0.04571	0.07861	0.01886	0.01872	0.01447	0.01776	0.01226	0.01807	0.00927	0.00700	0.00692	0.00228	0.00959	0.00605	0.00314	0.00778
4	0.01629	0.01825	0.03881	0.02772	0.03470	0.01691	0.62576	0.02193	0.01629	0.02239	0.01397	0.01844	0.01057	0.00582	0.00796	0.00224	0.01118	0.00787	0.00358	0.07933
5	0.08571	0.02689	0.36311	0.08758	0.14951	0.06975	0.07741	0.02191	0.01514	0.02230	0.01237	0.01540	0.00931	0.00655	0.00661	0.00217	0.00973	0.00552	0.00327	0.00973
6	0.80405	0.01350	0.01026	0.00918	0.01350	0.01565	0.00756	0.02051	0.01188	0.03131	0.00972	0.01134	0.00756	0.00648	0.00432	0.00216	0.00540	0.00378	0.00432	0.00756
7	0.01208	0.00829	0.01189	0.01137	0.01270	0.00950	0.00875	0.01421	0.01175	0.07208	0.01914	0.02853	0.01783	0.13358	0.53304	0.00935	0.06755	0.00768	0.00414	0.00653
8	0.00853	0.00687	0.00761	0.00787	0.00972	0.00594	0.00573	0.01041	0.01592	0.01995	0.15545	0.20837	0.47705	0.01806	0.00838	0.00243	0.00361	0.01550	0.00665	0.00594
9	0.01125	0.00810	0.01060	0.01025	0.01135	0.00895	0.00740	0.06118	0.01241	0.01726	0.01976	0.03334	0.01995	0.30726	0.42009	0.00891	0.01350	0.00837	0.00416	0.00591
10	0.01732	0.06427	0.02059	0.10976	0.02303	0.11148	0.07245	0.10266	0.06688	0.03847	0.01625	0.04913	0.01393	0.01789	0.15885	0.00413	0.09312	0.00696	0.00437	0.00846
11	0.02031	0.01579	0.01530	0.01292	0.01676	0.07866	0.01025	0.27793	0.17846	0.03279	0.02070	0.02130	0.01559	0.00845	0.00631	0.00199	0.00629	0.00656	0.24392	0.00973
12	0.01738	0.23305	0.26837	0.01656	0.05486	0.01809	0.03409	0.03842	0.03721	0.07586	0.01356	0.01503	0.01039	0.00646	0.00589	0.00181	0.00807	0.00498	0.00386	0.13604
13	0.00861	0.00625	0.00803	0.00932	0.00995	0.00578	0.00627	0.00991	0.01374	0.01816	0.06949	0.62216	0.11062	0.05399	0.01001	0.00294	0.00409	0.01860	0.00643	0.00566
14	0.00923	0.00711	0.00843	0.00810	0.01003	0.00631	0.00607	0.01191	0.01822	0.02434	0.45350	0.05812	0.32217	0.01563	0.00824	0.00226	0.00339	0.01346	0.00720	0.00631
15	0.01594	0.01794	0.03877	0.05224	0.03548	0.01695	0.62792	0.02154	0.01622	0.02196	0.01533	0.05705	0.01240	0.00675	0.00823	0.00238	0.01128	0.00877	0.00367	0.00916
16	0.02103	0.14637	0.16956	0.01812	0.05388	0.21150	0.03446	0.15789	0.07803	0.02484	0.01387	0.01517	0.01071	0.00723	0.00636	0.00197	0.00948	0.00534	0.00433	0.00987
17	0.01482	0.01548	0.03073	0.02304	0.02796	0.01511	0.44859	0.02017	0.05844	0.02103	0.01870	0.09620	0.01719	0.09444	0.01209	0.00296	0.04392	0.02655	0.00418	0.00839
18	0.01509	0.03167	0.01492	0.01040	0.01639	0.00971	0.00838	0.01816	0.01489	0.05111	0.04023	0.01624	0.01276	0.00569	0.00535	0.00114	0.00519	0.00457	0.00443	0.71370
19	0.01100	0.00928	0.03751	0.00947	0.01233	0.00761	0.00769	0.03042	0.01657	0.04454	0.17742	0.11111	0.30301	0.01691	0.04540	0.00271	0.00513	0.05091	0.00625	0.09473
20	0.05807	0.07285	0.23534	0.01635	0.02288	0.03939	0.06410	0.14393	0.04213	0.13796	0.04691	0.05679	0.01562	0.00840	0.00680	0.00216	0.00809	0.00687	0.00525	0.01010
21	0.01338	0.01191	0.01187	0.01116	0.01300	0.10438	0.00828	0.06366	0.03378	0.02067	0.14138	0.08829	0.11199	0.14400	0.16171	0.00486	0.03362	0.01004	0.00530	0.00671
22	0.01498	0.01526	0.02531	0.20467	0.02964	0.01911	0.15357	0.01820	0.01271	0.01820	0.01100	0.01685	0.00949	0.00958	0.01583	0.00272	0.40512	0.00657	0.00316	0.00803
23	0.01773	0.01745	0.02788	0.04153	0.67517	0.05371	0.02100	0.02175	0.01609	0.02250	0.01300	0.01703	0.01095	0.00627	0.00688	0.00206	0.00851	0.00613	0.00346	0.01090
24	0.01647	0.01882	0.04118	0.02941	0.03647	0.01765	0.68588	0.02235	0.01647	0.02235	0.01412	0.01882	0.01059	0.00588	0.00824	0.00235	0.01176	0.00824	0.00353	0.00941
25	0.01904	0.00940	0.01296	0.01241	0.01543	0.00872	0.01044	0.02188	0.01740	0.29906	0.03331	0.11476	0.03151	0.01524	0.00853	0.00276	0.00602	0.34529	0.00732	0.00854
26	0.00884	0.00632	0.00846	0.00993	0.01053	0.00594	0.00691	0.01038	0.01405	0.01881	0.08585	0.64104	0.04702	0.02109	0.00892	0.00282	0.00421	0.07650	0.00656	0.00580
27	0.01377	0.01300	0.02199	0.63808	0.14337	0.01566	0.01967	0.01834	0.01423	0.01854	0.01251	0.01841	0.00955	0.00687	0.00697	0.00229	0.00916	0.00620	0.00315	0.00823
28	0.01094	0.00794	0.01083	0.01227	0.01395	0.00782	0.01065	0.01401	0.01605	0.02068	0.04033	0.07756	0.10714	0.01912	0.00950	0.00313	0.00614	0.59915	0.00643	0.00637
29	0.01179	0.00823	0.01010	0.00995	0.01184	0.00801	0.00732	0.01658	0.11487	0.07029	0.28409	0.27754	0.11016	0.01602	0.00821	0.00244	0.00406	0.01414	0.00715	0.00722
30	0.01556	0.00845	0.00881	0.00801	0.01032	0.00865	0.00621	0.10535	0.01725	0.05770	0.02218	0.02470	0.01707	0.00818	0.00525	0.00171	0.00395	0.00650	0.65672	0.00744
31	0.03088	0.01256	0.01662	0.01274	0.01815	0.01127	0.01052	0.09203	0.02111	0.65643	0.02657	0.02313	0.01679	0.00861	0.00701	0.00215	0.00609	0.00695	0.00849	0.01188
32	0.01727	0.01658	0.02832	0.04283	0.71123	0.01658	0.02142	0.02142	0.01589	0.02280	0.01313	0.01727	0.01105	0.00622	0.00691	0.00207	0.00829	0.00622	0.00345	0.01105
33	0.01134	0.00740	0.00944	0.00882	0.01076	0.00674	0.00665	0.01436	0.01894	0.07626	0.54281	0.07789	0.12156	0.01424	0.00803	0.00221	0.00353	0.01245	0.03970	0.00686
34	0.02749	0.01665	0.01898	0.01470	0.02011	0.01751	0.01210	0.42228	0.07516	0.26910	0.02120	0.01976	0.01435	0.00854	0.00700	0.00214	0.00694	0.00664	0.00755	0.01181
35	0.00850	0.00607	0.00810	0.00972	0.01012	0.00567	0.00648	0.00972	0.01336	0.01781	0.03846	0.75020	0.04615	0.02186	0.00891	0.00283	0.00405	0.01984	0.00648	0.00567
36	0.02964	0.01138	0.01531	0.01188	0.01693	0.00991	0.00976	0.03239	0.01948	0.65296	0.02709	0.02396	0.01733	0.00859	0.00682	0.00211	0.00569	0.00697	0.08040	0.01138
37	0.03061	0.01299	0.01688	0.01294	0.01837	0.01191	0.01069	0.12907	0.02184	0.61836	0.02596	0.02273	0.01649	0.00860	0.00701	0.00215	0.00619	0.00691	0.00840	0.01187
38	0.01318	0.01240	0.02093	0.73798	0.04806	0.01550	0.01938	0.01783	0.01395	0.01783	0.01240	0.01860	0.00930	0.00698	0.00698	0.00233	0.00930	0.00620	0.00310	0.00775
39	0.01163	0.00753	0.00982	0.00902	0.01101	0.00687	0.00684	0.01481	0.01961	0.08626	0.62246	0.05035	0.08905	0.01393	0.00813	0.00220	0.00353	0.01223	0.00771	0.00701
40	0.01866	0.75896	0.03657	0.01194	0.01791	0.02761	0.01194	0.02090	0.01418	0.01642	0.00970	0.01119	0.00896	0.00597	0.00448	0.00149	0.00746	0.00373	0.00299	0.00896
41	0.02321	0.01003	0.01321	0.01102	0.01476	0.00927	0.00877	0.02624	0.03608	0.43193	0.02602	0.06359	0.01938	0.04820	0.09817	0.00346	0.00703	0.00783	0.13218	0.00963
42	0.41565	0.01511	0.01444	0.01195	0.01661	0.01681	0.00977	0.24059	0.04889	0.09584	0.01554	0.04388	0.01194	0.00802	0.00573	0.00217	0.00615	0.00569	0.00578	0.00943
