[name]
unknown

[dist]
# distance from previous block
# <min> <max>
0	0

[block]
# block no. 0 follows, 33 sequences, length 14
# corresponding to MSA columns:
# 0-13
name=unknown_A
#
# <colnr> <probs for GDERKNQSTAVLIFYWHMCP>
#	G	D	E	R	K	N	Q	S	T	A	V	L	I	F	Y	W	H	M	C	P
0	0.01061	0.00758	0.01061	0.01212	0.01364	0.00758	0.01061	0.01364	0.01515	0.01970	0.03486	0.07426	0.03789	0.01819	0.00909	0.00303	0.00606	0.68326	0.00606	0.00606
1	0.02585	0.01712	0.01894	0.01452	0.01976	0.01845	0.01199	0.58257	0.02874	0.16766	0.01766	0.01701	0.01213	0.00795	0.00659	0.00199	0.00694	0.00605	0.00687	0.01120
2	0.02251	0.03186	0.14944	0.01729	0.02184	0.60941	0.01484	0.02529	0.01779	0.01698	0.01048	0.01224	0.00845	0.00669	0.00599	0.00177	0.01148	0.00435	0.00328	0.00802
3	0.01475	0.01006	0.01258	0.03251	0.05495	0.00988	0.00884	0.07472	0.10778	0.12526	0.15759	0.17364	0.11450	0.01224	0.00720	0.00214	0.00478	0.01060	0.00633	0.05964
4	0.01401	0.16898	0.60664	0.01739	0.02637	0.01725	0.02194	0.02064	0.01380	0.01987	0.01133	0.01329	0.00836	0.00614	0.00588	0.00196	0.00924	0.00462	0.00279	0.00950
5	0.12463	0.01139	0.01460	0.01134	0.01631	0.01029	0.00937	0.03054	0.01792	0.64709	0.02394	0.02099	0.01519	0.00790	0.00631	0.00204	0.00554	0.00625	0.00765	0.01071
6	0.02627	0.01644	0.01852	0.01420	0.01942	0.01744	0.01173	0.51925	0.02760	0.23260	0.01862	0.01763	0.01261	0.00797	0.00660	0.00199	0.00679	0.00612	0.00702	0.01120
7	0.05613	0.01309	0.02158	0.47204	0.27487	0.01498	0.01835	0.01810	0.01368	0.01908	0.01180	0.01676	0.00925	0.00631	0.00643	0.00210	0.00826	0.00573	0.00310	0.00836
8	0.01411	0.01307	0.14292	0.01114	0.01500	0.00923	0.01041	0.01906	0.07003	0.15108	0.39327	0.03662	0.06492	0.01097	0.00721	0.00208	0.00493	0.00941	0.00651	0.00804
9	0.00940	0.00705	0.01058	0.01058	0.01176	0.00823	0.00823	0.01176	0.01058	0.01528	0.01763	0.02586	0.01646	0.04937	0.74255	0.01058	0.01763	0.00705	0.00353	0.00588
10	0.01401	0.16898	0.60664	0.01739	0.02637	0.01725	0.02194	0.02064	0.01380	0.01987	0.01133	0.01329	0.00836	0.00614	0.00588	0.00196	0.00924	0.00462	0.00279	0.00950
11	0.01689	0.01695	0.08860	0.05235	0.01870	0.14514	0.02887	0.06301	0.14002	0.10052	0.04456	0.12276	0.11256	0.01058	0.00691	0.00213	0.00691	0.00878	0.00542	0.00835
12	0.00812	0.00668	0.00715	0.00703	0.00910	0.00570	0.00527	0.01011	0.01582	0.01971	0.21396	0.06018	0.57642	0.01595	0.00778	0.00219	0.00328	0.01345	0.00637	0.00570
13	0.01022	0.00688	0.00904	0.00851	0.01016	0.00632	0.00637	0.01317	0.01823	0.06037	0.64284	0.09674	0.05860	0.01369	0.00775	0.00211	0.00328	0.01211	0.00721	0.00640

[dist]
# distance from previous block
# <min> <max>
0	1

[block]
# block no. 1 follows, 33 sequences, length 49
# corresponding to MSA columns:
# 15-63
name=unknown_B
#
# <colnr> <probs for GDERKNQSTAVLIFYWHMCP>
#	G	D	E	R	K	N	Q	S	T	A	V	L	I	F	Y	W	H	M	C	P
0	0.01519	0.10722	0.56871	0.01766	0.02624	0.07025	0.02145	0.06199	0.01521	0.02119	0.01166	0.01353	0.00853	0.00633	0.00605	0.00198	0.00947	0.00475	0.00306	0.00953
1	0.08370	0.04063	0.01826	0.01431	0.01900	0.13728	0.01159	0.38151	0.10107	0.10312	0.01641	0.01625	0.01185	0.00766	0.00624	0.00195	0.00745	0.00564	0.00593	0.01014
2	0.00932	0.00673	0.00880	0.00828	0.00984	0.00621	0.00621	0.01242	0.01863	0.02640	0.72410	0.04918	0.06212	0.01346	0.00776	0.00207	0.00311	0.01191	0.00725	0.00621
3	0.00832	0.00669	0.00741	0.00723	0.00922	0.00579	0.00542	0.01048	0.01627	0.02079	0.29571	0.05842	0.49401	0.01555	0.00778	0.00217	0.00325	0.01320	0.00651	0.00579
4	0.02394	0.02934	0.01952	0.01723	0.02076	0.63766	0.03786	0.07580	0.01915	0.01815	0.01065	0.01246	0.00874	0.00699	0.00659	0.00178	0.03730	0.00455	0.00361	0.00792
5	0.01407	0.18011	0.59609	0.01728	0.02620	0.01742	0.02174	0.02062	0.01380	0.01979	0.01129	0.01324	0.00836	0.00613	0.00585	0.00195	0.00920	0.00460	0.00279	0.00948
6	0.00932	0.00673	0.00880	0.00828	0.00984	0.00621	0.00621	0.01242	0.01863	0.02640	0.72410	0.04918	0.06212	0.01346	0.00776	0.00207	0.00311	0.01191	0.00725	0.00621
7	0.01243	0.01170	0.01975	0.75282	0.04534	0.01463	0.01828	0.01682	0.01316	0.01682	0.01170	0.01755	0.00878	0.00658	0.00658	0.00219	0.00878	0.00585	0.00293	0.00731
8	0.01365	0.03093	0.60111	0.02049	0.02963	0.01555	0.15460	0.02089	0.01421	0.02089	0.01210	0.01464	0.00866	0.00612	0.00655	0.00211	0.00999	0.00542	0.00289	0.00957
9	0.01674	0.62778	0.17177	0.01273	0.01917	0.02394	0.01383	0.01994	0.01348	0.01654	0.00967	0.01122	0.00843	0.00575	0.00462	0.00154	0.00757	0.00378	0.00281	0.00870
10	0.00957	0.00638	0.00718	0.00718	0.00718	0.00638	0.00399	0.00957	0.00957	0.01276	0.02074	0.04308	0.02393	0.76864	0.03351	0.00638	0.00638	0.00957	0.00399	0.00399
11	0.01320	0.03405	0.73453	0.01876	0.02849	0.01529	0.02432	0.02085	0.01390	0.02085	0.01181	0.01390	0.00834	0.00625	0.00625	0.00208	0.00973	0.00486	0.00278	0.00973
12	0.02406	0.09387	0.02026	0.01610	0.02006	0.53693	0.01255	0.15976	0.02062	0.02106	0.01120	0.01253	0.00901	0.00690	0.00591	0.00173	0.01053	0.00451	0.00397	0.00841
13	0.02765	0.01151	0.01519	0.01176	0.01661	0.01036	0.00967	0.08974	0.01989	0.61951	0.07653	0.02380	0.01923	0.00852	0.00670	0.00203	0.00556	0.00695	0.00794	0.01084
14	0.81514	0.01273	0.00968	0.00866	0.01273	0.01477	0.00713	0.01935	0.01120	0.02954	0.00917	0.01069	0.00713	0.00611	0.00407	0.00204	0.00509	0.00356	0.00407	0.00713
15	0.00792	0.00667	0.00686	0.00681	0.00897	0.00561	0.00511	0.00971	0.01532	0.01854	0.12438	0.06211	0.66674	0.01639	0.00778	0.00221	0.00331	0.01372	0.00621	0.00561
16	0.01760	0.77260	0.03450	0.01126	0.01690	0.02605	0.01126	0.01971	0.01338	0.01549	0.00915	0.01056	0.00845	0.00563	0.00422	0.00141	0.00704	0.00352	0.00282	0.00845
17	0.01320	0.03405	0.73453	0.01876	0.02849	0.01529	0.02432	0.02085	0.01390	0.02085	0.01181	0.01390	0.00834	0.00625	0.00625	0.00208	0.00973	0.00486	0.00278	0.00973
18	0.01554	0.01776	0.03885	0.02775	0.03441	0.01665	0.70366	0.02109	0.01554	0.02109	0.01332	0.01776	0.00999	0.00555	0.00777	0.00222	0.01110	0.00777	0.00333	0.00888
19	0.01637	0.01414	0.01489	0.01340	0.01712	0.01637	0.01042	0.03498	0.71568	0.02754	0.02679	0.02456	0.02010	0.00893	0.00670	0.00223	0.00521	0.00744	0.00670	0.01042
20	0.00802	0.00573	0.00764	0.00917	0.00955	0.00535	0.00611	0.00917	0.01260	0.01681	0.03628	0.76434	0.04354	0.02062	0.00840	0.00267	0.00382	0.01872	0.00611	0.00535
21	0.01554	0.01776	0.03885	0.02775	0.03441	0.01665	0.70366	0.02109	0.01554	0.02109	0.01332	0.01776	0.00999	0.00555	0.00777	0.00222	0.01110	0.00777	0.00333	0.00888
22	0.01760	0.77260	0.03450	0.01126	0.01690	0.02605	0.01126	0.01971	0.01338	0.01549	0.00915	0.01056	0.00845	0.00563	0.00422	0.00141	0.00704	0.00352	0.00282	0.00845
23	0.00802	0.00573	0.00764	0.00917	0.00955	0.00535	0.00611	0.00917	0.01260	0.01681	0.03628	0.76434	0.04354	0.02062	0.00840	0.00267	0.00382	0.01872	0.00611	0.00535
24	0.01506	0.01439	0.02450	0.26748	0.51012	0.01532	0.01959	0.01913	0.01441	0.02001	0.01217	0.01669	0.00990	0.00609	0.00654	0.00203	0.00813	0.00586	0.00315	0.00944
25	0.01398	0.01339	0.01867	0.55126	0.03761	0.09422	0.03243	0.01770	0.01397	0.04128	0.01462	0.09478	0.01265	0.00809	0.00673	0.00218	0.00855	0.00708	0.00350	0.00731
26	0.01149	0.01091	0.00988	0.00931	0.01136	0.13125	0.00698	0.01395	0.01762	0.02223	0.41830	0.04680	0.23883	0.01322	0.00746	0.00205	0.00466	0.01116	0.00627	0.00627
27	0.01144	0.00572	0.00858	0.00858	0.00858	0.00572	0.00572	0.00858	0.00858	0.01144	0.01144	0.02001	0.01144	0.02287	0.02573	0.80846	0.00572	0.00572	0.00286	0.00286
28	0.01537	0.01707	0.03593	0.08094	0.05747	0.01645	0.59850	0.02138	0.04759	0.02108	0.01379	0.01801	0.01038	0.00579	0.00759	0.00221	0.01055	0.00755	0.00345	0.00889
29	0.01519	0.01563	0.09082	0.01758	0.12856	0.07704	0.04102	0.09089	0.08838	0.04674	0.04341	0.15201	0.09705	0.01124	0.00718	0.00221	0.00672	0.05479	0.00516	0.00837
30	0.01615	0.01550	0.02646	0.06677	0.70233	0.01560	0.02013	0.02008	0.01492	0.02133	0.01236	0.01634	0.01037	0.00589	0.00652	0.00196	0.00786	0.00587	0.00325	0.01031
31	0.00801	0.00577	0.00759	0.00905	0.00952	0.00536	0.00606	0.00918	0.01271	0.01685	0.03768	0.73206	0.07492	0.02044	0.00837	0.00265	0.00380	0.01849	0.00611	0.00536
32	0.02225	0.01706	0.01819	0.01458	0.01936	0.01912	0.01184	0.49019	0.25090	0.03701	0.01934	0.01862	0.01405	0.00823	0.00662	0.00206	0.00659	0.00641	0.00662	0.01095
33	0.01381	0.13612	0.63779	0.01773	0.02689	0.01678	0.02252	0.02069	0.01383	0.02011	0.01145	0.01344	0.00835	0.00617	0.00597	0.00199	0.00936	0.00468	0.00278	0.00955
34	0.01961	0.01546	0.01655	0.01378	0.01801	0.01738	0.01102	0.32479	0.36672	0.03352	0.07340	0.02257	0.01932	0.00882	0.00673	0.00211	0.00594	0.00711	0.00669	0.01045
35	0.01552	0.01500	0.02625	0.22786	0.42006	0.01571	0.11415	0.04772	0.01524	0.02102	0.01247	0.01681	0.00996	0.00610	0.00671	0.00206	0.00851	0.00613	0.00332	0.00941
36	0.01230	0.00782	0.01004	0.00908	0.01122	0.00738	0.00694	0.01648	0.07003	0.11253	0.58759	0.04410	0.05343	0.01248	0.00755	0.00208	0.00357	0.01093	0.00732	0.00713
37	0.02276	0.01310	0.01536	0.01276	0.01718	0.01364	0.01022	0.07486	0.36373	0.34177	0.02575	0.02307	0.01786	0.00852	0.00666	0.00213	0.00551	0.00698	0.00734	0.01082
38	0.01718	0.01740	0.04037	0.13911	0.13152	0.13390	0.03842	0.02513	0.22897	0.04682	0.01639	0.01829	0.01273	0.00782	0.00830	0.00216	0.09593	0.00613	0.00440	0.00904
39	0.00946	0.00633	0.00721	0.00733	0.00735	0.00631	0.00415	0.00954	0.00980	0.01306	0.02189	0.09623	0.02538	0.71352	0.03166	0.00611	0.00619	0.01025	0.00415	0.00409
40	0.01917	0.01517	0.01599	0.01357	0.01758	0.04025	0.01103	0.34515	0.21191	0.03179	0.02568	0.03029	0.07983	0.01033	0.00705	0.00220	0.00634	0.10059	0.00640	0.00966
41	0.01144	0.00572	0.00858	0.00858	0.00858	0.00572	0.00572	0.00858	0.00858	0.01144	0.01144	0.02001	0.01144	0.02287	0.02573	0.80846	0.00572	0.00572	0.00286	0.00286
42	0.01769	0.70799	0.06608	0.01184	0.01757	0.05512	0.01193	0.02004	0.01362	0.01576	0.00932	0.01077	0.00844	0.00571	0.00439	0.00145	0.00736	0.00361	0.00284	0.00847
43	0.01669	0.09264	0.03813	0.01190	0.01711	0.14697	0.00986	0.06305	0.03921	0.02153	0.04134	0.01499	0.01194	0.00603	0.00534	0.00133	0.00662	0.00453	0.00407	0.44673
44	0.01611	0.02304	0.32357	0.01938	0.02636	0.04393	0.22255	0.02158	0.01531	0.11822	0.03745	0.07222	0.01413	0.00760	0.00695	0.00215	0.00903	0.00717	0.00409	0.00916
45	0.05523	0.11475	0.12448	0.04535	0.01796	0.12831	0.01174	0.01910	0.05553	0.03691	0.06006	0.04324	0.01726	0.09504	0.05589	0.00294	0.00811	0.03741	0.00410	0.06658
46	0.04628	0.09535	0.07337	0.01408	0.03476	0.21700	0.01165	0.03844	0.11231	0.04452	0.05456	0.04602	0.03857	0.03336	0.03765	0.00252	0.00818	0.07875	0.00465	0.00798
47	0.04356	0.21046	0.26899	0.01454	0.02076	0.03756	0.01541	0.03927	0.10189	0.05764	0.02947	0.01553	0.01158	0.00700	0.00666	0.00190	0.05447	0.00507	0.00388	0.05436
48	0.17351	0.03480	0.01481	0.03341	0.01652	0.09706	0.02934	0.07045	0.12113	0.09522	0.07112	0.02239	0.04901	0.04640	0.02597	0.00241	0.02869	0.00645	0.00516	0.05616

[dist]
# distance from previous block
# <min> <max>
7	63

[block]
# block no. 2 follows, 33 sequences, length 18
# corresponding to MSA columns:
# 128-145
name=unknown_C
#
# <colnr> <probs for GDERKNQSTAVLIFYWHMCP>
#	G	D	E	R	K	N	Q	S	T	A	V	L	I	F	Y	W	H	M	C	P
0	0.16403	0.11917	0.07295	0.01269	0.01717	0.10469	0.01119	0.06102	0.15081	0.10692	0.01917	0.02257	0.03487	0.00840	0.00599	0.00204	0.00678	0.06569	0.00507	0.00876
1	0.16958	0.20873	0.19759	0.01337	0.01888	0.14456	0.01339	0.02064	0.01427	0.05088	0.01429	0.05922	0.03470	0.00746	0.00548	0.00188	0.00781	0.00539	0.00369	0.00821
2	0.07323	0.09257	0.18182	0.01435	0.01994	0.13406	0.01372	0.15471	0.08726	0.02526	0.06019	0.01676	0.01366	0.00721	0.00595	0.00185	0.00771	0.00539	0.00449	0.07988
3	0.05151	0.01903	0.11011	0.01929	0.02455	0.06022	0.25997	0.16349	0.01754	0.02430	0.01335	0.01765	0.01075	0.06421	0.01018	0.00244	0.07895	0.00643	0.00401	0.04202
4	0.58526	0.01654	0.03966	0.03953	0.01622	0.11787	0.00939	0.06948	0.01385	0.02767	0.00998	0.01161	0.00772	0.00636	0.00470	0.00199	0.00652	0.00397	0.00406	0.00760
5	0.00987	0.00762	0.01085	0.01090	0.01218	0.00734	0.05911	0.05608	0.01411	0.01874	0.03374	0.56884	0.06609	0.05086	0.00933	0.00275	0.00478	0.04500	0.00584	0.00598
6	0.01510	0.01100	0.01476	0.01239	0.01576	0.01107	0.08362	0.04894	0.21105	0.12238	0.22019	0.06695	0.11627	0.01110	0.00730	0.00217	0.00512	0.00980	0.00658	0.00843
7	0.01022	0.00669	0.00878	0.00961	0.01086	0.00620	0.00716	0.01204	0.01426	0.07199	0.08396	0.44108	0.12048	0.01826	0.00829	0.00261	0.00430	0.15084	0.00633	0.00601
8	0.07192	0.01326	0.01374	0.01022	0.01575	0.06443	0.00812	0.01751	0.01385	0.02163	0.01140	0.01331	0.00947	0.00511	0.00490	0.00111	0.00542	0.00390	0.00387	0.69109
9	0.38240	0.09041	0.01697	0.01248	0.01685	0.10319	0.05501	0.13083	0.04357	0.04450	0.01276	0.04163	0.01038	0.00711	0.00529	0.00197	0.00680	0.00510	0.00450	0.00825
10	0.06001	0.05840	0.01132	0.00969	0.01120	0.00968	0.00723	0.04263	0.01323	0.04576	0.04663	0.23434	0.09513	0.20463	0.01501	0.00341	0.06174	0.05881	0.00512	0.00603
11	0.01837	0.08398	0.11219	0.01377	0.01838	0.16441	0.01235	0.11379	0.09115	0.07887	0.07026	0.02555	0.05249	0.00898	0.00650	0.00198	0.00746	0.06637	0.00508	0.04806
12	0.08304	0.08961	0.01594	0.01166	0.01551	0.09051	0.00934	0.18518	0.04139	0.07124	0.04591	0.07529	0.06738	0.05997	0.02659	0.00238	0.00665	0.00718	0.00521	0.09000
13	0.12529	0.06406	0.10452	0.01814	0.12128	0.20543	0.03672	0.08184	0.03842	0.02255	0.01382	0.01550	0.03542	0.00673	0.00582	0.00182	0.00823	0.00510	0.00389	0.08540
14	0.07723	0.12704	0.14741	0.01559	0.02120	0.16240	0.04416	0.23506	0.06374	0.02662	0.01317	0.01423	0.00999	0.00691	0.00595	0.00189	0.00846	0.00508	0.00445	0.00941
15	0.05695	0.19781	0.01936	0.01244	0.01640	0.18116	0.01025	0.11038	0.08510	0.05976	0.09291	0.04323	0.07064	0.00874	0.00603	0.00186	0.00703	0.00663	0.00495	0.00835
16	0.02007	0.05890	0.04897	0.01555	0.04700	0.14142	0.06815	0.16232	0.07268	0.12195	0.02138	0.02254	0.08180	0.00828	0.00651	0.00193	0.00753	0.02438	0.00525	0.06338
17	0.04798	0.01500	0.01778	0.01939	0.18617	0.09747	0.03371	0.05957	0.11780	0.07576	0.02112	0.09518	0.06213	0.00899	0.00705	0.00201	0.03188	0.00756	0.00489	0.08857

[dist]
# distance from previous block
# <min> <max>
10	77

[block]
# block no. 3 follows, 33 sequences, length 10
# corresponding to MSA columns:
# 244-253
name=unknown_D
#
# <colnr> <probs for GDERKNQSTAVLIFYWHMCP>
#	G	D	E	R	K	N	Q	S	T	A	V	L	I	F	Y	W	H	M	C	P
0	0.06483	0.04238	0.33920	0.01949	0.07897	0.01578	0.11913	0.07647	0.08060	0.02366	0.01355	0.01549	0.01009	0.00638	0.00628	0.00200	0.00846	0.00551	0.00373	0.06799
1	0.00992	0.01316	0.16402	0.01050	0.01376	0.00906	0.01005	0.01266	0.01352	0.01760	0.04120	0.04623	0.36406	0.13367	0.01272	0.00295	0.06558	0.04820	0.00480	0.00636
2	0.01389	0.11972	0.61376	0.01760	0.02652	0.01661	0.02204	0.02147	0.05144	0.02058	0.01230	0.01408	0.00898	0.00632	0.00604	0.00201	0.00917	0.00484	0.00299	0.00962
3	0.00947	0.00970	0.08073	0.01139	0.01341	0.00748	0.06368	0.01186	0.01368	0.01858	0.11298	0.44895	0.06370	0.06263	0.00961	0.00273	0.00512	0.04262	0.00557	0.00611
4	0.01541	0.02291	0.33419	0.01560	0.02200	0.01560	0.01651	0.10091	0.27812	0.02602	0.06984	0.02066	0.01697	0.00796	0.00657	0.00213	0.00729	0.00646	0.00499	0.00989
5	0.01101	0.00980	0.01545	0.01632	0.12312	0.00927	0.10773	0.01425	0.03184	0.02009	0.10788	0.14990	0.22693	0.01373	0.00785	0.00235	0.00563	0.11445	0.00541	0.00700
6	0.05853	0.25581	0.19992	0.01443	0.02059	0.05906	0.01457	0.18222	0.09181	0.02490	0.01328	0.01416	0.01023	0.00675	0.00562	0.00184	0.00772	0.00487	0.00419	0.00950
7	0.07442	0.29124	0.02372	0.12581	0.02174	0.09037	0.05458	0.02089	0.10081	0.01860	0.01315	0.01586	0.01095	0.01179	0.09741	0.00290	0.00899	0.00514	0.00358	0.00805
8	0.03825	0.01435	0.02008	0.01952	0.17098	0.03568	0.09301	0.05057	0.08915	0.12786	0.01578	0.01709	0.01192	0.00629	0.00610	0.00171	0.00670	0.00563	0.00471	0.26460
9	0.05647	0.26344	0.19321	0.01427	0.01997	0.13394	0.01417	0.07277	0.09793	0.02094	0.01371	0.04705	0.01149	0.00721	0.00562	0.00184	0.00801	0.00527	0.00384	0.00886

[dist]
# distance from previous block
# <min> <max>
2	13

[block]
# block no. 4 follows, 33 sequences, length 90
# corresponding to MSA columns:
# 267-356
name=unknown_E
#
# <colnr> <probs for GDERKNQSTAVLIFYWHMCP>
#	G	D	E	R	K	N	Q	S	T	A	V	L	I	F	Y	W	H	M	C	P
0	0.01408	0.05137	0.03469	0.01447	0.07342	0.01083	0.08908	0.01858	0.09061	0.11339	0.07042	0.11905	0.20667	0.01209	0.00733	0.00222	0.00566	0.05245	0.00568	0.00790
1	0.04415	0.01134	0.03123	0.01107	0.01536	0.01010	0.00913	0.06899	0.06642	0.40916	0.06288	0.06784	0.12082	0.01012	0.00681	0.00208	0.00521	0.00836	0.00714	0.03179
2	0.01524	0.17083	0.45773	0.01935	0.08285	0.03579	0.05555	0.05244	0.01488	0.02074	0.01158	0.01370	0.00875	0.00616	0.00598	0.00194	0.00907	0.00487	0.00305	0.00952
3	0.01552	0.05142	0.06787	0.02366	0.09460	0.01522	0.39964	0.05601	0.01597	0.04622	0.01785	0.07967	0.03268	0.00798	0.00742	0.00221	0.00909	0.04418	0.00405	0.00874
4	0.00914	0.00799	0.04269	0.01118	0.04877	0.00681	0.00781	0.01156	0.03338	0.01917	0.14968	0.53246	0.05913	0.01755	0.00803	0.00248	0.00421	0.01582	0.00601	0.00611
5	0.01600	0.01573	0.02498	0.17374	0.56116	0.05401	0.01944	0.01989	0.01484	0.02034	0.01214	0.01630	0.01001	0.00605	0.00650	0.00199	0.00822	0.00578	0.00320	0.00969
6	0.01113	0.01137	0.05198	0.01704	0.05633	0.00993	0.22089	0.01419	0.01389	0.01873	0.02757	0.40580	0.04706	0.01434	0.00803	0.00248	0.00664	0.05069	0.00495	0.00694
7	0.01537	0.05992	0.13219	0.02624	0.06478	0.01692	0.54334	0.02094	0.01518	0.02078	0.01285	0.01679	0.00970	0.00566	0.00732	0.00215	0.01055	0.00706	0.00322	0.00904
8	0.02503	0.01659	0.17203	0.01366	0.01950	0.01183	0.01321	0.05225	0.01773	0.51545	0.02162	0.01990	0.01398	0.00791	0.00733	0.00209	0.04641	0.00617	0.00665	0.01067
9	0.01626	0.01574	0.02728	0.03982	0.69547	0.01569	0.05186	0.02024	0.01502	0.02149	0.01243	0.01636	0.01041	0.00585	0.00658	0.00197	0.00797	0.00595	0.00326	0.01036
10	0.01573	0.01757	0.06976	0.03271	0.34742	0.01622	0.33920	0.02053	0.01505	0.02112	0.01269	0.01680	0.01006	0.00589	0.00750	0.00211	0.03009	0.00670	0.00326	0.00958
11	0.02678	0.01478	0.09813	0.01285	0.01837	0.03362	0.01156	0.04862	0.05086	0.57725	0.02362	0.02103	0.01518	0.00792	0.00656	0.00204	0.00630	0.00636	0.00728	0.01089
12	0.01603	0.01537	0.02625	0.08881	0.68122	0.01557	0.02007	0.01997	0.01487	0.02119	0.01234	0.01638	0.01032	0.00591	0.00652	0.00197	0.00789	0.00586	0.00324	0.01022
13	0.01391	0.01321	0.02242	0.47942	0.30716	0.01502	0.01902	0.01812	0.01386	0.01862	0.01196	0.01707	0.00941	0.00631	0.00656	0.00210	0.00841	0.00586	0.00305	0.00851
14	0.02503	0.01844	0.01976	0.01515	0.02042	0.02042	0.01251	0.70562	0.03095	0.04149	0.01581	0.01581	0.01120	0.00790	0.00659	0.00198	0.00724	0.00593	0.00659	0.01120
15	0.02954	0.01120	0.01528	0.01171	0.01681	0.00968	0.00968	0.03208	0.01884	0.73213	0.02597	0.02241	0.01630	0.00815	0.00662	0.00204	0.00560	0.00662	0.00815	0.01120
16	0.00802	0.00573	0.00764	0.00917	0.00955	0.00535	0.00611	0.00917	0.01260	0.01681	0.03628	0.76434	0.04354	0.02062	0.00840	0.00267	0.00382	0.01872	0.00611	0.00535
17	0.00802	0.00573	0.00764	0.00917	0.00955	0.00535	0.00611	0.00917	0.01260	0.01681	0.03628	0.76434	0.04354	0.02062	0.00840	0.00267	0.00382	0.01872	0.00611	0.00535
18	0.01591	0.48917	0.30315	0.01414	0.02135	0.02192	0.01628	0.02015	0.01358	0.01755	0.01017	0.01184	0.00841	0.00587	0.00500	0.00167	0.00807	0.00404	0.00280	0.00894
19	0.01823	0.01535	0.01524	0.01355	0.01737	0.07742	0.01055	0.03399	0.59523	0.08851	0.02531	0.02329	0.01878	0.00868	0.00663	0.00217	0.00581	0.00710	0.00655	0.01025
20	0.01760	0.77260	0.03450	0.01126	0.01690	0.02605	0.01126	0.01971	0.01338	0.01549	0.00915	0.01056	0.00845	0.00563	0.00422	0.00141	0.00704	0.00352	0.00282	0.00845
21	0.01336	0.06046	0.70950	0.01850	0.02808	0.01567	0.02386	0.02081	0.01388	0.02066	0.01172	0.01378	0.00834	0.00623	0.00618	0.00206	0.00963	0.00482	0.00278	0.00968
22	0.00873	0.00671	0.00798	0.00766	0.00947	0.00596	0.00575	0.01128	0.01724	0.02309	0.47181	0.05462	0.31647	0.01469	0.00777	0.00213	0.00319	0.01267	0.00681	0.00596
23	0.51176	0.01989	0.01312	0.01184	0.01566	0.29393	0.00927	0.02201	0.01406	0.02438	0.00955	0.01115	0.00765	0.00637	0.00479	0.00191	0.00769	0.00382	0.00381	0.00732
24	0.02503	0.01844	0.01976	0.01515	0.02042	0.02042	0.01251	0.70562	0.03095	0.04149	0.01581	0.01581	0.01120	0.00790	0.00659	0.00198	0.00724	0.00593	0.00659	0.01120
25	0.01489	0.31748	0.46588	0.01589	0.02404	0.01942	0.01931	0.02041	0.01370	0.01879	0.01079	0.01262	0.00838	0.00602	0.00548	0.00183	0.00870	0.00435	0.00279	0.00924
26	0.00802	0.00573	0.00764	0.00917	0.00955	0.00535	0.00611	0.00917	0.01260	0.01681	0.03628	0.76434	0.04354	0.02062	0.00840	0.00267	0.00382	0.01872	0.00611	0.00535
27	0.01760	0.77260	0.03450	0.01126	0.01690	0.02605	0.01126	0.01971	0.01338	0.01549	0.00915	0.01056	0.00845	0.00563	0.00422	0.00141	0.00704	0.00352	0.00282	0.00845
28	0.01760	0.77260	0.03450	0.01126	0.01690	0.02605	0.01126	0.01971	0.01338	0.01549	0.00915	0.01056	0.00845	0.00563	0.00422	0.00141	0.00704	0.00352	0.00282	0.00845
29	0.02412	0.01799	0.01925	0.01496	0.02007	0.01999	0.01229	0.63568	0.10236	0.04003	0.01695	0.01672	0.01212	0.00801	0.00660	0.00200	0.00703	0.00609	0.00660	0.01111
30	0.01689	0.65262	0.14822	0.01248	0.01878	0.02430	0.01339	0.01990	0.01346	0.01636	0.00958	0.01110	0.00843	0.00573	0.00455	0.00152	0.00748	0.00374	0.00281	0.00866
31	0.01760	0.77260	0.03450	0.01126	0.01690	0.02605	0.01126	0.01971	0.01338	0.01549	0.00915	0.01056	0.00845	0.00563	0.00422	0.00141	0.00704	0.00352	0.00282	0.00845
32	0.01736	0.62984	0.13169	0.01262	0.01870	0.06255	0.01317	0.02022	0.01373	0.01627	0.00958	0.01110	0.00843	0.00578	0.00460	0.00152	0.00767	0.00375	0.00284	0.00858
33	0.00940	0.00705	0.01058	0.01058	0.01176	0.00823	0.00823	0.01176	0.01058	0.01528	0.01763	0.02586	0.01646	0.04937	0.74255	0.01058	0.01763	0.00705	0.00353	0.00588
34	0.00831	0.00595	0.00790	0.00897	0.00961	0.00554	0.00613	0.00989	0.01394	0.01893	0.18851	0.60606	0.04765	0.01904	0.00826	0.00254	0.00366	0.01721	0.00636	0.00554
35	0.01423	0.01615	0.01127	0.01062	0.01329	0.28826	0.00796	0.01591	0.01641	0.01714	0.04500	0.04360	0.44996	0.01288	0.00707	0.00202	0.00661	0.01019	0.00507	0.00635
36	0.02169	0.01587	0.01725	0.01379	0.01801	0.01741	0.01116	0.55190	0.02667	0.03570	0.01805	0.02438	0.01515	0.11527	0.01056	0.00268	0.00703	0.06149	0.00618	0.00977
37	0.12778	0.08856	0.46001	0.01615	0.02403	0.01692	0.01894	0.13179	0.01625	0.02498	0.01188	0.01349	0.00864	0.00645	0.00584	0.00201	0.00846	0.00475	0.00358	0.00950
38	0.63734	0.01523	0.11111	0.01004	0.01470	0.01415	0.00946	0.01900	0.01219	0.02807	0.06765	0.01427	0.01177	0.00673	0.00468	0.00205	0.00558	0.00442	0.00415	0.00742
39	0.01379	0.13307	0.64068	0.01776	0.02694	0.01673	0.02257	0.02070	0.01383	0.02013	0.01146	0.01345	0.00835	0.00617	0.00598	0.00199	0.00937	0.00468	0.00278	0.00956
40	0.04389	0.37162	0.38793	0.01497	0.02262	0.02020	0.01773	0.02027	0.01356	0.01870	0.01050	0.01226	0.00835	0.00596	0.00525	0.00177	0.00833	0.00420	0.00284	0.00905
41	0.01711	0.49074	0.22674	0.01394	0.02047	0.09775	0.01503	0.02071	0.01407	0.01704	0.01000	0.01162	0.00842	0.00592	0.00497	0.00163	0.00829	0.00397	0.00287	0.00872
42	0.81514	0.01273	0.00968	0.00866	0.01273	0.01477	0.00713	0.01935	0.01120	0.02954	0.00917	0.01069	0.00713	0.00611	0.00407	0.00204	0.00509	0.00356	0.00407	0.00713
43	0.01544	0.01418	0.01891	0.01469	0.04473	0.03742	0.12200	0.06699	0.07244	0.02309	0.01345	0.01539	0.01071	0.00563	0.00571	0.00141	0.00643	0.00504	0.00418	0.50217
44	0.01760	0.77260	0.03450	0.01126	0.01690	0.02605	0.01126	0.01971	0.01338	0.01549	0.00915	0.01056	0.00845	0.00563	0.00422	0.00141	0.00704	0.00352	0.00282	0.00845
45	0.01250	0.05440	0.54890	0.01618	0.02395	0.01366	0.01985	0.01894	0.01493	0.02189	0.16936	0.02159	0.02025	0.00783	0.00652	0.00206	0.00817	0.00637	0.00377	0.00891
46	0.02459	0.03138	0.01866	0.01696	0.02035	0.74221	0.01272	0.02629	0.01866	0.01611	0.01018	0.01187	0.00848	0.00678	0.00594	0.00170	0.01187	0.00424	0.00339	0.00763
47	0.00815	0.00621	0.00754	0.00852	0.00965	0.00560	0.00608	0.00963	0.01367	0.01739	0.04698	0.45902	0.28534	0.01902	0.00824	0.00254	0.00383	0.07102	0.00611	0.00548
48	0.01001	0.00723	0.00983	0.01088	0.01235	0.00704	0.00913	0.01284	0.01561	0.02064	0.16691	0.12229	0.07936	0.01740	0.00872	0.00278	0.00519	0.46949	0.00629	0.00601
49	0.00802	0.00573	0.00764	0.00917	0.00955	0.00535	0.00611	0.00917	0.01260	0.01681	0.03628	0.76434	0.04354	0.02062	0.00840	0.00267	0.00382	0.01872	0.00611	0.00535
50	0.01227	0.00614	0.00614	0.00614	0.00767	0.00614	0.00460	0.01534	0.01381	0.02454	0.02148	0.02454	0.01687	0.00767	0.00460	0.00153	0.00307	0.00614	0.80518	0.00614
51	0.00802	0.00573	0.00764	0.00917	0.00955	0.00535	0.00611	0.00917	0.01260	0.01681	0.03628	0.76434	0.04354	0.02062	0.00840	0.00267	0.00382	0.01872	0.00611	0.00535
52	0.00940	0.00705	0.01058	0.01058	0.01176	0.00823	0.00823	0.01176	0.01058	0.01528	0.01763	0.02586	0.01646	0.04937	0.74255	0.01058	0.01763	0.00705	0.00353	0.00588
53	0.01571	0.45461	0.33591	0.01449	0.02189	0.02142	0.01689	0.02020	0.01360	0.01780	0.01030	0.01200	0.00840	0.00590	0.00510	0.00170	0.00820	0.00410	0.00280	0.00900
54	0.01629	0.01564	0.02672	0.04041	0.72757	0.01564	0.02020	0.02020	0.01499	0.02151	0.01238	0.01629	0.01043	0.00587	0.00652	0.00196	0.00782	0.00587	0.00326	0.01043
55	0.00932	0.00673	0.00880	0.00828	0.00984	0.00621	0.00621	0.01242	0.01863	0.02640	0.72410	0.04918	0.06212	0.01346	0.00776	0.00207	0.00311	0.01191	0.00725	0.00621
56	0.01317	0.01091	0.01210	0.01177	0.01421	0.01214	0.00877	0.02507	0.44586	0.02342	0.03044	0.30846	0.02909	0.01342	0.00735	0.00240	0.00468	0.01177	0.00647	0.00847
57	0.01243	0.01170	0.01975	0.75282	0.04534	0.01463	0.01828	0.01682	0.01316	0.01682	0.01170	0.01755	0.00878	0.00658	0.00658	0.00219	0.00878	0.00585	0.00293	0.00731
58	0.01412	0.01119	0.01256	0.01138	0.01431	0.01224	0.00878	0.02622	0.42389	0.05166	0.29437	0.03393	0.03609	0.01064	0.00710	0.00216	0.00442	0.00913	0.00696	0.00883
59	0.01629	0.01564	0.02672	0.04041	0.72757	0.01564	0.02020	0.02020	0.01499	0.02151	0.01238	0.01629	0.01043	0.00587	0.00652	0.00196	0.00782	0.00587	0.00326	0.01043
60	0.02764	0.01895	0.01657	0.01373	0.01817	0.29080	0.01084	0.02986	0.01877	0.45735	0.01991	0.01836	0.01330	0.00762	0.00636	0.00191	0.00801	0.00571	0.00632	0.00983
61	0.01391	0.01321	0.02242	0.47942	0.30716	0.01502	0.01902	0.01812	0.01386	0.01862	0.01196	0.01707	0.00941	0.00631	0.00656	0.00210	0.00841	0.00586	0.00305	0.00851
62	0.01144	0.00572	0.00858	0.00858	0.00858	0.00572	0.00572	0.00858	0.00858	0.01144	0.01144	0.02001	0.01144	0.02287	0.02573	0.80846	0.00572	0.00572	0.00286	0.00286
63	0.01629	0.01564	0.02672	0.04041	0.72757	0.01564	0.02020	0.02020	0.01499	0.02151	0.01238	0.01629	0.01043	0.00587	0.00652	0.00196	0.00782	0.00587	0.00326	0.01043
64	0.01227	0.00614	0.00614	0.00614	0.00767	0.00614	0.00460	0.01534	0.01381	0.02454	0.02148	0.02454	0.01687	0.00767	0.00460	0.00153	0.00307	0.00614	0.80518	0.00614
65	0.02453	0.02297	0.01895	0.01565	0.02012	0.29690	0.01240	0.39059	0.06223	0.05022	0.01451	0.01494	0.01077	0.00753	0.00634	0.00188	0.00887	0.00538	0.00541	0.00979
66	0.00802	0.00573	0.00764	0.00917	0.00955	0.00535	0.00611	0.00917	0.01260	0.01681	0.03628	0.76434	0.04354	0.02062	0.00840	0.00267	0.00382	0.01872	0.00611	0.00535
67	0.01629	0.01564	0.02672	0.04041	0.72757	0.01564	0.02020	0.02020	0.01499	0.02151	0.01238	0.01629	0.01043	0.00587	0.00652	0.00196	0.00782	0.00587	0.00326	0.01043
68	0.01724	0.71257	0.09140	0.01187	0.01784	0.02517	0.01233	0.01981	0.01342	0.01592	0.00937	0.01083	0.00844	0.00568	0.00439	0.00146	0.00726	0.00363	0.00281	0.00855
69	0.81514	0.01273	0.00968	0.00866	0.01273	0.01477	0.00713	0.01935	0.01120	0.02954	0.00917	0.01069	0.00713	0.00611	0.00407	0.00204	0.00509	0.00356	0.00407	0.00713
70	0.00847	0.00654	0.00773	0.00776	0.00940	0.00580	0.00569	0.01066	0.01615	0.02128	0.34043	0.17122	0.33326	0.01595	0.00787	0.00223	0.00332	0.01383	0.00659	0.00580
71	0.02113	0.00934	0.01258	0.01029	0.01391	0.00824	0.00824	0.02391	0.01876	0.43862	0.31632	0.03354	0.03535	0.01036	0.00710	0.00205	0.00456	0.00882	0.00777	0.00913
72	0.01637	0.01414	0.01489	0.01340	0.01712	0.01637	0.01042	0.03498	0.71568	0.02754	0.02679	0.02456	0.02010	0.00893	0.00670	0.00223	0.00521	0.00744	0.00670	0.01042
73	0.00802	0.00668	0.00700	0.00692	0.00904	0.00566	0.00519	0.00991	0.01557	0.01913	0.16941	0.06114	0.62134	0.01617	0.00778	0.00220	0.00330	0.01358	0.00629	0.00566
74	0.02380	0.13015	0.02068	0.01605	0.01979	0.62531	0.01244	0.02557	0.01795	0.03647	0.01049	0.01200	0.00870	0.00667	0.00573	0.00167	0.01105	0.00421	0.00345	0.00784
75	0.01460	0.01501	0.01890	0.35530	0.02997	0.11782	0.01527	0.01734	0.01267	0.01613	0.01107	0.01739	0.00969	0.05865	0.01328	0.00263	0.25831	0.00584	0.00305	0.00710
76	0.01680	0.01699	0.02498	0.12069	0.56684	0.09901	0.01912	0.02051	0.01520	0.02034	0.01205	0.01593	0.01001	0.00605	0.00646	0.00195	0.00840	0.00568	0.00324	0.00974
77	0.01760	0.77260	0.03450	0.01126	0.01690	0.02605	0.01126	0.01971	0.01338	0.01549	0.00915	0.01056	0.00845	0.00563	0.00422	0.00141	0.00704	0.00352	0.00282	0.00845
78	0.00942	0.00700	0.01032	0.01032	0.01140	0.00809	0.00790	0.01159	0.01050	0.01509	0.01787	0.02720	0.01704	0.10508	0.68764	0.01026	0.01676	0.00725	0.00356	0.00573
79	0.02235	0.01347	0.01556	0.01294	0.01735	0.01424	0.01036	0.10561	0.37500	0.29943	0.02530	0.02280	0.01769	0.00852	0.00666	0.00213	0.00558	0.00697	0.00724	0.01080
80	0.00957	0.00638	0.00718	0.00718	0.00718	0.00638	0.00399	0.00957	0.00957	0.01276	0.02074	0.04308	0.02393	0.76864	0.03351	0.00638	0.00638	0.00957	0.00399	0.00399
81	0.01554	0.01776	0.03885	0.02775	0.03441	0.01665	0.70366	0.02109	0.01554	0.02109	0.01332	0.01776	0.00999	0.00555	0.00777	0.00222	0.01110	0.00777	0.00333	0.00888
82	0.01629	0.01564	0.02672	0.04041	0.72757	0.01564	0.02020	0.02020	0.01499	0.02151	0.01238	0.01629	0.01043	0.00587	0.00652	0.00196	0.00782	0.00587	0.00326	0.01043
83	0.02834	0.01313	0.01647	0.01263	0.01777	0.01253	0.01043	0.21134	0.02207	0.54832	0.02327	0.02065	0.01494	0.00808	0.00661	0.00202	0.00604	0.00644	0.00773	0.01120
84	0.01577	0.01802	0.03735	0.02693	0.03318	0.03930	0.65032	0.02101	0.01538	0.02069	0.01300	0.01742	0.00988	0.00586	0.00835	0.00223	0.04565	0.00757	0.00331	0.00876
85	0.31856	0.00903	0.00914	0.00843	0.01095	0.00950	0.00656	0.01508	0.01578	0.02760	0.44973	0.03441	0.04101	0.01064	0.00635	0.00206	0.00387	0.00870	0.00603	0.00656
86	0.01320	0.03405	0.73453	0.01876	0.02849	0.01529	0.02432	0.02085	0.01390	0.02085	0.01181	0.01390	0.00834	0.00625	0.00625	0.00208	0.00973	0.00486	0.00278	0.00973
87	0.02640	0.01328	0.01621	0.01275	0.01766	0.01314	0.01042	0.18162	0.13472	0.46482	0.02386	0.02130	0.01578	0.00822	0.00663	0.00206	0.00590	0.00660	0.00757	0.01107
88	0.01320	0.03405	0.73453	0.01876	0.02849	0.01529	0.02432	0.02085	0.01390	0.02085	0.01181	0.01390	0.00834	0.00625	0.00625	0.00208	0.00973	0.00486	0.00278	0.00973
89	0.01144	0.00572	0.00858	0.00858	0.00858	0.00572	0.00572	0.00858	0.00858	0.01144	0.01144	0.02001	0.01144	0.02287	0.02573	0.80846	0.00572	0.00572	0.00286	0.00286

[dist]
# distance from previous block
# <min> <max>
0	1

# created by:
# /home/berkeley/.conda/envs/busco_data_prod/bin/msa2prfl.pl pipeline/OGs_align_augustus/4893/7590.fs
