[name]
unknown

[dist]
# distance from previous block
# <min> <max>
2	24

[block]
# block no. 0 follows, 27 sequences, length 28
# corresponding to MSA columns:
# 24-37,42-55
name=unknown_A
#
# <colnr> <probs for GDERKNQSTAVLIFYWHMCP>
#	G	D	E	R	K	N	Q	S	T	A	V	L	I	F	Y	W	H	M	C	P
0	0.02592	0.02067	0.02160	0.01793	0.05500	0.06975	0.01391	0.49284	0.07048	0.04061	0.01751	0.01791	0.01283	0.00846	0.00720	0.00212	0.00818	0.00644	0.00672	0.08392
1	0.02870	0.03763	0.02134	0.01605	0.02173	0.04650	0.06407	0.20639	0.05673	0.36520	0.02402	0.02369	0.01650	0.00909	0.00753	0.00230	0.00767	0.02519	0.00772	0.01195
2	0.01551	0.01569	0.03017	0.30395	0.09458	0.01650	0.27555	0.02074	0.01636	0.02172	0.01723	0.02773	0.01468	0.00852	0.00830	0.00258	0.01046	0.08671	0.00395	0.00906
3	0.13135	0.01401	0.01612	0.01327	0.01766	0.05384	0.03391	0.06659	0.06113	0.29945	0.10961	0.02753	0.02324	0.04772	0.04893	0.00309	0.00742	0.00785	0.00716	0.01013
4	0.01934	0.02175	0.06110	0.02971	0.07850	0.09145	0.50164	0.02493	0.01797	0.05614	0.01521	0.01933	0.01140	0.00660	0.00833	0.00241	0.01201	0.00803	0.00400	0.01014
5	0.01032	0.00765	0.01052	0.05745	0.01470	0.00753	0.00917	0.01268	0.01583	0.02094	0.10085	0.40825	0.07792	0.02048	0.00946	0.00301	0.00528	0.19472	0.00676	0.00650
6	0.01402	0.01319	0.02227	0.72126	0.05113	0.01649	0.02062	0.01897	0.01484	0.01897	0.01319	0.01979	0.00990	0.00742	0.00742	0.00247	0.00990	0.00660	0.00330	0.00825
7	0.02616	0.03264	0.06382	0.06093	0.02521	0.54893	0.01551	0.09902	0.02186	0.02171	0.01239	0.01440	0.00991	0.00774	0.00684	0.00201	0.01245	0.00514	0.00415	0.00918
8	0.06599	0.04930	0.10440	0.02504	0.03171	0.20629	0.36179	0.02518	0.01791	0.02259	0.01345	0.01703	0.01036	0.00676	0.00764	0.00228	0.01204	0.00690	0.00374	0.00960
9	0.00915	0.00650	0.00858	0.01020	0.01061	0.00610	0.00675	0.01036	0.01401	0.01868	0.03988	0.69360	0.04779	0.06570	0.01115	0.00326	0.00448	0.02049	0.00675	0.00594
10	0.00904	0.00646	0.00861	0.01034	0.01077	0.00603	0.00689	0.01034	0.01421	0.01895	0.04092	0.73426	0.04910	0.02326	0.00948	0.00301	0.00431	0.02110	0.00689	0.00603
11	0.05697	0.02181	0.02515	0.02110	0.05698	0.14629	0.11945	0.23892	0.06188	0.03027	0.01504	0.01746	0.01170	0.00883	0.01031	0.00241	0.13325	0.00662	0.00516	0.01040
12	0.08264	0.10656	0.06549	0.01716	0.02249	0.30551	0.01444	0.24609	0.02417	0.02933	0.01355	0.01479	0.01048	0.00785	0.00660	0.00204	0.01029	0.00533	0.00500	0.01019
13	0.01945	0.64430	0.03824	0.01450	0.02054	0.02817	0.06117	0.02207	0.01503	0.01796	0.01063	0.01278	0.00967	0.00676	0.00629	0.00176	0.05349	0.00448	0.00322	0.00947
14	0.01013	0.00806	0.00932	0.00922	0.01138	0.00755	0.00704	0.01344	0.04968	0.02243	0.20112	0.06112	0.37757	0.04573	0.08670	0.00372	0.00590	0.05635	0.00681	0.00672
15	0.79154	0.01436	0.01091	0.00976	0.01436	0.01665	0.00804	0.02182	0.01263	0.03331	0.01034	0.01206	0.00804	0.00689	0.00459	0.00230	0.00574	0.00402	0.00459	0.00804
16	0.08540	0.26741	0.04794	0.01620	0.02128	0.36638	0.01370	0.06423	0.01905	0.02101	0.01144	0.01313	0.00961	0.00722	0.00594	0.00187	0.01059	0.00459	0.00386	0.00918
17	0.01194	0.00868	0.00924	0.00867	0.01141	0.00771	0.00654	0.05396	0.01791	0.07142	0.06387	0.08596	0.53522	0.06149	0.01038	0.00278	0.00445	0.01439	0.00695	0.00702
18	0.02137	0.52378	0.08365	0.01472	0.02094	0.14684	0.01416	0.06295	0.01737	0.01982	0.01120	0.01281	0.00971	0.00679	0.00543	0.00174	0.00913	0.00439	0.00354	0.00966
19	0.01417	0.00850	0.01013	0.00925	0.01203	0.00740	0.00705	0.01658	0.01852	0.15643	0.22417	0.08255	0.34529	0.04265	0.00961	0.00261	0.00435	0.01348	0.00760	0.00765
20	0.07100	0.01544	0.01891	0.09705	0.02379	0.01660	0.03297	0.13480	0.24114	0.23181	0.02430	0.02329	0.01705	0.00900	0.00735	0.00239	0.00704	0.00738	0.00723	0.01147
21	0.06663	0.15585	0.08506	0.02271	0.08369	0.07894	0.22287	0.02226	0.01649	0.02254	0.06288	0.01961	0.01497	0.00936	0.03242	0.00259	0.06082	0.00693	0.00395	0.00943
22	0.01765	0.06955	0.57456	0.01965	0.02968	0.01697	0.02444	0.02518	0.01641	0.11552	0.01536	0.01680	0.01064	0.00731	0.00700	0.00231	0.01019	0.00568	0.00397	0.01113
23	0.01647	0.05170	0.04610	0.05388	0.04446	0.03697	0.08155	0.04022	0.22726	0.02476	0.05122	0.06190	0.08226	0.01092	0.00996	0.00249	0.10556	0.00890	0.00554	0.03786
24	0.07269	0.01288	0.01581	0.12532	0.02244	0.01131	0.01071	0.01909	0.01540	0.04470	0.01672	0.02072	0.03699	0.00706	0.00610	0.00158	0.00623	0.02850	0.00457	0.52119
25	0.01417	0.01152	0.01260	0.07937	0.01732	0.06003	0.00945	0.01861	0.08102	0.07278	0.15322	0.10247	0.24404	0.01452	0.00824	0.00243	0.00566	0.03988	0.00665	0.04602
26	0.12358	0.11946	0.02246	0.01754	0.07251	0.16040	0.03526	0.13764	0.02037	0.08500	0.01598	0.01990	0.01304	0.00818	0.00658	0.00207	0.00860	0.04424	0.00515	0.08204
27	0.17820	0.01559	0.04341	0.04576	0.05606	0.04738	0.07548	0.02543	0.03771	0.20565	0.05075	0.02558	0.03858	0.00892	0.00701	0.00226	0.00733	0.04026	0.00597	0.08267

[dist]
# distance from previous block
# <min> <max>
7	164

[block]
# block no. 1 follows, 27 sequences, length 8
# corresponding to MSA columns:
# 240-247
name=unknown_B
#
# <colnr> <probs for GDERKNQSTAVLIFYWHMCP>
#	G	D	E	R	K	N	Q	S	T	A	V	L	I	F	Y	W	H	M	C	P
0	0.07664	0.01806	0.02227	0.14835	0.17832	0.05308	0.01622	0.23629	0.05951	0.03148	0.01556	0.01801	0.01188	0.00769	0.00701	0.00217	0.00835	0.00627	0.00520	0.07763
1	0.14443	0.01665	0.02240	0.23822	0.19677	0.01866	0.01728	0.20507	0.02071	0.03051	0.01424	0.01763	0.01084	0.00756	0.00695	0.00231	0.00847	0.00621	0.00478	0.01033
2	0.02472	0.01757	0.02077	0.02185	0.16626	0.09112	0.01468	0.15384	0.07530	0.21597	0.02305	0.02820	0.01811	0.00983	0.00769	0.00237	0.00802	0.08278	0.00665	0.01124
3	0.01679	0.01374	0.01899	0.13442	0.08365	0.04879	0.03948	0.09211	0.01727	0.06350	0.01979	0.02987	0.01756	0.02460	0.22941	0.00551	0.04792	0.08305	0.00483	0.00872
4	0.02822	0.02079	0.02228	0.01708	0.02302	0.02302	0.01411	0.66804	0.03490	0.04679	0.01782	0.01782	0.01262	0.00891	0.00743	0.00223	0.00817	0.00668	0.00743	0.01262
5	0.01045	0.00777	0.00970	0.01064	0.01163	0.00770	0.00732	0.01425	0.09414	0.02125	0.10897	0.52791	0.04667	0.07097	0.01115	0.00317	0.00461	0.01803	0.00694	0.00671
6	0.02139	0.02219	0.02720	0.02152	0.02692	0.17299	0.22602	0.10721	0.23984	0.02769	0.01960	0.02083	0.01483	0.00815	0.00774	0.00234	0.00999	0.00750	0.00547	0.01059
7	0.02287	0.01969	0.02976	0.02193	0.02847	0.04800	0.27515	0.26611	0.02423	0.08068	0.01675	0.01879	0.01218	0.00744	0.00772	0.00221	0.00971	0.00725	0.00560	0.09546

[dist]
# distance from previous block
# <min> <max>
0	2

[block]
# block no. 2 follows, 27 sequences, length 10
# corresponding to MSA columns:
# 250-259
name=unknown_C
#
# <colnr> <probs for GDERKNQSTAVLIFYWHMCP>
#	G	D	E	R	K	N	Q	S	T	A	V	L	I	F	Y	W	H	M	C	P
0	0.20071	0.01934	0.01971	0.01543	0.02106	0.02158	0.01274	0.52202	0.02987	0.04374	0.01613	0.01652	0.01159	0.00846	0.00679	0.00224	0.00762	0.00608	0.00679	0.01159
1	0.00958	0.00728	0.00811	0.00830	0.00971	0.00658	0.00565	0.01103	0.01526	0.01939	0.12461	0.15939	0.33981	0.22257	0.01707	0.00389	0.00478	0.01483	0.00636	0.00582
2	0.02586	0.01962	0.02095	0.01660	0.02212	0.02192	0.01354	0.51575	0.19105	0.04297	0.02083	0.02022	0.01506	0.00919	0.00746	0.00230	0.00761	0.00710	0.00746	0.01241
3	0.08876	0.02937	0.01992	0.01762	0.02185	0.47576	0.01351	0.12277	0.09642	0.02500	0.01441	0.01553	0.01136	0.00804	0.00673	0.00206	0.01116	0.00540	0.00483	0.00950
4	0.01032	0.00700	0.00824	0.00870	0.00882	0.00688	0.00515	0.01067	0.01172	0.01563	0.02814	0.23447	0.03298	0.54504	0.03011	0.00606	0.00641	0.01359	0.00515	0.00491
5	0.01090	0.00709	0.00827	0.00836	0.00838	0.00707	0.00480	0.01067	0.01087	0.01449	0.02333	0.08142	0.02683	0.63704	0.03553	0.07809	0.00698	0.01093	0.00450	0.00446
6	0.01741	0.01665	0.02839	0.19556	0.55035	0.01738	0.02230	0.02194	0.01645	0.02308	0.01379	0.01869	0.01135	0.00679	0.00737	0.00226	0.00906	0.00661	0.00359	0.01098
7	0.24556	0.01438	0.01695	0.01460	0.01754	0.04886	0.07063	0.03727	0.01452	0.05002	0.01833	0.11811	0.01817	0.07802	0.01316	0.00305	0.14940	0.03695	0.00486	0.02961
8	0.01614	0.01526	0.02543	0.35525	0.34718	0.01655	0.02076	0.02072	0.01584	0.02181	0.01355	0.01881	0.01084	0.00691	0.00725	0.00225	0.00908	0.00645	0.00355	0.06636
9	0.16089	0.02009	0.02416	0.09991	0.07558	0.14400	0.13447	0.09002	0.01816	0.04590	0.01338	0.01662	0.01045	0.00776	0.00857	0.00232	0.07837	0.00614	0.00438	0.03883

[dist]
# distance from previous block
# <min> <max>
7	48

[block]
# block no. 3 follows, 27 sequences, length 10
# corresponding to MSA columns:
# 310-319
name=unknown_D
#
# <colnr> <probs for GDERKNQSTAVLIFYWHMCP>
#	G	D	E	R	K	N	Q	S	T	A	V	L	I	F	Y	W	H	M	C	P
0	0.08203	0.39619	0.11805	0.01834	0.09750	0.13658	0.01564	0.02364	0.01614	0.02040	0.01131	0.01338	0.00965	0.00673	0.00565	0.00187	0.00914	0.00460	0.00345	0.00970
1	0.02055	0.42040	0.21157	0.01558	0.02288	0.08527	0.01660	0.02460	0.01638	0.08590	0.01309	0.01436	0.01037	0.00693	0.00581	0.00189	0.00908	0.00479	0.00381	0.01013
2	0.13751	0.33083	0.24792	0.01506	0.02258	0.02167	0.01661	0.02395	0.01551	0.08862	0.01316	0.01447	0.01013	0.00694	0.00575	0.00201	0.00843	0.00481	0.00397	0.01007
3	0.15477	0.21314	0.30685	0.01548	0.02303	0.01905	0.01746	0.02291	0.01577	0.06710	0.06788	0.01789	0.01469	0.00764	0.00619	0.00214	0.00835	0.00560	0.00420	0.00986
4	0.01662	0.25931	0.30132	0.01540	0.02267	0.01860	0.01733	0.02158	0.01632	0.06565	0.07432	0.05225	0.07098	0.00923	0.00671	0.00214	0.00823	0.00722	0.00441	0.00971
5	0.01316	0.06140	0.10433	0.01214	0.01596	0.01206	0.01092	0.02064	0.15124	0.02767	0.37799	0.04299	0.09462	0.01277	0.00803	0.00234	0.00527	0.01092	0.00696	0.00859
6	0.00992	0.00751	0.00918	0.00966	0.01125	0.00701	0.00726	0.01209	0.01620	0.02101	0.14977	0.18172	0.26950	0.08526	0.06372	0.00383	0.00581	0.11634	0.00666	0.00630
7	0.01112	0.09877	0.06858	0.01099	0.01374	0.01012	0.00939	0.01364	0.01590	0.02052	0.09182	0.30928	0.20800	0.01790	0.00854	0.00264	0.00531	0.07045	0.00623	0.00706
8	0.05738	0.19184	0.22982	0.01559	0.02238	0.08616	0.01614	0.02488	0.07427	0.07342	0.07654	0.01976	0.01683	0.00800	0.00650	0.00206	0.00843	0.00605	0.00466	0.05930
9	0.02049	0.50968	0.13687	0.01514	0.02175	0.14859	0.01525	0.02375	0.01623	0.01851	0.01099	0.01275	0.00951	0.00669	0.00546	0.00176	0.00937	0.00435	0.00328	0.00958

[dist]
# distance from previous block
# <min> <max>
0	2

[block]
# block no. 4 follows, 27 sequences, length 13
# corresponding to MSA columns:
# 322-334
name=unknown_E
#
# <colnr> <probs for GDERKNQSTAVLIFYWHMCP>
#	G	D	E	R	K	N	Q	S	T	A	V	L	I	F	Y	W	H	M	C	P
0	0.04386	0.07833	0.02164	0.01667	0.02121	0.16427	0.07978	0.15211	0.05630	0.07308	0.02521	0.03316	0.07370	0.01098	0.00771	0.00238	0.00880	0.11540	0.00584	0.00956
1	0.14245	0.09533	0.02103	0.01528	0.04017	0.01953	0.01236	0.29917	0.06582	0.16258	0.01855	0.01827	0.01323	0.00826	0.00666	0.00216	0.00721	0.00616	0.00666	0.03912
2	0.01635	0.09233	0.01565	0.01221	0.01534	0.06022	0.00971	0.04906	0.12034	0.07918	0.08050	0.12577	0.13449	0.06478	0.01012	0.00283	0.00628	0.08993	0.00651	0.00841
3	0.00990	0.00726	0.00976	0.01096	0.01203	0.00711	0.00818	0.01197	0.01492	0.01980	0.06234	0.40540	0.10457	0.02717	0.12091	0.00444	0.00721	0.14327	0.00646	0.00634
4	0.02036	0.01689	0.01786	0.01549	0.02003	0.01935	0.01221	0.16180	0.55394	0.03412	0.02780	0.02578	0.02071	0.00985	0.00753	0.00246	0.00632	0.00806	0.00753	0.01192
5	0.01084	0.00746	0.00923	0.00959	0.01005	0.00761	0.00641	0.01179	0.01211	0.01623	0.02638	0.09245	0.02957	0.49604	0.12173	0.00701	0.00866	0.10669	0.00493	0.00523
6	0.07710	0.10238	0.02229	0.01789	0.02166	0.52964	0.01394	0.02726	0.01896	0.01909	0.01112	0.01343	0.00947	0.00798	0.00805	0.00203	0.08053	0.00481	0.00376	0.00861
7	0.01985	0.74357	0.03890	0.01270	0.01905	0.02937	0.01270	0.02223	0.01508	0.01747	0.01032	0.01191	0.00953	0.00635	0.00476	0.00159	0.00794	0.00397	0.00318	0.00953
8	0.00881	0.00736	0.00769	0.00795	0.01014	0.00623	0.00583	0.01061	0.01651	0.01989	0.07002	0.17176	0.59282	0.01948	0.00888	0.00258	0.00384	0.01649	0.00689	0.00623
9	0.08395	0.01711	0.02665	0.17001	0.07195	0.01796	0.19154	0.15794	0.05495	0.06023	0.01611	0.01909	0.01193	0.00742	0.00743	0.00230	0.00916	0.00698	0.00499	0.06231
10	0.07377	0.01742	0.02040	0.02070	0.14068	0.01922	0.01413	0.21839	0.30149	0.06154	0.02232	0.02200	0.01663	0.00887	0.00728	0.00235	0.00708	0.00725	0.00669	0.01179
11	0.01468	0.01117	0.01183	0.01159	0.01366	0.05743	0.00873	0.09702	0.01794	0.05036	0.03656	0.21597	0.12589	0.13882	0.01360	0.00347	0.00632	0.12369	0.03401	0.00726
12	0.35524	0.01419	0.01722	0.26648	0.02926	0.01646	0.03746	0.02361	0.08033	0.07329	0.01481	0.01759	0.01099	0.00753	0.00625	0.00239	0.00754	0.00579	0.00471	0.00887

[dist]
# distance from previous block
# <min> <max>
1	3

[block]
# block no. 5 follows, 27 sequences, length 8
# corresponding to MSA columns:
# 338-345
name=unknown_F
#
# <colnr> <probs for GDERKNQSTAVLIFYWHMCP>
#	G	D	E	R	K	N	Q	S	T	A	V	L	I	F	Y	W	H	M	C	P
0	0.68593	0.01480	0.01354	0.01465	0.10703	0.01679	0.01005	0.02195	0.01322	0.03207	0.01083	0.01292	0.00855	0.00685	0.00497	0.00228	0.00616	0.00437	0.00447	0.00855
1	0.01795	0.44191	0.15036	0.06337	0.02359	0.02521	0.01644	0.02146	0.01451	0.01869	0.01094	0.01387	0.00957	0.00773	0.00882	0.00208	0.13603	0.00486	0.00319	0.00944
2	0.01758	0.01557	0.02492	0.13690	0.44051	0.01593	0.01916	0.05656	0.01777	0.05194	0.02306	0.02609	0.10442	0.00863	0.00756	0.00229	0.00815	0.00789	0.00449	0.01058
3	0.01007	0.00732	0.01024	0.01086	0.01169	0.00784	0.00780	0.01189	0.01260	0.01748	0.02788	0.28441	0.03060	0.13298	0.37129	0.00812	0.01265	0.01304	0.00509	0.00614
4	0.60375	0.01953	0.01340	0.01206	0.01647	0.18695	0.00959	0.02375	0.01470	0.02959	0.01062	0.01239	0.00841	0.00708	0.00511	0.00220	0.00762	0.00421	0.00441	0.00818
5	0.01273	0.01034	0.01360	0.01294	0.01451	0.01189	0.01023	0.01789	0.10621	0.02328	0.20852	0.06556	0.03635	0.05287	0.16441	0.00495	0.12990	0.09023	0.00599	0.00761
6	0.46269	0.01784	0.01513	0.01287	0.01769	0.07596	0.01042	0.18189	0.08707	0.03511	0.01429	0.01518	0.01078	0.00777	0.00576	0.00227	0.00698	0.00518	0.00552	0.00959
7	0.23057	0.06065	0.05914	0.01396	0.01956	0.01850	0.01210	0.19658	0.14748	0.09290	0.01816	0.01817	0.01333	0.00812	0.00638	0.00220	0.00689	0.00597	0.00613	0.06322

[dist]
# distance from previous block
# <min> <max>
1	4

[block]
# block no. 6 follows, 27 sequences, length 11
# corresponding to MSA columns:
# 350-360
name=unknown_G
#
# <colnr> <probs for GDERKNQSTAVLIFYWHMCP>
#	G	D	E	R	K	N	Q	S	T	A	V	L	I	F	Y	W	H	M	C	P
0	0.02047	0.17994	0.02270	0.01491	0.01989	0.02170	0.01237	0.14483	0.41842	0.03074	0.02360	0.02244	0.01797	0.00904	0.00691	0.00226	0.00674	0.00710	0.00655	0.01140
1	0.02368	0.01403	0.01681	0.01449	0.01896	0.01451	0.01193	0.14288	0.19777	0.25516	0.02978	0.03772	0.02397	0.01191	0.00811	0.00260	0.00664	0.15004	0.00792	0.01110
2	0.01608	0.01381	0.01571	0.01192	0.01798	0.01182	0.00946	0.02335	0.16428	0.02573	0.01701	0.01815	0.01361	0.00652	0.00596	0.00142	0.00558	0.00529	0.00511	0.61122
3	0.00953	0.00751	0.00867	0.00894	0.01093	0.00664	0.00678	0.01187	0.01751	0.02232	0.20465	0.15318	0.40101	0.01873	0.00902	0.00263	0.00410	0.08235	0.00717	0.00646
4	0.00889	0.00753	0.00769	0.00765	0.01010	0.00632	0.00573	0.01089	0.01720	0.02073	0.11770	0.07034	0.64687	0.01855	0.00877	0.00249	0.00374	0.01551	0.00698	0.00632
5	0.01539	0.01319	0.01539	0.01100	0.01759	0.00990	0.00880	0.01869	0.01539	0.02419	0.01319	0.01539	0.01100	0.00550	0.00550	0.00110	0.00550	0.00440	0.00440	0.78449
6	0.01762	0.01506	0.01606	0.01450	0.01843	0.01725	0.01125	0.03675	0.60958	0.03092	0.10005	0.03064	0.02769	0.01061	0.00768	0.00250	0.00562	0.00893	0.00762	0.01125
7	0.01009	0.00764	0.00943	0.01048	0.01161	0.00742	0.00727	0.01365	0.08539	0.02091	0.07683	0.55082	0.11862	0.02095	0.00916	0.00287	0.00437	0.01876	0.00703	0.00671
8	0.10448	0.00863	0.01038	0.01078	0.01283	0.00854	0.00869	0.01476	0.01764	0.02563	0.26214	0.11955	0.11688	0.01710	0.00884	0.00278	0.00502	0.23138	0.00703	0.00691
9	0.01736	0.01477	0.01606	0.01451	0.01865	0.01638	0.01147	0.03440	0.53070	0.02928	0.02953	0.03314	0.02386	0.01085	0.00766	0.00248	0.00595	0.08415	0.00714	0.09165
10	0.01870	0.01753	0.02503	0.08357	0.35683	0.04104	0.03929	0.05031	0.23563	0.02665	0.01934	0.02142	0.01515	0.00791	0.00745	0.00233	0.00818	0.00721	0.00506	0.01136

[dist]
# distance from previous block
# <min> <max>
0	5

[block]
# block no. 7 follows, 27 sequences, length 28
# corresponding to MSA columns:
# 366-393
name=unknown_H
#
# <colnr> <probs for GDERKNQSTAVLIFYWHMCP>
#	G	D	E	R	K	N	Q	S	T	A	V	L	I	F	Y	W	H	M	C	P
0	0.14271	0.05694	0.02095	0.14206	0.02442	0.01993	0.01478	0.05433	0.04580	0.07457	0.01336	0.01726	0.01090	0.01000	0.01410	0.00270	0.31574	0.00614	0.00434	0.00895
1	0.23491	0.17893	0.02368	0.01852	0.11488	0.14283	0.01341	0.14514	0.01945	0.02843	0.01246	0.01424	0.01002	0.00725	0.00593	0.00205	0.00846	0.00501	0.00455	0.00986
2	0.02503	0.05845	0.02335	0.02093	0.08028	0.42855	0.03975	0.11191	0.03881	0.02319	0.01309	0.01518	0.01062	0.00786	0.00766	0.00204	0.04508	0.00547	0.00435	0.03842
3	0.01269	0.00947	0.01324	0.01550	0.05277	0.00961	0.01254	0.01716	0.05497	0.02283	0.03740	0.07695	0.03988	0.01915	0.00994	0.00330	0.00689	0.57163	0.00670	0.00739
4	0.02620	0.02670	0.02069	0.01767	0.02231	0.34176	0.01379	0.25527	0.14686	0.03057	0.01714	0.01757	0.01304	0.00854	0.00711	0.00213	0.01018	0.00611	0.00577	0.01059
5	0.02777	0.03421	0.02114	0.01896	0.02296	0.65405	0.01432	0.08104	0.02215	0.02047	0.01199	0.01374	0.00981	0.00775	0.00675	0.00194	0.01297	0.00493	0.00411	0.00893
6	0.01558	0.01307	0.01424	0.01310	0.01652	0.01447	0.01018	0.03030	0.44946	0.02928	0.16811	0.04025	0.10134	0.01246	0.00804	0.00252	0.00522	0.03825	0.00758	0.01001
7	0.01555	0.13199	0.61281	0.02004	0.03039	0.01885	0.02547	0.02334	0.01560	0.02271	0.01292	0.01517	0.00942	0.00696	0.00675	0.00225	0.01057	0.00528	0.00314	0.01078
8	0.01061	0.00795	0.01193	0.01193	0.01326	0.00928	0.00928	0.01326	0.01193	0.01723	0.01988	0.02916	0.01856	0.05568	0.70968	0.01193	0.01988	0.00795	0.00398	0.00663
9	0.01402	0.01319	0.02227	0.72126	0.05113	0.01649	0.02062	0.01897	0.01484	0.01897	0.01319	0.01979	0.00990	0.00742	0.00742	0.00247	0.00990	0.00660	0.00330	0.00825
10	0.01837	0.01764	0.03013	0.04557	0.69279	0.01764	0.02278	0.02278	0.01690	0.02425	0.01396	0.01837	0.01176	0.00661	0.00735	0.00220	0.00882	0.00661	0.00367	0.01176
11	0.01338	0.01090	0.01569	0.06742	0.01766	0.01362	0.01178	0.01561	0.01235	0.04360	0.01798	0.05950	0.01740	0.09407	0.33229	0.00740	0.22977	0.00826	0.00409	0.00722
12	0.01023	0.00772	0.01089	0.01188	0.01318	0.00731	0.03385	0.01242	0.01549	0.02024	0.04285	0.44289	0.10976	0.02132	0.00961	0.00307	0.00534	0.20875	0.00675	0.00645
13	0.02195	0.01659	0.01668	0.01460	0.01880	0.08886	0.01134	0.03548	0.41566	0.17029	0.05283	0.02765	0.02237	0.04212	0.00883	0.00261	0.00673	0.00811	0.00739	0.01110
14	0.02859	0.02257	0.01873	0.01596	0.02066	0.30055	0.01247	0.03401	0.12829	0.30866	0.02208	0.02076	0.01543	0.00870	0.00716	0.00217	0.00916	0.00651	0.00671	0.01083
15	0.01752	0.02003	0.04380	0.03129	0.03880	0.01877	0.66583	0.02378	0.01752	0.02378	0.01502	0.02003	0.01126	0.00626	0.00876	0.00250	0.01252	0.00876	0.00375	0.01001
16	0.01708	0.01631	0.02779	0.24684	0.50165	0.01730	0.02214	0.02165	0.01629	0.02268	0.01373	0.01880	0.01120	0.00686	0.00737	0.00229	0.00914	0.00661	0.00356	0.01071
17	0.01837	0.01764	0.03013	0.04557	0.69279	0.01764	0.02278	0.02278	0.01690	0.02425	0.01396	0.01837	0.01176	0.00661	0.00735	0.00220	0.00882	0.00661	0.00367	0.01176
18	0.01563	0.01281	0.01528	0.01480	0.01760	0.04763	0.03674	0.09738	0.13500	0.02597	0.03246	0.14253	0.03286	0.01748	0.02955	0.00320	0.00743	0.30047	0.00668	0.00849
19	0.03127	0.01594	0.01769	0.01416	0.01951	0.10422	0.01144	0.03560	0.07869	0.54952	0.02701	0.02390	0.01758	0.00906	0.00737	0.00227	0.00722	0.00719	0.00833	0.01202
20	0.01116	0.00811	0.01132	0.03943	0.01464	0.00839	0.00995	0.01380	0.01513	0.02022	0.06876	0.15908	0.03761	0.10894	0.14196	0.00527	0.00885	0.30492	0.00599	0.00648
21	0.02655	0.03045	0.02066	0.01826	0.02247	0.50782	0.01396	0.13131	0.11243	0.02441	0.01501	0.01602	0.01182	0.00818	0.00693	0.00204	0.01155	0.00557	0.00490	0.00966
22	0.02946	0.01566	0.01824	0.05478	0.02153	0.06937	0.01214	0.09380	0.10304	0.46200	0.02599	0.02361	0.01718	0.00905	0.00741	0.00230	0.00721	0.00724	0.00806	0.01195
23	0.01082	0.00777	0.01022	0.01137	0.01266	0.00753	0.00899	0.01323	0.01600	0.02099	0.09630	0.20789	0.09968	0.11461	0.01345	0.00366	0.00582	0.32602	0.00666	0.00633
24	0.02968	0.01614	0.01803	0.01435	0.01962	0.07962	0.01163	0.14308	0.06680	0.44105	0.06187	0.02468	0.01967	0.00938	0.00746	0.00227	0.00712	0.00746	0.00821	0.01188
25	0.01823	0.01854	0.02797	0.20988	0.42677	0.09043	0.05663	0.02261	0.01686	0.02227	0.01357	0.01829	0.01104	0.00690	0.00738	0.00226	0.00977	0.00653	0.00360	0.01046
26	0.01853	0.01955	0.04211	0.03014	0.03753	0.01827	0.62405	0.02457	0.01776	0.06679	0.01593	0.02036	0.01172	0.00644	0.00868	0.00249	0.01212	0.00868	0.00410	0.01018
27	0.06605	0.02243	0.02582	0.04899	0.06307	0.22849	0.18052	0.06162	0.06813	0.06757	0.01672	0.05167	0.01363	0.00852	0.00829	0.00233	0.04438	0.00732	0.00476	0.00966

[dist]
# distance from previous block
# <min> <max>
0	26

[block]
# block no. 8 follows, 27 sequences, length 15
# corresponding to MSA columns:
# 420-434
name=unknown_I
#
# <colnr> <probs for GDERKNQSTAVLIFYWHMCP>
#	G	D	E	R	K	N	Q	S	T	A	V	L	I	F	Y	W	H	M	C	P
0	0.12427	0.25476	0.05260	0.01383	0.01957	0.17586	0.01216	0.02434	0.01669	0.07621	0.01280	0.01418	0.01033	0.00681	0.00564	0.00175	0.00840	0.00459	0.00423	0.16097
1	0.11923	0.01328	0.01503	0.01110	0.01733	0.01090	0.00895	0.02120	0.01573	0.10624	0.01475	0.01614	0.01149	0.00612	0.00562	0.00140	0.00563	0.00472	0.00500	0.59014
2	0.01402	0.01319	0.02227	0.72126	0.05113	0.01649	0.02062	0.01897	0.01484	0.01897	0.01319	0.01979	0.00990	0.00742	0.00742	0.00247	0.00990	0.00660	0.00330	0.00825
3	0.03004	0.01407	0.01765	0.01395	0.01942	0.01353	0.01139	0.10017	0.14486	0.50875	0.02831	0.02497	0.01860	0.00932	0.00748	0.00233	0.00642	0.00756	0.00871	0.01247
4	0.01170	0.00836	0.01166	0.01337	0.01497	0.00832	0.01151	0.01493	0.01683	0.02192	0.03945	0.14231	0.04330	0.02076	0.01018	0.00338	0.00661	0.58685	0.00684	0.00676
5	0.02822	0.02079	0.02228	0.01708	0.02302	0.02302	0.01411	0.66804	0.03490	0.04679	0.01782	0.01782	0.01262	0.00891	0.00743	0.00223	0.00817	0.00668	0.00743	0.01262
6	0.00904	0.00646	0.00861	0.01034	0.01077	0.00603	0.00689	0.01034	0.01421	0.01895	0.04092	0.73426	0.04910	0.02326	0.00948	0.00301	0.00431	0.02110	0.00689	0.00603
7	0.01752	0.02003	0.04380	0.03129	0.03880	0.01877	0.66583	0.02378	0.01752	0.02378	0.01502	0.02003	0.01126	0.00626	0.00876	0.00250	0.01252	0.00876	0.00375	0.01001
8	0.15016	0.01703	0.02001	0.01620	0.02110	0.01893	0.07077	0.24612	0.19448	0.06548	0.01995	0.02067	0.01491	0.01184	0.05346	0.00301	0.03166	0.00699	0.00638	0.01086
9	0.19311	0.01476	0.01422	0.01270	0.01579	0.08558	0.00984	0.15063	0.01757	0.02663	0.01692	0.02404	0.01520	0.12513	0.24012	0.00607	0.01184	0.00687	0.00488	0.00808
10	0.09427	0.02026	0.02083	0.01695	0.02120	0.19799	0.08986	0.05487	0.01712	0.04728	0.01375	0.01780	0.01159	0.04353	0.03990	0.00274	0.11271	0.00595	0.00434	0.16706
11	0.06231	0.02426	0.02132	0.07438	0.02486	0.31410	0.06399	0.11876	0.02093	0.05297	0.01458	0.01790	0.01166	0.00781	0.00688	0.00201	0.01026	0.02473	0.00474	0.12154
12	0.21529	0.01738	0.04442	0.09629	0.02170	0.10562	0.01171	0.04856	0.05297	0.02694	0.08114	0.01960	0.01648	0.00779	0.00624	0.00198	0.00728	0.00587	0.00487	0.20789
13	0.05379	0.01831	0.01731	0.05361	0.02035	0.20834	0.03804	0.06677	0.01739	0.02188	0.01745	0.02623	0.01594	0.04735	0.19227	0.00486	0.01240	0.06359	0.00449	0.09962
14	0.01623	0.01492	0.01750	0.03952	0.01991	0.07477	0.06442	0.05623	0.09183	0.02515	0.08692	0.07160	0.04918	0.01149	0.03263	0.00233	0.00737	0.03176	0.00547	0.28076

[dist]
# distance from previous block
# <min> <max>
15	122

[block]
# block no. 9 follows, 27 sequences, length 15
# corresponding to MSA columns:
# 578-592
name=unknown_J
#
# <colnr> <probs for GDERKNQSTAVLIFYWHMCP>
#	G	D	E	R	K	N	Q	S	T	A	V	L	I	F	Y	W	H	M	C	P
0	0.07267	0.01871	0.01887	0.04017	0.02124	0.18605	0.07309	0.04317	0.01831	0.08680	0.05555	0.05539	0.03668	0.00895	0.00697	0.00199	0.00830	0.02813	0.00519	0.21377
1	0.10058	0.01758	0.01834	0.01477	0.01980	0.14034	0.07675	0.06381	0.01840	0.04973	0.06157	0.02587	0.05558	0.00883	0.00685	0.00195	0.00775	0.04802	0.00516	0.25834
2	0.14607	0.04811	0.04418	0.01781	0.02272	0.17974	0.14719	0.09501	0.01917	0.02629	0.06192	0.09115	0.01819	0.00932	0.00717	0.00224	0.00916	0.00792	0.00493	0.04172
3	0.32748	0.04772	0.04835	0.01808	0.02409	0.01724	0.22578	0.02490	0.05887	0.08997	0.01513	0.01716	0.01123	0.00703	0.00655	0.00231	0.00830	0.00625	0.00482	0.03874
4	0.01560	0.05552	0.01943	0.01320	0.01959	0.01188	0.07571	0.01911	0.01540	0.02338	0.01358	0.01642	0.01136	0.00839	0.04459	0.00187	0.00714	0.00501	0.00424	0.61857
5	0.01446	0.01365	0.02306	0.65271	0.11623	0.01661	0.02084	0.01935	0.01505	0.01950	0.01327	0.01965	0.01009	0.00734	0.00741	0.00245	0.00979	0.00660	0.00334	0.00860
6	0.02490	0.01528	0.01755	0.01464	0.01958	0.01623	0.01170	0.10689	0.37079	0.27417	0.02853	0.02574	0.02001	0.00963	0.00751	0.00241	0.00629	0.00787	0.00813	0.01217
7	0.01173	0.00838	0.01169	0.01340	0.01501	0.00834	0.01155	0.01497	0.01686	0.02195	0.03944	0.13616	0.04324	0.02073	0.01019	0.00339	0.00663	0.59273	0.00684	0.00677
8	0.02822	0.02079	0.02228	0.01708	0.02302	0.02302	0.01411	0.66804	0.03490	0.04679	0.01782	0.01782	0.01262	0.00891	0.00743	0.00223	0.00817	0.00668	0.00743	0.01262
9	0.00953	0.00681	0.00917	0.01089	0.01154	0.00645	0.00774	0.01118	0.01469	0.01950	0.04065	0.62580	0.04804	0.02280	0.00961	0.00308	0.00473	0.12476	0.00688	0.00616
10	0.07134	0.01502	0.01905	0.01640	0.02065	0.03655	0.09907	0.03033	0.31953	0.09809	0.02809	0.06498	0.02369	0.01144	0.00800	0.00263	0.00712	0.11105	0.00676	0.01022
11	0.07690	0.09705	0.02232	0.01689	0.02172	0.26330	0.04876	0.10802	0.16299	0.08417	0.01781	0.01815	0.01350	0.00820	0.00681	0.00214	0.00941	0.00610	0.00551	0.01025
12	0.09226	0.04684	0.01915	0.17274	0.02626	0.06246	0.01331	0.12711	0.10057	0.10664	0.01828	0.04142	0.01407	0.00833	0.00681	0.00215	0.00766	0.00660	0.00559	0.12176
13	0.07296	0.01691	0.02251	0.13240	0.02765	0.05958	0.12109	0.12796	0.04336	0.09505	0.01640	0.01882	0.01225	0.00893	0.03036	0.00240	0.00890	0.00642	0.00516	0.17090
14	0.14582	0.01802	0.01872	0.15636	0.02589	0.12649	0.03584	0.14236	0.01990	0.02815	0.05725	0.02170	0.01557	0.00842	0.00683	0.00215	0.00836	0.03533	0.00501	0.12184

[dist]
# distance from previous block
# <min> <max>
39	203

[block]
# block no. 10 follows, 27 sequences, length 21
# corresponding to MSA columns:
# 887-907
name=unknown_K
#
# <colnr> <probs for GDERKNQSTAVLIFYWHMCP>
#	G	D	E	R	K	N	Q	S	T	A	V	L	I	F	Y	W	H	M	C	P
0	0.07024	0.15270	0.05587	0.09877	0.04187	0.01839	0.03967	0.16286	0.03520	0.02806	0.05707	0.05916	0.01676	0.00857	0.00668	0.00205	0.00754	0.00693	0.00506	0.12657
1	0.01842	0.15906	0.01943	0.01279	0.01704	0.08300	0.01045	0.05996	0.12061	0.08131	0.09382	0.08132	0.08457	0.01266	0.03539	0.00250	0.00716	0.00872	0.00595	0.08584
2	0.04262	0.10180	0.10924	0.01584	0.02177	0.06890	0.10538	0.02244	0.03777	0.08443	0.10352	0.02578	0.06848	0.00877	0.00703	0.00203	0.00781	0.00747	0.00515	0.15377
3	0.09351	0.02429	0.07277	0.01671	0.02189	0.21665	0.01410	0.22275	0.06618	0.04822	0.01520	0.01641	0.01158	0.00826	0.00782	0.00214	0.05331	0.00573	0.00534	0.07714
4	0.01912	0.01423	0.02184	0.09072	0.26499	0.01438	0.03894	0.06348	0.05917	0.13689	0.09206	0.10688	0.02385	0.01028	0.00784	0.00238	0.00733	0.00934	0.00587	0.01041
5	0.41666	0.01401	0.01294	0.01073	0.01571	0.03843	0.00870	0.02295	0.01529	0.14154	0.01963	0.02003	0.06827	0.00804	0.00569	0.00206	0.00590	0.00569	0.00549	0.16223
6	0.01768	0.01736	0.03062	0.12084	0.50928	0.01786	0.10224	0.02226	0.01651	0.02332	0.01383	0.01865	0.01140	0.00693	0.00824	0.00232	0.03918	0.00687	0.00362	0.01098
7	0.00945	0.00682	0.00901	0.01048	0.01124	0.00638	0.00737	0.01116	0.01516	0.02016	0.09121	0.58236	0.08103	0.02214	0.00947	0.00298	0.00449	0.08590	0.00698	0.00620
8	0.02776	0.03448	0.02111	0.01900	0.02295	0.66713	0.01433	0.06887	0.02189	0.01993	0.01187	0.01366	0.00975	0.00773	0.00674	0.00193	0.01307	0.00490	0.00405	0.00885
9	0.00982	0.00756	0.00897	0.00862	0.01067	0.00671	0.00646	0.01268	0.01939	0.02592	0.44584	0.06179	0.31548	0.01661	0.00876	0.00240	0.00360	0.01431	0.00767	0.00671
10	0.00898	0.00673	0.00834	0.00962	0.01058	0.00609	0.00657	0.01042	0.01490	0.01923	0.04965	0.56549	0.21223	0.02212	0.00930	0.00289	0.00417	0.01972	0.00689	0.00609
11	0.01811	0.01825	0.03332	0.03847	0.42898	0.01807	0.22505	0.02451	0.07332	0.02468	0.01568	0.01969	0.01253	0.00680	0.00781	0.00233	0.00974	0.00744	0.00403	0.01121
12	0.00920	0.00658	0.00875	0.01023	0.01080	0.00613	0.00690	0.01072	0.01493	0.02009	0.10932	0.66260	0.05131	0.02240	0.00940	0.00294	0.00422	0.02029	0.00703	0.00613
13	0.02822	0.02079	0.02228	0.01708	0.02302	0.02302	0.01411	0.66804	0.03490	0.04679	0.01782	0.01782	0.01262	0.00891	0.00743	0.00223	0.00817	0.00668	0.00743	0.01262
14	0.02171	0.22703	0.09237	0.02260	0.15842	0.01967	0.09263	0.02709	0.06897	0.17285	0.01767	0.01873	0.01317	0.00738	0.00679	0.00212	0.00841	0.00633	0.00502	0.01103
15	0.01692	0.01415	0.01801	0.01296	0.01956	0.01139	0.05867	0.05862	0.01692	0.04784	0.01414	0.01622	0.01136	0.00588	0.00592	0.00131	0.00621	0.00497	0.00469	0.65426
16	0.01881	0.01845	0.03702	0.06555	0.16630	0.01792	0.42762	0.02418	0.01736	0.08063	0.01574	0.01999	0.01184	0.00688	0.00889	0.00245	0.03774	0.00804	0.00416	0.01042
17	0.01721	0.01888	0.03939	0.11642	0.12706	0.01835	0.50267	0.02307	0.01712	0.02326	0.01466	0.01978	0.01116	0.00645	0.00841	0.00246	0.01171	0.00822	0.00369	0.01003
18	0.01867	0.09698	0.11879	0.08550	0.14330	0.10012	0.17824	0.07131	0.01837	0.02358	0.01792	0.02091	0.05750	0.00776	0.00743	0.00225	0.01016	0.00714	0.00406	0.01001
19	0.01508	0.17666	0.45544	0.01762	0.02608	0.01799	0.02116	0.02145	0.01590	0.02247	0.07212	0.07241	0.01756	0.00882	0.00691	0.00224	0.00922	0.00703	0.00385	0.00997
20	0.01243	0.00981	0.03227	0.03762	0.01520	0.02910	0.03534	0.01458	0.01542	0.07055	0.03752	0.45915	0.07909	0.04923	0.01027	0.00304	0.00576	0.07010	0.00650	0.00701

[dist]
# distance from previous block
# <min> <max>
8	91

[block]
# block no. 11 follows, 27 sequences, length 20
# corresponding to MSA columns:
# 1011-1030
name=unknown_L
#
# <colnr> <probs for GDERKNQSTAVLIFYWHMCP>
#	G	D	E	R	K	N	Q	S	T	A	V	L	I	F	Y	W	H	M	C	P
0	0.05211	0.09363	0.05207	0.03559	0.08282	0.09910	0.01294	0.06232	0.04111	0.02308	0.04558	0.08020	0.14604	0.01222	0.00889	0.00241	0.06590	0.05701	0.00518	0.02179
1	0.01903	0.15954	0.05114	0.06522	0.08468	0.09245	0.03624	0.05752	0.09672	0.05875	0.01908	0.06564	0.01688	0.01231	0.04631	0.00285	0.05665	0.04452	0.00487	0.00960
2	0.13793	0.25326	0.04049	0.01317	0.01767	0.15109	0.01131	0.06383	0.01752	0.02314	0.05475	0.10060	0.06783	0.01016	0.00638	0.00209	0.00779	0.00764	0.00475	0.00860
3	0.01253	0.01063	0.01560	0.05758	0.05694	0.01080	0.06763	0.04918	0.01643	0.02209	0.09410	0.27826	0.12777	0.06395	0.01165	0.00295	0.05395	0.01393	0.00589	0.02814
4	0.05113	0.21595	0.06674	0.02030	0.10708	0.24281	0.01559	0.11549	0.01976	0.02364	0.01236	0.01450	0.01021	0.00758	0.00726	0.00202	0.04840	0.00517	0.00410	0.00991
5	0.01118	0.01061	0.05092	0.06209	0.06230	0.00928	0.05948	0.01390	0.01514	0.02025	0.03531	0.45977	0.06787	0.01852	0.00905	0.00286	0.00614	0.07213	0.00600	0.00720
6	0.06221	0.06761	0.20713	0.22332	0.18753	0.05501	0.05094	0.02223	0.01588	0.02233	0.01305	0.01709	0.01011	0.00700	0.00700	0.00229	0.00988	0.00599	0.00346	0.00995
7	0.01671	0.01846	0.10422	0.14600	0.02591	0.07457	0.01393	0.06283	0.01681	0.02344	0.01404	0.01844	0.01163	0.05514	0.00843	0.00207	0.00800	0.00556	0.00419	0.36961
8	0.02402	0.01893	0.02098	0.01693	0.02207	0.04318	0.04317	0.42733	0.14932	0.03928	0.03958	0.02641	0.01849	0.01015	0.00777	0.00239	0.00788	0.06344	0.00713	0.01155
9	0.02223	0.01950	0.07965	0.01516	0.02179	0.01758	0.01329	0.36725	0.02588	0.03624	0.01569	0.01672	0.01173	0.00747	0.00667	0.00182	0.00741	0.00572	0.00591	0.30230
10	0.01799	0.01237	0.01701	0.11686	0.10649	0.01290	0.01279	0.09394	0.08281	0.13568	0.02804	0.27691	0.02711	0.01371	0.00817	0.00258	0.00658	0.01212	0.00648	0.00945
11	0.01133	0.00934	0.00972	0.01040	0.01117	0.06862	0.00692	0.01258	0.01466	0.01888	0.10644	0.41051	0.04203	0.21279	0.01673	0.00396	0.00579	0.01604	0.00612	0.00596
12	0.06822	0.02397	0.25005	0.06655	0.02793	0.05852	0.12646	0.02228	0.01612	0.06258	0.05353	0.02200	0.04897	0.00898	0.00982	0.00248	0.11058	0.00718	0.00423	0.00953
13	0.02364	0.11912	0.06144	0.04273	0.02423	0.19035	0.07179	0.18458	0.07350	0.07812	0.04717	0.01913	0.01490	0.00827	0.00706	0.00214	0.00950	0.00647	0.00545	0.01042
14	0.38383	0.01557	0.01528	0.01262	0.01753	0.01705	0.01030	0.22504	0.02102	0.13935	0.01764	0.06401	0.01380	0.00897	0.00625	0.00232	0.00649	0.00652	0.00634	0.01005
15	0.01353	0.01463	0.09992	0.01374	0.01635	0.05708	0.01167	0.07252	0.01703	0.02266	0.06607	0.39841	0.03599	0.01751	0.00992	0.00280	0.06000	0.05645	0.00605	0.00767
16	0.10705	0.04183	0.02204	0.17773	0.12293	0.05841	0.06396	0.08135	0.01809	0.06486	0.06373	0.02423	0.06546	0.00904	0.00816	0.00235	0.04710	0.00745	0.00488	0.00935
17	0.04857	0.15755	0.02555	0.15580	0.12153	0.04441	0.01586	0.21645	0.09190	0.02949	0.01578	0.01784	0.01218	0.00782	0.00679	0.00217	0.00839	0.00616	0.00508	0.01067
18	0.01278	0.04808	0.01204	0.01127	0.01301	0.00911	0.00838	0.06208	0.01668	0.06237	0.03895	0.49358	0.08423	0.01987	0.00897	0.00284	0.00512	0.07657	0.00686	0.00720
19	0.02422	0.05881	0.02350	0.01966	0.07932	0.14016	0.06246	0.29413	0.06225	0.06934	0.06296	0.02150	0.03025	0.00886	0.00738	0.00219	0.00882	0.00713	0.00612	0.01094

[dist]
# distance from previous block
# <min> <max>
3	72

[block]
# block no. 12 follows, 27 sequences, length 8
# corresponding to MSA columns:
# 1108-1115
name=unknown_M
#
# <colnr> <probs for GDERKNQSTAVLIFYWHMCP>
#	G	D	E	R	K	N	Q	S	T	A	V	L	I	F	Y	W	H	M	C	P
0	0.05925	0.03381	0.01669	0.01387	0.01745	0.10892	0.04011	0.08469	0.07016	0.16075	0.08316	0.08850	0.02545	0.11893	0.01211	0.00309	0.00747	0.04008	0.00644	0.00905
1	0.07018	0.02013	0.12236	0.01818	0.02403	0.01853	0.11079	0.07862	0.39211	0.03014	0.02324	0.02302	0.01731	0.00876	0.00745	0.00246	0.00777	0.00760	0.00613	0.01119
2	0.01273	0.11784	0.01633	0.05868	0.01554	0.01215	0.04050	0.01443	0.01266	0.01666	0.02076	0.03854	0.02196	0.37129	0.15211	0.00645	0.01007	0.05074	0.00424	0.00631
3	0.01593	0.02099	0.20113	0.01657	0.02200	0.07010	0.07237	0.08464	0.05174	0.02787	0.25307	0.03502	0.03395	0.01108	0.00804	0.00239	0.00790	0.05011	0.00589	0.00924
4	0.02676	0.02033	0.02344	0.02130	0.12213	0.02223	0.01539	0.57256	0.03224	0.04345	0.01725	0.01790	0.01250	0.00857	0.00741	0.00222	0.00827	0.00667	0.00687	0.01250
5	0.13397	0.06496	0.01573	0.01230	0.01619	0.01442	0.00983	0.07873	0.16480	0.13922	0.15618	0.10992	0.03044	0.01162	0.00735	0.00238	0.00562	0.00959	0.00710	0.00966
6	0.01252	0.01573	0.16908	0.01308	0.01628	0.01152	0.01208	0.01679	0.06119	0.01980	0.06395	0.07561	0.04765	0.28083	0.07413	0.00501	0.05974	0.03289	0.00480	0.00731
7	0.02367	0.02248	0.12375	0.02036	0.07829	0.02168	0.01711	0.42365	0.02710	0.03722	0.01565	0.01731	0.01165	0.00905	0.00987	0.00240	0.11478	0.00647	0.00587	0.01164

[dist]
# distance from previous block
# <min> <max>
0	1

[block]
# block no. 13 follows, 27 sequences, length 7
# corresponding to MSA columns:
# 1117-1123
name=unknown_N
#
# <colnr> <probs for GDERKNQSTAVLIFYWHMCP>
#	G	D	E	R	K	N	Q	S	T	A	V	L	I	F	Y	W	H	M	C	P
0	0.01901	0.52664	0.12106	0.01500	0.02180	0.02499	0.06597	0.02248	0.01571	0.04733	0.01531	0.01675	0.04612	0.00721	0.00570	0.00184	0.00840	0.00531	0.00367	0.00971
1	0.02577	0.01964	0.02241	0.01957	0.09628	0.02103	0.01450	0.52779	0.03084	0.04190	0.01691	0.01763	0.01236	0.00830	0.00721	0.00211	0.00796	0.00643	0.00669	0.09469
2	0.01747	0.01442	0.01651	0.01198	0.01847	0.01202	0.00966	0.12381	0.01855	0.02785	0.01394	0.01579	0.01126	0.00605	0.00581	0.00128	0.00593	0.00477	0.00489	0.65953
3	0.01785	0.01822	0.11898	0.13247	0.02669	0.06265	0.08559	0.08157	0.03668	0.09757	0.16196	0.06098	0.04579	0.01035	0.00789	0.00238	0.00815	0.00906	0.00578	0.00940
4	0.08490	0.07483	0.02641	0.03134	0.38424	0.01903	0.01800	0.09295	0.01768	0.02628	0.01328	0.01681	0.01109	0.00746	0.00859	0.00219	0.08445	0.00601	0.00414	0.07032
5	0.01851	0.01685	0.02362	0.10715	0.16620	0.03879	0.06548	0.12865	0.08949	0.02695	0.05392	0.04155	0.01669	0.00941	0.01031	0.00244	0.12540	0.00760	0.00498	0.04603
6	0.01737	0.01779	0.02434	0.23692	0.14452	0.10582	0.08842	0.02139	0.01617	0.02134	0.01306	0.01754	0.01055	0.00716	0.00823	0.00211	0.05954	0.00612	0.00372	0.17791

[dist]
# distance from previous block
# <min> <max>
7	37

[block]
# block no. 14 follows, 27 sequences, length 15
# corresponding to MSA columns:
# 1167-1181
name=unknown_O
#
# <colnr> <probs for GDERKNQSTAVLIFYWHMCP>
#	G	D	E	R	K	N	Q	S	T	A	V	L	I	F	Y	W	H	M	C	P
0	0.01934	0.06493	0.10751	0.02501	0.03228	0.07363	0.38253	0.10240	0.01943	0.02578	0.01450	0.01797	0.01098	0.00673	0.00779	0.00226	0.01113	0.00726	0.00415	0.06439
1	0.01623	0.22884	0.52193	0.01888	0.02860	0.02052	0.02345	0.02316	0.01551	0.02188	0.01251	0.01466	0.00944	0.00686	0.00643	0.00214	0.01015	0.00508	0.00315	0.01058
2	0.01036	0.00728	0.00851	0.00879	0.00939	0.00692	0.00543	0.01100	0.01241	0.01650	0.03182	0.23585	0.08465	0.45559	0.02639	0.00542	0.00607	0.01372	0.00534	0.03859
3	0.01458	0.01495	0.07125	0.04186	0.02087	0.01142	0.07222	0.01943	0.05113	0.02419	0.06953	0.02572	0.09044	0.00817	0.00671	0.00170	0.00645	0.00708	0.00491	0.43741
4	0.05688	0.09208	0.09679	0.05456	0.06212	0.06700	0.03200	0.22572	0.04904	0.02992	0.01859	0.03759	0.04149	0.03612	0.00808	0.00232	0.00834	0.00685	0.00524	0.06928
5	0.07259	0.14804	0.14427	0.09366	0.02587	0.04978	0.04019	0.10573	0.09196	0.05391	0.01564	0.01725	0.01188	0.00744	0.00652	0.00208	0.00843	0.00577	0.00473	0.09425
6	0.11560	0.14101	0.07353	0.04223	0.02186	0.04826	0.08919	0.07888	0.08213	0.02622	0.07410	0.02992	0.07238	0.01005	0.00718	0.00233	0.00779	0.06288	0.00525	0.00921
7	0.05691	0.10372	0.11650	0.02142	0.07869	0.15480	0.13456	0.02669	0.09073	0.06663	0.01563	0.01761	0.01204	0.00751	0.00754	0.00219	0.03346	0.00624	0.00444	0.04272
8	0.19223	0.10064	0.04178	0.01438	0.01857	0.12334	0.01215	0.10207	0.04682	0.07082	0.04842	0.04624	0.01706	0.01081	0.02321	0.00254	0.07100	0.04342	0.00529	0.00920
9	0.04659	0.06354	0.10905	0.10905	0.02398	0.09376	0.01443	0.10212	0.01917	0.08372	0.08432	0.02608	0.07834	0.01155	0.03658	0.00264	0.04041	0.00750	0.00526	0.04192
10	0.02083	0.05028	0.02115	0.03987	0.04387	0.10634	0.06519	0.17200	0.09933	0.07015	0.02413	0.08191	0.06964	0.01035	0.00817	0.00228	0.03727	0.00846	0.00588	0.06289
11	0.08059	0.16788	0.08114	0.06866	0.02417	0.12227	0.06538	0.10335	0.04633	0.04736	0.05947	0.01866	0.01495	0.00781	0.00659	0.00205	0.00876	0.00609	0.00475	0.06373
12	0.05632	0.10343	0.06890	0.06191	0.05835	0.04243	0.08446	0.07415	0.03752	0.14175	0.03790	0.05286	0.06874	0.01163	0.03903	0.00274	0.03462	0.00797	0.00546	0.00983
13	0.01993	0.14212	0.02385	0.05689	0.13052	0.13145	0.04027	0.09020	0.05015	0.05142	0.04538	0.02447	0.06833	0.05114	0.00874	0.00237	0.00849	0.00720	0.00490	0.04219
14	0.14673	0.01717	0.04022	0.03471	0.01984	0.08966	0.03473	0.13669	0.04671	0.08682	0.04647	0.11579	0.01922	0.01000	0.00697	0.00219	0.00728	0.00810	0.00584	0.12488

[dist]
# distance from previous block
# <min> <max>
26	211

[block]
# block no. 15 follows, 27 sequences, length 7
# corresponding to MSA columns:
# 1406-1412
name=unknown_P
#
# <colnr> <probs for GDERKNQSTAVLIFYWHMCP>
#	G	D	E	R	K	N	Q	S	T	A	V	L	I	F	Y	W	H	M	C	P
0	0.02077	0.01866	0.02011	0.04940	0.14690	0.12617	0.01409	0.22882	0.04937	0.03156	0.16165	0.02790	0.05229	0.01000	0.00764	0.00223	0.00793	0.00824	0.00612	0.01016
1	0.01686	0.01884	0.05061	0.22273	0.11645	0.15262	0.04802	0.02135	0.04792	0.02064	0.02528	0.02802	0.13820	0.00987	0.00855	0.00238	0.05048	0.00808	0.00434	0.00877
2	0.01574	0.01578	0.05613	0.06290	0.15369	0.09432	0.01340	0.02055	0.07732	0.05077	0.10096	0.14776	0.13472	0.01282	0.00801	0.00242	0.00707	0.01107	0.00574	0.00884
