[name]
unknown

[dist]
# distance from previous block
# <min> <max>
0	2

[block]
# block no. 0 follows, 30 sequences, length 153
# corresponding to MSA columns:
# 2-154
name=unknown_A
#
# <colnr> <probs for GDERKNQSTAVLIFYWHMCP>
#	G	D	E	R	K	N	Q	S	T	A	V	L	I	F	Y	W	H	M	C	P
0	0.00910	0.00657	0.00872	0.01007	0.01090	0.00619	0.00729	0.01088	0.01452	0.01927	0.09549	0.53451	0.08115	0.02054	0.00895	0.00282	0.00439	0.13617	0.00657	0.00589
1	0.01006	0.00689	0.00804	0.00836	0.00860	0.00688	0.00506	0.01093	0.02979	0.01502	0.02583	0.18389	0.02977	0.56902	0.02876	0.00577	0.00619	0.03158	0.00481	0.00476
2	0.03786	0.10755	0.44778	0.02003	0.02862	0.03791	0.13526	0.04406	0.03625	0.02258	0.01299	0.01531	0.00959	0.00659	0.00663	0.00215	0.00996	0.00559	0.00336	0.00995
3	0.01324	0.00640	0.00950	0.00928	0.00960	0.00631	0.00631	0.01054	0.00973	0.05315	0.01302	0.02136	0.01242	0.02333	0.02609	0.75064	0.00605	0.00612	0.00336	0.00355
4	0.01525	0.00843	0.01083	0.00994	0.01251	0.00763	0.00782	0.01784	0.01776	0.19806	0.26405	0.05111	0.15654	0.07694	0.01046	0.00276	0.00478	0.11248	0.00723	0.00758
5	0.01015	0.00677	0.00761	0.00761	0.00761	0.00677	0.00423	0.01015	0.01015	0.01353	0.02199	0.04567	0.02537	0.75476	0.03552	0.00677	0.00677	0.01015	0.00423	0.00423
6	0.76928	0.01377	0.01073	0.00948	0.01386	0.01592	0.00781	0.05036	0.01281	0.03188	0.01003	0.01158	0.00775	0.00656	0.00444	0.00216	0.00550	0.00389	0.00444	0.00775
7	0.01747	0.01726	0.04891	0.04128	0.66845	0.01673	0.02129	0.04293	0.01640	0.02346	0.01322	0.01718	0.01101	0.00630	0.00690	0.00208	0.00833	0.00619	0.00355	0.01106
8	0.02357	0.01948	0.02217	0.01694	0.02257	0.07344	0.08865	0.45858	0.04761	0.03637	0.01580	0.01666	0.01159	0.00763	0.00685	0.00198	0.00814	0.00615	0.00598	0.10985
9	0.01017	0.00776	0.01057	0.01065	0.01244	0.00708	0.02793	0.01261	0.01569	0.02140	0.18741	0.32707	0.08013	0.01730	0.00848	0.00255	0.00467	0.14652	0.00642	0.08315
10	0.01736	0.01499	0.01578	0.01420	0.01815	0.01736	0.01105	0.03708	0.69862	0.02919	0.02840	0.02604	0.02130	0.00947	0.00710	0.00237	0.00552	0.00789	0.00710	0.01105
11	0.01389	0.01179	0.01385	0.01028	0.01591	0.00895	0.00809	0.01681	0.01436	0.02226	0.01494	0.08602	0.01382	0.00679	0.00553	0.00121	0.00506	0.00566	0.00436	0.72042
12	0.01647	0.01882	0.04118	0.02941	0.03647	0.01765	0.68588	0.02235	0.01647	0.02235	0.01412	0.01882	0.01059	0.00588	0.00824	0.00235	0.01176	0.00824	0.00353	0.00941
13	0.01400	0.03610	0.71860	0.01989	0.03020	0.01621	0.02578	0.02210	0.01473	0.02210	0.01252	0.01473	0.00884	0.00663	0.00663	0.00221	0.01031	0.00516	0.00295	0.01031
14	0.01318	0.01240	0.02093	0.73798	0.04806	0.01550	0.01938	0.01783	0.01395	0.01783	0.01240	0.01860	0.00930	0.00698	0.00698	0.00233	0.00930	0.00620	0.00310	0.00775
15	0.00873	0.00624	0.00835	0.00987	0.01041	0.00586	0.00678	0.01017	0.01381	0.01846	0.06829	0.67708	0.04666	0.02136	0.00892	0.00283	0.00416	0.05973	0.00653	0.00576
16	0.01603	0.01531	0.02608	0.25379	0.50998	0.01625	0.02080	0.02033	0.01530	0.02129	0.01291	0.01768	0.01052	0.00645	0.00693	0.00215	0.00860	0.00621	0.00335	0.01005
17	0.01704	0.01635	0.02791	0.08143	0.67440	0.01652	0.02130	0.02122	0.01578	0.02252	0.01309	0.01735	0.01096	0.00626	0.00691	0.00209	0.00835	0.00622	0.00343	0.01087
18	0.02607	0.03326	0.01978	0.01798	0.02157	0.72674	0.01348	0.02787	0.01978	0.01708	0.01079	0.01258	0.00899	0.00719	0.00629	0.00180	0.01258	0.00449	0.00360	0.00809
19	0.01521	0.01681	0.03596	0.02630	0.03231	0.01576	0.57866	0.02036	0.01598	0.02164	0.01796	0.13424	0.01620	0.00840	0.00834	0.00243	0.01055	0.01007	0.00399	0.00882
20	0.01385	0.01318	0.02051	0.66378	0.04509	0.03570	0.01859	0.01955	0.06511	0.01865	0.01355	0.01899	0.01019	0.00717	0.00697	0.00231	0.00911	0.00628	0.00341	0.00801
21	0.03077	0.01274	0.01673	0.01283	0.01825	0.01154	0.01060	0.10796	0.02142	0.64005	0.02631	0.02296	0.01666	0.00861	0.00701	0.00215	0.00613	0.00693	0.00845	0.01187
22	0.00850	0.00607	0.00810	0.00972	0.01012	0.00567	0.00648	0.00972	0.01336	0.01781	0.03846	0.75020	0.04615	0.02186	0.00891	0.00283	0.00405	0.01984	0.00648	0.00567
23	0.01533	0.19715	0.48819	0.01917	0.02814	0.01894	0.09731	0.02186	0.01480	0.02085	0.01207	0.01440	0.00906	0.00640	0.00633	0.00206	0.00983	0.00518	0.00302	0.00990
24	0.01370	0.01293	0.02187	0.64955	0.13242	0.01564	0.01964	0.01829	0.01420	0.01846	0.01250	0.01844	0.00953	0.00688	0.00697	0.00229	0.00917	0.00620	0.00315	0.00817
25	0.01904	0.01461	0.01583	0.01399	0.01811	0.01650	0.01095	0.03671	0.61671	0.11210	0.02830	0.02576	0.02082	0.00937	0.00709	0.00234	0.00557	0.00778	0.00729	0.01115
26	0.01647	0.01882	0.04118	0.02941	0.03647	0.01765	0.68588	0.02235	0.01647	0.02235	0.01412	0.01882	0.01059	0.00588	0.00824	0.00235	0.01176	0.00824	0.00353	0.00941
27	0.01318	0.01240	0.02093	0.73798	0.04806	0.01550	0.01938	0.01783	0.01395	0.01783	0.01240	0.01860	0.00930	0.00698	0.00698	0.00233	0.00930	0.00620	0.00310	0.00775
28	0.01400	0.03610	0.71860	0.01989	0.03020	0.01621	0.02578	0.02210	0.01473	0.02210	0.01252	0.01473	0.00884	0.00663	0.00663	0.00221	0.01031	0.00516	0.00295	0.01031
29	0.00848	0.00617	0.00800	0.00946	0.01005	0.00569	0.00636	0.00975	0.01361	0.01791	0.04160	0.68378	0.11056	0.02145	0.00884	0.00279	0.00400	0.01934	0.00648	0.00569
30	0.01517	0.21791	0.54705	0.01789	0.02711	0.01908	0.02230	0.02180	0.01459	0.02067	0.01181	0.01384	0.00887	0.00646	0.00609	0.00203	0.00960	0.00480	0.00296	0.00997
31	0.01318	0.01240	0.02093	0.73798	0.04806	0.01550	0.01938	0.01783	0.01395	0.01783	0.01240	0.01860	0.00930	0.00698	0.00698	0.00233	0.00930	0.00620	0.00310	0.00775
32	0.01400	0.03610	0.71860	0.01989	0.03020	0.01621	0.02578	0.02210	0.01473	0.02210	0.01252	0.01473	0.00884	0.00663	0.00663	0.00221	0.01031	0.00516	0.00295	0.01031
33	0.01571	0.01496	0.02495	0.12977	0.54506	0.01523	0.01933	0.01966	0.01564	0.02170	0.01954	0.02309	0.08969	0.00761	0.00707	0.00214	0.00788	0.00718	0.00375	0.01004
34	0.01310	0.01211	0.02016	0.60474	0.09224	0.01457	0.01808	0.01756	0.01475	0.01934	0.09107	0.02230	0.01582	0.00775	0.00711	0.00229	0.00855	0.00693	0.00364	0.00786
35	0.01727	0.01658	0.02832	0.04283	0.71123	0.01658	0.02142	0.02142	0.01589	0.02280	0.01313	0.01727	0.01105	0.00622	0.00691	0.00207	0.00829	0.00622	0.00345	0.01105
36	0.00850	0.00607	0.00810	0.00972	0.01012	0.00567	0.00648	0.00972	0.01336	0.01781	0.03846	0.75020	0.04615	0.02186	0.00891	0.00283	0.00405	0.01984	0.00648	0.00567
37	0.01529	0.03273	0.60105	0.02053	0.03019	0.01602	0.09953	0.02282	0.01523	0.06258	0.01358	0.01572	0.00953	0.00666	0.00683	0.00222	0.01022	0.00561	0.00334	0.01030
38	0.01800	0.01257	0.01965	0.01574	0.01994	0.01217	0.16896	0.04090	0.13284	0.18883	0.11856	0.11228	0.06732	0.01118	0.00784	0.00236	0.00660	0.02846	0.00657	0.00925
39	0.01647	0.01882	0.04118	0.02941	0.03647	0.01765	0.68588	0.02235	0.01647	0.02235	0.01412	0.01882	0.01059	0.00588	0.00824	0.00235	0.01176	0.00824	0.00353	0.00941
40	0.01490	0.11492	0.56249	0.01835	0.02746	0.01762	0.02256	0.02366	0.09201	0.02226	0.01400	0.01561	0.01026	0.00688	0.00644	0.00215	0.00945	0.00531	0.00342	0.01024
41	0.01784	0.01639	0.02783	0.04159	0.68294	0.01632	0.02096	0.02193	0.01606	0.05108	0.01371	0.01754	0.01131	0.00632	0.00691	0.00208	0.00819	0.00625	0.00367	0.01109
42	0.01613	0.01541	0.02626	0.23701	0.52598	0.01628	0.02085	0.02041	0.01535	0.02141	0.01292	0.01764	0.01056	0.00643	0.00693	0.00214	0.00857	0.00621	0.00336	0.01013
43	0.00847	0.00620	0.00796	0.00937	0.01003	0.00570	0.00632	0.00976	0.01369	0.01795	0.04267	0.66104	0.13260	0.02132	0.00882	0.00277	0.00398	0.01917	0.00648	0.00570
44	0.01022	0.00857	0.01233	0.01085	0.01327	0.00786	0.08314	0.01364	0.03777	0.02366	0.35313	0.11998	0.24881	0.01493	0.00827	0.00233	0.00446	0.01332	0.00672	0.00674
45	0.02089	0.01742	0.02215	0.04713	0.02346	0.11735	0.16143	0.13596	0.10385	0.13879	0.02132	0.10267	0.01773	0.00958	0.00747	0.00228	0.00837	0.02670	0.00578	0.00967
46	0.01680	0.47029	0.30893	0.01511	0.02282	0.02306	0.01747	0.02138	0.01440	0.01869	0.01083	0.01261	0.00891	0.00623	0.00534	0.00178	0.00860	0.00430	0.00297	0.00950
47	0.00829	0.00707	0.00713	0.00712	0.00945	0.00591	0.00534	0.01010	0.01601	0.01910	0.08812	0.06675	0.69082	0.01758	0.00825	0.00235	0.00353	0.01467	0.00651	0.00591
48	0.01693	0.01623	0.02771	0.10100	0.65573	0.01649	0.02125	0.02112	0.01573	0.02238	0.01307	0.01738	0.01091	0.00628	0.00691	0.00209	0.00837	0.00622	0.00342	0.01078
49	0.03863	0.01613	0.02719	0.10195	0.63469	0.01646	0.02086	0.02108	0.01561	0.02260	0.01297	0.01722	0.01081	0.00629	0.00684	0.00210	0.00830	0.00615	0.00345	0.01067
50	0.02700	0.01880	0.02048	0.01570	0.02127	0.02053	0.01297	0.62394	0.03155	0.10977	0.01781	0.01744	0.01240	0.00840	0.00698	0.00210	0.00751	0.00635	0.00714	0.01187
51	0.02680	0.01088	0.01475	0.01165	0.01626	0.00948	0.00948	0.02962	0.01993	0.57133	0.17057	0.02972	0.02749	0.00982	0.00727	0.00217	0.00538	0.00820	0.00844	0.01076
52	0.01695	0.01660	0.02937	0.08006	0.59796	0.01664	0.09645	0.02132	0.01585	0.02247	0.01320	0.01752	0.01090	0.00622	0.00706	0.00212	0.00874	0.00644	0.00344	0.01068
53	0.02366	0.10775	0.05030	0.01739	0.02165	0.53390	0.03359	0.02763	0.08490	0.01855	0.01256	0.01402	0.01022	0.00722	0.00625	0.00185	0.01124	0.00488	0.00384	0.00860
54	0.54368	0.10216	0.01533	0.01143	0.01578	0.17380	0.00936	0.02218	0.01388	0.02649	0.00995	0.01160	0.00803	0.00658	0.00477	0.00200	0.00722	0.00393	0.00401	0.00783
55	0.01655	0.01861	0.03993	0.03072	0.10209	0.01754	0.62126	0.02226	0.01641	0.02240	0.01402	0.01867	0.01063	0.00591	0.00811	0.00233	0.01143	0.00804	0.00352	0.00957
56	0.00919	0.00697	0.00847	0.00839	0.01008	0.00625	0.00618	0.01173	0.01769	0.02378	0.41998	0.15337	0.25980	0.01636	0.00833	0.00233	0.00347	0.01426	0.00715	0.00625
57	0.11486	0.04017	0.01827	0.01546	0.03896	0.18424	0.01195	0.18406	0.17576	0.11999	0.01830	0.01804	0.01344	0.00803	0.00647	0.00209	0.00786	0.00596	0.00591	0.01019
58	0.03131	0.01188	0.01619	0.01242	0.01781	0.01026	0.01026	0.03401	0.01997	0.71606	0.02753	0.02375	0.01727	0.00864	0.00702	0.00216	0.00594	0.00702	0.00864	0.01188
59	0.03131	0.01188	0.01619	0.01242	0.01781	0.01026	0.01026	0.03401	0.01997	0.71606	0.02753	0.02375	0.01727	0.00864	0.00702	0.00216	0.00594	0.00702	0.00864	0.01188
60	0.01681	0.01611	0.02748	0.12191	0.63579	0.01646	0.02118	0.02101	0.01567	0.02223	0.01304	0.01742	0.01085	0.00630	0.00692	0.00210	0.00841	0.00622	0.00341	0.01068
61	0.00884	0.00709	0.00789	0.00769	0.00979	0.00614	0.00577	0.01116	0.01730	0.02216	0.30160	0.06171	0.47543	0.01644	0.00824	0.00230	0.00345	0.01396	0.00692	0.00614
62	0.01655	0.01860	0.03992	0.03073	0.10253	0.01754	0.62084	0.02226	0.01641	0.02240	0.01402	0.01867	0.01063	0.00592	0.00811	0.00233	0.01142	0.00804	0.00352	0.00957
63	0.03084	0.01262	0.01666	0.01277	0.01819	0.01136	0.01055	0.09761	0.02122	0.65070	0.02648	0.02307	0.01675	0.00861	0.00701	0.00215	0.00611	0.00695	0.00848	0.01188
64	0.01717	0.01647	0.02813	0.06070	0.69418	0.01655	0.02136	0.02132	0.01584	0.02267	0.01311	0.01731	0.01101	0.00624	0.00691	0.00208	0.00832	0.00622	0.00345	0.01097
65	0.01866	0.75896	0.03657	0.01194	0.01791	0.02761	0.01194	0.02090	0.01418	0.01642	0.00970	0.01119	0.00896	0.00597	0.00448	0.00149	0.00746	0.00373	0.00299	0.00896
66	0.00850	0.00607	0.00810	0.00972	0.01012	0.00567	0.00648	0.00972	0.01336	0.01781	0.03846	0.75020	0.04615	0.02186	0.00891	0.00283	0.00405	0.01984	0.00648	0.00567
67	0.00953	0.00712	0.00885	0.00842	0.01021	0.00644	0.00631	0.01251	0.01894	0.02606	0.57359	0.05529	0.20100	0.01498	0.00823	0.00223	0.00334	0.01306	0.00743	0.00644
68	0.01318	0.01240	0.02093	0.73798	0.04806	0.01550	0.01938	0.01783	0.01395	0.01783	0.01240	0.01860	0.00930	0.00698	0.00698	0.00233	0.00930	0.00620	0.00310	0.00775
69	0.01839	0.01551	0.01636	0.01441	0.01854	0.01784	0.01130	0.11069	0.62332	0.03086	0.02709	0.02499	0.02023	0.00934	0.00709	0.00234	0.00577	0.00771	0.00709	0.01114
70	0.01525	0.01487	0.02630	0.36862	0.32268	0.01619	0.09560	0.01983	0.01504	0.02041	0.01290	0.01807	0.01018	0.00654	0.00709	0.00222	0.00916	0.00644	0.00330	0.00931
71	0.04399	0.02455	0.02221	0.09871	0.22445	0.36732	0.01621	0.08109	0.01894	0.02151	0.01211	0.01489	0.00983	0.00697	0.00655	0.00197	0.01038	0.00530	0.00381	0.00922
72	0.01210	0.01082	0.01314	0.01263	0.01397	0.07991	0.00989	0.01442	0.01199	0.01635	0.01690	0.02467	0.01574	0.04365	0.58159	0.00943	0.09555	0.00704	0.00365	0.00656
73	0.00901	0.00739	0.00800	0.00795	0.01018	0.00651	0.00607	0.01172	0.03863	0.02096	0.18324	0.06377	0.53037	0.01688	0.00829	0.00238	0.00372	0.05198	0.00672	0.00621
74	0.03785	0.04031	0.18226	0.02118	0.04615	0.01786	0.23241	0.09997	0.19789	0.02660	0.01757	0.01915	0.01306	0.00730	0.00720	0.00226	0.00897	0.00695	0.00473	0.01030
75	0.01664	0.01594	0.02719	0.14981	0.60917	0.01641	0.02110	0.02086	0.01559	0.02203	0.01301	0.01748	0.01078	0.00633	0.00692	0.00211	0.00845	0.00622	0.00340	0.01055
76	0.01015	0.00677	0.00761	0.00761	0.00761	0.00677	0.00423	0.01015	0.01015	0.01353	0.02199	0.04567	0.02537	0.75476	0.03552	0.00677	0.00677	0.01015	0.00423	0.00423
77	0.10528	0.29622	0.04670	0.01608	0.02128	0.26457	0.08865	0.05066	0.01689	0.02019	0.01094	0.01287	0.00912	0.00655	0.00567	0.00181	0.00957	0.00465	0.00356	0.00872
78	0.04736	0.03117	0.01916	0.01744	0.02103	0.65357	0.01321	0.04670	0.01977	0.01845	0.01210	0.01563	0.01043	0.00775	0.00641	0.00188	0.01196	0.03403	0.00384	0.00811
79	0.01082	0.00774	0.01072	0.01209	0.01358	0.00764	0.01025	0.01385	0.01622	0.02139	0.11293	0.14101	0.04365	0.01896	0.00941	0.00306	0.00584	0.52789	0.00657	0.00637
80	0.01640	0.01629	0.02955	0.16104	0.46428	0.01660	0.15073	0.02098	0.01567	0.02185	0.01319	0.01781	0.01066	0.00628	0.00718	0.00217	0.00914	0.00661	0.00341	0.01016
81	0.01829	0.01310	0.01459	0.01308	0.01679	0.01433	0.01014	0.03226	0.47661	0.14280	0.03128	0.10939	0.05416	0.01110	0.00734	0.00238	0.00534	0.00940	0.00726	0.01035
82	0.01655	0.01861	0.03993	0.03072	0.10209	0.01754	0.62126	0.02226	0.01641	0.02240	0.01402	0.01867	0.01063	0.00591	0.00811	0.00233	0.01143	0.00804	0.00352	0.00957
83	0.00850	0.00607	0.00810	0.00972	0.01012	0.00567	0.00648	0.00972	0.01336	0.01781	0.03846	0.75020	0.04615	0.02186	0.00891	0.00283	0.00405	0.01984	0.00648	0.00567
84	0.01740	0.02023	0.03910	0.02830	0.03502	0.08661	0.62049	0.02289	0.01679	0.02184	0.01379	0.01822	0.01043	0.00601	0.00805	0.00230	0.01184	0.00787	0.00354	0.00928
85	0.02899	0.01197	0.01585	0.01243	0.01752	0.01078	0.01017	0.03337	0.08596	0.61849	0.05803	0.02524	0.01984	0.00897	0.00708	0.00218	0.00578	0.00735	0.00844	0.01156
86	0.00825	0.00707	0.00707	0.00707	0.00943	0.00589	0.00530	0.01001	0.01591	0.01885	0.07069	0.06716	0.70839	0.01767	0.00825	0.00236	0.00353	0.01473	0.00648	0.00589
87	0.02561	0.02061	0.09934	0.01611	0.02220	0.01982	0.01436	0.54365	0.02941	0.11243	0.01741	0.01726	0.01210	0.00821	0.00694	0.00211	0.00779	0.00623	0.00670	0.01169
88	0.00850	0.00607	0.00810	0.00972	0.01012	0.00567	0.00648	0.00972	0.01336	0.01781	0.03846	0.75020	0.04615	0.02186	0.00891	0.00283	0.00405	0.01984	0.00648	0.00567
89	0.01318	0.01240	0.02093	0.73798	0.04806	0.01550	0.01938	0.01783	0.01395	0.01783	0.01240	0.01860	0.00930	0.00698	0.00698	0.00233	0.00930	0.00620	0.00310	0.00775
90	0.00835	0.00707	0.00721	0.00718	0.00949	0.00593	0.00538	0.01021	0.01615	0.01942	0.11044	0.06622	0.66829	0.01746	0.00825	0.00235	0.00352	0.01460	0.00656	0.00593
91	0.01647	0.01882	0.04118	0.02941	0.03647	0.01765	0.68588	0.02235	0.01647	0.02235	0.01412	0.01882	0.01059	0.00588	0.00824	0.00235	0.01176	0.00824	0.00353	0.00941
92	0.02795	0.01263	0.01609	0.01285	0.01789	0.01197	0.01045	0.03475	0.18357	0.55048	0.02774	0.02430	0.01824	0.00884	0.00704	0.00221	0.00584	0.00723	0.00827	0.01168
93	0.00953	0.00712	0.00885	0.00842	0.01021	0.00644	0.00631	0.01251	0.01894	0.02606	0.57359	0.05529	0.20100	0.01498	0.00823	0.00223	0.00334	0.01306	0.00743	0.00644
94	0.01404	0.01328	0.02249	0.59177	0.18755	0.01573	0.01981	0.01858	0.01436	0.01887	0.01256	0.01832	0.00967	0.00682	0.00696	0.00227	0.00909	0.00620	0.00318	0.00845
95	0.02564	0.01910	0.02044	0.01588	0.02130	0.02122	0.01305	0.62466	0.09756	0.04254	0.01789	0.01766	0.01278	0.00848	0.00699	0.00212	0.00747	0.00644	0.00699	0.01179
96	0.02604	0.02286	0.02043	0.01647	0.02148	0.20131	0.01323	0.49304	0.05665	0.03651	0.01571	0.01607	0.01152	0.00812	0.00681	0.00203	0.00884	0.00589	0.00612	0.01087
97	0.01820	0.68866	0.10290	0.01271	0.01911	0.02650	0.01329	0.02101	0.01423	0.01697	0.00998	0.01154	0.00894	0.00603	0.00469	0.00156	0.00774	0.00387	0.00298	0.00909
98	0.01815	0.01804	0.03835	0.02749	0.03436	0.01681	0.60948	0.02367	0.01687	0.10080	0.01563	0.01938	0.01134	0.00619	0.00810	0.00233	0.01111	0.00810	0.00411	0.00969
99	0.01124	0.00803	0.01124	0.01285	0.01446	0.00803	0.01124	0.01446	0.01606	0.02088	0.03695	0.07871	0.04016	0.01928	0.00964	0.00321	0.00643	0.66426	0.00643	0.00643
100	0.02246	0.01550	0.01615	0.01365	0.01791	0.08356	0.01080	0.10722	0.28232	0.22912	0.10190	0.02595	0.02289	0.00942	0.00711	0.00220	0.00633	0.00766	0.00726	0.01059
101	0.01535	0.01476	0.01965	0.34943	0.09922	0.07370	0.03623	0.04171	0.13900	0.02163	0.04296	0.02463	0.07515	0.00855	0.00713	0.00226	0.00812	0.00739	0.00447	0.00867
102	0.02653	0.01955	0.02094	0.01606	0.02164	0.02164	0.01326	0.68796	0.03281	0.04398	0.01675	0.01675	0.01187	0.00838	0.00698	0.00209	0.00768	0.00628	0.00698	0.01187
103	0.01111	0.00794	0.01106	0.01246	0.01407	0.00789	0.01079	0.01433	0.01642	0.02157	0.10216	0.07613	0.04266	0.01879	0.00950	0.00311	0.00612	0.60088	0.00655	0.00644
104	0.01460	0.01301	0.01911	0.48254	0.05825	0.01541	0.01639	0.08035	0.10838	0.02198	0.02065	0.02412	0.07920	0.00846	0.00712	0.00231	0.00805	0.00727	0.00433	0.00849
105	0.01499	0.18995	0.57343	0.01820	0.02759	0.01863	0.02284	0.02184	0.01462	0.02089	0.01192	0.01398	0.00886	0.00649	0.00617	0.00206	0.00971	0.00485	0.00295	0.01002
106	0.03035	0.01166	0.01589	0.01225	0.01748	0.01009	0.01009	0.03308	0.01996	0.68529	0.05794	0.02502	0.01945	0.00889	0.00707	0.00216	0.00582	0.00727	0.00859	0.01164
107	0.02016	0.01660	0.01643	0.01444	0.01858	0.08572	0.01128	0.06239	0.52869	0.10629	0.02612	0.02409	0.01926	0.00911	0.00701	0.00228	0.00634	0.00740	0.00693	0.01089
108	0.43638	0.01364	0.01198	0.09227	0.01734	0.08241	0.00914	0.01877	0.01448	0.02672	0.13090	0.04285	0.06120	0.00901	0.00583	0.00218	0.00604	0.00670	0.00486	0.00732
109	0.00861	0.00629	0.00810	0.00933	0.01007	0.00578	0.00636	0.01009	0.01427	0.01892	0.10718	0.60507	0.12296	0.02065	0.00877	0.00272	0.00392	0.01856	0.00660	0.00578
110	0.00850	0.00607	0.00810	0.00972	0.01012	0.00567	0.00648	0.00972	0.01336	0.01781	0.03846	0.75020	0.04615	0.02186	0.00891	0.00283	0.00405	0.01984	0.00648	0.00567
111	0.07111	0.01517	0.01712	0.08378	0.02127	0.09325	0.01163	0.08613	0.03916	0.45507	0.02229	0.02077	0.01468	0.00819	0.00678	0.00213	0.00712	0.00644	0.00711	0.01078
112	0.49196	0.01406	0.01312	0.01130	0.01490	0.01645	0.00912	0.12729	0.03251	0.02993	0.01246	0.01637	0.01052	0.08028	0.00996	0.00270	0.08920	0.00517	0.00467	0.00803
113	0.01124	0.00803	0.01124	0.01285	0.01446	0.00803	0.01124	0.01446	0.01606	0.02088	0.03695	0.07871	0.04016	0.01928	0.00964	0.00321	0.00643	0.66426	0.00643	0.00643
114	0.02607	0.03326	0.01978	0.01798	0.02157	0.72674	0.01348	0.02787	0.01978	0.01708	0.01079	0.01258	0.00899	0.00719	0.00629	0.00180	0.01258	0.00449	0.00360	0.00809
115	0.01395	0.01354	0.02394	0.59025	0.11124	0.01585	0.09495	0.01869	0.01443	0.01882	0.01267	0.01850	0.00962	0.00678	0.00711	0.00230	0.00948	0.00643	0.00318	0.00826
116	0.11424	0.01875	0.01961	0.01523	0.02063	0.02086	0.01256	0.59675	0.04653	0.04219	0.01624	0.01637	0.01161	0.00819	0.00668	0.00211	0.00737	0.00604	0.00668	0.01136
117	0.01080	0.00784	0.01062	0.01183	0.01351	0.00766	0.01014	0.01388	0.01647	0.02149	0.11607	0.07458	0.10805	0.01855	0.00934	0.00301	0.00579	0.52740	0.00657	0.00639
118	0.02498	0.03163	0.02220	0.01927	0.02326	0.64655	0.08952	0.02724	0.01940	0.01768	0.01116	0.01329	0.00917	0.00704	0.00651	0.00186	0.01249	0.00492	0.00359	0.00824
119	0.00849	0.00613	0.00804	0.00956	0.01008	0.00568	0.00641	0.00973	0.01351	0.01787	0.04034	0.71036	0.08478	0.02162	0.00887	0.00281	0.00402	0.01954	0.00648	0.00568
120	0.01447	0.01240	0.01447	0.01034	0.01654	0.00930	0.00827	0.01757	0.01447	0.02274	0.01240	0.01447	0.01034	0.00517	0.00517	0.00103	0.00517	0.00413	0.00413	0.79742
121	0.01756	0.02046	0.03876	0.02812	0.03479	0.09784	0.60984	0.02298	0.01684	0.02176	0.01374	0.01812	0.01041	0.00603	0.00802	0.00229	0.01186	0.00781	0.00354	0.00926
122	0.00850	0.00607	0.00810	0.00972	0.01012	0.00567	0.00648	0.00972	0.01336	0.01781	0.03846	0.75020	0.04615	0.02186	0.00891	0.00283	0.00405	0.01984	0.00648	0.00567
123	0.01647	0.01882	0.04118	0.02941	0.03647	0.01765	0.68588	0.02235	0.01647	0.02235	0.01412	0.01882	0.01059	0.00588	0.00824	0.00235	0.01176	0.00824	0.00353	0.00941
124	0.01493	0.01464	0.02208	0.50757	0.16446	0.05855	0.01893	0.01957	0.03401	0.01895	0.01271	0.01803	0.00994	0.00722	0.00782	0.00229	0.05039	0.00615	0.00331	0.00846
125	0.00825	0.00707	0.00707	0.00707	0.00943	0.00589	0.00530	0.01001	0.01591	0.01885	0.07069	0.06716	0.70839	0.01767	0.00825	0.00236	0.00353	0.01473	0.00648	0.00589
126	0.02403	0.01726	0.01885	0.01484	0.01981	0.01887	0.01212	0.51070	0.09534	0.07942	0.09663	0.02206	0.01920	0.00916	0.00714	0.00214	0.00687	0.00720	0.00717	0.01119
127	0.01387	0.00854	0.01189	0.01279	0.01490	0.00832	0.01112	0.01702	0.01658	0.11187	0.03572	0.07152	0.03717	0.01788	0.00930	0.00307	0.00636	0.57824	0.00672	0.00714
128	0.01498	0.18814	0.57514	0.01822	0.02762	0.01861	0.02287	0.02185	0.01462	0.02090	0.01193	0.01399	0.00886	0.00649	0.00618	0.00206	0.00971	0.00486	0.00295	0.01003
129	0.01015	0.00677	0.00761	0.00761	0.00761	0.00677	0.00423	0.01015	0.01015	0.01353	0.02199	0.04567	0.02537	0.75476	0.03552	0.00677	0.00677	0.01015	0.00423	0.00423
130	0.01400	0.03610	0.71860	0.01989	0.03020	0.01621	0.02578	0.02210	0.01473	0.02210	0.01252	0.01473	0.00884	0.00663	0.00663	0.00221	0.01031	0.00516	0.00295	0.01031
131	0.01641	0.01570	0.02676	0.18980	0.57102	0.01635	0.02099	0.02066	0.01548	0.02175	0.01297	0.01755	0.01068	0.00638	0.00692	0.00213	0.00850	0.00621	0.00338	0.01036
132	0.01647	0.01882	0.04118	0.02941	0.03647	0.01765	0.68588	0.02235	0.01647	0.02235	0.01412	0.01882	0.01059	0.00588	0.00824	0.00235	0.01176	0.00824	0.00353	0.00941
133	0.02584	0.02369	0.02027	0.01657	0.02142	0.24788	0.01320	0.43799	0.06743	0.03448	0.01552	0.01596	0.01149	0.00806	0.00677	0.00201	0.00913	0.00580	0.00590	0.01061
134	0.04165	0.67930	0.09002	0.01249	0.01876	0.02635	0.01291	0.02098	0.01415	0.01731	0.00993	0.01148	0.00890	0.00604	0.00464	0.00157	0.00763	0.00385	0.00302	0.00902
135	0.00867	0.00633	0.00821	0.00965	0.01036	0.00587	0.00669	0.01010	0.01385	0.01815	0.04200	0.62399	0.12061	0.02120	0.00889	0.00281	0.00416	0.06625	0.00647	0.00575
136	0.01124	0.00803	0.01124	0.01285	0.01446	0.00803	0.01124	0.01446	0.01606	0.02088	0.03695	0.07871	0.04016	0.01928	0.00964	0.00321	0.00643	0.66426	0.00643	0.00643
137	0.10733	0.55951	0.07454	0.01271	0.01854	0.09355	0.01246	0.02161	0.01450	0.01851	0.00998	0.01157	0.00879	0.00619	0.00477	0.00164	0.00791	0.00390	0.00319	0.00880
138	0.01647	0.01882	0.04118	0.02941	0.03647	0.01765	0.68588	0.02235	0.01647	0.02235	0.01412	0.01882	0.01059	0.00588	0.00824	0.00235	0.01176	0.00824	0.00353	0.00941
139	0.01404	0.01328	0.02249	0.59177	0.18755	0.01573	0.01981	0.01858	0.01436	0.01887	0.01256	0.01832	0.00967	0.00682	0.00696	0.00227	0.00909	0.00620	0.00318	0.00845
140	0.01647	0.01882	0.04118	0.02941	0.03647	0.01765	0.68588	0.02235	0.01647	0.02235	0.01412	0.01882	0.01059	0.00588	0.00824	0.00235	0.01176	0.00824	0.00353	0.00941
141	0.01439	0.09701	0.66113	0.01922	0.02917	0.01717	0.02462	0.02200	0.01469	0.02162	0.01229	0.01443	0.00885	0.00657	0.00645	0.00215	0.01007	0.00504	0.00295	0.01020
142	0.00993	0.00680	0.00755	0.00755	0.00782	0.00667	0.00435	0.01013	0.01080	0.01413	0.02750	0.04810	0.10261	0.67140	0.03243	0.00627	0.00640	0.01067	0.00448	0.00442
143	0.01044	0.00777	0.01013	0.01131	0.01311	0.00746	0.00966	0.01327	0.01602	0.02034	0.04597	0.07562	0.21887	0.01885	0.00927	0.00298	0.00565	0.49055	0.00644	0.00628
144	0.01917	0.65605	0.06544	0.01288	0.01882	0.09509	0.01271	0.02163	0.01475	0.01674	0.00993	0.01149	0.00895	0.00612	0.00475	0.00155	0.00809	0.00387	0.00304	0.00893
145	0.01440	0.09821	0.66000	0.01921	0.02915	0.01719	0.02459	0.02200	0.01469	0.02161	0.01228	0.01443	0.00885	0.00657	0.00644	0.00215	0.01007	0.00503	0.00295	0.01020
146	0.02829	0.01454	0.01758	0.01371	0.01900	0.01449	0.01125	0.23136	0.10059	0.43592	0.02438	0.02190	0.01610	0.00865	0.00702	0.00216	0.00642	0.00689	0.00796	0.01178
147	0.00883	0.00719	0.00788	0.00798	0.01015	0.00624	0.00617	0.01099	0.01650	0.02046	0.16300	0.06620	0.53584	0.01734	0.00840	0.00243	0.00382	0.08786	0.00666	0.00606
148	0.01813	0.67721	0.11370	0.01284	0.01930	0.02632	0.01351	0.02103	0.01424	0.01706	0.01002	0.01159	0.00894	0.00604	0.00472	0.00157	0.00779	0.00389	0.00298	0.00911
149	0.09827	0.36642	0.05785	0.01441	0.01948	0.30265	0.01274	0.02367	0.01619	0.01839	0.01026	0.01192	0.00883	0.00653	0.00528	0.00171	0.00942	0.00410	0.00336	0.00854
150	0.01717	0.00973	0.01237	0.01052	0.01356	0.00921	0.00827	0.09474	0.02129	0.20352	0.45773	0.04096	0.04748	0.01218	0.00778	0.00217	0.00446	0.01049	0.00784	0.00852
151	0.01124	0.00803	0.01124	0.01285	0.01446	0.00803	0.01124	0.01446	0.01606	0.02088	0.03695	0.07871	0.04016	0.01928	0.00964	0.00321	0.00643	0.66426	0.00643	0.00643
152	0.62759	0.01687	0.12001	0.01106	0.01638	0.01536	0.01056	0.02171	0.01289	0.07819	0.01141	0.01274	0.00844	0.00665	0.00487	0.00217	0.00619	0.00422	0.00441	0.00829

[dist]
# distance from previous block
# <min> <max>
2	5

[block]
# block no. 1 follows, 30 sequences, length 31
# corresponding to MSA columns:
# 160-190
name=unknown_B
#
# <colnr> <probs for GDERKNQSTAVLIFYWHMCP>
#	G	D	E	R	K	N	Q	S	T	A	V	L	I	F	Y	W	H	M	C	P
0	0.00924	0.00854	0.06110	0.01004	0.01133	0.00669	0.00762	0.01106	0.01385	0.01874	0.10622	0.51540	0.06595	0.10585	0.01177	0.00317	0.00474	0.01667	0.00608	0.00595
1	0.04457	0.33088	0.21928	0.01575	0.02220	0.22127	0.01606	0.02318	0.01584	0.01865	0.01079	0.01257	0.00889	0.00651	0.00558	0.00180	0.00963	0.00434	0.00319	0.00904
2	0.01437	0.09459	0.66341	0.01925	0.02921	0.01713	0.02466	0.02200	0.01469	0.02164	0.01229	0.01445	0.00885	0.00658	0.00646	0.00215	0.01008	0.00504	0.00295	0.01020
3	0.01933	0.69344	0.03505	0.01249	0.01824	0.09073	0.01208	0.02152	0.01468	0.01648	0.00980	0.01132	0.00896	0.00608	0.00464	0.00152	0.00793	0.00380	0.00304	0.00888
4	0.01525	0.08553	0.63321	0.01893	0.02868	0.01669	0.02398	0.02265	0.01497	0.05878	0.01313	0.01497	0.00930	0.00669	0.00650	0.00216	0.00988	0.00516	0.00325	0.01030
5	0.01439	0.06118	0.63245	0.02045	0.03031	0.01676	0.08473	0.02208	0.01487	0.02191	0.01256	0.01497	0.00900	0.00654	0.00670	0.00220	0.01034	0.00538	0.00300	0.01018
6	0.02971	0.01152	0.01568	0.01214	0.01726	0.00998	0.00998	0.03245	0.01996	0.66463	0.07836	0.02587	0.02090	0.00906	0.00711	0.00216	0.00574	0.00744	0.00857	0.01148
7	0.01841	0.55144	0.16918	0.01405	0.02066	0.08834	0.01480	0.02176	0.01479	0.01759	0.01035	0.01202	0.00894	0.00621	0.00506	0.00166	0.00848	0.00408	0.00303	0.00914
8	0.01427	0.06429	0.66629	0.01993	0.02994	0.01671	0.04969	0.02206	0.01478	0.02188	0.01247	0.01474	0.00891	0.00658	0.00660	0.00219	0.01025	0.00521	0.00297	0.01023
9	0.00825	0.00707	0.00707	0.00707	0.00943	0.00589	0.00530	0.01001	0.01591	0.01885	0.07069	0.06716	0.70839	0.01767	0.00825	0.00236	0.00353	0.01473	0.00648	0.00589
10	0.00944	0.00712	0.00872	0.00832	0.01015	0.00640	0.00624	0.01231	0.01871	0.02551	0.53497	0.05620	0.23997	0.01519	0.00824	0.00224	0.00336	0.01319	0.00736	0.00640
11	0.02629	0.03234	0.01962	0.01774	0.02141	0.69589	0.01334	0.02813	0.01978	0.04718	0.01151	0.01307	0.00935	0.00725	0.00632	0.00181	0.01230	0.00460	0.00381	0.00825
12	0.01670	0.01612	0.02786	0.13437	0.59648	0.01648	0.04765	0.02098	0.01566	0.02212	0.01307	0.01751	0.01080	0.00630	0.00697	0.00212	0.00856	0.00630	0.00341	0.01055
13	0.00961	0.00712	0.00896	0.00850	0.01026	0.00647	0.00637	0.01265	0.01912	0.02648	0.60270	0.05460	0.17162	0.01483	0.00823	0.00222	0.00333	0.01297	0.00748	0.00647
14	0.00863	0.00617	0.00821	0.00963	0.01015	0.00575	0.00649	0.01003	0.01394	0.01873	0.09873	0.68733	0.04793	0.02118	0.00885	0.00278	0.00398	0.01919	0.00659	0.00575
15	0.01866	0.75896	0.03657	0.01194	0.01791	0.02761	0.01194	0.02090	0.01418	0.01642	0.00970	0.01119	0.00896	0.00597	0.00448	0.00149	0.00746	0.00373	0.00299	0.00896
16	0.01400	0.03610	0.71860	0.01989	0.03020	0.01621	0.02578	0.02210	0.01473	0.02210	0.01252	0.01473	0.00884	0.00663	0.00663	0.00221	0.01031	0.00516	0.00295	0.01031
17	0.00825	0.00707	0.00707	0.00707	0.00943	0.00589	0.00530	0.01001	0.01591	0.01885	0.07069	0.06716	0.70839	0.01767	0.00825	0.00236	0.00353	0.01473	0.00648	0.00589
18	0.74549	0.06907	0.01222	0.00938	0.01382	0.01655	0.00788	0.02054	0.01205	0.03020	0.00972	0.01133	0.00766	0.00644	0.00433	0.00211	0.00555	0.00378	0.00422	0.00766
19	0.00976	0.00713	0.00916	0.00865	0.01035	0.00653	0.00649	0.01293	0.01947	0.02730	0.66006	0.05325	0.11375	0.01452	0.00823	0.00221	0.00331	0.01278	0.00759	0.00653
20	0.05497	0.72449	0.03535	0.01181	0.01771	0.02706	0.01174	0.02088	0.01407	0.01711	0.00970	0.01120	0.00889	0.00599	0.00447	0.00152	0.00737	0.00373	0.00305	0.00889
21	0.00850	0.00607	0.00810	0.00972	0.01012	0.00567	0.00648	0.00972	0.01336	0.01781	0.03846	0.75020	0.04615	0.02186	0.00891	0.00283	0.00405	0.01984	0.00648	0.00567
22	0.02579	0.02965	0.02009	0.01757	0.02148	0.54856	0.01350	0.17141	0.02230	0.02293	0.01203	0.01359	0.00962	0.00762	0.00702	0.00191	0.03678	0.00494	0.00431	0.00890
23	0.02539	0.01542	0.01783	0.01430	0.01922	0.04782	0.03064	0.18671	0.18421	0.31669	0.04985	0.02307	0.01823	0.00884	0.00708	0.00218	0.00662	0.00718	0.00747	0.01123
24	0.01674	0.01873	0.07769	0.03595	0.39531	0.01699	0.28987	0.02184	0.01605	0.02257	0.01349	0.01774	0.01072	0.00611	0.00743	0.00219	0.00982	0.00696	0.00345	0.01034
25	0.00903	0.00645	0.00870	0.01032	0.01096	0.00612	0.00740	0.01063	0.01388	0.01841	0.03817	0.62068	0.04500	0.02136	0.00905	0.00291	0.00451	0.14414	0.00647	0.00581
26	0.01861	0.02298	0.12630	0.02455	0.05524	0.13426	0.35408	0.05174	0.03908	0.04451	0.01405	0.01730	0.01064	0.00685	0.00828	0.00225	0.04902	0.00688	0.00386	0.00952
27	0.02345	0.11292	0.02198	0.01733	0.05649	0.26843	0.01325	0.23640	0.13243	0.02773	0.01550	0.01614	0.01198	0.00773	0.00645	0.00196	0.00906	0.00560	0.00515	0.01002
28	0.02202	0.01393	0.01629	0.04394	0.01919	0.01488	0.01111	0.11107	0.33646	0.24024	0.07295	0.02572	0.02152	0.00931	0.00713	0.00226	0.00591	0.00769	0.00743	0.01095
29	0.01670	0.01233	0.01470	0.01061	0.01671	0.00943	0.00853	0.01974	0.01520	0.11434	0.01440	0.01570	0.01125	0.00563	0.00541	0.00118	0.00527	0.00452	0.00473	0.69363
30	0.05023	0.01922	0.03280	0.05250	0.05637	0.11470	0.45326	0.02201	0.01691	0.02235	0.07583	0.02058	0.01518	0.00690	0.00770	0.00224	0.01063	0.00777	0.00393	0.00889

[dist]
# distance from previous block
# <min> <max>
0	2

[block]
# block no. 2 follows, 30 sequences, length 9
# corresponding to MSA columns:
# 193-201
name=unknown_C
#
# <colnr> <probs for GDERKNQSTAVLIFYWHMCP>
#	G	D	E	R	K	N	Q	S	T	A	V	L	I	F	Y	W	H	M	C	P
0	0.27020	0.06889	0.12448	0.01464	0.01939	0.22071	0.01325	0.02227	0.01475	0.02268	0.01056	0.01286	0.00861	0.00725	0.00744	0.00205	0.09323	0.00448	0.00366	0.05860
1	0.01340	0.04155	0.07258	0.01317	0.01659	0.01091	0.07511	0.07330	0.03991	0.04907	0.19134	0.22630	0.06397	0.01380	0.00793	0.00237	0.00582	0.04547	0.00613	0.03129
2	0.06001	0.00721	0.00893	0.00932	0.01072	0.00689	0.00685	0.01227	0.01642	0.02342	0.33240	0.30577	0.09490	0.01710	0.00833	0.00251	0.00393	0.05991	0.00687	0.00626
3	0.13946	0.08232	0.11869	0.01959	0.12886	0.06384	0.04618	0.18616	0.01987	0.08228	0.03881	0.01689	0.01252	0.00734	0.00637	0.00207	0.00799	0.00578	0.00491	0.01008
4	0.02052	0.09065	0.07161	0.01502	0.01958	0.18665	0.03948	0.16488	0.02040	0.08216	0.06291	0.12450	0.01949	0.00986	0.00689	0.00206	0.00814	0.00796	0.00534	0.04192
5	0.12122	0.05149	0.07057	0.04354	0.02167	0.06950	0.05558	0.18928	0.09443	0.13746	0.01779	0.01926	0.01315	0.00793	0.00655	0.00212	0.00762	0.02375	0.00569	0.04140
6	0.12171	0.05907	0.16203	0.01544	0.02104	0.13294	0.07730	0.04920	0.01689	0.08371	0.07005	0.04981	0.04482	0.00841	0.00655	0.00206	0.00815	0.00679	0.00468	0.05933
7	0.11552	0.04034	0.07265	0.01326	0.04012	0.01226	0.04065	0.08726	0.01827	0.14908	0.16303	0.06936	0.09225	0.01046	0.00699	0.00215	0.00589	0.00875	0.00613	0.04557
8	0.01973	0.05601	0.09655	0.01759	0.02297	0.09015	0.18011	0.04532	0.01788	0.18246	0.08021	0.07140	0.02016	0.00915	0.00736	0.00220	0.00834	0.03542	0.00544	0.03156

[dist]
# distance from previous block
# <min> <max>
13	23

[block]
# block no. 3 follows, 30 sequences, length 16
# corresponding to MSA columns:
# 227-242
name=unknown_D
#
# <colnr> <probs for GDERKNQSTAVLIFYWHMCP>
#	G	D	E	R	K	N	Q	S	T	A	V	L	I	F	Y	W	H	M	C	P
0	0.15241	0.07134	0.01821	0.01387	0.01821	0.07462	0.04156	0.21071	0.10573	0.05214	0.01891	0.08736	0.01641	0.03186	0.00743	0.00229	0.00705	0.02761	0.00563	0.03668
1	0.02414	0.12287	0.02202	0.01656	0.02074	0.40898	0.01316	0.16627	0.06506	0.02343	0.01296	0.01427	0.01039	0.00766	0.00701	0.00191	0.04389	0.00506	0.00443	0.00917
2	0.01802	0.05252	0.01567	0.01138	0.01654	0.01149	0.00915	0.02359	0.12719	0.16165	0.04224	0.06360	0.01741	0.00791	0.00614	0.00165	0.00537	0.00652	0.00571	0.39624
3	0.01866	0.75896	0.03657	0.01194	0.01791	0.02761	0.01194	0.02090	0.01418	0.01642	0.00970	0.01119	0.00896	0.00597	0.00448	0.00149	0.00746	0.00373	0.00299	0.00896
4	0.01984	0.66808	0.03443	0.01228	0.01819	0.02635	0.01196	0.07231	0.01587	0.05088	0.01106	0.01220	0.00956	0.00628	0.00479	0.00157	0.00741	0.00408	0.00355	0.00931
5	0.01531	0.27983	0.39638	0.01694	0.02485	0.01940	0.05531	0.02078	0.01454	0.01986	0.01357	0.06825	0.01174	0.00749	0.00615	0.00202	0.00895	0.00592	0.00325	0.00946
6	0.00850	0.00607	0.00810	0.00972	0.01012	0.00567	0.00648	0.00972	0.01336	0.01781	0.03846	0.75020	0.04615	0.02186	0.00891	0.00283	0.00405	0.01984	0.00648	0.00567
7	0.01647	0.01882	0.04118	0.02941	0.03647	0.01765	0.68588	0.02235	0.01647	0.02235	0.01412	0.01882	0.01059	0.00588	0.00824	0.00235	0.01176	0.00824	0.00353	0.00941
8	0.03021	0.01239	0.01805	0.01368	0.01920	0.01080	0.06033	0.03314	0.01971	0.66465	0.02654	0.02339	0.01678	0.00843	0.00711	0.00217	0.00637	0.00711	0.00826	0.01169
9	0.01318	0.01240	0.02093	0.73798	0.04806	0.01550	0.01938	0.01783	0.01395	0.01783	0.01240	0.01860	0.00930	0.00698	0.00698	0.00233	0.00930	0.00620	0.00310	0.00775
10	0.00850	0.00607	0.00810	0.00972	0.01012	0.00567	0.00648	0.00972	0.01336	0.01781	0.03846	0.75020	0.04615	0.02186	0.00891	0.00283	0.00405	0.01984	0.00648	0.00567
11	0.02444	0.21678	0.02387	0.01617	0.02046	0.51365	0.01293	0.02639	0.01836	0.05132	0.01133	0.01278	0.00939	0.00695	0.00587	0.00174	0.01095	0.00442	0.00369	0.00850
12	0.05736	0.02038	0.01965	0.01576	0.02082	0.10860	0.01275	0.48984	0.12070	0.03810	0.01730	0.01727	0.01261	0.00830	0.00680	0.00210	0.00790	0.00617	0.00647	0.01111
13	0.00850	0.00607	0.00810	0.00972	0.01012	0.00567	0.00648	0.00972	0.01336	0.01781	0.03846	0.75020	0.04615	0.02186	0.00891	0.00283	0.00405	0.01984	0.00648	0.00567
14	0.01727	0.01658	0.02832	0.04283	0.71123	0.01658	0.02142	0.02142	0.01589	0.02280	0.01313	0.01727	0.01105	0.00622	0.00691	0.00207	0.00829	0.00622	0.00345	0.01105
15	0.01466	0.01392	0.02361	0.48567	0.28877	0.01589	0.02012	0.01913	0.01466	0.01963	0.01267	0.01812	0.00994	0.00670	0.00695	0.00223	0.00893	0.00621	0.00323	0.00895

[dist]
# distance from previous block
# <min> <max>
0	2

# created by:
# /home/berkeley/.conda/envs/busco_data_prod/bin/msa2prfl.pl pipeline/OGs_align_augustus/4893/7641.fs
