[name]
unknown

[dist]
# distance from previous block
# <min> <max>
0	56

[block]
# block no. 0 follows, 32 sequences, length 18
# corresponding to MSA columns:
# 56-73
name=unknown_A
#
# <colnr> <probs for GDERKNQSTAVLIFYWHMCP>
#	G	D	E	R	K	N	Q	S	T	A	V	L	I	F	Y	W	H	M	C	P
0	0.01875	0.09827	0.18025	0.01506	0.02053	0.09073	0.01467	0.20869	0.01993	0.06043	0.01824	0.02719	0.01597	0.00937	0.00678	0.00214	0.00801	0.14317	0.00497	0.03684
1	0.01830	0.10223	0.23443	0.01712	0.02334	0.10627	0.09498	0.14166	0.05988	0.05544	0.01589	0.07175	0.01303	0.00794	0.00657	0.00205	0.00870	0.00657	0.00440	0.00945
2	0.01468	0.01468	0.02055	0.01762	0.01762	0.02055	0.01468	0.01615	0.01028	0.01615	0.00881	0.01468	0.00881	0.01174	0.02202	0.00294	0.75191	0.00587	0.00294	0.00734
3	0.00848	0.00682	0.00756	0.00738	0.00940	0.00590	0.00553	0.01070	0.01660	0.02122	0.29692	0.05949	0.48873	0.01584	0.00792	0.00221	0.00332	0.01345	0.00664	0.00590
4	0.01391	0.01193	0.01391	0.00994	0.01590	0.00894	0.00795	0.01690	0.01391	0.02186	0.01193	0.01391	0.00994	0.00497	0.00497	0.00099	0.00497	0.00398	0.00398	0.80521
5	0.03010	0.01142	0.01557	0.01194	0.01713	0.00986	0.00986	0.03270	0.01920	0.72698	0.02647	0.02284	0.01661	0.00830	0.00675	0.00208	0.00571	0.00675	0.00830	0.01142
6	0.01166	0.00583	0.00874	0.00874	0.00874	0.00583	0.00583	0.00874	0.00874	0.01166	0.01166	0.02040	0.01166	0.02331	0.02622	0.80478	0.00583	0.00583	0.00291	0.00291
7	0.01618	0.01585	0.02806	0.10046	0.58448	0.01597	0.09900	0.02040	0.01518	0.02146	0.01267	0.01689	0.01043	0.00600	0.00680	0.00205	0.00844	0.00620	0.00330	0.01017
8	0.01345	0.01272	0.02153	0.60850	0.17971	0.01511	0.01902	0.01782	0.01378	0.01809	0.01206	0.01764	0.00928	0.00656	0.00670	0.00219	0.00875	0.00597	0.00305	0.00808
9	0.00816	0.00676	0.00686	0.00686	0.00885	0.00577	0.00497	0.00965	0.01461	0.01749	0.06216	0.06201	0.63335	0.10970	0.01118	0.00279	0.00378	0.01361	0.00596	0.00547
10	0.02307	0.01544	0.04262	0.01739	0.08124	0.08719	0.10714	0.04755	0.04232	0.35213	0.06332	0.05404	0.01812	0.00843	0.00697	0.00210	0.00729	0.00741	0.00626	0.01000
11	0.00874	0.00715	0.00756	0.00763	0.00970	0.00629	0.00563	0.03981	0.01557	0.01901	0.06023	0.18530	0.56928	0.01731	0.00799	0.00234	0.00366	0.01467	0.00625	0.00588
12	0.01577	0.01527	0.02445	0.12819	0.55207	0.04118	0.01885	0.01961	0.01534	0.02118	0.04524	0.01989	0.03965	0.00686	0.00673	0.00203	0.00786	0.00650	0.00357	0.00974
13	0.04562	0.01831	0.04950	0.06741	0.38732	0.09020	0.14969	0.03895	0.01571	0.02159	0.01233	0.01612	0.01001	0.00638	0.00742	0.00208	0.04228	0.00606	0.00342	0.00961
14	0.01749	0.05075	0.05439	0.05980	0.13122	0.04258	0.30925	0.11061	0.10918	0.02446	0.01514	0.01786	0.01152	0.00659	0.00710	0.00213	0.00921	0.00684	0.00420	0.00968
15	0.01792	0.06963	0.11475	0.01976	0.04906	0.08707	0.23012	0.07223	0.09874	0.08003	0.01761	0.08130	0.01450	0.00800	0.00700	0.00214	0.00874	0.00752	0.00458	0.00930
16	0.05913	0.05655	0.15970	0.01758	0.06463	0.08135	0.11558	0.10091	0.03767	0.06546	0.03938	0.04846	0.08323	0.00839	0.00668	0.00205	0.00794	0.00716	0.00459	0.03356
17	0.11605	0.13898	0.08027	0.01948	0.13473	0.06914	0.09038	0.10299	0.04765	0.02395	0.04064	0.05260	0.01366	0.00766	0.00673	0.00202	0.03361	0.00627	0.00418	0.00901

[dist]
# distance from previous block
# <min> <max>
0	11

[block]
# block no. 1 follows, 32 sequences, length 26
# corresponding to MSA columns:
# 85-110
name=unknown_B
#
# <colnr> <probs for GDERKNQSTAVLIFYWHMCP>
#	G	D	E	R	K	N	Q	S	T	A	V	L	I	F	Y	W	H	M	C	P
0	0.09276	0.09743	0.10091	0.03370	0.01911	0.14057	0.01227	0.13405	0.09056	0.07606	0.07365	0.02154	0.06296	0.00839	0.00626	0.00199	0.00738	0.00637	0.00510	0.00896
1	0.08904	0.10950	0.09341	0.01192	0.03296	0.03934	0.01012	0.05357	0.05794	0.05109	0.09841	0.06035	0.06163	0.14112	0.04096	0.00313	0.00679	0.00782	0.00481	0.02611
2	0.01609	0.32225	0.11716	0.01215	0.01703	0.04481	0.01178	0.04705	0.03043	0.06680	0.07021	0.07054	0.11025	0.00939	0.00642	0.00190	0.02570	0.00725	0.00447	0.00832
3	0.01686	0.36544	0.28611	0.01501	0.02190	0.08867	0.01642	0.02249	0.07424	0.01890	0.01197	0.01336	0.00959	0.00637	0.00544	0.00179	0.00848	0.00450	0.00325	0.00918
4	0.01659	0.22061	0.35132	0.01525	0.02216	0.06553	0.01704	0.02128	0.01474	0.09229	0.01530	0.09135	0.01310	0.00796	0.00608	0.00198	0.00829	0.00621	0.00380	0.00912
5	0.01832	0.65817	0.03226	0.01173	0.01724	0.02482	0.01132	0.02224	0.08614	0.04699	0.01192	0.01275	0.01018	0.00620	0.00467	0.00155	0.00692	0.00414	0.00351	0.00894
6	0.01988	0.01200	0.01463	0.01101	0.01625	0.01022	0.00891	0.09238	0.01791	0.25001	0.08322	0.02039	0.01722	0.00718	0.00599	0.00155	0.00529	0.00584	0.00596	0.39416
7	0.00825	0.00587	0.00776	0.00925	0.00962	0.00550	0.00613	0.00936	0.01270	0.01694	0.03624	0.72627	0.04344	0.05584	0.00976	0.00290	0.00402	0.01864	0.00613	0.00539
8	0.02260	0.02833	0.01928	0.01702	0.02060	0.60773	0.06319	0.02462	0.01839	0.01698	0.01658	0.01799	0.08248	0.00787	0.00638	0.00182	0.01114	0.00561	0.00374	0.00765
9	0.00918	0.00685	0.00853	0.00811	0.00983	0.00620	0.00608	0.01205	0.01824	0.02512	0.58665	0.05306	0.19656	0.01438	0.00792	0.00214	0.00321	0.01255	0.00715	0.00620
10	0.01796	0.01505	0.01589	0.01391	0.01793	0.01728	0.01093	0.13168	0.61211	0.03012	0.02569	0.02374	0.01917	0.00895	0.00681	0.00224	0.00561	0.00736	0.00681	0.01073
11	0.01669	0.01441	0.01517	0.01365	0.01745	0.01669	0.01062	0.03565	0.71021	0.02807	0.02731	0.02503	0.02048	0.00910	0.00683	0.00228	0.00531	0.00759	0.00683	0.01062
12	0.01468	0.01468	0.02055	0.01762	0.01762	0.02055	0.01468	0.01615	0.01028	0.01615	0.00881	0.01468	0.00881	0.01174	0.02202	0.00294	0.75191	0.00587	0.00294	0.00734
13	0.00818	0.00584	0.00779	0.00934	0.00973	0.00545	0.00623	0.00934	0.01285	0.01713	0.03698	0.75981	0.04438	0.02102	0.00856	0.00273	0.00389	0.01908	0.00623	0.00545
14	0.02888	0.01339	0.01679	0.01287	0.01811	0.01279	0.01063	0.21100	0.02250	0.54402	0.02370	0.02104	0.01522	0.00824	0.00674	0.00206	0.00616	0.00656	0.00788	0.01142
15	0.09213	0.01532	0.01519	0.01348	0.01741	0.04664	0.01056	0.08182	0.56710	0.02881	0.02412	0.02253	0.01810	0.00867	0.00654	0.00222	0.00573	0.00697	0.00643	0.01025
16	0.56796	0.01494	0.01228	0.01054	0.01487	0.08235	0.00857	0.07073	0.01470	0.13132	0.01242	0.01312	0.00905	0.00673	0.00489	0.00204	0.00607	0.00432	0.00488	0.00822
17	0.02186	0.01976	0.01859	0.11284	0.02306	0.19192	0.01293	0.36592	0.04016	0.02999	0.01638	0.08524	0.01371	0.00884	0.00673	0.00205	0.00836	0.00687	0.00538	0.00943
18	0.00976	0.00714	0.00905	0.00981	0.01090	0.00676	0.00680	0.05900	0.01424	0.01921	0.03394	0.66063	0.03990	0.01910	0.00821	0.00257	0.00421	0.01721	0.00612	0.05542
19	0.01997	0.01598	0.01798	0.11223	0.02273	0.01824	0.01261	0.32077	0.32362	0.03277	0.02041	0.02022	0.01502	0.00833	0.00676	0.00216	0.00669	0.00670	0.00627	0.01054
20	0.12161	0.01466	0.02336	0.19231	0.47919	0.01560	0.01839	0.01972	0.01436	0.02196	0.01203	0.01613	0.00981	0.00617	0.00633	0.00206	0.00781	0.00566	0.00336	0.00948
21	0.01655	0.01582	0.02737	0.17234	0.40626	0.01638	0.13820	0.08372	0.01654	0.02284	0.01298	0.01707	0.01030	0.00626	0.00689	0.00209	0.00869	0.00632	0.00359	0.00982
22	0.01434	0.05856	0.47023	0.02162	0.09259	0.01687	0.09145	0.02049	0.01390	0.02043	0.01171	0.01473	0.00892	0.00695	0.00856	0.00221	0.10858	0.00542	0.00295	0.00950
23	0.01719	0.01482	0.02491	0.16147	0.53861	0.01519	0.01925	0.02113	0.01532	0.08713	0.01380	0.01741	0.01090	0.00632	0.00666	0.00204	0.00793	0.00605	0.00373	0.01015
24	0.09233	0.01409	0.02309	0.21123	0.28802	0.01465	0.08932	0.02184	0.01519	0.14414	0.01465	0.01764	0.01088	0.00656	0.00658	0.00211	0.00792	0.00610	0.00419	0.00948
25	0.01672	0.01380	0.02286	0.32642	0.18380	0.01547	0.07850	0.03897	0.01494	0.11368	0.01391	0.01787	0.01049	0.00729	0.00860	0.00224	0.09539	0.00624	0.00390	0.00891

[dist]
# distance from previous block
# <min> <max>
7	21

[block]
# block no. 2 follows, 32 sequences, length 12
# corresponding to MSA columns:
# 133-144
name=unknown_C
#
# <colnr> <probs for GDERKNQSTAVLIFYWHMCP>
#	G	D	E	R	K	N	Q	S	T	A	V	L	I	F	Y	W	H	M	C	P
0	0.10687	0.01582	0.02202	0.05649	0.40257	0.03994	0.01619	0.12009	0.04026	0.07495	0.01547	0.01769	0.02842	0.00690	0.00640	0.00203	0.00740	0.00598	0.00443	0.01008
1	0.01908	0.13141	0.05024	0.03843	0.08660	0.17110	0.07564	0.08767	0.07979	0.04165	0.01361	0.01527	0.01074	0.00652	0.00601	0.00175	0.00827	0.00523	0.00415	0.14684
2	0.05099	0.01363	0.02268	0.33265	0.15143	0.01481	0.12503	0.06190	0.01561	0.06652	0.01523	0.01908	0.02743	0.00688	0.00671	0.00213	0.00826	0.00644	0.04395	0.00864
3	0.01711	0.01713	0.02598	0.08855	0.61066	0.08195	0.01976	0.02092	0.01549	0.02108	0.01237	0.01628	0.01033	0.00612	0.00659	0.00199	0.00842	0.00583	0.00331	0.01014
4	0.01507	0.01438	0.02447	0.31657	0.45893	0.01554	0.01983	0.01925	0.01455	0.02006	0.01235	0.01711	0.00997	0.00626	0.00667	0.00209	0.00835	0.00597	0.00319	0.00939
5	0.01388	0.14889	0.43730	0.01619	0.02371	0.01561	0.05276	0.01948	0.01451	0.03921	0.04287	0.05385	0.07750	0.00818	0.00642	0.00206	0.00832	0.00667	0.00364	0.00898
6	0.01661	0.01594	0.02724	0.04119	0.72233	0.01594	0.02059	0.02059	0.01528	0.02192	0.01262	0.01661	0.01063	0.00598	0.00664	0.00199	0.00797	0.00598	0.00332	0.01063
7	0.01099	0.00721	0.01007	0.01187	0.06345	0.00673	0.00765	0.01268	0.01419	0.08521	0.09664	0.57014	0.04099	0.01804	0.00819	0.00255	0.00430	0.01630	0.00631	0.00648
8	0.01955	0.01408	0.01775	0.01683	0.13446	0.01321	0.01152	0.15998	0.06740	0.14147	0.01634	0.01704	0.01218	0.00660	0.00602	0.00163	0.00610	0.00543	0.00533	0.32709
9	0.01616	0.07094	0.02536	0.23687	0.43426	0.01675	0.01886	0.06294	0.01567	0.02142	0.01240	0.01650	0.01005	0.00630	0.00649	0.00202	0.00815	0.00580	0.00341	0.00963
10	0.01666	0.14896	0.37135	0.01571	0.02313	0.01721	0.01769	0.14957	0.01786	0.04359	0.06531	0.01687	0.01344	0.00712	0.00615	0.00193	0.00812	0.00547	0.00412	0.04974
11	0.01326	0.08028	0.54935	0.01753	0.02580	0.01505	0.05105	0.01984	0.01466	0.02133	0.08676	0.04535	0.01564	0.00761	0.00654	0.00210	0.00886	0.00627	0.00346	0.00925

[dist]
# distance from previous block
# <min> <max>
2	7

[block]
# block no. 3 follows, 32 sequences, length 19
# corresponding to MSA columns:
# 152-170
name=unknown_D
#
# <colnr> <probs for GDERKNQSTAVLIFYWHMCP>
#	G	D	E	R	K	N	Q	S	T	A	V	L	I	F	Y	W	H	M	C	P
0	0.01644	0.01565	0.04117	0.14895	0.23098	0.03718	0.06323	0.09482	0.17226	0.02480	0.07139	0.02118	0.01660	0.00764	0.00687	0.00212	0.00752	0.00688	0.00472	0.00961
1	0.00910	0.00684	0.00842	0.00802	0.00978	0.00616	0.00602	0.01189	0.01805	0.02467	0.55310	0.05380	0.23040	0.01455	0.00792	0.00215	0.00322	0.01265	0.00709	0.00616
2	0.00818	0.00584	0.00779	0.00934	0.00973	0.00545	0.00623	0.00934	0.01285	0.01713	0.03698	0.75981	0.04438	0.02102	0.00856	0.00273	0.00389	0.01908	0.00623	0.00545
3	0.01555	0.01486	0.02532	0.23125	0.54054	0.01566	0.02007	0.01967	0.01478	0.02064	0.01243	0.01695	0.01018	0.00617	0.00666	0.00206	0.00823	0.00597	0.00323	0.00977
4	0.01794	0.76823	0.03516	0.01148	0.01722	0.02655	0.01148	0.02009	0.01363	0.01579	0.00933	0.01076	0.00861	0.00574	0.00431	0.00144	0.00718	0.00359	0.00287	0.00861
5	0.01584	0.01810	0.03959	0.02828	0.03507	0.01697	0.69796	0.02149	0.01584	0.02149	0.01357	0.01810	0.01018	0.00566	0.00792	0.00226	0.01131	0.00792	0.00339	0.00905
6	0.00827	0.00591	0.00787	0.00928	0.00975	0.00551	0.00624	0.00958	0.01329	0.01783	0.08582	0.70898	0.04573	0.02050	0.00852	0.00268	0.00384	0.01858	0.00631	0.00551
7	0.01312	0.01238	0.02094	0.66732	0.12345	0.01503	0.01886	0.01754	0.01363	0.01769	0.01201	0.01774	0.00914	0.00663	0.00670	0.00221	0.00883	0.00596	0.00302	0.00782
8	0.00959	0.00719	0.01078	0.01078	0.01198	0.00839	0.00839	0.01198	0.01078	0.01558	0.01797	0.02636	0.01677	0.05032	0.73760	0.01078	0.01797	0.00719	0.00359	0.00599
9	0.00818	0.00584	0.00779	0.00934	0.00973	0.00545	0.00623	0.00934	0.01285	0.01713	0.03698	0.75981	0.04438	0.02102	0.00856	0.00273	0.00389	0.01908	0.00623	0.00545
10	0.00803	0.00671	0.00699	0.00711	0.00917	0.00568	0.00526	0.00975	0.01526	0.01847	0.09734	0.12667	0.62617	0.01720	0.00799	0.00230	0.00343	0.01450	0.00629	0.00568
11	0.01651	0.44114	0.31005	0.01480	0.02209	0.05678	0.01684	0.02088	0.01411	0.01799	0.01046	0.01218	0.00857	0.00605	0.00521	0.00172	0.00850	0.00417	0.00288	0.00909
12	0.00976	0.00651	0.00732	0.00732	0.00732	0.00651	0.00407	0.00976	0.00976	0.01301	0.02114	0.04391	0.02439	0.76419	0.03415	0.00651	0.00651	0.00976	0.00407	0.00407
13	0.01065	0.00812	0.01135	0.01093	0.01202	0.00951	0.00835	0.04040	0.01144	0.01631	0.01772	0.02787	0.01717	0.15985	0.54119	0.00915	0.07075	0.00745	0.00375	0.00601
14	0.01180	0.01016	0.01527	0.16698	0.17217	0.01081	0.01232	0.01610	0.08597	0.01931	0.02561	0.37166	0.02738	0.01362	0.00759	0.00242	0.00595	0.01238	0.00500	0.00752
15	0.07286	0.08882	0.21592	0.01619	0.06639	0.01621	0.01490	0.11532	0.12956	0.02455	0.01760	0.06166	0.01524	0.04964	0.00844	0.00240	0.03144	0.03917	0.00457	0.00915
16	0.01651	0.04718	0.02729	0.06763	0.66643	0.01634	0.02014	0.02044	0.01514	0.02148	0.01246	0.01641	0.01048	0.00600	0.00655	0.00198	0.00798	0.00588	0.00329	0.01042
17	0.01486	0.01042	0.01224	0.01115	0.03421	0.01025	0.00830	0.16323	0.04166	0.08628	0.20031	0.11394	0.18590	0.03376	0.00816	0.00226	0.00480	0.01080	0.00657	0.04087
18	0.09664	0.11533	0.23345	0.01484	0.02128	0.12039	0.01499	0.12523	0.01755	0.08132	0.01298	0.01411	0.00966	0.00663	0.00580	0.00184	0.00820	0.00478	0.00421	0.09076

[dist]
# distance from previous block
# <min> <max>
0	12

[block]
# block no. 4 follows, 32 sequences, length 21
# corresponding to MSA columns:
# 183-203
name=unknown_E
#
# <colnr> <probs for GDERKNQSTAVLIFYWHMCP>
#	G	D	E	R	K	N	Q	S	T	A	V	L	I	F	Y	W	H	M	C	P
0	0.05781	0.04767	0.17406	0.05036	0.20439	0.04170	0.07108	0.07760	0.06129	0.04576	0.01447	0.01780	0.01141	0.00684	0.00642	0.00200	0.00809	0.02526	0.00404	0.07195
1	0.00838	0.00602	0.00771	0.00890	0.00944	0.00561	0.00592	0.00954	0.01294	0.01715	0.06425	0.60421	0.09370	0.09902	0.01120	0.00307	0.00410	0.01745	0.00605	0.00535
2	0.01391	0.01193	0.01391	0.00994	0.01590	0.00894	0.00795	0.01690	0.01391	0.02186	0.01193	0.01391	0.00994	0.00497	0.00497	0.00099	0.00497	0.00398	0.00398	0.80521
3	0.01697	0.13694	0.18099	0.04550	0.11441	0.01719	0.17430	0.06897	0.04426	0.06605	0.01515	0.01726	0.02707	0.00661	0.00650	0.00199	0.00856	0.00606	0.00393	0.04127
4	0.07613	0.03672	0.21435	0.01826	0.09942	0.01436	0.06702	0.08506	0.03313	0.18034	0.01651	0.03560	0.01215	0.00715	0.00638	0.00200	0.00757	0.00600	0.00487	0.07700
5	0.00866	0.00645	0.00806	0.00846	0.00971	0.00585	0.00604	0.01074	0.01582	0.02127	0.31793	0.33126	0.19064	0.01725	0.00817	0.00238	0.00350	0.01527	0.00670	0.00585
6	0.01326	0.01024	0.01588	0.05394	0.10251	0.01072	0.06811	0.07045	0.01419	0.04463	0.02096	0.22976	0.02144	0.02041	0.13090	0.11427	0.03670	0.01006	0.00457	0.00701
7	0.01852	0.09598	0.26155	0.01984	0.05384	0.10519	0.15453	0.09876	0.03498	0.07333	0.01379	0.01559	0.01016	0.00661	0.00654	0.00202	0.00942	0.00570	0.00397	0.00968
8	0.01032	0.00850	0.01250	0.01219	0.01322	0.00901	0.06171	0.03728	0.01343	0.01828	0.03049	0.57118	0.03556	0.01805	0.01030	0.00269	0.10761	0.01589	0.00557	0.00622
9	0.01501	0.08908	0.35872	0.01919	0.11983	0.01552	0.01837	0.04558	0.06025	0.02219	0.01301	0.01494	0.00997	0.00623	0.00600	0.00183	0.00804	0.00500	0.00353	0.16773
10	0.02277	0.02020	0.01764	0.01442	0.01888	0.23208	0.01138	0.29230	0.02256	0.08282	0.01491	0.01672	0.01155	0.03957	0.04122	0.00238	0.00879	0.00550	0.00523	0.11909
11	0.01030	0.00705	0.00917	0.00853	0.01029	0.00646	0.00643	0.01339	0.01887	0.05586	0.66677	0.04949	0.08464	0.01361	0.00787	0.00211	0.00328	0.01198	0.00738	0.00652
12	0.01824	0.01539	0.02600	0.14520	0.36488	0.01570	0.12146	0.08496	0.01704	0.10347	0.01456	0.01770	0.01105	0.00650	0.00687	0.00208	0.00832	0.00637	0.00416	0.01005
13	0.01961	0.01832	0.17594	0.01457	0.02007	0.03934	0.04859	0.15634	0.04537	0.19869	0.02525	0.05097	0.09483	0.02729	0.00763	0.00226	0.00720	0.03234	0.00580	0.00958
14	0.02113	0.02576	0.02079	0.01792	0.02135	0.50077	0.10675	0.02348	0.01699	0.01699	0.01178	0.01502	0.00998	0.01297	0.10788	0.00311	0.05091	0.00529	0.00344	0.00768
15	0.00907	0.00673	0.00933	0.00968	0.01075	0.00707	0.00715	0.01110	0.01268	0.01753	0.11528	0.23022	0.08432	0.05926	0.36986	0.00673	0.01081	0.01163	0.00500	0.00580
16	0.23120	0.09966	0.01702	0.01224	0.03781	0.01571	0.00981	0.19390	0.01830	0.07558	0.04120	0.03311	0.01282	0.00716	0.00549	0.00178	0.00594	0.00529	0.00505	0.17092
17	0.10313	0.14583	0.21805	0.01528	0.06207	0.03288	0.01456	0.05181	0.01531	0.10209	0.01981	0.04422	0.07702	0.00863	0.00675	0.00207	0.03480	0.03244	0.00438	0.00887
18	0.01636	0.06586	0.09520	0.11199	0.09339	0.09151	0.03472	0.12524	0.01710	0.02234	0.03818	0.05489	0.04561	0.06233	0.00908	0.00232	0.03617	0.00689	0.00422	0.06660
19	0.01657	0.14114	0.03590	0.01542	0.07631	0.07727	0.04637	0.09186	0.08675	0.04406	0.04488	0.11869	0.01959	0.05877	0.00835	0.00229	0.00690	0.03330	0.00486	0.07073
20	0.06384	0.10732	0.13783	0.01509	0.05929	0.07170	0.01307	0.12844	0.04757	0.02348	0.02053	0.10987	0.07586	0.00962	0.00720	0.00206	0.04542	0.00754	0.00457	0.04970

[dist]
# distance from previous block
# <min> <max>
0	13

[block]
# block no. 5 follows, 32 sequences, length 46
# corresponding to MSA columns:
# 217-262
name=unknown_F
#
# <colnr> <probs for GDERKNQSTAVLIFYWHMCP>
#	G	D	E	R	K	N	Q	S	T	A	V	L	I	F	Y	W	H	M	C	P
0	0.05186	0.09890	0.18184	0.04717	0.14744	0.05046	0.06179	0.11607	0.06106	0.09802	0.01480	0.01626	0.01097	0.00683	0.00633	0.00201	0.00817	0.00565	0.00440	0.00996
1	0.12838	0.04869	0.04463	0.01480	0.04103	0.18613	0.01182	0.20355	0.05332	0.11867	0.01552	0.03457	0.01184	0.00757	0.00607	0.00192	0.00777	0.00557	0.00525	0.05290
2	0.24453	0.05485	0.11126	0.01613	0.07695	0.01434	0.09960	0.02174	0.06429	0.10344	0.08829	0.04442	0.01721	0.00784	0.00616	0.00211	0.00674	0.00658	0.00481	0.00873
3	0.00934	0.00685	0.00875	0.00827	0.00993	0.00626	0.00620	0.01235	0.01861	0.02601	0.65209	0.05160	0.13057	0.01405	0.00792	0.00213	0.00319	0.01234	0.00727	0.00626
4	0.01241	0.00908	0.01199	0.05984	0.06657	0.00899	0.00890	0.01726	0.09640	0.07706	0.37421	0.04351	0.14262	0.01238	0.00757	0.00218	0.00446	0.03049	0.00660	0.00749
5	0.01657	0.30936	0.33135	0.01512	0.02263	0.01984	0.01710	0.09809	0.01593	0.02163	0.01147	0.01308	0.00898	0.00622	0.00552	0.00177	0.00822	0.00449	0.00338	0.06925
6	0.01160	0.00829	0.00992	0.00908	0.01135	0.00795	0.00694	0.04189	0.08608	0.06321	0.45702	0.04780	0.18610	0.01342	0.00770	0.00215	0.00372	0.01157	0.00712	0.00708
7	0.01166	0.00583	0.00874	0.00874	0.00874	0.00583	0.00583	0.00874	0.00874	0.01166	0.01166	0.02040	0.01166	0.02331	0.02622	0.80478	0.00583	0.00583	0.00291	0.00291
8	0.01661	0.01594	0.02724	0.04119	0.72233	0.01594	0.02059	0.02059	0.01528	0.02192	0.01262	0.01661	0.01063	0.00598	0.00664	0.00199	0.00797	0.00598	0.00332	0.01063
9	0.00975	0.00653	0.00744	0.00744	0.00749	0.00657	0.00422	0.00984	0.00979	0.01310	0.02103	0.04327	0.02412	0.73830	0.05967	0.00666	0.00692	0.00966	0.00405	0.00414
10	0.02587	0.01822	0.01978	0.01516	0.02052	0.01995	0.01253	0.64766	0.03058	0.09596	0.01692	0.01664	0.01182	0.00807	0.00672	0.00202	0.00725	0.00610	0.00684	0.01141
11	0.01661	0.01594	0.02724	0.04119	0.72233	0.01594	0.02059	0.02059	0.01528	0.02192	0.01262	0.01661	0.01063	0.00598	0.00664	0.00199	0.00797	0.00598	0.00332	0.01063
12	0.01660	0.01815	0.03807	0.02727	0.03395	0.01727	0.64425	0.07468	0.01707	0.02312	0.01377	0.01794	0.01028	0.00584	0.00782	0.00224	0.01100	0.00777	0.00365	0.00923
13	0.01661	0.01594	0.02724	0.04119	0.72233	0.01594	0.02059	0.02059	0.01528	0.02192	0.01262	0.01661	0.01063	0.00598	0.00664	0.00199	0.00797	0.00598	0.00332	0.01063
14	0.01584	0.01810	0.03959	0.02828	0.03507	0.01697	0.69796	0.02149	0.01584	0.02149	0.01357	0.01810	0.01018	0.00566	0.00792	0.00226	0.01131	0.00792	0.00339	0.00905
15	0.02506	0.03198	0.01901	0.01729	0.02074	0.73725	0.01296	0.02679	0.01901	0.01642	0.01037	0.01210	0.00864	0.00691	0.00605	0.00173	0.01210	0.00432	0.00346	0.00778
16	0.01166	0.00583	0.00874	0.00874	0.00874	0.00583	0.00583	0.00874	0.00874	0.01166	0.01166	0.02040	0.01166	0.02331	0.02622	0.80478	0.00583	0.00583	0.00291	0.00291
17	0.00822	0.00597	0.00776	0.00908	0.00969	0.00551	0.00614	0.00954	0.01338	0.01772	0.07491	0.66324	0.10351	0.02030	0.00848	0.00265	0.00381	0.01829	0.00629	0.00551
18	0.00817	0.00659	0.00732	0.00784	0.00954	0.00573	0.00576	0.00981	0.01463	0.01797	0.05742	0.25765	0.49121	0.01820	0.00819	0.00244	0.00370	0.05596	0.00623	0.00564
19	0.01640	0.01573	0.02687	0.07774	0.68737	0.01589	0.02049	0.02041	0.01518	0.02167	0.01259	0.01667	0.01054	0.00602	0.00665	0.00201	0.00802	0.00598	0.00330	0.01046
20	0.01523	0.01560	0.02047	0.01760	0.01778	0.05880	0.01459	0.01672	0.01074	0.01616	0.00889	0.01454	0.00880	0.01149	0.02117	0.00287	0.71243	0.00579	0.00296	0.00736
21	0.00929	0.00642	0.00746	0.00772	0.00808	0.00623	0.00469	0.00984	0.01134	0.01502	0.06849	0.18156	0.08837	0.51769	0.02560	0.00518	0.00556	0.01203	0.00485	0.00459
22	0.01036	0.00741	0.00908	0.00900	0.00927	0.00798	0.00590	0.01132	0.03355	0.01514	0.04260	0.16695	0.02649	0.44817	0.02557	0.05378	0.07936	0.01072	0.02244	0.00490
23	0.02050	0.24148	0.02213	0.01393	0.01799	0.33378	0.01137	0.08782	0.04479	0.01957	0.04216	0.01849	0.05831	0.03243	0.00675	0.00190	0.00886	0.00551	0.00408	0.00817
24	0.01047	0.07310	0.04316	0.00980	0.01199	0.00913	0.00789	0.01411	0.07716	0.01992	0.14837	0.24776	0.17133	0.06428	0.00944	0.00263	0.00469	0.06234	0.00589	0.00653
25	0.01677	0.36226	0.26722	0.01464	0.02139	0.06457	0.01590	0.04815	0.07247	0.01978	0.01364	0.01483	0.02875	0.00670	0.00551	0.00180	0.00816	0.00481	0.00346	0.00920
26	0.01667	0.02666	0.46639	0.01852	0.02666	0.01419	0.11155	0.02287	0.01528	0.15472	0.01619	0.05264	0.01201	0.00736	0.00676	0.00216	0.00901	0.00638	0.00411	0.00987
27	0.00805	0.00666	0.00706	0.00727	0.00922	0.00567	0.00533	0.00975	0.01513	0.01846	0.09882	0.16773	0.58288	0.01742	0.00802	0.00233	0.00346	0.01479	0.00629	0.00567
28	0.01435	0.01219	0.01415	0.01015	0.01609	0.00939	0.00813	0.04271	0.01458	0.02264	0.01208	0.01400	0.00999	0.00509	0.00504	0.00103	0.00506	0.00405	0.00408	0.77520
29	0.01808	0.01614	0.08348	0.01376	0.01817	0.05764	0.04784	0.23212	0.05725	0.08561	0.14853	0.07889	0.07674	0.01032	0.00712	0.00210	0.00652	0.00866	0.00610	0.02495
30	0.01682	0.02228	0.36324	0.01569	0.02238	0.01270	0.05212	0.02213	0.01568	0.18479	0.08543	0.02175	0.02989	0.00918	0.02771	0.00236	0.03169	0.00655	0.04820	0.00940
31	0.00954	0.00703	0.01015	0.01023	0.01122	0.00798	0.00768	0.01154	0.01074	0.01529	0.01934	0.06451	0.01918	0.14841	0.60405	0.00979	0.01569	0.00813	0.00379	0.00570
32	0.02074	0.47833	0.02880	0.01377	0.01861	0.30639	0.01207	0.02273	0.01575	0.01604	0.00974	0.01129	0.00862	0.00620	0.00499	0.00155	0.00911	0.00388	0.00310	0.00828
33	0.01521	0.26768	0.18083	0.01343	0.01976	0.01682	0.04646	0.04452	0.01517	0.02100	0.08561	0.01702	0.01485	0.00661	0.00558	0.00161	0.00701	0.00519	0.00379	0.21184
34	0.00815	0.00595	0.00767	0.00905	0.00965	0.00548	0.00610	0.00938	0.01313	0.01725	0.04061	0.67847	0.12337	0.02055	0.00849	0.00267	0.00384	0.01850	0.00623	0.00548
35	0.00892	0.00620	0.00816	0.00928	0.01005	0.00574	0.00642	0.01045	0.01391	0.03529	0.11726	0.60401	0.07837	0.01960	0.00844	0.00263	0.00390	0.03924	0.00641	0.00573
36	0.00965	0.00789	0.01086	0.03969	0.05562	0.00760	0.03273	0.01182	0.01423	0.01853	0.10746	0.16187	0.26805	0.08696	0.09026	0.00367	0.00629	0.05523	0.00545	0.00612
37	0.01807	0.05430	0.14103	0.03733	0.06832	0.05902	0.03118	0.15491	0.03433	0.11697	0.04125	0.17371	0.01980	0.01029	0.00695	0.00216	0.00717	0.00872	0.00535	0.00914
38	0.00959	0.00719	0.01078	0.01078	0.01198	0.00839	0.00839	0.01198	0.01078	0.01558	0.01797	0.02636	0.01677	0.05032	0.73760	0.01078	0.01797	0.00719	0.00359	0.00599
39	0.00946	0.00643	0.00759	0.00779	0.00804	0.00630	0.00470	0.01002	0.01134	0.01531	0.10363	0.16729	0.03227	0.55104	0.02677	0.00535	0.00568	0.01163	0.00482	0.00456
40	0.01577	0.01567	0.05997	0.18223	0.42348	0.01524	0.08515	0.02008	0.01485	0.04780	0.01332	0.01757	0.01064	0.00819	0.03938	0.00247	0.00895	0.00620	0.00344	0.00961
41	0.12559	0.55429	0.06188	0.01158	0.01702	0.02314	0.01134	0.05585	0.01427	0.01947	0.01116	0.04769	0.01031	0.00670	0.00472	0.00165	0.00688	0.00454	0.00341	0.00848
42	0.00832	0.00605	0.00789	0.00930	0.00994	0.00562	0.00642	0.00967	0.01324	0.01741	0.03976	0.65071	0.10665	0.02049	0.00855	0.00271	0.00400	0.06152	0.00623	0.00552
43	0.07622	0.01768	0.06910	0.02817	0.30856	0.05080	0.18088	0.05618	0.04489	0.02323	0.01619	0.01900	0.04831	0.00679	0.00676	0.00207	0.00844	0.00659	0.00387	0.02628
44	0.64389	0.07007	0.01284	0.00964	0.01411	0.01609	0.00809	0.07751	0.01343	0.02964	0.01005	0.01149	0.00786	0.00628	0.00442	0.00197	0.00551	0.00385	0.00426	0.04899
45	0.21011	0.04449	0.06975	0.21393	0.15622	0.04522	0.01473	0.01881	0.01325	0.02139	0.01155	0.01606	0.00958	0.04346	0.00800	0.00228	0.04732	0.00525	0.00343	0.04518

[dist]
# distance from previous block
# <min> <max>
0	1

[block]
# block no. 6 follows, 32 sequences, length 28
# corresponding to MSA columns:
# 264-291
name=unknown_G
#
# <colnr> <probs for GDERKNQSTAVLIFYWHMCP>
#	G	D	E	R	K	N	Q	S	T	A	V	L	I	F	Y	W	H	M	C	P
0	0.02279	0.01459	0.01656	0.01333	0.01776	0.01530	0.01083	0.41161	0.02520	0.17955	0.02489	0.10419	0.06636	0.01054	0.00710	0.00216	0.00633	0.03381	0.00694	0.01016
1	0.01555	0.01487	0.02533	0.23060	0.54116	0.01567	0.02007	0.01967	0.01478	0.02064	0.01243	0.01695	0.01018	0.00617	0.00666	0.00206	0.00823	0.00597	0.00323	0.00978
2	0.01761	0.24416	0.05731	0.01448	0.04129	0.08057	0.06920	0.02101	0.04170	0.12249	0.02148	0.09184	0.05917	0.01073	0.02827	0.00228	0.00756	0.05567	0.00470	0.00847
3	0.07672	0.12600	0.16961	0.08564	0.02382	0.01637	0.07957	0.09666	0.05885	0.13734	0.01823	0.01910	0.04839	0.00746	0.00630	0.00204	0.00764	0.00609	0.00473	0.00944
4	0.00835	0.00611	0.00785	0.00890	0.00970	0.00561	0.00611	0.00990	0.01410	0.01878	0.14783	0.56589	0.12735	0.01940	0.00839	0.00257	0.00372	0.01740	0.00641	0.00561
5	0.01353	0.01246	0.06678	0.01320	0.03437	0.01101	0.07082	0.10377	0.07695	0.04929	0.15684	0.06889	0.20350	0.01400	0.04144	0.00263	0.00623	0.04045	0.00592	0.00791
6	0.01899	0.09607	0.17899	0.02375	0.21774	0.01694	0.08529	0.11733	0.04140	0.11661	0.01506	0.01667	0.01115	0.00671	0.00651	0.00202	0.00818	0.00587	0.00442	0.01032
7	0.01866	0.01599	0.04653	0.16875	0.27628	0.01625	0.05814	0.19098	0.01921	0.07763	0.01514	0.03940	0.01184	0.00726	0.00681	0.00209	0.00799	0.00652	0.00455	0.00999
8	0.01383	0.00705	0.00728	0.00691	0.00880	0.00708	0.00527	0.04809	0.01509	0.05434	0.02181	0.02451	0.01691	0.00785	0.00487	0.00161	0.00343	0.00626	0.73232	0.00670
9	0.01379	0.01387	0.04037	0.14598	0.09765	0.03488	0.19308	0.01943	0.10453	0.02014	0.02024	0.16332	0.01921	0.02934	0.00863	0.02217	0.00791	0.03300	0.00439	0.00806
10	0.06384	0.21514	0.23352	0.01980	0.14843	0.03550	0.04090	0.04887	0.01527	0.07211	0.01340	0.04089	0.01089	0.00685	0.00592	0.00193	0.00806	0.00548	0.00372	0.00948
11	0.01406	0.01274	0.01913	0.02131	0.22028	0.03756	0.11589	0.01904	0.08193	0.02214	0.04734	0.03171	0.13813	0.00946	0.00693	0.00210	0.00653	0.04861	0.13681	0.00831
12	0.00869	0.00657	0.00768	0.00786	0.00946	0.00585	0.00572	0.01079	0.01584	0.02096	0.26223	0.21595	0.32868	0.01646	0.00792	0.00229	0.00343	0.01428	0.04350	0.00585
13	0.01765	0.14420	0.11062	0.07435	0.24657	0.10925	0.04820	0.02244	0.06061	0.05714	0.01522	0.01738	0.03399	0.00683	0.00627	0.00194	0.00838	0.00575	0.00377	0.00943
14	0.01764	0.04826	0.16574	0.13418	0.17943	0.01672	0.11123	0.13466	0.03849	0.06772	0.01428	0.01685	0.01060	0.00670	0.00671	0.00209	0.00862	0.00605	0.00414	0.00989
15	0.01308	0.04334	0.01336	0.01114	0.01230	0.04317	0.04600	0.01190	0.01030	0.01361	0.01161	0.01888	0.01116	0.01983	0.04525	0.55835	0.06159	0.00572	0.00304	0.04638
16	0.02117	0.10631	0.21531	0.01721	0.02267	0.46845	0.01606	0.02460	0.01715	0.01768	0.01072	0.01253	0.00860	0.00665	0.00596	0.00181	0.01101	0.00442	0.00323	0.00845
17	0.01639	0.29150	0.19566	0.02208	0.22598	0.01952	0.01713	0.04484	0.03989	0.02068	0.03892	0.01548	0.01179	0.00647	0.00579	0.00184	0.00785	0.00517	0.00344	0.00959
18	0.01308	0.00881	0.01115	0.01063	0.01223	0.04649	0.00807	0.01491	0.01209	0.09989	0.01866	0.02662	0.01683	0.11474	0.47154	0.05655	0.01378	0.00714	0.03043	0.00635
19	0.01416	0.01204	0.05282	0.01554	0.09067	0.01091	0.06713	0.02032	0.14749	0.09572	0.12229	0.12322	0.13665	0.01208	0.00753	0.00229	0.00567	0.04916	0.00599	0.00832
20	0.01569	0.04292	0.20845	0.01845	0.11472	0.03693	0.06656	0.01983	0.01544	0.12632	0.04909	0.14670	0.04890	0.01043	0.00716	0.00224	0.00736	0.04917	0.00486	0.00878
21	0.01905	0.10417	0.17809	0.04663	0.17716	0.01552	0.03628	0.06455	0.04927	0.17998	0.01732	0.05366	0.01336	0.00759	0.00649	0.00204	0.00757	0.00643	0.00478	0.01005
22	0.01750	0.02107	0.20349	0.02228	0.02917	0.01604	0.35527	0.05523	0.04786	0.11138	0.01538	0.01781	0.01105	0.00668	0.00784	0.00222	0.03903	0.00686	0.00417	0.00968
23	0.01431	0.06887	0.35169	0.04841	0.09079	0.01588	0.20566	0.02026	0.01468	0.02070	0.01438	0.04479	0.01191	0.00723	0.00693	0.00218	0.00953	0.03924	0.00332	0.00924
24	0.01521	0.08045	0.34244	0.04977	0.02386	0.04895	0.04313	0.07023	0.04522	0.04438	0.04436	0.02181	0.08976	0.00800	0.00649	0.00202	0.00813	0.00645	0.00410	0.04523
25	0.01728	0.03784	0.06794	0.04553	0.31665	0.06196	0.06343	0.08265	0.12276	0.02347	0.01604	0.01843	0.02896	0.00738	0.00775	0.00211	0.05946	0.00632	0.00416	0.00988
26	0.01337	0.03740	0.01398	0.01316	0.05718	0.04370	0.04554	0.04149	0.01631	0.06906	0.03989	0.05115	0.26943	0.01383	0.00777	0.00236	0.00585	0.20946	0.00570	0.04338
27	0.06732	0.05462	0.11455	0.09889	0.22911	0.09675	0.05357	0.05908	0.01653	0.12571	0.01414	0.01627	0.01055	0.00665	0.00638	0.00201	0.00840	0.00563	0.00419	0.00966

[dist]
# distance from previous block
# <min> <max>
14	50

[block]
# block no. 7 follows, 32 sequences, length 25
# corresponding to MSA columns:
# 342-366
name=unknown_H
#
# <colnr> <probs for GDERKNQSTAVLIFYWHMCP>
#	G	D	E	R	K	N	Q	S	T	A	V	L	I	F	Y	W	H	M	C	P
0	0.01613	0.08354	0.23527	0.01893	0.13220	0.05380	0.01614	0.05262	0.05907	0.05760	0.03356	0.07511	0.01454	0.00798	0.00680	0.00198	0.02889	0.00649	0.00417	0.09519
1	0.01590	0.02081	0.23396	0.02521	0.26582	0.01495	0.06031	0.03871	0.09033	0.04814	0.02843	0.01746	0.01222	0.00659	0.00651	0.00198	0.00796	0.00590	0.00397	0.09482
2	0.01763	0.03317	0.15287	0.03782	0.08612	0.01457	0.08215	0.14479	0.06446	0.09585	0.03992	0.02168	0.06821	0.00781	0.00665	0.00198	0.00731	0.00670	0.00499	0.10534
3	0.01731	0.04044	0.25160	0.01926	0.13988	0.08072	0.01632	0.04436	0.01617	0.12661	0.03713	0.08848	0.04048	0.00857	0.00664	0.00205	0.00781	0.00714	0.00453	0.04450
4	0.01541	0.05888	0.35988	0.01512	0.02201	0.01417	0.01669	0.11751	0.01678	0.05927	0.01883	0.10692	0.04688	0.00879	0.00653	0.00203	0.00764	0.00716	0.00436	0.09512
5	0.01235	0.01520	0.18284	0.01337	0.01780	0.01006	0.07246	0.01683	0.04896	0.06204	0.09043	0.23394	0.10855	0.01246	0.00738	0.00224	0.00612	0.01106	0.00525	0.07064
6	0.01279	0.00992	0.01310	0.01088	0.01431	0.00882	0.05770	0.06849	0.01691	0.05437	0.19255	0.15540	0.13405	0.01194	0.00714	0.00196	0.00482	0.01051	0.00586	0.20849
7	0.01379	0.01114	0.01332	0.01074	0.01534	0.00939	0.00878	0.06979	0.01608	0.02356	0.08116	0.03015	0.02082	0.00881	0.00626	0.00161	0.00525	0.14419	0.00496	0.50486
8	0.01321	0.01067	0.01251	0.00948	0.01429	0.00849	0.00744	0.01601	0.01347	0.02126	0.01394	0.01761	0.01199	0.04739	0.06423	0.00211	0.00587	0.00477	0.08989	0.61538
9	0.02437	0.04985	0.01976	0.01583	0.02037	0.35079	0.01253	0.32635	0.02413	0.02826	0.01299	0.01395	0.00995	0.00727	0.00622	0.00180	0.00941	0.00504	0.00492	0.05621
10	0.03960	0.01664	0.09682	0.06260	0.39788	0.01472	0.09306	0.02067	0.03939	0.04778	0.08964	0.02053	0.01641	0.00705	0.00683	0.00207	0.00781	0.00676	0.00403	0.00970
11	0.01739	0.21683	0.24910	0.05672	0.02229	0.01768	0.01603	0.02142	0.01410	0.13926	0.01375	0.01612	0.01061	0.02651	0.03103	0.00242	0.11053	0.00527	0.00385	0.00908
12	0.01171	0.00940	0.03612	0.03711	0.01524	0.00820	0.08862	0.01473	0.01657	0.07998	0.31487	0.19553	0.11733	0.01377	0.00787	0.00228	0.00493	0.01246	0.00632	0.00696
13	0.01161	0.00841	0.01131	0.01239	0.08753	0.00800	0.00820	0.01511	0.04919	0.07047	0.36330	0.10932	0.15240	0.01535	0.04474	0.00262	0.00481	0.01160	0.00650	0.00713
14	0.01676	0.11538	0.09170	0.04228	0.09064	0.01704	0.13203	0.15620	0.07769	0.02479	0.01888	0.07759	0.04680	0.00856	0.00719	0.00210	0.03034	0.00747	0.02735	0.00921
15	0.01267	0.01193	0.02013	0.74806	0.04621	0.01491	0.01863	0.01714	0.01342	0.01714	0.01193	0.01789	0.00894	0.00671	0.00671	0.00224	0.00894	0.00596	0.00298	0.00745
16	0.08280	0.01194	0.01301	0.01068	0.01436	0.01247	0.00861	0.24853	0.02095	0.15405	0.06561	0.02218	0.01740	0.00825	0.00590	0.00188	0.00517	0.00645	0.28078	0.00897
17	0.01470	0.01213	0.03610	0.06451	0.09165	0.01201	0.15826	0.01795	0.01425	0.09586	0.03470	0.13953	0.01909	0.04573	0.05593	0.00299	0.07524	0.00894	0.09256	0.00787
18	0.10264	0.01568	0.03992	0.07330	0.30120	0.04075	0.05254	0.13473	0.01741	0.02517	0.01615	0.09073	0.01465	0.00845	0.00673	0.00215	0.00754	0.03661	0.00437	0.00929
19	0.00857	0.00621	0.00819	0.00962	0.01034	0.00583	0.00687	0.01009	0.01345	0.01768	0.03920	0.59644	0.09675	0.02031	0.00863	0.00275	0.00422	0.12307	0.00622	0.00558
20	0.00860	0.00635	0.00852	0.05238	0.01174	0.00613	0.00680	0.01007	0.01329	0.01767	0.08415	0.59468	0.07831	0.05595	0.00963	0.00281	0.00424	0.01710	0.00601	0.00557
21	0.03352	0.11310	0.24210	0.02271	0.18522	0.01699	0.09017	0.05735	0.07205	0.04380	0.01383	0.01589	0.01060	0.00642	0.00629	0.00197	0.00830	0.00559	0.00379	0.05032
22	0.01688	0.01182	0.06706	0.04640	0.01721	0.01009	0.04196	0.04392	0.06073	0.22711	0.09900	0.11357	0.12416	0.01489	0.07108	0.00297	0.00675	0.00969	0.00624	0.00848
23	0.01031	0.00593	0.00841	0.00902	0.00921	0.00579	0.00607	0.00918	0.01048	0.01395	0.02189	0.28566	0.02476	0.05498	0.01972	0.45722	0.00518	0.03403	0.00425	0.00398
24	0.11810	0.03461	0.08359	0.01635	0.10867	0.04608	0.03509	0.09398	0.08258	0.08227	0.07667	0.07906	0.04402	0.04424	0.00783	0.00231	0.00655	0.00770	0.02155	0.00873

[dist]
# distance from previous block
# <min> <max>
0	31

# created by:
# /home/berkeley/.conda/envs/busco_data_prod/bin/msa2prfl.pl pipeline/OGs_align_augustus/4893/7667.fs
