[name]
unknown

[dist]
# distance from previous block
# <min> <max>
0	48

[block]
# block no. 0 follows, 34 sequences, length 31
# corresponding to MSA columns:
# 48-78
name=unknown_A
#
# <colnr> <probs for GDERKNQSTAVLIFYWHMCP>
#	G	D	E	R	K	N	Q	S	T	A	V	L	I	F	Y	W	H	M	C	P
0	0.00821	0.00627	0.00746	0.00820	0.00943	0.00567	0.00594	0.00973	0.01358	0.01723	0.06731	0.33962	0.31480	0.06679	0.00965	0.00271	0.00395	0.09222	0.00589	0.00535
1	0.13386	0.01921	0.17011	0.01395	0.01941	0.01660	0.01319	0.34067	0.08021	0.05350	0.01528	0.01709	0.01154	0.05782	0.00780	0.00228	0.00705	0.00565	0.00520	0.00958
2	0.02117	0.01479	0.01636	0.01335	0.01755	0.01606	0.01071	0.41821	0.14556	0.11135	0.02137	0.12660	0.01763	0.00976	0.00674	0.00209	0.00610	0.00796	0.00658	0.01003
3	0.00871	0.00659	0.00737	0.00726	0.00906	0.00576	0.00531	0.01055	0.01512	0.03768	0.22001	0.10181	0.44959	0.07480	0.00962	0.00249	0.00354	0.01295	0.00616	0.00562
4	0.13123	0.01193	0.01244	0.01120	0.01451	0.01323	0.00873	0.05294	0.39009	0.06065	0.10530	0.06394	0.07732	0.00993	0.00647	0.00215	0.00476	0.00817	0.00625	0.00876
5	0.01577	0.36725	0.38229	0.01472	0.02222	0.01947	0.01732	0.02056	0.01367	0.05683	0.01117	0.01262	0.00866	0.00596	0.00526	0.00174	0.00814	0.00427	0.00303	0.00906
6	0.00928	0.00667	0.00933	0.00943	0.01030	0.00743	0.00693	0.01105	0.01042	0.01491	0.01929	0.07756	0.01946	0.19819	0.52030	0.00868	0.01355	0.00816	0.03371	0.00535
7	0.00859	0.00586	0.00778	0.00883	0.00940	0.00552	0.00610	0.00935	0.01230	0.01626	0.06115	0.51624	0.09014	0.03789	0.01127	0.11970	0.00416	0.05898	0.00553	0.00496
8	0.12913	0.10649	0.48291	0.01666	0.02461	0.01596	0.07194	0.02053	0.01350	0.04560	0.01154	0.01342	0.00842	0.00607	0.00575	0.00198	0.00859	0.00473	0.00313	0.00904
9	0.01376	0.15996	0.46375	0.01768	0.02544	0.01642	0.11939	0.01953	0.01359	0.01915	0.01243	0.03835	0.01009	0.03492	0.00707	0.00212	0.00898	0.00555	0.00296	0.00886
10	0.00792	0.00589	0.00739	0.00843	0.00926	0.00536	0.00578	0.00930	0.01331	0.01741	0.09469	0.56853	0.18535	0.01891	0.00807	0.00249	0.00360	0.01689	0.00608	0.00536
11	0.01556	0.01491	0.02545	0.12130	0.65435	0.01524	0.01962	0.01945	0.01451	0.02059	0.01208	0.01613	0.01005	0.00584	0.00640	0.00195	0.00778	0.00576	0.00316	0.00989
12	0.01429	0.30690	0.43456	0.01503	0.02263	0.01836	0.01803	0.01947	0.01363	0.01861	0.03522	0.01489	0.02989	0.00642	0.00549	0.00180	0.00819	0.00475	0.00297	0.00886
13	0.02084	0.01559	0.07447	0.01552	0.02071	0.01449	0.12377	0.11814	0.24399	0.24933	0.02139	0.02046	0.01495	0.00766	0.00667	0.00209	0.00676	0.00672	0.00618	0.01027
14	0.00906	0.00640	0.00743	0.00752	0.00820	0.00613	0.00489	0.01001	0.01203	0.01587	0.13173	0.08398	0.14471	0.45752	0.02247	0.00461	0.00517	0.05266	0.00494	0.00467
15	0.06389	0.00855	0.01012	0.00906	0.01132	0.00845	0.00698	0.10079	0.01898	0.05166	0.51434	0.06330	0.08305	0.01225	0.00722	0.00204	0.00380	0.01054	0.00677	0.00688
16	0.01340	0.01148	0.01340	0.00957	0.01531	0.00861	0.00766	0.01627	0.01340	0.02105	0.01148	0.01340	0.00957	0.00479	0.00479	0.00096	0.00479	0.00383	0.00383	0.81242
17	0.01292	0.01003	0.01154	0.01064	0.01321	0.01079	0.00816	0.02261	0.33467	0.05280	0.27272	0.07095	0.06833	0.01377	0.05488	0.00268	0.00504	0.00962	0.00656	0.00806
18	0.00943	0.00704	0.00896	0.00858	0.01019	0.00680	0.00644	0.01320	0.06247	0.02407	0.54782	0.08869	0.09452	0.01622	0.06406	0.00272	0.00433	0.01156	0.00667	0.00625
19	0.02865	0.01154	0.01533	0.01175	0.01676	0.01030	0.00971	0.08337	0.01940	0.68393	0.02473	0.02150	0.01561	0.00798	0.00650	0.00199	0.00562	0.00645	0.00788	0.01100
20	0.01615	0.01443	0.07029	0.30571	0.29018	0.01429	0.01766	0.02012	0.01431	0.12261	0.01364	0.01709	0.01024	0.00660	0.00703	0.00207	0.03908	0.00579	0.00372	0.00901
21	0.02899	0.01100	0.01499	0.01150	0.01649	0.00950	0.00950	0.03149	0.01849	0.73709	0.02549	0.02199	0.01599	0.00800	0.00650	0.00200	0.00550	0.00650	0.00800	0.01100
22	0.01424	0.10209	0.59206	0.01675	0.02530	0.01525	0.02088	0.02064	0.01397	0.06862	0.01452	0.01591	0.03866	0.00663	0.00603	0.00198	0.00876	0.00513	0.00323	0.00936
23	0.01712	0.69145	0.09272	0.01185	0.01764	0.04677	0.01218	0.01964	0.01333	0.01566	0.00923	0.01068	0.00828	0.00561	0.00436	0.00145	0.00728	0.00359	0.00278	0.00837
24	0.06775	0.29385	0.31721	0.01429	0.02108	0.03932	0.01592	0.02200	0.08858	0.04604	0.01252	0.01363	0.00966	0.00627	0.00534	0.00181	0.00776	0.00454	0.00344	0.00900
25	0.04634	0.35905	0.08732	0.01152	0.01615	0.01746	0.03454	0.07129	0.01597	0.02139	0.20766	0.02338	0.04745	0.00823	0.00568	0.00174	0.00605	0.00649	0.00441	0.00789
26	0.01737	0.17011	0.24030	0.01468	0.04326	0.11044	0.01451	0.02133	0.01471	0.10482	0.01253	0.01377	0.00953	0.00600	0.00547	0.00162	0.00773	0.00447	0.00370	0.18364
27	0.04128	0.08450	0.53835	0.01637	0.02434	0.01545	0.01982	0.04224	0.06831	0.02183	0.05754	0.01632	0.01243	0.00678	0.00605	0.00200	0.00837	0.00529	0.00346	0.00925
28	0.04350	0.11931	0.20621	0.01613	0.02220	0.02960	0.16863	0.02085	0.03905	0.11368	0.05892	0.02102	0.06810	0.00738	0.00634	0.00195	0.00768	0.00653	0.00427	0.03866
29	0.03020	0.10547	0.29414	0.01589	0.03247	0.11542	0.01623	0.04223	0.03378	0.04786	0.02733	0.01448	0.01024	0.00713	0.00799	0.00195	0.11723	0.00492	0.00347	0.07158
30	0.01581	0.14353	0.42326	0.01715	0.03722	0.01696	0.06203	0.10064	0.03511	0.04667	0.01262	0.01419	0.00929	0.00627	0.00595	0.00191	0.00850	0.00499	0.00353	0.03439

[dist]
# distance from previous block
# <min> <max>
3	49

[block]
# block no. 1 follows, 34 sequences, length 84
# corresponding to MSA columns:
# 129-212
name=unknown_B
#
# <colnr> <probs for GDERKNQSTAVLIFYWHMCP>
#	G	D	E	R	K	N	Q	S	T	A	V	L	I	F	Y	W	H	M	C	P
0	0.01502	0.38833	0.40258	0.01490	0.02253	0.02005	0.01775	0.01993	0.01340	0.01795	0.01035	0.01208	0.00824	0.00585	0.00519	0.00173	0.00829	0.00414	0.00275	0.00895
1	0.01544	0.46107	0.33354	0.01418	0.02142	0.02108	0.01650	0.01982	0.01335	0.01744	0.01009	0.01176	0.00825	0.00579	0.00499	0.00166	0.00803	0.00402	0.00275	0.00883
2	0.01528	0.43391	0.35932	0.01445	0.02183	0.02070	0.01697	0.01986	0.01337	0.01763	0.01019	0.01188	0.00824	0.00581	0.00507	0.00169	0.00813	0.00406	0.00275	0.00887
3	0.04057	0.43072	0.33881	0.01416	0.02139	0.02064	0.01648	0.01982	0.01328	0.01791	0.01012	0.01179	0.00820	0.00581	0.00500	0.00169	0.00799	0.00403	0.00279	0.00880
4	0.01507	0.39721	0.39415	0.01481	0.02240	0.02017	0.01760	0.01992	0.01339	0.01789	0.01032	0.01204	0.00824	0.00584	0.00516	0.00172	0.00826	0.00413	0.00275	0.00893
5	0.01440	0.28108	0.50438	0.01596	0.02417	0.01852	0.01960	0.02009	0.01347	0.01871	0.01073	0.01255	0.00822	0.00594	0.00547	0.00182	0.00867	0.00433	0.00274	0.00913
6	0.01433	0.26986	0.51503	0.01608	0.02435	0.01836	0.01980	0.02011	0.01348	0.01879	0.01076	0.01260	0.00822	0.00594	0.00550	0.00183	0.00871	0.00435	0.00274	0.00915
7	0.01358	0.13970	0.63857	0.01736	0.02634	0.01652	0.02204	0.02030	0.01357	0.01971	0.01122	0.01317	0.00820	0.00605	0.00585	0.00195	0.00917	0.00459	0.00273	0.00937
8	0.06754	0.15459	0.57430	0.01654	0.02505	0.01671	0.02063	0.02018	0.01338	0.02017	0.01099	0.01289	0.00812	0.00603	0.00567	0.00193	0.00881	0.00447	0.00282	0.00917
9	0.04271	0.03016	0.63219	0.01729	0.02613	0.01436	0.02166	0.02166	0.01410	0.10182	0.01308	0.01448	0.00903	0.00634	0.00611	0.00204	0.00893	0.00493	0.00337	0.00962
10	0.07301	0.01291	0.08853	0.01364	0.01793	0.01049	0.12595	0.02096	0.03815	0.23652	0.16260	0.12477	0.02622	0.00995	0.00694	0.00213	0.00603	0.00895	0.00592	0.00842
11	0.23142	0.01330	0.01693	0.01599	0.09968	0.01438	0.07887	0.07492	0.14699	0.09599	0.09187	0.02007	0.01703	0.00781	0.00683	0.00209	0.04558	0.00633	0.00516	0.00874
12	0.01727	0.77681	0.03386	0.01106	0.01658	0.02557	0.01106	0.01935	0.01313	0.01520	0.00898	0.01036	0.00829	0.00553	0.00415	0.00138	0.00691	0.00345	0.00276	0.00829
13	0.01503	0.01673	0.03522	0.02515	0.03160	0.01543	0.62658	0.02018	0.01503	0.02074	0.01289	0.01695	0.00978	0.00537	0.00729	0.00203	0.01017	0.00718	0.00333	0.10332
14	0.00840	0.00602	0.00797	0.00912	0.00970	0.00584	0.00637	0.00972	0.01221	0.01626	0.03324	0.53134	0.06158	0.10094	0.07846	0.00373	0.00545	0.08285	0.00554	0.00523
15	0.01674	0.56098	0.16981	0.01312	0.01940	0.02241	0.03823	0.02039	0.03053	0.04149	0.01062	0.01198	0.00886	0.00581	0.00480	0.00158	0.00747	0.00406	0.00305	0.00869
16	0.02012	0.10378	0.17583	0.01519	0.06436	0.01381	0.02973	0.04643	0.09061	0.29182	0.03979	0.04849	0.01549	0.00781	0.00628	0.00198	0.00668	0.00643	0.00554	0.00982
17	0.00786	0.00566	0.00746	0.00890	0.00935	0.00526	0.00596	0.00901	0.01246	0.01653	0.03675	0.74176	0.06894	0.02009	0.00822	0.00261	0.00373	0.01819	0.00600	0.00526
18	0.01281	0.01221	0.02094	0.63636	0.13614	0.01456	0.04193	0.01710	0.01324	0.01727	0.01163	0.01707	0.00887	0.00633	0.00649	0.00212	0.00857	0.00581	0.00293	0.00764
19	0.01650	0.05149	0.48502	0.01812	0.05909	0.05299	0.04098	0.02289	0.03981	0.13162	0.01418	0.01533	0.00997	0.00649	0.00619	0.00200	0.00874	0.00519	0.00375	0.00966
20	0.01409	0.02857	0.55333	0.01879	0.02673	0.01542	0.08971	0.02046	0.01361	0.05441	0.01205	0.01447	0.00875	0.00675	0.00802	0.00215	0.09515	0.00524	0.00305	0.00925
21	0.01286	0.00642	0.00692	0.00673	0.00828	0.00628	0.00492	0.01539	0.01340	0.07855	0.02211	0.06507	0.01868	0.09547	0.00810	0.00215	0.00362	0.00709	0.61183	0.00613
22	0.01590	0.01417	0.05094	0.08450	0.42888	0.01337	0.06749	0.01953	0.01468	0.09865	0.01668	0.11533	0.01489	0.00794	0.00673	0.00206	0.00730	0.00759	0.00405	0.00930
23	0.01955	0.02658	0.21592	0.01903	0.02493	0.30832	0.17105	0.04262	0.01672	0.07645	0.01250	0.01441	0.00930	0.00639	0.00638	0.00192	0.01030	0.00533	0.00361	0.00869
24	0.01757	0.01418	0.01619	0.03614	0.07685	0.01596	0.01139	0.09923	0.53270	0.07027	0.02361	0.02227	0.01755	0.00831	0.00654	0.00213	0.00564	0.00694	0.00627	0.01026
25	0.01439	0.07013	0.39543	0.01560	0.04743	0.01357	0.01697	0.02037	0.04686	0.06174	0.03346	0.01542	0.01110	0.00618	0.00577	0.00174	0.00752	0.00491	0.00362	0.20777
26	0.01459	0.13084	0.50329	0.02061	0.13995	0.01631	0.02098	0.02059	0.01391	0.04446	0.01181	0.01386	0.00880	0.00606	0.00592	0.00193	0.00875	0.00481	0.00299	0.00954
27	0.66318	0.01250	0.01068	0.00924	0.01339	0.01404	0.00759	0.04047	0.03715	0.12380	0.01198	0.01264	0.00875	0.00641	0.00449	0.00200	0.00513	0.00410	0.00469	0.00775
28	0.01571	0.01651	0.05610	0.03606	0.54873	0.01556	0.17486	0.02005	0.01479	0.02099	0.01234	0.01623	0.01006	0.00570	0.00666	0.00198	0.00847	0.00614	0.00320	0.00987
29	0.04020	0.01855	0.19385	0.05385	0.04859	0.05939	0.01404	0.01998	0.04068	0.08482	0.03312	0.01583	0.01132	0.00696	0.00783	0.00183	0.10876	0.00509	0.00389	0.23142
30	0.00842	0.00582	0.00779	0.00905	0.00960	0.00545	0.00614	0.00969	0.01269	0.03254	0.06354	0.70206	0.04217	0.02047	0.02868	0.00280	0.00413	0.01752	0.00602	0.00542
31	0.01191	0.00969	0.01276	0.01427	0.12293	0.03175	0.00923	0.01602	0.07439	0.04335	0.42398	0.10058	0.04276	0.01187	0.00797	0.00211	0.04080	0.01033	0.00607	0.00723
32	0.01438	0.01430	0.02064	0.01997	0.11181	0.01920	0.01489	0.01612	0.01053	0.01629	0.00897	0.01438	0.00871	0.01057	0.01924	0.00271	0.66125	0.00567	0.00288	0.00749
33	0.01492	0.01397	0.01954	0.01668	0.01694	0.01925	0.01389	0.01639	0.01035	0.05341	0.00937	0.01455	0.00888	0.01114	0.02043	0.00278	0.72145	0.00570	0.00310	0.00727
34	0.00920	0.00681	0.00993	0.00999	0.01100	0.00778	0.00757	0.01122	0.01036	0.01480	0.01831	0.05530	0.01791	0.12166	0.64604	0.00967	0.01566	0.00761	0.00360	0.00556
35	0.01170	0.05147	0.09600	0.01285	0.01562	0.01041	0.03765	0.05115	0.03921	0.01991	0.02780	0.21785	0.02978	0.01492	0.00832	0.00259	0.02928	0.31136	0.00528	0.00687
36	0.01339	0.10820	0.66847	0.01768	0.02682	0.01607	0.02258	0.02035	0.01359	0.01993	0.01133	0.01331	0.00820	0.00608	0.00594	0.00198	0.00928	0.00464	0.00273	0.00942
37	0.01204	0.00602	0.00602	0.00602	0.00753	0.00602	0.00452	0.01506	0.01355	0.02409	0.02108	0.02409	0.01656	0.00753	0.00452	0.00151	0.00301	0.00602	0.80879	0.00602
38	0.01753	0.00939	0.01199	0.01003	0.01313	0.00884	0.00794	0.09934	0.01975	0.26427	0.41260	0.03574	0.04023	0.01085	0.00711	0.00201	0.00433	0.00928	0.00733	0.00829
39	0.01457	0.03117	0.66680	0.01772	0.02682	0.01445	0.02243	0.02157	0.01413	0.09232	0.01299	0.01448	0.00897	0.00633	0.00617	0.00204	0.00914	0.00495	0.00326	0.00969
40	0.01220	0.01148	0.01938	0.75739	0.04450	0.01436	0.01794	0.01651	0.01292	0.01651	0.01148	0.01723	0.00861	0.00646	0.00646	0.00215	0.00861	0.00574	0.00287	0.00718
41	0.00914	0.00660	0.00864	0.00813	0.00965	0.00610	0.00610	0.01219	0.01829	0.02591	0.72921	0.04827	0.06097	0.01321	0.00762	0.00203	0.00305	0.01169	0.00711	0.00610
42	0.01480	0.01755	0.11780	0.06293	0.13086	0.01586	0.30313	0.02008	0.05211	0.03520	0.01382	0.04519	0.01132	0.00730	0.00917	0.00223	0.12148	0.00697	0.00349	0.00871
43	0.01442	0.01292	0.02067	0.02915	0.47516	0.01307	0.01564	0.01795	0.03052	0.04280	0.04156	0.06526	0.09825	0.00903	0.00762	0.00210	0.04761	0.04320	0.00413	0.00893
44	0.02224	0.01557	0.08514	0.01821	0.02419	0.01291	0.27884	0.04728	0.01721	0.38078	0.01925	0.01934	0.01281	0.00686	0.00690	0.00207	0.00796	0.00676	0.00569	0.01000
45	0.01567	0.01770	0.06716	0.02932	0.19951	0.01618	0.48663	0.04666	0.01562	0.02154	0.01288	0.01684	0.00988	0.00564	0.00722	0.00210	0.00992	0.00698	0.00335	0.00920
46	0.04488	0.02709	0.47703	0.02048	0.02876	0.01521	0.22938	0.02083	0.01418	0.04375	0.01239	0.01493	0.00888	0.00598	0.00652	0.00208	0.00965	0.00564	0.00311	0.00925
47	0.01553	0.20270	0.18750	0.05916	0.02829	0.01834	0.32317	0.05332	0.01500	0.02007	0.01181	0.01481	0.00908	0.00578	0.00635	0.00195	0.00934	0.00582	0.00316	0.00882
48	0.01340	0.01148	0.01340	0.00957	0.01531	0.00861	0.00766	0.01627	0.01340	0.02105	0.01148	0.01340	0.00957	0.00479	0.00479	0.00096	0.00479	0.00383	0.00383	0.81242
49	0.58791	0.09289	0.03042	0.01033	0.01450	0.13665	0.00871	0.02019	0.01248	0.02523	0.00922	0.01075	0.00737	0.00606	0.00437	0.00188	0.00640	0.00363	0.00373	0.00727
50	0.00923	0.00692	0.01038	0.01038	0.01154	0.00808	0.00808	0.01154	0.01038	0.01500	0.01731	0.02538	0.01615	0.04846	0.74732	0.01038	0.01731	0.00692	0.00346	0.00577
51	0.01842	0.18503	0.38396	0.01489	0.02229	0.01569	0.01707	0.02335	0.01491	0.22267	0.01498	0.01531	0.01042	0.00654	0.00582	0.00189	0.00784	0.00498	0.00423	0.00969
52	0.01746	0.59280	0.10950	0.01290	0.01877	0.06278	0.03656	0.05315	0.01437	0.01723	0.00978	0.01128	0.00846	0.00576	0.00469	0.00152	0.00760	0.00389	0.00299	0.00853
53	0.01207	0.00797	0.01071	0.01058	0.01217	0.00772	0.03370	0.08905	0.01507	0.09014	0.03155	0.58380	0.03536	0.01710	0.00786	0.00247	0.00456	0.01541	0.00614	0.00658
54	0.01528	0.27160	0.43280	0.01519	0.02298	0.01778	0.01808	0.02050	0.01373	0.05890	0.01152	0.01304	0.00873	0.00597	0.00544	0.00177	0.00822	0.00439	0.00309	0.05098
55	0.01237	0.01170	0.01460	0.01340	0.01431	0.07675	0.01073	0.01428	0.01089	0.01528	0.01336	0.01997	0.01260	0.03089	0.41058	0.00679	0.29568	0.00621	0.00321	0.00641
56	0.01595	0.01547	0.02687	0.03898	0.69459	0.01541	0.05734	0.01988	0.01474	0.02109	0.01220	0.01607	0.01021	0.00574	0.00646	0.00193	0.00785	0.00586	0.00320	0.01015
57	0.01296	0.03342	0.73944	0.01842	0.02797	0.01501	0.02387	0.02046	0.01364	0.02046	0.01160	0.01364	0.00818	0.00614	0.00614	0.00205	0.00955	0.00477	0.00273	0.00955
58	0.01727	0.77681	0.03386	0.01106	0.01658	0.02557	0.01106	0.01935	0.01313	0.01520	0.00898	0.01036	0.00829	0.00553	0.00415	0.00138	0.00691	0.00345	0.00276	0.00829
59	0.01204	0.00602	0.00602	0.00602	0.00753	0.00602	0.00452	0.01506	0.01355	0.02409	0.02108	0.02409	0.01656	0.00753	0.00452	0.00151	0.00301	0.00602	0.80879	0.00602
60	0.00895	0.00660	0.00837	0.00792	0.00953	0.00601	0.00594	0.01181	0.01783	0.02481	0.64298	0.05007	0.14788	0.01362	0.00762	0.00205	0.00308	0.01194	0.00697	0.00601
61	0.01305	0.03279	0.71188	0.01876	0.02819	0.01506	0.05081	0.02047	0.01370	0.02047	0.01165	0.01379	0.00825	0.00611	0.00620	0.00205	0.00960	0.00489	0.00275	0.00952
62	0.01296	0.03342	0.73944	0.01842	0.02797	0.01501	0.02387	0.02046	0.01364	0.02046	0.01160	0.01364	0.00818	0.00614	0.00614	0.00205	0.00955	0.00477	0.00273	0.00955
63	0.00940	0.00626	0.00705	0.00705	0.00705	0.00626	0.00392	0.00940	0.00940	0.01253	0.02036	0.04228	0.02349	0.77292	0.03289	0.00626	0.00626	0.00940	0.00392	0.00392
64	0.00940	0.00626	0.00705	0.00705	0.00705	0.00626	0.00392	0.00940	0.00940	0.01253	0.02036	0.04228	0.02349	0.77292	0.03289	0.00626	0.00626	0.00940	0.00392	0.00392
65	0.01414	0.01414	0.01979	0.01696	0.01696	0.01979	0.01414	0.01555	0.00990	0.01555	0.00848	0.01414	0.00848	0.01131	0.02120	0.00283	0.76110	0.00565	0.00283	0.00707
66	0.00787	0.00562	0.00750	0.00900	0.00937	0.00525	0.00600	0.00900	0.01237	0.01649	0.03561	0.76871	0.04274	0.02024	0.00825	0.00262	0.00375	0.01837	0.00600	0.00525
67	0.01609	0.01689	0.03568	0.02566	0.03197	0.01593	0.63588	0.02196	0.04823	0.06277	0.01441	0.01801	0.01063	0.00575	0.00751	0.00217	0.01031	0.00754	0.00370	0.00892
68	0.01414	0.01414	0.01979	0.01696	0.01696	0.01979	0.01414	0.01555	0.00990	0.01555	0.00848	0.01414	0.00848	0.01131	0.02120	0.00283	0.76110	0.00565	0.00283	0.00707
69	0.01006	0.00809	0.01176	0.01129	0.01218	0.00992	0.00884	0.01208	0.01025	0.01495	0.01601	0.02449	0.01530	0.08452	0.58462	0.00888	0.14064	0.00686	0.00338	0.00588
70	0.00890	0.00652	0.00820	0.00895	0.00996	0.00616	0.00631	0.04338	0.01441	0.01917	0.13571	0.53053	0.12298	0.01814	0.00802	0.00247	0.00382	0.03451	0.00618	0.00569
71	0.01727	0.77681	0.03386	0.01106	0.01658	0.02557	0.01106	0.01935	0.01313	0.01520	0.00898	0.01036	0.00829	0.00553	0.00415	0.00138	0.00691	0.00345	0.00276	0.00829
72	0.14238	0.01962	0.09338	0.01464	0.01985	0.08944	0.03439	0.38338	0.06725	0.05262	0.01446	0.01497	0.01049	0.00721	0.00604	0.00196	0.00744	0.00537	0.00534	0.00977
73	0.01368	0.00747	0.00907	0.00817	0.01031	0.00748	0.03938	0.01752	0.05097	0.08456	0.02110	0.02367	0.01633	0.01021	0.05349	0.00220	0.00465	0.00627	0.60672	0.00678
74	0.02339	0.01064	0.01365	0.01102	0.01525	0.00982	0.00891	0.02824	0.12318	0.50287	0.10367	0.02803	0.07310	0.00928	0.00671	0.00204	0.00502	0.00769	0.00755	0.00996
75	0.02810	0.01180	0.01541	0.01189	0.01685	0.01077	0.00980	0.09846	0.04457	0.64339	0.02454	0.02143	0.01563	0.00800	0.00650	0.00200	0.00564	0.00646	0.00780	0.01097
76	0.01340	0.01148	0.01340	0.00957	0.01531	0.00861	0.00766	0.01627	0.01340	0.02105	0.01148	0.01340	0.00957	0.00479	0.00479	0.00096	0.00479	0.00383	0.00383	0.81242
77	0.01287	0.01217	0.02059	0.63099	0.16569	0.01453	0.01828	0.01709	0.01324	0.01732	0.01160	0.01701	0.00890	0.00634	0.00645	0.00211	0.00845	0.00574	0.00293	0.00772
78	0.00787	0.00562	0.00750	0.00900	0.00937	0.00525	0.00600	0.00900	0.01237	0.01649	0.03561	0.76871	0.04274	0.02024	0.00825	0.00262	0.00375	0.01837	0.00600	0.00525
79	0.00940	0.00626	0.00705	0.00705	0.00705	0.00626	0.00392	0.00940	0.00940	0.01253	0.02036	0.04228	0.02349	0.77292	0.03289	0.00626	0.00626	0.00940	0.00392	0.00392
80	0.07655	0.40093	0.02584	0.01279	0.01767	0.11601	0.01137	0.20610	0.01819	0.02313	0.01086	0.01203	0.00894	0.00647	0.00546	0.00165	0.02905	0.00425	0.00392	0.00879
81	0.01552	0.01543	0.02465	0.13731	0.50008	0.06113	0.06570	0.01931	0.01447	0.01974	0.01229	0.01654	0.01020	0.00838	0.04966	0.00245	0.00884	0.00585	0.00318	0.00926
82	0.00799	0.00571	0.00763	0.00913	0.00956	0.00535	0.00620	0.00920	0.01249	0.01663	0.03555	0.73638	0.04248	0.02013	0.00828	0.00264	0.00385	0.04953	0.00600	0.00528
83	0.01660	0.01515	0.02570	0.03835	0.69935	0.01508	0.01935	0.02037	0.01489	0.05437	0.01277	0.01627	0.01050	0.00586	0.00640	0.00192	0.00757	0.00579	0.00342	0.01027

[dist]
# distance from previous block
# <min> <max>
0	57

# created by:
# /home/berkeley/.conda/envs/busco_data_prod/bin/msa2prfl.pl pipeline/OGs_align_augustus/4893/7722.fs
