[name]
unknown

[dist]
# distance from previous block
# <min> <max>
0	3

[block]
# block no. 0 follows, 30 sequences, length 132
# corresponding to MSA columns:
# 3-134
name=unknown_A
#
# <colnr> <probs for GDERKNQSTAVLIFYWHMCP>
#	G	D	E	R	K	N	Q	S	T	A	V	L	I	F	Y	W	H	M	C	P
0	0.48422	0.01470	0.01136	0.01068	0.01420	0.11478	0.00856	0.01940	0.01412	0.02650	0.04212	0.05176	0.07141	0.00974	0.00581	0.00227	0.00627	0.08000	0.00482	0.00727
1	0.01573	0.30494	0.46494	0.01693	0.02563	0.02045	0.02063	0.02165	0.01453	0.01999	0.01147	0.01342	0.00888	0.00638	0.00583	0.00194	0.00925	0.00463	0.00296	0.00981
2	0.08994	0.01425	0.01974	0.01904	0.12532	0.01461	0.08804	0.17030	0.05879	0.11714	0.09362	0.08527	0.02236	0.00995	0.00730	0.00227	0.00686	0.03945	0.00604	0.00970
3	0.01655	0.43232	0.34476	0.01553	0.02346	0.02246	0.01820	0.02144	0.01443	0.01899	0.01098	0.01279	0.00890	0.00627	0.00545	0.00182	0.00875	0.00438	0.00297	0.00957
4	0.01911	0.61720	0.09069	0.01328	0.01934	0.10603	0.01325	0.02179	0.01486	0.01696	0.01006	0.01164	0.00895	0.00616	0.00486	0.00159	0.00828	0.00394	0.00305	0.00897
5	0.00930	0.00711	0.00853	0.00817	0.01007	0.00634	0.00613	0.01205	0.01839	0.02474	0.48131	0.05747	0.29410	0.01548	0.00824	0.00225	0.00338	0.01337	0.00725	0.00634
6	0.02280	0.01769	0.01884	0.01530	0.02022	0.01990	0.01236	0.42336	0.30348	0.03797	0.02149	0.02053	0.01570	0.00882	0.00703	0.00221	0.00680	0.00694	0.00703	0.01153
7	0.00850	0.00607	0.00810	0.00972	0.01012	0.00567	0.00648	0.00972	0.01336	0.01781	0.03846	0.75020	0.04615	0.02186	0.00891	0.00283	0.00405	0.01984	0.00648	0.00567
8	0.01447	0.01240	0.01447	0.01034	0.01654	0.00930	0.00827	0.01757	0.01447	0.02274	0.01240	0.01447	0.01034	0.00517	0.00517	0.00103	0.00517	0.00413	0.00413	0.79742
9	0.01677	0.01606	0.02741	0.12870	0.62931	0.01645	0.02116	0.02097	0.01565	0.02218	0.01304	0.01744	0.01084	0.00631	0.00692	0.00210	0.00842	0.00622	0.00341	0.01065
10	0.03131	0.01188	0.01619	0.01242	0.01781	0.01026	0.01026	0.03401	0.01997	0.71606	0.02753	0.02375	0.01727	0.00864	0.00702	0.00216	0.00594	0.00702	0.00864	0.01188
11	0.01736	0.01499	0.01578	0.01420	0.01815	0.01736	0.01105	0.03708	0.69862	0.02919	0.02840	0.02604	0.02130	0.00947	0.00710	0.00237	0.00552	0.00789	0.00710	0.01105
12	0.00988	0.00713	0.00933	0.00878	0.01043	0.00658	0.00658	0.01317	0.01975	0.02798	0.70754	0.05213	0.06584	0.01427	0.00823	0.00219	0.00329	0.01262	0.00768	0.00658
13	0.01647	0.01882	0.04118	0.02941	0.03647	0.01765	0.68588	0.02235	0.01647	0.02235	0.01412	0.01882	0.01059	0.00588	0.00824	0.00235	0.01176	0.00824	0.00353	0.00941
14	0.01727	0.01658	0.02832	0.04283	0.71123	0.01658	0.02142	0.02142	0.01589	0.02280	0.01313	0.01727	0.01105	0.00622	0.00691	0.00207	0.00829	0.00622	0.00345	0.01105
15	0.00882	0.00706	0.00797	0.00842	0.01032	0.00621	0.00642	0.01080	0.01577	0.01954	0.09910	0.17284	0.47092	0.01835	0.00855	0.00254	0.00402	0.10983	0.00654	0.00598
16	0.00825	0.00707	0.00707	0.00707	0.00943	0.00589	0.00530	0.01001	0.01591	0.01885	0.07069	0.06716	0.70839	0.01767	0.00825	0.00236	0.00353	0.01473	0.00648	0.00589
17	0.02618	0.01937	0.02075	0.01599	0.02151	0.02148	0.01318	0.66324	0.05809	0.04342	0.01720	0.01711	0.01223	0.00842	0.00699	0.00210	0.00760	0.00634	0.00699	0.01184
18	0.01400	0.03610	0.71860	0.01989	0.03020	0.01621	0.02578	0.02210	0.01473	0.02210	0.01252	0.01473	0.00884	0.00663	0.00663	0.00221	0.01031	0.00516	0.00295	0.01031
19	0.01062	0.00740	0.00900	0.00844	0.01054	0.00658	0.00638	0.01338	0.01851	0.06604	0.45870	0.05535	0.27309	0.01504	0.00816	0.00225	0.00353	0.01298	0.00735	0.00667
20	0.00849	0.00612	0.00805	0.00960	0.01009	0.00568	0.00642	0.00973	0.01348	0.01786	0.03992	0.71932	0.07610	0.02167	0.00888	0.00281	0.00403	0.01961	0.00648	0.00568
21	0.01749	0.57722	0.20804	0.01394	0.02100	0.02474	0.01542	0.02120	0.01432	0.01785	0.01041	0.01208	0.00893	0.00614	0.00502	0.00167	0.00818	0.00409	0.00298	0.00930
22	0.02128	0.07932	0.02257	0.01580	0.02157	0.08757	0.08810	0.30283	0.02295	0.03060	0.01406	0.01548	0.01077	0.00687	0.00634	0.00174	0.00790	0.00551	0.00512	0.23364
23	0.01806	0.59473	0.16495	0.01367	0.02037	0.05192	0.01462	0.02139	0.01450	0.01752	0.01028	0.01192	0.00893	0.00614	0.00495	0.00164	0.00820	0.00403	0.00300	0.00918
24	0.00873	0.00620	0.00819	0.00958	0.00998	0.00591	0.00636	0.00988	0.01296	0.01733	0.03600	0.65021	0.04288	0.09401	0.04321	0.00358	0.00496	0.01836	0.00614	0.00555
25	0.01822	0.01481	0.01610	0.01436	0.01826	0.01676	0.01151	0.16159	0.46244	0.03082	0.02743	0.03233	0.02235	0.01077	0.00747	0.00244	0.00609	0.10878	0.00697	0.01049
26	0.01015	0.00677	0.00761	0.00761	0.00761	0.00677	0.00423	0.01015	0.01015	0.01353	0.02199	0.04567	0.02537	0.75476	0.03552	0.00677	0.00677	0.01015	0.00423	0.00423
27	0.11430	0.02100	0.01891	0.01543	0.02030	0.15745	0.01240	0.40953	0.10345	0.03563	0.01611	0.01638	0.01189	0.00805	0.00656	0.00208	0.00813	0.00583	0.00603	0.01055
28	0.01710	0.01641	0.02802	0.07112	0.68424	0.01654	0.02133	0.02127	0.01581	0.02260	0.01310	0.01733	0.01098	0.00625	0.00691	0.00208	0.00833	0.00622	0.00344	0.01092
29	0.01526	0.23236	0.53342	0.01773	0.02687	0.01930	0.02202	0.02177	0.01458	0.02056	0.01176	0.01377	0.00887	0.00645	0.00605	0.00202	0.00954	0.00477	0.00296	0.00994
30	0.08167	0.01198	0.01581	0.01220	0.01753	0.01061	0.01008	0.03313	0.01945	0.67143	0.02637	0.02294	0.01664	0.00850	0.00684	0.00216	0.00590	0.00681	0.00836	0.01159
31	0.01318	0.01240	0.02093	0.73798	0.04806	0.01550	0.01938	0.01783	0.01395	0.01783	0.01240	0.01860	0.00930	0.00698	0.00698	0.00233	0.00930	0.00620	0.00310	0.00775
32	0.01445	0.10593	0.65271	0.01912	0.02902	0.01731	0.02445	0.02198	0.01468	0.02155	0.01225	0.01439	0.00885	0.00657	0.00642	0.00214	0.01004	0.00502	0.00295	0.01018
33	0.00854	0.00716	0.00747	0.00763	0.00991	0.00610	0.00588	0.01044	0.01592	0.01905	0.06743	0.06827	0.64384	0.01783	0.00838	0.00244	0.00381	0.07747	0.00647	0.00594
34	0.00826	0.00702	0.00712	0.00719	0.00946	0.00588	0.00536	0.01000	0.01579	0.01880	0.06916	0.09955	0.67698	0.01787	0.00828	0.00238	0.00356	0.01497	0.00648	0.00588
35	0.00865	0.00742	0.00745	0.00738	0.00981	0.00640	0.00556	0.01121	0.04607	0.01931	0.06882	0.06534	0.67804	0.01731	0.00820	0.00236	0.00362	0.01443	0.00651	0.00612
36	0.01755	0.09585	0.19884	0.03048	0.35377	0.09824	0.06397	0.02233	0.01592	0.02133	0.01244	0.01562	0.01004	0.00638	0.00662	0.00204	0.00942	0.00565	0.00330	0.01022
37	0.02577	0.01706	0.01873	0.01452	0.01966	0.01840	0.01194	0.52305	0.02904	0.13802	0.01893	0.01874	0.01328	0.00839	0.00676	0.00205	0.00696	0.00641	0.09098	0.01130
38	0.80405	0.01350	0.01026	0.00918	0.01350	0.01565	0.00756	0.02051	0.01188	0.03131	0.00972	0.01134	0.00756	0.00648	0.00432	0.00216	0.00540	0.00378	0.00432	0.00756
39	0.00853	0.00708	0.00746	0.00736	0.00960	0.00601	0.00552	0.01056	0.01657	0.02042	0.18002	0.06458	0.59809	0.01709	0.00824	0.00233	0.00349	0.01437	0.00669	0.00601
40	0.01400	0.03610	0.71860	0.01989	0.03020	0.01621	0.02578	0.02210	0.01473	0.02210	0.01252	0.01473	0.00884	0.00663	0.00663	0.00221	0.01031	0.00516	0.00295	0.01031
41	0.01015	0.00677	0.00761	0.00761	0.00761	0.00677	0.00423	0.01015	0.01015	0.01353	0.02199	0.04567	0.02537	0.75476	0.03552	0.00677	0.00677	0.01015	0.00423	0.00423
42	0.00831	0.00682	0.00732	0.00772	0.00960	0.00584	0.00559	0.00994	0.01528	0.01860	0.06273	0.23583	0.54486	0.01871	0.00841	0.00247	0.00366	0.01599	0.00648	0.00584
43	0.01124	0.00803	0.01124	0.01285	0.01446	0.00803	0.01124	0.01446	0.01606	0.02088	0.03695	0.07871	0.04016	0.01928	0.00964	0.00321	0.00643	0.66426	0.00643	0.00643
44	0.00871	0.00722	0.00771	0.00796	0.01020	0.00622	0.00622	0.01070	0.01593	0.01916	0.06550	0.06894	0.60553	0.01792	0.00846	0.00249	0.00398	0.11471	0.00647	0.00597
45	0.00850	0.00607	0.00810	0.00972	0.01012	0.00567	0.00648	0.00972	0.01336	0.01781	0.03846	0.75020	0.04615	0.02186	0.00891	0.00283	0.00405	0.01984	0.00648	0.00567
46	0.02704	0.01873	0.02044	0.01567	0.02123	0.02043	0.01294	0.61831	0.03144	0.11555	0.01790	0.01750	0.01244	0.00840	0.00698	0.00210	0.00749	0.00636	0.00716	0.01187
47	0.18535	0.01806	0.01860	0.01453	0.01985	0.02004	0.01200	0.53001	0.02811	0.06375	0.01568	0.01588	0.01117	0.00800	0.00644	0.00211	0.00716	0.00580	0.00649	0.01099
48	0.01273	0.00921	0.01207	0.01291	0.01498	0.00938	0.01117	0.08597	0.01784	0.02324	0.03646	0.07155	0.07001	0.01804	0.00929	0.00305	0.00642	0.56224	0.00649	0.00698
49	0.03034	0.01343	0.01716	0.01315	0.01859	0.01256	0.01087	0.16660	0.02258	0.57979	0.02535	0.02233	0.01618	0.00858	0.00701	0.00215	0.00629	0.00687	0.00830	0.01187
50	0.02653	0.01955	0.02094	0.01606	0.02164	0.02164	0.01326	0.68796	0.03281	0.04398	0.01675	0.01675	0.01187	0.00838	0.00698	0.00209	0.00768	0.00628	0.00698	0.01187
51	0.01400	0.03610	0.71860	0.01989	0.03020	0.01621	0.02578	0.02210	0.01473	0.02210	0.01252	0.01473	0.00884	0.00663	0.00663	0.00221	0.01031	0.00516	0.00295	0.01031
52	0.01093	0.00793	0.01080	0.01224	0.01392	0.00780	0.01061	0.01398	0.01605	0.02067	0.04054	0.07748	0.11133	0.01911	0.00949	0.00312	0.00612	0.59508	0.00643	0.00637
53	0.03131	0.01188	0.01619	0.01242	0.01781	0.01026	0.01026	0.03401	0.01997	0.71606	0.02753	0.02375	0.01727	0.00864	0.00702	0.00216	0.00594	0.00702	0.00864	0.01188
54	0.01588	0.32794	0.44324	0.01668	0.02524	0.02081	0.02019	0.02161	0.01451	0.01981	0.01138	0.01330	0.00889	0.00636	0.00576	0.00192	0.00916	0.00458	0.00296	0.00976
55	0.02366	0.02531	0.02295	0.02405	0.19183	0.35534	0.04002	0.18587	0.02185	0.02519	0.01293	0.01498	0.01025	0.00719	0.00668	0.00196	0.01031	0.00549	0.00438	0.00978
56	0.01600	0.34713	0.42513	0.01647	0.02491	0.02111	0.01983	0.02158	0.01449	0.01965	0.01131	0.01321	0.00889	0.00635	0.00570	0.00190	0.00909	0.00454	0.00296	0.00973
57	0.05700	0.01174	0.01509	0.01206	0.01673	0.01078	0.00977	0.08624	0.01983	0.52753	0.02688	0.10015	0.01954	0.00992	0.00702	0.00220	0.00575	0.00817	0.04278	0.01081
58	0.01727	0.01658	0.02832	0.04283	0.71123	0.01658	0.02142	0.02142	0.01589	0.02280	0.01313	0.01727	0.01105	0.00622	0.00691	0.00207	0.00829	0.00622	0.00345	0.01105
59	0.01727	0.01658	0.02832	0.04283	0.71123	0.01658	0.02142	0.02142	0.01589	0.02280	0.01313	0.01727	0.01105	0.00622	0.00691	0.00207	0.00829	0.00622	0.00345	0.01105
60	0.01736	0.01499	0.01578	0.01420	0.01815	0.01736	0.01105	0.03708	0.69862	0.02919	0.02840	0.02604	0.02130	0.00947	0.00710	0.00237	0.00552	0.00789	0.00710	0.01105
61	0.00825	0.00707	0.00707	0.00707	0.00943	0.00589	0.00530	0.01001	0.01591	0.01885	0.07069	0.06716	0.70839	0.01767	0.00825	0.00236	0.00353	0.01473	0.00648	0.00589
62	0.03131	0.01188	0.01619	0.01242	0.01781	0.01026	0.01026	0.03401	0.01997	0.71606	0.02753	0.02375	0.01727	0.00864	0.00702	0.00216	0.00594	0.00702	0.00864	0.01188
63	0.01504	0.01274	0.01478	0.01061	0.01678	0.00989	0.00851	0.04937	0.01534	0.02375	0.01261	0.01458	0.01041	0.00532	0.00525	0.00108	0.00529	0.00424	0.00427	0.76016
64	0.01560	0.28448	0.48424	0.01716	0.02598	0.02013	0.02103	0.02169	0.01454	0.02015	0.01155	0.01352	0.00888	0.00640	0.00589	0.00196	0.00933	0.00467	0.00296	0.00985
65	0.01527	0.01527	0.02137	0.01832	0.01832	0.02137	0.01527	0.01679	0.01069	0.01679	0.00916	0.01527	0.00916	0.01221	0.02290	0.00305	0.74198	0.00611	0.00305	0.00763
66	0.00988	0.00713	0.00933	0.00878	0.01043	0.00658	0.00658	0.01317	0.01975	0.02798	0.70754	0.05213	0.06584	0.01427	0.00823	0.00219	0.00329	0.01262	0.00768	0.00658
67	0.00831	0.00683	0.00731	0.00769	0.00959	0.00584	0.00558	0.00994	0.01530	0.01861	0.06309	0.22837	0.55209	0.01866	0.00840	0.00247	0.00366	0.01593	0.00648	0.00584
68	0.01756	0.01709	0.02715	0.03793	0.57290	0.04190	0.05143	0.02354	0.09670	0.02333	0.01489	0.01821	0.01217	0.00662	0.00697	0.00211	0.00828	0.00645	0.00389	0.01087
69	0.03080	0.01269	0.01670	0.01280	0.01822	0.01147	0.01058	0.10365	0.02134	0.64448	0.02638	0.02301	0.01670	0.00861	0.00701	0.00215	0.00612	0.00694	0.00846	0.01187
70	0.00850	0.00607	0.00810	0.00972	0.01012	0.00567	0.00648	0.00972	0.01336	0.01781	0.03846	0.75020	0.04615	0.02186	0.00891	0.00283	0.00405	0.01984	0.00648	0.00567
71	0.01533	0.02641	0.36425	0.05140	0.14021	0.01669	0.20831	0.02257	0.04559	0.02244	0.01376	0.01691	0.01025	0.00649	0.00715	0.00224	0.01015	0.00634	0.00338	0.01012
72	0.01534	0.11189	0.61143	0.01868	0.02828	0.01713	0.02355	0.02256	0.01493	0.05562	0.01296	0.01480	0.00927	0.00666	0.00642	0.00213	0.00979	0.00510	0.00323	0.01025
73	0.00850	0.00607	0.00810	0.00972	0.01012	0.00567	0.00648	0.00972	0.01336	0.01781	0.03846	0.75020	0.04615	0.02186	0.00891	0.00283	0.00405	0.01984	0.00648	0.00567
74	0.01400	0.03610	0.71860	0.01989	0.03020	0.01621	0.02578	0.02210	0.01473	0.02210	0.01252	0.01473	0.00884	0.00663	0.00663	0.00221	0.01031	0.00516	0.00295	0.01031
75	0.01004	0.00717	0.00968	0.00968	0.01040	0.00789	0.00681	0.01148	0.01076	0.01507	0.02009	0.03517	0.02081	0.35068	0.43336	0.00933	0.01363	0.00861	0.00395	0.00538
76	0.01995	0.22825	0.11693	0.01607	0.02059	0.29911	0.01453	0.02276	0.01630	0.01818	0.05235	0.01524	0.01240	0.00791	0.00827	0.00197	0.11211	0.00509	0.00351	0.00847
77	0.01612	0.05358	0.56275	0.01964	0.02882	0.06799	0.05266	0.07700	0.01664	0.02339	0.01274	0.01483	0.00918	0.00676	0.00665	0.00216	0.01025	0.00530	0.00335	0.01020
78	0.01015	0.00677	0.00761	0.00761	0.00761	0.00677	0.00423	0.01015	0.01015	0.01353	0.02199	0.04567	0.02537	0.75476	0.03552	0.00677	0.00677	0.01015	0.00423	0.00423
79	0.00859	0.00708	0.00754	0.00743	0.00963	0.00604	0.00557	0.01067	0.01671	0.02076	0.20365	0.06402	0.57424	0.01696	0.00824	0.00232	0.00348	0.01429	0.00673	0.00604
80	0.01447	0.01240	0.01447	0.01034	0.01654	0.00930	0.00827	0.01757	0.01447	0.02274	0.01240	0.01447	0.01034	0.00517	0.00517	0.00103	0.00517	0.00413	0.00413	0.79742
81	0.01034	0.00751	0.00907	0.00870	0.00984	0.00733	0.00579	0.01140	0.01145	0.01570	0.02507	0.06899	0.08075	0.43492	0.17442	0.00656	0.00872	0.00973	0.00440	0.08932
82	0.00850	0.00607	0.00810	0.00972	0.01012	0.00567	0.00648	0.00972	0.01336	0.01781	0.03846	0.75020	0.04615	0.02186	0.00891	0.00283	0.00405	0.01984	0.00648	0.00567
83	0.01492	0.03313	0.59970	0.02089	0.03056	0.01665	0.10760	0.05487	0.01584	0.02321	0.01293	0.01534	0.00921	0.00662	0.00685	0.00222	0.01036	0.00560	0.00322	0.01028
84	0.01595	0.02290	0.21105	0.02877	0.12399	0.01714	0.43095	0.02217	0.01595	0.02235	0.01358	0.01758	0.01021	0.00612	0.00765	0.00228	0.01094	0.00719	0.00337	0.00986
85	0.01170	0.00923	0.01248	0.08588	0.01670	0.00861	0.06363	0.01482	0.03655	0.07677	0.09808	0.05234	0.45795	0.01438	0.00798	0.00233	0.00505	0.01233	0.00616	0.00706
86	0.00850	0.00607	0.00810	0.00972	0.01012	0.00567	0.00648	0.00972	0.01336	0.01781	0.03846	0.75020	0.04615	0.02186	0.00891	0.00283	0.00405	0.01984	0.00648	0.00567
87	0.01660	0.01012	0.01306	0.01152	0.01409	0.01043	0.00903	0.04444	0.07362	0.19071	0.25688	0.11672	0.06431	0.01477	0.04120	0.00277	0.08372	0.01064	0.00699	0.00838
88	0.01628	0.09568	0.44120	0.02092	0.02942	0.09815	0.15787	0.02270	0.01561	0.02108	0.01240	0.01501	0.00922	0.00648	0.00673	0.00213	0.01062	0.00558	0.00314	0.00976
89	0.01187	0.00982	0.01301	0.01196	0.01220	0.01215	0.00886	0.01286	0.01053	0.01515	0.01696	0.03181	0.01832	0.36837	0.16040	0.00632	0.26162	0.00826	0.00373	0.00577
90	0.01703	0.01633	0.02788	0.08430	0.67167	0.01652	0.02129	0.02120	0.01577	0.02250	0.01308	0.01735	0.01095	0.00626	0.00691	0.00209	0.00835	0.00622	0.00343	0.01086
91	0.53258	0.02126	0.25365	0.01286	0.01924	0.01584	0.01382	0.02106	0.01286	0.02814	0.01068	0.01250	0.00800	0.00653	0.00511	0.00218	0.00709	0.00425	0.00385	0.00850
92	0.02268	0.02048	0.01859	0.01569	0.02020	0.16377	0.01240	0.28718	0.30234	0.03244	0.02030	0.01970	0.01514	0.00858	0.00689	0.00215	0.00780	0.00657	0.00634	0.01076
93	0.01621	0.01829	0.03970	0.02860	0.03539	0.01717	0.65271	0.02196	0.01645	0.02228	0.01524	0.02177	0.01204	0.00654	0.00830	0.00240	0.01150	0.04049	0.00367	0.00926
94	0.01598	0.01526	0.02599	0.26213	0.50202	0.01624	0.02077	0.02028	0.01528	0.02123	0.01290	0.01769	0.01050	0.00646	0.00693	0.00215	0.00861	0.00621	0.00334	0.01001
95	0.00901	0.00708	0.00804	0.00781	0.00976	0.00622	0.00579	0.01134	0.01725	0.02242	0.33438	0.05991	0.40924	0.04958	0.00947	0.00249	0.00358	0.01364	0.00688	0.00611
96	0.01581	0.01509	0.02568	0.29145	0.47405	0.01620	0.02069	0.02013	0.01520	0.02102	0.01287	0.01775	0.01043	0.00649	0.00693	0.00216	0.00865	0.00621	0.00333	0.00987
97	0.01400	0.03610	0.71860	0.01989	0.03020	0.01621	0.02578	0.02210	0.01473	0.02210	0.01252	0.01473	0.00884	0.00663	0.00663	0.00221	0.01031	0.00516	0.00295	0.01031
98	0.01500	0.01407	0.02278	0.42715	0.26283	0.01607	0.01910	0.02119	0.09230	0.02075	0.01446	0.01901	0.01124	0.00701	0.00697	0.00225	0.00854	0.00640	0.00367	0.00921
99	0.01355	0.01278	0.02159	0.67552	0.10766	0.01560	0.01956	0.01815	0.01413	0.01828	0.01247	0.01848	0.00946	0.00691	0.00697	0.00230	0.00921	0.00620	0.00313	0.00805
100	0.01896	0.72943	0.03588	0.01219	0.01806	0.05606	0.01200	0.02118	0.01441	0.01644	0.00975	0.01125	0.00896	0.00602	0.00455	0.00150	0.00767	0.00376	0.00301	0.00892
101	0.02850	0.04849	0.01932	0.01410	0.01961	0.01637	0.01174	0.34049	0.02574	0.36957	0.02168	0.01991	0.01437	0.00840	0.00689	0.00210	0.00682	0.00653	0.00761	0.01174
102	0.01727	0.01658	0.02832	0.04283	0.71123	0.01658	0.02142	0.02142	0.01589	0.02280	0.01313	0.01727	0.01105	0.00622	0.00691	0.00207	0.00829	0.00622	0.00345	0.01105
103	0.01015	0.00677	0.00761	0.00761	0.00761	0.00677	0.00423	0.01015	0.01015	0.01353	0.02199	0.04567	0.02537	0.75476	0.03552	0.00677	0.00677	0.01015	0.00423	0.00423
104	0.01712	0.01643	0.02806	0.06804	0.68718	0.01654	0.02134	0.02129	0.01582	0.02262	0.01310	0.01732	0.01099	0.00625	0.00691	0.00208	0.00833	0.00622	0.00344	0.01093
105	0.01904	0.01993	0.02661	0.03784	0.57260	0.15933	0.01982	0.02271	0.01667	0.02165	0.01266	0.01633	0.01064	0.00641	0.00678	0.00202	0.00915	0.00587	0.00348	0.01046
106	0.02653	0.01955	0.02094	0.01606	0.02164	0.02164	0.01326	0.68796	0.03281	0.04398	0.01675	0.01675	0.01187	0.00838	0.00698	0.00209	0.00768	0.00628	0.00698	0.01187
107	0.80405	0.01350	0.01026	0.00918	0.01350	0.01565	0.00756	0.02051	0.01188	0.03131	0.00972	0.01134	0.00756	0.00648	0.00432	0.00216	0.00540	0.00378	0.00432	0.00756
108	0.00850	0.00607	0.00810	0.00972	0.01012	0.00567	0.00648	0.00972	0.01336	0.01781	0.03846	0.75020	0.04615	0.02186	0.00891	0.00283	0.00405	0.01984	0.00648	0.00567
109	0.02540	0.01899	0.02031	0.01583	0.02121	0.02112	0.01299	0.60819	0.11440	0.04217	0.01818	0.01789	0.01302	0.00851	0.00700	0.00213	0.00741	0.00648	0.00700	0.01177
110	0.01384	0.03500	0.69167	0.01947	0.02945	0.01584	0.02505	0.02176	0.01492	0.02232	0.03892	0.01615	0.01100	0.00692	0.00669	0.00221	0.01005	0.00544	0.00313	0.01017
111	0.01400	0.03610	0.71860	0.01989	0.03020	0.01621	0.02578	0.02210	0.01473	0.02210	0.01252	0.01473	0.00884	0.00663	0.00663	0.00221	0.01031	0.00516	0.00295	0.01031
112	0.01411	0.03531	0.68797	0.02032	0.03049	0.01627	0.05563	0.02211	0.01481	0.02211	0.01260	0.01492	0.00892	0.00660	0.00670	0.00222	0.01038	0.00530	0.00297	0.01027
113	0.00850	0.00607	0.00810	0.00972	0.01012	0.00567	0.00648	0.00972	0.01336	0.01781	0.03846	0.75020	0.04615	0.02186	0.00891	0.00283	0.00405	0.01984	0.00648	0.00567
114	0.00850	0.00607	0.00810	0.00972	0.01012	0.00567	0.00648	0.00972	0.01336	0.01781	0.03846	0.75020	0.04615	0.02186	0.00891	0.00283	0.00405	0.01984	0.00648	0.00567
115	0.01341	0.01286	0.02236	0.68790	0.04724	0.01566	0.06649	0.01815	0.01413	0.01815	0.01252	0.01862	0.00939	0.00690	0.00707	0.00233	0.00948	0.00635	0.00313	0.00787
116	0.01647	0.01882	0.04118	0.02941	0.03647	0.01765	0.68588	0.02235	0.01647	0.02235	0.01412	0.01882	0.01059	0.00588	0.00824	0.00235	0.01176	0.00824	0.00353	0.00941
117	0.01647	0.01882	0.04118	0.02941	0.03647	0.01765	0.68588	0.02235	0.01647	0.02235	0.01412	0.01882	0.01059	0.00588	0.00824	0.00235	0.01176	0.00824	0.00353	0.00941
118	0.01400	0.03610	0.71860	0.01989	0.03020	0.01621	0.02578	0.02210	0.01473	0.02210	0.01252	0.01473	0.00884	0.00663	0.00663	0.00221	0.01031	0.00516	0.00295	0.01031
119	0.01504	0.03464	0.67640	0.01944	0.02946	0.01585	0.02485	0.02281	0.01505	0.06379	0.01342	0.01527	0.00935	0.00675	0.00665	0.00221	0.01005	0.00527	0.00329	0.01041
120	0.00850	0.00607	0.00810	0.00972	0.01012	0.00567	0.00648	0.00972	0.01336	0.01781	0.03846	0.75020	0.04615	0.02186	0.00891	0.00283	0.00405	0.01984	0.00648	0.00567
121	0.01015	0.00677	0.00761	0.00761	0.00761	0.00677	0.00423	0.01015	0.01015	0.01353	0.02199	0.04567	0.02537	0.75476	0.03552	0.00677	0.00677	0.01015	0.00423	0.00423
122	0.01349	0.01272	0.02149	0.68514	0.09847	0.01559	0.01953	0.01810	0.01410	0.01821	0.01246	0.01850	0.00944	0.00692	0.00697	0.00231	0.00923	0.00620	0.00313	0.00800
123	0.01671	0.01814	0.03728	0.03348	0.24094	0.01732	0.48453	0.02207	0.01629	0.02249	0.01382	0.01835	0.01073	0.00598	0.00783	0.00227	0.01071	0.00762	0.00351	0.00991
124	0.02653	0.01955	0.02094	0.01606	0.02164	0.02164	0.01326	0.68796	0.03281	0.04398	0.01675	0.01675	0.01187	0.00838	0.00698	0.00209	0.00768	0.00628	0.00698	0.01187
125	0.01318	0.01240	0.02093	0.73798	0.04806	0.01550	0.01938	0.01783	0.01395	0.01783	0.01240	0.01860	0.00930	0.00698	0.00698	0.00233	0.00930	0.00620	0.00310	0.00775
126	0.02563	0.01910	0.02044	0.01587	0.02130	0.02122	0.01305	0.62449	0.09773	0.04254	0.01789	0.01766	0.01279	0.00848	0.00699	0.00212	0.00747	0.00644	0.00699	0.01179
127	0.01385	0.01309	0.02215	0.62318	0.15758	0.01568	0.01972	0.01842	0.01427	0.01865	0.01252	0.01838	0.00959	0.00685	0.00697	0.00228	0.00914	0.00620	0.00316	0.00830
128	0.00889	0.00624	0.00798	0.00922	0.00953	0.00593	0.00594	0.00982	0.01260	0.01680	0.03456	0.58315	0.04123	0.19564	0.01522	0.00377	0.00469	0.01754	0.00594	0.00533
129	0.01751	0.01956	0.02825	0.02226	0.02541	0.13816	0.25690	0.02065	0.01430	0.01885	0.01122	0.01610	0.00965	0.00909	0.01483	0.00259	0.35640	0.00660	0.00332	0.00835
130	0.01787	0.02032	0.03557	0.02628	0.03205	0.11036	0.50304	0.04156	0.01671	0.02166	0.01320	0.01755	0.01025	0.00684	0.00961	0.00235	0.09463	0.00745	0.00358	0.00911
131	0.02140	0.02272	0.01828	0.01719	0.05260	0.30486	0.01265	0.06932	0.35376	0.02482	0.01989	0.01965	0.01530	0.00833	0.00676	0.00211	0.00864	0.00634	0.00550	0.00990

[dist]
# distance from previous block
# <min> <max>
0	34

# created by:
# /home/berkeley/.conda/envs/busco_data_prod/bin/msa2prfl.pl pipeline/OGs_align_augustus/4893/7790.fs
