[name]
unknown

[dist]
# distance from previous block
# <min> <max>
30	517

[block]
# block no. 0 follows, 34 sequences, length 16
# corresponding to MSA columns:
# 739-754
name=unknown_A
#
# <colnr> <probs for GDERKNQSTAVLIFYWHMCP>
#	G	D	E	R	K	N	Q	S	T	A	V	L	I	F	Y	W	H	M	C	P
0	0.26669	0.01311	0.01532	0.01214	0.01659	0.01346	0.08041	0.14337	0.05728	0.06605	0.04307	0.04412	0.01375	0.03517	0.00660	0.00201	0.00590	0.00586	0.00490	0.15420
1	0.10755	0.03831	0.01474	0.01223	0.01493	0.01111	0.10141	0.05045	0.09434	0.04423	0.06642	0.16094	0.02512	0.13972	0.01137	0.00296	0.00597	0.08607	0.00514	0.00696
2	0.22805	0.01635	0.02831	0.02227	0.07483	0.04527	0.42889	0.02070	0.01431	0.04278	0.01216	0.01539	0.00921	0.00573	0.00648	0.00209	0.00900	0.00624	0.00359	0.00838
3	0.01623	0.01363	0.02023	0.01546	0.04602	0.01202	0.16920	0.08135	0.04452	0.07840	0.01392	0.01570	0.01068	0.00565	0.00585	0.00149	0.00656	0.00529	0.00435	0.43346
4	0.01270	0.00685	0.00921	0.00957	0.01100	0.00622	0.00680	0.01414	0.01377	0.18130	0.03330	0.59792	0.03662	0.01744	0.00785	0.00248	0.00415	0.01565	0.00646	0.00656
5	0.01138	0.01057	0.01926	0.01876	0.12172	0.01040	0.20093	0.01436	0.01305	0.01797	0.02185	0.28363	0.02292	0.02054	0.17684	0.00417	0.00938	0.01098	0.00426	0.00704
6	0.19755	0.01172	0.01251	0.00932	0.01467	0.00996	0.00751	0.01689	0.01285	0.02287	0.01092	0.01273	0.00898	0.00506	0.00461	0.00120	0.00483	0.00375	0.00387	0.62821
7	0.01525	0.01743	0.03813	0.02723	0.03377	0.01634	0.70915	0.02070	0.01525	0.02070	0.01307	0.01743	0.00980	0.00545	0.00763	0.00218	0.01089	0.00763	0.00327	0.00871
8	0.01580	0.01729	0.03592	0.02585	0.03217	0.01653	0.63598	0.05896	0.05166	0.02211	0.01387	0.01766	0.01037	0.00574	0.00751	0.00217	0.01040	0.00751	0.00361	0.00891
9	0.19961	0.01356	0.01344	0.01209	0.01582	0.01571	0.00949	0.03083	0.55857	0.02748	0.02234	0.02099	0.01681	0.00813	0.00599	0.00215	0.00509	0.00643	0.00599	0.00949
10	0.81856	0.01250	0.00950	0.00850	0.01250	0.01449	0.00700	0.01899	0.01100	0.02899	0.00900	0.01050	0.00700	0.00600	0.00400	0.00200	0.00500	0.00350	0.00400	0.00700
11	0.09923	0.00697	0.00760	0.00758	0.00813	0.00726	0.00470	0.01060	0.00982	0.01477	0.01973	0.07898	0.02220	0.58923	0.08293	0.00590	0.00682	0.00906	0.00401	0.00448
12	0.01041	0.09770	0.01332	0.01042	0.01235	0.01016	0.00840	0.01273	0.01088	0.01537	0.01600	0.02293	0.01485	0.04092	0.61750	0.00879	0.01537	0.00634	0.00340	0.05217
13	0.01926	0.01325	0.09478	0.06632	0.01854	0.01124	0.01155	0.08117	0.03733	0.30121	0.10218	0.06427	0.04843	0.00995	0.00766	0.00216	0.04701	0.04853	0.00619	0.00898
14	0.11211	0.01602	0.02931	0.02145	0.02725	0.01568	0.45049	0.08490	0.05207	0.10343	0.01486	0.01728	0.01077	0.00617	0.00692	0.00212	0.00897	0.00683	0.00434	0.00905
15	0.12288	0.01454	0.02109	0.01699	0.04376	0.03051	0.21736	0.12155	0.11163	0.02504	0.01704	0.10481	0.01477	0.00801	0.00649	0.00201	0.00714	0.00745	0.00466	0.10226

[dist]
# distance from previous block
# <min> <max>
0	9

[block]
# block no. 1 follows, 34 sequences, length 139
# corresponding to MSA columns:
# 764-902
name=unknown_B
#
# <colnr> <probs for GDERKNQSTAVLIFYWHMCP>
#	G	D	E	R	K	N	Q	S	T	A	V	L	I	F	Y	W	H	M	C	P
0	0.12022	0.01407	0.10345	0.01366	0.01840	0.01143	0.12492	0.02044	0.06203	0.14531	0.12770	0.02427	0.03966	0.00872	0.00722	0.03708	0.00629	0.02234	0.00510	0.08769
1	0.01586	0.01127	0.01353	0.00985	0.01536	0.00869	0.00792	0.01867	0.01437	0.13938	0.03310	0.01575	0.01201	0.00554	0.00514	0.00116	0.00486	0.00448	0.00460	0.65844
2	0.01054	0.00739	0.00873	0.00936	0.01053	0.03792	0.00664	0.01209	0.01400	0.07792	0.10681	0.52576	0.09141	0.01755	0.00791	0.00245	0.00420	0.03668	0.00616	0.00595
3	0.01350	0.02966	0.57445	0.02049	0.02933	0.01532	0.18510	0.02052	0.01402	0.02052	0.01194	0.01453	0.00857	0.00598	0.00649	0.00208	0.00987	0.00545	0.00286	0.00935
4	0.01340	0.01148	0.01340	0.00957	0.01531	0.00861	0.00766	0.01627	0.01340	0.02105	0.01148	0.01340	0.00957	0.00479	0.00479	0.00096	0.00479	0.00383	0.00383	0.81242
5	0.00787	0.00562	0.00750	0.00900	0.00937	0.00525	0.00600	0.00900	0.01237	0.01649	0.03561	0.76871	0.04274	0.02024	0.00825	0.00262	0.00375	0.01837	0.00600	0.00525
6	0.01503	0.01437	0.02449	0.22172	0.55807	0.01510	0.01935	0.01899	0.01426	0.01994	0.01198	0.01631	0.00982	0.00594	0.00641	0.00198	0.00791	0.00575	0.00312	0.00946
7	0.01340	0.01148	0.01340	0.00957	0.01531	0.00861	0.00766	0.01627	0.01340	0.02105	0.01148	0.01340	0.00957	0.00479	0.00479	0.00096	0.00479	0.00383	0.00383	0.81242
8	0.01787	0.01618	0.01527	0.01361	0.01732	0.11403	0.01057	0.05423	0.58049	0.05083	0.02374	0.02209	0.01779	0.00842	0.00647	0.00211	0.00607	0.00681	0.00619	0.00991
9	0.02828	0.01200	0.04727	0.01180	0.01701	0.00974	0.01014	0.03100	0.01828	0.70516	0.02487	0.02162	0.01565	0.00791	0.00648	0.00200	0.00568	0.00642	0.00776	0.01093
10	0.01607	0.01388	0.01461	0.01315	0.01680	0.01607	0.01023	0.03433	0.72094	0.02703	0.02630	0.02411	0.01972	0.00877	0.00657	0.00219	0.00511	0.00731	0.00657	0.01023
11	0.81856	0.01250	0.00950	0.00850	0.01250	0.01449	0.00700	0.01899	0.01100	0.02899	0.00900	0.01050	0.00700	0.00600	0.00400	0.00200	0.00500	0.00350	0.00400	0.00700
12	0.00929	0.00622	0.00708	0.00718	0.00721	0.00619	0.00406	0.00937	0.00960	0.01280	0.02140	0.09189	0.02480	0.72152	0.03120	0.00602	0.00609	0.01001	0.00406	0.00401
13	0.00891	0.00660	0.00832	0.00789	0.00951	0.00600	0.00591	0.01175	0.01774	0.02462	0.62757	0.05040	0.16341	0.01369	0.00762	0.00206	0.00308	0.01198	0.00694	0.00600
14	0.02414	0.03079	0.01831	0.01665	0.01998	0.74698	0.01248	0.02580	0.01831	0.01581	0.00999	0.01165	0.00832	0.00666	0.00583	0.00166	0.01165	0.00416	0.00333	0.00749
15	0.02493	0.01750	0.01902	0.01458	0.01974	0.01916	0.01205	0.65418	0.02938	0.09902	0.01635	0.01606	0.01141	0.00778	0.00647	0.00194	0.00698	0.00587	0.00659	0.01099
16	0.01104	0.00666	0.00771	0.00742	0.00784	0.00653	0.00438	0.01125	0.01016	0.07319	0.02079	0.04058	0.02286	0.70888	0.03068	0.00591	0.00620	0.00915	0.00426	0.00451
17	0.02817	0.01104	0.01490	0.01147	0.01635	0.00967	0.00946	0.04997	0.01882	0.69254	0.04986	0.02273	0.01743	0.00817	0.00654	0.00200	0.00546	0.00666	0.00792	0.01082
18	0.02353	0.02793	0.01909	0.01829	0.07796	0.59509	0.01306	0.11239	0.01955	0.01941	0.01087	0.01250	0.00882	0.00672	0.00595	0.00172	0.01075	0.00450	0.00372	0.00816
19	0.07632	0.02514	0.01855	0.08027	0.09463	0.49877	0.01324	0.06103	0.03940	0.01900	0.01107	0.01308	0.00895	0.00663	0.00587	0.00179	0.01009	0.00460	0.00359	0.00799
20	0.81856	0.01250	0.00950	0.00850	0.01250	0.01449	0.00700	0.01899	0.01100	0.02899	0.00900	0.01050	0.00700	0.00600	0.00400	0.00200	0.00500	0.00350	0.00400	0.00700
21	0.00818	0.00626	0.00745	0.00778	0.00914	0.00559	0.00556	0.01000	0.01482	0.01937	0.24008	0.28304	0.30403	0.03805	0.00854	0.00240	0.00345	0.01448	0.00625	0.00552
22	0.02354	0.09512	0.01965	0.01616	0.01968	0.68478	0.01236	0.02524	0.01786	0.01576	0.00990	0.01154	0.00832	0.00656	0.00568	0.00164	0.01124	0.00410	0.00328	0.00756
23	0.02005	0.11138	0.04571	0.01770	0.09140	0.34186	0.01317	0.06645	0.14001	0.01989	0.01323	0.01459	0.01067	0.00717	0.00692	0.00186	0.06039	0.00501	0.00395	0.00859
24	0.01680	0.43731	0.22936	0.01373	0.02018	0.04097	0.01475	0.08032	0.05677	0.01960	0.01133	0.01258	0.00917	0.00611	0.00509	0.00167	0.00769	0.00428	0.00331	0.00897
25	0.00816	0.00619	0.00755	0.00824	0.00945	0.00559	0.00593	0.00988	0.01426	0.01853	0.16000	0.38083	0.26631	0.01769	0.00799	0.00240	0.00361	0.05572	0.00618	0.00550
26	0.01671	0.01680	0.02518	0.03643	0.63215	0.08685	0.01887	0.02023	0.01485	0.02035	0.01178	0.01549	0.00997	0.00609	0.00698	0.00193	0.04072	0.00560	0.00320	0.00983
27	0.00764	0.00655	0.00655	0.00655	0.00873	0.00545	0.00491	0.00927	0.01473	0.01745	0.06546	0.06218	0.73000	0.01636	0.00764	0.00218	0.00327	0.01364	0.00600	0.00545
28	0.01340	0.01148	0.01340	0.00957	0.01531	0.00861	0.00766	0.01627	0.01340	0.02105	0.01148	0.01340	0.00957	0.00479	0.00479	0.00096	0.00479	0.00383	0.00383	0.81242
29	0.02079	0.01111	0.01335	0.01123	0.01501	0.03549	0.00882	0.04495	0.11192	0.36937	0.04832	0.17157	0.02236	0.01040	0.00673	0.00205	0.00522	0.00883	0.00682	0.07566
30	0.00965	0.00765	0.01031	0.13585	0.01643	0.00778	0.00916	0.01213	0.01406	0.01786	0.06533	0.08781	0.23613	0.07863	0.01005	0.00283	0.00543	0.26178	0.00532	0.00582
31	0.01220	0.01148	0.01938	0.75739	0.04450	0.01436	0.01794	0.01651	0.01292	0.01651	0.01148	0.01723	0.00861	0.00646	0.00646	0.00215	0.00861	0.00574	0.00287	0.00718
32	0.00787	0.00562	0.00750	0.00900	0.00937	0.00525	0.00600	0.00900	0.01237	0.01649	0.03561	0.76871	0.04274	0.02024	0.00825	0.00262	0.00375	0.01837	0.00600	0.00525
33	0.02417	0.01790	0.01917	0.01479	0.01989	0.01985	0.01219	0.67973	0.06237	0.04009	0.01601	0.01591	0.01139	0.00780	0.00647	0.00195	0.00702	0.00589	0.00647	0.01095
34	0.00940	0.00626	0.00705	0.00705	0.00705	0.00626	0.00392	0.00940	0.00940	0.01253	0.02036	0.04228	0.02349	0.77292	0.03289	0.00626	0.00626	0.00940	0.00392	0.00392
35	0.00799	0.00653	0.00712	0.00748	0.00935	0.00566	0.00569	0.00972	0.01444	0.01755	0.05799	0.15406	0.56111	0.01703	0.00786	0.00233	0.00365	0.09295	0.00599	0.00549
36	0.01607	0.01388	0.01461	0.01315	0.01680	0.01607	0.01023	0.03433	0.72094	0.02703	0.02630	0.02411	0.01972	0.00877	0.00657	0.00219	0.00511	0.00731	0.00657	0.01023
37	0.02504	0.01160	0.01477	0.01165	0.01629	0.01083	0.00949	0.07638	0.11185	0.51923	0.06933	0.02314	0.01874	0.00828	0.00650	0.00198	0.00537	0.00677	0.00747	0.04532
38	0.02055	0.01949	0.02423	0.04666	0.05596	0.23250	0.23370	0.05431	0.01716	0.15235	0.03426	0.01711	0.01190	0.00692	0.00736	0.00200	0.04426	0.00618	0.00437	0.00874
39	0.01727	0.77681	0.03386	0.01106	0.01658	0.02557	0.01106	0.01935	0.01313	0.01520	0.00898	0.01036	0.00829	0.00553	0.00415	0.00138	0.00691	0.00345	0.00276	0.00829
40	0.01525	0.01743	0.03813	0.02723	0.03377	0.01634	0.70915	0.02070	0.01525	0.02070	0.01307	0.01743	0.00980	0.00545	0.00763	0.00218	0.01089	0.00763	0.00327	0.00871
41	0.02899	0.01100	0.01499	0.01150	0.01649	0.00950	0.00950	0.03149	0.01849	0.73709	0.02549	0.02199	0.01599	0.00800	0.00650	0.00200	0.00550	0.00650	0.00800	0.01100
42	0.01599	0.01535	0.02623	0.03966	0.73262	0.01535	0.01983	0.01983	0.01471	0.02111	0.01215	0.01599	0.01023	0.00576	0.00640	0.00192	0.00768	0.00576	0.00320	0.01023
43	0.00940	0.00626	0.00705	0.00705	0.00705	0.00626	0.00392	0.00940	0.00940	0.01253	0.02036	0.04228	0.02349	0.77292	0.03289	0.00626	0.00626	0.00940	0.00392	0.00392
44	0.01296	0.03342	0.73944	0.01842	0.02797	0.01501	0.02387	0.02046	0.01364	0.02046	0.01160	0.01364	0.00818	0.00614	0.00614	0.00205	0.00955	0.00477	0.00273	0.00955
45	0.01623	0.01472	0.01672	0.05168	0.12483	0.04756	0.01211	0.03098	0.55255	0.02517	0.02280	0.02204	0.01730	0.00812	0.00651	0.00213	0.00594	0.00687	0.00576	0.00997
46	0.00787	0.00562	0.00750	0.00900	0.00937	0.00525	0.00600	0.00900	0.01237	0.01649	0.03561	0.76871	0.04274	0.02024	0.00825	0.00262	0.00375	0.01837	0.00600	0.00525
47	0.00940	0.00626	0.00705	0.00705	0.00705	0.00626	0.00392	0.00940	0.00940	0.01253	0.02036	0.04228	0.02349	0.77292	0.03289	0.00626	0.00626	0.00940	0.00392	0.00392
48	0.01220	0.01148	0.01938	0.75739	0.04450	0.01436	0.01794	0.01651	0.01292	0.01651	0.01148	0.01723	0.00861	0.00646	0.00646	0.00215	0.00861	0.00574	0.00287	0.00718
49	0.02463	0.01709	0.01889	0.01456	0.01949	0.01879	0.01203	0.60121	0.02810	0.12131	0.01638	0.01621	0.01147	0.00794	0.00711	0.00198	0.03960	0.00589	0.00649	0.01082
50	0.01544	0.01087	0.01487	0.08115	0.01804	0.01097	0.06883	0.15243	0.01855	0.11598	0.14888	0.03796	0.14007	0.04419	0.00840	0.00236	0.00587	0.09143	0.00592	0.00779
51	0.00914	0.00660	0.00864	0.00813	0.00965	0.00610	0.00610	0.01219	0.01829	0.02591	0.72921	0.04827	0.06097	0.01321	0.00762	0.00203	0.00305	0.01169	0.00711	0.00610
52	0.01591	0.01453	0.03909	0.11421	0.16817	0.03419	0.05912	0.05755	0.12882	0.05480	0.01492	0.01687	0.01152	0.00627	0.00604	0.00174	0.00680	0.00554	0.00426	0.23965
53	0.01706	0.01587	0.02064	0.06933	0.25340	0.11570	0.06585	0.02033	0.01503	0.07701	0.01273	0.01523	0.01008	0.00578	0.00591	0.00162	0.00745	0.00512	0.00378	0.26207
54	0.78866	0.01271	0.00987	0.00874	0.01278	0.01470	0.00720	0.04506	0.01173	0.02943	0.00924	0.01069	0.00715	0.00606	0.00409	0.00200	0.00508	0.00359	0.00409	0.00715
55	0.02491	0.01809	0.01897	0.01467	0.01974	0.05283	0.01206	0.62244	0.02883	0.09787	0.01609	0.01588	0.01128	0.00773	0.00644	0.00193	0.00719	0.00580	0.00645	0.01083
56	0.02346	0.02938	0.01800	0.01635	0.01971	0.68579	0.01230	0.02652	0.07714	0.01675	0.01135	0.01269	0.00928	0.00683	0.00589	0.00171	0.01110	0.00442	0.00360	0.00772
57	0.01607	0.01388	0.01461	0.01315	0.01680	0.01607	0.01023	0.03433	0.72094	0.02703	0.02630	0.02411	0.01972	0.00877	0.00657	0.00219	0.00511	0.00731	0.00657	0.01023
58	0.00789	0.00656	0.00689	0.00681	0.00888	0.00556	0.00511	0.00975	0.01532	0.01885	0.17494	0.05989	0.61964	0.01584	0.00763	0.00216	0.00324	0.01331	0.00618	0.00556
59	0.02235	0.01740	0.01841	0.01513	0.03706	0.03961	0.01200	0.51640	0.19087	0.03633	0.01779	0.01742	0.01293	0.00791	0.00647	0.00199	0.00679	0.00612	0.00632	0.01069
60	0.81856	0.01250	0.00950	0.00850	0.01250	0.01449	0.00700	0.01899	0.01100	0.02899	0.00900	0.01050	0.00700	0.00600	0.00400	0.00200	0.00500	0.00350	0.00400	0.00700
61	0.04273	0.10751	0.23059	0.01619	0.05296	0.11262	0.03421	0.12201	0.03562	0.14359	0.03226	0.01594	0.01165	0.00689	0.00602	0.00190	0.00804	0.00531	0.00452	0.00945
62	0.05518	0.38944	0.05259	0.01488	0.04674	0.13277	0.07293	0.06824	0.01572	0.08009	0.01156	0.01286	0.00928	0.00611	0.00522	0.00166	0.00792	0.00448	0.00366	0.00868
63	0.01204	0.00602	0.00602	0.00602	0.00753	0.00602	0.00452	0.01506	0.01355	0.02409	0.02108	0.02409	0.01656	0.00753	0.00452	0.00151	0.00301	0.00602	0.80879	0.00602
64	0.01295	0.01225	0.02074	0.61508	0.18094	0.01455	0.01832	0.01717	0.01328	0.01742	0.01162	0.01698	0.00893	0.00632	0.00645	0.00211	0.00843	0.00575	0.00294	0.00778
65	0.06749	0.01712	0.01939	0.02051	0.19676	0.13799	0.03056	0.12209	0.09970	0.16756	0.01626	0.01698	0.01200	0.00723	0.00686	0.00198	0.03903	0.00574	0.00507	0.00967
66	0.00780	0.00655	0.00677	0.00672	0.00883	0.00552	0.00504	0.00959	0.01511	0.01836	0.13686	0.06069	0.65802	0.01602	0.00763	0.00217	0.00325	0.01343	0.00612	0.00552
67	0.00798	0.00567	0.00747	0.00886	0.00921	0.00532	0.00586	0.00902	0.01217	0.01622	0.03457	0.71910	0.04142	0.07164	0.00993	0.00287	0.00392	0.01776	0.00586	0.00516
68	0.00990	0.00720	0.00968	0.01084	0.01220	0.00713	0.00893	0.01304	0.04195	0.01955	0.09603	0.21416	0.06208	0.01755	0.00854	0.00276	0.00512	0.44129	0.00609	0.00597
69	0.01450	0.01382	0.02352	0.32312	0.46085	0.01496	0.01909	0.01852	0.01400	0.01929	0.01189	0.01648	0.00959	0.00603	0.00642	0.00201	0.00805	0.00575	0.00307	0.00903
70	0.02456	0.01810	0.01939	0.01487	0.02004	0.02004	0.01228	0.71107	0.03038	0.04072	0.01551	0.01551	0.01099	0.00776	0.00646	0.00194	0.00711	0.00582	0.00646	0.01099
71	0.81856	0.01250	0.00950	0.00850	0.01250	0.01449	0.00700	0.01899	0.01100	0.02899	0.00900	0.01050	0.00700	0.00600	0.00400	0.00200	0.00500	0.00350	0.00400	0.00700
72	0.00808	0.00578	0.00768	0.00886	0.00942	0.00538	0.00601	0.00951	0.01332	0.01801	0.14733	0.65266	0.04567	0.01911	0.00815	0.00253	0.00364	0.01729	0.00618	0.00538
73	0.04721	0.01832	0.08606	0.02050	0.05838	0.04755	0.29709	0.18322	0.01858	0.05635	0.01357	0.01587	0.01004	0.00618	0.00662	0.00193	0.00869	0.00613	0.00426	0.09344
74	0.01446	0.01145	0.01351	0.00970	0.01539	0.00867	0.00778	0.01731	0.01375	0.06995	0.01244	0.01399	0.01001	0.00500	0.00490	0.00103	0.00483	0.00401	0.00411	0.75769
75	0.02123	0.01633	0.01877	0.01578	0.05581	0.01817	0.02928	0.49651	0.08892	0.03411	0.01625	0.01853	0.01261	0.07196	0.00959	0.00238	0.05171	0.00628	0.00580	0.01000
76	0.01493	0.01798	0.08407	0.02710	0.09077	0.01582	0.58302	0.02024	0.01501	0.02058	0.01360	0.04052	0.01076	0.00598	0.00744	0.00216	0.01031	0.00761	0.00331	0.00879
77	0.00787	0.00562	0.00750	0.00900	0.00937	0.00525	0.00600	0.00900	0.01237	0.01649	0.03561	0.76871	0.04274	0.02024	0.00825	0.00262	0.00375	0.01837	0.00600	0.00525
78	0.09494	0.01137	0.01469	0.01136	0.01628	0.01028	0.00938	0.05425	0.01828	0.65341	0.02376	0.02080	0.01507	0.00782	0.00629	0.00200	0.00551	0.00622	0.00761	0.01066
79	0.01389	0.01309	0.02210	0.30568	0.41457	0.01413	0.01797	0.01768	0.01385	0.01900	0.01387	0.07947	0.01235	0.00723	0.00658	0.00207	0.00770	0.00681	0.00331	0.00867
80	0.00764	0.00655	0.00655	0.00655	0.00873	0.00545	0.00491	0.00927	0.01473	0.01745	0.06546	0.06218	0.73000	0.01636	0.00764	0.00218	0.00327	0.01364	0.00600	0.00545
81	0.01122	0.00561	0.00842	0.00842	0.00842	0.00561	0.00561	0.00842	0.00842	0.01122	0.01122	0.01964	0.01122	0.02245	0.02525	0.81201	0.00561	0.00561	0.00281	0.00281
82	0.01920	0.01450	0.01658	0.01530	0.06643	0.04268	0.02978	0.07919	0.45638	0.15120	0.02347	0.02194	0.01712	0.00819	0.00654	0.00210	0.00590	0.00684	0.00637	0.01027
83	0.00787	0.00562	0.00750	0.00900	0.00937	0.00525	0.00600	0.00900	0.01237	0.01649	0.03561	0.76871	0.04274	0.02024	0.00825	0.00262	0.00375	0.01837	0.00600	0.00525
84	0.01471	0.00816	0.00852	0.00766	0.00989	0.00841	0.00596	0.12757	0.01645	0.05433	0.02035	0.02263	0.01564	0.00758	0.00491	0.00159	0.00377	0.00601	0.64886	0.00701
85	0.01727	0.77681	0.03386	0.01106	0.01658	0.02557	0.01106	0.01935	0.01313	0.01520	0.00898	0.01036	0.00829	0.00553	0.00415	0.00138	0.00691	0.00345	0.00276	0.00829
86	0.01654	0.01411	0.01487	0.01324	0.01698	0.01629	0.01034	0.07138	0.68314	0.02778	0.02571	0.02364	0.01925	0.00871	0.00657	0.00218	0.00522	0.00722	0.00657	0.01027
87	0.02410	0.02266	0.01882	0.01546	0.01990	0.28961	0.01228	0.43227	0.05096	0.03098	0.01385	0.01439	0.01032	0.00739	0.00623	0.00185	0.00872	0.00526	0.00530	0.00966
88	0.01601	0.01596	0.02436	0.16420	0.55171	0.07643	0.01888	0.01974	0.01470	0.01986	0.01185	0.01585	0.00979	0.00596	0.00636	0.00194	0.00817	0.00562	0.00315	0.00947
89	0.02882	0.01126	0.01516	0.01162	0.01663	0.00989	0.00960	0.05708	0.01894	0.71086	0.02512	0.02175	0.01581	0.00799	0.00650	0.00200	0.00556	0.00647	0.00794	0.01100
90	0.81856	0.01250	0.00950	0.00850	0.01250	0.01449	0.00700	0.01899	0.01100	0.02899	0.00900	0.01050	0.00700	0.00600	0.00400	0.00200	0.00500	0.00350	0.00400	0.00700
91	0.01394	0.02920	0.59719	0.05278	0.04735	0.01442	0.04400	0.02068	0.01413	0.06389	0.03472	0.01557	0.01042	0.00645	0.00628	0.00205	0.00905	0.00526	0.00322	0.00941
92	0.00787	0.00562	0.00750	0.00900	0.00937	0.00525	0.00600	0.00900	0.01237	0.01649	0.03561	0.76871	0.04274	0.02024	0.00825	0.00262	0.00375	0.01837	0.00600	0.00525
93	0.00799	0.00571	0.00763	0.00913	0.00956	0.00535	0.00620	0.00920	0.01249	0.01663	0.03555	0.73648	0.04248	0.02013	0.00828	0.00264	0.00385	0.04944	0.00600	0.00528
94	0.00940	0.00626	0.00705	0.00705	0.00705	0.00626	0.00392	0.00940	0.00940	0.01253	0.02036	0.04228	0.02349	0.77292	0.03289	0.00626	0.00626	0.00940	0.00392	0.00392
95	0.01340	0.01148	0.01340	0.00957	0.01531	0.00861	0.00766	0.01627	0.01340	0.02105	0.01148	0.01340	0.00957	0.00479	0.00479	0.00096	0.00479	0.00383	0.00383	0.81242
96	0.01296	0.03342	0.73944	0.01842	0.02797	0.01501	0.02387	0.02046	0.01364	0.02046	0.01160	0.01364	0.00818	0.00614	0.00614	0.00205	0.00955	0.00477	0.00273	0.00955
97	0.00940	0.00626	0.00705	0.00705	0.00705	0.00626	0.00392	0.00940	0.00940	0.01253	0.02036	0.04228	0.02349	0.77292	0.03289	0.00626	0.00626	0.00940	0.00392	0.00392
98	0.02771	0.01088	0.01456	0.01131	0.01609	0.00959	0.00929	0.03084	0.04543	0.67661	0.02532	0.02217	0.01616	0.00801	0.00641	0.00198	0.00537	0.00651	0.04503	0.01074
99	0.00787	0.00562	0.00750	0.00900	0.00937	0.00525	0.00600	0.00900	0.01237	0.01649	0.03561	0.76871	0.04274	0.02024	0.00825	0.00262	0.00375	0.01837	0.00600	0.00525
100	0.02899	0.01100	0.01499	0.01150	0.01649	0.00950	0.00950	0.03149	0.01849	0.73709	0.02549	0.02199	0.01599	0.00800	0.00650	0.00200	0.00550	0.00650	0.00800	0.01100
101	0.01041	0.00744	0.01041	0.01190	0.01339	0.00744	0.01041	0.01339	0.01487	0.01934	0.03421	0.07288	0.03719	0.01785	0.00892	0.00297	0.00595	0.68913	0.00595	0.00595
102	0.01425	0.01381	0.01912	0.01641	0.01672	0.01899	0.01363	0.04542	0.01082	0.01660	0.00940	0.01498	0.00912	0.01374	0.07113	0.00331	0.67662	0.00575	0.00303	0.00715
103	0.00787	0.00562	0.00750	0.00900	0.00937	0.00525	0.00600	0.00900	0.01237	0.01649	0.03561	0.76871	0.04274	0.02024	0.00825	0.00262	0.00375	0.01837	0.00600	0.00525
104	0.00878	0.00659	0.00813	0.00775	0.00943	0.00594	0.00581	0.01149	0.01743	0.02387	0.56890	0.05163	0.22255	0.01397	0.00762	0.00207	0.00310	0.01216	0.00684	0.00594
105	0.02414	0.03079	0.01831	0.01665	0.01998	0.74698	0.01248	0.02580	0.01831	0.01581	0.00999	0.01165	0.00832	0.00666	0.00583	0.00166	0.01165	0.00416	0.00333	0.00749
106	0.08559	0.30499	0.10315	0.01502	0.05101	0.13026	0.03980	0.10639	0.06954	0.02152	0.01183	0.01312	0.00952	0.00633	0.00531	0.00173	0.00783	0.00455	0.00373	0.00878
107	0.00909	0.00656	0.00859	0.00817	0.00964	0.00606	0.00609	0.01205	0.01803	0.02549	0.69830	0.08037	0.06015	0.01352	0.00765	0.00206	0.00308	0.01198	0.00706	0.00606
108	0.00784	0.00573	0.00739	0.00871	0.00930	0.00527	0.00587	0.00903	0.01265	0.01661	0.03909	0.68639	0.12281	0.01979	0.00818	0.00257	0.00369	0.01782	0.00600	0.00527
109	0.01457	0.01598	0.03340	0.04640	0.08872	0.01540	0.54937	0.01934	0.01471	0.02008	0.01468	0.08028	0.01252	0.00696	0.00804	0.00222	0.03719	0.00825	0.00346	0.00845
110	0.81856	0.01250	0.00950	0.00850	0.01250	0.01449	0.00700	0.01899	0.01100	0.02899	0.00900	0.01050	0.00700	0.00600	0.00400	0.00200	0.00500	0.00350	0.00400	0.00700
111	0.05403	0.67917	0.09180	0.01155	0.01735	0.02417	0.01194	0.01942	0.01307	0.01628	0.00920	0.01065	0.00822	0.00560	0.00431	0.00147	0.00704	0.00357	0.00282	0.00834
112	0.02198	0.01695	0.01959	0.07735	0.02227	0.01887	0.04356	0.53221	0.12000	0.03598	0.01650	0.01688	0.01190	0.00768	0.00653	0.00200	0.00714	0.00609	0.00604	0.01047
113	0.00784	0.00655	0.00683	0.00676	0.00885	0.00554	0.00507	0.00967	0.01522	0.01861	0.15631	0.06028	0.63842	0.01593	0.00763	0.00216	0.00324	0.01337	0.00615	0.00554
114	0.01340	0.01148	0.01340	0.00957	0.01531	0.00861	0.00766	0.01627	0.01340	0.02105	0.01148	0.01340	0.00957	0.00479	0.00479	0.00096	0.00479	0.00383	0.00383	0.81242
115	0.00993	0.00785	0.01151	0.07305	0.01417	0.00939	0.00887	0.01202	0.01042	0.01484	0.01646	0.02600	0.01584	0.13971	0.52479	0.00847	0.08046	0.00705	0.00342	0.00575
116	0.01502	0.15608	0.56059	0.01660	0.02510	0.01631	0.02052	0.02120	0.01396	0.07958	0.01232	0.01379	0.00886	0.00619	0.00583	0.00193	0.00877	0.00470	0.00318	0.00946
117	0.00792	0.00564	0.00748	0.00893	0.00930	0.00528	0.00593	0.00901	0.01227	0.01637	0.03512	0.74530	0.04211	0.04450	0.00904	0.00274	0.00383	0.01808	0.00593	0.00521
118	0.01801	0.57251	0.04888	0.01262	0.01815	0.06530	0.04374	0.08703	0.01523	0.01836	0.01004	0.01148	0.00868	0.00579	0.00471	0.00149	0.00736	0.00397	0.00323	0.04341
119	0.01894	0.01501	0.01616	0.01330	0.01764	0.01655	0.01066	0.31301	0.33151	0.03157	0.02117	0.02058	0.03213	0.00958	0.03235	0.00227	0.00630	0.00653	0.00617	0.07858
120	0.01560	0.01495	0.02552	0.11393	0.66142	0.01525	0.01963	0.01949	0.01453	0.02063	0.01208	0.01612	0.01007	0.00583	0.00640	0.00194	0.00777	0.00576	0.00316	0.00992
121	0.01413	0.01189	0.01280	0.01167	0.01482	0.01324	0.00907	0.04383	0.50021	0.02584	0.13035	0.03330	0.10905	0.01054	0.00692	0.00219	0.00468	0.02993	0.00656	0.00897
122	0.01580	0.01516	0.02588	0.07606	0.69772	0.01530	0.01973	0.01966	0.01462	0.02088	0.01212	0.01605	0.01015	0.00579	0.00640	0.00193	0.00772	0.00576	0.00318	0.01008
123	0.02450	0.02930	0.01806	0.01626	0.01971	0.69128	0.01226	0.02623	0.01832	0.07029	0.01116	0.01243	0.00890	0.00676	0.00588	0.00169	0.01119	0.00434	0.00368	0.00776
124	0.01315	0.06655	0.70801	0.01809	0.02746	0.01548	0.02330	0.02041	0.01362	0.02023	0.01148	0.01350	0.00819	0.00611	0.00605	0.00202	0.00943	0.00472	0.00273	0.00949
125	0.00904	0.00660	0.00849	0.00802	0.00959	0.00605	0.00601	0.01199	0.01804	0.02532	0.68282	0.04924	0.10772	0.01343	0.00762	0.00204	0.00306	0.01182	0.00703	0.00605
126	0.05035	0.01968	0.04579	0.01447	0.01936	0.16794	0.01203	0.38047	0.02417	0.17779	0.01606	0.01582	0.01123	0.00746	0.00625	0.00190	0.00774	0.00550	0.00591	0.01008
127	0.10269	0.01796	0.01838	0.01440	0.01917	0.05187	0.01184	0.58518	0.02713	0.03748	0.01435	0.01479	0.01038	0.00767	0.00676	0.00197	0.03626	0.00551	0.00594	0.01029
128	0.00940	0.00626	0.00705	0.00705	0.00705	0.00626	0.00392	0.00940	0.00940	0.01253	0.02036	0.04228	0.02349	0.77292	0.03289	0.00626	0.00626	0.00940	0.00392	0.00392
129	0.00829	0.00657	0.00745	0.00723	0.00913	0.00573	0.00543	0.01054	0.01628	0.02113	0.35380	0.05614	0.43936	0.01499	0.00763	0.00212	0.00318	0.01279	0.00648	0.00573
130	0.01753	0.74871	0.03327	0.01127	0.01671	0.05274	0.01111	0.01959	0.01332	0.01522	0.00902	0.01041	0.00829	0.00557	0.00421	0.00139	0.00709	0.00348	0.00279	0.00826
131	0.02508	0.01027	0.01409	0.04557	0.01671	0.00912	0.00934	0.02755	0.01761	0.59578	0.05402	0.08643	0.03958	0.00939	0.00672	0.00207	0.00534	0.00786	0.00750	0.00999
132	0.00764	0.00655	0.00655	0.00655	0.00873	0.00545	0.00491	0.00927	0.01473	0.01745	0.06546	0.06218	0.73000	0.01636	0.00764	0.00218	0.00327	0.01364	0.00600	0.00545
133	0.02415	0.03047	0.01834	0.01660	0.01998	0.72842	0.01248	0.04330	0.01862	0.01645	0.01013	0.01175	0.00839	0.00669	0.00584	0.00167	0.01154	0.00420	0.00341	0.00758
134	0.00977	0.00692	0.00843	0.00874	0.00959	0.00680	0.00598	0.05657	0.01362	0.01829	0.12267	0.33221	0.05651	0.25746	0.01590	0.00366	0.00479	0.05120	0.00551	0.00537
135	0.05312	0.01796	0.01856	0.01474	0.01925	0.06592	0.01213	0.56443	0.02685	0.03609	0.01533	0.01765	0.01172	0.00831	0.00738	0.00203	0.05523	0.03726	0.00591	0.01013
136	0.00829	0.00650	0.00719	0.00711	0.00898	0.00566	0.00530	0.01038	0.01563	0.02022	0.26002	0.08911	0.46780	0.01522	0.00752	0.00213	0.00322	0.01294	0.04113	0.00566
137	0.12811	0.01142	0.01410	0.01110	0.01568	0.01076	0.00912	0.08763	0.01855	0.52163	0.08551	0.02230	0.01843	0.00819	0.00627	0.00200	0.00536	0.00652	0.00727	0.01004
138	0.06954	0.05183	0.01799	0.04089	0.01929	0.18918	0.01144	0.30425	0.04862	0.13825	0.01548	0.01622	0.01138	0.02871	0.00682	0.00200	0.00776	0.00545	0.00546	0.00945

[dist]
# distance from previous block
# <min> <max>
1	8

[block]
# block no. 2 follows, 34 sequences, length 10
# corresponding to MSA columns:
# 911-920
name=unknown_C
#
# <colnr> <probs for GDERKNQSTAVLIFYWHMCP>
#	G	D	E	R	K	N	Q	S	T	A	V	L	I	F	Y	W	H	M	C	P
0	0.08144	0.04951	0.05261	0.02263	0.22099	0.03843	0.14598	0.02289	0.06571	0.15037	0.01589	0.01858	0.01216	0.00669	0.00634	0.00197	0.00748	0.02646	0.00446	0.04942
1	0.01766	0.01317	0.01700	0.01318	0.01794	0.03456	0.09447	0.06745	0.14901	0.15331	0.01845	0.04439	0.01448	0.04133	0.00730	0.00191	0.00612	0.00631	0.00527	0.27670
2	0.01655	0.01470	0.02244	0.26946	0.37926	0.04675	0.01769	0.07160	0.01569	0.06508	0.01292	0.01654	0.01003	0.00631	0.00640	0.00199	0.00798	0.00573	0.00364	0.00922
3	0.01607	0.01388	0.01461	0.01315	0.01680	0.01607	0.01023	0.03433	0.72094	0.02703	0.02630	0.02411	0.01972	0.00877	0.00657	0.00219	0.00511	0.00731	0.00657	0.01023
4	0.01340	0.01148	0.01340	0.00957	0.01531	0.00861	0.00766	0.01627	0.01340	0.02105	0.01148	0.01340	0.00957	0.00479	0.00479	0.00096	0.00479	0.00383	0.00383	0.81242
5	0.00940	0.00626	0.00705	0.00705	0.00705	0.00626	0.00392	0.00940	0.00940	0.01253	0.02036	0.04228	0.02349	0.77292	0.03289	0.00626	0.00626	0.00940	0.00392	0.00392
6	0.01727	0.77681	0.03386	0.01106	0.01658	0.02557	0.01106	0.01935	0.01313	0.01520	0.00898	0.01036	0.00829	0.00553	0.00415	0.00138	0.00691	0.00345	0.00276	0.00829
7	0.01724	0.28826	0.26157	0.01625	0.02293	0.09781	0.09882	0.06375	0.01537	0.04540	0.01144	0.01316	0.00889	0.00607	0.00562	0.00178	0.00872	0.00472	0.00329	0.00893
8	0.00839	0.00595	0.00786	0.00901	0.00946	0.00578	0.00615	0.00956	0.01193	0.01596	0.03171	0.55027	0.03727	0.13748	0.07168	0.00383	0.00538	0.06173	0.00547	0.00513
9	0.01138	0.00939	0.01027	0.01032	0.01231	0.03277	0.00796	0.01767	0.20567	0.02014	0.06324	0.13036	0.17122	0.09524	0.01035	0.00283	0.00504	0.17119	0.00588	0.00677

[dist]
# distance from previous block
# <min> <max>
1	7

[block]
# block no. 3 follows, 34 sequences, length 19
# corresponding to MSA columns:
# 928-946
name=unknown_D
#
# <colnr> <probs for GDERKNQSTAVLIFYWHMCP>
#	G	D	E	R	K	N	Q	S	T	A	V	L	I	F	Y	W	H	M	C	P
0	0.00896	0.00708	0.01080	0.01097	0.01222	0.00665	0.07311	0.01085	0.01333	0.01767	0.05898	0.53752	0.07529	0.01806	0.00823	0.00259	0.00469	0.11153	0.00577	0.00572
1	0.01468	0.01596	0.03302	0.02498	0.05893	0.01519	0.55149	0.01954	0.01489	0.02041	0.01478	0.02228	0.01235	0.00682	0.00807	0.00220	0.03878	0.07176	0.00353	0.05034
2	0.01410	0.01198	0.01577	0.01154	0.01710	0.00958	0.07434	0.03357	0.01419	0.04064	0.01329	0.01716	0.01124	0.00569	0.00536	0.00123	0.00550	0.04002	0.00406	0.65363
3	0.01712	0.01768	0.03467	0.02507	0.03125	0.06253	0.59828	0.02205	0.01575	0.08817	0.01405	0.01749	0.01029	0.00577	0.00740	0.00213	0.01043	0.00730	0.00372	0.00885
4	0.07739	0.01347	0.01478	0.01294	0.06182	0.05497	0.00953	0.06918	0.11917	0.11102	0.01632	0.04443	0.01297	0.00681	0.00561	0.00158	0.00565	0.00547	0.00495	0.35194
5	0.09201	0.01375	0.01413	0.01271	0.01639	0.01592	0.00992	0.03288	0.65376	0.02721	0.02466	0.02282	0.01852	0.00850	0.00633	0.00217	0.00510	0.00694	0.00633	0.00992
6	0.76525	0.01239	0.00987	0.00870	0.01277	0.01416	0.00717	0.01984	0.01150	0.07681	0.01011	0.01127	0.00761	0.00613	0.00417	0.00200	0.00503	0.00370	0.00427	0.00727
7	0.01241	0.00825	0.01012	0.00983	0.01131	0.00844	0.00734	0.09638	0.01424	0.06232	0.02581	0.11377	0.05017	0.29541	0.09494	0.00471	0.00707	0.15632	0.00514	0.00602
8	0.00970	0.00717	0.00945	0.01061	0.01220	0.00691	0.00903	0.01231	0.01474	0.01881	0.04112	0.09846	0.18926	0.01762	0.00862	0.00279	0.00527	0.51416	0.00596	0.00581
9	0.01340	0.01148	0.01340	0.00957	0.01531	0.00861	0.00766	0.01627	0.01340	0.02105	0.01148	0.01340	0.00957	0.00479	0.00479	0.00096	0.00479	0.00383	0.00383	0.81242
10	0.01595	0.01601	0.02955	0.02162	0.02731	0.02973	0.45060	0.07740	0.03279	0.04023	0.01467	0.04024	0.01181	0.00657	0.00739	0.00202	0.02591	0.02313	0.00394	0.12312
11	0.01483	0.01270	0.01348	0.01238	0.01565	0.01446	0.00953	0.03055	0.61470	0.02551	0.02951	0.09290	0.06501	0.01025	0.00679	0.00223	0.00488	0.00868	0.00649	0.00949
12	0.02456	0.01810	0.01939	0.01487	0.02004	0.02004	0.01228	0.71107	0.03038	0.04072	0.01551	0.01551	0.01099	0.00776	0.00646	0.00194	0.00711	0.00582	0.00646	0.01099
13	0.00940	0.00626	0.00705	0.00705	0.00705	0.00626	0.00392	0.00940	0.00940	0.01253	0.02036	0.04228	0.02349	0.77292	0.03289	0.00626	0.00626	0.00940	0.00392	0.00392
14	0.81856	0.01250	0.00950	0.00850	0.01250	0.01449	0.00700	0.01899	0.01100	0.02899	0.00900	0.01050	0.00700	0.00600	0.00400	0.00200	0.00500	0.00350	0.00400	0.00700
15	0.09364	0.00865	0.01037	0.01033	0.01254	0.00875	0.00842	0.03800	0.05823	0.08323	0.12151	0.07924	0.08855	0.06530	0.00932	0.00273	0.00514	0.28334	0.00600	0.00672
16	0.01317	0.01169	0.01589	0.01173	0.01708	0.00929	0.09180	0.01624	0.01360	0.02066	0.01395	0.06422	0.01261	0.00628	0.00548	0.00128	0.00549	0.02729	0.00397	0.63828
17	0.01542	0.00904	0.01266	0.01115	0.01407	0.00809	0.04896	0.03824	0.01520	0.21294	0.04821	0.33850	0.02854	0.01334	0.00726	0.00220	0.00499	0.05374	0.00614	0.11131
18	0.01500	0.01598	0.03413	0.02478	0.03063	0.01495	0.61119	0.01990	0.01508	0.04678	0.01584	0.09460	0.01341	0.00706	0.00765	0.00222	0.00996	0.00868	0.00372	0.00844

[dist]
# distance from previous block
# <min> <max>
89	352

[block]
# block no. 4 follows, 34 sequences, length 17
# corresponding to MSA columns:
# 1464-1480
name=unknown_E
#
# <colnr> <probs for GDERKNQSTAVLIFYWHMCP>
#	G	D	E	R	K	N	Q	S	T	A	V	L	I	F	Y	W	H	M	C	P
0	0.06438	0.01163	0.01411	0.01174	0.01563	0.01152	0.04339	0.09177	0.15640	0.11566	0.07084	0.02981	0.05966	0.04581	0.00777	0.00217	0.00549	0.08152	0.00573	0.15496
1	0.26107	0.03757	0.01451	0.01137	0.01531	0.03957	0.05789	0.08743	0.02957	0.10863	0.03642	0.05165	0.01485	0.08592	0.00838	0.00234	0.00601	0.02330	0.00485	0.10335
2	0.00799	0.00571	0.00760	0.00892	0.00940	0.00533	0.00601	0.00929	0.01292	0.01737	0.10015	0.70167	0.04443	0.01959	0.00819	0.00257	0.00368	0.01775	0.00610	0.00533
3	0.01533	0.01675	0.03490	0.04945	0.03212	0.01604	0.60966	0.04898	0.03860	0.02178	0.03989	0.01869	0.01201	0.00597	0.00751	0.00216	0.01019	0.00763	0.00363	0.00871
4	0.01907	0.01526	0.01682	0.01276	0.01804	0.06561	0.03817	0.23879	0.04858	0.08187	0.01439	0.01520	0.01085	0.00629	0.00571	0.00150	0.00633	0.00498	0.00503	0.37475
5	0.01641	0.01822	0.03569	0.02577	0.03203	0.05727	0.62094	0.06995	0.01649	0.02185	0.01307	0.01697	0.00981	0.00568	0.00744	0.00213	0.01067	0.00730	0.00350	0.00881
6	0.01999	0.01244	0.01659	0.04246	0.01874	0.01099	0.06029	0.08808	0.03567	0.26996	0.01721	0.01730	0.01217	0.00640	0.00586	0.00158	0.00586	0.00538	0.00551	0.34753
7	0.01607	0.01388	0.01461	0.01315	0.01680	0.01607	0.01023	0.03433	0.72094	0.02703	0.02630	0.02411	0.01972	0.00877	0.00657	0.00219	0.00511	0.00731	0.00657	0.01023
8	0.81856	0.01250	0.00950	0.00850	0.01250	0.01449	0.00700	0.01899	0.01100	0.02899	0.00900	0.01050	0.00700	0.00600	0.00400	0.00200	0.00500	0.00350	0.00400	0.00700
9	0.00930	0.00660	0.00874	0.00871	0.00936	0.00711	0.00604	0.01061	0.01050	0.01465	0.06919	0.03469	0.02267	0.37534	0.37003	0.00792	0.01128	0.00839	0.00393	0.00495
10	0.00794	0.00568	0.00763	0.00906	0.00947	0.00538	0.00610	0.00912	0.01228	0.01642	0.03475	0.73387	0.04149	0.02157	0.04288	0.00299	0.00438	0.01783	0.00588	0.00527
11	0.01340	0.01148	0.01340	0.00957	0.01531	0.00861	0.00766	0.01627	0.01340	0.02105	0.01148	0.01340	0.00957	0.00479	0.00479	0.00096	0.00479	0.00383	0.00383	0.81242
12	0.01470	0.01166	0.01363	0.00996	0.01539	0.00933	0.00799	0.06605	0.01512	0.05700	0.05239	0.01590	0.01284	0.00562	0.00514	0.00114	0.00489	0.00453	0.00440	0.67233
13	0.02497	0.01744	0.01898	0.01455	0.01971	0.01906	0.01202	0.64784	0.02927	0.10551	0.01644	0.01612	0.01145	0.00778	0.00647	0.00194	0.00696	0.00588	0.00661	0.01099
14	0.17341	0.02476	0.01881	0.01605	0.02001	0.46458	0.08420	0.08774	0.01773	0.02113	0.01064	0.01240	0.00848	0.00651	0.00573	0.00181	0.00989	0.00455	0.00374	0.00785
15	0.00940	0.00626	0.00705	0.00705	0.00705	0.00626	0.00392	0.00940	0.00940	0.01253	0.02036	0.04228	0.02349	0.77292	0.03289	0.00626	0.00626	0.00940	0.00392	0.00392
16	0.02269	0.02285	0.01866	0.01578	0.01970	0.40889	0.06700	0.10071	0.06294	0.12432	0.06144	0.01721	0.01401	0.00744	0.00630	0.00184	0.00924	0.00565	0.00479	0.00855

[dist]
# distance from previous block
# <min> <max>
0	1

[block]
# block no. 5 follows, 34 sequences, length 24
# corresponding to MSA columns:
# 1482-1505
name=unknown_F
#
# <colnr> <probs for GDERKNQSTAVLIFYWHMCP>
#	G	D	E	R	K	N	Q	S	T	A	V	L	I	F	Y	W	H	M	C	P
0	0.01737	0.01110	0.01354	0.01011	0.01529	0.00893	0.00813	0.02068	0.03937	0.21302	0.06475	0.01844	0.01515	0.00636	0.00550	0.00135	0.00487	0.00520	0.00526	0.51558
1	0.01604	0.01356	0.01437	0.01279	0.01639	0.01548	0.00998	0.08213	0.60904	0.02765	0.06392	0.02604	0.04539	0.00918	0.00666	0.00216	0.00509	0.00764	0.00658	0.00990
2	0.01958	0.01002	0.01489	0.01370	0.05350	0.00919	0.05389	0.02246	0.01678	0.35918	0.08471	0.06905	0.02621	0.01149	0.00743	0.00232	0.00581	0.20436	0.00670	0.00872
3	0.01340	0.01148	0.01340	0.00957	0.01531	0.00861	0.00766	0.01627	0.01340	0.02105	0.01148	0.01340	0.00957	0.00479	0.00479	0.00096	0.00479	0.00383	0.00383	0.81242
4	0.00787	0.00562	0.00750	0.00900	0.00937	0.00525	0.00600	0.00900	0.01237	0.01649	0.03561	0.76871	0.04274	0.02024	0.00825	0.00262	0.00375	0.01837	0.00600	0.00525
5	0.01808	0.01353	0.01723	0.01403	0.01814	0.01434	0.08917	0.17839	0.27188	0.11337	0.10482	0.02705	0.05184	0.00918	0.00690	0.00212	0.00597	0.02809	0.00636	0.00951
6	0.02899	0.01100	0.01499	0.01150	0.01649	0.00950	0.00950	0.03149	0.01849	0.73709	0.02549	0.02199	0.01599	0.00800	0.00650	0.00200	0.00550	0.00650	0.00800	0.01100
7	0.01525	0.01743	0.03813	0.02723	0.03377	0.01634	0.70915	0.02070	0.01525	0.02070	0.01307	0.01743	0.00980	0.00545	0.00763	0.00218	0.01089	0.00763	0.00327	0.00871
8	0.01599	0.01535	0.02623	0.03966	0.73262	0.01535	0.01983	0.01983	0.01471	0.02111	0.01215	0.01599	0.01023	0.00576	0.00640	0.00192	0.00768	0.00576	0.00320	0.01023
9	0.01607	0.01388	0.01461	0.01315	0.01680	0.01607	0.01023	0.03433	0.72094	0.02703	0.02630	0.02411	0.01972	0.00877	0.00657	0.00219	0.00511	0.00731	0.00657	0.01023
10	0.81856	0.01250	0.00950	0.00850	0.01250	0.01449	0.00700	0.01899	0.01100	0.02899	0.00900	0.01050	0.00700	0.00600	0.00400	0.00200	0.00500	0.00350	0.00400	0.00700
11	0.00937	0.00632	0.00736	0.00748	0.00761	0.00635	0.00446	0.00964	0.00979	0.01308	0.02141	0.07234	0.02450	0.67767	0.06386	0.00617	0.00666	0.03771	0.00406	0.00414
12	0.81856	0.01250	0.00950	0.00850	0.01250	0.01449	0.00700	0.01899	0.01100	0.02899	0.00900	0.01050	0.00700	0.00600	0.00400	0.00200	0.00500	0.00350	0.00400	0.00700
13	0.02290	0.02879	0.01922	0.01709	0.02025	0.65361	0.04002	0.02469	0.01744	0.01598	0.00997	0.01210	0.00840	0.00702	0.00726	0.00179	0.07825	0.00443	0.00328	0.00750
14	0.02414	0.03079	0.01831	0.01665	0.01998	0.74698	0.01248	0.02580	0.01831	0.01581	0.00999	0.01165	0.00832	0.00666	0.00583	0.00166	0.01165	0.00416	0.00333	0.00749
15	0.01368	0.15696	0.62219	0.01719	0.02607	0.01676	0.02174	0.02028	0.01356	0.01959	0.01116	0.01310	0.00820	0.00604	0.00581	0.00194	0.00911	0.00456	0.00273	0.00934
16	0.00770	0.00628	0.00682	0.00725	0.00891	0.00540	0.00522	0.00919	0.01405	0.01718	0.05692	0.26432	0.53337	0.01747	0.00781	0.00231	0.00341	0.01499	0.00600	0.00540
17	0.00923	0.00692	0.01038	0.01038	0.01154	0.00808	0.00808	0.01154	0.01038	0.01500	0.01731	0.02538	0.01615	0.04846	0.74732	0.01038	0.01731	0.00692	0.00346	0.00577
18	0.02254	0.01680	0.01714	0.01398	0.01849	0.07981	0.01124	0.33833	0.24338	0.13905	0.01991	0.01884	0.01424	0.00801	0.00645	0.00200	0.00663	0.00624	0.00646	0.01045
19	0.01578	0.01728	0.03372	0.02558	0.06841	0.04015	0.54170	0.04682	0.01543	0.02097	0.01261	0.01668	0.00972	0.00599	0.00833	0.00213	0.06527	0.00704	0.00338	0.04300
20	0.02370	0.01632	0.01744	0.03254	0.01917	0.06361	0.01139	0.39218	0.11574	0.19121	0.03732	0.01872	0.01431	0.00798	0.00647	0.00198	0.00672	0.00621	0.00654	0.01044
21	0.02311	0.02779	0.01747	0.01575	0.01914	0.63139	0.01189	0.04728	0.04712	0.04019	0.01425	0.01528	0.04720	0.00733	0.00599	0.00173	0.01060	0.00492	0.00385	0.00772
22	0.00923	0.00626	0.00742	0.00780	0.00800	0.00620	0.00484	0.00968	0.01038	0.01379	0.02413	0.16573	0.02791	0.58071	0.02666	0.00537	0.00582	0.07132	0.00444	0.00432
23	0.28115	0.03937	0.01334	0.01070	0.01482	0.07640	0.00864	0.04424	0.10152	0.20152	0.03883	0.02022	0.06602	0.00782	0.00558	0.00193	0.00565	0.00581	0.00550	0.05095

[dist]
# distance from previous block
# <min> <max>
5	12

[block]
# block no. 6 follows, 34 sequences, length 21
# corresponding to MSA columns:
# 1519-1539
name=unknown_G
#
# <colnr> <probs for GDERKNQSTAVLIFYWHMCP>
#	G	D	E	R	K	N	Q	S	T	A	V	L	I	F	Y	W	H	M	C	P
0	0.01804	0.23958	0.20978	0.01681	0.06661	0.14713	0.03440	0.10649	0.06505	0.02113	0.01214	0.01356	0.00955	0.00639	0.00564	0.00178	0.00848	0.00473	0.00361	0.00907
1	0.01759	0.09196	0.24590	0.01686	0.02315	0.07214	0.11583	0.16792	0.05934	0.05426	0.06092	0.01736	0.01350	0.00706	0.00635	0.00196	0.00829	0.00591	0.00438	0.00933
2	0.01660	0.66001	0.14472	0.01221	0.01837	0.02391	0.01307	0.01952	0.01321	0.01603	0.00939	0.01088	0.00828	0.00562	0.00446	0.00149	0.00732	0.00366	0.00276	0.00849
3	0.01736	0.01451	0.04365	0.08552	0.15206	0.01478	0.03432	0.20855	0.13730	0.06681	0.10070	0.02369	0.05514	0.00839	0.00669	0.00203	0.00647	0.00718	0.00546	0.00941
4	0.00774	0.00636	0.00681	0.00709	0.00889	0.00544	0.00517	0.00932	0.01438	0.01756	0.08246	0.20331	0.56908	0.01703	0.00776	0.00227	0.00336	0.01452	0.00604	0.00544
5	0.01946	0.01476	0.01596	0.01343	0.01751	0.01648	0.01068	0.28693	0.37462	0.07200	0.02281	0.06974	0.01774	0.00910	0.00664	0.00211	0.00580	0.00743	0.00658	0.01023
6	0.01619	0.08548	0.01693	0.05483	0.01825	0.04908	0.00986	0.11593	0.13135	0.02368	0.01415	0.01529	0.01119	0.00610	0.00540	0.00144	0.00591	0.00476	0.00446	0.40972
7	0.01369	0.07592	0.63379	0.01846	0.02740	0.03811	0.06406	0.02057	0.01385	0.02003	0.01148	0.01362	0.00829	0.00608	0.00610	0.00200	0.00954	0.00485	0.00278	0.00936
8	0.01296	0.03342	0.73944	0.01842	0.02797	0.01501	0.02387	0.02046	0.01364	0.02046	0.01160	0.01364	0.00818	0.00614	0.00614	0.00205	0.00955	0.00477	0.00273	0.00955
