[name]
unknown

[dist]
# distance from previous block
# <min> <max>
0	110

[block]
# block no. 0 follows, 32 sequences, length 29
# corresponding to MSA columns:
# 110-138
name=unknown_A
#
# <colnr> <probs for GDERKNQSTAVLIFYWHMCP>
#	G	D	E	R	K	N	Q	S	T	A	V	L	I	F	Y	W	H	M	C	P
0	0.01427	0.01046	0.01095	0.01069	0.01286	0.07222	0.00799	0.04273	0.08576	0.10842	0.05149	0.30965	0.11917	0.02754	0.00808	0.00245	0.00518	0.05230	0.04055	0.00725
1	0.02284	0.01805	0.02017	0.01893	0.12903	0.06223	0.01340	0.42528	0.08949	0.06484	0.01647	0.01694	0.01210	0.00760	0.00658	0.00196	0.00736	0.00599	0.00592	0.05481
2	0.02296	0.01308	0.01521	0.01153	0.01694	0.05412	0.00933	0.04350	0.01733	0.37282	0.01918	0.01830	0.01322	0.00683	0.00597	0.00160	0.00584	0.00543	0.00617	0.34065
3	0.06520	0.01332	0.01598	0.01238	0.01742	0.01292	0.01018	0.21893	0.02186	0.42686	0.02463	0.02253	0.05727	0.00853	0.00661	0.00203	0.00599	0.00673	0.00735	0.04327
4	0.04151	0.01429	0.02365	0.35090	0.08424	0.05838	0.19044	0.01820	0.01437	0.01900	0.01535	0.11012	0.01374	0.00817	0.00712	0.00225	0.00891	0.00793	0.00359	0.00785
5	0.01004	0.00715	0.00883	0.03896	0.01186	0.00664	0.00690	0.01230	0.03295	0.06180	0.08813	0.34333	0.27920	0.01736	0.00810	0.00247	0.00414	0.04732	0.00631	0.00620
6	0.01267	0.01193	0.02013	0.74806	0.04621	0.01491	0.01863	0.01714	0.01342	0.01714	0.01193	0.01789	0.00894	0.00671	0.00671	0.00224	0.00894	0.00596	0.00298	0.00745
7	0.00821	0.00596	0.00776	0.00910	0.00969	0.00551	0.00614	0.00951	0.01331	0.01763	0.06892	0.67318	0.09957	0.02038	0.00849	0.00266	0.00382	0.01838	0.00628	0.00551
8	0.04478	0.07760	0.07664	0.12717	0.13166	0.01706	0.29078	0.02051	0.04295	0.02064	0.01422	0.01796	0.02769	0.00672	0.00784	0.00218	0.05456	0.00667	0.00346	0.00889
9	0.01562	0.01559	0.02373	0.26748	0.36594	0.07339	0.04378	0.01952	0.01497	0.01991	0.04094	0.01802	0.01199	0.00680	0.00725	0.00210	0.03444	0.00616	0.00338	0.00901
10	0.01794	0.76823	0.03516	0.01148	0.01722	0.02655	0.01148	0.02009	0.01363	0.01579	0.00933	0.01076	0.00861	0.00574	0.00431	0.00144	0.00718	0.00359	0.00287	0.00861
11	0.00815	0.00595	0.00767	0.00905	0.00965	0.00547	0.00610	0.00938	0.01313	0.01724	0.04057	0.67928	0.12259	0.02055	0.00849	0.00267	0.00384	0.01851	0.00623	0.00547
12	0.04224	0.24199	0.20301	0.01677	0.06410	0.07004	0.04972	0.02292	0.04524	0.11147	0.01447	0.01716	0.01142	0.00715	0.00642	0.00195	0.03062	0.02999	0.00400	0.00931
13	0.02278	0.06097	0.06433	0.01555	0.02006	0.14816	0.01326	0.29062	0.06934	0.10757	0.01544	0.01616	0.01145	0.00820	0.00844	0.00208	0.10460	0.00569	0.00537	0.00993
14	0.00822	0.00606	0.00770	0.00887	0.00964	0.00554	0.00605	0.00961	0.01366	0.01795	0.08790	0.59913	0.15532	0.01988	0.00842	0.00261	0.00376	0.01781	0.00631	0.00554
15	0.01656	0.44899	0.30226	0.01472	0.02196	0.05725	0.01669	0.02087	0.01410	0.01793	0.01043	0.01214	0.00857	0.00604	0.00519	0.00172	0.00848	0.00415	0.00288	0.00907
16	0.00840	0.00602	0.00779	0.00899	0.00966	0.00557	0.00612	0.00985	0.01365	0.01836	0.10512	0.62158	0.09394	0.01967	0.00835	0.00260	0.00377	0.01771	0.02727	0.00557
17	0.01492	0.01252	0.01446	0.01042	0.01633	0.00998	0.00837	0.07639	0.01545	0.02364	0.01229	0.01410	0.01007	0.00524	0.00512	0.00108	0.00518	0.00416	0.00421	0.73607
18	0.01533	0.01401	0.04715	0.01356	0.07432	0.01126	0.01029	0.08266	0.04576	0.02404	0.01305	0.01483	0.01053	0.00558	0.00541	0.00128	0.00567	0.00453	0.00425	0.59650
19	0.04143	0.01556	0.04491	0.01522	0.01940	0.04903	0.10440	0.06705	0.39065	0.02649	0.02286	0.02514	0.01792	0.00872	0.00678	0.00220	0.00659	0.04693	0.07921	0.00952
20	0.01201	0.00792	0.00967	0.00886	0.01110	0.00747	0.00677	0.01627	0.07849	0.09319	0.45317	0.04637	0.15778	0.01303	0.00755	0.00212	0.00363	0.01125	0.04627	0.00709
21	0.01679	0.01698	0.07844	0.03819	0.06434	0.06269	0.13377	0.12436	0.19041	0.02564	0.02003	0.09469	0.01677	0.00881	0.00689	0.00215	0.00744	0.00789	0.07448	0.00922
22	0.00911	0.00990	0.09823	0.01011	0.01231	0.00701	0.00861	0.01157	0.01441	0.01918	0.11967	0.39186	0.18601	0.01732	0.00812	0.00250	0.00460	0.05733	0.00594	0.00620
23	0.01677	0.21451	0.13193	0.04126	0.02152	0.10869	0.06981	0.05890	0.06243	0.01954	0.01295	0.01590	0.01075	0.01254	0.09905	0.00308	0.08286	0.00541	0.00357	0.00854
24	0.01318	0.01071	0.03769	0.01036	0.01342	0.01012	0.00833	0.04075	0.21801	0.07582	0.18578	0.07782	0.24534	0.01291	0.00746	0.00223	0.00446	0.01094	0.00669	0.00799
25	0.01406	0.01200	0.01530	0.01512	0.08785	0.04264	0.06872	0.08050	0.11981	0.04233	0.09928	0.14732	0.18097	0.01229	0.00742	0.00222	0.00569	0.01079	0.02769	0.00802
26	0.01862	0.04269	0.01731	0.14606	0.02219	0.07201	0.01208	0.20691	0.07770	0.08536	0.06416	0.02202	0.03530	0.01217	0.07085	0.00283	0.03641	0.00671	0.03971	0.00890
27	0.08526	0.01083	0.01253	0.01107	0.01409	0.01090	0.00852	0.15411	0.01757	0.10552	0.04785	0.29380	0.05593	0.01306	0.00763	0.00222	0.03273	0.01102	0.00604	0.09933
28	0.04879	0.12304	0.05066	0.01265	0.04254	0.04049	0.02835	0.01903	0.08682	0.02118	0.03561	0.10504	0.04073	0.00829	0.00588	0.00167	0.00589	0.00685	0.00444	0.31204

[dist]
# distance from previous block
# <min> <max>
1	7

[block]
# block no. 1 follows, 32 sequences, length 126
# corresponding to MSA columns:
# 146-271
name=unknown_B
#
# <colnr> <probs for GDERKNQSTAVLIFYWHMCP>
#	G	D	E	R	K	N	Q	S	T	A	V	L	I	F	Y	W	H	M	C	P
0	0.01695	0.10864	0.09868	0.04372	0.02089	0.06020	0.06844	0.16628	0.01802	0.02419	0.01663	0.08839	0.03506	0.00828	0.00679	0.00186	0.03128	0.00675	0.00445	0.17451
1	0.01642	0.01359	0.01549	0.01217	0.01711	0.06041	0.03017	0.07897	0.01632	0.06853	0.01622	0.02292	0.01420	0.00762	0.00649	0.00158	0.02882	0.09398	0.00471	0.47430
2	0.01257	0.01236	0.06945	0.12328	0.10866	0.01163	0.01234	0.06463	0.08069	0.02126	0.05062	0.26692	0.08829	0.01294	0.00794	0.00237	0.02984	0.01130	0.00515	0.00776
3	0.00905	0.00632	0.00804	0.00889	0.00991	0.00575	0.00618	0.01061	0.01426	0.04272	0.12946	0.52651	0.15951	0.01897	0.00831	0.00255	0.00378	0.01694	0.00645	0.00580
4	0.01429	0.03829	0.12118	0.13341	0.02436	0.10958	0.09834	0.01917	0.06671	0.01850	0.01634	0.07632	0.01459	0.03822	0.15472	0.00403	0.03316	0.00726	0.00377	0.00777
5	0.00832	0.00630	0.00770	0.00857	0.00970	0.00568	0.00604	0.00991	0.01429	0.01849	0.11265	0.45243	0.25510	0.01898	0.00833	0.00254	0.00375	0.03928	0.00634	0.00563
6	0.01436	0.01136	0.01540	0.15205	0.04362	0.01213	0.05215	0.06530	0.16320	0.06469	0.10370	0.05546	0.13193	0.04031	0.00819	0.00236	0.00598	0.00902	0.04062	0.00816
7	0.00898	0.00688	0.00765	0.00752	0.00958	0.00593	0.00561	0.01102	0.01611	0.04128	0.21885	0.10987	0.49446	0.01625	0.00794	0.00226	0.00345	0.01381	0.00657	0.00598
8	0.02079	0.01573	0.01810	0.03285	0.08413	0.03323	0.01228	0.34415	0.12701	0.07820	0.02065	0.04566	0.04263	0.01018	0.02916	0.00237	0.03609	0.00708	0.02957	0.01014
9	0.01369	0.01173	0.01364	0.00982	0.01564	0.00882	0.00784	0.01662	0.01397	0.02172	0.01405	0.01583	0.03682	0.00542	0.00508	0.00104	0.00491	0.00436	0.00406	0.77492
10	0.01754	0.70836	0.05970	0.04413	0.01892	0.02564	0.01228	0.02000	0.01364	0.01604	0.00954	0.01120	0.00862	0.00581	0.00449	0.00150	0.00735	0.00374	0.00287	0.00861
11	0.01312	0.06127	0.63475	0.01768	0.02672	0.01510	0.02243	0.02012	0.01425	0.02074	0.01713	0.01871	0.07451	0.00734	0.00644	0.00211	0.00920	0.00576	0.00315	0.00947
12	0.76195	0.01418	0.01044	0.00936	0.01347	0.06063	0.00763	0.02017	0.01190	0.02924	0.00941	0.01098	0.00735	0.00627	0.00427	0.00205	0.00563	0.00368	0.00411	0.00730
13	0.00991	0.00719	0.00965	0.00955	0.01073	0.00763	0.00706	0.01176	0.01151	0.01623	0.04716	0.03593	0.04898	0.23314	0.39584	0.00782	0.01207	0.05044	0.02679	0.04062
14	0.00959	0.00719	0.01078	0.01078	0.01198	0.00839	0.00839	0.01198	0.01078	0.01558	0.01797	0.02636	0.01677	0.05032	0.73760	0.01078	0.01797	0.00719	0.00359	0.00599
15	0.01879	0.04786	0.06193	0.14114	0.27866	0.12952	0.01650	0.04455	0.03215	0.10787	0.01522	0.04934	0.01232	0.00734	0.00656	0.00202	0.00832	0.00627	0.00418	0.00945
16	0.44199	0.09063	0.01572	0.03305	0.03685	0.03697	0.00999	0.08174	0.01378	0.02622	0.01134	0.04096	0.00978	0.00861	0.02338	0.00232	0.09979	0.00495	0.00410	0.00782
17	0.81159	0.01298	0.00986	0.00882	0.01298	0.01505	0.00727	0.01972	0.01142	0.03010	0.00934	0.01090	0.00727	0.00623	0.00415	0.00208	0.00519	0.00363	0.00415	0.00727
18	0.01717	0.01460	0.01960	0.11262	0.11876	0.01745	0.01439	0.12064	0.16588	0.05465	0.01592	0.01861	0.01263	0.01055	0.03966	0.00271	0.22389	0.00638	0.00464	0.00923
19	0.00953	0.00660	0.00758	0.00758	0.00795	0.00658	0.00458	0.00995	0.01048	0.01383	0.02618	0.04463	0.10285	0.61284	0.09646	0.00642	0.00722	0.01002	0.00427	0.00443
20	0.04389	0.01639	0.01958	0.12479	0.19078	0.12411	0.03614	0.09915	0.07967	0.02272	0.01680	0.04285	0.03452	0.01165	0.07443	0.00284	0.00898	0.00657	0.00427	0.03989
21	0.00976	0.00651	0.00732	0.00732	0.00732	0.00651	0.00407	0.00976	0.00976	0.01301	0.02114	0.04391	0.02439	0.76419	0.03415	0.00651	0.00651	0.00976	0.00407	0.00407
22	0.03963	0.07220	0.11296	0.01960	0.07888	0.21540	0.10153	0.20343	0.04817	0.02573	0.01328	0.01495	0.01015	0.00691	0.00642	0.00195	0.00939	0.00551	0.00434	0.00956
23	0.01079	0.00687	0.00878	0.00918	0.01061	0.00626	0.00666	0.01258	0.01490	0.09023	0.14609	0.38915	0.15237	0.04594	0.00920	0.00266	0.00414	0.06086	0.00653	0.00622
24	0.01519	0.10075	0.10376	0.01507	0.07059	0.01452	0.03403	0.08502	0.13537	0.04700	0.15342	0.05021	0.05216	0.05777	0.00906	0.00238	0.03165	0.00809	0.00531	0.00865
25	0.00970	0.00679	0.00754	0.00747	0.00795	0.00669	0.00448	0.01060	0.03153	0.01463	0.05143	0.04638	0.12047	0.61440	0.02887	0.00565	0.00593	0.01038	0.00456	0.00455
26	0.07032	0.02154	0.02067	0.07146	0.24459	0.29578	0.01504	0.08768	0.03851	0.02193	0.01324	0.04454	0.01126	0.00730	0.00635	0.00195	0.00916	0.00576	0.00395	0.00897
27	0.01640	0.42731	0.33382	0.01479	0.02231	0.02128	0.01717	0.02100	0.01405	0.04134	0.01106	0.01262	0.00882	0.00610	0.00528	0.00175	0.00831	0.00428	0.00303	0.00927
28	0.04522	0.01772	0.01664	0.01504	0.03892	0.18266	0.03226	0.09639	0.26210	0.07023	0.09982	0.02513	0.02119	0.00908	0.00680	0.00211	0.00718	0.03640	0.00586	0.00925
29	0.00959	0.00719	0.01078	0.01078	0.01198	0.00839	0.00839	0.01198	0.01078	0.01558	0.01797	0.02636	0.01677	0.05032	0.73760	0.01078	0.01797	0.00719	0.00359	0.00599
30	0.01391	0.01193	0.01391	0.00994	0.01590	0.00894	0.00795	0.01690	0.01391	0.02186	0.01193	0.01391	0.00994	0.00497	0.00497	0.00099	0.00497	0.00398	0.00398	0.80521
31	0.00872	0.00705	0.00790	0.00833	0.01039	0.00623	0.00667	0.01081	0.01534	0.01866	0.05904	0.06763	0.53220	0.01742	0.00830	0.00249	0.00416	0.19662	0.00622	0.00581
32	0.01423	0.16050	0.61036	0.01781	0.02701	0.01746	0.02251	0.02105	0.01407	0.02031	0.01158	0.01358	0.00852	0.00627	0.00602	0.00201	0.00945	0.00472	0.00284	0.00969
33	0.01508	0.01189	0.01403	0.01008	0.01599	0.00901	0.00809	0.01803	0.01429	0.07256	0.01297	0.01456	0.01042	0.00521	0.00510	0.00107	0.00502	0.00417	0.00429	0.74813
34	0.01391	0.01193	0.01391	0.00994	0.01590	0.00894	0.00795	0.01690	0.01391	0.02186	0.01193	0.01391	0.00994	0.00497	0.00497	0.00099	0.00497	0.00398	0.00398	0.80521
35	0.01507	0.01363	0.02117	0.09886	0.37348	0.01400	0.03593	0.06909	0.06275	0.02363	0.11231	0.02642	0.08758	0.00850	0.00700	0.00209	0.00687	0.00776	0.00459	0.00927
36	0.01035	0.00702	0.00921	0.00863	0.01032	0.00645	0.00648	0.01341	0.01876	0.05729	0.66126	0.07713	0.06051	0.01377	0.00789	0.00213	0.00331	0.01217	0.00738	0.00652
37	0.01446	0.01169	0.01713	0.06725	0.27154	0.01185	0.01289	0.01978	0.11189	0.07033	0.10766	0.10519	0.10290	0.01040	0.00711	0.00216	0.00584	0.00928	0.03193	0.00873
38	0.01190	0.00622	0.00647	0.00665	0.00802	0.00617	0.00484	0.01468	0.01376	0.02364	0.02360	0.11045	0.02061	0.03882	0.00629	0.00189	0.00335	0.00787	0.67870	0.00608
39	0.00969	0.00771	0.00928	0.03066	0.01213	0.03577	0.00773	0.01189	0.03453	0.01802	0.03657	0.52091	0.08168	0.01901	0.00845	0.00270	0.00479	0.13655	0.00604	0.00590
40	0.02122	0.05320	0.02224	0.02078	0.12844	0.35410	0.07694	0.06281	0.06760	0.04049	0.01301	0.01493	0.01040	0.00690	0.00677	0.00186	0.03191	0.00530	0.00399	0.05712
41	0.01511	0.01423	0.02337	0.22445	0.40640	0.01519	0.03836	0.02076	0.08612	0.02157	0.05670	0.01988	0.01436	0.00695	0.00679	0.00210	0.00777	0.00657	0.00384	0.00947
42	0.00803	0.00677	0.00696	0.00697	0.00914	0.00570	0.00521	0.00980	0.01544	0.01863	0.10643	0.08444	0.65975	0.01692	0.00795	0.00227	0.00340	0.01419	0.00630	0.00570
43	0.00966	0.00691	0.00935	0.00935	0.01006	0.00761	0.00660	0.01106	0.01036	0.01452	0.01928	0.03360	0.01992	0.34487	0.44735	0.00902	0.01324	0.00825	0.00379	0.00520
44	0.01468	0.01468	0.02055	0.01762	0.01762	0.02055	0.01468	0.01615	0.01028	0.01615	0.00881	0.01468	0.00881	0.01174	0.02202	0.00294	0.75191	0.00587	0.00294	0.00734
45	0.01391	0.01193	0.01391	0.00994	0.01590	0.00894	0.00795	0.01690	0.01391	0.02186	0.01193	0.01391	0.00994	0.00497	0.00497	0.00099	0.00497	0.00398	0.00398	0.80521
46	0.02506	0.03198	0.01901	0.01729	0.02074	0.73725	0.01296	0.02679	0.01901	0.01642	0.01037	0.01210	0.00864	0.00691	0.00605	0.00173	0.01210	0.00432	0.00346	0.00778
47	0.00793	0.00680	0.00680	0.00680	0.00906	0.00566	0.00510	0.00963	0.01529	0.01813	0.06797	0.06457	0.71961	0.01699	0.00793	0.00227	0.00340	0.01416	0.00623	0.00566
48	0.01844	0.71667	0.03403	0.01189	0.01747	0.07632	0.01158	0.02056	0.01401	0.01583	0.00940	0.01086	0.00861	0.00582	0.00443	0.00146	0.00752	0.00364	0.00291	0.00855
49	0.00923	0.00709	0.00921	0.03719	0.01186	0.00695	0.00706	0.01165	0.03513	0.01863	0.11786	0.34902	0.14009	0.03981	0.13146	0.00392	0.00644	0.01383	0.00568	0.03790
50	0.01925	0.21351	0.02891	0.02028	0.08644	0.16536	0.17689	0.09181	0.04338	0.02104	0.01219	0.01468	0.00993	0.00677	0.00733	0.00194	0.06205	0.00555	0.00370	0.00900
51	0.81159	0.01298	0.00986	0.00882	0.01298	0.01505	0.00727	0.01972	0.01142	0.03010	0.00934	0.01090	0.00727	0.00623	0.00415	0.00208	0.00519	0.00363	0.00415	0.00727
52	0.02066	0.02434	0.04914	0.07240	0.28761	0.36887	0.01664	0.04534	0.01747	0.01956	0.01157	0.01437	0.00950	0.00656	0.00635	0.00188	0.01011	0.00513	0.00346	0.00903
53	0.00868	0.00683	0.00784	0.00758	0.00952	0.00598	0.00569	0.01108	0.01707	0.02233	0.37957	0.05765	0.40539	0.01542	0.00792	0.00219	0.00329	0.01319	0.00678	0.00598
54	0.01251	0.00625	0.00625	0.00625	0.00782	0.00625	0.00469	0.01563	0.01407	0.02502	0.02189	0.02502	0.01720	0.00782	0.00469	0.00156	0.00313	0.00625	0.80144	0.00625
55	0.00818	0.00584	0.00779	0.00934	0.00973	0.00545	0.00623	0.00934	0.01285	0.01713	0.03698	0.75981	0.04438	0.02102	0.00856	0.00273	0.00389	0.01908	0.00623	0.00545
56	0.02506	0.03198	0.01901	0.01729	0.02074	0.73725	0.01296	0.02679	0.01901	0.01642	0.01037	0.01210	0.00864	0.00691	0.00605	0.00173	0.01210	0.00432	0.00346	0.00778
57	0.00816	0.00672	0.00718	0.00725	0.00925	0.00573	0.00537	0.01001	0.01556	0.01921	0.15263	0.12717	0.56866	0.01693	0.00799	0.00229	0.00341	0.01434	0.00639	0.00573
58	0.00818	0.00584	0.00779	0.00934	0.00973	0.00545	0.00623	0.00934	0.01285	0.01713	0.03698	0.75981	0.04438	0.02102	0.00856	0.00273	0.00389	0.01908	0.00623	0.00545
59	0.01267	0.01193	0.02013	0.74806	0.04621	0.01491	0.01863	0.01714	0.01342	0.01714	0.01193	0.01789	0.00894	0.00671	0.00671	0.00224	0.00894	0.00596	0.00298	0.00745
60	0.01361	0.03366	0.68592	0.01970	0.02942	0.01567	0.06724	0.02126	0.01427	0.02126	0.01214	0.01441	0.00861	0.00633	0.00647	0.00213	0.01000	0.00514	0.00287	0.00986
61	0.01794	0.76823	0.03516	0.01148	0.01722	0.02655	0.01148	0.02009	0.01363	0.01579	0.00933	0.01076	0.00861	0.00574	0.00431	0.00144	0.00718	0.00359	0.00287	0.00861
62	0.01166	0.00583	0.00874	0.00874	0.00874	0.00583	0.00583	0.00874	0.00874	0.01166	0.01166	0.02040	0.01166	0.02331	0.02622	0.80478	0.00583	0.00583	0.00291	0.00291
63	0.02361	0.01783	0.01935	0.04428	0.02129	0.01993	0.01265	0.56821	0.13770	0.03905	0.01771	0.01759	0.01274	0.00817	0.00673	0.00206	0.00712	0.00628	0.00658	0.01113
64	0.01391	0.01193	0.01391	0.00994	0.01590	0.00894	0.00795	0.01690	0.01391	0.02186	0.01193	0.01391	0.00994	0.00497	0.00497	0.00099	0.00497	0.00398	0.00398	0.80521
65	0.02330	0.00991	0.01339	0.01078	0.01478	0.00870	0.00870	0.02608	0.01913	0.49571	0.25518	0.03185	0.03204	0.01009	0.00713	0.00209	0.00487	0.00853	0.00800	0.00974
66	0.00836	0.00597	0.00799	0.00955	0.01002	0.00561	0.00654	0.00966	0.01302	0.01733	0.03688	0.71292	0.04398	0.02085	0.00861	0.00275	0.00405	0.06418	0.00623	0.00550
67	0.01764	0.71976	0.08103	0.01199	0.01800	0.02583	0.01236	0.02017	0.01367	0.01615	0.00951	0.01099	0.00860	0.00578	0.00444	0.00148	0.00736	0.00368	0.00287	0.00870
68	0.00835	0.00608	0.00787	0.00898	0.00972	0.00560	0.00614	0.00986	0.01398	0.01867	0.14124	0.59270	0.10687	0.01958	0.00841	0.00259	0.00374	0.01761	0.00640	0.00560
69	0.01617	0.01838	0.03786	0.02729	0.03384	0.03999	0.64585	0.02229	0.04646	0.02162	0.01408	0.01821	0.01058	0.00585	0.00781	0.00225	0.01107	0.00779	0.00355	0.00908
70	0.02398	0.01741	0.01873	0.01469	0.01969	0.01924	0.01203	0.55672	0.12161	0.06690	0.01826	0.01793	0.01307	0.00820	0.00665	0.00203	0.00687	0.00629	0.03860	0.01110
71	0.00844	0.00682	0.00750	0.00733	0.00938	0.00588	0.00550	0.01061	0.01650	0.02098	0.27942	0.05988	0.50638	0.01593	0.00792	0.00222	0.00332	0.01350	0.00661	0.00588
72	0.00861	0.00679	0.00776	0.00759	0.00950	0.00594	0.00566	0.01092	0.01679	0.02185	0.34559	0.08205	0.41561	0.01573	0.00794	0.00221	0.00332	0.01346	0.00673	0.00594
73	0.00897	0.00742	0.00795	0.00786	0.01002	0.00675	0.00587	0.01241	0.07857	0.02025	0.15861	0.11191	0.50728	0.01610	0.00788	0.00228	0.00357	0.01364	0.00646	0.00620
74	0.81159	0.01298	0.00986	0.00882	0.01298	0.01505	0.00727	0.01972	0.01142	0.03010	0.00934	0.01090	0.00727	0.00623	0.00415	0.00208	0.00519	0.00363	0.00415	0.00727
75	0.00813	0.00602	0.00760	0.00887	0.00961	0.00549	0.00602	0.00940	0.01330	0.01732	0.04277	0.62990	0.17055	0.02027	0.00845	0.00264	0.00380	0.01816	0.00623	0.00549
76	0.00826	0.00598	0.00784	0.00929	0.00985	0.00555	0.00633	0.00954	0.01311	0.01731	0.03897	0.68721	0.08877	0.02066	0.00855	0.00271	0.00395	0.04440	0.00623	0.00549
77	0.01044	0.00717	0.00851	0.00856	0.00905	0.00733	0.00559	0.03802	0.01147	0.01533	0.02290	0.06950	0.02562	0.56847	0.08272	0.00613	0.00728	0.08666	0.00445	0.00480
78	0.00818	0.00584	0.00779	0.00934	0.00973	0.00545	0.00623	0.00934	0.01285	0.01713	0.03698	0.75981	0.04438	0.02102	0.00856	0.00273	0.00389	0.01908	0.00623	0.00545
79	0.00952	0.00641	0.00739	0.00762	0.00768	0.00635	0.00439	0.00970	0.01022	0.01363	0.02351	0.15107	0.02739	0.65294	0.03032	0.00594	0.00611	0.01115	0.00439	0.00427
80	0.00908	0.00719	0.01021	0.01077	0.01145	0.00732	0.03466	0.01047	0.01282	0.01725	0.03460	0.63462	0.06529	0.01939	0.00976	0.00271	0.07361	0.01722	0.00581	0.00578
81	0.01365	0.06695	0.69891	0.01879	0.02852	0.01606	0.02421	0.02120	0.01414	0.02101	0.01192	0.01402	0.00850	0.00635	0.00628	0.00209	0.00980	0.00490	0.00283	0.00986
82	0.01294	0.01070	0.01253	0.00942	0.01430	0.00832	0.00738	0.01577	0.01443	0.02211	0.10488	0.02179	0.03955	0.03992	0.00671	0.00144	0.00470	0.00566	0.02999	0.61749
83	0.02447	0.02938	0.01883	0.01683	0.02050	0.61372	0.01277	0.09199	0.07284	0.01979	0.01221	0.01347	0.00981	0.00719	0.00617	0.00180	0.01113	0.00473	0.00403	0.00834
84	0.25375	0.03843	0.03751	0.01076	0.01607	0.01232	0.00916	0.05240	0.01543	0.22140	0.01532	0.01551	0.01098	0.00648	0.00532	0.00171	0.00558	0.00476	0.00528	0.26181
85	0.01729	0.01754	0.02175	0.11929	0.29495	0.14949	0.04295	0.04715	0.10743	0.02199	0.05942	0.04029	0.01562	0.00763	0.00675	0.00205	0.00821	0.00672	0.00423	0.00924
86	0.01779	0.74369	0.05838	0.01174	0.01762	0.02618	0.01193	0.02013	0.01365	0.01597	0.00942	0.01088	0.00861	0.00576	0.00437	0.00146	0.00727	0.00363	0.00287	0.00865
87	0.01391	0.01193	0.01391	0.00994	0.01590	0.00894	0.00795	0.01690	0.01391	0.02186	0.01193	0.01391	0.00994	0.00497	0.00497	0.00099	0.00497	0.00398	0.00398	0.80521
88	0.00818	0.00584	0.00779	0.00934	0.00973	0.00545	0.00623	0.00934	0.01285	0.01713	0.03698	0.75981	0.04438	0.02102	0.00856	0.00273	0.00389	0.01908	0.00623	0.00545
89	0.02473	0.03142	0.01906	0.01730	0.02064	0.71418	0.01302	0.02645	0.01873	0.01641	0.01032	0.01218	0.00865	0.00707	0.00656	0.00177	0.03591	0.00437	0.00344	0.00776
90	0.01624	0.01595	0.02705	0.06291	0.56027	0.03142	0.09329	0.02068	0.03452	0.02156	0.01401	0.04592	0.01206	0.00666	0.00685	0.00206	0.00823	0.00671	0.00353	0.01008
91	0.01687	0.33609	0.10927	0.01761	0.04967	0.04279	0.15810	0.02142	0.05652	0.03745	0.01408	0.01613	0.03281	0.00687	0.00695	0.00191	0.05743	0.00559	0.00351	0.00892
92	0.03010	0.01142	0.01557	0.01194	0.01713	0.00986	0.00986	0.03270	0.01920	0.72698	0.02647	0.02284	0.01661	0.00830	0.00675	0.00208	0.00571	0.00675	0.00830	0.01142
93	0.06057	0.01148	0.01535	0.01182	0.01697	0.01006	0.00976	0.03219	0.01890	0.69982	0.02580	0.02237	0.01625	0.00822	0.00665	0.00208	0.00569	0.00663	0.00814	0.01126
94	0.01749	0.12516	0.22093	0.02135	0.16707	0.07944	0.04428	0.06210	0.03918	0.06381	0.01423	0.01805	0.01155	0.03287	0.00780	0.00217	0.03366	0.02555	0.00385	0.00947
95	0.01313	0.03609	0.01390	0.01202	0.01479	0.01118	0.05200	0.04071	0.22000	0.04501	0.15114	0.17102	0.10110	0.01337	0.00765	0.00236	0.00509	0.07514	0.00638	0.00791
96	0.00853	0.00604	0.00795	0.00934	0.00977	0.00572	0.00632	0.00971	0.01270	0.01690	0.03521	0.63633	0.04187	0.09927	0.01131	0.00315	0.00433	0.06420	0.00600	0.00535
97	0.01580	0.03607	0.01533	0.05832	0.06288	0.11230	0.03357	0.10137	0.01742	0.05324	0.05156	0.10804	0.14781	0.01120	0.00739	0.00212	0.03026	0.03174	0.09589	0.00770
98	0.01783	0.06514	0.14840	0.11705	0.11993	0.07718	0.08606	0.08473	0.10087	0.06669	0.01495	0.01706	0.01127	0.00711	0.00716	0.00210	0.03675	0.00596	0.00421	0.00956
99	0.10171	0.46504	0.02774	0.01281	0.01786	0.17798	0.01148	0.08223	0.01617	0.01976	0.01016	0.01154	0.00873	0.00625	0.00488	0.00162	0.00805	0.00397	0.00347	0.00854
100	0.01573	0.01696	0.12953	0.16682	0.15346	0.01389	0.03166	0.07663	0.03657	0.04672	0.01341	0.01616	0.01031	0.00623	0.00617	0.00179	0.00747	0.00536	0.00393	0.24120
101	0.01827	0.06542	0.06512	0.01793	0.09915	0.11236	0.08237	0.12186	0.01772	0.09015	0.04132	0.07307	0.03971	0.06581	0.03577	0.00271	0.03028	0.00753	0.00476	0.00868
102	0.01385	0.06254	0.17136	0.25989	0.10746	0.01452	0.06225	0.01898	0.03617	0.03955	0.06415	0.04621	0.03709	0.00817	0.00683	0.00217	0.00808	0.02836	0.00388	0.00847
103	0.00976	0.00651	0.00732	0.00732	0.00732	0.00651	0.00407	0.00976	0.00976	0.01301	0.02114	0.04391	0.02439	0.76419	0.03415	0.00651	0.00651	0.00976	0.00407	0.00407
104	0.07835	0.01661	0.15407	0.04056	0.09645	0.01253	0.07462	0.04351	0.01650	0.25531	0.02306	0.02320	0.08454	0.00810	0.00661	0.00209	0.00702	0.00689	0.04041	0.00959
105	0.03844	0.07065	0.13388	0.08633	0.06574	0.06691	0.08384	0.06229	0.04080	0.09172	0.01593	0.01950	0.03188	0.00828	0.00916	0.00223	0.13165	0.02767	0.00416	0.00893
106	0.01597	0.01338	0.03846	0.01674	0.10448	0.08468	0.07045	0.01894	0.03151	0.13477	0.02751	0.19928	0.09226	0.03427	0.03205	0.00269	0.03243	0.03681	0.00533	0.00798
107	0.00945	0.00682	0.00893	0.00847	0.01001	0.00630	0.00633	0.01255	0.01878	0.02657	0.69561	0.07425	0.06267	0.01397	0.00794	0.00213	0.00319	0.01237	0.00735	0.00630
108	0.01724	0.01703	0.04338	0.30005	0.05404	0.13191	0.13959	0.04325	0.03844	0.08238	0.01608	0.04360	0.02807	0.00750	0.00691	0.00214	0.00913	0.00678	0.00404	0.00844
109	0.01754	0.05969	0.01869	0.14047	0.08886	0.07830	0.03298	0.13528	0.01767	0.09574	0.02077	0.15079	0.04512	0.01155	0.03222	0.00247	0.02985	0.00852	0.00498	0.00851
110	0.02387	0.01588	0.01766	0.01414	0.01900	0.01719	0.01148	0.35575	0.23178	0.18742	0.02172	0.02025	0.01526	0.00842	0.00675	0.00211	0.00640	0.00666	0.00709	0.01118
111	0.01057	0.00755	0.01053	0.01208	0.01351	0.00751	0.01039	0.01348	0.01521	0.01981	0.03566	0.13919	0.03915	0.01877	0.00920	0.00306	0.00597	0.61608	0.00618	0.00611
112	0.02072	0.01454	0.03821	0.20209	0.04971	0.03660	0.03394	0.19344	0.01993	0.20768	0.01949	0.05497	0.01521	0.00884	0.00698	0.00219	0.00746	0.05275	0.00570	0.00953
113	0.81159	0.01298	0.00986	0.00882	0.01298	0.01505	0.00727	0.01972	0.01142	0.03010	0.00934	0.01090	0.00727	0.00623	0.00415	0.00208	0.00519	0.00363	0.00415	0.00727
114	0.33314	0.04040	0.06677	0.03723	0.04082	0.03717	0.03840	0.13403	0.04338	0.07968	0.01376	0.01551	0.01044	0.01065	0.06946	0.00282	0.00778	0.00516	0.00469	0.00871
115	0.01795	0.01673	0.04734	0.01470	0.04001	0.10347	0.01163	0.20522	0.18231	0.02722	0.06500	0.04513	0.04704	0.03568	0.05408	0.00284	0.03470	0.03424	0.00564	0.00906
116	0.00872	0.00689	0.00828	0.00842	0.00991	0.00645	0.00618	0.01068	0.01533	0.02005	0.22894	0.23409	0.32572	0.01793	0.03020	0.00262	0.03307	0.01434	0.00633	0.00586
117	0.05005	0.26477	0.06856	0.04103	0.04222	0.20698	0.05473	0.02088	0.01466	0.01753	0.01130	0.01567	0.01014	0.03153	0.00860	0.00208	0.10324	0.02467	0.00327	0.00809
118	0.34769	0.02006	0.01566	0.01372	0.01734	0.26085	0.02683	0.08743	0.01610	0.02480	0.01139	0.01478	0.00953	0.00759	0.00694	0.00207	0.07534	0.02992	0.00411	0.00785
119	0.01175	0.01350	0.10662	0.03683	0.01950	0.01096	0.16098	0.01641	0.04403	0.02278	0.28927	0.05758	0.10334	0.01255	0.03658	0.00256	0.03197	0.00996	0.00534	0.00751
120	0.01452	0.01246	0.01863	0.21619	0.14282	0.03740	0.05173	0.05602	0.01500	0.04656	0.06564	0.04066	0.05990	0.01297	0.05970	0.07729	0.05333	0.00737	0.00411	0.00770
121	0.00970	0.00707	0.01018	0.01018	0.01123	0.00807	0.00769	0.01180	0.01075	0.01554	0.01852	0.02865	0.01780	0.14402	0.62028	0.00992	0.01597	0.00750	0.02939	0.00574
122	0.01776	0.73886	0.06295	0.01179	0.01769	0.02611	0.01201	0.02014	0.01366	0.01601	0.00944	0.01090	0.00861	0.00577	0.00439	0.00146	0.00729	0.00364	0.00287	0.00866
123	0.01662	0.11549	0.01927	0.15811	0.10875	0.20452	0.01285	0.01943	0.01480	0.01811	0.01364	0.01810	0.01159	0.03639	0.09501	0.00305	0.00964	0.00553	0.11147	0.00764
124	0.00916	0.00681	0.00852	0.00817	0.00984	0.00618	0.00610	0.01199	0.01810	0.02494	0.57453	0.07678	0.18493	0.01457	0.00794	0.00216	0.00323	0.01275	0.00713	0.00618
125	0.01075	0.00769	0.00992	0.03655	0.01250	0.00765	0.00766	0.01391	0.05900	0.05874	0.19466	0.32362	0.12492	0.01640	0.00857	0.00248	0.02947	0.06259	0.00641	0.00652

[dist]
# distance from previous block
# <min> <max>
0	11

# created by:
# /home/berkeley/.conda/envs/busco_data_prod/bin/msa2prfl.pl pipeline/OGs_align_augustus/4893/7878.fs
