[name]
unknown

[dist]
# distance from previous block
# <min> <max>
9	57

[block]
# block no. 0 follows, 33 sequences, length 22
# corresponding to MSA columns:
# 61-82
name=unknown_A
#
# <colnr> <probs for GDERKNQSTAVLIFYWHMCP>
#	G	D	E	R	K	N	Q	S	T	A	V	L	I	F	Y	W	H	M	C	P
0	0.01694	0.15697	0.09872	0.01352	0.01832	0.06533	0.05390	0.07624	0.13553	0.08358	0.07283	0.06498	0.05917	0.00879	0.00634	0.00194	0.00670	0.00723	0.00506	0.04790
1	0.01361	0.15510	0.07229	0.05296	0.13785	0.01423	0.05711	0.01793	0.05966	0.02076	0.13255	0.10907	0.02310	0.00926	0.00681	0.00198	0.02508	0.00803	0.05355	0.02906
2	0.01088	0.00814	0.01034	0.01111	0.04248	0.00786	0.00748	0.08950	0.01502	0.02045	0.06485	0.51790	0.03582	0.05445	0.00907	0.00259	0.00456	0.01478	0.00582	0.06689
3	0.01519	0.01225	0.04496	0.01149	0.04522	0.00968	0.00903	0.04776	0.03511	0.08085	0.01577	0.05117	0.01300	0.00654	0.00541	0.00137	0.00513	0.00538	0.09549	0.48919
4	0.01632	0.01556	0.12126	0.07510	0.07026	0.03510	0.01255	0.02114	0.06959	0.12917	0.01749	0.03723	0.03097	0.00719	0.00641	0.00175	0.02802	0.00584	0.04203	0.25704
5	0.00846	0.00661	0.00833	0.00971	0.04287	0.00599	0.00641	0.01012	0.01414	0.01835	0.11732	0.42296	0.26896	0.01788	0.00804	0.00243	0.00377	0.01581	0.00610	0.00574
6	0.01422	0.01204	0.01396	0.01002	0.01584	0.00936	0.00804	0.05121	0.01452	0.02246	0.01191	0.01376	0.00982	0.00503	0.00496	0.00103	0.00499	0.00400	0.00404	0.76879
7	0.01800	0.27379	0.18179	0.01393	0.01990	0.01890	0.02885	0.15658	0.06558	0.06531	0.03039	0.01664	0.01225	0.04236	0.00699	0.00202	0.00738	0.00532	0.00433	0.02968
8	0.01958	0.09702	0.16342	0.01622	0.05384	0.01645	0.05029	0.22856	0.04381	0.13109	0.01612	0.01743	0.01190	0.01190	0.08994	0.00295	0.00882	0.00584	0.00500	0.00983
9	0.00823	0.00662	0.00734	0.00730	0.00921	0.00573	0.00542	0.01026	0.01585	0.02014	0.24946	0.11026	0.48895	0.01606	0.00782	0.00221	0.00331	0.01368	0.00643	0.00573
10	0.03251	0.00855	0.00988	0.00945	0.01159	0.00836	0.00701	0.09195	0.04670	0.08171	0.08123	0.28473	0.21778	0.05124	0.02389	0.00268	0.00468	0.01299	0.00623	0.00683
11	0.03517	0.27808	0.11188	0.01346	0.01777	0.05052	0.01274	0.07668	0.01448	0.05743	0.01296	0.03621	0.01128	0.01396	0.11857	0.00323	0.11828	0.00538	0.00368	0.00827
12	0.01581	0.01534	0.02378	0.09918	0.54234	0.05922	0.01848	0.01953	0.01507	0.02055	0.01474	0.02272	0.01328	0.00739	0.00678	0.00208	0.00795	0.08271	0.00356	0.00948
13	0.00944	0.00690	0.00978	0.00978	0.01068	0.00779	0.00723	0.01124	0.01034	0.01469	0.01836	0.02991	0.01822	0.21856	0.57576	0.00959	0.01499	0.00765	0.00364	0.00543
14	0.01609	0.01700	0.02280	0.10326	0.05844	0.12222	0.12228	0.04095	0.01346	0.01791	0.01067	0.01546	0.00929	0.01026	0.03924	0.00272	0.36106	0.00592	0.00319	0.00778
15	0.01012	0.00868	0.01221	0.09825	0.14440	0.00848	0.00957	0.01244	0.01436	0.01864	0.09612	0.19035	0.28942	0.04692	0.00866	0.00243	0.00498	0.01215	0.00523	0.00659
16	0.04158	0.08435	0.13986	0.04577	0.04052	0.01472	0.01312	0.09354	0.10280	0.17386	0.01664	0.01702	0.01207	0.00703	0.00647	0.00186	0.03122	0.00544	0.00504	0.14710
17	0.01519	0.01134	0.01354	0.00988	0.01538	0.00872	0.00792	0.01808	0.01455	0.10248	0.05704	0.01683	0.01371	0.00577	0.00525	0.00116	0.00485	0.00470	0.00459	0.66902
18	0.02108	0.05315	0.01836	0.01583	0.05167	0.27246	0.01198	0.23448	0.10108	0.02658	0.08171	0.02080	0.01699	0.00839	0.00648	0.00193	0.00822	0.03457	0.00520	0.00901
19	0.01253	0.00906	0.00997	0.00941	0.01180	0.03897	0.00713	0.01616	0.08264	0.10123	0.16031	0.16240	0.23752	0.03554	0.00823	0.00233	0.00446	0.04324	0.00632	0.04075
20	0.10959	0.11852	0.06863	0.01633	0.08029	0.10651	0.05005	0.18580	0.05600	0.03859	0.01630	0.04257	0.04194	0.00762	0.00601	0.00191	0.00747	0.00597	0.00460	0.03529
21	0.03735	0.01281	0.01937	0.09307	0.34680	0.01312	0.01470	0.03803	0.06535	0.02115	0.01681	0.06474	0.01552	0.05298	0.04025	0.00265	0.00736	0.05025	0.00405	0.08365

[dist]
# distance from previous block
# <min> <max>
1	27

[block]
# block no. 1 follows, 33 sequences, length 32
# corresponding to MSA columns:
# 110-141
name=unknown_B
#
# <colnr> <probs for GDERKNQSTAVLIFYWHMCP>
#	G	D	E	R	K	N	Q	S	T	A	V	L	I	F	Y	W	H	M	C	P
0	0.24915	0.01588	0.07653	0.12993	0.06004	0.04517	0.11384	0.05218	0.06726	0.04055	0.03181	0.04171	0.01222	0.00712	0.00602	0.00208	0.00736	0.00600	0.00416	0.03098
1	0.08095	0.01238	0.01677	0.20775	0.13044	0.05956	0.05084	0.01707	0.04311	0.01929	0.04932	0.04863	0.05638	0.11204	0.02814	0.00294	0.00755	0.04551	0.00407	0.00725
2	0.01250	0.00866	0.00967	0.00920	0.00999	0.07349	0.00623	0.01102	0.01008	0.01290	0.01293	0.02269	0.01316	0.14724	0.02355	0.53224	0.00633	0.00609	0.00318	0.06883
3	0.01826	0.01608	0.01767	0.13720	0.02270	0.11327	0.03974	0.13772	0.20494	0.06552	0.01980	0.02081	0.04599	0.00842	0.00777	0.00212	0.06802	0.00657	0.03844	0.00898
4	0.10183	0.01426	0.01516	0.01250	0.01663	0.01568	0.01007	0.29938	0.20189	0.08813	0.07661	0.02145	0.01804	0.00844	0.00630	0.00203	0.00571	0.00663	0.06949	0.00978
5	0.00955	0.00647	0.00761	0.00761	0.00776	0.00662	0.00453	0.00985	0.00970	0.01308	0.02035	0.04090	0.02299	0.67766	0.12319	0.00691	0.00781	0.00925	0.00393	0.00423
6	0.01370	0.00813	0.00985	0.00920	0.01174	0.00743	0.00706	0.01698	0.06771	0.18096	0.13385	0.17144	0.27661	0.01451	0.00760	0.00228	0.00416	0.04276	0.00676	0.00726
7	0.01032	0.00820	0.00992	0.00982	0.01074	0.04899	0.00709	0.01186	0.01070	0.01450	0.01824	0.03073	0.01847	0.28344	0.46794	0.00870	0.01361	0.00772	0.00367	0.00536
8	0.01008	0.00658	0.00818	0.00860	0.00991	0.00607	0.00608	0.01158	0.01357	0.07517	0.06342	0.38873	0.20147	0.07522	0.05815	0.00326	0.00490	0.01455	0.02864	0.00586
9	0.01401	0.11444	0.56205	0.01914	0.02800	0.01668	0.11484	0.02075	0.01406	0.02028	0.01172	0.01405	0.00857	0.00609	0.00623	0.00203	0.00961	0.00511	0.00286	0.00947
10	0.01039	0.00622	0.00869	0.00898	0.00955	0.00622	0.00641	0.01028	0.01147	0.01578	0.10623	0.12369	0.02596	0.07257	0.08363	0.36653	0.00621	0.08061	0.03619	0.00440
11	0.01372	0.01311	0.02274	0.56293	0.11223	0.01521	0.10014	0.04656	0.01438	0.01884	0.01214	0.01738	0.00919	0.00644	0.00672	0.00216	0.00889	0.00608	0.00316	0.00798
12	0.01232	0.01054	0.01192	0.00987	0.01387	0.02897	0.00750	0.01555	0.05313	0.02021	0.02161	0.22201	0.05036	0.00998	0.00610	0.00159	0.00474	0.00860	0.00474	0.48637
13	0.02076	0.08692	0.01858	0.01405	0.01836	0.11628	0.01133	0.25456	0.27512	0.05951	0.01956	0.04379	0.01513	0.00836	0.00639	0.00201	0.00693	0.00649	0.00590	0.00998
14	0.01714	0.01512	0.07645	0.09556	0.11753	0.01416	0.04017	0.14001	0.09159	0.09087	0.05791	0.04106	0.01677	0.00835	0.00718	0.00205	0.03242	0.03948	0.00507	0.09113
15	0.04942	0.01484	0.06187	0.09339	0.14436	0.01412	0.13781	0.07362	0.07245	0.14406	0.03360	0.08035	0.01560	0.00822	0.00722	0.00216	0.02521	0.00751	0.00492	0.00927
16	0.01440	0.13285	0.17051	0.02054	0.02688	0.01618	0.35518	0.01938	0.01500	0.02022	0.05270	0.02303	0.05018	0.00739	0.00701	0.00211	0.00913	0.04515	0.00364	0.00852
17	0.01288	0.01259	0.01959	0.58372	0.03918	0.04735	0.04838	0.01679	0.01340	0.01697	0.01478	0.04775	0.04018	0.00779	0.00759	0.00223	0.05168	0.00669	0.00322	0.00724
18	0.07948	0.01306	0.04289	0.16036	0.04846	0.03467	0.14764	0.03633	0.01483	0.08298	0.02193	0.07141	0.07065	0.03988	0.02878	0.00266	0.00785	0.08392	0.00452	0.00769
19	0.01334	0.03425	0.04003	0.04880	0.07606	0.03535	0.18087	0.01822	0.08358	0.04081	0.10285	0.07723	0.14576	0.04057	0.00839	0.00235	0.00686	0.03197	0.00494	0.00775
20	0.00828	0.00597	0.00781	0.00918	0.00977	0.00558	0.00635	0.00958	0.01288	0.01698	0.03769	0.63441	0.08842	0.04530	0.00926	0.00280	0.00406	0.07427	0.00604	0.00538
21	0.01711	0.20747	0.08054	0.01473	0.01913	0.09977	0.08264	0.10904	0.03920	0.04111	0.03240	0.10104	0.01682	0.02517	0.00762	0.00212	0.03992	0.05147	0.00440	0.00831
22	0.01587	0.01647	0.04849	0.14216	0.21298	0.06836	0.15622	0.07199	0.01569	0.02095	0.01430	0.05329	0.01252	0.00795	0.00842	0.00221	0.08228	0.03746	0.00369	0.00870
23	0.01023	0.00861	0.00924	0.00945	0.01113	0.04842	0.00700	0.02811	0.06233	0.01966	0.13190	0.27613	0.23525	0.01825	0.05110	0.00285	0.00515	0.05299	0.00600	0.00619
24	0.00865	0.00682	0.00785	0.00802	0.00969	0.00620	0.00585	0.01139	0.04941	0.02025	0.22749	0.22683	0.35491	0.01642	0.00787	0.00229	0.00348	0.01423	0.00643	0.00591
25	0.01785	0.03520	0.03638	0.06191	0.05309	0.13244	0.09661	0.11339	0.06135	0.06786	0.05605	0.02153	0.01566	0.03035	0.02453	0.00229	0.03346	0.02441	0.08447	0.03119
26	0.05146	0.09333	0.07823	0.13078	0.12487	0.03321	0.11912	0.03753	0.06605	0.02024	0.01664	0.07249	0.03725	0.00997	0.04102	0.00251	0.04607	0.00706	0.00382	0.00836
27	0.01261	0.00769	0.00974	0.00904	0.01104	0.00747	0.00679	0.01538	0.04258	0.13140	0.19204	0.05910	0.15278	0.11874	0.16495	0.00444	0.00711	0.00993	0.03048	0.00666
28	0.06898	0.02595	0.01863	0.01772	0.07184	0.52263	0.03462	0.04214	0.03258	0.05347	0.01212	0.01374	0.00965	0.00681	0.00594	0.00178	0.01022	0.00474	0.03834	0.00811
29	0.09160	0.05064	0.16021	0.04063	0.14994	0.04458	0.06152	0.13589	0.03911	0.11374	0.01533	0.04150	0.01177	0.00721	0.00630	0.00203	0.00773	0.00602	0.00459	0.00966
30	0.01654	0.04568	0.01807	0.01632	0.09557	0.05737	0.08984	0.07204	0.09409	0.11179	0.10444	0.07353	0.06609	0.04268	0.02644	0.02515	0.00680	0.02380	0.00541	0.00835
31	0.03890	0.00768	0.01005	0.07038	0.04367	0.00784	0.00798	0.01375	0.01320	0.04743	0.05381	0.15437	0.02667	0.15494	0.01258	0.02998	0.00528	0.13098	0.16451	0.00600

[dist]
# distance from previous block
# <min> <max>
2	13

[block]
# block no. 2 follows, 33 sequences, length 44
# corresponding to MSA columns:
# 155-198
name=unknown_C
#
# <colnr> <probs for GDERKNQSTAVLIFYWHMCP>
#	G	D	E	R	K	N	Q	S	T	A	V	L	I	F	Y	W	H	M	C	P
0	0.01573	0.09045	0.18935	0.05604	0.14268	0.06142	0.01613	0.10313	0.01589	0.02154	0.03674	0.01837	0.03801	0.01147	0.07493	0.00283	0.08688	0.00590	0.00372	0.00878
1	0.00940	0.00637	0.00724	0.00731	0.00748	0.00628	0.00423	0.00965	0.01030	0.01370	0.04929	0.08305	0.05694	0.66796	0.03009	0.00584	0.00599	0.01034	0.00431	0.00421
2	0.01591	0.09894	0.31284	0.02149	0.12839	0.01734	0.10955	0.09060	0.07928	0.02299	0.01350	0.01560	0.01023	0.00659	0.00678	0.00204	0.02891	0.00563	0.00367	0.00973
3	0.01461	0.01227	0.01417	0.01021	0.01601	0.00976	0.00820	0.07476	0.01511	0.02314	0.01205	0.01383	0.00987	0.00513	0.00502	0.00106	0.00508	0.00407	0.00413	0.74153
4	0.00969	0.00670	0.00861	0.00963	0.01048	0.00646	0.00663	0.03662	0.03953	0.04245	0.03483	0.68406	0.04055	0.01930	0.00821	0.00261	0.00406	0.01741	0.00622	0.00595
5	0.01119	0.00910	0.01218	0.01126	0.01165	0.01125	0.00847	0.01243	0.01021	0.01498	0.01609	0.02843	0.01672	0.29729	0.22012	0.00617	0.24765	0.00752	0.04166	0.00562
6	0.01046	0.00818	0.01122	0.12079	0.01625	0.00900	0.00906	0.01367	0.07172	0.01730	0.04384	0.16810	0.10104	0.07175	0.14502	0.06880	0.03139	0.07164	0.00473	0.00604
7	0.21681	0.01661	0.01681	0.01339	0.01821	0.01863	0.01099	0.47043	0.09541	0.03716	0.01530	0.01545	0.01110	0.00757	0.00598	0.00202	0.00651	0.00550	0.00598	0.01013
8	0.01732	0.16381	0.12784	0.13819	0.10352	0.06050	0.01551	0.09389	0.04177	0.05976	0.01275	0.01509	0.00994	0.00689	0.00712	0.00193	0.06584	0.00517	0.00381	0.04933
9	0.00827	0.00587	0.00774	0.00915	0.00955	0.00553	0.00616	0.00941	0.01248	0.01662	0.03498	0.67444	0.04172	0.07985	0.01043	0.00298	0.00413	0.04947	0.00594	0.00527
10	0.68509	0.01460	0.01121	0.05405	0.01547	0.09023	0.00838	0.01992	0.01209	0.02738	0.00942	0.01123	0.00737	0.00621	0.00442	0.00201	0.00602	0.00377	0.00393	0.00719
11	0.02563	0.01472	0.01715	0.01336	0.01830	0.01519	0.01096	0.35341	0.07798	0.32213	0.04695	0.02041	0.01584	0.00829	0.00665	0.00202	0.00626	0.00655	0.00726	0.01096
12	0.01277	0.01082	0.01312	0.05404	0.01644	0.00869	0.00827	0.01576	0.01425	0.02147	0.08871	0.02201	0.04400	0.00688	0.00556	0.00130	0.00491	0.03343	0.00436	0.61319
13	0.01270	0.01272	0.07293	0.20362	0.16893	0.01204	0.05577	0.01616	0.01377	0.04200	0.04535	0.21708	0.02089	0.01213	0.03460	0.00259	0.03518	0.00960	0.00420	0.00774
14	0.01550	0.01333	0.01425	0.01073	0.01602	0.06082	0.00851	0.08009	0.01583	0.03958	0.03638	0.03877	0.01273	0.00614	0.00535	0.00123	0.00551	0.00490	0.00439	0.60995
15	0.00802	0.00573	0.00764	0.00917	0.00955	0.00535	0.00611	0.00917	0.01260	0.01681	0.03628	0.76434	0.04354	0.02062	0.00840	0.00267	0.00382	0.01872	0.00611	0.00535
16	0.01440	0.01440	0.02016	0.01728	0.01728	0.02016	0.01440	0.01584	0.01008	0.01584	0.00864	0.01440	0.00864	0.01152	0.02160	0.00288	0.75659	0.00576	0.00288	0.00720
17	0.00865	0.00667	0.00790	0.00767	0.00945	0.00592	0.00572	0.01111	0.01695	0.02258	0.43443	0.08191	0.32722	0.01502	0.00780	0.00215	0.00322	0.01296	0.00675	0.00592
18	0.02361	0.01774	0.01896	0.01486	0.01988	0.01976	0.01217	0.59627	0.14260	0.03921	0.01760	0.01723	0.01265	0.00807	0.00660	0.00202	0.00691	0.00617	0.00660	0.01107
19	0.00801	0.00577	0.00760	0.00906	0.00952	0.00536	0.00606	0.00918	0.01271	0.01685	0.03761	0.73379	0.07324	0.02045	0.00838	0.00265	0.00380	0.01850	0.00611	0.00536
20	0.04682	0.01640	0.01747	0.01417	0.01882	0.01834	0.01146	0.41041	0.28387	0.06144	0.02005	0.01914	0.01456	0.00824	0.00655	0.00208	0.00636	0.00644	0.00661	0.01078
21	0.03253	0.01441	0.04972	0.18156	0.06804	0.01360	0.10352	0.11969	0.01669	0.05449	0.01444	0.01929	0.01158	0.00683	0.00634	0.00185	0.00739	0.04372	0.00423	0.23008
22	0.04305	0.02201	0.01694	0.04210	0.01948	0.35904	0.01166	0.13615	0.13188	0.06535	0.01684	0.07592	0.01405	0.00848	0.00638	0.00195	0.00873	0.00638	0.00495	0.00866
23	0.00860	0.00683	0.00923	0.00944	0.01080	0.00622	0.04518	0.01022	0.01360	0.01750	0.06194	0.42122	0.24828	0.05937	0.00957	0.00271	0.00430	0.04352	0.00587	0.00559
24	0.01428	0.01559	0.10965	0.08473	0.02115	0.05618	0.07251	0.08567	0.06088	0.02215	0.06712	0.06679	0.01921	0.03672	0.05938	0.00277	0.00797	0.06716	0.00455	0.12553
25	0.00994	0.00683	0.00783	0.00767	0.00784	0.00711	0.00465	0.01026	0.01005	0.01382	0.02178	0.04111	0.04827	0.65336	0.03018	0.00575	0.04838	0.00931	0.05149	0.00435
26	0.05101	0.04764	0.15668	0.06314	0.04831	0.09636	0.05842	0.10087	0.04408	0.10208	0.03330	0.01650	0.01183	0.00695	0.00667	0.00190	0.03333	0.00549	0.00442	0.11103
27	0.02039	0.19792	0.02230	0.05016	0.04623	0.12112	0.01235	0.24331	0.17321	0.02681	0.01552	0.01603	0.01197	0.00729	0.00596	0.00187	0.00749	0.00545	0.00497	0.00966
28	0.04733	0.04505	0.28693	0.01797	0.06306	0.01428	0.12223	0.07982	0.01649	0.11124	0.05014	0.02175	0.07882	0.00776	0.00664	0.00207	0.00796	0.00673	0.00444	0.00927
29	0.03726	0.01917	0.23051	0.01750	0.07491	0.01336	0.08800	0.05258	0.08431	0.21479	0.02155	0.04150	0.05842	0.00804	0.00669	0.00211	0.00740	0.00694	0.00520	0.00977
30	0.01751	0.08482	0.21172	0.04722	0.04218	0.04797	0.23732	0.09268	0.01680	0.09161	0.01459	0.03994	0.01114	0.00682	0.00671	0.00206	0.00911	0.00644	0.00403	0.00934
31	0.01289	0.01092	0.01779	0.48051	0.03429	0.01258	0.05347	0.01720	0.04110	0.06071	0.04809	0.11456	0.05017	0.00922	0.00699	0.00224	0.00747	0.00830	0.00413	0.00738
32	0.01843	0.43080	0.09136	0.05520	0.02039	0.08418	0.02745	0.05383	0.03617	0.06681	0.01168	0.01321	0.00952	0.00655	0.00609	0.00173	0.04983	0.00449	0.00354	0.00874
33	0.01599	0.04979	0.07482	0.18092	0.07698	0.01365	0.05741	0.06528	0.10519	0.11546	0.03402	0.11871	0.04464	0.00934	0.00684	0.00216	0.00691	0.00821	0.00499	0.00870
34	0.01045	0.00703	0.00878	0.00960	0.03856	0.00701	0.00595	0.03725	0.01171	0.01604	0.02361	0.21814	0.02649	0.37424	0.02177	0.08793	0.00556	0.03245	0.05248	0.00495
35	0.01131	0.00923	0.04058	0.01107	0.03643	0.00848	0.02666	0.03255	0.01402	0.05768	0.11441	0.06357	0.17844	0.15123	0.16206	0.00466	0.02835	0.03780	0.00508	0.00638
36	0.07375	0.05530	0.16596	0.10029	0.05981	0.04292	0.17840	0.04763	0.04105	0.09232	0.01368	0.01622	0.01016	0.00685	0.00766	0.00213	0.06708	0.00591	0.00390	0.00900
37	0.01506	0.01432	0.10315	0.17696	0.05774	0.01287	0.04051	0.07832	0.10375	0.08236	0.04544	0.05378	0.06358	0.00980	0.00704	0.00224	0.00691	0.09118	0.02651	0.00846
38	0.00842	0.00622	0.00784	0.00894	0.00986	0.00576	0.00639	0.00991	0.01342	0.01741	0.05636	0.47996	0.18041	0.05477	0.00954	0.00279	0.00413	0.10638	0.00603	0.00544
39	0.01574	0.01598	0.09672	0.29259	0.12523	0.01518	0.12687	0.07877	0.03560	0.06736	0.04000	0.01850	0.01212	0.00693	0.00709	0.00214	0.02403	0.00638	0.00393	0.00885
40	0.04770	0.07070	0.09747	0.01749	0.10564	0.11166	0.06412	0.07897	0.04740	0.10563	0.06023	0.02157	0.06027	0.02868	0.00743	0.00207	0.02337	0.00650	0.00469	0.03843
41	0.14173	0.02005	0.21384	0.14698	0.21896	0.03547	0.04359	0.04134	0.01424	0.02208	0.01156	0.01483	0.00896	0.00640	0.00662	0.00208	0.03375	0.00525	0.00330	0.00897
42	0.00853	0.00661	0.00782	0.00828	0.00973	0.00602	0.00600	0.01087	0.03687	0.01947	0.18044	0.31311	0.30500	0.01729	0.00801	0.00238	0.00362	0.03782	0.00635	0.00578
43	0.03791	0.04200	0.04968	0.14934	0.08307	0.05998	0.05444	0.02172	0.11435	0.11500	0.03715	0.08063	0.01621	0.02461	0.00879	0.02760	0.05717	0.00729	0.00466	0.00839

[dist]
# distance from previous block
# <min> <max>
1	4

[block]
# block no. 3 follows, 33 sequences, length 19
# corresponding to MSA columns:
# 203-221
name=unknown_D
#
# <colnr> <probs for GDERKNQSTAVLIFYWHMCP>
#	G	D	E	R	K	N	Q	S	T	A	V	L	I	F	Y	W	H	M	C	P
0	0.01121	0.00783	0.00889	0.00867	0.01063	0.02423	0.00636	0.01336	0.03757	0.07919	0.08505	0.22235	0.26753	0.04105	0.03958	0.04049	0.00476	0.01235	0.03769	0.04120
1	0.13292	0.01575	0.06282	0.15319	0.21531	0.07230	0.03823	0.03402	0.02943	0.09838	0.01639	0.05273	0.03578	0.00752	0.00630	0.00206	0.00751	0.00639	0.00420	0.00877
2	0.04213	0.04825	0.01649	0.03519	0.01783	0.01165	0.04371	0.08626	0.03211	0.04856	0.03597	0.01567	0.01190	0.00583	0.00539	0.00133	0.00563	0.00477	0.00439	0.52694
3	0.00965	0.00700	0.00850	0.04286	0.00995	0.00728	0.00557	0.01029	0.01084	0.01444	0.05262	0.11823	0.07611	0.53228	0.02614	0.00515	0.04349	0.01057	0.00439	0.00465
4	0.01599	0.09853	0.10249	0.05979	0.06193	0.03832	0.05625	0.03898	0.17774	0.07002	0.05446	0.05814	0.01735	0.00839	0.00691	0.00202	0.02991	0.02400	0.00481	0.07397
5	0.00929	0.00693	0.00875	0.00916	0.01048	0.00664	0.00675	0.01257	0.06288	0.02148	0.29572	0.31823	0.11181	0.01656	0.00805	0.00241	0.00381	0.07583	0.00657	0.00610
6	0.03630	0.06485	0.18421	0.04528	0.15832	0.04303	0.12501	0.05015	0.03945	0.09649	0.01533	0.01733	0.02864	0.00680	0.00692	0.00201	0.03232	0.00595	0.00400	0.03759
7	0.00899	0.00623	0.00733	0.00775	0.00806	0.00602	0.00474	0.00954	0.01111	0.01471	0.05094	0.25117	0.08021	0.47732	0.02368	0.00489	0.00533	0.01257	0.00485	0.00456
8	0.07327	0.07977	0.27804	0.01678	0.02335	0.03871	0.13318	0.08050	0.03963	0.05250	0.01446	0.04173	0.01128	0.00694	0.00618	0.00198	0.00819	0.00592	0.04824	0.03934
9	0.08199	0.05299	0.03902	0.06174	0.01880	0.06579	0.01031	0.12682	0.03839	0.05674	0.01510	0.01635	0.03719	0.00651	0.00553	0.00154	0.00628	0.00497	0.00451	0.34942
10	0.04723	0.01373	0.04159	0.12661	0.10866	0.04328	0.08920	0.04705	0.08664	0.08108	0.07113	0.04957	0.05227	0.02694	0.05973	0.00283	0.03188	0.00756	0.00469	0.00834
11	0.01137	0.00885	0.01115	0.04748	0.01389	0.00760	0.00733	0.01298	0.01234	0.01793	0.01915	0.21725	0.02029	0.07856	0.03001	0.09369	0.00535	0.00872	0.00432	0.37173
12	0.01537	0.01403	0.05892	0.19197	0.14901	0.01357	0.11803	0.06739	0.04882	0.08001	0.04340	0.07826	0.04873	0.00879	0.00707	0.00219	0.00756	0.03371	0.00454	0.00864
13	0.00906	0.00623	0.00784	0.00823	0.00926	0.00581	0.00578	0.01087	0.01469	0.02048	0.27492	0.31480	0.10774	0.05421	0.00983	0.03931	0.00367	0.01372	0.07797	0.00556
14	0.00946	0.00724	0.01029	0.01147	0.04761	0.00770	0.00796	0.01132	0.01207	0.01664	0.05006	0.28073	0.05529	0.08288	0.29410	0.00594	0.03462	0.04404	0.00475	0.00585
15	0.05504	0.11962	0.07306	0.12851	0.02078	0.01314	0.02834	0.01916	0.06035	0.09438	0.02094	0.06006	0.08605	0.03159	0.00686	0.00198	0.00627	0.00679	0.00448	0.16261
16	0.02308	0.02049	0.01780	0.01475	0.01909	0.23421	0.01166	0.33153	0.08272	0.07821	0.01662	0.05423	0.01309	0.00819	0.00642	0.00191	0.00806	0.00616	0.00560	0.04620
17	0.01446	0.03903	0.08927	0.07436	0.06420	0.03085	0.04349	0.07172	0.01503	0.06195	0.06352	0.06016	0.01919	0.14617	0.03062	0.00303	0.03332	0.03332	0.05863	0.04768
18	0.08326	0.24637	0.02411	0.11940	0.02241	0.01759	0.10428	0.07743	0.04208	0.09161	0.01464	0.03937	0.01210	0.04380	0.03288	0.00241	0.00772	0.00595	0.00418	0.00842

[dist]
# distance from previous block
# <min> <max>
1	3

[block]
# block no. 4 follows, 33 sequences, length 15
# corresponding to MSA columns:
# 225-239
name=unknown_E
#
# <colnr> <probs for GDERKNQSTAVLIFYWHMCP>
#	G	D	E	R	K	N	Q	S	T	A	V	L	I	F	Y	W	H	M	C	P
0	0.03761	0.16087	0.02232	0.01792	0.11929	0.13880	0.03480	0.17226	0.14919	0.02533	0.04750	0.01734	0.01398	0.00733	0.00608	0.00188	0.00756	0.00575	0.00476	0.00944
1	0.06380	0.01210	0.01420	0.05356	0.03316	0.01278	0.00992	0.12735	0.20115	0.17311	0.09054	0.08501	0.07460	0.01017	0.00682	0.00215	0.00541	0.00848	0.00650	0.00919
2	0.01152	0.00752	0.01032	0.01025	0.01177	0.00727	0.03887	0.01439	0.05952	0.07601	0.08521	0.39517	0.03481	0.03277	0.00905	0.03831	0.00455	0.05869	0.08763	0.00636
3	0.00959	0.00654	0.00788	0.00795	0.00820	0.00673	0.00497	0.01011	0.00999	0.01348	0.02090	0.04178	0.02339	0.62000	0.14491	0.00689	0.00815	0.04014	0.00401	0.00438
4	0.00822	0.00591	0.00770	0.00906	0.00958	0.00552	0.00615	0.00942	0.01270	0.01679	0.03712	0.65226	0.08109	0.06030	0.00974	0.00286	0.00404	0.05022	0.00600	0.00532
5	0.17537	0.01134	0.01229	0.01056	0.01420	0.01190	0.00841	0.05521	0.19251	0.19998	0.13034	0.02575	0.04154	0.00894	0.00618	0.00205	0.00482	0.00716	0.07256	0.00887
6	0.00846	0.00604	0.00809	0.00926	0.00983	0.00581	0.00641	0.00988	0.01289	0.01736	0.08674	0.57503	0.04154	0.06472	0.06379	0.00344	0.00505	0.05436	0.00588	0.00542
7	0.08766	0.09874	0.08393	0.01318	0.06445	0.06113	0.01081	0.01846	0.01384	0.02112	0.01115	0.01313	0.00920	0.00539	0.00504	0.00134	0.00625	0.00407	0.00362	0.46750
8	0.00900	0.00646	0.00812	0.00816	0.00953	0.00593	0.00595	0.01149	0.01656	0.02307	0.44810	0.20961	0.13845	0.01514	0.00773	0.00219	0.00329	0.01335	0.05194	0.00593
9	0.02072	0.09758	0.08252	0.03406	0.04867	0.05538	0.01262	0.27938	0.05204	0.12750	0.08809	0.03831	0.01745	0.00829	0.00644	0.00196	0.00693	0.00657	0.00572	0.00977
10	0.03728	0.12531	0.14256	0.07535	0.06382	0.03462	0.04781	0.08566	0.08694	0.04326	0.01454	0.01801	0.01185	0.07443	0.00836	0.00223	0.00742	0.00562	0.00408	0.11088
11	0.03963	0.06213	0.16913	0.03627	0.06542	0.04810	0.04622	0.12125	0.09394	0.09844	0.01649	0.04676	0.01290	0.00799	0.00756	0.00209	0.06855	0.00625	0.04156	0.00933
12	0.05635	0.01066	0.01326	0.01139	0.01432	0.01096	0.05637	0.12700	0.07269	0.05760	0.11798	0.15006	0.13839	0.01195	0.00753	0.00216	0.03252	0.01015	0.07275	0.02592
13	0.05059	0.01443	0.02129	0.18523	0.32284	0.06144	0.05266	0.04620	0.01513	0.02076	0.03885	0.06909	0.03237	0.03216	0.00752	0.00221	0.00774	0.00714	0.00379	0.00856
14	0.05345	0.04176	0.04828	0.10487	0.09084	0.11154	0.09641	0.08608	0.06071	0.04218	0.09277	0.02044	0.01670	0.00875	0.02903	0.00222	0.00795	0.00644	0.04969	0.02987

[dist]
# distance from previous block
# <min> <max>
0	2

[block]
# block no. 5 follows, 33 sequences, length 16
# corresponding to MSA columns:
# 242-257
name=unknown_F
#
# <colnr> <probs for GDERKNQSTAVLIFYWHMCP>
#	G	D	E	R	K	N	Q	S	T	A	V	L	I	F	Y	W	H	M	C	P
0	0.01302	0.01490	0.11632	0.05091	0.04788	0.01255	0.19875	0.01682	0.01375	0.03686	0.03992	0.02602	0.08814	0.01538	0.12011	0.03427	0.06928	0.03411	0.00387	0.04713
1	0.00965	0.00667	0.00792	0.00836	0.00982	0.00600	0.00603	0.01112	0.01384	0.06174	0.04605	0.30375	0.31218	0.09763	0.01077	0.00288	0.00419	0.06967	0.00601	0.00571
2	0.01789	0.01527	0.04349	0.09111	0.20368	0.03321	0.04107	0.15052	0.08018	0.08560	0.04057	0.02164	0.03770	0.00795	0.00723	0.00205	0.03559	0.02741	0.00490	0.05294
3	0.01656	0.05479	0.04116	0.06571	0.05872	0.05765	0.08516	0.09565	0.01628	0.06657	0.01585	0.04023	0.03432	0.00752	0.00678	0.03355	0.00687	0.00590	0.03006	0.26066
4	0.00818	0.00629	0.00726	0.00780	0.00905	0.00561	0.00542	0.00960	0.01386	0.01764	0.10545	0.32523	0.34294	0.09202	0.01055	0.00279	0.00380	0.01513	0.00600	0.00538
5	0.04001	0.01266	0.01532	0.04482	0.06301	0.07194	0.06266	0.05705	0.12417	0.02140	0.04034	0.08596	0.05908	0.04081	0.03431	0.05990	0.05557	0.00796	0.09560	0.00743
6	0.06340	0.11591	0.06859	0.01739	0.08226	0.10712	0.07405	0.16782	0.09231	0.08914	0.01546	0.01711	0.01183	0.00714	0.00616	0.00193	0.00778	0.01937	0.00481	0.03041
7	0.01398	0.03830	0.01272	0.05644	0.01477	0.02808	0.03089	0.01636	0.01550	0.15138	0.12625	0.06809	0.26908	0.01413	0.04321	0.00255	0.04623	0.01008	0.03478	0.00719
8	0.00810	0.00646	0.00726	0.00753	0.00921	0.00562	0.00547	0.00989	0.01506	0.01903	0.17181	0.22561	0.45166	0.01705	0.00792	0.00230	0.00341	0.01469	0.00631	0.00562
9	0.13540	0.04328	0.16840	0.04006	0.13438	0.07006	0.07927	0.07005	0.03411	0.03607	0.01207	0.01489	0.00950	0.00755	0.00841	0.03291	0.08586	0.00535	0.00365	0.00874
10	0.01640	0.06593	0.25877	0.09983	0.10745	0.03437	0.06679	0.05608	0.05338	0.09259	0.01528	0.05215	0.01204	0.00745	0.00698	0.00209	0.03281	0.00626	0.00402	0.00932
11	0.02379	0.01380	0.01568	0.01251	0.01705	0.04139	0.01015	0.21975	0.09315	0.31860	0.02118	0.02025	0.01468	0.00978	0.03957	0.00232	0.00659	0.00627	0.06485	0.04864
12	0.01231	0.00870	0.01157	0.01312	0.08694	0.00852	0.00860	0.08351	0.01568	0.06510	0.07949	0.38751	0.07306	0.05769	0.00927	0.00265	0.00492	0.05856	0.00594	0.00689
13	0.01629	0.12812	0.08011	0.09627	0.12361	0.01460	0.08148	0.04292	0.03449	0.10712	0.02061	0.02408	0.08331	0.00800	0.00643	0.00196	0.00713	0.04313	0.00442	0.07593
14	0.08413	0.11901	0.17234	0.05133	0.11315	0.01504	0.09138	0.02022	0.03104	0.08727	0.01420	0.01828	0.01155	0.07997	0.03117	0.00262	0.00807	0.00578	0.00381	0.03965
15	0.01563	0.01235	0.04051	0.01175	0.01489	0.01268	0.00960	0.15138	0.19156	0.06116	0.15429	0.07249	0.05145	0.01182	0.03275	0.00241	0.04619	0.00852	0.09002	0.00853

[dist]
# distance from previous block
# <min> <max>
4	24

[block]
# block no. 6 follows, 33 sequences, length 19
# corresponding to MSA columns:
# 282-300
name=unknown_G
#
# <colnr> <probs for GDERKNQSTAVLIFYWHMCP>
#	G	D	E	R	K	N	Q	S	T	A	V	L	I	F	Y	W	H	M	C	P
0	0.01533	0.10226	0.08856	0.04869	0.04233	0.01266	0.03302	0.07531	0.05768	0.10935	0.10278	0.08281	0.12389	0.03826	0.00769	0.00219	0.00597	0.00858	0.00534	0.03730
1	0.01187	0.00904	0.03717	0.01061	0.04146	0.00830	0.00780	0.06016	0.04778	0.04143	0.15972	0.15774	0.11379	0.04602	0.04553	0.07589	0.00521	0.01042	0.10351	0.00655
2	0.10653	0.10170	0.07738	0.01227	0.01611	0.09758	0.01064	0.13145	0.05683	0.04758	0.07615	0.02529	0.01845	0.11026	0.03937	0.00291	0.00743	0.04933	0.00480	0.00794
3	0.01395	0.01080	0.01276	0.03999	0.01506	0.03314	0.00863	0.04505	0.03285	0.08478	0.02536	0.19572	0.09908	0.03158	0.00877	0.00208	0.07710	0.00931	0.00509	0.24891
4	0.01812	0.02350	0.29822	0.01745	0.05259	0.09032	0.05732	0.10659	0.04190	0.11429	0.01580	0.04643	0.01205	0.00750	0.00677	0.00203	0.02518	0.00606	0.02865	0.02923
5	0.05971	0.05032	0.01757	0.13256	0.04795	0.10337	0.03983	0.11372	0.11984	0.02266	0.01775	0.08290	0.01584	0.04539	0.03187	0.00260	0.03414	0.03181	0.02207	0.00812
6	0.01981	0.01148	0.01382	0.01173	0.01534	0.01143	0.00921	0.15981	0.10748	0.25297	0.04922	0.18327	0.02362	0.03417	0.00784	0.00229	0.00541	0.02625	0.00680	0.04803
7	0.01440	0.01440	0.02016	0.01728	0.01728	0.02016	0.01440	0.01584	0.01008	0.01584	0.00864	0.01440	0.00864	0.01152	0.02160	0.00288	0.75659	0.00576	0.00288	0.00720
8	0.00955	0.00699	0.00919	0.00987	0.01136	0.00664	0.00799	0.01222	0.01596	0.02126	0.25788	0.13958	0.13670	0.01675	0.00842	0.00258	0.00452	0.31012	0.00645	0.00597
9	0.02429	0.01807	0.01934	0.01500	0.02013	0.02007	0.01233	0.64822	0.08956	0.04030	0.01675	0.01655	0.01196	0.00799	0.00660	0.00200	0.00707	0.00606	0.00660	0.01113
10	0.00812	0.00659	0.00704	0.00708	0.00893	0.00569	0.00516	0.00982	0.01490	0.01844	0.14457	0.10871	0.54176	0.07210	0.00972	0.00254	0.00356	0.01366	0.00610	0.00551
11	0.20385	0.01186	0.01423	0.01119	0.01606	0.01128	0.00924	0.05893	0.01768	0.54563	0.02179	0.01951	0.01404	0.00768	0.00605	0.00203	0.00556	0.00591	0.00717	0.01030
12	0.01323	0.01443	0.08895	0.07898	0.16148	0.01252	0.17017	0.04275	0.01587	0.02165	0.11361	0.06033	0.08818	0.00982	0.00740	0.00223	0.00742	0.07831	0.00452	0.00814
13	0.02132	0.12793	0.01679	0.01142	0.01555	0.01252	0.00952	0.05271	0.09259	0.35324	0.05435	0.09576	0.04760	0.01014	0.00666	0.00209	0.00552	0.04816	0.00668	0.00943
14	0.01732	0.05814	0.04088	0.01398	0.04638	0.10447	0.03547	0.13392	0.08121	0.06930	0.03601	0.06361	0.01666	0.10465	0.05860	0.03150	0.00781	0.00704	0.00484	0.06822
15	0.06646	0.04167	0.01877	0.04852	0.08926	0.32607	0.04964	0.04478	0.06962	0.04536	0.04579	0.06650	0.01469	0.00795	0.00627	0.00190	0.00872	0.00628	0.00427	0.03749
16	0.04644	0.03475	0.01604	0.01413	0.06388	0.10612	0.04038	0.07371	0.07857	0.09682	0.11819	0.04589	0.02129	0.03274	0.00724	0.00200	0.00635	0.02976	0.03092	0.13478
17	0.01609	0.01483	0.04533	0.03961	0.04532	0.03971	0.03277	0.13127	0.14773	0.02504	0.01774	0.01888	0.04218	0.00848	0.03272	0.00196	0.00662	0.00574	0.00479	0.32319
18	0.11426	0.03502	0.01855	0.08475	0.10386	0.07480	0.09109	0.07006	0.04199	0.06516	0.05128	0.11820	0.01763	0.02935	0.00722	0.00216	0.00702	0.00770	0.00464	0.05523

[dist]
# distance from previous block
# <min> <max>
11	40

[block]
# block no. 7 follows, 33 sequences, length 17
# corresponding to MSA columns:
# 351-367
name=unknown_H
#
# <colnr> <probs for GDERKNQSTAVLIFYWHMCP>
#	G	D	E	R	K	N	Q	S	T	A	V	L	I	F	Y	W	H	M	C	P
0	0.01809	0.10058	0.08561	0.04387	0.06138	0.03841	0.04925	0.04352	0.09564	0.17377	0.04378	0.01961	0.01475	0.01158	0.08376	0.00278	0.00801	0.00604	0.00495	0.09461
1	0.01552	0.05441	0.07075	0.01564	0.04288	0.08080	0.12480	0.04578	0.02799	0.09144	0.02538	0.12195	0.10641	0.01257	0.04212	0.00258	0.03300	0.05536	0.00484	0.02580
2	0.01141	0.00812	0.00981	0.00918	0.01150	0.00718	0.00661	0.01395	0.05008	0.06652	0.05380	0.32433	0.09843	0.10261	0.01024	0.00259	0.00448	0.01211	0.00556	0.19148
3	0.01739	0.01808	0.13555	0.03662	0.07639	0.01535	0.19013	0.15035	0.10586	0.08062	0.04357	0.02201	0.06157	0.00779	0.00697	0.00212	0.00791	0.00720	0.00495	0.00958
4	0.00979	0.00689	0.00811	0.00776	0.00876	0.00642	0.00500	0.01058	0.01188	0.01621	0.12763	0.08970	0.08408	0.43317	0.02280	0.04835	0.00531	0.01011	0.00471	0.08273
5	0.01596	0.04061	0.07567	0.08451	0.05248	0.04611	0.09056	0.09723	0.04268	0.07020	0.05972	0.08136	0.01715	0.02698	0.03249	0.00238	0.03680	0.00731	0.02322	0.09658
6	0.01178	0.05826	0.00939	0.00749	0.00963	0.00757	0.00586	0.01448	0.01566	0.06006	0.23098	0.03839	0.17255	0.01104	0.00623	0.00184	0.00353	0.00921	0.31958	0.00646
7	0.04960	0.05743	0.02120	0.05824	0.10298	0.13516	0.07246	0.11170	0.19604	0.02382	0.01549	0.01710	0.01213	0.00768	0.00801	0.00210	0.08918	0.00595	0.00454	0.00919
8	0.12852	0.01897	0.16836	0.08978	0.02328	0.01664	0.04055	0.20677	0.07480	0.08329	0.01463	0.01606	0.01065	0.00750	0.00749	0.00214	0.07074	0.00560	0.00477	0.00945
9	0.00837	0.00639	0.00759	0.00802	0.00937	0.00574	0.00575	0.01014	0.01473	0.01912	0.19472	0.28555	0.30436	0.05658	0.00936	0.00258	0.00369	0.03614	0.00624	0.00556
10	0.01619	0.01604	0.02374	0.03097	0.45390	0.08625	0.06313	0.01962	0.01460	0.02028	0.01284	0.01694	0.01086	0.00915	0.05131	0.00251	0.07672	0.00591	0.05986	0.00918
11	0.01138	0.00684	0.00852	0.00865	0.01006	0.00655	0.00634	0.01330	0.01372	0.08531	0.08436	0.22184	0.10260	0.11824	0.07664	0.00355	0.00551	0.06561	0.14492	0.00604
12	0.01689	0.45142	0.06555	0.01534	0.07870	0.04586	0.04115	0.02255	0.14173	0.01877	0.01383	0.03755	0.01189	0.00679	0.00531	0.00172	0.00714	0.00518	0.00370	0.00894
13	0.01311	0.01448	0.09539	0.10711	0.33137	0.01256	0.04816	0.01694	0.01474	0.02037	0.07716	0.10094	0.10103	0.00934	0.00699	0.00212	0.00698	0.00858	0.00411	0.00851
14	0.13382	0.08472	0.02108	0.01666	0.02072	0.49655	0.09560	0.02417	0.01682	0.01855	0.01034	0.01232	0.00847	0.00645	0.00576	0.00178	0.01045	0.00452	0.00344	0.00778
15	0.06183	0.01222	0.01785	0.57499	0.03772	0.04588	0.01588	0.01757	0.04235	0.01828	0.04921	0.01892	0.01202	0.00769	0.00726	0.03559	0.00812	0.00602	0.00339	0.00720
16	0.05058	0.05959	0.18548	0.07941	0.05297	0.01740	0.16674	0.17080	0.01771	0.05260	0.01307	0.01562	0.00973	0.00696	0.00781	0.00212	0.07213	0.00587	0.00404	0.00936

[dist]
# distance from previous block
# <min> <max>
0	1

[block]
# block no. 8 follows, 33 sequences, length 6
# corresponding to MSA columns:
# 369-374
name=unknown_I
#
# <colnr> <probs for GDERKNQSTAVLIFYWHMCP>
#	G	D	E	R	K	N	Q	S	T	A	V	L	I	F	Y	W	H	M	C	P
0	0.01772	0.01517	0.01711	0.01656	0.10160	0.10292	0.04303	0.22308	0.04967	0.04898	0.13016	0.10050	0.05356	0.01164	0.03590	0.00240	0.00717	0.00852	0.00561	0.00870
1	0.01074	0.00717	0.00861	0.00863	0.01043	0.00660	0.00635	0.01303	0.03911	0.09008	0.09199	0.24639	0.29292	0.06388	0.04738	0.00303	0.00476	0.03653	0.00615	0.00622
2	0.01955	0.01633	0.01956	0.07281	0.10251	0.06946	0.05474	0.30109	0.12291	0.02854	0.01561	0.01761	0.01198	0.00933	0.00897	0.10105	0.00751	0.00610	0.00506	0.00928
3	0.00834	0.00659	0.00729	0.00749	0.00913	0.00581	0.00545	0.00998	0.01448	0.01809	0.12544	0.13919	0.45582	0.10661	0.01099	0.00280	0.00388	0.05120	0.00598	0.00544
4	0.05242	0.01151	0.01478	0.04444	0.06823	0.01028	0.00968	0.01855	0.01384	0.12017	0.01423	0.01659	0.01131	0.01109	0.09394	0.00251	0.03472	0.00494	0.00433	0.44242
5	0.00900	0.00633	0.00770	0.00840	0.00891	0.00610	0.00559	0.00991	0.01177	0.01543	0.03192	0.29436	0.09625	0.35562	0.01969	0.00434	0.00519	0.09349	0.00515	0.00484

[dist]
# distance from previous block
# <min> <max>
0	11

# created by:
# /home/berkeley/.conda/envs/busco_data_prod/bin/msa2prfl.pl pipeline/OGs_align_augustus/4893/7888.fs
