[name]
unknown

[dist]
# distance from previous block
# <min> <max>
0	7

[block]
# block no. 0 follows, 32 sequences, length 14
# corresponding to MSA columns:
# 7-20
name=unknown_A
#
# <colnr> <probs for GDERKNQSTAVLIFYWHMCP>
#	G	D	E	R	K	N	Q	S	T	A	V	L	I	F	Y	W	H	M	C	P
0	0.10744	0.01648	0.04325	0.03525	0.03902	0.06820	0.01199	0.26810	0.06321	0.08177	0.01846	0.02463	0.01526	0.00894	0.00660	0.00210	0.00702	0.10179	0.00567	0.07479
1	0.01583	0.01830	0.12730	0.09724	0.56630	0.01580	0.02103	0.02040	0.01496	0.02142	0.01248	0.01636	0.01018	0.00610	0.00661	0.00203	0.00833	0.00583	0.00322	0.01026
2	0.01611	0.01543	0.02633	0.13132	0.63612	0.01581	0.02034	0.02015	0.01504	0.02131	0.01253	0.01677	0.01041	0.00607	0.00665	0.00202	0.00810	0.00598	0.00328	0.01022
3	0.00818	0.00584	0.00779	0.00934	0.00973	0.00545	0.00623	0.00934	0.01285	0.01713	0.03698	0.75981	0.04438	0.02102	0.00856	0.00273	0.00389	0.01908	0.00623	0.00545
4	0.02274	0.01742	0.01858	0.01488	0.01975	0.01952	0.01208	0.49164	0.24437	0.03783	0.01962	0.01891	0.01426	0.00838	0.00675	0.00210	0.00673	0.00653	0.00675	0.01116
5	0.00841	0.00612	0.00793	0.00894	0.00973	0.00564	0.00615	0.01002	0.01426	0.01913	0.17274	0.55925	0.10841	0.01924	0.00838	0.00256	0.00371	0.01728	0.00645	0.00564
6	0.01380	0.03233	0.63053	0.02044	0.02990	0.01578	0.12130	0.02128	0.01441	0.02128	0.01226	0.01473	0.00874	0.00627	0.00660	0.00214	0.01012	0.00538	0.00291	0.00979
7	0.01374	0.03272	0.64698	0.02022	0.02976	0.01575	0.10524	0.02128	0.01437	0.02128	0.01222	0.01464	0.00870	0.00629	0.00656	0.00214	0.01008	0.00531	0.00290	0.00981
8	0.01267	0.01193	0.02013	0.74806	0.04621	0.01491	0.01863	0.01714	0.01342	0.01714	0.01193	0.01789	0.00894	0.00671	0.00671	0.00224	0.00894	0.00596	0.00298	0.00745
9	0.00818	0.00584	0.00779	0.00934	0.00973	0.00545	0.00623	0.00934	0.01285	0.01713	0.03698	0.75981	0.04438	0.02102	0.00856	0.00273	0.00389	0.01908	0.00623	0.00545
10	0.02581	0.01962	0.01967	0.01537	0.02052	0.09562	0.01255	0.57778	0.02928	0.09199	0.01630	0.01620	0.01152	0.00795	0.00665	0.00199	0.00775	0.00591	0.00649	0.01103
11	0.00928	0.00761	0.01238	0.01208	0.01339	0.00711	0.10604	0.01110	0.01328	0.01776	0.03360	0.65279	0.03944	0.01880	0.00847	0.00266	0.00496	0.01747	0.00582	0.00597
12	0.03010	0.01142	0.01557	0.01194	0.01713	0.00986	0.00986	0.03270	0.01920	0.72698	0.02647	0.02284	0.01661	0.00830	0.00675	0.00208	0.00571	0.00675	0.00830	0.01142
13	0.02585	0.01237	0.01544	0.01248	0.01723	0.01203	0.01010	0.03364	0.23852	0.50515	0.02674	0.02354	0.01784	0.00856	0.00677	0.00214	0.00558	0.00701	0.00784	0.01117

[dist]
# distance from previous block
# <min> <max>
5	9

[block]
# block no. 1 follows, 32 sequences, length 11
# corresponding to MSA columns:
# 30-40
name=unknown_B
#
# <colnr> <probs for GDERKNQSTAVLIFYWHMCP>
#	G	D	E	R	K	N	Q	S	T	A	V	L	I	F	Y	W	H	M	C	P
0	0.20982	0.01692	0.01511	0.01278	0.01692	0.12902	0.01011	0.23246	0.06514	0.05102	0.01672	0.10083	0.01443	0.00877	0.00608	0.00200	0.00682	0.00666	0.00537	0.07304
1	0.01621	0.01554	0.02653	0.11158	0.65500	0.01584	0.02040	0.02025	0.01509	0.02145	0.01255	0.01673	0.01046	0.00605	0.00665	0.00202	0.00807	0.00598	0.00329	0.01031
2	0.01657	0.01498	0.02290	0.16159	0.44259	0.05748	0.01767	0.02033	0.01579	0.06668	0.08358	0.02031	0.01584	0.00709	0.00675	0.00204	0.00777	0.00654	0.00399	0.00951
3	0.09469	0.01201	0.01564	0.01303	0.01659	0.01206	0.09315	0.18238	0.01836	0.05460	0.04603	0.25101	0.07968	0.01226	0.00718	0.00222	0.00588	0.01077	0.00574	0.06674
4	0.07837	0.10435	0.01849	0.08796	0.08040	0.03475	0.01173	0.12942	0.16774	0.05544	0.05094	0.06533	0.04723	0.00885	0.00640	0.00205	0.00637	0.00720	0.00530	0.03168
5	0.01970	0.01623	0.01787	0.01620	0.09046	0.06194	0.01168	0.32742	0.05019	0.03055	0.01691	0.09006	0.01446	0.00837	0.00643	0.00183	0.00674	0.00679	0.00545	0.20069
6	0.18081	0.01439	0.01324	0.01120	0.01513	0.11162	0.00879	0.09448	0.03890	0.07640	0.12158	0.06625	0.04910	0.00895	0.00610	0.00187	0.00593	0.00702	0.00537	0.16286
7	0.15712	0.03961	0.03742	0.01311	0.01746	0.13587	0.01071	0.22259	0.04175	0.07774	0.01704	0.10808	0.01474	0.00887	0.00618	0.00199	0.00706	0.00681	0.00534	0.07050
8	0.05633	0.01606	0.06863	0.01284	0.01788	0.04556	0.01098	0.20245	0.10827	0.08433	0.07881	0.03837	0.01747	0.00800	0.00627	0.00182	0.00622	0.00637	0.00567	0.20765
9	0.02267	0.01308	0.01547	0.01242	0.01691	0.01304	0.01001	0.22128	0.09779	0.28894	0.06610	0.07299	0.04841	0.00963	0.00687	0.00206	0.00574	0.00790	0.00713	0.06156
10	0.08382	0.01709	0.13248	0.04397	0.02032	0.04435	0.06487	0.13486	0.03496	0.07565	0.10818	0.05283	0.05487	0.00875	0.00661	0.00201	0.00687	0.00731	0.00518	0.09500

[dist]
# distance from previous block
# <min> <max>
9	127

[block]
# block no. 2 follows, 32 sequences, length 11
# corresponding to MSA columns:
# 179-189
name=unknown_C
#
# <colnr> <probs for GDERKNQSTAVLIFYWHMCP>
#	G	D	E	R	K	N	Q	S	T	A	V	L	I	F	Y	W	H	M	C	P
0	0.06100	0.19799	0.05189	0.03861	0.08352	0.09070	0.03469	0.13785	0.07601	0.02417	0.05059	0.01939	0.05512	0.00766	0.00601	0.00186	0.00730	0.00597	0.00452	0.04515
1	0.04124	0.14573	0.02086	0.13510	0.06605	0.06302	0.05808	0.04763	0.04041	0.05877	0.09715	0.05304	0.03850	0.03587	0.00812	0.00218	0.04087	0.00716	0.00447	0.03577
2	0.05147	0.07004	0.07388	0.04394	0.07188	0.01345	0.04866	0.06592	0.09320	0.18692	0.07642	0.05105	0.05505	0.03579	0.00763	0.00222	0.00641	0.00754	0.00565	0.03285
3	0.05897	0.11787	0.06934	0.04536	0.02021	0.07853	0.10699	0.06181	0.05885	0.05083	0.04616	0.16807	0.01948	0.00997	0.00716	0.00212	0.02921	0.00855	0.00468	0.03586
4	0.03691	0.04096	0.09066	0.01408	0.03898	0.13446	0.03978	0.07658	0.05477	0.08929	0.07238	0.11351	0.07159	0.01001	0.00669	0.00204	0.00692	0.00830	0.05801	0.03408
5	0.04724	0.06347	0.07115	0.03926	0.03921	0.04498	0.01171	0.21724	0.04563	0.08128	0.06429	0.08017	0.06010	0.02983	0.00781	0.00217	0.02854	0.00763	0.00548	0.05280
6	0.01564	0.14448	0.07600	0.04271	0.01703	0.07173	0.01071	0.06657	0.01612	0.08427	0.07782	0.18278	0.05649	0.01281	0.03979	0.00242	0.00688	0.00908	0.00505	0.06162
7	0.10481	0.08856	0.18805	0.05815	0.04618	0.08030	0.01431	0.06842	0.05763	0.02243	0.03795	0.04110	0.04704	0.01034	0.04620	0.00250	0.03592	0.00617	0.00408	0.03986
8	0.06791	0.08090	0.04208	0.01323	0.04065	0.05022	0.04302	0.06650	0.06833	0.05904	0.02480	0.08537	0.10508	0.07061	0.07272	0.03248	0.03004	0.03457	0.00486	0.00761
9	0.01502	0.04810	0.06495	0.03992	0.04321	0.05619	0.03125	0.08843	0.08717	0.05115	0.05159	0.10152	0.07249	0.10724	0.04096	0.00301	0.00708	0.02660	0.00508	0.05904
10	0.05007	0.06097	0.20804	0.01555	0.04534	0.09821	0.05728	0.04538	0.01627	0.09298	0.09484	0.02249	0.05024	0.03935	0.00757	0.00213	0.00772	0.00655	0.00452	0.07449

[dist]
# distance from previous block
# <min> <max>
0	1

[block]
# block no. 3 follows, 32 sequences, length 19
# corresponding to MSA columns:
# 191-209
name=unknown_D
#
# <colnr> <probs for GDERKNQSTAVLIFYWHMCP>
#	G	D	E	R	K	N	Q	S	T	A	V	L	I	F	Y	W	H	M	C	P
0	0.01121	0.04549	0.01132	0.01141	0.06049	0.00832	0.00744	0.03518	0.01224	0.01622	0.02464	0.21865	0.06600	0.16030	0.05087	0.20785	0.00616	0.03638	0.00450	0.00534
1	0.01876	0.01453	0.03529	0.04461	0.10155	0.04502	0.01188	0.18790	0.09371	0.11841	0.02157	0.16764	0.01920	0.01015	0.00690	0.00210	0.00643	0.00863	0.00580	0.07991
2	0.04208	0.12211	0.07600	0.04409	0.06737	0.03369	0.12111	0.13631	0.09123	0.03708	0.01680	0.08103	0.01463	0.04309	0.00857	0.00232	0.04169	0.00724	0.00456	0.00901
3	0.01154	0.00712	0.00955	0.00933	0.01011	0.00733	0.00676	0.01113	0.01159	0.04089	0.05298	0.08757	0.13296	0.05343	0.01890	0.38084	0.06869	0.03930	0.03528	0.00470
4	0.00980	0.00765	0.04118	0.00958	0.01077	0.00641	0.00704	0.01136	0.01318	0.05281	0.06541	0.51732	0.06831	0.10622	0.03708	0.00334	0.00500	0.01578	0.00589	0.00586
5	0.01559	0.05182	0.01588	0.01121	0.01666	0.06763	0.00904	0.04556	0.04666	0.02205	0.01244	0.01423	0.01028	0.00568	0.00571	0.00123	0.02918	0.00429	0.00409	0.61076
6	0.05037	0.13184	0.20384	0.01893	0.12513	0.10733	0.01600	0.04787	0.10286	0.11037	0.01527	0.01615	0.01141	0.00693	0.00610	0.00196	0.00813	0.00537	0.00436	0.00979
7	0.14312	0.18564	0.02123	0.01425	0.01849	0.27756	0.01171	0.14087	0.05008	0.02338	0.01168	0.01305	0.00946	0.00710	0.00635	0.00185	0.04685	0.00458	0.00413	0.00862
8	0.05096	0.00827	0.01098	0.01037	0.01210	0.00874	0.03437	0.01434	0.07493	0.01990	0.16272	0.09699	0.07393	0.11542	0.26940	0.00579	0.00950	0.00982	0.00510	0.00636
9	0.01412	0.04103	0.11800	0.14617	0.07894	0.01422	0.05926	0.07607	0.09442	0.02181	0.02170	0.10836	0.05289	0.03097	0.00851	0.00243	0.03760	0.06054	0.00457	0.00837
10	0.10211	0.09771	0.28590	0.01643	0.04571	0.10881	0.04008	0.07731	0.03409	0.02292	0.04493	0.01679	0.01231	0.03913	0.00721	0.00215	0.00850	0.00541	0.00381	0.02868
11	0.01094	0.00836	0.01119	0.03875	0.07169	0.00835	0.00879	0.07228	0.01505	0.01996	0.03345	0.44176	0.08349	0.05449	0.00948	0.00278	0.00508	0.09179	0.00580	0.00651
12	0.03612	0.35515	0.06253	0.01394	0.01944	0.08072	0.03703	0.17358	0.08891	0.02400	0.01314	0.01408	0.01052	0.00670	0.00550	0.00173	0.00760	0.00484	0.00426	0.04021
13	0.01495	0.01038	0.01246	0.04238	0.01509	0.01004	0.00860	0.10937	0.06728	0.10515	0.24062	0.03828	0.15017	0.01138	0.00718	0.00204	0.00481	0.03586	0.00650	0.10748
14	0.01584	0.15917	0.21863	0.01399	0.03227	0.06009	0.01384	0.01999	0.03429	0.10470	0.06827	0.11342	0.07802	0.00993	0.00696	0.00207	0.02732	0.00799	0.00467	0.00853
15	0.01625	0.18294	0.24422	0.04473	0.06386	0.01767	0.01594	0.04225	0.19351	0.05446	0.01861	0.01916	0.04321	0.00752	0.00617	0.00201	0.00745	0.00595	0.00440	0.00968
16	0.00849	0.00613	0.00784	0.00882	0.00951	0.00569	0.00596	0.00990	0.01370	0.01831	0.14031	0.53253	0.10134	0.08540	0.01068	0.00293	0.00397	0.01680	0.00621	0.00548
17	0.00840	0.00610	0.00783	0.00888	0.00960	0.00564	0.00604	0.00983	0.01378	0.01836	0.13085	0.56474	0.11268	0.05206	0.00953	0.00276	0.00386	0.01725	0.00629	0.00553
18	0.01931	0.05184	0.05013	0.11103	0.22436	0.11544	0.07264	0.04875	0.01683	0.14535	0.01859	0.02033	0.06066	0.00744	0.00667	0.00202	0.00824	0.00647	0.00448	0.00942

[dist]
# distance from previous block
# <min> <max>
12	31

[block]
# block no. 4 follows, 32 sequences, length 31
# corresponding to MSA columns:
# 243-273
name=unknown_E
#
# <colnr> <probs for GDERKNQSTAVLIFYWHMCP>
#	G	D	E	R	K	N	Q	S	T	A	V	L	I	F	Y	W	H	M	C	P
0	0.06476	0.07002	0.05233	0.02896	0.08107	0.12076	0.03784	0.14067	0.19352	0.02606	0.05252	0.01932	0.01544	0.00965	0.03940	0.00240	0.00795	0.00621	0.00503	0.02609
1	0.01990	0.51366	0.08153	0.01306	0.01881	0.09131	0.01263	0.09708	0.01652	0.06431	0.01147	0.01250	0.00942	0.00632	0.00504	0.00162	0.00777	0.00423	0.00369	0.00912
2	0.02309	0.01755	0.01976	0.01732	0.08329	0.01930	0.01297	0.54434	0.09454	0.03797	0.01779	0.04978	0.01367	0.00854	0.00680	0.00207	0.00708	0.00676	0.00640	0.01100
3	0.09368	0.01681	0.01865	0.04933	0.04792	0.01847	0.01234	0.50894	0.02695	0.07347	0.05475	0.01798	0.01405	0.00808	0.00655	0.00204	0.00696	0.00620	0.00630	0.01055
4	0.00897	0.00869	0.07386	0.00975	0.01112	0.00660	0.00755	0.01071	0.01298	0.01750	0.07355	0.50521	0.07367	0.13262	0.01220	0.00319	0.00478	0.01570	0.00565	0.00571
5	0.01196	0.04345	0.01084	0.00947	0.01138	0.00879	0.00719	0.07849	0.01602	0.04662	0.14187	0.13544	0.16472	0.17748	0.01354	0.00326	0.00512	0.10209	0.00590	0.00637
6	0.01533	0.01810	0.12057	0.13252	0.40363	0.05498	0.04786	0.01963	0.01500	0.02047	0.01585	0.04856	0.04337	0.00728	0.00677	0.00208	0.00837	0.00673	0.00347	0.00943
7	0.01028	0.00749	0.00929	0.00994	0.01099	0.00745	0.00692	0.07307	0.04629	0.02032	0.07718	0.58123	0.04060	0.05338	0.00947	0.00278	0.00435	0.01651	0.00627	0.00621
8	0.00900	0.04116	0.00900	0.00800	0.01000	0.00687	0.00612	0.01115	0.01605	0.02055	0.24920	0.12964	0.39658	0.01602	0.00789	0.00227	0.00368	0.04440	0.00641	0.00599
9	0.05688	0.01556	0.02637	0.09962	0.59274	0.01586	0.05445	0.02030	0.01495	0.02191	0.01244	0.01650	0.01029	0.00604	0.00659	0.00203	0.00808	0.00596	0.00334	0.01010
10	0.06031	0.05015	0.59876	0.01993	0.06357	0.01592	0.05771	0.02111	0.01414	0.02167	0.01192	0.01422	0.00863	0.00629	0.00629	0.00210	0.00954	0.00505	0.00296	0.00972
11	0.01661	0.01594	0.02724	0.04119	0.72233	0.01594	0.02059	0.02059	0.01528	0.02192	0.01262	0.01661	0.01063	0.00598	0.00664	0.00199	0.00797	0.00598	0.00332	0.01063
12	0.08782	0.60995	0.11927	0.01220	0.01831	0.02417	0.01276	0.02020	0.01350	0.01774	0.00967	0.01120	0.00848	0.00586	0.00455	0.00158	0.00734	0.00376	0.00298	0.00865
13	0.03867	0.13330	0.33118	0.01770	0.05129	0.02842	0.07807	0.06736	0.01604	0.11365	0.01513	0.05345	0.01181	0.00732	0.00634	0.00204	0.00845	0.00604	0.00410	0.00964
14	0.01246	0.01176	0.05527	0.07399	0.04260	0.01102	0.04542	0.07974	0.12247	0.02203	0.03430	0.25292	0.16807	0.01376	0.00763	0.00238	0.00567	0.02522	0.00565	0.00765
15	0.00809	0.00680	0.00702	0.00697	0.00916	0.00573	0.00522	0.00994	0.01567	0.01903	0.13486	0.06309	0.65216	0.01666	0.00793	0.00225	0.00337	0.01395	0.00635	0.00573
16	0.06274	0.14473	0.23948	0.01781	0.07349	0.13410	0.04145	0.07084	0.04601	0.08873	0.01358	0.01485	0.01017	0.00671	0.00602	0.00194	0.00871	0.00510	0.00403	0.00951
17	0.01652	0.04900	0.17446	0.04540	0.12002	0.05375	0.36060	0.04467	0.01604	0.03500	0.01311	0.01656	0.00989	0.00607	0.00712	0.00213	0.01019	0.00659	0.00345	0.00943
18	0.00815	0.00592	0.00770	0.00912	0.00967	0.00547	0.00613	0.00937	0.01306	0.01722	0.03973	0.69811	0.10431	0.02066	0.00851	0.00268	0.00385	0.01864	0.00623	0.00547
19	0.01490	0.01510	0.04573	0.34621	0.16471	0.07853	0.01641	0.04941	0.06881	0.02009	0.01622	0.10412	0.01436	0.00849	0.00685	0.00219	0.00814	0.00744	0.00392	0.00836
20	0.01805	0.01673	0.08182	0.02550	0.27077	0.05109	0.11222	0.04884	0.04586	0.12880	0.01702	0.05131	0.01370	0.01131	0.07387	0.00289	0.00907	0.00696	0.00449	0.00970
21	0.01590	0.09858	0.50557	0.01904	0.06665	0.08045	0.02113	0.02261	0.04051	0.05048	0.01285	0.01458	0.00943	0.00652	0.00621	0.00202	0.00940	0.00501	0.00330	0.00974
22	0.48261	0.01495	0.01416	0.01339	0.05474	0.10640	0.06582	0.01930	0.01318	0.02528	0.01407	0.12203	0.01333	0.00843	0.00549	0.00214	0.00655	0.00648	0.00426	0.00740
23	0.01527	0.05018	0.54538	0.01898	0.02775	0.01641	0.07824	0.08234	0.04848	0.03513	0.01341	0.01523	0.00960	0.00661	0.00650	0.00211	0.00945	0.00542	0.00350	0.01000
24	0.01866	0.17257	0.05424	0.02144	0.16564	0.19963	0.09971	0.04579	0.04547	0.03213	0.01570	0.04427	0.04137	0.00741	0.00631	0.00190	0.00883	0.00619	0.00384	0.00891
25	0.00964	0.00717	0.00938	0.05276	0.01263	0.00721	0.00738	0.04348	0.04196	0.01866	0.03376	0.63417	0.03930	0.03731	0.00893	0.00274	0.00447	0.01700	0.00603	0.00602
26	0.02322	0.01638	0.08052	0.05679	0.02083	0.01531	0.01267	0.33944	0.02352	0.23089	0.02059	0.09438	0.01587	0.00923	0.00688	0.00213	0.00686	0.00748	0.00655	0.01044
27	0.05319	0.01836	0.10650	0.02868	0.37694	0.05554	0.04963	0.05400	0.07799	0.05222	0.05053	0.01858	0.01395	0.00694	0.00661	0.00205	0.00786	0.00624	0.00419	0.01001
28	0.01532	0.01818	0.13059	0.05953	0.18352	0.05950	0.09317	0.03696	0.16633	0.02266	0.04790	0.06105	0.05834	0.00857	0.00698	0.00216	0.00770	0.00770	0.00456	0.00928
29	0.01491	0.17098	0.42911	0.01690	0.02433	0.08075	0.04894	0.02031	0.01443	0.01936	0.01401	0.09013	0.01229	0.00778	0.00624	0.00203	0.00903	0.00622	0.00327	0.00898
30	0.01260	0.01138	0.01423	0.09512	0.08248	0.07427	0.03923	0.04527	0.05508	0.01925	0.02642	0.40348	0.02899	0.04923	0.00893	0.00261	0.00622	0.01297	0.00519	0.00701

[dist]
# distance from previous block
# <min> <max>
0	33

[block]
# block no. 5 follows, 32 sequences, length 34
# corresponding to MSA columns:
# 307-340
name=unknown_F
#
# <colnr> <probs for GDERKNQSTAVLIFYWHMCP>
#	G	D	E	R	K	N	Q	S	T	A	V	L	I	F	Y	W	H	M	C	P
0	0.01540	0.05709	0.02403	0.35855	0.27629	0.01555	0.05696	0.01950	0.01468	0.05827	0.03181	0.01818	0.01146	0.00661	0.00665	0.00209	0.00831	0.00615	0.00353	0.00890
1	0.01821	0.01681	0.02567	0.02199	0.10226	0.08042	0.24762	0.10939	0.01707	0.07842	0.01546	0.04755	0.01307	0.06983	0.01129	0.00259	0.10180	0.00736	0.00432	0.00885
2	0.02103	0.02017	0.05737	0.04082	0.05464	0.16761	0.01309	0.31721	0.10085	0.02959	0.01788	0.09633	0.01512	0.00909	0.00676	0.00207	0.00798	0.00719	0.00549	0.00967
3	0.02037	0.10772	0.05731	0.02006	0.12333	0.28636	0.06837	0.04749	0.09502	0.05512	0.01414	0.01592	0.01121	0.00876	0.03815	0.00228	0.00979	0.00547	0.00407	0.00904
4	0.01633	0.01762	0.13162	0.01818	0.07655	0.04196	0.11678	0.05248	0.22681	0.07308	0.04668	0.09056	0.04246	0.00925	0.00710	0.00222	0.00725	0.00829	0.00532	0.00946
5	0.00878	0.00760	0.00764	0.00780	0.00972	0.03365	0.00571	0.01052	0.01535	0.01871	0.12169	0.18341	0.51186	0.01701	0.00797	0.00231	0.00380	0.01446	0.00623	0.00577
6	0.01800	0.05952	0.02594	0.08286	0.51082	0.01735	0.01854	0.14138	0.01796	0.02487	0.01301	0.01627	0.01054	0.00638	0.00652	0.00198	0.00789	0.00585	0.00388	0.01044
7	0.09430	0.01647	0.02024	0.04602	0.18361	0.06536	0.04340	0.23416	0.04648	0.12212	0.01681	0.05206	0.01311	0.00786	0.00656	0.00207	0.00740	0.00654	0.00539	0.01005
8	0.00909	0.00650	0.00851	0.00981	0.01048	0.00624	0.00687	0.03316	0.01366	0.01817	0.03563	0.63920	0.04203	0.04336	0.00937	0.00286	0.00434	0.08887	0.00617	0.00569
9	0.06224	0.03969	0.07987	0.24923	0.22866	0.12317	0.01729	0.02177	0.07626	0.02041	0.01304	0.01638	0.01026	0.00666	0.00636	0.00205	0.00863	0.00558	0.00354	0.00891
10	0.01792	0.06606	0.09874	0.07783	0.35204	0.04640	0.04051	0.08042	0.07219	0.06190	0.01447	0.01690	0.01125	0.00664	0.00652	0.00201	0.00809	0.00589	0.00407	0.01015
11	0.01668	0.05784	0.05271	0.07301	0.35045	0.04129	0.04288	0.05621	0.15113	0.02313	0.01668	0.02118	0.01381	0.00748	0.00673	0.00210	0.00769	0.04481	0.00427	0.00991
12	0.01032	0.00857	0.00935	0.00934	0.01107	0.04704	0.00695	0.04168	0.01592	0.02055	0.19265	0.21210	0.24515	0.02032	0.09608	0.00335	0.00595	0.03139	0.00603	0.00618
13	0.06242	0.01730	0.07421	0.02296	0.23931	0.09030	0.06760	0.04812	0.12767	0.02310	0.04175	0.03908	0.03956	0.04363	0.00792	0.00228	0.00756	0.00699	0.02913	0.00910
14	0.04252	0.14976	0.17271	0.06338	0.17663	0.15203	0.01683	0.02280	0.06081	0.04127	0.01265	0.01484	0.01004	0.00669	0.00648	0.00194	0.03072	0.00510	0.00354	0.00924
15	0.01097	0.00799	0.01157	0.01143	0.01297	0.00782	0.06220	0.03386	0.03692	0.04281	0.03140	0.45527	0.03482	0.04094	0.04441	0.00311	0.00567	0.08773	0.05172	0.00640
16	0.01403	0.04953	0.50968	0.07638	0.04803	0.05485	0.04943	0.02051	0.01484	0.02099	0.06819	0.01734	0.01304	0.00696	0.00652	0.00209	0.00935	0.00569	0.00328	0.00927
17	0.06417	0.01935	0.09544	0.01558	0.05670	0.19499	0.01257	0.07899	0.07112	0.07793	0.04979	0.02015	0.01504	0.03998	0.13417	0.00368	0.03121	0.00614	0.00456	0.00845
18	0.01616	0.24467	0.29507	0.01806	0.06749	0.08260	0.07147	0.02167	0.04873	0.01988	0.04543	0.01568	0.01199	0.00663	0.00597	0.00190	0.00875	0.00527	0.00338	0.00918
19	0.01269	0.01108	0.01080	0.01054	0.01239	0.09765	0.00773	0.09019	0.02774	0.02081	0.09778	0.27531	0.14895	0.07986	0.04181	0.00306	0.00607	0.03323	0.00576	0.00654
20	0.06728	0.09453	0.17631	0.04212	0.06605	0.05908	0.03737	0.18377	0.04773	0.08800	0.04215	0.03753	0.01363	0.00766	0.00635	0.00202	0.00779	0.00609	0.00484	0.00969
21	0.01609	0.09243	0.09840	0.08294	0.01906	0.09717	0.01155	0.05280	0.04014	0.10291	0.09360	0.07313	0.14958	0.01039	0.00675	0.00206	0.00662	0.00847	0.02784	0.00807
22	0.01271	0.01057	0.03946	0.01532	0.11622	0.01006	0.01010	0.03826	0.14044	0.05022	0.02919	0.41372	0.03076	0.01478	0.00763	0.00243	0.00512	0.01324	0.03199	0.00776
23	0.01642	0.01995	0.13789	0.08919	0.23246	0.10629	0.09601	0.06859	0.01632	0.02150	0.01526	0.08020	0.01361	0.00815	0.00730	0.00216	0.02652	0.02928	0.00381	0.00909
24	0.03952	0.20505	0.21190	0.06065	0.08557	0.10095	0.07073	0.05130	0.04947	0.02090	0.03574	0.01556	0.01139	0.00666	0.00603	0.00192	0.00869	0.00531	0.00356	0.00911
25	0.06236	0.21798	0.23576	0.01890	0.12172	0.01753	0.06482	0.03289	0.01520	0.07288	0.06759	0.01718	0.01380	0.00684	0.00600	0.00193	0.00787	0.00559	0.00385	0.00932
26	0.01127	0.04162	0.01192	0.01100	0.01273	0.00936	0.03135	0.06857	0.09907	0.02059	0.03328	0.52725	0.06124	0.01720	0.00797	0.00252	0.00472	0.01540	0.00610	0.00682
27	0.01844	0.14489	0.11760	0.07596	0.07694	0.11303	0.07190	0.09507	0.02810	0.07584	0.03009	0.01854	0.03198	0.03627	0.00796	0.00216	0.03612	0.00598	0.00417	0.00897
28	0.01717	0.15763	0.20459	0.06896	0.17622	0.04225	0.09816	0.02254	0.04891	0.08104	0.01377	0.01598	0.01049	0.00643	0.00630	0.00198	0.00859	0.00560	0.00371	0.00966
29	0.04264	0.01673	0.05454	0.07131	0.28311	0.09109	0.04215	0.09194	0.01691	0.02292	0.05068	0.08884	0.01716	0.00897	0.00754	0.00217	0.03814	0.03991	0.00428	0.00896
30	0.01759	0.04633	0.01812	0.01800	0.14376	0.11334	0.03716	0.09690	0.10516	0.08003	0.11414	0.06366	0.09748	0.00983	0.00695	0.00207	0.00673	0.00833	0.00552	0.00889
31	0.01821	0.05102	0.12516	0.03695	0.02266	0.14074	0.11315	0.17207	0.07772	0.02535	0.06754	0.02095	0.04408	0.01005	0.04232	0.00247	0.00905	0.00672	0.00473	0.00907
32	0.04019	0.10718	0.20651	0.04515	0.10611	0.10826	0.08948	0.06529	0.03620	0.08538	0.01451	0.04066	0.01141	0.00711	0.00639	0.00201	0.00877	0.00594	0.00404	0.00943
33	0.01256	0.01077	0.01078	0.01065	0.01230	0.10760	0.00782	0.01480	0.03807	0.05695	0.05043	0.25189	0.14255	0.07217	0.14309	0.00417	0.02991	0.01177	0.00529	0.00640

[dist]
# distance from previous block
# <min> <max>
0	14

[block]
# block no. 6 follows, 32 sequences, length 23
# corresponding to MSA columns:
# 355-377
name=unknown_G
#
# <colnr> <probs for GDERKNQSTAVLIFYWHMCP>
#	G	D	E	R	K	N	Q	S	T	A	V	L	I	F	Y	W	H	M	C	P
0	0.01859	0.14030	0.11071	0.01987	0.16310	0.04421	0.01496	0.13838	0.04458	0.08402	0.01693	0.04818	0.03788	0.00828	0.00785	0.00206	0.07959	0.00637	0.00453	0.00960
1	0.01835	0.27592	0.11975	0.01562	0.05338	0.13635	0.04280	0.07829	0.04052	0.04789	0.01601	0.04824	0.04105	0.03024	0.00674	0.00198	0.00814	0.00594	0.00399	0.00879
2	0.01225	0.00818	0.01005	0.01018	0.01191	0.00795	0.00748	0.08924	0.03205	0.07906	0.05440	0.46520	0.11501	0.01748	0.00812	0.00253	0.00451	0.05109	0.00649	0.00681
3	0.01590	0.02091	0.19115	0.07624	0.13439	0.04446	0.22071	0.06248	0.09140	0.02277	0.01538	0.04617	0.01223	0.00711	0.00704	0.00217	0.00917	0.00694	0.00390	0.00950
4	0.05936	0.01758	0.05385	0.05306	0.19267	0.08794	0.05975	0.17436	0.05617	0.08400	0.01881	0.04512	0.05125	0.00806	0.00670	0.00207	0.00775	0.00684	0.00496	0.00969
5	0.01576	0.04646	0.11958	0.09868	0.16653	0.04229	0.24806	0.03603	0.01580	0.04223	0.03262	0.02187	0.04040	0.00728	0.00713	0.00216	0.00913	0.03513	0.00379	0.00906
6	0.01031	0.00873	0.00932	0.00984	0.01076	0.06688	0.00690	0.01176	0.01383	0.01801	0.10127	0.43880	0.09933	0.08088	0.01098	0.00283	0.04448	0.01478	0.03455	0.00576
7	0.03577	0.09006	0.11291	0.09933	0.20005	0.04229	0.07823	0.02285	0.10412	0.07434	0.06190	0.01947	0.01500	0.00718	0.00654	0.00205	0.00781	0.00635	0.00430	0.00945
8	0.07268	0.10488	0.33833	0.01671	0.04836	0.09619	0.01735	0.07466	0.05848	0.05658	0.01575	0.01684	0.04055	0.00719	0.00611	0.00200	0.00851	0.00541	0.00397	0.00943
9	0.04998	0.01263	0.01481	0.03656	0.04284	0.01339	0.01015	0.28059	0.03616	0.10422	0.08485	0.15035	0.02297	0.01201	0.03029	0.00241	0.00615	0.00892	0.07175	0.00898
10	0.01833	0.04844	0.12065	0.10016	0.05423	0.25327	0.05483	0.02437	0.12886	0.04541	0.01762	0.05013	0.03861	0.00804	0.00657	0.00204	0.00903	0.00647	0.00423	0.00869
11	0.01883	0.13405	0.10153	0.01886	0.15182	0.06361	0.01412	0.11388	0.06832	0.10893	0.05659	0.04668	0.03828	0.00831	0.00682	0.00200	0.02619	0.00668	0.00493	0.00958
12	0.01641	0.08234	0.10830	0.02593	0.29514	0.07418	0.09350	0.02099	0.04178	0.04853	0.06399	0.02170	0.06276	0.00752	0.00669	0.00201	0.00803	0.00680	0.00404	0.00937
13	0.01075	0.00869	0.00959	0.00949	0.01120	0.03899	0.00702	0.06548	0.01544	0.01988	0.10611	0.20427	0.23606	0.07878	0.12191	0.00397	0.00674	0.03378	0.00569	0.00617
14	0.01681	0.01894	0.12601	0.06410	0.29730	0.06697	0.09912	0.05210	0.01611	0.05907	0.01773	0.02034	0.06847	0.00747	0.00748	0.00211	0.03983	0.00665	0.00390	0.00950
15	0.01781	0.24676	0.22978	0.05818	0.02422	0.06175	0.07816	0.09155	0.01649	0.06740	0.01353	0.04136	0.01085	0.00700	0.00604	0.00192	0.00854	0.00558	0.00382	0.00927
16	0.01184	0.00738	0.00966	0.01009	0.01149	0.00711	0.00734	0.01462	0.05735	0.10584	0.09044	0.45017	0.03866	0.04678	0.04056	0.00308	0.00503	0.06951	0.00642	0.00661
17	0.01563	0.12067	0.04584	0.04330	0.17768	0.06902	0.05849	0.04979	0.10976	0.02166	0.04905	0.12106	0.04593	0.00939	0.00668	0.00207	0.00702	0.00819	0.03006	0.00872
18	0.04992	0.11253	0.09312	0.02506	0.27824	0.05807	0.09898	0.02022	0.04506	0.02108	0.04592	0.06811	0.03929	0.00785	0.00657	0.00203	0.00784	0.00710	0.00389	0.00910
19	0.01598	0.11937	0.28064	0.07746	0.02725	0.05912	0.15816	0.04615	0.01546	0.05434	0.01472	0.07434	0.01225	0.00752	0.00664	0.00209	0.00913	0.00668	0.00368	0.00902
20	0.01495	0.01635	0.07589	0.14924	0.08884	0.11676	0.05429	0.04456	0.06122	0.02030	0.04371	0.07843	0.03693	0.01332	0.08446	0.00306	0.03979	0.00750	0.04242	0.00798
21	0.01729	0.16208	0.29574	0.01621	0.04273	0.07488	0.01659	0.12734	0.04297	0.04457	0.01643	0.06485	0.03405	0.00800	0.00625	0.00199	0.00824	0.00622	0.00415	0.00941
22	0.01925	0.16042	0.11021	0.06433	0.10312	0.11258	0.01438	0.12176	0.04340	0.09367	0.01623	0.08223	0.01372	0.00816	0.00630	0.00197	0.00789	0.00650	0.00456	0.00931

[dist]
# distance from previous block
# <min> <max>
10	22

[block]
# block no. 7 follows, 32 sequences, length 16
# corresponding to MSA columns:
# 401-416
name=unknown_H
#
# <colnr> <probs for GDERKNQSTAVLIFYWHMCP>
#	G	D	E	R	K	N	Q	S	T	A	V	L	I	F	Y	W	H	M	C	P
0	0.07702	0.04460	0.02123	0.06138	0.32360	0.01388	0.06017	0.02075	0.04722	0.09150	0.01749	0.08926	0.01506	0.00799	0.00647	0.00206	0.00682	0.00726	0.07703	0.00921
1	0.04318	0.19108	0.24015	0.05781	0.05619	0.05669	0.06453	0.05589	0.07242	0.02154	0.03880	0.04588	0.01324	0.00736	0.00615	0.00199	0.00822	0.00597	0.00381	0.00908
2	0.03540	0.21271	0.16722	0.04249	0.15944	0.03785	0.03593	0.09638	0.01690	0.08679	0.03890	0.01619	0.01204	0.00676	0.00602	0.00190	0.00789	0.00542	0.00410	0.00968
3	0.01434	0.02146	0.27555	0.10991	0.07309	0.03734	0.07333	0.03725	0.14572	0.02194	0.01955	0.07867	0.04530	0.00853	0.00689	0.00221	0.00816	0.00742	0.00421	0.00914
4	0.01291	0.01124	0.00989	0.00949	0.01189	0.12698	0.00708	0.01469	0.01608	0.08304	0.08412	0.16031	0.39728	0.01499	0.00761	0.00222	0.00511	0.01252	0.00602	0.00654
5	0.01639	0.05084	0.15994	0.01968	0.13985	0.12838	0.03820	0.02263	0.13007	0.04394	0.01931	0.09743	0.03769	0.02805	0.00801	0.00225	0.03653	0.00751	0.00438	0.00893
6	0.06781	0.09292	0.16566	0.01628	0.02226	0.03363	0.11721	0.17357	0.06036	0.09093	0.06524	0.01960	0.02944	0.00765	0.00654	0.00205	0.00779	0.00643	0.00501	0.00962
7	0.01105	0.00741	0.00950	0.01008	0.01130	0.00717	0.00722	0.06971	0.01541	0.05766	0.09049	0.56483	0.04137	0.01852	0.00829	0.00260	0.00434	0.05020	0.00647	0.00638
8	0.01519	0.01994	0.17280	0.19685	0.13144	0.06335	0.15260	0.02188	0.09194	0.02066	0.01419	0.01766	0.01086	0.00809	0.03165	0.00244	0.00959	0.00625	0.00356	0.00906
9	0.01828	0.07150	0.19882	0.01752	0.04203	0.07825	0.11182	0.06943	0.10662	0.12140	0.01845	0.08403	0.01492	0.00832	0.00676	0.00212	0.00817	0.00719	0.00483	0.00954
10	0.08117	0.05512	0.19608	0.02001	0.09682	0.08592	0.11893	0.14122	0.03933	0.04453	0.01458	0.05000	0.01167	0.00735	0.00652	0.00207	0.00865	0.00626	0.00425	0.00951
11	0.00989	0.00735	0.00917	0.01006	0.03104	0.00705	0.00676	0.05836	0.01496	0.01987	0.11288	0.44525	0.13596	0.08604	0.01055	0.00287	0.00434	0.01548	0.00611	0.00602
12	0.01795	0.13346	0.22232	0.01987	0.09050	0.05272	0.12302	0.11039	0.04259	0.07062	0.01491	0.04548	0.01178	0.00719	0.00649	0.00202	0.00863	0.00620	0.00416	0.00969
13	0.01777	0.11684	0.05505	0.14985	0.10482	0.06797	0.03822	0.04842	0.13805	0.10020	0.04673	0.02047	0.03366	0.00779	0.00683	0.00205	0.02495	0.00640	0.00472	0.00922
14	0.01432	0.04214	0.01594	0.04796	0.10306	0.01170	0.03823	0.12004	0.03853	0.05246	0.06118	0.24567	0.07085	0.01351	0.00765	0.00238	0.00592	0.09483	0.00570	0.00791
15	0.01601	0.05139	0.11899	0.19992	0.12575	0.07236	0.05917	0.07630	0.08274	0.02186	0.03801	0.01830	0.01263	0.00900	0.03651	0.00247	0.03962	0.00614	0.00391	0.00894

[dist]
# distance from previous block
# <min> <max>
0	7

[block]
# block no. 8 follows, 32 sequences, length 46
# corresponding to MSA columns:
# 424-469
name=unknown_I
#
# <colnr> <probs for GDERKNQSTAVLIFYWHMCP>
#	G	D	E	R	K	N	Q	S	T	A	V	L	I	F	Y	W	H	M	C	P
0	0.01873	0.14946	0.11655	0.01957	0.14469	0.08258	0.05175	0.05075	0.12503	0.10722	0.05591	0.01889	0.01507	0.00734	0.00633	0.00197	0.00767	0.00608	0.00470	0.00972
1	0.01768	0.12524	0.10629	0.01824	0.06161	0.12901	0.12575	0.06954	0.06225	0.05289	0.01665	0.11106	0.01492	0.00879	0.00753	0.00210	0.04996	0.00740	0.00428	0.00880
2	0.01205	0.00870	0.04912	0.00988	0.01153	0.00727	0.00747	0.03845	0.01363	0.09464	0.03099	0.38966	0.07657	0.12696	0.01355	0.07910	0.00509	0.01352	0.00565	0.00614
3	0.01735	0.06740	0.32544	0.01898	0.09193	0.06706	0.03684	0.11904	0.04591	0.06541	0.01680	0.04751	0.03524	0.00773	0.00653	0.00207	0.00850	0.00627	0.00424	0.00974
4	0.01550	0.09612	0.24722	0.06250	0.13597	0.04450	0.08205	0.02353	0.15535	0.02166	0.01590	0.04291	0.01271	0.00728	0.00653	0.00209	0.00836	0.00632	0.00393	0.00958
5	0.04764	0.04006	0.24468	0.05855	0.08056	0.01338	0.03847	0.02145	0.09058	0.09707	0.02190	0.09021	0.04744	0.00967	0.00693	0.00226	0.00737	0.06808	0.00473	0.00898
6	0.01586	0.02081	0.19702	0.07262	0.25189	0.06040	0.07986	0.04970	0.08669	0.02258	0.04206	0.01962	0.03632	0.00721	0.00677	0.00209	0.00845	0.00646	0.00394	0.00964
7	0.04397	0.04599	0.03597	0.03757	0.11001	0.09734	0.05090	0.09388	0.07080	0.09241	0.04300	0.10473	0.05882	0.01044	0.00706	0.00220	0.00710	0.07380	0.00532	0.00869
8	0.03270	0.04663	0.13516	0.02212	0.23332	0.08207	0.01531	0.06476	0.08802	0.02265	0.04882	0.10150	0.06004	0.00921	0.00677	0.00210	0.00735	0.00786	0.00450	0.00911
9	0.01315	0.00944	0.01182	0.01095	0.01199	0.01054	0.00799	0.08023	0.01355	0.06259	0.02401	0.21284	0.05092	0.25531	0.01969	0.03212	0.15085	0.01080	0.00496	0.00626
10	0.01699	0.14282	0.09242	0.08083	0.11444	0.10936	0.17406	0.02223	0.07413	0.03964	0.01501	0.06117	0.01265	0.00732	0.00659	0.00203	0.00887	0.00668	0.00382	0.00895
11	0.05961	0.07169	0.09104	0.03579	0.08626	0.01367	0.01265	0.09899	0.05950	0.09041	0.05273	0.07997	0.06985	0.01096	0.00746	0.00228	0.02764	0.11551	0.00537	0.00862
12	0.01463	0.05189	0.39412	0.09557	0.27080	0.01603	0.02228	0.02059	0.01446	0.02090	0.01214	0.01525	0.00928	0.00625	0.00643	0.00207	0.00905	0.00536	0.00302	0.00988
13	0.01210	0.01059	0.01422	0.01730	0.17490	0.04276	0.01075	0.03960	0.01442	0.01922	0.05423	0.08139	0.15794	0.02583	0.26949	0.00527	0.01032	0.02786	0.00455	0.00725
14	0.01616	0.10656	0.28380	0.05083	0.22970	0.08313	0.09499	0.02132	0.01503	0.02029	0.01193	0.01488	0.00934	0.00617	0.00638	0.00199	0.00937	0.00541	0.00310	0.00960
15	0.05017	0.01651	0.07149	0.04240	0.04698	0.04441	0.01251	0.23126	0.10253	0.22997	0.02068	0.06744	0.01552	0.00873	0.00671	0.00212	0.00682	0.00704	0.00636	0.01035
16	0.00835	0.00610	0.00776	0.00900	0.00969	0.00564	0.00615	0.00961	0.01314	0.01717	0.04042	0.58955	0.13888	0.06243	0.00996	0.00289	0.00407	0.04765	0.00610	0.00544
17	0.01507	0.01835	0.13558	0.17673	0.22484	0.04460	0.13079	0.04113	0.03996	0.02106	0.01766	0.02080	0.06884	0.00726	0.00692	0.00213	0.00871	0.00680	0.00366	0.00909
18	0.01471	0.02322	0.35910	0.04741	0.14186	0.01430	0.01874	0.09221	0.01599	0.03758	0.01765	0.08269	0.04062	0.03461	0.02790	0.00254	0.00853	0.00712	0.00394	0.00929
19	0.02216	0.01586	0.01636	0.01363	0.01799	0.07763	0.01086	0.20100	0.27633	0.18885	0.04365	0.02335	0.04378	0.00889	0.00678	0.00211	0.00638	0.00710	0.00684	0.01045
20	0.02324	0.01933	0.01873	0.01529	0.01978	0.12624	0.01229	0.39840	0.17424	0.06223	0.01776	0.01764	0.01305	0.00829	0.00733	0.00207	0.04129	0.00614	0.00615	0.01052
21	0.01741	0.01928	0.07151	0.11006	0.11752	0.17361	0.11274	0.04334	0.07524	0.04079	0.05447	0.02035	0.03866	0.00780	0.00752	0.00209	0.04547	0.00660	0.02685	0.00869
22	0.09933	0.20603	0.30964	0.01683	0.04923	0.04570	0.06371	0.02169	0.04574	0.04292	0.01300	0.03493	0.01040	0.00676	0.00584	0.00196	0.00835	0.00527	0.00351	0.00916
23	0.01513	0.02497	0.31404	0.02300	0.03017	0.04619	0.32541	0.02103	0.01469	0.02061	0.01231	0.01590	0.00929	0.00666	0.00875	0.00226	0.09094	0.00636	0.00312	0.00916
24	0.00854	0.00677	0.00767	0.00756	0.00946	0.00590	0.00563	0.01076	0.01655	0.02139	0.31211	0.09849	0.43340	0.01598	0.00796	0.00223	0.00334	0.01367	0.00667	0.00590
25	0.04546	0.03651	0.04003	0.01333	0.01711	0.09792	0.01085	0.06353	0.33994	0.08711	0.02583	0.07713	0.04628	0.01025	0.00689	0.00224	0.00634	0.05779	0.00611	0.00934
26	0.01723	0.01516	0.01837	0.27795	0.02844	0.08654	0.03393	0.10834	0.16331	0.06464	0.01927	0.04664	0.03976	0.00858	0.00751	0.00221	0.04144	0.00702	0.00487	0.00879
27	0.00818	0.00584	0.00779	0.00934	0.00973	0.00545	0.00623	0.00934	0.01285	0.01713	0.03698	0.75981	0.04438	0.02102	0.00856	0.00273	0.00389	0.01908	0.00623	0.00545
28	0.01346	0.03471	0.72942	0.01912	0.02904	0.01558	0.02479	0.02125	0.01417	0.02125	0.01204	0.01417	0.00850	0.00637	0.00637	0.00212	0.00992	0.00496	0.00283	0.00992
29	0.09487	0.01441	0.01538	0.01301	0.01711	0.01585	0.01044	0.27171	0.23681	0.08101	0.02469	0.07292	0.05676	0.00998	0.00680	0.00221	0.00592	0.03373	0.00654	0.00986
30	0.01828	0.12001	0.02212	0.08595	0.17285	0.07291	0.04148	0.11369	0.08681	0.07471	0.08371	0.02168	0.04113	0.00794	0.00653	0.00199	0.00729	0.00668	0.00489	0.00936
31	0.00843	0.00626	0.00783	0.00898	0.00988	0.00575	0.00632	0.00986	0.01352	0.01747	0.04322	0.51039	0.19533	0.04876	0.00948	0.00280	0.00410	0.07995	0.00614	0.00551
32	0.01346	0.03471	0.72942	0.01912	0.02904	0.01558	0.02479	0.02125	0.01417	0.02125	0.01204	0.01417	0.00850	0.00637	0.00637	0.00212	0.00992	0.00496	0.00283	0.00992
33	0.01559	0.01887	0.12504	0.12377	0.05662	0.01645	0.41896	0.02089	0.01500	0.04792	0.01328	0.01744	0.00996	0.00644	0.00848	0.00227	0.06362	0.00701	0.00342	0.00897
34	0.00965	0.00666	0.00866	0.00982	0.01065	0.00641	0.00681	0.01206	0.05705	0.04551	0.03591	0.66110	0.04160	0.01969	0.00841	0.00268	0.00413	0.04081	0.00635	0.00603
35	0.01294	0.01220	0.02061	0.69941	0.09275	0.01498	0.01877	0.01738	0.01354	0.01747	0.01197	0.01780	0.00906	0.00666	0.00670	0.00222	0.00888	0.00596	0.00300	0.00767
36	0.00795	0.00671	0.00689	0.00704	0.00913	0.00564	0.00521	0.00960	0.01506	0.01803	0.06504	0.13044	0.65564	0.01737	0.00799	0.00231	0.00345	0.01463	0.00623	0.00564
37	0.01499	0.09366	0.38821	0.04243	0.09381	0.01679	0.15651	0.05138	0.01528	0.02158	0.01311	0.03826	0.01031	0.00668	0.00661	0.00209	0.00944	0.00604	0.00328	0.00955
38	0.01095	0.00689	0.00903	0.00978	0.01086	0.00647	0.00682	0.03732	0.01439	0.08571	0.06314	0.63332	0.04130	0.01904	0.00830	0.00261	0.00416	0.01714	0.00649	0.00627
39	0.01688	0.25554	0.39702	0.01617	0.02404	0.01982	0.01868	0.13651	0.01696	0.02317	0.01191	0.01346	0.00903	0.00647	0.00580	0.00190	0.00865	0.00473	0.00351	0.00977
40	0.05016	0.09445	0.04919	0.03962	0.06927	0.32548	0.06279	0.08479	0.04218	0.02064	0.01423	0.01616	0.04017	0.00752	0.00719	0.00194	0.05635	0.00546	0.00388	0.00851
41	0.04230	0.03661	0.01637	0.01384	0.03862	0.13147	0.03400	0.19149	0.04270	0.07820	0.06257	0.07941	0.03789	0.05757	0.02384	0.00244	0.00722	0.00757	0.05127	0.04463
42	0.01895	0.01953	0.06593	0.11525	0.07503	0.15790	0.04359	0.17053	0.14202	0.02527	0.01639	0.01978	0.01305	0.03404	0.00760	0.00221	0.00839	0.02572	0.00476	0.03405
43	0.01805	0.09767	0.04860	0.04253	0.09360	0.04632	0.10110	0.12058	0.09984	0.08835	0.04630	0.06895	0.01658	0.01043	0.04044	0.00250	0.03660	0.00731	0.00498	0.00928
44	0.04782	0.10811	0.04422	0.01842	0.13021	0.17594	0.03242	0.08305	0.10391	0.09003	0.01987	0.02115	0.06806	0.00806	0.00636	0.00197	0.00786	0.01851	0.00480	0.00924
45	0.04196	0.01744	0.09392	0.07447	0.08196	0.03400	0.01373	0.24444	0.12223	0.08010	0.01926	0.04390	0.03684	0.00822	0.00659	0.00205	0.00706	0.00665	0.00549	0.05969

[dist]
# distance from previous block
# <min> <max>
3	29

[block]
# block no. 9 follows, 32 sequences, length 126
# corresponding to MSA columns:
# 499-624
name=unknown_J
#
# <colnr> <probs for GDERKNQSTAVLIFYWHMCP>
#	G	D	E	R	K	N	Q	S	T	A	V	L	I	F	Y	W	H	M	C	P
0	0.03977	0.07592	0.15720	0.07040	0.02435	0.10046	0.12175	0.09003	0.06524	0.06364	0.03877	0.04657	0.01389	0.00916	0.03076	0.00238	0.02981	0.00657	0.00434	0.00897
1	0.01795	0.12951	0.02272	0.07486	0.09681	0.08974	0.06394	0.10337	0.01638	0.06665	0.01668	0.01988	0.05796	0.03655	0.02612	0.00247	0.13933	0.00634	0.00415	0.00857
2	0.02968	0.06196	0.01228	0.01045	0.01258	0.03260	0.00778	0.03994	0.11002	0.06811	0.04791	0.32229	0.06206	0.04361	0.01012	0.07667	0.00511	0.01192	0.00569	0.02924
3	0.01834	0.04356	0.04455	0.05838	0.06072	0.03825	0.12122	0.17823	0.06625	0.09897	0.05397	0.09410	0.01972	0.00975	0.00723	0.00222	0.00741	0.06239	0.00552	0.00921
4	0.01775	0.06377	0.25043	0.09701	0.04925	0.03761	0.04055	0.21444	0.07408	0.02678	0.01443	0.01651	0.01081	0.02136	0.00696	0.00211	0.00838	0.00568	0.00439	0.03768
5	0.01676	0.05459	0.03430	0.08308	0.11536	0.06980	0.46067	0.04261	0.01620	0.02122	0.01298	0.01705	0.00999	0.00595	0.00733	0.00214	0.01047	0.00701	0.00344	0.00908
6	0.01019	0.00979	0.06357	0.01161	0.01323	0.00968	0.00967	0.01262	0.01134	0.01619	0.02093	0.09517	0.05222	0.07322	0.47315	0.00797	0.09086	0.00846	0.00387	0.00626
7	0.04814	0.02018	0.12783	0.04938	0.18377	0.14609	0.03915	0.04306	0.06884	0.04272	0.01553	0.06171	0.01340	0.00971	0.03286	0.00245	0.06108	0.02114	0.00404	0.00895
8	0.01330	0.07913	0.05002	0.06760	0.05106	0.01162	0.03475	0.04432	0.04147	0.06730	0.07247	0.22317	0.11688	0.01328	0.00801	0.00234	0.03480	0.05555	0.00540	0.00752
9	0.01053	0.00737	0.01045	0.01060	0.01202	0.00687	0.04846	0.01273	0.03726	0.07057	0.03722	0.57334	0.09964	0.01838	0.00828	0.00259	0.00448	0.01666	0.00623	0.00631
10	0.01494	0.01982	0.18464	0.10686	0.15511	0.01555	0.27325	0.04391	0.01555	0.02167	0.04238	0.01917	0.01253	0.03512	0.00816	0.00233	0.00949	0.00688	0.00352	0.00913
11	0.01616	0.05963	0.28224	0.06501	0.07893	0.05722	0.13703	0.02301	0.08951	0.05503	0.01424	0.01660	0.01069	0.00699	0.00768	0.00216	0.05876	0.00594	0.00371	0.00946
12	0.01479	0.05300	0.32117	0.05865	0.03246	0.01666	0.36332	0.02113	0.01495	0.02097	0.01271	0.01620	0.00937	0.00600	0.00709	0.00217	0.01047	0.00645	0.00312	0.00931
13	0.01027	0.00679	0.00874	0.00932	0.00988	0.00675	0.00624	0.01120	0.01223	0.05892	0.03049	0.47610	0.03531	0.23065	0.01636	0.00377	0.04083	0.01505	0.00558	0.00551
14	0.01535	0.02631	0.37562	0.07084	0.10594	0.10519	0.03886	0.04401	0.03760	0.02160	0.05739	0.01896	0.03829	0.00737	0.00661	0.00208	0.00907	0.00603	0.00365	0.00924
15	0.02118	0.03999	0.09524	0.01534	0.04445	0.04273	0.01308	0.40624	0.05191	0.06719	0.05469	0.02230	0.07776	0.00883	0.00676	0.00204	0.00711	0.00691	0.00602	0.01022
16	0.02383	0.01856	0.01910	0.04528	0.02098	0.07249	0.01248	0.57180	0.02855	0.03778	0.01650	0.04421	0.01255	0.00839	0.00666	0.00201	0.00752	0.00641	0.03433	0.01057
17	0.01724	0.01643	0.02351	0.20424	0.41743	0.09336	0.01830	0.02175	0.04895	0.05453	0.01359	0.01713	0.01078	0.00652	0.00661	0.00204	0.00841	0.00591	0.00366	0.00960
18	0.01805	0.05560	0.21072	0.05626	0.14700	0.01443	0.10574	0.04327	0.01603	0.16729	0.03146	0.01926	0.01299	0.03539	0.00765	0.00222	0.00812	0.00629	0.03256	0.00967
19	0.02421	0.03045	0.05373	0.01816	0.04847	0.61775	0.01382	0.07944	0.01962	0.01891	0.01099	0.01269	0.00893	0.00694	0.00614	0.00178	0.01146	0.00455	0.00368	0.00828
20	0.01351	0.00710	0.00987	0.00934	0.01000	0.00718	0.00647	0.06213	0.01101	0.04857	0.01310	0.02116	0.01240	0.05203	0.02414	0.67243	0.00597	0.00605	0.00351	0.00401
21	0.02125	0.04678	0.08242	0.01754	0.06948	0.12644	0.05779	0.21382	0.09970	0.11310	0.01691	0.01790	0.01257	0.01064	0.06080	0.00266	0.00896	0.00606	0.00527	0.00993
22	0.02354	0.01714	0.02108	0.01945	0.13132	0.01834	0.03930	0.43904	0.08175	0.11373	0.01753	0.01774	0.01255	0.00775	0.00676	0.00205	0.00727	0.00631	0.00624	0.01114
23	0.00812	0.00663	0.00721	0.00763	0.00944	0.00572	0.00562	0.00977	0.01476	0.01800	0.05955	0.21883	0.53743	0.01796	0.00814	0.00241	0.00364	0.04726	0.00623	0.00564
24	0.01346	0.03471	0.72942	0.01912	0.02904	0.01558	0.02479	0.02125	0.01417	0.02125	0.01204	0.01417	0.00850	0.00637	0.00637	0.00212	0.00992	0.00496	0.00283	0.00992
