[name]
unknown

[dist]
# distance from previous block
# <min> <max>
0	44

[block]
# block no. 0 follows, 29 sequences, length 27
# corresponding to MSA columns:
# 48-74
name=unknown_A
#
# <colnr> <probs for GDERKNQSTAVLIFYWHMCP>
#	G	D	E	R	K	N	Q	S	T	A	V	L	I	F	Y	W	H	M	C	P
0	0.02256	0.12566	0.05936	0.06006	0.02356	0.26139	0.03749	0.18884	0.07781	0.02584	0.01521	0.01818	0.01225	0.00805	0.00667	0.00205	0.00968	0.03090	0.00478	0.00967
1	0.02050	0.01896	0.04740	0.02693	0.27403	0.11336	0.07497	0.09883	0.06001	0.09731	0.05048	0.05165	0.01653	0.00827	0.00726	0.00218	0.00852	0.00737	0.00506	0.01041
2	0.00983	0.00680	0.00811	0.00843	0.00887	0.00657	0.00525	0.01068	0.01277	0.01717	0.12485	0.21766	0.06322	0.44062	0.02463	0.00509	0.00560	0.01329	0.00546	0.00508
3	0.01837	0.56763	0.18080	0.01420	0.02113	0.05768	0.01527	0.02191	0.01485	0.01802	0.01057	0.01226	0.00911	0.00629	0.00512	0.00169	0.00848	0.00415	0.00307	0.00939
4	0.06009	0.05669	0.42903	0.02109	0.11340	0.01663	0.02127	0.07477	0.01704	0.07397	0.04073	0.01733	0.01236	0.00727	0.00671	0.00219	0.00906	0.00579	0.00408	0.01050
5	0.01036	0.00690	0.00777	0.00777	0.00777	0.00690	0.00431	0.01036	0.01036	0.01381	0.02244	0.04660	0.02589	0.74975	0.03624	0.00690	0.00690	0.01036	0.00431	0.00431
6	0.00862	0.00716	0.00754	0.00758	0.00978	0.00608	0.00563	0.01057	0.01652	0.02024	0.14205	0.10757	0.59038	0.01789	0.00845	0.00242	0.00361	0.01510	0.00675	0.00608
7	0.01750	0.19167	0.40063	0.01811	0.02650	0.01910	0.06388	0.05274	0.05336	0.07112	0.01440	0.01588	0.01060	0.00695	0.00645	0.00210	0.00927	0.00548	0.00388	0.01038
8	0.02155	0.07874	0.15159	0.01711	0.05155	0.07517	0.03804	0.15621	0.07366	0.15797	0.02023	0.09158	0.01631	0.00926	0.00705	0.00220	0.00803	0.00757	0.00574	0.01043
9	0.12070	0.01989	0.02061	0.01703	0.02174	0.17631	0.11385	0.06628	0.25314	0.08891	0.01953	0.01970	0.01454	0.00805	0.00686	0.00222	0.00839	0.00662	0.00565	0.01000
10	0.01835	0.64977	0.13552	0.01336	0.02010	0.02648	0.01424	0.02150	0.01455	0.01760	0.01032	0.01195	0.00912	0.00619	0.00489	0.00163	0.00804	0.00402	0.00304	0.00934
11	0.01771	0.01692	0.02539	0.17319	0.42754	0.05656	0.01958	0.07337	0.01706	0.02319	0.01388	0.03691	0.01173	0.00749	0.00798	0.00223	0.04868	0.00661	0.00381	0.01018
12	0.01881	0.17034	0.24959	0.06190	0.07983	0.07545	0.04258	0.02359	0.01642	0.11817	0.03535	0.02004	0.01365	0.00773	0.00664	0.00211	0.00895	0.03471	0.00426	0.00987
13	0.01637	0.01182	0.01195	0.01187	0.01398	0.11655	0.00875	0.01815	0.01628	0.16064	0.03366	0.42135	0.05729	0.01693	0.00831	0.00259	0.00599	0.05339	0.00661	0.00752
14	0.05944	0.22670	0.15352	0.02027	0.09540	0.10870	0.09728	0.05252	0.01628	0.02148	0.01274	0.03832	0.01086	0.00742	0.00726	0.00206	0.05089	0.00580	0.00362	0.00944
15	0.00974	0.00750	0.00900	0.00910	0.01099	0.00688	0.00697	0.01281	0.03687	0.02333	0.30841	0.12339	0.29280	0.01703	0.00862	0.00250	0.00399	0.09648	0.00710	0.00649
16	0.01904	0.75404	0.03731	0.01218	0.01828	0.02818	0.01218	0.02132	0.01447	0.01675	0.00990	0.01142	0.00914	0.00609	0.00457	0.00152	0.00761	0.00381	0.00305	0.00914
17	0.01771	0.01530	0.01610	0.01449	0.01852	0.01771	0.01127	0.03784	0.69247	0.02979	0.02898	0.02657	0.02174	0.00966	0.00725	0.00242	0.00564	0.00805	0.00725	0.01127
18	0.10253	0.01841	0.02056	0.01816	0.08975	0.02015	0.01353	0.48703	0.05828	0.07568	0.01712	0.01740	0.01231	0.00820	0.00685	0.00216	0.00748	0.00626	0.00659	0.01155
19	0.05870	0.01615	0.07115	0.01386	0.01820	0.01610	0.01169	0.15087	0.34152	0.03134	0.13688	0.02829	0.02595	0.03733	0.00830	0.00248	0.00610	0.00819	0.00672	0.01016
20	0.01545	0.01446	0.02382	0.43211	0.19656	0.01621	0.05957	0.04898	0.04087	0.02152	0.01373	0.01865	0.01061	0.00693	0.00709	0.00223	0.00896	0.00641	0.00366	0.05217
21	0.03520	0.03732	0.01618	0.01455	0.03552	0.16164	0.04008	0.09251	0.05918	0.04971	0.05281	0.18999	0.09932	0.01456	0.03265	0.00267	0.00771	0.04451	0.00574	0.00816
22	0.13225	0.01705	0.05495	0.01894	0.13588	0.01730	0.01344	0.25398	0.10589	0.03188	0.01701	0.02000	0.01358	0.06245	0.04329	0.00293	0.00785	0.00643	0.00545	0.03942
23	0.04674	0.01407	0.01676	0.05214	0.04255	0.01506	0.01160	0.20194	0.12036	0.13803	0.04473	0.05842	0.08051	0.01198	0.03252	0.00261	0.04214	0.02083	0.00651	0.04050
24	0.19151	0.13240	0.08804	0.03619	0.01715	0.01504	0.01085	0.07141	0.03925	0.04467	0.07096	0.09759	0.13697	0.01091	0.00657	0.00221	0.00610	0.00864	0.00526	0.00829
25	0.08508	0.07628	0.02128	0.04747	0.02175	0.10355	0.07148	0.26410	0.02249	0.03058	0.04860	0.02046	0.01489	0.00925	0.02311	0.00226	0.00834	0.03039	0.03204	0.06662
26	0.04445	0.05272	0.04570	0.01265	0.01579	0.06007	0.01039	0.11290	0.09717	0.02542	0.11261	0.17186	0.11376	0.01363	0.00852	0.00242	0.04434	0.04128	0.00610	0.00823

[dist]
# distance from previous block
# <min> <max>
6	71

[block]
# block no. 1 follows, 29 sequences, length 11
# corresponding to MSA columns:
# 149-159
name=unknown_B
#
# <colnr> <probs for GDERKNQSTAVLIFYWHMCP>
#	G	D	E	R	K	N	Q	S	T	A	V	L	I	F	Y	W	H	M	C	P
0	0.08382	0.01795	0.02074	0.07743	0.10900	0.12078	0.07870	0.13587	0.09146	0.02654	0.01878	0.07771	0.03399	0.00882	0.00698	0.00216	0.00816	0.00748	0.00500	0.06861
1	0.04595	0.01505	0.06980	0.06511	0.06589	0.03880	0.07775	0.07313	0.08489	0.02397	0.09801	0.03266	0.02341	0.10354	0.05717	0.00354	0.03464	0.07325	0.00508	0.00836
2	0.06131	0.01471	0.01915	0.05964	0.13024	0.09985	0.07800	0.01778	0.01526	0.02091	0.10493	0.14574	0.02379	0.01251	0.01116	0.06641	0.09693	0.00937	0.00458	0.00773
3	0.01768	0.01427	0.02089	0.01816	0.07154	0.01445	0.14327	0.15343	0.11219	0.07479	0.13728	0.05763	0.09473	0.01076	0.00787	0.00233	0.00697	0.02586	0.00632	0.00958
4	0.01491	0.01624	0.07318	0.07871	0.02795	0.01509	0.28419	0.04268	0.01621	0.02256	0.07202	0.04813	0.01877	0.01159	0.04830	0.00291	0.07883	0.05651	0.00432	0.06689
5	0.05804	0.01388	0.02090	0.26486	0.11126	0.01503	0.06485	0.07191	0.01591	0.02280	0.01543	0.08746	0.01371	0.00856	0.00804	0.00220	0.05691	0.00735	0.00413	0.13676
6	0.01593	0.01696	0.03409	0.02519	0.03080	0.01653	0.48602	0.04595	0.01648	0.02259	0.01740	0.11694	0.01564	0.00881	0.00955	0.00247	0.06922	0.00961	0.00413	0.03571
7	0.01385	0.00984	0.01190	0.01145	0.01344	0.01031	0.00866	0.05382	0.11549	0.07781	0.06838	0.23730	0.11265	0.09721	0.01247	0.00313	0.05441	0.07384	0.00648	0.00757
8	0.01859	0.01567	0.01610	0.01401	0.01799	0.04783	0.01099	0.16135	0.41619	0.03162	0.11267	0.02932	0.05553	0.01033	0.00738	0.00231	0.00601	0.00849	0.00711	0.01049
9	0.01443	0.01239	0.01476	0.01090	0.01648	0.00999	0.00872	0.01752	0.01497	0.02328	0.06829	0.01793	0.01507	0.00645	0.00659	0.00127	0.04828	0.00504	0.00445	0.68319
10	0.01899	0.01513	0.02033	0.02010	0.13615	0.01594	0.07280	0.13372	0.24962	0.08545	0.07568	0.05238	0.05192	0.00971	0.00749	0.00230	0.00676	0.00857	0.00639	0.01055

[dist]
# distance from previous block
# <min> <max>
2	10

[block]
# block no. 2 follows, 29 sequences, length 11
# corresponding to MSA columns:
# 173-183
name=unknown_C
#
# <colnr> <probs for GDERKNQSTAVLIFYWHMCP>
#	G	D	E	R	K	N	Q	S	T	A	V	L	I	F	Y	W	H	M	C	P
0	0.04404	0.10816	0.09557	0.06359	0.02959	0.06125	0.33475	0.02129	0.01590	0.02148	0.05430	0.02006	0.01400	0.03462	0.00930	0.00243	0.04974	0.00727	0.00374	0.00892
1	0.01961	0.46566	0.14678	0.01524	0.02193	0.06268	0.04542	0.10858	0.01747	0.02172	0.01159	0.01320	0.00959	0.00659	0.00555	0.00178	0.00861	0.00464	0.00363	0.00973
2	0.01574	0.01607	0.02453	0.02022	0.02119	0.02130	0.10489	0.01790	0.01170	0.01790	0.01003	0.01607	0.00954	0.01159	0.02135	0.00302	0.63923	0.00652	0.00318	0.00803
3	0.01477	0.01266	0.01477	0.01055	0.01687	0.00949	0.00844	0.01793	0.01477	0.02320	0.01266	0.01477	0.01055	0.00527	0.00527	0.00105	0.00527	0.00422	0.00422	0.79328
4	0.00868	0.00620	0.00826	0.00991	0.01033	0.00578	0.00661	0.00991	0.01363	0.01818	0.03925	0.74510	0.04710	0.02231	0.00909	0.00289	0.00413	0.02024	0.00661	0.00578
5	0.01656	0.01653	0.02715	0.18455	0.38977	0.05394	0.10695	0.02094	0.01637	0.02220	0.06351	0.02046	0.01481	0.00712	0.00731	0.00220	0.00901	0.00700	0.00378	0.00984
6	0.07718	0.25025	0.17263	0.01420	0.02017	0.06536	0.01430	0.08622	0.01751	0.07113	0.06616	0.02124	0.03690	0.00953	0.02613	0.00227	0.00820	0.02671	0.00457	0.00934
7	0.06555	0.11563	0.07174	0.01855	0.12855	0.08125	0.01366	0.13526	0.08522	0.05073	0.03973	0.02113	0.03861	0.04701	0.00804	0.00226	0.00764	0.00643	0.00499	0.05801
8	0.01773	0.06043	0.15555	0.01641	0.05856	0.06375	0.03526	0.08273	0.06896	0.05093	0.01572	0.04287	0.01272	0.00723	0.00633	0.00178	0.00760	0.00586	0.00458	0.28498
9	0.05866	0.12480	0.07944	0.04218	0.02268	0.04302	0.10242	0.17263	0.06858	0.02778	0.06414	0.05626	0.01702	0.00841	0.00676	0.00206	0.00780	0.00708	0.00508	0.08321
10	0.05601	0.04721	0.15121	0.08462	0.06106	0.01525	0.06654	0.07058	0.05421	0.11782	0.02150	0.02273	0.07809	0.00846	0.00763	0.00218	0.04118	0.00692	0.00495	0.08184

[dist]
# distance from previous block
# <min> <max>
1	42

[block]
# block no. 3 follows, 29 sequences, length 21
# corresponding to MSA columns:
# 226-246
name=unknown_D
#
# <colnr> <probs for GDERKNQSTAVLIFYWHMCP>
#	G	D	E	R	K	N	Q	S	T	A	V	L	I	F	Y	W	H	M	C	P
0	0.04987	0.01870	0.07220	0.07819	0.11461	0.10973	0.01453	0.16435	0.02036	0.09972	0.05844	0.05475	0.05961	0.00952	0.00791	0.00223	0.04264	0.00756	0.00540	0.00967
1	0.02002	0.01579	0.01853	0.13999	0.07629	0.06817	0.01336	0.20841	0.07260	0.09195	0.08516	0.07530	0.02042	0.00956	0.00724	0.00219	0.00737	0.00797	0.00594	0.05375
2	0.10999	0.01406	0.01919	0.08350	0.21402	0.03764	0.03890	0.04293	0.04035	0.05712	0.08921	0.02550	0.04543	0.00931	0.00784	0.03732	0.00704	0.03141	0.00485	0.08438
3	0.01744	0.01362	0.01633	0.14833	0.02261	0.01467	0.01171	0.26790	0.04467	0.02889	0.02585	0.11883	0.09638	0.06723	0.00959	0.00259	0.00684	0.00933	0.00581	0.07135
4	0.10001	0.01336	0.01857	0.30314	0.10988	0.01463	0.01490	0.09280	0.01704	0.02476	0.06515	0.02363	0.04110	0.00827	0.00683	0.00216	0.00749	0.02815	0.00449	0.10365
5	0.04793	0.01559	0.02029	0.24257	0.08341	0.01686	0.01501	0.25627	0.02170	0.07933	0.01532	0.01772	0.01124	0.00741	0.00676	0.00206	0.00783	0.00603	0.00521	0.12146
6	0.08825	0.02215	0.01864	0.01545	0.02013	0.23982	0.01224	0.28939	0.04979	0.07454	0.05387	0.01802	0.01455	0.00825	0.00667	0.00202	0.00866	0.00600	0.00583	0.04573
7	0.07022	0.01825	0.01628	0.01555	0.04851	0.20653	0.01174	0.04848	0.15037	0.12636	0.05054	0.03223	0.05175	0.01067	0.00732	0.00232	0.00783	0.10977	0.00604	0.00922
8	0.01230	0.01014	0.01225	0.01338	0.06360	0.01040	0.00944	0.01963	0.20565	0.02325	0.08983	0.18118	0.19768	0.01563	0.00832	0.00259	0.00503	0.10510	0.00665	0.00795
9	0.07649	0.02100	0.01653	0.01462	0.01803	0.29024	0.01121	0.16882	0.02053	0.02504	0.05555	0.07492	0.01740	0.01143	0.00927	0.09261	0.00877	0.02761	0.00500	0.03492
10	0.01818	0.01815	0.02782	0.07321	0.61790	0.07592	0.02108	0.02224	0.01646	0.02254	0.01316	0.01729	0.01102	0.00646	0.00700	0.00210	0.00887	0.00620	0.00352	0.01087
11	0.01345	0.01266	0.02136	0.73264	0.04904	0.01582	0.01978	0.01819	0.01424	0.01819	0.01266	0.01898	0.00949	0.00712	0.00712	0.00237	0.00949	0.00633	0.00316	0.00791
12	0.01407	0.01307	0.02185	0.44251	0.23076	0.01486	0.01866	0.01830	0.01498	0.02005	0.04299	0.08525	0.01570	0.00856	0.00733	0.00234	0.00847	0.00785	0.00376	0.00863
13	0.02707	0.01995	0.02137	0.01638	0.02208	0.02208	0.01353	0.68159	0.03348	0.04488	0.01710	0.01710	0.01211	0.00855	0.00712	0.00214	0.00784	0.00641	0.00712	0.01211
14	0.00868	0.00620	0.00826	0.00991	0.01033	0.00578	0.00661	0.00991	0.01363	0.01818	0.03925	0.74510	0.04710	0.02231	0.00909	0.00289	0.00413	0.02024	0.00661	0.00578
15	0.00845	0.00709	0.00734	0.00754	0.00970	0.00598	0.00555	0.01018	0.01592	0.01911	0.06822	0.14910	0.62440	0.01854	0.00850	0.00246	0.00367	0.01565	0.00661	0.00598
16	0.01649	0.01813	0.03809	0.02879	0.06658	0.01722	0.57171	0.02279	0.04452	0.02301	0.01667	0.02392	0.01349	0.00717	0.00840	0.00245	0.01117	0.05592	0.00396	0.00953
17	0.01477	0.01266	0.01477	0.01055	0.01687	0.00949	0.00844	0.01793	0.01477	0.02320	0.01266	0.01477	0.01055	0.00527	0.00527	0.00105	0.00527	0.00422	0.00422	0.79328
18	0.00949	0.00731	0.00882	0.00940	0.01118	0.00664	0.00733	0.01182	0.01649	0.02109	0.15997	0.17723	0.32955	0.01857	0.00888	0.00267	0.00439	0.17616	0.00680	0.00623
19	0.01206	0.00811	0.01011	0.00976	0.01202	0.00749	0.00770	0.01552	0.04091	0.08421	0.34394	0.05846	0.21770	0.01568	0.00851	0.00247	0.00430	0.12656	0.00737	0.00713
20	0.02174	0.01285	0.01524	0.01231	0.01664	0.01266	0.00985	0.18248	0.08007	0.23910	0.16140	0.03129	0.06702	0.03807	0.00844	0.00232	0.00574	0.00857	0.00745	0.06676

[dist]
# distance from previous block
# <min> <max>
0	1

[block]
# block no. 4 follows, 29 sequences, length 8
# corresponding to MSA columns:
# 248-255
name=unknown_E
#
# <colnr> <probs for GDERKNQSTAVLIFYWHMCP>
#	G	D	E	R	K	N	Q	S	T	A	V	L	I	F	Y	W	H	M	C	P
0	0.01448	0.01305	0.01684	0.01273	0.01771	0.01174	0.04715	0.01742	0.01436	0.02183	0.01724	0.01971	0.06896	0.00760	0.00875	0.00159	0.12833	0.00571	0.00420	0.55061
1	0.01747	0.08362	0.17161	0.01860	0.09539	0.01705	0.04776	0.17463	0.09601	0.02727	0.02421	0.04898	0.10088	0.03527	0.00814	0.00238	0.00773	0.00789	0.00515	0.00995
2	0.02030	0.01954	0.09281	0.01785	0.02343	0.01898	0.10159	0.26432	0.20895	0.03233	0.01880	0.01954	0.01400	0.00840	0.00827	0.00226	0.05680	0.00686	0.00583	0.05914
3	0.01666	0.01723	0.06319	0.01578	0.06395	0.07386	0.01234	0.02371	0.16503	0.02348	0.01583	0.01751	0.01273	0.00736	0.00797	0.00179	0.08536	0.00552	0.00460	0.36610
4	0.01688	0.13969	0.22621	0.01605	0.02278	0.12790	0.05900	0.02140	0.01629	0.02154	0.07546	0.01784	0.01488	0.00707	0.00628	0.00180	0.00866	0.00559	0.00388	0.19080
5	0.07034	0.11587	0.02564	0.02252	0.16484	0.10623	0.10306	0.07621	0.09824	0.02411	0.01466	0.01749	0.01196	0.02528	0.00820	0.00220	0.04926	0.00609	0.00431	0.05350
6	0.01761	0.04485	0.15340	0.04447	0.02587	0.07678	0.17400	0.11446	0.01749	0.02350	0.01422	0.01969	0.01191	0.08951	0.01210	0.00275	0.08929	0.00671	0.00403	0.05736
7	0.10905	0.01903	0.10565	0.06627	0.04479	0.09597	0.14313	0.04056	0.01604	0.02265	0.05275	0.04387	0.10144	0.00964	0.00917	0.00237	0.09699	0.00789	0.00432	0.00844

[dist]
# distance from previous block
# <min> <max>
28	125

[block]
# block no. 5 follows, 29 sequences, length 68
# corresponding to MSA columns:
# 401-468
name=unknown_F
#
# <colnr> <probs for GDERKNQSTAVLIFYWHMCP>
#	G	D	E	R	K	N	Q	S	T	A	V	L	I	F	Y	W	H	M	C	P
0	0.10290	0.11181	0.11422	0.01306	0.01811	0.04673	0.01203	0.10215	0.09365	0.06457	0.06709	0.06920	0.10150	0.01008	0.00671	0.00214	0.00667	0.00797	0.00551	0.04389
1	0.08756	0.11505	0.04224	0.01600	0.07532	0.14098	0.01207	0.07195	0.13255	0.02421	0.02005	0.07441	0.05064	0.00895	0.00643	0.00200	0.00745	0.00700	0.00492	0.10021
2	0.13082	0.14209	0.08120	0.01595	0.04897	0.04747	0.04162	0.14426	0.14277	0.07910	0.01679	0.01729	0.01262	0.00754	0.00625	0.00206	0.00746	0.00579	0.00529	0.04467
3	0.07334	0.05121	0.04817	0.01513	0.04673	0.16699	0.01190	0.12806	0.04320	0.05929	0.10169	0.07863	0.02236	0.01005	0.00696	0.00211	0.00761	0.04498	0.00553	0.07608
4	0.04380	0.55658	0.03268	0.01328	0.01900	0.02475	0.04148	0.06082	0.03936	0.04861	0.01352	0.01710	0.01195	0.00726	0.00538	0.00178	0.00756	0.04181	0.00394	0.00934
5	0.00998	0.00767	0.00904	0.00888	0.01079	0.00710	0.00671	0.01327	0.04741	0.02355	0.33799	0.05939	0.28322	0.07188	0.01060	0.00275	0.00411	0.07218	0.00700	0.00647
6	0.02483	0.11356	0.07445	0.01670	0.02198	0.24146	0.01433	0.29804	0.02433	0.05881	0.01421	0.01518	0.01074	0.00788	0.00710	0.00201	0.03345	0.00546	0.00518	0.01028
7	0.03952	0.01563	0.03889	0.01391	0.01823	0.04620	0.01138	0.17989	0.21670	0.15122	0.05649	0.08934	0.04584	0.01094	0.00743	0.00234	0.00643	0.03222	0.00705	0.01035
8	0.01015	0.00737	0.00931	0.01036	0.01133	0.00712	0.00724	0.06113	0.01538	0.02037	0.03936	0.62875	0.08110	0.02093	0.00893	0.00282	0.00447	0.04093	0.00665	0.00630
9	0.00868	0.00620	0.00826	0.00991	0.01033	0.00578	0.00661	0.00991	0.01363	0.01818	0.03925	0.74510	0.04710	0.02231	0.00909	0.00289	0.00413	0.02024	0.00661	0.00578
10	0.01702	0.01855	0.03810	0.03227	0.17911	0.01776	0.51037	0.02325	0.04564	0.02321	0.01481	0.01918	0.01137	0.00623	0.00806	0.00234	0.01097	0.00795	0.00374	0.01003
11	0.02304	0.02206	0.02020	0.01900	0.08626	0.27019	0.04090	0.18819	0.05209	0.07596	0.04812	0.08606	0.01744	0.00941	0.00716	0.00213	0.00911	0.00753	0.00550	0.00967
12	0.00883	0.00631	0.00844	0.01009	0.01058	0.00592	0.00688	0.01019	0.01379	0.01835	0.03916	0.70770	0.04675	0.02216	0.00913	0.00291	0.00427	0.05609	0.00661	0.00583
13	0.03195	0.01212	0.01652	0.01267	0.01818	0.01047	0.01047	0.03470	0.02038	0.71026	0.02809	0.02424	0.01763	0.00881	0.00716	0.00220	0.00606	0.00716	0.00881	0.01212
14	0.02569	0.02752	0.01986	0.01722	0.02149	0.43896	0.01330	0.19258	0.11078	0.04211	0.01526	0.01595	0.01173	0.00798	0.00672	0.00199	0.01050	0.00555	0.00511	0.00970
15	0.01762	0.01692	0.02890	0.04371	0.70533	0.01692	0.02185	0.02185	0.01621	0.02326	0.01339	0.01762	0.01128	0.00634	0.00705	0.00211	0.00846	0.00634	0.00352	0.01128
16	0.01428	0.03683	0.71286	0.02030	0.03082	0.01654	0.02631	0.02255	0.01503	0.02255	0.01278	0.01503	0.00902	0.00677	0.00677	0.00226	0.01052	0.00526	0.00301	0.01052
17	0.00997	0.00809	0.01281	0.01266	0.01414	0.00758	0.09242	0.01203	0.01442	0.01911	0.03739	0.55898	0.07065	0.01980	0.00904	0.00285	0.00534	0.08016	0.00622	0.00635
18	0.01474	0.10622	0.64750	0.01951	0.02961	0.01766	0.02494	0.02243	0.01498	0.02199	0.01250	0.01468	0.00903	0.00670	0.00655	0.00218	0.01024	0.00512	0.00301	0.01039
19	0.00862	0.00641	0.00804	0.00934	0.01018	0.00583	0.00636	0.00998	0.01418	0.01840	0.04618	0.60237	0.18535	0.02141	0.00895	0.00279	0.00402	0.01914	0.00661	0.00583
20	0.00909	0.00641	0.00832	0.00968	0.01008	0.00608	0.00642	0.01020	0.01318	0.01756	0.03626	0.59453	0.04314	0.14863	0.01384	0.00361	0.00472	0.04648	0.00621	0.00556
21	0.01496	0.13914	0.61649	0.01914	0.02903	0.01820	0.02429	0.02238	0.01495	0.02172	0.01237	0.01452	0.00904	0.00667	0.00645	0.00215	0.01011	0.00505	0.00301	0.01033
22	0.09744	0.01426	0.01629	0.09882	0.02112	0.01565	0.01162	0.21946	0.13335	0.12952	0.02108	0.02321	0.01576	0.00882	0.00669	0.00221	0.00651	0.03245	0.11569	0.01006
23	0.01763	0.01673	0.02738	0.04022	0.62339	0.01701	0.02059	0.02376	0.09690	0.02404	0.01525	0.01869	0.01253	0.00674	0.00707	0.00215	0.00812	0.00655	0.00397	0.01128
24	0.01513	0.01571	0.02938	0.33197	0.03894	0.01776	0.27248	0.01977	0.01461	0.01977	0.01272	0.01845	0.00997	0.00767	0.01059	0.00252	0.14360	0.00711	0.00332	0.00854
25	0.01577	0.01506	0.02542	0.33413	0.39921	0.01666	0.02071	0.02011	0.01516	0.02086	0.01291	0.01811	0.01044	0.00693	0.00776	0.00227	0.03910	0.00633	0.00336	0.00971
26	0.00876	0.00727	0.00769	0.00769	0.00997	0.00620	0.00584	0.01082	0.01672	0.02048	0.14820	0.06716	0.59469	0.01768	0.00848	0.00242	0.00371	0.04335	0.00676	0.00612
27	0.01474	0.07999	0.58737	0.01959	0.02857	0.01791	0.02413	0.02183	0.01451	0.02154	0.01219	0.01487	0.00907	0.00740	0.00861	0.00231	0.09698	0.00528	0.00302	0.01011
28	0.01693	0.43658	0.33633	0.01577	0.02383	0.02302	0.01844	0.02187	0.01472	0.01932	0.01117	0.01302	0.00909	0.00639	0.00554	0.00185	0.00890	0.00445	0.00303	0.00975
29	0.00903	0.00656	0.00857	0.01010	0.01065	0.00626	0.00680	0.01103	0.04063	0.01864	0.03884	0.71653	0.04609	0.02181	0.00902	0.00287	0.00419	0.01976	0.00664	0.00600
30	0.01567	0.01475	0.02505	0.21199	0.42852	0.01549	0.04743	0.01960	0.01504	0.02084	0.01433	0.02149	0.01255	0.09522	0.01061	0.00276	0.00869	0.00691	0.00353	0.00953
31	0.01669	0.01596	0.02721	0.19825	0.55811	0.01667	0.02139	0.02103	0.01577	0.02213	0.01323	0.01793	0.01088	0.00652	0.00707	0.00217	0.00869	0.00634	0.00344	0.01052
32	0.06435	0.01967	0.03533	0.02850	0.11436	0.06552	0.45842	0.07958	0.01812	0.02493	0.01402	0.01796	0.01068	0.00639	0.00776	0.00229	0.01089	0.00746	0.00395	0.00982
33	0.00964	0.00738	0.00897	0.00999	0.01113	0.00716	0.00694	0.01309	0.09008	0.01965	0.04346	0.55424	0.15119	0.02019	0.00877	0.00276	0.00421	0.01803	0.00668	0.00644
34	0.06888	0.01667	0.06137	0.02039	0.10330	0.04435	0.14396	0.08402	0.01741	0.11484	0.02238	0.05062	0.08359	0.04227	0.01047	0.00257	0.09045	0.00812	0.00503	0.00931
35	0.01816	0.01522	0.01995	0.01652	0.02000	0.06651	0.11205	0.13252	0.05682	0.08382	0.05135	0.08440	0.06428	0.01453	0.05942	0.00312	0.11174	0.05511	0.00561	0.00890
36	0.01501	0.03284	0.56360	0.02009	0.02899	0.04676	0.06360	0.02218	0.01507	0.02215	0.01303	0.01574	0.00957	0.00720	0.00792	0.00228	0.06058	0.00555	0.03784	0.01001
37	0.01601	0.19180	0.49479	0.01903	0.02809	0.05007	0.06220	0.02256	0.01524	0.02108	0.01217	0.01440	0.00916	0.00660	0.00637	0.00209	0.01008	0.00511	0.00308	0.01007
38	0.01804	0.01724	0.04264	0.08619	0.19732	0.08095	0.16649	0.02267	0.04460	0.09010	0.01975	0.04697	0.05276	0.01026	0.03782	0.00267	0.04171	0.00780	0.00447	0.00955
39	0.05050	0.01328	0.01609	0.01476	0.03312	0.07427	0.07685	0.08281	0.04732	0.06820	0.03120	0.25728	0.09623	0.01449	0.00862	0.00255	0.03189	0.06655	0.00598	0.00803
40	0.00998	0.00770	0.01085	0.01092	0.01218	0.00857	0.00835	0.01225	0.01267	0.01763	0.05794	0.13012	0.10527	0.04158	0.47999	0.00846	0.04414	0.01039	0.00467	0.00631
41	0.01815	0.06536	0.10294	0.05564	0.12086	0.08382	0.30471	0.03951	0.03083	0.05204	0.01548	0.04964	0.01252	0.00728	0.00750	0.00225	0.01025	0.00749	0.00400	0.00973
42	0.01676	0.04886	0.13528	0.13003	0.11291	0.03576	0.23696	0.04896	0.01686	0.05303	0.03943	0.06170	0.01471	0.00785	0.00752	0.00229	0.00963	0.00779	0.00412	0.00953
43	0.04080	0.04665	0.02658	0.27458	0.10604	0.07008	0.15770	0.02126	0.04510	0.02039	0.01305	0.01776	0.01039	0.00762	0.00942	0.00238	0.11133	0.00652	0.00354	0.00883
44	0.02149	0.01240	0.01591	0.01308	0.01714	0.01219	0.03939	0.15586	0.06920	0.26139	0.14491	0.12539	0.05623	0.01185	0.00773	0.00232	0.00583	0.01017	0.00758	0.00993
45	0.01751	0.02119	0.12680	0.16362	0.13903	0.15392	0.07924	0.02165	0.01626	0.05075	0.01762	0.07070	0.04250	0.00872	0.00791	0.00227	0.03989	0.00741	0.00398	0.00903
46	0.01528	0.13061	0.52776	0.02057	0.03004	0.01831	0.11635	0.02242	0.01521	0.02181	0.01262	0.01514	0.00929	0.00657	0.00670	0.00218	0.01034	0.00551	0.00310	0.01021
47	0.00868	0.00620	0.00826	0.00991	0.01033	0.00578	0.00661	0.00991	0.01363	0.01818	0.03925	0.74510	0.04710	0.02231	0.00909	0.00289	0.00413	0.02024	0.00661	0.00578
48	0.01703	0.01978	0.07344	0.06014	0.18041	0.04875	0.38894	0.02218	0.01614	0.02200	0.01346	0.01804	0.01056	0.00675	0.00910	0.00236	0.07032	0.00735	0.00350	0.00974
49	0.01691	0.13231	0.30327	0.02072	0.02843	0.04413	0.19713	0.07141	0.04034	0.02331	0.01479	0.04838	0.01187	0.00740	0.00702	0.00220	0.00993	0.00672	0.00381	0.00993
50	0.00883	0.00631	0.00844	0.01009	0.01058	0.00592	0.00688	0.01019	0.01379	0.01835	0.03916	0.70770	0.04675	0.02216	0.00913	0.00291	0.00427	0.05609	0.00661	0.00583
51	0.01745	0.01674	0.02859	0.07214	0.67824	0.01687	0.02177	0.02170	0.01613	0.02305	0.01336	0.01768	0.01121	0.00638	0.00705	0.00213	0.00850	0.00634	0.00351	0.01114
52	0.01813	0.02466	0.27068	0.05234	0.10681	0.07704	0.03426	0.11559	0.09067	0.05086	0.04417	0.05082	0.01545	0.00838	0.00711	0.00224	0.00884	0.00694	0.00473	0.01028
53	0.01613	0.01770	0.06139	0.06311	0.25179	0.01638	0.34481	0.02107	0.01594	0.02205	0.01537	0.04892	0.01312	0.04869	0.00943	0.00257	0.01008	0.00809	0.00369	0.00966
54	0.01008	0.00728	0.00952	0.00896	0.01064	0.00672	0.00672	0.01344	0.02016	0.02855	0.70158	0.05319	0.06719	0.01456	0.00840	0.00224	0.00336	0.01288	0.00784	0.00672
55	0.17312	0.01906	0.04763	0.01504	0.02054	0.02030	0.01275	0.47062	0.08751	0.04013	0.01661	0.01680	0.01200	0.00820	0.00660	0.00218	0.00731	0.00602	0.00644	0.01113
56	0.01805	0.01885	0.05393	0.15422	0.32087	0.12037	0.01814	0.06991	0.04562	0.02331	0.04362	0.05106	0.01496	0.00799	0.00712	0.00218	0.00882	0.00700	0.00419	0.00983
57	0.01673	0.01541	0.01986	0.04867	0.02019	0.06130	0.05083	0.04833	0.10556	0.05117	0.01755	0.10512	0.01634	0.01329	0.03724	0.00302	0.34803	0.00827	0.00459	0.00848
58	0.00923	0.00665	0.00827	0.00901	0.00980	0.00620	0.00604	0.01066	0.01445	0.01928	0.15756	0.40584	0.12220	0.16415	0.01425	0.00351	0.00448	0.01638	0.00638	0.00569
59	0.11289	0.10267	0.02319	0.01705	0.02134	0.20262	0.12740	0.08392	0.04211	0.02307	0.01686	0.04943	0.04284	0.01118	0.04949	0.00270	0.05146	0.00678	0.00436	0.00865
60	0.01863	0.09930	0.09384	0.04624	0.06093	0.06984	0.05098	0.10354	0.10542	0.06567	0.06107	0.02183	0.04438	0.00813	0.00671	0.00198	0.00761	0.00667	0.00514	0.12209
61	0.16226	0.02102	0.01980	0.01823	0.08138	0.22637	0.06225	0.11712	0.07042	0.06604	0.04413	0.01761	0.01361	0.00767	0.00650	0.00206	0.00871	0.00590	0.00503	0.04389
62	0.03691	0.01560	0.04651	0.01504	0.04658	0.10139	0.04337	0.04365	0.16664	0.02470	0.15681	0.08021	0.11405	0.01206	0.00838	0.00236	0.03904	0.03221	0.00598	0.00852
63	0.02083	0.12098	0.09360	0.01741	0.02263	0.18700	0.12255	0.08418	0.01877	0.10265	0.04520	0.07501	0.01653	0.03176	0.00790	0.00226	0.00926	0.00738	0.00485	0.00925
64	0.16447	0.08751	0.05035	0.01831	0.08924	0.10825	0.07007	0.09489	0.12561	0.04722	0.01636	0.01893	0.01299	0.00975	0.03826	0.00257	0.00862	0.02208	0.00487	0.00963
65	0.01574	0.04820	0.05256	0.04583	0.02216	0.08412	0.13848	0.04007	0.04086	0.02219	0.09602	0.08655	0.04300	0.01000	0.00946	0.00222	0.10615	0.00840	0.00465	0.12333
66	0.01808	0.01833	0.04857	0.01900	0.14095	0.16358	0.01311	0.06505	0.03760	0.04070	0.07918	0.02602	0.06460	0.00914	0.00754	0.00201	0.03788	0.03373	0.04902	0.12591
67	0.05292	0.06121	0.02177	0.02028	0.12722	0.16383	0.04141	0.16109	0.10188	0.05097	0.05792	0.02153	0.01652	0.00868	0.00763	0.00217	0.03877	0.02897	0.00529	0.00993

[dist]
# distance from previous block
# <min> <max>
5	133

[block]
# block no. 6 follows, 29 sequences, length 50
# corresponding to MSA columns:
# 620-669
name=unknown_G
#
# <colnr> <probs for GDERKNQSTAVLIFYWHMCP>
#	G	D	E	R	K	N	Q	S	T	A	V	L	I	F	Y	W	H	M	C	P
0	0.01785	0.03688	0.07400	0.05367	0.05976	0.09174	0.01238	0.06785	0.10081	0.09648	0.11032	0.07746	0.06381	0.01011	0.00713	0.00211	0.00690	0.00840	0.00576	0.09657
1	0.06086	0.01458	0.01782	0.08294	0.05297	0.05465	0.05698	0.11070	0.12687	0.08954	0.07762	0.08345	0.05116	0.01017	0.00761	0.00227	0.02425	0.00858	0.03412	0.03285
2	0.11200	0.09307	0.07749	0.06242	0.10276	0.05078	0.11244	0.14101	0.04059	0.02680	0.01493	0.01925	0.01212	0.00870	0.02545	0.00238	0.00879	0.03460	0.00449	0.04992
3	0.05377	0.11937	0.08710	0.06605	0.02071	0.08607	0.02906	0.07243	0.06496	0.04524	0.02298	0.11720	0.07885	0.01005	0.00675	0.00208	0.00731	0.00819	0.00493	0.09690
4	0.01990	0.14665	0.11822	0.01672	0.07818	0.07650	0.01399	0.07510	0.05574	0.13067	0.01879	0.08029	0.01589	0.00882	0.00662	0.00202	0.00762	0.02615	0.00513	0.09701
5	0.09995	0.05430	0.09986	0.04787	0.08248	0.07111	0.06367	0.10149	0.07471	0.13851	0.03570	0.01881	0.01375	0.00781	0.00721	0.00216	0.03075	0.00625	0.00526	0.03836
6	0.02169	0.06390	0.04017	0.03632	0.02266	0.19031	0.07986	0.16575	0.05221	0.06359	0.03367	0.01731	0.01285	0.00754	0.00708	0.00192	0.02828	0.00589	0.00498	0.14401
7	0.02216	0.07906	0.05589	0.01777	0.04045	0.07942	0.10968	0.21098	0.09811	0.11468	0.05735	0.02044	0.01615	0.00812	0.00704	0.00211	0.00818	0.00684	0.00585	0.03974
8	0.04148	0.17892	0.02423	0.05500	0.05199	0.11680	0.05821	0.17209	0.02023	0.02619	0.05858	0.01913	0.01483	0.00771	0.00640	0.00189	0.00817	0.02316	0.00473	0.11024
9	0.04184	0.06977	0.12107	0.02055	0.12208	0.05081	0.06213	0.18605	0.10487	0.06580	0.03800	0.01888	0.01414	0.00771	0.00684	0.00211	0.00812	0.00639	0.00525	0.04759
10	0.04202	0.02102	0.08973	0.05541	0.21970	0.11174	0.10653	0.12149	0.03791	0.07572	0.01504	0.01739	0.01139	0.00707	0.00701	0.00212	0.00922	0.00626	0.00456	0.03866
11	0.01953	0.08120	0.04850	0.16781	0.20270	0.08979	0.01662	0.13088	0.01889	0.05281	0.01381	0.01666	0.01075	0.00695	0.00660	0.00198	0.00857	0.00572	0.00429	0.09593
12	0.11594	0.02080	0.18228	0.01780	0.02415	0.01667	0.13381	0.13522	0.07873	0.06628	0.05692	0.01952	0.01489	0.00788	0.00752	0.00223	0.03534	0.00663	0.00504	0.05233
13	0.02668	0.01975	0.02115	0.01631	0.02194	0.02190	0.01344	0.65507	0.06063	0.04425	0.01759	0.01749	0.01251	0.00859	0.00713	0.00215	0.00774	0.00648	0.00713	0.01208
14	0.04635	0.00827	0.01030	0.01051	0.01227	0.00807	0.00801	0.05345	0.01749	0.04889	0.23064	0.29723	0.07759	0.01740	0.00859	0.00264	0.00464	0.12377	0.00697	0.00689
15	0.01237	0.00618	0.00928	0.00928	0.00928	0.00618	0.00618	0.00928	0.00928	0.01237	0.01237	0.02165	0.01237	0.02474	0.02783	0.79283	0.00618	0.00618	0.00309	0.00309
16	0.02512	0.02068	0.02094	0.01797	0.06256	0.09989	0.01374	0.47689	0.12467	0.03834	0.01788	0.01800	0.01310	0.00844	0.00706	0.00214	0.00812	0.00643	0.00654	0.01151
17	0.01816	0.01794	0.02838	0.04218	0.66434	0.05917	0.02137	0.02225	0.01645	0.02291	0.01325	0.01734	0.01115	0.00640	0.00701	0.00210	0.00872	0.00624	0.00353	0.01110
18	0.01805	0.01464	0.01652	0.01222	0.01828	0.01309	0.00987	0.18917	0.04942	0.02906	0.01452	0.01588	0.01144	0.00631	0.00584	0.00139	0.00595	0.00495	0.00510	0.55830
19	0.00917	0.00648	0.00838	0.00941	0.00995	0.00612	0.00625	0.01054	0.01411	0.01907	0.13985	0.52092	0.04671	0.14207	0.01350	0.00346	0.00447	0.01745	0.00642	0.00569
20	0.02820	0.01579	0.01851	0.01445	0.01986	0.01621	0.01185	0.30681	0.10606	0.34958	0.02358	0.02151	0.01580	0.00880	0.00716	0.00220	0.00675	0.00695	0.00792	0.01201
21	0.00931	0.00686	0.00857	0.00968	0.01071	0.00639	0.00699	0.01091	0.01436	0.01852	0.04441	0.40105	0.18769	0.09778	0.01195	0.00328	0.00475	0.13460	0.00636	0.00582
22	0.00996	0.00674	0.00788	0.00827	0.00837	0.00664	0.00485	0.01025	0.01112	0.01483	0.02638	0.21042	0.03086	0.57914	0.02987	0.00596	0.00625	0.01267	0.00485	0.00466
23	0.05409	0.02949	0.01925	0.01725	0.02103	0.55484	0.01312	0.09050	0.05202	0.02113	0.01284	0.01469	0.01047	0.01013	0.04667	0.00244	0.01210	0.00507	0.00420	0.00864
24	0.01665	0.01890	0.04105	0.06279	0.03777	0.01791	0.64870	0.02259	0.01669	0.02259	0.01432	0.01920	0.01074	0.00605	0.00834	0.00240	0.01189	0.00831	0.00358	0.00952
25	0.01009	0.00685	0.00785	0.00801	0.00820	0.00674	0.00468	0.01039	0.01124	0.01493	0.04649	0.12218	0.05715	0.62026	0.03138	0.00615	0.00637	0.01168	0.00476	0.00461
26	0.01904	0.75404	0.03731	0.01218	0.01828	0.02818	0.01218	0.02132	0.01447	0.01675	0.00990	0.01142	0.00914	0.00609	0.00457	0.00152	0.00761	0.00381	0.00305	0.00914
27	0.01688	0.01899	0.04079	0.03130	0.09996	0.01790	0.61771	0.02272	0.01675	0.02285	0.01431	0.01906	0.01085	0.00603	0.00828	0.00237	0.01167	0.00821	0.00359	0.00976
28	0.00928	0.00778	0.00923	0.09217	0.01448	0.00728	0.00750	0.01137	0.01549	0.01889	0.05782	0.13372	0.48872	0.04734	0.00956	0.00268	0.00464	0.04977	0.00611	0.00617
29	0.00865	0.00703	0.00770	0.00819	0.01008	0.00608	0.00604	0.01040	0.01562	0.01910	0.06239	0.22977	0.50970	0.01914	0.00866	0.00257	0.00390	0.05239	0.00661	0.00599
30	0.01681	0.01921	0.04202	0.03001	0.03721	0.01801	0.67947	0.02281	0.01681	0.02281	0.01441	0.01921	0.01080	0.00600	0.00840	0.00240	0.01200	0.00840	0.00360	0.00960
31	0.14073	0.01934	0.02473	0.02105	0.06142	0.13247	0.16455	0.05037	0.01522	0.02235	0.01142	0.01551	0.00962	0.00874	0.01266	0.00251	0.26885	0.00610	0.00372	0.00865
32	0.01482	0.03347	0.60408	0.01939	0.02890	0.01672	0.02396	0.02494	0.12079	0.02368	0.01531	0.01683	0.01101	0.00722	0.00684	0.00228	0.00976	0.00570	0.00367	0.01064
33	0.01045	0.00704	0.00914	0.00987	0.01116	0.00648	0.00717	0.01244	0.01581	0.05827	0.16848	0.43050	0.12591	0.01934	0.00884	0.00271	0.00426	0.07877	0.00696	0.00641
34	0.01442	0.03584	0.67513	0.02084	0.03118	0.01662	0.06304	0.02257	0.01513	0.02257	0.01287	0.01527	0.00912	0.00672	0.00686	0.00226	0.01061	0.00544	0.00304	0.01047
35	0.01641	0.01541	0.02469	0.24142	0.40542	0.01672	0.01959	0.02327	0.12121	0.02279	0.01561	0.01942	0.01239	0.00709	0.00710	0.00224	0.00832	0.00661	0.00400	0.01029
36	0.02197	0.01802	0.02316	0.02595	0.26905	0.01943	0.01614	0.32746	0.14500	0.03435	0.01788	0.01898	0.01353	0.00795	0.00712	0.00218	0.00767	0.00668	0.00584	0.01166
37	0.00868	0.00620	0.00826	0.00991	0.01033	0.00578	0.00661	0.00991	0.01363	0.01818	0.03925	0.74510	0.04710	0.02231	0.00909	0.00289	0.00413	0.02024	0.00661	0.00578
38	0.10005	0.06532	0.02038	0.05714	0.04929	0.36227	0.01379	0.02327	0.01620	0.01903	0.01118	0.01462	0.00968	0.01092	0.05243	0.00273	0.15485	0.00514	0.00357	0.00815
39	0.01312	0.00665	0.00973	0.00976	0.01022	0.00651	0.00678	0.01117	0.01077	0.05532	0.01742	0.09812	0.01777	0.02326	0.02370	0.62209	0.00599	0.04354	0.00398	0.00410
40	0.05521	0.56592	0.10146	0.01295	0.01913	0.02437	0.01326	0.02179	0.01484	0.05607	0.01271	0.01629	0.01128	0.00708	0.00521	0.00176	0.00767	0.04015	0.00361	0.00923
41	0.06156	0.30250	0.19633	0.01591	0.02253	0.04327	0.04057	0.12355	0.05817	0.02434	0.01303	0.01459	0.01031	0.00717	0.00662	0.00199	0.03848	0.00511	0.00403	0.00992
42	0.01911	0.09595	0.12265	0.01531	0.02115	0.05891	0.04930	0.14715	0.11083	0.06510	0.07003	0.02048	0.01691	0.00918	0.02628	0.00223	0.00791	0.00643	0.00533	0.12975
43	0.12986	0.01624	0.07265	0.01313	0.01858	0.01477	0.01132	0.13163	0.16931	0.07712	0.01894	0.05128	0.01493	0.00812	0.00632	0.00196	0.00624	0.00640	0.00572	0.22548
44	0.06343	0.19840	0.14667	0.01522	0.02160	0.05904	0.01463	0.23251	0.07912	0.02915	0.01459	0.01549	0.01117	0.00734	0.00614	0.00195	0.00804	0.00533	0.00488	0.06532
45	0.18833	0.09838	0.04094	0.01301	0.01831	0.09415	0.01102	0.11729	0.05404	0.04429	0.01339	0.01474	0.01055	0.00695	0.00617	0.00180	0.02980	0.00483	0.00469	0.22733
46	0.04477	0.04701	0.13134	0.01711	0.05825	0.09468	0.01467	0.09995	0.13204	0.12008	0.03983	0.02106	0.03720	0.00888	0.00851	0.00224	0.08148	0.00663	0.00543	0.02883
47	0.01961	0.08203	0.12517	0.01772	0.07495	0.03490	0.06851	0.11367	0.07048	0.11712	0.01977	0.02049	0.05023	0.00772	0.00669	0.00197	0.00765	0.00643	0.00519	0.14971
48	0.08444	0.04640	0.15449	0.03888	0.02256	0.01554	0.06663	0.12681	0.08061	0.04651	0.05782	0.02253	0.01648	0.00820	0.00674	0.00208	0.00749	0.04193	0.00508	0.14878
49	0.01617	0.01855	0.15446	0.13155	0.04739	0.04659	0.06918	0.04322	0.06852	0.06498	0.10719	0.02348	0.01940	0.03030	0.00789	0.00222	0.00793	0.00706	0.00480	0.12912

[dist]
# distance from previous block
# <min> <max>
3	77

[block]
# block no. 7 follows, 29 sequences, length 21
# corresponding to MSA columns:
# 755-775
name=unknown_H
#
# <colnr> <probs for GDERKNQSTAVLIFYWHMCP>
#	G	D	E	R	K	N	Q	S	T	A	V	L	I	F	Y	W	H	M	C	P
0	0.04797	0.11831	0.10107	0.01945	0.08931	0.11239	0.07342	0.17911	0.05927	0.05172	0.01475	0.01622	0.01127	0.00718	0.00653	0.00199	0.00873	0.00573	0.00476	0.07081
1	0.04412	0.15034	0.17583	0.04369	0.10649	0.09720	0.01648	0.11743	0.05022	0.02484	0.01343	0.01532	0.01053	0.00689	0.00622	0.00192	0.00860	0.00523	0.00413	0.10108
2	0.09023	0.06690	0.07747	0.01757	0.10396	0.06227	0.03823	0.14406	0.03719	0.02833	0.16780	0.05852	0.02496	0.00947	0.00696	0.00212	0.00706	0.00789	0.00545	0.04356
3	0.02008	0.15981	0.04620	0.04124	0.02242	0.15641	0.09423	0.09160	0.12201	0.05998	0.01887	0.07991	0.01629	0.00914	0.00692	0.00215	0.00864	0.02964	0.00502	0.00944
4	0.17119	0.09887	0.07845	0.06849	0.04638	0.10434	0.08349	0.07820	0.01722	0.02523	0.06726	0.01903	0.03211	0.00759	0.00631	0.00202	0.00811	0.00605	0.00439	0.07527
5	0.04947	0.02230	0.02048	0.05279	0.02294	0.22617	0.03857	0.30683	0.07122	0.06764	0.01622	0.01726	0.01208	0.00965	0.03231	0.00243	0.00963	0.00606	0.00567	0.01026
6	0.01591	0.01184	0.01259	0.01122	0.01401	0.08401	0.00862	0.06678	0.02024	0.11032	0.38708	0.09992	0.04559	0.01294	0.00787	0.00220	0.00527	0.02665	0.00714	0.04982
7	0.14815	0.01850	0.01816	0.01487	0.01980	0.05874	0.01201	0.36827	0.20482	0.03727	0.01877	0.01850	0.01381	0.00847	0.00668	0.00220	0.00716	0.00634	0.00653	0.01097
8	0.07413	0.01775	0.02243	0.15698	0.23640	0.06308	0.01668	0.21591	0.07619	0.02941	0.01522	0.01773	0.01167	0.00749	0.00688	0.00218	0.00831	0.00622	0.00489	0.01046
9	0.02671	0.02067	0.02063	0.01625	0.02162	0.09510	0.01324	0.53384	0.07328	0.07972	0.01785	0.01766	0.01273	0.00851	0.00706	0.00213	0.00812	0.00637	0.00686	0.01165
10	0.00856	0.00667	0.00778	0.00867	0.01000	0.00589	0.00606	0.01006	0.01483	0.01867	0.05444	0.43257	0.34983	0.02033	0.00878	0.00267	0.00389	0.01783	0.00661	0.00589
11	0.01237	0.00618	0.00928	0.00928	0.00928	0.00618	0.00618	0.00928	0.00928	0.01237	0.01237	0.02165	0.01237	0.02474	0.02783	0.79283	0.00618	0.00618	0.00309	0.00309
12	0.06257	0.02373	0.02046	0.06607	0.02352	0.25035	0.01376	0.39063	0.02678	0.03343	0.01446	0.01557	0.01076	0.00796	0.00676	0.00206	0.00948	0.00569	0.00559	0.01035
13	0.00993	0.00680	0.00782	0.00810	0.00834	0.00665	0.00479	0.01027	0.01133	0.01495	0.02881	0.17050	0.07625	0.57185	0.02957	0.00589	0.00619	0.01241	0.00488	0.00469
14	0.01001	0.00720	0.00936	0.00895	0.01048	0.00668	0.00659	0.01309	0.01930	0.02724	0.63064	0.09126	0.06399	0.05198	0.00984	0.00251	0.00358	0.01316	0.00759	0.00655
15	0.02551	0.08685	0.02212	0.01675	0.02150	0.27582	0.01349	0.34445	0.04900	0.03109	0.01443	0.01535	0.01103	0.00807	0.00720	0.00202	0.03404	0.00558	0.00540	0.01029
16	0.10188	0.46132	0.17529	0.01387	0.02061	0.02372	0.01470	0.05110	0.04291	0.02136	0.01160	0.01307	0.00961	0.00654	0.00524	0.00181	0.00793	0.00441	0.00353	0.00949
17	0.01041	0.00739	0.00963	0.00977	0.01110	0.00707	0.00743	0.01309	0.01732	0.02388	0.40146	0.08251	0.05301	0.14486	0.01364	0.00333	0.00477	0.16621	0.00687	0.00623
18	0.01704	0.01633	0.02785	0.13959	0.61399	0.01677	0.02156	0.02134	0.01594	0.02256	0.01329	0.01781	0.01103	0.00645	0.00706	0.00215	0.00860	0.00634	0.00347	0.01081
19	0.02141	0.01762	0.05188	0.01601	0.02063	0.05812	0.04823	0.15207	0.28294	0.13333	0.02230	0.02209	0.01642	0.01124	0.04422	0.00279	0.05434	0.00716	0.00642	0.01079
20	0.80005	0.01377	0.01047	0.00936	0.01377	0.01597	0.00771	0.02093	0.01212	0.03195	0.00991	0.01157	0.00771	0.00661	0.00441	0.00220	0.00551	0.00386	0.00441	0.00771

[dist]
# distance from previous block
# <min> <max>
0	2

[block]
# block no. 8 follows, 29 sequences, length 15
# corresponding to MSA columns:
# 778-792
name=unknown_I
#
# <colnr> <probs for GDERKNQSTAVLIFYWHMCP>
#	G	D	E	R	K	N	Q	S	T	A	V	L	I	F	Y	W	H	M	C	P
0	0.00865	0.00628	0.00818	0.00970	0.01027	0.00580	0.00651	0.00994	0.01384	0.01826	0.04185	0.69151	0.09901	0.02197	0.00904	0.00285	0.00409	0.01983	0.00661	0.00580
1	0.01084	0.00793	0.01035	0.04127	0.01348	0.00793	0.00830	0.06989	0.01590	0.02119	0.05697	0.55735	0.04242	0.01993	0.00889	0.00282	0.00492	0.08654	0.00654	0.00654
2	0.64664	0.01404	0.01272	0.01284	0.07502	0.01584	0.00930	0.02268	0.04903	0.06920	0.01225	0.01361	0.00933	0.00687	0.00494	0.00221	0.00581	0.00448	0.00473	0.00846
3	0.09247	0.00981	0.01058	0.01070	0.05051	0.00930	0.00758	0.01595	0.09053	0.02302	0.10231	0.04924	0.40599	0.01388	0.00752	0.00224	0.00442	0.01150	0.00617	0.07627
4	0.04696	0.08646	0.35871	0.01709	0.02438	0.13379	0.01862	0.05066	0.04373	0.02276	0.03775	0.01684	0.01227	0.00971	0.04506	0.00256	0.01009	0.00548	0.00380	0.05328
5	0.01558	0.11012	0.48900	0.01852	0.02733	0.01753	0.05486	0.07934	0.01678	0.02363	0.01763	0.01927	0.06432	0.00770	0.00677	0.00218	0.00950	0.00614	0.00369	0.01011
6	0.01671	0.11527	0.47392	0.01914	0.05401	0.07895	0.02155	0.02302	0.01601	0.05639	0.05029	0.01705	0.01271	0.00725	0.00660	0.00212	0.00970	0.00559	0.00364	0.01007
7	0.01762	0.13030	0.21532	0.01533	0.02167	0.15699	0.01524	0.04907	0.03363	0.02165	0.03300	0.01778	0.03356	0.00971	0.04482	0.00233	0.00936	0.00547	0.00394	0.16322
8	0.01755	0.16940	0.27801	0.01741	0.02452	0.01860	0.08043	0.06882	0.12609	0.06251	0.01761	0.05791	0.01408	0.00813	0.00674	0.00217	0.00851	0.00674	0.00456	0.01021
9	0.04656	0.12227	0.13049	0.01838	0.08398	0.12903	0.01535	0.17100	0.09381	0.06833	0.01596	0.01709	0.01215	0.00933	0.03373	0.00241	0.00907	0.00578	0.00496	0.01033
10	0.20560	0.15028	0.14698	0.06743	0.02415	0.01899	0.08801	0.10376	0.01653	0.02616	0.01218	0.01457	0.00945	0.00686	0.00650	0.00207	0.03160	0.00520	0.00402	0.05966
11	0.06921	0.05502	0.09445	0.01456	0.01885	0.04164	0.05366	0.18043	0.01994	0.02752	0.08257	0.13861	0.07505	0.01221	0.00806	0.00239	0.03052	0.06089	0.00569	0.00872
12	0.01715	0.08553	0.09457	0.07269	0.08162	0.01703	0.07758	0.15507	0.11586	0.02654	0.02567	0.02678	0.12341	0.01108	0.03593	0.00259	0.00813	0.00789	0.00517	0.00971
13	0.06316	0.06155	0.15105	0.05609	0.02515	0.11136	0.09568	0.14609	0.06399	0.02678	0.03474	0.01732	0.01253	0.00731	0.00667	0.00203	0.00889	0.00596	0.00459	0.09906
