[name]
unknown

[dist]
# distance from previous block
# <min> <max>
0	75

[block]
# block no. 0 follows, 32 sequences, length 6
# corresponding to MSA columns:
# 75-80
name=unknown_A
#
# <colnr> <probs for GDERKNQSTAVLIFYWHMCP>
#	G	D	E	R	K	N	Q	S	T	A	V	L	I	F	Y	W	H	M	C	P
0	0.07347	0.01338	0.01828	0.02023	0.20252	0.01395	0.04527	0.09889	0.08314	0.04853	0.02571	0.02966	0.13645	0.00981	0.00800	0.00219	0.06022	0.05719	0.00501	0.04810
1	0.05833	0.01431	0.02174	0.14798	0.39405	0.01505	0.01665	0.10378	0.01701	0.02411	0.05533	0.02184	0.06573	0.00761	0.00669	0.00207	0.00731	0.00680	0.00417	0.00942
2	0.01709	0.01855	0.08182	0.11732	0.38436	0.08102	0.05171	0.05925	0.08107	0.02246	0.01390	0.01699	0.01102	0.00657	0.00666	0.00205	0.00850	0.00599	0.00377	0.00990
3	0.01648	0.05290	0.02247	0.05503	0.35874	0.01586	0.01568	0.09702	0.05448	0.02372	0.04681	0.01956	0.03873	0.00747	0.00763	0.00197	0.06298	0.00631	0.00419	0.09196
4	0.13454	0.01449	0.01959	0.13117	0.24619	0.01539	0.01454	0.14551	0.04353	0.09141	0.01640	0.01832	0.03550	0.00718	0.00630	0.00203	0.00702	0.00598	0.00473	0.04019
5	0.08136	0.01651	0.02391	0.15209	0.48989	0.08160	0.01849	0.02052	0.01500	0.02130	0.01204	0.01594	0.00990	0.00620	0.00640	0.00202	0.00828	0.00563	0.00335	0.00958

[dist]
# distance from previous block
# <min> <max>
0	1

[block]
# block no. 1 follows, 32 sequences, length 22
# corresponding to MSA columns:
# 82-103
name=unknown_B
#
# <colnr> <probs for GDERKNQSTAVLIFYWHMCP>
#	G	D	E	R	K	N	Q	S	T	A	V	L	I	F	Y	W	H	M	C	P
0	0.06640	0.07519	0.02063	0.07446	0.26847	0.01470	0.01400	0.10103	0.01748	0.12403	0.08843	0.07094	0.01878	0.00842	0.00659	0.00205	0.00665	0.00728	0.00503	0.00944
1	0.02181	0.01699	0.01766	0.08240	0.04564	0.11579	0.01231	0.16610	0.25792	0.16092	0.02062	0.02007	0.01487	0.00811	0.00666	0.00210	0.00717	0.00646	0.00614	0.01025
2	0.00858	0.00645	0.00850	0.01015	0.03742	0.00596	0.00664	0.01009	0.01379	0.01826	0.09653	0.57374	0.14052	0.01926	0.00835	0.00258	0.00392	0.01730	0.00621	0.00575
3	0.01501	0.01446	0.02517	0.24972	0.43987	0.01525	0.06863	0.01914	0.01466	0.02026	0.01354	0.04925	0.01155	0.00682	0.00684	0.00212	0.00833	0.00668	0.00335	0.00934
4	0.07218	0.01783	0.02094	0.12341	0.20547	0.14087	0.04330	0.14962	0.03848	0.02437	0.01454	0.06536	0.01243	0.00793	0.00712	0.00209	0.03415	0.00654	0.00428	0.00909
5	0.00818	0.00584	0.00779	0.00934	0.00973	0.00545	0.00623	0.00934	0.01285	0.01713	0.03698	0.75981	0.04438	0.02102	0.00856	0.00273	0.00389	0.01908	0.00623	0.00545
6	0.01496	0.01445	0.02009	0.09171	0.07168	0.01900	0.01482	0.01987	0.12928	0.01868	0.01252	0.01689	0.01093	0.01037	0.01680	0.00269	0.49732	0.00618	0.00363	0.00814
7	0.60511	0.01624	0.05593	0.01197	0.04466	0.06436	0.00977	0.08249	0.01410	0.02942	0.01033	0.01189	0.00795	0.00644	0.00475	0.00205	0.00626	0.00408	0.00422	0.00798
8	0.02645	0.01100	0.01471	0.01176	0.01635	0.00985	0.00965	0.03012	0.06104	0.58531	0.08766	0.02819	0.02211	0.00937	0.00699	0.00215	0.00549	0.04312	0.00802	0.01064
9	0.00821	0.00594	0.00769	0.00906	0.00959	0.00551	0.00606	0.00938	0.01294	0.01706	0.03897	0.67679	0.09932	0.04738	0.00943	0.00282	0.00395	0.01834	0.00615	0.00542
10	0.01570	0.01493	0.02553	0.21847	0.45263	0.01569	0.06864	0.04771	0.01546	0.02140	0.01328	0.03614	0.01107	0.00661	0.00680	0.00209	0.00833	0.00646	0.00346	0.00960
11	0.36039	0.10399	0.08264	0.01456	0.06510	0.14541	0.01192	0.10407	0.01598	0.02619	0.01082	0.01242	0.00851	0.00651	0.00519	0.00193	0.00753	0.00432	0.00402	0.00848
12	0.00834	0.00604	0.00792	0.00936	0.00997	0.00562	0.00646	0.00968	0.01321	0.01741	0.03921	0.65991	0.09476	0.02055	0.00857	0.00272	0.00401	0.06450	0.00623	0.00552
13	0.00964	0.00627	0.00826	0.00938	0.01020	0.00576	0.00641	0.01093	0.01341	0.06506	0.03793	0.67292	0.07862	0.01995	0.00841	0.00266	0.00399	0.01798	0.00637	0.00586
14	0.08828	0.13372	0.05549	0.02023	0.12047	0.18727	0.13267	0.02389	0.09277	0.04152	0.03292	0.01635	0.01211	0.00677	0.00620	0.00194	0.00876	0.00569	0.00399	0.00896
15	0.01827	0.14168	0.15342	0.08127	0.15336	0.14489	0.06255	0.06692	0.01675	0.05147	0.03920	0.01615	0.01171	0.00675	0.00627	0.00193	0.00892	0.00552	0.00376	0.00923
16	0.01689	0.05263	0.24162	0.04212	0.08657	0.03785	0.08086	0.09126	0.03700	0.07090	0.04130	0.01716	0.01240	0.00697	0.00701	0.00197	0.03636	0.00578	0.00416	0.10920
17	0.09275	0.01944	0.11690	0.07095	0.20096	0.10282	0.01574	0.09001	0.08158	0.04457	0.03697	0.01713	0.01247	0.00723	0.00692	0.00204	0.03677	0.00573	0.00427	0.03475
18	0.04404	0.01654	0.04133	0.08756	0.14683	0.11252	0.03446	0.08877	0.07480	0.14388	0.01794	0.06827	0.01457	0.03031	0.00742	0.00217	0.00757	0.00687	0.00504	0.04912
19	0.07189	0.05974	0.16669	0.04594	0.15453	0.04652	0.08173	0.08793	0.01646	0.02388	0.04962	0.01669	0.01242	0.00656	0.00620	0.00187	0.00789	0.00561	0.00391	0.13393
20	0.04144	0.06512	0.01997	0.03894	0.13258	0.04568	0.07687	0.13127	0.06053	0.06000	0.02342	0.07254	0.10636	0.01033	0.02822	0.00228	0.00720	0.00784	0.00497	0.06445
21	0.06755	0.11645	0.10731	0.01828	0.11996	0.08611	0.04052	0.12192	0.01778	0.11517	0.01778	0.04222	0.04322	0.00817	0.00680	0.00203	0.02888	0.02579	0.00471	0.00936

[dist]
# distance from previous block
# <min> <max>
0	55

[block]
# block no. 2 follows, 32 sequences, length 54
# corresponding to MSA columns:
# 171-224
name=unknown_C
#
# <colnr> <probs for GDERKNQSTAVLIFYWHMCP>
#	G	D	E	R	K	N	Q	S	T	A	V	L	I	F	Y	W	H	M	C	P
0	0.07607	0.05885	0.11245	0.01565	0.08219	0.01319	0.05410	0.05328	0.01572	0.11947	0.06497	0.02062	0.04056	0.02921	0.00752	0.00197	0.03487	0.00614	0.00469	0.18849
1	0.01373	0.03722	0.08701	0.04298	0.03370	0.03341	0.02676	0.06890	0.08831	0.04559	0.18916	0.07380	0.11840	0.01303	0.04255	0.00256	0.03510	0.00924	0.00554	0.03303
2	0.01744	0.01547	0.08674	0.04592	0.13312	0.03484	0.03482	0.06455	0.14682	0.12836	0.06829	0.04520	0.03483	0.01025	0.03499	0.00241	0.00715	0.02141	0.00541	0.06198
3	0.04496	0.04550	0.23197	0.10976	0.12806	0.08575	0.01739	0.05276	0.07639	0.04769	0.04081	0.01730	0.01247	0.00717	0.00683	0.00205	0.03042	0.00570	0.00397	0.03306
4	0.01599	0.01489	0.04326	0.32019	0.24009	0.01596	0.04398	0.08882	0.01592	0.04258	0.01285	0.01703	0.00998	0.00691	0.00770	0.00214	0.05801	0.00598	0.00366	0.03406
5	0.04037	0.17596	0.04922	0.01567	0.01985	0.48085	0.01285	0.02516	0.01733	0.06476	0.01124	0.01269	0.00914	0.00689	0.00622	0.00175	0.03373	0.00440	0.00364	0.00825
6	0.56739	0.11562	0.05744	0.01156	0.04079	0.04472	0.00980	0.04807	0.01313	0.02735	0.00994	0.01154	0.00786	0.00626	0.00457	0.00198	0.00619	0.00392	0.00395	0.00791
7	0.01132	0.00891	0.01083	0.03891	0.01294	0.00917	0.00785	0.06520	0.01703	0.04187	0.24906	0.07589	0.31292	0.01425	0.00935	0.00229	0.08767	0.01167	0.00618	0.00672
8	0.01169	0.00819	0.00965	0.00893	0.01126	0.00773	0.00680	0.04299	0.07111	0.07719	0.33988	0.09157	0.25895	0.01418	0.00774	0.00220	0.00381	0.01218	0.00695	0.00699
9	0.00960	0.00714	0.01052	0.01052	0.01162	0.00824	0.00806	0.01181	0.01070	0.01538	0.01822	0.02771	0.01736	0.10513	0.68359	0.01046	0.01709	0.00739	0.00363	0.00584
10	0.00831	0.00681	0.00732	0.00719	0.00930	0.00583	0.00540	0.01036	0.01619	0.02025	0.22533	0.06108	0.56093	0.01620	0.00793	0.00223	0.00334	0.01367	0.00651	0.00583
11	0.01161	0.00927	0.01410	0.06053	0.15304	0.00943	0.01231	0.01469	0.01492	0.01998	0.05668	0.14542	0.03229	0.01679	0.03745	0.00305	0.00675	0.36932	0.00539	0.00703
12	0.02551	0.01879	0.02014	0.01544	0.02081	0.02081	0.01275	0.69996	0.03155	0.04229	0.01611	0.01611	0.01141	0.00805	0.00671	0.00201	0.00738	0.00604	0.00671	0.01141
13	0.01593	0.01525	0.02601	0.16339	0.60544	0.01576	0.02025	0.02000	0.01496	0.02110	0.01250	0.01683	0.01034	0.00610	0.00665	0.00203	0.00814	0.00598	0.00326	0.01008
14	0.01346	0.03471	0.72942	0.01912	0.02904	0.01558	0.02479	0.02125	0.01417	0.02125	0.01204	0.01417	0.00850	0.00637	0.00637	0.00212	0.00992	0.00496	0.00283	0.00992
15	0.02371	0.08345	0.01991	0.03792	0.04868	0.48983	0.01274	0.06570	0.01882	0.08911	0.01339	0.04205	0.01105	0.00752	0.00616	0.00182	0.01023	0.00528	0.00418	0.00844
16	0.01436	0.01643	0.07639	0.05766	0.08642	0.01551	0.34974	0.01889	0.01512	0.02110	0.10591	0.02273	0.03793	0.00809	0.00978	0.00231	0.12142	0.00789	0.00387	0.00845
17	0.00980	0.04146	0.01024	0.00951	0.01131	0.00717	0.00693	0.01157	0.01370	0.01870	0.07724	0.48723	0.06939	0.01681	0.00772	0.00233	0.00426	0.04649	0.00577	0.14238
18	0.00793	0.00680	0.00680	0.00680	0.00906	0.00566	0.00510	0.00963	0.01529	0.01813	0.06797	0.06457	0.71961	0.01699	0.00793	0.00227	0.00340	0.01416	0.00623	0.00566
19	0.01385	0.01193	0.01421	0.04513	0.01735	0.00923	0.00846	0.01691	0.01389	0.02164	0.01193	0.01410	0.00989	0.00505	0.00505	0.00105	0.00516	0.00407	0.00393	0.76718
20	0.01583	0.01506	0.02560	0.13726	0.60080	0.01547	0.01993	0.01985	0.01503	0.02119	0.01345	0.01916	0.01152	0.00658	0.00676	0.00207	0.00803	0.03300	0.00339	0.01001
21	0.00818	0.00584	0.00779	0.00934	0.00973	0.00545	0.00623	0.00934	0.01285	0.01713	0.03698	0.75981	0.04438	0.02102	0.00856	0.00273	0.00389	0.01908	0.00623	0.00545
22	0.02013	0.01612	0.01711	0.01435	0.01876	0.01830	0.01145	0.29499	0.44527	0.03362	0.02294	0.02155	0.01694	0.00869	0.00678	0.00217	0.00612	0.00698	0.00678	0.01093
23	0.01777	0.73995	0.06192	0.01178	0.01768	0.02613	0.01199	0.02014	0.01365	0.01600	0.00943	0.01089	0.00861	0.00576	0.00439	0.00146	0.00728	0.00364	0.00287	0.00866
24	0.01831	0.30947	0.31479	0.01511	0.02231	0.07437	0.01681	0.02279	0.01502	0.11455	0.01284	0.01389	0.00965	0.00644	0.00562	0.00183	0.00847	0.00463	0.00364	0.00946
25	0.01407	0.05159	0.57393	0.02113	0.05161	0.01613	0.13571	0.02124	0.01446	0.02116	0.01224	0.01480	0.00885	0.00623	0.00658	0.00212	0.01001	0.00544	0.00294	0.00976
26	0.00910	0.00684	0.00842	0.00803	0.00978	0.00616	0.00602	0.01190	0.01806	0.02469	0.55425	0.05378	0.22924	0.01455	0.00792	0.00215	0.00322	0.01265	0.00709	0.00616
27	0.01027	0.00734	0.01019	0.01174	0.01305	0.00726	0.00988	0.01297	0.01492	0.01948	0.03582	0.21537	0.03979	0.01904	0.00912	0.00301	0.00571	0.54280	0.00619	0.00603
28	0.01534	0.02695	0.48161	0.03956	0.04729	0.01431	0.08564	0.02166	0.01492	0.10187	0.01587	0.04708	0.01240	0.00764	0.00680	0.00220	0.00908	0.03636	0.00381	0.00962
29	0.01300	0.01217	0.02047	0.59641	0.14697	0.01450	0.01819	0.01720	0.01367	0.01787	0.01353	0.06192	0.01131	0.00745	0.00681	0.00223	0.00850	0.00675	0.00323	0.00782
30	0.01468	0.01468	0.02055	0.01762	0.01762	0.02055	0.01468	0.01615	0.01028	0.01615	0.00881	0.01468	0.00881	0.01174	0.02202	0.00294	0.75191	0.00587	0.00294	0.00734
31	0.01583	0.01514	0.02571	0.14083	0.60818	0.01554	0.01992	0.01983	0.01501	0.02115	0.01392	0.01800	0.02829	0.00636	0.00668	0.00203	0.00799	0.00618	0.00335	0.01005
32	0.01252	0.01149	0.01907	0.37556	0.18948	0.01277	0.03455	0.01615	0.01406	0.01875	0.04570	0.16369	0.03877	0.00985	0.00717	0.00227	0.00743	0.00903	0.00396	0.00773
33	0.03010	0.01142	0.01557	0.01194	0.01713	0.00986	0.00986	0.03270	0.01920	0.72698	0.02647	0.02284	0.01661	0.00830	0.00675	0.00208	0.00571	0.00675	0.00830	0.01142
34	0.01794	0.76823	0.03516	0.01148	0.01722	0.02655	0.01148	0.02009	0.01363	0.01579	0.00933	0.01076	0.00861	0.00574	0.00431	0.00144	0.00718	0.00359	0.00287	0.00861
35	0.01378	0.03257	0.64339	0.02073	0.05493	0.01572	0.08352	0.02125	0.01435	0.02130	0.01220	0.01460	0.00872	0.00630	0.00652	0.00213	0.00997	0.00525	0.00290	0.00987
36	0.02372	0.02886	0.01870	0.04593	0.02142	0.60652	0.01294	0.05289	0.09100	0.01864	0.01241	0.01383	0.00999	0.00718	0.00618	0.00182	0.01109	0.00479	0.00391	0.00820
37	0.01081	0.00772	0.01081	0.01236	0.01390	0.00772	0.01081	0.01390	0.01545	0.02008	0.03553	0.07569	0.03862	0.01854	0.00927	0.00309	0.00618	0.67717	0.00618	0.00618
38	0.01608	0.01540	0.02628	0.13600	0.63165	0.01580	0.02033	0.02013	0.01503	0.02128	0.01253	0.01678	0.01040	0.00608	0.00665	0.00203	0.00810	0.00598	0.00328	0.01020
39	0.01609	0.08212	0.11589	0.19970	0.10557	0.05939	0.17073	0.05264	0.09141	0.02132	0.01394	0.01709	0.01067	0.00660	0.00670	0.00210	0.00907	0.00616	0.00370	0.00911
40	0.01695	0.00922	0.01183	0.01019	0.01319	0.00870	0.00798	0.02183	0.10202	0.25095	0.41438	0.03838	0.04323	0.01143	0.00741	0.00212	0.00424	0.00987	0.00761	0.00847
41	0.01166	0.00583	0.00874	0.00874	0.00874	0.00583	0.00583	0.00874	0.00874	0.01166	0.01166	0.02040	0.01166	0.02331	0.02622	0.80478	0.00583	0.00583	0.00291	0.00291
42	0.02052	0.01643	0.01745	0.01458	0.01869	0.08499	0.04195	0.26754	0.22171	0.08600	0.02231	0.11890	0.01855	0.00990	0.00699	0.00217	0.00681	0.00822	0.00635	0.00993
43	0.02004	0.09045	0.08364	0.11327	0.08470	0.34602	0.07640	0.05029	0.01706	0.01882	0.01128	0.01405	0.00909	0.00674	0.00673	0.00192	0.03253	0.00510	0.00339	0.00848
44	0.00797	0.00665	0.00695	0.00720	0.00917	0.00563	0.00528	0.00958	0.01491	0.01797	0.06307	0.17465	0.61270	0.01763	0.00803	0.00234	0.00348	0.01494	0.00623	0.00563
45	0.00793	0.00680	0.00680	0.00680	0.00906	0.00566	0.00510	0.00963	0.01529	0.01813	0.06797	0.06457	0.71961	0.01699	0.00793	0.00227	0.00340	0.01416	0.00623	0.00566
46	0.01975	0.13548	0.15036	0.07409	0.04616	0.06643	0.11816	0.15551	0.04061	0.10781	0.01474	0.01621	0.01079	0.00686	0.00643	0.00200	0.00858	0.00577	0.00452	0.00977
47	0.01661	0.01594	0.02724	0.04119	0.72233	0.01594	0.02059	0.02059	0.01528	0.02192	0.01262	0.01661	0.01063	0.00598	0.00664	0.00199	0.00797	0.00598	0.00332	0.01063
48	0.00959	0.00719	0.01078	0.01078	0.01198	0.00839	0.00839	0.01198	0.01078	0.01558	0.01797	0.02636	0.01677	0.05032	0.73760	0.01078	0.01797	0.00719	0.00359	0.00599
49	0.05242	0.03246	0.64122	0.01835	0.02765	0.01595	0.02304	0.07275	0.01536	0.02327	0.01222	0.01416	0.00866	0.00650	0.00629	0.00211	0.00950	0.00498	0.00319	0.00990
50	0.04786	0.02037	0.01965	0.01672	0.05200	0.17930	0.03300	0.36171	0.07955	0.09891	0.01627	0.01649	0.01181	0.00769	0.00653	0.00198	0.00819	0.00583	0.00582	0.01031
51	0.00951	0.00699	0.00837	0.00848	0.01025	0.00622	0.00630	0.01151	0.01534	0.04024	0.18842	0.21565	0.29286	0.05033	0.00922	0.00254	0.00397	0.07092	0.00634	0.03655
52	0.03977	0.18907	0.42999	0.01782	0.04405	0.01773	0.07148	0.02114	0.03978	0.02086	0.04019	0.01552	0.01129	0.00656	0.00606	0.00199	0.00879	0.00526	0.00327	0.00939
53	0.05445	0.57588	0.04968	0.01223	0.01752	0.13030	0.01162	0.02093	0.01436	0.01703	0.01004	0.01160	0.00888	0.00603	0.00463	0.00153	0.00774	0.00384	0.03334	0.00837

[dist]
# distance from previous block
# <min> <max>
0	1

[block]
# block no. 3 follows, 32 sequences, length 27
# corresponding to MSA columns:
# 226-252
name=unknown_D
#
# <colnr> <probs for GDERKNQSTAVLIFYWHMCP>
#	G	D	E	R	K	N	Q	S	T	A	V	L	I	F	Y	W	H	M	C	P
0	0.01602	0.01989	0.10151	0.02723	0.08475	0.04874	0.52826	0.02147	0.01571	0.02129	0.01316	0.01720	0.00998	0.00578	0.00749	0.00216	0.01074	0.00719	0.00336	0.03808
1	0.74784	0.01345	0.01070	0.00936	0.01361	0.01552	0.00771	0.07488	0.01305	0.03109	0.00989	0.01132	0.00760	0.00638	0.00436	0.00207	0.00537	0.00383	0.00436	0.00760
2	0.01794	0.76823	0.03516	0.01148	0.01722	0.02655	0.01148	0.02009	0.01363	0.01579	0.00933	0.01076	0.00861	0.00574	0.00431	0.00144	0.00718	0.00359	0.00287	0.00861
3	0.00918	0.00681	0.00860	0.00880	0.01013	0.00639	0.00635	0.01216	0.04511	0.02269	0.38920	0.29523	0.12146	0.01638	0.00809	0.00234	0.00353	0.01454	0.00685	0.00614
4	0.00843	0.00666	0.00760	0.00770	0.00946	0.00583	0.00565	0.01048	0.01599	0.02057	0.25589	0.17344	0.41513	0.01668	0.00803	0.00229	0.00341	0.01436	0.00657	0.00583
5	0.01847	0.71301	0.03395	0.01192	0.01749	0.07985	0.01159	0.02059	0.01404	0.01583	0.00941	0.01086	0.00861	0.00583	0.00444	0.00146	0.00754	0.00364	0.00291	0.00855
6	0.00830	0.00593	0.00793	0.00948	0.00993	0.00556	0.00644	0.00956	0.01297	0.01727	0.03691	0.72761	0.04411	0.02090	0.00860	0.00274	0.00400	0.05005	0.00623	0.00548
7	0.01676	0.01735	0.02757	0.10323	0.20012	0.08251	0.24092	0.05145	0.06959	0.02151	0.01380	0.01758	0.01095	0.00808	0.02902	0.00243	0.06762	0.00662	0.00372	0.00916
8	0.01755	0.01490	0.01608	0.01478	0.04215	0.01707	0.01117	0.10013	0.61978	0.02925	0.02571	0.02387	0.01925	0.00889	0.00681	0.00224	0.00561	0.00738	0.00669	0.01070
9	0.81159	0.01298	0.00986	0.00882	0.01298	0.01505	0.00727	0.01972	0.01142	0.03010	0.00934	0.01090	0.00727	0.00623	0.00415	0.00208	0.00519	0.00363	0.00415	0.00727
10	0.01346	0.03471	0.72942	0.01912	0.02904	0.01558	0.02479	0.02125	0.01417	0.02125	0.01204	0.01417	0.00850	0.00637	0.00637	0.00212	0.00992	0.00496	0.00283	0.00992
11	0.00809	0.00671	0.00708	0.00719	0.00921	0.00570	0.00532	0.00987	0.01537	0.01879	0.12155	0.13230	0.59548	0.01711	0.00799	0.00230	0.00343	0.01447	0.00633	0.00570
12	0.00861	0.00674	0.00780	0.00772	0.00953	0.00593	0.00572	0.01088	0.01663	0.02173	0.33926	0.12088	0.38264	0.01598	0.00798	0.00224	0.00334	0.01375	0.00672	0.00593
13	0.01368	0.03324	0.67325	0.01929	0.02884	0.01568	0.05210	0.02182	0.04116	0.02152	0.01270	0.01475	0.00903	0.00645	0.00646	0.00214	0.00980	0.00518	0.00301	0.00991
14	0.01832	0.72894	0.03430	0.01179	0.01741	0.06447	0.01156	0.02045	0.01392	0.01582	0.00938	0.01083	0.00861	0.00580	0.00440	0.00145	0.00744	0.00363	0.00290	0.00857
15	0.02392	0.03011	0.01879	0.01706	0.02025	0.67116	0.01289	0.02566	0.01823	0.01638	0.01057	0.01277	0.00896	0.00880	0.03428	0.00213	0.05241	0.00451	0.00343	0.00769
16	0.81159	0.01298	0.00986	0.00882	0.01298	0.01505	0.00727	0.01972	0.01142	0.03010	0.00934	0.01090	0.00727	0.00623	0.00415	0.00208	0.00519	0.00363	0.00415	0.00727
17	0.01468	0.01468	0.02055	0.01762	0.01762	0.02055	0.01468	0.01615	0.01028	0.01615	0.00881	0.01468	0.00881	0.01174	0.02202	0.00294	0.75191	0.00587	0.00294	0.00734
18	0.00834	0.00653	0.00755	0.00790	0.00947	0.00574	0.00570	0.01019	0.01535	0.01969	0.19695	0.26768	0.38003	0.01749	0.00811	0.00237	0.00350	0.01519	0.00648	0.00574
19	0.01343	0.01286	0.02223	0.60331	0.14734	0.01517	0.05518	0.01789	0.01383	0.01809	0.01212	0.01771	0.00926	0.00654	0.00676	0.00220	0.00892	0.00607	0.00305	0.00802
20	0.36319	0.04349	0.04737	0.01463	0.05409	0.21645	0.02843	0.05771	0.07586	0.02527	0.01193	0.01334	0.00935	0.00673	0.00537	0.00198	0.00780	0.00458	0.00416	0.00829
21	0.00842	0.00757	0.04671	0.00942	0.01066	0.00604	0.00703	0.01004	0.01336	0.01753	0.04118	0.59503	0.16323	0.01951	0.00833	0.00261	0.00413	0.01743	0.00605	0.00573
22	0.09081	0.02014	0.01782	0.01492	0.01922	0.21994	0.03090	0.24777	0.12112	0.09057	0.01729	0.04978	0.01348	0.00826	0.00644	0.00202	0.00804	0.00627	0.00562	0.00959
23	0.02055	0.03762	0.02224	0.01713	0.02166	0.13065	0.15393	0.09836	0.12658	0.14242	0.03659	0.01897	0.01406	0.00785	0.00817	0.00209	0.07679	0.00649	0.00521	0.05264
24	0.10772	0.06456	0.21018	0.01510	0.02008	0.19272	0.03235	0.07267	0.01590	0.02130	0.01515	0.11131	0.01416	0.04878	0.00817	0.00231	0.02858	0.00684	0.00396	0.00815
25	0.15261	0.12496	0.03937	0.04694	0.06431	0.13857	0.01110	0.03870	0.01502	0.07620	0.03501	0.08582	0.03189	0.03911	0.03023	0.00243	0.02735	0.00667	0.00437	0.02935
26	0.06141	0.04910	0.01814	0.07877	0.03714	0.07129	0.04131	0.18123	0.10119	0.08123	0.01898	0.02122	0.04869	0.05895	0.00864	0.00228	0.02676	0.00645	0.00518	0.08202

[dist]
# distance from previous block
# <min> <max>
0	28

[block]
# block no. 4 follows, 32 sequences, length 9
# corresponding to MSA columns:
# 284-292
name=unknown_E
#
# <colnr> <probs for GDERKNQSTAVLIFYWHMCP>
#	G	D	E	R	K	N	Q	S	T	A	V	L	I	F	Y	W	H	M	C	P
0	0.02000	0.07122	0.14615	0.05339	0.06139	0.21026	0.03574	0.14796	0.01938	0.07124	0.06462	0.03892	0.01479	0.00784	0.00649	0.00197	0.00880	0.00614	0.00457	0.00914
1	0.04838	0.07319	0.09996	0.01277	0.01715	0.01521	0.01133	0.08216	0.33314	0.02655	0.11971	0.02824	0.08491	0.00964	0.00671	0.00214	0.00571	0.00788	0.00595	0.00929
2	0.01534	0.01701	0.08221	0.26137	0.05696	0.11003	0.06524	0.07436	0.04497	0.02066	0.03540	0.10666	0.03233	0.00914	0.00758	0.00222	0.03852	0.00778	0.00411	0.00810
3	0.00926	0.00702	0.01005	0.01018	0.01144	0.00780	0.00781	0.01147	0.01150	0.01602	0.02558	0.09580	0.10251	0.04378	0.58660	0.00906	0.01500	0.00907	0.00414	0.00590
4	0.01643	0.01653	0.05570	0.05606	0.29334	0.04375	0.11620	0.08197	0.11014	0.02440	0.08175	0.02208	0.03581	0.00763	0.00698	0.00210	0.00778	0.00716	0.00453	0.00966
5	0.02272	0.01697	0.01852	0.01470	0.01942	0.01891	0.01202	0.55039	0.09859	0.03767	0.01748	0.01824	0.01298	0.01317	0.09334	0.00308	0.00843	0.00634	0.00635	0.01069
6	0.01622	0.01189	0.01393	0.01197	0.01497	0.01294	0.00949	0.14012	0.19049	0.08916	0.26776	0.03329	0.07036	0.01113	0.00858	0.00221	0.07093	0.00904	0.00675	0.00877
7	0.00840	0.00596	0.00779	0.00909	0.00949	0.00560	0.00601	0.00955	0.01282	0.01717	0.06802	0.65119	0.04320	0.09810	0.01120	0.00309	0.00413	0.01777	0.00606	0.00535
8	0.06795	0.20418	0.02443	0.12092	0.11046	0.10847	0.05648	0.10297	0.07135	0.02237	0.01375	0.01744	0.01137	0.00712	0.00605	0.00195	0.00811	0.03167	0.00403	0.00894

[dist]
# distance from previous block
# <min> <max>
0	1

[block]
# block no. 5 follows, 32 sequences, length 8
# corresponding to MSA columns:
# 294-301
name=unknown_F
#
# <colnr> <probs for GDERKNQSTAVLIFYWHMCP>
#	G	D	E	R	K	N	Q	S	T	A	V	L	I	F	Y	W	H	M	C	P
0	0.10187	0.62973	0.03132	0.01151	0.01706	0.02489	0.01114	0.07375	0.01482	0.01938	0.00987	0.01120	0.00869	0.00597	0.00448	0.00155	0.00698	0.00379	0.00331	0.00869
1	0.00825	0.00644	0.00731	0.00783	0.00922	0.00569	0.00549	0.00972	0.01423	0.01790	0.09198	0.30536	0.39105	0.07576	0.01017	0.00274	0.00380	0.01542	0.00613	0.00551
2	0.00893	0.04687	0.00898	0.00822	0.00979	0.00691	0.00600	0.01050	0.01423	0.01800	0.10265	0.27869	0.32725	0.08647	0.01041	0.00277	0.00412	0.03760	0.00594	0.00568
3	0.10986	0.30503	0.13067	0.01220	0.01762	0.04140	0.01197	0.05474	0.01481	0.02114	0.04883	0.08307	0.01480	0.00778	0.00544	0.00176	0.00677	0.00586	0.00391	0.10232
4	0.01146	0.08976	0.05289	0.01100	0.01418	0.01077	0.06209	0.01611	0.09537	0.02159	0.22932	0.06604	0.22267	0.05681	0.00891	0.00239	0.00512	0.01065	0.00574	0.00712
5	0.07924	0.22409	0.11340	0.02077	0.16642	0.07202	0.07428	0.08821	0.06084	0.02274	0.01260	0.01457	0.01008	0.00642	0.00587	0.00189	0.00814	0.00518	0.00377	0.00946
6	0.07752	0.20955	0.25868	0.01653	0.07318	0.09870	0.01590	0.02102	0.03547	0.02018	0.01243	0.04204	0.01047	0.00676	0.00565	0.00183	0.00818	0.00506	0.00340	0.07743
7	0.08575	0.19249	0.23660	0.01383	0.01984	0.01733	0.01451	0.08836	0.06422	0.06735	0.04095	0.01801	0.03457	0.00753	0.00632	0.00196	0.03109	0.00557	0.04457	0.00915

[dist]
# distance from previous block
# <min> <max>
1	36

[block]
# block no. 6 follows, 32 sequences, length 7
# corresponding to MSA columns:
# 341-347
name=unknown_G
#
# <colnr> <probs for GDERKNQSTAVLIFYWHMCP>
#	G	D	E	R	K	N	Q	S	T	A	V	L	I	F	Y	W	H	M	C	P
0	0.08926	0.04108	0.09689	0.07104	0.01835	0.06704	0.02692	0.05890	0.07556	0.02102	0.01959	0.11283	0.03366	0.07029	0.13916	0.00400	0.00902	0.00792	0.02996	0.00751
1	0.08187	0.06881	0.18895	0.01546	0.02139	0.12343	0.01478	0.23805	0.09312	0.06828	0.01512	0.01565	0.01106	0.00733	0.00621	0.00200	0.00819	0.00540	0.00498	0.00995
2	0.01001	0.01140	0.10050	0.01170	0.01492	0.00835	0.08830	0.01324	0.01584	0.02119	0.23190	0.16623	0.25192	0.01413	0.00784	0.00228	0.00514	0.01256	0.00581	0.00673
3	0.01357	0.01077	0.09361	0.01077	0.01258	0.00881	0.00888	0.09545	0.01218	0.01654	0.01225	0.01915	0.01126	0.01947	0.02152	0.61281	0.00649	0.00575	0.00337	0.00477
4	0.08238	0.02055	0.11878	0.04443	0.04666	0.14772	0.18229	0.07538	0.01732	0.13383	0.01586	0.05669	0.01238	0.00751	0.00674	0.00210	0.00901	0.00666	0.00456	0.00915
5	0.04142	0.29771	0.21540	0.01390	0.01983	0.07330	0.01437	0.05745	0.01543	0.07402	0.01524	0.10540	0.01372	0.00822	0.00584	0.00190	0.00773	0.00630	0.00398	0.00884
6	0.10891	0.26746	0.16775	0.01373	0.01914	0.08613	0.03391	0.03820	0.03764	0.02143	0.10803	0.01793	0.01644	0.00748	0.00616	0.00188	0.02991	0.00551	0.00393	0.00844

[dist]
# distance from previous block
# <min> <max>
0	2

[block]
# block no. 7 follows, 32 sequences, length 10
# corresponding to MSA columns:
# 350-359
name=unknown_H
#
# <colnr> <probs for GDERKNQSTAVLIFYWHMCP>
#	G	D	E	R	K	N	Q	S	T	A	V	L	I	F	Y	W	H	M	C	P
0	0.01669	0.14792	0.38561	0.05815	0.05210	0.06224	0.01910	0.06900	0.05806	0.05094	0.01332	0.01494	0.00990	0.00667	0.00611	0.00199	0.00885	0.00510	0.00364	0.00967
1	0.11344	0.24010	0.16412	0.01514	0.02092	0.12652	0.04281	0.13127	0.01712	0.02321	0.01127	0.01299	0.00896	0.00672	0.00624	0.00188	0.03989	0.00465	0.00375	0.00900
2	0.04827	0.19762	0.21388	0.01584	0.04305	0.06872	0.05640	0.07626	0.01647	0.10611	0.01645	0.01739	0.04935	0.00710	0.00599	0.00188	0.00801	0.00552	0.00419	0.04151
3	0.04761	0.25699	0.25353	0.01485	0.02114	0.06792	0.01564	0.10501	0.01619	0.04832	0.01236	0.01469	0.00990	0.03108	0.02776	0.00227	0.03706	0.00488	0.00369	0.00912
4	0.04042	0.30906	0.18716	0.05012	0.02179	0.04164	0.01480	0.14504	0.03927	0.05224	0.03170	0.01491	0.01125	0.00683	0.00566	0.00183	0.00779	0.00497	0.00409	0.00942
5	0.13429	0.18654	0.16387	0.01486	0.06126	0.08536	0.01349	0.05953	0.01582	0.05738	0.09393	0.01818	0.01580	0.00943	0.04159	0.00233	0.00796	0.00555	0.00418	0.00863
6	0.03755	0.20433	0.14139	0.01434	0.05228	0.04006	0.01291	0.08256	0.04244	0.07231	0.04027	0.06705	0.01708	0.06273	0.04536	0.00276	0.00775	0.04375	0.00449	0.00856
7	0.06270	0.16795	0.13965	0.04933	0.02000	0.04956	0.01316	0.09437	0.04534	0.13960	0.04173	0.02025	0.05599	0.00973	0.03615	0.00234	0.03212	0.00607	0.00483	0.00911
8	0.04160	0.18709	0.12351	0.01733	0.11526	0.01809	0.01404	0.15799	0.06167	0.02433	0.03470	0.01941	0.04259	0.03325	0.04808	0.00259	0.03891	0.00602	0.00434	0.00921
9	0.03679	0.12864	0.19143	0.01408	0.01929	0.13257	0.01362	0.08948	0.06508	0.02181	0.03717	0.06088	0.05565	0.03263	0.03796	0.00245	0.00832	0.00663	0.00427	0.04125

[dist]
# distance from previous block
# <min> <max>
6	48

# created by:
# /home/berkeley/.conda/envs/busco_data_prod/bin/msa2prfl.pl pipeline/OGs_align_augustus/4893/8005.fs
