[name]
unknown

[dist]
# distance from previous block
# <min> <max>
1	11

[block]
# block no. 0 follows, 32 sequences, length 23
# corresponding to MSA columns:
# 11-33
name=unknown_A
#
# <colnr> <probs for GDERKNQSTAVLIFYWHMCP>
#	G	D	E	R	K	N	Q	S	T	A	V	L	I	F	Y	W	H	M	C	P
0	0.04499	0.00783	0.00926	0.00896	0.01086	0.00742	0.00655	0.03956	0.02988	0.08772	0.20279	0.23955	0.18380	0.07790	0.00995	0.00267	0.00422	0.01307	0.00647	0.00656
1	0.00912	0.00671	0.00809	0.00852	0.00985	0.00625	0.00615	0.01154	0.03434	0.02035	0.20411	0.28677	0.21065	0.05653	0.00940	0.00261	0.00386	0.05092	0.04834	0.00586
2	0.01348	0.00806	0.00984	0.00939	0.01148	0.00773	0.00696	0.01744	0.09060	0.13800	0.18158	0.23284	0.10308	0.04532	0.00854	0.00243	0.00417	0.01211	0.08973	0.00723
3	0.05681	0.00802	0.00890	0.00856	0.01072	0.00756	0.00632	0.04192	0.03440	0.07530	0.11503	0.18651	0.32110	0.07659	0.00980	0.00265	0.00422	0.01285	0.00625	0.00647
4	0.01173	0.00742	0.00932	0.00975	0.01097	0.00718	0.00683	0.06794	0.01474	0.07763	0.03252	0.55000	0.03658	0.06979	0.00983	0.00281	0.00447	0.01567	0.04843	0.00637
5	0.01316	0.01055	0.01180	0.01131	0.01380	0.01133	0.00855	0.08180	0.28451	0.02436	0.07123	0.26144	0.11499	0.01429	0.00764	0.00241	0.00474	0.03744	0.00656	0.00808
6	0.01803	0.01356	0.01474	0.01297	0.01667	0.01512	0.01013	0.12522	0.45703	0.08616	0.02623	0.08948	0.02085	0.00989	0.00684	0.00222	0.00539	0.00826	0.05112	0.01009
7	0.08087	0.00717	0.00823	0.00832	0.01003	0.00694	0.00616	0.01186	0.01492	0.02151	0.22524	0.19759	0.22711	0.01871	0.07827	0.00309	0.00500	0.01260	0.05037	0.00601
8	0.06424	0.01220	0.01404	0.01142	0.01556	0.01222	0.00920	0.17494	0.09078	0.23553	0.12490	0.02765	0.07540	0.00945	0.00666	0.00202	0.00530	0.00767	0.04910	0.05173
9	0.01159	0.00765	0.00961	0.00988	0.01139	0.00745	0.00723	0.01507	0.08510	0.08312	0.12329	0.34981	0.07586	0.08781	0.01061	0.00291	0.00457	0.08404	0.00641	0.00658
10	0.01106	0.00749	0.00946	0.00891	0.01082	0.00700	0.00669	0.01473	0.05652	0.07432	0.50184	0.11994	0.11713	0.01413	0.00784	0.00219	0.00356	0.01239	0.00719	0.00678
11	0.01072	0.00739	0.00829	0.00808	0.00852	0.00756	0.00487	0.04400	0.04010	0.01527	0.02203	0.08115	0.02471	0.65558	0.03029	0.00591	0.00635	0.01000	0.00443	0.00477
12	0.01520	0.01994	0.14353	0.02444	0.03019	0.01756	0.43850	0.02025	0.01432	0.02025	0.01226	0.01671	0.00961	0.00714	0.01085	0.00239	0.17785	0.00699	0.00320	0.00880
13	0.01069	0.00762	0.00875	0.00856	0.01067	0.00697	0.00648	0.05248	0.01653	0.05851	0.14877	0.18296	0.36855	0.01610	0.00790	0.00233	0.00395	0.04882	0.02695	0.00641
14	0.00899	0.00632	0.00740	0.00792	0.00835	0.00604	0.00492	0.00960	0.01153	0.01506	0.03268	0.28471	0.12408	0.41709	0.02213	0.00468	0.00522	0.01345	0.00507	0.00474
15	0.01808	0.01276	0.01501	0.01100	0.01675	0.01068	0.00890	0.11056	0.01712	0.13862	0.01484	0.01565	0.01121	0.00592	0.00549	0.00130	0.00541	0.00470	0.00504	0.57095
16	0.01328	0.01149	0.01113	0.01067	0.01291	0.10646	0.00800	0.01815	0.12790	0.05594	0.23087	0.18092	0.14009	0.01384	0.00760	0.00225	0.00509	0.02982	0.00638	0.00718
17	0.00956	0.00696	0.00771	0.00754	0.00948	0.00607	0.00549	0.01130	0.01527	0.05639	0.15612	0.10390	0.46116	0.10014	0.01085	0.00274	0.00387	0.01330	0.00627	0.00588
18	0.02290	0.01711	0.01838	0.01473	0.01959	0.01906	0.01196	0.46241	0.24584	0.06580	0.02008	0.01921	0.01449	0.00840	0.00675	0.00210	0.00666	0.00656	0.00681	0.01116
19	0.01227	0.00885	0.01088	0.03171	0.01310	0.00887	0.00788	0.03659	0.13001	0.06509	0.43628	0.04522	0.10760	0.01284	0.00767	0.00220	0.00411	0.04438	0.00703	0.00741
20	0.01391	0.01193	0.01391	0.00994	0.01590	0.00894	0.00795	0.01690	0.01391	0.02186	0.01193	0.01391	0.00994	0.00497	0.00497	0.00099	0.00497	0.00398	0.00398	0.80521
21	0.00959	0.00676	0.00818	0.00822	0.00974	0.00608	0.00590	0.01157	0.01568	0.05004	0.27626	0.22069	0.25088	0.07735	0.01016	0.00266	0.00379	0.01397	0.00653	0.00595
22	0.01674	0.01429	0.01458	0.01282	0.01638	0.05312	0.01001	0.13176	0.41171	0.02878	0.13813	0.02967	0.07259	0.01010	0.00702	0.00218	0.00552	0.00835	0.00668	0.00957

[dist]
# distance from previous block
# <min> <max>
1	2

[block]
# block no. 1 follows, 32 sequences, length 20
# corresponding to MSA columns:
# 36-55
name=unknown_B
#
# <colnr> <probs for GDERKNQSTAVLIFYWHMCP>
#	G	D	E	R	K	N	Q	S	T	A	V	L	I	F	Y	W	H	M	C	P
0	0.00825	0.00644	0.00733	0.00785	0.00924	0.00569	0.00551	0.00975	0.01430	0.01802	0.09874	0.30742	0.38711	0.07073	0.01000	0.00272	0.00378	0.01545	0.00616	0.00552
1	0.01717	0.01250	0.01468	0.01425	0.07448	0.05546	0.01021	0.11933	0.07830	0.12143	0.04963	0.02786	0.06681	0.05154	0.15761	0.03316	0.00875	0.03162	0.00540	0.04981
2	0.00816	0.00591	0.00771	0.00914	0.00968	0.00547	0.00614	0.00937	0.01304	0.01721	0.03939	0.70570	0.09693	0.02071	0.00851	0.00269	0.00385	0.01869	0.00623	0.00547
3	0.05822	0.01522	0.01721	0.01335	0.01834	0.01591	0.01099	0.40255	0.02539	0.26649	0.01967	0.01876	0.01337	0.00805	0.00647	0.00200	0.00643	0.00619	0.06451	0.01087
4	0.01763	0.04266	0.08828	0.17023	0.02716	0.03650	0.09780	0.16512	0.07976	0.06115	0.01577	0.01968	0.01228	0.00964	0.03645	0.00256	0.07469	0.02895	0.00456	0.00914
5	0.01128	0.05380	0.01185	0.01004	0.01112	0.01006	0.00736	0.04751	0.01165	0.01601	0.01874	0.05800	0.01963	0.33746	0.28937	0.00717	0.06097	0.00832	0.00396	0.00570
6	0.07470	0.12300	0.04109	0.12132	0.08024	0.13171	0.03655	0.04688	0.01541	0.05655	0.01594	0.05976	0.01458	0.01006	0.02689	0.00238	0.05316	0.07753	0.00411	0.00812
7	0.40075	0.17683	0.01728	0.01136	0.01556	0.19554	0.00943	0.02094	0.01400	0.02297	0.01314	0.01442	0.05102	0.00695	0.00488	0.00187	0.00721	0.00443	0.00384	0.00758
8	0.01191	0.00980	0.01367	0.11329	0.05963	0.01117	0.01044	0.06657	0.01356	0.01845	0.02344	0.10732	0.09287	0.11163	0.22170	0.00529	0.08921	0.00904	0.00429	0.00672
9	0.01623	0.01497	0.06152	0.10827	0.13842	0.04298	0.03876	0.06821	0.14880	0.07232	0.06034	0.04994	0.01760	0.01303	0.08547	0.00310	0.03882	0.00728	0.00488	0.00905
10	0.00966	0.00691	0.00937	0.00937	0.01008	0.00762	0.00663	0.01108	0.01037	0.01453	0.01926	0.03351	0.01988	0.34127	0.45090	0.00904	0.01330	0.00824	0.00379	0.00521
11	0.81159	0.01298	0.00986	0.00882	0.01298	0.01505	0.00727	0.01972	0.01142	0.03010	0.00934	0.01090	0.00727	0.00623	0.00415	0.00208	0.00519	0.00363	0.00415	0.00727
12	0.00926	0.00675	0.00871	0.00844	0.00993	0.00620	0.00625	0.01212	0.01811	0.02533	0.60665	0.12672	0.10102	0.01470	0.00798	0.00219	0.00326	0.01300	0.00719	0.00620
13	0.00982	0.00654	0.00771	0.00771	0.00783	0.00666	0.00456	0.00993	0.00981	0.01320	0.02044	0.04123	0.02313	0.66432	0.10173	0.04027	0.00758	0.00935	0.00397	0.00420
14	0.81159	0.01298	0.00986	0.00882	0.01298	0.01505	0.00727	0.01972	0.01142	0.03010	0.00934	0.01090	0.00727	0.00623	0.00415	0.00208	0.00519	0.00363	0.00415	0.00727
15	0.01147	0.00595	0.00893	0.00893	0.00904	0.00606	0.00606	0.00904	0.00893	0.01201	0.01223	0.02094	0.01212	0.02579	0.09152	0.73190	0.00694	0.00595	0.00298	0.00320
16	0.01251	0.00625	0.00625	0.00625	0.00782	0.00625	0.00469	0.01563	0.01407	0.02502	0.02189	0.02502	0.01720	0.00782	0.00469	0.00156	0.00313	0.00625	0.80144	0.00625
17	0.01550	0.08089	0.06016	0.01514	0.07135	0.13779	0.03747	0.06963	0.05906	0.02200	0.16607	0.02801	0.06747	0.04492	0.09244	0.00318	0.00845	0.00770	0.00484	0.00790
18	0.01355	0.04271	0.05870	0.11872	0.06205	0.05408	0.01167	0.02114	0.20422	0.02269	0.17013	0.06380	0.10810	0.01056	0.00706	0.00216	0.00600	0.00897	0.00550	0.00819
19	0.10296	0.09779	0.05608	0.04632	0.07550	0.05386	0.01262	0.13379	0.07716	0.06530	0.04215	0.04548	0.01418	0.00829	0.00786	0.00206	0.09045	0.00613	0.00474	0.05728

[dist]
# distance from previous block
# <min> <max>
1	19

[block]
# block no. 2 follows, 32 sequences, length 6
# corresponding to MSA columns:
# 75-80
name=unknown_C
#
# <colnr> <probs for GDERKNQSTAVLIFYWHMCP>
#	G	D	E	R	K	N	Q	S	T	A	V	L	I	F	Y	W	H	M	C	P
0	0.09173	0.03888	0.01570	0.06002	0.08838	0.12645	0.01108	0.05901	0.07648	0.02231	0.05117	0.09201	0.01846	0.01012	0.00783	0.03619	0.03488	0.04512	0.06180	0.05237
1	0.05896	0.01316	0.03978	0.01500	0.04322	0.04524	0.08101	0.05277	0.05823	0.02208	0.13891	0.05300	0.05996	0.06471	0.03691	0.00297	0.12982	0.07186	0.00494	0.00746
2	0.01251	0.00625	0.00625	0.00625	0.00782	0.00625	0.00469	0.01563	0.01407	0.02502	0.02189	0.02502	0.01720	0.00782	0.00469	0.00156	0.00313	0.00625	0.80144	0.00625
3	0.01974	0.01481	0.01694	0.01577	0.06854	0.01633	0.01174	0.17984	0.39894	0.10487	0.02414	0.02498	0.01834	0.00908	0.00691	0.00222	0.00605	0.04345	0.00667	0.01064
4	0.06319	0.07388	0.02088	0.06019	0.16599	0.08222	0.05302	0.11302	0.01695	0.05489	0.01356	0.01721	0.01120	0.06068	0.00800	0.00209	0.00751	0.00554	0.00420	0.16577
5	0.01480	0.05747	0.01686	0.25945	0.07334	0.01223	0.01262	0.01885	0.05381	0.11498	0.05537	0.09774	0.08940	0.01007	0.00693	0.00216	0.00647	0.03709	0.00496	0.05539

[dist]
# distance from previous block
# <min> <max>
9	26

[block]
# block no. 3 follows, 32 sequences, length 35
# corresponding to MSA columns:
# 110-144
name=unknown_D
#
# <colnr> <probs for GDERKNQSTAVLIFYWHMCP>
#	G	D	E	R	K	N	Q	S	T	A	V	L	I	F	Y	W	H	M	C	P
0	0.22077	0.11159	0.01912	0.01369	0.01747	0.10982	0.08264	0.04047	0.04254	0.04451	0.03611	0.04015	0.01324	0.04538	0.03207	0.00253	0.07825	0.00589	0.00416	0.03960
1	0.01610	0.12055	0.17467	0.09161	0.07502	0.03332	0.04282	0.02032	0.03087	0.08464	0.01452	0.06244	0.01225	0.00811	0.00856	0.00209	0.11677	0.00622	0.00385	0.07528
2	0.03863	0.04681	0.12740	0.04804	0.13643	0.04394	0.06657	0.08913	0.01635	0.02278	0.07836	0.02276	0.05707	0.01401	0.11296	0.00326	0.00915	0.00682	0.00421	0.05533
3	0.01236	0.05437	0.06226	0.04048	0.01497	0.06628	0.00935	0.05478	0.04823	0.02009	0.07634	0.34755	0.08022	0.03825	0.00828	0.00242	0.00565	0.01249	0.00543	0.04015
4	0.01412	0.01102	0.01402	0.03548	0.01523	0.03459	0.05766	0.03584	0.13973	0.07211	0.07351	0.10676	0.02433	0.23950	0.03870	0.00385	0.06174	0.00940	0.00522	0.00718
5	0.00836	0.00602	0.00763	0.00882	0.00935	0.00561	0.00583	0.00943	0.01269	0.01669	0.03800	0.59631	0.10921	0.11825	0.01186	0.00318	0.00419	0.01736	0.00594	0.00529
6	0.01391	0.01193	0.01391	0.00994	0.01590	0.00894	0.00795	0.01690	0.01391	0.02186	0.01193	0.01391	0.00994	0.00497	0.00497	0.00099	0.00497	0.00398	0.00398	0.80521
7	0.02475	0.01934	0.01934	0.01530	0.02031	0.08996	0.01244	0.54002	0.09885	0.06560	0.01710	0.01689	0.01227	0.00806	0.00666	0.00201	0.00757	0.00606	0.00647	0.01098
8	0.07466	0.01675	0.04035	0.19191	0.02552	0.14223	0.07826	0.08173	0.01566	0.02061	0.01474	0.05101	0.01340	0.07906	0.01057	0.00261	0.07365	0.03837	0.00394	0.02499
9	0.02155	0.01238	0.01486	0.01240	0.01636	0.01259	0.00996	0.19792	0.10757	0.27332	0.05928	0.10747	0.04421	0.01239	0.03680	0.00256	0.00621	0.03526	0.00710	0.00981
10	0.01681	0.10027	0.02697	0.10744	0.53835	0.05568	0.01897	0.02052	0.01511	0.02046	0.01206	0.01584	0.01013	0.00608	0.00636	0.00194	0.00820	0.00562	0.00324	0.00993
11	0.01095	0.00830	0.01224	0.09875	0.06604	0.00897	0.00951	0.01345	0.01300	0.04049	0.11099	0.07445	0.06143	0.10488	0.32916	0.00640	0.01113	0.00891	0.00448	0.00647
12	0.02184	0.03748	0.01736	0.05252	0.01933	0.04529	0.01112	0.29454	0.07344	0.16688	0.10736	0.02198	0.01923	0.00846	0.00664	0.00196	0.00645	0.00675	0.00644	0.07493
13	0.00890	0.00662	0.00821	0.00825	0.00968	0.00601	0.00598	0.01124	0.01663	0.02257	0.41744	0.20203	0.19475	0.04022	0.00890	0.00241	0.00347	0.01394	0.00680	0.00593
14	0.02289	0.01693	0.01824	0.01465	0.01949	0.01882	0.01189	0.44339	0.25294	0.07780	0.02038	0.01943	0.01468	0.00841	0.00675	0.00210	0.00661	0.00659	0.00684	0.01115
15	0.01613	0.01623	0.02219	0.31472	0.29649	0.10685	0.01786	0.02151	0.08399	0.01995	0.01352	0.01738	0.01069	0.00670	0.00661	0.00208	0.00861	0.00592	0.00355	0.00901
16	0.00816	0.00589	0.00773	0.00921	0.00970	0.00546	0.00617	0.00936	0.01298	0.01718	0.03864	0.72255	0.08057	0.02081	0.00853	0.00270	0.00387	0.01881	0.00623	0.00546
17	0.00818	0.00584	0.00779	0.00934	0.00973	0.00545	0.00623	0.00934	0.01285	0.01713	0.03698	0.75981	0.04438	0.02102	0.00856	0.00273	0.00389	0.01908	0.00623	0.00545
18	0.00994	0.00693	0.00874	0.00839	0.01012	0.00627	0.00625	0.01261	0.01770	0.05350	0.50331	0.12674	0.17469	0.01484	0.00794	0.00220	0.00339	0.01300	0.00710	0.00633
19	0.00950	0.00686	0.00897	0.00844	0.01002	0.00633	0.00633	0.01266	0.01899	0.02691	0.71879	0.05012	0.06331	0.01372	0.00791	0.00211	0.00317	0.01213	0.00739	0.00633
20	0.01468	0.01468	0.02055	0.01762	0.01762	0.02055	0.01468	0.01615	0.01028	0.01615	0.00881	0.01468	0.00881	0.01174	0.02202	0.00294	0.75191	0.00587	0.00294	0.00734
21	0.01450	0.01156	0.01343	0.01003	0.01520	0.00937	0.00795	0.06542	0.01568	0.04775	0.06794	0.02094	0.05625	0.03039	0.00646	0.00143	0.00499	0.00559	0.00471	0.59041
22	0.00833	0.00658	0.00746	0.00799	0.00957	0.00580	0.00583	0.00997	0.01457	0.01816	0.08175	0.26094	0.43065	0.04351	0.00909	0.00259	0.00383	0.06155	0.00620	0.00561
23	0.07333	0.01572	0.01785	0.01376	0.01899	0.01642	0.01136	0.41319	0.02580	0.29488	0.01955	0.01829	0.01309	0.00804	0.00658	0.00204	0.00664	0.00616	0.00715	0.01117
24	0.01011	0.00639	0.00824	0.00907	0.00971	0.00601	0.00599	0.01111	0.01260	0.06704	0.03261	0.54337	0.03782	0.18999	0.01428	0.00354	0.00462	0.01606	0.00588	0.00556
25	0.08261	0.00928	0.01088	0.00938	0.01221	0.00891	0.00713	0.04769	0.03205	0.23326	0.15275	0.03527	0.09751	0.16458	0.01233	0.00298	0.00502	0.00879	0.05967	0.00770
26	0.01187	0.00967	0.00919	0.00887	0.01023	0.07485	0.00606	0.05797	0.01422	0.01820	0.05659	0.12285	0.16930	0.32186	0.01827	0.00393	0.00577	0.01079	0.06389	0.00563
27	0.01744	0.01498	0.05342	0.01356	0.01765	0.01551	0.01125	0.13865	0.43039	0.05735	0.09803	0.02793	0.02359	0.00968	0.00701	0.00224	0.00572	0.03885	0.00668	0.01008
28	0.10621	0.01047	0.01153	0.01014	0.01300	0.01076	0.00769	0.11223	0.08421	0.13872	0.07547	0.10148	0.09429	0.14835	0.01174	0.00296	0.00530	0.00922	0.03841	0.00781
29	0.01006	0.00783	0.00898	0.00886	0.01069	0.00762	0.00653	0.01443	0.12152	0.02109	0.20817	0.13788	0.26946	0.06932	0.01049	0.03459	0.00411	0.03571	0.00631	0.00635
30	0.00843	0.00600	0.00798	0.00948	0.00993	0.00565	0.00647	0.00969	0.01291	0.01718	0.03625	0.68229	0.04317	0.05045	0.00963	0.00290	0.00416	0.06584	0.00614	0.00545
31	0.01203	0.00631	0.00909	0.00906	0.00950	0.00627	0.00618	0.01054	0.01007	0.05466	0.01670	0.11047	0.01714	0.07733	0.07893	0.54350	0.00658	0.00784	0.00376	0.00404
32	0.01018	0.00726	0.00841	0.00832	0.01022	0.00653	0.00611	0.03635	0.01603	0.05909	0.17413	0.22519	0.35392	0.03644	0.00867	0.00244	0.00383	0.01416	0.00652	0.00622
33	0.01224	0.00796	0.01046	0.01110	0.01274	0.00778	0.00884	0.05386	0.01560	0.07856	0.03467	0.29731	0.05974	0.04697	0.00960	0.00292	0.00536	0.31138	0.00632	0.00657
34	0.04730	0.01042	0.01206	0.01050	0.01349	0.01055	0.00819	0.12002	0.09941	0.13927	0.22889	0.05595	0.09291	0.06538	0.00911	0.00247	0.00489	0.02933	0.03167	0.00818

[dist]
# distance from previous block
# <min> <max>
3	6

[block]
# block no. 4 follows, 32 sequences, length 77
# corresponding to MSA columns:
# 151-227
name=unknown_E
#
# <colnr> <probs for GDERKNQSTAVLIFYWHMCP>
#	G	D	E	R	K	N	Q	S	T	A	V	L	I	F	Y	W	H	M	C	P
0	0.06741	0.01620	0.04758	0.12736	0.09502	0.05527	0.11126	0.10240	0.14495	0.02434	0.01587	0.01919	0.01258	0.05202	0.00817	0.00230	0.00780	0.00633	0.00447	0.07947
1	0.01402	0.03899	0.03538	0.16660	0.12573	0.01296	0.01253	0.05360	0.03340	0.02035	0.03272	0.03851	0.01451	0.08361	0.01143	0.05025	0.06838	0.00655	0.09049	0.08997
2	0.00946	0.00665	0.00838	0.00892	0.00953	0.00674	0.00613	0.01072	0.01210	0.01663	0.04743	0.29403	0.06777	0.25448	0.09715	0.00471	0.02713	0.05041	0.05640	0.00526
3	0.26874	0.04147	0.06976	0.15747	0.13875	0.01509	0.05749	0.03611	0.01401	0.07652	0.01279	0.01578	0.00982	0.00902	0.04876	0.00260	0.00800	0.00533	0.00395	0.00854
4	0.01741	0.18593	0.02317	0.10986	0.04341	0.07707	0.05758	0.12424	0.09809	0.02271	0.05597	0.01850	0.01438	0.01029	0.05043	0.00253	0.06928	0.00605	0.00434	0.00875
5	0.02425	0.01879	0.01998	0.01553	0.02062	0.05948	0.03679	0.58479	0.05346	0.03885	0.01635	0.01667	0.01179	0.00793	0.00663	0.00200	0.00752	0.00608	0.04162	0.01087
6	0.03560	0.08243	0.01882	0.13643	0.06403	0.01475	0.03238	0.06403	0.16623	0.02295	0.01571	0.01785	0.01245	0.00943	0.05263	0.00233	0.00726	0.00562	0.00442	0.23465
7	0.04325	0.01654	0.07274	0.30907	0.06438	0.08771	0.08203	0.06392	0.05653	0.03786	0.01678	0.02152	0.04276	0.03029	0.00760	0.00230	0.00861	0.02387	0.00397	0.00829
8	0.01250	0.00834	0.01091	0.05150	0.01356	0.00839	0.00798	0.03817	0.01373	0.08188	0.06601	0.06928	0.05896	0.22446	0.16530	0.00518	0.00837	0.09319	0.00504	0.05724
9	0.00894	0.00692	0.00824	0.00904	0.01028	0.00658	0.00634	0.01196	0.07866	0.01869	0.06326	0.48673	0.22224	0.01864	0.00822	0.00254	0.00387	0.01650	0.00632	0.00601
10	0.01096	0.00799	0.01051	0.01051	0.01202	0.00788	0.03548	0.01495	0.11179	0.05376	0.07801	0.45141	0.07312	0.07625	0.01016	0.00285	0.00462	0.01496	0.00620	0.00658
11	0.14434	0.00929	0.00967	0.00901	0.01160	0.00940	0.00690	0.08200	0.03261	0.06813	0.06061	0.13579	0.21413	0.05727	0.00840	0.00245	0.00457	0.03031	0.09656	0.00696
12	0.04575	0.00987	0.01176	0.01034	0.01357	0.00960	0.00816	0.04115	0.12436	0.23489	0.15173	0.07933	0.13668	0.01177	0.00715	0.00219	0.00465	0.03748	0.05103	0.00852
13	0.06644	0.00941	0.01189	0.00997	0.01354	0.00844	0.00793	0.02235	0.01782	0.37045	0.20632	0.06605	0.13831	0.01142	0.00715	0.00214	0.00461	0.00958	0.00742	0.00875
14	0.00887	0.00645	0.00802	0.00898	0.00977	0.00614	0.00609	0.01096	0.04413	0.01820	0.08245	0.53287	0.10554	0.08465	0.01053	0.00292	0.00407	0.01649	0.02723	0.00566
15	0.01030	0.00619	0.00819	0.00828	0.00878	0.00600	0.00554	0.00941	0.01086	0.01426	0.06251	0.09181	0.12725	0.15453	0.04337	0.40970	0.00564	0.00923	0.00415	0.00402
16	0.02474	0.01806	0.01932	0.01490	0.02005	0.01995	0.01228	0.65979	0.03052	0.04127	0.01645	0.01663	0.01175	0.00804	0.00659	0.00199	0.00713	0.00605	0.05336	0.01111
17	0.00902	0.00653	0.00840	0.00940	0.01021	0.00625	0.00664	0.01108	0.03421	0.01864	0.11991	0.48012	0.07168	0.08751	0.01083	0.00300	0.00432	0.09038	0.00618	0.00567
18	0.01272	0.00978	0.01174	0.00978	0.01354	0.00808	0.00737	0.01571	0.04280	0.05189	0.06247	0.21580	0.02380	0.05462	0.00796	0.00194	0.00471	0.00906	0.00509	0.43114
19	0.01843	0.03944	0.01477	0.01234	0.01607	0.01399	0.00973	0.03091	0.43703	0.16840	0.05539	0.06599	0.02219	0.00960	0.00674	0.00218	0.00516	0.00802	0.05362	0.00999
20	0.00968	0.00671	0.00835	0.00826	0.00879	0.00688	0.00539	0.01074	0.01159	0.01598	0.14193	0.04123	0.02954	0.48057	0.18031	0.00666	0.00838	0.00962	0.00454	0.00487
21	0.00906	0.00657	0.00846	0.00948	0.01045	0.00621	0.00700	0.01083	0.01404	0.01846	0.10114	0.37411	0.12548	0.09195	0.01110	0.00307	0.00458	0.17632	0.00611	0.00560
22	0.00999	0.00886	0.05054	0.01043	0.01165	0.00791	0.03173	0.01173	0.01279	0.01769	0.10405	0.30906	0.03417	0.23374	0.01655	0.00370	0.05297	0.03814	0.02861	0.00570
23	0.06565	0.01561	0.01654	0.01336	0.01783	0.01727	0.01084	0.40627	0.16863	0.06676	0.01927	0.01913	0.01405	0.00815	0.00633	0.00202	0.00621	0.00629	0.10946	0.01035
24	0.00826	0.00590	0.00786	0.00929	0.00975	0.00551	0.00624	0.00955	0.01324	0.01775	0.08049	0.71452	0.04559	0.02056	0.00852	0.00269	0.00385	0.01863	0.00630	0.00551
25	0.00841	0.00594	0.00772	0.00904	0.00938	0.00561	0.00591	0.00940	0.01239	0.01652	0.03464	0.65399	0.04142	0.13087	0.01235	0.00328	0.00428	0.01770	0.00591	0.00525
26	0.06131	0.01194	0.01281	0.01054	0.01412	0.01261	0.00849	0.27361	0.02111	0.12080	0.01966	0.02068	0.01444	0.00788	0.00568	0.00182	0.00515	0.00610	0.36235	0.00889
27	0.01056	0.00671	0.00785	0.00778	0.00808	0.00667	0.00462	0.01084	0.01039	0.04497	0.02212	0.08181	0.02484	0.65986	0.06086	0.00628	0.00680	0.01003	0.00435	0.00455
28	0.00818	0.00584	0.00779	0.00934	0.00973	0.00545	0.00623	0.00934	0.01285	0.01713	0.03698	0.75981	0.04438	0.02102	0.00856	0.00273	0.00389	0.01908	0.00623	0.00545
29	0.00924	0.00685	0.00861	0.00817	0.00986	0.00622	0.00613	0.01216	0.01838	0.02544	0.61039	0.05253	0.17262	0.01426	0.00792	0.00214	0.00320	0.01247	0.00719	0.00622
30	0.01839	0.72124	0.03413	0.01185	0.01745	0.07190	0.01158	0.02052	0.01398	0.01583	0.00939	0.01085	0.00861	0.00582	0.00442	0.00145	0.00749	0.00363	0.00291	0.00856
31	0.00850	0.00669	0.00768	0.00772	0.00949	0.00586	0.00568	0.01064	0.01623	0.02102	0.28825	0.15603	0.39948	0.01642	0.00801	0.00228	0.00339	0.01414	0.00663	0.00586
32	0.00841	0.00600	0.00805	0.00961	0.01010	0.00565	0.00663	0.00974	0.01308	0.01739	0.03685	0.69964	0.04387	0.02080	0.00863	0.00276	0.00409	0.07695	0.00622	0.00551
33	0.00829	0.00613	0.00778	0.00904	0.00985	0.00563	0.00629	0.00967	0.01347	0.01750	0.04282	0.58621	0.17306	0.02010	0.00849	0.00266	0.00393	0.05733	0.00623	0.00553
34	0.00976	0.00651	0.00732	0.00732	0.00732	0.00651	0.00407	0.00976	0.00976	0.01301	0.02114	0.04391	0.02439	0.76419	0.03415	0.00651	0.00651	0.00976	0.00407	0.00407
35	0.06090	0.00927	0.01079	0.01021	0.03061	0.00916	0.00740	0.08517	0.04604	0.08828	0.22492	0.10241	0.16741	0.10500	0.01065	0.00272	0.00468	0.01085	0.00635	0.00718
36	0.02000	0.05803	0.01788	0.01311	0.01826	0.07339	0.01065	0.28093	0.08876	0.04769	0.01579	0.03552	0.01243	0.00726	0.00601	0.00167	0.00661	0.00559	0.00537	0.27507
37	0.01538	0.01177	0.01693	0.01678	0.09894	0.01359	0.03178	0.05771	0.03993	0.09797	0.01642	0.02261	0.01438	0.09013	0.23633	0.00535	0.19498	0.00687	0.00427	0.00789
38	0.00854	0.00611	0.00816	0.00940	0.01004	0.00573	0.00654	0.01013	0.01393	0.01878	0.13895	0.60992	0.04684	0.01977	0.00851	0.00266	0.00393	0.06003	0.00640	0.00563
39	0.07131	0.18428	0.02103	0.05207	0.07111	0.11814	0.01182	0.10184	0.09516	0.13546	0.01616	0.01679	0.01216	0.00718	0.00580	0.00187	0.00721	0.00539	0.05585	0.00934
40	0.01166	0.00583	0.00874	0.00874	0.00874	0.00583	0.00583	0.00874	0.00874	0.01166	0.01166	0.02040	0.01166	0.02331	0.02622	0.80478	0.00583	0.00583	0.00291	0.00291
41	0.01417	0.01121	0.01438	0.01097	0.01591	0.00908	0.05172	0.01748	0.03237	0.06352	0.01832	0.10208	0.03579	0.00765	0.00579	0.00144	0.00516	0.00663	0.04622	0.53011
42	0.69363	0.01334	0.01097	0.00959	0.01383	0.01528	0.00787	0.06156	0.04939	0.05715	0.01133	0.01240	0.00856	0.00657	0.00454	0.00208	0.00535	0.00410	0.00460	0.00785
43	0.01166	0.00583	0.00874	0.00874	0.00874	0.00583	0.00583	0.00874	0.00874	0.01166	0.01166	0.02040	0.01166	0.02331	0.02622	0.80478	0.00583	0.00583	0.00291	0.00291
44	0.01064	0.00779	0.00895	0.00985	0.01086	0.04631	0.00688	0.01200	0.01375	0.06244	0.03614	0.58385	0.07947	0.04074	0.00904	0.00273	0.00460	0.04187	0.00614	0.00596
45	0.03969	0.00921	0.01040	0.01110	0.01288	0.05056	0.00900	0.01473	0.05178	0.02076	0.11274	0.16287	0.11326	0.01658	0.00837	0.00268	0.00547	0.33540	0.00613	0.00640
46	0.00844	0.00599	0.00790	0.00918	0.00957	0.00574	0.00609	0.00954	0.01237	0.01656	0.03407	0.63509	0.04050	0.11003	0.05187	0.00361	0.00498	0.01732	0.00583	0.00532
47	0.08579	0.01069	0.01297	0.01060	0.01454	0.00999	0.00854	0.08571	0.01885	0.27979	0.22570	0.03125	0.05549	0.00994	0.00679	0.00200	0.00493	0.02660	0.00695	0.09288
48	0.02317	0.05731	0.01821	0.01341	0.01813	0.01707	0.01108	0.42751	0.05459	0.14332	0.08362	0.02091	0.01761	0.00852	0.00658	0.00198	0.00638	0.00666	0.05346	0.01045
49	0.01888	0.01302	0.01465	0.01250	0.01656	0.01382	0.00987	0.07342	0.40113	0.17034	0.08253	0.02702	0.05108	0.00933	0.00683	0.00213	0.00525	0.00774	0.00697	0.05693
50	0.00903	0.00690	0.00798	0.00779	0.00943	0.00615	0.00554	0.01090	0.01518	0.02005	0.25843	0.12256	0.29375	0.14702	0.01246	0.00295	0.00399	0.01278	0.00611	0.04099
51	0.01182	0.00803	0.00951	0.00940	0.01103	0.00779	0.00681	0.08632	0.01567	0.05944	0.07465	0.28848	0.16121	0.14732	0.01255	0.00315	0.00482	0.05400	0.02167	0.00633
52	0.01124	0.00941	0.01015	0.00998	0.01209	0.04823	0.00779	0.04276	0.07055	0.02193	0.19845	0.09780	0.24691	0.01718	0.05079	0.00286	0.00549	0.12351	0.00625	0.00665
53	0.04408	0.01069	0.01421	0.01143	0.01580	0.00957	0.00938	0.04487	0.01906	0.53850	0.13475	0.03003	0.02497	0.00975	0.00703	0.00214	0.00537	0.05028	0.00789	0.01019
54	0.00912	0.00705	0.00811	0.00820	0.00975	0.00646	0.00578	0.01150	0.04557	0.01915	0.15672	0.22906	0.28389	0.12679	0.01179	0.00293	0.00408	0.01375	0.00605	0.03425
55	0.01820	0.01123	0.01238	0.01037	0.01361	0.01175	0.00826	0.23851	0.04990	0.09963	0.11323	0.02526	0.02153	0.00878	0.00606	0.00186	0.00485	0.00707	0.32891	0.00862
56	0.10749	0.01217	0.01252	0.01046	0.01395	0.01317	0.00840	0.26902	0.04944	0.06116	0.01878	0.02008	0.01407	0.00780	0.00555	0.00184	0.00512	0.00596	0.35436	0.00866
57	0.02118	0.01545	0.01658	0.01339	0.01757	0.01701	0.01074	0.47152	0.10019	0.03571	0.01949	0.06387	0.01571	0.04909	0.00806	0.00227	0.00641	0.00721	0.09858	0.00998
58	0.01014	0.00813	0.00929	0.01008	0.01136	0.04916	0.00765	0.01199	0.01485	0.01902	0.12643	0.31427	0.13840	0.01813	0.00921	0.03815	0.00489	0.18700	0.00606	0.00581
59	0.01177	0.00731	0.00950	0.01008	0.01154	0.00686	0.00744	0.03717	0.01484	0.10390	0.03737	0.49129	0.09559	0.01835	0.00833	0.00263	0.00451	0.10854	0.00649	0.00650
60	0.04517	0.00630	0.00778	0.00773	0.00854	0.00638	0.00542	0.01200	0.01102	0.01786	0.01572	0.02188	0.01373	0.01630	0.01655	0.44471	0.00470	0.00591	0.32784	0.00445
61	0.09451	0.01309	0.01328	0.01182	0.01476	0.06300	0.00906	0.22079	0.06418	0.04740	0.11063	0.22517	0.02765	0.04367	0.00823	0.00241	0.00579	0.01030	0.00613	0.00812
62	0.00929	0.00692	0.00973	0.07762	0.01397	0.00695	0.00830	0.01140	0.01406	0.01881	0.11688	0.45255	0.04139	0.01940	0.03447	0.00296	0.00519	0.13826	0.00597	0.00590
63	0.01261	0.01184	0.01972	0.66484	0.08137	0.01441	0.01794	0.01689	0.01363	0.01747	0.01530	0.02060	0.05137	0.00728	0.00678	0.00222	0.00856	0.00645	0.00319	0.00752
64	0.01267	0.01193	0.02013	0.74806	0.04621	0.01491	0.01863	0.01714	0.01342	0.01714	0.01193	0.01789	0.00894	0.00671	0.00671	0.00224	0.00894	0.00596	0.00298	0.00745
65	0.01900	0.01913	0.05976	0.01509	0.01931	0.16100	0.04236	0.17454	0.24125	0.02768	0.10025	0.02452	0.02065	0.00904	0.00689	0.00211	0.00746	0.03474	0.00577	0.00943
66	0.01233	0.00830	0.00976	0.00920	0.01120	0.03703	0.00689	0.01485	0.01754	0.11200	0.40885	0.16623	0.13106	0.01438	0.00780	0.00221	0.00401	0.01254	0.00700	0.00680
67	0.02241	0.01634	0.01769	0.01389	0.01881	0.01759	0.01134	0.48350	0.10200	0.07504	0.02266	0.02200	0.08103	0.00886	0.00674	0.00201	0.00654	0.00691	0.00660	0.05805
68	0.01163	0.00855	0.01010	0.00966	0.01193	0.00848	0.00748	0.07630	0.05458	0.05251	0.09290	0.12820	0.29289	0.02152	0.13597	0.00382	0.00675	0.05389	0.00602	0.00684
69	0.01432	0.05317	0.02548	0.18084	0.26611	0.01472	0.16783	0.01809	0.01456	0.01955	0.01838	0.06206	0.07026	0.00840	0.00772	0.03045	0.00820	0.00767	0.00363	0.00853
70	0.01762	0.08882	0.02326	0.20625	0.27746	0.18054	0.01657	0.03954	0.01572	0.01908	0.01210	0.01655	0.01020	0.04000	0.00753	0.00214	0.00900	0.00554	0.00335	0.00873
71	0.00952	0.00705	0.00995	0.00995	0.01100	0.00790	0.00744	0.01146	0.01086	0.01527	0.02135	0.03160	0.05780	0.17378	0.57288	0.00955	0.01514	0.00803	0.00383	0.00563
72	0.01313	0.06213	0.61989	0.01766	0.02641	0.01496	0.02217	0.02007	0.01436	0.02114	0.05533	0.05509	0.01364	0.00755	0.00649	0.00213	0.00909	0.00607	0.00328	0.00942
73	0.01857	0.01443	0.05651	0.20325	0.18002	0.01426	0.01552	0.09124	0.07999	0.16617	0.03659	0.02311	0.01529	0.00808	0.00688	0.00217	0.00733	0.04579	0.00515	0.00966
74	0.05664	0.01101	0.05548	0.06049	0.04799	0.01017	0.06065	0.05059	0.06770	0.02079	0.02772	0.44341	0.03034	0.01502	0.00771	0.00248	0.00566	0.01357	0.00544	0.00715
75	0.01959	0.01517	0.02338	0.11258	0.08697	0.03716	0.16295	0.12741	0.01768	0.16397	0.01600	0.01908	0.01200	0.03145	0.03723	0.00267	0.09391	0.00666	0.00481	0.00933
76	0.07216	0.01781	0.05600	0.10895	0.14515	0.11661	0.01447	0.14824	0.03890	0.06847	0.01458	0.01795	0.01153	0.00935	0.03941	0.00242	0.03934	0.02338	0.00448	0.05079

[dist]
# distance from previous block
# <min> <max>
18	79

# created by:
# /home/berkeley/.conda/envs/busco_data_prod/bin/msa2prfl.pl pipeline/OGs_align_augustus/4893/8078.fs
