[name]
unknown

[dist]
# distance from previous block
# <min> <max>
0	13

[block]
# block no. 0 follows, 29 sequences, length 11
# corresponding to MSA columns:
# 13-23
name=unknown_A
#
# <colnr> <probs for GDERKNQSTAVLIFYWHMCP>
#	G	D	E	R	K	N	Q	S	T	A	V	L	I	F	Y	W	H	M	C	P
0	0.00902	0.00696	0.00798	0.00840	0.00989	0.00622	0.00597	0.01071	0.01536	0.01955	0.13369	0.24074	0.35308	0.10297	0.01184	0.00306	0.00420	0.03801	0.00650	0.00586
1	0.01611	0.01519	0.02061	0.21193	0.04787	0.04901	0.09778	0.04122	0.28740	0.02417	0.02357	0.06950	0.04532	0.00942	0.00747	0.00239	0.00777	0.00843	0.00534	0.00946
2	0.01020	0.00689	0.00807	0.00839	0.00855	0.00683	0.00507	0.01057	0.01118	0.01487	0.02566	0.14271	0.02969	0.60583	0.03092	0.00614	0.00651	0.05249	0.00476	0.00465
3	0.09297	0.01056	0.01294	0.01107	0.01481	0.00997	0.00873	0.02494	0.07328	0.33130	0.15413	0.11514	0.08604	0.01204	0.00746	0.00232	0.00506	0.01013	0.00767	0.00943
4	0.01167	0.00763	0.01003	0.00923	0.01119	0.00699	0.00699	0.01498	0.02017	0.07803	0.65269	0.05109	0.06359	0.01414	0.00831	0.00224	0.00356	0.01246	0.00791	0.00711
5	0.02511	0.02106	0.08310	0.01657	0.02256	0.02121	0.01449	0.56666	0.08880	0.04156	0.01774	0.01773	0.01266	0.00848	0.00710	0.00217	0.00789	0.00645	0.00676	0.01189
6	0.01471	0.01286	0.01651	0.01423	0.01779	0.01377	0.08644	0.02707	0.37703	0.02729	0.18108	0.06917	0.08803	0.01162	0.00782	0.00240	0.00562	0.01032	0.00688	0.00937
7	0.01702	0.01755	0.07841	0.01553	0.08089	0.07065	0.01210	0.07694	0.01698	0.02455	0.01298	0.01509	0.01050	0.00595	0.00582	0.00141	0.00687	0.00472	0.00426	0.52176
8	0.10480	0.01676	0.01429	0.01243	0.01590	0.16399	0.00976	0.18364	0.02019	0.05042	0.01747	0.01973	0.01361	0.01189	0.06778	0.00274	0.00815	0.00595	0.25192	0.00859
9	0.02355	0.02317	0.01957	0.01671	0.02076	0.34760	0.06955	0.08463	0.07578	0.11237	0.01843	0.07047	0.01508	0.00886	0.00691	0.00207	0.00957	0.00697	0.05876	0.00917
10	0.09252	0.10263	0.01988	0.04592	0.10689	0.01612	0.02770	0.14913	0.05533	0.13072	0.01937	0.06489	0.01549	0.00861	0.00643	0.00209	0.00661	0.00700	0.11286	0.00982

[dist]
# distance from previous block
# <min> <max>
0	8

[block]
# block no. 1 follows, 29 sequences, length 14
# corresponding to MSA columns:
# 32-34,36-45,48
name=unknown_B
#
# <colnr> <probs for GDERKNQSTAVLIFYWHMCP>
#	G	D	E	R	K	N	Q	S	T	A	V	L	I	F	Y	W	H	M	C	P
0	0.07640	0.01808	0.07296	0.05037	0.21596	0.06921	0.04944	0.13237	0.03820	0.05079	0.08483	0.02469	0.05352	0.00874	0.00715	0.00220	0.00789	0.02224	0.00509	0.00986
1	0.01818	0.01472	0.04749	0.05016	0.02043	0.01308	0.04521	0.13780	0.07080	0.09668	0.09175	0.02341	0.04201	0.00816	0.00670	0.00183	0.00636	0.00685	0.00575	0.29262
2	0.02651	0.01822	0.01982	0.01531	0.02069	0.01983	0.01261	0.57078	0.03086	0.10696	0.01860	0.01848	0.01309	0.00855	0.00697	0.00211	0.00733	0.00650	0.06508	0.01171
3	0.55273	0.10200	0.01541	0.01096	0.01569	0.01830	0.00923	0.10411	0.06670	0.03159	0.01225	0.01337	0.00949	0.00702	0.00498	0.00213	0.00605	0.00449	0.00480	0.00869
4	0.01061	0.00801	0.01121	0.01099	0.01183	0.00930	0.00816	0.01240	0.01111	0.01585	0.01927	0.03206	0.01935	0.23663	0.48774	0.00963	0.06779	0.00826	0.00390	0.00592
5	0.05503	0.01269	0.02044	0.56912	0.11130	0.01524	0.01823	0.01859	0.01438	0.02007	0.01339	0.01903	0.01025	0.00710	0.00681	0.00228	0.00871	0.00622	0.06295	0.00815
6	0.00998	0.00703	0.00829	0.00876	0.01029	0.00624	0.00617	0.01154	0.01512	0.05555	0.07989	0.35015	0.31529	0.06892	0.01052	0.00290	0.00417	0.01640	0.00663	0.00616
7	0.00979	0.00693	0.00842	0.00884	0.00960	0.00661	0.00594	0.01111	0.01394	0.01861	0.15439	0.22203	0.10671	0.31471	0.01994	0.00438	0.00524	0.06148	0.00590	0.00544
8	0.01748	0.21441	0.16282	0.05379	0.07503	0.05950	0.17561	0.02445	0.10768	0.02165	0.01456	0.01690	0.01139	0.00682	0.00667	0.00209	0.00939	0.00610	0.00382	0.00985
9	0.01182	0.00903	0.01018	0.01021	0.01112	0.06162	0.00720	0.01288	0.01206	0.01634	0.02096	0.10656	0.02170	0.21954	0.27277	0.10468	0.01105	0.00918	0.06558	0.00553
10	0.01820	0.03974	0.14167	0.06221	0.18696	0.08478	0.08629	0.06266	0.05162	0.05007	0.04407	0.01878	0.01353	0.00802	0.00912	0.00229	0.09935	0.00653	0.00418	0.00991
11	0.02078	0.30816	0.12596	0.01770	0.02369	0.27060	0.09738	0.02419	0.01686	0.01855	0.01125	0.01339	0.00934	0.00662	0.00601	0.00184	0.01041	0.00486	0.00333	0.00908
12	0.37999	0.23548	0.02148	0.04132	0.07077	0.11001	0.01135	0.02198	0.01424	0.02441	0.01042	0.01243	0.00866	0.00655	0.00502	0.00195	0.00745	0.00422	0.00379	0.00849
13	0.06613	0.01586	0.02085	0.25275	0.18626	0.09871	0.03236	0.02234	0.04137	0.08885	0.08910	0.02197	0.01726	0.00797	0.00703	0.00221	0.00833	0.00687	0.00460	0.00916

[dist]
# distance from previous block
# <min> <max>
9	25

[block]
# block no. 2 follows, 29 sequences, length 23
# corresponding to MSA columns:
# 74-96
name=unknown_C
#
# <colnr> <probs for GDERKNQSTAVLIFYWHMCP>
#	G	D	E	R	K	N	Q	S	T	A	V	L	I	F	Y	W	H	M	C	P
0	0.05970	0.02045	0.09319	0.05279	0.08852	0.15432	0.10829	0.06178	0.05182	0.04897	0.03649	0.08040	0.03916	0.00885	0.00710	0.00215	0.00878	0.00764	0.00467	0.06493
1	0.02029	0.08119	0.02222	0.18522	0.14711	0.09959	0.01552	0.07214	0.12901	0.11514	0.01794	0.02048	0.01369	0.00793	0.00689	0.00218	0.00827	0.02010	0.00505	0.01003
2	0.01972	0.01660	0.08316	0.06449	0.02120	0.04874	0.01286	0.06265	0.16324	0.16749	0.07981	0.02305	0.01911	0.00883	0.00808	0.00214	0.05865	0.00694	0.00600	0.12723
3	0.02120	0.50276	0.08079	0.01381	0.01993	0.08303	0.01336	0.10152	0.01767	0.06987	0.01235	0.01338	0.01009	0.00673	0.00537	0.00172	0.00817	0.00452	0.00399	0.00973
4	0.01536	0.01331	0.01515	0.04485	0.08763	0.04327	0.01088	0.11076	0.16979	0.02664	0.13100	0.03915	0.22229	0.01215	0.00803	0.00231	0.02214	0.01010	0.00633	0.00887
5	0.16559	0.21249	0.05506	0.01270	0.01698	0.21535	0.01091	0.02141	0.01555	0.02088	0.01666	0.01962	0.05931	0.05682	0.00757	0.00220	0.00815	0.00556	0.06924	0.00795
6	0.07590	0.01768	0.09362	0.01370	0.01858	0.06501	0.01207	0.20045	0.07739	0.12407	0.12719	0.02885	0.09472	0.01017	0.00719	0.00221	0.00678	0.00810	0.00652	0.00981
7	0.01898	0.08247	0.06842	0.01580	0.02028	0.21753	0.05988	0.09076	0.11642	0.02320	0.02605	0.02919	0.12340	0.01102	0.02246	0.00238	0.00891	0.04886	0.00509	0.00891
8	0.01033	0.00836	0.00932	0.00888	0.01124	0.00790	0.00672	0.01527	0.11143	0.02423	0.30450	0.05691	0.36756	0.01556	0.00825	0.00234	0.00379	0.01325	0.00716	0.00701
9	0.01667	0.01729	0.03215	0.02502	0.05883	0.01723	0.42177	0.02645	0.21293	0.02461	0.01991	0.05961	0.01592	0.00794	0.00805	0.00242	0.00959	0.00884	0.00482	0.00996
10	0.02223	0.01627	0.12210	0.02012	0.17143	0.01255	0.01468	0.02675	0.04667	0.32335	0.07145	0.02593	0.03885	0.04494	0.00863	0.00244	0.00702	0.00752	0.00635	0.01071
11	0.00998	0.00692	0.00802	0.00836	0.00879	0.00673	0.00523	0.01057	0.01186	0.01551	0.03125	0.14981	0.10381	0.51880	0.02762	0.00561	0.00613	0.05509	0.00504	0.00486
12	0.01419	0.00691	0.00712	0.00693	0.00878	0.00682	0.00525	0.01748	0.01520	0.06002	0.02347	0.02643	0.01822	0.00832	0.00508	0.00169	0.00345	0.00666	0.75108	0.00691
13	0.01017	0.00763	0.01144	0.01144	0.01272	0.00890	0.00890	0.01272	0.01144	0.01653	0.01907	0.02797	0.01780	0.05340	0.72153	0.01144	0.01907	0.00763	0.00381	0.00636
14	0.00875	0.00639	0.00823	0.00953	0.01027	0.00588	0.00648	0.01020	0.01440	0.01904	0.09044	0.61621	0.12549	0.02125	0.00896	0.00279	0.00401	0.01910	0.00670	0.00588
15	0.01559	0.01493	0.02562	0.29906	0.33875	0.01609	0.07458	0.02074	0.04242	0.02185	0.05016	0.02050	0.01393	0.00717	0.00727	0.00225	0.00876	0.00692	0.00377	0.00963
16	0.01648	0.01467	0.01614	0.06315	0.01995	0.05810	0.01002	0.07387	0.01664	0.02427	0.01292	0.01513	0.01051	0.00581	0.00564	0.00129	0.00629	0.00458	0.00435	0.62018
17	0.07318	0.01786	0.04053	0.25402	0.24284	0.07915	0.04371	0.11982	0.01822	0.02493	0.01328	0.01713	0.01032	0.00702	0.00689	0.00220	0.00906	0.00607	0.00401	0.00973
18	0.19492	0.16216	0.04469	0.04135	0.01962	0.08148	0.05795	0.12924	0.01841	0.02752	0.08824	0.01912	0.01643	0.00786	0.00601	0.00201	0.00736	0.00598	0.06083	0.00882
19	0.04533	0.01409	0.02106	0.52299	0.04077	0.06443	0.06450	0.01887	0.01526	0.01988	0.06281	0.02323	0.01490	0.00808	0.00726	0.00236	0.00919	0.03332	0.00375	0.00791
20	0.03318	0.05399	0.09021	0.01525	0.02026	0.04044	0.11104	0.07428	0.03084	0.10126	0.04523	0.06563	0.03121	0.01089	0.00990	0.11364	0.00748	0.00738	0.00493	0.13295
21	0.01421	0.06450	0.01636	0.07227	0.01843	0.05935	0.05732	0.06546	0.10539	0.02318	0.11839	0.07710	0.22512	0.04097	0.00877	0.00246	0.00628	0.01067	0.00585	0.00792
22	0.01553	0.08377	0.01566	0.01182	0.01481	0.01380	0.00947	0.13100	0.08489	0.05201	0.11615	0.05398	0.14608	0.06899	0.09896	0.00374	0.05567	0.00950	0.00592	0.00824

[dist]
# distance from previous block
# <min> <max>
0	38

[block]
# block no. 3 follows, 29 sequences, length 47
# corresponding to MSA columns:
# 135-178,181-183
name=unknown_D
#
# <colnr> <probs for GDERKNQSTAVLIFYWHMCP>
#	G	D	E	R	K	N	Q	S	T	A	V	L	I	F	Y	W	H	M	C	P
0	0.20358	0.12679	0.03640	0.01381	0.01794	0.05985	0.01169	0.14107	0.12116	0.02766	0.01587	0.04964	0.01335	0.01053	0.03454	0.00258	0.09314	0.00620	0.00498	0.00923
1	0.04254	0.03228	0.01310	0.01156	0.01408	0.08579	0.03735	0.06808	0.04325	0.02117	0.03781	0.19727	0.22110	0.08180	0.05749	0.00339	0.00698	0.01221	0.00567	0.00707
2	0.06462	0.01209	0.04125	0.10495	0.05442	0.04173	0.06406	0.01622	0.01557	0.02159	0.11615	0.14273	0.03149	0.07799	0.01063	0.00299	0.00706	0.16192	0.00533	0.00722
3	0.01735	0.56407	0.15784	0.01348	0.01992	0.02428	0.01431	0.02064	0.01450	0.01792	0.01276	0.07050	0.01214	0.00751	0.00533	0.00177	0.00787	0.00538	0.00332	0.00912
4	0.05638	0.05388	0.02001	0.01731	0.07325	0.06517	0.01308	0.23798	0.06678	0.04834	0.01593	0.01830	0.01262	0.01179	0.05578	0.00286	0.14924	0.00623	0.06534	0.00976
5	0.02479	0.01890	0.01888	0.01496	0.01984	0.07524	0.01216	0.52148	0.02941	0.03971	0.01761	0.01829	0.01287	0.00841	0.00672	0.00204	0.00750	0.00630	0.13399	0.01091
6	0.01904	0.75404	0.03731	0.01218	0.01828	0.02818	0.01218	0.02132	0.01447	0.01675	0.00990	0.01142	0.00914	0.00609	0.00457	0.00152	0.00761	0.00381	0.00305	0.00914
7	0.01018	0.00760	0.01130	0.01130	0.01252	0.00882	0.00872	0.01262	0.01140	0.01642	0.01921	0.02872	0.01813	0.08128	0.69410	0.01126	0.01859	0.00774	0.00383	0.00628
8	0.00999	0.00712	0.00969	0.01128	0.01223	0.00690	0.00872	0.01210	0.01477	0.01944	0.03801	0.42436	0.04367	0.04447	0.01030	0.00319	0.00531	0.30586	0.00651	0.00608
9	0.00927	0.00665	0.00819	0.00891	0.00964	0.00623	0.00590	0.01057	0.01407	0.01871	0.13456	0.38741	0.12483	0.20309	0.01572	0.00374	0.00465	0.01606	0.00621	0.00558
10	0.00949	0.00724	0.00874	0.00882	0.01049	0.00661	0.00644	0.01238	0.03635	0.02351	0.34847	0.21297	0.24803	0.01719	0.00853	0.00244	0.00367	0.01504	0.00718	0.00643
11	0.14784	0.01224	0.01422	0.01142	0.01602	0.01197	0.00933	0.10643	0.01959	0.39071	0.02298	0.02185	0.01554	0.00834	0.00630	0.00209	0.00565	0.00645	0.16068	0.01036
12	0.01810	0.01651	0.02588	0.15639	0.43253	0.01791	0.01973	0.11693	0.01792	0.02500	0.01345	0.01760	0.01092	0.00733	0.00850	0.00225	0.07222	0.00634	0.00395	0.01051
13	0.12776	0.08014	0.02099	0.01548	0.02068	0.14888	0.01270	0.42357	0.02674	0.03595	0.01447	0.01515	0.01076	0.00788	0.00644	0.00204	0.00842	0.00554	0.00581	0.01060
14	0.02353	0.19511	0.02444	0.01677	0.02075	0.39959	0.01360	0.09508	0.01912	0.02017	0.01119	0.01332	0.00950	0.00783	0.00821	0.00196	0.10241	0.00481	0.00383	0.00881
15	0.80005	0.01377	0.01047	0.00936	0.01377	0.01597	0.00771	0.02093	0.01212	0.03195	0.00991	0.01157	0.00771	0.00661	0.00441	0.00220	0.00551	0.00386	0.00441	0.00771
16	0.00967	0.00692	0.00792	0.00813	0.00884	0.00662	0.00515	0.01048	0.01255	0.01631	0.06210	0.14699	0.18271	0.42872	0.05233	0.00534	0.00612	0.01276	0.00526	0.00507
17	0.00853	0.00722	0.00737	0.00733	0.00969	0.00606	0.00550	0.01043	0.01649	0.01986	0.11434	0.06750	0.65985	0.01780	0.00841	0.00239	0.00359	0.01488	0.00669	0.00606
18	0.01638	0.06054	0.52745	0.02072	0.03015	0.01668	0.11953	0.02360	0.01574	0.08249	0.01424	0.01630	0.01004	0.00681	0.00695	0.00224	0.01023	0.00583	0.00360	0.01047
19	0.00915	0.00724	0.00823	0.00798	0.01007	0.00632	0.00599	0.01163	0.01796	0.02333	0.34881	0.06179	0.42321	0.01651	0.00841	0.00233	0.00350	0.01408	0.00715	0.00632
20	0.00976	0.00786	0.00887	0.00854	0.00998	0.00772	0.00611	0.01117	0.01445	0.01838	0.11262	0.05611	0.38619	0.22791	0.01773	0.00375	0.06863	0.01271	0.00576	0.00575
21	0.01822	0.08126	0.02829	0.13906	0.20446	0.01824	0.15626	0.12905	0.04816	0.02559	0.01441	0.01771	0.01124	0.00679	0.00701	0.00210	0.00882	0.00647	0.00424	0.07261
22	0.01964	0.62011	0.03492	0.01553	0.07871	0.09406	0.01318	0.02205	0.01517	0.01739	0.01031	0.01210	0.00933	0.00623	0.00496	0.00160	0.00819	0.00410	0.00315	0.00924
23	0.01004	0.00744	0.01029	0.01017	0.01146	0.00800	0.00764	0.01238	0.01341	0.01879	0.15833	0.03842	0.08304	0.12663	0.44169	0.00836	0.01328	0.00958	0.00489	0.00616
24	0.01800	0.04686	0.05255	0.11739	0.09314	0.06651	0.37574	0.07992	0.01784	0.02345	0.01376	0.01793	0.01054	0.00667	0.00806	0.00229	0.02870	0.00722	0.00380	0.00962
25	0.01547	0.05923	0.01567	0.01240	0.01487	0.01193	0.04244	0.07459	0.01468	0.10435	0.01963	0.02885	0.01792	0.19473	0.31094	0.00709	0.03514	0.00782	0.00475	0.00750
26	0.01914	0.01666	0.02716	0.06938	0.57705	0.01686	0.02035	0.07508	0.01778	0.07015	0.01463	0.01808	0.01169	0.00672	0.00707	0.00213	0.00830	0.00640	0.00415	0.01125
27	0.01326	0.01134	0.01120	0.01031	0.01298	0.06577	0.00785	0.11131	0.03793	0.02522	0.20345	0.11834	0.31356	0.01517	0.00810	0.00233	0.00501	0.01275	0.00676	0.00737
28	0.02113	0.01990	0.10556	0.04517	0.07384	0.08396	0.06411	0.19216	0.09225	0.10984	0.01837	0.02105	0.01407	0.05917	0.04479	0.00297	0.00912	0.00682	0.00548	0.01025
29	0.08949	0.02394	0.02531	0.07155	0.14900	0.31122	0.14470	0.03889	0.01771	0.02144	0.01219	0.01542	0.00983	0.00701	0.00735	0.00211	0.03427	0.00579	0.00372	0.00906
30	0.15382	0.03752	0.04697	0.07801	0.15493	0.24310	0.01443	0.02365	0.03469	0.04484	0.01338	0.01663	0.01092	0.03057	0.00769	0.00223	0.03244	0.00546	0.03990	0.00883
31	0.01230	0.01283	0.09627	0.06175	0.07191	0.01040	0.01173	0.07651	0.01706	0.02272	0.08207	0.25590	0.17283	0.01531	0.00819	0.00252	0.00592	0.05028	0.00584	0.00768
32	0.01696	0.03489	0.06453	0.08360	0.04380	0.01292	0.04090	0.07271	0.08589	0.10521	0.16255	0.04950	0.02552	0.00925	0.00707	0.00203	0.00638	0.00797	0.00585	0.16245
33	0.00877	0.00626	0.00837	0.01002	0.01047	0.00586	0.00677	0.01007	0.01372	0.01828	0.03920	0.72312	0.04689	0.02222	0.00911	0.00290	0.00421	0.04131	0.00661	0.00581
34	0.01712	0.03859	0.19458	0.21411	0.15877	0.04755	0.01887	0.04048	0.01635	0.08817	0.01755	0.02037	0.04269	0.00763	0.00688	0.00219	0.00871	0.00642	0.04336	0.00962
35	0.01690	0.01266	0.01501	0.01091	0.01707	0.00983	0.00876	0.02047	0.03367	0.10550	0.01494	0.01622	0.01169	0.00581	0.00555	0.00123	0.00538	0.00467	0.00485	0.67887
36	0.02112	0.20640	0.02513	0.07375	0.04987	0.14795	0.04664	0.20266	0.04210	0.02599	0.01552	0.06379	0.01328	0.00832	0.00649	0.00200	0.00863	0.00648	0.02431	0.00958
37	0.06290	0.00740	0.00924	0.00916	0.00979	0.00788	0.00615	0.01145	0.01053	0.01542	0.01860	0.03410	0.01970	0.36372	0.21352	0.17349	0.00988	0.00833	0.00393	0.00482
38	0.00941	0.00700	0.00859	0.00879	0.01008	0.00655	0.00622	0.01135	0.01555	0.02076	0.24123	0.20881	0.20707	0.12765	0.07497	0.00391	0.00548	0.01423	0.00640	0.00596
39	0.00895	0.00626	0.00841	0.00998	0.01041	0.00588	0.00674	0.01003	0.01350	0.01798	0.03785	0.68805	0.04517	0.02235	0.01005	0.04243	0.00431	0.03953	0.00643	0.00567
40	0.01746	0.01392	0.01888	0.16408	0.15346	0.01528	0.01421	0.08272	0.21221	0.07510	0.07681	0.02613	0.02024	0.06703	0.00954	0.00265	0.00708	0.00775	0.00564	0.00980
41	0.01327	0.00664	0.00664	0.00664	0.00830	0.00664	0.00498	0.01659	0.01493	0.02655	0.02323	0.02655	0.01825	0.00830	0.00498	0.00166	0.00332	0.00664	0.78928	0.00664
42	0.11892	0.01506	0.01438	0.01276	0.01607	0.11579	0.03976	0.07021	0.15851	0.02562	0.10763	0.07956	0.13585	0.04847	0.00869	0.00252	0.00649	0.00951	0.00595	0.00825
43	0.01423	0.01217	0.01513	0.01148	0.01677	0.01007	0.03906	0.01904	0.07513	0.02477	0.14469	0.02328	0.02227	0.00745	0.00618	0.00146	0.00525	0.00639	0.00514	0.54003
44	0.01680	0.06131	0.30024	0.01603	0.02250	0.09354	0.01701	0.07873	0.01793	0.05390	0.08573	0.02657	0.04404	0.01102	0.03540	0.00255	0.00903	0.05780	0.00467	0.04520
45	0.05645	0.28213	0.04452	0.04450	0.01800	0.04319	0.01080	0.02059	0.04306	0.07385	0.10110	0.02495	0.09057	0.00874	0.00607	0.00184	0.00645	0.00674	0.00485	0.11160
46	0.08634	0.03730	0.04566	0.01284	0.01587	0.04654	0.01048	0.07734	0.06687	0.12235	0.02125	0.02739	0.05043	0.16860	0.07679	0.00410	0.10879	0.00754	0.00522	0.00829

[dist]
# distance from previous block
# <min> <max>
1	3

[block]
# block no. 4 follows, 29 sequences, length 48
# corresponding to MSA columns:
# 187-234
name=unknown_E
#
# <colnr> <probs for GDERKNQSTAVLIFYWHMCP>
#	G	D	E	R	K	N	Q	S	T	A	V	L	I	F	Y	W	H	M	C	P
0	0.04711	0.02766	0.01211	0.01069	0.01331	0.03918	0.00807	0.03482	0.12834	0.07033	0.05662	0.08765	0.07478	0.14138	0.06394	0.00367	0.00665	0.03314	0.08919	0.05138
1	0.09019	0.21896	0.02037	0.10567	0.01970	0.01739	0.01088	0.02265	0.16182	0.04994	0.04425	0.02559	0.01802	0.13858	0.01141	0.00293	0.00685	0.02152	0.00483	0.00843
2	0.06711	0.01543	0.01438	0.01230	0.01599	0.11738	0.00949	0.15955	0.05202	0.05774	0.06982	0.08733	0.06066	0.06084	0.00879	0.00235	0.00664	0.00824	0.06452	0.10943
3	0.01893	0.54852	0.03638	0.01806	0.09403	0.02539	0.10110	0.04889	0.01575	0.01941	0.01116	0.01334	0.00971	0.00621	0.00544	0.00173	0.00829	0.00479	0.00334	0.00955
4	0.01419	0.01038	0.01228	0.01139	0.01358	0.01117	0.00861	0.15224	0.06993	0.02464	0.05864	0.13676	0.05608	0.13637	0.18130	0.00523	0.00895	0.03146	0.04923	0.00755
5	0.01463	0.01167	0.01425	0.06274	0.01833	0.01201	0.01094	0.07753	0.16930	0.02601	0.10162	0.07203	0.03003	0.01272	0.00787	0.00242	0.00599	0.20293	0.00627	0.14069
6	0.00932	0.00760	0.00823	0.00823	0.01044	0.00676	0.00626	0.01208	0.04221	0.02087	0.15196	0.06494	0.50944	0.04580	0.00957	0.00263	0.00402	0.06663	0.00671	0.00629
7	0.01937	0.00931	0.01205	0.01030	0.01361	0.00821	0.00801	0.02188	0.01866	0.32591	0.22195	0.08553	0.14672	0.05404	0.00945	0.00255	0.00484	0.01103	0.00779	0.00879
8	0.48038	0.05750	0.01547	0.01199	0.01676	0.04732	0.00991	0.18965	0.06020	0.03364	0.01296	0.01394	0.00984	0.00729	0.00536	0.00215	0.00652	0.00479	0.00516	0.00915
9	0.00896	0.00652	0.00852	0.01000	0.01075	0.00608	0.00704	0.01049	0.01421	0.01864	0.04239	0.60197	0.11253	0.02158	0.00910	0.00289	0.00435	0.09148	0.00660	0.00589
10	0.01588	0.10864	0.47055	0.02189	0.05811	0.01827	0.13478	0.04955	0.01608	0.02293	0.01295	0.01555	0.00956	0.00662	0.00684	0.00219	0.01027	0.00573	0.00330	0.01032
11	0.01019	0.00754	0.01101	0.01101	0.01213	0.00866	0.00836	0.01243	0.01131	0.01621	0.01947	0.03019	0.01876	0.13617	0.64008	0.01090	0.01763	0.00795	0.00387	0.00611
12	0.01781	0.01563	0.02421	0.06931	0.35892	0.01611	0.06301	0.15697	0.01915	0.02638	0.01801	0.11582	0.01669	0.03954	0.00864	0.00245	0.00799	0.00852	0.00470	0.01013
13	0.01850	0.44014	0.12207	0.01653	0.04986	0.06219	0.08287	0.04681	0.01592	0.02011	0.01204	0.01418	0.01006	0.00648	0.00558	0.00178	0.00851	0.00489	0.05209	0.00936
14	0.67016	0.01429	0.01353	0.01507	0.12858	0.01613	0.01006	0.02108	0.01280	0.03051	0.01049	0.01257	0.00830	0.00657	0.00485	0.00219	0.00600	0.00427	0.00426	0.00830
15	0.00915	0.00656	0.00847	0.00982	0.01045	0.00619	0.00678	0.01050	0.01373	0.01808	0.03941	0.54600	0.08958	0.10639	0.01228	0.00337	0.00468	0.08652	0.00634	0.00571
16	0.00868	0.00620	0.00826	0.00991	0.01033	0.00578	0.00661	0.00991	0.01363	0.01818	0.03925	0.74510	0.04710	0.02231	0.00909	0.00289	0.00413	0.02024	0.00661	0.00578
17	0.01017	0.00763	0.01144	0.01144	0.01272	0.00890	0.00890	0.01272	0.01144	0.01653	0.01907	0.02797	0.01780	0.05340	0.72153	0.01144	0.01907	0.00763	0.00381	0.00636
18	0.01369	0.00745	0.00778	0.00744	0.00932	0.00751	0.00565	0.05329	0.01654	0.02779	0.09770	0.02896	0.02331	0.00900	0.00547	0.00175	0.00357	0.00731	0.65952	0.00695
19	0.01325	0.00836	0.00848	0.00841	0.01011	0.03674	0.00621	0.04519	0.01636	0.02575	0.10515	0.15515	0.02844	0.01147	0.00626	0.00197	0.00406	0.00967	0.49215	0.00681
20	0.01593	0.01135	0.01418	0.01332	0.01625	0.01194	0.03564	0.09469	0.17170	0.06881	0.03062	0.13191	0.02917	0.01409	0.00812	0.00264	0.00602	0.22494	0.09009	0.00861
21	0.01958	0.06667	0.09291	0.01483	0.07583	0.01428	0.01201	0.16053	0.04747	0.11522	0.01987	0.02119	0.01478	0.00798	0.00614	0.00195	0.00624	0.00634	0.28649	0.00966
22	0.02331	0.11922	0.02171	0.01532	0.02024	0.16711	0.01254	0.32817	0.06532	0.03143	0.03902	0.01762	0.01374	0.01006	0.03844	0.00237	0.00893	0.00594	0.00558	0.05394
23	0.74627	0.01420	0.01122	0.00985	0.01435	0.01640	0.00812	0.06690	0.01360	0.03285	0.01041	0.01195	0.00802	0.00674	0.00460	0.00220	0.00567	0.00403	0.00460	0.00802
24	0.01616	0.22183	0.06671	0.19857	0.15185	0.01924	0.08718	0.02131	0.06213	0.02024	0.01500	0.06201	0.01301	0.00767	0.00664	0.00212	0.00851	0.00677	0.00373	0.00929
25	0.00894	0.00692	0.00815	0.00851	0.01011	0.00613	0.00613	0.01098	0.01647	0.02137	0.22845	0.27282	0.33265	0.01843	0.00862	0.00251	0.00370	0.01607	0.00694	0.00613
26	0.01340	0.00940	0.01176	0.01093	0.01274	0.01040	0.00828	0.12343	0.01533	0.02198	0.01993	0.02960	0.01848	0.17510	0.37864	0.00777	0.01284	0.00783	0.10521	0.00695
27	0.09670	0.00819	0.00882	0.00854	0.01083	0.00778	0.00644	0.01357	0.04197	0.02436	0.29146	0.10217	0.32292	0.01549	0.00797	0.00236	0.00384	0.01312	0.00684	0.00664
28	0.01034	0.00696	0.00804	0.00804	0.00814	0.00705	0.00466	0.01053	0.01044	0.01401	0.02218	0.04520	0.02528	0.69759	0.08757	0.00724	0.00781	0.01015	0.00428	0.00447
29	0.01042	0.00752	0.00846	0.00812	0.01047	0.00648	0.00612	0.01265	0.01740	0.06773	0.22641	0.08799	0.47125	0.01671	0.00835	0.00237	0.00373	0.01416	0.00707	0.00659
30	0.00896	0.00640	0.00859	0.01024	0.01078	0.00603	0.00711	0.01041	0.01392	0.01850	0.03909	0.67661	0.04647	0.02204	0.00917	0.00293	0.00438	0.08589	0.00660	0.00586
31	0.02616	0.07620	0.02118	0.01798	0.02179	0.68049	0.01367	0.02802	0.01984	0.01739	0.01094	0.01276	0.00917	0.00726	0.00631	0.00182	0.01253	0.00454	0.00363	0.00831
32	0.00873	0.00624	0.00831	0.00988	0.01034	0.00582	0.00661	0.01004	0.01387	0.01855	0.06306	0.72023	0.04782	0.02203	0.00906	0.00287	0.00410	0.01998	0.00665	0.00582
33	0.01477	0.01266	0.01477	0.01055	0.01687	0.00949	0.00844	0.01793	0.01477	0.02320	0.01266	0.01477	0.01055	0.00527	0.00527	0.00105	0.00527	0.00422	0.00422	0.79328
34	0.03635	0.20705	0.07693	0.05902	0.02120	0.10444	0.01343	0.11279	0.06017	0.02339	0.04091	0.01840	0.02855	0.01057	0.04711	0.00251	0.06328	0.00581	0.00437	0.06372
35	0.12963	0.52624	0.03020	0.01241	0.01790	0.06833	0.01155	0.02347	0.08663	0.02033	0.01200	0.01314	0.01028	0.00662	0.00495	0.00173	0.00743	0.00431	0.00372	0.00911
36	0.01017	0.00763	0.01144	0.01144	0.01272	0.00890	0.00890	0.01272	0.01144	0.01653	0.01907	0.02797	0.01780	0.05340	0.72153	0.01144	0.01907	0.00763	0.00381	0.00636
37	0.01037	0.00964	0.04129	0.04006	0.03867	0.00817	0.00826	0.02794	0.03659	0.02303	0.24350	0.05550	0.40039	0.01521	0.00817	0.00233	0.00442	0.01291	0.00658	0.00697
38	0.01744	0.01869	0.03801	0.03268	0.19559	0.01792	0.49427	0.05095	0.01738	0.02387	0.01428	0.01874	0.01097	0.00619	0.00803	0.00232	0.01098	0.00783	0.00373	0.01011
39	0.01809	0.04094	0.09590	0.01308	0.01724	0.04228	0.01150	0.11098	0.10756	0.12237	0.09062	0.04742	0.06279	0.05941	0.03852	0.03291	0.00715	0.03721	0.03501	0.00902
40	0.01621	0.18994	0.28369	0.06455	0.09926	0.01969	0.15167	0.02174	0.01514	0.02086	0.01235	0.01558	0.00968	0.00671	0.00744	0.00215	0.04454	0.00578	0.00320	0.00982
41	0.02382	0.14380	0.06876	0.01652	0.02118	0.42736	0.01378	0.11321	0.02038	0.02189	0.01252	0.01418	0.01011	0.00732	0.00616	0.00184	0.01061	0.00488	0.05273	0.00896
42	0.01391	0.01047	0.01208	0.01106	0.01376	0.01034	0.00850	0.14526	0.03702	0.02494	0.07528	0.15553	0.13468	0.12228	0.01218	0.00306	0.00566	0.10682	0.00621	0.09097
43	0.04710	0.01048	0.01628	0.01354	0.01633	0.01049	0.14277	0.03291	0.01499	0.02105	0.10134	0.03849	0.15877	0.13329	0.16179	0.00494	0.02465	0.00997	0.03391	0.00693
44	0.01960	0.04509	0.01586	0.01311	0.01656	0.18995	0.01007	0.09529	0.07124	0.09910	0.09957	0.05464	0.06011	0.09067	0.04201	0.00298	0.00810	0.00814	0.00572	0.05222
45	0.01894	0.01402	0.01593	0.03369	0.04457	0.04173	0.01038	0.12075	0.10455	0.12041	0.04665	0.05151	0.05065	0.05005	0.00836	0.00216	0.00626	0.00737	0.00593	0.24610
46	0.03801	0.04347	0.05356	0.04674	0.11137	0.04171	0.16570	0.09686	0.01792	0.04351	0.02110	0.05688	0.04754	0.04017	0.00875	0.00249	0.00841	0.08918	0.00480	0.06182
47	0.13836	0.15422	0.06012	0.05698	0.04501	0.01624	0.07980	0.06388	0.01584	0.05302	0.04657	0.05080	0.01680	0.08463	0.00943	0.00257	0.00739	0.03078	0.00455	0.06300

[dist]
# distance from previous block
# <min> <max>
7	27

[block]
# block no. 5 follows, 29 sequences, length 21
# corresponding to MSA columns:
# 263-283
name=unknown_F
#
# <colnr> <probs for GDERKNQSTAVLIFYWHMCP>
#	G	D	E	R	K	N	Q	S	T	A	V	L	I	F	Y	W	H	M	C	P
0	0.07965	0.07923	0.02209	0.05179	0.07590	0.15320	0.08488	0.09441	0.04304	0.08585	0.01798	0.02096	0.03959	0.01015	0.04101	0.00251	0.00913	0.02511	0.00484	0.05868
1	0.01712	0.01725	0.13451	0.17708	0.02656	0.01458	0.01504	0.14678	0.05914	0.07024	0.02098	0.05579	0.04636	0.04412	0.00852	0.00244	0.00769	0.03852	0.00514	0.09212
2	0.06330	0.20074	0.24905	0.08841	0.02606	0.01890	0.04106	0.06749	0.04624	0.06831	0.01397	0.01575	0.01051	0.00689	0.00617	0.00202	0.00847	0.00531	0.00406	0.05730
3	0.08861	0.17412	0.02041	0.01344	0.01716	0.09720	0.01115	0.10858	0.08831	0.04037	0.07524	0.02266	0.04357	0.03859	0.05279	0.00287	0.08447	0.00668	0.00499	0.00879
4	0.01805	0.01549	0.04517	0.05396	0.02215	0.05965	0.13006	0.13266	0.06148	0.09931	0.02551	0.15421	0.06431	0.01477	0.06662	0.00313	0.00874	0.00994	0.00571	0.00907
5	0.02172	0.01673	0.01923	0.09531	0.04320	0.01858	0.01330	0.30472	0.25674	0.06714	0.02092	0.02082	0.01531	0.00857	0.00708	0.00221	0.00707	0.00690	0.00657	0.04788
6	0.01707	0.01708	0.11859	0.14516	0.02418	0.07876	0.01374	0.04859	0.01683	0.11193	0.05226	0.11014	0.03381	0.02836	0.00782	0.00225	0.00755	0.02316	0.00509	0.13764
7	0.01688	0.07858	0.51730	0.01904	0.02817	0.01676	0.05420	0.02475	0.05664	0.09884	0.01535	0.01672	0.01084	0.00709	0.00677	0.00222	0.00962	0.00570	0.00394	0.01061
8	0.01575	0.13232	0.50537	0.01818	0.02692	0.07310	0.02181	0.02284	0.04139	0.02147	0.01573	0.01739	0.04295	0.00737	0.00654	0.00214	0.00979	0.00559	0.00340	0.00997
9	0.09260	0.06132	0.01888	0.18336	0.08297	0.01507	0.01334	0.08655	0.07469	0.17339	0.02078	0.11069	0.01724	0.00957	0.00696	0.00229	0.00701	0.00802	0.00569	0.00959
10	0.01642	0.07940	0.08860	0.01727	0.11140	0.03940	0.04090	0.05241	0.08226	0.08852	0.03092	0.09509	0.15726	0.05761	0.00917	0.00255	0.00690	0.00954	0.00544	0.00896
11	0.00970	0.00663	0.00796	0.00861	0.00877	0.00646	0.00521	0.01018	0.01164	0.01552	0.02902	0.32018	0.03419	0.46484	0.02561	0.00533	0.00582	0.01423	0.00521	0.00489
12	0.01235	0.02909	0.05692	0.05995	0.10278	0.04401	0.01037	0.01451	0.01379	0.01831	0.07989	0.14389	0.05136	0.27360	0.05516	0.00442	0.00759	0.01059	0.00470	0.00671
13	0.04851	0.01754	0.12104	0.07064	0.15681	0.04674	0.04704	0.07430	0.04949	0.06629	0.10577	0.09494	0.02270	0.03667	0.00840	0.00245	0.00763	0.00858	0.00514	0.00931
14	0.06607	0.02128	0.20513	0.01750	0.04804	0.08281	0.06761	0.08944	0.01711	0.05545	0.02037	0.11108	0.04874	0.01406	0.07441	0.00318	0.03584	0.00821	0.00463	0.00903
15	0.01675	0.01350	0.01481	0.01344	0.01697	0.01492	0.01067	0.14021	0.35629	0.02952	0.06143	0.08059	0.08952	0.01256	0.00784	0.00250	0.00576	0.09590	0.00706	0.00977
16	0.01729	0.05219	0.08770	0.17558	0.22333	0.01705	0.18310	0.04995	0.01664	0.05502	0.01410	0.01796	0.01080	0.00661	0.00719	0.00218	0.00941	0.00659	0.00384	0.04347
17	0.01025	0.00731	0.00980	0.00980	0.01051	0.00801	0.00685	0.01166	0.01096	0.01532	0.02057	0.03628	0.02141	0.36406	0.41581	0.00942	0.01364	0.00885	0.00404	0.00545
18	0.01681	0.01468	0.01771	0.09864	0.10606	0.01654	0.01311	0.06126	0.44030	0.02742	0.02857	0.02797	0.08032	0.00967	0.00731	0.00236	0.00634	0.00820	0.00626	0.01045
19	0.54104	0.01571	0.04551	0.01416	0.08971	0.05955	0.01043	0.02084	0.01330	0.02840	0.01173	0.01425	0.00941	0.00976	0.05158	0.00275	0.00730	0.00462	0.04183	0.00812
20	0.01577	0.01528	0.09458	0.46399	0.03832	0.01521	0.01786	0.07951	0.01637	0.06508	0.01503	0.01963	0.01115	0.00957	0.04060	0.00271	0.00929	0.00635	0.05501	0.00868

[dist]
# distance from previous block
# <min> <max>
0	4

[block]
# block no. 6 follows, 29 sequences, length 14
# corresponding to MSA columns:
# 289-302
name=unknown_G
#
# <colnr> <probs for GDERKNQSTAVLIFYWHMCP>
#	G	D	E	R	K	N	Q	S	T	A	V	L	I	F	Y	W	H	M	C	P
0	0.01534	0.01132	0.01300	0.01187	0.01422	0.01216	0.00898	0.20183	0.06056	0.02658	0.03091	0.26886	0.09597	0.05100	0.01102	0.03834	0.04647	0.01221	0.06143	0.00791
1	0.04466	0.06361	0.05970	0.04284	0.25234	0.06643	0.09959	0.02405	0.09855	0.04759	0.01483	0.01785	0.01191	0.00780	0.00935	0.00230	0.11606	0.00641	0.00410	0.01002
2	0.01692	0.06259	0.02259	0.01826	0.01901	0.09373	0.01519	0.01855	0.01207	0.01714	0.00955	0.01504	0.00932	0.01155	0.02049	0.00289	0.61812	0.00592	0.00317	0.00792
3	0.00952	0.00807	0.00858	0.00798	0.01091	0.00659	0.00601	0.01151	0.01579	0.01984	0.05961	0.10807	0.53715	0.01616	0.00793	0.00221	0.00393	0.01356	0.00620	0.14038
4	0.01245	0.00678	0.00732	0.00732	0.00866	0.00691	0.00526	0.01512	0.01378	0.02332	0.02267	0.03016	0.01953	0.14108	0.08367	0.00357	0.00555	0.00738	0.57326	0.00621
5	0.01622	0.01447	0.01514	0.01377	0.01622	0.12473	0.01082	0.14321	0.01702	0.02211	0.01703	0.02301	0.01501	0.03591	0.44401	0.00781	0.04446	0.00686	0.00440	0.00781
6	0.01025	0.00733	0.00992	0.00992	0.01066	0.00807	0.00700	0.01173	0.01099	0.01540	0.02047	0.03571	0.02116	0.34272	0.43682	0.00956	0.01402	0.00876	0.00402	0.00551
7	0.00967	0.00629	0.00791	0.00920	0.00989	0.00597	0.00626	0.01136	0.01391	0.01999	0.03578	0.58947	0.04085	0.01927	0.00820	0.00262	0.00396	0.01730	0.17613	0.00597
8	0.01487	0.00918	0.01182	0.01112	0.01333	0.00926	0.00848	0.01815	0.06274	0.16267	0.08250	0.24313	0.14609	0.02033	0.09412	0.00362	0.06143	0.01274	0.00660	0.00780
9	0.01568	0.01320	0.01526	0.01098	0.01726	0.01043	0.00882	0.06726	0.01616	0.02481	0.01299	0.01494	0.01066	0.00552	0.00541	0.00114	0.00546	0.00438	0.00443	0.73522
10	0.01699	0.00886	0.01141	0.01043	0.01329	0.00796	0.00831	0.01912	0.01731	0.23768	0.12719	0.05034	0.20112	0.04695	0.01092	0.06143	0.00523	0.13052	0.00709	0.00784
11	0.09408	0.08896	0.20320	0.01719	0.02165	0.15479	0.01660	0.02117	0.01433	0.02008	0.01196	0.04552	0.01067	0.00926	0.01160	0.00240	0.23862	0.00582	0.00346	0.00862
12	0.06131	0.02059	0.18110	0.01674	0.03893	0.07963	0.07940	0.05941	0.01624	0.06992	0.01462	0.01764	0.01146	0.01301	0.09140	0.04128	0.00982	0.00576	0.00420	0.16754
13	0.01875	0.21952	0.06453	0.01722	0.05924	0.04324	0.07837	0.13141	0.08757	0.02543	0.04810	0.01847	0.01453	0.00786	0.00749	0.00201	0.05761	0.00613	0.04256	0.04995

[dist]
# distance from previous block
# <min> <max>
10	26

[block]
# block no. 7 follows, 29 sequences, length 66
# corresponding to MSA columns:
# 332-346,348-366,373-404
name=unknown_H
#
# <colnr> <probs for GDERKNQSTAVLIFYWHMCP>
#	G	D	E	R	K	N	Q	S	T	A	V	L	I	F	Y	W	H	M	C	P
0	0.21436	0.17799	0.05881	0.04920	0.04483	0.08568	0.03465	0.05349	0.05423	0.02472	0.01300	0.01493	0.01041	0.00678	0.00554	0.00189	0.00744	0.00490	0.04515	0.09197
1	0.01587	0.01156	0.01657	0.06817	0.07416	0.03028	0.07905	0.04109	0.01801	0.13944	0.16117	0.11181	0.17785	0.01264	0.00796	0.00234	0.00612	0.01122	0.00634	0.00836
2	0.01394	0.01088	0.01309	0.01055	0.01471	0.00948	0.00828	0.01694	0.02948	0.06405	0.07548	0.04942	0.12842	0.03774	0.05624	0.00253	0.05032	0.00786	0.00519	0.39540
3	0.01164	0.00789	0.00870	0.00854	0.01079	0.00758	0.00659	0.01536	0.06286	0.04701	0.06053	0.04893	0.32460	0.01776	0.07440	0.00309	0.00538	0.04847	0.22304	0.00685
4	0.01027	0.00725	0.00954	0.00954	0.01015	0.00786	0.00652	0.01149	0.01088	0.01512	0.02082	0.03764	0.02200	0.41480	0.36588	0.00909	0.01276	0.00904	0.00407	0.00530
5	0.01684	0.01619	0.02870	0.22884	0.22759	0.01704	0.20166	0.09047	0.01740	0.02365	0.01416	0.01893	0.01107	0.00916	0.04481	0.00276	0.01022	0.00698	0.00384	0.00970
6	0.01702	0.01679	0.04985	0.01260	0.01857	0.08679	0.01047	0.05988	0.08783	0.02451	0.01447	0.01595	0.01160	0.00622	0.00578	0.00140	0.00652	0.00484	0.00459	0.54434
7	0.02374	0.01707	0.01822	0.01439	0.01913	0.01879	0.01169	0.51712	0.06167	0.03996	0.01887	0.02026	0.01411	0.03855	0.00797	0.00227	0.00697	0.00669	0.13166	0.01088
8	0.05573	0.00773	0.00861	0.00894	0.01047	0.00741	0.00663	0.01197	0.01407	0.01866	0.04368	0.06073	0.27772	0.26207	0.01781	0.00410	0.00552	0.16676	0.00570	0.00567
9	0.01269	0.00986	0.01243	0.01173	0.01359	0.01120	0.00899	0.05390	0.13125	0.02148	0.07086	0.05585	0.04767	0.10125	0.33348	0.00692	0.04981	0.00885	0.03079	0.00741
10	0.01277	0.01007	0.01080	0.01043	0.01253	0.04981	0.00767	0.01780	0.12449	0.05680	0.24439	0.19576	0.14632	0.05578	0.00972	0.00266	0.00480	0.01313	0.00690	0.00735
11	0.01882	0.06711	0.11256	0.05859	0.02309	0.18050	0.08226	0.10216	0.01761	0.02221	0.01440	0.01979	0.01232	0.09518	0.01184	0.00271	0.08467	0.00634	0.05925	0.00857
12	0.00865	0.00630	0.00815	0.00964	0.01025	0.00581	0.00649	0.00995	0.01390	0.01829	0.04264	0.67527	0.11474	0.02187	0.00902	0.00284	0.00408	0.01970	0.00661	0.00581
13	0.14762	0.17799	0.23924	0.09506	0.12266	0.01851	0.01792	0.02221	0.01484	0.06479	0.01271	0.01504	0.00973	0.00670	0.00601	0.00208	0.00839	0.00510	0.00370	0.00969
14	0.01678	0.04395	0.10501	0.13733	0.16535	0.01734	0.20594	0.05942	0.08836	0.02392	0.01519	0.01854	0.01165	0.00682	0.00725	0.00220	0.00931	0.00678	0.00405	0.05478
15	0.36152	0.16168	0.08438	0.01326	0.01854	0.15408	0.01198	0.08014	0.01625	0.02651	0.01102	0.01259	0.00877	0.00683	0.00528	0.00200	0.00799	0.00434	0.00411	0.00874
16	0.00933	0.00721	0.00851	0.00826	0.01020	0.00639	0.00617	0.01197	0.01829	0.02430	0.41548	0.08312	0.33253	0.01628	0.00843	0.00233	0.00349	0.01403	0.00728	0.00639
17	0.11480	0.01773	0.01864	0.01493	0.02009	0.01972	0.01217	0.42262	0.17857	0.07860	0.01958	0.01900	0.01409	0.00859	0.00684	0.00221	0.00697	0.00653	0.00693	0.01141
18	0.06756	0.03781	0.01831	0.01706	0.07478	0.12354	0.01245	0.12718	0.11680	0.05050	0.04210	0.09942	0.01850	0.01289	0.04861	0.00285	0.10716	0.00795	0.00534	0.00919
19	0.01030	0.00683	0.00786	0.00802	0.00826	0.00675	0.00475	0.01081	0.01154	0.01583	0.06317	0.12684	0.03030	0.58418	0.02985	0.00589	0.00619	0.01145	0.04644	0.00475
20	0.01472	0.01479	0.02557	0.38944	0.03802	0.01797	0.14880	0.01880	0.01379	0.01880	0.01205	0.01805	0.00971	0.00843	0.01203	0.00259	0.21829	0.00671	0.00324	0.00821
21	0.00868	0.00740	0.00750	0.00751	0.00989	0.00633	0.00561	0.01098	0.03499	0.01949	0.06981	0.09035	0.66120	0.01795	0.00841	0.00242	0.00368	0.01501	0.00663	0.00615
22	0.02660	0.03394	0.02018	0.01834	0.02201	0.72116	0.01376	0.02843	0.02018	0.01743	0.01101	0.01284	0.00917	0.00734	0.00642	0.00183	0.01284	0.00459	0.00367	0.00825
23	0.01477	0.01266	0.01477	0.01055	0.01687	0.00949	0.00844	0.01793	0.01477	0.02320	0.01266	0.01477	0.01055	0.00527	0.00527	0.00105	0.00527	0.00422	0.00422	0.79328
24	0.00936	0.00679	0.00875	0.00978	0.01059	0.00658	0.00689	0.01084	0.01349	0.01778	0.03813	0.41017	0.11636	0.13609	0.09169	0.00443	0.00640	0.08420	0.00595	0.00573
25	0.02030	0.63412	0.03446	0.01321	0.01890	0.14358	0.01245	0.02251	0.01542	0.01687	0.01008	0.01166	0.00914	0.00630	0.00488	0.00157	0.00849	0.00394	0.00315	0.00899
26	0.01512	0.01386	0.02232	0.42915	0.21928	0.01553	0.01861	0.05119	0.01606	0.02173	0.05102	0.02015	0.01334	0.00728	0.00706	0.00220	0.00854	0.00657	0.00378	0.05722
27	0.00966	0.00666	0.00818	0.00886	0.00910	0.00656	0.00552	0.01031	0.01176	0.01575	0.02914	0.33191	0.03412	0.41178	0.06421	0.00552	0.00646	0.01425	0.00523	0.00503
28	0.02564	0.01857	0.01985	0.01538	0.02066	0.02049	0.01265	0.61295	0.03156	0.04298	0.01773	0.01807	0.01274	0.00852	0.00690	0.00209	0.00737	0.00643	0.08786	0.01154
29	0.01021	0.00698	0.00801	0.00792	0.00831	0.00683	0.00474	0.01082	0.01218	0.01637	0.13005	0.04878	0.06817	0.59728	0.03046	0.00594	0.00618	0.01099	0.00498	0.00478
30	0.00930	0.00703	0.00801	0.00851	0.00979	0.00643	0.00598	0.01066	0.01415	0.01778	0.04864	0.19994	0.32091	0.21531	0.01616	0.00380	0.00490	0.08113	0.00599	0.00557
31	0.01909	0.01418	0.01564	0.01370	0.01772	0.01571	0.01074	0.06818	0.49243	0.11675	0.10862	0.02896	0.02614	0.01008	0.00737	0.00235	0.00553	0.00843	0.00751	0.01088
32	0.08499	0.01191	0.01278	0.01142	0.01458	0.05122	0.00900	0.05988	0.10738	0.12673	0.29449	0.04032	0.07602	0.01220	0.00764	0.00231	0.00528	0.05616	0.00716	0.00853
33	0.11044	0.01715	0.06047	0.01438	0.01994	0.01664	0.01238	0.30688	0.06110	0.25554	0.02087	0.03948	0.01473	0.00876	0.00688	0.00221	0.00695	0.00678	0.00711	0.01132
34	0.01511	0.01304	0.01699	0.01255	0.01833	0.01068	0.06946	0.05847	0.01635	0.02453	0.05384	0.05723	0.01589	0.00700	0.00606	0.00141	0.00587	0.00610	0.00468	0.58643
35	0.08658	0.05369	0.02225	0.41189	0.03649	0.01761	0.06264	0.12911	0.01720	0.02393	0.01333	0.01840	0.01037	0.03168	0.00837	0.00245	0.03511	0.00626	0.00399	0.00865
36	0.10807	0.01747	0.01653	0.01382	0.01821	0.08971	0.01103	0.30053	0.14235	0.03354	0.05799	0.02672	0.11372	0.01004	0.00701	0.00220	0.00689	0.00776	0.00645	0.00995
37	0.05996	0.01346	0.01742	0.09262	0.02191	0.01181	0.05132	0.05440	0.01609	0.07678	0.01403	0.01618	0.01091	0.00604	0.00586	0.00149	0.00636	0.00503	0.00458	0.51374
38	0.00864	0.00635	0.00810	0.00950	0.01022	0.00582	0.00642	0.00996	0.01404	0.01834	0.04436	0.63996	0.14894	0.02164	0.00898	0.00282	0.00405	0.01943	0.00661	0.00582
39	0.01452	0.01167	0.01390	0.01444	0.05341	0.01257	0.01084	0.05534	0.26714	0.02476	0.03334	0.04943	0.08286	0.08991	0.01120	0.00314	0.00618	0.23034	0.00645	0.00856
40	0.00854	0.00705	0.00750	0.00774	0.00978	0.00601	0.00567	0.01033	0.01600	0.01952	0.09739	0.17856	0.56422	0.01856	0.00853	0.00248	0.00368	0.01578	0.00667	0.00601
41	0.01410	0.01373	0.02299	0.39311	0.03622	0.01701	0.09583	0.01795	0.01340	0.01831	0.01259	0.01896	0.01039	0.01275	0.07866	0.00342	0.20271	0.00667	0.00326	0.00793
42	0.01700	0.01628	0.02777	0.14711	0.60682	0.01675	0.02154	0.02130	0.01592	0.02250	0.01328	0.01783	0.01101	0.00646	0.00706	0.00215	0.00861	0.00634	0.00347	0.01077
43	0.00874	0.00723	0.00767	0.00756	0.00982	0.00615	0.00567	0.01085	0.01700	0.02107	0.19605	0.06551	0.57738	0.01735	0.00841	0.00237	0.00356	0.01460	0.00685	0.00615
44	0.01123	0.00931	0.01175	0.08679	0.01624	0.00976	0.00946	0.04908	0.01644	0.02107	0.08470	0.12809	0.31854	0.01634	0.00990	0.00263	0.07381	0.11203	0.00601	0.00681
45	0.00876	0.00664	0.00812	0.00924	0.01036	0.00600	0.00651	0.01029	0.01462	0.01870	0.04960	0.49177	0.25476	0.02080	0.00892	0.00276	0.00411	0.05556	0.00661	0.00590
46	0.01728	0.01435	0.01606	0.01231	0.01803	0.01324	0.00984	0.12254	0.16978	0.02795	0.01699	0.01777	0.01330	0.00675	0.00600	0.00152	0.00574	0.00541	0.00534	0.49980
47	0.01491	0.01579	0.09091	0.12850	0.12080	0.05181	0.01501	0.05414	0.05179	0.02249	0.02216	0.13065	0.02170	0.01145	0.00762	0.00238	0.00758	0.12936	0.00488	0.09606
48	0.01901	0.01326	0.01425	0.01246	0.01593	0.05279	0.00964	0.13368	0.15948	0.15065	0.10705	0.13411	0.09460	0.03909	0.00872	0.00251	0.00586	0.01047	0.00711	0.00933
49	0.01023	0.00741	0.01033	0.01033	0.01122	0.00830	0.00751	0.01200	0.01111	0.01571	0.02009	0.03361	0.02025	0.26408	0.51420	0.01007	0.01539	0.00845	0.00397	0.00574
50	0.01091	0.00809	0.00997	0.00990	0.01163	0.00787	0.00722	0.01563	0.10037	0.02495	0.33550	0.27604	0.05004	0.01581	0.00818	0.00240	0.00397	0.01404	0.04868	0.03879
51	0.01715	0.21463	0.02152	0.01366	0.01751	0.14649	0.04537	0.04810	0.10655	0.02101	0.05024	0.14916	0.09810	0.01135	0.00692	0.00213	0.00734	0.00930	0.00510	0.00838
52	0.01029	0.00714	0.00898	0.00898	0.00941	0.00756	0.00583	0.01114	0.01072	0.01471	0.02132	0.04043	0.02321	0.51918	0.26315	0.00841	0.01093	0.00945	0.00415	0.00499
53	0.00980	0.00676	0.00834	0.00903	0.00934	0.00667	0.00578	0.01056	0.01192	0.01594	0.02916	0.30080	0.03394	0.40921	0.06227	0.00550	0.00654	0.04813	0.00524	0.00508
