[name]
unknown

[dist]
# distance from previous block
# <min> <max>
0	1

[block]
# block no. 0 follows, 30 sequences, length 305
# corresponding to MSA columns:
# 1-61,63-306
name=unknown_A
#
# <colnr> <probs for GDERKNQSTAVLIFYWHMCP>
#	G	D	E	R	K	N	Q	S	T	A	V	L	I	F	Y	W	H	M	C	P
0	0.01171	0.00800	0.01105	0.01204	0.01379	0.00783	0.01029	0.01492	0.01693	0.04783	0.16812	0.07148	0.04436	0.01790	0.00927	0.00297	0.00579	0.51230	0.00675	0.00666
1	0.04643	0.01121	0.01273	0.01091	0.01409	0.04208	0.00856	0.09450	0.04419	0.17601	0.37977	0.03854	0.06864	0.01177	0.00756	0.00217	0.00493	0.00995	0.00743	0.00853
2	0.01836	0.65828	0.03719	0.01432	0.02044	0.02626	0.10361	0.02109	0.01449	0.01723	0.01030	0.01223	0.00918	0.00596	0.00499	0.00161	0.00805	0.00434	0.00306	0.00902
3	0.01895	0.73025	0.03590	0.01218	0.01806	0.05527	0.01200	0.02117	0.01440	0.01644	0.00974	0.01125	0.00896	0.00602	0.00455	0.00150	0.00767	0.00376	0.00301	0.00892
4	0.02458	0.05000	0.01929	0.01464	0.01976	0.01849	0.01200	0.34980	0.21341	0.17057	0.02177	0.02044	0.01540	0.00862	0.00691	0.00216	0.00673	0.00676	0.00716	0.01151
5	0.01454	0.01353	0.01378	0.01307	0.01509	0.13526	0.01005	0.06469	0.06643	0.01952	0.01989	0.11021	0.01897	0.03282	0.38108	0.00692	0.04400	0.00833	0.00450	0.00731
6	0.00997	0.00748	0.01121	0.01121	0.01246	0.00872	0.00872	0.01246	0.01121	0.01620	0.01869	0.02741	0.01745	0.05234	0.72710	0.01121	0.01869	0.00748	0.00374	0.00623
7	0.00993	0.00842	0.00862	0.00875	0.01081	0.02976	0.00640	0.03655	0.04420	0.01987	0.05647	0.24388	0.45572	0.01778	0.00827	0.00246	0.00419	0.01517	0.00643	0.00633
8	0.01895	0.01650	0.01663	0.01463	0.01876	0.05443	0.01145	0.11808	0.58031	0.03042	0.02604	0.02418	0.01949	0.00921	0.00704	0.00230	0.00616	0.00751	0.00691	0.01100
9	0.01447	0.01240	0.01447	0.01034	0.01654	0.00930	0.00827	0.01757	0.01447	0.02274	0.01240	0.01447	0.01034	0.00517	0.00517	0.00103	0.00517	0.00413	0.00413	0.79742
10	0.01674	0.01771	0.02116	0.01827	0.01876	0.11732	0.01502	0.01830	0.01192	0.01683	0.00938	0.01490	0.00914	0.01153	0.02064	0.00288	0.64277	0.00589	0.00313	0.00770
11	0.01416	0.06203	0.69414	0.01960	0.02976	0.01662	0.02529	0.02206	0.01471	0.02190	0.01242	0.01461	0.00884	0.00661	0.00655	0.00218	0.01021	0.00511	0.00295	0.01026
12	0.02512	0.01326	0.01601	0.01321	0.01796	0.01341	0.01061	0.03537	0.32100	0.41139	0.02792	0.02476	0.01906	0.00901	0.00705	0.00225	0.00575	0.00740	0.00796	0.01151
13	0.03131	0.01188	0.01619	0.01242	0.01781	0.01026	0.01026	0.03401	0.01997	0.71606	0.02753	0.02375	0.01727	0.00864	0.00702	0.00216	0.00594	0.00702	0.00864	0.01188
14	0.00850	0.00607	0.00810	0.00972	0.01012	0.00567	0.00648	0.00972	0.01336	0.01781	0.03846	0.75020	0.04615	0.02186	0.00891	0.00283	0.00405	0.01984	0.00648	0.00567
15	0.03131	0.01188	0.01619	0.01242	0.01781	0.01026	0.01026	0.03401	0.01997	0.71606	0.02753	0.02375	0.01727	0.00864	0.00702	0.00216	0.00594	0.00702	0.00864	0.01188
16	0.01055	0.00748	0.00941	0.00896	0.01080	0.00694	0.00670	0.01406	0.04311	0.04909	0.52950	0.10642	0.14073	0.01492	0.00820	0.00227	0.00355	0.01309	0.00745	0.00676
17	0.00994	0.00819	0.03509	0.00910	0.01110	0.00690	0.00722	0.01333	0.01937	0.02730	0.64939	0.05154	0.09686	0.01416	0.00817	0.00220	0.00356	0.01246	0.00745	0.00668
18	0.03131	0.01188	0.01619	0.01242	0.01781	0.01026	0.01026	0.03401	0.01997	0.71606	0.02753	0.02375	0.01727	0.00864	0.00702	0.00216	0.00594	0.00702	0.00864	0.01188
19	0.01736	0.01499	0.01578	0.01420	0.01815	0.01736	0.01105	0.03708	0.69862	0.02919	0.02840	0.02604	0.02130	0.00947	0.00710	0.00237	0.00552	0.00789	0.00710	0.01105
20	0.02897	0.01562	0.01851	0.01419	0.01968	0.01582	0.01173	0.35358	0.02625	0.38763	0.02226	0.02033	0.01463	0.00851	0.00700	0.00213	0.00679	0.00666	0.00783	0.01187
21	0.01124	0.00803	0.01124	0.01285	0.01446	0.00803	0.01124	0.01446	0.01606	0.02088	0.03695	0.07871	0.04016	0.01928	0.00964	0.00321	0.00643	0.66426	0.00643	0.00643
22	0.01727	0.01658	0.02832	0.04283	0.71123	0.01658	0.02142	0.02142	0.01589	0.02280	0.01313	0.01727	0.01105	0.00622	0.00691	0.00207	0.00829	0.00622	0.00345	0.01105
23	0.01727	0.01658	0.02832	0.04283	0.71123	0.01658	0.02142	0.02142	0.01589	0.02280	0.01313	0.01727	0.01105	0.00622	0.00691	0.00207	0.00829	0.00622	0.00345	0.01105
24	0.03046	0.01323	0.01703	0.01306	0.01849	0.01227	0.01079	0.14969	0.02224	0.59717	0.02562	0.02251	0.01632	0.00859	0.00701	0.00215	0.00625	0.00689	0.00834	0.01187
25	0.01318	0.01240	0.02093	0.73798	0.04806	0.01550	0.01938	0.01783	0.01395	0.01783	0.01240	0.01860	0.00930	0.00698	0.00698	0.00233	0.00930	0.00620	0.00310	0.00775
26	0.00879	0.00633	0.00839	0.00994	0.01056	0.00593	0.00694	0.01024	0.01376	0.01819	0.03963	0.64962	0.07288	0.02141	0.00896	0.00286	0.00428	0.08906	0.00647	0.00576
27	0.05127	0.01597	0.02864	0.24468	0.05720	0.01729	0.29256	0.04919	0.07356	0.02243	0.01430	0.01863	0.01092	0.00715	0.00859	0.00237	0.06538	0.00707	0.00384	0.00897
28	0.00915	0.00690	0.00824	0.00874	0.01001	0.00618	0.00596	0.01050	0.01374	0.01802	0.06110	0.39866	0.20450	0.13577	0.01269	0.00320	0.00441	0.01574	0.00599	0.06050
29	0.06208	0.48712	0.14977	0.01371	0.02015	0.07519	0.01413	0.04826	0.01531	0.01957	0.01064	0.01224	0.00902	0.00627	0.00509	0.00168	0.00815	0.00415	0.00329	0.03418
30	0.01682	0.01314	0.01437	0.01286	0.01649	0.01456	0.01000	0.03178	0.50685	0.08150	0.13477	0.03198	0.06322	0.01056	0.00733	0.00232	0.00511	0.00890	0.00728	0.01016
31	0.00850	0.00607	0.00810	0.00972	0.01012	0.00567	0.00648	0.00972	0.01336	0.01781	0.03846	0.75020	0.04615	0.02186	0.00891	0.00283	0.00405	0.01984	0.00648	0.00567
32	0.00987	0.00734	0.00862	0.00835	0.01025	0.00664	0.00617	0.01270	0.03559	0.03900	0.35031	0.10116	0.30727	0.05395	0.00963	0.00254	0.00373	0.01351	0.00697	0.00638
33	0.00944	0.00679	0.00789	0.00809	0.00970	0.00613	0.00589	0.01174	0.01632	0.02233	0.24749	0.20789	0.27611	0.01628	0.00793	0.00231	0.00354	0.01411	0.11389	0.00613
34	0.02607	0.03326	0.01978	0.01798	0.02157	0.72674	0.01348	0.02787	0.01978	0.01708	0.01079	0.01258	0.00899	0.00719	0.00629	0.00180	0.01258	0.00449	0.00360	0.00809
35	0.02633	0.01911	0.02058	0.01586	0.02138	0.02109	0.01308	0.64065	0.05842	0.06586	0.01757	0.01735	0.01242	0.00843	0.00699	0.00211	0.00754	0.00637	0.00704	0.01184
36	0.00880	0.00718	0.00783	0.00809	0.01002	0.00637	0.00590	0.01131	0.04385	0.01974	0.10988	0.21702	0.48337	0.01801	0.00835	0.00245	0.00371	0.01543	0.00660	0.00611
37	0.01012	0.00746	0.00969	0.01051	0.01190	0.00724	0.00813	0.01343	0.05119	0.02182	0.19737	0.28994	0.09616	0.01833	0.00883	0.00274	0.00465	0.21731	0.00678	0.00641
38	0.71092	0.01330	0.01097	0.00957	0.01402	0.01500	0.00788	0.02214	0.01285	0.11384	0.01186	0.01283	0.00873	0.00674	0.00464	0.00216	0.00546	0.00417	0.00484	0.00808
39	0.77348	0.01343	0.01049	0.00930	0.01367	0.01544	0.00766	0.02105	0.01220	0.05840	0.01042	0.01183	0.00794	0.00656	0.00443	0.00216	0.00542	0.00391	0.00449	0.00773
40	0.00883	0.00699	0.00786	0.00785	0.00973	0.00611	0.00576	0.01094	0.01663	0.02132	0.25828	0.12445	0.42922	0.04344	0.00928	0.00251	0.00362	0.01440	0.00676	0.00602
41	0.00892	0.00629	0.00810	0.00924	0.00967	0.00595	0.00606	0.01007	0.01324	0.01779	0.08738	0.56141	0.04372	0.16116	0.01393	0.00353	0.00451	0.01743	0.00614	0.00546
42	0.01015	0.00677	0.00761	0.00761	0.00761	0.00677	0.00423	0.01015	0.01015	0.01353	0.02199	0.04567	0.02537	0.75476	0.03552	0.00677	0.00677	0.01015	0.00423	0.00423
43	0.05184	0.01673	0.01778	0.01405	0.01878	0.01841	0.01148	0.51306	0.05275	0.03969	0.05332	0.01999	0.01566	0.00862	0.00666	0.00205	0.00668	0.00661	0.11517	0.01067
44	0.02402	0.01463	0.01666	0.01327	0.01811	0.01512	0.01077	0.27210	0.13706	0.23634	0.02408	0.02282	0.04041	0.00878	0.00679	0.00207	0.00616	0.00698	0.07229	0.05154
45	0.80405	0.01350	0.01026	0.00918	0.01350	0.01565	0.00756	0.02051	0.01188	0.03131	0.00972	0.01134	0.00756	0.00648	0.00432	0.00216	0.00540	0.00378	0.00432	0.00756
46	0.46914	0.01610	0.01486	0.01214	0.01700	0.01823	0.01002	0.30801	0.02089	0.03677	0.01275	0.01367	0.00941	0.00730	0.00547	0.00213	0.00638	0.00486	0.00547	0.00941
47	0.00964	0.00710	0.00886	0.00984	0.01107	0.00671	0.00750	0.01149	0.01442	0.01847	0.04319	0.24581	0.20054	0.13199	0.01307	0.00345	0.00516	0.23982	0.00612	0.00576
48	0.00865	0.00618	0.00827	0.00989	0.01036	0.00580	0.00674	0.00998	0.01351	0.01798	0.03838	0.71301	0.04582	0.02172	0.00895	0.00285	0.00418	0.05553	0.00647	0.00571
49	0.01277	0.00962	0.01057	0.01038	0.01168	0.06015	0.00733	0.01543	0.06111	0.05564	0.02369	0.14744	0.02434	0.27212	0.21410	0.00626	0.00977	0.01010	0.03123	0.00627
50	0.01067	0.00820	0.00993	0.00981	0.01159	0.00814	0.00722	0.01612	0.13444	0.02480	0.36478	0.22944	0.10658	0.01569	0.00821	0.00240	0.00389	0.01385	0.00717	0.00706
51	0.05753	0.01188	0.01566	0.01239	0.01739	0.01071	0.01026	0.06097	0.01998	0.59394	0.04588	0.02754	0.01959	0.00943	0.00713	0.00223	0.00596	0.05211	0.00823	0.01120
52	0.12623	0.00873	0.00950	0.00866	0.01139	0.00831	0.00660	0.01717	0.01576	0.15184	0.11434	0.07730	0.22363	0.07315	0.00926	0.00256	0.00447	0.01027	0.11358	0.00726
53	0.01493	0.01483	0.02143	0.07875	0.02103	0.02033	0.03114	0.01685	0.01112	0.01699	0.00990	0.01607	0.00951	0.01309	0.04691	0.00327	0.63691	0.00621	0.00309	0.00763
54	0.06257	0.01606	0.01821	0.01408	0.01938	0.01677	0.01161	0.40177	0.02663	0.27744	0.02045	0.01934	0.01381	0.00837	0.00679	0.00210	0.00679	0.00644	0.03994	0.01146
55	0.04851	0.26691	0.31017	0.01541	0.02228	0.04734	0.01715	0.04189	0.01510	0.02062	0.01442	0.04471	0.01278	0.00995	0.03848	0.00245	0.00907	0.05009	0.00357	0.00910
56	0.02404	0.11203	0.02069	0.01576	0.01987	0.42691	0.01243	0.16562	0.02139	0.02356	0.01308	0.01460	0.01045	0.00739	0.00609	0.00181	0.01005	0.00498	0.08041	0.00884
57	0.01387	0.01182	0.01413	0.03907	0.01719	0.00921	0.00854	0.01685	0.01435	0.02209	0.01482	0.08295	0.01362	0.00679	0.00559	0.00125	0.00523	0.00567	0.00431	0.69266
58	0.16827	0.21534	0.16298	0.01458	0.03913	0.04589	0.03514	0.04833	0.03366	0.04287	0.04510	0.08940	0.01568	0.00848	0.00600	0.00205	0.00740	0.00659	0.00428	0.00883
59	0.01030	0.00742	0.00909	0.00976	0.01144	0.00691	0.00743	0.01297	0.04204	0.04761	0.07080	0.30691	0.25814	0.01869	0.00868	0.00269	0.00449	0.15163	0.00662	0.00639
60	0.01131	0.00867	0.03450	0.03699	0.01334	0.00779	0.03496	0.01309	0.01443	0.04173	0.18251	0.13850	0.06384	0.18462	0.01669	0.09260	0.00575	0.08717	0.00556	0.00593
61	0.01986	0.08288	0.28848	0.03661	0.02472	0.03996	0.05800	0.05337	0.01675	0.19788	0.01681	0.01921	0.01228	0.00804	0.00818	0.00224	0.07280	0.02706	0.00475	0.01011
62	0.01927	0.06140	0.05823	0.12378	0.10783	0.11946	0.20409	0.13844	0.05429	0.02478	0.01417	0.01714	0.01084	0.00691	0.00708	0.00214	0.00981	0.00645	0.00420	0.00970
63	0.02542	0.03131	0.01939	0.01754	0.02102	0.66352	0.01322	0.02728	0.01953	0.03803	0.03298	0.01422	0.01101	0.00759	0.00684	0.00186	0.03238	0.00487	0.00386	0.00814
64	0.01447	0.01240	0.01447	0.01034	0.01654	0.00930	0.00827	0.01757	0.01447	0.02274	0.01240	0.01447	0.01034	0.00517	0.00517	0.00103	0.00517	0.00413	0.00413	0.79742
65	0.80405	0.01350	0.01026	0.00918	0.01350	0.01565	0.00756	0.02051	0.01188	0.03131	0.00972	0.01134	0.00756	0.00648	0.00432	0.00216	0.00540	0.00378	0.00432	0.00756
66	0.00956	0.00729	0.00894	0.00954	0.01111	0.00682	0.00724	0.01245	0.04267	0.02115	0.17939	0.26126	0.23813	0.01819	0.00865	0.00262	0.00426	0.13775	0.00673	0.00627
67	0.01322	0.00819	0.01044	0.01031	0.01229	0.00767	0.00751	0.01666	0.07311	0.12746	0.14917	0.41178	0.05700	0.01669	0.00817	0.00249	0.00437	0.01485	0.00696	0.04166
68	0.02253	0.25708	0.02432	0.01547	0.01974	0.41731	0.01255	0.04629	0.05312	0.01838	0.01279	0.04612	0.01137	0.00762	0.00591	0.00179	0.01008	0.00518	0.00382	0.00852
69	0.01142	0.00761	0.00897	0.00901	0.00978	0.00756	0.00593	0.04869	0.01301	0.03909	0.02808	0.17952	0.05684	0.46552	0.02493	0.00517	0.00612	0.06215	0.00520	0.00540
70	0.01021	0.00712	0.00888	0.00950	0.01080	0.00670	0.00680	0.01244	0.03660	0.05038	0.09285	0.38984	0.17267	0.07181	0.03329	0.00321	0.00484	0.05942	0.00644	0.00620
71	0.55512	0.01482	0.01308	0.01111	0.01568	0.01690	0.00910	0.15794	0.07942	0.05027	0.01329	0.01409	0.00993	0.00719	0.00518	0.00217	0.00589	0.00474	0.00522	0.00886
72	0.45394	0.01335	0.01331	0.01092	0.01574	0.01408	0.00901	0.07675	0.01652	0.28970	0.01695	0.01642	0.01154	0.00744	0.00554	0.00215	0.00578	0.00519	0.00615	0.00951
73	0.01279	0.00755	0.00913	0.00869	0.01046	0.00687	0.00617	0.01435	0.01516	0.12476	0.14652	0.14301	0.20106	0.19140	0.01512	0.02898	0.00477	0.01225	0.03455	0.00641
74	0.01667	0.01288	0.01367	0.01266	0.01563	0.04957	0.00980	0.05314	0.32305	0.07929	0.05582	0.07535	0.02609	0.09515	0.01065	0.00291	0.00601	0.09793	0.03478	0.00895
75	0.01015	0.00688	0.00810	0.00810	0.00845	0.00702	0.00499	0.01074	0.01072	0.01465	0.02353	0.04299	0.05209	0.58743	0.13920	0.00706	0.00832	0.00979	0.03512	0.00469
76	0.29370	0.01326	0.01368	0.01116	0.01575	0.01368	0.00905	0.12814	0.05331	0.14078	0.10872	0.02087	0.01874	0.00813	0.00597	0.00200	0.00554	0.00614	0.00600	0.12539
77	0.00869	0.00732	0.00757	0.00759	0.00985	0.00636	0.00566	0.01120	0.04263	0.01960	0.09569	0.10634	0.61245	0.01745	0.00824	0.00238	0.00363	0.01468	0.00656	0.00611
78	0.77044	0.01342	0.01051	0.00932	0.01368	0.01542	0.00767	0.02110	0.01223	0.06109	0.01049	0.01188	0.00798	0.00657	0.00444	0.00216	0.00542	0.00392	0.00451	0.00775
79	0.00850	0.00607	0.00810	0.00972	0.01012	0.00567	0.00648	0.00972	0.01336	0.01781	0.03846	0.75020	0.04615	0.02186	0.00891	0.00283	0.00405	0.01984	0.00648	0.00567
80	0.01014	0.00680	0.00777	0.00777	0.00782	0.00685	0.00442	0.01025	0.01019	0.01365	0.02184	0.04487	0.02503	0.72421	0.06559	0.00696	0.00728	0.01003	0.00421	0.00432
81	0.01002	0.00729	0.01028	0.01028	0.01121	0.00822	0.00756	0.01186	0.01094	0.01551	0.01954	0.03213	0.01949	0.23366	0.54858	0.01007	0.01561	0.00817	0.00386	0.00571
82	0.00988	0.00713	0.00933	0.00878	0.01043	0.00658	0.00658	0.01317	0.01975	0.02798	0.70754	0.05213	0.06584	0.01427	0.00823	0.00219	0.00329	0.01262	0.00768	0.00658
83	0.00952	0.00707	0.00887	0.00853	0.01023	0.00642	0.00635	0.01244	0.01875	0.02585	0.56091	0.09073	0.17800	0.01526	0.00827	0.00226	0.00337	0.01336	0.00741	0.00642
84	0.00844	0.00711	0.00733	0.00738	0.00967	0.00601	0.00560	0.01033	0.01607	0.01930	0.09486	0.06703	0.65498	0.01760	0.00830	0.00239	0.00364	0.04150	0.00653	0.00594
85	0.01798	0.01966	0.01498	0.01489	0.01737	0.33736	0.01170	0.02103	0.04713	0.01914	0.02477	0.12464	0.02576	0.01362	0.00791	0.00248	0.00893	0.25817	0.00516	0.00730
86	0.80405	0.01350	0.01026	0.00918	0.01350	0.01565	0.00756	0.02051	0.01188	0.03131	0.00972	0.01134	0.00756	0.00648	0.00432	0.00216	0.00540	0.00378	0.00432	0.00756
87	0.02625	0.01121	0.01478	0.01180	0.01638	0.01014	0.00957	0.03044	0.07460	0.53104	0.13349	0.02843	0.02519	0.00957	0.00714	0.00216	0.00541	0.00795	0.03364	0.01081
88	0.01842	0.72172	0.07170	0.01235	0.01854	0.02702	0.01265	0.02096	0.01421	0.01671	0.00985	0.01138	0.00895	0.00600	0.00459	0.00153	0.00761	0.00380	0.00298	0.00903
89	0.00850	0.00607	0.00810	0.00972	0.01012	0.00567	0.00648	0.00972	0.01336	0.01781	0.03846	0.75020	0.04615	0.02186	0.00891	0.00283	0.00405	0.01984	0.00648	0.00567
90	0.01012	0.00689	0.00825	0.00825	0.00846	0.00711	0.00502	0.01055	0.01034	0.01400	0.02141	0.04245	0.02398	0.63116	0.15721	0.00755	0.00886	0.00968	0.00414	0.00458
91	0.02607	0.03326	0.01978	0.01798	0.02157	0.72674	0.01348	0.02787	0.01978	0.01708	0.01079	0.01258	0.00899	0.00719	0.00629	0.00180	0.01258	0.00449	0.00360	0.00809
92	0.02653	0.01955	0.02094	0.01606	0.02164	0.02164	0.01326	0.68796	0.03281	0.04398	0.01675	0.01675	0.01187	0.00838	0.00698	0.00209	0.00768	0.00628	0.00698	0.01187
93	0.02607	0.03326	0.01978	0.01798	0.02157	0.72674	0.01348	0.02787	0.01978	0.01708	0.01079	0.01258	0.00899	0.00719	0.00629	0.00180	0.01258	0.00449	0.00360	0.00809
94	0.00844	0.00708	0.00734	0.00727	0.00955	0.00597	0.00546	0.01039	0.01637	0.01995	0.14701	0.06536	0.63139	0.01726	0.00825	0.00234	0.00351	0.01447	0.00662	0.00597
95	0.00850	0.00607	0.00810	0.00972	0.01012	0.00567	0.00648	0.00972	0.01336	0.01781	0.03846	0.75020	0.04615	0.02186	0.00891	0.00283	0.00405	0.01984	0.00648	0.00567
96	0.01010	0.00694	0.00849	0.00849	0.00879	0.00724	0.00533	0.01071	0.01041	0.01418	0.02118	0.04121	0.02344	0.58328	0.20435	0.00785	0.00968	0.00950	0.00411	0.00472
97	0.01015	0.00677	0.00761	0.00761	0.00761	0.00677	0.00423	0.01015	0.01015	0.01353	0.02199	0.04567	0.02537	0.75476	0.03552	0.00677	0.00677	0.01015	0.00423	0.00423
98	0.02458	0.01832	0.01977	0.01565	0.02081	0.02030	0.01290	0.57725	0.09907	0.04094	0.01928	0.02182	0.01471	0.00921	0.00717	0.00220	0.00738	0.05025	0.00696	0.01142
99	0.00981	0.00708	0.00926	0.00883	0.01041	0.00654	0.00658	0.01299	0.01942	0.02746	0.67308	0.08808	0.06483	0.01466	0.00827	0.00223	0.00333	0.01299	0.00762	0.00654
100	0.68377	0.01324	0.01118	0.00968	0.01417	0.01481	0.00798	0.02261	0.01314	0.13789	0.01249	0.01327	0.00907	0.00681	0.00474	0.00216	0.00548	0.00428	0.00499	0.00823
101	0.00977	0.00671	0.00838	0.00884	0.00994	0.00621	0.00614	0.01162	0.01529	0.03706	0.22423	0.35171	0.12484	0.09768	0.01130	0.00296	0.00408	0.01530	0.04198	0.00597
102	0.00881	0.00635	0.00841	0.00994	0.01059	0.00595	0.00697	0.01028	0.01381	0.01822	0.03995	0.63707	0.07957	0.02135	0.00896	0.00285	0.00430	0.09439	0.00647	0.00577
103	0.01340	0.01283	0.02228	0.69081	0.04729	0.01565	0.06376	0.01813	0.01412	0.01813	0.01252	0.01862	0.00939	0.00690	0.00706	0.00233	0.00947	0.00634	0.00313	0.00786
104	0.23020	0.01732	0.01936	0.34357	0.03256	0.15667	0.06610	0.02089	0.01474	0.02168	0.01149	0.01546	0.00887	0.00680	0.00622	0.00218	0.00908	0.00536	0.00356	0.00789
105	0.02998	0.01269	0.01657	0.01276	0.01805	0.01158	0.01052	0.11643	0.02160	0.60754	0.04899	0.02381	0.01822	0.00879	0.00705	0.00215	0.00607	0.00711	0.00839	0.01170
106	0.00975	0.00713	0.00916	0.00865	0.01035	0.00653	0.00649	0.01293	0.01946	0.02729	0.65893	0.05327	0.11489	0.01453	0.00823	0.00221	0.00331	0.01278	0.00759	0.00653
107	0.02291	0.01889	0.01883	0.01549	0.02027	0.07737	0.01242	0.38031	0.29148	0.03602	0.02081	0.02004	0.01531	0.00871	0.00697	0.00218	0.00724	0.00676	0.00675	0.01124
108	0.00922	0.00724	0.00765	0.00746	0.00983	0.00612	0.00563	0.01121	0.01652	0.04338	0.14772	0.06385	0.60602	0.01695	0.00820	0.00233	0.00359	0.01421	0.00670	0.00618
109	0.01016	0.00730	0.01074	0.01074	0.01177	0.00834	0.00812	0.01199	0.01095	0.01564	0.01844	0.02846	0.01768	0.10970	0.61136	0.07485	0.01665	0.00759	0.00372	0.00580
110	0.01866	0.75896	0.03657	0.01194	0.01791	0.02761	0.01194	0.02090	0.01418	0.01642	0.00970	0.01119	0.00896	0.00597	0.00448	0.00149	0.00746	0.00373	0.00299	0.00896
111	0.00861	0.00615	0.00819	0.00964	0.01014	0.00574	0.00649	0.00998	0.01385	0.01860	0.09008	0.69634	0.04767	0.02128	0.00885	0.00278	0.00399	0.01928	0.00657	0.00574
112	0.00902	0.00672	0.00837	0.00928	0.01028	0.00629	0.00641	0.01125	0.03973	0.01965	0.13327	0.50197	0.15159	0.04010	0.00938	0.00276	0.00400	0.01735	0.00660	0.00598
113	0.00878	0.00702	0.00786	0.00780	0.00979	0.00609	0.00579	0.01099	0.01693	0.02165	0.26904	0.11200	0.45783	0.01690	0.00829	0.00234	0.00350	0.01443	0.00686	0.00609
114	0.02653	0.01955	0.02094	0.01606	0.02164	0.02164	0.01326	0.68796	0.03281	0.04398	0.01675	0.01675	0.01187	0.00838	0.00698	0.00209	0.00768	0.00628	0.00698	0.01187
115	0.01212	0.00606	0.00909	0.00909	0.00909	0.00606	0.00606	0.00909	0.00909	0.01212	0.01212	0.02121	0.01212	0.02424	0.02727	0.79697	0.00606	0.00606	0.00303	0.00303
116	0.01277	0.00863	0.00987	0.00918	0.01081	0.00856	0.00635	0.06597	0.05699	0.06462	0.12426	0.08959	0.13406	0.34484	0.02022	0.00430	0.00557	0.01116	0.00585	0.00639
117	0.00984	0.00701	0.00862	0.00832	0.00991	0.00645	0.00611	0.01260	0.01790	0.02512	0.48990	0.08077	0.15207	0.06395	0.00983	0.00251	0.00359	0.01260	0.06663	0.00628
118	0.02608	0.01911	0.02046	0.01574	0.02119	0.02113	0.01298	0.66551	0.03220	0.04338	0.01695	0.01706	0.01207	0.00837	0.00691	0.00208	0.00753	0.00629	0.03326	0.01169
119	0.01074	0.00613	0.00864	0.00916	0.00938	0.00595	0.00610	0.00937	0.01076	0.01426	0.02320	0.25714	0.05073	0.04987	0.02095	0.48298	0.00534	0.01096	0.00431	0.00403
120	0.01066	0.00736	0.00868	0.00898	0.01021	0.00694	0.00619	0.03794	0.01424	0.04690	0.04030	0.30423	0.19731	0.22277	0.01600	0.00377	0.00499	0.04072	0.00596	0.00586
121	0.66621	0.01245	0.00992	0.00891	0.01288	0.01418	0.00727	0.02036	0.01254	0.05344	0.01216	0.01383	0.00934	0.00678	0.00449	0.00208	0.00511	0.00427	0.11622	0.00755
122	0.02607	0.03326	0.01978	0.01798	0.02157	0.72674	0.01348	0.02787	0.01978	0.01708	0.01079	0.01258	0.00899	0.00719	0.00629	0.00180	0.01258	0.00449	0.00360	0.00809
123	0.00860	0.00651	0.00767	0.00851	0.00957	0.00588	0.00579	0.00988	0.01390	0.01768	0.04814	0.42066	0.28256	0.10688	0.01181	0.00313	0.00418	0.01685	0.00621	0.00558
124	0.22946	0.01187	0.01396	0.01125	0.01604	0.01129	0.00920	0.02856	0.01745	0.48238	0.02514	0.05107	0.04448	0.00897	0.00644	0.00219	0.00562	0.00701	0.00734	0.01027
125	0.80405	0.01350	0.01026	0.00918	0.01350	0.01565	0.00756	0.02051	0.01188	0.03131	0.00972	0.01134	0.00756	0.00648	0.00432	0.00216	0.00540	0.00378	0.00432	0.00756
126	0.02094	0.01665	0.01656	0.01403	0.01823	0.07244	0.01112	0.23922	0.32108	0.06008	0.02259	0.02196	0.01676	0.00874	0.00671	0.00213	0.00648	0.00691	0.10680	0.01053
127	0.00850	0.00607	0.00810	0.00972	0.01012	0.00567	0.00648	0.00972	0.01336	0.01781	0.03846	0.75020	0.04615	0.02186	0.00891	0.00283	0.00405	0.01984	0.00648	0.00567
128	0.00997	0.00669	0.00766	0.00784	0.00788	0.00665	0.00447	0.01010	0.01050	0.01400	0.02378	0.12246	0.02764	0.67487	0.03262	0.00634	0.00647	0.01120	0.00447	0.00439
129	0.01092	0.00737	0.00962	0.00910	0.01092	0.00677	0.00691	0.01404	0.01923	0.06241	0.59600	0.07779	0.08701	0.01459	0.00825	0.00226	0.00359	0.03883	0.00759	0.00679
130	0.02003	0.01352	0.01475	0.01226	0.01604	0.01454	0.00994	0.33860	0.05920	0.05993	0.06886	0.02683	0.01998	0.00950	0.00663	0.00205	0.00580	0.05071	0.24135	0.00950
131	0.00997	0.00748	0.01121	0.01121	0.01246	0.00872	0.00872	0.01246	0.01121	0.01620	0.01869	0.02741	0.01745	0.05234	0.72710	0.01121	0.01869	0.00748	0.00374	0.00623
132	0.00925	0.00670	0.00873	0.00908	0.01026	0.00618	0.00648	0.01164	0.01700	0.02347	0.40929	0.33412	0.08678	0.01748	0.00850	0.00246	0.00361	0.01562	0.00714	0.00618
133	0.00926	0.00692	0.00751	0.00763	0.00876	0.00637	0.00504	0.01021	0.01309	0.01636	0.04523	0.08480	0.33638	0.36646	0.02122	0.00449	0.00518	0.03457	0.00541	0.00511
134	0.13823	0.00794	0.00822	0.00812	0.01021	0.00813	0.00638	0.01587	0.01541	0.02637	0.15828	0.03649	0.05670	0.01073	0.00613	0.00203	0.00398	0.08252	0.39162	0.00665
135	0.01394	0.01328	0.01866	0.01638	0.01664	0.01811	0.01343	0.01560	0.01077	0.01653	0.01170	0.01912	0.01159	0.05286	0.16999	0.00491	0.55949	0.00657	0.00325	0.00719
136	0.00874	0.00626	0.00831	0.00955	0.01017	0.00583	0.00650	0.01032	0.01448	0.01959	0.15550	0.62809	0.04960	0.02053	0.00879	0.00272	0.00392	0.01858	0.00669	0.00583
137	0.02568	0.01912	0.02046	0.01588	0.02132	0.02124	0.01306	0.62769	0.09446	0.04261	0.01783	0.01761	0.01274	0.00848	0.00699	0.00212	0.00748	0.00643	0.00699	0.01179
138	0.51417	0.01446	0.01438	0.01499	0.10980	0.01619	0.01038	0.06906	0.10076	0.05753	0.01372	0.01485	0.01044	0.00703	0.00531	0.00217	0.00599	0.00493	0.00490	0.00894
139	0.01451	0.00940	0.01108	0.00979	0.01271	0.00892	0.00761	0.06790	0.07343	0.13221	0.30318	0.04763	0.24677	0.01362	0.00787	0.00224	0.00428	0.01155	0.00736	0.00794
140	0.33933	0.01550	0.01480	0.01261	0.01711	0.01771	0.01017	0.18967	0.25654	0.03367	0.01796	0.01779	0.01341	0.00799	0.00594	0.00222	0.00600	0.00583	0.00594	0.00983
141	0.02098	0.01678	0.02072	0.10081	0.08164	0.01883	0.03812	0.30308	0.21315	0.05301	0.01911	0.01982	0.01414	0.00842	0.00771	0.00225	0.03776	0.00680	0.00604	0.01084
142	0.02422	0.05312	0.02551	0.01852	0.02433	0.04640	0.14302	0.50588	0.02835	0.03760	0.01571	0.01675	0.01139	0.00774	0.00709	0.00211	0.00863	0.00648	0.00601	0.01113
143	0.01838	0.06625	0.25085	0.01911	0.11118	0.01590	0.01713	0.09671	0.04700	0.10552	0.01519	0.01659	0.01126	0.00706	0.00703	0.00197	0.03660	0.00553	0.00451	0.14623
144	0.01376	0.16240	0.10251	0.01393	0.03949	0.03717	0.01188	0.05629	0.01502	0.01979	0.02414	0.34304	0.02663	0.01419	0.00863	0.00242	0.06578	0.03032	0.00491	0.00770
145	0.01139	0.00632	0.00892	0.00893	0.00917	0.00630	0.00596	0.00971	0.01037	0.01393	0.06382	0.04848	0.03809	0.12394	0.05749	0.55556	0.00641	0.00775	0.00374	0.00373
146	0.01181	0.00976	0.01370	0.04757	0.15658	0.00947	0.01035	0.03912	0.01798	0.02439	0.31552	0.06302	0.19756	0.01327	0.00794	0.00227	0.00496	0.04095	0.00622	0.00756
147	0.01968	0.01954	0.15169	0.02137	0.17415	0.06335	0.01604	0.05487	0.12543	0.16085	0.02128	0.04772	0.04186	0.00874	0.00771	0.00223	0.04066	0.00715	0.00534	0.01036
148	0.52188	0.01347	0.01173	0.01031	0.01422	0.05672	0.00825	0.02175	0.01338	0.14065	0.01328	0.01502	0.01005	0.01030	0.03311	0.08207	0.00647	0.00472	0.00484	0.00780
149	0.02490	0.01874	0.02003	0.01573	0.02102	0.02088	0.01287	0.57252	0.15089	0.04136	0.01882	0.01840	0.01354	0.00857	0.00700	0.00214	0.00730	0.00657	0.00700	0.01172
150	0.01266	0.01192	0.01888	0.37944	0.09581	0.01375	0.04184	0.01630	0.01460	0.01905	0.05631	0.03038	0.16632	0.01008	0.00895	0.00238	0.08115	0.00844	0.00410	0.00765
151	0.01653	0.04288	0.04455	0.02280	0.19433	0.05635	0.12935	0.09411	0.01784	0.04653	0.04498	0.08250	0.11683	0.01203	0.04450	0.00267	0.00840	0.00891	0.00482	0.00907
152	0.00922	0.00689	0.00795	0.00839	0.01009	0.00607	0.00605	0.01088	0.01507	0.04205	0.07348	0.31021	0.40481	0.01998	0.03319	0.00282	0.00432	0.01600	0.00649	0.00604
153	0.04819	0.00878	0.01115	0.00982	0.01273	0.00794	0.00762	0.01935	0.01850	0.24260	0.33263	0.10493	0.12108	0.01325	0.00775	0.00226	0.00430	0.01138	0.00760	0.00813
154	0.01703	0.06222	0.51738	0.01934	0.02822	0.07569	0.06853	0.02369	0.01576	0.08813	0.01381	0.01556	0.00979	0.00679	0.00666	0.00215	0.01007	0.00543	0.00359	0.01016
155	0.11961	0.15416	0.11072	0.01922	0.02570	0.01935	0.24293	0.12643	0.04283	0.05385	0.01404	0.01614	0.01056	0.00669	0.00658	0.00211	0.00890	0.00612	0.00434	0.00974
156	0.01712	0.01643	0.02806	0.06774	0.68747	0.01654	0.02134	0.02129	0.01582	0.02262	0.01310	0.01732	0.01099	0.00624	0.00691	0.00208	0.00833	0.00622	0.00344	0.01094
157	0.02655	0.11428	0.01919	0.01285	0.01784	0.04934	0.03202	0.02921	0.01876	0.49041	0.06556	0.05462	0.01970	0.00903	0.00683	0.00209	0.00643	0.00738	0.00729	0.01061
158	0.02527	0.01842	0.02045	0.01641	0.03995	0.02034	0.01315	0.58520	0.03034	0.06937	0.04783	0.01859	0.01438	0.00875	0.00768	0.00214	0.03690	0.00659	0.00683	0.01144
159	0.01289	0.00914	0.01154	0.01045	0.01157	0.00997	0.00745	0.03230	0.01193	0.05897	0.01915	0.03399	0.01983	0.41299	0.14600	0.00619	0.11276	0.00841	0.00432	0.06014
160	0.02583	0.02203	0.02037	0.01632	0.02140	0.16460	0.01316	0.51104	0.07396	0.03754	0.01631	0.01652	0.01190	0.00821	0.00685	0.00205	0.00853	0.00603	0.00630	0.01105
161	0.04156	0.00703	0.00772	0.00767	0.00784	0.00712	0.00436	0.01056	0.01022	0.01423	0.02150	0.04431	0.02467	0.72515	0.03428	0.00658	0.00671	0.00990	0.00423	0.00436
162	0.00884	0.00720	0.00789	0.00802	0.01018	0.00625	0.00621	0.01099	0.01645	0.02035	0.15323	0.06654	0.53845	0.01741	0.00842	0.00244	0.00386	0.09460	0.00664	0.00605
163	0.01551	0.02432	0.27608	0.06389	0.10121	0.01693	0.35509	0.02194	0.01568	0.02207	0.01337	0.01723	0.00996	0.00623	0.00748	0.00227	0.01079	0.00685	0.00330	0.00980
164	0.01583	0.01400	0.01419	0.01291	0.01648	0.04086	0.00998	0.03119	0.53074	0.02695	0.06220	0.03357	0.13925	0.01097	0.00731	0.00234	0.00535	0.00912	0.00689	0.00988
165	0.00997	0.00672	0.00780	0.00806	0.00817	0.00666	0.00476	0.01024	0.01077	0.01434	0.02465	0.13945	0.02860	0.63378	0.03115	0.00613	0.00640	0.03328	0.00460	0.00449
166	0.00839	0.00650	0.00766	0.00858	0.00982	0.00576	0.00597	0.00984	0.01445	0.01826	0.05231	0.45678	0.33064	0.02006	0.00862	0.00263	0.00383	0.01764	0.00648	0.00576
167	0.01669	0.01599	0.02728	0.14127	0.61732	0.01643	0.02113	0.02091	0.01562	0.02209	0.01302	0.01746	0.01081	0.00633	0.00692	0.00211	0.00843	0.00622	0.00340	0.01059
168	0.52090	0.01290	0.01243	0.01036	0.01508	0.01368	0.00855	0.02546	0.01484	0.28222	0.01624	0.01589	0.01112	0.00727	0.00531	0.00216	0.00560	0.00497	0.00590	0.00914
169	0.00857	0.00714	0.00751	0.00760	0.00986	0.00609	0.00582	0.01053	0.01614	0.01954	0.10570	0.06713	0.62081	0.01759	0.00835	0.00241	0.00374	0.06294	0.00655	0.00597
170	0.12280	0.01170	0.01494	0.01174	0.01671	0.01062	0.00964	0.03075	0.01898	0.57959	0.07866	0.02448	0.01991	0.00882	0.00679	0.00216	0.00567	0.00707	0.00804	0.01094
171	0.80405	0.01350	0.01026	0.00918	0.01350	0.01565	0.00756	0.02051	0.01188	0.03131	0.00972	0.01134	0.00756	0.00648	0.00432	0.00216	0.00540	0.00378	0.00432	0.00756
172	0.02607	0.03326	0.01978	0.01798	0.02157	0.72674	0.01348	0.02787	0.01978	0.01708	0.01079	0.01258	0.00899	0.00719	0.00629	0.00180	0.01258	0.00449	0.00360	0.00809
173	0.01025	0.00673	0.00769	0.00769	0.00769	0.00673	0.00432	0.01009	0.01009	0.01346	0.02148	0.04441	0.02469	0.71713	0.03509	0.04747	0.00673	0.00994	0.00417	0.00417
174	0.00991	0.00707	0.00954	0.00978	0.01049	0.00763	0.00691	0.01137	0.01125	0.01558	0.02285	0.11978	0.02449	0.30469	0.36498	0.00833	0.01219	0.03342	0.00433	0.00544
175	0.00988	0.00713	0.00933	0.00878	0.01043	0.00658	0.00658	0.01317	0.01975	0.02798	0.70754	0.05213	0.06584	0.01427	0.00823	0.00219	0.00329	0.01262	0.00768	0.00658
176	0.01432	0.00727	0.00750	0.00714	0.00909	0.00728	0.00545	0.04476	0.01561	0.05528	0.02271	0.02554	0.01761	0.00816	0.00505	0.00167	0.00355	0.00652	0.72854	0.00695
177	0.00854	0.00610	0.00813	0.00969	0.01013	0.00569	0.00648	0.00981	0.01354	0.01810	0.05750	0.73034	0.04671	0.02165	0.00889	0.00282	0.00403	0.01963	0.00651	0.00569
178	0.03131	0.01188	0.01619	0.01242	0.01781	0.01026	0.01026	0.03401	0.01997	0.71606	0.02753	0.02375	0.01727	0.00864	0.00702	0.00216	0.00594	0.00702	0.00864	0.01188
179	0.00878	0.00709	0.00781	0.00763	0.00975	0.00612	0.00572	0.01105	0.01717	0.02185	0.28012	0.06221	0.49710	0.01655	0.00824	0.00230	0.00345	0.01403	0.00688	0.00612
180	0.00997	0.00748	0.01121	0.01121	0.01246	0.00872	0.00872	0.01246	0.01121	0.01620	0.01869	0.02741	0.01745	0.05234	0.72710	0.01121	0.01869	0.00748	0.00374	0.00623
181	0.00857	0.00610	0.00808	0.00963	0.01002	0.00571	0.00639	0.00973	0.01323	0.01764	0.03781	0.72233	0.04533	0.05086	0.00996	0.00299	0.00416	0.01945	0.00639	0.00561
182	0.01647	0.01882	0.04118	0.02941	0.03647	0.01765	0.68588	0.02235	0.01647	0.02235	0.01412	0.01882	0.01059	0.00588	0.00824	0.00235	0.01176	0.00824	0.00353	0.00941
183	0.00887	0.00639	0.00849	0.01004	0.01070	0.00601	0.00709	0.01039	0.01385	0.01829	0.03965	0.62668	0.07412	0.02132	0.00898	0.00287	0.00436	0.10965	0.00647	0.00578
184	0.01085	0.00775	0.01080	0.01240	0.01384	0.00769	0.01056	0.01378	0.01568	0.02045	0.03716	0.17458	0.04102	0.01965	0.00953	0.00316	0.00609	0.57225	0.00643	0.00632
185	0.02637	0.01095	0.01449	0.01148	0.01600	0.00975	0.00934	0.05042	0.01990	0.53204	0.12999	0.02802	0.02452	0.00944	0.00702	0.00212	0.00537	0.00780	0.07434	0.01062
186	0.01727	0.01658	0.02832	0.04283	0.71123	0.01658	0.02142	0.02142	0.01589	0.02280	0.01313	0.01727	0.01105	0.00622	0.00691	0.00207	0.00829	0.00622	0.00345	0.01105
187	0.01490	0.01266	0.01470	0.01054	0.01672	0.00974	0.00845	0.04162	0.01513	0.02350	0.01256	0.01455	0.01039	0.00528	0.00523	0.00107	0.00526	0.00421	0.00424	0.76924
188	0.00940	0.00759	0.00854	0.00887	0.01075	0.00695	0.00639	0.01257	0.07447	0.01951	0.05194	0.32936	0.35972	0.01808	0.00828	0.00249	0.00398	0.01570	0.00644	0.03898
189	0.01527	0.01527	0.02137	0.01832	0.01832	0.02137	0.01527	0.01679	0.01069	0.01679	0.00916	0.01527	0.00916	0.01221	0.02290	0.00305	0.74198	0.00611	0.00305	0.00763
190	0.00988	0.00713	0.00933	0.00878	0.01043	0.00658	0.00658	0.01317	0.01975	0.02798	0.70754	0.05213	0.06584	0.01427	0.00823	0.00219	0.00329	0.01262	0.00768	0.00658
191	0.01658	0.01588	0.02708	0.16018	0.59928	0.01640	0.02107	0.02081	0.01556	0.02196	0.01300	0.01750	0.01076	0.00635	0.00692	0.00212	0.00846	0.00621	0.00339	0.01050
192	0.01029	0.00664	0.00859	0.00919	0.00969	0.00652	0.00603	0.01094	0.01199	0.04080	0.02867	0.36363	0.03285	0.27226	0.08597	0.06495	0.00655	0.01391	0.00528	0.00526
193	0.00858	0.00681	0.00775	0.00837	0.01001	0.00598	0.00612	0.01030	0.01520	0.01893	0.07776	0.29230	0.42681	0.01905	0.00855	0.00256	0.00388	0.05866	0.00651	0.00587
194	0.01053	0.00732	0.00942	0.00967	0.01136	0.00676	0.00749	0.01316	0.01720	0.05156	0.31062	0.18152	0.16486	0.01701	0.00860	0.00255	0.00424	0.15258	0.00704	0.00649
195	0.01020	0.00758	0.00982	0.01104	0.01252	0.00736	0.00888	0.01324	0.04195	0.01999	0.04262	0.26874	0.15136	0.01938	0.00910	0.00293	0.00523	0.34530	0.00648	0.00630
196	0.05748	0.01276	0.01355	0.01178	0.01508	0.03826	0.00921	0.18399	0.12637	0.06132	0.22032	0.08849	0.07812	0.01174	0.00734	0.00222	0.00535	0.00979	0.03806	0.00879
197	0.00943	0.00647	0.00824	0.00930	0.01008	0.00597	0.00627	0.01070	0.01374	0.04114	0.05861	0.56683	0.11578	0.08891	0.01123	0.00311	0.00429	0.01775	0.00637	0.00579
198	0.01447	0.01240	0.01447	0.01034	0.01654	0.00930	0.00827	0.01757	0.01447	0.02274	0.01240	0.01447	0.01034	0.00517	0.00517	0.00103	0.00517	0.00413	0.00413	0.79742
199	0.00866	0.00730	0.00753	0.00743	0.00976	0.00628	0.00558	0.01107	0.03525	0.02001	0.13035	0.06458	0.62791	0.01712	0.00821	0.00234	0.00357	0.01434	0.00661	0.00610
200	0.00995	0.00689	0.00791	0.00795	0.00840	0.00679	0.00491	0.01052	0.01151	0.01518	0.05883	0.04884	0.10667	0.57902	0.06027	0.00611	0.00674	0.03411	0.00470	0.00469
201	0.01863	0.01562	0.01650	0.01446	0.01863	0.01795	0.01135	0.12748	0.60615	0.03125	0.02678	0.02475	0.01999	0.00932	0.00708	0.00233	0.00582	0.00767	0.00708	0.01116
202	0.01003	0.00672	0.00764	0.00776	0.00779	0.00669	0.00439	0.01012	0.01037	0.01383	0.02314	0.09483	0.02682	0.70361	0.03366	0.00649	0.00658	0.01082	0.00439	0.00433
203	0.01010	0.00744	0.00948	0.00892	0.01068	0.00698	0.00670	0.01397	0.04614	0.02763	0.65329	0.05176	0.09204	0.01423	0.00819	0.00221	0.00339	0.01253	0.00761	0.00673
204	0.13074	0.01506	0.01642	0.01318	0.01802	0.01606	0.01075	0.27992	0.12086	0.21845	0.02080	0.01991	0.01453	0.00833	0.00649	0.00213	0.00627	0.00639	0.06491	0.01077
205	0.04624	0.00773	0.00865	0.00904	0.01097	0.00742	0.00705	0.03688	0.01568	0.02193	0.04425	0.17501	0.26627	0.01606	0.00778	0.00246	0.00440	0.14846	0.15737	0.00637
206	0.80405	0.01350	0.01026	0.00918	0.01350	0.01565	0.00756	0.02051	0.01188	0.03131	0.00972	0.01134	0.00756	0.00648	0.00432	0.00216	0.00540	0.00378	0.00432	0.00756
207	0.01015	0.00671	0.00768	0.00775	0.00777	0.00669	0.00439	0.01009	0.01024	0.01366	0.02231	0.07391	0.02575	0.69830	0.03412	0.03491	0.00663	0.01040	0.00428	0.00424
208	0.01806	0.01534	0.01617	0.01434	0.01841	0.01769	0.01122	0.08695	0.64760	0.03032	0.02751	0.02532	0.02058	0.00938	0.00709	0.00235	0.00569	0.00777	0.00709	0.01111
209	0.01527	0.01527	0.02137	0.01832	0.01832	0.02137	0.01527	0.01679	0.01069	0.01679	0.00916	0.01527	0.00916	0.01221	0.02290	0.00305	0.74198	0.00611	0.00305	0.00763
210	0.01282	0.00824	0.01057	0.00958	0.01182	0.00779	0.00732	0.01726	0.06971	0.10493	0.58164	0.04704	0.05714	0.01328	0.00801	0.00220	0.00375	0.01165	0.00775	0.00750
211	0.00958	0.00712	0.00892	0.00847	0.01024	0.00646	0.00635	0.01260	0.01906	0.02633	0.59234	0.05485	0.18208	0.01488	0.00823	0.00222	0.00334	0.01300	0.00746	0.00646
212	0.06491	0.01195	0.01594	0.01227	0.01763	0.01049	0.01014	0.03342	0.01962	0.68628	0.02676	0.02321	0.01685	0.00854	0.00690	0.00216	0.00591	0.00688	0.00845	0.01169
213	0.01866	0.75896	0.03657	0.01194	0.01791	0.02761	0.01194	0.02090	0.01418	0.01642	0.00970	0.01119	0.00896	0.00597	0.00448	0.00149	0.00746	0.00373	0.00299	0.00896
214	0.01136	0.00919	0.04048	0.01314	0.01511	0.00837	0.01185	0.01477	0.01601	0.02093	0.03594	0.07607	0.03887	0.01875	0.00951	0.00317	0.00659	0.63702	0.00628	0.00659
215	0.04963	0.01263	0.01436	0.01209	0.01572	0.01325	0.00936	0.15559	0.15792	0.10348	0.02077	0.02569	0.01728	0.14945	0.11382	0.00417	0.00804	0.00720	0.00578	0.10376
216	0.01169	0.00772	0.00997	0.01025	0.01218	0.00705	0.00789	0.01391	0.01551	0.08391	0.09539	0.29726	0.14781	0.01872	0.03130	0.00288	0.00514	0.16030	0.00654	0.05459
217	0.01420	0.00992	0.01175	0.01118	0.01344	0.01005	0.00848	0.17704	0.01946	0.05150	0.10447	0.34498	0.09103	0.01633	0.00817	0.00251	0.00503	0.06109	0.03177	0.00760
218	0.01140	0.00845	0.00978	0.00976	0.01092	0.00888	0.00681	0.01570	0.13602	0.01796	0.02837	0.07419	0.06754	0.40588	0.07180	0.00541	0.00701	0.09286	0.00522	0.00603
219	0.01044	0.00828	0.00936	0.00932	0.01155	0.00785	0.00723	0.04357	0.06886	0.02224	0.14685	0.12470	0.37843	0.01677	0.00836	0.00249	0.00429	0.10598	0.00671	0.00670
220	0.68332	0.01324	0.01118	0.00968	0.01417	0.01481	0.00798	0.02262	0.01314	0.13829	0.01250	0.01328	0.00908	0.00682	0.00474	0.00216	0.00548	0.00428	0.00499	0.00823
221	0.01108	0.00791	0.01105	0.01266	0.01419	0.00789	0.01095	0.01417	0.01590	0.02070	0.03704	0.11966	0.04053	0.01943	0.00959	0.00319	0.00628	0.62496	0.00643	0.00638
222	0.00857	0.00640	0.00815	0.00929	0.01018	0.00597	0.00642	0.01001	0.01371	0.01789	0.04349	0.54670	0.18159	0.02357	0.06968	0.00345	0.00518	0.01773	0.00625	0.00576
223	0.02607	0.03326	0.01978	0.01798	0.02157	0.72674	0.01348	0.02787	0.01978	0.01708	0.01079	0.01258	0.00899	0.00719	0.00629	0.00180	0.01258	0.00449	0.00360	0.00809
224	0.80405	0.01350	0.01026	0.00918	0.01350	0.01565	0.00756	0.02051	0.01188	0.03131	0.00972	0.01134	0.00756	0.00648	0.00432	0.00216	0.00540	0.00378	0.00432	0.00756
225	0.09563	0.01201	0.01570	0.01215	0.01745	0.01071	0.01003	0.03288	0.01930	0.65906	0.02605	0.02272	0.01647	0.00846	0.00679	0.00216	0.00589	0.00675	0.00828	0.01152
226	0.02105	0.40363	0.02882	0.01581	0.04926	0.24872	0.01310	0.02318	0.01590	0.03914	0.01071	0.01267	0.00934	0.00703	0.00693	0.00178	0.07640	0.00440	0.00339	0.00874
227	0.00953	0.00699	0.00898	0.00922	0.01051	0.00655	0.00663	0.01251	0.03842	0.02388	0.41225	0.30811	0.08610	0.01706	0.00844	0.00244	0.00365	0.01522	0.00717	0.00636
228	0.02446	0.01844	0.01980	0.01541	0.02082	0.02021	0.01262	0.55455	0.11979	0.04053	0.01799	0.01782	0.01301	0.00830	0.00687	0.00206	0.00722	0.00634	0.00680	0.06698
229	0.00992	0.00737	0.00926	0.00875	0.01055	0.00684	0.00657	0.01354	0.04049	0.02694	0.61116	0.05309	0.14032	0.01452	0.00820	0.00222	0.00339	0.01272	0.00752	0.00664
230	0.51676	0.01370	0.01289	0.01069	0.01545	0.01479	0.00881	0.09204	0.01603	0.19638	0.01478	0.01495	0.01041	0.00715	0.00526	0.00212	0.00575	0.00482	0.00562	0.03158
231	0.01576	0.01861	0.13324	0.20265	0.38236	0.01635	0.04770	0.02158	0.05317	0.02184	0.01375	0.01774	0.01084	0.00663	0.00695	0.00218	0.00883	0.00622	0.00350	0.01009
232	0.01019	0.00726	0.01013	0.01013	0.01113	0.00816	0.00750	0.01218	0.01119	0.01621	0.01967	0.03135	0.01922	0.20455	0.53076	0.00965	0.01512	0.00801	0.05179	0.00581
233	0.00832	0.00707	0.00717	0.00715	0.00947	0.00592	0.00536	0.01016	0.01608	0.01926	0.09930	0.06648	0.67953	0.01752	0.00825	0.00235	0.00352	0.01463	0.00653	0.00592
234	0.01212	0.00606	0.00909	0.00909	0.00909	0.00606	0.00606	0.00909	0.00909	0.01212	0.01212	0.02121	0.01212	0.02424	0.02727	0.79697	0.00606	0.00606	0.00303	0.00303
235	0.01831	0.01570	0.02637	0.10677	0.57652	0.01583	0.02008	0.02236	0.01612	0.09306	0.01453	0.01806	0.01152	0.00654	0.00693	0.00211	0.00815	0.00630	0.00395	0.01082
236	0.00972	0.00755	0.01020	0.01091	0.01147	0.00803	0.00790	0.01134	0.01394	0.01913	0.12092	0.52980	0.04340	0.01945	0.01076	0.00280	0.10444	0.04599	0.00617	0.00609
237	0.00910	0.00647	0.00864	0.01016	0.01075	0.00616	0.00720	0.01060	0.01365	0.01811	0.03719	0.58593	0.04381	0.06588	0.01065	0.00314	0.00464	0.13586	0.00633	0.00572
238	0.00843	0.00699	0.00738	0.00747	0.00959	0.00594	0.00553	0.01030	0.01607	0.01968	0.13170	0.12458	0.58691	0.01769	0.00830	0.00238	0.00355	0.01496	0.00660	0.00594
239	0.01660	0.01261	0.01488	0.01075	0.01685	0.00985	0.00865	0.04386	0.01570	0.09296	0.01408	0.01548	0.01109	0.00563	0.00542	0.00119	0.00534	0.00450	0.00469	0.68986
240	0.18375	0.01328	0.01544	0.01224	0.01726	0.01316	0.01006	0.12655	0.04747	0.42796	0.04723	0.02137	0.01647	0.00841	0.00652	0.00216	0.00597	0.00650	0.00743	0.01078
241	0.02123	0.01412	0.01587	0.01330	0.01749	0.01519	0.01055	0.17655	0.30689	0.17358	0.08291	0.02644	0.02221	0.03661	0.00812	0.00239	0.00587	0.00779	0.03229	0.01063
