[name]
unknown

[dist]
# distance from previous block
# <min> <max>
29	185

[block]
# block no. 0 follows, 32 sequences, length 10
# corresponding to MSA columns:
# 230-239
name=unknown_A
#
# <colnr> <probs for GDERKNQSTAVLIFYWHMCP>
#	G	D	E	R	K	N	Q	S	T	A	V	L	I	F	Y	W	H	M	C	P
0	0.07805	0.00842	0.00946	0.00896	0.01146	0.00806	0.00692	0.01596	0.07554	0.09447	0.20285	0.10542	0.28553	0.01418	0.00752	0.00228	0.00408	0.04727	0.00659	0.00698
1	0.01381	0.01732	0.14064	0.44512	0.07066	0.05383	0.05848	0.01851	0.01381	0.01816	0.01210	0.01710	0.00933	0.00862	0.03786	0.00257	0.04510	0.00587	0.00305	0.00806
2	0.01883	0.08143	0.19960	0.05804	0.06300	0.11038	0.09776	0.13756	0.07384	0.05798	0.01436	0.01606	0.01071	0.00702	0.00683	0.00204	0.02491	0.00573	0.00426	0.00967
3	0.01944	0.00947	0.01222	0.01023	0.01372	0.00858	0.00812	0.02319	0.06295	0.35407	0.27867	0.03732	0.11071	0.01125	0.00730	0.00212	0.00452	0.00954	0.00765	0.00892
4	0.02749	0.01184	0.01693	0.07738	0.07803	0.01080	0.01150	0.03037	0.01838	0.60781	0.02408	0.02190	0.01546	0.00798	0.00674	0.00208	0.00617	0.00662	0.00744	0.01101
5	0.01496	0.02651	0.42536	0.05469	0.23135	0.01617	0.02223	0.05167	0.01505	0.02197	0.01222	0.01515	0.00929	0.00664	0.00732	0.00213	0.04879	0.00540	0.00316	0.00996
6	0.08144	0.01559	0.02140	0.01712	0.02138	0.05889	0.18868	0.17656	0.07577	0.04592	0.05075	0.07287	0.01898	0.00975	0.00783	0.00230	0.03553	0.08513	0.00530	0.00882
7	0.00816	0.00590	0.00772	0.00918	0.00969	0.00546	0.00616	0.00936	0.01300	0.01719	0.03895	0.71563	0.08729	0.02077	0.00852	0.00270	0.00386	0.01876	0.00623	0.00546
8	0.00959	0.00719	0.00930	0.00976	0.01133	0.00640	0.00712	0.01147	0.01385	0.01909	0.08722	0.48914	0.03935	0.01741	0.00800	0.00243	0.00431	0.10078	0.00594	0.14032
9	0.01672	0.01560	0.02261	0.13978	0.20747	0.05882	0.11123	0.11532	0.09388	0.02359	0.01698	0.04936	0.01457	0.04395	0.00833	0.00238	0.00817	0.03771	0.00442	0.00913

[dist]
# distance from previous block
# <min> <max>
0	17

[block]
# block no. 1 follows, 32 sequences, length 24
# corresponding to MSA columns:
# 257-280
name=unknown_B
#
# <colnr> <probs for GDERKNQSTAVLIFYWHMCP>
#	G	D	E	R	K	N	Q	S	T	A	V	L	I	F	Y	W	H	M	C	P
0	0.01923	0.01639	0.08028	0.07170	0.26990	0.01531	0.03582	0.15039	0.03730	0.13390	0.04275	0.04371	0.01470	0.00785	0.00726	0.00211	0.02947	0.00679	0.00500	0.01016
1	0.01606	0.08896	0.14612	0.02679	0.33775	0.01602	0.03964	0.06824	0.03535	0.02283	0.03667	0.04065	0.01313	0.00690	0.00639	0.00192	0.00768	0.00614	0.00382	0.07896
2	0.01837	0.01202	0.01354	0.01266	0.04907	0.07373	0.00923	0.04978	0.03938	0.23100	0.02895	0.21013	0.08927	0.01190	0.00708	0.00211	0.00569	0.02347	0.00622	0.10639
3	0.01591	0.01370	0.01495	0.01098	0.01675	0.04259	0.00879	0.10585	0.01642	0.02427	0.01240	0.01412	0.01007	0.00545	0.00524	0.00116	0.00560	0.00426	0.00431	0.66717
4	0.01536	0.08490	0.02588	0.02897	0.37966	0.01528	0.12949	0.01959	0.03706	0.02106	0.01563	0.07028	0.01387	0.00935	0.04196	0.00244	0.00819	0.00714	0.06463	0.00925
5	0.00950	0.00752	0.00851	0.00815	0.01015	0.00702	0.00607	0.01333	0.08166	0.02241	0.33132	0.05371	0.34268	0.05715	0.00930	0.00244	0.00366	0.01246	0.00664	0.00632
6	0.01308	0.01231	0.04787	0.03430	0.04874	0.02886	0.02369	0.02210	0.29048	0.02249	0.07819	0.22045	0.04932	0.04571	0.02885	0.00276	0.00586	0.01090	0.00587	0.00817
7	0.00897	0.00666	0.00839	0.00853	0.00996	0.00607	0.00629	0.01141	0.01675	0.02276	0.41240	0.21420	0.17910	0.01620	0.00813	0.00232	0.00352	0.04549	0.00685	0.00600
8	0.01604	0.02097	0.21500	0.08467	0.11879	0.08126	0.03886	0.09472	0.04678	0.02222	0.01484	0.04218	0.01242	0.00989	0.03062	0.03332	0.05728	0.02607	0.02524	0.00886
9	0.00961	0.00709	0.01028	0.01028	0.01130	0.00811	0.00776	0.01166	0.01063	0.01520	0.01843	0.02891	0.01788	0.15399	0.63545	0.01016	0.01631	0.00756	0.00366	0.00571
10	0.01667	0.04416	0.25894	0.08789	0.27512	0.03657	0.04211	0.02166	0.01498	0.08679	0.01337	0.01615	0.01013	0.00665	0.00718	0.00209	0.04044	0.00565	0.00357	0.00986
11	0.25514	0.30303	0.07908	0.04780	0.01883	0.10379	0.01180	0.04166	0.04804	0.02202	0.01087	0.01243	0.00888	0.00635	0.00494	0.00181	0.00738	0.00418	0.00363	0.00834
12	0.03911	0.37213	0.09284	0.01431	0.04461	0.02043	0.03896	0.03434	0.09497	0.04043	0.01751	0.01857	0.07051	0.00776	0.00685	0.00189	0.06639	0.00565	0.00392	0.00881
13	0.03869	0.03396	0.03535	0.06619	0.04066	0.01330	0.01066	0.06478	0.27258	0.05682	0.15946	0.04772	0.05960	0.01016	0.00695	0.00216	0.00546	0.02984	0.00612	0.03955
14	0.01035	0.00769	0.00870	0.00869	0.00916	0.03510	0.00566	0.01108	0.01058	0.01401	0.02059	0.03999	0.02264	0.54312	0.19150	0.00715	0.00931	0.03594	0.00402	0.00473
15	0.01078	0.00889	0.00997	0.01018	0.01186	0.04177	0.00717	0.01410	0.08854	0.01877	0.03044	0.50854	0.03436	0.04850	0.00884	0.00254	0.00470	0.01459	0.00575	0.11969
16	0.00845	0.00604	0.00809	0.00954	0.01008	0.00568	0.00660	0.00988	0.01337	0.01786	0.07106	0.66885	0.04486	0.02045	0.00859	0.00272	0.00404	0.07199	0.00628	0.00555
17	0.00960	0.00644	0.00736	0.00752	0.00756	0.00640	0.00428	0.00972	0.01006	0.01342	0.02270	0.11449	0.02636	0.69092	0.03163	0.00613	0.00625	0.01068	0.00428	0.00420
18	0.13415	0.30890	0.06530	0.04242	0.06788	0.06565	0.01220	0.05102	0.03929	0.06684	0.01329	0.01457	0.02405	0.00654	0.00524	0.00174	0.00711	0.00467	0.00393	0.06521
19	0.01442	0.05186	0.13911	0.01490	0.08221	0.04649	0.01231	0.08684	0.03607	0.02247	0.01795	0.07241	0.01559	0.01743	0.16405	0.00384	0.00914	0.00691	0.17797	0.00803
20	0.03856	0.29467	0.12683	0.03198	0.01914	0.10796	0.01317	0.04668	0.01436	0.01837	0.01186	0.01501	0.01025	0.01459	0.14100	0.00341	0.04609	0.00483	0.00331	0.03794
21	0.01945	0.34284	0.12442	0.01604	0.06325	0.16817	0.01420	0.11576	0.01737	0.02077	0.01190	0.03536	0.01020	0.00687	0.00556	0.00174	0.00854	0.00489	0.00365	0.00904
22	0.12682	0.24755	0.12676	0.04999	0.05287	0.08024	0.04701	0.07427	0.01572	0.04482	0.01262	0.01613	0.01044	0.00686	0.00564	0.00188	0.00790	0.03429	0.00380	0.03440
23	0.07633	0.22282	0.14942	0.03949	0.03850	0.12251	0.07566	0.02113	0.05416	0.01956	0.01343	0.05100	0.01175	0.03530	0.00687	0.00204	0.00830	0.00569	0.00359	0.04246

[dist]
# distance from previous block
# <min> <max>
1	24

[block]
# block no. 2 follows, 32 sequences, length 138
# corresponding to MSA columns:
# 305-418,420-443
name=unknown_C
#
# <colnr> <probs for GDERKNQSTAVLIFYWHMCP>
#	G	D	E	R	K	N	Q	S	T	A	V	L	I	F	Y	W	H	M	C	P
0	0.05345	0.11039	0.15394	0.03987	0.02140	0.16607	0.01407	0.19729	0.01965	0.04469	0.01562	0.01668	0.04665	0.00736	0.00606	0.00186	0.00834	0.00538	0.00444	0.06678
1	0.07455	0.05403	0.01882	0.01564	0.05891	0.11275	0.06827	0.13484	0.08331	0.11762	0.09375	0.04481	0.01886	0.01003	0.03490	0.00234	0.00757	0.00696	0.00549	0.03654
2	0.01630	0.04220	0.01846	0.06743	0.06070	0.06973	0.08022	0.12389	0.04033	0.06145	0.01902	0.04627	0.03693	0.07974	0.16820	0.00437	0.02627	0.02583	0.00459	0.00807
3	0.06902	0.01453	0.04134	0.03539	0.08678	0.04083	0.03761	0.08151	0.03687	0.06708	0.04437	0.01865	0.01370	0.00674	0.00591	0.00162	0.00632	0.02542	0.00462	0.36170
4	0.00988	0.00748	0.00875	0.00841	0.01033	0.00714	0.00642	0.01192	0.01521	0.04963	0.15968	0.09301	0.42044	0.01804	0.06143	0.00289	0.05383	0.01245	0.03693	0.00616
5	0.00851	0.00691	0.00760	0.00770	0.00978	0.00601	0.00596	0.01060	0.01588	0.01971	0.16479	0.06364	0.53870	0.01667	0.00808	0.00234	0.00369	0.09121	0.00640	0.00583
6	0.01113	0.00623	0.00666	0.00697	0.00828	0.00606	0.00500	0.01359	0.01371	0.02227	0.02870	0.17492	0.08169	0.04939	0.00722	0.00210	0.00347	0.00963	0.53707	0.00593
7	0.01599	0.10127	0.44528	0.04320	0.12164	0.01658	0.04197	0.05060	0.01537	0.06806	0.01302	0.01505	0.00952	0.00644	0.00630	0.00204	0.00901	0.00525	0.00345	0.00995
8	0.01989	0.48948	0.04983	0.01484	0.05380	0.21074	0.01275	0.04761	0.01581	0.01742	0.01010	0.01170	0.00882	0.00616	0.00503	0.00158	0.00859	0.00403	0.00319	0.00864
9	0.09382	0.01576	0.07368	0.04375	0.04829	0.05541	0.01139	0.13579	0.09709	0.09764	0.05598	0.02328	0.07028	0.03685	0.00738	0.00212	0.00647	0.00668	0.00538	0.11296
10	0.04734	0.14765	0.02127	0.03998	0.12087	0.01645	0.01247	0.16378	0.05451	0.23442	0.03779	0.02056	0.01496	0.00789	0.00633	0.00199	0.00665	0.02908	0.00582	0.01019
11	0.08957	0.19303	0.05807	0.01102	0.01399	0.01366	0.00961	0.01546	0.01300	0.04349	0.02328	0.19342	0.06433	0.07074	0.06027	0.00314	0.05579	0.05661	0.00453	0.00698
12	0.01103	0.00878	0.00964	0.00997	0.01136	0.04925	0.00736	0.05323	0.01448	0.01874	0.03411	0.27164	0.13690	0.11927	0.08910	0.00392	0.00663	0.10462	0.03399	0.00598
13	0.01585	0.01646	0.02179	0.01810	0.01975	0.10346	0.11268	0.03727	0.01321	0.01829	0.03266	0.05383	0.01268	0.01061	0.01613	0.00260	0.45741	0.00685	0.02277	0.00760
14	0.03665	0.05351	0.09901	0.24100	0.13482	0.01569	0.07885	0.04179	0.08711	0.04099	0.04173	0.02108	0.01395	0.00764	0.00720	0.00219	0.03009	0.03381	0.00404	0.00886
15	0.19521	0.01809	0.07563	0.01323	0.01863	0.06155	0.01151	0.28263	0.05566	0.03147	0.01366	0.01456	0.01025	0.00688	0.00574	0.00183	0.00683	0.00498	0.00508	0.16658
16	0.01149	0.00684	0.00762	0.00778	0.00886	0.00687	0.00552	0.03390	0.01329	0.02057	0.02419	0.09754	0.02384	0.24849	0.01485	0.00339	0.00471	0.07979	0.37482	0.00565
17	0.13135	0.02191	0.01797	0.01707	0.07371	0.29973	0.01242	0.13030	0.14179	0.02480	0.01421	0.01535	0.01115	0.00760	0.00702	0.00201	0.05274	0.00529	0.00461	0.00897
18	0.07549	0.05793	0.25073	0.01609	0.05015	0.03624	0.06423	0.01987	0.08472	0.02149	0.06037	0.02545	0.07876	0.04259	0.03831	0.00271	0.03469	0.02758	0.00418	0.00841
19	0.00944	0.00683	0.00824	0.00880	0.00969	0.00654	0.00593	0.04454	0.01382	0.01821	0.07685	0.42608	0.13412	0.18237	0.01396	0.00342	0.00453	0.01528	0.00585	0.00553
20	0.00963	0.00693	0.00840	0.00900	0.01000	0.00667	0.00664	0.01107	0.01296	0.01665	0.03643	0.10359	0.17209	0.31897	0.01898	0.00428	0.00560	0.23161	0.00534	0.00518
21	0.11463	0.01643	0.11865	0.01523	0.07643	0.03447	0.01264	0.10817	0.03771	0.28444	0.07149	0.02208	0.04165	0.00825	0.00649	0.00207	0.00656	0.00658	0.00610	0.00994
22	0.02111	0.01471	0.01774	0.12881	0.02249	0.05128	0.03224	0.26308	0.02176	0.17463	0.06766	0.04416	0.04642	0.00905	0.00746	0.00212	0.03585	0.00729	0.02262	0.00951
23	0.00831	0.00666	0.00743	0.00755	0.00938	0.00578	0.00554	0.01025	0.01572	0.01989	0.20561	0.16984	0.47063	0.01690	0.00803	0.00230	0.00342	0.01448	0.00648	0.00578
24	0.01267	0.01193	0.02013	0.74806	0.04621	0.01491	0.01863	0.01714	0.01342	0.01714	0.01193	0.01789	0.00894	0.00671	0.00671	0.00224	0.00894	0.00596	0.00298	0.00745
25	0.04556	0.01431	0.06703	0.10153	0.15880	0.01387	0.07885	0.08542	0.01593	0.06869	0.03971	0.17396	0.01912	0.01034	0.00849	0.00231	0.07389	0.00899	0.00465	0.00857
26	0.01042	0.00719	0.00822	0.00797	0.00813	0.00749	0.00474	0.03045	0.01042	0.01400	0.02050	0.04193	0.02339	0.71196	0.03286	0.00623	0.03609	0.00949	0.00410	0.00441
27	0.00852	0.00618	0.00813	0.00956	0.01026	0.00578	0.00678	0.01000	0.01340	0.01762	0.03920	0.61071	0.09632	0.02036	0.00861	0.00274	0.00417	0.10988	0.00622	0.00557
28	0.09929	0.02586	0.38126	0.02163	0.02971	0.01607	0.28799	0.02118	0.01453	0.02229	0.01236	0.01537	0.00903	0.00608	0.00675	0.00217	0.00996	0.00598	0.00319	0.00929
29	0.06705	0.04250	0.06137	0.11539	0.06459	0.19860	0.01374	0.15039	0.13479	0.02523	0.05039	0.01799	0.01396	0.00764	0.00638	0.00201	0.00828	0.00588	0.00474	0.00910
30	0.01247	0.01314	0.08983	0.12142	0.07847	0.03891	0.01259	0.03917	0.03488	0.01844	0.03688	0.06651	0.01731	0.09907	0.26333	0.00561	0.03326	0.00758	0.00389	0.00723
31	0.01120	0.00958	0.01240	0.07563	0.01531	0.05288	0.00947	0.01334	0.01132	0.01546	0.01669	0.02620	0.01600	0.13679	0.47878	0.00830	0.07386	0.00715	0.00354	0.00607
32	0.60921	0.01591	0.01211	0.05416	0.01633	0.12656	0.00896	0.02134	0.04228	0.02714	0.01042	0.01210	0.00814	0.00648	0.00471	0.00204	0.00648	0.00404	0.00409	0.00750
33	0.15111	0.01375	0.01838	0.16144	0.18548	0.01458	0.01381	0.08985	0.06646	0.11172	0.01548	0.01825	0.01180	0.00706	0.00618	0.00202	0.00686	0.01994	0.00472	0.08113
34	0.00830	0.00603	0.00783	0.00903	0.00971	0.00557	0.00614	0.00973	0.01373	0.01829	0.11444	0.62215	0.10455	0.01987	0.00844	0.00262	0.00377	0.01789	0.00636	0.00557
35	0.01966	0.10548	0.14633	0.01627	0.06854	0.01547	0.03500	0.10584	0.08685	0.19066	0.01929	0.06295	0.01522	0.00853	0.00705	0.00209	0.03102	0.02643	0.00538	0.03193
36	0.00915	0.00625	0.00750	0.00810	0.00825	0.00610	0.00490	0.00960	0.01094	0.01459	0.02723	0.31898	0.03207	0.47864	0.02432	0.00505	0.00550	0.01334	0.00490	0.00460
37	0.10257	0.01061	0.01208	0.01089	0.01396	0.05313	0.00850	0.02132	0.01644	0.29684	0.10635	0.21840	0.02922	0.01263	0.00721	0.00230	0.00532	0.05718	0.00678	0.00827
38	0.02350	0.01672	0.01821	0.01454	0.01944	0.01840	0.01182	0.43531	0.22399	0.11511	0.02047	0.01941	0.01459	0.00838	0.00675	0.00210	0.00660	0.00656	0.00692	0.01119
39	0.01667	0.01604	0.02599	0.14937	0.53273	0.03830	0.04592	0.05458	0.01595	0.02201	0.01266	0.01670	0.01033	0.00621	0.00669	0.00203	0.00835	0.00600	0.00345	0.01002
40	0.01346	0.03471	0.72942	0.01912	0.02904	0.01558	0.02479	0.02125	0.01417	0.02125	0.01204	0.01417	0.00850	0.00637	0.00637	0.00212	0.00992	0.00496	0.00283	0.00992
41	0.00805	0.00632	0.00729	0.00806	0.00940	0.00556	0.00566	0.00949	0.01408	0.01763	0.05258	0.40997	0.38415	0.01899	0.00825	0.00249	0.00364	0.01660	0.00623	0.00556
42	0.00954	0.00767	0.01171	0.01190	0.03254	0.00717	0.07293	0.01174	0.01466	0.01974	0.16184	0.44708	0.08882	0.01735	0.00833	0.00254	0.00469	0.05750	0.00609	0.00616
43	0.00875	0.00637	0.00815	0.00935	0.01018	0.00598	0.00671	0.01024	0.01340	0.01745	0.03980	0.47570	0.13817	0.08338	0.01078	0.00305	0.00446	0.13653	0.00604	0.00549
44	0.01754	0.19856	0.19054	0.03281	0.02264	0.08337	0.07259	0.10162	0.08846	0.02232	0.01347	0.01533	0.01057	0.00719	0.00734	0.00199	0.07063	0.00537	0.02844	0.00921
45	0.00891	0.00657	0.00725	0.00746	0.00839	0.00610	0.00485	0.00975	0.01231	0.01555	0.04086	0.13342	0.28847	0.38279	0.02085	0.00441	0.00503	0.02698	0.00517	0.00487
46	0.01392	0.01322	0.05111	0.02957	0.07627	0.00990	0.01004	0.01727	0.01423	0.02193	0.03940	0.01565	0.01197	0.00550	0.00533	0.00121	0.00549	0.00455	0.00397	0.64949
47	0.01925	0.20565	0.01877	0.01117	0.01526	0.07523	0.00942	0.11377	0.01804	0.14389	0.07518	0.04435	0.04279	0.00842	0.00584	0.00178	0.00604	0.00653	0.13911	0.03951
48	0.00818	0.00584	0.00779	0.00934	0.00973	0.00545	0.00623	0.00934	0.01285	0.01713	0.03698	0.75981	0.04438	0.02102	0.00856	0.00273	0.00389	0.01908	0.00623	0.00545
49	0.01792	0.65383	0.08076	0.01292	0.01886	0.06134	0.03840	0.02056	0.01402	0.01640	0.00972	0.01134	0.00866	0.00584	0.00467	0.00153	0.00776	0.00388	0.00292	0.00867
50	0.00813	0.00603	0.00759	0.00884	0.00960	0.00549	0.00600	0.00940	0.01333	0.01733	0.04315	0.62152	0.17869	0.02022	0.00844	0.00263	0.00379	0.01810	0.00623	0.00549
51	0.01384	0.01124	0.01279	0.03430	0.03674	0.01237	0.00936	0.02531	0.38584	0.02564	0.13912	0.06336	0.07282	0.01093	0.00702	0.00222	0.00480	0.03730	0.08629	0.00869
52	0.00897	0.00642	0.00797	0.00884	0.00999	0.00594	0.00646	0.01087	0.01446	0.01945	0.11756	0.39164	0.18143	0.01797	0.00813	0.00251	0.00393	0.09887	0.07285	0.00575
53	0.01445	0.04703	0.12368	0.01096	0.01430	0.08915	0.00991	0.04188	0.06034	0.02188	0.01834	0.02312	0.01529	0.09128	0.06568	0.00297	0.00714	0.00625	0.32905	0.00730
54	0.01346	0.03471	0.72942	0.01912	0.02904	0.01558	0.02479	0.02125	0.01417	0.02125	0.01204	0.01417	0.00850	0.00637	0.00637	0.00212	0.00992	0.00496	0.00283	0.00992
55	0.01794	0.76823	0.03516	0.01148	0.01722	0.02655	0.01148	0.02009	0.01363	0.01579	0.00933	0.01076	0.00861	0.00574	0.00431	0.00144	0.00718	0.00359	0.00287	0.00861
56	0.02506	0.03198	0.01901	0.01729	0.02074	0.73725	0.01296	0.02679	0.01901	0.01642	0.01037	0.01210	0.00864	0.00691	0.00605	0.00173	0.01210	0.00432	0.00346	0.00778
57	0.01208	0.00821	0.01018	0.01007	0.01226	0.00790	0.00803	0.01637	0.08852	0.08772	0.21704	0.10629	0.18280	0.01522	0.00810	0.00246	0.00452	0.18844	0.00677	0.00701
58	0.00959	0.00719	0.01078	0.01078	0.01198	0.00839	0.00839	0.01198	0.01078	0.01558	0.01797	0.02636	0.01677	0.05032	0.73760	0.01078	0.01797	0.00719	0.00359	0.00599
59	0.02356	0.02762	0.01780	0.01596	0.01952	0.57658	0.01209	0.07022	0.04333	0.04554	0.01676	0.01760	0.06899	0.00796	0.00630	0.00182	0.01059	0.00546	0.00420	0.00808
60	0.04126	0.08035	0.04624	0.02534	0.28600	0.22212	0.01593	0.15970	0.01936	0.02419	0.01233	0.01455	0.00991	0.00666	0.00623	0.00189	0.00895	0.00524	0.00402	0.00971
61	0.01739	0.10663	0.03055	0.02376	0.10701	0.11754	0.30994	0.04781	0.01573	0.02013	0.01234	0.01621	0.01007	0.00888	0.04538	0.00255	0.08951	0.00636	0.00343	0.00876
62	0.00929	0.00708	0.00776	0.00767	0.00992	0.00609	0.00592	0.01132	0.01591	0.04931	0.13972	0.06205	0.55605	0.01637	0.00799	0.00231	0.00370	0.06905	0.00645	0.00603
63	0.02053	0.01632	0.01733	0.01443	0.01891	0.01848	0.01155	0.32504	0.41457	0.03426	0.02243	0.02115	0.01653	0.00865	0.00678	0.00216	0.00621	0.00691	0.00678	0.01096
64	0.00984	0.00686	0.00830	0.00881	0.00947	0.00674	0.00619	0.01093	0.01202	0.01567	0.03010	0.08270	0.09136	0.45311	0.02363	0.00499	0.00603	0.20344	0.00495	0.00487
65	0.02322	0.14842	0.06333	0.01693	0.05584	0.35657	0.01354	0.15314	0.02005	0.07028	0.01260	0.01372	0.00980	0.00695	0.00599	0.00179	0.00962	0.00481	0.00427	0.00912
66	0.01794	0.76823	0.03516	0.01148	0.01722	0.02655	0.01148	0.02009	0.01363	0.01579	0.00933	0.01076	0.00861	0.00574	0.00431	0.00144	0.00718	0.00359	0.00287	0.00861
67	0.00825	0.00673	0.00729	0.00731	0.00930	0.00578	0.00542	0.01019	0.01581	0.01973	0.18995	0.11612	0.54142	0.01668	0.00798	0.00227	0.00339	0.01416	0.00645	0.00578
68	0.05422	0.01417	0.13827	0.01291	0.01688	0.01095	0.05225	0.03776	0.05546	0.10403	0.15675	0.10689	0.08272	0.01539	0.08534	0.00315	0.03006	0.00932	0.00549	0.00799
69	0.02034	0.01656	0.01714	0.01446	0.01878	0.04586	0.01160	0.30694	0.36971	0.03305	0.02247	0.02343	0.01721	0.00906	0.00687	0.00219	0.00647	0.04063	0.00662	0.01061
70	0.00883	0.00789	0.00755	0.00750	0.00976	0.03672	0.00567	0.01065	0.01565	0.01857	0.09822	0.06195	0.63440	0.01645	0.00789	0.00226	0.00384	0.03423	0.00617	0.00580
71	0.00976	0.00651	0.00732	0.00732	0.00732	0.00651	0.00407	0.00976	0.00976	0.01301	0.02114	0.04391	0.02439	0.76419	0.03415	0.00651	0.00651	0.00976	0.00407	0.00407
72	0.01690	0.08026	0.09756	0.12358	0.36673	0.08499	0.07197	0.04163	0.01569	0.02081	0.01217	0.01573	0.00983	0.00622	0.00648	0.00199	0.00886	0.00568	0.00331	0.00962
73	0.00880	0.00736	0.00773	0.00762	0.00985	0.00659	0.00571	0.01199	0.06989	0.01985	0.13659	0.08743	0.56459	0.01617	0.00787	0.00227	0.00354	0.01362	0.00641	0.00612
74	0.00818	0.00584	0.00779	0.00934	0.00973	0.00545	0.00623	0.00934	0.01285	0.01713	0.03698	0.75981	0.04438	0.02102	0.00856	0.00273	0.00389	0.01908	0.00623	0.00545
75	0.01456	0.01374	0.02350	0.36954	0.34949	0.01509	0.04527	0.01881	0.01438	0.01980	0.01273	0.01762	0.01010	0.00638	0.00664	0.00210	0.00835	0.00606	0.03694	0.00890
76	0.01606	0.17172	0.38657	0.01909	0.07960	0.01784	0.06269	0.04328	0.07054	0.05151	0.01361	0.01524	0.01019	0.00653	0.00615	0.00200	0.00870	0.00528	0.00358	0.00983
77	0.01799	0.02053	0.01965	0.43467	0.03529	0.32469	0.01620	0.02128	0.01582	0.01683	0.01126	0.01541	0.00882	0.00680	0.00643	0.00202	0.01030	0.00526	0.00319	0.00759
78	0.02551	0.01879	0.02014	0.01544	0.02081	0.02081	0.01275	0.69996	0.03155	0.04229	0.01611	0.01611	0.01141	0.00805	0.00671	0.00201	0.00738	0.00604	0.00671	0.01141
79	0.01060	0.03818	0.20661	0.07228	0.04000	0.01010	0.01264	0.01411	0.01398	0.01857	0.03437	0.21922	0.21167	0.03936	0.00836	0.00248	0.00619	0.02942	0.00477	0.00712
80	0.01791	0.02037	0.21281	0.09065	0.25019	0.03635	0.01845	0.07930	0.01670	0.12029	0.01642	0.01842	0.03606	0.00724	0.00706	0.00209	0.02944	0.00605	0.00423	0.00997
81	0.01977	0.05648	0.10403	0.12058	0.15604	0.28258	0.01612	0.07198	0.01746	0.04754	0.01311	0.04018	0.01077	0.00721	0.00637	0.00195	0.00955	0.00562	0.00379	0.00888
82	0.26694	0.03815	0.06298	0.01212	0.04006	0.03596	0.00993	0.13706	0.01605	0.02702	0.01573	0.03745	0.01372	0.07149	0.00839	0.00242	0.02810	0.03920	0.12941	0.00783
83	0.01410	0.06154	0.64735	0.01845	0.02765	0.05218	0.02318	0.02125	0.01452	0.02096	0.03142	0.01493	0.01003	0.00658	0.00632	0.00208	0.00974	0.00507	0.00299	0.00966
84	0.01695	0.07140	0.09673	0.04329	0.05515	0.03732	0.02903	0.04670	0.15397	0.09793	0.03814	0.04371	0.01593	0.00799	0.00672	0.00191	0.02576	0.02604	0.00500	0.18033
85	0.04646	0.14989	0.16715	0.03953	0.02243	0.42861	0.01515	0.02404	0.01673	0.01777	0.01056	0.01245	0.00857	0.00659	0.00580	0.00179	0.01054	0.00436	0.00324	0.00832
86	0.01016	0.00729	0.00867	0.00821	0.01027	0.00659	0.00619	0.01323	0.04106	0.05871	0.39615	0.07423	0.30494	0.01473	0.00784	0.00219	0.00348	0.01267	0.00695	0.00646
87	0.01391	0.01193	0.01391	0.00994	0.01590	0.00894	0.00795	0.01690	0.01391	0.02186	0.01193	0.01391	0.00994	0.00497	0.00497	0.00099	0.00497	0.00398	0.00398	0.80521
88	0.04149	0.11847	0.06243	0.05345	0.10222	0.01765	0.01324	0.16639	0.21609	0.06866	0.01838	0.03823	0.01426	0.00785	0.00632	0.00202	0.00673	0.00633	0.00534	0.03445
89	0.01253	0.01026	0.01327	0.01202	0.01291	0.01269	0.00941	0.01550	0.07001	0.01840	0.05433	0.02710	0.05890	0.11246	0.09694	0.04393	0.28550	0.00752	0.11979	0.00652
90	0.00829	0.00610	0.00781	0.00913	0.00988	0.00562	0.00633	0.00966	0.01337	0.01745	0.04160	0.61368	0.14661	0.02026	0.00851	0.00268	0.00395	0.05731	0.00623	0.00553
91	0.01666	0.04940	0.20943	0.07849	0.04475	0.03965	0.05073	0.07590	0.12587	0.06865	0.03738	0.01991	0.01392	0.00835	0.00881	0.00225	0.11077	0.02532	0.00445	0.00932
92	0.11430	0.00925	0.01033	0.00930	0.01251	0.00875	0.00743	0.01873	0.05783	0.19713	0.08644	0.04513	0.31726	0.01294	0.00721	0.00225	0.00452	0.06444	0.00659	0.00768
93	0.01520	0.04050	0.17790	0.05622	0.02031	0.14722	0.03530	0.02062	0.09136	0.04488	0.12365	0.07990	0.07607	0.03222	0.00772	0.00224	0.00756	0.00823	0.00481	0.00809
94	0.00957	0.00684	0.00832	0.00839	0.01009	0.00611	0.00623	0.01177	0.01623	0.05019	0.28966	0.21262	0.27837	0.01643	0.00807	0.00234	0.00364	0.04228	0.00672	0.00611
95	0.02031	0.01720	0.04052	0.01719	0.07693	0.03777	0.03435	0.26568	0.33171	0.05430	0.02080	0.02025	0.01536	0.00820	0.00677	0.00213	0.00678	0.00673	0.00623	0.01077
96	0.01299	0.01069	0.01194	0.01154	0.01398	0.01173	0.00862	0.02417	0.39659	0.02424	0.10738	0.25852	0.05263	0.01356	0.00752	0.00240	0.00458	0.01186	0.00668	0.00839
97	0.06881	0.01328	0.02146	0.47969	0.12037	0.01534	0.07405	0.06489	0.01497	0.02093	0.01257	0.01738	0.00956	0.00663	0.00656	0.00216	0.00848	0.00598	0.02869	0.00819
98	0.03870	0.01416	0.05034	0.01093	0.01686	0.03761	0.00920	0.03936	0.03591	0.02270	0.01240	0.01418	0.01011	0.00537	0.00517	0.00118	0.00558	0.00420	0.00408	0.66197
99	0.01267	0.01193	0.02013	0.74806	0.04621	0.01491	0.01863	0.01714	0.01342	0.01714	0.01193	0.01789	0.00894	0.00671	0.00671	0.00224	0.00894	0.00596	0.00298	0.00745
100	0.00976	0.00651	0.00732	0.00732	0.00732	0.00651	0.00407	0.00976	0.00976	0.01301	0.02114	0.04391	0.02439	0.76419	0.03415	0.00651	0.00651	0.00976	0.00407	0.00407
101	0.00950	0.00686	0.00897	0.00844	0.01002	0.00633	0.00633	0.01266	0.01899	0.02691	0.71879	0.05012	0.06331	0.01372	0.00791	0.00211	0.00317	0.01213	0.00739	0.00633
102	0.02613	0.01779	0.01951	0.01496	0.02031	0.01932	0.01236	0.60898	0.02986	0.13564	0.01752	0.01703	0.01212	0.00809	0.00672	0.00202	0.00716	0.00614	0.00693	0.01141
103	0.01321	0.01248	0.02111	0.65044	0.13959	0.01505	0.01890	0.01762	0.01367	0.01780	0.01202	0.01771	0.00918	0.00661	0.00670	0.00220	0.00881	0.00597	0.00303	0.00789
104	0.00959	0.00719	0.01078	0.01078	0.01198	0.00839	0.00839	0.01198	0.01078	0.01558	0.01797	0.02636	0.01677	0.05032	0.73760	0.01078	0.01797	0.00719	0.00359	0.00599
105	0.02506	0.03198	0.01901	0.01729	0.02074	0.73725	0.01296	0.02679	0.01901	0.01642	0.01037	0.01210	0.00864	0.00691	0.00605	0.00173	0.01210	0.00432	0.00346	0.00778
106	0.02329	0.18109	0.02049	0.01280	0.01778	0.01694	0.01085	0.13020	0.19671	0.28823	0.02134	0.01972	0.01505	0.00790	0.00622	0.00198	0.00618	0.00616	0.00648	0.01059
107	0.00818	0.00584	0.00779	0.00934	0.00973	0.00545	0.00623	0.00934	0.01285	0.01713	0.03698	0.75981	0.04438	0.02102	0.00856	0.00273	0.00389	0.01908	0.00623	0.00545
108	0.00950	0.00686	0.00897	0.00844	0.01002	0.00633	0.00633	0.01266	0.01899	0.02691	0.71879	0.05012	0.06331	0.01372	0.00791	0.00211	0.00317	0.01213	0.00739	0.00633
109	0.01364	0.06379	0.70189	0.01882	0.02857	0.01602	0.02426	0.02120	0.01415	0.02103	0.01193	0.01403	0.00850	0.00635	0.00629	0.00210	0.00981	0.00490	0.00283	0.00986
110	0.00844	0.00604	0.00806	0.00945	0.01000	0.00566	0.00651	0.00989	0.01351	0.01812	0.09391	0.65991	0.04562	0.02026	0.00855	0.00270	0.00397	0.05751	0.00632	0.00557
111	0.01427	0.01141	0.01277	0.01200	0.01488	0.01255	0.00929	0.02646	0.42637	0.04696	0.12621	0.12019	0.05831	0.01221	0.00743	0.00237	0.00486	0.06579	0.00680	0.00888
112	0.04764	0.21337	0.29270	0.01823	0.02556	0.01900	0.16518	0.06097	0.05655	0.02189	0.01272	0.01479	0.00972	0.00631	0.00615	0.00198	0.00892	0.00542	0.00348	0.00942
113	0.24098	0.04219	0.01728	0.01379	0.01837	0.16703	0.01114	0.32038	0.05675	0.03209	0.01342	0.01413	0.01007	0.00730	0.00580	0.00197	0.00764	0.00503	0.00523	0.00940
114	0.02160	0.11506	0.07154	0.01628	0.04737	0.12617	0.01354	0.28960	0.11026	0.05093	0.01526	0.01598	0.01156	0.00778	0.00731	0.00200	0.05698	0.00561	0.00516	0.01002
115	0.11938	0.01160	0.01492	0.01158	0.01665	0.01045	0.00957	0.03122	0.01832	0.64737	0.02451	0.02147	0.01554	0.00807	0.00645	0.00208	0.00565	0.00639	0.00783	0.01094
116	0.01941	0.01577	0.01670	0.01421	0.01848	0.01796	0.01128	0.24065	0.50079	0.03246	0.02385	0.02228	0.01768	0.00878	0.00679	0.00219	0.00595	0.00711	0.00679	0.01086
117	0.00882	0.00611	0.00759	0.00851	0.00874	0.00588	0.00534	0.00951	0.01158	0.01544	0.03050	0.46703	0.03621	0.32496	0.01903	0.00427	0.00496	0.01526	0.00534	0.00488
118	0.08412	0.01606	0.02061	0.07329	0.18323	0.03852	0.03560	0.26181	0.02151	0.17468	0.01636	0.01728	0.01168	0.00728	0.00652	0.00204	0.00739	0.00599	0.00559	0.01044
119	0.02167	0.02628	0.01833	0.01650	0.01919	0.52710	0.01264	0.02399	0.03821	0.01760	0.06984	0.01613	0.01360	0.00841	0.00907	0.00199	0.14265	0.00535	0.00379	0.00766
120	0.00936	0.00701	0.00784	0.00752	0.00970	0.00605	0.00568	0.01155	0.01660	0.05103	0.26668	0.05834	0.48750	0.01561	0.00787	0.00221	0.00343	0.01322	0.00668	0.00611
121	0.01550	0.01524	0.02461	0.18989	0.41356	0.04295	0.05815	0.01936	0.01482	0.02042	0.04778	0.01833	0.01267	0.00703	0.00806	0.00214	0.07050	0.00633	0.00343	0.00925
122	0.19009	0.01137	0.01224	0.00946	0.01433	0.00989	0.00755	0.01686	0.01416	0.02448	0.12208	0.01892	0.01771	0.00662	0.00525	0.00141	0.00474	0.00518	0.00455	0.50315
123	0.00975	0.00653	0.00746	0.00746	0.00750	0.00658	0.00424	0.00985	0.00980	0.01311	0.02102	0.04321	0.02409	0.73588	0.06205	0.00667	0.00696	0.00966	0.00405	0.00414
124	0.02232	0.01696	0.01880	0.01611	0.06016	0.01872	0.01229	0.50304	0.13472	0.03678	0.01871	0.04999	0.01464	0.03571	0.00779	0.00224	0.00692	0.00696	0.00642	0.01073
125	0.02506	0.03198	0.01901	0.01729	0.02074	0.73725	0.01296	0.02679	0.01901	0.01642	0.01037	0.01210	0.00864	0.00691	0.00605	0.00173	0.01210	0.00432	0.00346	0.00778
126	0.01888	0.67186	0.03309	0.01219	0.01768	0.09987	0.01167	0.03916	0.01467	0.01657	0.00962	0.01105	0.00869	0.00592	0.00455	0.00148	0.00769	0.00373	0.00303	0.00860
127	0.01502	0.02787	0.46671	0.07054	0.11720	0.01615	0.09172	0.07571	0.01583	0.02279	0.01259	0.01528	0.00920	0.00641	0.00662	0.00212	0.00955	0.00554	0.00327	0.00988
128	0.04424	0.12255	0.05877	0.01598	0.02124	0.03856	0.10689	0.26019	0.18386	0.02970	0.01706	0.01766	0.01282	0.00747	0.00639	0.00201	0.00746	0.00615	0.03096	0.01004
129	0.01708	0.04230	0.02067	0.01735	0.01829	0.17921	0.01420	0.01863	0.01231	0.01620	0.00917	0.01399	0.00877	0.01049	0.01793	0.00262	0.56481	0.00546	0.00305	0.00748
130	0.01391	0.01193	0.01391	0.00994	0.01590	0.00894	0.00795	0.01690	0.01391	0.02186	0.01193	0.01391	0.00994	0.00497	0.00497	0.00099	0.00497	0.00398	0.00398	0.80521
131	0.00878	0.00630	0.00833	0.00893	0.00987	0.00585	0.00628	0.01086	0.01565	0.02159	0.34819	0.43588	0.05302	0.01769	0.00827	0.00244	0.00356	0.01591	0.00676	0.00585
132	0.00893	0.00667	0.00821	0.00815	0.00964	0.00604	0.00593	0.01131	0.01679	0.02275	0.43127	0.16298	0.21359	0.04640	0.00909	0.00242	0.00347	0.01359	0.00680	0.00594
133	0.00835	0.00605	0.00789	0.00905	0.00973	0.00559	0.00617	0.00984	0.01389	0.01860	0.13728	0.61175	0.09158	0.01970	0.00843	0.00261	0.00376	0.01775	0.00640	0.00559
134	0.01771	0.73119	0.07021	0.01187	0.01782	0.02600	0.01215	0.02015	0.01366	0.01606	0.00947	0.01094	0.00861	0.00577	0.00441	0.00147	0.00731	0.00366	0.00287	0.00868
135	0.12717	0.60259	0.08972	0.01175	0.01762	0.02405	0.01201	0.02014	0.01337	0.01822	0.00956	0.01107	0.00842	0.00586	0.00446	0.00158	0.00713	0.00371	0.00304	0.00853
136	0.15853	0.05270	0.09546	0.01473	0.01924	0.31160	0.01256	0.06500	0.11360	0.05063	0.01448	0.03728	0.01160	0.00755	0.00594	0.00196	0.00875	0.00534	0.00442	0.00864
137	0.06567	0.22573	0.24936	0.01516	0.02153	0.11754	0.04185	0.03951	0.03476	0.06144	0.03578	0.01650	0.03398	0.00704	0.00584	0.00189	0.00840	0.00526	0.00381	0.00897

[dist]
# distance from previous block
# <min> <max>
20	103

# created by:
# /home/berkeley/.conda/envs/busco_data_prod/bin/msa2prfl.pl pipeline/OGs_align_augustus/4893/8125.fs
