[name]
unknown

[dist]
# distance from previous block
# <min> <max>
0	53

[block]
# block no. 0 follows, 31 sequences, length 22
# corresponding to MSA columns:
# 53-74
name=unknown_A
#
# <colnr> <probs for GDERKNQSTAVLIFYWHMCP>
#	G	D	E	R	K	N	Q	S	T	A	V	L	I	F	Y	W	H	M	C	P
0	0.01874	0.32970	0.12926	0.01680	0.07917	0.15534	0.01464	0.05575	0.04295	0.01980	0.01277	0.01621	0.01100	0.00701	0.00571	0.00179	0.00855	0.03498	0.00362	0.03620
1	0.04435	0.28367	0.22867	0.01669	0.07576	0.07431	0.01587	0.04739	0.01539	0.04113	0.01315	0.05488	0.01132	0.00717	0.00576	0.00185	0.00818	0.00541	0.00360	0.04544
2	0.09903	0.07168	0.14283	0.04998	0.02358	0.01632	0.14275	0.11418	0.01680	0.04451	0.04219	0.07244	0.01459	0.00838	0.00789	0.00217	0.06602	0.00703	0.00438	0.05325
3	0.00936	0.00704	0.00904	0.00963	0.01103	0.00618	0.00666	0.01088	0.01329	0.01831	0.03322	0.62494	0.03908	0.01856	0.00809	0.00247	0.00416	0.01674	0.00595	0.14537
4	0.01419	0.01216	0.01419	0.01013	0.01621	0.00912	0.00811	0.01723	0.01419	0.02229	0.01216	0.01419	0.01013	0.00507	0.00507	0.00101	0.00507	0.00405	0.00405	0.80139
5	0.02460	0.01847	0.01974	0.01546	0.02068	0.02056	0.01266	0.59147	0.13706	0.04085	0.01821	0.01785	0.01308	0.00838	0.00686	0.00209	0.00720	0.00641	0.00686	0.01151
6	0.00977	0.00733	0.01100	0.01100	0.01222	0.00855	0.00855	0.01222	0.01100	0.01588	0.01833	0.02688	0.01710	0.05131	0.73245	0.01100	0.01833	0.00733	0.00367	0.00611
7	0.01548	0.29753	0.44588	0.01709	0.02553	0.01999	0.04944	0.02125	0.01432	0.01967	0.01135	0.01337	0.00878	0.00623	0.00581	0.00192	0.00916	0.00468	0.00293	0.00959
8	0.01553	0.32287	0.45244	0.01642	0.02485	0.02030	0.01992	0.02120	0.01423	0.01947	0.01119	0.01307	0.00871	0.00624	0.00567	0.00189	0.00901	0.00450	0.00290	0.00959
9	0.01609	0.00841	0.01120	0.00969	0.01243	0.00755	0.00755	0.01914	0.01943	0.23910	0.50402	0.04262	0.05003	0.01230	0.00771	0.00214	0.00402	0.01070	0.00782	0.00804
10	0.00856	0.00658	0.00787	0.00855	0.00993	0.00589	0.00617	0.01034	0.01505	0.01933	0.13758	0.35203	0.31341	0.01870	0.00843	0.00253	0.00380	0.05295	0.00650	0.00580
11	0.01841	0.01777	0.02362	0.25917	0.24730	0.11301	0.05127	0.14311	0.01852	0.02378	0.01303	0.01672	0.01013	0.00683	0.00679	0.00209	0.00907	0.00597	0.00393	0.00947
12	0.07798	0.02839	0.45694	0.01930	0.02767	0.01669	0.11661	0.09682	0.05138	0.02514	0.01353	0.01553	0.00976	0.00671	0.00661	0.00218	0.00941	0.00564	0.00372	0.00998
13	0.07908	0.24275	0.24063	0.01695	0.08097	0.01939	0.01618	0.07705	0.08496	0.02326	0.01319	0.01463	0.01033	0.00661	0.00572	0.00189	0.00780	0.00493	0.00384	0.04984
14	0.05671	0.05122	0.14505	0.07367	0.05370	0.01519	0.05535	0.11156	0.08462	0.21793	0.01942	0.02167	0.01421	0.00808	0.00678	0.00218	0.00753	0.03929	0.00563	0.01021
15	0.04353	0.01654	0.09647	0.10665	0.02606	0.04191	0.19956	0.04974	0.05384	0.02177	0.01705	0.07343	0.01511	0.04385	0.04506	0.00280	0.00901	0.03400	0.00415	0.09947
16	0.11130	0.01384	0.01916	0.13006	0.06316	0.03952	0.11759	0.05002	0.08031	0.02345	0.04492	0.10851	0.01723	0.00864	0.00668	0.00206	0.00711	0.00774	0.00459	0.14410
17	0.05018	0.04875	0.05126	0.09202	0.02241	0.04996	0.10942	0.07664	0.01652	0.04938	0.06896	0.04742	0.03688	0.01147	0.04807	0.00260	0.03678	0.06148	0.00465	0.11514
18	0.09309	0.01610	0.02355	0.07372	0.02507	0.06092	0.23139	0.11798	0.07095	0.06795	0.01655	0.04029	0.01327	0.04333	0.04434	0.00280	0.00908	0.00713	0.00471	0.03778
19	0.09015	0.01659	0.02017	0.04910	0.02177	0.08081	0.12047	0.21013	0.10034	0.05371	0.01596	0.01815	0.01223	0.01114	0.04934	0.06533	0.00854	0.00625	0.00506	0.04474
20	0.10286	0.06755	0.05491	0.07378	0.02213	0.04160	0.08040	0.10448	0.05181	0.07199	0.01413	0.01581	0.01075	0.00645	0.00593	0.00175	0.00713	0.00526	0.00456	0.25671
21	0.04885	0.01646	0.04757	0.03253	0.02227	0.07311	0.16380	0.07130	0.04416	0.10312	0.06877	0.01949	0.01534	0.00731	0.00733	0.00191	0.04130	0.00640	0.00486	0.20412

[dist]
# distance from previous block
# <min> <max>
15	100

[block]
# block no. 1 follows, 31 sequences, length 56
# corresponding to MSA columns:
# 179-234
name=unknown_B
#
# <colnr> <probs for GDERKNQSTAVLIFYWHMCP>
#	G	D	E	R	K	N	Q	S	T	A	V	L	I	F	Y	W	H	M	C	P
0	0.04834	0.01366	0.01898	0.12199	0.04390	0.01365	0.09279	0.10345	0.09514	0.08923	0.01730	0.04269	0.01391	0.05066	0.00813	0.00218	0.00700	0.00664	0.00498	0.20538
1	0.07130	0.01437	0.01709	0.03606	0.01902	0.03624	0.05232	0.11928	0.10669	0.08302	0.01671	0.03727	0.01339	0.03125	0.00788	0.00197	0.04486	0.00606	0.00513	0.28009
2	0.04882	0.01488	0.03703	0.04994	0.02080	0.03645	0.09073	0.09657	0.07594	0.08416	0.01774	0.03922	0.03466	0.00957	0.03505	0.00229	0.07288	0.00648	0.00486	0.22193
3	0.01961	0.01496	0.01905	0.05289	0.04257	0.03295	0.06968	0.21195	0.02045	0.11075	0.05065	0.01995	0.03617	0.00761	0.00695	0.00182	0.02764	0.00629	0.00544	0.24263
4	0.08141	0.01531	0.01827	0.14713	0.06636	0.05795	0.03414	0.17247	0.08658	0.06574	0.04042	0.01991	0.01414	0.04669	0.00838	0.00229	0.02672	0.00631	0.00505	0.08473
5	0.08546	0.01485	0.01755	0.05808	0.02021	0.06808	0.06711	0.11140	0.04510	0.14401	0.04678	0.02108	0.05324	0.00788	0.00680	0.00190	0.02617	0.00638	0.00539	0.19252
6	0.01908	0.01655	0.02087	0.04012	0.02176	0.09432	0.12018	0.10458	0.05072	0.10069	0.03651	0.01786	0.01299	0.00755	0.00848	0.00194	0.09899	0.00605	0.00481	0.21597
7	0.01821	0.09738	0.02222	0.04350	0.04568	0.05061	0.11801	0.13779	0.10049	0.06209	0.03462	0.02067	0.01465	0.06801	0.03136	0.00256	0.00794	0.00655	0.00490	0.11276
8	0.19234	0.01800	0.01695	0.05122	0.04166	0.17155	0.03210	0.13061	0.04373	0.12272	0.01595	0.05406	0.01263	0.00790	0.00616	0.00201	0.00766	0.00601	0.00517	0.06157
9	0.01950	0.01669	0.01834	0.05840	0.10147	0.09971	0.01210	0.17791	0.01945	0.06603	0.01389	0.01556	0.01074	0.00645	0.00602	0.00160	0.00715	0.00510	0.00476	0.33914
10	0.06367	0.01814	0.01941	0.13823	0.09873	0.15616	0.01394	0.14888	0.01883	0.10341	0.01401	0.01614	0.01060	0.00745	0.00763	0.00202	0.06671	0.00553	0.00466	0.08586
11	0.00836	0.00618	0.00781	0.00901	0.00981	0.00564	0.00615	0.00974	0.01385	0.01813	0.07585	0.59715	0.16664	0.02034	0.00858	0.00266	0.00384	0.01821	0.00641	0.00564
12	0.01419	0.01216	0.01419	0.01013	0.01621	0.00912	0.00811	0.01723	0.01419	0.02229	0.01216	0.01419	0.01013	0.00507	0.00507	0.00101	0.00507	0.00405	0.00405	0.80139
13	0.01179	0.00598	0.00884	0.00884	0.00884	0.00598	0.00585	0.00896	0.00896	0.01195	0.01235	0.02196	0.01251	0.05935	0.02713	0.76254	0.00598	0.00614	0.00303	0.00303
14	0.01542	0.01317	0.05636	0.07198	0.04230	0.01272	0.04652	0.02489	0.26510	0.09472	0.22480	0.03200	0.05017	0.01015	0.00732	0.00223	0.00574	0.00886	0.00641	0.00912
15	0.00977	0.00733	0.01100	0.01100	0.01222	0.00855	0.00855	0.01222	0.01100	0.01588	0.01833	0.02688	0.01710	0.05131	0.73245	0.01100	0.01833	0.00733	0.00367	0.00611
16	0.01419	0.01216	0.01419	0.01013	0.01621	0.00912	0.00811	0.01723	0.01419	0.02229	0.01216	0.01419	0.01013	0.00507	0.00507	0.00101	0.00507	0.00405	0.00405	0.80139
17	0.01846	0.01486	0.01928	0.22312	0.05184	0.04157	0.03586	0.16823	0.01866	0.08554	0.01430	0.01682	0.01071	0.00690	0.00686	0.00187	0.03022	0.00562	0.00466	0.22462
18	0.56818	0.01518	0.01241	0.10244	0.01819	0.10481	0.00943	0.02016	0.01278	0.02638	0.01061	0.01391	0.00871	0.04563	0.00639	0.00233	0.00673	0.00442	0.00399	0.00733
19	0.00986	0.00699	0.00925	0.00925	0.00987	0.00761	0.00638	0.01110	0.01048	0.01459	0.01992	0.03570	0.02093	0.40038	0.38862	0.00884	0.01256	0.00862	0.00390	0.00514
20	0.01063	0.00860	0.01251	0.03665	0.01392	0.01047	0.00953	0.01284	0.01107	0.01595	0.01829	0.02688	0.03519	0.08371	0.54012	0.00900	0.12731	0.00743	0.00364	0.00625
21	0.01275	0.00638	0.00638	0.00638	0.00797	0.00638	0.00478	0.01594	0.01435	0.02551	0.02232	0.02551	0.01754	0.00797	0.00478	0.00159	0.00319	0.00638	0.79755	0.00638
22	0.01643	0.01552	0.04682	0.07739	0.06763	0.01505	0.14526	0.13062	0.08077	0.02501	0.01564	0.03962	0.01271	0.00985	0.04929	0.00249	0.04436	0.00659	0.00449	0.19447
23	0.01693	0.01626	0.02777	0.04199	0.71689	0.01626	0.02100	0.02100	0.01558	0.02235	0.01287	0.01693	0.01084	0.00610	0.00677	0.00203	0.00813	0.00610	0.00339	0.01084
24	0.01275	0.00638	0.00638	0.00638	0.00797	0.00638	0.00478	0.01594	0.01435	0.02551	0.02232	0.02551	0.01754	0.00797	0.00478	0.00159	0.00319	0.00638	0.79755	0.00638
25	0.28882	0.04683	0.01581	0.07372	0.01934	0.24097	0.01078	0.02453	0.01594	0.15476	0.01384	0.01492	0.01022	0.00705	0.00559	0.00197	0.00794	0.00482	0.03377	0.00840
26	0.02556	0.03261	0.01939	0.01763	0.02115	0.73210	0.01322	0.02732	0.01939	0.01674	0.01058	0.01234	0.00881	0.00705	0.00617	0.00176	0.01234	0.00441	0.00353	0.00793
27	0.01765	0.01501	0.01583	0.01405	0.01803	0.01731	0.01098	0.08282	0.65703	0.02964	0.02704	0.02488	0.02023	0.00921	0.00695	0.00230	0.00556	0.00762	0.00695	0.01089
28	0.80789	0.01323	0.01006	0.00900	0.01323	0.01535	0.00741	0.02011	0.01164	0.03070	0.00953	0.01111	0.00741	0.00635	0.00423	0.00212	0.00529	0.00370	0.00423	0.00741
29	0.00970	0.00729	0.01067	0.01067	0.01190	0.00835	0.00823	0.01202	0.01118	0.01591	0.02089	0.02940	0.05087	0.07566	0.67206	0.01042	0.01718	0.00777	0.00381	0.00602
30	0.01693	0.01626	0.02777	0.04199	0.71689	0.01626	0.02100	0.02100	0.01558	0.02235	0.01287	0.01693	0.01084	0.00610	0.00677	0.00203	0.00813	0.00610	0.00339	0.01084
31	0.00883	0.00684	0.00831	0.02886	0.01097	0.00637	0.00648	0.01097	0.03384	0.01883	0.10007	0.39401	0.26606	0.04188	0.00920	0.00268	0.00406	0.02957	0.00630	0.00588
32	0.01649	0.01581	0.02698	0.11881	0.64351	0.01614	0.02078	0.02061	0.01537	0.02182	0.01279	0.01708	0.01065	0.00618	0.00678	0.00206	0.00824	0.00609	0.00335	0.01048
33	0.02464	0.02963	0.01938	0.01730	0.02083	0.59740	0.01318	0.08666	0.05297	0.01965	0.01184	0.01347	0.00965	0.00752	0.00711	0.00188	0.04974	0.00480	0.00396	0.00838
34	0.80789	0.01323	0.01006	0.00900	0.01323	0.01535	0.00741	0.02011	0.01164	0.03070	0.00953	0.01111	0.00741	0.00635	0.00423	0.00212	0.00529	0.00370	0.00423	0.00741
35	0.01457	0.01419	0.02303	0.33269	0.18366	0.01733	0.04503	0.01810	0.01318	0.01840	0.01138	0.01693	0.00950	0.00826	0.01180	0.00245	0.24190	0.00613	0.00312	0.00833
36	0.02263	0.01931	0.06352	0.01850	0.05685	0.01920	0.10266	0.48124	0.02682	0.03645	0.01534	0.01642	0.01114	0.00744	0.00684	0.00201	0.00804	0.00618	0.00579	0.07362
37	0.01275	0.00638	0.00638	0.00638	0.00797	0.00638	0.00478	0.01594	0.01435	0.02551	0.02232	0.02551	0.01754	0.00797	0.00478	0.00159	0.00319	0.00638	0.79755	0.00638
38	0.01588	0.01518	0.02586	0.22643	0.54070	0.01598	0.02047	0.02007	0.01508	0.02107	0.01268	0.01728	0.01039	0.00629	0.00679	0.00210	0.00839	0.00609	0.00330	0.00999
39	0.02106	0.01617	0.02064	0.17546	0.02689	0.01794	0.06133	0.35833	0.10409	0.07282	0.04336	0.01972	0.01436	0.00810	0.00699	0.00216	0.00765	0.00673	0.00591	0.01029
40	0.01275	0.00638	0.00638	0.00638	0.00797	0.00638	0.00478	0.01594	0.01435	0.02551	0.02232	0.02551	0.01754	0.00797	0.00478	0.00159	0.00319	0.00638	0.79755	0.00638
41	0.01188	0.00594	0.00891	0.00891	0.00891	0.00594	0.00594	0.00891	0.00891	0.01188	0.01188	0.02080	0.01188	0.02377	0.02674	0.80095	0.00594	0.00594	0.00297	0.00297
42	0.07606	0.01296	0.04506	0.56481	0.03959	0.01477	0.01703	0.04993	0.01440	0.01992	0.01418	0.07570	0.01195	0.00801	0.00677	0.00229	0.00837	0.00691	0.00357	0.00771
43	0.01432	0.01384	0.02409	0.48293	0.19838	0.01572	0.08960	0.01939	0.03789	0.01944	0.01303	0.01821	0.01005	0.00664	0.00696	0.00223	0.00902	0.00635	0.00330	0.00862
44	0.00995	0.00663	0.00746	0.00746	0.00746	0.00663	0.00415	0.00995	0.00995	0.01327	0.02156	0.04477	0.02487	0.75957	0.03482	0.00663	0.00663	0.00995	0.00415	0.00415
45	0.02662	0.01182	0.01578	0.01255	0.01705	0.01126	0.01029	0.08817	0.01909	0.53093	0.02408	0.02287	0.01617	0.01481	0.11287	0.00344	0.03728	0.00685	0.00741	0.01067
46	0.06072	0.04260	0.01696	0.09598	0.02034	0.01298	0.03156	0.01955	0.07163	0.04918	0.01579	0.01793	0.03896	0.00711	0.00750	0.00170	0.08535	0.00542	0.00428	0.39447
47	0.01926	0.01839	0.02158	0.06979	0.02382	0.15036	0.14029	0.13936	0.10002	0.04851	0.05667	0.01914	0.01482	0.00738	0.00674	0.00193	0.00834	0.00641	0.00494	0.14226
48	0.02280	0.02575	0.01951	0.07435	0.02290	0.49083	0.05199	0.02525	0.01837	0.07357	0.03504	0.01790	0.01258	0.00766	0.00652	0.00189	0.01065	0.03178	0.00413	0.04653
49	0.02095	0.02150	0.01729	0.01455	0.01865	0.33056	0.03016	0.09973	0.03696	0.05858	0.06914	0.01919	0.01551	0.05079	0.00794	0.00201	0.00874	0.00580	0.00471	0.16723
50	0.01603	0.01455	0.05633	0.05099	0.01857	0.08998	0.06409	0.06683	0.03985	0.09665	0.22405	0.05392	0.10036	0.01055	0.00726	0.00207	0.00641	0.00906	0.00589	0.06655
51	0.09675	0.01800	0.04494	0.01400	0.01859	0.16033	0.04952	0.11930	0.05781	0.09820	0.07261	0.02344	0.05674	0.00856	0.00653	0.00196	0.00740	0.02717	0.00538	0.11277
52	0.01895	0.01710	0.09357	0.01417	0.01885	0.07049	0.01260	0.17863	0.05487	0.10251	0.04581	0.02848	0.01859	0.01094	0.02821	0.00239	0.03700	0.11729	0.00562	0.12393
53	0.01696	0.01183	0.01433	0.05391	0.01721	0.05333	0.03193	0.04399	0.07338	0.16468	0.24609	0.03489	0.05261	0.01060	0.00726	0.00208	0.00565	0.05254	0.00650	0.10025
54	0.04210	0.01354	0.02011	0.06174	0.02201	0.03615	0.17173	0.01778	0.01478	0.02147	0.04403	0.04839	0.04254	0.00896	0.02970	0.00206	0.02612	0.02768	0.00418	0.34492
55	0.09325	0.01252	0.01341	0.01157	0.01510	0.03371	0.00906	0.12322	0.16236	0.04962	0.19626	0.06955	0.02873	0.01233	0.04450	0.00252	0.00593	0.00838	0.00622	0.10175

[dist]
# distance from previous block
# <min> <max>
13	47

[block]
# block no. 2 follows, 31 sequences, length 49
# corresponding to MSA columns:
# 296-344
name=unknown_C
#
# <colnr> <probs for GDERKNQSTAVLIFYWHMCP>
#	G	D	E	R	K	N	Q	S	T	A	V	L	I	F	Y	W	H	M	C	P
0	0.04150	0.01315	0.01571	0.01274	0.01690	0.06394	0.04609	0.09785	0.01803	0.23942	0.05216	0.05364	0.03534	0.01082	0.00902	0.09006	0.00646	0.04106	0.00597	0.13013
1	0.07392	0.01430	0.01855	0.03428	0.02027	0.05104	0.12097	0.09879	0.10442	0.04344	0.02085	0.07921	0.01896	0.00988	0.00708	0.00217	0.00710	0.11829	0.00526	0.15122
2	0.20897	0.01730	0.02006	0.01608	0.02086	0.10770	0.13863	0.16281	0.03865	0.11178	0.01692	0.02157	0.01343	0.00819	0.00661	0.00219	0.00799	0.06575	0.00531	0.00920
3	0.21265	0.01647	0.01709	0.01355	0.01855	0.12622	0.08158	0.04487	0.04678	0.09870	0.03134	0.01606	0.01189	0.00664	0.00577	0.00178	0.00708	0.00519	0.00473	0.23305
4	0.03843	0.01603	0.08523	0.24060	0.05144	0.04823	0.06331	0.07037	0.01638	0.10138	0.01583	0.04400	0.01262	0.00759	0.00666	0.00204	0.00798	0.02820	0.00441	0.13928
5	0.05159	0.01282	0.01475	0.01079	0.01666	0.01060	0.00870	0.08197	0.01623	0.08602	0.01375	0.01506	0.01075	0.00572	0.00536	0.00126	0.00537	0.00448	0.00471	0.62343
6	0.01099	0.00749	0.00982	0.01017	0.01128	0.00749	0.00735	0.01256	0.01421	0.08011	0.09033	0.48490	0.12057	0.01834	0.00972	0.00264	0.07340	0.01594	0.00632	0.00637
7	0.00999	0.00726	0.00960	0.00984	0.01145	0.00719	0.00786	0.01281	0.01580	0.02172	0.25774	0.05349	0.13586	0.02359	0.16628	0.00434	0.00737	0.18558	0.04599	0.00624
8	0.00947	0.00680	0.00887	0.00871	0.01005	0.00631	0.00634	0.01221	0.01790	0.02514	0.56976	0.16873	0.05958	0.04797	0.00935	0.00245	0.00350	0.01345	0.00718	0.00620
9	0.01496	0.01472	0.02628	0.31532	0.05484	0.01511	0.24444	0.05022	0.01551	0.02117	0.01294	0.01746	0.00989	0.00620	0.00693	0.00204	0.00910	0.00639	0.00355	0.15292
10	0.01419	0.01216	0.01419	0.01013	0.01621	0.00912	0.00811	0.01723	0.01419	0.02229	0.01216	0.01419	0.01013	0.00507	0.00507	0.00101	0.00507	0.00405	0.00405	0.80139
11	0.80789	0.01323	0.01006	0.00900	0.01323	0.01535	0.00741	0.02011	0.01164	0.03070	0.00953	0.01111	0.00741	0.00635	0.00423	0.00212	0.00529	0.00370	0.00423	0.00741
12	0.01786	0.69568	0.10012	0.01243	0.01868	0.02603	0.01297	0.02060	0.01395	0.01662	0.00977	0.01130	0.00877	0.00591	0.00459	0.00153	0.00758	0.00379	0.00292	0.00890
13	0.01529	0.01281	0.01478	0.01066	0.01668	0.01025	0.00856	0.08043	0.01587	0.02424	0.01256	0.01440	0.01027	0.00536	0.00523	0.00111	0.00530	0.00425	0.00431	0.72765
14	0.01478	0.01270	0.02197	0.61223	0.04345	0.01494	0.08106	0.01929	0.01443	0.07973	0.01362	0.01870	0.00992	0.00688	0.00696	0.00227	0.00906	0.00634	0.00356	0.00811
15	0.00990	0.00750	0.00879	0.00927	0.01076	0.00709	0.00660	0.07354	0.01568	0.02019	0.04591	0.46391	0.25775	0.01888	0.00835	0.00256	0.00414	0.01659	0.00640	0.00619
16	0.73488	0.01378	0.01103	0.00963	0.01398	0.01590	0.00793	0.08304	0.01356	0.03185	0.01017	0.01161	0.00780	0.00652	0.00448	0.00211	0.00550	0.00393	0.00448	0.00780
17	0.80789	0.01323	0.01006	0.00900	0.01323	0.01535	0.00741	0.02011	0.01164	0.03070	0.00953	0.01111	0.00741	0.00635	0.00423	0.00212	0.00529	0.00370	0.00423	0.00741
18	0.00970	0.00707	0.00937	0.00911	0.01053	0.00697	0.00683	0.01237	0.01627	0.02279	0.43283	0.04684	0.08230	0.09139	0.17426	0.00461	0.00709	0.03731	0.00624	0.00612
19	0.01017	0.00823	0.01154	0.07873	0.01546	0.00787	0.03857	0.01302	0.03261	0.02041	0.15725	0.34129	0.11167	0.01573	0.00800	0.00240	0.00483	0.04014	0.00594	0.07615
20	0.01275	0.00638	0.00638	0.00638	0.00797	0.00638	0.00478	0.01594	0.01435	0.02551	0.02232	0.02551	0.01754	0.00797	0.00478	0.00159	0.00319	0.00638	0.79755	0.00638
21	0.66522	0.01301	0.01088	0.00929	0.01383	0.01426	0.00762	0.02031	0.01234	0.06048	0.01067	0.01208	0.00821	0.00627	0.00447	0.00197	0.00529	0.00389	0.00440	0.11552
22	0.01558	0.03162	0.51421	0.02077	0.05150	0.09640	0.09503	0.02301	0.04842	0.02150	0.01302	0.01526	0.00953	0.00660	0.00666	0.00214	0.01022	0.00547	0.00323	0.00983
23	0.01275	0.00638	0.00638	0.00638	0.00797	0.00638	0.00478	0.01594	0.01435	0.02551	0.02232	0.02551	0.01754	0.00797	0.00478	0.00159	0.00319	0.00638	0.79755	0.00638
24	0.08911	0.01522	0.02004	0.52073	0.09947	0.10648	0.01736	0.01929	0.01438	0.01905	0.01177	0.01671	0.00907	0.00676	0.00651	0.00218	0.00908	0.00565	0.00324	0.00791
25	0.80789	0.01323	0.01006	0.00900	0.01323	0.01535	0.00741	0.02011	0.01164	0.03070	0.00953	0.01111	0.00741	0.00635	0.00423	0.00212	0.00529	0.00370	0.00423	0.00741
26	0.01980	0.01627	0.01946	0.08263	0.12198	0.01822	0.01377	0.26345	0.30880	0.03183	0.02031	0.02046	0.01516	0.00823	0.00688	0.00218	0.00687	0.00680	0.00606	0.01083
27	0.80789	0.01323	0.01006	0.00900	0.01323	0.01535	0.00741	0.02011	0.01164	0.03070	0.00953	0.01111	0.00741	0.00635	0.00423	0.00212	0.00529	0.00370	0.00423	0.00741
28	0.01351	0.01339	0.02465	0.55455	0.04326	0.01536	0.17290	0.01823	0.01423	0.01850	0.01341	0.04318	0.01063	0.00709	0.00719	0.00230	0.00950	0.00699	0.00325	0.00790
29	0.01019	0.00808	0.00929	0.00879	0.01097	0.00774	0.00665	0.01521	0.11627	0.02453	0.39403	0.05250	0.28123	0.01446	0.00792	0.00223	0.00362	0.01242	0.00705	0.00685
30	0.01469	0.01312	0.02029	0.62144	0.04263	0.01601	0.01790	0.10027	0.04776	0.02110	0.01340	0.01836	0.00997	0.00712	0.00685	0.00225	0.00876	0.00617	0.00368	0.00824
31	0.00995	0.00663	0.00746	0.00746	0.00746	0.00663	0.00415	0.00995	0.00995	0.01327	0.02156	0.04477	0.02487	0.75957	0.03482	0.00663	0.00663	0.00995	0.00415	0.00415
32	0.00870	0.00611	0.00783	0.00905	0.00936	0.00580	0.00585	0.00962	0.01238	0.01651	0.03402	0.59286	0.04059	0.19002	0.01469	0.00366	0.00458	0.01728	0.00585	0.00523
33	0.00856	0.00605	0.00787	0.00924	0.00958	0.00571	0.00604	0.00959	0.01266	0.01688	0.03545	0.65603	0.04241	0.12438	0.01237	0.00332	0.00434	0.01812	0.00604	0.00536
34	0.01829	0.76368	0.03585	0.01171	0.01756	0.02707	0.01171	0.02049	0.01390	0.01610	0.00951	0.01097	0.00878	0.00585	0.00439	0.00146	0.00732	0.00366	0.00293	0.00878
35	0.01592	0.10073	0.34072	0.02798	0.31519	0.01735	0.02172	0.04300	0.01544	0.02208	0.01238	0.01520	0.00968	0.00632	0.00641	0.00204	0.00892	0.00538	0.00323	0.01033
36	0.01758	0.38884	0.24539	0.01489	0.02150	0.13127	0.01589	0.02154	0.01518	0.01847	0.04439	0.01419	0.01143	0.00663	0.00550	0.00176	0.00876	0.00463	0.00323	0.00895
37	0.00913	0.00744	0.00846	0.00835	0.01063	0.00636	0.00619	0.01098	0.01458	0.01868	0.05047	0.22949	0.40197	0.01825	0.04029	0.00266	0.00455	0.03171	0.00592	0.11390
38	0.01275	0.00638	0.00638	0.00638	0.00797	0.00638	0.00478	0.01594	0.01435	0.02551	0.02232	0.02551	0.01754	0.00797	0.00478	0.00159	0.00319	0.00638	0.79755	0.00638
39	0.04226	0.01294	0.01501	0.03231	0.01734	0.01232	0.00957	0.04776	0.15052	0.02432	0.04881	0.01835	0.01471	0.00708	0.00702	0.00159	0.06246	0.00546	0.00480	0.46539
40	0.00980	0.04324	0.01021	0.00984	0.01109	0.00754	0.00724	0.01257	0.04544	0.02088	0.22062	0.43513	0.04719	0.01789	0.00833	0.00256	0.00420	0.07345	0.00653	0.00625
41	0.01275	0.00638	0.00638	0.00638	0.00797	0.00638	0.00478	0.01594	0.01435	0.02551	0.02232	0.02551	0.01754	0.00797	0.00478	0.00159	0.00319	0.00638	0.79755	0.00638
42	0.08786	0.01804	0.01954	0.17600	0.02462	0.17402	0.01479	0.01938	0.01322	0.01802	0.01007	0.01477	0.00883	0.00927	0.01385	0.00249	0.35892	0.00546	0.00323	0.00760
43	0.80789	0.01323	0.01006	0.00900	0.01323	0.01535	0.00741	0.02011	0.01164	0.03070	0.00953	0.01111	0.00741	0.00635	0.00423	0.00212	0.00529	0.00370	0.00423	0.00741
44	0.00972	0.00739	0.00901	0.00883	0.01055	0.00697	0.00653	0.01354	0.06845	0.02429	0.43619	0.16257	0.17947	0.01543	0.00809	0.00229	0.00355	0.01353	0.00708	0.00651
45	0.80789	0.01323	0.01006	0.00900	0.01323	0.01535	0.00741	0.02011	0.01164	0.03070	0.00953	0.01111	0.00741	0.00635	0.00423	0.00212	0.00529	0.00370	0.00423	0.00741
46	0.01292	0.01216	0.02052	0.74312	0.04712	0.01520	0.01900	0.01748	0.01368	0.01748	0.01216	0.01824	0.00912	0.00684	0.00684	0.00228	0.00912	0.00608	0.00304	0.00760
47	0.00854	0.00690	0.00760	0.00752	0.00955	0.00596	0.00560	0.01067	0.01653	0.02094	0.24788	0.09349	0.50169	0.01658	0.00811	0.00229	0.00342	0.01409	0.00668	0.00596
48	0.00924	0.00685	0.00804	0.00806	0.00926	0.00647	0.00559	0.01075	0.01392	0.01822	0.16799	0.08823	0.25170	0.26477	0.08059	0.00451	0.00587	0.02895	0.00561	0.00540

[dist]
# distance from previous block
# <min> <max>
0	11

# created by:
# /home/berkeley/.conda/envs/busco_data_prod/bin/msa2prfl.pl pipeline/OGs_align_augustus/4893/8135.fs
