[name]
unknown

[dist]
# distance from previous block
# <min> <max>
58	238

[block]
# block no. 0 follows, 31 sequences, length 12
# corresponding to MSA columns:
# 333-344
name=unknown_A
#
# <colnr> <probs for GDERKNQSTAVLIFYWHMCP>
#	G	D	E	R	K	N	Q	S	T	A	V	L	I	F	Y	W	H	M	C	P
0	0.20791	0.01739	0.01741	0.01445	0.01880	0.11670	0.06473	0.19974	0.11287	0.06982	0.01779	0.08141	0.01466	0.00874	0.00641	0.00215	0.00729	0.00691	0.00556	0.00928
1	0.09152	0.01385	0.01503	0.01284	0.01707	0.04116	0.01017	0.05901	0.31198	0.26693	0.02541	0.06682	0.01897	0.00935	0.00677	0.00223	0.00581	0.00760	0.00707	0.01041
2	0.29077	0.01785	0.01535	0.01320	0.01751	0.12239	0.01051	0.17975	0.21338	0.03090	0.01644	0.01658	0.01239	0.00771	0.00589	0.00211	0.00687	0.00551	0.00550	0.00942
3	0.64458	0.01374	0.01141	0.01010	0.01433	0.01588	0.00822	0.05333	0.12456	0.03092	0.01280	0.01368	0.00978	0.00691	0.00479	0.00215	0.00541	0.00447	0.00479	0.00815
4	0.73906	0.01375	0.01098	0.00959	0.01393	0.01586	0.00790	0.07944	0.01345	0.03179	0.01013	0.01158	0.00778	0.00651	0.00446	0.00211	0.00549	0.00392	0.00446	0.00778
5	0.00931	0.00680	0.00884	0.00992	0.01046	0.00676	0.00676	0.03358	0.01345	0.01803	0.03478	0.65334	0.04133	0.07039	0.01095	0.00302	0.03261	0.01783	0.00609	0.00575
6	0.00977	0.00656	0.00751	0.00769	0.00773	0.00652	0.00439	0.00990	0.01029	0.01372	0.02331	0.12208	0.02709	0.67923	0.03198	0.00621	0.00634	0.01098	0.00439	0.00430
7	0.64487	0.09598	0.01364	0.00974	0.01427	0.01656	0.00826	0.04715	0.01316	0.07019	0.01082	0.01202	0.00828	0.00649	0.00451	0.00204	0.00563	0.00398	0.00444	0.00797
8	0.06938	0.01724	0.01778	0.01397	0.01913	0.09653	0.01137	0.30439	0.02402	0.28258	0.01894	0.01801	0.01291	0.00789	0.00653	0.00199	0.00719	0.00596	0.00675	0.05741
9	0.01887	0.01852	0.02604	0.03645	0.56389	0.10349	0.01926	0.08822	0.01768	0.02372	0.01294	0.01633	0.01067	0.00642	0.00671	0.00200	0.00858	0.00590	0.00374	0.01056
10	0.05430	0.01354	0.01630	0.01306	0.05177	0.03467	0.04611	0.01894	0.04310	0.02277	0.01275	0.01481	0.01045	0.00546	0.00539	0.00127	0.00584	0.00452	0.00410	0.62085
11	0.02396	0.01379	0.01646	0.01308	0.01783	0.04799	0.03600	0.12536	0.09823	0.35694	0.05650	0.02630	0.07903	0.00920	0.00696	0.00208	0.00621	0.00756	0.00718	0.04933

[dist]
# distance from previous block
# <min> <max>
11	72

[block]
# block no. 1 follows, 31 sequences, length 12
# corresponding to MSA columns:
# 433-444
name=unknown_B
#
# <colnr> <probs for GDERKNQSTAVLIFYWHMCP>
#	G	D	E	R	K	N	Q	S	T	A	V	L	I	F	Y	W	H	M	C	P
0	0.13127	0.01401	0.01476	0.01301	0.01692	0.01560	0.01040	0.15484	0.33118	0.04852	0.02392	0.06947	0.01996	0.01014	0.00683	0.00230	0.00580	0.07063	0.00640	0.03404
1	0.36678	0.01728	0.01519	0.01274	0.01728	0.08588	0.01030	0.25112	0.10848	0.03330	0.01432	0.01488	0.01071	0.00743	0.00565	0.00209	0.00674	0.00512	0.00540	0.00933
2	0.61447	0.01391	0.01275	0.01295	0.08112	0.01584	0.00930	0.04766	0.09012	0.03014	0.01215	0.01348	0.00940	0.00672	0.00488	0.00213	0.00566	0.00448	0.00456	0.00828
3	0.71650	0.01359	0.01127	0.04395	0.01537	0.01575	0.00834	0.06658	0.01316	0.03093	0.01013	0.01182	0.00778	0.00650	0.00454	0.00212	0.00563	0.00399	0.00436	0.00771
4	0.00830	0.00610	0.00778	0.00912	0.00982	0.00559	0.00617	0.00957	0.01348	0.01762	0.04259	0.64856	0.14864	0.02080	0.00863	0.00271	0.00389	0.01867	0.00635	0.00559
5	0.00995	0.00663	0.00746	0.00746	0.00746	0.00663	0.00415	0.00995	0.00995	0.01327	0.02156	0.04477	0.02487	0.75957	0.03482	0.00663	0.00663	0.00995	0.00415	0.00415
6	0.72064	0.01389	0.01122	0.00975	0.01412	0.01600	0.00803	0.09532	0.01393	0.03208	0.01030	0.01171	0.00788	0.00656	0.00453	0.00211	0.00554	0.00398	0.00453	0.00788
7	0.02594	0.02061	0.01865	0.01517	0.01998	0.21010	0.01211	0.30210	0.07187	0.18431	0.01784	0.01740	0.01264	0.00793	0.00662	0.00198	0.00823	0.00589	0.00623	0.03439
8	0.01840	0.01650	0.02532	0.06556	0.51516	0.01716	0.01878	0.14345	0.06504	0.02632	0.01449	0.01748	0.01159	0.00673	0.00680	0.00207	0.00788	0.00622	0.00424	0.01084
9	0.06978	0.01280	0.01457	0.01082	0.01647	0.01091	0.00872	0.09356	0.01616	0.05983	0.01344	0.01519	0.01073	0.00751	0.03423	0.00166	0.00592	0.00454	0.00458	0.58858
10	0.02257	0.01400	0.01582	0.01307	0.01721	0.09158	0.03916	0.07206	0.09974	0.32562	0.09302	0.07449	0.07041	0.01025	0.00718	0.00216	0.00633	0.00856	0.00704	0.00974
11	0.46172	0.01408	0.01395	0.01180	0.01615	0.01579	0.04289	0.08563	0.16156	0.07142	0.01562	0.01664	0.01183	0.02713	0.00621	0.00228	0.00590	0.00536	0.00526	0.00878

[dist]
# distance from previous block
# <min> <max>
16	74

[block]
# block no. 2 follows, 31 sequences, length 165
# corresponding to MSA columns:
# 534-698
name=unknown_C
#
# <colnr> <probs for GDERKNQSTAVLIFYWHMCP>
#	G	D	E	R	K	N	Q	S	T	A	V	L	I	F	Y	W	H	M	C	P
0	0.01569	0.04360	0.03323	0.02350	0.02975	0.01602	0.48350	0.02126	0.04518	0.02209	0.03668	0.01875	0.01246	0.00624	0.00778	0.00207	0.02979	0.00731	0.00381	0.14128
1	0.01642	0.01503	0.02745	0.02053	0.02598	0.01413	0.36017	0.07462	0.03339	0.06630	0.06649	0.04542	0.01870	0.00843	0.00766	0.00220	0.00861	0.07529	0.00484	0.10835
2	0.01639	0.01845	0.03290	0.02444	0.03021	0.09641	0.49761	0.02170	0.04106	0.02121	0.01752	0.05821	0.03442	0.00758	0.00782	0.00227	0.01046	0.02959	0.00393	0.02783
3	0.02222	0.01812	0.07484	0.01455	0.01996	0.01756	0.01261	0.47724	0.02651	0.05638	0.01755	0.06320	0.01377	0.00858	0.00666	0.00198	0.00701	0.00672	0.04113	0.09339
4	0.02654	0.01199	0.01528	0.01205	0.01685	0.01110	0.00984	0.09945	0.06023	0.51946	0.06379	0.02752	0.07501	0.00948	0.00704	0.00214	0.00566	0.00774	0.00799	0.01086
5	0.00834	0.00624	0.00765	0.00876	0.00963	0.00566	0.00595	0.00962	0.01361	0.01754	0.04520	0.54377	0.21831	0.05366	0.00974	0.00283	0.00396	0.01772	0.00625	0.00555
6	0.01844	0.02241	0.05537	0.02207	0.02712	0.26171	0.33710	0.02240	0.01660	0.01935	0.01396	0.01954	0.01167	0.03278	0.06450	0.00295	0.01197	0.02814	0.00359	0.00833
7	0.02098	0.01728	0.01902	0.01558	0.01964	0.13542	0.08745	0.21877	0.07394	0.11128	0.01942	0.04959	0.01617	0.07561	0.05985	0.00314	0.00891	0.03307	0.00562	0.00923
8	0.00832	0.00673	0.00739	0.00767	0.00949	0.00580	0.00558	0.01010	0.01548	0.01925	0.13371	0.21048	0.50045	0.01783	0.00822	0.00239	0.00355	0.01527	0.00648	0.00580
9	0.04455	0.02091	0.01969	0.01574	0.02052	0.15217	0.01271	0.49996	0.02778	0.05388	0.01530	0.01625	0.01133	0.02356	0.00776	0.00213	0.03332	0.00587	0.00602	0.01055
10	0.01615	0.01845	0.04037	0.02884	0.03576	0.01730	0.69204	0.02191	0.01615	0.02191	0.01384	0.01845	0.01038	0.00577	0.00807	0.00231	0.01153	0.00807	0.00346	0.00923
11	0.00867	0.00632	0.00820	0.00962	0.01021	0.00601	0.00649	0.01058	0.04012	0.01793	0.03823	0.70680	0.06358	0.02084	0.00864	0.00275	0.00401	0.01885	0.00637	0.00577
12	0.03939	0.01282	0.01483	0.01105	0.01673	0.03775	0.00891	0.02282	0.01605	0.24509	0.01676	0.01694	0.01218	0.00626	0.00567	0.00142	0.00560	0.00496	0.00544	0.49934
13	0.00840	0.00694	0.00737	0.00726	0.00943	0.00591	0.00544	0.01043	0.01633	0.02024	0.19569	0.06295	0.58663	0.01667	0.00808	0.00228	0.00342	0.01403	0.00658	0.00591
14	0.01844	0.01768	0.01612	0.01454	0.01835	0.13618	0.01123	0.03485	0.59036	0.02664	0.02497	0.02333	0.01887	0.00891	0.00683	0.00223	0.00657	0.00718	0.00639	0.01035
15	0.01514	0.01277	0.01469	0.01072	0.01664	0.01036	0.00859	0.06450	0.05193	0.02405	0.01328	0.01494	0.01080	0.00550	0.00529	0.00115	0.00525	0.00439	0.00440	0.70559
16	0.01085	0.00778	0.01081	0.01234	0.01389	0.00773	0.01070	0.01389	0.01564	0.02031	0.03708	0.10311	0.05584	0.01896	0.00939	0.00312	0.00614	0.62986	0.00630	0.00626
17	0.01702	0.01470	0.01547	0.01392	0.01779	0.01702	0.01083	0.03635	0.70453	0.02862	0.02785	0.02553	0.02088	0.00928	0.00696	0.00232	0.00541	0.00773	0.00696	0.01083
18	0.01424	0.01351	0.02291	0.51192	0.26798	0.01555	0.01966	0.01864	0.01431	0.01909	0.01239	0.01781	0.00969	0.00659	0.00682	0.00220	0.00879	0.00609	0.00315	0.00867
19	0.00825	0.00694	0.00715	0.00710	0.00934	0.00584	0.00532	0.01013	0.01597	0.01939	0.13429	0.06435	0.64857	0.01699	0.00808	0.00229	0.00344	0.01423	0.00647	0.00584
20	0.02467	0.01490	0.01709	0.01336	0.01822	0.01538	0.01094	0.38253	0.02594	0.24687	0.07644	0.02537	0.07764	0.00951	0.00705	0.00210	0.00634	0.00756	0.00735	0.01074
21	0.01650	0.47775	0.30606	0.01477	0.02229	0.02268	0.01703	0.02095	0.01411	0.01828	0.01060	0.01234	0.00874	0.00611	0.00522	0.00174	0.00841	0.00421	0.00291	0.00930
22	0.00834	0.00595	0.00794	0.00953	0.00992	0.00556	0.00635	0.00953	0.01310	0.01746	0.03771	0.75510	0.04525	0.02143	0.00873	0.00278	0.00397	0.01945	0.00635	0.00556
23	0.01419	0.01216	0.01419	0.01013	0.01621	0.00912	0.00811	0.01723	0.01419	0.02229	0.01216	0.01419	0.01013	0.00507	0.00507	0.00101	0.00507	0.00405	0.00405	0.80139
24	0.01316	0.01120	0.01298	0.00964	0.01499	0.00855	0.00765	0.01605	0.01467	0.02212	0.06094	0.02281	0.10094	0.00712	0.00562	0.00124	0.00476	0.00584	0.00455	0.65517
25	0.01643	0.01764	0.03652	0.02646	0.03250	0.01724	0.57045	0.02151	0.01554	0.04411	0.01365	0.01808	0.01042	0.00656	0.00962	0.00234	0.09672	0.00767	0.00359	0.03294
26	0.00837	0.00646	0.00765	0.00837	0.00967	0.00574	0.00589	0.00999	0.01476	0.01890	0.11949	0.40023	0.32201	0.01899	0.00840	0.00252	0.00369	0.01667	0.00647	0.00574
27	0.01415	0.01310	0.02155	0.60669	0.14127	0.01565	0.01898	0.05195	0.01488	0.01946	0.01248	0.01796	0.00949	0.00680	0.00683	0.00223	0.00890	0.00609	0.00328	0.00826
28	0.01700	0.01850	0.03553	0.02602	0.03218	0.07368	0.56256	0.02206	0.01641	0.04833	0.01574	0.04874	0.01280	0.00701	0.00794	0.00230	0.01091	0.02945	0.00386	0.00898
29	0.01372	0.03539	0.72412	0.01950	0.02961	0.01589	0.02528	0.02167	0.01444	0.02167	0.01228	0.01444	0.00867	0.00650	0.00650	0.00217	0.01011	0.00506	0.00289	0.01011
30	0.00815	0.00693	0.00702	0.00700	0.00928	0.00580	0.00525	0.00994	0.01574	0.01883	0.09420	0.06527	0.68900	0.01720	0.00809	0.00230	0.00346	0.01436	0.00640	0.00580
31	0.01420	0.03222	0.60622	0.01988	0.02921	0.01611	0.08357	0.02287	0.07003	0.02225	0.01367	0.01569	0.00980	0.00666	0.00668	0.00219	0.00986	0.00554	0.00327	0.01009
32	0.01736	0.02015	0.03728	0.02790	0.05844	0.10693	0.58273	0.02256	0.01653	0.02128	0.01340	0.01763	0.01020	0.00594	0.00779	0.00223	0.01151	0.00754	0.00347	0.00912
33	0.00832	0.00603	0.00786	0.00932	0.00987	0.00557	0.00626	0.00955	0.01330	0.01755	0.04025	0.69973	0.09898	0.02110	0.00868	0.00274	0.00393	0.01905	0.00635	0.00557
34	0.01829	0.76368	0.03585	0.01171	0.01756	0.02707	0.01171	0.02049	0.01390	0.01610	0.00951	0.01097	0.00878	0.00585	0.00439	0.00146	0.00732	0.00366	0.00293	0.00878
35	0.01716	0.01998	0.03811	0.02763	0.03418	0.09418	0.61903	0.02250	0.01650	0.02136	0.01349	0.01780	0.01021	0.00590	0.00787	0.00225	0.01162	0.00768	0.00347	0.00909
36	0.00997	0.00747	0.01076	0.01066	0.01165	0.00865	0.00807	0.01200	0.01081	0.01549	0.01853	0.02930	0.01806	0.16125	0.60012	0.01005	0.03988	0.00770	0.00372	0.00584
37	0.00843	0.00692	0.00727	0.00720	0.00925	0.00593	0.00530	0.01025	0.01572	0.01934	0.15373	0.06239	0.57856	0.06761	0.00991	0.00258	0.00365	0.01385	0.00636	0.00576
38	0.01681	0.01824	0.03790	0.05837	0.03506	0.01753	0.60783	0.07654	0.01735	0.02345	0.01398	0.01828	0.01043	0.00601	0.00792	0.00228	0.01110	0.00783	0.00372	0.00935
39	0.01456	0.01363	0.02194	0.45475	0.23229	0.01572	0.01855	0.02082	0.10016	0.02024	0.01431	0.01878	0.01107	0.00693	0.00684	0.00222	0.00838	0.00629	0.00363	0.00891
40	0.01615	0.01845	0.04037	0.02884	0.03576	0.01730	0.69204	0.02191	0.01615	0.02191	0.01384	0.01845	0.01038	0.00577	0.00807	0.00231	0.01153	0.00807	0.00346	0.00923
41	0.00974	0.00703	0.00922	0.00876	0.01037	0.00651	0.00663	0.01296	0.01922	0.02716	0.68689	0.05212	0.06357	0.01418	0.00812	0.00219	0.00335	0.03803	0.00748	0.00645
42	0.02000	0.01772	0.03196	0.02331	0.02957	0.01744	0.42926	0.17959	0.05477	0.10025	0.01652	0.01884	0.01188	0.00679	0.00761	0.00223	0.00970	0.00749	0.00494	0.01012
43	0.00820	0.00678	0.00720	0.00741	0.00939	0.00578	0.00544	0.00993	0.01540	0.01877	0.09677	0.17107	0.57868	0.01779	0.00818	0.00237	0.00353	0.01511	0.00641	0.00578
44	0.02494	0.01814	0.01939	0.01499	0.02015	0.02002	0.01234	0.63960	0.03073	0.04170	0.01690	0.01715	0.01211	0.00819	0.00668	0.00202	0.00718	0.00618	0.07037	0.01121
45	0.01674	0.01921	0.08264	0.02652	0.11515	0.05347	0.36814	0.02129	0.01507	0.04164	0.01285	0.01710	0.01015	0.00727	0.01059	0.00237	0.16022	0.00697	0.00347	0.00915
46	0.01563	0.01606	0.02086	0.01794	0.01816	0.06517	0.01486	0.01714	0.01103	0.01648	0.00908	0.01480	0.00897	0.01167	0.02144	0.00292	0.70136	0.00589	0.00303	0.00751
47	0.00834	0.00595	0.00794	0.00953	0.00992	0.00556	0.00635	0.00953	0.01310	0.01746	0.03771	0.75510	0.04525	0.02143	0.00873	0.00278	0.00397	0.01945	0.00635	0.00556
48	0.01651	0.01702	0.05625	0.05772	0.55522	0.04378	0.04831	0.02066	0.01566	0.02179	0.01465	0.02159	0.01289	0.00719	0.00701	0.00214	0.00840	0.05947	0.00360	0.01016
49	0.02904	0.01402	0.07306	0.01298	0.01867	0.01122	0.01146	0.07349	0.01995	0.62320	0.02515	0.02215	0.01594	0.00829	0.00685	0.00212	0.00627	0.00669	0.00792	0.01152
50	0.04101	0.67017	0.10266	0.01239	0.01862	0.02563	0.01291	0.02059	0.01389	0.01707	0.00978	0.01132	0.00873	0.00593	0.00459	0.00155	0.00753	0.00380	0.00296	0.00887
51	0.01598	0.06851	0.08813	0.01564	0.07343	0.03352	0.01225	0.02629	0.32066	0.05485	0.02347	0.11368	0.02029	0.04879	0.00876	0.00248	0.02857	0.00840	0.02693	0.00935
52	0.01836	0.11583	0.19696	0.02000	0.09977	0.06835	0.10587	0.10118	0.04885	0.06674	0.01541	0.01704	0.02600	0.00690	0.00647	0.00197	0.00861	0.00584	0.00422	0.06563
53	0.01638	0.33600	0.40707	0.01594	0.02407	0.02026	0.01897	0.02170	0.01445	0.05093	0.01180	0.01341	0.00909	0.00632	0.00564	0.00187	0.00876	0.00456	0.00316	0.00963
54	0.01507	0.01526	0.02261	0.01889	0.01947	0.02064	0.07252	0.01693	0.01096	0.01693	0.00939	0.01526	0.00910	0.01145	0.02123	0.00294	0.68452	0.00616	0.00303	0.00763
55	0.01490	0.10512	0.03270	0.01405	0.07021	0.03780	0.01057	0.07417	0.15291	0.04093	0.05314	0.12258	0.15715	0.01242	0.00728	0.00227	0.00585	0.07182	0.00577	0.00838
56	0.01464	0.03391	0.64301	0.01978	0.02936	0.04037	0.05794	0.04380	0.01527	0.02221	0.01243	0.01464	0.00885	0.00654	0.00658	0.00216	0.01017	0.00522	0.00307	0.01004
57	0.00834	0.00595	0.00794	0.00953	0.00992	0.00556	0.00635	0.00953	0.01310	0.01746	0.03771	0.75510	0.04525	0.02143	0.00873	0.00278	0.00397	0.01945	0.00635	0.00556
58	0.00827	0.00682	0.00727	0.00742	0.00942	0.00582	0.00546	0.01009	0.01565	0.01923	0.12863	0.15014	0.56710	0.01751	0.00816	0.00235	0.00350	0.01486	0.00647	0.00582
59	0.05992	0.34752	0.10166	0.07272	0.04608	0.05409	0.09874	0.04812	0.04649	0.04762	0.01248	0.01444	0.00996	0.00642	0.00572	0.00186	0.00829	0.00506	0.00366	0.00915
60	0.02601	0.01916	0.02053	0.01574	0.02122	0.02122	0.01300	0.69408	0.03217	0.04312	0.01643	0.01643	0.01163	0.00821	0.00684	0.00205	0.00753	0.00616	0.00684	0.01163
61	0.00849	0.00695	0.00749	0.00736	0.00949	0.00595	0.00552	0.01060	0.01655	0.02076	0.23306	0.06209	0.54893	0.01648	0.00808	0.00227	0.00340	0.01391	0.00665	0.00595
62	0.01428	0.01248	0.01550	0.01107	0.01719	0.00953	0.04244	0.01746	0.01428	0.02227	0.01224	0.01440	0.01015	0.00510	0.00522	0.00108	0.00539	0.00426	0.00402	0.76162
63	0.01364	0.01304	0.02048	0.66106	0.06753	0.03680	0.01848	0.01884	0.04859	0.01818	0.01292	0.01838	0.00976	0.00694	0.00682	0.00226	0.00900	0.00611	0.00326	0.00788
64	0.01829	0.76368	0.03585	0.01171	0.01756	0.02707	0.01171	0.02049	0.01390	0.01610	0.00951	0.01097	0.00878	0.00585	0.00439	0.00146	0.00732	0.00366	0.00293	0.00878
65	0.00881	0.00713	0.00785	0.00772	0.00980	0.00629	0.00577	0.01145	0.03675	0.02123	0.24656	0.09163	0.48215	0.01634	0.00808	0.00229	0.00348	0.01389	0.00670	0.00610
66	0.02201	0.01539	0.02425	0.02659	0.29536	0.01513	0.10376	0.10209	0.06106	0.23579	0.01858	0.01952	0.01332	0.00720	0.00699	0.00211	0.00764	0.00670	0.00554	0.01096
67	0.00979	0.00725	0.01059	0.01059	0.01168	0.00833	0.00805	0.01196	0.01088	0.01558	0.01869	0.02891	0.01798	0.13167	0.65330	0.01050	0.01700	0.00763	0.00372	0.00589
68	0.00834	0.00595	0.00794	0.00953	0.00992	0.00556	0.00635	0.00953	0.01310	0.01746	0.03771	0.75510	0.04525	0.02143	0.00873	0.00278	0.00397	0.01945	0.00635	0.00556
69	0.01373	0.01304	0.01894	0.01600	0.01899	0.06906	0.19123	0.05937	0.07337	0.02093	0.02617	0.35514	0.02782	0.05129	0.00939	0.00268	0.00715	0.01290	0.00532	0.00748
70	0.01789	0.01782	0.02509	0.03529	0.54032	0.09487	0.01869	0.02389	0.11481	0.02263	0.01477	0.01766	0.01206	0.00666	0.00673	0.00204	0.00820	0.00615	0.00391	0.01052
71	0.01714	0.01507	0.01587	0.01564	0.07291	0.07431	0.01109	0.11544	0.35282	0.02714	0.06973	0.11554	0.02387	0.03214	0.00796	0.00239	0.00620	0.00895	0.00625	0.00956
72	0.01367	0.01993	0.22013	0.01952	0.02469	0.01544	0.20906	0.01837	0.01407	0.02008	0.04961	0.02270	0.06928	0.01290	0.07890	0.00323	0.16897	0.00742	0.00364	0.00840
73	0.02341	0.01716	0.01848	0.01450	0.01912	0.01887	0.01168	0.58581	0.02876	0.03854	0.01778	0.04494	0.01442	0.10213	0.01039	0.00265	0.00730	0.00708	0.00649	0.01050
74	0.01436	0.01154	0.01298	0.01216	0.01456	0.09805	0.05094	0.03265	0.01642	0.09544	0.08819	0.23272	0.13128	0.03747	0.00888	0.00259	0.00610	0.12053	0.00608	0.00706
75	0.04389	0.01345	0.01499	0.01296	0.01714	0.01456	0.01024	0.03374	0.46772	0.21177	0.02915	0.02652	0.05423	0.00938	0.00691	0.00226	0.00542	0.00772	0.00725	0.01069
76	0.02146	0.02234	0.02026	0.01879	0.07485	0.28776	0.05003	0.14658	0.17320	0.02494	0.01673	0.01933	0.01344	0.00832	0.00756	0.00210	0.04628	0.03163	0.00495	0.00945
77	0.01563	0.01846	0.06955	0.11726	0.03688	0.01697	0.57745	0.02135	0.01576	0.02135	0.01356	0.01824	0.01014	0.00593	0.00785	0.00230	0.01117	0.00769	0.00338	0.00907
78	0.02203	0.01741	0.01790	0.01465	0.01892	0.07514	0.01176	0.47215	0.04874	0.03484	0.01882	0.09677	0.01591	0.01422	0.08518	0.00308	0.00863	0.00762	0.00619	0.01006
79	0.00834	0.00595	0.00794	0.00953	0.00992	0.00556	0.00635	0.00953	0.01310	0.01746	0.03771	0.75510	0.04525	0.02143	0.00873	0.00278	0.00397	0.01945	0.00635	0.00556
80	0.02106	0.01509	0.02100	0.01884	0.09573	0.01551	0.10508	0.25577	0.07070	0.14669	0.02178	0.08341	0.01814	0.00980	0.00741	0.00227	0.00731	0.06801	0.00620	0.01019
81	0.01770	0.01964	0.08280	0.02560	0.05177	0.05271	0.48089	0.07760	0.01762	0.05284	0.01517	0.02013	0.01170	0.00671	0.00773	0.00227	0.01060	0.03303	0.00402	0.00946
82	0.01829	0.76368	0.03585	0.01171	0.01756	0.02707	0.01171	0.02049	0.01390	0.01610	0.00951	0.01097	0.00878	0.00585	0.00439	0.00146	0.00732	0.00366	0.00293	0.00878
83	0.00916	0.00657	0.00856	0.00988	0.01053	0.00629	0.00677	0.03853	0.01398	0.01864	0.03677	0.70364	0.04366	0.02080	0.00867	0.00276	0.00419	0.03840	0.00637	0.00584
84	0.01609	0.01527	0.02525	0.18768	0.51940	0.01609	0.01976	0.02149	0.07052	0.02183	0.01392	0.01790	0.01128	0.00651	0.00680	0.00211	0.00812	0.00622	0.00360	0.01015
85	0.01647	0.01611	0.02669	0.16207	0.55717	0.03755	0.04312	0.02061	0.01538	0.02133	0.01271	0.01707	0.01046	0.00624	0.00681	0.00208	0.00854	0.00611	0.00333	0.01014
86	0.00850	0.00692	0.00758	0.00781	0.00980	0.00599	0.00590	0.01044	0.01573	0.01942	0.12688	0.13366	0.52965	0.01753	0.00826	0.00241	0.00372	0.06746	0.00646	0.00586
87	0.04413	0.11093	0.04503	0.01453	0.01899	0.11965	0.03379	0.18221	0.14347	0.08079	0.02010	0.08781	0.01714	0.00951	0.00672	0.00213	0.00745	0.04047	0.00563	0.00952
88	0.13631	0.01681	0.01866	0.01786	0.12200	0.05299	0.01254	0.33900	0.02326	0.11959	0.01674	0.03954	0.01287	0.03251	0.00740	0.00222	0.00719	0.00632	0.00589	0.01030
89	0.00904	0.00732	0.00763	0.00751	0.00958	0.00647	0.00548	0.03636	0.01561	0.01908	0.07942	0.09583	0.56006	0.09705	0.01095	0.00278	0.00398	0.01383	0.00617	0.00584
90	0.01661	0.01593	0.02719	0.09832	0.66308	0.01617	0.02084	0.02071	0.01543	0.02196	0.01281	0.01704	0.01070	0.00616	0.00678	0.00205	0.00821	0.00609	0.00336	0.01058
91	0.01812	0.18606	0.30869	0.01689	0.02426	0.01977	0.05158	0.18729	0.07741	0.02632	0.01410	0.01532	0.01054	0.00698	0.00625	0.00201	0.00855	0.00540	0.00424	0.01021
92	0.01065	0.00972	0.06641	0.01034	0.01253	0.00786	0.00826	0.01450	0.08773	0.05098	0.04118	0.43100	0.18773	0.01744	0.00814	0.00255	0.00459	0.01536	0.00623	0.00681
93	0.01409	0.01188	0.01281	0.01172	0.01488	0.01306	0.00904	0.02732	0.45437	0.02676	0.17479	0.03719	0.14039	0.01153	0.00737	0.00228	0.00466	0.00975	0.00698	0.00913
94	0.01851	0.67066	0.03446	0.01441	0.07390	0.05801	0.01252	0.02084	0.01428	0.01663	0.00983	0.01151	0.00895	0.00593	0.00466	0.00152	0.00761	0.00389	0.00299	0.00891
95	0.01682	0.10231	0.10655	0.02334	0.08451	0.06908	0.32909	0.04056	0.01623	0.03792	0.01758	0.02039	0.06663	0.00723	0.00762	0.00215	0.03191	0.00720	0.00377	0.00911
96	0.02370	0.22400	0.02389	0.01581	0.02021	0.45095	0.01279	0.11448	0.01964	0.02009	0.01107	0.01252	0.00918	0.00689	0.00579	0.00172	0.01037	0.00444	0.00381	0.00865
97	0.00887	0.00674	0.00823	0.00876	0.01021	0.00610	0.00648	0.01095	0.01577	0.02061	0.21684	0.27937	0.27170	0.01794	0.00843	0.00251	0.00386	0.08406	0.00664	0.00593
98	0.01846	0.07246	0.01723	0.06465	0.07754	0.01366	0.01137	0.11291	0.11791	0.16535	0.02648	0.16395	0.05302	0.01141	0.00721	0.00228	0.00610	0.04258	0.00618	0.00926
99	0.01847	0.55425	0.03327	0.01431	0.01977	0.10456	0.09617	0.02096	0.01462	0.01677	0.01071	0.01358	0.00971	0.03998	0.00642	0.00184	0.00838	0.00458	0.00312	0.00853
100	0.01984	0.01555	0.01673	0.01416	0.01830	0.01741	0.01121	0.31828	0.32690	0.03352	0.02412	0.11234	0.01990	0.01033	0.00713	0.00226	0.00615	0.00851	0.00683	0.01052
101	0.01556	0.02257	0.20649	0.02657	0.03426	0.01696	0.53005	0.02185	0.01573	0.02185	0.01346	0.01748	0.00996	0.00595	0.00769	0.00227	0.01119	0.00734	0.00332	0.00944
102	0.01806	0.01704	0.01972	0.01659	0.02071	0.10518	0.11878	0.10775	0.34139	0.02655	0.02331	0.07172	0.01940	0.00973	0.00730	0.00230	0.00746	0.05145	0.00588	0.00968
103	0.00995	0.00663	0.00746	0.00746	0.00746	0.00663	0.00415	0.00995	0.00995	0.01327	0.02156	0.04477	0.02487	0.75957	0.03482	0.00663	0.00663	0.00995	0.00415	0.00415
104	0.02602	0.01638	0.01847	0.01446	0.01965	0.01744	0.01185	0.41039	0.12726	0.23319	0.02109	0.01970	0.01449	0.00844	0.00687	0.00211	0.00673	0.00659	0.00732	0.01152
105	0.00994	0.00800	0.00906	0.00915	0.01122	0.00767	0.00696	0.01449	0.11463	0.02135	0.15376	0.16143	0.34792	0.01643	0.00816	0.00244	0.00407	0.08008	0.00661	0.00662
106	0.00869	0.00667	0.00785	0.00862	0.00996	0.00603	0.00626	0.01027	0.01426	0.01794	0.04992	0.31491	0.33283	0.07864	0.01064	0.00293	0.00425	0.09755	0.00617	0.00563
107	0.00868	0.00610	0.00784	0.00908	0.00939	0.00579	0.00587	0.00962	0.01242	0.01656	0.03421	0.60132	0.04084	0.18123	0.01438	0.00361	0.00455	0.01739	0.00587	0.00525
108	0.01756	0.02028	0.03548	0.02613	0.03220	0.12367	0.53866	0.02330	0.05103	0.02134	0.01393	0.01781	0.01064	0.00630	0.00812	0.00225	0.03117	0.00746	0.00363	0.00907
109	0.07975	0.01803	0.03793	0.02724	0.03395	0.01714	0.63704	0.02177	0.01579	0.02262	0.01349	0.01786	0.01014	0.00581	0.00777	0.00229	0.01103	0.00772	0.00352	0.00908
110	0.00845	0.00608	0.00804	0.00956	0.01009	0.00567	0.00652	0.00975	0.01331	0.01764	0.03886	0.69787	0.07084	0.02116	0.00874	0.00278	0.00405	0.04864	0.00635	0.00560
111	0.00894	0.00652	0.00849	0.00965	0.01048	0.00618	0.00680	0.01107	0.03303	0.01930	0.12295	0.55855	0.08015	0.01977	0.00863	0.00269	0.00408	0.07033	0.00651	0.00588
112	0.01693	0.01438	0.01514	0.01349	0.01734	0.01641	0.01053	0.08013	0.60225	0.02882	0.03038	0.02813	0.07593	0.00985	0.00704	0.00230	0.00541	0.00816	0.00690	0.01048
113	0.01510	0.01370	0.01614	0.01447	0.10363	0.04630	0.00997	0.01820	0.01462	0.02202	0.01217	0.01444	0.01015	0.00529	0.00533	0.00118	0.00581	0.00433	0.00394	0.66321
114	0.68309	0.13184	0.01413	0.00943	0.01391	0.01720	0.00809	0.02017	0.01200	0.02839	0.00952	0.01109	0.00763	0.00627	0.00426	0.00201	0.00561	0.00370	0.00403	0.00763
115	0.02181	0.01649	0.01806	0.01442	0.01854	0.01849	0.01161	0.48291	0.07297	0.03531	0.01931	0.02238	0.04108	0.10241	0.01163	0.00273	0.06652	0.00705	0.00619	0.01009
116	0.01693	0.01626	0.02777	0.04199	0.71689	0.01626	0.02100	0.02100	0.01558	0.02235	0.01287	0.01693	0.01084	0.00610	0.00677	0.00203	0.00813	0.00610	0.00339	0.01084
117	0.00843	0.00694	0.00740	0.00729	0.00945	0.00592	0.00547	0.01048	0.01640	0.02039	0.20669	0.06270	0.57553	0.01661	0.00808	0.00228	0.00341	0.01400	0.00660	0.00592
118	0.02601	0.01916	0.02053	0.01574	0.02122	0.02122	0.01300	0.69408	0.03217	0.04312	0.01643	0.01643	0.01163	0.00821	0.00684	0.00205	0.00753	0.00616	0.00684	0.01163
119	0.02595	0.02084	0.02039	0.01598	0.02121	0.10965	0.01303	0.61113	0.03058	0.03984	0.01570	0.01592	0.01128	0.00807	0.00676	0.00202	0.00813	0.00594	0.00643	0.01117
120	0.01345	0.01182	0.01086	0.01091	0.01282	0.14285	0.00809	0.01536	0.01616	0.06713	0.12136	0.30015	0.15626	0.01598	0.00799	0.00241	0.00568	0.06797	0.00611	0.00663
121	0.01418	0.10897	0.65458	0.01871	0.02839	0.01702	0.02391	0.02155	0.01439	0.02110	0.01200	0.01409	0.00868	0.00643	0.00629	0.00210	0.00983	0.00491	0.00289	0.00998
122	0.00830	0.00608	0.00781	0.00920	0.00984	0.00558	0.00621	0.00956	0.01341	0.01759	0.04164	0.66936	0.12846	0.02092	0.00865	0.00272	0.00391	0.01883	0.00635	0.00558
123	0.01764	0.53010	0.20825	0.01408	0.02084	0.07244	0.01523	0.02125	0.01441	0.01754	0.01028	0.01194	0.00875	0.00610	0.00504	0.00166	0.00836	0.00406	0.00296	0.00906
124	0.01639	0.01570	0.02679	0.13670	0.62642	0.01611	0.02073	0.02052	0.01532	0.02169	0.01277	0.01711	0.01060	0.00620	0.00678	0.00207	0.00826	0.00609	0.00334	0.01040
125	0.00995	0.00663	0.00746	0.00746	0.00746	0.00663	0.00415	0.00995	0.00995	0.01327	0.02156	0.04477	0.02487	0.75957	0.03482	0.00663	0.00663	0.00995	0.00415	0.00415
126	0.00994	0.00668	0.00769	0.00769	0.00777	0.00676	0.00443	0.01009	0.01002	0.01343	0.02135	0.04363	0.02438	0.71429	0.07942	0.00691	0.00738	0.00978	0.00411	0.00427
127	0.01672	0.01906	0.03570	0.02626	0.03185	0.07529	0.53343	0.02151	0.01554	0.02066	0.01283	0.01743	0.01004	0.00682	0.01013	0.00237	0.12466	0.00746	0.00339	0.00886
128	0.01771	0.12909	0.15983	0.04464	0.09814	0.13396	0.06902	0.02227	0.04948	0.04640	0.01278	0.01567	0.01033	0.00887	0.03079	0.00241	0.13045	0.00556	0.00356	0.00904
129	0.01640	0.01571	0.02680	0.13527	0.62778	0.01611	0.02073	0.02053	0.01533	0.02170	0.01277	0.01711	0.01061	0.00619	0.00678	0.00206	0.00826	0.00609	0.00334	0.01041
130	0.00836	0.00672	0.00749	0.00794	0.00969	0.00585	0.00582	0.01009	0.01515	0.01876	0.09190	0.24319	0.47885	0.01829	0.00831	0.00246	0.00371	0.04524	0.00641	0.00578
131	0.01498	0.01538	0.02675	0.03718	0.02534	0.05066	0.34105	0.01872	0.01524	0.04686	0.02557	0.05398	0.15563	0.00990	0.01026	0.00240	0.12855	0.00917	0.00427	0.00810
132	0.01313	0.01021	0.01298	0.01204	0.01436	0.01051	0.04369	0.12871	0.10756	0.02513	0.13763	0.34269	0.05706	0.01546	0.00806	0.00248	0.00510	0.03905	0.00654	0.00762
133	0.00980	0.00722	0.01043	0.01043	0.01146	0.00825	0.00785	0.01186	0.01083	0.01546	0.01884	0.02973	0.01834	0.16412	0.62133	0.01030	0.01646	0.00775	0.00374	0.00580
134	0.01632	0.02082	0.13834	0.07690	0.21252	0.06142	0.30584	0.02151	0.01560	0.02120	0.01288	0.01693	0.01001	0.00632	0.00775	0.00220	0.03393	0.00667	0.00331	0.00954
135	0.02128	0.03960	0.05395	0.02023	0.11851	0.20028	0.03648	0.14561	0.10545	0.07057	0.01515	0.01670	0.01172	0.00804	0.00868	0.00214	0.10528	0.00588	0.00474	0.00972
136	0.01693	0.01626	0.02777	0.04199	0.71689	0.01626	0.02100	0.02100	0.01558	0.02235	0.01287	0.01693	0.01084	0.00610	0.00677	0.00203	0.00813	0.00610	0.00339	0.01084
137	0.00834	0.00595	0.00794	0.00953	0.00992	0.00556	0.00635	0.00953	0.01310	0.01746	0.03771	0.75510	0.04525	0.02143	0.00873	0.00278	0.00397	0.01945	0.00635	0.00556
138	0.01879	0.60879	0.09423	0.01313	0.01906	0.11380	0.01309	0.02144	0.01463	0.01667	0.00989	0.01145	0.00877	0.00606	0.00480	0.00156	0.00819	0.00387	0.00300	0.00879
139	0.01642	0.46494	0.31817	0.01490	0.02250	0.02248	0.01727	0.02097	0.01412	0.01838	0.01065	0.01240	0.00873	0.00612	0.00526	0.00175	0.00846	0.00423	0.00291	0.00933
140	0.00979	0.00727	0.01072	0.01072	0.01184	0.00840	0.00820	0.01204	0.01091	0.01567	0.01858	0.02829	0.01772	0.10728	0.67733	0.01065	0.01740	0.00754	0.00370	0.00595
141	0.01539	0.01264	0.01185	0.01062	0.01243	0.10014	0.00742	0.14312	0.05081	0.02129	0.05077	0.03385	0.02164	0.41951	0.02204	0.00452	0.00714	0.00838	0.03987	0.00657
142	0.01587	0.10822	0.02180	0.47455	0.03664	0.09623	0.01642	0.07302	0.01568	0.01920	0.01232	0.01699	0.00967	0.00921	0.04489	0.00256	0.00961	0.00567	0.00342	0.00803
143	0.01042	0.00794	0.00969	0.00909	0.01106	0.00770	0.00686	0.01549	0.10419	0.02662	0.55863	0.04951	0.12911	0.01376	0.00793	0.00219	0.00353	0.01202	0.00733	0.00693
144	0.00834	0.00595	0.00794	0.00953	0.00992	0.00556	0.00635	0.00953	0.01310	0.01746	0.03771	0.75510	0.04525	0.02143	0.00873	0.00278	0.00397	0.01945	0.00635	0.00556
145	0.08895	0.02007	0.01937	0.01529	0.02042	0.10892	0.01247	0.53108	0.02843	0.06527	0.01555	0.01576	0.01115	0.00793	0.00655	0.00202	0.00788	0.00577	0.00628	0.01083
146	0.01919	0.67273	0.03380	0.01244	0.01801	0.11478	0.01189	0.02134	0.01458	0.01618	0.00964	0.01114	0.00878	0.00600	0.00461	0.00150	0.00794	0.00375	0.00300	0.00867
147	0.00809	0.00693	0.00693	0.00693	0.00924	0.00578	0.00520	0.00982	0.01559	0.01848	0.06931	0.06584	0.71411	0.01733	0.00809	0.00231	0.00347	0.01444	0.00635	0.00578
148	0.01451	0.12468	0.59090	0.02007	0.07509	0.01730	0.02330	0.02147	0.01445	0.02102	0.01197	0.01418	0.00883	0.00639	0.00626	0.00207	0.00963	0.00495	0.00293	0.00999
149	0.02361	0.08310	0.02175	0.01750	0.07642	0.09307	0.01332	0.44415	0.10043	0.03491	0.01619	0.01657	0.01204	0.00784	0.00657	0.00200	0.00782	0.00593	0.00591	0.01086
150	0.02878	0.01207	0.01582	0.01242	0.01751	0.01103	0.01016	0.03376	0.11541	0.62467	0.02711	0.02360	0.01749	0.00858	0.00689	0.00215	0.00576	0.00700	0.00826	0.01153
151	0.00931	0.00694	0.00865	0.00831	0.01001	0.00628	0.00620	0.01216	0.01837	0.02525	0.55780	0.08150	0.19407	0.01495	0.00810	0.00221	0.00330	0.01306	0.00725	0.00628
152	0.02416	0.02696	0.02024	0.05568	0.02280	0.49046	0.04828	0.13554	0.02083	0.04916	0.01325	0.03642	0.01079	0.00765	0.00652	0.00191	0.01083	0.00552	0.00432	0.00866
153	0.80789	0.01323	0.01006	0.00900	0.01323	0.01535	0.00741	0.02011	0.01164	0.03070	0.00953	0.01111	0.00741	0.00635	0.00423	0.00212	0.00529	0.00370	0.00423	0.00741
154	0.00815	0.00670	0.00717	0.00755	0.00940	0.00572	0.00547	0.00975	0.01500	0.01824	0.06179	0.22979	0.55501	0.01830	0.00824	0.00242	0.00359	0.01563	0.00635	0.00572
155	0.01900	0.33252	0.21495	0.01571	0.02182	0.22362	0.01590	0.02258	0.01547	0.01779	0.01053	0.01244	0.00877	0.00660	0.00616	0.00180	0.03808	0.00433	0.00309	0.00885
156	0.04740	0.07726	0.07595	0.09164	0.02297	0.31767	0.01375	0.08540	0.12986	0.02225	0.01454	0.01600	0.01133	0.00738	0.00621	0.00195	0.00932	0.00533	0.03495	0.00885
157	0.08144	0.65811	0.07657	0.01197	0.01796	0.02543	0.01220	0.02053	0.01375	0.01762	0.00968	0.01120	0.00866	0.00593	0.00451	0.00156	0.00733	0.00375	0.00303	0.00875
158	0.00925	0.00692	0.00872	0.00943	0.01088	0.00639	0.00725	0.01152	0.01579	0.02069	0.19536	0.25184	0.21958	0.01809	0.00860	0.00261	0.00426	0.18021	0.00660	0.00600
159	0.01034	0.00713	0.00802	0.00795	0.00825	0.00725	0.00468	0.01167	0.05350	0.01475	0.04307	0.06122	0.02631	0.67244	0.03165	0.00614	0.00639	0.01012	0.00448	0.00466
160	0.71479	0.01365	0.01112	0.00966	0.01404	0.01561	0.00796	0.07477	0.01360	0.05862	0.01076	0.01201	0.00812	0.00658	0.00455	0.00211	0.00549	0.00403	0.00461	0.00791
161	0.07830	0.10020	0.01892	0.01375	0.01846	0.14145	0.01121	0.13040	0.15767	0.23172	0.01957	0.01859	0.01395	0.00791	0.00631	0.00201	0.00726	0.00594	0.00615	0.01022
162	0.04429	0.14656	0.02150	0.05507	0.09837	0.05026	0.01261	0.15781	0.13711	0.02592	0.01529	0.01677	0.01211	0.00846	0.02816	0.00213	0.02554	0.00553	0.00473	0.13176
163	0.05700	0.14345	0.07058	0.01549	0.02054	0.12283	0.03615	0.25005	0.04767	0.04773	0.01364	0.01495	0.01053	0.00760	0.00755	0.00198	0.07386	0.00534	0.00479	0.04828
164	0.11137	0.06156	0.08354	0.01463	0.01975	0.21954	0.01256	0.15046	0.09619	0.05315	0.01441	0.01521	0.01099	0.00714	0.00600	0.00187	0.00827	0.00510	0.00478	0.10349

[dist]
# distance from previous block
# <min> <max>
3	21

[block]
# block no. 3 follows, 31 sequences, length 40
# corresponding to MSA columns:
# 737-776
name=unknown_D
#
# <colnr> <probs for GDERKNQSTAVLIFYWHMCP>
#	G	D	E	R	K	N	Q	S	T	A	V	L	I	F	Y	W	H	M	C	P
0	0.10090	0.07364	0.07174	0.03831	0.02116	0.09974	0.08341	0.09475	0.04439	0.19827	0.03835	0.03825	0.01435	0.00778	0.00644	0.00202	0.00767	0.00633	0.00541	0.04709
1	0.01035	0.00740	0.00941	0.01004	0.01121	0.00735	0.00734	0.01350	0.09239	0.01945	0.10806	0.33729	0.09339	0.01892	0.01123	0.12348	0.00462	0.10255	0.00603	0.00598
2	0.01693	0.01626	0.02777	0.04199	0.71689	0.01626	0.02100	0.02100	0.01558	0.02235	0.01287	0.01693	0.01084	0.00610	0.00677	0.00203	0.00813	0.00610	0.00339	0.01084
3	0.01861	0.01542	0.01567	0.01366	0.01758	0.05950	0.01071	0.12978	0.45332	0.06235	0.07797	0.02676	0.04890	0.00962	0.00702	0.00222	0.00593	0.00787	0.00683	0.01029
4	0.77088	0.01351	0.01055	0.00932	0.01361	0.01563	0.00767	0.05201	0.01261	0.03128	0.00985	0.01137	0.00761	0.00644	0.00436	0.00211	0.00540	0.00382	0.00436	0.00761
5	0.00841	0.00637	0.00777	0.00864	0.00975	0.00573	0.00601	0.01000	0.01456	0.01891	0.12412	0.46705	0.24923	0.01935	0.00846	0.00257	0.00373	0.01713	0.00649	0.00573
6	0.09349	0.02710	0.01837	0.01645	0.01976	0.52216	0.01262	0.02626	0.05150	0.05280	0.01196	0.01369	0.00970	0.00769	0.00782	0.00197	0.08976	0.00480	0.00394	0.00816
7	0.05549	0.01253	0.01521	0.01214	0.01691	0.01209	0.00989	0.11840	0.10224	0.44232	0.02984	0.02702	0.09568	0.00946	0.00692	0.00215	0.00571	0.00763	0.00767	0.01072
8	0.00820	0.00671	0.00724	0.00758	0.00943	0.00575	0.00550	0.00986	0.01516	0.01856	0.08429	0.22165	0.54008	0.01814	0.00823	0.00241	0.00357	0.01550	0.00639	0.00575
9	0.00921	0.00697	0.00849	0.00811	0.00993	0.00625	0.00608	0.01199	0.01825	0.02478	0.52210	0.05548	0.25739	0.01498	0.00807	0.00220	0.00330	0.01299	0.00718	0.00625
10	0.02513	0.01883	0.01929	0.01518	0.02023	0.07556	0.01237	0.52455	0.06267	0.09323	0.05034	0.01873	0.01479	0.00847	0.00686	0.00205	0.00747	0.00645	0.00675	0.01106
11	0.01686	0.01367	0.01477	0.01323	0.01691	0.01547	0.01029	0.03354	0.59282	0.06262	0.10581	0.02833	0.02566	0.00978	0.00708	0.00229	0.00519	0.00822	0.00710	0.01037
12	0.00953	0.00687	0.00901	0.00871	0.01019	0.00635	0.00644	0.01253	0.01865	0.02630	0.63640	0.13122	0.06236	0.01483	0.00814	0.00222	0.00331	0.01318	0.00740	0.00635
13	0.00877	0.00707	0.00787	0.00803	0.00996	0.00628	0.00598	0.01126	0.03669	0.02018	0.16777	0.16697	0.45877	0.01722	0.00820	0.00239	0.00367	0.04035	0.00656	0.00603
14	0.01372	0.03539	0.72412	0.01950	0.02961	0.01589	0.02528	0.02167	0.01444	0.02167	0.01228	0.01444	0.00867	0.00650	0.00650	0.00217	0.01011	0.00506	0.00289	0.01011
15	0.01372	0.03539	0.72412	0.01950	0.02961	0.01589	0.02528	0.02167	0.01444	0.02167	0.01228	0.01444	0.00867	0.00650	0.00650	0.00217	0.01011	0.00506	0.00289	0.01011
16	0.00995	0.00663	0.00746	0.00746	0.00746	0.00663	0.00415	0.00995	0.00995	0.01327	0.02156	0.04477	0.02487	0.75957	0.03482	0.00663	0.00663	0.00995	0.00415	0.00415
17	0.06284	0.02142	0.15543	0.04140	0.17736	0.07370	0.10383	0.13598	0.11271	0.02640	0.01514	0.01710	0.01149	0.00703	0.00674	0.00213	0.00866	0.00612	0.00442	0.01012
18	0.00834	0.00595	0.00794	0.00953	0.00992	0.00556	0.00635	0.00953	0.01310	0.01746	0.03771	0.75510	0.04525	0.02143	0.00873	0.00278	0.00397	0.01945	0.00635	0.00556
19	0.00995	0.00663	0.00746	0.00746	0.00746	0.00663	0.00415	0.00995	0.00995	0.01327	0.02156	0.04477	0.02487	0.75957	0.03482	0.00663	0.00663	0.00995	0.00415	0.00415
20	0.01093	0.00780	0.01091	0.01249	0.01402	0.00779	0.01085	0.01400	0.01565	0.02036	0.03628	0.10218	0.03959	0.01899	0.00942	0.00314	0.00621	0.64681	0.00630	0.00627
21	0.01873	0.68062	0.05815	0.01235	0.01826	0.04707	0.01228	0.05395	0.01498	0.01764	0.00998	0.01140	0.00892	0.00603	0.00464	0.00153	0.00757	0.00385	0.00314	0.00894
22	0.01324	0.01106	0.01213	0.01162	0.01455	0.01191	0.00920	0.02425	0.36626	0.02435	0.06655	0.04690	0.20996	0.01340	0.00777	0.00247	0.00498	0.13422	0.00670	0.00847
23	0.03070	0.01164	0.01588	0.01217	0.01746	0.01006	0.01006	0.03334	0.01958	0.72163	0.02699	0.02329	0.01694	0.00847	0.00688	0.00212	0.00582	0.00688	0.00847	0.01164
24	0.01433	0.06866	0.58325	0.02057	0.02998	0.01666	0.12887	0.02165	0.01468	0.02143	0.01239	0.01490	0.00894	0.00635	0.00664	0.00215	0.01020	0.00546	0.00298	0.00991
25	0.01340	0.01280	0.02208	0.65176	0.10018	0.01539	0.05236	0.01798	0.01395	0.01809	0.01230	0.01815	0.00932	0.00673	0.00690	0.00226	0.00916	0.00618	0.00309	0.00794
26	0.00870	0.00695	0.00778	0.00757	0.00962	0.00604	0.00568	0.01101	0.01704	0.02192	0.31659	0.06018	0.46469	0.01604	0.00808	0.00225	0.00337	0.01365	0.00681	0.00604
27	0.03070	0.01164	0.01588	0.01217	0.01746	0.01006	0.01006	0.03334	0.01958	0.72163	0.02699	0.02329	0.01694	0.00847	0.00688	0.00212	0.00582	0.00688	0.00847	0.01164
28	0.03701	0.02505	0.40195	0.01824	0.02562	0.01435	0.12949	0.05285	0.01631	0.02368	0.11589	0.02447	0.04712	0.00837	0.00709	0.00222	0.00870	0.02831	0.00413	0.00914
29	0.00831	0.00607	0.00782	0.00921	0.00984	0.00558	0.00621	0.00956	0.01340	0.01759	0.04154	0.67143	0.12645	0.02094	0.00865	0.00272	0.00391	0.01884	0.00635	0.00558
30	0.01485	0.01481	0.02093	0.05876	0.01960	0.02063	0.01519	0.01652	0.01066	0.01652	0.00916	0.01515	0.00899	0.01169	0.02157	0.00295	0.70553	0.00599	0.00300	0.00749
31	0.01615	0.01845	0.04037	0.02884	0.03576	0.01730	0.69204	0.02191	0.01615	0.02191	0.01384	0.01845	0.01038	0.00577	0.00807	0.00231	0.01153	0.00807	0.00346	0.00923
32	0.01581	0.04600	0.02626	0.22881	0.46092	0.01662	0.03944	0.01988	0.01482	0.02054	0.01242	0.01701	0.01020	0.00650	0.00732	0.00212	0.03632	0.00604	0.00326	0.00970
33	0.01053	0.00757	0.00922	0.00884	0.01069	0.00729	0.00676	0.01486	0.07161	0.02603	0.47924	0.04916	0.11675	0.01355	0.00769	0.00218	0.00360	0.05050	0.09721	0.00671
34	0.01630	0.01561	0.02663	0.15189	0.61190	0.01609	0.02068	0.02045	0.01528	0.02159	0.01276	0.01714	0.01057	0.00621	0.00678	0.00207	0.00828	0.00609	0.00333	0.01033
35	0.01487	0.11232	0.46580	0.01749	0.02549	0.01700	0.04087	0.04139	0.11703	0.02245	0.01568	0.05240	0.01243	0.00760	0.00650	0.00214	0.00877	0.00613	0.00379	0.00986
36	0.01113	0.00754	0.00889	0.00896	0.01076	0.00694	0.00646	0.04546	0.01530	0.07817	0.04652	0.32587	0.29911	0.06464	0.02904	0.00296	0.00465	0.01488	0.00635	0.00638
37	0.01999	0.01529	0.01565	0.03816	0.01823	0.09043	0.01069	0.12533	0.25990	0.13930	0.07773	0.02523	0.04476	0.01019	0.02504	0.00232	0.00666	0.00737	0.02800	0.03971
38	0.26904	0.01323	0.01356	0.01129	0.01536	0.01413	0.00905	0.20165	0.04785	0.09450	0.12704	0.05071	0.02115	0.02983	0.00697	0.00220	0.00559	0.00700	0.00603	0.05380
39	0.10501	0.05786	0.04212	0.01777	0.13933	0.08117	0.01223	0.07772	0.13259	0.08231	0.04454	0.09154	0.01805	0.02939	0.00728	0.00221	0.00679	0.00742	0.00524	0.03946

[dist]
# distance from previous block
# <min> <max>
0	8

# created by:
# /home/berkeley/.conda/envs/busco_data_prod/bin/msa2prfl.pl pipeline/OGs_align_augustus/4893/8168.fs
