[name]
unknown

[dist]
# distance from previous block
# <min> <max>
47	181

[block]
# block no. 0 follows, 27 sequences, length 18
# corresponding to MSA columns:
# 212-229
name=unknown_A
#
# <colnr> <probs for GDERKNQSTAVLIFYWHMCP>
#	G	D	E	R	K	N	Q	S	T	A	V	L	I	F	Y	W	H	M	C	P
0	0.01841	0.18716	0.25119	0.02039	0.11165	0.09025	0.01842	0.02380	0.04034	0.06023	0.04546	0.05473	0.01609	0.00859	0.00685	0.00217	0.00907	0.02081	0.00428	0.01012
1	0.01946	0.32266	0.19847	0.04232	0.02361	0.09481	0.01640	0.04744	0.01682	0.05751	0.01404	0.03895	0.01176	0.00904	0.02820	0.00227	0.00944	0.00554	0.00392	0.03735
2	0.05460	0.23549	0.20747	0.01619	0.04066	0.04981	0.01611	0.08021	0.01788	0.12439	0.01552	0.01762	0.01200	0.04349	0.00782	0.00228	0.00857	0.00560	0.00465	0.03965
3	0.05193	0.16688	0.31292	0.01738	0.04460	0.07442	0.01818	0.02207	0.01593	0.05495	0.01793	0.13663	0.01661	0.00979	0.00691	0.00227	0.00892	0.00784	0.00422	0.00964
4	0.01709	0.16400	0.53285	0.01907	0.02884	0.01899	0.02360	0.02417	0.01596	0.07000	0.01391	0.01567	0.01006	0.00708	0.00667	0.00221	0.01010	0.00535	0.00357	0.01083
5	0.01737	0.11620	0.36309	0.02098	0.10617	0.01744	0.02063	0.06146	0.01702	0.07135	0.01694	0.07472	0.01412	0.01060	0.03776	0.00270	0.00969	0.00701	0.00423	0.01052
6	0.07001	0.01165	0.01609	0.08672	0.02013	0.01149	0.05368	0.02169	0.04267	0.15770	0.18198	0.07685	0.02979	0.01072	0.00804	0.00225	0.03214	0.00917	0.05331	0.10393
7	0.01590	0.01395	0.01789	0.01684	0.13174	0.01120	0.01116	0.01938	0.01565	0.02420	0.01332	0.01590	0.01112	0.00569	0.00581	0.00129	0.00606	0.00477	0.00428	0.65386
8	0.01744	0.01782	0.13175	0.01322	0.02045	0.01193	0.01240	0.05609	0.01697	0.07948	0.01476	0.01637	0.01141	0.00624	0.00602	0.00147	0.00663	0.00495	0.00473	0.54983
9	0.01087	0.13107	0.01373	0.01074	0.01217	0.00998	0.00787	0.01235	0.01436	0.01870	0.03574	0.61215	0.04241	0.02040	0.00868	0.00277	0.00492	0.01821	0.00626	0.00662
10	0.01457	0.01225	0.01447	0.01072	0.01649	0.00941	0.00849	0.01790	0.01634	0.02513	0.12742	0.02217	0.02098	0.00713	0.00605	0.00131	0.00516	0.00592	0.00504	0.65305
11	0.15183	0.05354	0.06535	0.01708	0.06527	0.05387	0.05753	0.07137	0.14093	0.14432	0.08670	0.02324	0.01977	0.00881	0.00700	0.00229	0.00735	0.00718	0.00615	0.01041
12	0.01500	0.13666	0.02508	0.60148	0.04571	0.01867	0.01928	0.01952	0.01488	0.01871	0.01271	0.01846	0.00983	0.00724	0.00697	0.00232	0.00957	0.00615	0.00328	0.00846
13	0.05880	0.02145	0.06947	0.12633	0.28757	0.11988	0.04745	0.13239	0.02000	0.02682	0.01397	0.01733	0.01097	0.00729	0.00718	0.00223	0.00968	0.00625	0.00429	0.01065
14	0.02157	0.05629	0.02351	0.06814	0.22265	0.01856	0.01611	0.19445	0.13367	0.08372	0.01980	0.02294	0.01548	0.00863	0.00735	0.00227	0.00778	0.03544	0.00586	0.03578
15	0.02115	0.04758	0.02141	0.02180	0.18712	0.01671	0.01415	0.13242	0.17101	0.11788	0.06483	0.02313	0.01893	0.00854	0.00718	0.00214	0.00693	0.00721	0.00625	0.10363
16	0.01917	0.02084	0.10691	0.02237	0.17104	0.09470	0.01601	0.11736	0.15699	0.02843	0.08044	0.02432	0.04245	0.00895	0.00735	0.00221	0.00804	0.00743	0.00552	0.05946
17	0.06078	0.17136	0.20788	0.08095	0.02491	0.01818	0.01637	0.06356	0.06192	0.10257	0.06776	0.02017	0.01627	0.00804	0.00663	0.00213	0.00805	0.00625	0.00495	0.05128

[dist]
# distance from previous block
# <min> <max>
0	33

[block]
# block no. 1 follows, 27 sequences, length 48
# corresponding to MSA columns:
# 263-310
name=unknown_B
#
# <colnr> <probs for GDERKNQSTAVLIFYWHMCP>
#	G	D	E	R	K	N	Q	S	T	A	V	L	I	F	Y	W	H	M	C	P
0	0.01823	0.01837	0.10241	0.05507	0.16241	0.01621	0.06485	0.09242	0.06407	0.06063	0.06891	0.02142	0.01683	0.00830	0.00865	0.00220	0.06685	0.00697	0.00499	0.14021
1	0.04573	0.01640	0.07024	0.01938	0.11801	0.01448	0.06474	0.09934	0.04089	0.07366	0.04803	0.05668	0.07170	0.00935	0.00804	0.00213	0.04191	0.00790	0.00537	0.18602
2	0.04399	0.13644	0.08985	0.06377	0.22674	0.01749	0.01644	0.07409	0.01781	0.04624	0.06043	0.05209	0.01675	0.00815	0.00679	0.00206	0.00775	0.00688	0.00457	0.10167
3	0.05224	0.02908	0.43128	0.04738	0.08504	0.01637	0.06972	0.04416	0.01673	0.05534	0.01911	0.02110	0.06378	0.00805	0.00727	0.00236	0.00975	0.00672	0.00402	0.01049
4	0.02773	0.03538	0.02104	0.01913	0.02295	0.70930	0.01434	0.02964	0.02104	0.01817	0.01148	0.01339	0.00956	0.00765	0.00669	0.00191	0.01339	0.00478	0.00383	0.00861
5	0.01625	0.01317	0.01548	0.01110	0.01766	0.00994	0.00890	0.01953	0.01567	0.05631	0.01396	0.01586	0.01135	0.00567	0.00559	0.00116	0.00554	0.00454	0.00463	0.74769
6	0.00914	0.00734	0.00821	0.00872	0.01063	0.00640	0.00645	0.01107	0.01647	0.02041	0.09409	0.23236	0.45940	0.01983	0.00905	0.00269	0.00409	0.06042	0.00695	0.00628
7	0.00966	0.00676	0.00861	0.00971	0.01005	0.00654	0.00626	0.01061	0.01304	0.01745	0.03449	0.48842	0.04081	0.24761	0.05043	0.00473	0.00592	0.01729	0.00601	0.00558
8	0.01949	0.04271	0.05078	0.08201	0.22398	0.08076	0.11138	0.05619	0.08370	0.07526	0.06329	0.04220	0.01781	0.00843	0.00759	0.00230	0.00892	0.00774	0.00501	0.01045
9	0.01685	0.04935	0.23166	0.02777	0.03623	0.01869	0.46137	0.02365	0.01691	0.02349	0.01438	0.01851	0.01067	0.00649	0.00814	0.00243	0.01192	0.00766	0.00356	0.01027
10	0.00904	0.00646	0.00861	0.01034	0.01077	0.00603	0.00689	0.01034	0.01421	0.01895	0.04092	0.73426	0.04910	0.02326	0.00948	0.00301	0.00431	0.02110	0.00689	0.00603
11	0.01804	0.01712	0.02770	0.08703	0.48786	0.01777	0.05154	0.02572	0.14257	0.02515	0.01705	0.02032	0.01367	0.00731	0.00746	0.00230	0.00851	0.00705	0.00439	0.01142
12	0.01709	0.35120	0.40710	0.01741	0.02633	0.02262	0.02090	0.02294	0.01541	0.02083	0.01199	0.01400	0.00946	0.00674	0.00604	0.00201	0.00963	0.00481	0.00315	0.01033
13	0.03331	0.01263	0.01723	0.01321	0.01895	0.01091	0.01091	0.03618	0.02125	0.69794	0.02929	0.02527	0.01838	0.00919	0.00747	0.00230	0.00632	0.00747	0.00919	0.01263
14	0.01080	0.00720	0.00810	0.00810	0.00810	0.00720	0.00450	0.01080	0.01080	0.01439	0.02339	0.04858	0.02699	0.73910	0.03779	0.00720	0.00720	0.01080	0.00450	0.00450
15	0.01539	0.01319	0.01539	0.01100	0.01759	0.00990	0.00880	0.01869	0.01539	0.02419	0.01319	0.01539	0.01100	0.00550	0.00550	0.00110	0.00550	0.00440	0.00440	0.78449
16	0.11395	0.02965	0.01993	0.01754	0.02184	0.48229	0.01348	0.14110	0.04941	0.02543	0.01322	0.01460	0.01046	0.00788	0.00662	0.00204	0.01130	0.00518	0.00470	0.00938
17	0.00969	0.00779	0.00871	0.00891	0.01097	0.00702	0.00661	0.01271	0.04917	0.02204	0.16504	0.18456	0.42007	0.01864	0.00889	0.00260	0.00403	0.03880	0.00713	0.00663
18	0.01552	0.12875	0.61586	0.02008	0.03045	0.01880	0.02554	0.02335	0.01560	0.02274	0.01294	0.01519	0.00942	0.00696	0.00676	0.00225	0.01058	0.00529	0.00314	0.01079
19	0.01721	0.14161	0.40910	0.01756	0.02587	0.01816	0.02042	0.09058	0.01852	0.05201	0.10209	0.02088	0.01802	0.00828	0.00697	0.00221	0.00905	0.00649	0.00449	0.01047
20	0.01849	0.01848	0.02863	0.03961	0.54243	0.07483	0.06070	0.02273	0.01761	0.02415	0.06696	0.02098	0.01613	0.00735	0.00749	0.00221	0.00901	0.00713	0.00405	0.01101
21	0.01220	0.00921	0.01287	0.01235	0.01389	0.01071	0.00958	0.06430	0.01362	0.01936	0.01959	0.02915	0.01835	0.09803	0.58257	0.01052	0.04443	0.00800	0.00425	0.00700
22	0.00970	0.00756	0.00881	0.00849	0.01060	0.00666	0.00637	0.01245	0.01911	0.02525	0.40348	0.06289	0.35827	0.01686	0.00876	0.00241	0.00362	0.01447	0.00758	0.00666
23	0.01922	0.01943	0.02872	0.07516	0.58606	0.09585	0.02172	0.02338	0.01727	0.02331	0.01365	0.01788	0.01142	0.00677	0.00728	0.00218	0.00939	0.00641	0.00367	0.01123
24	0.03161	0.01301	0.01718	0.01342	0.01899	0.01177	0.01101	0.03655	0.09634	0.62184	0.02939	0.02554	0.01887	0.00929	0.00748	0.00232	0.00627	0.00757	0.00900	0.01253
25	0.01034	0.00758	0.00970	0.00917	0.01099	0.00694	0.00688	0.01369	0.02063	0.02886	0.63112	0.05696	0.12837	0.01552	0.00876	0.00235	0.00353	0.01364	0.00805	0.00694
26	0.00896	0.00706	0.00809	0.00882	0.01039	0.00619	0.00624	0.01065	0.01591	0.01997	0.08535	0.35923	0.38566	0.02059	0.00908	0.00272	0.00399	0.01794	0.00694	0.00619
27	0.00877	0.00752	0.00752	0.00752	0.01003	0.00627	0.00564	0.01065	0.01692	0.02005	0.07520	0.07144	0.68978	0.01880	0.00877	0.00251	0.00376	0.01567	0.00689	0.00627
28	0.03331	0.01263	0.01723	0.01321	0.01895	0.01091	0.01091	0.03618	0.02125	0.69794	0.02929	0.02527	0.01838	0.00919	0.00747	0.00230	0.00632	0.00747	0.00919	0.01263
29	0.02822	0.02079	0.02228	0.01708	0.02302	0.02302	0.01411	0.66804	0.03490	0.04679	0.01782	0.01782	0.01262	0.00891	0.00743	0.00223	0.00817	0.00668	0.00743	0.01262
30	0.01805	0.02183	0.09448	0.05486	0.06897	0.04688	0.50741	0.04878	0.01806	0.02427	0.01473	0.01922	0.01107	0.00654	0.00837	0.00244	0.01198	0.00807	0.00383	0.01016
31	0.79154	0.01436	0.01091	0.00976	0.01436	0.01665	0.00804	0.02182	0.01263	0.03331	0.01034	0.01206	0.00804	0.00689	0.00459	0.00230	0.00574	0.00402	0.00459	0.00804
32	0.02571	0.07142	0.02079	0.04878	0.02140	0.01476	0.05696	0.14454	0.02263	0.34135	0.12780	0.02699	0.02387	0.00957	0.00754	0.00226	0.00694	0.00803	0.00757	0.01111
33	0.00967	0.00702	0.00923	0.01055	0.01152	0.00658	0.00765	0.01162	0.01567	0.02079	0.11509	0.49457	0.10403	0.02153	0.00947	0.00296	0.00460	0.12413	0.00702	0.00629
34	0.04429	0.69749	0.03749	0.01275	0.01903	0.02877	0.01260	0.04297	0.01564	0.01890	0.01056	0.01210	0.00958	0.00645	0.00484	0.00163	0.00788	0.00406	0.00336	0.00958
35	0.01563	0.01354	0.01655	0.01372	0.07076	0.01051	0.00990	0.01901	0.01551	0.02420	0.01326	0.01563	0.01106	0.00559	0.00564	0.00119	0.00576	0.00457	0.00434	0.72364
36	0.03267	0.01366	0.01786	0.01369	0.01946	0.01243	0.01131	0.11530	0.02296	0.61640	0.02785	0.02434	0.01766	0.00915	0.00746	0.00229	0.00655	0.00737	0.00897	0.01263
37	0.01080	0.00720	0.00810	0.00810	0.00810	0.00720	0.00450	0.01080	0.01080	0.01439	0.02339	0.04858	0.02699	0.73910	0.03779	0.00720	0.00720	0.01080	0.00450	0.00450
38	0.02697	0.03268	0.04531	0.01890	0.02317	0.55998	0.01483	0.12405	0.02259	0.02261	0.01243	0.01422	0.01002	0.00799	0.00740	0.00202	0.03609	0.00515	0.00432	0.00927
39	0.03331	0.01263	0.01723	0.01321	0.01895	0.01091	0.01091	0.03618	0.02125	0.69794	0.02929	0.02527	0.01838	0.00919	0.00747	0.00230	0.00632	0.00747	0.00919	0.01263
40	0.00927	0.00662	0.00888	0.01060	0.01113	0.00623	0.00729	0.01073	0.01444	0.01921	0.04079	0.68303	0.04860	0.02304	0.00954	0.00305	0.00451	0.07006	0.00689	0.00609
41	0.00904	0.00646	0.00861	0.01034	0.01077	0.00603	0.00689	0.01034	0.01421	0.01895	0.04092	0.73426	0.04910	0.02326	0.00948	0.00301	0.00431	0.02110	0.00689	0.00603
42	0.01085	0.00753	0.00981	0.00981	0.01050	0.00814	0.00674	0.01224	0.01155	0.01634	0.02181	0.03863	0.02272	0.38923	0.34597	0.00912	0.01287	0.00930	0.04124	0.00560
43	0.00903	0.00650	0.00857	0.01023	0.01074	0.00604	0.00684	0.01035	0.01432	0.01899	0.04223	0.70891	0.07360	0.02309	0.00945	0.00300	0.00429	0.02090	0.00689	0.00604
44	0.02822	0.02079	0.02228	0.01708	0.02302	0.02302	0.01411	0.66804	0.03490	0.04679	0.01782	0.01782	0.01262	0.00891	0.00743	0.00223	0.00817	0.00668	0.00743	0.01262
45	0.01985	0.74357	0.03890	0.01270	0.01905	0.02937	0.01270	0.02223	0.01508	0.01747	0.01032	0.01191	0.00953	0.00635	0.00476	0.00159	0.00794	0.00397	0.00318	0.00953
46	0.01539	0.01319	0.01539	0.01100	0.01759	0.00990	0.00880	0.01869	0.01539	0.02419	0.01319	0.01539	0.01100	0.00550	0.00550	0.00110	0.00550	0.00440	0.00440	0.78449
47	0.04296	0.10031	0.30915	0.02148	0.11045	0.07591	0.02013	0.07835	0.06754	0.04760	0.01623	0.01989	0.01279	0.00805	0.00698	0.00227	0.00947	0.03537	0.00437	0.01070

[dist]
# distance from previous block
# <min> <max>
0	1

[block]
# block no. 2 follows, 27 sequences, length 12
# corresponding to MSA columns:
# 312-323
name=unknown_C
#
# <colnr> <probs for GDERKNQSTAVLIFYWHMCP>
#	G	D	E	R	K	N	Q	S	T	A	V	L	I	F	Y	W	H	M	C	P
0	0.33450	0.10678	0.26644	0.01508	0.02234	0.01904	0.01632	0.09577	0.01654	0.02947	0.01227	0.01401	0.00923	0.00712	0.00583	0.00223	0.00817	0.00485	0.00422	0.00980
1	0.02485	0.01626	0.02333	0.06401	0.27837	0.01641	0.01659	0.14697	0.05709	0.24897	0.02052	0.02110	0.01457	0.00811	0.00742	0.00227	0.00778	0.00700	0.00636	0.01202
2	0.10597	0.42561	0.25626	0.01519	0.02288	0.02388	0.01708	0.02261	0.01500	0.02128	0.01132	0.01318	0.00932	0.00665	0.00551	0.00192	0.00870	0.00448	0.00332	0.00984
3	0.01402	0.00903	0.01003	0.00915	0.01233	0.00797	0.00707	0.01742	0.06202	0.14630	0.08808	0.05937	0.49681	0.01630	0.00845	0.00246	0.00436	0.01358	0.00741	0.00784
4	0.02038	0.02465	0.31077	0.01779	0.04793	0.01506	0.01833	0.05373	0.09327	0.18467	0.01920	0.01945	0.01347	0.00773	0.00701	0.00216	0.00831	0.00621	0.00544	0.12444
5	0.00929	0.00693	0.00865	0.00951	0.01067	0.00628	0.00664	0.01117	0.01622	0.02144	0.18297	0.44784	0.19408	0.02060	0.00917	0.00276	0.00402	0.01832	0.00716	0.00628
6	0.01539	0.01319	0.01539	0.01100	0.01759	0.00990	0.00880	0.01869	0.01539	0.02419	0.01319	0.01539	0.01100	0.00550	0.00550	0.00110	0.00550	0.00440	0.00440	0.78449
7	0.02295	0.01735	0.01997	0.06931	0.05924	0.01934	0.01380	0.26876	0.30294	0.09033	0.02344	0.02277	0.01708	0.00919	0.00748	0.00237	0.00721	0.00746	0.00712	0.01189
8	0.05723	0.04003	0.11090	0.14481	0.10609	0.01582	0.09495	0.02598	0.09223	0.15713	0.02026	0.06809	0.01585	0.00879	0.00747	0.00240	0.00843	0.00785	0.00532	0.01037
9	0.01720	0.01421	0.01998	0.01434	0.02101	0.01136	0.11144	0.02092	0.01621	0.07942	0.01480	0.01693	0.01164	0.00592	0.00617	0.00142	0.00666	0.00533	0.00469	0.60036
10	0.01395	0.00955	0.01162	0.00999	0.01351	0.00798	0.00766	0.01675	0.01792	0.10209	0.23301	0.12149	0.16938	0.01350	0.00781	0.00211	0.00451	0.01161	0.00686	0.21869
11	0.02174	0.04956	0.02675	0.11527	0.08176	0.01840	0.15332	0.15613	0.06270	0.13726	0.03620	0.02107	0.01468	0.00844	0.00888	0.00240	0.06170	0.00739	0.00561	0.01074

[dist]
# distance from previous block
# <min> <max>
3	10

[block]
# block no. 3 follows, 27 sequences, length 29
# corresponding to MSA columns:
# 334-362
name=unknown_D
#
# <colnr> <probs for GDERKNQSTAVLIFYWHMCP>
#	G	D	E	R	K	N	Q	S	T	A	V	L	I	F	Y	W	H	M	C	P
0	0.05772	0.05489	0.04069	0.04870	0.01955	0.01364	0.01104	0.11858	0.03788	0.02742	0.05342	0.08415	0.01935	0.00928	0.00669	0.00187	0.00635	0.04112	0.00534	0.34231
1	0.02321	0.01726	0.04583	0.05465	0.05734	0.05395	0.06554	0.18739	0.04536	0.18936	0.03749	0.08572	0.01830	0.00963	0.00754	0.00225	0.00783	0.00821	0.00650	0.07664
2	0.01621	0.01469	0.02236	0.45230	0.06828	0.01709	0.04221	0.07920	0.07516	0.02332	0.01506	0.01974	0.01148	0.00778	0.00803	0.00236	0.03900	0.00665	0.00417	0.07492
3	0.05048	0.01635	0.05956	0.38770	0.15417	0.01707	0.05248	0.08147	0.01759	0.07092	0.01486	0.01922	0.01103	0.00744	0.00734	0.00238	0.00932	0.00661	0.00423	0.00979
4	0.12247	0.05367	0.02476	0.17813	0.22383	0.05155	0.07172	0.02248	0.01601	0.06094	0.01376	0.01746	0.01084	0.00704	0.00722	0.00219	0.02682	0.00606	0.00407	0.07898
5	0.01423	0.01399	0.02403	0.07371	0.06057	0.03859	0.23708	0.01889	0.04935	0.02179	0.02797	0.25497	0.05130	0.01369	0.00880	0.00271	0.00841	0.06629	0.00528	0.00833
6	0.02104	0.01869	0.02071	0.05430	0.05670	0.07356	0.04853	0.17315	0.38456	0.03213	0.02354	0.02314	0.01764	0.00912	0.00751	0.00239	0.00767	0.00758	0.00662	0.01142
7	0.01752	0.02003	0.04380	0.03129	0.03880	0.01877	0.66583	0.02378	0.01752	0.02378	0.01502	0.02003	0.01126	0.00626	0.00876	0.00250	0.01252	0.00876	0.00375	0.01001
8	0.00952	0.00829	0.04587	0.01091	0.01194	0.00686	0.00802	0.01122	0.01402	0.01891	0.03753	0.62757	0.04434	0.05441	0.04949	0.00365	0.00565	0.01910	0.00643	0.00626
9	0.01489	0.03840	0.70064	0.02116	0.03213	0.01724	0.02743	0.02351	0.01567	0.02351	0.01332	0.01567	0.00940	0.00705	0.00705	0.00235	0.01097	0.00549	0.00313	0.01097
10	0.01752	0.02003	0.04380	0.03129	0.03880	0.01877	0.66583	0.02378	0.01752	0.02378	0.01502	0.02003	0.01126	0.00626	0.00876	0.00250	0.01252	0.00876	0.00375	0.01001
11	0.01985	0.74357	0.03890	0.01270	0.01905	0.02937	0.01270	0.02223	0.01508	0.01747	0.01032	0.01191	0.00953	0.00635	0.00476	0.00159	0.00794	0.00397	0.00318	0.00953
12	0.01589	0.03700	0.66360	0.02073	0.03142	0.01690	0.02653	0.02420	0.01598	0.06007	0.01419	0.01619	0.00989	0.00717	0.00708	0.00235	0.01072	0.00559	0.00346	0.01106
13	0.01017	0.00933	0.04715	0.01201	0.01391	0.00769	0.04337	0.01251	0.01533	0.02010	0.04367	0.45380	0.15255	0.02036	0.00930	0.00292	0.00536	0.10728	0.00652	0.00666
14	0.00904	0.00646	0.00861	0.01034	0.01077	0.00603	0.00689	0.01034	0.01421	0.01895	0.04092	0.73426	0.04910	0.02326	0.00948	0.00301	0.00431	0.02110	0.00689	0.00603
15	0.03331	0.01263	0.01723	0.01321	0.01895	0.01091	0.01091	0.03618	0.02125	0.69794	0.02929	0.02527	0.01838	0.00919	0.00747	0.00230	0.00632	0.00747	0.00919	0.01263
16	0.01437	0.01356	0.02291	0.66631	0.10331	0.01659	0.02079	0.01928	0.01501	0.01940	0.01326	0.01968	0.01005	0.00736	0.00742	0.00245	0.00981	0.00660	0.00333	0.00853
17	0.01809	0.02007	0.04267	0.03054	0.03796	0.01900	0.63132	0.05789	0.01844	0.02500	0.01517	0.01991	0.01134	0.00640	0.00869	0.00249	0.01229	0.00865	0.00395	0.01015
18	0.00904	0.00646	0.00861	0.01034	0.01077	0.00603	0.00689	0.01034	0.01421	0.01895	0.04092	0.73426	0.04910	0.02326	0.00948	0.00301	0.00431	0.02110	0.00689	0.00603
19	0.02253	0.50563	0.03306	0.01465	0.02036	0.18957	0.01323	0.08693	0.01842	0.02049	0.01132	0.01283	0.00984	0.00691	0.00548	0.00173	0.00925	0.00443	0.00374	0.00961
20	0.01859	0.11812	0.41452	0.04746	0.08730	0.01784	0.04087	0.02501	0.01656	0.12306	0.01543	0.01715	0.01103	0.00724	0.00692	0.00225	0.00972	0.00583	0.00411	0.01098
21	0.01751	0.02104	0.09879	0.03414	0.21024	0.01834	0.43973	0.02349	0.01719	0.02388	0.01459	0.01920	0.01123	0.00642	0.00824	0.00241	0.01141	0.00790	0.00368	0.01056
22	0.01068	0.00764	0.01033	0.01033	0.01111	0.00841	0.00729	0.01223	0.01146	0.01605	0.02134	0.03725	0.02207	0.34022	0.42994	0.00996	0.01460	0.00914	0.00419	0.00574
23	0.02773	0.03538	0.02104	0.01913	0.02295	0.70930	0.01434	0.02964	0.02104	0.01817	0.01148	0.01339	0.00956	0.00765	0.00669	0.00191	0.01339	0.00478	0.00383	0.00861
24	0.01866	0.01840	0.04817	0.26225	0.33211	0.06266	0.02059	0.10285	0.01871	0.02492	0.01401	0.01836	0.01103	0.00725	0.00733	0.00228	0.00946	0.00646	0.00401	0.01048
25	0.06200	0.05764	0.02151	0.08114	0.04711	0.09389	0.01412	0.25173	0.09236	0.08456	0.01712	0.01833	0.01281	0.00868	0.00848	0.00226	0.07094	0.00632	0.00583	0.04318
26	0.11308	0.01590	0.02262	0.27459	0.06956	0.05301	0.08119	0.05470	0.01551	0.02265	0.01318	0.01849	0.01071	0.01217	0.06717	0.00330	0.13316	0.00650	0.00382	0.00869
27	0.11063	0.05695	0.02335	0.13412	0.05466	0.05498	0.09160	0.14928	0.10530	0.06485	0.01673	0.01872	0.01256	0.00791	0.00743	0.00227	0.02709	0.00650	0.00526	0.04983
28	0.14255	0.01599	0.05370	0.33571	0.06114	0.01704	0.01669	0.14116	0.01852	0.02739	0.01504	0.02110	0.01198	0.00816	0.00699	0.00236	0.00851	0.04013	0.00454	0.05131

[dist]
# distance from previous block
# <min> <max>
22	73

[block]
# block no. 4 follows, 27 sequences, length 36
# corresponding to MSA columns:
# 447-482
name=unknown_E
#
# <colnr> <probs for GDERKNQSTAVLIFYWHMCP>
#	G	D	E	R	K	N	Q	S	T	A	V	L	I	F	Y	W	H	M	C	P
0	0.05674	0.38430	0.28489	0.01648	0.02449	0.02356	0.03644	0.05691	0.01630	0.02225	0.01198	0.01387	0.00962	0.00677	0.00587	0.00197	0.00911	0.00482	0.00347	0.01017
1	0.01847	0.44039	0.28439	0.01610	0.02415	0.02450	0.01827	0.05897	0.01642	0.02136	0.01186	0.01364	0.00966	0.00676	0.00577	0.00191	0.00908	0.00469	0.00340	0.01024
2	0.01957	0.70398	0.07606	0.01318	0.01979	0.02869	0.01353	0.02230	0.01512	0.01781	0.01049	0.01212	0.00952	0.00639	0.00489	0.00163	0.00811	0.00405	0.00317	0.00961
3	0.02169	0.01597	0.01753	0.01447	0.01853	0.01743	0.01150	0.39997	0.07480	0.03627	0.06096	0.03258	0.02218	0.14894	0.01353	0.00331	0.00742	0.06589	0.00687	0.01016
4	0.01192	0.00658	0.00924	0.00949	0.00967	0.00646	0.00626	0.00994	0.01079	0.01426	0.02100	0.12912	0.05165	0.10455	0.02625	0.54930	0.00610	0.00946	0.00406	0.00391
5	0.11914	0.01855	0.02107	0.01635	0.02207	0.02009	0.04938	0.42648	0.07423	0.12958	0.01916	0.01893	0.01346	0.00864	0.00718	0.00228	0.00772	0.00670	0.00712	0.01187
6	0.01850	0.02077	0.03726	0.02756	0.03386	0.08408	0.48865	0.02568	0.09090	0.02367	0.01602	0.02000	0.01227	0.00726	0.00947	0.00250	0.05927	0.00819	0.00415	0.00995
7	0.01064	0.00713	0.00814	0.00830	0.00834	0.00709	0.00471	0.01075	0.01110	0.01481	0.02498	0.11057	0.02899	0.67438	0.03523	0.00682	0.00694	0.01173	0.00471	0.00464
8	0.01081	0.00778	0.01038	0.01049	0.01217	0.00735	0.00826	0.01418	0.01967	0.02731	0.49101	0.09642	0.06204	0.01694	0.00917	0.00264	0.00439	0.17431	0.00777	0.00691
9	0.01669	0.18851	0.52015	0.01924	0.02881	0.06001	0.02353	0.02359	0.01586	0.02191	0.01258	0.01474	0.00944	0.00694	0.00654	0.00216	0.01047	0.00512	0.00318	0.01053
10	0.01805	0.01730	0.02954	0.09630	0.64461	0.01755	0.02262	0.02250	0.01675	0.02386	0.01391	0.01848	0.01162	0.00668	0.00735	0.00223	0.00890	0.00661	0.00365	0.01150
11	0.01940	0.67940	0.09911	0.01347	0.02024	0.02827	0.01404	0.02235	0.01514	0.01802	0.01059	0.01225	0.00952	0.00642	0.00497	0.00166	0.00821	0.00411	0.00317	0.00966
12	0.00903	0.00653	0.00854	0.01015	0.01072	0.00605	0.00681	0.01036	0.01439	0.01902	0.04320	0.69018	0.09170	0.02296	0.00943	0.00298	0.00427	0.02074	0.00689	0.00605
13	0.01539	0.01319	0.01539	0.01100	0.01759	0.00990	0.00880	0.01869	0.01539	0.02419	0.01319	0.01539	0.01100	0.00550	0.00550	0.00110	0.00550	0.00440	0.00440	0.78449
14	0.01524	0.06392	0.57821	0.02156	0.03166	0.01757	0.09727	0.02318	0.01603	0.02350	0.03536	0.01730	0.01159	0.00720	0.00721	0.00234	0.01078	0.00605	0.00337	0.01068
15	0.00917	0.00717	0.00823	0.00886	0.01044	0.00634	0.00632	0.01092	0.01597	0.02013	0.10048	0.30562	0.37217	0.05124	0.01032	0.00291	0.00418	0.03650	0.00687	0.00617
16	0.01753	0.01486	0.02158	0.32261	0.15510	0.01697	0.01749	0.02745	0.23112	0.06900	0.01992	0.02246	0.01494	0.00825	0.00745	0.00243	0.00816	0.00724	0.00514	0.01031
17	0.02146	0.29579	0.27791	0.01596	0.02386	0.02016	0.01769	0.02627	0.01688	0.19394	0.01629	0.01672	0.01175	0.00734	0.00630	0.00205	0.00864	0.00543	0.00470	0.01086
18	0.01867	0.01620	0.02247	0.39242	0.16306	0.09278	0.01869	0.02284	0.01683	0.10460	0.01645	0.02267	0.01290	0.00817	0.00747	0.00239	0.00948	0.03814	0.00434	0.00942
19	0.02629	0.01097	0.01480	0.01210	0.01641	0.00964	0.00960	0.02894	0.01994	0.49482	0.12422	0.10964	0.02956	0.04615	0.00931	0.00261	0.00573	0.00999	0.00857	0.01071
20	0.30219	0.02568	0.01812	0.01754	0.06807	0.37020	0.01267	0.06340	0.01852	0.02572	0.01161	0.01353	0.00935	0.00738	0.00603	0.00209	0.01000	0.00475	0.00430	0.00886
21	0.07113	0.01445	0.02352	0.49256	0.21703	0.01681	0.02028	0.02018	0.01523	0.02139	0.01319	0.01886	0.01025	0.00717	0.00720	0.00239	0.00931	0.00642	0.00349	0.00915
22	0.02498	0.02219	0.02854	0.02154	0.02771	0.09820	0.20802	0.40527	0.02819	0.03675	0.01628	0.01798	0.01188	0.00798	0.00774	0.00227	0.01004	0.00709	0.00593	0.01140
23	0.00933	0.00710	0.00844	0.00900	0.01041	0.00637	0.00632	0.01117	0.01628	0.02114	0.17522	0.32607	0.28339	0.06167	0.01073	0.00295	0.00412	0.01708	0.00700	0.00621
24	0.01752	0.02003	0.04380	0.03129	0.03880	0.01877	0.66583	0.02378	0.01752	0.02378	0.01502	0.02003	0.01126	0.00626	0.00876	0.00250	0.01252	0.00876	0.00375	0.01001
25	0.01741	0.27551	0.43275	0.01818	0.02712	0.06734	0.02160	0.02349	0.01583	0.02112	0.01219	0.01425	0.00946	0.00686	0.00626	0.00207	0.01011	0.00493	0.00319	0.01033
26	0.01846	0.01595	0.01679	0.01511	0.01930	0.01846	0.01175	0.03945	0.67938	0.03105	0.03022	0.02770	0.02266	0.01007	0.00755	0.00252	0.00588	0.00839	0.00755	0.01175
27	0.23021	0.01342	0.01579	0.01247	0.01792	0.01290	0.01030	0.05843	0.01957	0.49838	0.02389	0.02153	0.01545	0.00858	0.00672	0.00229	0.00624	0.00654	0.00792	0.01144
28	0.02089	0.01998	0.02336	0.02591	0.22397	0.12300	0.04833	0.11911	0.23043	0.02854	0.02037	0.02323	0.01624	0.00874	0.00751	0.00233	0.00859	0.03279	0.00559	0.01111
29	0.01729	0.01653	0.02817	0.21421	0.53265	0.01735	0.02224	0.02183	0.01639	0.02293	0.01377	0.01873	0.01129	0.00682	0.00737	0.00227	0.00909	0.00661	0.00358	0.01088
30	0.01008	0.00734	0.00925	0.00920	0.01063	0.00677	0.00659	0.01268	0.01838	0.02531	0.44237	0.17696	0.13127	0.08582	0.01164	0.00294	0.00402	0.01479	0.00745	0.00651
31	0.19614	0.02612	0.01920	0.01641	0.02108	0.33874	0.01288	0.23069	0.02359	0.03059	0.01324	0.01450	0.01020	0.00788	0.00646	0.00210	0.01005	0.00522	0.00514	0.00976
32	0.14979	0.02677	0.14794	0.01698	0.02277	0.22682	0.01537	0.15743	0.11548	0.02929	0.01560	0.01654	0.01177	0.00801	0.00669	0.00221	0.00954	0.00569	0.00508	0.01022
33	0.01289	0.00645	0.00967	0.00967	0.00967	0.00645	0.00645	0.00967	0.00967	0.01289	0.01289	0.02257	0.01289	0.02579	0.02901	0.78401	0.00645	0.00645	0.00322	0.00322
34	0.01008	0.00721	0.00801	0.00815	0.00899	0.00678	0.00513	0.01067	0.01300	0.01653	0.04111	0.11068	0.24153	0.42371	0.02584	0.03314	0.00583	0.01304	0.00542	0.00515
35	0.10893	0.02075	0.02084	0.01788	0.05932	0.08330	0.01373	0.44233	0.09424	0.03993	0.01746	0.01781	0.01280	0.00857	0.00706	0.00223	0.00819	0.00639	0.00660	0.01163

[dist]
# distance from previous block
# <min> <max>
0	5

[block]
# block no. 5 follows, 27 sequences, length 7
# corresponding to MSA columns:
# 488-494
name=unknown_F
#
# <colnr> <probs for GDERKNQSTAVLIFYWHMCP>
#	G	D	E	R	K	N	Q	S	T	A	V	L	I	F	Y	W	H	M	C	P
0	0.02696	0.03223	0.02078	0.01857	0.02263	0.58083	0.01409	0.09323	0.08057	0.02212	0.01375	0.01509	0.01102	0.00799	0.00684	0.00200	0.01221	0.00529	0.00451	0.00928
1	0.01073	0.00683	0.00871	0.00915	0.00955	0.00659	0.00590	0.01050	0.01238	0.01639	0.06044	0.22826	0.08573	0.25399	0.02396	0.22227	0.00575	0.01288	0.00516	0.00482
2	0.07957	0.01338	0.01460	0.01268	0.01657	0.04207	0.01010	0.08941	0.14883	0.17777	0.14522	0.03646	0.09357	0.01364	0.03760	0.00281	0.00653	0.04203	0.00737	0.00978
3	0.28729	0.06301	0.04784	0.01690	0.02269	0.09685	0.14605	0.08167	0.01778	0.08916	0.01409	0.01588	0.01054	0.00713	0.00636	0.00218	0.00859	0.00571	0.00485	0.05546
4	0.10597	0.19465	0.42035	0.01737	0.02589	0.01933	0.02071	0.02244	0.01529	0.02317	0.01414	0.01924	0.01164	0.00783	0.00647	0.00225	0.00938	0.05030	0.00358	0.01001
5	0.12850	0.09595	0.21033	0.01829	0.02517	0.09138	0.10555	0.09220	0.04720	0.02630	0.01419	0.01657	0.01095	0.00962	0.04200	0.00267	0.01009	0.00584	0.00425	0.04293
6	0.04918	0.16381	0.23046	0.01820	0.02572	0.01890	0.11078	0.09241	0.01821	0.10173	0.01544	0.01732	0.01150	0.00925	0.03724	0.00254	0.00964	0.00600	0.00454	0.05712

[dist]
# distance from previous block
# <min> <max>
4	56

[block]
# block no. 6 follows, 27 sequences, length 19
# corresponding to MSA columns:
# 556-574
name=unknown_G
#
# <colnr> <probs for GDERKNQSTAVLIFYWHMCP>
#	G	D	E	R	K	N	Q	S	T	A	V	L	I	F	Y	W	H	M	C	P
0	0.04899	0.02031	0.08667	0.09748	0.02374	0.16109	0.01406	0.10322	0.05568	0.13904	0.09796	0.05997	0.02144	0.01094	0.02460	0.00252	0.00878	0.00784	0.00593	0.00975
1	0.07960	0.04680	0.04896	0.17985	0.02893	0.03644	0.09094	0.06167	0.07998	0.02521	0.01492	0.01782	0.01158	0.00695	0.00664	0.00198	0.00812	0.00595	0.00445	0.24322
2	0.08039	0.01610	0.04723	0.10532	0.15273	0.01511	0.10969	0.07405	0.01814	0.06537	0.07570	0.02128	0.01664	0.00758	0.00710	0.00209	0.00797	0.00690	0.00487	0.16573
3	0.01726	0.01923	0.11910	0.12462	0.17233	0.03981	0.14609	0.02213	0.01657	0.06378	0.01664	0.06956	0.01396	0.00794	0.00747	0.00222	0.00921	0.00759	0.00424	0.12024
4	0.04781	0.01702	0.02053	0.05637	0.02287	0.09255	0.08927	0.07340	0.01747	0.05129	0.01432	0.01736	0.01151	0.01010	0.05232	0.00245	0.05565	0.00574	0.00453	0.33743
5	0.01859	0.02828	0.38982	0.15630	0.03315	0.01775	0.02237	0.14674	0.01959	0.07532	0.01530	0.01757	0.01076	0.00763	0.00723	0.00235	0.00989	0.00607	0.00442	0.01088
6	0.01612	0.01586	0.02307	0.48615	0.07346	0.06696	0.05991	0.02338	0.11810	0.02133	0.01585	0.02050	0.01202	0.00774	0.00747	0.00243	0.00964	0.00688	0.00404	0.00909
7	0.01923	0.01632	0.05269	0.27126	0.06532	0.03851	0.01669	0.11497	0.01887	0.10769	0.06410	0.02164	0.01575	0.00902	0.00964	0.00242	0.10331	0.00700	0.00503	0.04053
8	0.01437	0.01355	0.02290	0.66670	0.10294	0.01659	0.02079	0.01928	0.01501	0.01939	0.01326	0.01968	0.01005	0.00736	0.00742	0.00245	0.00981	0.00660	0.00333	0.00853
9	0.01080	0.00720	0.00810	0.00810	0.00810	0.00720	0.00450	0.01080	0.01080	0.01439	0.02339	0.04858	0.02699	0.73910	0.03779	0.00720	0.00720	0.01080	0.00450	0.00450
10	0.02773	0.03538	0.02104	0.01913	0.02295	0.70930	0.01434	0.02964	0.02104	0.01817	0.01148	0.01339	0.00956	0.00765	0.00669	0.00191	0.01339	0.00478	0.00383	0.00861
11	0.02822	0.02079	0.02228	0.01708	0.02302	0.02302	0.01411	0.66804	0.03490	0.04679	0.01782	0.01782	0.01262	0.00891	0.00743	0.00223	0.00817	0.00668	0.00743	0.01262
12	0.01080	0.00720	0.00810	0.00810	0.00810	0.00720	0.00450	0.01080	0.01080	0.01439	0.02339	0.04858	0.02699	0.73910	0.03779	0.00720	0.00720	0.01080	0.00450	0.00450
13	0.79154	0.01436	0.01091	0.00976	0.01436	0.01665	0.00804	0.02182	0.01263	0.03331	0.01034	0.01206	0.00804	0.00689	0.00459	0.00230	0.00574	0.00402	0.00459	0.00804
14	0.02918	0.11954	0.02131	0.01404	0.01962	0.05610	0.03836	0.03210	0.02018	0.49568	0.05923	0.02397	0.01896	0.00888	0.00715	0.00218	0.00709	0.00716	0.00772	0.01154
15	0.01725	0.01708	0.03077	0.26087	0.12972	0.01829	0.25145	0.06885	0.05774	0.02410	0.01519	0.01989	0.01161	0.00737	0.00854	0.00246	0.03738	0.00749	0.00407	0.00988
16	0.01297	0.01237	0.10522	0.01125	0.01481	0.00894	0.01018	0.01656	0.01792	0.09207	0.27168	0.04734	0.21185	0.02025	0.10954	0.00376	0.00724	0.01153	0.00664	0.00787
17	0.59923	0.01597	0.01442	0.05708	0.01887	0.05894	0.04452	0.02348	0.06124	0.03081	0.01226	0.01417	0.00947	0.00716	0.00533	0.00231	0.00684	0.00480	0.00463	0.00846
18	0.01810	0.48315	0.24306	0.01571	0.02313	0.02523	0.01747	0.02238	0.01505	0.01936	0.01122	0.01332	0.00950	0.00695	0.00660	0.00192	0.05019	0.00458	0.00317	0.00989

[dist]
# distance from previous block
# <min> <max>
0	10

[block]
# block no. 7 follows, 27 sequences, length 12
# corresponding to MSA columns:
# 585-596
name=unknown_H
#
# <colnr> <probs for GDERKNQSTAVLIFYWHMCP>
#	G	D	E	R	K	N	Q	S	T	A	V	L	I	F	Y	W	H	M	C	P
0	0.01230	0.07487	0.01220	0.01082	0.01229	0.00863	0.00780	0.01384	0.01495	0.08198	0.03702	0.60182	0.04260	0.02039	0.00885	0.00282	0.00483	0.01826	0.00676	0.00697
1	0.01865	0.09289	0.32847	0.02187	0.11405	0.01653	0.06485	0.02455	0.01733	0.13579	0.07807	0.02123	0.01693	0.00798	0.00722	0.00226	0.00905	0.00678	0.00472	0.01079
2	0.02610	0.02405	0.08324	0.04393	0.02403	0.18240	0.01500	0.29177	0.08726	0.12092	0.01839	0.01855	0.01319	0.00853	0.00724	0.00221	0.00927	0.00638	0.00627	0.01128
3	0.09048	0.01846	0.02173	0.02054	0.08207	0.11110	0.01548	0.02150	0.01395	0.06682	0.01177	0.01630	0.01035	0.01087	0.01747	0.00282	0.44943	0.00612	0.00390	0.00883
4	0.79154	0.01436	0.01091	0.00976	0.01436	0.01665	0.00804	0.02182	0.01263	0.03331	0.01034	0.01206	0.00804	0.00689	0.00459	0.00230	0.00574	0.00402	0.00459	0.00804
5	0.00900	0.00753	0.00784	0.00776	0.01017	0.00636	0.00582	0.01109	0.01746	0.02133	0.15584	0.06934	0.60835	0.01832	0.00877	0.00248	0.00373	0.01537	0.00706	0.00636
6	0.02564	0.01993	0.01960	0.01611	0.02111	0.10989	0.01288	0.32515	0.18850	0.11921	0.02238	0.04914	0.01685	0.00964	0.00745	0.00230	0.00791	0.00752	0.00718	0.01162
7	0.00900	0.00664	0.00843	0.00987	0.01064	0.00607	0.00668	0.01039	0.01466	0.01913	0.04662	0.62404	0.15564	0.02252	0.00936	0.00293	0.00422	0.02020	0.00689	0.00607
8	0.01567	0.01659	0.04798	0.18763	0.02823	0.07451	0.08047	0.01965	0.04054	0.01928	0.01505	0.04360	0.01355	0.05110	0.09650	0.00402	0.22617	0.00749	0.00379	0.00822
9	0.02356	0.13971	0.02182	0.01629	0.02010	0.43322	0.01258	0.04816	0.07182	0.01955	0.01457	0.01907	0.01300	0.10379	0.01057	0.00262	0.01095	0.00580	0.00423	0.00860
10	0.05218	0.22391	0.23515	0.02202	0.13573	0.16939	0.01905	0.02429	0.01674	0.02126	0.01210	0.01446	0.00981	0.00691	0.00630	0.00202	0.01009	0.00505	0.00345	0.01008
11	0.05032	0.44766	0.17107	0.01490	0.02157	0.02322	0.04301	0.02156	0.01528	0.02024	0.01427	0.04794	0.01310	0.00800	0.00588	0.00197	0.00833	0.03661	0.02564	0.00943

[dist]
# distance from previous block
# <min> <max>
0	17

[block]
# block no. 8 follows, 27 sequences, length 13
# corresponding to MSA columns:
# 614-626
name=unknown_I
#
# <colnr> <probs for GDERKNQSTAVLIFYWHMCP>
#	G	D	E	R	K	N	Q	S	T	A	V	L	I	F	Y	W	H	M	C	P
0	0.06177	0.33214	0.22949	0.01733	0.02478	0.08353	0.06842	0.06376	0.01708	0.02250	0.01214	0.01416	0.00974	0.00685	0.00608	0.00199	0.00956	0.00504	0.00361	0.01002
1	0.05806	0.45407	0.23410	0.01504	0.02241	0.02398	0.01668	0.02210	0.01496	0.02009	0.01175	0.01399	0.00991	0.00930	0.04412	0.00242	0.00939	0.00464	0.00328	0.00972
2	0.01737	0.39106	0.36969	0.01693	0.02559	0.02331	0.02006	0.02287	0.01538	0.02049	0.01182	0.01379	0.00947	0.00670	0.00591	0.00197	0.00945	0.00473	0.00316	0.01025
3	0.01954	0.70009	0.07970	0.01322	0.01986	0.02863	0.01361	0.02231	0.01512	0.01784	0.01051	0.01214	0.00952	0.00639	0.00490	0.00163	0.00813	0.00406	0.00317	0.00962
4	0.00990	0.00756	0.00908	0.00870	0.01072	0.00675	0.00653	0.01284	0.01958	0.02637	0.47439	0.06104	0.28665	0.01644	0.00876	0.00239	0.00359	0.01421	0.00773	0.00675
5	0.05332	0.01260	0.01475	0.01108	0.01696	0.00997	0.00878	0.01969	0.01569	0.08553	0.01698	0.07988	0.01491	0.00748	0.00599	0.00144	0.00548	0.00614	0.00506	0.60828
6	0.01539	0.01319	0.01539	0.01100	0.01759	0.00990	0.00880	0.01869	0.01539	0.02419	0.01319	0.01539	0.01100	0.00550	0.00550	0.00110	0.00550	0.00440	0.00440	0.78449
7	0.01752	0.02003	0.04380	0.03129	0.03880	0.01877	0.66583	0.02378	0.01752	0.02378	0.01502	0.02003	0.01126	0.00626	0.00876	0.00250	0.01252	0.00876	0.00375	0.01001
8	0.00904	0.00646	0.00861	0.01034	0.01077	0.00603	0.00689	0.01034	0.01421	0.01895	0.04092	0.73426	0.04910	0.02326	0.00948	0.00301	0.00431	0.02110	0.00689	0.00603
9	0.13489	0.01377	0.01601	0.01387	0.07697	0.01162	0.00992	0.01954	0.01510	0.02560	0.01282	0.01515	0.01061	0.00581	0.00552	0.00138	0.00583	0.00454	0.00436	0.59668
10	0.02451	0.08359	0.02161	0.01594	0.02122	0.05609	0.01305	0.33702	0.24444	0.07262	0.02155	0.02073	0.01582	0.00902	0.00720	0.00225	0.00756	0.00695	0.00700	0.01186
11	0.01500	0.01430	0.02437	0.53301	0.15276	0.01644	0.05649	0.01984	0.01536	0.02039	0.01342	0.01933	0.01034	0.00712	0.00738	0.00235	0.00962	0.00660	0.00345	0.05245
12	0.02049	0.02135	0.11492	0.06061	0.15836	0.11918	0.01713	0.02860	0.17136	0.10779	0.02020	0.02355	0.01582	0.00903	0.00831	0.00240	0.04609	0.03883	0.00533	0.01066

[dist]
# distance from previous block
# <min> <max>
0	31

[block]
# block no. 9 follows, 27 sequences, length 15
# corresponding to MSA columns:
# 658-672
name=unknown_J
#
# <colnr> <probs for GDERKNQSTAVLIFYWHMCP>
#	G	D	E	R	K	N	Q	S	T	A	V	L	I	F	Y	W	H	M	C	P
0	0.11059	0.03695	0.07017	0.02311	0.17012	0.05147	0.07894	0.17149	0.04973	0.05528	0.06838	0.02054	0.01640	0.00809	0.00713	0.00222	0.00827	0.00687	0.00536	0.03889
1	0.01860	0.08015	0.09050	0.08226	0.40821	0.03707	0.03769	0.02422	0.06082	0.04789	0.01504	0.01841	0.01207	0.00721	0.00761	0.00224	0.02852	0.00644	0.00401	0.01106
2	0.01037	0.00758	0.00974	0.00920	0.01101	0.00695	0.00690	0.01375	0.02069	0.02901	0.64080	0.05671	0.11859	0.01546	0.00876	0.00235	0.00352	0.01360	0.00807	0.00695
3	0.01131	0.01058	0.05866	0.01244	0.04298	0.00856	0.03405	0.01522	0.02011	0.02834	0.55427	0.05070	0.09565	0.01412	0.00858	0.00235	0.00459	0.01254	0.00740	0.00755
4	0.02863	0.01333	0.01713	0.01294	0.01890	0.01150	0.01062	0.07562	0.02078	0.49028	0.02461	0.02237	0.01620	0.00828	0.00699	0.00200	0.00625	0.00667	0.00791	0.19897
5	0.01502	0.02694	0.36565	0.02214	0.03006	0.01597	0.23040	0.02136	0.01541	0.02199	0.01565	0.02288	0.01311	0.13576	0.01302	0.00325	0.01081	0.00748	0.00358	0.00952
6	0.02095	0.01718	0.01818	0.01561	0.02025	0.01962	0.01235	0.19943	0.51536	0.03506	0.02706	0.02518	0.02011	0.00978	0.00752	0.00244	0.00646	0.00796	0.00752	0.01197
7	0.02100	0.01917	0.01756	0.01570	0.01992	0.13970	0.01216	0.03752	0.52322	0.06950	0.02686	0.02503	0.02009	0.00959	0.00740	0.00240	0.00723	0.00770	0.00700	0.01125
8	0.01214	0.00947	0.01244	0.01212	0.01366	0.01091	0.00914	0.01753	0.12944	0.01936	0.02288	0.06563	0.02170	0.14525	0.42858	0.00883	0.03984	0.00904	0.00480	0.00724
9	0.00877	0.00752	0.00752	0.00752	0.01003	0.00627	0.00564	0.01065	0.01692	0.02005	0.07520	0.07144	0.68978	0.01880	0.00877	0.00251	0.00376	0.01567	0.00689	0.00627
10	0.01959	0.61569	0.03736	0.01849	0.13774	0.02731	0.01448	0.02233	0.01540	0.01866	0.01096	0.01305	0.00992	0.00640	0.00522	0.00170	0.00809	0.00444	0.00326	0.00992
11	0.01751	0.01470	0.01583	0.01418	0.01803	0.01665	0.01102	0.06362	0.53402	0.03155	0.14568	0.03214	0.03055	0.01092	0.00776	0.00247	0.00556	0.00920	0.00766	0.01095
12	0.01531	0.01764	0.13611	0.01279	0.02015	0.01119	0.01208	0.01954	0.01544	0.02407	0.01322	0.01544	0.01072	0.00577	0.00577	0.00132	0.00646	0.00459	0.00418	0.64822
13	0.01778	0.44952	0.31484	0.01623	0.02451	0.02431	0.01884	0.02276	0.01533	0.01999	0.01157	0.01348	0.00948	0.00664	0.00572	0.00191	0.00920	0.00460	0.00316	0.01013
14	0.05035	0.01833	0.02336	0.02490	0.21033	0.09926	0.07573	0.02987	0.17345	0.15079	0.02026	0.02102	0.01507	0.00795	0.00728	0.00224	0.00828	0.00697	0.00571	0.04886

[dist]
# distance from previous block
# <min> <max>
4	26

[block]
# block no. 10 follows, 27 sequences, length 7
# corresponding to MSA columns:
# 703-709
name=unknown_K
#
# <colnr> <probs for GDERKNQSTAVLIFYWHMCP>
#	G	D	E	R	K	N	Q	S	T	A	V	L	I	F	Y	W	H	M	C	P
0	0.01811	0.01455	0.01853	0.01421	0.02013	0.01325	0.06937	0.02670	0.20622	0.08778	0.01971	0.02024	0.01504	0.00721	0.00656	0.00174	0.00632	0.00622	0.00568	0.42244
1	0.00951	0.00694	0.00868	0.00947	0.01043	0.00640	0.00647	0.01122	0.01568	0.02093	0.18289	0.41658	0.14400	0.10027	0.01236	0.00326	0.00438	0.01753	0.00690	0.00610
2	0.02427	0.01428	0.01879	0.01761	0.11587	0.01295	0.01226	0.06457	0.07990	0.30626	0.02181	0.02119	0.01533	0.00780	0.00688	0.00195	0.00650	0.00649	0.00674	0.23857
3	0.01705	0.01418	0.01628	0.01178	0.01829	0.01159	0.00948	0.10261	0.01792	0.02711	0.01379	0.01571	0.01121	0.00594	0.00575	0.00125	0.00584	0.00469	0.00479	0.68474
4	0.01650	0.03046	0.45236	0.02117	0.02957	0.01791	0.09471	0.02487	0.07575	0.05391	0.01532	0.01775	0.01126	0.00806	0.00942	0.00249	0.09762	0.00632	0.00389	0.01066
5	0.02126	0.01399	0.01667	0.01227	0.01858	0.01174	0.00995	0.10209	0.01918	0.18874	0.01762	0.01806	0.01297	0.00680	0.00621	0.00152	0.00602	0.00541	0.00592	0.50500
6	0.01152	0.01238	0.09444	0.01200	0.01517	0.00962	0.01064	0.01695	0.10203	0.02247	0.07058	0.18981	0.24421	0.01731	0.00884	0.00276	0.00562	0.13943	0.00656	0.00764

[dist]
# distance from previous block
# <min> <max>
6	42

[block]
# block no. 11 follows, 27 sequences, length 15
# corresponding to MSA columns:
# 754-768
name=unknown_L
#
# <colnr> <probs for GDERKNQSTAVLIFYWHMCP>
#	G	D	E	R	K	N	Q	S	T	A	V	L	I	F	Y	W	H	M	C	P
0	0.04206	0.07627	0.01892	0.04658	0.17318	0.04877	0.01274	0.04960	0.08414	0.02338	0.04736	0.08478	0.17559	0.01549	0.06602	0.00313	0.00787	0.00983	0.00534	0.00895
1	0.02259	0.14974	0.02325	0.01763	0.05925	0.23271	0.01342	0.12409	0.17532	0.02598	0.01765	0.03756	0.01437	0.00844	0.00672	0.00205	0.00899	0.00631	0.00522	0.04871
2	0.01726	0.18628	0.05878	0.01549	0.07548	0.01574	0.01214	0.04894	0.01642	0.07711	0.02048	0.18390	0.02017	0.01073	0.00735	0.00204	0.02952	0.00887	0.00505	0.18824
3	0.01979	0.30664	0.26117	0.01792	0.02560	0.09942	0.06563	0.05939	0.01742	0.04504	0.01288	0.01473	0.01009	0.00697	0.00629	0.00201	0.00987	0.00520	0.00372	0.01023
4	0.01756	0.31423	0.30831	0.01614	0.02377	0.02081	0.01816	0.02330	0.04562	0.05887	0.01615	0.07691	0.01396	0.00842	0.00639	0.00211	0.00870	0.00646	0.00401	0.01010
5	0.02178	0.39701	0.06675	0.01744	0.02337	0.24054	0.09486	0.02481	0.01728	0.01877	0.01141	0.01356	0.00975	0.00678	0.00598	0.00184	0.01036	0.00489	0.00345	0.00937
6	0.01784	0.45822	0.30667	0.01612	0.02435	0.02446	0.01866	0.02275	0.01532	0.01991	0.01154	0.01343	0.00948	0.00664	0.00569	0.00190	0.00917	0.00458	0.00316	0.01011
7	0.01032	0.00727	0.00796	0.00796	0.00855	0.00698	0.00477	0.01076	0.01223	0.01572	0.03551	0.05393	0.18200	0.57065	0.03100	0.00610	0.00639	0.01194	0.00506	0.00491
8	0.01076	0.00899	0.00979	0.01077	0.01195	0.05773	0.00768	0.01257	0.01601	0.02047	0.11416	0.47529	0.12740	0.02047	0.00917	0.00283	0.00501	0.06574	0.00680	0.00642
9	0.01018	0.00853	0.00897	0.00877	0.01132	0.00785	0.00659	0.01458	0.09933	0.02244	0.13583	0.08930	0.51477	0.01749	0.00865	0.00251	0.00401	0.01473	0.00712	0.00702
10	0.02589	0.20101	0.02522	0.01762	0.02204	0.55029	0.01396	0.02791	0.01965	0.01800	0.01121	0.01304	0.00955	0.00735	0.00624	0.00184	0.01211	0.00459	0.00367	0.00882
