[name]
unknown

[dist]
# distance from previous block
# <min> <max>
0	61

[block]
# block no. 0 follows, 27 sequences, length 84
# corresponding to MSA columns:
# 63-146
name=unknown_A
#
# <colnr> <probs for GDERKNQSTAVLIFYWHMCP>
#	G	D	E	R	K	N	Q	S	T	A	V	L	I	F	Y	W	H	M	C	P
0	0.01085	0.00726	0.00827	0.00834	0.00841	0.00726	0.00482	0.01100	0.01107	0.01474	0.02408	0.05011	0.02768	0.70778	0.03659	0.00703	0.00718	0.03834	0.00460	0.00460
1	0.01641	0.10311	0.08910	0.10850	0.12178	0.04634	0.10995	0.05863	0.01809	0.02396	0.11877	0.02793	0.08344	0.00947	0.00810	0.00229	0.03180	0.00829	0.00471	0.00931
2	0.02351	0.01728	0.01888	0.03712	0.04102	0.04510	0.01267	0.25232	0.23197	0.13005	0.02604	0.02494	0.05598	0.00960	0.00744	0.00230	0.00710	0.00769	0.00719	0.04182
3	0.00983	0.00768	0.00832	0.00808	0.01051	0.00656	0.00608	0.01210	0.01794	0.04100	0.20810	0.06667	0.53565	0.01774	0.00873	0.00246	0.00377	0.01495	0.00724	0.00661
4	0.03380	0.02484	0.30379	0.07142	0.20288	0.01600	0.05951	0.02417	0.01681	0.11640	0.01854	0.02069	0.04238	0.00774	0.00734	0.00233	0.00936	0.00675	0.00436	0.01090
5	0.25382	0.10006	0.02084	0.01539	0.02004	0.17147	0.03342	0.16311	0.05647	0.02964	0.01340	0.01499	0.01055	0.00802	0.00738	0.00221	0.05936	0.00532	0.00492	0.00959
6	0.08194	0.05031	0.06929	0.01624	0.02233	0.02152	0.01419	0.50827	0.03009	0.06644	0.01726	0.01756	0.01233	0.00853	0.00703	0.00220	0.00798	0.00633	0.02827	0.01189
7	0.01887	0.17584	0.16241	0.04360	0.11408	0.04794	0.05020	0.12018	0.06764	0.02565	0.01765	0.01966	0.04138	0.00974	0.03456	0.00251	0.00930	0.00640	0.00448	0.02790
8	0.02113	0.01123	0.01408	0.01163	0.01537	0.01053	0.00898	0.08274	0.01829	0.27433	0.05251	0.03277	0.05880	0.17007	0.10139	0.00442	0.00803	0.00854	0.00672	0.08844
9	0.01067	0.00768	0.01054	0.01054	0.01139	0.00852	0.00755	0.01236	0.01152	0.01620	0.02116	0.03620	0.02162	0.30347	0.46607	0.01021	0.01528	0.00898	0.00417	0.00586
10	0.01841	0.11781	0.16314	0.08695	0.17908	0.06832	0.07174	0.02403	0.05063	0.06070	0.05429	0.01985	0.01491	0.00780	0.00764	0.00224	0.03130	0.00661	0.00424	0.01028
11	0.01916	0.11859	0.35629	0.05352	0.09090	0.03794	0.04670	0.08063	0.01810	0.08832	0.01492	0.01684	0.01087	0.00729	0.00694	0.00223	0.00979	0.00585	0.00419	0.01094
12	0.00909	0.00671	0.00863	0.00999	0.01079	0.00625	0.00683	0.01055	0.01451	0.01903	0.04506	0.59154	0.14692	0.02439	0.04883	0.00344	0.00510	0.01952	0.00673	0.00610
13	0.01793	0.01825	0.06392	0.09445	0.41541	0.04380	0.05774	0.04827	0.04605	0.02473	0.01619	0.04166	0.01350	0.00762	0.00734	0.00225	0.00879	0.00716	0.05423	0.01073
14	0.05335	0.03942	0.05258	0.08943	0.09256	0.09630	0.10362	0.16443	0.08315	0.07538	0.01662	0.01873	0.01249	0.00824	0.00854	0.00235	0.06032	0.00671	0.00520	0.01058
15	0.00968	0.04992	0.01020	0.00980	0.01110	0.00749	0.00696	0.01126	0.01516	0.01957	0.07440	0.51513	0.19061	0.02093	0.00901	0.00279	0.00436	0.01856	0.00673	0.00633
16	0.06880	0.04779	0.01671	0.01212	0.01775	0.04104	0.00978	0.11077	0.01866	0.08192	0.01982	0.05597	0.05321	0.00818	0.00628	0.00167	0.00622	0.00645	0.00542	0.41144
17	0.01905	0.01614	0.05978	0.04393	0.02225	0.01444	0.07742	0.17164	0.04982	0.08420	0.05163	0.02935	0.08160	0.00967	0.00744	0.00213	0.00725	0.04864	0.00600	0.19762
18	0.00931	0.00703	0.00837	0.00905	0.01031	0.00635	0.00626	0.01097	0.01570	0.02032	0.13596	0.35894	0.26456	0.08742	0.01178	0.00314	0.00429	0.01731	0.00684	0.00609
19	0.01890	0.01402	0.01661	0.01289	0.01816	0.04185	0.03797	0.07227	0.05850	0.12933	0.13059	0.02630	0.04390	0.00874	0.00690	0.00180	0.00611	0.00733	0.00620	0.34164
20	0.02393	0.02072	0.02200	0.08738	0.12988	0.14480	0.01532	0.28664	0.02484	0.06885	0.01699	0.04878	0.01348	0.00862	0.00726	0.00216	0.00896	0.00685	0.00568	0.05685
21	0.02108	0.01729	0.02021	0.01669	0.01984	0.04766	0.01367	0.23983	0.05459	0.05843	0.01588	0.01891	0.01277	0.01341	0.06122	0.00318	0.27023	0.00663	0.03563	0.05283
22	0.01852	0.01868	0.03079	0.08754	0.52829	0.05822	0.10300	0.02305	0.01709	0.02348	0.01390	0.01838	0.01144	0.00668	0.00749	0.00224	0.00962	0.00678	0.00367	0.01112
23	0.01744	0.14592	0.12802	0.08389	0.10922	0.04858	0.24004	0.02338	0.04705	0.02273	0.05151	0.01983	0.01435	0.00725	0.00741	0.00225	0.01009	0.00711	0.00394	0.00997
24	0.00917	0.00663	0.00867	0.01008	0.01075	0.00613	0.00683	0.01070	0.01501	0.02002	0.10332	0.63217	0.08858	0.02224	0.00937	0.00292	0.00420	0.02007	0.00701	0.00613
25	0.01568	0.01328	0.01656	0.14678	0.05249	0.01501	0.01269	0.05606	0.31844	0.02703	0.09285	0.14878	0.02856	0.01213	0.00796	0.00255	0.00635	0.01057	0.00653	0.00969
26	0.01423	0.01563	0.07799	0.03979	0.02541	0.01406	0.26818	0.01887	0.04159	0.02161	0.05857	0.15821	0.02317	0.05173	0.05313	0.03903	0.05501	0.01082	0.00468	0.00828
27	0.07405	0.24135	0.09484	0.06676	0.02347	0.13747	0.03411	0.06181	0.01785	0.08298	0.04783	0.01737	0.01357	0.00798	0.00733	0.00209	0.04939	0.00569	0.00445	0.00959
28	0.02941	0.01956	0.02077	0.01757	0.05932	0.10483	0.01349	0.32728	0.02730	0.27277	0.02087	0.01994	0.01423	0.00872	0.00734	0.00221	0.00821	0.00672	0.00739	0.01207
29	0.00938	0.00792	0.00818	0.00825	0.01065	0.00697	0.00612	0.01233	0.05596	0.02060	0.06919	0.13353	0.58768	0.01872	0.00877	0.00256	0.00394	0.01577	0.00693	0.00657
30	0.01143	0.00778	0.00896	0.00883	0.00919	0.00793	0.00533	0.03894	0.01208	0.01620	0.02393	0.08476	0.02712	0.62687	0.07496	0.00703	0.00783	0.01103	0.00473	0.00506
31	0.01968	0.05529	0.11969	0.15277	0.08429	0.13469	0.05561	0.07016	0.08332	0.05771	0.01586	0.01877	0.01221	0.00994	0.03658	0.00270	0.04990	0.00642	0.00445	0.00995
32	0.02426	0.01792	0.13149	0.01528	0.02079	0.01468	0.01421	0.12960	0.02055	0.31352	0.02595	0.02555	0.07032	0.01271	0.05043	0.00298	0.08437	0.00761	0.00677	0.01100
33	0.01269	0.00964	0.01170	0.01095	0.01324	0.00976	0.00837	0.04813	0.13697	0.02980	0.47602	0.09054	0.05667	0.01470	0.00859	0.00245	0.00432	0.03952	0.00790	0.00803
34	0.04851	0.02235	0.17156	0.02909	0.26317	0.04501	0.10486	0.07747	0.01860	0.09870	0.01658	0.04157	0.01297	0.00772	0.00743	0.00231	0.00937	0.00705	0.00462	0.01108
35	0.06425	0.04193	0.08571	0.01693	0.04833	0.11597	0.07668	0.02265	0.04459	0.06303	0.03942	0.02122	0.03904	0.01242	0.07512	0.00292	0.02430	0.00649	0.00464	0.19435
36	0.01578	0.09706	0.62044	0.02038	0.03070	0.04375	0.02572	0.02363	0.01582	0.02281	0.01300	0.01528	0.00942	0.00702	0.00685	0.00227	0.01081	0.00533	0.00316	0.01076
37	0.01082	0.00737	0.00926	0.00967	0.01096	0.00681	0.00684	0.01274	0.01627	0.05071	0.20490	0.30970	0.14073	0.12068	0.01314	0.00335	0.00465	0.04803	0.00697	0.00642
38	0.04132	0.09350	0.02350	0.15441	0.17399	0.12342	0.03613	0.06841	0.04597	0.02295	0.01821	0.13049	0.01714	0.00984	0.00731	0.00230	0.00877	0.00841	0.00455	0.00938
39	0.01970	0.02293	0.03635	0.05577	0.03468	0.17209	0.45794	0.02577	0.05550	0.02275	0.01501	0.01897	0.01147	0.00683	0.00818	0.00237	0.01223	0.00777	0.00397	0.00973
40	0.01033	0.00745	0.00977	0.00946	0.01105	0.00689	0.00699	0.01357	0.02020	0.02847	0.61099	0.13705	0.06753	0.01615	0.00884	0.00242	0.00360	0.01435	0.00802	0.00689
41	0.01777	0.01681	0.02826	0.10659	0.47384	0.01723	0.07416	0.04992	0.05110	0.02469	0.01649	0.05945	0.01423	0.00788	0.00761	0.00232	0.00880	0.00770	0.00418	0.01098
42	0.02035	0.08218	0.19364	0.02566	0.18595	0.11619	0.08221	0.08530	0.01924	0.06497	0.04373	0.01861	0.01364	0.00755	0.00719	0.00219	0.00985	0.00643	0.00441	0.01070
43	0.08399	0.68296	0.03657	0.01246	0.01866	0.02832	0.01231	0.02220	0.01488	0.01878	0.01032	0.01192	0.00940	0.00640	0.00475	0.00165	0.00776	0.00397	0.00329	0.00940
44	0.00932	0.00749	0.00834	0.00842	0.01055	0.00651	0.00632	0.01158	0.01762	0.02223	0.20804	0.12370	0.47038	0.01843	0.00889	0.00255	0.00388	0.04214	0.00718	0.00644
45	0.04484	0.01262	0.01713	0.04419	0.05293	0.05241	0.08908	0.04527	0.01819	0.11170	0.13441	0.22609	0.09208	0.01410	0.00833	0.00252	0.00659	0.01263	0.00646	0.00842
46	0.05149	0.04948	0.06354	0.09854	0.02380	0.04951	0.01413	0.28734	0.02348	0.05921	0.01890	0.06088	0.01567	0.01212	0.04353	0.00282	0.03113	0.03230	0.05200	0.01013
47	0.01022	0.00805	0.00893	0.00868	0.01088	0.00724	0.00644	0.04148	0.01836	0.02352	0.22905	0.11531	0.42030	0.04618	0.00991	0.00267	0.00407	0.01490	0.00716	0.00666
48	0.01536	0.08071	0.01857	0.01483	0.01686	0.12042	0.03678	0.01756	0.01361	0.01748	0.01607	0.02448	0.01535	0.10344	0.31982	0.00706	0.14328	0.00717	0.00379	0.00738
49	0.02217	0.07536	0.12043	0.04365	0.12595	0.08141	0.08588	0.17163	0.08660	0.08848	0.01730	0.01870	0.01282	0.00782	0.00726	0.00224	0.00923	0.00659	0.00529	0.01119
50	0.01389	0.00973	0.01284	0.11493	0.01856	0.00990	0.00978	0.01909	0.09383	0.09427	0.30077	0.12932	0.11513	0.01423	0.00838	0.00247	0.00513	0.01243	0.00719	0.00810
51	0.00982	0.00746	0.00903	0.00886	0.01072	0.00668	0.00656	0.01259	0.01905	0.02563	0.43106	0.12741	0.26385	0.01712	0.00883	0.00246	0.00366	0.01489	0.00764	0.00668
52	0.01752	0.02083	0.17004	0.07010	0.04371	0.06156	0.10723	0.10088	0.05957	0.05322	0.06441	0.11849	0.02234	0.01090	0.00800	0.00249	0.00878	0.04490	0.00536	0.00968
53	0.03985	0.01858	0.02284	0.12198	0.24388	0.10918	0.01678	0.13871	0.02090	0.12567	0.01983	0.02167	0.05047	0.00834	0.00732	0.00224	0.00874	0.00696	0.00532	0.01074
54	0.01892	0.61211	0.16226	0.01428	0.02149	0.02711	0.01545	0.02247	0.01519	0.01859	0.01088	0.01261	0.00950	0.00648	0.00519	0.00173	0.00850	0.00425	0.00317	0.00980
55	0.00978	0.00810	0.00864	0.00841	0.01087	0.00724	0.00633	0.01328	0.06205	0.02281	0.19975	0.06520	0.51639	0.01746	0.00869	0.00247	0.00385	0.01472	0.00720	0.00679
56	0.02244	0.11637	0.11154	0.02153	0.12269	0.14533	0.05807	0.11756	0.04157	0.10163	0.01640	0.01917	0.01286	0.05045	0.00876	0.00243	0.00949	0.00634	0.00491	0.01048
57	0.01720	0.05033	0.11898	0.01480	0.03336	0.07624	0.01276	0.09993	0.01886	0.08772	0.05073	0.27869	0.05339	0.01456	0.00813	0.00254	0.00715	0.03969	0.00612	0.00883
58	0.01489	0.03840	0.70064	0.02116	0.03213	0.01724	0.02743	0.02351	0.01567	0.02351	0.01332	0.01567	0.00940	0.00705	0.00705	0.00235	0.01097	0.00549	0.00313	0.01097
59	0.01825	0.04648	0.01991	0.11143	0.14120	0.11963	0.01440	0.08696	0.11091	0.02540	0.06013	0.07295	0.04729	0.01051	0.00753	0.00234	0.00798	0.04543	0.04182	0.00946
60	0.04406	0.02490	0.22244	0.11395	0.09753	0.12767	0.01877	0.08573	0.01898	0.08669	0.04487	0.04988	0.01513	0.00857	0.00725	0.00229	0.00953	0.00690	0.00471	0.01015
61	0.01697	0.01915	0.04153	0.02994	0.03699	0.01795	0.62325	0.02291	0.01731	0.02347	0.01669	0.06618	0.01371	0.00736	0.00881	0.00254	0.01199	0.00956	0.00396	0.00976
62	0.01769	0.01191	0.01358	0.01313	0.01629	0.05122	0.01084	0.02334	0.11939	0.15965	0.04003	0.05725	0.13673	0.01560	0.00883	0.00282	0.00647	0.27921	0.00725	0.00877
63	0.07896	0.15605	0.26890	0.01885	0.02640	0.07837	0.09450	0.08440	0.07963	0.02562	0.01459	0.01636	0.01108	0.00732	0.00671	0.00220	0.00968	0.00581	0.00419	0.01040
64	0.01625	0.01657	0.05321	0.06387	0.18611	0.04359	0.12388	0.04895	0.08515	0.02357	0.02206	0.19235	0.02145	0.01155	0.00919	0.00256	0.05467	0.01053	0.00496	0.00953
65	0.00938	0.00722	0.00858	0.00892	0.01057	0.00642	0.00643	0.01158	0.01735	0.02267	0.25106	0.26613	0.30889	0.01904	0.00898	0.00261	0.00385	0.01662	0.00728	0.00642
66	0.04095	0.14709	0.43976	0.01975	0.02856	0.12091	0.05792	0.02417	0.01638	0.02208	0.01258	0.01488	0.00951	0.00698	0.00666	0.00217	0.01078	0.00528	0.00332	0.01026
67	0.01680	0.01731	0.08480	0.01792	0.02205	0.03732	0.13836	0.14258	0.04520	0.02606	0.04298	0.17655	0.04968	0.05187	0.01175	0.00286	0.09060	0.01083	0.00546	0.00902
68	0.01705	0.02021	0.09892	0.10120	0.20571	0.01840	0.33005	0.02260	0.01648	0.02298	0.01403	0.01889	0.01097	0.00702	0.00923	0.00246	0.06244	0.00752	0.00359	0.01024
69	0.00901	0.00658	0.00849	0.01002	0.01068	0.00606	0.00675	0.01037	0.01452	0.01907	0.04475	0.66024	0.12065	0.02276	0.00940	0.00296	0.00425	0.02050	0.00689	0.00606
70	0.01761	0.01704	0.02960	0.15542	0.55155	0.01751	0.05799	0.02221	0.01660	0.02336	0.01390	0.01870	0.01143	0.00673	0.00744	0.00227	0.00920	0.00673	0.00362	0.01109
71	0.02054	0.05065	0.05479	0.03102	0.36392	0.10959	0.01823	0.06355	0.07326	0.06857	0.03881	0.04213	0.01571	0.00815	0.00728	0.00221	0.00873	0.00709	0.00480	0.01098
72	0.02710	0.02024	0.02165	0.01685	0.02259	0.02250	0.01384	0.59579	0.10898	0.04498	0.01925	0.01896	0.01378	0.00905	0.00744	0.00226	0.00791	0.00688	0.00744	0.01252
73	0.01687	0.01100	0.05641	0.01196	0.01502	0.00908	0.00968	0.02045	0.05359	0.20931	0.08547	0.32132	0.07246	0.01860	0.04958	0.00319	0.00620	0.01394	0.00725	0.00862
74	0.04142	0.01659	0.02526	0.17283	0.40766	0.04673	0.01965	0.05699	0.01702	0.02373	0.01442	0.01933	0.01193	0.01204	0.08008	0.00326	0.01025	0.00659	0.00387	0.01032
75	0.01761	0.01723	0.02753	0.19871	0.47903	0.04498	0.02157	0.02189	0.01627	0.02242	0.01344	0.01838	0.01113	0.00722	0.00834	0.00232	0.05123	0.00653	0.00357	0.01061
76	0.00989	0.00733	0.00926	0.00953	0.01105	0.00670	0.00701	0.01251	0.01826	0.02475	0.37160	0.24152	0.17191	0.01827	0.00903	0.00261	0.00395	0.05069	0.00753	0.00660
77	0.02100	0.17376	0.10455	0.11881	0.05129	0.30441	0.01653	0.02435	0.01734	0.01893	0.01220	0.01542	0.01017	0.01008	0.04593	0.00259	0.03486	0.00526	0.00352	0.00901
78	0.01646	0.01585	0.02288	0.10229	0.08753	0.02093	0.01696	0.04659	0.01335	0.01984	0.01136	0.01751	0.01048	0.01351	0.05128	0.00341	0.51106	0.00659	0.00351	0.00861
79	0.01668	0.01327	0.01606	0.01407	0.01731	0.03281	0.04724	0.09187	0.14797	0.07757	0.03783	0.11500	0.18518	0.01535	0.02990	0.00289	0.07460	0.04884	0.00656	0.00899
80	0.01395	0.00860	0.01251	0.01192	0.01383	0.00941	0.00928	0.01650	0.01324	0.11711	0.02144	0.02958	0.01896	0.08365	0.57228	0.01027	0.01724	0.00803	0.00477	0.00740
81	0.01892	0.07107	0.04721	0.09832	0.35360	0.07110	0.05538	0.05199	0.01789	0.05006	0.01844	0.02338	0.04729	0.00816	0.00739	0.00226	0.00902	0.03376	0.00429	0.01048
82	0.01874	0.01903	0.05487	0.16329	0.45901	0.06161	0.02142	0.06896	0.01804	0.02450	0.01392	0.01817	0.01125	0.00701	0.00731	0.00224	0.00934	0.00645	0.00386	0.01095
83	0.01520	0.01243	0.01292	0.01174	0.01446	0.07530	0.00895	0.05708	0.12740	0.05632	0.40933	0.06684	0.07521	0.01347	0.00827	0.00235	0.00522	0.01153	0.00757	0.00840

[dist]
# distance from previous block
# <min> <max>
1	4

[block]
# block no. 1 follows, 27 sequences, length 6
# corresponding to MSA columns:
# 152-157
name=unknown_B
#
# <colnr> <probs for GDERKNQSTAVLIFYWHMCP>
#	G	D	E	R	K	N	Q	S	T	A	V	L	I	F	Y	W	H	M	C	P
0	0.02038	0.06216	0.10818	0.02027	0.09557	0.13002	0.07650	0.08478	0.08526	0.08857	0.06096	0.02468	0.06156	0.01085	0.03524	0.00262	0.00934	0.00755	0.00535	0.01016
1	0.01769	0.01674	0.05186	0.10652	0.20217	0.01701	0.08785	0.14372	0.01986	0.02733	0.08253	0.02550	0.05773	0.01130	0.03945	0.00281	0.06694	0.00805	0.00494	0.01000
2	0.01902	0.07230	0.01999	0.10499	0.02307	0.24928	0.01370	0.02368	0.09584	0.01963	0.01673	0.06173	0.01499	0.01705	0.12064	0.00386	0.10365	0.00708	0.00429	0.00847
3	0.11472	0.05080	0.13349	0.05409	0.11195	0.11994	0.06005	0.14685	0.06150	0.05511	0.01530	0.01713	0.01151	0.00762	0.00690	0.00223	0.00932	0.00605	0.00486	0.01055
4	0.09490	0.01575	0.01850	0.12911	0.10614	0.06274	0.01360	0.13519	0.07177	0.11547	0.06650	0.02280	0.01773	0.00866	0.00697	0.00224	0.00740	0.00702	0.08746	0.01004
5	0.01965	0.06913	0.01796	0.01558	0.05917	0.16308	0.01141	0.09456	0.05163	0.08446	0.05334	0.02965	0.09846	0.06640	0.12867	0.00415	0.01023	0.00809	0.00547	0.00888

[dist]
# distance from previous block
# <min> <max>
0	8

[block]
# block no. 2 follows, 27 sequences, length 43
# corresponding to MSA columns:
# 166-208
name=unknown_C
#
# <colnr> <probs for GDERKNQSTAVLIFYWHMCP>
#	G	D	E	R	K	N	Q	S	T	A	V	L	I	F	Y	W	H	M	C	P
0	0.16991	0.01820	0.01624	0.01395	0.01816	0.15241	0.01090	0.10319	0.11754	0.16765	0.01997	0.02215	0.01540	0.07493	0.04513	0.00317	0.00853	0.00664	0.00613	0.00982
1	0.02175	0.14895	0.05445	0.01861	0.07732	0.04080	0.05653	0.26328	0.06698	0.05238	0.01894	0.07822	0.01619	0.04236	0.00855	0.00244	0.00817	0.00773	0.00571	0.01066
2	0.01931	0.04528	0.07539	0.16798	0.20545	0.01732	0.01759	0.11531	0.04947	0.08310	0.01695	0.02072	0.01319	0.03636	0.00912	0.00249	0.04137	0.00676	0.04648	0.01038
3	0.01459	0.04813	0.11166	0.05020	0.07669	0.04702	0.14093	0.01857	0.01593	0.02113	0.02663	0.16849	0.08204	0.01288	0.00968	0.00264	0.06782	0.07166	0.00478	0.00854
4	0.01138	0.00896	0.01280	0.01188	0.01386	0.00845	0.06624	0.03967	0.01623	0.02184	0.13606	0.31513	0.12006	0.07943	0.04170	0.03217	0.00604	0.01497	0.00627	0.03686
5	0.04688	0.18043	0.08187	0.12724	0.08111	0.10192	0.13893	0.02352	0.03229	0.05045	0.01621	0.02065	0.02827	0.00778	0.00701	0.00221	0.00972	0.02991	0.00406	0.00956
6	0.07247	0.08488	0.10831	0.02296	0.19353	0.10913	0.01626	0.11614	0.01936	0.02617	0.04929	0.02449	0.04298	0.04585	0.00861	0.00246	0.00869	0.03380	0.00471	0.00989
7	0.01439	0.00809	0.00991	0.00993	0.01162	0.00768	0.00702	0.01698	0.04348	0.12828	0.03461	0.33334	0.06398	0.12745	0.01264	0.00327	0.00496	0.01411	0.14102	0.00725
8	0.05524	0.12982	0.11740	0.01720	0.09067	0.04545	0.01397	0.10834	0.04603	0.08244	0.04794	0.05914	0.07914	0.06451	0.00935	0.00259	0.00762	0.00807	0.00537	0.00970
9	0.05186	0.17019	0.10182	0.05636	0.19764	0.01883	0.07153	0.02298	0.04066	0.07450	0.01823	0.05273	0.03949	0.00851	0.00777	0.00225	0.04299	0.00715	0.00436	0.01015
10	0.10931	0.06129	0.08086	0.08053	0.18346	0.07363	0.01593	0.05367	0.01676	0.02438	0.01858	0.02538	0.04188	0.01088	0.03378	0.00269	0.04170	0.06091	0.05510	0.00928
11	0.01017	0.00965	0.05916	0.00953	0.01208	0.00736	0.00789	0.01319	0.01808	0.02437	0.30751	0.13554	0.29029	0.01656	0.00856	0.00245	0.00423	0.01427	0.04220	0.00690
12	0.07835	0.23240	0.12707	0.01543	0.02143	0.08217	0.04363	0.08299	0.10393	0.04677	0.03824	0.02020	0.04272	0.00826	0.00644	0.00209	0.00821	0.00627	0.02345	0.00996
13	0.05326	0.10512	0.17322	0.02134	0.13317	0.11239	0.01739	0.15829	0.02090	0.06010	0.03703	0.01958	0.04008	0.00818	0.00691	0.00216	0.00907	0.00634	0.00487	0.01062
14	0.01017	0.00705	0.00863	0.00939	0.01059	0.00644	0.00650	0.01189	0.01554	0.03914	0.11402	0.42106	0.18433	0.06718	0.01083	0.00302	0.00431	0.01737	0.04624	0.00631
15	0.01942	0.16910	0.31191	0.02034	0.02846	0.10180	0.12434	0.07468	0.01817	0.04522	0.01366	0.01585	0.01029	0.00707	0.00689	0.00216	0.01055	0.00579	0.00385	0.01044
16	0.04310	0.02821	0.25571	0.05395	0.05299	0.16303	0.04300	0.13144	0.05091	0.02682	0.04609	0.01835	0.01359	0.00817	0.00773	0.00228	0.03357	0.00625	0.00453	0.01028
17	0.02198	0.02295	0.12005	0.06441	0.05107	0.15064	0.01553	0.17170	0.13222	0.07832	0.01961	0.05012	0.01562	0.04213	0.00871	0.00251	0.00900	0.00726	0.00567	0.01049
18	0.01122	0.00868	0.01269	0.04467	0.01541	0.00813	0.06605	0.01354	0.01595	0.04666	0.09308	0.34571	0.19218	0.04751	0.01020	0.00293	0.00542	0.04656	0.00653	0.00685
19	0.08134	0.09821	0.10292	0.12312	0.07099	0.04131	0.01499	0.05745	0.06101	0.14973	0.07542	0.05510	0.01921	0.00914	0.00705	0.00228	0.00772	0.00744	0.00557	0.01001
20	0.07512	0.11595	0.13501	0.08222	0.05559	0.01797	0.04554	0.11735	0.05028	0.05405	0.01960	0.08087	0.03660	0.00952	0.00771	0.00232	0.03849	0.00765	0.03838	0.00978
21	0.00940	0.00696	0.00837	0.00915	0.01039	0.00631	0.00636	0.01116	0.01575	0.02073	0.12977	0.39713	0.23843	0.05335	0.01032	0.00293	0.00415	0.01755	0.03561	0.00618
22	0.01833	0.19094	0.16055	0.05555	0.11625	0.09803	0.11896	0.02374	0.04828	0.02133	0.01377	0.01701	0.01116	0.00942	0.04041	0.00262	0.03400	0.00606	0.00365	0.00994
23	0.09669	0.15474	0.08082	0.01787	0.08142	0.08547	0.04064	0.09787	0.09931	0.04655	0.07263	0.02053	0.01716	0.00917	0.00782	0.04189	0.00805	0.00650	0.00507	0.00982
24	0.01674	0.07383	0.02007	0.01551	0.01961	0.04879	0.09652	0.09769	0.17069	0.02653	0.06182	0.06591	0.14036	0.01272	0.00815	0.00251	0.00715	0.09987	0.00629	0.00923
25	0.04569	0.01059	0.01266	0.01215	0.04246	0.01047	0.00897	0.10378	0.04240	0.06003	0.33981	0.04932	0.17394	0.01417	0.00833	0.00240	0.00486	0.04224	0.00745	0.00826
26	0.02093	0.28367	0.16548	0.01697	0.03870	0.07356	0.01633	0.10532	0.06442	0.06808	0.01462	0.01599	0.01145	0.00789	0.00771	0.00211	0.06638	0.00548	0.00446	0.01044
27	0.04611	0.22508	0.18407	0.04590	0.08022	0.05504	0.04289	0.09031	0.01796	0.02413	0.04316	0.08139	0.01610	0.00882	0.00674	0.00216	0.00869	0.00710	0.00431	0.00983
28	0.00937	0.00751	0.00843	0.00875	0.01082	0.00658	0.00664	0.01155	0.01713	0.02139	0.14516	0.15006	0.46524	0.01906	0.00901	0.00264	0.00412	0.08309	0.00705	0.00639
29	0.01276	0.00796	0.01002	0.00988	0.01197	0.00713	0.00737	0.01514	0.01790	0.11313	0.23492	0.25391	0.20736	0.01784	0.00886	0.00262	0.00432	0.04207	0.00757	0.00729
30	0.05613	0.13104	0.16979	0.04577	0.05635	0.14422	0.07415	0.11238	0.06433	0.02544	0.01420	0.01634	0.01103	0.00769	0.00756	0.00220	0.04102	0.00586	0.00430	0.01021
31	0.02012	0.11250	0.02328	0.06898	0.19243	0.25005	0.01518	0.03797	0.01797	0.02092	0.01833	0.05296	0.05340	0.01060	0.03517	0.00247	0.00998	0.00694	0.04157	0.00918
32	0.00964	0.00707	0.00847	0.00916	0.01016	0.00655	0.00622	0.01103	0.01475	0.01919	0.10060	0.32583	0.20127	0.19236	0.01604	0.00385	0.00489	0.04068	0.00643	0.00584
33	0.11341	0.01422	0.06674	0.01173	0.01570	0.04113	0.01000	0.08205	0.06072	0.08443	0.16892	0.06781	0.20825	0.01303	0.00773	0.00238	0.00573	0.01068	0.00672	0.00860
34	0.02251	0.02267	0.14002	0.02501	0.16778	0.10110	0.10497	0.07038	0.08050	0.16295	0.01857	0.01976	0.01344	0.00776	0.00746	0.00228	0.00941	0.00683	0.00534	0.01124
35	0.01315	0.00992	0.01321	0.01568	0.12985	0.00927	0.00974	0.01662	0.04944	0.07574	0.15033	0.16381	0.28314	0.01568	0.00848	0.00250	0.00499	0.01365	0.00675	0.00806
36	0.01999	0.62725	0.09704	0.01394	0.02052	0.07911	0.01415	0.02290	0.01558	0.01806	0.01068	0.01236	0.00952	0.00651	0.00511	0.00168	0.00862	0.00417	0.00322	0.00959
37	0.02296	0.01749	0.01848	0.07636	0.05221	0.13142	0.01306	0.17410	0.02204	0.16729	0.04461	0.13587	0.02159	0.01154	0.00838	0.00241	0.03398	0.02984	0.00644	0.00996
38	0.06879	0.02180	0.14244	0.12423	0.23890	0.07987	0.07574	0.05311	0.04292	0.02486	0.01466	0.01815	0.01141	0.00722	0.00710	0.00226	0.00948	0.00635	0.04043	0.01027
39	0.00952	0.00681	0.00856	0.00977	0.01036	0.00641	0.00652	0.01070	0.01389	0.01826	0.04034	0.50054	0.10285	0.17147	0.01533	0.00386	0.00498	0.04768	0.00639	0.00577
40	0.01573	0.04744	0.01704	0.04275	0.04660	0.01160	0.01001	0.04348	0.01602	0.02387	0.01641	0.01877	0.04555	0.00729	0.00681	0.03287	0.00599	0.00531	0.00446	0.58200
41	0.01704	0.02101	0.17630	0.07829	0.22185	0.01677	0.08828	0.08006	0.07591	0.02616	0.04723	0.05371	0.01759	0.00894	0.00775	0.00241	0.00894	0.03651	0.00468	0.01054
42	0.01984	0.05736	0.02864	0.07199	0.51283	0.13666	0.02072	0.02375	0.01742	0.02261	0.01332	0.01726	0.01118	0.00682	0.00711	0.00214	0.00961	0.00617	0.00366	0.01094

[dist]
# distance from previous block
# <min> <max>
0	2

[block]
# block no. 3 follows, 27 sequences, length 35
# corresponding to MSA columns:
# 212,214-219,225-252
name=unknown_D
#
# <colnr> <probs for GDERKNQSTAVLIFYWHMCP>
#	G	D	E	R	K	N	Q	S	T	A	V	L	I	F	Y	W	H	M	C	P
0	0.04882	0.07741	0.12880	0.01798	0.02363	0.19989	0.04425	0.18335	0.02202	0.08698	0.03136	0.01727	0.01258	0.00842	0.00830	0.00222	0.06523	0.00603	0.00511	0.01035
1	0.01550	0.01552	0.02855	0.41954	0.10989	0.01683	0.19766	0.02066	0.01582	0.02115	0.01377	0.01944	0.01053	0.00690	0.00766	0.00237	0.01024	0.00706	0.00353	0.05738
2	0.01084	0.00789	0.00997	0.01088	0.01195	0.00775	0.00763	0.04917	0.04523	0.02212	0.10381	0.55180	0.04713	0.04198	0.01006	0.00302	0.00469	0.04036	0.00701	0.00673
3	0.00922	0.00667	0.00855	0.00986	0.01054	0.00619	0.00662	0.01060	0.01463	0.01936	0.07949	0.58682	0.11029	0.07003	0.01125	0.00321	0.00440	0.01946	0.00680	0.00601
4	0.07038	0.02342	0.02120	0.05298	0.14330	0.26547	0.01503	0.14008	0.11192	0.02706	0.01691	0.04885	0.01395	0.00865	0.00708	0.00220	0.00960	0.00669	0.00510	0.01015
5	0.12987	0.16360	0.17781	0.01801	0.08847	0.12230	0.01573	0.02222	0.01598	0.02269	0.01578	0.06081	0.03380	0.00819	0.00630	0.00205	0.00865	0.00619	0.00398	0.07757
6	0.01817	0.29467	0.10291	0.01840	0.02397	0.09383	0.14497	0.02176	0.01585	0.01967	0.01592	0.06661	0.03532	0.00886	0.00862	0.00220	0.08834	0.00703	0.00374	0.00917
7	0.05762	0.06677	0.06008	0.01640	0.02154	0.06053	0.09602	0.25763	0.02398	0.03232	0.12199	0.05229	0.07992	0.01041	0.00760	0.00228	0.00786	0.00874	0.00612	0.00990
8	0.00969	0.00720	0.00827	0.00857	0.00975	0.00660	0.00576	0.01109	0.01501	0.01942	0.13672	0.20963	0.25878	0.23959	0.01780	0.00403	0.00490	0.01508	0.00634	0.00578
9	0.02773	0.03538	0.02104	0.01913	0.02295	0.70930	0.01434	0.02964	0.02104	0.01817	0.01148	0.01339	0.00956	0.00765	0.00669	0.00191	0.01339	0.00478	0.00383	0.00861
10	0.01903	0.02779	0.32912	0.02531	0.14803	0.04788	0.09825	0.10336	0.01920	0.06792	0.03368	0.01852	0.01267	0.00749	0.00741	0.00230	0.01004	0.00653	0.00437	0.01109
11	0.01827	0.01576	0.02913	0.27232	0.08187	0.01651	0.24488	0.02307	0.01675	0.11959	0.01819	0.02218	0.03519	0.00788	0.00877	0.00248	0.04525	0.00779	0.00446	0.00966
12	0.01632	0.01648	0.02405	0.02022	0.02069	0.02249	0.05666	0.01823	0.01175	0.01823	0.01007	0.01648	0.00984	0.01257	0.02339	0.00320	0.68115	0.00664	0.00328	0.00824
13	0.01062	0.00790	0.01168	0.01168	0.01291	0.00914	0.00896	0.01309	0.01186	0.01704	0.02012	0.03046	0.01912	0.10117	0.66496	0.01162	0.01904	0.00814	0.00401	0.00649
14	0.01539	0.01319	0.01539	0.01100	0.01759	0.00990	0.00880	0.01869	0.01539	0.02419	0.01319	0.01539	0.01100	0.00550	0.00550	0.00110	0.00550	0.00440	0.00440	0.78449
15	0.00942	0.00703	0.00881	0.01014	0.01103	0.00661	0.00692	0.01166	0.04378	0.01964	0.04541	0.60731	0.14069	0.02203	0.00929	0.00292	0.00430	0.01976	0.00692	0.00632
16	0.00912	0.00654	0.00854	0.01010	0.01060	0.00610	0.00672	0.01037	0.01416	0.01878	0.04157	0.67127	0.07626	0.05831	0.01084	0.00320	0.00443	0.02036	0.00677	0.00596
17	0.01115	0.00792	0.00960	0.00938	0.00955	0.00854	0.00593	0.01160	0.01098	0.01500	0.02200	0.04385	0.02471	0.60113	0.12302	0.00753	0.05861	0.01013	0.00434	0.00502
18	0.07882	0.25675	0.26368	0.01915	0.06673	0.04332	0.06592	0.02440	0.04499	0.05231	0.01368	0.01555	0.01060	0.00698	0.00630	0.00210	0.00922	0.00539	0.00382	0.01029
19	0.01238	0.00808	0.01019	0.01041	0.01185	0.00778	0.00753	0.01400	0.01526	0.08972	0.06380	0.32906	0.16570	0.12392	0.01400	0.00347	0.04049	0.05900	0.00664	0.00673
20	0.00970	0.00709	0.00891	0.01010	0.01106	0.00664	0.00720	0.01129	0.01474	0.01911	0.04457	0.41935	0.16044	0.11381	0.01311	0.00353	0.00500	0.12180	0.00658	0.00601
21	0.01818	0.01866	0.07808	0.22891	0.24576	0.04405	0.05657	0.06931	0.01725	0.04768	0.01401	0.01844	0.01101	0.00789	0.00936	0.00242	0.09170	0.00660	0.00396	0.01016
22	0.06993	0.11312	0.12291	0.07362	0.22282	0.01793	0.09510	0.04409	0.01723	0.06919	0.04960	0.02102	0.03606	0.00774	0.00709	0.00223	0.00870	0.00688	0.00440	0.01034
23	0.02129	0.05964	0.02585	0.12179	0.27178	0.09890	0.04612	0.10681	0.04452	0.08638	0.01663	0.03807	0.01324	0.00792	0.00728	0.00223	0.00907	0.00689	0.00483	0.01075
24	0.01431	0.01003	0.01222	0.01114	0.01286	0.01089	0.00834	0.07589	0.01517	0.04678	0.02483	0.03683	0.06530	0.24519	0.14199	0.00554	0.08505	0.03320	0.10869	0.03573
25	0.07888	0.01482	0.01564	0.01220	0.01754	0.05158	0.00977	0.08588	0.04184	0.07858	0.01986	0.02093	0.06002	0.00786	0.00684	0.00170	0.03313	0.00597	0.03513	0.40183
26	0.04409	0.07893	0.13497	0.02002	0.09075	0.03684	0.07626	0.12741	0.07265	0.04962	0.01989	0.02163	0.05737	0.00993	0.02868	0.00252	0.04911	0.00694	0.00494	0.06744
27	0.01662	0.01617	0.08521	0.05815	0.08299	0.06175	0.02941	0.07988	0.01912	0.06654	0.17176	0.08251	0.06606	0.01310	0.03449	0.00269	0.03904	0.00957	0.03489	0.03005
28	0.04259	0.03868	0.03534	0.01098	0.01351	0.03403	0.00828	0.04000	0.09996	0.02189	0.07300	0.15692	0.08135	0.23443	0.01684	0.00383	0.00623	0.01131	0.00571	0.06511
29	0.11684	0.01843	0.12298	0.06854	0.09432	0.01603	0.06476	0.11662	0.08385	0.05224	0.12889	0.02600	0.04042	0.00925	0.00737	0.00235	0.00763	0.00786	0.00563	0.01000
30	0.02176	0.01830	0.08035	0.02109	0.12482	0.03898	0.08382	0.15053	0.06229	0.14873	0.02200	0.05318	0.03738	0.00891	0.00742	0.00223	0.00798	0.00776	0.03996	0.06252
31	0.01983	0.04421	0.11220	0.09633	0.04710	0.01626	0.07487	0.11284	0.06657	0.13752	0.04409	0.06901	0.03922	0.00981	0.00858	0.00239	0.05053	0.00823	0.00572	0.03468
32	0.07515	0.12188	0.07716	0.05976	0.02423	0.10282	0.08808	0.10813	0.04061	0.06193	0.01848	0.01998	0.05347	0.00793	0.00672	0.00204	0.00863	0.00637	0.00484	0.11179
33	0.06424	0.02391	0.22886	0.02141	0.09219	0.07840	0.08975	0.02348	0.08324	0.02369	0.01958	0.05728	0.04407	0.00940	0.00865	0.00243	0.06160	0.02793	0.00438	0.03551
34	0.05921	0.09774	0.15135	0.01652	0.04288	0.08353	0.01492	0.14021	0.06547	0.11019	0.01994	0.10358	0.01685	0.00971	0.00706	0.00224	0.00814	0.00772	0.00561	0.03713

[dist]
# distance from previous block
# <min> <max>
16	302

[block]
# block no. 4 follows, 27 sequences, length 29
# corresponding to MSA columns:
# 598-626
name=unknown_E
#
# <colnr> <probs for GDERKNQSTAVLIFYWHMCP>
#	G	D	E	R	K	N	Q	S	T	A	V	L	I	F	Y	W	H	M	C	P
0	0.05836	0.06247	0.03650	0.09517	0.02166	0.05332	0.01176	0.10834	0.05956	0.05945	0.01776	0.05211	0.01513	0.06027	0.03976	0.00273	0.00784	0.00677	0.02370	0.20732
1	0.02142	0.13787	0.06162	0.01870	0.05376	0.18832	0.10236	0.11892	0.02016	0.04334	0.01703	0.04312	0.02854	0.00819	0.00682	0.00204	0.00940	0.00665	0.06766	0.04411
2	0.09413	0.01578	0.01844	0.07225	0.12077	0.07692	0.03056	0.09525	0.03930	0.05753	0.06257	0.06203	0.05276	0.03610	0.00828	0.00236	0.00744	0.02463	0.00538	0.11751
3	0.01015	0.00739	0.00893	0.00955	0.01057	0.00710	0.00674	0.01156	0.01398	0.01805	0.04129	0.19458	0.18816	0.26967	0.06442	0.00497	0.00658	0.11469	0.00587	0.00573
4	0.01160	0.00882	0.01018	0.01028	0.01211	0.00859	0.00740	0.07899	0.05082	0.02330	0.09826	0.34977	0.22227	0.05912	0.01050	0.00295	0.00472	0.01631	0.00695	0.00705
5	0.05428	0.04840	0.01456	0.01149	0.01566	0.01138	0.00911	0.06997	0.04497	0.02520	0.05668	0.17879	0.06259	0.01226	0.00722	0.00207	0.00553	0.06139	0.00577	0.30267
6	0.04935	0.01205	0.01421	0.04650	0.01756	0.01022	0.00892	0.04057	0.01540	0.02360	0.01811	0.12319	0.01773	0.06799	0.00883	0.00204	0.00579	0.00753	0.00483	0.50557
7	0.02025	0.05097	0.02252	0.03898	0.07337	0.05430	0.07554	0.23136	0.11526	0.03003	0.02013	0.08313	0.01747	0.04933	0.04128	0.00306	0.04870	0.00840	0.00573	0.01021
8	0.05410	0.00832	0.01039	0.07195	0.01384	0.00885	0.00762	0.01231	0.01280	0.01793	0.02979	0.29205	0.06171	0.30544	0.02102	0.00458	0.04234	0.01379	0.00531	0.00584
9	0.01779	0.01686	0.02394	0.26391	0.11165	0.06496	0.08947	0.10147	0.05256	0.02451	0.01621	0.05865	0.01351	0.00851	0.00823	0.00233	0.04100	0.00744	0.00445	0.07256
10	0.01678	0.01720	0.05879	0.14612	0.42710	0.01673	0.07325	0.02216	0.04694	0.02327	0.01661	0.07103	0.01453	0.00810	0.00763	0.00235	0.00893	0.00787	0.00401	0.01061
11	0.01797	0.01555	0.01881	0.07938	0.05172	0.07772	0.06488	0.10745	0.09522	0.05909	0.18407	0.03160	0.07087	0.01032	0.00771	0.00221	0.00717	0.00889	0.00621	0.08317
12	0.02691	0.01770	0.01963	0.01532	0.02068	0.01898	0.01256	0.46575	0.05226	0.15330	0.05531	0.02198	0.01731	0.00930	0.00736	0.00222	0.00724	0.00724	0.05700	0.01194
13	0.10981	0.01475	0.01882	0.07569	0.12711	0.01505	0.01325	0.12817	0.06695	0.18156	0.04988	0.05432	0.01783	0.00894	0.00707	0.00222	0.00690	0.00740	0.00629	0.08799
14	0.02050	0.01303	0.01592	0.01163	0.01798	0.01019	0.00940	0.02367	0.01706	0.21616	0.01778	0.01821	0.01310	0.00655	0.00606	0.00144	0.00573	0.00527	0.00576	0.56456
15	0.02472	0.01967	0.02527	0.02020	0.05492	0.02112	0.11972	0.47184	0.06401	0.04044	0.04883	0.02045	0.01554	0.00873	0.00771	0.00229	0.00857	0.00742	0.00670	0.01186
16	0.01501	0.01186	0.01291	0.01180	0.01515	0.01252	0.00910	0.02645	0.33745	0.06177	0.16030	0.04513	0.22338	0.01345	0.00812	0.00247	0.00487	0.01134	0.00756	0.00937
17	0.02231	0.01954	0.13709	0.01759	0.05795	0.01634	0.03503	0.26669	0.02359	0.14438	0.03615	0.09023	0.01882	0.06783	0.01004	0.00274	0.00797	0.00852	0.00640	0.01082
18	0.01806	0.01435	0.01569	0.01406	0.01804	0.01587	0.01088	0.03434	0.51032	0.07311	0.06680	0.08585	0.02655	0.01113	0.00766	0.00246	0.00562	0.00943	0.00747	0.05232
19	0.01890	0.01740	0.01551	0.01413	0.01772	0.13682	0.01085	0.03270	0.41859	0.02816	0.05900	0.02658	0.02213	0.00966	0.00706	0.00227	0.00666	0.00776	0.13793	0.01014
20	0.01111	0.00787	0.00954	0.01005	0.01075	0.00795	0.00667	0.03515	0.04337	0.01857	0.03103	0.31658	0.03541	0.33519	0.05113	0.00518	0.00655	0.04621	0.00577	0.00592
21	0.01604	0.08326	0.44609	0.02427	0.11380	0.01885	0.07619	0.02277	0.01550	0.02261	0.01296	0.01615	0.00989	0.00749	0.00882	0.00238	0.08317	0.00589	0.00327	0.01060
22	0.02254	0.02807	0.07958	0.02064	0.02583	0.35705	0.13844	0.03037	0.17712	0.02274	0.01677	0.01825	0.01300	0.00792	0.00732	0.00220	0.01123	0.00646	0.00465	0.00982
23	0.01483	0.00867	0.01055	0.00945	0.01239	0.00756	0.00731	0.01753	0.01939	0.17324	0.29211	0.05534	0.31233	0.01534	0.00848	0.00240	0.00423	0.01303	0.00787	0.00794
24	0.02183	0.02245	0.09531	0.01970	0.07721	0.11732	0.03379	0.22292	0.19143	0.03194	0.05369	0.02148	0.01717	0.00901	0.00793	0.00231	0.03032	0.00711	0.00598	0.01108
25	0.09668	0.01367	0.01645	0.08207	0.02052	0.04896	0.01158	0.02719	0.04895	0.32191	0.09962	0.02818	0.06056	0.01036	0.00903	0.00241	0.07678	0.00801	0.00700	0.01008
26	0.01783	0.09960	0.07550	0.05510	0.08488	0.01755	0.06448	0.14100	0.13543	0.02853	0.10316	0.09966	0.02439	0.01048	0.00759	0.00234	0.00746	0.00909	0.00582	0.01009
27	0.12647	0.12424	0.17842	0.01801	0.08801	0.08552	0.01567	0.05174	0.01683	0.05253	0.05161	0.06485	0.01655	0.01255	0.06376	0.00299	0.00940	0.00688	0.00450	0.00946
28	0.01541	0.04466	0.01348	0.01069	0.01422	0.01090	0.00816	0.08632	0.05094	0.07820	0.03659	0.12132	0.19477	0.12469	0.01221	0.00294	0.00565	0.01094	0.00617	0.15174

[dist]
# distance from previous block
# <min> <max>
0	24

# created by:
# /home/berkeley/.conda/envs/busco_data_prod/bin/msa2prfl.pl pipeline/OGs_align_augustus/4893/8214.fs
