[name]
unknown

[dist]
# distance from previous block
# <min> <max>
0	107

[block]
# block no. 0 follows, 33 sequences, length 13
# corresponding to MSA columns:
# 109-121
name=unknown_A
#
# <colnr> <probs for GDERKNQSTAVLIFYWHMCP>
#	G	D	E	R	K	N	Q	S	T	A	V	L	I	F	Y	W	H	M	C	P
0	0.01737	0.09503	0.19976	0.01323	0.01856	0.01350	0.01316	0.04223	0.13728	0.18466	0.09780	0.05162	0.04518	0.00920	0.00661	0.00208	0.00639	0.03144	0.00562	0.00928
1	0.01958	0.53014	0.02870	0.01224	0.01735	0.11535	0.01121	0.02323	0.08059	0.08836	0.01262	0.01323	0.01033	0.00634	0.00492	0.00159	0.00734	0.00429	0.00379	0.00880
2	0.16701	0.00878	0.00964	0.00950	0.01170	0.00881	0.00700	0.04709	0.04233	0.04992	0.05477	0.40293	0.06878	0.01460	0.00702	0.00230	0.00438	0.01263	0.00572	0.06511
3	0.00987	0.00707	0.00845	0.00833	0.00837	0.00757	0.00518	0.01012	0.00992	0.01346	0.02116	0.11250	0.02446	0.62271	0.02988	0.00568	0.07662	0.01013	0.00410	0.00443
4	0.05714	0.07395	0.11568	0.08826	0.02256	0.05728	0.01376	0.26548	0.09013	0.12718	0.01626	0.01668	0.01163	0.00738	0.00623	0.00199	0.00745	0.00565	0.00537	0.00995
5	0.01834	0.01627	0.10765	0.09514	0.29831	0.01378	0.09832	0.02251	0.01569	0.19261	0.01780	0.01964	0.03964	0.00692	0.00672	0.00205	0.00781	0.00647	0.00447	0.00986
6	0.18064	0.01178	0.01415	0.01128	0.01605	0.01131	0.00925	0.02989	0.08421	0.52827	0.02279	0.02034	0.01488	0.00783	0.00613	0.00206	0.00547	0.00611	0.00722	0.01034
7	0.01232	0.00697	0.00917	0.00937	0.01094	0.00630	0.00673	0.01399	0.01466	0.15667	0.11184	0.48699	0.09405	0.01711	0.00794	0.00245	0.00405	0.01524	0.00663	0.00659
8	0.01624	0.06472	0.25253	0.02330	0.09331	0.05096	0.29467	0.02217	0.03788	0.06067	0.01353	0.01621	0.01004	0.00612	0.00680	0.00207	0.00968	0.00620	0.00351	0.00939
9	0.09272	0.06393	0.03907	0.01331	0.01651	0.36753	0.01047	0.02121	0.01538	0.07568	0.01476	0.01706	0.04932	0.01042	0.00968	0.15825	0.00873	0.00518	0.00384	0.00695
10	0.01911	0.09019	0.09964	0.01266	0.03471	0.06074	0.01114	0.02234	0.01566	0.22091	0.04090	0.01706	0.01311	0.00649	0.00568	0.00156	0.00633	0.00510	0.00493	0.31176
11	0.06810	0.34328	0.11907	0.01348	0.01890	0.14430	0.01284	0.04559	0.10195	0.05680	0.01295	0.01375	0.01030	0.00655	0.00528	0.00174	0.00781	0.00455	0.00387	0.00887
12	0.01842	0.12880	0.15278	0.01679	0.07651	0.13973	0.05078	0.04513	0.07880	0.11002	0.01606	0.04008	0.01320	0.07455	0.00858	0.00232	0.00815	0.00611	0.00432	0.00886

[dist]
# distance from previous block
# <min> <max>
6	15

[block]
# block no. 1 follows, 33 sequences, length 6
# corresponding to MSA columns:
# 137-142
name=unknown_B
#
# <colnr> <probs for GDERKNQSTAVLIFYWHMCP>
#	G	D	E	R	K	N	Q	S	T	A	V	L	I	F	Y	W	H	M	C	P
0	0.04817	0.33412	0.07983	0.01287	0.01733	0.10062	0.06085	0.01829	0.01488	0.01891	0.13118	0.09946	0.02119	0.00875	0.00587	0.00183	0.00702	0.00705	0.00406	0.00773
1	0.01788	0.47050	0.02610	0.01129	0.01614	0.02042	0.01036	0.05834	0.09686	0.08992	0.06654	0.01943	0.05654	0.00758	0.00533	0.00169	0.00620	0.00561	0.00450	0.00877
2	0.01155	0.06032	0.01410	0.01087	0.01373	0.00984	0.08227	0.08435	0.01746	0.02293	0.24590	0.11490	0.25966	0.01325	0.00747	0.00214	0.00481	0.01159	0.00598	0.00687
3	0.01687	0.29669	0.20260	0.05062	0.14283	0.11838	0.01638	0.02073	0.01451	0.01822	0.01071	0.01297	0.00883	0.00599	0.00548	0.00172	0.00849	0.00447	0.00301	0.04050
4	0.19026	0.09431	0.06536	0.01044	0.01425	0.01249	0.00909	0.02003	0.10743	0.10906	0.11568	0.10149	0.10452	0.01034	0.00625	0.00209	0.00512	0.00835	0.00554	0.00791
5	0.13958	0.18692	0.07103	0.01310	0.01775	0.11062	0.01171	0.12594	0.10202	0.05583	0.01615	0.02090	0.01361	0.00811	0.00586	0.00198	0.00720	0.07825	0.00471	0.00875

[dist]
# distance from previous block
# <min> <max>
0	2

[block]
# block no. 2 follows, 33 sequences, length 6
# corresponding to MSA columns:
# 145-150
name=unknown_C
#
# <colnr> <probs for GDERKNQSTAVLIFYWHMCP>
#	G	D	E	R	K	N	Q	S	T	A	V	L	I	F	Y	W	H	M	C	P
0	0.01320	0.07110	0.01356	0.01228	0.06986	0.04226	0.00865	0.08414	0.05801	0.04650	0.12542	0.17335	0.22972	0.01319	0.00721	0.00215	0.00500	0.01122	0.00580	0.00736
1	0.24123	0.05634	0.13279	0.01475	0.05738	0.01699	0.01295	0.24594	0.05429	0.08678	0.01416	0.01481	0.01028	0.00699	0.00572	0.00200	0.00684	0.00511	0.00504	0.00961
2	0.01732	0.19687	0.20252	0.01418	0.02005	0.01836	0.01425	0.19390	0.13175	0.02641	0.08607	0.01886	0.01637	0.00768	0.00609	0.00192	0.00708	0.00594	0.00482	0.00956
3	0.16576	0.16389	0.07204	0.01504	0.07430	0.07640	0.01219	0.17990	0.08821	0.02685	0.05506	0.01628	0.01332	0.00719	0.00567	0.00189	0.00696	0.00531	0.00465	0.00909
4	0.07819	0.20067	0.21306	0.01544	0.08951	0.01592	0.01418	0.05400	0.01530	0.07141	0.05923	0.02240	0.10862	0.00807	0.00595	0.00191	0.00688	0.00632	0.00421	0.00871
5	0.02028	0.08267	0.13946	0.05482	0.02061	0.07185	0.01317	0.15993	0.07516	0.18913	0.02223	0.02182	0.08345	0.00829	0.00641	0.00200	0.00716	0.00649	0.00549	0.00959

[dist]
# distance from previous block
# <min> <max>
18	125

[block]
# block no. 3 follows, 33 sequences, length 27
# corresponding to MSA columns:
# 277-303
name=unknown_D
#
# <colnr> <probs for GDERKNQSTAVLIFYWHMCP>
#	G	D	E	R	K	N	Q	S	T	A	V	L	I	F	Y	W	H	M	C	P
0	0.03337	0.17617	0.12704	0.01269	0.01758	0.06132	0.02601	0.09639	0.01739	0.10872	0.14956	0.02383	0.05555	0.01005	0.03473	0.00221	0.00708	0.00673	0.00500	0.02859
1	0.07224	0.19428	0.16378	0.01232	0.01723	0.06171	0.01214	0.01963	0.03544	0.08393	0.17253	0.05015	0.02334	0.00876	0.00610	0.00191	0.00651	0.02383	0.00473	0.02946
2	0.07820	0.11571	0.21974	0.01256	0.01766	0.01298	0.03132	0.04192	0.01577	0.04970	0.18751	0.03081	0.10974	0.00979	0.00655	0.00205	0.00629	0.03892	0.00486	0.00793
3	0.01361	0.17012	0.34072	0.01439	0.02079	0.01462	0.03793	0.01832	0.01437	0.04694	0.08027	0.09751	0.05619	0.00883	0.00631	0.00198	0.00736	0.00728	0.00397	0.03850
4	0.05510	0.13436	0.25192	0.01379	0.01957	0.11477	0.01425	0.02118	0.01543	0.13052	0.05830	0.04884	0.07828	0.00840	0.00616	0.00195	0.00760	0.00651	0.00444	0.00862
5	0.03961	0.19891	0.49441	0.01585	0.02384	0.01697	0.01932	0.01978	0.01395	0.02007	0.04666	0.01630	0.03397	0.00679	0.00584	0.00193	0.00845	0.00514	0.00315	0.00905
6	0.09950	0.22699	0.24191	0.01359	0.01967	0.03790	0.01433	0.08231	0.01573	0.08345	0.04764	0.06165	0.01392	0.00763	0.00573	0.00191	0.00732	0.00578	0.00417	0.00887
7	0.01514	0.33176	0.41577	0.01546	0.02324	0.01969	0.01835	0.02109	0.04844	0.01901	0.01148	0.01308	0.00897	0.00614	0.00546	0.00182	0.00842	0.00445	0.00299	0.00925
8	0.01475	0.40353	0.28859	0.01357	0.02018	0.01948	0.01533	0.01881	0.01365	0.01770	0.01585	0.05506	0.06385	0.00747	0.00546	0.00178	0.00758	0.00558	0.00322	0.00854
9	0.05382	0.18405	0.55545	0.01673	0.02534	0.01746	0.02080	0.02054	0.01366	0.02018	0.01114	0.01306	0.00830	0.00612	0.00573	0.00194	0.00895	0.00453	0.00285	0.00934
10	0.12305	0.28291	0.39799	0.01484	0.02241	0.01889	0.01755	0.02026	0.01336	0.02020	0.01055	0.01233	0.00821	0.00602	0.00527	0.00185	0.00819	0.00423	0.00297	0.00894
11	0.04426	0.08038	0.10379	0.01184	0.01737	0.05010	0.01075	0.06346	0.01576	0.11775	0.04094	0.05586	0.01401	0.00704	0.00565	0.00156	0.00615	0.00557	0.00463	0.34311
12	0.20064	0.04529	0.04050	0.01273	0.01731	0.11367	0.01063	0.20101	0.03714	0.18936	0.03482	0.04008	0.01345	0.00784	0.00594	0.00198	0.00683	0.00580	0.00568	0.00932
13	0.08009	0.09574	0.03949	0.01173	0.01684	0.03249	0.01004	0.13825	0.05418	0.15349	0.01822	0.01969	0.03970	0.00740	0.00578	0.00171	0.00599	0.03012	0.00528	0.23374
14	0.05002	0.04764	0.10552	0.01779	0.04478	0.05265	0.14780	0.23672	0.07880	0.06131	0.04287	0.02057	0.01442	0.00779	0.00674	0.00208	0.00798	0.03982	0.00509	0.00961
15	0.58516	0.04296	0.04754	0.00985	0.01434	0.01438	0.00861	0.04017	0.01329	0.12510	0.03799	0.01401	0.01063	0.00670	0.00474	0.00201	0.00545	0.00442	0.00471	0.00795
16	0.01663	0.01161	0.01396	0.01012	0.01583	0.00894	0.00815	0.01948	0.01462	0.15459	0.01437	0.01529	0.01098	0.00549	0.00520	0.00117	0.00501	0.00441	0.00470	0.65944
17	0.00789	0.00667	0.00682	0.00678	0.00896	0.00560	0.00509	0.00966	0.01526	0.01839	0.11275	0.06236	0.67846	0.01645	0.00778	0.00221	0.00332	0.01375	0.00619	0.00560
18	0.01279	0.01182	0.01905	0.44981	0.18062	0.01353	0.01630	0.01743	0.04927	0.01890	0.05444	0.04958	0.06297	0.00811	0.00678	0.00216	0.00755	0.00727	0.00375	0.00787
19	0.02503	0.01844	0.01976	0.01515	0.02042	0.02042	0.01251	0.70562	0.03095	0.04149	0.01581	0.01581	0.01120	0.00790	0.00659	0.00198	0.00724	0.00593	0.00659	0.01120
20	0.01637	0.01472	0.02475	0.03649	0.63681	0.01461	0.01859	0.02015	0.01546	0.05559	0.06962	0.01920	0.01482	0.00658	0.00662	0.00197	0.00734	0.00638	0.00381	0.01013
21	0.02086	0.02517	0.01921	0.01708	0.01923	0.47804	0.01334	0.02247	0.01552	0.01601	0.00961	0.01280	0.00854	0.00852	0.01167	0.00213	0.28434	0.00480	0.00320	0.00747
22	0.01320	0.03405	0.73453	0.01876	0.02849	0.01529	0.02432	0.02085	0.01390	0.02085	0.01181	0.01390	0.00834	0.00625	0.00625	0.00208	0.00973	0.00486	0.00278	0.00973
23	0.00844	0.00650	0.00768	0.00828	0.00954	0.00596	0.00581	0.01059	0.03972	0.01847	0.12308	0.38589	0.28199	0.04543	0.00897	0.00257	0.00371	0.01552	0.00618	0.00565
24	0.03459	0.05573	0.04759	0.01071	0.01388	0.01054	0.00876	0.02004	0.16186	0.11083	0.18202	0.19258	0.05212	0.01201	0.00699	0.00213	0.00473	0.01035	0.00620	0.05633
25	0.01355	0.09151	0.68007	0.01818	0.02759	0.01613	0.02331	0.02076	0.01386	0.02043	0.01161	0.01364	0.00835	0.00621	0.00610	0.00203	0.00952	0.00476	0.00278	0.00963
26	0.01365	0.10913	0.66336	0.01800	0.02731	0.01638	0.02300	0.02073	0.01385	0.02030	0.01154	0.01356	0.00835	0.00619	0.00605	0.00202	0.00946	0.00473	0.00278	0.00960

[dist]
# distance from previous block
# <min> <max>
0	1

[block]
# block no. 4 follows, 33 sequences, length 52
# corresponding to MSA columns:
# 305-356
name=unknown_E
#
# <colnr> <probs for GDERKNQSTAVLIFYWHMCP>
#	G	D	E	R	K	N	Q	S	T	A	V	L	I	F	Y	W	H	M	C	P
0	0.01076	0.00787	0.00938	0.00885	0.01088	0.00754	0.00666	0.04818	0.06989	0.04619	0.38317	0.13352	0.20346	0.01426	0.00767	0.00218	0.00368	0.01237	0.00681	0.00668
1	0.01299	0.01019	0.03144	0.00916	0.01320	0.00788	0.00726	0.01534	0.01405	0.08184	0.06316	0.05294	0.14888	0.11010	0.00969	0.00216	0.00486	0.00767	0.00491	0.39227
2	0.08946	0.14830	0.42443	0.01561	0.02312	0.04096	0.01811	0.04037	0.04518	0.05994	0.02884	0.01478	0.01050	0.00659	0.00580	0.00196	0.00830	0.00490	0.00359	0.00928
3	0.00817	0.00631	0.00746	0.00797	0.00933	0.00560	0.00567	0.00990	0.01473	0.01902	0.17840	0.34012	0.32845	0.01764	0.00803	0.00237	0.00348	0.01544	0.00633	0.00560
4	0.01365	0.01170	0.01365	0.00975	0.01560	0.00878	0.00780	0.01658	0.01365	0.02145	0.01170	0.01365	0.00975	0.00488	0.00488	0.00098	0.00488	0.00390	0.00390	0.80888
5	0.01664	0.09531	0.52188	0.01700	0.02530	0.05445	0.02033	0.04159	0.01522	0.11276	0.01344	0.01465	0.00947	0.00652	0.00612	0.00200	0.00900	0.00497	0.00362	0.00974
6	0.06235	0.52913	0.02888	0.01261	0.01762	0.19362	0.01143	0.04705	0.01516	0.01737	0.00964	0.01107	0.00849	0.00601	0.00471	0.00153	0.00808	0.00378	0.00316	0.00829
7	0.00946	0.00683	0.00945	0.00945	0.01023	0.00761	0.00682	0.01103	0.01025	0.01445	0.01867	0.03159	0.01894	0.28854	0.50678	0.00918	0.01389	0.00789	0.00368	0.00525
8	0.01428	0.01931	0.22373	0.02336	0.19604	0.01395	0.14533	0.01986	0.04975	0.04364	0.08000	0.06996	0.03347	0.00820	0.00738	0.00215	0.02886	0.00761	0.00406	0.00905
9	0.00806	0.00659	0.00712	0.00718	0.00911	0.00565	0.00531	0.00992	0.01539	0.01915	0.17504	0.12716	0.54843	0.01650	0.00784	0.00224	0.00334	0.01401	0.00630	0.00565
10	0.06542	0.32345	0.04326	0.01413	0.06239	0.05829	0.01174	0.13859	0.06274	0.06672	0.01305	0.01392	0.01033	0.00644	0.00528	0.00166	0.00692	0.00464	0.00428	0.08675
11	0.01573	0.02378	0.37394	0.01708	0.06088	0.01408	0.03865	0.11526	0.01670	0.06421	0.01687	0.01813	0.05699	0.00702	0.00627	0.00190	0.00791	0.00570	0.00405	0.13486
12	0.02097	0.10908	0.02251	0.03658	0.20882	0.36932	0.01453	0.06912	0.05249	0.01974	0.01188	0.01390	0.00976	0.00659	0.00599	0.00179	0.00955	0.00489	0.00366	0.00884
13	0.02025	0.01449	0.06034	0.01321	0.01774	0.01423	0.01107	0.03319	0.45576	0.24524	0.02560	0.02322	0.01818	0.00852	0.00665	0.00216	0.00562	0.00703	0.00690	0.01062
14	0.01662	0.03791	0.06409	0.01617	0.10006	0.13556	0.01193	0.08318	0.18271	0.02356	0.07462	0.04517	0.06572	0.00859	0.00643	0.00190	0.00679	0.00700	0.00501	0.10700
15	0.00780	0.00660	0.00674	0.00686	0.00894	0.00554	0.00509	0.00943	0.01482	0.01771	0.06433	0.11768	0.67210	0.01698	0.00783	0.00226	0.00337	0.01427	0.00611	0.00554
16	0.01807	0.01702	0.02155	0.01969	0.10265	0.09445	0.11893	0.17249	0.14978	0.02523	0.01715	0.07711	0.01454	0.00889	0.00891	0.00221	0.10998	0.00731	0.00484	0.00921
17	0.01485	0.02459	0.37548	0.01648	0.04174	0.06226	0.01747	0.07916	0.01526	0.02176	0.01297	0.03853	0.01048	0.00923	0.04623	0.00236	0.05012	0.00538	0.00352	0.15214
18	0.00853	0.00678	0.00706	0.00698	0.00920	0.00571	0.00524	0.01028	0.01521	0.04029	0.09430	0.08326	0.65167	0.01639	0.00776	0.00222	0.00341	0.01373	0.00623	0.00576
19	0.81514	0.01273	0.00968	0.00866	0.01273	0.01477	0.00713	0.01935	0.01120	0.02954	0.00917	0.01069	0.00713	0.00611	0.00407	0.00204	0.00509	0.00356	0.00407	0.00713
20	0.01412	0.01146	0.01340	0.01380	0.08277	0.03299	0.00953	0.06535	0.23391	0.04486	0.21962	0.06705	0.07590	0.05068	0.00857	0.00239	0.00513	0.03402	0.00623	0.00823
21	0.00797	0.00655	0.00701	0.00716	0.00907	0.00560	0.00527	0.00971	0.01505	0.01851	0.12820	0.15380	0.56958	0.01687	0.00786	0.00227	0.00338	0.01433	0.00623	0.00560
22	0.01610	0.01566	0.02689	0.03779	0.62951	0.01607	0.05952	0.01990	0.01462	0.02102	0.01213	0.01623	0.01026	0.00631	0.00782	0.00205	0.06885	0.00597	0.00323	0.01008
23	0.02477	0.01831	0.01961	0.01510	0.02032	0.02030	0.01245	0.68583	0.05116	0.04108	0.01613	0.01606	0.01146	0.00793	0.00659	0.00198	0.00718	0.00597	0.00659	0.01117
24	0.02077	0.00952	0.01237	0.01026	0.01391	0.00845	0.00817	0.04585	0.01815	0.41785	0.16116	0.09298	0.12915	0.01136	0.00714	0.00212	0.00472	0.00960	0.00747	0.00899
25	0.00929	0.00642	0.00757	0.00771	0.00803	0.00644	0.00473	0.00977	0.01033	0.01376	0.02488	0.10952	0.07130	0.56824	0.10944	0.00624	0.00721	0.01042	0.00427	0.00443
26	0.01595	0.39931	0.35255	0.01496	0.02235	0.05681	0.01728	0.02056	0.01388	0.01796	0.01042	0.01215	0.00840	0.00597	0.00523	0.00173	0.00851	0.00417	0.00283	0.00899
27	0.03814	0.02268	0.01993	0.06306	0.10566	0.37998	0.04931	0.05883	0.01670	0.01889	0.01155	0.01504	0.00977	0.03272	0.00891	0.00210	0.10074	0.00522	0.03280	0.00796
28	0.02415	0.07974	0.01976	0.01649	0.02013	0.65630	0.01261	0.06211	0.01896	0.01743	0.01041	0.01200	0.00862	0.00677	0.00586	0.00169	0.01131	0.00428	0.00352	0.00788
29	0.00819	0.00666	0.00729	0.00740	0.00934	0.00575	0.00557	0.01012	0.01541	0.01917	0.16651	0.11371	0.53306	0.01654	0.00789	0.00228	0.00348	0.04966	0.00629	0.00567
30	0.00785	0.00667	0.00676	0.00674	0.00893	0.00559	0.00505	0.00958	0.01516	0.01816	0.09537	0.06274	0.69599	0.01653	0.00778	0.00222	0.00332	0.01381	0.00616	0.00559
31	0.00826	0.00669	0.00733	0.00717	0.00919	0.00576	0.00538	0.01038	0.01614	0.02047	0.27182	0.05893	0.51809	0.01567	0.00778	0.00218	0.00326	0.01327	0.00647	0.00576
32	0.01563	0.01901	0.17840	0.01953	0.04608	0.01679	0.15914	0.03641	0.07793	0.06495	0.01367	0.01694	0.01079	0.00980	0.03861	0.00269	0.25483	0.00625	0.00375	0.00879
33	0.08873	0.01219	0.01453	0.01166	0.01607	0.01203	0.00947	0.16369	0.05457	0.40230	0.02297	0.06950	0.01657	0.00876	0.00638	0.00204	0.00557	0.00704	0.06587	0.01007
34	0.01916	0.04433	0.01607	0.03362	0.01767	0.11642	0.01067	0.17796	0.23602	0.07773	0.04363	0.04322	0.03603	0.00914	0.00655	0.00205	0.00655	0.03795	0.05599	0.00925
35	0.12484	0.01115	0.04972	0.01067	0.01360	0.01052	0.00880	0.10724	0.06956	0.05137	0.14064	0.19958	0.09732	0.01308	0.00714	0.00229	0.00496	0.06410	0.00601	0.00742
36	0.02503	0.01844	0.01976	0.01515	0.02042	0.02042	0.01251	0.70562	0.03095	0.04149	0.01581	0.01581	0.01120	0.00790	0.00659	0.00198	0.00724	0.00593	0.00659	0.01120
37	0.71048	0.01253	0.01042	0.00906	0.01327	0.01409	0.00747	0.02105	0.01222	0.12314	0.01141	0.01225	0.00835	0.00638	0.00441	0.00204	0.00516	0.00397	0.00462	0.00767
38	0.01320	0.03405	0.73453	0.01876	0.02849	0.01529	0.02432	0.02085	0.01390	0.02085	0.01181	0.01390	0.00834	0.00625	0.00625	0.00208	0.00973	0.00486	0.00278	0.00973
39	0.01657	0.01808	0.02888	0.13174	0.23706	0.11998	0.27710	0.02074	0.01525	0.01967	0.01216	0.01631	0.00967	0.00623	0.00757	0.00209	0.04244	0.00635	0.00324	0.00886
40	0.01243	0.01170	0.01975	0.75282	0.04534	0.01463	0.01828	0.01682	0.01316	0.01682	0.01170	0.01755	0.00878	0.00658	0.00658	0.00219	0.00878	0.00585	0.00293	0.00731
41	0.00922	0.00673	0.00866	0.00818	0.00977	0.00617	0.00613	0.01223	0.01839	0.02583	0.68060	0.05011	0.10598	0.01367	0.00777	0.00208	0.00312	0.01204	0.00717	0.00617
42	0.00823	0.00595	0.00786	0.00919	0.00977	0.00547	0.00617	0.00944	0.01264	0.01698	0.03539	0.73690	0.04231	0.02005	0.00827	0.00261	0.00386	0.01817	0.00603	0.03473
43	0.01599	0.01642	0.05430	0.06029	0.61405	0.01569	0.08561	0.02021	0.01495	0.02130	0.01243	0.01638	0.01026	0.00587	0.00663	0.00199	0.00824	0.00601	0.00324	0.01016
44	0.01429	0.21637	0.56172	0.01691	0.02563	0.01795	0.02110	0.02057	0.01377	0.01953	0.01116	0.01307	0.00837	0.00610	0.00575	0.00192	0.00907	0.00453	0.00279	0.00941
45	0.70948	0.01471	0.01162	0.01017	0.01427	0.08467	0.03360	0.02008	0.01208	0.02793	0.00942	0.01107	0.00737	0.00615	0.00439	0.00201	0.00597	0.00379	0.00398	0.00724
46	0.02465	0.01784	0.01924	0.01488	0.02004	0.01968	0.01225	0.63186	0.07574	0.07069	0.01698	0.01667	0.01201	0.00798	0.00659	0.00200	0.00704	0.00606	0.00666	0.01114
47	0.00799	0.00658	0.00703	0.00712	0.00907	0.00562	0.00526	0.00978	0.01521	0.01874	0.14417	0.13158	0.57573	0.01667	0.00784	0.00225	0.00335	0.01413	0.00625	0.00562
48	0.00900	0.00614	0.00735	0.00792	0.00806	0.00600	0.00478	0.00942	0.01070	0.01427	0.02652	0.31122	0.03122	0.49056	0.02417	0.00500	0.00543	0.01297	0.00478	0.00449
49	0.01227	0.00614	0.00614	0.00614	0.00767	0.00614	0.00460	0.01534	0.01381	0.02454	0.02148	0.02454	0.01687	0.00767	0.00460	0.00153	0.00307	0.00614	0.80518	0.00614
50	0.00810	0.00576	0.00761	0.00906	0.00942	0.00540	0.00600	0.00919	0.01244	0.01659	0.03545	0.72585	0.04249	0.06055	0.00974	0.00287	0.00396	0.01823	0.00600	0.00527
51	0.03919	0.05020	0.39285	0.01844	0.02569	0.06397	0.11607	0.05599	0.01541	0.08930	0.01309	0.01506	0.00947	0.00679	0.00742	0.00210	0.06048	0.00544	0.00364	0.00940

[dist]
# distance from previous block
# <min> <max>
0	1

[block]
# block no. 5 follows, 33 sequences, length 25
# corresponding to MSA columns:
# 358-382
name=unknown_F
#
# <colnr> <probs for GDERKNQSTAVLIFYWHMCP>
#	G	D	E	R	K	N	Q	S	T	A	V	L	I	F	Y	W	H	M	C	P
0	0.01801	0.62598	0.09275	0.01255	0.01828	0.10559	0.01255	0.02055	0.01401	0.01602	0.00950	0.01099	0.00844	0.00581	0.00459	0.00150	0.00781	0.00372	0.00288	0.00847
1	0.01322	0.01259	0.02083	0.56545	0.14339	0.01539	0.01814	0.01721	0.01309	0.01741	0.01146	0.01702	0.00901	0.00702	0.00824	0.00223	0.09172	0.00584	0.00297	0.00776
2	0.03975	0.04520	0.07235	0.07147	0.05730	0.06551	0.06077	0.02924	0.43252	0.02432	0.02058	0.02056	0.01558	0.00781	0.00650	0.00213	0.00687	0.00660	0.00527	0.00967
3	0.00965	0.00671	0.00835	0.00853	0.01008	0.00598	0.00614	0.01157	0.01512	0.05725	0.22528	0.35041	0.19803	0.01660	0.00787	0.00232	0.00365	0.01464	0.00644	0.03539
4	0.00812	0.00646	0.00729	0.00756	0.00922	0.00563	0.00549	0.00994	0.01512	0.01916	0.18218	0.22577	0.44081	0.01700	0.00792	0.00230	0.00341	0.01466	0.00632	0.00563
5	0.81514	0.01273	0.00968	0.00866	0.01273	0.01477	0.00713	0.01935	0.01120	0.02954	0.00917	0.01069	0.00713	0.00611	0.00407	0.00204	0.00509	0.00356	0.00407	0.00713
6	0.01393	0.01169	0.01394	0.08761	0.01840	0.01167	0.00989	0.05053	0.22376	0.02357	0.06775	0.04717	0.04070	0.00896	0.00643	0.00186	0.00540	0.06974	0.00529	0.28169
7	0.00824	0.00590	0.00783	0.00902	0.00960	0.00549	0.00613	0.00971	0.01361	0.01840	0.15057	0.64551	0.04663	0.01943	0.00830	0.00257	0.00370	0.01758	0.00630	0.00549
8	0.01572	0.00996	0.01066	0.03657	0.01307	0.03685	0.00767	0.08802	0.09183	0.09093	0.05733	0.02725	0.01963	0.03549	0.00675	0.00201	0.00476	0.04212	0.39579	0.00760
9	0.01320	0.03405	0.73453	0.01876	0.02849	0.01529	0.02432	0.02085	0.01390	0.02085	0.01181	0.01390	0.00834	0.00625	0.00625	0.00208	0.00973	0.00486	0.00278	0.00973
10	0.00932	0.00673	0.00880	0.00828	0.00984	0.00621	0.00621	0.01242	0.01863	0.02640	0.72410	0.04918	0.06212	0.01346	0.00776	0.00207	0.00311	0.01191	0.00725	0.00621
11	0.00957	0.00638	0.00718	0.00718	0.00718	0.00638	0.00399	0.00957	0.00957	0.01276	0.02074	0.04308	0.02393	0.76864	0.03351	0.00638	0.00638	0.00957	0.00399	0.00399
12	0.81514	0.01273	0.00968	0.00866	0.01273	0.01477	0.00713	0.01935	0.01120	0.02954	0.00917	0.01069	0.00713	0.00611	0.00407	0.00204	0.00509	0.00356	0.00407	0.00713
13	0.01481	0.01385	0.02146	0.02270	0.26415	0.01218	0.10296	0.01842	0.01436	0.02142	0.01215	0.01510	0.01002	0.00531	0.00582	0.00148	0.00671	0.00508	0.00360	0.42842
14	0.00802	0.00573	0.00764	0.00917	0.00955	0.00535	0.00611	0.00917	0.01260	0.01681	0.03628	0.76434	0.04354	0.02062	0.00840	0.00267	0.00382	0.01872	0.00611	0.00535
15	0.01661	0.04078	0.08777	0.02285	0.02892	0.01739	0.43306	0.10459	0.10195	0.02391	0.01481	0.01769	0.01113	0.00656	0.00786	0.00219	0.04151	0.00707	0.00405	0.00933
16	0.02506	0.04352	0.01862	0.01597	0.03992	0.40842	0.01216	0.09696	0.01937	0.20361	0.01480	0.01519	0.01084	0.00739	0.00680	0.00186	0.04047	0.00512	0.00491	0.00901
17	0.01365	0.01170	0.01365	0.00975	0.01560	0.00878	0.00780	0.01658	0.01365	0.02145	0.01170	0.01365	0.00975	0.00488	0.00488	0.00098	0.00488	0.00390	0.00390	0.80888
18	0.00931	0.00639	0.00778	0.00799	0.00827	0.00648	0.00498	0.00991	0.01046	0.01416	0.04507	0.14934	0.02705	0.53054	0.12897	0.00628	0.00748	0.01067	0.00435	0.00453
19	0.00941	0.00702	0.01042	0.01042	0.01155	0.00814	0.00803	0.01166	0.01053	0.01517	0.01778	0.02666	0.01680	0.08248	0.70991	0.01039	0.01712	0.00717	0.00355	0.00579
20	0.01243	0.01170	0.01975	0.75282	0.04534	0.01463	0.01828	0.01682	0.01316	0.01682	0.01170	0.01755	0.00878	0.00658	0.00658	0.00219	0.00878	0.00585	0.00293	0.00731
21	0.00894	0.00671	0.00827	0.00788	0.00960	0.00605	0.00591	0.01168	0.01773	0.02426	0.56073	0.05270	0.22682	0.01426	0.00777	0.00211	0.00316	0.01240	0.00697	0.00605
22	0.12108	0.01325	0.01545	0.06683	0.10102	0.01472	0.01119	0.12605	0.26077	0.04643	0.04621	0.05827	0.01758	0.00854	0.00629	0.00210	0.00576	0.00704	0.06224	0.00919
23	0.00956	0.00642	0.00799	0.00850	0.00928	0.00606	0.00574	0.01077	0.01291	0.04355	0.11045	0.33926	0.09565	0.24942	0.01599	0.00371	0.00467	0.04911	0.00566	0.00530
24	0.01692	0.08770	0.01816	0.01393	0.08483	0.01338	0.01028	0.15007	0.01722	0.04479	0.01271	0.01426	0.01015	0.00572	0.00535	0.00133	0.00584	0.00452	0.00437	0.47846

[dist]
# distance from previous block
# <min> <max>
0	6

[block]
# block no. 6 follows, 33 sequences, length 71
# corresponding to MSA columns:
# 389-459
name=unknown_G
#
# <colnr> <probs for GDERKNQSTAVLIFYWHMCP>
#	G	D	E	R	K	N	Q	S	T	A	V	L	I	F	Y	W	H	M	C	P
0	0.06392	0.05585	0.06794	0.04434	0.13362	0.09205	0.06385	0.13455	0.06559	0.06667	0.03865	0.06336	0.01529	0.00998	0.03909	0.00242	0.00806	0.02105	0.00470	0.00902
1	0.06442	0.23269	0.26553	0.01662	0.05363	0.03310	0.07640	0.02256	0.03283	0.12373	0.01349	0.01470	0.01001	0.00635	0.00576	0.00189	0.00807	0.00502	0.00383	0.00936
2	0.01204	0.04948	0.01749	0.12859	0.15530	0.01134	0.06921	0.03568	0.01480	0.01957	0.06885	0.21217	0.12973	0.01217	0.00734	0.00225	0.00618	0.03568	0.00476	0.00736
3	0.01110	0.01091	0.07254	0.01107	0.04223	0.04089	0.00817	0.01382	0.05930	0.01620	0.02478	0.07937	0.08148	0.38073	0.08102	0.00495	0.00741	0.04382	0.00438	0.00583
4	0.04713	0.12511	0.19190	0.01774	0.07948	0.17675	0.05217	0.05847	0.03505	0.10705	0.01345	0.01470	0.01008	0.00655	0.00596	0.00185	0.00867	0.00504	0.00403	0.03883
5	0.01551	0.11230	0.31678	0.03716	0.07590	0.06389	0.06275	0.05829	0.01538	0.04818	0.01570	0.09475	0.01387	0.00825	0.00648	0.00207	0.00843	0.03161	0.00379	0.00892
6	0.00964	0.00669	0.00836	0.00897	0.00979	0.00649	0.00613	0.05049	0.01382	0.01872	0.09748	0.47812	0.06369	0.10602	0.01189	0.04424	0.00430	0.01496	0.03467	0.00552
7	0.04190	0.01642	0.05573	0.03572	0.60042	0.01577	0.01907	0.07207	0.01614	0.04512	0.01294	0.01617	0.01047	0.00611	0.00644	0.00197	0.00771	0.00578	0.00366	0.01038
8	0.06199	0.08821	0.28086	0.01628	0.03832	0.06271	0.05531	0.11305	0.05671	0.06883	0.04376	0.03653	0.01318	0.00731	0.00620	0.00198	0.00800	0.00586	0.00431	0.03058
9	0.01423	0.01488	0.04638	0.18340	0.24652	0.06574	0.08510	0.01767	0.01402	0.01872	0.01609	0.14952	0.01557	0.00919	0.00824	0.00223	0.07246	0.00819	0.00366	0.00819
10	0.00924	0.00729	0.00911	0.00999	0.04741	0.00677	0.00684	0.01215	0.04576	0.02108	0.27182	0.21694	0.26097	0.01567	0.00784	0.00229	0.00376	0.03250	0.00636	0.00620
11	0.81514	0.01273	0.00968	0.00866	0.01273	0.01477	0.00713	0.01935	0.01120	0.02954	0.00917	0.01069	0.00713	0.00611	0.00407	0.00204	0.00509	0.00356	0.00407	0.00713
12	0.03809	0.04338	0.30118	0.01849	0.05484	0.01561	0.12259	0.15044	0.01800	0.11594	0.01692	0.01806	0.04193	0.00712	0.00656	0.00206	0.00839	0.00611	0.00447	0.00981
13	0.01677	0.07932	0.05409	0.05032	0.48762	0.06839	0.06243	0.04207	0.01558	0.02099	0.01362	0.01685	0.03012	0.00629	0.00640	0.00193	0.00821	0.00587	0.00340	0.00975
14	0.01694	0.00844	0.01111	0.00947	0.01243	0.00749	0.00744	0.01972	0.01843	0.29585	0.40617	0.04002	0.09572	0.01167	0.00733	0.00207	0.00408	0.01004	0.00750	0.00807
15	0.01065	0.00737	0.00899	0.00868	0.00939	0.00793	0.00588	0.04643	0.01128	0.01590	0.01940	0.03489	0.02034	0.45839	0.22032	0.00682	0.02854	0.00835	0.06535	0.00511
16	0.00847	0.00670	0.00799	0.00806	0.00966	0.00639	0.00597	0.01025	0.01340	0.01711	0.08349	0.09569	0.39267	0.08230	0.21665	0.00491	0.00761	0.01185	0.00529	0.00555
17	0.00990	0.00686	0.00883	0.00830	0.01001	0.00626	0.00624	0.01280	0.01815	0.05148	0.62250	0.07207	0.11421	0.01375	0.00774	0.00210	0.00324	0.01209	0.00715	0.00632
18	0.01359	0.00965	0.01286	0.01133	0.01404	0.00961	0.05274	0.03817	0.15357	0.10007	0.33562	0.09586	0.06177	0.01228	0.00753	0.00221	0.00464	0.04993	0.00677	0.00777
19	0.01507	0.01243	0.01578	0.03491	0.04906	0.01020	0.03601	0.05289	0.01488	0.05286	0.01262	0.01453	0.01012	0.00529	0.00528	0.00120	0.00552	0.00442	0.00414	0.64278
20	0.01532	0.35560	0.38301	0.01688	0.06849	0.02001	0.01835	0.02031	0.01374	0.01855	0.01069	0.01259	0.00852	0.00596	0.00538	0.00178	0.00843	0.00434	0.00283	0.00921
21	0.02815	0.01180	0.01548	0.01194	0.01689	0.01070	0.00983	0.10515	0.02016	0.62508	0.05576	0.02287	0.01776	0.00836	0.00667	0.00203	0.00567	0.00678	0.00794	0.01098
22	0.01499	0.01385	0.01963	0.11865	0.02114	0.01870	0.01453	0.01763	0.04128	0.05318	0.01073	0.01569	0.00954	0.01055	0.01812	0.00271	0.58230	0.00589	0.00332	0.00756
23	0.01144	0.00572	0.00858	0.00858	0.00858	0.00572	0.00572	0.00858	0.00858	0.01144	0.01144	0.02001	0.01144	0.02287	0.02573	0.80846	0.00572	0.00572	0.00286	0.00286
24	0.00936	0.00750	0.00993	0.00930	0.01089	0.00731	0.02802	0.01182	0.01624	0.02215	0.40274	0.14467	0.20886	0.01478	0.00889	0.00225	0.06012	0.01269	0.00638	0.00610
25	0.01760	0.77260	0.03450	0.01126	0.01690	0.02605	0.01126	0.01971	0.01338	0.01549	0.00915	0.01056	0.00845	0.00563	0.00422	0.00141	0.00704	0.00352	0.00282	0.00845
26	0.01637	0.01414	0.01489	0.01340	0.01712	0.01637	0.01042	0.03498	0.71568	0.02754	0.02679	0.02456	0.02010	0.00893	0.00670	0.00223	0.00521	0.00744	0.00670	0.01042
27	0.00957	0.00638	0.00718	0.00718	0.00718	0.00638	0.00399	0.00957	0.00957	0.01276	0.02074	0.04308	0.02393	0.76864	0.03351	0.00638	0.00638	0.00957	0.00399	0.00399
28	0.01326	0.03139	0.64153	0.01915	0.02821	0.01500	0.07821	0.02050	0.01410	0.02081	0.01312	0.01730	0.00999	0.00681	0.00652	0.00214	0.00965	0.03986	0.00299	0.00947
29	0.00797	0.00591	0.00745	0.00868	0.00942	0.00539	0.00589	0.00922	0.01307	0.01700	0.04225	0.62691	0.17712	0.01985	0.00828	0.00259	0.00372	0.01777	0.00611	0.00539
30	0.01570	0.01503	0.02564	0.15044	0.62220	0.01548	0.01991	0.01968	0.01471	0.02078	0.01228	0.01649	0.01017	0.00598	0.00653	0.00199	0.00797	0.00586	0.00321	0.00995
31	0.01424	0.01408	0.02571	0.33801	0.25511	0.01508	0.16883	0.01867	0.01434	0.01935	0.01329	0.01971	0.01085	0.00664	0.00693	0.00216	0.00887	0.03627	0.00326	0.00858
32	0.01144	0.01064	0.01049	0.01005	0.01185	0.11344	0.03001	0.01327	0.01482	0.01808	0.14223	0.08609	0.22637	0.16348	0.03154	0.00327	0.00609	0.08572	0.00531	0.00581
33	0.01522	0.01454	0.02478	0.23886	0.53753	0.01536	0.01967	0.01926	0.01448	0.02020	0.01219	0.01664	0.00997	0.00607	0.00654	0.00202	0.00809	0.00586	0.00317	0.00956
34	0.81514	0.01273	0.00968	0.00866	0.01273	0.01477	0.00713	0.01935	0.01120	0.02954	0.00917	0.01069	0.00713	0.00611	0.00407	0.00204	0.00509	0.00356	0.00407	0.00713
35	0.01718	0.01454	0.01534	0.01356	0.01743	0.01675	0.01062	0.09744	0.65191	0.02884	0.02577	0.02375	0.01927	0.00884	0.00669	0.00221	0.00540	0.00730	0.00669	0.01049
36	0.01760	0.77260	0.03450	0.01126	0.01690	0.02605	0.01126	0.01971	0.01338	0.01549	0.00915	0.01056	0.00845	0.00563	0.00422	0.00141	0.00704	0.00352	0.00282	0.00845
37	0.02954	0.01120	0.01528	0.01171	0.01681	0.00968	0.00968	0.03208	0.01884	0.73213	0.02597	0.02241	0.01630	0.00815	0.00662	0.00204	0.00560	0.00662	0.00815	0.01120
38	0.02503	0.01844	0.01976	0.01515	0.02042	0.02042	0.01251	0.70562	0.03095	0.04149	0.01581	0.01581	0.01120	0.00790	0.00659	0.00198	0.00724	0.00593	0.00659	0.01120
39	0.02459	0.03138	0.01866	0.01696	0.02035	0.74221	0.01272	0.02629	0.01866	0.01611	0.01018	0.01187	0.00848	0.00678	0.00594	0.00170	0.01187	0.00424	0.00339	0.00763
40	0.67562	0.01319	0.01076	0.03683	0.01451	0.04544	0.00807	0.01996	0.01216	0.06405	0.01130	0.01441	0.00908	0.00680	0.00460	0.00207	0.00559	0.03393	0.00430	0.00732
41	0.01021	0.00683	0.00885	0.00867	0.00943	0.00714	0.00594	0.01146	0.01120	0.04103	0.09247	0.03682	0.02494	0.40672	0.28270	0.00728	0.01003	0.00881	0.00431	0.00515
42	0.01760	0.77260	0.03450	0.01126	0.01690	0.02605	0.01126	0.01971	0.01338	0.01549	0.00915	0.01056	0.00845	0.00563	0.00422	0.00141	0.00704	0.00352	0.00282	0.00845
43	0.01320	0.03405	0.73453	0.01876	0.02849	0.01529	0.02432	0.02085	0.01390	0.02085	0.01181	0.01390	0.00834	0.00625	0.00625	0.00208	0.00973	0.00486	0.00278	0.00973
44	0.01320	0.03405	0.73453	0.01876	0.02849	0.01529	0.02432	0.02085	0.01390	0.02085	0.01181	0.01390	0.00834	0.00625	0.00625	0.00208	0.00973	0.00486	0.00278	0.00973
45	0.00812	0.00589	0.00767	0.00890	0.00953	0.00544	0.00604	0.00949	0.01333	0.01776	0.10150	0.64763	0.09502	0.01968	0.00830	0.00259	0.00372	0.01774	0.00622	0.00544
46	0.01621	0.01264	0.01462	0.01064	0.01636	0.01050	0.00859	0.11621	0.01643	0.06592	0.01312	0.01447	0.01034	0.00550	0.00522	0.00118	0.00526	0.00435	0.00453	0.64791
47	0.01361	0.03266	0.66863	0.01818	0.02747	0.03898	0.02297	0.02078	0.01404	0.02073	0.01175	0.01382	0.00843	0.00619	0.00616	0.00201	0.00952	0.00479	0.00287	0.05643
48	0.01593	0.19675	0.43724	0.01653	0.02414	0.03744	0.01918	0.10015	0.01568	0.02166	0.01147	0.01335	0.00872	0.00660	0.00666	0.00195	0.04917	0.00472	0.00325	0.00942
49	0.01320	0.03405	0.73453	0.01876	0.02849	0.01529	0.02432	0.02085	0.01390	0.02085	0.01181	0.01390	0.00834	0.00625	0.00625	0.00208	0.00973	0.00486	0.00278	0.00973
50	0.01554	0.01776	0.03885	0.02775	0.03441	0.01665	0.70366	0.02109	0.01554	0.02109	0.01332	0.01776	0.00999	0.00555	0.00777	0.00222	0.01110	0.00777	0.00333	0.00888
51	0.01320	0.03405	0.73453	0.01876	0.02849	0.01529	0.02432	0.02085	0.01390	0.02085	0.01181	0.01390	0.00834	0.00625	0.00625	0.00208	0.00973	0.00486	0.00278	0.00973
52	0.00957	0.00638	0.00718	0.00718	0.00718	0.00638	0.00399	0.00957	0.00957	0.01276	0.02074	0.04308	0.02393	0.76864	0.03351	0.00638	0.00638	0.00957	0.00399	0.00399
53	0.02503	0.01844	0.01976	0.01515	0.02042	0.02042	0.01251	0.70562	0.03095	0.04149	0.01581	0.01581	0.01120	0.00790	0.00659	0.00198	0.00724	0.00593	0.00659	0.01120
54	0.01760	0.77260	0.03450	0.01126	0.01690	0.02605	0.01126	0.01971	0.01338	0.01549	0.00915	0.01056	0.00845	0.00563	0.00422	0.00141	0.00704	0.00352	0.00282	0.00845
55	0.01760	0.77260	0.03450	0.01126	0.01690	0.02605	0.01126	0.01971	0.01338	0.01549	0.00915	0.01056	0.00845	0.00563	0.00422	0.00141	0.00704	0.00352	0.00282	0.00845
56	0.01320	0.03405	0.73453	0.01876	0.02849	0.01529	0.02432	0.02085	0.01390	0.02085	0.01181	0.01390	0.00834	0.00625	0.00625	0.00208	0.00973	0.00486	0.00278	0.00973
57	0.01647	0.01598	0.06691	0.08925	0.53789	0.01495	0.04869	0.02059	0.01507	0.06685	0.01391	0.01849	0.01139	0.00646	0.00665	0.00203	0.00795	0.02686	0.00361	0.01000
58	0.01320	0.03405	0.73453	0.01876	0.02849	0.01529	0.02432	0.02085	0.01390	0.02085	0.01181	0.01390	0.00834	0.00625	0.00625	0.00208	0.00973	0.00486	0.00278	0.00973
59	0.02546	0.01108	0.01505	0.05531	0.01818	0.01025	0.01041	0.04949	0.04251	0.55132	0.02602	0.02880	0.01866	0.00939	0.00694	0.00218	0.00588	0.09532	0.00747	0.01027
60	0.01237	0.01453	0.14434	0.03824	0.05979	0.04734	0.07168	0.01577	0.01435	0.04648	0.02680	0.28098	0.05099	0.01367	0.00770	0.00245	0.00677	0.13356	0.00494	0.00728
61	0.01105	0.00772	0.00961	0.00911	0.00968	0.00845	0.00617	0.03335	0.01079	0.03667	0.01910	0.03566	0.02049	0.51057	0.17624	0.00668	0.07102	0.00853	0.00401	0.00510
62	0.01626	0.01572	0.02719	0.03992	0.70066	0.01568	0.04674	0.02024	0.01501	0.02149	0.01242	0.01635	0.01041	0.00585	0.00657	0.00197	0.00795	0.00594	0.00326	0.01037
63	0.01576	0.01474	0.02443	0.23162	0.50166	0.01565	0.01923	0.05941	0.01543	0.02141	0.01240	0.01661	0.01003	0.00618	0.00654	0.00202	0.00805	0.00587	0.00336	0.00963
64	0.01393	0.01177	0.01791	0.06666	0.10514	0.03087	0.11215	0.07417	0.01640	0.04333	0.02705	0.09697	0.06832	0.01271	0.00792	0.00250	0.00709	0.27232	0.00516	0.00763
65	0.01607	0.01541	0.02631	0.08222	0.68753	0.01558	0.02009	0.02001	0.01488	0.02123	0.01234	0.01637	0.01033	0.00591	0.00652	0.00197	0.00788	0.00586	0.00324	0.01025
66	0.01629	0.01564	0.02672	0.04041	0.72757	0.01564	0.02020	0.02020	0.01499	0.02151	0.01238	0.01629	0.01043	0.00587	0.00652	0.00196	0.00782	0.00587	0.00326	0.01043
67	0.01529	0.13482	0.14331	0.01853	0.04474	0.05770	0.22461	0.03503	0.01505	0.05010	0.01780	0.15458	0.01686	0.00914	0.00691	0.00213	0.00835	0.03266	0.00405	0.00833
68	0.02019	0.04878	0.04559	0.05682	0.09903	0.01593	0.28363	0.14024	0.01860	0.18009	0.01613	0.01788	0.01146	0.00662	0.00694	0.00207	0.00858	0.00666	0.00488	0.00987
69	0.04351	0.01564	0.02604	0.14948	0.50046	0.03864	0.09063	0.01993	0.01475	0.02083	0.01219	0.01631	0.00995	0.00598	0.00656	0.00202	0.00835	0.00593	0.00325	0.00957
70	0.01696	0.01753	0.02644	0.09127	0.51358	0.10686	0.09053	0.02080	0.01537	0.02042	0.01215	0.01599	0.01001	0.00600	0.00658	0.00197	0.00875	0.00586	0.00326	0.00967

[dist]
# distance from previous block
# <min> <max>
0	2

[block]
# block no. 7 follows, 33 sequences, length 9
# corresponding to MSA columns:
# 462-470
name=unknown_H
#
# <colnr> <probs for GDERKNQSTAVLIFYWHMCP>
#	G	D	E	R	K	N	Q	S	T	A	V	L	I	F	Y	W	H	M	C	P
0	0.01602	0.01603	0.02334	0.34316	0.25663	0.09678	0.07195	0.06059	0.01561	0.02004	0.01212	0.01643	0.00951	0.00638	0.00658	0.00205	0.00891	0.00583	0.00333	0.00869
1	0.01618	0.01611	0.02381	0.16775	0.48813	0.08259	0.01832	0.01990	0.01490	0.02014	0.01201	0.01594	0.00990	0.00602	0.00637	0.00191	0.00818	0.00558	0.00325	0.06302
2	0.07852	0.06459	0.06849	0.02243	0.23849	0.24434	0.01469	0.06602	0.01714	0.04508	0.06800	0.01676	0.01363	0.00699	0.00611	0.00187	0.00850	0.00549	0.00399	0.00888
3	0.14160	0.12536	0.09227	0.06491	0.06826	0.17277	0.05706	0.06296	0.01590	0.02172	0.05011	0.01669	0.03455	0.00696	0.00579	0.00185	0.00807	0.00534	0.00382	0.04400
4	0.14902	0.20388	0.06202	0.01349	0.06318	0.10321	0.01095	0.02162	0.10005	0.05343	0.07320	0.02019	0.05602	0.00775	0.00559	0.00186	0.00655	0.00583	0.03391	0.00827
5	0.14564	0.04438	0.01815	0.05922	0.04314	0.19166	0.07820	0.06573	0.05731	0.11041	0.06592	0.02058	0.05639	0.00788	0.00622	0.00198	0.00768	0.00628	0.00485	0.00838
6	0.07339	0.14688	0.06112	0.11857	0.17102	0.10274	0.04476	0.11181	0.04205	0.02240	0.01211	0.01469	0.00967	0.00664	0.00651	0.00193	0.03573	0.00521	0.00374	0.00900
7	0.15258	0.07989	0.08596	0.01590	0.09733	0.09085	0.01255	0.09732	0.01695	0.16311	0.01600	0.01960	0.01260	0.00757	0.00596	0.00195	0.00711	0.05658	0.00490	0.05530
8	0.07097	0.13981	0.08006	0.01741	0.11602	0.03972	0.07168	0.04027	0.12121	0.10380	0.01987	0.09195	0.04248	0.00852	0.00632	0.00203	0.00685	0.00725	0.00477	0.00902

[dist]
# distance from previous block
# <min> <max>
7	50

[block]
# block no. 8 follows, 33 sequences, length 10
# corresponding to MSA columns:
# 521-530
name=unknown_I
#
# <colnr> <probs for GDERKNQSTAVLIFYWHMCP>
#	G	D	E	R	K	N	Q	S	T	A	V	L	I	F	Y	W	H	M	C	P
0	0.01390	0.00975	0.01441	0.01428	0.07848	0.00977	0.05918	0.07376	0.01548	0.10966	0.08260	0.18210	0.07290	0.02244	0.20495	0.00448	0.00884	0.01015	0.00535	0.00752
1	0.01635	0.01441	0.01713	0.01341	0.03532	0.07033	0.07529	0.11470	0.01683	0.04000	0.04396	0.01755	0.01305	0.04592	0.00718	0.00167	0.00646	0.00534	0.00441	0.44070
2	0.01585	0.01500	0.02483	0.19953	0.27008	0.01615	0.12713	0.08781	0.03408	0.02198	0.01272	0.01670	0.01011	0.00673	0.00803	0.00210	0.07582	0.00612	0.00361	0.04563
3	0.01425	0.01204	0.01480	0.01322	0.01637	0.04923	0.06833	0.12489	0.08072	0.02361	0.04571	0.10961	0.09100	0.01297	0.00765	0.00236	0.00627	0.22898	0.00569	0.07228
4	0.01634	0.01420	0.02405	0.14512	0.36327	0.01453	0.10515	0.02155	0.07192	0.08558	0.05980	0.01998	0.01469	0.00687	0.00679	0.00206	0.00768	0.00669	0.00419	0.00954
5	0.01427	0.09298	0.01475	0.01026	0.01390	0.01123	0.00821	0.07130	0.01559	0.06613	0.13017	0.09028	0.05500	0.06815	0.00908	0.00207	0.04605	0.00775	0.00504	0.26778
6	0.01458	0.01249	0.01574	0.01526	0.12916	0.01101	0.01017	0.06135	0.07816	0.02289	0.01541	0.07579	0.01361	0.00686	0.00569	0.00144	0.00544	0.00586	0.00440	0.49468
7	0.05141	0.01375	0.01484	0.01364	0.04798	0.10374	0.04327	0.14625	0.04030	0.07209	0.07027	0.12563	0.10511	0.01192	0.00818	0.05260	0.00638	0.03818	0.00547	0.02900
8	0.29220	0.14972	0.04360	0.01189	0.01664	0.13456	0.01020	0.08359	0.05362	0.04634	0.01178	0.01288	0.00927	0.00639	0.00502	0.00176	0.00689	0.00427	0.00417	0.09521
9	0.08251	0.01303	0.01333	0.05312	0.01693	0.10865	0.01089	0.09935	0.06437	0.02265	0.02448	0.07819	0.02455	0.01491	0.04596	0.00292	0.00748	0.30403	0.00534	0.00729

[dist]
# distance from previous block
# <min> <max>
1	14

[block]
# block no. 9 follows, 33 sequences, length 20
# corresponding to MSA columns:
# 545-564
name=unknown_J
#
# <colnr> <probs for GDERKNQSTAVLIFYWHMCP>
#	G	D	E	R	K	N	Q	S	T	A	V	L	I	F	Y	W	H	M	C	P
0	0.01826	0.01607	0.02245	0.01743	0.02193	0.06571	0.20111	0.13805	0.14475	0.08067	0.07558	0.02069	0.01661	0.00797	0.00817	0.00210	0.07206	0.00700	0.00519	0.05820
1	0.01561	0.01361	0.01683	0.05391	0.06096	0.03814	0.01177	0.15520	0.04289	0.02450	0.15280	0.02399	0.05018	0.00990	0.01098	0.00218	0.22047	0.00718	0.00489	0.08401
2	0.28107	0.01661	0.01567	0.04616	0.01842	0.08466	0.01077	0.26426	0.10173	0.05286	0.01428	0.01503	0.01062	0.00741	0.00624	0.00204	0.03262	0.00519	0.00524	0.00913
3	0.00940	0.00705	0.01058	0.01058	0.01176	0.00823	0.00823	0.01176	0.01058	0.01528	0.01763	0.02586	0.01646	0.04937	0.74255	0.01058	0.01763	0.00705	0.00353	0.00588
4	0.01383	0.01291	0.02117	0.40374	0.28306	0.01451	0.01765	0.01883	0.05715	0.01980	0.06192	0.01971	0.01373	0.00695	0.00665	0.00210	0.00783	0.00637	0.00357	0.00853
5	0.02226	0.01680	0.01827	0.01383	0.01924	0.01758	0.01137	0.53785	0.02674	0.03661	0.01481	0.01528	0.01084	0.00717	0.00617	0.00173	0.00667	0.00543	0.00593	0.20542
6	0.01243	0.01170	0.01975	0.75282	0.04534	0.01463	0.01828	0.01682	0.01316	0.01682	0.01170	0.01755	0.00878	0.00658	0.00658	0.00219	0.00878	0.00585	0.00293	0.00731
7	0.02337	0.05559	0.01921	0.01562	0.01980	0.36398	0.01228	0.26518	0.11433	0.02648	0.01429	0.01486	0.01096	0.00741	0.00619	0.00185	0.00917	0.00522	0.00492	0.00928
8	0.02450	0.01577	0.01769	0.01401	0.01861	0.08684	0.03987	0.23811	0.05924	0.30901	0.02232	0.02119	0.05330	0.00849	0.00729	0.00205	0.03828	0.00663	0.00658	0.01022
9	0.01243	0.01170	0.01975	0.75282	0.04534	0.01463	0.01828	0.01682	0.01316	0.01682	0.01170	0.01755	0.00878	0.00658	0.00658	0.00219	0.00878	0.00585	0.00293	0.00731
10	0.07826	0.02189	0.23154	0.02067	0.02708	0.05893	0.29470	0.02163	0.04625	0.04590	0.01407	0.01836	0.01095	0.00693	0.00759	0.00220	0.04666	0.03391	0.00364	0.00886
