[name]
unknown

[dist]
# distance from previous block
# <min> <max>
231	675

[block]
# block no. 0 follows, 32 sequences, length 7
# corresponding to MSA columns:
# 1016-1022
name=unknown_A
#
# <colnr> <probs for GDERKNQSTAVLIFYWHMCP>
#	G	D	E	R	K	N	Q	S	T	A	V	L	I	F	Y	W	H	M	C	P
0	0.04624	0.13680	0.13219	0.04239	0.12076	0.01730	0.04525	0.16414	0.04054	0.04323	0.04226	0.03979	0.05989	0.00821	0.00690	0.00204	0.03152	0.00663	0.00456	0.00936
1	0.05463	0.10081	0.04389	0.03628	0.04831	0.01575	0.02940	0.20920	0.06595	0.05227	0.01714	0.04732	0.03540	0.00757	0.00602	0.00177	0.00644	0.00606	0.00502	0.21077
2	0.04904	0.05553	0.11270	0.01594	0.08463	0.05619	0.01292	0.16174	0.01778	0.02501	0.04234	0.04805	0.03660	0.03493	0.00817	0.00204	0.05511	0.00628	0.00449	0.17052
3	0.12008	0.01689	0.15094	0.01519	0.07463	0.01402	0.01293	0.13074	0.07535	0.02660	0.11207	0.05240	0.07752	0.00944	0.00734	0.00212	0.04389	0.00751	0.00508	0.04528
4	0.01742	0.01521	0.06639	0.01203	0.01691	0.05135	0.01029	0.18414	0.05931	0.08432	0.05546	0.02722	0.15314	0.00917	0.00651	0.00182	0.00600	0.00735	0.00563	0.21033
5	0.01741	0.01561	0.07427	0.01245	0.01745	0.04649	0.01063	0.14683	0.11679	0.07350	0.07821	0.02122	0.01743	0.04827	0.00767	0.00196	0.00618	0.00618	0.00536	0.27612
6	0.07157	0.02007	0.22168	0.01940	0.08385	0.01520	0.13330	0.09560	0.05077	0.02456	0.06856	0.02364	0.05109	0.00847	0.00779	0.00223	0.05067	0.03813	0.00436	0.00904

[dist]
# distance from previous block
# <min> <max>
7	15

[block]
# block no. 1 follows, 32 sequences, length 29
# corresponding to MSA columns:
# 1038-1066
name=unknown_B
#
# <colnr> <probs for GDERKNQSTAVLIFYWHMCP>
#	G	D	E	R	K	N	Q	S	T	A	V	L	I	F	Y	W	H	M	C	P
0	0.01391	0.01193	0.01391	0.00994	0.01590	0.00894	0.00795	0.01690	0.01391	0.02186	0.01193	0.01391	0.00994	0.00497	0.00497	0.00099	0.00497	0.00398	0.00398	0.80521
1	0.01625	0.01552	0.02620	0.08210	0.64929	0.01556	0.01989	0.02022	0.01510	0.02163	0.01255	0.01656	0.01050	0.00598	0.00657	0.00196	0.00789	0.00589	0.00333	0.04703
2	0.01661	0.01594	0.02724	0.04119	0.72233	0.01594	0.02059	0.02059	0.01528	0.02192	0.01262	0.01661	0.01063	0.00598	0.00664	0.00199	0.00797	0.00598	0.00332	0.01063
3	0.01391	0.01193	0.01391	0.00994	0.01590	0.00894	0.00795	0.01690	0.01391	0.02186	0.01193	0.01391	0.00994	0.00497	0.00497	0.00099	0.00497	0.00398	0.00398	0.80521
4	0.02551	0.01879	0.02014	0.01544	0.02081	0.02081	0.01275	0.69996	0.03155	0.04229	0.01611	0.01611	0.01141	0.00805	0.00671	0.00201	0.00738	0.00604	0.00671	0.01141
5	0.02551	0.01879	0.02014	0.01544	0.02081	0.02081	0.01275	0.69996	0.03155	0.04229	0.01611	0.01611	0.01141	0.00805	0.00671	0.00201	0.00738	0.00604	0.00671	0.01141
6	0.01456	0.01386	0.02354	0.40811	0.37137	0.01541	0.01958	0.01880	0.01431	0.01944	0.01226	0.01727	0.00975	0.00636	0.00668	0.00212	0.00848	0.00597	0.00314	0.00898
7	0.00793	0.00680	0.00680	0.00680	0.00906	0.00566	0.00510	0.00963	0.01529	0.01813	0.06797	0.06457	0.71961	0.01699	0.00793	0.00227	0.00340	0.01416	0.00623	0.00566
8	0.02863	0.01108	0.01504	0.01165	0.01652	0.00961	0.00953	0.03115	0.01886	0.67602	0.05118	0.02458	0.01857	0.03580	0.00778	0.00224	0.00565	0.00705	0.00812	0.01097
9	0.03010	0.01142	0.01557	0.01194	0.01713	0.00986	0.00986	0.03270	0.01920	0.72698	0.02647	0.02284	0.01661	0.00830	0.00675	0.00208	0.00571	0.00675	0.00830	0.01142
10	0.00961	0.00644	0.00736	0.00751	0.00754	0.00641	0.00427	0.00972	0.01004	0.01339	0.02261	0.11029	0.02625	0.69528	0.03178	0.00615	0.00626	0.01062	0.00427	0.00419
11	0.01553	0.01718	0.03449	0.02542	0.03039	0.01793	0.51476	0.02006	0.01435	0.02006	0.01230	0.01718	0.00981	0.00729	0.01170	0.00244	0.20988	0.00737	0.00327	0.00859
12	0.01489	0.02825	0.44624	0.02394	0.11250	0.04520	0.19074	0.02146	0.01491	0.02119	0.01242	0.01535	0.00918	0.00617	0.00678	0.00213	0.01012	0.00579	0.00306	0.00970
13	0.01068	0.00763	0.01067	0.01221	0.01370	0.00761	0.01059	0.01368	0.01532	0.01994	0.03560	0.10877	0.03889	0.01866	0.00923	0.00307	0.00607	0.64535	0.00618	0.00614
14	0.00830	0.00601	0.00763	0.00886	0.00943	0.00557	0.00589	0.00942	0.01284	0.01686	0.03910	0.61158	0.12110	0.09041	0.01090	0.00303	0.00408	0.01763	0.00603	0.00534
15	0.01547	0.01849	0.09199	0.09952	0.15431	0.01648	0.46012	0.02090	0.01537	0.02113	0.01312	0.01750	0.01000	0.00587	0.00745	0.00220	0.01039	0.00715	0.00330	0.00924
16	0.01536	0.01791	0.10732	0.22491	0.31057	0.05818	0.09727	0.01994	0.01494	0.02011	0.01327	0.01896	0.01089	0.00675	0.00685	0.00213	0.00901	0.03316	0.00331	0.00916
17	0.01580	0.01774	0.03802	0.05078	0.09038	0.01682	0.62352	0.02129	0.01572	0.02140	0.01345	0.01797	0.01018	0.00571	0.00778	0.00224	0.01097	0.00771	0.00338	0.00913
18	0.01577	0.01753	0.03674	0.02639	0.03297	0.01647	0.61956	0.02198	0.05316	0.02187	0.01422	0.01822	0.01072	0.00580	0.00768	0.00219	0.01061	0.00766	0.00361	0.05684
19	0.01316	0.01193	0.06889	0.04848	0.01929	0.01025	0.14625	0.01709	0.04994	0.08414	0.02780	0.26393	0.05010	0.05854	0.00954	0.00274	0.00671	0.09843	0.00535	0.00741
20	0.01584	0.04589	0.23247	0.02655	0.13642	0.01648	0.35895	0.02163	0.01532	0.04556	0.01330	0.01669	0.00994	0.00600	0.00713	0.00215	0.01009	0.00661	0.00338	0.00960
21	0.01677	0.22899	0.16639	0.01571	0.02122	0.11445	0.08729	0.04607	0.05682	0.01951	0.01539	0.01805	0.04662	0.04211	0.00813	0.00212	0.04924	0.00572	0.00364	0.03576
22	0.01019	0.01064	0.08010	0.01267	0.01521	0.00850	0.09526	0.01289	0.01365	0.01818	0.03310	0.29615	0.12570	0.07222	0.07026	0.00353	0.00698	0.10320	0.00518	0.00640
23	0.16270	0.07693	0.06472	0.07492	0.02373	0.07874	0.15261	0.07848	0.03510	0.07904	0.01302	0.01544	0.00993	0.00725	0.00809	0.00215	0.09862	0.00566	0.00414	0.00873
24	0.10647	0.05860	0.01955	0.01777	0.10844	0.15521	0.04675	0.16985	0.08458	0.06042	0.04852	0.06290	0.01563	0.00829	0.00641	0.00202	0.00763	0.00666	0.00509	0.00922
25	0.02019	0.03902	0.04242	0.01691	0.09318	0.11072	0.01257	0.25157	0.07616	0.05680	0.04323	0.04483	0.01467	0.00801	0.00681	0.00189	0.02644	0.00627	0.00529	0.12301
26	0.11150	0.07884	0.10744	0.06359	0.09177	0.05882	0.03712	0.08407	0.01627	0.10475	0.03424	0.04761	0.03080	0.00797	0.00712	0.00203	0.05145	0.00622	0.00452	0.05388
27	0.06032	0.01641	0.10553	0.06498	0.04400	0.05329	0.01244	0.06332	0.08689	0.09780	0.01792	0.02026	0.04399	0.04912	0.00886	0.00217	0.06367	0.00602	0.00467	0.17834
28	0.06629	0.10854	0.13846	0.02123	0.19131	0.03432	0.05777	0.12553	0.01720	0.04775	0.03216	0.01727	0.01208	0.04199	0.00746	0.00212	0.00778	0.00571	0.00412	0.06091

[dist]
# distance from previous block
# <min> <max>
11	44

[block]
# block no. 2 follows, 32 sequences, length 17
# corresponding to MSA columns:
# 1113-1129
name=unknown_C
#
# <colnr> <probs for GDERKNQSTAVLIFYWHMCP>
#	G	D	E	R	K	N	Q	S	T	A	V	L	I	F	Y	W	H	M	C	P
0	0.07449	0.01241	0.01610	0.05019	0.05443	0.01206	0.01097	0.09115	0.06669	0.45742	0.03768	0.02382	0.01700	0.00855	0.00671	0.00213	0.00605	0.03441	0.00717	0.01055
1	0.01878	0.08674	0.05787	0.02421	0.16679	0.21189	0.20983	0.06414	0.01727	0.02083	0.01494	0.01755	0.04496	0.00681	0.00670	0.00197	0.00979	0.00624	0.00367	0.00900
2	0.01015	0.00726	0.00896	0.00997	0.05265	0.00715	0.00598	0.01099	0.01153	0.01533	0.05858	0.04733	0.07666	0.54969	0.02671	0.00535	0.00618	0.08005	0.00455	0.00492
3	0.12773	0.01185	0.01434	0.06691	0.03081	0.01194	0.00996	0.02692	0.15657	0.30917	0.07500	0.02448	0.04774	0.00861	0.00645	0.00208	0.00552	0.00699	0.00658	0.05034
4	0.06365	0.02042	0.02721	0.04274	0.16219	0.17566	0.24326	0.13856	0.01882	0.02440	0.01284	0.01575	0.00995	0.00646	0.00681	0.00204	0.00977	0.00614	0.00399	0.00934
5	0.06633	0.05748	0.02107	0.01923	0.09171	0.48573	0.05562	0.05023	0.01801	0.01928	0.01099	0.01305	0.00903	0.00660	0.00602	0.00177	0.01050	0.00469	0.00360	0.04904
6	0.00831	0.00595	0.00791	0.00925	0.00976	0.00554	0.00624	0.00969	0.01349	0.01816	0.10860	0.68527	0.04637	0.02025	0.00850	0.00266	0.00382	0.01835	0.00635	0.00554
7	0.09073	0.02825	0.01774	0.01597	0.01963	0.59400	0.01208	0.02624	0.06102	0.01858	0.01142	0.01289	0.00933	0.00689	0.00588	0.00175	0.01073	0.00445	0.00375	0.04866
8	0.60862	0.01484	0.01164	0.01030	0.01443	0.08552	0.00830	0.02274	0.07206	0.08074	0.01225	0.01311	0.00922	0.00670	0.00476	0.00206	0.00592	0.00427	0.00462	0.00791
9	0.00865	0.00633	0.00824	0.00958	0.01045	0.00592	0.00696	0.01026	0.01368	0.01784	0.04092	0.53272	0.13518	0.01999	0.00861	0.00273	0.00427	0.14582	0.00622	0.00562
10	0.00953	0.00651	0.00728	0.00733	0.00757	0.00639	0.00424	0.00973	0.01040	0.01365	0.02628	0.06935	0.09359	0.66622	0.03073	0.00596	0.00611	0.01050	0.00435	0.00427
11	0.13715	0.01236	0.01506	0.01187	0.01683	0.01184	0.00976	0.07660	0.07067	0.53138	0.02345	0.02089	0.01525	0.00806	0.00639	0.00209	0.00572	0.00633	0.00751	0.01078
12	0.00974	0.00824	0.00884	0.01000	0.01085	0.06771	0.00697	0.01110	0.01370	0.01731	0.03696	0.60573	0.09155	0.01938	0.00834	0.00263	0.00468	0.05458	0.00599	0.00570
13	0.01470	0.01239	0.01434	0.01031	0.01624	0.00975	0.00828	0.06346	0.01512	0.02326	0.01221	0.01406	0.01004	0.00518	0.00509	0.00106	0.00513	0.00412	0.00416	0.75110
14	0.66997	0.07825	0.01293	0.00976	0.01407	0.05056	0.00815	0.05206	0.01291	0.02881	0.00971	0.01119	0.00764	0.00631	0.00438	0.00200	0.00579	0.00378	0.00413	0.00760
15	0.01230	0.00837	0.01184	0.01376	0.06186	0.00816	0.01075	0.01519	0.01552	0.07278	0.03522	0.11700	0.07390	0.01701	0.00877	0.00287	0.00594	0.49583	0.00615	0.00679
16	0.09086	0.00994	0.01188	0.01025	0.01366	0.00939	0.00822	0.04441	0.05259	0.15953	0.26842	0.03660	0.05183	0.01088	0.00696	0.00205	0.00469	0.07926	0.00656	0.12200

[dist]
# distance from previous block
# <min> <max>
5	9

[block]
# block no. 3 follows, 32 sequences, length 7
# corresponding to MSA columns:
# 1139-1145
name=unknown_D
#
# <colnr> <probs for GDERKNQSTAVLIFYWHMCP>
#	G	D	E	R	K	N	Q	S	T	A	V	L	I	F	Y	W	H	M	C	P
0	0.01192	0.00970	0.01341	0.01209	0.01442	0.00961	0.07840	0.06082	0.11175	0.02201	0.11292	0.35308	0.03424	0.06112	0.00941	0.00262	0.00523	0.01307	0.00592	0.05828
1	0.07818	0.08860	0.03332	0.01258	0.01741	0.06536	0.01052	0.11166	0.14109	0.22616	0.05320	0.01982	0.01604	0.00780	0.00615	0.00191	0.00630	0.00604	0.00607	0.09180
2	0.01687	0.01429	0.02347	0.16223	0.39636	0.01421	0.04904	0.02074	0.01518	0.09353	0.01387	0.01718	0.01082	0.00620	0.00649	0.00192	0.00766	0.00587	0.00387	0.12022
3	0.05716	0.01441	0.02103	0.08293	0.27975	0.03204	0.06524	0.10732	0.06353	0.02527	0.11032	0.04779	0.02027	0.00855	0.00696	0.00213	0.00715	0.03419	0.00477	0.00919
4	0.01473	0.06047	0.06176	0.01458	0.06784	0.01159	0.04387	0.08455	0.06743	0.09416	0.02680	0.36901	0.02773	0.01377	0.00748	0.00236	0.00579	0.01225	0.00575	0.00808
5	0.08497	0.01954	0.18127	0.01778	0.07638	0.03389	0.09413	0.17048	0.04506	0.06562	0.06482	0.02169	0.06011	0.00805	0.00665	0.00209	0.00759	0.00679	0.02366	0.00943
6	0.13303	0.03886	0.01701	0.01305	0.01782	0.06785	0.05257	0.16385	0.09090	0.08827	0.03569	0.03523	0.04132	0.00777	0.00608	0.00185	0.00647	0.00617	0.00536	0.17085

[dist]
# distance from previous block
# <min> <max>
6	46

[block]
# block no. 4 follows, 32 sequences, length 16
# corresponding to MSA columns:
# 1192-1207
name=unknown_E
#
# <colnr> <probs for GDERKNQSTAVLIFYWHMCP>
#	G	D	E	R	K	N	Q	S	T	A	V	L	I	F	Y	W	H	M	C	P
0	0.09681	0.04036	0.02177	0.07225	0.08688	0.01586	0.15033	0.12384	0.15361	0.06119	0.05998	0.05383	0.01705	0.00817	0.00679	0.00216	0.00722	0.00738	0.00519	0.00933
1	0.07102	0.10336	0.16127	0.03642	0.09751	0.01555	0.03282	0.05678	0.12336	0.15429	0.06738	0.01998	0.01612	0.00762	0.00634	0.00204	0.00700	0.00623	0.00513	0.00978
2	0.05701	0.04403	0.07173	0.10655	0.22219	0.03314	0.01463	0.02051	0.09380	0.04709	0.01931	0.08055	0.04824	0.00866	0.00694	0.00209	0.02512	0.02297	0.00434	0.07111
3	0.07452	0.01754	0.05241	0.03971	0.04564	0.11112	0.01186	0.17803	0.07399	0.09497	0.01601	0.01820	0.01236	0.00733	0.00612	0.00182	0.00713	0.02966	0.00515	0.19642
4	0.06029	0.01176	0.06149	0.01256	0.04934	0.01034	0.00978	0.04409	0.11359	0.10580	0.15466	0.18648	0.05403	0.01211	0.00717	0.00220	0.00511	0.02861	0.00613	0.06449
5	0.04896	0.01415	0.05890	0.01293	0.03938	0.01288	0.01048	0.21562	0.05301	0.05432	0.13236	0.08107	0.04454	0.00940	0.00659	0.00189	0.00570	0.00778	0.00578	0.18428
6	0.01466	0.18517	0.13301	0.01248	0.01767	0.03890	0.01182	0.04202	0.06688	0.02054	0.01766	0.13844	0.01699	0.00902	0.00604	0.00180	0.00648	0.03409	0.00429	0.22206
7	0.12241	0.01156	0.01239	0.01080	0.01406	0.03107	0.00847	0.12571	0.09232	0.12637	0.21042	0.09293	0.09176	0.01131	0.00695	0.00216	0.00500	0.00937	0.00662	0.00832
8	0.06542	0.01401	0.01840	0.39350	0.03263	0.05636	0.03294	0.07443	0.12017	0.04660	0.04071	0.01926	0.01307	0.00737	0.00654	0.00213	0.00782	0.00620	0.00434	0.03808
9	0.01717	0.01739	0.02698	0.05091	0.05349	0.07291	0.30173	0.09439	0.13171	0.02374	0.01725	0.01969	0.03651	0.00741	0.00819	0.00217	0.05983	0.00712	0.00439	0.04700
10	0.04164	0.01426	0.02118	0.31926	0.22730	0.04094	0.03501	0.06126	0.04636	0.04581	0.04550	0.01880	0.01280	0.00697	0.00662	0.00208	0.00796	0.00620	0.00395	0.03609
11	0.01304	0.01231	0.02080	0.68113	0.11024	0.01501	0.01882	0.01747	0.01359	0.01760	0.01199	0.01777	0.00910	0.00664	0.00670	0.00221	0.00885	0.00596	0.00301	0.00775
12	0.05423	0.01212	0.01525	0.01208	0.01683	0.01150	0.00985	0.08688	0.09986	0.51569	0.07335	0.02401	0.01955	0.00868	0.00674	0.00210	0.00561	0.00705	0.00779	0.01083
13	0.01371	0.01299	0.02201	0.56062	0.22550	0.01518	0.01915	0.01806	0.01391	0.01841	0.01211	0.01755	0.00939	0.00651	0.00669	0.00217	0.00869	0.00597	0.00307	0.00830
14	0.81159	0.01298	0.00986	0.00882	0.01298	0.01505	0.00727	0.01972	0.01142	0.03010	0.00934	0.01090	0.00727	0.00623	0.00415	0.00208	0.00519	0.00363	0.00415	0.00727
15	0.01391	0.01193	0.01391	0.00994	0.01590	0.00894	0.00795	0.01690	0.01391	0.02186	0.01193	0.01391	0.00994	0.00497	0.00497	0.00099	0.00497	0.00398	0.00398	0.80521

[dist]
# distance from previous block
# <min> <max>
3	4

[block]
# block no. 5 follows, 32 sequences, length 14
# corresponding to MSA columns:
# 1212-1225
name=unknown_F
#
# <colnr> <probs for GDERKNQSTAVLIFYWHMCP>
#	G	D	E	R	K	N	Q	S	T	A	V	L	I	F	Y	W	H	M	C	P
0	0.00818	0.00584	0.00779	0.00934	0.00973	0.00545	0.00623	0.00934	0.01285	0.01713	0.03698	0.75981	0.04438	0.02102	0.00856	0.00273	0.00389	0.01908	0.00623	0.00545
1	0.01391	0.01193	0.01391	0.00994	0.01590	0.00894	0.00795	0.01690	0.01391	0.02186	0.01193	0.01391	0.00994	0.00497	0.00497	0.00099	0.00497	0.00398	0.00398	0.80521
2	0.02197	0.01650	0.01932	0.05225	0.09829	0.01815	0.01314	0.37409	0.20292	0.08381	0.01915	0.01903	0.01391	0.00805	0.00674	0.00209	0.00687	0.00648	0.00630	0.01093
3	0.05724	0.01690	0.02157	0.05102	0.28531	0.10313	0.03202	0.08597	0.05411	0.11205	0.01528	0.03509	0.01216	0.00770	0.00805	0.00212	0.07984	0.00621	0.00453	0.00970
4	0.00893	0.00660	0.00811	0.00817	0.00950	0.00603	0.00583	0.01107	0.01606	0.02171	0.37555	0.19603	0.19273	0.09054	0.01066	0.00270	0.00369	0.01372	0.00658	0.00579
5	0.02598	0.01459	0.01685	0.01435	0.05258	0.07081	0.01101	0.16352	0.05597	0.41376	0.07163	0.02237	0.01815	0.00845	0.00677	0.00204	0.00647	0.00680	0.00721	0.01068
6	0.15009	0.08788	0.01991	0.01625	0.07170	0.18020	0.03196	0.19313	0.05961	0.10579	0.01457	0.01524	0.01087	0.00715	0.00597	0.00193	0.00793	0.00526	0.00505	0.00950
7	0.00977	0.00752	0.00905	0.00889	0.01074	0.00716	0.00675	0.01387	0.08187	0.02353	0.38754	0.11778	0.21309	0.01508	0.00797	0.00229	0.00370	0.06006	0.00687	0.00648
8	0.01408	0.03091	0.59108	0.02123	0.10811	0.01571	0.02317	0.02233	0.07015	0.02187	0.01333	0.01532	0.00971	0.00655	0.00644	0.00212	0.00932	0.00529	0.00321	0.01006
9	0.01661	0.01594	0.02724	0.04119	0.72233	0.01594	0.02059	0.02059	0.01528	0.02192	0.01262	0.01661	0.01063	0.00598	0.00664	0.00199	0.00797	0.00598	0.00332	0.01063
10	0.01214	0.00750	0.00948	0.00861	0.01085	0.00670	0.00659	0.01493	0.01828	0.12550	0.48888	0.04911	0.18838	0.01360	0.00775	0.00214	0.00358	0.01177	0.00729	0.00693
11	0.01549	0.04363	0.21730	0.04060	0.14515	0.09907	0.01619	0.06259	0.04476	0.02279	0.14242	0.02345	0.04792	0.00856	0.00740	0.00208	0.04045	0.00693	0.00436	0.00887
12	0.04752	0.13455	0.08500	0.01251	0.01779	0.05644	0.01123	0.07232	0.09530	0.16139	0.07593	0.01944	0.01653	0.00746	0.00596	0.00177	0.00641	0.00580	0.00532	0.16132
13	0.01534	0.13183	0.20985	0.01832	0.12492	0.01593	0.04214	0.07451	0.09299	0.02367	0.08680	0.02168	0.04198	0.00784	0.00633	0.00198	0.00718	0.00653	0.06097	0.00922

[dist]
# distance from previous block
# <min> <max>
1	3

[block]
# block no. 6 follows, 32 sequences, length 27
# corresponding to MSA columns:
# 1229-1255
name=unknown_G
#
# <colnr> <probs for GDERKNQSTAVLIFYWHMCP>
#	G	D	E	R	K	N	Q	S	T	A	V	L	I	F	Y	W	H	M	C	P
0	0.07497	0.01837	0.04812	0.01606	0.05329	0.10922	0.03928	0.16121	0.30919	0.02832	0.01891	0.01886	0.01427	0.00778	0.00643	0.00205	0.00712	0.00621	0.00555	0.05480
1	0.02145	0.02494	0.01688	0.01530	0.01818	0.50375	0.01154	0.06572	0.01775	0.01815	0.01275	0.01672	0.01115	0.06363	0.08239	0.00303	0.04089	0.00525	0.04307	0.00748
2	0.05880	0.14606	0.20551	0.01774	0.07103	0.09248	0.06628	0.06773	0.13368	0.02314	0.04434	0.01718	0.01329	0.00712	0.00618	0.00199	0.00818	0.00571	0.00417	0.00939
3	0.00900	0.00696	0.00738	0.00719	0.00938	0.00593	0.00536	0.01081	0.01557	0.04456	0.13565	0.06045	0.58771	0.05318	0.00918	0.00245	0.00361	0.01345	0.00633	0.00587
4	0.04468	0.02736	0.45113	0.02066	0.05076	0.01570	0.16249	0.04431	0.03270	0.06696	0.01370	0.01583	0.00978	0.00645	0.00667	0.00214	0.00951	0.00577	0.00358	0.00982
5	0.01031	0.00799	0.00929	0.00894	0.01101	0.00765	0.00680	0.05004	0.06911	0.02361	0.31213	0.11696	0.27607	0.01509	0.00790	0.00228	0.00385	0.04761	0.00675	0.00661
6	0.00993	0.00700	0.00844	0.00898	0.03973	0.00686	0.00521	0.01069	0.01172	0.01584	0.13284	0.04467	0.06340	0.57623	0.02753	0.00541	0.00590	0.01018	0.00466	0.00479
7	0.01810	0.04681	0.09445	0.04185	0.17468	0.19231	0.01550	0.06131	0.01591	0.02042	0.01136	0.01435	0.00945	0.00719	0.00869	0.00194	0.13148	0.00508	0.00351	0.12563
8	0.02035	0.01410	0.01461	0.01285	0.01649	0.09842	0.01014	0.05439	0.24339	0.23021	0.08131	0.07810	0.02402	0.01047	0.00710	0.00222	0.00612	0.05940	0.00681	0.00951
9	0.01166	0.00583	0.00874	0.00874	0.00874	0.00583	0.00583	0.00874	0.00874	0.01166	0.01166	0.02040	0.01166	0.02331	0.02622	0.80478	0.00583	0.00583	0.00291	0.00291
10	0.01992	0.01854	0.05526	0.11241	0.13514	0.08305	0.01502	0.27109	0.14799	0.02917	0.01615	0.01755	0.01216	0.00766	0.00707	0.00209	0.02838	0.00609	0.00513	0.01013
11	0.01022	0.00764	0.00882	0.00863	0.01061	0.00717	0.00645	0.01397	0.08368	0.04559	0.24147	0.12913	0.30725	0.05149	0.00916	0.00250	0.00391	0.03928	0.00658	0.00645
12	0.01605	0.03337	0.01581	0.01368	0.04721	0.01337	0.03485	0.15927	0.15384	0.06266	0.23704	0.03115	0.05722	0.01308	0.05696	0.00272	0.02799	0.00864	0.00630	0.00878
13	0.01363	0.01041	0.01090	0.00994	0.01178	0.04854	0.00714	0.13924	0.01586	0.02100	0.04960	0.08140	0.07569	0.31191	0.04113	0.02699	0.00657	0.04193	0.03891	0.03743
14	0.08467	0.05067	0.01965	0.07969	0.19013	0.03467	0.07361	0.03458	0.11041	0.02244	0.07226	0.04600	0.06248	0.05779	0.00842	0.00236	0.00685	0.00756	0.00455	0.03119
15	0.04208	0.01485	0.05079	0.05928	0.10734	0.04984	0.01184	0.11235	0.04413	0.08416	0.01661	0.07210	0.01400	0.02373	0.00672	0.00186	0.00650	0.00637	0.02799	0.24745
16	0.04827	0.06544	0.09671	0.12461	0.13357	0.01620	0.05223	0.15982	0.06842	0.02550	0.03549	0.01932	0.03288	0.02623	0.00711	0.00210	0.00750	0.00621	0.00444	0.06794
17	0.05050	0.07975	0.03936	0.04258	0.21380	0.03710	0.01283	0.02085	0.06244	0.11521	0.07999	0.11192	0.02035	0.00901	0.00654	0.00200	0.00634	0.00779	0.00497	0.07668
18	0.04491	0.07625	0.17196	0.02036	0.15544	0.01522	0.08433	0.06040	0.07983	0.05380	0.08954	0.01994	0.01661	0.00726	0.00646	0.00197	0.00742	0.00636	0.00444	0.07750
19	0.05276	0.04640	0.13957	0.06237	0.07055	0.01477	0.07144	0.09509	0.09767	0.11363	0.09585	0.05076	0.01904	0.00858	0.00725	0.00215	0.03030	0.00726	0.00520	0.00934
20	0.01625	0.02015	0.18724	0.06213	0.04428	0.11725	0.03918	0.05680	0.06323	0.06997	0.05323	0.02555	0.12917	0.00896	0.00717	0.00205	0.02913	0.00721	0.00464	0.05641
21	0.01590	0.07728	0.15883	0.01735	0.09354	0.03525	0.05838	0.05440	0.14843	0.06741	0.02300	0.09397	0.06226	0.00949	0.00680	0.00215	0.00705	0.02874	0.03064	0.00913
22	0.03895	0.12503	0.09472	0.01512	0.06033	0.10929	0.03375	0.07440	0.13124	0.04333	0.05579	0.02386	0.10347	0.00855	0.00634	0.00194	0.00710	0.00681	0.00483	0.05514
23	0.04382	0.20467	0.13626	0.03692	0.04375	0.05647	0.01332	0.07111	0.09327	0.07789	0.05786	0.01890	0.03439	0.00757	0.00626	0.00188	0.02235	0.00576	0.00454	0.06304
24	0.05097	0.07819	0.14086	0.04007	0.04678	0.06761	0.08177	0.08520	0.08296	0.07920	0.04121	0.02282	0.09273	0.00818	0.00651	0.00200	0.00748	0.00679	0.00477	0.05390
25	0.01459	0.06596	0.11594	0.01325	0.01735	0.09889	0.02887	0.04312	0.15616	0.02183	0.07018	0.14061	0.08567	0.01113	0.00696	0.00214	0.00660	0.03883	0.00520	0.05673
26	0.05201	0.11882	0.09535	0.01893	0.12159	0.01682	0.08876	0.14807	0.06792	0.06925	0.01706	0.01958	0.03412	0.00738	0.00635	0.00195	0.00742	0.02769	0.00468	0.07625

[dist]
# distance from previous block
# <min> <max>
1	336

# created by:
# /home/berkeley/.conda/envs/busco_data_prod/bin/msa2prfl.pl pipeline/OGs_align_augustus/4893/8332.fs
