[name]
unknown

[dist]
# distance from previous block
# <min> <max>
0	53

[block]
# block no. 0 follows, 34 sequences, length 90
# corresponding to MSA columns:
# 60-149
name=unknown_A
#
# <colnr> <probs for GDERKNQSTAVLIFYWHMCP>
#	G	D	E	R	K	N	Q	S	T	A	V	L	I	F	Y	W	H	M	C	P
0	0.11451	0.05692	0.06141	0.01741	0.11347	0.10638	0.05342	0.13843	0.05797	0.04601	0.08145	0.02168	0.01665	0.00815	0.00679	0.00202	0.03327	0.05072	0.00469	0.00864
1	0.01024	0.00766	0.01098	0.01068	0.01210	0.00886	0.00835	0.05743	0.01170	0.01669	0.01719	0.02474	0.01581	0.04579	0.69871	0.00983	0.01664	0.00685	0.00366	0.00611
2	0.01340	0.01148	0.01340	0.00957	0.01531	0.00861	0.00766	0.01627	0.01340	0.02105	0.01148	0.01340	0.00957	0.00479	0.00479	0.00096	0.00479	0.00383	0.00383	0.81242
3	0.01570	0.46247	0.26416	0.01538	0.04428	0.02122	0.05906	0.01981	0.01348	0.01745	0.01019	0.01205	0.00841	0.00573	0.00509	0.00167	0.00804	0.00422	0.00280	0.00879
4	0.00968	0.00666	0.00861	0.00821	0.00976	0.00611	0.00609	0.01237	0.01733	0.05025	0.58493	0.11348	0.09461	0.03296	0.00827	0.00220	0.00330	0.01216	0.00690	0.00611
5	0.05098	0.01075	0.01442	0.01119	0.01593	0.00942	0.00920	0.02985	0.01826	0.66954	0.07118	0.02338	0.01868	0.00828	0.00650	0.00200	0.00532	0.00675	0.00782	0.01056
6	0.02750	0.01106	0.01477	0.01150	0.01631	0.00984	0.00944	0.03109	0.06620	0.66705	0.04713	0.02294	0.01763	0.00821	0.00654	0.00201	0.00540	0.00671	0.00787	0.01079
7	0.00957	0.00620	0.00718	0.00718	0.00718	0.00620	0.00408	0.00930	0.00930	0.01240	0.01947	0.04007	0.02229	0.69954	0.03214	0.08505	0.00620	0.00903	0.00381	0.00381
8	0.01727	0.77681	0.03386	0.01106	0.01658	0.02557	0.01106	0.01935	0.01313	0.01520	0.00898	0.01036	0.00829	0.00553	0.00415	0.00138	0.00691	0.00345	0.00276	0.00829
9	0.00787	0.00562	0.00750	0.00900	0.00937	0.00525	0.00600	0.00900	0.01237	0.01649	0.03561	0.76871	0.04274	0.02024	0.00825	0.00262	0.00375	0.01837	0.00600	0.00525
10	0.01727	0.77681	0.03386	0.01106	0.01658	0.02557	0.01106	0.01935	0.01313	0.01520	0.00898	0.01036	0.00829	0.00553	0.00415	0.00138	0.00691	0.00345	0.00276	0.00829
11	0.00924	0.00690	0.01025	0.01025	0.01136	0.00800	0.00791	0.01145	0.01035	0.01490	0.01743	0.02605	0.01644	0.07713	0.71904	0.01022	0.01687	0.00702	0.00348	0.00570
12	0.01607	0.01388	0.01461	0.01315	0.01680	0.01607	0.01023	0.03433	0.72094	0.02703	0.02630	0.02411	0.01972	0.00877	0.00657	0.00219	0.00511	0.00731	0.00657	0.01023
13	0.00894	0.00656	0.00838	0.00800	0.00955	0.00600	0.00597	0.01177	0.01769	0.02467	0.63402	0.07867	0.12804	0.01381	0.00765	0.00207	0.00310	0.01215	0.00696	0.00600
14	0.01122	0.00561	0.00842	0.00842	0.00842	0.00561	0.00561	0.00842	0.00842	0.01122	0.01122	0.01964	0.01122	0.02245	0.02525	0.81201	0.00561	0.00561	0.00281	0.00281
15	0.01340	0.01148	0.01340	0.00957	0.01531	0.00861	0.00766	0.01627	0.01340	0.02105	0.01148	0.01340	0.00957	0.00479	0.00479	0.00096	0.00479	0.00383	0.00383	0.81242
16	0.01204	0.00602	0.00602	0.00602	0.00753	0.00602	0.00452	0.01506	0.01355	0.02409	0.02108	0.02409	0.01656	0.00753	0.00452	0.00151	0.00301	0.00602	0.80879	0.00602
17	0.00947	0.00697	0.00960	0.00949	0.01021	0.00789	0.00688	0.01096	0.01003	0.01418	0.01802	0.03072	0.01837	0.29386	0.47695	0.00870	0.04120	0.00772	0.00359	0.00519
18	0.01204	0.00602	0.00602	0.00602	0.00753	0.00602	0.00452	0.01506	0.01355	0.02409	0.02108	0.02409	0.01656	0.00753	0.00452	0.00151	0.00301	0.00602	0.80879	0.00602
19	0.01727	0.77681	0.03386	0.01106	0.01658	0.02557	0.01106	0.01935	0.01313	0.01520	0.00898	0.01036	0.00829	0.00553	0.00415	0.00138	0.00691	0.00345	0.00276	0.00829
20	0.01747	0.01457	0.01540	0.01343	0.01733	0.01672	0.01056	0.14546	0.60755	0.02928	0.02453	0.02270	0.01829	0.00860	0.00656	0.00215	0.00544	0.00706	0.00656	0.01035
21	0.01453	0.01480	0.01973	0.01695	0.01708	0.04857	0.01407	0.01596	0.01023	0.01556	0.00854	0.01404	0.00848	0.01112	0.02060	0.00278	0.73143	0.00560	0.00285	0.00708
22	0.00792	0.00589	0.00738	0.00841	0.00926	0.00536	0.00577	0.00930	0.01332	0.01741	0.09410	0.56441	0.19015	0.01889	0.00807	0.00249	0.00359	0.01686	0.00608	0.00536
23	0.01731	0.01456	0.01495	0.01293	0.01581	0.09012	0.01017	0.17098	0.21101	0.04645	0.06496	0.02251	0.01771	0.05918	0.05595	0.00286	0.09802	0.00675	0.05925	0.00852
24	0.11157	0.01220	0.01346	0.00991	0.01540	0.01035	0.00799	0.07875	0.01463	0.02377	0.01154	0.01324	0.00939	0.00520	0.00484	0.00117	0.00502	0.00397	0.00408	0.64353
25	0.01340	0.01148	0.01340	0.00957	0.01531	0.00861	0.00766	0.01627	0.01340	0.02105	0.01148	0.01340	0.00957	0.00479	0.00479	0.00096	0.00479	0.00383	0.00383	0.81242
26	0.00914	0.00616	0.00712	0.00737	0.00743	0.00610	0.00426	0.00933	0.00989	0.01319	0.02289	0.16265	0.02668	0.64820	0.02880	0.00566	0.00585	0.01088	0.00426	0.00414
27	0.01611	0.01483	0.02308	0.12084	0.48750	0.01565	0.01756	0.06711	0.12888	0.02279	0.01456	0.01741	0.01161	0.00646	0.00644	0.00199	0.00734	0.00601	0.00391	0.00991
28	0.01403	0.01254	0.04305	0.01061	0.01650	0.00917	0.03272	0.01716	0.01366	0.04764	0.01206	0.01387	0.00976	0.00498	0.00500	0.00108	0.00521	0.00410	0.00392	0.72294
29	0.00958	0.00972	0.08078	0.01106	0.05876	0.00740	0.00860	0.01267	0.01628	0.02238	0.40141	0.11112	0.18262	0.01340	0.00749	0.00213	0.00416	0.02787	0.00608	0.00650
30	0.01570	0.01391	0.04910	0.07228	0.35778	0.01321	0.06089	0.02053	0.06723	0.09326	0.08688	0.02184	0.03317	0.00889	0.03593	0.00231	0.00736	0.00680	0.00437	0.02855
31	0.04821	0.02202	0.08259	0.01667	0.06367	0.22779	0.01329	0.31839	0.06366	0.02836	0.01459	0.04492	0.01158	0.00768	0.00624	0.00191	0.00835	0.00576	0.00493	0.00940
32	0.01912	0.06639	0.02014	0.03699	0.17809	0.01614	0.01279	0.29907	0.03717	0.04992	0.03505	0.01625	0.01212	0.00673	0.00600	0.00172	0.00659	0.00548	0.00494	0.16928
33	0.02303	0.16936	0.02129	0.01522	0.01924	0.49791	0.01210	0.11132	0.01886	0.03952	0.01094	0.01219	0.00887	0.00662	0.00561	0.00166	0.01001	0.00430	0.00375	0.00818
34	0.74475	0.01312	0.01085	0.01083	0.06209	0.03183	0.00801	0.01921	0.01142	0.02814	0.00924	0.01090	0.00725	0.00600	0.00421	0.00199	0.00534	0.00367	0.00393	0.00723
35	0.01387	0.03140	0.64756	0.01874	0.02781	0.01542	0.06673	0.06579	0.01484	0.02181	0.01195	0.01401	0.00847	0.00620	0.00625	0.00205	0.00947	0.00502	0.00301	0.00959
36	0.00914	0.00660	0.00864	0.00813	0.00965	0.00610	0.00610	0.01219	0.01829	0.02591	0.72921	0.04827	0.06097	0.01321	0.00762	0.00203	0.00305	0.01169	0.00711	0.00610
37	0.01088	0.00976	0.01466	0.14495	0.01896	0.01181	0.03895	0.01288	0.01176	0.01632	0.02153	0.34868	0.02399	0.01560	0.04046	0.00288	0.23394	0.01142	0.00428	0.00630
38	0.01603	0.01651	0.11399	0.01474	0.04317	0.01570	0.01240	0.03185	0.57870	0.04731	0.02378	0.02233	0.01771	0.00828	0.00651	0.00216	0.00582	0.00688	0.00598	0.01016
39	0.00825	0.00616	0.00767	0.00816	0.00932	0.00558	0.00579	0.01014	0.01489	0.01989	0.27627	0.36829	0.20195	0.01701	0.00790	0.00233	0.00341	0.01506	0.00637	0.00558
40	0.00856	0.00735	0.02949	0.00775	0.00978	0.00606	0.00610	0.01106	0.01642	0.02176	0.39551	0.07139	0.35626	0.01458	0.00760	0.00211	0.00336	0.01251	0.00646	0.00589
41	0.01664	0.68379	0.03050	0.01045	0.01549	0.02321	0.01027	0.01883	0.01318	0.01627	0.01044	0.01202	0.00929	0.00577	0.00419	0.00140	0.00644	0.00376	0.10004	0.00802
42	0.02372	0.01478	0.01817	0.10748	0.02205	0.01568	0.02961	0.38334	0.02377	0.24417	0.01808	0.01796	0.01231	0.00760	0.00645	0.00198	0.00680	0.00606	0.02969	0.01031
43	0.01614	0.10365	0.01799	0.23799	0.02376	0.01467	0.01238	0.08166	0.01492	0.10932	0.01539	0.01982	0.01222	0.00896	0.02585	0.00225	0.11346	0.03211	0.12960	0.00786
44	0.81856	0.01250	0.00950	0.00850	0.01250	0.01449	0.00700	0.01899	0.01100	0.02899	0.00900	0.01050	0.00700	0.00600	0.00400	0.00200	0.00500	0.00350	0.00400	0.00700
45	0.00939	0.00694	0.00990	0.03960	0.01172	0.00787	0.00742	0.01119	0.01024	0.01443	0.01785	0.02935	0.01771	0.23067	0.53615	0.00901	0.01415	0.00750	0.00355	0.00536
46	0.01412	0.02631	0.45304	0.02249	0.12487	0.01517	0.15251	0.04688	0.01492	0.02158	0.03879	0.01604	0.01085	0.00628	0.00652	0.00205	0.00921	0.00575	0.00320	0.00941
47	0.00824	0.00611	0.00769	0.00826	0.00934	0.00556	0.00583	0.01009	0.01474	0.01973	0.26659	0.40240	0.17725	0.01723	0.00793	0.00235	0.00343	0.01531	0.00636	0.00556
48	0.04939	0.01608	0.01797	0.01584	0.07277	0.01774	0.01193	0.40458	0.21961	0.07804	0.01864	0.01816	0.01353	0.00784	0.00641	0.00201	0.00643	0.00619	0.00626	0.01058
49	0.00851	0.00609	0.00712	0.00766	0.00820	0.00574	0.00486	0.00923	0.01148	0.01489	0.03438	0.30859	0.16370	0.35819	0.01922	0.00418	0.00479	0.01344	0.00506	0.00469
50	0.00926	0.00681	0.00981	0.00981	0.01076	0.00776	0.00736	0.01117	0.01021	0.01457	0.01783	0.02829	0.01742	0.17323	0.62428	0.00967	0.01541	0.00735	0.00354	0.00545
51	0.01512	0.06296	0.02360	0.09331	0.43826	0.01441	0.04025	0.01872	0.01417	0.02030	0.01177	0.01520	0.00980	0.00557	0.00593	0.00169	0.00716	0.00523	0.00329	0.19324
52	0.01657	0.65535	0.14915	0.01226	0.01844	0.02384	0.01315	0.01953	0.01321	0.01606	0.00941	0.01090	0.00827	0.00563	0.00447	0.00149	0.00734	0.00367	0.00276	0.00850
53	0.00823	0.00657	0.00737	0.00717	0.00909	0.00571	0.00538	0.01043	0.01613	0.02079	0.32741	0.05669	0.46596	0.01512	0.00763	0.00212	0.00318	0.01287	0.00644	0.00571
54	0.01312	0.01117	0.01319	0.00963	0.01506	0.00858	0.00768	0.01595	0.01319	0.02064	0.01188	0.01421	0.01002	0.00775	0.05522	0.00160	0.00564	0.00404	0.00380	0.75764
55	0.01356	0.04290	0.02088	0.51849	0.19288	0.01453	0.01737	0.01750	0.01346	0.03840	0.01287	0.04594	0.01049	0.00685	0.00642	0.00208	0.00806	0.00616	0.00321	0.00793
56	0.00765	0.00651	0.00658	0.00664	0.00875	0.00545	0.00495	0.00926	0.01464	0.01742	0.06430	0.08956	0.70336	0.01651	0.00766	0.00220	0.00329	0.01382	0.00600	0.00545
57	0.00814	0.00609	0.00737	0.00826	0.00921	0.00557	0.00576	0.00942	0.01292	0.01655	0.04270	0.43514	0.24325	0.09918	0.01074	0.00291	0.00403	0.06179	0.00577	0.00521
58	0.05686	0.01554	0.08742	0.06106	0.04009	0.06149	0.01166	0.16192	0.08339	0.17025	0.02322	0.07108	0.08023	0.00904	0.00644	0.00203	0.00643	0.00731	0.03552	0.00902
59	0.01707	0.72677	0.03294	0.01144	0.01661	0.02519	0.01126	0.01910	0.01292	0.01522	0.00895	0.01061	0.00830	0.00591	0.00527	0.00148	0.05639	0.00360	0.00277	0.00821
60	0.00787	0.00562	0.00750	0.00900	0.00937	0.00525	0.00600	0.00900	0.01237	0.01649	0.03561	0.76871	0.04274	0.02024	0.00825	0.00262	0.00375	0.01837	0.00600	0.00525
61	0.01525	0.01444	0.02449	0.03660	0.65841	0.01450	0.01854	0.01888	0.01434	0.02054	0.01336	0.04460	0.01183	0.00910	0.05508	0.00250	0.00816	0.00630	0.00332	0.00976
62	0.01642	0.19150	0.12097	0.01897	0.15600	0.04878	0.05368	0.07535	0.06095	0.05696	0.01657	0.10373	0.01497	0.00830	0.00621	0.00195	0.00729	0.02837	0.00417	0.00888
63	0.02063	0.02407	0.01890	0.01664	0.01891	0.44231	0.01305	0.06714	0.01613	0.01735	0.00982	0.01278	0.00855	0.00837	0.01130	0.00209	0.27620	0.00480	0.00336	0.00757
64	0.54011	0.13422	0.03308	0.01163	0.04946	0.10384	0.00932	0.01994	0.01245	0.02468	0.00933	0.01096	0.00754	0.00600	0.00441	0.00186	0.00633	0.00371	0.00366	0.00748
65	0.01301	0.00868	0.01070	0.00952	0.01190	0.00856	0.00735	0.05888	0.10851	0.10082	0.52385	0.04050	0.04805	0.01178	0.00730	0.00204	0.00381	0.01024	0.00710	0.00742
66	0.01543	0.01458	0.02398	0.08250	0.59398	0.01495	0.01828	0.02050	0.07860	0.02116	0.01434	0.04710	0.01230	0.00666	0.00649	0.00199	0.00735	0.00640	0.00360	0.00984
67	0.00787	0.00608	0.00719	0.00791	0.00912	0.00540	0.00555	0.00935	0.01379	0.01759	0.09925	0.42192	0.32965	0.01811	0.00795	0.00240	0.00350	0.01591	0.00608	0.00540
68	0.00966	0.00729	0.00876	0.00869	0.01047	0.00685	0.00666	0.05683	0.01669	0.02212	0.29388	0.16599	0.24956	0.01544	0.00780	0.00228	0.00384	0.09468	0.00643	0.00608
69	0.02278	0.01658	0.01792	0.01422	0.01900	0.01835	0.01159	0.49915	0.19881	0.08458	0.01883	0.01806	0.01347	0.00802	0.00649	0.00201	0.00651	0.00623	0.00659	0.01080
70	0.02899	0.01100	0.01499	0.01150	0.01649	0.00950	0.00950	0.03149	0.01849	0.73709	0.02549	0.02199	0.01599	0.00800	0.00650	0.00200	0.00550	0.00650	0.00800	0.01100
71	0.02456	0.01810	0.01939	0.01487	0.02004	0.02004	0.01228	0.71107	0.03038	0.04072	0.01551	0.01551	0.01099	0.00776	0.00646	0.00194	0.00711	0.00582	0.00646	0.01099
72	0.01220	0.01148	0.01938	0.75739	0.04450	0.01436	0.01794	0.01651	0.01292	0.01651	0.01148	0.01723	0.00861	0.00646	0.00646	0.00215	0.00861	0.00574	0.00287	0.00718
73	0.01607	0.01388	0.01461	0.01315	0.01680	0.01607	0.01023	0.03433	0.72094	0.02703	0.02630	0.02411	0.01972	0.00877	0.00657	0.00219	0.00511	0.00731	0.00657	0.01023
74	0.01122	0.00561	0.00842	0.00842	0.00842	0.00561	0.00561	0.00842	0.00842	0.01122	0.01122	0.01964	0.01122	0.02245	0.02525	0.81201	0.00561	0.00561	0.00281	0.00281
75	0.02899	0.01100	0.01499	0.01150	0.01649	0.00950	0.00950	0.03149	0.01849	0.73709	0.02549	0.02199	0.01599	0.00800	0.00650	0.00200	0.00550	0.00650	0.00800	0.01100
76	0.01340	0.01148	0.01340	0.00957	0.01531	0.00861	0.00766	0.01627	0.01340	0.02105	0.01148	0.01340	0.00957	0.00479	0.00479	0.00096	0.00479	0.00383	0.00383	0.81242
77	0.01430	0.24480	0.51210	0.01709	0.05049	0.01803	0.02007	0.02012	0.01353	0.01899	0.01087	0.01279	0.00829	0.00595	0.00558	0.00185	0.00873	0.00443	0.00276	0.00922
78	0.00792	0.00656	0.00694	0.00684	0.00890	0.00558	0.00513	0.00982	0.01540	0.01905	0.19054	0.05956	0.60392	0.01577	0.00763	0.00215	0.00323	0.01327	0.00621	0.00558
79	0.02899	0.01100	0.01499	0.01150	0.01649	0.00950	0.00950	0.03149	0.01849	0.73709	0.02549	0.02199	0.01599	0.00800	0.00650	0.00200	0.00550	0.00650	0.00800	0.01100
80	0.01382	0.01381	0.02532	0.14741	0.30541	0.01384	0.21174	0.01779	0.01442	0.01959	0.01906	0.07050	0.08236	0.00777	0.00700	0.00210	0.00805	0.00788	0.00362	0.00851
81	0.01466	0.23255	0.38558	0.01844	0.02620	0.01819	0.17806	0.02021	0.01387	0.01908	0.01122	0.01362	0.00859	0.00581	0.00594	0.00190	0.00914	0.00507	0.00286	0.00901
82	0.00885	0.00635	0.00829	0.00955	0.01055	0.00603	0.00727	0.01073	0.01353	0.01785	0.03817	0.42310	0.12280	0.01848	0.00825	0.00264	0.00439	0.23986	0.03776	0.00554
83	0.00803	0.00574	0.00768	0.00918	0.00962	0.00538	0.00627	0.00927	0.01253	0.01667	0.03553	0.72568	0.04239	0.02009	0.00829	0.00265	0.00388	0.05984	0.00599	0.00529
84	0.04448	0.01497	0.04471	0.16786	0.37494	0.03590	0.08020	0.02054	0.01473	0.09618	0.01359	0.01684	0.01045	0.00620	0.00637	0.00198	0.00786	0.00586	0.02706	0.00926
85	0.13793	0.02830	0.03418	0.01141	0.01439	0.06185	0.05632	0.01826	0.12012	0.03907	0.08866	0.15491	0.10980	0.01157	0.00670	0.00218	0.00547	0.05403	0.03769	0.00717
86	0.00937	0.00635	0.00750	0.00750	0.00766	0.00651	0.00448	0.00969	0.00953	0.01286	0.01995	0.03999	0.02250	0.67478	0.12967	0.00682	0.00776	0.00906	0.00385	0.00417
87	0.01540	0.01477	0.02539	0.10830	0.61818	0.01501	0.04137	0.01931	0.01456	0.02059	0.01288	0.01813	0.01100	0.00624	0.00653	0.00199	0.00781	0.02954	0.00326	0.00974
88	0.00844	0.00656	0.00762	0.00750	0.00924	0.00582	0.00560	0.01065	0.01597	0.02091	0.34458	0.08028	0.37220	0.04288	0.00862	0.00231	0.00339	0.03536	0.00640	0.00568
89	0.01551	0.04142	0.34268	0.11845	0.18311	0.04117	0.03621	0.10573	0.01605	0.02233	0.01211	0.01480	0.00908	0.00629	0.00626	0.00199	0.00876	0.00526	0.00335	0.00945

[dist]
# distance from previous block
# <min> <max>
0	2

[block]
# block no. 1 follows, 34 sequences, length 36
# corresponding to MSA columns:
# 152-187
name=unknown_B
#
# <colnr> <probs for GDERKNQSTAVLIFYWHMCP>
#	G	D	E	R	K	N	Q	S	T	A	V	L	I	F	Y	W	H	M	C	P
0	0.01030	0.00822	0.01145	0.01066	0.01221	0.00914	0.00837	0.01261	0.01193	0.01739	0.12150	0.02811	0.02202	0.05860	0.42289	0.00685	0.10049	0.02734	0.00406	0.09584
1	0.13094	0.21018	0.13147	0.01518	0.04035	0.27550	0.02740	0.02195	0.01484	0.03634	0.01030	0.01207	0.00839	0.00636	0.00582	0.00177	0.03553	0.00422	0.00328	0.00811
2	0.63445	0.03974	0.07434	0.01014	0.01461	0.05337	0.00907	0.02039	0.05329	0.02700	0.01029	0.01162	0.00796	0.00619	0.00444	0.00198	0.00581	0.00387	0.00396	0.00748
3	0.01601	0.07952	0.21575	0.04385	0.24267	0.01531	0.06152	0.06671	0.03553	0.06398	0.04592	0.01693	0.01240	0.00648	0.00622	0.00190	0.00775	0.00569	0.00384	0.05204
4	0.00863	0.00684	0.00788	0.00778	0.00968	0.00588	0.00562	0.01039	0.01419	0.01853	0.14089	0.24331	0.33999	0.05116	0.00866	0.00233	0.00368	0.01334	0.00581	0.09538
5	0.00903	0.00735	0.00938	0.00871	0.01074	0.00671	0.03957	0.01215	0.04828	0.02145	0.33248	0.11382	0.32724	0.01453	0.00763	0.00216	0.00367	0.01266	0.00635	0.00608
6	0.01710	0.01319	0.01494	0.01143	0.01657	0.01235	0.00920	0.17309	0.12890	0.06817	0.01566	0.01632	0.01201	0.00723	0.02218	0.00164	0.00567	0.00504	0.00508	0.44422
7	0.00833	0.00595	0.00802	0.00952	0.01009	0.00564	0.00679	0.00979	0.01282	0.01700	0.03536	0.64368	0.04174	0.01981	0.00837	0.00269	0.00414	0.13889	0.00599	0.00537
8	0.11357	0.00942	0.01084	0.01032	0.03825	0.00947	0.00767	0.06844	0.01510	0.12882	0.03646	0.07549	0.29049	0.03843	0.08909	0.00317	0.03280	0.00952	0.00553	0.00712
9	0.01827	0.14867	0.20177	0.01697	0.02312	0.10281	0.11686	0.18165	0.08493	0.02438	0.01348	0.01484	0.01019	0.00662	0.00611	0.00190	0.00857	0.00538	0.00411	0.00938
10	0.00835	0.00598	0.00773	0.00869	0.00935	0.00561	0.00598	0.00976	0.01318	0.01765	0.13670	0.51036	0.07937	0.09916	0.01079	0.00292	0.00401	0.05318	0.00594	0.00528
11	0.00928	0.00628	0.00701	0.00701	0.00716	0.00621	0.00398	0.00939	0.00974	0.01285	0.02330	0.04358	0.06950	0.72366	0.03124	0.00600	0.00607	0.00967	0.00405	0.00402
12	0.01760	0.68321	0.03165	0.01133	0.01663	0.04484	0.01099	0.05981	0.01447	0.01711	0.03569	0.01209	0.01037	0.00597	0.00446	0.00145	0.00691	0.00391	0.00316	0.00835
13	0.08901	0.20343	0.14084	0.01261	0.01804	0.01681	0.01220	0.17545	0.01767	0.15458	0.01631	0.01782	0.03260	0.05691	0.00739	0.00213	0.00682	0.00545	0.00482	0.00912
14	0.08150	0.00816	0.00943	0.00947	0.01091	0.00836	0.00675	0.07344	0.04205	0.05397	0.02698	0.35514	0.02974	0.19550	0.01347	0.00335	0.00502	0.05516	0.00549	0.00610
15	0.07030	0.02042	0.16189	0.02106	0.05177	0.08144	0.31575	0.05893	0.01617	0.11838	0.01402	0.01620	0.01009	0.00620	0.00669	0.00205	0.00928	0.00619	0.00402	0.00913
16	0.01117	0.00573	0.00855	0.00864	0.00874	0.00573	0.00592	0.00874	0.00884	0.01175	0.01272	0.02311	0.01291	0.02215	0.02419	0.75933	0.00563	0.05012	0.00301	0.00301
17	0.81856	0.01250	0.00950	0.00850	0.01250	0.01449	0.00700	0.01899	0.01100	0.02899	0.00900	0.01050	0.00700	0.00600	0.00400	0.00200	0.00500	0.00350	0.00400	0.00700
18	0.01441	0.28388	0.50172	0.01594	0.02413	0.01856	0.01955	0.02009	0.01347	0.01869	0.01072	0.01254	0.00822	0.00593	0.00547	0.00182	0.00866	0.00433	0.00274	0.00913
19	0.01316	0.01254	0.02021	0.45089	0.14232	0.01552	0.01709	0.01669	0.01257	0.01709	0.01170	0.01828	0.00984	0.00787	0.00993	0.00230	0.18164	0.02977	0.00302	0.00758
20	0.02086	0.01595	0.01783	0.06184	0.02040	0.01670	0.01145	0.48546	0.02483	0.03404	0.01420	0.01508	0.01047	0.00690	0.00603	0.00170	0.00660	0.00530	0.00555	0.21881
21	0.01599	0.01535	0.02623	0.03966	0.73262	0.01535	0.01983	0.01983	0.01471	0.02111	0.01215	0.01599	0.01023	0.00576	0.00640	0.00192	0.00768	0.00576	0.00320	0.01023
22	0.00865	0.00684	0.00782	0.00753	0.00946	0.00614	0.00566	0.01156	0.04219	0.02177	0.37521	0.05427	0.39040	0.01461	0.00759	0.00211	0.00323	0.01249	0.00654	0.00593
23	0.48348	0.01593	0.01260	0.07551	0.01685	0.16664	0.00937	0.01936	0.01286	0.02363	0.01306	0.01489	0.05446	0.00716	0.00584	0.00200	0.05090	0.00462	0.00382	0.00702
24	0.01414	0.01414	0.01979	0.01696	0.01696	0.01979	0.01414	0.01555	0.00990	0.01555	0.00848	0.01414	0.00848	0.01131	0.02120	0.00283	0.76110	0.00565	0.00283	0.00707
25	0.00772	0.00620	0.00690	0.00745	0.00897	0.00538	0.00531	0.00917	0.01385	0.01710	0.05439	0.32417	0.47515	0.01780	0.00786	0.00235	0.00345	0.01539	0.00600	0.00538
26	0.04617	0.01283	0.01993	0.46037	0.14156	0.01497	0.04097	0.03465	0.12522	0.02002	0.01396	0.01783	0.01064	0.00669	0.00641	0.00211	0.00782	0.00597	0.00364	0.00825
27	0.01809	0.49424	0.06342	0.01364	0.04326	0.02120	0.05261	0.08271	0.01532	0.08097	0.01288	0.05229	0.01116	0.00675	0.00515	0.00165	0.00703	0.00510	0.00377	0.00877
28	0.43458	0.01293	0.01246	0.01030	0.01471	0.04781	0.00844	0.04498	0.01498	0.31768	0.01597	0.01539	0.01085	0.00690	0.00518	0.00198	0.00558	0.00482	0.00567	0.00877
29	0.00819	0.00610	0.00766	0.00848	0.00951	0.00557	0.00603	0.00987	0.01408	0.01854	0.16603	0.44919	0.19301	0.01802	0.00804	0.00244	0.00365	0.05390	0.00620	0.00548
30	0.01683	0.01448	0.02398	0.11477	0.51773	0.01474	0.03822	0.04495	0.02997	0.08360	0.02931	0.01755	0.01187	0.00632	0.00648	0.00197	0.00751	0.00604	0.00385	0.00985
31	0.06788	0.18467	0.12828	0.04542	0.12027	0.06347	0.07195	0.02167	0.12688	0.02027	0.01631	0.01785	0.05201	0.00709	0.00631	0.00192	0.02953	0.00571	0.00378	0.00872
32	0.00800	0.00618	0.00731	0.00783	0.00916	0.00548	0.00557	0.00968	0.01439	0.01856	0.17098	0.34888	0.33004	0.01739	0.00788	0.00234	0.00343	0.01523	0.00620	0.00548
33	0.00951	0.00724	0.01057	0.01042	0.01140	0.00852	0.00800	0.01155	0.01027	0.01480	0.01713	0.02638	0.01644	0.11485	0.64152	0.00960	0.05559	0.00709	0.00347	0.00566
34	0.60249	0.07688	0.01320	0.04907	0.01553	0.11579	0.00865	0.01982	0.01227	0.02541	0.00926	0.01100	0.00737	0.00607	0.00439	0.00191	0.00625	0.00370	0.00375	0.00718
35	0.01824	0.11465	0.02072	0.01791	0.13278	0.09160	0.01276	0.09331	0.08254	0.08416	0.01466	0.01641	0.02590	0.00783	0.00911	0.00197	0.16704	0.00549	0.00427	0.07865

[dist]
# distance from previous block
# <min> <max>
0	20

[block]
# block no. 2 follows, 34 sequences, length 31
# corresponding to MSA columns:
# 208-238
name=unknown_C
#
# <colnr> <probs for GDERKNQSTAVLIFYWHMCP>
#	G	D	E	R	K	N	Q	S	T	A	V	L	I	F	Y	W	H	M	C	P
0	0.02015	0.24354	0.08523	0.01304	0.01837	0.08041	0.01190	0.13909	0.10669	0.13853	0.01543	0.01546	0.01152	0.00680	0.00559	0.00173	0.00697	0.00503	0.00483	0.06970
1	0.01895	0.42976	0.04846	0.01509	0.07671	0.18529	0.01240	0.08453	0.01608	0.01841	0.01195	0.01334	0.03171	0.00637	0.00509	0.00159	0.00802	0.00439	0.00337	0.00847
2	0.00832	0.00629	0.00778	0.00848	0.00963	0.00560	0.00585	0.00971	0.01300	0.01720	0.06055	0.53096	0.17397	0.04037	0.00858	0.00250	0.00379	0.01589	0.00581	0.06574
3	0.01520	0.01703	0.08231	0.27515	0.35714	0.08233	0.04060	0.01935	0.01437	0.01902	0.01171	0.01586	0.00933	0.00610	0.00638	0.00199	0.00861	0.00558	0.00306	0.00886
4	0.01809	0.29918	0.02707	0.02021	0.19468	0.04177	0.05479	0.15682	0.04181	0.02251	0.01260	0.03326	0.01068	0.00674	0.00619	0.00179	0.03333	0.00535	0.00387	0.00925
5	0.01073	0.00920	0.01381	0.10599	0.11519	0.01042	0.01083	0.01300	0.01195	0.01651	0.02241	0.18300	0.07285	0.04941	0.22841	0.00488	0.10140	0.00948	0.00402	0.00652
6	0.01649	0.06530	0.02497	0.14730	0.42830	0.08433	0.05489	0.04408	0.03537	0.02033	0.01221	0.01571	0.00995	0.00608	0.00628	0.00192	0.00823	0.00560	0.00334	0.00931
7	0.01031	0.00749	0.00865	0.00845	0.01068	0.00682	0.00672	0.04435	0.01626	0.05797	0.16349	0.05764	0.42037	0.01529	0.00776	0.00228	0.00403	0.13893	0.00630	0.00620
8	0.01181	0.00605	0.00647	0.00647	0.00784	0.00612	0.00482	0.01434	0.01297	0.02256	0.02011	0.02384	0.01614	0.01117	0.05193	0.06277	0.00409	0.00605	0.69870	0.00577
9	0.00787	0.00562	0.00750	0.00900	0.00937	0.00525	0.00600	0.00900	0.01237	0.01649	0.03561	0.76871	0.04274	0.02024	0.00825	0.00262	0.00375	0.01837	0.00600	0.00525
10	0.00940	0.00626	0.00705	0.00705	0.00705	0.00626	0.00392	0.00940	0.00940	0.01253	0.02036	0.04228	0.02349	0.77292	0.03289	0.00626	0.00626	0.00940	0.00392	0.00392
11	0.01727	0.77681	0.03386	0.01106	0.01658	0.02557	0.01106	0.01935	0.01313	0.01520	0.00898	0.01036	0.00829	0.00553	0.00415	0.00138	0.00691	0.00345	0.00276	0.00829
12	0.01727	0.77681	0.03386	0.01106	0.01658	0.02557	0.01106	0.01935	0.01313	0.01520	0.00898	0.01036	0.00829	0.00553	0.00415	0.00138	0.00691	0.00345	0.00276	0.00829
13	0.01296	0.03342	0.73944	0.01842	0.02797	0.01501	0.02387	0.02046	0.01364	0.02046	0.01160	0.01364	0.00818	0.00614	0.00614	0.00205	0.00955	0.00477	0.00273	0.00955
14	0.09124	0.01678	0.01745	0.01363	0.01859	0.03652	0.01115	0.49630	0.07918	0.05595	0.01553	0.01562	0.01125	0.00738	0.00608	0.00186	0.00662	0.00552	0.00597	0.08737
15	0.01220	0.01148	0.01938	0.75739	0.04450	0.01436	0.01794	0.01651	0.01292	0.01651	0.01148	0.01723	0.00861	0.00646	0.00646	0.00215	0.00861	0.00574	0.00287	0.00718
16	0.02414	0.03079	0.01831	0.01665	0.01998	0.74698	0.01248	0.02580	0.01831	0.01581	0.00999	0.01165	0.00832	0.00666	0.00583	0.00166	0.01165	0.00416	0.00333	0.00749
17	0.01373	0.01305	0.02215	0.46722	0.32270	0.01476	0.01871	0.01785	0.01364	0.01837	0.01175	0.01673	0.00927	0.00618	0.00643	0.00206	0.00823	0.00575	0.00300	0.00841
18	0.01585	0.53124	0.26695	0.01349	0.02034	0.02208	0.01529	0.01972	0.01330	0.01694	0.00985	0.01145	0.00826	0.00573	0.00480	0.00160	0.00778	0.00389	0.00275	0.00871
19	0.00914	0.00660	0.00864	0.00813	0.00965	0.00610	0.00610	0.01219	0.01829	0.02591	0.72921	0.04827	0.06097	0.01321	0.00762	0.00203	0.00305	0.01169	0.00711	0.00610
20	0.01296	0.03342	0.73944	0.01842	0.02797	0.01501	0.02387	0.02046	0.01364	0.02046	0.01160	0.01364	0.00818	0.00614	0.00614	0.00205	0.00955	0.00477	0.00273	0.00955
21	0.01425	0.01343	0.03975	0.34443	0.32466	0.01442	0.01784	0.01815	0.01361	0.04302	0.01250	0.01718	0.00999	0.00898	0.05268	0.00258	0.03497	0.00582	0.00321	0.00854
22	0.01112	0.00972	0.01462	0.01312	0.01412	0.01206	0.04933	0.01313	0.01042	0.01528	0.01456	0.02284	0.01401	0.09590	0.41716	0.00720	0.24914	0.00678	0.00329	0.00619
23	0.78986	0.03987	0.01037	0.00859	0.01264	0.01489	0.00714	0.01901	0.01107	0.02850	0.00900	0.01049	0.00704	0.00598	0.00400	0.00198	0.00507	0.00350	0.00395	0.00704
24	0.00892	0.00660	0.00832	0.00789	0.00951	0.00600	0.00592	0.01175	0.01775	0.02463	0.62882	0.05037	0.16216	0.01369	0.00762	0.00205	0.00308	0.01198	0.00694	0.00600
25	0.01707	0.03897	0.02420	0.07835	0.54196	0.01538	0.01777	0.04508	0.06217	0.07534	0.01406	0.01686	0.01116	0.00623	0.00635	0.00194	0.00736	0.00584	0.00386	0.01007
26	0.00933	0.00652	0.00834	0.00834	0.00879	0.00697	0.00553	0.01023	0.00978	0.01349	0.01917	0.03571	0.02064	0.49133	0.31058	0.00787	0.01056	0.00843	0.00374	0.00464
27	0.00864	0.00643	0.00804	0.00796	0.00943	0.00583	0.00585	0.01110	0.01663	0.02272	0.48621	0.16841	0.18899	0.01497	0.00773	0.00216	0.00321	0.01316	0.00671	0.00583
28	0.01056	0.00934	0.03259	0.01175	0.01315	0.01055	0.00955	0.01280	0.01053	0.01556	0.01515	0.02264	0.01425	0.06027	0.51501	0.00795	0.16262	0.00650	0.00335	0.05587
29	0.00897	0.00660	0.00840	0.00795	0.00955	0.00602	0.00596	0.01186	0.01788	0.02493	0.65246	0.04987	0.13832	0.01357	0.00762	0.00205	0.00307	0.01191	0.00698	0.00602
30	0.01566	0.01476	0.02080	0.32204	0.25393	0.06059	0.01667	0.07587	0.11458	0.02132	0.01400	0.01732	0.01085	0.00668	0.00642	0.00204	0.00789	0.00587	0.00381	0.00889

[dist]
# distance from previous block
# <min> <max>
0	1

[block]
# block no. 3 follows, 34 sequences, length 14
# corresponding to MSA columns:
# 240-253
name=unknown_D
#
# <colnr> <probs for GDERKNQSTAVLIFYWHMCP>
#	G	D	E	R	K	N	Q	S	T	A	V	L	I	F	Y	W	H	M	C	P
0	0.01633	0.01229	0.01562	0.04622	0.01817	0.01053	0.04524	0.06495	0.05164	0.11529	0.01441	0.01559	0.01099	0.00571	0.00544	0.00134	0.00554	0.00477	0.00461	0.53531
1	0.01437	0.05002	0.37113	0.02060	0.13908	0.01480	0.07732	0.08461	0.01616	0.02307	0.11058	0.01916	0.01617	0.00712	0.00647	0.00200	0.00814	0.00618	0.00381	0.00921
2	0.01650	0.01874	0.08113	0.14974	0.28340	0.14307	0.05530	0.04667	0.04374	0.01992	0.01356	0.01674	0.02850	0.00682	0.00719	0.00201	0.04894	0.00576	0.00344	0.00884
3	0.81856	0.01250	0.00950	0.00850	0.01250	0.01449	0.00700	0.01899	0.01100	0.02899	0.00900	0.01050	0.00700	0.00600	0.00400	0.00200	0.00500	0.00350	0.00400	0.00700
4	0.01450	0.01169	0.01333	0.01050	0.01525	0.01052	0.00830	0.02168	0.21394	0.05873	0.06504	0.02043	0.03511	0.00693	0.00564	0.00146	0.00476	0.00572	0.00509	0.47139
5	0.01973	0.05721	0.01723	0.01347	0.01780	0.01742	0.01088	0.24978	0.41351	0.07868	0.02184	0.02046	0.01605	0.00821	0.00640	0.00205	0.00588	0.00656	0.00642	0.01042
6	0.01122	0.00561	0.00842	0.00842	0.00842	0.00561	0.00561	0.00842	0.00842	0.01122	0.01122	0.01964	0.01122	0.02245	0.02525	0.81201	0.00561	0.00561	0.00281	0.00281
7	0.01798	0.13294	0.12449	0.02547	0.32589	0.06348	0.04266	0.03651	0.01541	0.11294	0.01391	0.01695	0.01104	0.00650	0.00612	0.00189	0.00786	0.02452	0.00385	0.00961
8	0.00849	0.00593	0.00792	0.00920	0.00980	0.00559	0.00651	0.00957	0.01252	0.01649	0.03510	0.56839	0.07950	0.01987	0.00975	0.07125	0.00418	0.10907	0.00572	0.00515
9	0.00925	0.00686	0.01007	0.01007	0.01111	0.00790	0.00768	0.01134	0.01029	0.01477	0.01760	0.02698	0.01685	0.11707	0.67965	0.00999	0.01626	0.00716	0.00350	0.00559
10	0.01468	0.01800	0.09837	0.12186	0.06753	0.01592	0.52513	0.02009	0.01478	0.02015	0.01269	0.01699	0.00952	0.00566	0.00728	0.00215	0.01032	0.00704	0.00316	0.00866
11	0.01957	0.21227	0.02415	0.05935	0.22961	0.07942	0.01407	0.12155	0.01729	0.11584	0.01413	0.01694	0.01129	0.00682	0.00588	0.00182	0.00743	0.02889	0.00428	0.00940
12	0.01099	0.00861	0.01112	0.01076	0.01223	0.03485	0.00829	0.07110	0.01241	0.01717	0.01799	0.06345	0.01716	0.07594	0.58667	0.00877	0.01502	0.00744	0.00386	0.00616
13	0.00784	0.00574	0.00738	0.00869	0.00929	0.00527	0.00586	0.00903	0.01267	0.01661	0.03934	0.68041	0.12863	0.01976	0.00817	0.00257	0.00369	0.01778	0.00600	0.00527

[dist]
# distance from previous block
# <min> <max>
0	8

# created by:
# /home/berkeley/.conda/envs/busco_data_prod/bin/msa2prfl.pl pipeline/OGs_align_augustus/4893/8624.fs
