[name]
unknown

[dist]
# distance from previous block
# <min> <max>
0	60

[block]
# block no. 0 follows, 33 sequences, length 21
# corresponding to MSA columns:
# 60-80
name=unknown_A
#
# <colnr> <probs for GDERKNQSTAVLIFYWHMCP>
#	G	D	E	R	K	N	Q	S	T	A	V	L	I	F	Y	W	H	M	C	P
0	0.09016	0.03129	0.15203	0.05240	0.11590	0.05848	0.04470	0.08663	0.04914	0.07425	0.01840	0.06661	0.01630	0.00916	0.00673	0.00220	0.00753	0.10469	0.00463	0.00878
1	0.20102	0.01861	0.01696	0.04312	0.01940	0.14134	0.01137	0.35644	0.04128	0.06883	0.01402	0.01464	0.01023	0.00730	0.00592	0.00196	0.00747	0.00518	0.00542	0.00950
2	0.02393	0.05393	0.06383	0.01496	0.02046	0.01969	0.01297	0.57656	0.04935	0.07428	0.01611	0.01605	0.01143	0.00774	0.00646	0.00197	0.00724	0.00583	0.00626	0.01095
3	0.01327	0.01097	0.01290	0.00979	0.01465	0.00881	0.00771	0.05175	0.01522	0.02294	0.11693	0.06490	0.01950	0.00725	0.00560	0.00129	0.00468	0.00608	0.00466	0.60111
4	0.00997	0.00770	0.01172	0.01080	0.01202	0.00828	0.06411	0.01176	0.01064	0.01488	0.01837	0.03123	0.01855	0.29794	0.43334	0.00842	0.01315	0.00800	0.00367	0.00546
5	0.02550	0.01175	0.01497	0.01188	0.01646	0.01109	0.00967	0.08857	0.10635	0.51494	0.09463	0.02477	0.02088	0.00875	0.00674	0.00206	0.00545	0.00719	0.00774	0.01061
6	0.00940	0.00638	0.00754	0.00770	0.00784	0.00645	0.00460	0.00974	0.00997	0.01340	0.02200	0.11320	0.02518	0.62691	0.09739	0.00641	0.00718	0.01025	0.00416	0.00430
7	0.00978	0.00684	0.00973	0.00973	0.01077	0.00773	0.00735	0.01173	0.01069	0.01572	0.01801	0.02718	0.01701	0.11577	0.56962	0.04641	0.01460	0.00716	0.07859	0.00557
8	0.02747	0.01145	0.01487	0.01153	0.01631	0.01041	0.00948	0.09750	0.01958	0.59720	0.02454	0.02195	0.01584	0.00808	0.00643	0.00198	0.00553	0.00651	0.08261	0.01073
9	0.00967	0.00653	0.00767	0.00782	0.00802	0.00658	0.00483	0.01007	0.01017	0.01356	0.02201	0.04543	0.02500	0.66265	0.06198	0.00623	0.00684	0.07646	0.00418	0.00428
10	0.01167	0.04333	0.01346	0.01186	0.01344	0.07791	0.04080	0.01342	0.01170	0.01545	0.01759	0.10662	0.01740	0.03434	0.42963	0.08717	0.03674	0.00782	0.00368	0.00598
11	0.01611	0.01612	0.04553	0.03884	0.02770	0.01561	0.41842	0.02487	0.20113	0.05592	0.01784	0.02004	0.01326	0.00672	0.00720	0.00217	0.00877	0.00743	0.04709	0.00923
12	0.00801	0.00578	0.00759	0.00904	0.00951	0.00536	0.00605	0.00918	0.01273	0.01686	0.03788	0.72748	0.07937	0.02042	0.00837	0.00265	0.00379	0.01846	0.00611	0.00536
13	0.01044	0.10270	0.01344	0.01053	0.01222	0.01038	0.00844	0.01267	0.01089	0.01521	0.01669	0.02461	0.01575	0.07167	0.62291	0.00927	0.01588	0.00671	0.00346	0.00613
14	0.01799	0.01589	0.05664	0.11073	0.13442	0.04664	0.03133	0.14886	0.04977	0.09110	0.01649	0.03305	0.03405	0.00851	0.00949	0.00220	0.15207	0.00644	0.02525	0.00908
15	0.01463	0.01491	0.04908	0.07428	0.07006	0.08312	0.02890	0.06878	0.01371	0.01876	0.03102	0.01873	0.01249	0.02002	0.21195	0.00461	0.24772	0.00616	0.00354	0.00755
16	0.00887	0.00613	0.00762	0.00847	0.00875	0.00594	0.00545	0.00962	0.01142	0.01519	0.02932	0.40271	0.03451	0.35169	0.01956	0.00434	0.00509	0.05536	0.00517	0.00479
17	0.08516	0.04728	0.01791	0.08921	0.05609	0.21670	0.01259	0.05083	0.08035	0.01963	0.01337	0.01824	0.01165	0.04209	0.04408	0.00272	0.15413	0.02635	0.00384	0.00778
18	0.17093	0.01877	0.07078	0.05038	0.07667	0.15333	0.02836	0.10089	0.04289	0.02340	0.01258	0.04151	0.01058	0.00773	0.00793	0.00204	0.10772	0.00547	0.00401	0.06402
19	0.13017	0.15052	0.04061	0.01427	0.08548	0.03473	0.01094	0.08480	0.08699	0.11917	0.07531	0.01916	0.02732	0.00741	0.00574	0.00182	0.00609	0.00576	0.00503	0.08866
20	0.08177	0.05906	0.03276	0.02991	0.11976	0.05680	0.07554	0.12063	0.04839	0.15968	0.05288	0.03653	0.01491	0.00744	0.00628	0.00192	0.00694	0.00629	0.00518	0.07732

[dist]
# distance from previous block
# <min> <max>
0	11

[block]
# block no. 1 follows, 33 sequences, length 6
# corresponding to MSA columns:
# 92-97
name=unknown_B
#
# <colnr> <probs for GDERKNQSTAVLIFYWHMCP>
#	G	D	E	R	K	N	Q	S	T	A	V	L	I	F	Y	W	H	M	C	P
0	0.08845	0.06521	0.06982	0.06803	0.11576	0.04531	0.01212	0.07098	0.08533	0.05398	0.01757	0.06209	0.03508	0.05822	0.02484	0.00239	0.00691	0.00655	0.00444	0.10691
1	0.01109	0.01033	0.05837	0.03594	0.08221	0.00928	0.00972	0.05763	0.01505	0.02038	0.13256	0.22254	0.13225	0.07441	0.03909	0.00297	0.03565	0.03847	0.00532	0.00674
2	0.07115	0.01537	0.01748	0.05679	0.08935	0.01708	0.01212	0.30867	0.23200	0.03165	0.02140	0.02133	0.05955	0.00839	0.00653	0.00208	0.00638	0.00673	0.00590	0.01004
3	0.00882	0.00614	0.00733	0.00795	0.00826	0.00591	0.00492	0.00940	0.01117	0.01475	0.03015	0.33786	0.07904	0.41378	0.02156	0.00459	0.00513	0.01358	0.00500	0.00465
4	0.05289	0.12674	0.20696	0.06511	0.06316	0.09265	0.04968	0.12196	0.04041	0.02269	0.01471	0.08672	0.01276	0.00790	0.00622	0.00200	0.00817	0.00640	0.00399	0.00887
5	0.01690	0.12103	0.18316	0.08886	0.09853	0.03778	0.10030	0.02235	0.06738	0.10960	0.03760	0.01751	0.01247	0.00707	0.00722	0.00205	0.05102	0.00591	0.00405	0.00921

[dist]
# distance from previous block
# <min> <max>
0	1

[block]
# block no. 2 follows, 33 sequences, length 11
# corresponding to MSA columns:
# 99-109
name=unknown_C
#
# <colnr> <probs for GDERKNQSTAVLIFYWHMCP>
#	G	D	E	R	K	N	Q	S	T	A	V	L	I	F	Y	W	H	M	C	P
0	0.03422	0.03054	0.02921	0.02856	0.11748	0.05159	0.06169	0.02105	0.02704	0.19562	0.03969	0.08041	0.04346	0.00881	0.00668	0.00198	0.02464	0.00752	0.18135	0.00846
1	0.01528	0.06597	0.14899	0.14973	0.15759	0.04382	0.03822	0.08274	0.01503	0.02054	0.01309	0.05112	0.01124	0.00983	0.04398	0.00256	0.11193	0.00619	0.00350	0.00865
2	0.01512	0.04372	0.06884	0.16909	0.17723	0.04894	0.07534	0.03064	0.04965	0.05169	0.06226	0.04074	0.03941	0.03059	0.00868	0.00226	0.06634	0.00702	0.00402	0.00844
3	0.00921	0.00614	0.00801	0.00901	0.00975	0.00568	0.00612	0.01052	0.01326	0.05112	0.08495	0.60828	0.07199	0.06083	0.00964	0.00279	0.00397	0.01695	0.00617	0.00562
4	0.00967	0.00732	0.01079	0.06816	0.01371	0.00846	0.00839	0.01183	0.01063	0.01503	0.01763	0.02777	0.01697	0.15272	0.57977	0.00930	0.01527	0.00733	0.00355	0.00571
5	0.01426	0.04625	0.01696	0.01204	0.01712	0.01137	0.06412	0.05471	0.01443	0.02155	0.01347	0.06716	0.01211	0.00671	0.00659	0.00140	0.05788	0.00548	0.00404	0.55235
6	0.19930	0.15497	0.07173	0.04656	0.02036	0.15814	0.06628	0.07479	0.05866	0.02245	0.01155	0.01349	0.00923	0.00683	0.00659	0.00195	0.06022	0.00478	0.00379	0.00832
7	0.01337	0.01355	0.10515	0.01634	0.12745	0.03002	0.01203	0.03015	0.07858	0.04655	0.06369	0.02492	0.01806	0.09811	0.22054	0.00493	0.03317	0.00700	0.04863	0.00773
8	0.13708	0.01438	0.03304	0.09983	0.13125	0.06994	0.04548	0.04077	0.04131	0.09731	0.03368	0.09152	0.01501	0.00817	0.00661	0.00200	0.02599	0.00682	0.00454	0.09525
9	0.01092	0.00751	0.00917	0.00920	0.01099	0.00708	0.00687	0.03655	0.04955	0.07128	0.18892	0.29065	0.19721	0.01615	0.00790	0.00238	0.00402	0.06062	0.00654	0.00649
10	0.07969	0.26212	0.04787	0.01488	0.10350	0.08562	0.01129	0.01967	0.01459	0.09906	0.01943	0.10609	0.06972	0.00873	0.00580	0.00185	0.00665	0.00690	0.00430	0.03226

[dist]
# distance from previous block
# <min> <max>
0	15

[block]
# block no. 3 follows, 33 sequences, length 14
# corresponding to MSA columns:
# 125-138
name=unknown_D
#
# <colnr> <probs for GDERKNQSTAVLIFYWHMCP>
#	G	D	E	R	K	N	Q	S	T	A	V	L	I	F	Y	W	H	M	C	P
0	0.01749	0.05173	0.07973	0.05327	0.11620	0.18840	0.01318	0.10101	0.09931	0.02120	0.01626	0.06833	0.01466	0.10194	0.01009	0.00254	0.02524	0.00679	0.00428	0.00835
1	0.01680	0.02410	0.37548	0.01719	0.02434	0.01488	0.08644	0.14050	0.04112	0.09602	0.04660	0.05645	0.01435	0.00781	0.00669	0.00211	0.00828	0.00663	0.00453	0.00969
2	0.01611	0.10606	0.05748	0.12266	0.27570	0.09429	0.01611	0.03612	0.01467	0.01921	0.01410	0.01731	0.04668	0.00727	0.00791	0.00198	0.09398	0.00569	0.00337	0.04330
3	0.01627	0.01286	0.01458	0.01407	0.06980	0.01419	0.01015	0.14014	0.35558	0.02885	0.12225	0.02596	0.02341	0.00900	0.00654	0.00205	0.00517	0.00753	0.11220	0.00939
4	0.02237	0.01658	0.01793	0.01371	0.01885	0.01763	0.01126	0.54978	0.02705	0.03715	0.01546	0.01597	0.01130	0.00739	0.00618	0.00178	0.00660	0.00560	0.05397	0.14344
5	0.00813	0.00582	0.00774	0.00909	0.00957	0.00542	0.00612	0.00945	0.01313	0.01765	0.09663	0.70159	0.04517	0.02000	0.00835	0.00262	0.00376	0.01812	0.00621	0.00542
6	0.00957	0.00638	0.00718	0.00718	0.00718	0.00638	0.00399	0.00957	0.00957	0.01276	0.02074	0.04308	0.02393	0.76864	0.03351	0.00638	0.00638	0.00957	0.00399	0.00399
7	0.00840	0.00669	0.00753	0.00732	0.00927	0.00582	0.00549	0.01065	0.01647	0.02127	0.33242	0.05762	0.45700	0.01537	0.00777	0.00216	0.00324	0.01309	0.00657	0.00582
8	0.01637	0.01414	0.01489	0.01340	0.01712	0.01637	0.01042	0.03498	0.71568	0.02754	0.02679	0.02456	0.02010	0.00893	0.00670	0.00223	0.00521	0.00744	0.00670	0.01042
9	0.01144	0.00572	0.00858	0.00858	0.00858	0.00572	0.00572	0.00858	0.00858	0.01144	0.01144	0.02001	0.01144	0.02287	0.02573	0.80846	0.00572	0.00572	0.00286	0.00286
10	0.01671	0.01763	0.05155	0.03555	0.56355	0.07628	0.05235	0.02049	0.01496	0.02064	0.01198	0.01579	0.01005	0.00631	0.00751	0.00201	0.05774	0.00578	0.00323	0.00988
11	0.01607	0.01541	0.02632	0.08158	0.68814	0.01558	0.02009	0.02001	0.01488	0.02124	0.01234	0.01637	0.01033	0.00591	0.00652	0.00197	0.00788	0.00586	0.00324	0.01025
12	0.01404	0.01365	0.02067	0.14778	0.32078	0.06112	0.05127	0.01717	0.01413	0.01892	0.01785	0.19948	0.01803	0.00992	0.00776	0.00221	0.04411	0.00900	0.00390	0.00824
13	0.05775	0.15490	0.04603	0.06018	0.07521	0.13444	0.01311	0.25628	0.05699	0.04390	0.01347	0.01464	0.01033	0.00692	0.00589	0.00184	0.00786	0.00511	0.00465	0.03049

[dist]
# distance from previous block
# <min> <max>
1	15

[block]
# block no. 4 follows, 33 sequences, length 58
# corresponding to MSA columns:
# 154-211
name=unknown_E
#
# <colnr> <probs for GDERKNQSTAVLIFYWHMCP>
#	G	D	E	R	K	N	Q	S	T	A	V	L	I	F	Y	W	H	M	C	P
0	0.00802	0.00573	0.00764	0.00917	0.00955	0.00535	0.00611	0.00917	0.01260	0.01681	0.03628	0.76434	0.04354	0.02062	0.00840	0.00267	0.00382	0.01872	0.00611	0.00535
1	0.01243	0.01170	0.01975	0.75282	0.04534	0.01463	0.01828	0.01682	0.01316	0.01682	0.01170	0.01755	0.00878	0.00658	0.00658	0.00219	0.00878	0.00585	0.00293	0.00731
2	0.81514	0.01273	0.00968	0.00866	0.01273	0.01477	0.00713	0.01935	0.01120	0.02954	0.00917	0.01069	0.00713	0.00611	0.00407	0.00204	0.00509	0.00356	0.00407	0.00713
3	0.01227	0.00614	0.00614	0.00614	0.00767	0.00614	0.00460	0.01534	0.01381	0.02454	0.02148	0.02454	0.01687	0.00767	0.00460	0.00153	0.00307	0.00614	0.80518	0.00614
4	0.00778	0.00667	0.00667	0.00667	0.00889	0.00556	0.00500	0.00945	0.01501	0.01778	0.06669	0.06336	0.72490	0.01667	0.00778	0.00222	0.00333	0.01389	0.00611	0.00556
5	0.81514	0.01273	0.00968	0.00866	0.01273	0.01477	0.00713	0.01935	0.01120	0.02954	0.00917	0.01069	0.00713	0.00611	0.00407	0.00204	0.00509	0.00356	0.00407	0.00713
6	0.01637	0.01414	0.01489	0.01340	0.01712	0.01637	0.01042	0.03498	0.71568	0.02754	0.02679	0.02456	0.02010	0.00893	0.00670	0.00223	0.00521	0.00744	0.00670	0.01042
7	0.00957	0.00638	0.00718	0.00718	0.00718	0.00638	0.00399	0.00957	0.00957	0.01276	0.02074	0.04308	0.02393	0.76864	0.03351	0.00638	0.00638	0.00957	0.00399	0.00399
8	0.08079	0.01253	0.01557	0.01221	0.01703	0.01216	0.01004	0.11763	0.07137	0.52581	0.02316	0.02073	0.01511	0.00812	0.00682	0.00206	0.02430	0.00636	0.00743	0.01077
9	0.01618	0.01780	0.11262	0.10148	0.50580	0.01589	0.04017	0.07085	0.01589	0.02246	0.01253	0.01612	0.01006	0.00612	0.00653	0.00200	0.00820	0.00580	0.00342	0.01007
10	0.03941	0.00810	0.01133	0.01119	0.01291	0.00781	0.05894	0.04586	0.01416	0.01976	0.03057	0.47332	0.03456	0.01669	0.00789	0.00251	0.00494	0.11725	0.03557	0.04723
11	0.01501	0.01346	0.04192	0.01302	0.07691	0.03261	0.00972	0.01814	0.01420	0.05741	0.01244	0.01428	0.01005	0.00524	0.00519	0.00118	0.00556	0.00425	0.00400	0.64540
12	0.00905	0.00648	0.00783	0.00820	0.00966	0.00577	0.00588	0.01083	0.01490	0.04775	0.18161	0.34304	0.29038	0.01730	0.00798	0.00237	0.00358	0.01517	0.00642	0.00583
13	0.01512	0.07547	0.14366	0.01285	0.03376	0.01177	0.01148	0.09880	0.03219	0.11582	0.11568	0.25381	0.02809	0.01212	0.00706	0.00219	0.00582	0.01044	0.00566	0.00820
14	0.01389	0.01645	0.13415	0.16260	0.12290	0.03624	0.09533	0.01829	0.03062	0.03911	0.03937	0.07015	0.06661	0.00853	0.00783	0.00212	0.06062	0.00741	0.00388	0.06390
15	0.65130	0.01217	0.01039	0.00902	0.01313	0.01354	0.00741	0.02117	0.01254	0.14062	0.01243	0.01323	0.00906	0.00651	0.00450	0.00201	0.00507	0.00418	0.04399	0.00773
16	0.00794	0.00647	0.00703	0.00733	0.00910	0.00556	0.00533	0.00959	0.01472	0.01815	0.10446	0.21763	0.52915	0.01733	0.00792	0.00231	0.00343	0.01483	0.00619	0.00556
17	0.03771	0.06410	0.47382	0.01927	0.05154	0.01613	0.09477	0.02060	0.03982	0.02059	0.01231	0.01498	0.00929	0.00806	0.03192	0.00241	0.06505	0.00535	0.00308	0.00923
18	0.01464	0.01395	0.02373	0.34619	0.43474	0.01521	0.01938	0.01875	0.01421	0.01950	0.01209	0.01683	0.00972	0.00617	0.00655	0.00206	0.00823	0.00586	0.00312	0.00909
19	0.00942	0.00698	0.01020	0.01020	0.01125	0.00803	0.00776	0.01151	0.01047	0.01500	0.01798	0.02776	0.01728	0.12879	0.66427	0.01012	0.01639	0.00733	0.00358	0.00567
20	0.02594	0.01638	0.01841	0.01418	0.01935	0.01743	0.01169	0.50444	0.05052	0.22443	0.01887	0.01785	0.01285	0.00800	0.00660	0.00200	0.00674	0.00616	0.00700	0.01117
21	0.00799	0.00583	0.00753	0.00890	0.00948	0.00537	0.00599	0.00920	0.01286	0.01691	0.03956	0.68872	0.11705	0.02020	0.00834	0.00262	0.00377	0.01820	0.00611	0.00537
22	0.00816	0.00668	0.00720	0.00707	0.00913	0.00572	0.00530	0.01019	0.01591	0.01992	0.22981	0.05984	0.56045	0.01588	0.00778	0.00219	0.00328	0.01340	0.00639	0.00572
23	0.02835	0.01311	0.01646	0.01262	0.01776	0.01251	0.01042	0.20976	0.02204	0.54994	0.02329	0.02067	0.01495	0.00808	0.00661	0.00202	0.00604	0.00644	0.00774	0.01120
24	0.02941	0.01141	0.01541	0.01181	0.01691	0.00998	0.00976	0.05133	0.01919	0.71240	0.02568	0.02222	0.01615	0.00814	0.00662	0.00204	0.00565	0.00660	0.00810	0.01120
25	0.00875	0.00632	0.00825	0.00957	0.01020	0.00611	0.00670	0.01075	0.04090	0.01735	0.03487	0.61271	0.04084	0.06171	0.00982	0.00291	0.00428	0.09638	0.00601	0.00556
26	0.01426	0.02632	0.40794	0.02266	0.03076	0.01603	0.32233	0.02081	0.01451	0.02081	0.01238	0.01561	0.00907	0.00610	0.00737	0.00217	0.03241	0.00617	0.00302	0.00928
27	0.01760	0.77260	0.03450	0.01126	0.01690	0.02605	0.01126	0.01971	0.01338	0.01549	0.00915	0.01056	0.00845	0.00563	0.00422	0.00141	0.00704	0.00352	0.00282	0.00845
28	0.01881	0.03960	0.01932	0.17509	0.02459	0.04696	0.01347	0.29080	0.08677	0.02771	0.01416	0.01633	0.01084	0.00791	0.00858	0.00208	0.11780	0.00574	0.00481	0.06865
29	0.01243	0.01170	0.01975	0.75282	0.04534	0.01463	0.01828	0.01682	0.01316	0.01682	0.01170	0.01755	0.00878	0.00658	0.00658	0.00219	0.00878	0.00585	0.00293	0.00731
30	0.00957	0.00638	0.00718	0.00718	0.00718	0.00638	0.00399	0.00957	0.00957	0.01276	0.02074	0.04308	0.02393	0.76864	0.03351	0.00638	0.00638	0.00957	0.00399	0.00399
31	0.01866	0.01433	0.01624	0.01230	0.01753	0.01389	0.01000	0.26263	0.06455	0.06355	0.01469	0.01557	0.01120	0.00664	0.00636	0.00154	0.03630	0.00505	0.00520	0.40378
32	0.01408	0.01210	0.01458	0.01045	0.01630	0.00939	0.02798	0.03964	0.01428	0.02211	0.01188	0.01384	0.00981	0.00500	0.00502	0.00104	0.00513	0.00408	0.00397	0.75932
33	0.00798	0.00672	0.00695	0.00700	0.00916	0.00568	0.00533	0.00977	0.01516	0.01822	0.09146	0.06332	0.66467	0.01662	0.00784	0.00226	0.00346	0.04663	0.00616	0.00561
34	0.06811	0.01828	0.10894	0.09338	0.04787	0.01711	0.15383	0.23849	0.11873	0.04611	0.01569	0.01725	0.01147	0.00707	0.00664	0.00210	0.00804	0.00625	0.00489	0.00977
35	0.01802	0.01778	0.18525	0.10204	0.17257	0.01339	0.06072	0.05564	0.01639	0.19348	0.05495	0.04922	0.01530	0.00767	0.00672	0.00208	0.00760	0.00678	0.00479	0.00962
36	0.07954	0.01848	0.10887	0.13715	0.17410	0.09979	0.01563	0.10821	0.03250	0.10124	0.01536	0.01730	0.03015	0.00717	0.00667	0.00203	0.02651	0.00572	0.00433	0.00924
37	0.01338	0.06405	0.70609	0.01846	0.02802	0.01573	0.02379	0.02080	0.01388	0.02063	0.01171	0.01376	0.00834	0.00623	0.00617	0.00206	0.00962	0.00481	0.00278	0.00968
38	0.00840	0.00626	0.00786	0.00898	0.00980	0.00589	0.00615	0.01045	0.04415	0.01773	0.06246	0.61193	0.13687	0.01933	0.00822	0.00257	0.00379	0.01733	0.00617	0.00563
39	0.01829	0.03517	0.01741	0.01542	0.10670	0.03483	0.01092	0.16147	0.07479	0.08910	0.03092	0.01674	0.01265	0.00651	0.00581	0.00156	0.00605	0.00527	0.00500	0.34539
40	0.01485	0.12652	0.10388	0.09315	0.15721	0.03765	0.05884	0.04925	0.06346	0.01999	0.01648	0.13630	0.01556	0.00909	0.00776	0.00213	0.06776	0.00766	0.00393	0.00852
41	0.00802	0.00573	0.00764	0.00917	0.00955	0.00535	0.00611	0.00917	0.01260	0.01681	0.03628	0.76434	0.04354	0.02062	0.00840	0.00267	0.00382	0.01872	0.00611	0.00535
42	0.01765	0.01698	0.04378	0.07413	0.42247	0.04866	0.04000	0.13122	0.06577	0.02435	0.01365	0.01657	0.01089	0.00672	0.00716	0.00203	0.03799	0.00594	0.00399	0.01004
43	0.01205	0.00618	0.00633	0.00630	0.00783	0.00614	0.00472	0.01512	0.01416	0.02468	0.07361	0.02637	0.02023	0.00810	0.00484	0.00157	0.00307	0.00656	0.74598	0.00614
44	0.11816	0.07127	0.01716	0.01265	0.01700	0.01747	0.01046	0.39904	0.07424	0.03342	0.01604	0.01707	0.01212	0.01048	0.05768	0.00252	0.00710	0.00567	0.09092	0.00952
45	0.01221	0.00648	0.00666	0.00657	0.00818	0.00652	0.00494	0.01586	0.04037	0.02479	0.07381	0.02637	0.02035	0.00815	0.00491	0.00160	0.00315	0.00661	0.71616	0.00630
46	0.02462	0.03042	0.01874	0.01683	0.02036	0.68865	0.01270	0.07669	0.01957	0.01799	0.01059	0.01216	0.00868	0.00687	0.00598	0.00172	0.01153	0.00437	0.00363	0.00790
47	0.00814	0.00653	0.00730	0.00760	0.00935	0.00569	0.00562	0.00995	0.01499	0.01875	0.14140	0.19994	0.47781	0.01712	0.00796	0.00233	0.00352	0.04413	0.00625	0.00562
48	0.00802	0.00573	0.00764	0.00917	0.00955	0.00535	0.00611	0.00917	0.01260	0.01681	0.03628	0.76434	0.04354	0.02062	0.00840	0.00267	0.00382	0.01872	0.00611	0.00535
49	0.08547	0.06955	0.02414	0.03780	0.02246	0.01777	0.19253	0.19034	0.01755	0.05634	0.01325	0.01633	0.01041	0.01071	0.06394	0.00282	0.14937	0.00612	0.00430	0.00880
50	0.02074	0.02555	0.11489	0.06788	0.02408	0.34868	0.07356	0.14349	0.01886	0.02166	0.01163	0.01393	0.00910	0.00718	0.00758	0.00197	0.07168	0.00515	0.00380	0.00859
51	0.00957	0.00638	0.00718	0.00718	0.00718	0.00638	0.00399	0.00957	0.00957	0.01276	0.02074	0.04308	0.02393	0.76864	0.03351	0.00638	0.00638	0.00957	0.00399	0.00399
52	0.01496	0.02206	0.28145	0.04728	0.29910	0.01583	0.05629	0.02204	0.10166	0.02162	0.01384	0.01649	0.01073	0.00664	0.00718	0.00210	0.04159	0.00580	0.00349	0.00986
53	0.01638	0.01291	0.01416	0.01296	0.03537	0.01419	0.00983	0.08489	0.45912	0.07385	0.06562	0.03023	0.12164	0.01004	0.00689	0.00218	0.00510	0.00836	0.00663	0.00963
54	0.00786	0.00667	0.00678	0.00675	0.00894	0.00559	0.00506	0.00960	0.01519	0.01823	0.10066	0.06262	0.69066	0.01651	0.00778	0.00222	0.00332	0.01379	0.00617	0.00559
55	0.00946	0.00683	0.00947	0.00947	0.01026	0.00763	0.00684	0.01104	0.01025	0.01446	0.01865	0.03149	0.01890	0.28447	0.51080	0.00921	0.01396	0.00788	0.00368	0.00526
56	0.01965	0.17598	0.08288	0.03663	0.15282	0.03876	0.07715	0.22591	0.01962	0.06474	0.01342	0.01505	0.01025	0.00656	0.00609	0.00185	0.00786	0.00542	0.00441	0.03494
57	0.25063	0.06740	0.05502	0.03287	0.10166	0.10744	0.04256	0.11784	0.01658	0.04836	0.01525	0.01960	0.03363	0.00768	0.00587	0.00203	0.00733	0.05541	0.00438	0.00847

[dist]
# distance from previous block
# <min> <max>
0	12

[block]
# block no. 5 follows, 33 sequences, length 20
# corresponding to MSA columns:
# 224-243
name=unknown_F
#
# <colnr> <probs for GDERKNQSTAVLIFYWHMCP>
#	G	D	E	R	K	N	Q	S	T	A	V	L	I	F	Y	W	H	M	C	P
0	0.04036	0.01918	0.12625	0.03929	0.20154	0.09059	0.03709	0.11720	0.04187	0.09607	0.01650	0.01810	0.04177	0.00739	0.00722	0.00201	0.04811	0.00596	0.00443	0.03908
1	0.61899	0.06755	0.01419	0.01166	0.04554	0.03732	0.03426	0.04335	0.01255	0.02748	0.00970	0.01152	0.00770	0.00630	0.00502	0.00201	0.02935	0.00399	0.00395	0.00759
2	0.07484	0.62806	0.03085	0.01171	0.01703	0.08757	0.01114	0.04402	0.01429	0.01744	0.00947	0.01087	0.00845	0.00585	0.00444	0.00150	0.00733	0.00367	0.00309	0.00838
3	0.00778	0.00667	0.00667	0.00667	0.00889	0.00556	0.00500	0.00945	0.01501	0.01778	0.06669	0.06336	0.72490	0.01667	0.00778	0.00222	0.00333	0.01389	0.00611	0.00556
4	0.01142	0.05009	0.01129	0.00997	0.01113	0.07388	0.00730	0.01265	0.01124	0.01452	0.01819	0.03208	0.01881	0.29306	0.31348	0.04757	0.01139	0.04282	0.00374	0.00537
5	0.01993	0.52567	0.02922	0.01316	0.01805	0.26463	0.01175	0.02190	0.01514	0.01570	0.00949	0.01100	0.00846	0.00602	0.00479	0.00150	0.00865	0.00376	0.00301	0.00818
6	0.01144	0.00572	0.00858	0.00858	0.00858	0.00572	0.00572	0.00858	0.00858	0.01144	0.01144	0.02001	0.01144	0.02287	0.02573	0.80846	0.00572	0.00572	0.00286	0.00286
7	0.01467	0.07247	0.45358	0.02027	0.10716	0.06549	0.05247	0.02145	0.05692	0.02056	0.01499	0.01683	0.04077	0.00679	0.00631	0.00202	0.00901	0.00555	0.00329	0.00941
8	0.00825	0.00638	0.00752	0.00788	0.00934	0.00566	0.00567	0.01012	0.01516	0.01966	0.22432	0.28479	0.33740	0.01712	0.00798	0.00233	0.00343	0.01494	0.00640	0.00566
9	0.81514	0.01273	0.00968	0.00866	0.01273	0.01477	0.00713	0.01935	0.01120	0.02954	0.00917	0.01069	0.00713	0.00611	0.00407	0.00204	0.00509	0.00356	0.00407	0.00713
10	0.01447	0.01475	0.06990	0.08764	0.40562	0.01391	0.01659	0.02031	0.10571	0.02213	0.09741	0.06717	0.01938	0.00813	0.00679	0.00208	0.00690	0.00749	0.00428	0.00933
11	0.01495	0.01532	0.02008	0.01727	0.01745	0.05897	0.01431	0.01640	0.01054	0.01586	0.00872	0.01427	0.00863	0.01127	0.02076	0.00282	0.71657	0.00568	0.00291	0.00722
12	0.81514	0.01273	0.00968	0.00866	0.01273	0.01477	0.00713	0.01935	0.01120	0.02954	0.00917	0.01069	0.00713	0.00611	0.00407	0.00204	0.00509	0.00356	0.00407	0.00713
13	0.00802	0.00668	0.00700	0.00692	0.00904	0.00566	0.00519	0.00990	0.01556	0.01910	0.16728	0.06119	0.62349	0.01618	0.00778	0.00220	0.00330	0.01359	0.00629	0.00566
14	0.01271	0.03030	0.62645	0.06809	0.02806	0.01445	0.02234	0.01965	0.01394	0.02032	0.01626	0.01816	0.06654	0.00712	0.00640	0.00210	0.00914	0.00567	0.00306	0.00923
15	0.00809	0.00587	0.00765	0.00892	0.00952	0.00542	0.00604	0.00942	0.01321	0.01755	0.08712	0.66275	0.09446	0.01983	0.00831	0.00260	0.00373	0.01788	0.00619	0.00542
16	0.01348	0.01333	0.05228	0.10519	0.30733	0.02871	0.01497	0.01792	0.06126	0.02040	0.08076	0.11890	0.02083	0.01260	0.06398	0.00282	0.02594	0.02664	0.00425	0.00841
17	0.00964	0.00635	0.00729	0.00740	0.00758	0.00637	0.00437	0.01004	0.01012	0.01397	0.02176	0.09204	0.02451	0.63211	0.06080	0.00597	0.00647	0.00987	0.05903	0.00431
18	0.01388	0.06469	0.02154	0.29262	0.30311	0.01457	0.01646	0.01789	0.03842	0.01885	0.01727	0.05261	0.06200	0.00810	0.00710	0.02463	0.00747	0.00688	0.00354	0.00838
19	0.01689	0.28711	0.04406	0.01522	0.01817	0.12690	0.03019	0.01890	0.01275	0.01600	0.00948	0.01304	0.00878	0.00944	0.03129	0.00235	0.32390	0.00480	0.00296	0.00778

[dist]
# distance from previous block
# <min> <max>
0	4

[block]
# block no. 6 follows, 33 sequences, length 36
# corresponding to MSA columns:
# 248-283
name=unknown_G
#
# <colnr> <probs for GDERKNQSTAVLIFYWHMCP>
#	G	D	E	R	K	N	Q	S	T	A	V	L	I	F	Y	W	H	M	C	P
0	0.42583	0.01722	0.01590	0.01632	0.12066	0.15157	0.03179	0.05850	0.03270	0.02558	0.01075	0.01276	0.00858	0.00660	0.00589	0.00201	0.04084	0.00448	0.00396	0.00807
1	0.11590	0.01401	0.01908	0.20930	0.13560	0.01548	0.04709	0.13272	0.12261	0.07684	0.01713	0.01897	0.03220	0.00734	0.00638	0.00210	0.00711	0.00620	0.00477	0.00918
2	0.01198	0.01027	0.01287	0.07174	0.07942	0.01101	0.00970	0.01931	0.22840	0.02184	0.11814	0.15160	0.17707	0.01261	0.00779	0.00227	0.02960	0.01082	0.00581	0.00772
3	0.01123	0.00784	0.01047	0.12873	0.01570	0.00868	0.00868	0.01392	0.01349	0.02031	0.06433	0.16564	0.02524	0.03687	0.00867	0.00233	0.06518	0.09225	0.29422	0.00619
4	0.02503	0.01844	0.01976	0.01515	0.02042	0.02042	0.01251	0.70562	0.03095	0.04149	0.01581	0.01581	0.01120	0.00790	0.00659	0.00198	0.00724	0.00593	0.00659	0.01120
5	0.02914	0.01185	0.01567	0.01202	0.01713	0.01063	0.00993	0.09179	0.01992	0.67090	0.02507	0.02182	0.01584	0.00813	0.00662	0.00203	0.00575	0.00656	0.00801	0.01120
6	0.01637	0.01414	0.01489	0.01340	0.01712	0.01637	0.01042	0.03498	0.71568	0.02754	0.02679	0.02456	0.02010	0.00893	0.00670	0.00223	0.00521	0.00744	0.00670	0.01042
7	0.00957	0.00638	0.00718	0.00718	0.00718	0.00638	0.00399	0.00957	0.00957	0.01276	0.02074	0.04308	0.02393	0.76864	0.03351	0.00638	0.00638	0.00957	0.00399	0.00399
8	0.00802	0.00573	0.00764	0.00917	0.00955	0.00535	0.00611	0.00917	0.01260	0.01681	0.03628	0.76434	0.04354	0.02062	0.00840	0.00267	0.00382	0.01872	0.00611	0.00535
9	0.01365	0.01170	0.01365	0.00975	0.01560	0.00878	0.00780	0.01658	0.01365	0.02145	0.01170	0.01365	0.00975	0.00488	0.00488	0.00098	0.00488	0.00390	0.00390	0.80888
10	0.01556	0.24936	0.46483	0.01624	0.02436	0.01891	0.01943	0.08211	0.01528	0.02113	0.01139	0.01309	0.00863	0.00622	0.00569	0.00188	0.00872	0.00457	0.00313	0.00949
11	0.00932	0.00673	0.00880	0.00828	0.00984	0.00621	0.00621	0.01242	0.01863	0.02640	0.72410	0.04918	0.06212	0.01346	0.00776	0.00207	0.00311	0.01191	0.00725	0.00621
12	0.01208	0.00783	0.01071	0.01165	0.01354	0.00760	0.01007	0.01496	0.01547	0.08363	0.03661	0.06872	0.09104	0.01716	0.00877	0.00288	0.00580	0.56872	0.00625	0.00648
13	0.01261	0.01154	0.04559	0.01123	0.03829	0.00978	0.00879	0.03766	0.12771	0.02332	0.16715	0.06276	0.11335	0.00964	0.00645	0.00175	0.00472	0.00818	0.00541	0.29409
14	0.01335	0.03307	0.69251	0.01931	0.02885	0.01537	0.06536	0.02086	0.01400	0.02086	0.01191	0.01413	0.00844	0.00621	0.00635	0.00209	0.00981	0.00504	0.00281	0.00968
15	0.01549	0.01760	0.03798	0.02726	0.03362	0.01681	0.67187	0.02085	0.01529	0.02085	0.01310	0.01760	0.00993	0.00582	0.00841	0.00225	0.04549	0.00768	0.00331	0.00880
16	0.33068	0.06604	0.10559	0.01428	0.01841	0.14104	0.05392	0.02018	0.01299	0.02218	0.00981	0.01242	0.00805	0.00722	0.00825	0.00212	0.15114	0.00451	0.00345	0.00774
17	0.01144	0.00572	0.00858	0.00858	0.00858	0.00572	0.00572	0.00858	0.00858	0.01144	0.01144	0.02001	0.01144	0.02287	0.02573	0.80846	0.00572	0.00572	0.00286	0.00286
18	0.01894	0.59215	0.03058	0.01235	0.01759	0.11523	0.01149	0.06880	0.04766	0.01793	0.01056	0.01173	0.00918	0.00609	0.00472	0.00152	0.00758	0.00396	0.00333	0.00863
19	0.01612	0.01612	0.02944	0.03757	0.57207	0.01587	0.17353	0.02040	0.01511	0.02141	0.01259	0.01662	0.01033	0.00579	0.00680	0.00201	0.00856	0.00629	0.00327	0.01008
20	0.01394	0.05330	0.23577	0.18725	0.13888	0.01521	0.03475	0.03929	0.07739	0.02050	0.01681	0.05289	0.04464	0.00783	0.00705	0.00213	0.03326	0.00660	0.00367	0.00884
21	0.01603	0.28277	0.32956	0.01489	0.02190	0.01893	0.01663	0.02357	0.14311	0.05221	0.01429	0.01510	0.01090	0.00662	0.00566	0.00188	0.00779	0.00496	0.00375	0.00948
22	0.01717	0.01396	0.01491	0.01330	0.01710	0.01597	0.01038	0.03481	0.67359	0.07010	0.02674	0.02443	0.01987	0.00888	0.00669	0.00222	0.00523	0.00739	0.00679	0.01047
23	0.00957	0.00638	0.00718	0.00718	0.00718	0.00638	0.00399	0.00957	0.00957	0.01276	0.02074	0.04308	0.02393	0.76864	0.03351	0.00638	0.00638	0.00957	0.00399	0.00399
24	0.01289	0.01621	0.19566	0.07701	0.14105	0.01150	0.04557	0.03297	0.01515	0.05042	0.12364	0.18404	0.04462	0.01075	0.00714	0.00220	0.00674	0.00962	0.00468	0.00813
25	0.02203	0.02728	0.01730	0.01589	0.01890	0.61856	0.01196	0.02384	0.01730	0.01597	0.01143	0.01423	0.00982	0.01396	0.13003	0.00319	0.01284	0.00471	0.00341	0.00734
26	0.00802	0.00573	0.00764	0.00917	0.00955	0.00535	0.00611	0.00917	0.01260	0.01681	0.03628	0.76434	0.04354	0.02062	0.00840	0.00267	0.00382	0.01872	0.00611	0.00535
27	0.00802	0.00659	0.00686	0.00693	0.00882	0.00565	0.00503	0.00958	0.01455	0.01767	0.09041	0.09994	0.59411	0.08438	0.01013	0.00262	0.00363	0.01368	0.00597	0.00543
28	0.01532	0.06182	0.52934	0.01777	0.02608	0.01481	0.06855	0.02168	0.01441	0.10574	0.01381	0.01568	0.00985	0.00872	0.04586	0.00251	0.00963	0.00534	0.00350	0.00958
29	0.01629	0.01564	0.02672	0.04041	0.72757	0.01564	0.02020	0.02020	0.01499	0.02151	0.01238	0.01629	0.01043	0.00587	0.00652	0.00196	0.00782	0.00587	0.00326	0.01043
30	0.09985	0.01190	0.01512	0.01171	0.01672	0.01097	0.00967	0.08331	0.01910	0.61524	0.02367	0.02084	0.01508	0.00795	0.00639	0.00203	0.00568	0.00629	0.00766	0.01084
31	0.74254	0.01210	0.00949	0.00870	0.01245	0.01392	0.00704	0.01844	0.01133	0.02839	0.01161	0.07848	0.01040	0.00742	0.00446	0.00209	0.00498	0.00493	0.00426	0.00697
32	0.08389	0.00792	0.00843	0.00816	0.00991	0.02574	0.00619	0.03246	0.01412	0.02316	0.12750	0.06044	0.02389	0.03770	0.13966	0.00350	0.00634	0.00756	0.36718	0.00626
33	0.01326	0.00951	0.03670	0.01069	0.01236	0.00937	0.00825	0.09945	0.09595	0.01898	0.03711	0.08781	0.01831	0.01945	0.05539	0.40274	0.00641	0.04819	0.00440	0.00569
34	0.16702	0.11988	0.02229	0.04432	0.10809	0.12980	0.09400	0.11537	0.07770	0.04257	0.01316	0.01483	0.01023	0.00661	0.00584	0.00193	0.00790	0.00526	0.00424	0.00895
35	0.09607	0.15574	0.03660	0.01338	0.01652	0.21756	0.01113	0.01993	0.01388	0.06039	0.01241	0.01610	0.01080	0.03544	0.15248	0.00373	0.11163	0.00510	0.00360	0.00750

[dist]
# distance from previous block
# <min> <max>
0	6

[block]
# block no. 7 follows, 33 sequences, length 35
# corresponding to MSA columns:
# 290-324
name=unknown_H
#
# <colnr> <probs for GDERKNQSTAVLIFYWHMCP>
#	G	D	E	R	K	N	Q	S	T	A	V	L	I	F	Y	W	H	M	C	P
0	0.03935	0.17285	0.14735	0.05630	0.07116	0.03426	0.08584	0.11788	0.05584	0.04443	0.03821	0.07815	0.01462	0.00792	0.00627	0.00199	0.00762	0.00668	0.00428	0.00899
1	0.01531	0.11147	0.38167	0.01763	0.05109	0.01661	0.05257	0.06892	0.06731	0.04310	0.01426	0.03961	0.01138	0.02750	0.00787	0.00219	0.05266	0.00583	0.00369	0.00932
2	0.00856	0.00656	0.00789	0.00817	0.00973	0.00589	0.00609	0.01069	0.01567	0.02050	0.26898	0.20940	0.30945	0.01661	0.00802	0.00234	0.00359	0.06963	0.00647	0.00576
3	0.00951	0.00689	0.00927	0.01054	0.01177	0.00665	0.00851	0.01185	0.01457	0.01905	0.07868	0.28336	0.09785	0.01853	0.00869	0.00280	0.00497	0.38456	0.00615	0.00581
4	0.01865	0.41864	0.16081	0.01492	0.04020	0.13633	0.03502	0.02191	0.01481	0.06798	0.01123	0.01261	0.00909	0.00611	0.00522	0.00166	0.00835	0.00430	0.00331	0.00882
5	0.01993	0.18858	0.02262	0.01577	0.01865	0.34687	0.01291	0.03641	0.01512	0.01644	0.00960	0.01245	0.00858	0.00802	0.01040	0.00200	0.24011	0.00459	0.00318	0.00776
6	0.01075	0.00830	0.01217	0.01301	0.07760	0.00898	0.00890	0.01260	0.01096	0.01582	0.01611	0.02466	0.01534	0.10421	0.46257	0.07669	0.03877	0.00676	0.00350	0.07230
7	0.01433	0.13842	0.50473	0.02031	0.08270	0.01702	0.09232	0.02066	0.01408	0.02015	0.01163	0.01400	0.00869	0.00606	0.00614	0.00199	0.00933	0.00505	0.00288	0.00951
8	0.01546	0.17927	0.08770	0.08026	0.17501	0.04890	0.09192	0.04477	0.03862	0.02041	0.07302	0.04798	0.03070	0.00770	0.00679	0.00197	0.03036	0.00664	0.00384	0.00867
9	0.00963	0.00738	0.01100	0.01088	0.01200	0.00876	0.00850	0.01194	0.01056	0.01531	0.01724	0.02536	0.01611	0.04770	0.71071	0.01024	0.05026	0.00700	0.00350	0.00594
10	0.00934	0.00637	0.00716	0.00724	0.00745	0.00626	0.00419	0.00954	0.01018	0.01340	0.02537	0.08320	0.08293	0.66660	0.03004	0.00584	0.00599	0.01042	0.00428	0.00419
11	0.00940	0.04913	0.03308	0.00969	0.03851	0.00774	0.00728	0.01176	0.01522	0.01994	0.23255	0.13559	0.31198	0.01763	0.06831	0.00287	0.00509	0.01221	0.00582	0.00622
12	0.01430	0.08211	0.46086	0.04679	0.15683	0.01625	0.09073	0.02054	0.01420	0.02047	0.01187	0.01460	0.00891	0.00608	0.00632	0.00203	0.00929	0.00527	0.00293	0.00960
13	0.00932	0.00673	0.00880	0.00828	0.00984	0.00621	0.00621	0.01242	0.01863	0.02640	0.72410	0.04918	0.06212	0.01346	0.00776	0.00207	0.00311	0.01191	0.00725	0.00621
14	0.00933	0.00765	0.00792	0.00750	0.00992	0.00684	0.00572	0.06725	0.01662	0.02044	0.11536	0.05828	0.61258	0.01569	0.00768	0.00219	0.00364	0.01308	0.00624	0.00608
15	0.01271	0.01176	0.01924	0.59247	0.10253	0.01410	0.01709	0.01761	0.04668	0.01854	0.07137	0.02038	0.01386	0.00720	0.00668	0.00216	0.00805	0.00643	0.00349	0.00765
16	0.00940	0.00705	0.01058	0.01058	0.01176	0.00823	0.00823	0.01176	0.01058	0.01528	0.01763	0.02586	0.01646	0.04937	0.74255	0.01058	0.01763	0.00705	0.00353	0.00588
17	0.01351	0.03017	0.59640	0.07075	0.02899	0.01539	0.05001	0.02174	0.07193	0.02113	0.01311	0.01519	0.00941	0.00647	0.00638	0.00211	0.00934	0.00526	0.00314	0.00958
18	0.70771	0.01351	0.01105	0.00954	0.01378	0.01554	0.00786	0.11267	0.01389	0.03116	0.01007	0.01139	0.00768	0.00635	0.00442	0.00203	0.00539	0.00389	0.00442	0.00768
19	0.01764	0.13845	0.03849	0.05583	0.06279	0.27366	0.01253	0.02149	0.07559	0.01812	0.03445	0.02339	0.03762	0.01108	0.05041	0.00249	0.03831	0.07584	0.00399	0.00782
20	0.01692	0.01631	0.06181	0.03762	0.65022	0.01527	0.01979	0.02094	0.01516	0.06349	0.01316	0.01653	0.01067	0.00602	0.00651	0.00197	0.00779	0.00586	0.00352	0.01044
21	0.02451	0.01819	0.01947	0.01504	0.02022	0.02018	0.01239	0.66597	0.07144	0.04066	0.01646	0.01632	0.01172	0.00796	0.00659	0.00199	0.00712	0.00602	0.00659	0.01115
22	0.01984	0.01999	0.18977	0.04745	0.02523	0.01583	0.16044	0.23499	0.02028	0.14465	0.01666	0.04609	0.01228	0.00750	0.00683	0.00210	0.00829	0.00668	0.00510	0.00998
23	0.00795	0.00660	0.00698	0.00724	0.00921	0.00563	0.00542	0.00963	0.01473	0.01776	0.06146	0.14732	0.60910	0.01722	0.00792	0.00232	0.00353	0.04829	0.00611	0.00556
24	0.12316	0.05431	0.03436	0.01387	0.03680	0.05704	0.01114	0.18733	0.24263	0.14331	0.01927	0.01850	0.01396	0.00777	0.00614	0.00203	0.00638	0.00598	0.00600	0.01004
25	0.00961	0.00682	0.00978	0.00978	0.01064	0.00767	0.00723	0.01108	0.01022	0.01449	0.01767	0.02853	0.01740	0.17934	0.55079	0.07816	0.01454	0.00740	0.00355	0.00527
26	0.01643	0.24325	0.22364	0.01719	0.10491	0.04641	0.01552	0.02030	0.01417	0.07436	0.01327	0.05379	0.01126	0.00711	0.00648	0.00183	0.04550	0.00540	0.00357	0.07562
27	0.09989	0.08117	0.51941	0.01667	0.02494	0.01560	0.03467	0.02184	0.03091	0.07770	0.01286	0.01434	0.00917	0.00639	0.00595	0.00203	0.00864	0.00490	0.00345	0.00948
28	0.00956	0.00644	0.00745	0.00745	0.00755	0.00653	0.00433	0.00975	0.00965	0.01297	0.02049	0.04170	0.02333	0.71099	0.09033	0.00672	0.00728	0.00937	0.00395	0.00414
29	0.01327	0.01985	0.27013	0.02178	0.20790	0.02570	0.05188	0.01803	0.01464	0.02079	0.05368	0.04471	0.09160	0.00885	0.00713	0.00213	0.02562	0.04712	0.04656	0.00864
30	0.01631	0.07380	0.20103	0.11578	0.21377	0.03364	0.04141	0.09155	0.05395	0.03906	0.02905	0.01661	0.01133	0.00679	0.00677	0.00203	0.02808	0.00571	0.00379	0.00952
31	0.11387	0.01208	0.03592	0.06246	0.18849	0.01182	0.12514	0.01592	0.01332	0.02010	0.01980	0.24031	0.02051	0.04311	0.04525	0.00285	0.00736	0.00990	0.00424	0.00756
32	0.00967	0.00765	0.00919	0.04338	0.01206	0.04541	0.00739	0.01101	0.01306	0.01690	0.05412	0.50318	0.05159	0.04081	0.02881	0.05056	0.00519	0.07899	0.00554	0.00549
33	0.05484	0.24564	0.10002	0.01777	0.13148	0.10110	0.01395	0.11324	0.03337	0.08612	0.01295	0.01417	0.01008	0.00647	0.00560	0.00176	0.00770	0.00482	0.00411	0.03481
34	0.06952	0.15012	0.09899	0.03763	0.20534	0.05898	0.01448	0.03712	0.03474	0.05471	0.05870	0.06099	0.01592	0.00818	0.00693	0.00201	0.04504	0.02777	0.00408	0.00875

[dist]
# distance from previous block
# <min> <max>
0	9

# created by:
# /home/berkeley/.conda/envs/busco_data_prod/bin/msa2prfl.pl pipeline/OGs_align_augustus/4893/9032.fs
