[name]
unknown

[dist]
# distance from previous block
# <min> <max>
0	19

[block]
# block no. 0 follows, 32 sequences, length 77
# corresponding to MSA columns:
# 19-68,78-104
name=unknown_A
#
# <colnr> <probs for GDERKNQSTAVLIFYWHMCP>
#	G	D	E	R	K	N	Q	S	T	A	V	L	I	F	Y	W	H	M	C	P
0	0.06822	0.01191	0.01364	0.01206	0.01545	0.01269	0.00973	0.13817	0.19725	0.11524	0.17313	0.03531	0.02941	0.01199	0.02400	0.00248	0.00566	0.10793	0.00677	0.00895
1	0.01522	0.01462	0.02527	0.10521	0.47994	0.01524	0.07489	0.01908	0.01437	0.02038	0.01309	0.01793	0.01107	0.01161	0.09501	0.00314	0.04486	0.00628	0.00331	0.00947
2	0.00932	0.00663	0.00809	0.00878	0.00928	0.00653	0.00568	0.01116	0.05154	0.01673	0.06649	0.41385	0.03657	0.29701	0.01797	0.00408	0.00491	0.01458	0.00552	0.00527
3	0.01216	0.00842	0.00994	0.00908	0.01136	0.00811	0.00686	0.03842	0.09488	0.08148	0.36167	0.04684	0.20045	0.06899	0.00961	0.00248	0.00405	0.01128	0.00687	0.00707
4	0.00793	0.00680	0.00680	0.00680	0.00906	0.00566	0.00510	0.00963	0.01529	0.01813	0.06797	0.06457	0.71961	0.01699	0.00793	0.00227	0.00340	0.01416	0.00623	0.00566
5	0.02522	0.01664	0.01843	0.01424	0.01930	0.01788	0.01172	0.53601	0.02833	0.15717	0.04219	0.01877	0.01430	0.00828	0.00668	0.00201	0.00679	0.00638	0.03864	0.01103
6	0.02195	0.01490	0.01656	0.01374	0.01826	0.01626	0.01101	0.20876	0.38030	0.18593	0.02420	0.02222	0.01726	0.00865	0.00678	0.00216	0.00594	0.00700	0.00712	0.01100
7	0.02551	0.01879	0.02014	0.01544	0.02081	0.02081	0.01275	0.69996	0.03155	0.04229	0.01611	0.01611	0.01141	0.00805	0.00671	0.00201	0.00738	0.00604	0.00671	0.01141
8	0.01518	0.03627	0.07818	0.03077	0.04357	0.01230	0.06850	0.09906	0.07153	0.05302	0.12466	0.04500	0.06485	0.00872	0.00655	0.00186	0.00603	0.00752	0.04994	0.17649
9	0.00971	0.00653	0.00783	0.00791	0.00808	0.00667	0.00478	0.00998	0.01002	0.01351	0.02129	0.07919	0.02410	0.61089	0.12137	0.03210	0.00779	0.00981	0.00409	0.00435
10	0.01584	0.01810	0.03959	0.02828	0.03507	0.01697	0.69796	0.02149	0.01584	0.02149	0.01357	0.01810	0.01018	0.00566	0.00792	0.00226	0.01131	0.00792	0.00339	0.00905
11	0.02565	0.01678	0.01856	0.01431	0.01944	0.01803	0.01179	0.54132	0.02836	0.16664	0.01831	0.01782	0.01267	0.00809	0.00661	0.00200	0.00685	0.00618	0.04946	0.01114
12	0.01707	0.01740	0.03689	0.02651	0.03295	0.01645	0.61648	0.02233	0.01597	0.08388	0.01458	0.01842	0.01071	0.00607	0.00824	0.00227	0.03301	0.00775	0.00382	0.00921
13	0.00912	0.00684	0.00844	0.00804	0.00979	0.00617	0.00603	0.01193	0.01810	0.02478	0.56108	0.05362	0.22235	0.01451	0.00792	0.00215	0.00322	0.01263	0.00711	0.00617
14	0.02451	0.01286	0.01531	0.01210	0.01657	0.01283	0.00987	0.24190	0.04296	0.34660	0.06528	0.02275	0.01803	0.00851	0.00652	0.00199	0.00571	0.00681	0.11853	0.01036
15	0.01794	0.76823	0.03516	0.01148	0.01722	0.02655	0.01148	0.02009	0.01363	0.01579	0.00933	0.01076	0.00861	0.00574	0.00431	0.00144	0.00718	0.00359	0.00287	0.00861
16	0.00816	0.00589	0.00773	0.00921	0.00970	0.00546	0.00617	0.00936	0.01298	0.01718	0.03864	0.72267	0.08045	0.02081	0.00853	0.00270	0.00387	0.01881	0.00623	0.00546
17	0.00818	0.00584	0.00779	0.00934	0.00973	0.00545	0.00623	0.00934	0.01285	0.01713	0.03698	0.75981	0.04438	0.02102	0.00856	0.00273	0.00389	0.01908	0.00623	0.00545
18	0.01391	0.01193	0.01391	0.00994	0.01590	0.00894	0.00795	0.01690	0.01391	0.02186	0.01193	0.01391	0.00994	0.00497	0.00497	0.00099	0.00497	0.00398	0.00398	0.80521
19	0.01333	0.00705	0.00714	0.00684	0.00864	0.00718	0.00520	0.05909	0.01518	0.02611	0.02152	0.02445	0.01683	0.00783	0.00482	0.00159	0.00340	0.00624	0.75097	0.00658
20	0.02442	0.03094	0.01867	0.01701	0.02038	0.70678	0.01277	0.02617	0.01867	0.01639	0.01069	0.01270	0.00898	0.00873	0.03663	0.00211	0.01235	0.00444	0.00346	0.00770
21	0.04114	0.15429	0.02406	0.02309	0.22783	0.36062	0.01482	0.04355	0.01715	0.01905	0.01100	0.01329	0.00927	0.00645	0.00589	0.00177	0.00971	0.00472	0.00343	0.00886
22	0.16642	0.01654	0.01432	0.03190	0.01614	0.20815	0.01024	0.03879	0.04692	0.02004	0.01360	0.01845	0.01199	0.05857	0.16930	0.02257	0.09724	0.00563	0.02608	0.00712
23	0.07741	0.01478	0.02249	0.08574	0.19466	0.03825	0.15398	0.10131	0.03732	0.04854	0.01658	0.07809	0.01400	0.00784	0.00670	0.00210	0.00767	0.00731	0.07625	0.00899
24	0.01633	0.01566	0.02673	0.09167	0.67405	0.01587	0.02045	0.02035	0.01515	0.02158	0.01257	0.01670	0.01051	0.00603	0.00665	0.00201	0.00804	0.00598	0.00330	0.01040
25	0.02591	0.01815	0.01974	0.01513	0.02049	0.01985	0.01250	0.64161	0.03047	0.10216	0.01702	0.01670	0.01187	0.00808	0.00672	0.00202	0.00724	0.00610	0.00685	0.01141
26	0.01614	0.01692	0.03338	0.08926	0.03270	0.01669	0.50672	0.07362	0.07260	0.02340	0.03890	0.01958	0.01281	0.00648	0.00763	0.00224	0.01004	0.00772	0.00402	0.00912
27	0.00818	0.00584	0.00779	0.00934	0.00973	0.00545	0.00623	0.00934	0.01285	0.01713	0.03698	0.75981	0.04438	0.02102	0.00856	0.00273	0.00389	0.01908	0.00623	0.00545
28	0.01247	0.01054	0.01126	0.01057	0.01340	0.01122	0.00806	0.02290	0.36308	0.02381	0.10384	0.09645	0.25937	0.01306	0.00743	0.00229	0.00437	0.01106	0.00663	0.00819
29	0.01175	0.01021	0.01454	0.01336	0.01393	0.01322	0.01066	0.01344	0.01052	0.01561	0.01468	0.04385	0.01451	0.07065	0.35831	0.02977	0.32414	0.00709	0.00340	0.00635
30	0.15193	0.01593	0.03785	0.01337	0.01847	0.01641	0.01124	0.32401	0.09702	0.21810	0.01882	0.01793	0.01299	0.00789	0.00631	0.00207	0.00644	0.00597	0.00662	0.01062
31	0.00877	0.00626	0.00847	0.01002	0.01067	0.00596	0.00726	0.01037	0.01343	0.01779	0.03665	0.60582	0.04308	0.02046	0.00872	0.00281	0.00441	0.16721	0.00622	0.00561
32	0.00809	0.00618	0.00744	0.00844	0.00949	0.00553	0.00583	0.00944	0.01371	0.01748	0.04798	0.51313	0.28396	0.01959	0.00834	0.00256	0.00372	0.01733	0.00623	0.00553
33	0.03951	0.04788	0.09776	0.16909	0.14386	0.20622	0.09145	0.02178	0.01586	0.04507	0.02871	0.01645	0.01094	0.00669	0.00644	0.00199	0.00940	0.00567	0.02662	0.00862
34	0.02609	0.01323	0.01605	0.01255	0.01734	0.01305	0.01028	0.23421	0.04747	0.41459	0.05959	0.02243	0.01766	0.00851	0.00668	0.00204	0.00592	0.00682	0.05469	0.01081
35	0.00978	0.00732	0.01062	0.01067	0.01185	0.00840	0.00820	0.01248	0.03008	0.01594	0.01944	0.05036	0.01871	0.08793	0.63666	0.00986	0.01624	0.02560	0.00386	0.00600
36	0.37709	0.10120	0.01750	0.01407	0.06490	0.12754	0.01072	0.17000	0.01750	0.02854	0.01121	0.01260	0.00876	0.00666	0.00519	0.00193	0.00713	0.00442	0.00441	0.00863
37	0.00827	0.00591	0.00787	0.00928	0.00975	0.00551	0.00624	0.00958	0.01328	0.01781	0.08482	0.71002	0.04571	0.02051	0.00852	0.00268	0.00384	0.01859	0.00631	0.00551
38	0.00846	0.00596	0.00770	0.00898	0.00930	0.00564	0.00585	0.00942	0.01230	0.01640	0.03418	0.63311	0.04084	0.15255	0.01309	0.00339	0.00436	0.01743	0.00585	0.00521
39	0.06816	0.28267	0.16300	0.01916	0.07315	0.03954	0.18088	0.04413	0.01501	0.02063	0.01142	0.01390	0.00915	0.00598	0.00587	0.00186	0.00871	0.00518	0.00328	0.02830
40	0.10031	0.01193	0.01586	0.07394	0.03371	0.03165	0.03182	0.03452	0.01217	0.01924	0.01346	0.01912	0.01195	0.02213	0.24262	0.00507	0.24450	0.00611	0.06278	0.00708
41	0.00974	0.00652	0.00741	0.00738	0.00746	0.00650	0.00419	0.00991	0.01024	0.01374	0.05794	0.04424	0.02645	0.72460	0.03277	0.00627	0.00633	0.00988	0.00424	0.00419
42	0.01870	0.68960	0.03344	0.01210	0.01760	0.10245	0.01164	0.02081	0.01421	0.01585	0.00944	0.01091	0.00861	0.00587	0.00449	0.00147	0.00770	0.00367	0.00293	0.00852
43	0.01420	0.05089	0.25890	0.02127	0.14996	0.03171	0.04018	0.01862	0.01371	0.01985	0.06542	0.01842	0.01387	0.01170	0.07087	0.00297	0.17923	0.00611	0.00339	0.00873
44	0.00928	0.00681	0.00830	0.00793	0.00968	0.00617	0.00595	0.01209	0.01784	0.02469	0.52525	0.05228	0.21898	0.01420	0.00775	0.00212	0.00322	0.01231	0.04899	0.00617
45	0.00900	0.00799	0.00769	0.00781	0.00976	0.04476	0.00569	0.01062	0.01508	0.01803	0.08212	0.16232	0.53532	0.04260	0.00882	0.00244	0.00403	0.01413	0.00605	0.00571
46	0.07160	0.16096	0.07542	0.08085	0.04372	0.01607	0.01225	0.05693	0.16464	0.10040	0.10522	0.02375	0.02004	0.00849	0.00631	0.00205	0.00636	0.03057	0.00529	0.00909
47	0.01633	0.11179	0.01758	0.05013	0.11120	0.05339	0.01079	0.06782	0.06852	0.09805	0.06354	0.12298	0.04667	0.09931	0.03032	0.00283	0.00676	0.00866	0.00514	0.00817
48	0.01526	0.01216	0.01414	0.01039	0.01601	0.00981	0.00828	0.04572	0.05197	0.05996	0.01393	0.01589	0.01131	0.02630	0.00603	0.00131	0.00516	0.00456	0.00447	0.66734
49	0.04090	0.01040	0.01209	0.01157	0.03518	0.04055	0.00858	0.10643	0.01608	0.04326	0.11749	0.05969	0.08194	0.07061	0.22464	0.00494	0.03476	0.00852	0.06529	0.00709
50	0.01827	0.00890	0.01038	0.00893	0.01189	0.00859	0.00705	0.06409	0.04222	0.23050	0.07696	0.02659	0.03564	0.00867	0.00581	0.00182	0.00423	0.00705	0.41416	0.00823
51	0.05224	0.03931	0.01936	0.08581	0.03721	0.06085	0.03030	0.31685	0.15477	0.04610	0.01689	0.01834	0.01281	0.03040	0.00817	0.00224	0.04665	0.00622	0.00557	0.00991
52	0.01459	0.01506	0.05584	0.11176	0.42871	0.03541	0.03537	0.01842	0.01540	0.02101	0.06843	0.02532	0.10961	0.00812	0.00691	0.00207	0.00744	0.00746	0.00394	0.00914
53	0.01813	0.13731	0.16504	0.07648	0.15812	0.03463	0.01638	0.11111	0.01696	0.09167	0.01512	0.01698	0.03152	0.00722	0.00708	0.00198	0.04964	0.00562	0.00415	0.03485
54	0.01653	0.46624	0.21609	0.01458	0.02129	0.02225	0.05111	0.02191	0.07816	0.01866	0.01192	0.01336	0.00976	0.00621	0.00527	0.00174	0.00794	0.00455	0.00325	0.00916
55	0.00874	0.00638	0.00826	0.00954	0.01042	0.00598	0.00695	0.01033	0.01362	0.01774	0.04045	0.49930	0.13601	0.04426	0.00946	0.00286	0.00438	0.15359	0.00615	0.00558
56	0.01276	0.01074	0.03096	0.11757	0.04582	0.05013	0.01020	0.01680	0.08474	0.06894	0.06625	0.34199	0.06965	0.01443	0.00767	0.00242	0.00566	0.03040	0.00567	0.00721
57	0.01525	0.04207	0.11116	0.17569	0.20691	0.04192	0.24217	0.02010	0.01496	0.02018	0.01334	0.04103	0.01086	0.00659	0.00701	0.00214	0.00948	0.00679	0.00330	0.00904
58	0.00975	0.00654	0.00748	0.00748	0.00754	0.00659	0.00427	0.00986	0.00981	0.01313	0.02099	0.04308	0.02403	0.73030	0.06755	0.00671	0.00705	0.00964	0.00404	0.00416
59	0.01468	0.01468	0.02055	0.01762	0.01762	0.02055	0.01468	0.01615	0.01028	0.01615	0.00881	0.01468	0.00881	0.01174	0.02202	0.00294	0.75191	0.00587	0.00294	0.00734
60	0.02277	0.07494	0.02138	0.01538	0.02064	0.02007	0.04834	0.49383	0.12788	0.03645	0.01696	0.01704	0.01241	0.00781	0.00655	0.00199	0.00720	0.00611	0.00618	0.03608
61	0.01564	0.01599	0.11951	0.13941	0.29219	0.01372	0.01713	0.04317	0.03551	0.07962	0.01941	0.08385	0.04070	0.00885	0.00698	0.00220	0.00751	0.04500	0.00433	0.00927
62	0.04139	0.14065	0.26086	0.01852	0.09167	0.01649	0.07810	0.07414	0.01621	0.10544	0.01514	0.01655	0.02802	0.00669	0.00616	0.00193	0.00808	0.00553	0.00408	0.06435
63	0.00960	0.00713	0.01049	0.01049	0.01159	0.00823	0.00803	0.01180	0.01070	0.01536	0.01824	0.02783	0.01741	0.11001	0.67879	0.01043	0.01701	0.00740	0.00363	0.00583
64	0.00907	0.00659	0.00800	0.00833	0.00980	0.00588	0.00599	0.01099	0.01550	0.03993	0.23282	0.31738	0.27052	0.01735	0.00813	0.00239	0.00358	0.01522	0.00660	0.00593
65	0.04195	0.27098	0.17868	0.01956	0.14391	0.14397	0.01617	0.07460	0.01630	0.02064	0.01120	0.01317	0.00912	0.00632	0.00564	0.00180	0.00871	0.00462	0.00338	0.00928
66	0.01281	0.00926	0.01241	0.01113	0.01332	0.00944	0.04419	0.03642	0.09118	0.08382	0.23476	0.15472	0.09878	0.05873	0.05576	0.00308	0.04543	0.01130	0.00622	0.00723
67	0.01018	0.00701	0.00856	0.00891	0.01046	0.00639	0.00645	0.03136	0.01529	0.06285	0.12561	0.38739	0.24061	0.01776	0.00816	0.00247	0.00394	0.03392	0.00651	0.00618
68	0.00897	0.00656	0.00847	0.00973	0.01058	0.00627	0.00702	0.01102	0.03431	0.01792	0.03845	0.52018	0.10037	0.05092	0.00966	0.00290	0.00443	0.14040	0.00615	0.00570
69	0.02063	0.36285	0.02710	0.01517	0.03694	0.23572	0.03137	0.09804	0.05442	0.01989	0.01153	0.01299	0.00966	0.00672	0.00594	0.00172	0.03226	0.00454	0.00371	0.00880
70	0.09862	0.04315	0.24107	0.03269	0.02245	0.03509	0.04218	0.16264	0.01778	0.04588	0.01293	0.01451	0.00962	0.00642	0.00591	0.00182	0.00768	0.00496	0.00424	0.19037
71	0.04387	0.06908	0.06077	0.19446	0.18592	0.03682	0.09262	0.04013	0.03295	0.08016	0.03115	0.04234	0.01311	0.00723	0.00654	0.00207	0.00793	0.00653	0.03738	0.00895
72	0.01105	0.00752	0.00975	0.00983	0.01066	0.00789	0.00689	0.04022	0.01249	0.05028	0.02586	0.31393	0.02874	0.22676	0.14015	0.02814	0.04674	0.01232	0.00504	0.00572
73	0.02304	0.14681	0.05116	0.01609	0.02036	0.49332	0.01308	0.08472	0.05597	0.01940	0.01168	0.01302	0.00951	0.00692	0.00589	0.00175	0.01045	0.00456	0.00380	0.00847
74	0.03676	0.01664	0.13028	0.20711	0.15725	0.03370	0.03590	0.03541	0.07398	0.03817	0.01652	0.02051	0.03967	0.03407	0.04759	0.02348	0.03417	0.00642	0.00382	0.00856
75	0.04237	0.09729	0.06942	0.03819	0.01644	0.09109	0.01044	0.05702	0.07571	0.05610	0.18012	0.09126	0.09862	0.01119	0.00692	0.00211	0.00611	0.03622	0.00554	0.00783
76	0.01348	0.04275	0.04093	0.03968	0.04307	0.04598	0.08266	0.05412	0.10299	0.02116	0.02545	0.28685	0.04113	0.01264	0.00735	0.00226	0.00629	0.04155	0.00521	0.08446

[dist]
# distance from previous block
# <min> <max>
5	12

[block]
# block no. 1 follows, 32 sequences, length 8
# corresponding to MSA columns:
# 117-124
name=unknown_B
#
# <colnr> <probs for GDERKNQSTAVLIFYWHMCP>
#	G	D	E	R	K	N	Q	S	T	A	V	L	I	F	Y	W	H	M	C	P
0	0.01100	0.00781	0.04384	0.05691	0.01232	0.00688	0.00753	0.01030	0.01105	0.01461	0.06773	0.06294	0.11009	0.01983	0.01952	0.51598	0.00563	0.00795	0.00381	0.00426
1	0.03510	0.11922	0.05277	0.05550	0.04419	0.11930	0.04298	0.19014	0.07357	0.05981	0.01736	0.06897	0.01487	0.00868	0.00651	0.00203	0.00776	0.04413	0.00499	0.03213
2	0.10481	0.01853	0.11650	0.05093	0.14948	0.05618	0.23945	0.01997	0.01427	0.02114	0.01262	0.01677	0.01014	0.01074	0.07923	0.00302	0.05791	0.00624	0.00337	0.00870
3	0.00864	0.00627	0.00821	0.00930	0.01015	0.00584	0.00662	0.01038	0.01433	0.01915	0.15400	0.51745	0.09960	0.01923	0.00848	0.00262	0.00396	0.08365	0.00642	0.00569
4	0.07763	0.01599	0.01534	0.01307	0.01685	0.15596	0.01038	0.07642	0.08269	0.22520	0.03954	0.04942	0.03165	0.02342	0.00803	0.00217	0.05313	0.03887	0.00587	0.05836
5	0.03844	0.09233	0.26252	0.01660	0.02292	0.01625	0.09681	0.15420	0.01739	0.02455	0.01578	0.10973	0.01393	0.00851	0.00704	0.00208	0.03095	0.00713	0.00422	0.05860
6	0.01040	0.00836	0.01173	0.01095	0.01293	0.00804	0.06081	0.01403	0.06887	0.02073	0.18896	0.24968	0.09103	0.06586	0.05492	0.00315	0.00563	0.05811	0.00589	0.04992
7	0.07040	0.01162	0.01507	0.08196	0.01907	0.01116	0.01029	0.06487	0.05296	0.47094	0.05739	0.02524	0.06096	0.00884	0.00672	0.00211	0.00580	0.00720	0.00722	0.01017

[dist]
# distance from previous block
# <min> <max>
4	35

[block]
# block no. 2 follows, 32 sequences, length 18
# corresponding to MSA columns:
# 160-177
name=unknown_C
#
# <colnr> <probs for GDERKNQSTAVLIFYWHMCP>
#	G	D	E	R	K	N	Q	S	T	A	V	L	I	F	Y	W	H	M	C	P
0	0.01525	0.06311	0.11927	0.03995	0.04645	0.01260	0.04216	0.10623	0.03505	0.07376	0.04465	0.13984	0.05552	0.05870	0.00859	0.00238	0.00650	0.02923	0.03907	0.06169
1	0.11708	0.04328	0.01928	0.01565	0.04906	0.05049	0.12129	0.07309	0.05656	0.05883	0.03778	0.07415	0.01536	0.00979	0.03332	0.00232	0.06275	0.00693	0.03994	0.11306
2	0.04789	0.03862	0.01295	0.18187	0.01887	0.00963	0.00966	0.01325	0.01173	0.04318	0.05115	0.02488	0.04003	0.01845	0.06842	0.35887	0.00725	0.03424	0.00372	0.00535
3	0.01122	0.00784	0.00914	0.00870	0.00938	0.00833	0.00580	0.05522	0.01206	0.01665	0.02347	0.06903	0.07032	0.46613	0.04758	0.03645	0.05917	0.00943	0.06895	0.00513
4	0.01656	0.14700	0.22916	0.01896	0.10163	0.08576	0.05081	0.06495	0.07091	0.02141	0.01504	0.04476	0.02654	0.00757	0.00700	0.00200	0.04447	0.00597	0.00379	0.03572
5	0.02275	0.01939	0.01956	0.03327	0.07457	0.12069	0.01302	0.41462	0.12606	0.03366	0.01640	0.01683	0.01217	0.00774	0.00656	0.00198	0.00774	0.00594	0.00582	0.04125
6	0.05945	0.01329	0.06365	0.34235	0.17239	0.01340	0.01631	0.01716	0.01365	0.01926	0.01588	0.02337	0.03575	0.01020	0.03687	0.03811	0.00826	0.05849	0.00353	0.03864
7	0.01813	0.05634	0.16109	0.08455	0.05469	0.04300	0.06835	0.11997	0.04449	0.12740	0.01743	0.07400	0.01408	0.01079	0.04968	0.00265	0.03227	0.00699	0.00477	0.00932
8	0.04975	0.22567	0.26709	0.04017	0.12222	0.03446	0.04420	0.06095	0.03866	0.03979	0.01242	0.01437	0.00964	0.00637	0.00587	0.00192	0.00837	0.00500	0.00351	0.00955
9	0.00816	0.00591	0.00771	0.00914	0.00968	0.00547	0.00614	0.00937	0.01304	0.01721	0.03941	0.70545	0.09717	0.02071	0.00851	0.00269	0.00385	0.01869	0.00623	0.00547
10	0.00993	0.00767	0.01100	0.01157	0.03496	0.00870	0.00827	0.01176	0.01118	0.01582	0.02136	0.17545	0.02252	0.13022	0.42486	0.00775	0.06718	0.00978	0.00413	0.00589
11	0.04049	0.03781	0.17855	0.10714	0.16203	0.08931	0.06717	0.09368	0.01682	0.07766	0.01331	0.01590	0.01003	0.00698	0.00746	0.00210	0.05446	0.00567	0.00393	0.00950
12	0.01185	0.01014	0.01434	0.05748	0.12195	0.03857	0.01100	0.01438	0.01210	0.01708	0.01712	0.06062	0.01624	0.06298	0.40864	0.00708	0.06654	0.00740	0.03766	0.00685
13	0.00982	0.00680	0.00919	0.00919	0.00980	0.00741	0.00640	0.01081	0.01020	0.01421	0.01879	0.03316	0.01953	0.34391	0.39060	0.07109	0.01227	0.00815	0.00374	0.00495
14	0.01670	0.01704	0.05638	0.05196	0.21555	0.12344	0.08315	0.08384	0.01718	0.04447	0.05046	0.15041	0.04051	0.00975	0.00712	0.00214	0.00787	0.00874	0.00458	0.00871
15	0.05030	0.14017	0.16520	0.08064	0.07111	0.04951	0.02961	0.18610	0.03445	0.08301	0.01420	0.01581	0.01061	0.00838	0.03063	0.00226	0.00841	0.00542	0.00448	0.00970
16	0.01254	0.03272	0.03642	0.04475	0.01571	0.04889	0.03931	0.05689	0.01447	0.03444	0.05715	0.16026	0.11324	0.04903	0.19173	0.00459	0.06625	0.01001	0.00475	0.00685
17	0.01942	0.01578	0.04835	0.03510	0.03742	0.07194	0.04051	0.18622	0.14548	0.12845	0.03780	0.06759	0.06729	0.05736	0.00868	0.00241	0.00686	0.00800	0.00598	0.00936

[dist]
# distance from previous block
# <min> <max>
8	92

[block]
# block no. 3 follows, 32 sequences, length 45
# corresponding to MSA columns:
# 270-314
name=unknown_D
#
# <colnr> <probs for GDERKNQSTAVLIFYWHMCP>
#	G	D	E	R	K	N	Q	S	T	A	V	L	I	F	Y	W	H	M	C	P
0	0.09812	0.15688	0.12188	0.04944	0.06322	0.11160	0.01378	0.14690	0.06729	0.02441	0.01598	0.01737	0.04667	0.00871	0.02850	0.00220	0.00818	0.00553	0.00429	0.00905
1	0.12262	0.12098	0.06070	0.06263	0.04828	0.11753	0.04323	0.07385	0.03552	0.04658	0.08516	0.06558	0.04120	0.00852	0.00618	0.00196	0.00721	0.00681	0.00458	0.04087
2	0.04520	0.06024	0.11402	0.04610	0.09874	0.06140	0.04147	0.11532	0.05111	0.09420	0.06087	0.01960	0.01508	0.03274	0.00721	0.00205	0.00728	0.00609	0.02947	0.09180
3	0.03155	0.07859	0.16379	0.01688	0.09724	0.06508	0.01408	0.12279	0.01711	0.06942	0.03802	0.10782	0.01669	0.01371	0.09067	0.00304	0.00873	0.00733	0.00458	0.03287
4	0.03397	0.05956	0.03738	0.06409	0.03902	0.03253	0.05710	0.03728	0.05733	0.06499	0.10109	0.09726	0.10407	0.09978	0.01030	0.00268	0.00621	0.05012	0.00522	0.04004
5	0.04164	0.15874	0.09963	0.05639	0.10954	0.09150	0.06784	0.05959	0.01612	0.06745	0.03785	0.08134	0.03559	0.00828	0.00631	0.00197	0.00769	0.00693	0.03691	0.00868
6	0.01801	0.11301	0.11842	0.10969	0.04206	0.02890	0.09005	0.09724	0.01711	0.12895	0.04028	0.01920	0.03399	0.00821	0.02384	0.00213	0.00793	0.00612	0.00460	0.09024
7	0.01713	0.11069	0.20868	0.03941	0.05453	0.01692	0.05719	0.16747	0.05972	0.04791	0.06319	0.05167	0.01572	0.00814	0.00705	0.00206	0.03272	0.00663	0.00464	0.02854
8	0.01621	0.16071	0.10997	0.01747	0.13430	0.05938	0.01340	0.05444	0.07611	0.06387	0.04988	0.09554	0.07474	0.00972	0.00660	0.00206	0.00689	0.03512	0.00475	0.00881
9	0.00982	0.00721	0.00972	0.03036	0.01213	0.00717	0.02087	0.01259	0.06348	0.03403	0.03370	0.53341	0.05458	0.05482	0.05523	0.00334	0.00540	0.04015	0.00591	0.00609
10	0.05000	0.04067	0.09776	0.02659	0.33069	0.06844	0.05239	0.02202	0.04755	0.08929	0.05100	0.04255	0.01557	0.00767	0.00668	0.00207	0.00777	0.02732	0.00432	0.00962
11	0.03838	0.01854	0.16521	0.10929	0.24254	0.01527	0.10756	0.03683	0.08884	0.02237	0.03521	0.03878	0.01353	0.00842	0.02825	0.00240	0.00858	0.00670	0.00387	0.00943
12	0.00985	0.00716	0.00962	0.00951	0.01014	0.00801	0.00672	0.01116	0.01031	0.01447	0.01903	0.03364	0.01983	0.36246	0.40247	0.00862	0.03977	0.00827	0.00378	0.00519
13	0.34260	0.02431	0.01532	0.01387	0.01761	0.44568	0.01066	0.02394	0.01595	0.02195	0.00996	0.01162	0.00809	0.00664	0.00528	0.00187	0.00931	0.00404	0.00374	0.00757
14	0.00824	0.00587	0.00777	0.00926	0.00963	0.00549	0.00614	0.00936	0.01272	0.01696	0.03633	0.73051	0.04356	0.05143	0.00961	0.00288	0.00400	0.01869	0.00614	0.00539
15	0.01424	0.02258	0.34627	0.01641	0.02269	0.01412	0.06923	0.08927	0.06561	0.02452	0.11991	0.04613	0.02061	0.00898	0.00742	0.00220	0.03142	0.03802	0.03136	0.00901
16	0.46649	0.14523	0.01660	0.01125	0.01466	0.01793	0.00963	0.01867	0.01153	0.02397	0.00962	0.01239	0.00827	0.00935	0.04178	0.00255	0.16471	0.00426	0.00364	0.00746
17	0.01794	0.76823	0.03516	0.01148	0.01722	0.02655	0.01148	0.02009	0.01363	0.01579	0.00933	0.01076	0.00861	0.00574	0.00431	0.00144	0.00718	0.00359	0.00287	0.00861
18	0.01251	0.00625	0.00625	0.00625	0.00782	0.00625	0.00469	0.01563	0.01407	0.02502	0.02189	0.02502	0.01720	0.00782	0.00469	0.00156	0.00313	0.00625	0.80144	0.00625
19	0.01381	0.01203	0.01448	0.01085	0.01570	0.01040	0.00867	0.01644	0.01321	0.02065	0.01196	0.01552	0.01051	0.04390	0.00875	0.00153	0.10645	0.00452	0.00384	0.65678
20	0.00917	0.00731	0.00899	0.00979	0.04268	0.00650	0.00680	0.01128	0.01539	0.02013	0.18474	0.22364	0.31898	0.01628	0.00795	0.00231	0.00392	0.05191	0.00621	0.04603
21	0.00984	0.00662	0.00766	0.00777	0.00795	0.00660	0.00469	0.01020	0.01054	0.01406	0.04611	0.04672	0.02688	0.67760	0.03122	0.00608	0.00636	0.06444	0.00435	0.00432
22	0.04751	0.12708	0.06492	0.01434	0.02017	0.01869	0.04029	0.37785	0.02318	0.03197	0.01374	0.01470	0.01035	0.00686	0.00597	0.00175	0.00713	0.00522	0.00517	0.16312
23	0.01001	0.04210	0.01103	0.00994	0.01104	0.00875	0.00743	0.01179	0.01065	0.01494	0.01838	0.03009	0.01833	0.22937	0.52534	0.00927	0.01457	0.00767	0.00368	0.00562
24	0.00822	0.00593	0.00770	0.00909	0.00959	0.00551	0.00607	0.00938	0.01289	0.01703	0.03844	0.68467	0.08904	0.05017	0.00953	0.00284	0.00396	0.01838	0.00614	0.00541
25	0.01480	0.01245	0.01439	0.01036	0.01628	0.00985	0.00832	0.06923	0.01526	0.02343	0.01225	0.01408	0.01005	0.00521	0.00510	0.00107	0.00515	0.00413	0.00419	0.74439
26	0.01061	0.00768	0.01047	0.01183	0.01329	0.00770	0.00996	0.01405	0.04363	0.02015	0.05551	0.17901	0.03949	0.01839	0.00902	0.00297	0.00570	0.52804	0.00625	0.00625
27	0.00974	0.00741	0.01107	0.01099	0.01215	0.00875	0.00857	0.01211	0.01077	0.01559	0.01770	0.02601	0.01654	0.04918	0.71631	0.01055	0.03981	0.00715	0.00357	0.00603
28	0.01086	0.00660	0.00721	0.00741	0.00893	0.00640	0.00542	0.01397	0.03989	0.02272	0.09377	0.17977	0.12890	0.01236	0.00630	0.00197	0.00340	0.01054	0.42740	0.00617
29	0.01507	0.01678	0.05860	0.04692	0.12736	0.01686	0.36132	0.01942	0.01408	0.01986	0.01263	0.01758	0.01032	0.01022	0.06226	0.00296	0.16883	0.00698	0.00327	0.00868
30	0.01097	0.00840	0.01024	0.00951	0.01154	0.00845	0.00721	0.01737	0.16044	0.02714	0.57729	0.04499	0.05455	0.01277	0.00769	0.00214	0.00360	0.01120	0.00727	0.00721
31	0.01127	0.00869	0.00968	0.00898	0.01135	0.00848	0.00684	0.08580	0.08129	0.02451	0.25611	0.09493	0.30587	0.01421	0.00761	0.00219	0.00394	0.01208	0.03923	0.00694
32	0.04666	0.01326	0.01482	0.01276	0.01680	0.01441	0.01009	0.05909	0.44440	0.19363	0.07804	0.02557	0.02198	0.00912	0.00679	0.00220	0.00532	0.00753	0.00712	0.01040
33	0.81159	0.01298	0.00986	0.00882	0.01298	0.01505	0.00727	0.01972	0.01142	0.03010	0.00934	0.01090	0.00727	0.00623	0.00415	0.00208	0.00519	0.00363	0.00415	0.00727
34	0.06548	0.01211	0.01569	0.01209	0.01725	0.01102	0.00999	0.08817	0.01989	0.63756	0.02482	0.02173	0.01575	0.00819	0.00663	0.00207	0.00583	0.00655	0.00798	0.01123
35	0.01731	0.01472	0.01552	0.01378	0.01768	0.01698	0.01077	0.08242	0.66244	0.02907	0.02652	0.02441	0.01984	0.00903	0.00682	0.00226	0.00546	0.00748	0.00682	0.01068
36	0.00818	0.00584	0.00779	0.00934	0.00973	0.00545	0.00623	0.00934	0.01285	0.01713	0.03698	0.75981	0.04438	0.02102	0.00856	0.00273	0.00389	0.01908	0.00623	0.00545
37	0.02310	0.01590	0.01838	0.07398	0.04902	0.08151	0.03208	0.27191	0.02244	0.21647	0.02030	0.04626	0.01590	0.00916	0.00699	0.00215	0.00741	0.07080	0.00624	0.00998
38	0.00818	0.00584	0.00779	0.00934	0.00973	0.00545	0.00623	0.00934	0.01285	0.01713	0.03698	0.75981	0.04438	0.02102	0.00856	0.00273	0.00389	0.01908	0.00623	0.00545
39	0.02165	0.01100	0.03440	0.01157	0.01533	0.00969	0.00935	0.09366	0.01845	0.39110	0.06273	0.24035	0.02635	0.01224	0.00733	0.00226	0.00534	0.01052	0.00732	0.00936
40	0.01694	0.30253	0.04618	0.14284	0.18032	0.04135	0.10823	0.05147	0.01526	0.01950	0.01147	0.01459	0.00945	0.00610	0.00592	0.00185	0.00842	0.00526	0.00325	0.00906
41	0.01266	0.01610	0.17374	0.07077	0.04100	0.01371	0.01402	0.01592	0.01210	0.01792	0.01582	0.02266	0.04048	0.11510	0.09394	0.00381	0.22047	0.00662	0.05314	0.04001
42	0.01218	0.00773	0.00928	0.00905	0.01122	0.00694	0.00665	0.01473	0.04927	0.12721	0.06482	0.31055	0.26253	0.03403	0.00844	0.00245	0.00416	0.01395	0.00647	0.03835
43	0.07297	0.07572	0.06230	0.01337	0.01770	0.05439	0.05685	0.21805	0.04033	0.02755	0.11432	0.06761	0.06336	0.04424	0.00791	0.00222	0.00668	0.00786	0.00538	0.04118
44	0.01544	0.01324	0.03758	0.13376	0.09208	0.03664	0.01224	0.07247	0.01542	0.07422	0.01888	0.09231	0.04987	0.03576	0.03007	0.00237	0.06413	0.00733	0.00449	0.19169

[dist]
# distance from previous block
# <min> <max>
0	10

[block]
# block no. 4 follows, 32 sequences, length 90
# corresponding to MSA columns:
# 325-365,371-419
name=unknown_E
#
# <colnr> <probs for GDERKNQSTAVLIFYWHMCP>
#	G	D	E	R	K	N	Q	S	T	A	V	L	I	F	Y	W	H	M	C	P
0	0.15537	0.06719	0.08623	0.06368	0.06893	0.07162	0.06328	0.17900	0.03591	0.06801	0.01389	0.01611	0.01063	0.03150	0.00695	0.00212	0.00774	0.00548	0.00460	0.04177
1	0.08936	0.14170	0.29606	0.01882	0.09725	0.01749	0.05811	0.02193	0.09143	0.02195	0.03515	0.01618	0.01179	0.00700	0.00691	0.00207	0.04839	0.00547	0.00364	0.00931
2	0.01419	0.01291	0.02031	0.51200	0.13250	0.01468	0.01718	0.06158	0.01490	0.02001	0.01229	0.01710	0.00946	0.00648	0.00648	0.00203	0.00821	0.00572	0.00339	0.10859
3	0.01671	0.01270	0.01495	0.01304	0.01640	0.01374	0.03900	0.14203	0.30532	0.07254	0.04910	0.12780	0.04203	0.06487	0.00919	0.00261	0.00576	0.03664	0.00645	0.00913
4	0.00804	0.00674	0.00700	0.00706	0.00917	0.00569	0.00525	0.00980	0.01537	0.01861	0.10672	0.10847	0.63501	0.01705	0.00797	0.00229	0.00342	0.01435	0.00630	0.00569
5	0.22714	0.01248	0.01436	0.01155	0.01599	0.01266	0.03141	0.13476	0.01832	0.31316	0.01993	0.04883	0.01435	0.00811	0.00598	0.00205	0.00569	0.00632	0.08740	0.00950
6	0.00829	0.00687	0.00730	0.00735	0.00950	0.00588	0.00563	0.01023	0.01567	0.01912	0.12936	0.06395	0.60686	0.01678	0.00802	0.00231	0.00357	0.06120	0.00634	0.00577
7	0.02506	0.03198	0.01901	0.01729	0.02074	0.73725	0.01296	0.02679	0.01901	0.01642	0.01037	0.01210	0.00864	0.00691	0.00605	0.00173	0.01210	0.00432	0.00346	0.00778
8	0.01166	0.00583	0.00874	0.00874	0.00874	0.00583	0.00583	0.00874	0.00874	0.01166	0.01166	0.02040	0.01166	0.02331	0.02622	0.80478	0.00583	0.00583	0.00291	0.00291
9	0.01794	0.76823	0.03516	0.01148	0.01722	0.02655	0.01148	0.02009	0.01363	0.01579	0.00933	0.01076	0.00861	0.00574	0.00431	0.00144	0.00718	0.00359	0.00287	0.00861
10	0.81159	0.01298	0.00986	0.00882	0.01298	0.01505	0.00727	0.01972	0.01142	0.03010	0.00934	0.01090	0.00727	0.00623	0.00415	0.00208	0.00519	0.00363	0.00415	0.00727
11	0.81159	0.01298	0.00986	0.00882	0.01298	0.01505	0.00727	0.01972	0.01142	0.03010	0.00934	0.01090	0.00727	0.00623	0.00415	0.00208	0.00519	0.00363	0.00415	0.00727
12	0.01267	0.01193	0.02013	0.74806	0.04621	0.01491	0.01863	0.01714	0.01342	0.01714	0.01193	0.01789	0.00894	0.00671	0.00671	0.00224	0.00894	0.00596	0.00298	0.00745
13	0.01468	0.01468	0.02055	0.01762	0.01762	0.02055	0.01468	0.01615	0.01028	0.01615	0.00881	0.01468	0.00881	0.01174	0.02202	0.00294	0.75191	0.00587	0.00294	0.00734
14	0.01468	0.01468	0.02055	0.01762	0.01762	0.02055	0.01468	0.01615	0.01028	0.01615	0.00881	0.01468	0.00881	0.01174	0.02202	0.00294	0.75191	0.00587	0.00294	0.00734
15	0.02975	0.01199	0.01592	0.01221	0.01741	0.01070	0.01008	0.08403	0.02015	0.67431	0.02567	0.02232	0.01621	0.00829	0.00674	0.00207	0.00584	0.00669	0.00818	0.01142
16	0.01152	0.00830	0.01018	0.04143	0.01252	0.00853	0.00755	0.09801	0.01467	0.01941	0.02850	0.26094	0.04975	0.27152	0.01707	0.00395	0.00579	0.11901	0.00541	0.00594
17	0.01592	0.01525	0.02600	0.16386	0.60499	0.01576	0.02025	0.01999	0.01496	0.02109	0.01250	0.01683	0.01034	0.00611	0.00665	0.00204	0.00814	0.00598	0.00326	0.01008
18	0.07050	0.01906	0.04710	0.04705	0.09761	0.10643	0.19940	0.18415	0.04324	0.07174	0.01444	0.01656	0.01077	0.00701	0.00732	0.00210	0.03504	0.00623	0.00462	0.00962
19	0.01518	0.01441	0.02431	0.19934	0.49827	0.01536	0.01914	0.01909	0.01439	0.02022	0.01269	0.01748	0.01059	0.00928	0.05568	0.00266	0.03310	0.00605	0.00325	0.00949
20	0.03010	0.01142	0.01557	0.01194	0.01713	0.00986	0.00986	0.03270	0.01920	0.72698	0.02647	0.02284	0.01661	0.00830	0.00675	0.00208	0.00571	0.00675	0.00830	0.01142
21	0.02548	0.01954	0.02007	0.01554	0.02080	0.06106	0.01277	0.66214	0.03084	0.04083	0.01579	0.01588	0.01126	0.00799	0.00668	0.00200	0.00765	0.00594	0.00653	0.01121
22	0.81159	0.01298	0.00986	0.00882	0.01298	0.01505	0.00727	0.01972	0.01142	0.03010	0.00934	0.01090	0.00727	0.00623	0.00415	0.00208	0.00519	0.00363	0.00415	0.00727
23	0.00976	0.00651	0.00732	0.00732	0.00732	0.00651	0.00407	0.00976	0.00976	0.01301	0.02114	0.04391	0.02439	0.76419	0.03415	0.00651	0.00651	0.00976	0.00407	0.00407
24	0.01251	0.00625	0.00625	0.00625	0.00782	0.00625	0.00469	0.01563	0.01407	0.02502	0.02189	0.02502	0.01720	0.00782	0.00469	0.00156	0.00313	0.00625	0.80144	0.00625
25	0.00959	0.00716	0.01065	0.01065	0.01180	0.00832	0.00822	0.01190	0.01074	0.01548	0.01809	0.02703	0.01707	0.07757	0.71075	0.01062	0.01753	0.00729	0.00361	0.00592
26	0.00883	0.00683	0.00805	0.00774	0.00962	0.00605	0.00581	0.01137	0.01742	0.02317	0.44207	0.05627	0.34236	0.01511	0.00792	0.00218	0.00326	0.01300	0.00690	0.00605
27	0.02506	0.03198	0.01901	0.01729	0.02074	0.73725	0.01296	0.02679	0.01901	0.01642	0.01037	0.01210	0.00864	0.00691	0.00605	0.00173	0.01210	0.00432	0.00346	0.00778
28	0.01794	0.76823	0.03516	0.01148	0.01722	0.02655	0.01148	0.02009	0.01363	0.01579	0.00933	0.01076	0.00861	0.00574	0.00431	0.00144	0.00718	0.00359	0.00287	0.00861
29	0.00814	0.00681	0.00709	0.00702	0.00919	0.00575	0.00526	0.01004	0.01579	0.01932	0.15611	0.06262	0.63074	0.01655	0.00793	0.00224	0.00337	0.01389	0.00639	0.00575
30	0.01341	0.00802	0.01044	0.00926	0.01156	0.00742	0.00713	0.04022	0.01947	0.14125	0.58142	0.04448	0.05389	0.01264	0.00768	0.00210	0.00373	0.01104	0.00751	0.00734
31	0.00815	0.00593	0.00769	0.00909	0.00967	0.00547	0.00612	0.00937	0.01309	0.01723	0.04003	0.69145	0.11077	0.02063	0.00850	0.00268	0.00384	0.01859	0.00623	0.00547
32	0.00864	0.00614	0.00797	0.00935	0.00991	0.00586	0.00631	0.01048	0.03601	0.01783	0.03602	0.70403	0.04242	0.02006	0.00834	0.00266	0.00391	0.01815	0.04026	0.00566
33	0.00799	0.00677	0.00690	0.00694	0.00912	0.00568	0.00518	0.00972	0.01533	0.01837	0.08764	0.08854	0.67496	0.01703	0.00795	0.00228	0.00341	0.01427	0.00627	0.00568
34	0.01485	0.01649	0.03525	0.02567	0.03167	0.01545	0.60198	0.01997	0.01559	0.02102	0.01777	0.07549	0.03638	0.00758	0.00801	0.00232	0.01034	0.03179	0.00379	0.00858
35	0.03940	0.01594	0.06765	0.21468	0.31620	0.01581	0.04068	0.06683	0.08440	0.05161	0.01459	0.01772	0.01122	0.00673	0.00664	0.00211	0.00798	0.00610	0.00400	0.00970
36	0.00825	0.00593	0.00785	0.00936	0.00985	0.00553	0.00634	0.00950	0.01300	0.01725	0.03787	0.71710	0.06447	0.02082	0.00857	0.00272	0.00395	0.03993	0.00623	0.00548
37	0.04684	0.01197	0.01969	0.71645	0.04479	0.01491	0.01815	0.01725	0.01333	0.01770	0.01182	0.01759	0.00887	0.00669	0.00660	0.00223	0.00878	0.00586	0.00303	0.00745
38	0.01663	0.01559	0.05370	0.27140	0.36411	0.01594	0.01887	0.09769	0.01661	0.04601	0.01322	0.01708	0.01027	0.00655	0.00666	0.00208	0.00824	0.00596	0.00374	0.00966
39	0.04330	0.01588	0.02265	0.05510	0.33060	0.10475	0.10113	0.01953	0.01542	0.03824	0.01860	0.11455	0.03678	0.00905	0.00707	0.00217	0.00805	0.04420	0.00410	0.00882
40	0.70393	0.01338	0.01221	0.01321	0.10904	0.01517	0.00907	0.01984	0.01194	0.02900	0.00979	0.01167	0.00772	0.00619	0.00449	0.00206	0.00557	0.00395	0.00404	0.00772
41	0.00960	0.00676	0.00795	0.00809	0.00879	0.00666	0.00524	0.01079	0.03670	0.01551	0.05425	0.14112	0.14188	0.39214	0.06909	0.05825	0.00617	0.01132	0.00482	0.00488
42	0.04645	0.04398	0.04278	0.08547	0.20484	0.11721	0.15723	0.09874	0.04376	0.02298	0.01473	0.06409	0.01251	0.00744	0.00679	0.00208	0.00881	0.00687	0.00404	0.00918
43	0.01729	0.01551	0.02283	0.26897	0.34454	0.06270	0.01800	0.06400	0.03496	0.06652	0.01375	0.01733	0.01064	0.00665	0.00664	0.00207	0.00831	0.00596	0.00385	0.00949
44	0.00855	0.00675	0.00772	0.00773	0.00958	0.00592	0.00577	0.01073	0.01630	0.02100	0.28003	0.12472	0.42064	0.01632	0.00802	0.00228	0.00344	0.03201	0.00661	0.00588
45	0.02189	0.01700	0.01810	0.01471	0.01943	0.01912	0.01188	0.42747	0.30992	0.03646	0.02070	0.01977	0.01513	0.00848	0.00676	0.00212	0.00653	0.00667	0.00676	0.01109
46	0.00959	0.00719	0.01078	0.01078	0.01198	0.00839	0.00839	0.01198	0.01078	0.01558	0.01797	0.02636	0.01677	0.05032	0.73760	0.01078	0.01797	0.00719	0.00359	0.00599
47	0.00889	0.00661	0.00827	0.00833	0.00977	0.00600	0.00607	0.01131	0.01686	0.02295	0.43507	0.21668	0.18641	0.01604	0.00807	0.00228	0.00338	0.01413	0.00689	0.00600
48	0.01794	0.76823	0.03516	0.01148	0.01722	0.02655	0.01148	0.02009	0.01363	0.01579	0.00933	0.01076	0.00861	0.00574	0.00431	0.00144	0.00718	0.00359	0.00287	0.00861
49	0.00970	0.00648	0.00734	0.00740	0.00741	0.00646	0.00415	0.00974	0.00988	0.01317	0.02175	0.07123	0.02516	0.73582	0.03318	0.00636	0.00641	0.01011	0.00415	0.00412
50	0.01794	0.76823	0.03516	0.01148	0.01722	0.02655	0.01148	0.02009	0.01363	0.01579	0.00933	0.01076	0.00861	0.00574	0.00431	0.00144	0.00718	0.00359	0.00287	0.00861
51	0.00818	0.00584	0.00779	0.00934	0.00973	0.00545	0.00623	0.00934	0.01285	0.01713	0.03698	0.75981	0.04438	0.02102	0.00856	0.00273	0.00389	0.01908	0.00623	0.00545
52	0.01468	0.01468	0.02055	0.01762	0.01762	0.02055	0.01468	0.01615	0.01028	0.01615	0.00881	0.01468	0.00881	0.01174	0.02202	0.00294	0.75191	0.00587	0.00294	0.00734
53	0.01450	0.01442	0.02021	0.01738	0.01742	0.02013	0.01446	0.01600	0.01029	0.01613	0.00913	0.01509	0.00909	0.01310	0.04713	0.00321	0.72615	0.00592	0.00296	0.00729
54	0.81159	0.01298	0.00986	0.00882	0.01298	0.01505	0.00727	0.01972	0.01142	0.03010	0.00934	0.01090	0.00727	0.00623	0.00415	0.00208	0.00519	0.00363	0.00415	0.00727
55	0.01794	0.76823	0.03516	0.01148	0.01722	0.02655	0.01148	0.02009	0.01363	0.01579	0.00933	0.01076	0.00861	0.00574	0.00431	0.00144	0.00718	0.00359	0.00287	0.00861
56	0.75566	0.01286	0.01027	0.00905	0.01327	0.01468	0.00745	0.02065	0.01198	0.07998	0.01057	0.01175	0.00794	0.00638	0.00434	0.00208	0.00523	0.00386	0.00445	0.00756
57	0.00950	0.00686	0.00897	0.00844	0.01002	0.00633	0.00633	0.01266	0.01899	0.02691	0.71879	0.05012	0.06331	0.01372	0.00791	0.00211	0.00317	0.01213	0.00739	0.00633
58	0.01479	0.03157	0.61578	0.01953	0.02883	0.01534	0.08846	0.02203	0.01466	0.06812	0.01315	0.01512	0.00920	0.00643	0.00655	0.00213	0.00977	0.00536	0.00325	0.00993
59	0.01726	0.01779	0.02336	0.24842	0.36779	0.14920	0.01835	0.04159	0.01591	0.02009	0.01210	0.01614	0.00978	0.00643	0.00656	0.00202	0.00901	0.00567	0.00335	0.00917
60	0.02975	0.01198	0.01592	0.01220	0.01741	0.01070	0.01008	0.08354	0.02015	0.67481	0.02568	0.02233	0.01621	0.00829	0.00674	0.00207	0.00584	0.00669	0.00818	0.01142
61	0.00970	0.00651	0.00747	0.00761	0.00769	0.00649	0.00443	0.00988	0.01014	0.01350	0.02257	0.08676	0.02606	0.69466	0.03179	0.00616	0.00634	0.03375	0.00427	0.00422
62	0.01497	0.01686	0.06124	0.12047	0.14597	0.01575	0.42999	0.02001	0.01518	0.02072	0.01464	0.06508	0.01221	0.00685	0.00754	0.00224	0.00994	0.00795	0.00349	0.00891
63	0.00984	0.00733	0.01033	0.01021	0.01107	0.00842	0.00758	0.01161	0.01051	0.01497	0.01838	0.03019	0.01832	0.22375	0.53594	0.00941	0.04512	0.00776	0.00368	0.00557
64	0.02519	0.01864	0.01996	0.01537	0.02069	0.02066	0.01268	0.67597	0.05605	0.04177	0.01651	0.01643	0.01174	0.00809	0.00672	0.00202	0.00731	0.00610	0.00672	0.01138
65	0.01884	0.04751	0.04794	0.06973	0.36905	0.05821	0.01671	0.07745	0.08777	0.09529	0.01546	0.01747	0.01192	0.00677	0.00649	0.00198	0.00767	0.00594	0.00443	0.03337
66	0.02104	0.02456	0.02259	0.02010	0.06787	0.41047	0.12932	0.06746	0.01778	0.01924	0.01244	0.03911	0.01080	0.02733	0.00878	0.00213	0.08115	0.00592	0.00371	0.00820
67	0.00890	0.00684	0.00813	0.00781	0.00966	0.00608	0.00586	0.01150	0.01757	0.02353	0.46881	0.05567	0.31539	0.01498	0.00792	0.00217	0.00326	0.01291	0.00694	0.00608
68	0.01584	0.01810	0.03959	0.02828	0.03507	0.01697	0.69796	0.02149	0.01584	0.02149	0.01357	0.01810	0.01018	0.00566	0.00792	0.00226	0.01131	0.00792	0.00339	0.00905
69	0.01728	0.01471	0.01551	0.01378	0.01767	0.01697	0.01076	0.08043	0.66446	0.02903	0.02655	0.02443	0.01987	0.00903	0.00682	0.00226	0.00545	0.00748	0.00682	0.01067
70	0.00856	0.00667	0.00685	0.00693	0.00898	0.00574	0.00515	0.01045	0.01511	0.01918	0.07993	0.10123	0.57204	0.01600	0.00757	0.00220	0.00339	0.01342	0.10485	0.00574
71	0.02551	0.01879	0.02014	0.01544	0.02081	0.02081	0.01275	0.69996	0.03155	0.04229	0.01611	0.01611	0.01141	0.00805	0.00671	0.00201	0.00738	0.00604	0.00671	0.01141
72	0.00956	0.00655	0.00864	0.00918	0.01031	0.00607	0.00662	0.01166	0.01562	0.04479	0.29752	0.40515	0.07018	0.01755	0.00828	0.00248	0.00379	0.05329	0.00674	0.00603
73	0.01468	0.01468	0.02055	0.01762	0.01762	0.02055	0.01468	0.01615	0.01028	0.01615	0.00881	0.01468	0.00881	0.01174	0.02202	0.00294	0.75191	0.00587	0.00294	0.00734
74	0.00871	0.00626	0.00838	0.00989	0.01057	0.00593	0.00714	0.01029	0.01345	0.01777	0.03759	0.59833	0.06292	0.02039	0.00869	0.00279	0.00435	0.15473	0.00622	0.00561
75	0.00947	0.00671	0.00889	0.00910	0.00968	0.00718	0.00624	0.01067	0.01063	0.01469	0.02194	0.13469	0.02383	0.35188	0.33626	0.00784	0.01113	0.00992	0.00416	0.00509
76	0.01346	0.03471	0.72942	0.01912	0.02904	0.01558	0.02479	0.02125	0.01417	0.02125	0.01204	0.01417	0.00850	0.00637	0.00637	0.00212	0.00992	0.00496	0.00283	0.00992
77	0.01632	0.01210	0.01428	0.01081	0.01592	0.01046	0.00867	0.06317	0.06182	0.10053	0.05709	0.01826	0.01481	0.00663	0.00613	0.00141	0.02982	0.00526	0.02812	0.51838
78	0.81159	0.01298	0.00986	0.00882	0.01298	0.01505	0.00727	0.01972	0.01142	0.03010	0.00934	0.01090	0.00727	0.00623	0.00415	0.00208	0.00519	0.00363	0.00415	0.00727
79	0.00976	0.00651	0.00732	0.00732	0.00732	0.00651	0.00407	0.00976	0.00976	0.01301	0.02114	0.04391	0.02439	0.76419	0.03415	0.00651	0.00651	0.00976	0.00407	0.00407
80	0.00976	0.00651	0.00732	0.00732	0.00732	0.00651	0.00407	0.00976	0.00976	0.01301	0.02114	0.04391	0.02439	0.76419	0.03415	0.00651	0.00651	0.00976	0.00407	0.00407
81	0.01391	0.01193	0.01391	0.00994	0.01590	0.00894	0.00795	0.01690	0.01391	0.02186	0.01193	0.01391	0.00994	0.00497	0.00497	0.00099	0.00497	0.00398	0.00398	0.80521
82	0.54903	0.01127	0.00923	0.00844	0.01188	0.01281	0.00679	0.01962	0.05557	0.02862	0.01381	0.01554	0.01074	0.00683	0.00446	0.00195	0.00465	0.00458	0.21698	0.00721
83	0.01820	0.01517	0.01602	0.01396	0.01802	0.01740	0.01099	0.14967	0.59373	0.03051	0.02539	0.02350	0.01893	0.00892	0.00681	0.00223	0.00567	0.00732	0.00681	0.01076
84	0.81159	0.01298	0.00986	0.00882	0.01298	0.01505	0.00727	0.01972	0.01142	0.03010	0.00934	0.01090	0.00727	0.00623	0.00415	0.00208	0.00519	0.00363	0.00415	0.00727
85	0.04923	0.05891	0.01961	0.01458	0.01965	0.03716	0.01203	0.48846	0.12392	0.08195	0.01762	0.01724	0.01266	0.00800	0.00650	0.00202	0.00702	0.00605	0.00646	0.01093
86	0.00871	0.00623	0.00817	0.00928	0.00977	0.00605	0.00629	0.01003	0.01310	0.01787	0.08855	0.61354	0.04271	0.06636	0.01038	0.00288	0.02551	0.01715	0.03191	0.00551
87	0.01683	0.06405	0.23746	0.02654	0.27369	0.09772	0.07894	0.05946	0.01624	0.02175	0.01413	0.01674	0.03316	0.00664	0.00653	0.00201	0.00909	0.00580	0.00346	0.00973
88	0.04723	0.31552	0.24020	0.01517	0.02162	0.16952	0.01575	0.06794	0.01604	0.01989	0.01083	0.01244	0.00873	0.00635	0.00545	0.00177	0.00897	0.00432	0.00329	0.00898
