[name]
unknown

[dist]
# distance from previous block
# <min> <max>
0	0

[block]
# block no. 0 follows, 30 sequences, length 57
# corresponding to MSA columns:
# 0-56
name=unknown_A
#
# <colnr> <probs for GDERKNQSTAVLIFYWHMCP>
#	G	D	E	R	K	N	Q	S	T	A	V	L	I	F	Y	W	H	M	C	P
0	0.01124	0.00803	0.01124	0.01285	0.01446	0.00803	0.01124	0.01446	0.01606	0.02088	0.03695	0.07871	0.04016	0.01928	0.00964	0.00321	0.00643	0.66426	0.00643	0.00643
1	0.00988	0.00713	0.00933	0.00878	0.01043	0.00658	0.00658	0.01317	0.01975	0.02798	0.70754	0.05213	0.06584	0.01427	0.00823	0.00219	0.00329	0.01262	0.00768	0.00658
2	0.01727	0.01658	0.02832	0.04283	0.71123	0.01658	0.02142	0.02142	0.01589	0.02280	0.01313	0.01727	0.01105	0.00622	0.00691	0.00207	0.00829	0.00622	0.00345	0.01105
3	0.01665	0.01592	0.02686	0.04037	0.66281	0.01584	0.02030	0.02063	0.01589	0.02253	0.01710	0.02071	0.05916	0.00701	0.00700	0.00209	0.00796	0.00680	0.00366	0.01070
4	0.01880	0.01601	0.06963	0.07164	0.17260	0.04610	0.01507	0.06960	0.01715	0.14561	0.08457	0.02275	0.03552	0.00919	0.00994	0.00229	0.14331	0.00705	0.03370	0.00947
5	0.01643	0.09599	0.02389	0.01897	0.06799	0.11739	0.19371	0.04441	0.01638	0.04189	0.02136	0.24203	0.02163	0.01127	0.00747	0.00227	0.00821	0.01047	0.03005	0.00821
6	0.02607	0.03326	0.01978	0.01798	0.02157	0.72674	0.01348	0.02787	0.01978	0.01708	0.01079	0.01258	0.00899	0.00719	0.00629	0.00180	0.01258	0.00449	0.00360	0.00809
7	0.01515	0.01293	0.01528	0.01190	0.04246	0.01034	0.00905	0.04445	0.04010	0.02380	0.01318	0.01508	0.01082	0.00549	0.00537	0.00116	0.00539	0.00443	0.00433	0.70929
8	0.01059	0.00890	0.01001	0.01063	0.01181	0.04546	0.00758	0.01369	0.07537	0.01923	0.06530	0.48472	0.11653	0.01972	0.03147	0.00293	0.03732	0.01609	0.00620	0.00644
9	0.01627	0.01562	0.02627	0.18460	0.52205	0.01672	0.02053	0.02033	0.01510	0.02132	0.01268	0.01740	0.01055	0.00683	0.00813	0.00220	0.06373	0.00621	0.00335	0.01011
10	0.00825	0.00707	0.00707	0.00707	0.00943	0.00589	0.00530	0.01001	0.01591	0.01885	0.07069	0.06716	0.70839	0.01767	0.00825	0.00236	0.00353	0.01473	0.00648	0.00589
11	0.01937	0.68902	0.03495	0.01252	0.01826	0.09499	0.01209	0.02157	0.01472	0.01648	0.00981	0.01133	0.00896	0.00609	0.00465	0.00152	0.00796	0.00380	0.00304	0.00887
12	0.01006	0.00713	0.00948	0.00948	0.01013	0.00778	0.00656	0.01135	0.01070	0.01491	0.02028	0.03620	0.02126	0.39040	0.39425	0.00907	0.01295	0.00876	0.00397	0.00527
13	0.01510	0.01710	0.09652	0.07977	0.33136	0.01524	0.13766	0.01959	0.01576	0.02202	0.06606	0.02416	0.07669	0.00812	0.00810	0.00223	0.04339	0.00767	0.00393	0.00952
14	0.01716	0.01966	0.09187	0.17075	0.35341	0.10454	0.03960	0.02226	0.05032	0.02117	0.01332	0.01713	0.01069	0.00687	0.00737	0.00216	0.03235	0.00604	0.00353	0.00981
15	0.34690	0.00945	0.00809	0.00763	0.01039	0.01037	0.00601	0.01806	0.01347	0.02825	0.01726	0.01982	0.01353	0.00743	0.00464	0.00185	0.00416	0.00535	0.46039	0.00695
16	0.00831	0.00707	0.00716	0.00714	0.00946	0.00592	0.00535	0.01014	0.01605	0.01920	0.09535	0.06658	0.68351	0.01754	0.00825	0.00235	0.00353	0.01465	0.00653	0.00592
17	0.00888	0.00709	0.00794	0.00773	0.00981	0.00616	0.00580	0.01123	0.01739	0.02238	0.31666	0.06135	0.46022	0.01636	0.00824	0.00229	0.00344	0.01391	0.00694	0.00616
18	0.01516	0.03582	0.65126	0.01971	0.02937	0.08468	0.02460	0.02266	0.01522	0.02162	0.01236	0.01453	0.00885	0.00668	0.00660	0.00217	0.01053	0.00509	0.00301	0.01010
19	0.11226	0.50417	0.07719	0.01313	0.01882	0.13868	0.01262	0.02206	0.01485	0.01867	0.01007	0.01168	0.00879	0.00627	0.00490	0.00167	0.00824	0.00396	0.00324	0.00874
20	0.01426	0.01150	0.01749	0.34323	0.14374	0.01297	0.01467	0.04967	0.01569	0.02276	0.05517	0.02226	0.01532	0.00765	0.00645	0.00207	0.00703	0.00666	0.22333	0.00808
21	0.00850	0.00607	0.00810	0.00972	0.01012	0.00567	0.00648	0.00972	0.01336	0.01781	0.03846	0.75020	0.04615	0.02186	0.00891	0.00283	0.00405	0.01984	0.00648	0.00567
22	0.01000	0.00790	0.01288	0.01239	0.01374	0.00742	0.10185	0.01157	0.01367	0.01834	0.05904	0.55479	0.03889	0.01953	0.01043	0.07378	0.00528	0.01669	0.00580	0.00599
23	0.01641	0.01865	0.04023	0.02888	0.03561	0.01782	0.65391	0.02209	0.01619	0.02209	0.01388	0.01865	0.01052	0.00618	0.00893	0.00239	0.04658	0.00813	0.00351	0.00933
24	0.00869	0.00705	0.00771	0.00762	0.00972	0.00607	0.00569	0.01084	0.01683	0.02124	0.23914	0.08901	0.51214	0.01692	0.00827	0.00233	0.00349	0.01436	0.00680	0.00607
25	0.01368	0.01269	0.02069	0.49209	0.11340	0.01485	0.04210	0.01939	0.07661	0.01994	0.04110	0.07204	0.01529	0.00840	0.00721	0.00233	0.00835	0.00763	0.00392	0.00828
26	0.02309	0.13488	0.02214	0.01709	0.04710	0.43882	0.01304	0.07966	0.01902	0.02003	0.01133	0.01320	0.00945	0.00702	0.00652	0.00175	0.03390	0.00461	0.00382	0.09355
27	0.01814	0.04795	0.08434	0.02033	0.16786	0.07413	0.01417	0.12762	0.07888	0.06056	0.01903	0.10253	0.01733	0.08864	0.01079	0.00270	0.04267	0.00802	0.00496	0.00933
28	0.01847	0.06803	0.07013	0.04420	0.26662	0.03841	0.04601	0.08690	0.07120	0.08719	0.04490	0.04464	0.04269	0.00839	0.00746	0.00216	0.03042	0.00723	0.00485	0.01011
29	0.08951	0.13055	0.05043	0.01458	0.01842	0.19755	0.03826	0.04715	0.08238	0.02107	0.02073	0.05948	0.08858	0.01088	0.02952	0.00241	0.07874	0.00705	0.00443	0.00828
30	0.04553	0.01258	0.03986	0.04122	0.03727	0.03459	0.00998	0.13237	0.08815	0.02733	0.23343	0.12425	0.10109	0.01292	0.00806	0.02074	0.00549	0.01066	0.00637	0.00809
31	0.02162	0.31491	0.06402	0.01543	0.02028	0.32434	0.01344	0.04554	0.06180	0.01871	0.01174	0.01325	0.00987	0.00703	0.00620	0.00179	0.03301	0.00456	0.00364	0.00884
32	0.01445	0.09275	0.28022	0.01479	0.02070	0.04295	0.01552	0.02295	0.17136	0.02353	0.13094	0.05615	0.06529	0.00975	0.00696	0.00219	0.00725	0.00799	0.00504	0.00921
33	0.01553	0.01211	0.01435	0.01047	0.01638	0.00923	0.00835	0.01853	0.01485	0.07612	0.01461	0.04436	0.01229	0.00610	0.00546	0.00119	0.00518	0.00498	0.00458	0.70533
34	0.01790	0.36610	0.11485	0.07102	0.07820	0.08084	0.05057	0.04746	0.01543	0.01919	0.01145	0.01420	0.00968	0.00840	0.03435	0.00223	0.04081	0.00494	0.00330	0.00910
35	0.00882	0.00639	0.00842	0.00969	0.01040	0.00586	0.00656	0.01022	0.01374	0.01855	0.07256	0.68340	0.04572	0.02078	0.00872	0.00273	0.00405	0.01882	0.00645	0.03812
36	0.01305	0.00905	0.01155	0.01231	0.07891	0.00846	0.00829	0.03717	0.03978	0.09436	0.25831	0.10247	0.24229	0.01397	0.00784	0.00226	0.00438	0.01206	0.03591	0.00758
37	0.01913	0.04757	0.06421	0.08101	0.27563	0.18908	0.01685	0.02413	0.07859	0.05179	0.05073	0.01871	0.01423	0.00754	0.00724	0.00208	0.03148	0.00616	0.00418	0.00965
38	0.01162	0.00755	0.00969	0.00892	0.01098	0.00684	0.00677	0.01469	0.01935	0.08853	0.57700	0.05123	0.13184	0.01414	0.00812	0.00221	0.00356	0.01235	0.00764	0.00698
39	0.01212	0.00606	0.00909	0.00909	0.00909	0.00606	0.00606	0.00909	0.00909	0.01212	0.01212	0.02121	0.01212	0.02424	0.02727	0.79697	0.00606	0.00606	0.00303	0.00303
40	0.04076	0.01549	0.01654	0.01425	0.01859	0.01750	0.01127	0.14657	0.51684	0.08331	0.02587	0.02390	0.01904	0.00914	0.00700	0.00230	0.00592	0.00744	0.00712	0.01115
41	0.00875	0.00705	0.00780	0.00770	0.00976	0.00609	0.00574	0.01096	0.01697	0.02159	0.26348	0.09053	0.48544	0.01681	0.00827	0.00233	0.00348	0.01429	0.00685	0.00609
42	0.01724	0.34886	0.31790	0.03760	0.02470	0.05877	0.03380	0.05093	0.01557	0.02020	0.01142	0.01338	0.00909	0.00644	0.00574	0.00188	0.00908	0.00465	0.00319	0.00958
43	0.00839	0.00707	0.00726	0.00722	0.00951	0.00595	0.00541	0.01029	0.01624	0.01964	0.12559	0.06586	0.65301	0.01738	0.00825	0.00234	0.00351	0.01455	0.00658	0.00595
44	0.01944	0.09824	0.16075	0.13011	0.02753	0.22503	0.07304	0.07222	0.01801	0.04831	0.05230	0.01733	0.01291	0.00736	0.00664	0.00204	0.00990	0.00582	0.00400	0.00901
45	0.01986	0.01198	0.01468	0.01084	0.01659	0.00949	0.00877	0.02283	0.01626	0.24721	0.01774	0.01797	0.01291	0.00642	0.00575	0.00142	0.00533	0.00517	0.03966	0.50911
46	0.01518	0.01495	0.02689	0.37324	0.28349	0.01624	0.12919	0.01985	0.01506	0.02035	0.01294	0.01816	0.01014	0.00653	0.00716	0.00224	0.00934	0.00654	0.00330	0.00921
47	0.01829	0.47135	0.16332	0.01467	0.02116	0.05391	0.04127	0.07675	0.01614	0.02011	0.01211	0.04000	0.01062	0.00693	0.00549	0.00178	0.00829	0.00502	0.00349	0.00932
48	0.02617	0.01937	0.02074	0.01598	0.02150	0.02147	0.01318	0.66269	0.05866	0.04340	0.01721	0.01711	0.01223	0.00842	0.00699	0.00210	0.00760	0.00635	0.00699	0.01184
49	0.04747	0.01596	0.02739	0.10683	0.45291	0.01589	0.11512	0.02078	0.01548	0.02256	0.01299	0.01713	0.01060	0.00616	0.00684	0.00204	0.00848	0.00621	0.00353	0.08563
50	0.01765	0.01469	0.02294	0.05817	0.21360	0.01517	0.10817	0.13030	0.01801	0.07343	0.01898	0.06621	0.04178	0.01286	0.07689	0.00307	0.05071	0.00777	0.00474	0.04485
51	0.00973	0.00690	0.00868	0.00861	0.00970	0.00655	0.00600	0.01164	0.01567	0.02158	0.36137	0.13267	0.09903	0.19399	0.04968	0.02854	0.00505	0.01260	0.00629	0.00573
52	0.00863	0.00703	0.00768	0.00787	0.00990	0.00607	0.00591	0.01060	0.01609	0.01992	0.13916	0.13786	0.52633	0.01781	0.00839	0.00244	0.00373	0.05199	0.00662	0.00598
53	0.01766	0.24224	0.24549	0.01927	0.09331	0.04630	0.07898	0.02236	0.01539	0.06922	0.01288	0.01485	0.00999	0.00636	0.00605	0.00187	0.00872	0.00514	0.00359	0.08034
54	0.00996	0.00682	0.00831	0.02911	0.00966	0.00690	0.00548	0.01063	0.01117	0.01516	0.02508	0.19572	0.02863	0.50227	0.07581	0.00593	0.00696	0.01184	0.02971	0.00485
55	0.00866	0.00696	0.00773	0.00780	0.00975	0.00603	0.00575	0.01072	0.01649	0.02086	0.21598	0.14843	0.47555	0.01739	0.00833	0.00238	0.00354	0.01487	0.00676	0.00603
56	0.01378	0.01296	0.02175	0.55424	0.18083	0.01525	0.01908	0.01818	0.01432	0.01882	0.01440	0.01998	0.02983	0.00847	0.02827	0.00254	0.00921	0.00649	0.00329	0.00833

[dist]
# distance from previous block
# <min> <max>
1	12

[block]
# block no. 1 follows, 30 sequences, length 19
# corresponding to MSA columns:
# 69-87
name=unknown_B
#
# <colnr> <probs for GDERKNQSTAVLIFYWHMCP>
#	G	D	E	R	K	N	Q	S	T	A	V	L	I	F	Y	W	H	M	C	P
0	0.01179	0.00848	0.00968	0.00948	0.01141	0.00835	0.00694	0.03944	0.10326	0.04743	0.11648	0.18767	0.20920	0.11649	0.01172	0.00301	0.00464	0.03744	0.05024	0.00685
1	0.01680	0.01755	0.03241	0.05377	0.08137	0.04063	0.42624	0.06725	0.04283	0.02350	0.01602	0.06526	0.01327	0.00728	0.00773	0.00224	0.00998	0.00820	0.00411	0.06358
2	0.04432	0.36154	0.07219	0.01775	0.14133	0.05952	0.01360	0.02054	0.01485	0.01965	0.01280	0.01479	0.02985	0.00634	0.00537	0.00163	0.00749	0.00470	0.00345	0.14831
3	0.01773	0.14246	0.15956	0.07065	0.05854	0.18123	0.11270	0.02241	0.04165	0.01946	0.01366	0.04141	0.01153	0.00979	0.04561	0.00256	0.03052	0.00611	0.00355	0.00888
4	0.01840	0.71876	0.07449	0.01238	0.01859	0.02698	0.01271	0.02096	0.01421	0.01673	0.00986	0.01139	0.00895	0.00601	0.00460	0.00153	0.00762	0.00381	0.00298	0.00903
5	0.06515	0.01247	0.01420	0.01026	0.01634	0.00971	0.00822	0.01776	0.01430	0.02329	0.01223	0.01427	0.01016	0.00525	0.00511	0.00111	0.00518	0.00411	0.00415	0.74672
6	0.00952	0.00769	0.00955	0.00894	0.01110	0.00693	0.02981	0.01260	0.03816	0.02315	0.33890	0.09452	0.35196	0.01578	0.00824	0.00231	0.00381	0.01366	0.00691	0.00646
7	0.02265	0.01708	0.01807	0.01449	0.01931	0.03893	0.01162	0.38378	0.18520	0.07387	0.01992	0.02088	0.01505	0.05627	0.00868	0.00237	0.00697	0.00673	0.00661	0.07153
8	0.00948	0.00664	0.00855	0.00928	0.00971	0.00668	0.00617	0.01052	0.01188	0.01602	0.02882	0.33556	0.03322	0.30708	0.13827	0.00574	0.00761	0.03837	0.00516	0.00524
9	0.01369	0.01208	0.01672	0.05824	0.05604	0.05665	0.10300	0.01865	0.10959	0.04780	0.02950	0.34578	0.04934	0.01455	0.00811	0.00254	0.00655	0.03771	0.00569	0.00777
10	0.01527	0.01527	0.02137	0.01832	0.01832	0.02137	0.01527	0.01679	0.01069	0.01679	0.00916	0.01527	0.00916	0.01221	0.02290	0.00305	0.74198	0.00611	0.00305	0.00763
11	0.00930	0.00679	0.00767	0.00790	0.00960	0.00607	0.00576	0.01147	0.01599	0.02152	0.18865	0.20227	0.33993	0.01652	0.00791	0.00232	0.00355	0.01422	0.11648	0.00607
12	0.01727	0.01658	0.02832	0.04283	0.71123	0.01658	0.02142	0.02142	0.01589	0.02280	0.01313	0.01727	0.01105	0.00622	0.00691	0.00207	0.00829	0.00622	0.00345	0.01105
13	0.01318	0.01240	0.02093	0.73798	0.04806	0.01550	0.01938	0.01783	0.01395	0.01783	0.01240	0.01860	0.00930	0.00698	0.00698	0.00233	0.00930	0.00620	0.00310	0.00775
14	0.00838	0.00700	0.00730	0.00738	0.00955	0.00592	0.00548	0.01022	0.01600	0.01943	0.11406	0.11494	0.61494	0.01773	0.00829	0.00238	0.00355	0.01494	0.00657	0.00592
15	0.01529	0.01494	0.02654	0.36091	0.32135	0.01622	0.10402	0.01988	0.01507	0.02046	0.01292	0.01808	0.01019	0.00652	0.00711	0.00222	0.00919	0.00646	0.00330	0.00933
16	0.01711	0.01634	0.02754	0.04100	0.67209	0.01617	0.02068	0.02120	0.01581	0.02279	0.01309	0.01711	0.01101	0.00616	0.00681	0.00201	0.00811	0.00610	0.00349	0.05536
17	0.04127	0.04306	0.01668	0.01546	0.07330	0.14629	0.01099	0.15462	0.08167	0.05222	0.11653	0.10348	0.05023	0.05260	0.00873	0.00241	0.00711	0.00881	0.00579	0.00875
18	0.01600	0.08835	0.20550	0.01829	0.11704	0.03549	0.01558	0.02146	0.06726	0.08125	0.09875	0.04525	0.07091	0.00929	0.00775	0.00215	0.04814	0.00751	0.00479	0.03923

[dist]
# distance from previous block
# <min> <max>
1	12

[block]
# block no. 2 follows, 30 sequences, length 21
# corresponding to MSA columns:
# 100-120
name=unknown_C
#
# <colnr> <probs for GDERKNQSTAVLIFYWHMCP>
#	G	D	E	R	K	N	Q	S	T	A	V	L	I	F	Y	W	H	M	C	P
0	0.19021	0.06708	0.03976	0.02149	0.21649	0.05465	0.01399	0.17605	0.04984	0.02912	0.03904	0.01864	0.03965	0.00768	0.00626	0.00208	0.00727	0.00604	0.00484	0.00982
1	0.01527	0.01225	0.01553	0.08213	0.09999	0.01326	0.01157	0.07499	0.23112	0.04950	0.05505	0.10923	0.08228	0.05537	0.03135	0.00290	0.00648	0.03685	0.00596	0.00891
2	0.00850	0.00607	0.00810	0.00972	0.01012	0.00567	0.00648	0.00972	0.01336	0.01781	0.03846	0.75020	0.04615	0.02186	0.00891	0.00283	0.00405	0.01984	0.00648	0.00567
3	0.01423	0.01544	0.11445	0.17103	0.13611	0.01363	0.01526	0.04123	0.12672	0.02366	0.08788	0.02935	0.07520	0.00944	0.00712	0.00225	0.00700	0.03726	0.06386	0.00889
4	0.01001	0.00744	0.00906	0.00866	0.01051	0.00694	0.00648	0.01374	0.05140	0.02591	0.50502	0.07509	0.18273	0.01468	0.00807	0.00223	0.00347	0.01278	0.03917	0.00664
5	0.00979	0.00717	0.00827	0.00816	0.01019	0.00626	0.00605	0.01196	0.01685	0.05271	0.24829	0.15363	0.40180	0.01685	0.00828	0.00237	0.00364	0.01447	0.00692	0.00633
6	0.00878	0.00666	0.00809	0.00865	0.00998	0.00597	0.00614	0.01070	0.01580	0.02076	0.22081	0.35694	0.25825	0.01860	0.00853	0.00252	0.00369	0.01638	0.00679	0.00597
7	0.09368	0.00798	0.00792	0.00744	0.00970	0.00815	0.00574	0.04278	0.01536	0.06026	0.02342	0.02577	0.04490	0.00839	0.00514	0.00175	0.00378	0.00658	0.61419	0.00705
8	0.02653	0.01955	0.02094	0.01606	0.02164	0.02164	0.01326	0.68796	0.03281	0.04398	0.01675	0.01675	0.01187	0.00838	0.00698	0.00209	0.00768	0.00628	0.00698	0.01187
9	0.01520	0.01304	0.04145	0.04095	0.21332	0.01271	0.01292	0.04634	0.13548	0.06053	0.13134	0.03168	0.09864	0.03553	0.05243	0.00288	0.00690	0.00864	0.03091	0.00910
10	0.01461	0.07167	0.39415	0.02117	0.09560	0.01633	0.08529	0.02170	0.06562	0.02176	0.01616	0.08789	0.01383	0.00838	0.00753	0.00227	0.03547	0.00715	0.00372	0.00972
11	0.00955	0.00687	0.00943	0.01042	0.01121	0.00703	0.00765	0.01132	0.01287	0.01741	0.03093	0.35890	0.03493	0.11248	0.20888	0.00564	0.00877	0.12447	0.00546	0.00579
12	0.01118	0.03526	0.01007	0.00878	0.01078	0.00819	0.00658	0.01280	0.01455	0.06807	0.06992	0.07791	0.38031	0.14587	0.06766	0.00379	0.04413	0.01211	0.00577	0.00628
13	0.05091	0.08117	0.17345	0.03645	0.04474	0.14260	0.04307	0.08985	0.04406	0.04571	0.01467	0.01809	0.01175	0.00841	0.02173	0.00218	0.02597	0.02942	0.02372	0.09206
14	0.01873	0.31384	0.20759	0.01767	0.05146	0.09408	0.05942	0.09292	0.01696	0.02154	0.01169	0.01373	0.00944	0.00677	0.00654	0.00191	0.03768	0.00493	0.00352	0.00959
15	0.04038	0.02035	0.20808	0.18119	0.13596	0.05167	0.07648	0.02004	0.01534	0.03797	0.04076	0.05528	0.04174	0.00805	0.00698	0.00219	0.00875	0.00711	0.00385	0.03784
16	0.05927	0.22828	0.07204	0.01609	0.04603	0.06337	0.05684	0.19833	0.04633	0.10273	0.03642	0.01690	0.01296	0.00743	0.00621	0.00195	0.00786	0.00572	0.00510	0.01012
17	0.01768	0.24075	0.26691	0.05280	0.02334	0.01867	0.01656	0.08814	0.03683	0.07786	0.03995	0.04153	0.01379	0.00770	0.00618	0.00200	0.00802	0.00593	0.02568	0.00969
18	0.00970	0.00692	0.00830	0.00829	0.00950	0.00646	0.00580	0.01165	0.01561	0.02131	0.30293	0.12287	0.16121	0.20992	0.01537	0.00349	0.00441	0.03143	0.03909	0.00575
19	0.01372	0.15030	0.07498	0.04096	0.01654	0.03017	0.03279	0.01713	0.03707	0.05498	0.04690	0.16138	0.14904	0.01384	0.03128	0.00251	0.00644	0.03737	0.07501	0.00761
20	0.01865	0.10576	0.14280	0.06730	0.08185	0.07198	0.04782	0.15271	0.06383	0.04973	0.01731	0.05755	0.01439	0.00847	0.00674	0.00212	0.00820	0.03029	0.04284	0.00967

[dist]
# distance from previous block
# <min> <max>
3	37

[block]
# block no. 3 follows, 30 sequences, length 7
# corresponding to MSA columns:
# 160-166
name=unknown_D
#
# <colnr> <probs for GDERKNQSTAVLIFYWHMCP>
#	G	D	E	R	K	N	Q	S	T	A	V	L	I	F	Y	W	H	M	C	P
0	0.01368	0.00942	0.01104	0.01154	0.05987	0.03335	0.00736	0.01598	0.04836	0.10171	0.09159	0.09735	0.12363	0.32262	0.01931	0.00416	0.00594	0.01080	0.00562	0.00666
1	0.01939	0.12073	0.09595	0.06503	0.16127	0.07187	0.08737	0.11055	0.01829	0.09139	0.03502	0.04017	0.01396	0.02970	0.00761	0.00221	0.00852	0.00664	0.00454	0.00979
2	0.06669	0.01064	0.06079	0.01412	0.08338	0.01011	0.01017	0.01412	0.01176	0.01778	0.01776	0.02816	0.01715	0.18645	0.41119	0.00812	0.01367	0.00748	0.00380	0.00668
3	0.01522	0.09958	0.14566	0.01571	0.05403	0.06364	0.03038	0.05823	0.06269	0.02048	0.01681	0.04692	0.01528	0.11251	0.13369	0.00428	0.05871	0.00699	0.03097	0.00822
4	0.02183	0.06933	0.09379	0.06928	0.06757	0.30942	0.08278	0.10291	0.01933	0.05695	0.01382	0.03610	0.01110	0.00749	0.00669	0.00201	0.01032	0.00589	0.00418	0.00923
5	0.00935	0.00696	0.00878	0.00961	0.01066	0.00665	0.00671	0.01227	0.06040	0.02075	0.17814	0.50299	0.10227	0.01914	0.00859	0.00263	0.00395	0.01714	0.00677	0.00623
6	0.02065	0.05915	0.02158	0.08744	0.14034	0.07371	0.03152	0.24047	0.09898	0.06355	0.04300	0.02163	0.05016	0.00840	0.00693	0.00211	0.00772	0.00690	0.00553	0.01024

[dist]
# distance from previous block
# <min> <max>
0	1

[block]
# block no. 4 follows, 30 sequences, length 61
# corresponding to MSA columns:
# 168-228
name=unknown_E
#
# <colnr> <probs for GDERKNQSTAVLIFYWHMCP>
#	G	D	E	R	K	N	Q	S	T	A	V	L	I	F	Y	W	H	M	C	P
0	0.01624	0.19310	0.20769	0.04389	0.06258	0.01767	0.04952	0.09804	0.04169	0.02340	0.03913	0.06660	0.04077	0.00837	0.00645	0.00202	0.00779	0.00686	0.02718	0.04102
1	0.01596	0.01530	0.01496	0.01345	0.01551	0.14415	0.01045	0.08468	0.05607	0.02159	0.07598	0.07784	0.11103	0.05690	0.06257	0.00324	0.16864	0.00883	0.03530	0.00756
2	0.01590	0.05632	0.15933	0.02278	0.20855	0.03901	0.05804	0.09233	0.01734	0.02373	0.08470	0.06814	0.04473	0.03654	0.00896	0.03424	0.00787	0.00788	0.00445	0.00916
3	0.01014	0.00716	0.00900	0.00870	0.01046	0.00648	0.00646	0.01290	0.01832	0.04842	0.49049	0.13487	0.17940	0.01558	0.00827	0.00230	0.00351	0.01365	0.00735	0.00653
4	0.01447	0.01240	0.01447	0.01034	0.01654	0.00930	0.00827	0.01757	0.01447	0.02274	0.01240	0.01447	0.01034	0.00517	0.00517	0.00103	0.00517	0.00413	0.00413	0.79742
5	0.01521	0.01558	0.10482	0.25340	0.16705	0.01420	0.01712	0.08131	0.01663	0.04827	0.02053	0.09815	0.04446	0.00992	0.00739	0.00236	0.00795	0.06234	0.00447	0.00887
6	0.04047	0.01482	0.06809	0.04967	0.04189	0.06282	0.15762	0.01905	0.03368	0.07108	0.10452	0.03366	0.10939	0.10083	0.01089	0.00279	0.00759	0.02792	0.03533	0.00790
7	0.45233	0.01357	0.01281	0.01071	0.01534	0.03652	0.00871	0.04945	0.01538	0.21673	0.01615	0.04297	0.01207	0.00765	0.00545	0.00209	0.00580	0.00541	0.00564	0.06523
8	0.01690	0.01233	0.01472	0.01064	0.01672	0.00944	0.00856	0.01994	0.01526	0.12260	0.01458	0.01581	0.01134	0.00567	0.00543	0.00120	0.00528	0.00455	0.00478	0.68427
9	0.07850	0.01572	0.01776	0.01388	0.01894	0.01640	0.03308	0.35623	0.04962	0.03355	0.01786	0.01920	0.03807	0.01211	0.07632	0.00278	0.00793	0.00619	0.00573	0.18012
10	0.01823	0.04990	0.01720	0.01426	0.01845	0.01821	0.01128	0.09427	0.60761	0.02992	0.02650	0.02452	0.01989	0.00921	0.00697	0.00230	0.00580	0.00755	0.00690	0.01102
11	0.01650	0.01580	0.02694	0.17308	0.58698	0.01638	0.02103	0.02074	0.01553	0.02187	0.01299	0.01752	0.01073	0.00636	0.00692	0.00212	0.00848	0.00621	0.00339	0.01043
12	0.01537	0.14367	0.52914	0.02001	0.07492	0.01815	0.02264	0.04091	0.03314	0.02208	0.01267	0.01472	0.00942	0.00662	0.00634	0.00209	0.00954	0.00512	0.00321	0.01022
13	0.00890	0.00678	0.00956	0.03368	0.01219	0.00641	0.02981	0.01043	0.01367	0.01804	0.03911	0.65290	0.09123	0.02054	0.00877	0.00277	0.00444	0.01864	0.00627	0.00588
14	0.01768	0.01398	0.01431	0.01312	0.01620	0.09896	0.01069	0.18337	0.02107	0.07060	0.10489	0.04661	0.08269	0.04328	0.00918	0.00266	0.00689	0.22919	0.00641	0.00821
15	0.01391	0.01242	0.01270	0.04980	0.04758	0.12107	0.00968	0.03742	0.04430	0.04666	0.05271	0.34684	0.10072	0.01582	0.00806	0.00250	0.00619	0.05858	0.00587	0.00716
16	0.01683	0.02681	0.41240	0.02123	0.09298	0.01562	0.08145	0.06820	0.03485	0.08780	0.04164	0.01995	0.01361	0.00757	0.00703	0.00223	0.00916	0.02610	0.00424	0.01031
17	0.01212	0.00606	0.00909	0.00909	0.00909	0.00606	0.00606	0.00909	0.00909	0.01212	0.01212	0.02121	0.01212	0.02424	0.02727	0.79697	0.00606	0.00606	0.00303	0.00303
18	0.07736	0.01915	0.02024	0.01561	0.02111	0.02125	0.01289	0.64432	0.03144	0.04315	0.01629	0.01640	0.01159	0.00825	0.00681	0.00210	0.00753	0.00612	0.00681	0.01159
19	0.01739	0.07303	0.21794	0.08041	0.13973	0.06997	0.01759	0.04430	0.10486	0.07244	0.03744	0.02193	0.03695	0.00811	0.00682	0.00216	0.00832	0.02627	0.00452	0.00985
20	0.01511	0.03712	0.07018	0.06820	0.43544	0.01474	0.05731	0.01903	0.01530	0.02135	0.01921	0.13578	0.04247	0.00918	0.00727	0.00223	0.00780	0.00868	0.00399	0.00963
21	0.01000	0.00734	0.01050	0.01050	0.01150	0.00833	0.00783	0.01200	0.01100	0.01567	0.01935	0.03104	0.01902	0.19171	0.58988	0.01033	0.01633	0.00801	0.00384	0.00583
22	0.01212	0.00606	0.00909	0.00909	0.00909	0.00606	0.00606	0.00909	0.00909	0.01212	0.01212	0.02121	0.01212	0.02424	0.02727	0.79697	0.00606	0.00606	0.00303	0.00303
23	0.01447	0.01240	0.01447	0.01034	0.01654	0.00930	0.00827	0.01757	0.01447	0.02274	0.01240	0.01447	0.01034	0.00517	0.00517	0.00103	0.00517	0.00413	0.00413	0.79742
24	0.00859	0.00619	0.00817	0.00972	0.01025	0.00577	0.00661	0.00991	0.01357	0.01797	0.03974	0.69695	0.07327	0.02159	0.00891	0.00283	0.00412	0.04368	0.00648	0.00571
25	0.01317	0.01213	0.01135	0.01050	0.01299	0.11079	0.00796	0.04144	0.09188	0.02480	0.34722	0.04627	0.21578	0.01340	0.00779	0.00219	0.00508	0.01127	0.00670	0.00729
26	0.01212	0.00606	0.00909	0.00909	0.00909	0.00606	0.00606	0.00909	0.00909	0.01212	0.01212	0.02121	0.01212	0.02424	0.02727	0.79697	0.00606	0.00606	0.00303	0.00303
27	0.01753	0.01863	0.01808	0.35442	0.03174	0.26176	0.01483	0.02090	0.01598	0.01870	0.01357	0.01790	0.01074	0.00886	0.03250	0.00236	0.00991	0.00570	0.11825	0.00763
28	0.80405	0.01350	0.01026	0.00918	0.01350	0.01565	0.00756	0.02051	0.01188	0.03131	0.00972	0.01134	0.00756	0.00648	0.00432	0.00216	0.00540	0.00378	0.00432	0.00756
29	0.02607	0.03326	0.01978	0.01798	0.02157	0.72674	0.01348	0.02787	0.01978	0.01708	0.01079	0.01258	0.00899	0.00719	0.00629	0.00180	0.01258	0.00449	0.00360	0.00809
30	0.01447	0.01240	0.01447	0.01034	0.01654	0.00930	0.00827	0.01757	0.01447	0.02274	0.01240	0.01447	0.01034	0.00517	0.00517	0.00103	0.00517	0.00413	0.00413	0.79742
31	0.02607	0.03326	0.01978	0.01798	0.02157	0.72674	0.01348	0.02787	0.01978	0.01708	0.01079	0.01258	0.00899	0.00719	0.00629	0.00180	0.01258	0.00449	0.00360	0.00809
32	0.01866	0.75896	0.03657	0.01194	0.01791	0.02761	0.01194	0.02090	0.01418	0.01642	0.00970	0.01119	0.00896	0.00597	0.00448	0.00149	0.00746	0.00373	0.00299	0.00896
33	0.01647	0.01882	0.04118	0.02941	0.03647	0.01765	0.68588	0.02235	0.01647	0.02235	0.01412	0.01882	0.01059	0.00588	0.00824	0.00235	0.01176	0.00824	0.00353	0.00941
34	0.00888	0.00853	0.03605	0.00792	0.01062	0.00676	0.00639	0.01163	0.04163	0.01971	0.09064	0.06295	0.63042	0.01679	0.00814	0.00234	0.00387	0.01401	0.00641	0.00629
35	0.00876	0.00626	0.00839	0.01001	0.01053	0.00589	0.00693	0.01016	0.01361	0.01810	0.03832	0.68704	0.04559	0.02162	0.00898	0.00287	0.00427	0.08045	0.00647	0.00574
36	0.02571	0.03250	0.01961	0.01782	0.02143	0.69746	0.01338	0.02825	0.04780	0.01758	0.01151	0.01314	0.00950	0.00728	0.00633	0.00182	0.01229	0.00463	0.00374	0.00821
37	0.01898	0.65018	0.08111	0.01281	0.01904	0.02636	0.01298	0.07530	0.01573	0.01904	0.01047	0.01188	0.00918	0.00621	0.00483	0.00159	0.00767	0.00403	0.00331	0.00928
38	0.01098	0.00803	0.01143	0.01132	0.01281	0.00916	0.00892	0.04413	0.01274	0.01832	0.02011	0.03051	0.01883	0.04570	0.60590	0.00974	0.01652	0.05430	0.04404	0.00652
39	0.01350	0.01637	0.15410	0.01834	0.14798	0.01266	0.01397	0.02132	0.16819	0.02472	0.19180	0.03466	0.13200	0.01069	0.00742	0.00224	0.00615	0.00921	0.00564	0.00905
40	0.00971	0.00684	0.00749	0.00749	0.00803	0.00656	0.00448	0.01012	0.01148	0.01476	0.03329	0.05065	0.18381	0.58378	0.02919	0.00574	0.00602	0.01121	0.00475	0.00461
41	0.01958	0.62768	0.03394	0.01418	0.05056	0.12040	0.01259	0.02185	0.01501	0.01680	0.01001	0.01166	0.00906	0.00614	0.00483	0.00156	0.00818	0.00395	0.00309	0.00894
42	0.01057	0.00773	0.01035	0.01165	0.01329	0.00751	0.00989	0.01343	0.01596	0.02057	0.06162	0.12194	0.14187	0.01907	0.00934	0.00303	0.00574	0.50369	0.00647	0.00630
43	0.04237	0.16304	0.08983	0.03934	0.06603	0.08657	0.07158	0.05680	0.03547	0.04557	0.01580	0.04163	0.03409	0.00727	0.00613	0.00180	0.00783	0.00593	0.00416	0.17876
44	0.01375	0.01672	0.19160	0.06234	0.04759	0.01234	0.03531	0.04223	0.04001	0.04446	0.01864	0.05835	0.01782	0.22498	0.05324	0.03396	0.04459	0.03027	0.00419	0.00761
45	0.00851	0.00708	0.00743	0.00734	0.00959	0.00600	0.00551	0.01052	0.01652	0.02032	0.17296	0.06474	0.60522	0.01713	0.00824	0.00233	0.00350	0.01439	0.00667	0.00600
46	0.01620	0.01778	0.07267	0.32388	0.30090	0.08398	0.01977	0.02114	0.03865	0.02038	0.01308	0.01749	0.01033	0.00676	0.00686	0.00217	0.00917	0.00603	0.00341	0.00936
47	0.04898	0.14633	0.09241	0.04799	0.17149	0.11105	0.01543	0.17202	0.01924	0.02522	0.01418	0.04294	0.01213	0.04216	0.00771	0.00221	0.00848	0.00606	0.00431	0.00966
48	0.01113	0.01218	0.09766	0.01349	0.06101	0.00973	0.01102	0.01533	0.06133	0.02062	0.06840	0.12433	0.25846	0.01699	0.04209	0.00295	0.03384	0.12646	0.00567	0.00730
49	0.00850	0.00607	0.00810	0.00972	0.01012	0.00567	0.00648	0.00972	0.01336	0.01781	0.03846	0.75020	0.04615	0.02186	0.00891	0.00283	0.00405	0.01984	0.00648	0.00567
50	0.11989	0.11684	0.10342	0.04449	0.14681	0.04218	0.04192	0.12602	0.07651	0.06863	0.01569	0.04055	0.01246	0.00759	0.00636	0.00209	0.00775	0.00613	0.00471	0.00996
51	0.01719	0.01765	0.07298	0.14213	0.19543	0.07041	0.14136	0.05422	0.03665	0.06615	0.02128	0.02375	0.09322	0.00809	0.00727	0.00220	0.00876	0.00749	0.00435	0.00941
52	0.01045	0.00750	0.00807	0.00769	0.01026	0.00634	0.00585	0.01242	0.01659	0.08201	0.11984	0.06202	0.59305	0.01658	0.00814	0.00233	0.00373	0.01386	0.00677	0.00648
53	0.02369	0.01833	0.05554	0.01612	0.02146	0.01891	0.04433	0.38599	0.16923	0.11814	0.01991	0.01949	0.01420	0.00856	0.00757	0.00221	0.03151	0.00674	0.00671	0.01136
54	0.01886	0.08824	0.19168	0.04569	0.17243	0.07640	0.03678	0.07697	0.05423	0.09657	0.03822	0.01978	0.03826	0.00765	0.00673	0.00209	0.00843	0.00633	0.00455	0.01011
55	0.01293	0.01605	0.15312	0.02118	0.18217	0.01206	0.06494	0.01790	0.05974	0.02145	0.05253	0.24517	0.06563	0.01260	0.00779	0.00243	0.00695	0.03188	0.00495	0.00854
56	0.02775	0.01582	0.01831	0.01412	0.01943	0.01633	0.01164	0.39267	0.02676	0.31162	0.02136	0.02002	0.01433	0.00847	0.00689	0.00210	0.00676	0.00659	0.04743	0.01160
57	0.01861	0.01712	0.04332	0.15786	0.10965	0.08373	0.13660	0.09799	0.06461	0.08888	0.03864	0.02392	0.04949	0.00833	0.00732	0.00223	0.00867	0.02867	0.00490	0.00946
58	0.04217	0.02326	0.26171	0.08481	0.21679	0.04300	0.01975	0.12091	0.01787	0.04453	0.01485	0.05227	0.01198	0.00763	0.00683	0.00218	0.00878	0.00641	0.00410	0.01018
59	0.01222	0.01674	0.21243	0.06950	0.04468	0.01097	0.05387	0.01651	0.01539	0.04094	0.07459	0.16669	0.13131	0.01315	0.00790	0.00248	0.00702	0.09063	0.00509	0.00790
60	0.11079	0.03854	0.04028	0.06118	0.07772	0.01281	0.08489	0.02390	0.03855	0.25698	0.02350	0.09528	0.04337	0.01102	0.03073	0.00257	0.00724	0.02530	0.00588	0.00944

[dist]
# distance from previous block
# <min> <max>
0	4

[block]
# block no. 5 follows, 30 sequences, length 18
# corresponding to MSA columns:
# 233-250
name=unknown_F
#
# <colnr> <probs for GDERKNQSTAVLIFYWHMCP>
#	G	D	E	R	K	N	Q	S	T	A	V	L	I	F	Y	W	H	M	C	P
0	0.09730	0.04302	0.04750	0.03884	0.15095	0.17027	0.03286	0.12943	0.03896	0.16073	0.01599	0.01692	0.01170	0.00737	0.00652	0.00205	0.00849	0.00577	0.00519	0.01015
1	0.39530	0.04089	0.04037	0.01519	0.07836	0.06043	0.01157	0.16021	0.06473	0.03092	0.01291	0.01431	0.00993	0.00727	0.00609	0.00214	0.03042	0.00496	0.00481	0.00917
2	0.09225	0.08061	0.07115	0.02236	0.16243	0.24938	0.06867	0.08518	0.03918	0.02322	0.01336	0.01680	0.01100	0.00724	0.00647	0.00202	0.00958	0.02570	0.00404	0.00936
3	0.09358	0.02005	0.14953	0.08364	0.13934	0.07326	0.12481	0.07899	0.01678	0.02402	0.01680	0.07312	0.03286	0.00817	0.00690	0.00220	0.00869	0.00726	0.03085	0.00915
4	0.01064	0.00791	0.01080	0.03633	0.01276	0.00791	0.02801	0.01248	0.01357	0.03752	0.10330	0.21633	0.10873	0.17737	0.13430	0.00483	0.02657	0.01229	0.00536	0.03300
5	0.01447	0.01240	0.01447	0.01034	0.01654	0.00930	0.00827	0.01757	0.01447	0.02274	0.01240	0.01447	0.01034	0.00517	0.00517	0.00103	0.00517	0.00413	0.00413	0.79742
6	0.00891	0.00713	0.00799	0.00787	0.00996	0.00621	0.00597	0.01125	0.01720	0.02199	0.28267	0.06259	0.46636	0.01660	0.00830	0.00234	0.00357	0.04007	0.00688	0.00614
7	0.01143	0.00749	0.00976	0.00899	0.01094	0.00683	0.00681	0.01462	0.01962	0.07947	0.63137	0.05058	0.08734	0.01398	0.00814	0.00220	0.00350	0.01228	0.00771	0.00696
8	0.02260	0.01726	0.01837	0.01490	0.01971	0.01934	0.01205	0.42448	0.26530	0.03785	0.02115	0.02049	0.01549	0.00875	0.00691	0.00217	0.00669	0.00686	0.04832	0.01130
9	0.02459	0.01078	0.01430	0.01157	0.01578	0.00967	0.00930	0.06022	0.02013	0.47665	0.18616	0.07737	0.03020	0.01080	0.00742	0.00221	0.00529	0.00912	0.00819	0.01024
10	0.01015	0.00677	0.00761	0.00761	0.00761	0.00677	0.00423	0.01015	0.01015	0.01353	0.02199	0.04567	0.02537	0.75476	0.03552	0.00677	0.00677	0.01015	0.00423	0.00423
11	0.00988	0.00713	0.00933	0.00878	0.01043	0.00658	0.00658	0.01317	0.01975	0.02798	0.70754	0.05213	0.06584	0.01427	0.00823	0.00219	0.00329	0.01262	0.00768	0.00658
12	0.06334	0.27914	0.04997	0.01516	0.01986	0.36151	0.01289	0.05725	0.01758	0.01909	0.01102	0.01290	0.00937	0.00851	0.03337	0.00210	0.01036	0.00442	0.00358	0.00856
13	0.01538	0.01294	0.01496	0.01077	0.01692	0.01023	0.00865	0.06809	0.01585	0.02434	0.01273	0.01464	0.01045	0.00541	0.00530	0.00111	0.00536	0.00430	0.00435	0.73822
14	0.01864	0.01606	0.01972	0.04507	0.21061	0.09027	0.03139	0.17433	0.04059	0.05288	0.04230	0.16372	0.02041	0.01044	0.00729	0.00222	0.00741	0.00909	0.02809	0.00947
15	0.01823	0.26176	0.05807	0.15577	0.04924	0.07755	0.01386	0.06323	0.09559	0.05918	0.01698	0.01937	0.03873	0.03585	0.00723	0.00214	0.00794	0.00592	0.00429	0.00908
16	0.11991	0.01445	0.02132	0.12495	0.23883	0.01459	0.06805	0.06509	0.01631	0.04465	0.04169	0.01951	0.03616	0.00707	0.00650	0.00199	0.00735	0.00627	0.00429	0.14101
17	0.04628	0.07247	0.22750	0.10075	0.24564	0.04376	0.01941	0.02264	0.06893	0.04169	0.01482	0.03965	0.01195	0.00726	0.00663	0.00214	0.00857	0.00616	0.00380	0.00995

[dist]
# distance from previous block
# <min> <max>
9	17

[block]
# block no. 6 follows, 30 sequences, length 23
# corresponding to MSA columns:
# 268-290
name=unknown_G
#
# <colnr> <probs for GDERKNQSTAVLIFYWHMCP>
#	G	D	E	R	K	N	Q	S	T	A	V	L	I	F	Y	W	H	M	C	P
0	0.27571	0.07100	0.01562	0.05159	0.01737	0.01650	0.00995	0.19850	0.06790	0.03056	0.01607	0.04124	0.01314	0.03487	0.03150	0.00255	0.00663	0.00601	0.08453	0.00875
1	0.01903	0.04719	0.01624	0.01352	0.01705	0.12779	0.01054	0.21525	0.15994	0.02815	0.02480	0.16319	0.04941	0.01131	0.00707	0.00220	0.00681	0.00923	0.06213	0.00914
2	0.01519	0.01426	0.07613	0.01188	0.01764	0.01063	0.02717	0.07099	0.01666	0.05270	0.05004	0.02432	0.08465	0.00785	0.00619	0.00156	0.00581	0.02874	0.00490	0.47267
3	0.00883	0.00662	0.00823	0.00943	0.01033	0.00620	0.00646	0.01091	0.04244	0.01847	0.04381	0.59776	0.16358	0.02060	0.00871	0.00273	0.00402	0.01842	0.00650	0.00593
4	0.01873	0.60069	0.07373	0.01277	0.01857	0.04435	0.01268	0.06102	0.01541	0.01884	0.01085	0.01250	0.00950	0.00645	0.00533	0.00163	0.02793	0.00417	0.03582	0.00905
5	0.01527	0.01527	0.02137	0.01832	0.01832	0.02137	0.01527	0.01679	0.01069	0.01679	0.00916	0.01527	0.00916	0.01221	0.02290	0.00305	0.74198	0.00611	0.00305	0.00763
6	0.02653	0.01955	0.02094	0.01606	0.02164	0.02164	0.01326	0.68796	0.03281	0.04398	0.01675	0.01675	0.01187	0.00838	0.00698	0.00209	0.00768	0.00628	0.00698	0.01187
7	0.00878	0.00701	0.00740	0.00737	0.00952	0.00602	0.00550	0.01084	0.01630	0.02058	0.15932	0.08557	0.55100	0.01674	0.00806	0.00231	0.00350	0.01410	0.05405	0.00602
8	0.01110	0.00814	0.01133	0.04261	0.01548	0.00818	0.01113	0.01426	0.01596	0.02060	0.03848	0.07534	0.08954	0.01864	0.00942	0.00311	0.00633	0.58760	0.00629	0.00644
9	0.01602	0.01542	0.01679	0.12893	0.02188	0.15016	0.07011	0.06732	0.06655	0.02401	0.17800	0.03037	0.08333	0.00988	0.00714	0.00211	0.00728	0.00839	0.08839	0.00793
10	0.75751	0.01340	0.01061	0.00937	0.01376	0.01533	0.00772	0.02133	0.01236	0.07254	0.01079	0.01208	0.00814	0.00661	0.00448	0.00216	0.00543	0.00397	0.00458	0.00782
11	0.00825	0.00707	0.00707	0.00707	0.00943	0.00589	0.00530	0.01001	0.01591	0.01885	0.07069	0.06716	0.70839	0.01767	0.00825	0.00236	0.00353	0.01473	0.00648	0.00589
12	0.01667	0.01714	0.02383	0.35266	0.26458	0.11906	0.04371	0.02124	0.03660	0.01990	0.01297	0.01752	0.01026	0.00679	0.00691	0.00217	0.00941	0.00609	0.00343	0.00907
13	0.01860	0.01796	0.09829	0.04883	0.24333	0.01627	0.09344	0.12817	0.10352	0.07873	0.01850	0.07048	0.01506	0.00828	0.00722	0.00223	0.00802	0.00758	0.00501	0.01049
14	0.00963	0.00712	0.00898	0.00852	0.01027	0.00648	0.00639	0.01268	0.01916	0.02658	0.60972	0.05444	0.16454	0.01479	0.00823	0.00222	0.00333	0.01294	0.00750	0.00648
15	0.12699	0.01286	0.01594	0.01238	0.01767	0.01209	0.01023	0.09911	0.02028	0.56221	0.02421	0.02149	0.01551	0.00834	0.00668	0.00215	0.00605	0.00654	0.00793	0.01134
16	0.04627	0.05670	0.34020	0.08284	0.14667	0.06478	0.02029	0.02373	0.05497	0.07782	0.01440	0.01646	0.01063	0.00692	0.00657	0.00214	0.00910	0.00558	0.00384	0.01008
17	0.01543	0.10747	0.08471	0.18305	0.09890	0.04563	0.07567	0.07471	0.03472	0.02143	0.01858	0.17254	0.01788	0.01000	0.00713	0.00226	0.00806	0.00887	0.00432	0.00863
18	0.01393	0.02870	0.48680	0.01864	0.02649	0.04439	0.07434	0.02095	0.04425	0.02150	0.01757	0.13762	0.01572	0.00925	0.00714	0.00231	0.00928	0.00793	0.00379	0.00941
19	0.01542	0.01380	0.02328	0.19722	0.21637	0.01480	0.10763	0.04165	0.01588	0.05019	0.06325	0.08535	0.01859	0.00943	0.00877	0.00238	0.06710	0.03567	0.00435	0.00887
20	0.03862	0.04428	0.20449	0.02671	0.26911	0.01608	0.07548	0.06842	0.03612	0.07123	0.01641	0.05062	0.01354	0.00781	0.00700	0.00220	0.00848	0.02883	0.00427	0.01029
21	0.04050	0.05766	0.02005	0.43144	0.06451	0.06636	0.01614	0.06564	0.01572	0.02053	0.01483	0.04070	0.01251	0.00989	0.03696	0.00261	0.00906	0.03643	0.03040	0.00805
22	0.03808	0.04066	0.07346	0.35058	0.10675	0.04147	0.04822	0.04838	0.01602	0.08709	0.03741	0.05250	0.01381	0.00791	0.00695	0.00223	0.00852	0.00692	0.00419	0.00885

[dist]
# distance from previous block
# <min> <max>
0	19

[block]
# block no. 7 follows, 30 sequences, length 80
# corresponding to MSA columns:
# 310-389
name=unknown_H
#
# <colnr> <probs for GDERKNQSTAVLIFYWHMCP>
#	G	D	E	R	K	N	Q	S	T	A	V	L	I	F	Y	W	H	M	C	P
0	0.06364	0.15335	0.09051	0.14903	0.07209	0.08174	0.11708	0.02255	0.08664	0.02124	0.03962	0.01779	0.01275	0.00727	0.00712	0.00212	0.03653	0.00608	0.00386	0.00899
1	0.13755	0.16545	0.08065	0.01362	0.03865	0.01691	0.01193	0.05227	0.12164	0.09868	0.02074	0.02286	0.06132	0.00867	0.00686	0.00208	0.03927	0.03543	0.00509	0.06031
2	0.06479	0.12133	0.21799	0.01785	0.04387	0.04413	0.08909	0.14283	0.09501	0.02654	0.03713	0.03970	0.01390	0.00779	0.00661	0.00212	0.00840	0.00642	0.00458	0.00991
3	0.07349	0.01638	0.01608	0.01380	0.01812	0.09400	0.01087	0.08559	0.35903	0.14713	0.04630	0.02287	0.01866	0.00879	0.00677	0.00218	0.00645	0.00698	0.00669	0.03983
4	0.00997	0.00748	0.01121	0.01121	0.01246	0.00872	0.00872	0.01246	0.01121	0.01620	0.01869	0.02741	0.01745	0.05234	0.72710	0.01121	0.01869	0.00748	0.00374	0.00623
5	0.00850	0.00607	0.00810	0.00972	0.01012	0.00567	0.00648	0.00972	0.01336	0.01781	0.03846	0.75020	0.04615	0.02186	0.00891	0.00283	0.00405	0.01984	0.00648	0.00567
6	0.01301	0.00650	0.00650	0.00650	0.00813	0.00650	0.00488	0.01626	0.01463	0.02602	0.02276	0.02602	0.01789	0.00813	0.00488	0.00163	0.00325	0.00650	0.79350	0.00650
7	0.00922	0.00659	0.00855	0.00980	0.01041	0.00628	0.00661	0.03260	0.01408	0.01883	0.05864	0.67159	0.04471	0.05386	0.01001	0.00296	0.00427	0.01872	0.00643	0.00584
8	0.05109	0.41911	0.02837	0.01443	0.01932	0.32783	0.01244	0.02388	0.01650	0.01726	0.01017	0.01180	0.00892	0.00651	0.00525	0.00165	0.00959	0.00406	0.00330	0.00853
9	0.01009	0.00699	0.00877	0.00877	0.00918	0.00740	0.00568	0.01089	0.01049	0.01439	0.02092	0.03978	0.02281	0.52813	0.25864	0.00820	0.01061	0.00929	0.00407	0.00487
10	0.01829	0.70200	0.09031	0.01257	0.01888	0.02671	0.01303	0.02099	0.01422	0.01687	0.00992	0.01147	0.00895	0.00602	0.00465	0.00155	0.00769	0.00384	0.00298	0.00906
11	0.00967	0.00712	0.00904	0.00856	0.01030	0.00650	0.00642	0.01277	0.01927	0.02683	0.62698	0.05403	0.14713	0.01470	0.00823	0.00222	0.00332	0.01289	0.00753	0.00650
12	0.00997	0.00748	0.01121	0.01121	0.01246	0.00872	0.00872	0.01246	0.01121	0.01620	0.01869	0.02741	0.01745	0.05234	0.72710	0.01121	0.01869	0.00748	0.00374	0.00623
13	0.01602	0.01364	0.01462	0.01352	0.01694	0.01559	0.01036	0.03295	0.59521	0.02747	0.02992	0.13531	0.02505	0.01134	0.00737	0.00244	0.00530	0.00969	0.00701	0.01023
14	0.01801	0.01531	0.01615	0.01433	0.01839	0.01766	0.01120	0.08337	0.65126	0.03024	0.02757	0.02538	0.02063	0.00939	0.00709	0.00235	0.00568	0.00778	0.00709	0.01110
15	0.01527	0.01527	0.02137	0.01832	0.01832	0.02137	0.01527	0.01679	0.01069	0.01679	0.00916	0.01527	0.00916	0.01221	0.02290	0.00305	0.74198	0.00611	0.00305	0.00763
16	0.01400	0.03610	0.71860	0.01989	0.03020	0.01621	0.02578	0.02210	0.01473	0.02210	0.01252	0.01473	0.00884	0.00663	0.00663	0.00221	0.01031	0.00516	0.00295	0.01031
17	0.01447	0.01240	0.01447	0.01034	0.01654	0.00930	0.00827	0.01757	0.01447	0.02274	0.01240	0.01447	0.01034	0.00517	0.00517	0.00103	0.00517	0.00413	0.00413	0.79742
18	0.01301	0.00650	0.00650	0.00650	0.00813	0.00650	0.00488	0.01626	0.01463	0.02602	0.02276	0.02602	0.01789	0.00813	0.00488	0.00163	0.00325	0.00650	0.79350	0.00650
19	0.02653	0.01955	0.02094	0.01606	0.02164	0.02164	0.01326	0.68796	0.03281	0.04398	0.01675	0.01675	0.01187	0.00838	0.00698	0.00209	0.00768	0.00628	0.00698	0.01187
20	0.01124	0.00803	0.01124	0.01285	0.01446	0.00803	0.01124	0.01446	0.01606	0.02088	0.03695	0.07871	0.04016	0.01928	0.00964	0.00321	0.00643	0.66426	0.00643	0.00643
21	0.01301	0.00650	0.00650	0.00650	0.00813	0.00650	0.00488	0.01626	0.01463	0.02602	0.02276	0.02602	0.01789	0.00813	0.00488	0.00163	0.00325	0.00650	0.79350	0.00650
22	0.02729	0.01720	0.01929	0.01484	0.02025	0.01830	0.01224	0.50238	0.02901	0.21200	0.01965	0.01881	0.01342	0.00843	0.00692	0.00210	0.00710	0.00647	0.03260	0.01170
23	0.01124	0.00803	0.01124	0.01285	0.01446	0.00803	0.01124	0.01446	0.01606	0.02088	0.03695	0.07871	0.04016	0.01928	0.00964	0.00321	0.00643	0.66426	0.00643	0.00643
24	0.03131	0.01188	0.01619	0.01242	0.01781	0.01026	0.01026	0.03401	0.01997	0.71606	0.02753	0.02375	0.01727	0.00864	0.00702	0.00216	0.00594	0.00702	0.00864	0.01188
25	0.00850	0.00607	0.00810	0.00972	0.01012	0.00567	0.00648	0.00972	0.01336	0.01781	0.03846	0.75020	0.04615	0.02186	0.00891	0.00283	0.00405	0.01984	0.00648	0.00567
26	0.00855	0.00708	0.00748	0.00738	0.00961	0.00602	0.00554	0.01059	0.01661	0.02053	0.18768	0.06440	0.59036	0.01705	0.00824	0.00233	0.00349	0.01434	0.00670	0.00602
