[name]
unknown

[dist]
# distance from previous block
# <min> <max>
0	13

[block]
# block no. 0 follows, 32 sequences, length 41
# corresponding to MSA columns:
# 13-53
name=unknown_A
#
# <colnr> <probs for GDERKNQSTAVLIFYWHMCP>
#	G	D	E	R	K	N	Q	S	T	A	V	L	I	F	Y	W	H	M	C	P
0	0.01120	0.00841	0.01178	0.01288	0.01427	0.00900	0.01120	0.01412	0.01493	0.01969	0.03288	0.06964	0.03566	0.01786	0.01053	0.00307	0.08014	0.61059	0.00586	0.00629
1	0.01100	0.00778	0.00984	0.00909	0.01103	0.00749	0.00689	0.01571	0.08756	0.05373	0.62380	0.04659	0.05728	0.01305	0.00776	0.00213	0.00348	0.01148	0.00737	0.00695
2	0.02462	0.01851	0.02084	0.01799	0.09038	0.02033	0.01353	0.63258	0.02993	0.04027	0.01576	0.01616	0.01133	0.00785	0.00671	0.00201	0.00744	0.00603	0.00638	0.01133
3	0.01650	0.01700	0.03450	0.02670	0.08620	0.01657	0.51431	0.02135	0.01536	0.05985	0.01368	0.01776	0.01043	0.00641	0.00905	0.00225	0.08397	0.00736	0.00363	0.03713
4	0.01176	0.00983	0.07288	0.01086	0.01296	0.00794	0.00867	0.01549	0.08298	0.09106	0.05585	0.52234	0.03667	0.01701	0.00799	0.00254	0.00472	0.01520	0.00624	0.00699
5	0.00974	0.00657	0.00766	0.00766	0.00778	0.00669	0.00449	0.00998	0.00986	0.01326	0.02083	0.04217	0.02364	0.69339	0.10392	0.00693	0.00764	0.00950	0.00402	0.00426
6	0.01511	0.03240	0.65862	0.01841	0.02786	0.01502	0.02331	0.02239	0.01467	0.09124	0.01347	0.01503	0.00930	0.00657	0.00641	0.00212	0.00950	0.00514	0.00338	0.01007
7	0.01421	0.05099	0.45506	0.01970	0.02767	0.01504	0.17290	0.02050	0.01457	0.04614	0.01529	0.08920	0.01273	0.00772	0.00688	0.00219	0.00939	0.00704	0.00349	0.00929
8	0.01653	0.01616	0.02846	0.03991	0.65417	0.01604	0.08777	0.02068	0.01533	0.02188	0.01272	0.01675	0.01058	0.00595	0.00677	0.00202	0.00830	0.00617	0.00333	0.01047
9	0.03010	0.01142	0.01557	0.01194	0.01713	0.00986	0.00986	0.03270	0.01920	0.72698	0.02647	0.02284	0.01661	0.00830	0.00675	0.00208	0.00571	0.00675	0.00830	0.01142
10	0.01891	0.01660	0.07530	0.03272	0.46947	0.01485	0.08652	0.02306	0.01601	0.15753	0.01534	0.01778	0.01159	0.00642	0.00677	0.00205	0.00801	0.00625	0.00425	0.01057
11	0.02699	0.01423	0.08074	0.01447	0.02026	0.01119	0.09139	0.03039	0.01837	0.58307	0.02371	0.02153	0.01515	0.00783	0.00685	0.00210	0.00673	0.00673	0.00725	0.01101
12	0.01240	0.00752	0.00981	0.00886	0.01100	0.00681	0.00678	0.01540	0.01882	0.12795	0.58309	0.04695	0.09214	0.01311	0.00775	0.00211	0.00355	0.01146	0.00746	0.00703
13	0.02292	0.02690	0.02204	0.02249	0.15689	0.50506	0.06498	0.04140	0.01836	0.04084	0.01169	0.01385	0.00946	0.00671	0.00634	0.00184	0.01093	0.00502	0.00366	0.00862
14	0.04521	0.02880	0.39020	0.02049	0.08889	0.15595	0.06442	0.05660	0.01632	0.05352	0.01263	0.01462	0.00930	0.00656	0.00639	0.00204	0.00978	0.00521	0.00352	0.00956
15	0.00825	0.00589	0.00785	0.00929	0.00975	0.00550	0.00623	0.00952	0.01318	0.01766	0.07396	0.72132	0.04541	0.02063	0.00853	0.00269	0.00385	0.01870	0.00629	0.00550
16	0.01695	0.01335	0.01557	0.01220	0.03972	0.01168	0.00943	0.13628	0.05502	0.06089	0.01423	0.01543	0.01112	0.00592	0.00551	0.00133	0.00554	0.00473	0.00480	0.56033
17	0.02002	0.01676	0.01863	0.01619	0.04840	0.04188	0.04280	0.26716	0.38960	0.03212	0.02160	0.02082	0.01604	0.00838	0.00680	0.00215	0.00664	0.00689	0.00638	0.01073
18	0.01811	0.01590	0.02167	0.02533	0.29344	0.04128	0.05314	0.06509	0.30166	0.06359	0.01957	0.02030	0.01494	0.00752	0.00678	0.00212	0.00705	0.00673	0.00523	0.01052
19	0.01352	0.01147	0.01347	0.00980	0.01537	0.00871	0.00781	0.01652	0.01437	0.02232	0.07537	0.01716	0.01473	0.00575	0.00523	0.00109	0.00481	0.00471	0.00428	0.73350
20	0.06329	0.11895	0.02082	0.01490	0.01962	0.22548	0.01216	0.32588	0.06101	0.05420	0.01422	0.01473	0.01073	0.00740	0.00609	0.00188	0.00842	0.00522	0.00522	0.00976
21	0.01964	0.05291	0.02339	0.05145	0.02412	0.29911	0.17161	0.02743	0.21847	0.02099	0.01606	0.01745	0.01245	0.00720	0.00667	0.00202	0.00960	0.00615	0.00438	0.00892
22	0.01821	0.71515	0.05947	0.01177	0.01764	0.02557	0.01190	0.02058	0.01385	0.04104	0.01003	0.01131	0.00889	0.00585	0.00447	0.00148	0.00722	0.00375	0.00306	0.00876
23	0.01380	0.12184	0.60970	0.01767	0.02667	0.01645	0.02226	0.02068	0.01434	0.02087	0.04697	0.01555	0.01125	0.00666	0.00620	0.00204	0.00925	0.00515	0.00306	0.00958
24	0.00879	0.00628	0.00849	0.01004	0.01070	0.00598	0.00729	0.01040	0.01345	0.01781	0.03664	0.60089	0.04304	0.02044	0.00873	0.00281	0.00442	0.17195	0.00622	0.00562
25	0.00818	0.00584	0.00779	0.00934	0.00973	0.00545	0.00623	0.00934	0.01285	0.01713	0.03698	0.75981	0.04438	0.02102	0.00856	0.00273	0.00389	0.01908	0.00623	0.00545
26	0.01642	0.01911	0.14106	0.06746	0.33316	0.01581	0.22453	0.02146	0.01539	0.06026	0.01354	0.01708	0.01040	0.00611	0.00699	0.00211	0.00921	0.00644	0.00352	0.00993
27	0.00823	0.00588	0.00783	0.00931	0.00974	0.00549	0.00623	0.00948	0.01310	0.01753	0.06491	0.73074	0.04515	0.02072	0.00854	0.00270	0.00386	0.01879	0.00628	0.00549
28	0.00959	0.00719	0.01078	0.01078	0.01198	0.00839	0.00839	0.01198	0.01078	0.01558	0.01797	0.02636	0.01677	0.05032	0.73760	0.01078	0.01797	0.00719	0.00359	0.00599
29	0.44779	0.01275	0.01282	0.01051	0.01516	0.01337	0.00867	0.07066	0.01587	0.30816	0.01661	0.01600	0.01126	0.00718	0.00536	0.00207	0.00554	0.00503	0.00598	0.00920
30	0.00818	0.00584	0.00779	0.00934	0.00973	0.00545	0.00623	0.00934	0.01285	0.01713	0.03698	0.75981	0.04438	0.02102	0.00856	0.00273	0.00389	0.01908	0.00623	0.00545
31	0.00960	0.00712	0.01042	0.01042	0.01150	0.00819	0.00794	0.01175	0.01068	0.01531	0.01830	0.02818	0.01757	0.12441	0.66459	0.01034	0.01678	0.00746	0.00364	0.00579
32	0.01661	0.01594	0.02724	0.04119	0.72233	0.01594	0.02059	0.02059	0.01528	0.02192	0.01262	0.01661	0.01063	0.00598	0.00664	0.00199	0.00797	0.00598	0.00332	0.01063
33	0.01584	0.01810	0.03959	0.02828	0.03507	0.01697	0.69796	0.02149	0.01584	0.02149	0.01357	0.01810	0.01018	0.00566	0.00792	0.00226	0.01131	0.00792	0.00339	0.00905
34	0.03010	0.01142	0.01557	0.01194	0.01713	0.00986	0.00986	0.03270	0.01920	0.72698	0.02647	0.02284	0.01661	0.00830	0.00675	0.00208	0.00571	0.00675	0.00830	0.01142
35	0.01669	0.01441	0.01517	0.01365	0.01745	0.01669	0.01062	0.03565	0.71021	0.02807	0.02731	0.02503	0.02048	0.00910	0.00683	0.00228	0.00531	0.00759	0.00683	0.01062
36	0.01069	0.00755	0.00954	0.00882	0.01072	0.00712	0.00668	0.02939	0.04544	0.04884	0.61842	0.04835	0.09581	0.01343	0.00781	0.00212	0.00343	0.01177	0.00731	0.00673
37	0.77571	0.01305	0.01034	0.00922	0.01319	0.01530	0.00760	0.01956	0.01137	0.02948	0.00932	0.01107	0.00734	0.00648	0.00496	0.00211	0.03881	0.00373	0.00410	0.00727
38	0.01794	0.76823	0.03516	0.01148	0.01722	0.02655	0.01148	0.02009	0.01363	0.01579	0.00933	0.01076	0.00861	0.00574	0.00431	0.00144	0.00718	0.00359	0.00287	0.00861
39	0.02321	0.02842	0.01733	0.01582	0.01902	0.63540	0.01187	0.02514	0.01849	0.01768	0.03589	0.01476	0.01142	0.00724	0.00597	0.00172	0.01085	0.00479	0.08740	0.00757
40	0.01828	0.17775	0.01992	0.01345	0.01766	0.14996	0.01094	0.05104	0.33952	0.02340	0.05364	0.01996	0.01704	0.00795	0.00610	0.00191	0.00690	0.00611	0.00523	0.05323

[dist]
# distance from previous block
# <min> <max>
1	3

[block]
# block no. 1 follows, 32 sequences, length 23
# corresponding to MSA columns:
# 57-79
name=unknown_B
#
# <colnr> <probs for GDERKNQSTAVLIFYWHMCP>
#	G	D	E	R	K	N	Q	S	T	A	V	L	I	F	Y	W	H	M	C	P
0	0.01816	0.12931	0.28254	0.08067	0.02412	0.01559	0.01637	0.06463	0.04215	0.16335	0.03403	0.01721	0.01236	0.00700	0.00616	0.00194	0.00773	0.00549	0.00454	0.06663
1	0.01446	0.01364	0.02259	0.38098	0.33121	0.01481	0.01851	0.01859	0.01425	0.01960	0.01222	0.01699	0.00975	0.00624	0.00652	0.00202	0.00817	0.00579	0.00322	0.08044
2	0.01416	0.01215	0.01403	0.01027	0.01604	0.00964	0.00819	0.01858	0.07644	0.02242	0.01331	0.01491	0.01089	0.00534	0.00514	0.00111	0.00500	0.00430	0.00423	0.73386
3	0.63041	0.01432	0.01223	0.01035	0.01478	0.01638	0.00853	0.17650	0.01606	0.03291	0.01090	0.01210	0.00822	0.00665	0.00474	0.00206	0.00570	0.00419	0.00474	0.00822
4	0.05023	0.00784	0.00908	0.00869	0.01119	0.00704	0.00678	0.01451	0.01595	0.13178	0.12730	0.11733	0.36895	0.01525	0.00776	0.00233	0.00415	0.08049	0.00659	0.00676
5	0.00937	0.00634	0.00743	0.00782	0.00792	0.00624	0.00460	0.00965	0.01052	0.01403	0.02507	0.22127	0.02935	0.58007	0.02781	0.00557	0.00586	0.01207	0.00460	0.00441
6	0.02445	0.02910	0.02081	0.01795	0.02190	0.59782	0.07435	0.07185	0.01958	0.04453	0.01163	0.01330	0.00926	0.00693	0.00629	0.00181	0.01148	0.00485	0.00385	0.00827
7	0.00979	0.00695	0.00914	0.01030	0.01127	0.00680	0.00800	0.01169	0.01361	0.01779	0.03441	0.24288	0.06804	0.17241	0.01414	0.00366	0.00554	0.34228	0.00576	0.00554
8	0.01661	0.01594	0.02724	0.04119	0.72233	0.01594	0.02059	0.02059	0.01528	0.02192	0.01262	0.01661	0.01063	0.00598	0.00664	0.00199	0.00797	0.00598	0.00332	0.01063
9	0.05540	0.68291	0.08069	0.01187	0.01782	0.02526	0.01218	0.02015	0.01356	0.01684	0.00951	0.01100	0.00854	0.00581	0.00444	0.00151	0.00727	0.00368	0.00293	0.00863
10	0.01383	0.01311	0.02223	0.53924	0.24594	0.01521	0.01921	0.01816	0.01397	0.01855	0.01213	0.01751	0.00944	0.00649	0.00669	0.00216	0.00866	0.00597	0.00308	0.00839
11	0.01495	0.01015	0.01374	0.01313	0.04634	0.01116	0.00989	0.14046	0.01566	0.09458	0.01827	0.02368	0.01550	0.03621	0.49482	0.00788	0.01431	0.00688	0.00464	0.00776
12	0.01661	0.01594	0.02724	0.04119	0.72233	0.01594	0.02059	0.02059	0.01528	0.02192	0.01262	0.01661	0.01063	0.00598	0.00664	0.00199	0.00797	0.00598	0.00332	0.01063
13	0.01166	0.00583	0.00874	0.00874	0.00874	0.00583	0.00583	0.00874	0.00874	0.01166	0.01166	0.02040	0.01166	0.02331	0.02622	0.80478	0.00583	0.00583	0.00291	0.00291
14	0.01769	0.65945	0.11261	0.01255	0.01868	0.05074	0.01303	0.02046	0.01389	0.01642	0.00967	0.01119	0.00860	0.00585	0.00460	0.00152	0.00766	0.00377	0.00289	0.00873
15	0.02974	0.01200	0.01593	0.01222	0.01742	0.01073	0.01009	0.08570	0.02019	0.67259	0.02565	0.02230	0.01620	0.00828	0.00674	0.00207	0.00584	0.00669	0.00818	0.01142
16	0.01166	0.00583	0.00874	0.00874	0.00874	0.00583	0.00583	0.00874	0.00874	0.01166	0.01166	0.02040	0.01166	0.02331	0.02622	0.80478	0.00583	0.00583	0.00291	0.00291
17	0.01600	0.13481	0.51618	0.01777	0.02604	0.13702	0.02100	0.02201	0.01490	0.01970	0.01139	0.01336	0.00854	0.00638	0.00604	0.00196	0.00990	0.00466	0.00294	0.00938
18	0.03832	0.03688	0.12502	0.02627	0.33219	0.06023	0.01689	0.06793	0.01673	0.12997	0.01646	0.07411	0.01364	0.00775	0.00662	0.00205	0.00773	0.00674	0.00448	0.00998
19	0.01123	0.01060	0.01095	0.01125	0.01256	0.12160	0.03746	0.01280	0.01438	0.01773	0.06591	0.53832	0.07424	0.01756	0.00807	0.00249	0.00545	0.01566	0.00572	0.00603
20	0.01615	0.01548	0.02642	0.12241	0.64465	0.01582	0.02037	0.02020	0.01506	0.02137	0.01254	0.01675	0.01043	0.00606	0.00665	0.00202	0.00808	0.00598	0.00328	0.01026
21	0.81159	0.01298	0.00986	0.00882	0.01298	0.01505	0.00727	0.01972	0.01142	0.03010	0.00934	0.01090	0.00727	0.00623	0.00415	0.00208	0.00519	0.00363	0.00415	0.00727
22	0.01364	0.01169	0.01683	0.02183	0.25514	0.01212	0.01320	0.02030	0.17125	0.02232	0.05384	0.15069	0.02692	0.01233	0.00766	0.00244	0.00611	0.16769	0.00541	0.00858

[dist]
# distance from previous block
# <min> <max>
0	1

[block]
# block no. 2 follows, 32 sequences, length 21
# corresponding to MSA columns:
# 81-101
name=unknown_C
#
# <colnr> <probs for GDERKNQSTAVLIFYWHMCP>
#	G	D	E	R	K	N	Q	S	T	A	V	L	I	F	Y	W	H	M	C	P
0	0.02333	0.01764	0.01893	0.01479	0.01995	0.01937	0.01210	0.54857	0.13946	0.03867	0.01764	0.01740	0.01277	0.00802	0.00662	0.00199	0.00689	0.00615	0.00655	0.06316
1	0.09091	0.01695	0.03297	0.02535	0.08122	0.01616	0.49909	0.04542	0.01578	0.02312	0.01306	0.01688	0.00996	0.00576	0.00717	0.00211	0.00980	0.00697	0.00363	0.07768
2	0.01480	0.06262	0.62601	0.01875	0.02806	0.01573	0.05231	0.02194	0.01454	0.06571	0.01291	0.01475	0.00909	0.00644	0.00638	0.00210	0.00960	0.00514	0.00321	0.00992
3	0.01612	0.47045	0.31700	0.01458	0.02202	0.02210	0.01688	0.02056	0.01385	0.01800	0.01043	0.01214	0.00857	0.00600	0.00515	0.00172	0.00829	0.00414	0.00286	0.00914
4	0.03010	0.01142	0.01557	0.01194	0.01713	0.00986	0.00986	0.03270	0.01920	0.72698	0.02647	0.02284	0.01661	0.00830	0.00675	0.00208	0.00571	0.00675	0.00830	0.01142
5	0.01346	0.03471	0.72942	0.01912	0.02904	0.01558	0.02479	0.02125	0.01417	0.02125	0.01204	0.01417	0.00850	0.00637	0.00637	0.00212	0.00992	0.00496	0.00283	0.00992
6	0.01687	0.01836	0.06473	0.03388	0.40474	0.04752	0.24608	0.04505	0.01614	0.02222	0.01294	0.01677	0.01032	0.00600	0.00703	0.00208	0.00934	0.00651	0.00345	0.00997
7	0.01424	0.02372	0.33277	0.02504	0.16357	0.01509	0.20999	0.02007	0.01472	0.02106	0.01493	0.08586	0.01276	0.00747	0.00706	0.00219	0.00936	0.00731	0.00340	0.00939
8	0.00959	0.00719	0.01078	0.01078	0.01198	0.00839	0.00839	0.01198	0.01078	0.01558	0.01797	0.02636	0.01677	0.05032	0.73760	0.01078	0.01797	0.00719	0.00359	0.00599
9	0.00793	0.00680	0.00680	0.00680	0.00906	0.00566	0.00510	0.00963	0.01529	0.01813	0.06797	0.06457	0.71961	0.01699	0.00793	0.00227	0.00340	0.01416	0.00623	0.00566
10	0.02045	0.05966	0.32402	0.05434	0.07696	0.01387	0.01760	0.02546	0.01618	0.29947	0.01764	0.01779	0.01189	0.00709	0.00646	0.00207	0.00792	0.00572	0.00504	0.01037
11	0.00865	0.00607	0.00776	0.00884	0.00916	0.00583	0.00572	0.00954	0.01194	0.01596	0.03205	0.54136	0.03804	0.22298	0.04019	0.00402	0.00508	0.01615	0.00555	0.00509
12	0.01054	0.00709	0.00930	0.00862	0.01038	0.00651	0.00651	0.01367	0.01900	0.06222	0.68387	0.04875	0.06096	0.01344	0.00786	0.00211	0.00329	0.01186	0.00743	0.00659
13	0.01717	0.54642	0.20941	0.01370	0.02038	0.05935	0.01491	0.02072	0.01404	0.01720	0.01006	0.01169	0.00858	0.00596	0.00491	0.00162	0.00811	0.00397	0.00289	0.00890
14	0.01724	0.09576	0.37248	0.01790	0.02547	0.01660	0.10404	0.12473	0.01735	0.08640	0.01505	0.05047	0.01157	0.00734	0.00656	0.00208	0.00879	0.00619	0.00414	0.00984
15	0.00824	0.00587	0.00777	0.00925	0.00963	0.00550	0.00613	0.00936	0.01271	0.01695	0.03628	0.72819	0.04350	0.05385	0.00969	0.00289	0.00401	0.01866	0.00613	0.00539
16	0.01233	0.01269	0.08542	0.01242	0.01601	0.01049	0.10088	0.09765	0.03535	0.02180	0.07961	0.06723	0.27165	0.13256	0.01181	0.00291	0.00615	0.01058	0.00531	0.00716
17	0.02575	0.01206	0.01727	0.01573	0.10027	0.01098	0.03304	0.06117	0.01921	0.51735	0.09386	0.02438	0.02016	0.00848	0.00689	0.00207	0.00598	0.00720	0.00739	0.01074
18	0.01788	0.01552	0.02614	0.03843	0.65602	0.01537	0.01958	0.02173	0.01565	0.08822	0.01392	0.01719	0.01119	0.00620	0.00665	0.00200	0.00776	0.00605	0.00379	0.01070
19	0.01042	0.05268	0.07974	0.01161	0.01388	0.01009	0.01010	0.01331	0.01126	0.01612	0.01693	0.02433	0.01554	0.04368	0.62750	0.00944	0.01661	0.00678	0.00348	0.00651
20	0.07136	0.01851	0.02191	0.01867	0.08071	0.12415	0.11556	0.25786	0.02212	0.17811	0.01637	0.01697	0.01160	0.00729	0.00664	0.00202	0.00824	0.00607	0.00563	0.01020

[dist]
# distance from previous block
# <min> <max>
0	3

# created by:
# /home/berkeley/.conda/envs/busco_data_prod/bin/msa2prfl.pl pipeline/OGs_align_augustus/4893/942.fs
