[name]
unknown

[dist]
# distance from previous block
# <min> <max>
0	6

[block]
# block no. 0 follows, 33 sequences, length 29
# corresponding to MSA columns:
# 6-34
name=unknown_A
#
# <colnr> <probs for GDERKNQSTAVLIFYWHMCP>
#	G	D	E	R	K	N	Q	S	T	A	V	L	I	F	Y	W	H	M	C	P
0	0.01972	0.25341	0.15839	0.01512	0.02053	0.26205	0.01434	0.10863	0.01755	0.02020	0.01206	0.01532	0.01018	0.00702	0.00571	0.00178	0.00914	0.03656	0.00363	0.00865
1	0.01478	0.08260	0.44366	0.01983	0.08462	0.01575	0.09113	0.05292	0.01522	0.03628	0.04267	0.01601	0.01134	0.00647	0.00632	0.00199	0.00884	0.00550	0.00340	0.04067
2	0.00847	0.00685	0.00861	0.00849	0.01024	0.00606	0.03208	0.01045	0.01515	0.01949	0.19732	0.24878	0.37084	0.01663	0.00795	0.00231	0.00371	0.01454	0.00625	0.00577
3	0.01352	0.01337	0.02245	0.58571	0.10256	0.03895	0.09477	0.01790	0.01377	0.01768	0.01189	0.01728	0.00904	0.00641	0.00669	0.00216	0.00905	0.00601	0.00301	0.00777
4	0.04422	0.09189	0.17855	0.19373	0.08521	0.09747	0.13284	0.06273	0.01553	0.02054	0.01181	0.01506	0.00904	0.00628	0.00632	0.00201	0.00925	0.00549	0.00330	0.00872
5	0.00914	0.00718	0.01054	0.13552	0.04827	0.00737	0.00880	0.01096	0.01281	0.01702	0.03107	0.60481	0.03619	0.01759	0.00801	0.00256	0.00483	0.01597	0.00545	0.00591
6	0.00975	0.00728	0.00913	0.00869	0.01038	0.00698	0.00650	0.01396	0.07681	0.02542	0.58653	0.09554	0.09049	0.01372	0.00772	0.00213	0.00334	0.01208	0.00707	0.00648
7	0.01136	0.00575	0.00852	0.00852	0.00852	0.00575	0.00564	0.00862	0.00862	0.01149	0.01183	0.02100	0.01197	0.05476	0.02606	0.77417	0.00575	0.00588	0.00291	0.00291
8	0.05734	0.11756	0.05061	0.03965	0.06716	0.25313	0.06326	0.08302	0.04329	0.04241	0.01319	0.03974	0.01122	0.03059	0.00793	0.00207	0.05987	0.00564	0.00393	0.00838
9	0.81514	0.01273	0.00968	0.00866	0.01273	0.01477	0.00713	0.01935	0.01120	0.02954	0.00917	0.01069	0.00713	0.00611	0.00407	0.00204	0.00509	0.00356	0.00407	0.00713
10	0.05557	0.01649	0.11823	0.01454	0.04068	0.01449	0.01270	0.13448	0.23175	0.21716	0.02194	0.02291	0.01611	0.00846	0.00660	0.00215	0.00640	0.04282	0.00626	0.01027
11	0.00802	0.00599	0.00746	0.00854	0.00941	0.00543	0.00585	0.00937	0.01343	0.01745	0.07281	0.56820	0.20533	0.01939	0.00823	0.00254	0.00367	0.01729	0.00616	0.00543
12	0.02459	0.03138	0.01866	0.01696	0.02035	0.74221	0.01272	0.02629	0.01866	0.01611	0.01018	0.01187	0.00848	0.00678	0.00594	0.00170	0.01187	0.00424	0.00339	0.00763
13	0.00894	0.00656	0.00838	0.00826	0.00969	0.00600	0.00606	0.01156	0.01724	0.02387	0.53875	0.16961	0.13060	0.01500	0.00787	0.00219	0.00325	0.01325	0.00694	0.00600
14	0.01404	0.01998	0.21483	0.07265	0.06900	0.01490	0.31302	0.02053	0.06911	0.02082	0.01619	0.09452	0.01376	0.00765	0.00720	0.00222	0.00918	0.00787	0.00370	0.00884
15	0.00849	0.00661	0.00761	0.00752	0.00925	0.00584	0.00553	0.01062	0.01606	0.02096	0.32601	0.10812	0.38102	0.04622	0.00886	0.00236	0.00340	0.01327	0.00648	0.00574
16	0.01653	0.01538	0.09818	0.04646	0.06553	0.01417	0.01249	0.20218	0.15512	0.04943	0.08313	0.02809	0.07812	0.01108	0.03550	0.00246	0.00674	0.04286	0.02741	0.00915
17	0.01004	0.00676	0.00836	0.00836	0.01002	0.00604	0.00611	0.01214	0.01588	0.07466	0.28805	0.26201	0.23491	0.01605	0.00787	0.00229	0.00357	0.01406	0.00667	0.00616
18	0.01784	0.35601	0.05508	0.01862	0.15654	0.08248	0.01392	0.07720	0.01525	0.01942	0.01084	0.01325	0.00934	0.00676	0.00719	0.00179	0.09731	0.00464	0.02770	0.00883
19	0.01648	0.09994	0.08994	0.01709	0.12742	0.01428	0.04536	0.10762	0.01633	0.04423	0.01256	0.01447	0.00996	0.00576	0.00560	0.00150	0.00666	0.00478	0.00402	0.35601
20	0.02044	0.07553	0.15938	0.01833	0.09342	0.04789	0.03652	0.32907	0.08039	0.05234	0.01513	0.01594	0.01112	0.00719	0.00636	0.00197	0.00785	0.00568	0.00507	0.01036
21	0.00910	0.00615	0.00781	0.00876	0.00954	0.00567	0.00591	0.01025	0.01286	0.04792	0.03800	0.56991	0.12500	0.09708	0.01085	0.00297	0.00410	0.01664	0.00598	0.00549
22	0.00866	0.00627	0.00809	0.00869	0.00967	0.00582	0.00616	0.01057	0.01492	0.02026	0.28496	0.38878	0.10161	0.05312	0.00935	0.00261	0.00375	0.04465	0.00642	0.00564
23	0.00921	0.00662	0.00820	0.00859	0.01008	0.00600	0.00639	0.01126	0.01533	0.04159	0.22416	0.27982	0.24517	0.01697	0.00807	0.00240	0.00378	0.08402	0.00646	0.00589
24	0.08162	0.04469	0.01918	0.01929	0.19304	0.03891	0.04924	0.04425	0.08562	0.13988	0.06846	0.01933	0.01566	0.00703	0.00612	0.00182	0.00639	0.00602	0.00497	0.14847
25	0.42269	0.12474	0.08578	0.01299	0.04890	0.10959	0.01106	0.05579	0.03616	0.02518	0.01059	0.01209	0.00837	0.00631	0.00487	0.00191	0.00692	0.00412	0.00386	0.00809
26	0.01474	0.01220	0.03647	0.03674	0.04422	0.01218	0.03651	0.11146	0.14829	0.06041	0.16191	0.07770	0.09155	0.01109	0.00781	0.00218	0.03844	0.04536	0.00594	0.04480
27	0.04239	0.04643	0.05061	0.01531	0.08523	0.05794	0.03812	0.13808	0.03910	0.04547	0.01424	0.04768	0.01180	0.00668	0.00578	0.00158	0.00654	0.00547	0.00447	0.33707
28	0.01443	0.09583	0.18987	0.06641	0.11044	0.01352	0.04142	0.01863	0.03326	0.07670	0.06155	0.07809	0.05013	0.01070	0.03352	0.03674	0.02470	0.00727	0.00417	0.03263

[dist]
# distance from previous block
# <min> <max>
1	10

[block]
# block no. 1 follows, 33 sequences, length 31
# corresponding to MSA columns:
# 45-75
name=unknown_B
#
# <colnr> <probs for GDERKNQSTAVLIFYWHMCP>
#	G	D	E	R	K	N	Q	S	T	A	V	L	I	F	Y	W	H	M	C	P
0	0.01560	0.12220	0.16338	0.04246	0.09658	0.01619	0.04778	0.11220	0.07702	0.02284	0.01741	0.06247	0.03828	0.00833	0.00709	0.00201	0.04339	0.03087	0.00424	0.06965
1	0.10830	0.01126	0.01397	0.05924	0.10396	0.01177	0.01016	0.07166	0.11128	0.09338	0.08289	0.09243	0.06198	0.01154	0.04192	0.00247	0.00596	0.00805	0.05576	0.04202
2	0.01335	0.00959	0.01167	0.07035	0.01510	0.01009	0.00865	0.13420	0.05991	0.04487	0.14649	0.13976	0.09477	0.03715	0.05591	0.00285	0.00581	0.04637	0.08585	0.00727
3	0.00969	0.00692	0.00870	0.00887	0.01005	0.00693	0.00647	0.01253	0.04188	0.02156	0.27104	0.28918	0.07995	0.01638	0.03542	0.00257	0.03605	0.01294	0.11681	0.00606
4	0.02081	0.02475	0.01873	0.08154	0.02145	0.47588	0.01328	0.04183	0.01635	0.01672	0.01048	0.01407	0.00913	0.03301	0.01034	0.00216	0.17367	0.00494	0.00335	0.00749
5	0.00822	0.00630	0.00739	0.00790	0.00917	0.00563	0.00554	0.00979	0.01427	0.01836	0.15033	0.32847	0.31798	0.06779	0.00973	0.00265	0.00369	0.01516	0.00614	0.00547
6	0.01266	0.01168	0.01941	0.53387	0.08663	0.01364	0.04940	0.03476	0.01461	0.01923	0.10193	0.02270	0.03677	0.00767	0.00682	0.00216	0.00792	0.00693	0.00370	0.00752
7	0.00863	0.00662	0.00783	0.00786	0.00948	0.00592	0.00582	0.01081	0.01598	0.02102	0.32462	0.13442	0.32316	0.04756	0.00898	0.00242	0.00355	0.04309	0.00648	0.00575
8	0.01287	0.01096	0.01331	0.05917	0.01683	0.00874	0.00829	0.01567	0.01349	0.02057	0.01475	0.10703	0.01388	0.00694	0.00543	0.00127	0.00500	0.00587	0.00411	0.65582
9	0.01233	0.01148	0.01925	0.71250	0.04362	0.01424	0.01787	0.01665	0.01327	0.01698	0.01296	0.02064	0.01036	0.00721	0.00672	0.00224	0.00863	0.04272	0.00310	0.00725
10	0.01646	0.44085	0.29630	0.01450	0.02151	0.07448	0.01628	0.02062	0.01396	0.01755	0.01023	0.01191	0.00841	0.00595	0.00511	0.00168	0.00840	0.00408	0.00284	0.00887
11	0.02042	0.01464	0.01590	0.01310	0.01733	0.01601	0.01059	0.33927	0.22878	0.09081	0.02409	0.02444	0.06037	0.00910	0.00664	0.00208	0.00594	0.02933	0.06103	0.01010
12	0.00943	0.00697	0.01017	0.01017	0.01120	0.00800	0.00771	0.01149	0.01046	0.01498	0.01801	0.02796	0.01737	0.13704	0.65613	0.01007	0.01626	0.00736	0.00358	0.00565
13	0.00816	0.00610	0.00753	0.00859	0.00951	0.00556	0.00598	0.00950	0.01327	0.01707	0.04372	0.51370	0.22371	0.04710	0.00920	0.00271	0.00391	0.05326	0.00603	0.00539
14	0.07119	0.00970	0.01142	0.00984	0.01307	0.00924	0.00785	0.08074	0.03829	0.15861	0.25721	0.03881	0.14040	0.01146	0.00702	0.00206	0.00452	0.05323	0.00661	0.06874
15	0.01174	0.01243	0.05802	0.01076	0.01261	0.13430	0.00841	0.01360	0.01409	0.01734	0.05065	0.32817	0.11283	0.09781	0.01043	0.00279	0.00596	0.06370	0.02834	0.00601
16	0.00985	0.00712	0.01017	0.01009	0.01120	0.00823	0.00776	0.01209	0.01083	0.01608	0.01798	0.02653	0.01677	0.09099	0.60089	0.00917	0.03609	0.00709	0.08527	0.00582
17	0.00909	0.00684	0.00857	0.00964	0.01068	0.00666	0.00695	0.01213	0.07765	0.01827	0.03876	0.52790	0.11960	0.01879	0.00826	0.00263	0.00417	0.10132	0.00616	0.00593
18	0.01425	0.10455	0.06394	0.04767	0.04551	0.01214	0.01038	0.01816	0.04324	0.02073	0.01207	0.01405	0.00992	0.00535	0.00511	0.00125	0.00577	0.00424	0.00374	0.55795
19	0.03780	0.01192	0.04012	0.06067	0.01604	0.03298	0.00945	0.07441	0.14371	0.11198	0.04857	0.09549	0.02116	0.18833	0.05440	0.00364	0.02781	0.00845	0.00536	0.00771
20	0.00817	0.00669	0.00725	0.00743	0.00941	0.00577	0.00565	0.01005	0.01519	0.01867	0.12277	0.10963	0.56204	0.01676	0.00793	0.00231	0.00357	0.06885	0.00621	0.00565
21	0.00889	0.00644	0.00844	0.00953	0.03370	0.00598	0.00632	0.01021	0.01382	0.01846	0.17807	0.39187	0.14816	0.04590	0.01057	0.07365	0.00400	0.01466	0.00588	0.00546
22	0.05650	0.05784	0.04834	0.11109	0.10845	0.28217	0.08616	0.04808	0.03558	0.04306	0.01256	0.02924	0.01020	0.00701	0.00682	0.00196	0.03731	0.00553	0.00369	0.00842
23	0.01471	0.04324	0.02629	0.29249	0.29152	0.01610	0.14051	0.01888	0.01409	0.01920	0.01197	0.01668	0.00958	0.00638	0.00752	0.00212	0.05072	0.00610	0.00311	0.00877
24	0.00853	0.00637	0.00778	0.00857	0.00951	0.00595	0.00587	0.01050	0.03827	0.01799	0.10942	0.46720	0.17625	0.08322	0.01032	0.00283	0.00392	0.01590	0.00606	0.00554
25	0.12965	0.01582	0.08427	0.24064	0.20552	0.01511	0.14325	0.01983	0.01409	0.05262	0.01245	0.01620	0.00947	0.00619	0.00640	0.00210	0.00838	0.00583	0.00347	0.00873
26	0.05657	0.19313	0.02286	0.08640	0.09264	0.16188	0.04210	0.07063	0.01581	0.03941	0.01238	0.04532	0.01071	0.00712	0.00658	0.00182	0.04877	0.00536	0.00373	0.07680
27	0.01302	0.01144	0.01422	0.01232	0.01453	0.06862	0.08150	0.07695	0.04546	0.01923	0.06937	0.03138	0.07552	0.20513	0.20763	0.00538	0.02898	0.00827	0.00447	0.00659
28	0.00827	0.00602	0.00783	0.00905	0.00978	0.00559	0.00631	0.00975	0.01349	0.01786	0.09403	0.59248	0.11158	0.01950	0.00834	0.00261	0.00386	0.06196	0.00620	0.00548
29	0.01481	0.01341	0.01932	0.31361	0.20830	0.04208	0.01555	0.10697	0.01665	0.02192	0.06484	0.04994	0.06813	0.00832	0.00678	0.00210	0.00748	0.00729	0.00415	0.00835
30	0.06602	0.01024	0.01273	0.05207	0.04128	0.03064	0.04173	0.04567	0.08363	0.04597	0.17290	0.08953	0.10009	0.11571	0.04169	0.00311	0.00604	0.02849	0.00547	0.00700

[dist]
# distance from previous block
# <min> <max>
4	6

[block]
# block no. 2 follows, 33 sequences, length 36
# corresponding to MSA columns:
# 82-117
name=unknown_C
#
# <colnr> <probs for GDERKNQSTAVLIFYWHMCP>
#	G	D	E	R	K	N	Q	S	T	A	V	L	I	F	Y	W	H	M	C	P
0	0.01416	0.09435	0.05240	0.03226	0.09167	0.06725	0.02743	0.05185	0.01572	0.05204	0.11825	0.05118	0.13434	0.03010	0.09474	0.00306	0.00758	0.00818	0.02650	0.02693
1	0.03365	0.09188	0.14068	0.01231	0.03355	0.02898	0.01106	0.01631	0.06891	0.01868	0.06111	0.06954	0.09171	0.09385	0.17017	0.00438	0.00890	0.03284	0.00432	0.00715
2	0.10339	0.01533	0.02060	0.04399	0.14405	0.06610	0.12456	0.09915	0.08841	0.02394	0.01583	0.07343	0.01359	0.00906	0.02712	0.00230	0.04742	0.00688	0.02371	0.05111
3	0.20118	0.01374	0.01575	0.05323	0.04357	0.09769	0.08176	0.01814	0.04850	0.02048	0.01582	0.02216	0.03211	0.08839	0.11781	0.00380	0.06820	0.02593	0.02466	0.00708
4	0.01038	0.00638	0.00800	0.00781	0.00859	0.00617	0.00526	0.01057	0.01172	0.01648	0.13348	0.03509	0.08030	0.23016	0.04023	0.25947	0.00532	0.00848	0.09001	0.02612
5	0.01144	0.00572	0.00858	0.00858	0.00858	0.00572	0.00572	0.00858	0.00858	0.01144	0.01144	0.02001	0.01144	0.02287	0.02573	0.80846	0.00572	0.00572	0.00286	0.00286
6	0.00937	0.00633	0.00741	0.00760	0.00771	0.00634	0.00447	0.00963	0.01001	0.01341	0.02259	0.13504	0.02609	0.63703	0.06514	0.00611	0.00661	0.01063	0.00424	0.00426
7	0.05012	0.03028	0.59280	0.01806	0.02663	0.01564	0.03814	0.05715	0.01468	0.04285	0.01220	0.01422	0.00872	0.00663	0.00695	0.00212	0.04497	0.00503	0.00321	0.00959
8	0.01271	0.00814	0.01064	0.01009	0.01143	0.00890	0.00781	0.01470	0.01266	0.09140	0.04390	0.03526	0.04276	0.17367	0.17365	0.00492	0.10049	0.09185	0.13874	0.00627
9	0.05590	0.17718	0.28501	0.01786	0.06013	0.22490	0.05100	0.02208	0.01516	0.01889	0.01080	0.01282	0.00853	0.00622	0.00575	0.00184	0.00955	0.00455	0.00308	0.00875
10	0.38090	0.16680	0.05605	0.01321	0.05102	0.15909	0.01087	0.05796	0.01447	0.02396	0.01002	0.01162	0.00809	0.00624	0.00484	0.00184	0.00729	0.00400	0.00372	0.00800
11	0.01372	0.01220	0.03780	0.03106	0.07477	0.05040	0.03561	0.01964	0.14249	0.06349	0.28865	0.03554	0.09082	0.01096	0.00795	0.00215	0.04228	0.02664	0.00593	0.00791
12	0.03968	0.01026	0.01223	0.03233	0.01469	0.00883	0.00783	0.05191	0.01536	0.05683	0.12747	0.12184	0.02306	0.00887	0.00599	0.00157	0.00467	0.00753	0.03709	0.41197
13	0.00834	0.00626	0.00775	0.00841	0.00957	0.00567	0.00599	0.01014	0.01472	0.01940	0.20606	0.39535	0.22217	0.01785	0.00811	0.00243	0.00360	0.03617	0.00638	0.00563
14	0.01313	0.04682	0.01407	0.04687	0.01559	0.01087	0.00886	0.08066	0.01406	0.02020	0.01630	0.09623	0.01569	0.07348	0.16310	0.00383	0.04155	0.00687	0.00417	0.30765
15	0.01144	0.00572	0.00858	0.00858	0.00858	0.00572	0.00572	0.00858	0.00858	0.01144	0.01144	0.02001	0.01144	0.02287	0.02573	0.80846	0.00572	0.00572	0.00286	0.00286
16	0.02054	0.02632	0.07717	0.01568	0.01900	0.50286	0.01257	0.02338	0.04983	0.01665	0.01243	0.01663	0.01098	0.09015	0.03685	0.00264	0.05012	0.00520	0.00354	0.00746
17	0.01031	0.00865	0.01357	0.01231	0.01379	0.00965	0.07882	0.01251	0.01139	0.01598	0.02116	0.10299	0.05684	0.10457	0.41463	0.00731	0.08675	0.00880	0.00389	0.00606
18	0.01365	0.01170	0.01365	0.00975	0.01560	0.00878	0.00780	0.01658	0.01365	0.02145	0.01170	0.01365	0.00975	0.00488	0.00488	0.00098	0.00488	0.00390	0.00390	0.80888
19	0.00997	0.00705	0.00838	0.00816	0.00996	0.00654	0.00621	0.01292	0.03698	0.04020	0.33679	0.05168	0.24214	0.05654	0.00901	0.00240	0.00374	0.07154	0.07367	0.00613
20	0.81514	0.01273	0.00968	0.00866	0.01273	0.01477	0.00713	0.01935	0.01120	0.02954	0.00917	0.01069	0.00713	0.00611	0.00407	0.00204	0.00509	0.00356	0.00407	0.00713
21	0.01365	0.00890	0.01095	0.00974	0.01236	0.00861	0.00756	0.03498	0.12156	0.12513	0.43347	0.04126	0.08060	0.01193	0.00736	0.00209	0.00400	0.02660	0.00709	0.03215
22	0.00932	0.00719	0.00985	0.01017	0.01139	0.00680	0.04399	0.04754	0.01407	0.01850	0.03787	0.59291	0.12804	0.01861	0.00819	0.00255	0.00434	0.01681	0.00599	0.00588
23	0.00974	0.00721	0.00986	0.00970	0.01039	0.00820	0.00702	0.01118	0.01019	0.01439	0.01828	0.03152	0.01876	0.30964	0.44495	0.00863	0.05352	0.00790	0.00366	0.00526
24	0.01760	0.77260	0.03450	0.01126	0.01690	0.02605	0.01126	0.01971	0.01338	0.01549	0.00915	0.01056	0.00845	0.00563	0.00422	0.00141	0.00704	0.00352	0.00282	0.00845
25	0.09511	0.01274	0.01353	0.01157	0.01501	0.01375	0.00920	0.30169	0.08254	0.03001	0.06326	0.09370	0.11407	0.04838	0.00814	0.00236	0.00561	0.04437	0.02652	0.00846
26	0.01021	0.00760	0.00938	0.00990	0.01137	0.00748	0.00753	0.05216	0.05235	0.02047	0.11118	0.31825	0.13574	0.04730	0.00922	0.00271	0.00457	0.17020	0.00619	0.00619
27	0.01422	0.01345	0.05229	0.07721	0.07884	0.05772	0.01160	0.02187	0.21815	0.04071	0.12695	0.08327	0.04281	0.01045	0.00764	0.00221	0.04176	0.04412	0.04649	0.00824
28	0.35417	0.01570	0.03307	0.01455	0.09566	0.10369	0.01049	0.07384	0.03555	0.07764	0.01265	0.01448	0.00985	0.00933	0.04568	0.02704	0.00725	0.00474	0.00436	0.05026
29	0.01438	0.05407	0.05291	0.05062	0.07862	0.05101	0.01102	0.14627	0.01684	0.02243	0.02451	0.28953	0.06052	0.01263	0.00774	0.00223	0.04187	0.01070	0.04443	0.00766
30	0.01926	0.12466	0.05501	0.14653	0.02332	0.23665	0.01318	0.12200	0.01769	0.05879	0.01472	0.01829	0.02826	0.03024	0.04552	0.00246	0.00933	0.02177	0.00408	0.00823
31	0.01407	0.01224	0.04806	0.01289	0.07329	0.01015	0.00962	0.05878	0.06977	0.05717	0.08129	0.08246	0.09447	0.00889	0.00623	0.00168	0.00516	0.00754	0.00507	0.34118
32	0.06211	0.07057	0.01926	0.05481	0.08259	0.07399	0.05644	0.17917	0.08580	0.09395	0.02105	0.06086	0.07224	0.00860	0.00646	0.00200	0.00694	0.00710	0.00524	0.03082
33	0.03605	0.07784	0.08618	0.01559	0.04494	0.10776	0.09030	0.14616	0.05173	0.02270	0.01929	0.02520	0.06307	0.10406	0.04607	0.00298	0.00844	0.03905	0.00444	0.00817
34	0.06949	0.01132	0.01625	0.37706	0.05128	0.01302	0.01389	0.05437	0.06880	0.05840	0.05344	0.06297	0.03596	0.00933	0.00685	0.00226	0.00703	0.07601	0.00454	0.00772
35	0.11666	0.09873	0.07980	0.01393	0.03530	0.07861	0.02899	0.10972	0.12521	0.16002	0.05299	0.01877	0.01496	0.00879	0.02753	0.00222	0.00716	0.00589	0.00537	0.00937

[dist]
# distance from previous block
# <min> <max>
1	7

[block]
# block no. 3 follows, 33 sequences, length 17
# corresponding to MSA columns:
# 125-141
name=unknown_D
#
# <colnr> <probs for GDERKNQSTAVLIFYWHMCP>
#	G	D	E	R	K	N	Q	S	T	A	V	L	I	F	Y	W	H	M	C	P
0	0.01750	0.13286	0.02133	0.13830	0.02311	0.01660	0.08069	0.21401	0.06109	0.04304	0.05669	0.04274	0.01520	0.00772	0.00625	0.00191	0.00694	0.00650	0.05802	0.04950
1	0.06278	0.15638	0.28462	0.06565	0.08723	0.08289	0.01700	0.03794	0.03842	0.06956	0.03079	0.01528	0.01090	0.00661	0.00587	0.00192	0.00829	0.00506	0.00367	0.00914
2	0.02015	0.18807	0.05334	0.04017	0.02035	0.25078	0.03327	0.15258	0.08549	0.02220	0.01332	0.01494	0.01068	0.00973	0.05511	0.00238	0.00946	0.00508	0.00415	0.00875
3	0.01515	0.01233	0.03738	0.05986	0.01717	0.01293	0.01070	0.19142	0.08067	0.04397	0.13483	0.06848	0.07127	0.03343	0.05165	0.00287	0.06661	0.07548	0.00574	0.00806
4	0.00815	0.00639	0.00741	0.00795	0.00943	0.00564	0.00576	0.00985	0.01457	0.01847	0.12672	0.30662	0.38567	0.01776	0.00805	0.00240	0.00359	0.04377	0.00623	0.00558
5	0.01872	0.02113	0.06124	0.01793	0.06149	0.25435	0.08611	0.07027	0.20341	0.02213	0.03388	0.01833	0.01382	0.00997	0.04887	0.00251	0.03635	0.00612	0.00452	0.00887
6	0.00963	0.00729	0.00908	0.00930	0.01094	0.00707	0.00723	0.01309	0.06136	0.02120	0.26087	0.12582	0.18537	0.04226	0.05061	0.00301	0.00494	0.15850	0.00629	0.00614
7	0.01093	0.00575	0.00839	0.00858	0.00862	0.00571	0.00568	0.00870	0.00911	0.01215	0.01488	0.11034	0.01592	0.06045	0.02405	0.67124	0.00552	0.00747	0.00331	0.00321
8	0.01554	0.03487	0.04144	0.19205	0.38575	0.04917	0.01762	0.02035	0.06229	0.02025	0.01284	0.01648	0.01042	0.00642	0.00689	0.00197	0.03492	0.00568	0.00343	0.06164
9	0.00803	0.00619	0.00734	0.00809	0.00931	0.00550	0.00567	0.00954	0.01405	0.01797	0.10362	0.42581	0.31837	0.01846	0.00810	0.00244	0.00357	0.01624	0.00620	0.00550
10	0.01490	0.05012	0.13012	0.11159	0.16961	0.04029	0.10275	0.02086	0.09783	0.02037	0.03059	0.02055	0.01331	0.00792	0.00861	0.00222	0.10239	0.04339	0.00375	0.00883
11	0.00817	0.00584	0.00781	0.00934	0.00979	0.00548	0.00637	0.00943	0.01275	0.01697	0.03620	0.72444	0.04321	0.02048	0.00844	0.00269	0.00395	0.05714	0.00611	0.00539
12	0.06258	0.01533	0.01536	0.13145	0.05030	0.18102	0.01141	0.02054	0.03934	0.10000	0.15385	0.02306	0.02102	0.00870	0.00769	0.00203	0.07303	0.00669	0.06888	0.00773
13	0.01131	0.00915	0.01354	0.01248	0.01374	0.01062	0.05591	0.01360	0.01179	0.01714	0.01926	0.03328	0.01908	0.11740	0.26621	0.00580	0.15865	0.12238	0.08250	0.00617
14	0.56791	0.01332	0.01231	0.01167	0.06050	0.01495	0.00874	0.12030	0.01482	0.06053	0.01177	0.01310	0.00889	0.00653	0.00474	0.00199	0.00549	0.00434	0.05005	0.00806
15	0.01784	0.12731	0.09105	0.01847	0.11554	0.03815	0.08356	0.11267	0.04936	0.08236	0.01487	0.04763	0.01211	0.00731	0.00705	0.00189	0.05108	0.00601	0.00436	0.11139
16	0.01779	0.11460	0.05567	0.02186	0.16874	0.04589	0.13580	0.16701	0.07144	0.02459	0.01671	0.01863	0.05129	0.00745	0.00742	0.00202	0.05294	0.00638	0.00431	0.00946

[dist]
# distance from previous block
# <min> <max>
0	6

[block]
# block no. 4 follows, 33 sequences, length 10
# corresponding to MSA columns:
# 148-157
name=unknown_E
#
# <colnr> <probs for GDERKNQSTAVLIFYWHMCP>
#	G	D	E	R	K	N	Q	S	T	A	V	L	I	F	Y	W	H	M	C	P
0	0.01280	0.00948	0.01043	0.01003	0.01220	0.06716	0.00739	0.01463	0.01428	0.10295	0.06149	0.34766	0.10037	0.01825	0.08054	0.00303	0.00612	0.01235	0.00566	0.10320
1	0.01364	0.01220	0.01657	0.11460	0.02128	0.01024	0.06643	0.01698	0.01374	0.02078	0.01183	0.01453	0.00963	0.00517	0.00535	0.00125	0.00593	0.00449	0.00372	0.63165
2	0.01911	0.08137	0.05711	0.11875	0.02205	0.11565	0.01245	0.13349	0.01771	0.11844	0.03474	0.01667	0.01204	0.00830	0.02798	0.00205	0.04113	0.00535	0.00459	0.15102
3	0.56352	0.01533	0.01197	0.01064	0.01463	0.09827	0.00853	0.05251	0.12494	0.02821	0.01237	0.01326	0.00952	0.00671	0.00481	0.00203	0.00598	0.00436	0.00452	0.00789
4	0.01143	0.00879	0.01041	0.00959	0.01154	0.00895	0.00737	0.10794	0.01761	0.02360	0.27541	0.09730	0.21762	0.06743	0.01043	0.00255	0.05304	0.04623	0.00621	0.00657
5	0.00796	0.00649	0.00704	0.00729	0.00910	0.00557	0.00532	0.00965	0.01485	0.01833	0.11682	0.19810	0.53627	0.01717	0.00790	0.00230	0.00341	0.01466	0.00621	0.00557
6	0.01365	0.01170	0.01365	0.00975	0.01560	0.00878	0.00780	0.01658	0.01365	0.02145	0.01170	0.01365	0.00975	0.00488	0.00488	0.00098	0.00488	0.00390	0.00390	0.80888
7	0.00814	0.00620	0.00718	0.00787	0.00895	0.00558	0.00536	0.00934	0.01316	0.01664	0.04648	0.37853	0.31789	0.12349	0.01166	0.00301	0.00398	0.01548	0.00582	0.00524
8	0.05747	0.00949	0.01297	0.07448	0.03762	0.00947	0.06520	0.01603	0.08526	0.04286	0.25292	0.06174	0.22462	0.01206	0.00730	0.00216	0.00487	0.01053	0.00588	0.00706
9	0.14643	0.17594	0.05182	0.03151	0.04265	0.15062	0.01180	0.15711	0.03770	0.09126	0.01480	0.01551	0.03216	0.00709	0.00561	0.00185	0.00754	0.00505	0.00459	0.00895

[dist]
# distance from previous block
# <min> <max>
0	2

[block]
# block no. 5 follows, 33 sequences, length 46
# corresponding to MSA columns:
# 160-205
name=unknown_F
#
# <colnr> <probs for GDERKNQSTAVLIFYWHMCP>
#	G	D	E	R	K	N	Q	S	T	A	V	L	I	F	Y	W	H	M	C	P
0	0.52616	0.04507	0.09777	0.04035	0.01784	0.01606	0.03773	0.10885	0.01442	0.02872	0.01060	0.01227	0.00803	0.00634	0.00490	0.00202	0.00636	0.00428	0.00413	0.00809
1	0.01327	0.01331	0.06945	0.01455	0.07873	0.06029	0.02952	0.08923	0.04133	0.02155	0.07147	0.22532	0.10401	0.03783	0.00859	0.00239	0.02561	0.04950	0.00524	0.03884
2	0.05740	0.09851	0.12534	0.06479	0.07963	0.13527	0.15608	0.07622	0.07922	0.04547	0.01361	0.01565	0.01038	0.00655	0.00632	0.00198	0.00891	0.00567	0.00393	0.00908
3	0.01558	0.01662	0.03562	0.02574	0.03189	0.01555	0.62464	0.02069	0.01547	0.05043	0.01550	0.07156	0.01266	0.00674	0.00777	0.00224	0.01035	0.00851	0.00373	0.00872
4	0.01012	0.00701	0.00804	0.00772	0.00988	0.00607	0.00581	0.01217	0.01604	0.08357	0.22161	0.11385	0.44327	0.01545	0.00772	0.00221	0.00352	0.01315	0.00657	0.00620
5	0.01371	0.02186	0.30196	0.26259	0.12212	0.01533	0.13013	0.01949	0.01406	0.01965	0.01209	0.01601	0.00901	0.00620	0.00664	0.00213	0.00940	0.00577	0.00297	0.00889
6	0.04027	0.17135	0.10018	0.04238	0.22324	0.01858	0.01553	0.16120	0.06796	0.05419	0.01374	0.01545	0.01071	0.00679	0.00646	0.00192	0.03056	0.00537	0.00425	0.00986
7	0.01004	0.00740	0.01014	0.01004	0.01098	0.00833	0.00745	0.03248	0.01119	0.01569	0.01963	0.07133	0.02007	0.22428	0.45792	0.00837	0.03591	0.02921	0.00394	0.00559
8	0.01132	0.00572	0.00854	0.00860	0.00861	0.00571	0.00573	0.00860	0.00871	0.01162	0.01228	0.04517	0.01252	0.02279	0.02514	0.78122	0.00565	0.00616	0.00297	0.00294
9	0.01096	0.00846	0.01231	0.12198	0.05724	0.00885	0.01130	0.01385	0.01422	0.01853	0.02995	0.05875	0.05916	0.09928	0.01124	0.00319	0.00648	0.44280	0.00522	0.00624
10	0.01448	0.01464	0.02151	0.01803	0.01851	0.01991	0.06389	0.01622	0.01047	0.01622	0.00898	0.01464	0.00874	0.01109	0.02061	0.00283	0.70306	0.00591	0.00291	0.00732
11	0.01495	0.01733	0.05742	0.09099	0.03439	0.01606	0.59962	0.02032	0.01518	0.02056	0.01388	0.04186	0.01092	0.00615	0.00764	0.00223	0.01062	0.00787	0.00337	0.00865
12	0.01144	0.00572	0.00858	0.00858	0.00858	0.00572	0.00572	0.00858	0.00858	0.01144	0.01144	0.02001	0.01144	0.02287	0.02573	0.80846	0.00572	0.00572	0.00286	0.00286
13	0.01629	0.01564	0.02672	0.04041	0.72757	0.01564	0.02020	0.02020	0.01499	0.02151	0.01238	0.01629	0.01043	0.00587	0.00652	0.00196	0.00782	0.00587	0.00326	0.01043
14	0.01554	0.01776	0.03885	0.02775	0.03441	0.01665	0.70366	0.02109	0.01554	0.02109	0.01332	0.01776	0.00999	0.00555	0.00777	0.00222	0.01110	0.00777	0.00333	0.00888
15	0.02563	0.01103	0.01452	0.01140	0.01589	0.00997	0.00931	0.08532	0.01983	0.55075	0.14706	0.02653	0.02387	0.00906	0.00682	0.00204	0.00530	0.00749	0.00786	0.01033
16	0.01280	0.00665	0.00670	0.00651	0.00820	0.00673	0.00493	0.04405	0.01452	0.02525	0.02124	0.02418	0.01664	0.00768	0.00468	0.00155	0.00324	0.00613	0.77197	0.00635
17	0.00953	0.00654	0.00798	0.00798	0.00826	0.00682	0.00499	0.01009	0.00981	0.01336	0.02001	0.03901	0.02217	0.59866	0.20107	0.00737	0.00904	0.00898	0.00388	0.00444
18	0.00809	0.00664	0.00713	0.00709	0.00910	0.00568	0.00529	0.01002	0.01562	0.01943	0.19437	0.08973	0.56656	0.01621	0.00780	0.00221	0.00331	0.01370	0.00634	0.00568
19	0.00905	0.00654	0.00855	0.00979	0.01066	0.00627	0.00714	0.03160	0.01382	0.01820	0.03712	0.56395	0.08064	0.01952	0.00845	0.00270	0.00434	0.14989	0.00612	0.00568
20	0.02357	0.02969	0.01878	0.04344	0.02107	0.67448	0.01302	0.02535	0.01796	0.01612	0.01014	0.01222	0.00850	0.00705	0.00686	0.00178	0.05463	0.00439	0.00335	0.00760
21	0.81514	0.01273	0.00968	0.00866	0.01273	0.01477	0.00713	0.01935	0.01120	0.02954	0.00917	0.01069	0.00713	0.00611	0.00407	0.00204	0.00509	0.00356	0.00407	0.00713
22	0.02431	0.01935	0.01927	0.01519	0.02015	0.08961	0.01237	0.58793	0.08314	0.03796	0.01612	0.01611	0.01163	0.00788	0.00653	0.00197	0.00753	0.00588	0.00629	0.01079
23	0.02605	0.01680	0.01874	0.01437	0.01960	0.01799	0.01187	0.55326	0.02821	0.19772	0.01811	0.01730	0.01235	0.00796	0.00659	0.00199	0.00687	0.00608	0.00694	0.01120
24	0.01629	0.01564	0.02672	0.04041	0.72757	0.01564	0.02020	0.02020	0.01499	0.02151	0.01238	0.01629	0.01043	0.00587	0.00652	0.00196	0.00782	0.00587	0.00326	0.01043
25	0.08877	0.01426	0.02648	0.11236	0.07705	0.01427	0.34348	0.01935	0.01459	0.07008	0.01800	0.08335	0.04807	0.00795	0.00760	0.00223	0.03168	0.00811	0.00404	0.00828
26	0.00895	0.00688	0.00831	0.00857	0.01036	0.00624	0.00677	0.01137	0.01607	0.02083	0.25730	0.08369	0.33463	0.01619	0.00812	0.00239	0.00395	0.17707	0.00644	0.00587
27	0.01061	0.00758	0.01061	0.01212	0.01364	0.00758	0.01061	0.01364	0.01515	0.01970	0.03486	0.07426	0.03789	0.01819	0.00909	0.00303	0.00606	0.68326	0.00606	0.00606
28	0.02456	0.01841	0.02070	0.01577	0.02110	0.02023	0.04653	0.67193	0.03019	0.04049	0.01568	0.01590	0.01114	0.00779	0.00664	0.00199	0.00743	0.00602	0.00643	0.01108
29	0.00830	0.00590	0.00757	0.00874	0.00917	0.00554	0.00574	0.00935	0.01242	0.01652	0.05730	0.60378	0.06560	0.13654	0.01226	0.00321	0.00418	0.01690	0.00582	0.00517
30	0.02429	0.01740	0.01925	0.01486	0.01978	0.01921	0.01228	0.58555	0.02806	0.09202	0.01597	0.01615	0.01137	0.00807	0.00756	0.00201	0.05798	0.00591	0.00637	0.03592
31	0.01131	0.00982	0.01309	0.10658	0.11442	0.03950	0.01104	0.01421	0.01529	0.01964	0.11187	0.07809	0.18807	0.01380	0.00782	0.00242	0.00585	0.22511	0.00532	0.00676
32	0.01725	0.01849	0.02184	0.04079	0.10702	0.20297	0.14648	0.04146	0.01594	0.02023	0.03944	0.01623	0.01172	0.00764	0.02714	0.00199	0.04573	0.00558	0.00370	0.20835
33	0.01622	0.53266	0.23353	0.01364	0.02022	0.02275	0.01511	0.01989	0.01340	0.01703	0.00989	0.01166	0.00842	0.00604	0.00548	0.00166	0.03684	0.00399	0.00281	0.00877
34	0.04909	0.01468	0.01584	0.01298	0.01707	0.01611	0.01033	0.34239	0.21063	0.08673	0.02172	0.02283	0.04465	0.07124	0.00932	0.02514	0.00621	0.00693	0.00631	0.00978
35	0.01404	0.01648	0.11373	0.10610	0.17645	0.01410	0.24511	0.04147	0.01523	0.02103	0.05099	0.12114	0.01697	0.00836	0.00723	0.00219	0.00845	0.00844	0.00389	0.00860
36	0.04408	0.03797	0.02122	0.04724	0.23344	0.03380	0.08012	0.13478	0.07270	0.08608	0.01955	0.10381	0.03848	0.00869	0.00676	0.00209	0.00707	0.00778	0.00494	0.00939
37	0.00957	0.00638	0.00718	0.00718	0.00718	0.00638	0.00399	0.00957	0.00957	0.01276	0.02074	0.04308	0.02393	0.76864	0.03351	0.00638	0.00638	0.00957	0.00399	0.00399
38	0.01144	0.00572	0.00858	0.00858	0.00858	0.00572	0.00572	0.00858	0.00858	0.01144	0.01144	0.02001	0.01144	0.02287	0.02573	0.80846	0.00572	0.00572	0.00286	0.00286
39	0.05234	0.24769	0.15574	0.04974	0.06617	0.12069	0.07878	0.03517	0.01472	0.01898	0.03028	0.03390	0.01142	0.02695	0.00697	0.00198	0.03136	0.00540	0.00334	0.00839
40	0.02476	0.01699	0.01851	0.01428	0.01931	0.01849	0.01177	0.59665	0.02872	0.11151	0.01718	0.01699	0.01205	0.00791	0.00648	0.00196	0.00683	0.00601	0.05271	0.01091
41	0.00861	0.00660	0.00788	0.00777	0.00945	0.00588	0.00575	0.01097	0.01665	0.02217	0.40615	0.12766	0.30984	0.01540	0.00784	0.00219	0.00326	0.01335	0.00670	0.00588
42	0.00884	0.00710	0.00935	0.03987	0.06632	0.00663	0.00732	0.01062	0.01399	0.01811	0.08801	0.40124	0.26397	0.01717	0.00794	0.00241	0.00412	0.01520	0.00584	0.00594
43	0.01668	0.01604	0.04866	0.08581	0.08413	0.10915	0.08649	0.07749	0.10827	0.06232	0.04681	0.07110	0.03926	0.00937	0.00763	0.00218	0.04306	0.04908	0.02797	0.00851
44	0.04376	0.01154	0.01895	0.69911	0.04288	0.01433	0.01744	0.01667	0.01307	0.01732	0.01241	0.04191	0.00986	0.00703	0.00654	0.00220	0.00847	0.00619	0.00308	0.00724
45	0.04006	0.45257	0.04471	0.03716	0.01893	0.14260	0.01221	0.08689	0.03424	0.01897	0.01055	0.01218	0.00901	0.00652	0.00589	0.00167	0.04971	0.00421	0.00342	0.00852

[dist]
# distance from previous block
# <min> <max>
0	3

[block]
# block no. 6 follows, 33 sequences, length 14
# corresponding to MSA columns:
# 209-222
name=unknown_G
#
# <colnr> <probs for GDERKNQSTAVLIFYWHMCP>
#	G	D	E	R	K	N	Q	S	T	A	V	L	I	F	Y	W	H	M	C	P
0	0.01241	0.01276	0.06585	0.15570	0.04300	0.01181	0.17420	0.03715	0.02980	0.01888	0.01965	0.17530	0.01963	0.10998	0.03503	0.00308	0.00799	0.02917	0.00415	0.03447
1	0.09447	0.10483	0.08699	0.06436	0.09871	0.05217	0.03904	0.08232	0.03409	0.07441	0.04036	0.06139	0.03735	0.00815	0.00697	0.00199	0.04879	0.00647	0.00439	0.05277
2	0.04979	0.27812	0.04182	0.01436	0.08179	0.08035	0.01124	0.06935	0.05966	0.07100	0.06447	0.07270	0.06254	0.00862	0.00588	0.00185	0.00660	0.00677	0.00458	0.00850
3	0.00954	0.00650	0.00779	0.00779	0.00800	0.00671	0.00475	0.00996	0.00975	0.01321	0.02019	0.04001	0.02260	0.64039	0.15994	0.00713	0.00839	0.00912	0.00391	0.00433
4	0.01376	0.05254	0.17685	0.12249	0.03952	0.09195	0.01434	0.04015	0.05632	0.01991	0.05025	0.03129	0.10558	0.01230	0.05067	0.00268	0.00822	0.09906	0.00431	0.00781
5	0.07110	0.12140	0.11287	0.01907	0.14289	0.07339	0.05698	0.11136	0.01633	0.05367	0.01376	0.04003	0.01154	0.02732	0.05433	0.00259	0.03174	0.00582	0.00400	0.02981
6	0.00835	0.00667	0.00750	0.00761	0.00948	0.00583	0.00574	0.01040	0.01567	0.01985	0.21670	0.11771	0.46910	0.01634	0.00791	0.00228	0.00350	0.05728	0.00638	0.00573
7	0.02117	0.01280	0.01705	0.23657	0.02560	0.01368	0.01262	0.20571	0.02015	0.25742	0.06408	0.02099	0.01565	0.00793	0.00660	0.00205	0.00674	0.00653	0.03715	0.00950
8	0.02069	0.09179	0.06122	0.03953	0.04611	0.10651	0.09124	0.22026	0.05687	0.11375	0.01712	0.04375	0.01362	0.00806	0.00658	0.00202	0.00796	0.03822	0.00517	0.00952
9	0.01537	0.01470	0.02505	0.21077	0.56442	0.01540	0.01974	0.01939	0.01455	0.02039	0.01222	0.01659	0.01003	0.00604	0.00653	0.00201	0.00805	0.00586	0.00318	0.00968
10	0.00809	0.00663	0.00717	0.00736	0.00931	0.00571	0.00554	0.00990	0.01507	0.01849	0.11465	0.13231	0.56410	0.01689	0.00792	0.00230	0.00352	0.05321	0.00620	0.00562
11	0.01057	0.00834	0.00961	0.04386	0.01243	0.00820	0.00703	0.07706	0.06197	0.02178	0.16964	0.16021	0.32070	0.04797	0.00877	0.00242	0.00425	0.01255	0.00616	0.00650
12	0.01711	0.03729	0.01556	0.01128	0.01669	0.01224	0.00914	0.12904	0.10966	0.07802	0.01533	0.01599	0.01179	0.00616	0.00550	0.00139	0.00542	0.00488	0.00498	0.49254
13	0.01656	0.01358	0.04059	0.12287	0.15883	0.01357	0.01331	0.18021	0.04014	0.06764	0.04323	0.06895	0.05650	0.03446	0.00775	0.00224	0.00670	0.05480	0.00509	0.05299

[dist]
# distance from previous block
# <min> <max>
2	5

[block]
# block no. 7 follows, 33 sequences, length 10
# corresponding to MSA columns:
# 228-237
name=unknown_H
#
# <colnr> <probs for GDERKNQSTAVLIFYWHMCP>
#	G	D	E	R	K	N	Q	S	T	A	V	L	I	F	Y	W	H	M	C	P
0	0.01397	0.01345	0.02291	0.43656	0.26453	0.01544	0.04971	0.01804	0.01365	0.01847	0.01178	0.01693	0.00936	0.00665	0.00768	0.00217	0.06135	0.00594	0.00305	0.00839
1	0.01637	0.01305	0.01584	0.09033	0.04403	0.05540	0.01150	0.13309	0.01582	0.07013	0.01691	0.02650	0.01551	0.13896	0.01479	0.00302	0.18450	0.06876	0.05789	0.00758
2	0.00822	0.00651	0.00740	0.00754	0.00926	0.00569	0.00552	0.01017	0.01551	0.01985	0.23198	0.18633	0.42961	0.01655	0.00789	0.00226	0.00336	0.01425	0.00641	0.00569
3	0.01365	0.01170	0.01365	0.00975	0.01560	0.00878	0.00780	0.01658	0.01365	0.02145	0.01170	0.01365	0.00975	0.00488	0.00488	0.00098	0.00488	0.00390	0.00390	0.80888
4	0.00822	0.00645	0.00745	0.00771	0.00929	0.00567	0.00558	0.01012	0.01530	0.01968	0.22252	0.23809	0.38673	0.01688	0.00793	0.00230	0.00340	0.01463	0.00639	0.00567
5	0.01102	0.00971	0.01483	0.24748	0.09462	0.01017	0.04443	0.01431	0.01502	0.01983	0.15037	0.03817	0.22839	0.01097	0.00717	0.00215	0.00591	0.02935	0.03919	0.00692
6	0.00910	0.00667	0.00769	0.00777	0.00947	0.00594	0.00564	0.01080	0.01460	0.04715	0.13802	0.19378	0.40023	0.06828	0.04209	0.00293	0.00433	0.01370	0.00608	0.00574
7	0.01355	0.01320	0.02005	0.01678	0.01780	0.01698	0.09480	0.01528	0.01100	0.01627	0.01389	0.01924	0.05730	0.01457	0.07019	0.05604	0.51633	0.00663	0.00319	0.00691
8	0.01259	0.04843	0.04117	0.08861	0.02117	0.01277	0.16033	0.01871	0.14851	0.02014	0.04510	0.23814	0.06196	0.01177	0.00797	0.00233	0.03690	0.01077	0.00495	0.00768
9	0.04394	0.01333	0.01435	0.01276	0.04131	0.05066	0.00962	0.11998	0.18596	0.09833	0.04903	0.02755	0.12205	0.04930	0.00863	0.00223	0.04009	0.00754	0.00575	0.09759

[dist]
# distance from previous block
# <min> <max>
1	9

[block]
# block no. 8 follows, 33 sequences, length 10
# corresponding to MSA columns:
# 247-256
name=unknown_I
#
# <colnr> <probs for GDERKNQSTAVLIFYWHMCP>
#	G	D	E	R	K	N	Q	S	T	A	V	L	I	F	Y	W	H	M	C	P
0	0.03340	0.01598	0.08295	0.26769	0.15081	0.03043	0.11511	0.09602	0.01625	0.04227	0.02720	0.01756	0.01104	0.00661	0.00655	0.00205	0.00831	0.00608	0.03778	0.02589
1	0.01070	0.00918	0.01338	0.07861	0.10924	0.00897	0.04683	0.01384	0.04192	0.01946	0.11342	0.18386	0.19814	0.05561	0.00901	0.00249	0.00531	0.04491	0.00527	0.02984
2	0.01198	0.00974	0.01140	0.01140	0.04500	0.03438	0.00816	0.10203	0.01616	0.02130	0.13394	0.12495	0.19046	0.08512	0.11029	0.00374	0.03930	0.02857	0.00543	0.00665
3	0.01616	0.01876	0.08679	0.02501	0.07785	0.04725	0.44880	0.07637	0.01634	0.02207	0.01402	0.05133	0.01141	0.00689	0.00817	0.00221	0.05047	0.00751	0.00366	0.00893
4	0.01456	0.06432	0.01527	0.01027	0.01577	0.01074	0.00834	0.07275	0.01499	0.02244	0.01314	0.05279	0.01154	0.00600	0.00515	0.00118	0.00516	0.00481	0.00416	0.64662
5	0.01498	0.01188	0.01376	0.04563	0.07359	0.04902	0.00994	0.07635	0.17630	0.07302	0.18141	0.06039	0.09160	0.04610	0.00839	0.00236	0.00553	0.04551	0.00606	0.00818
6	0.01526	0.07097	0.01216	0.00910	0.01217	0.00931	0.00731	0.04113	0.04406	0.18322	0.21966	0.03912	0.20962	0.01151	0.00683	0.00200	0.00427	0.00960	0.08502	0.00768
7	0.01799	0.01506	0.04864	0.05970	0.15221	0.04394	0.01294	0.16691	0.09612	0.09395	0.08472	0.02427	0.04795	0.00845	0.00665	0.00198	0.00657	0.02995	0.00542	0.07658
8	0.05558	0.01549	0.08815	0.01358	0.05288	0.11018	0.01100	0.03821	0.06936	0.10039	0.04564	0.07921	0.11743	0.02638	0.00782	0.00220	0.03526	0.05207	0.03984	0.03932
9	0.08465	0.09713	0.07462	0.03772	0.01647	0.03487	0.01060	0.05802	0.09527	0.02167	0.08119	0.06692	0.03902	0.03464	0.10585	0.00325	0.05327	0.00710	0.00452	0.07320

[dist]
# distance from previous block
# <min> <max>
4	9

[block]
# block no. 9 follows, 33 sequences, length 7
# corresponding to MSA columns:
# 266-272
name=unknown_J
#
# <colnr> <probs for GDERKNQSTAVLIFYWHMCP>
#	G	D	E	R	K	N	Q	S	T	A	V	L	I	F	Y	W	H	M	C	P
0	0.01618	0.01502	0.05637	0.02024	0.20238	0.01512	0.01336	0.11019	0.30861	0.02682	0.09705	0.05054	0.02127	0.00878	0.00679	0.00212	0.00611	0.00760	0.00561	0.00984
1	0.00899	0.00663	0.00841	0.00931	0.01024	0.00640	0.00659	0.01164	0.05875	0.01888	0.12905	0.49163	0.08425	0.05309	0.00939	0.00274	0.00408	0.06794	0.00620	0.00579
2	0.11128	0.01246	0.03367	0.03642	0.12667	0.03412	0.04538	0.06449	0.06946	0.06679	0.02423	0.16678	0.07068	0.06666	0.00884	0.00254	0.00621	0.04041	0.00507	0.00787
3	0.01914	0.42641	0.11376	0.01501	0.05235	0.15384	0.01366	0.10055	0.01651	0.01954	0.01058	0.01207	0.00885	0.00619	0.00516	0.00163	0.00830	0.00420	0.00337	0.00886
4	0.01058	0.00795	0.01077	0.01008	0.01202	0.00754	0.05125	0.01408	0.06971	0.05134	0.23536	0.23028	0.16587	0.05730	0.00929	0.00255	0.00440	0.03691	0.00627	0.00645
5	0.00922	0.00898	0.06984	0.00979	0.01162	0.00707	0.00791	0.01208	0.04805	0.01845	0.08131	0.38797	0.16609	0.06252	0.00955	0.00273	0.00460	0.07038	0.00580	0.00604
6	0.16051	0.06211	0.08631	0.05504	0.09102	0.03724	0.04651	0.05232	0.06191	0.09234	0.10458	0.06237	0.01977	0.00868	0.00633	0.00208	0.00653	0.03096	0.00493	0.00846

[dist]
# distance from previous block
# <min> <max>
6	19

[block]
# block no. 10 follows, 33 sequences, length 35
# corresponding to MSA columns:
# 292-303,308-330
name=unknown_K
#
# <colnr> <probs for GDERKNQSTAVLIFYWHMCP>
#	G	D	E	R	K	N	Q	S	T	A	V	L	I	F	Y	W	H	M	C	P
0	0.07638	0.03485	0.01329	0.01169	0.04102	0.03422	0.00887	0.07725	0.08425	0.17998	0.10583	0.05123	0.12904	0.03184	0.04211	0.00261	0.00588	0.03732	0.02407	0.00827
1	0.01508	0.03626	0.05497	0.08364	0.25852	0.04610	0.04110	0.04500	0.04818	0.05033	0.08098	0.02755	0.07652	0.04415	0.00803	0.00226	0.00699	0.03940	0.02638	0.00856
2	0.01184	0.00796	0.00966	0.00861	0.01128	0.00687	0.00662	0.01434	0.01609	0.09268	0.27304	0.07689	0.19337	0.03610	0.00794	0.00210	0.00398	0.04191	0.03752	0.14122
3	0.00860	0.00662	0.00786	0.00771	0.00944	0.00588	0.00572	0.01097	0.01669	0.02218	0.40572	0.11411	0.32406	0.01533	0.00782	0.00218	0.00326	0.01326	0.00670	0.00588
4	0.01655	0.01080	0.01179	0.01005	0.01323	0.01108	0.00806	0.24417	0.02043	0.07928	0.06654	0.03354	0.16975	0.01053	0.00647	0.00197	0.00484	0.04176	0.23112	0.00806
5	0.01747	0.02001	0.03176	0.02382	0.02890	0.15982	0.45330	0.04342	0.01592	0.02006	0.01215	0.01609	0.00955	0.00667	0.00922	0.00220	0.11102	0.00675	0.00339	0.00848
6	0.81514	0.01273	0.00968	0.00866	0.01273	0.01477	0.00713	0.01935	0.01120	0.02954	0.00917	0.01069	0.00713	0.00611	0.00407	0.00204	0.00509	0.00356	0.00407	0.00713
7	0.00790	0.00667	0.00684	0.00680	0.00897	0.00561	0.00510	0.00969	0.01530	0.01847	0.11918	0.06222	0.67198	0.01642	0.00778	0.00221	0.00332	0.01374	0.00620	0.00561
8	0.01214	0.06900	0.35964	0.05174	0.03858	0.01277	0.03777	0.01725	0.01466	0.02054	0.11537	0.04504	0.12437	0.00903	0.00662	0.00203	0.00730	0.00754	0.00405	0.04458
9	0.00859	0.00680	0.00783	0.00770	0.00962	0.00589	0.00569	0.01070	0.01574	0.02055	0.26753	0.15849	0.38037	0.01564	0.00772	0.00218	0.00341	0.01347	0.00636	0.04571
10	0.01599	0.04824	0.01667	0.01163	0.01712	0.01212	0.04135	0.15172	0.01704	0.02501	0.01294	0.01481	0.01040	0.00686	0.02571	0.00153	0.00603	0.00462	0.02987	0.53036
11	0.01167	0.00826	0.01124	0.01144	0.04089	0.00802	0.02576	0.05324	0.01379	0.05148	0.04499	0.39351	0.05630	0.04793	0.01136	0.09817	0.02979	0.01281	0.00533	0.06400
12	0.01648	0.31668	0.27377	0.01588	0.05024	0.02030	0.01637	0.08636	0.07140	0.02105	0.01223	0.01376	0.00969	0.00662	0.00627	0.00186	0.04349	0.00473	0.00349	0.00933
13	0.01506	0.09845	0.10712	0.01190	0.01577	0.01220	0.01087	0.12928	0.01731	0.09418	0.04693	0.18314	0.11929	0.01271	0.00717	0.00225	0.00589	0.09692	0.00562	0.00795
14	0.01783	0.17944	0.02325	0.01552	0.04364	0.09524	0.11131	0.11821	0.01724	0.05672	0.04861	0.07726	0.01515	0.00789	0.00662	0.00181	0.03149	0.00656	0.00441	0.12181
15	0.00831	0.00613	0.00781	0.00879	0.00971	0.00563	0.00619	0.00993	0.01401	0.01850	0.13908	0.50621	0.15996	0.01881	0.00825	0.00253	0.00376	0.05457	0.00627	0.00555
16	0.01273	0.04776	0.04566	0.01147	0.04137	0.01015	0.00863	0.05725	0.03531	0.05523	0.03943	0.13498	0.06406	0.15905	0.12097	0.05575	0.04146	0.00914	0.04306	0.00656
17	0.01697	0.26519	0.21872	0.04941	0.03959	0.06055	0.04921	0.04047	0.01480	0.08819	0.01410	0.05387	0.01191	0.04162	0.00707	0.00207	0.00803	0.00574	0.00373	0.00875
