[name]
unknown

[dist]
# distance from previous block
# <min> <max>
0	39

[block]
# block no. 0 follows, 34 sequences, length 40
# corresponding to MSA columns:
# 40-79
name=unknown_A
#
# <colnr> <probs for GDERKNQSTAVLIFYWHMCP>
#	G	D	E	R	K	N	Q	S	T	A	V	L	I	F	Y	W	H	M	C	P
0	0.01136	0.00923	0.01154	0.01053	0.01299	0.00937	0.03222	0.07457	0.07207	0.02160	0.13195	0.04532	0.25275	0.01710	0.08569	0.00310	0.03939	0.11405	0.00564	0.03951
1	0.01735	0.09248	0.01662	0.01327	0.04725	0.04417	0.01010	0.12355	0.22071	0.10051	0.05071	0.09230	0.03668	0.03684	0.02640	0.00238	0.02402	0.00771	0.00565	0.03128
2	0.04210	0.04422	0.08046	0.04235	0.12010	0.12061	0.01330	0.11428	0.18542	0.07292	0.01678	0.01800	0.01287	0.01102	0.07461	0.00274	0.00839	0.00583	0.00476	0.00925
3	0.01952	0.33127	0.04154	0.01507	0.06326	0.07530	0.03295	0.20020	0.05276	0.05253	0.01387	0.01663	0.01144	0.00708	0.00561	0.00176	0.00735	0.03831	0.00436	0.00918
4	0.04895	0.12768	0.04616	0.03708	0.04073	0.05483	0.08614	0.06272	0.09814	0.07681	0.01546	0.01840	0.01251	0.04238	0.12142	0.00329	0.00875	0.00577	0.00426	0.08851
5	0.01261	0.01353	0.06266	0.01714	0.04237	0.04451	0.21260	0.01582	0.01362	0.01890	0.07718	0.18470	0.02189	0.02859	0.05457	0.00287	0.11709	0.00956	0.04264	0.00714
6	0.06300	0.05696	0.02060	0.01817	0.11728	0.07480	0.11505	0.08825	0.11744	0.15051	0.06351	0.05271	0.01686	0.00792	0.00649	0.00200	0.00702	0.00695	0.00525	0.00922
7	0.01646	0.03741	0.19100	0.07231	0.02465	0.04645	0.16833	0.02282	0.10497	0.12983	0.04087	0.02107	0.05454	0.00761	0.00716	0.00209	0.03222	0.00676	0.00451	0.00895
8	0.00980	0.03854	0.01164	0.01058	0.01180	0.00927	0.00830	0.01195	0.01043	0.01492	0.01668	0.02498	0.01579	0.07692	0.65083	0.00947	0.05197	0.00683	0.00342	0.00585
9	0.01436	0.01552	0.05995	0.21964	0.14780	0.01550	0.26569	0.02045	0.08774	0.01997	0.01374	0.01772	0.01062	0.00738	0.02490	0.00234	0.03804	0.00656	0.00346	0.00862
10	0.01462	0.06067	0.29316	0.04363	0.09645	0.09343	0.04373	0.01891	0.01399	0.04764	0.01592	0.14516	0.01483	0.00899	0.00751	0.00212	0.05985	0.00738	0.00366	0.00836
11	0.01539	0.04440	0.17083	0.15359	0.06238	0.01518	0.19478	0.07767	0.01540	0.06681	0.01479	0.07359	0.01217	0.00757	0.00749	0.00214	0.04639	0.00696	0.00382	0.00866
12	0.01022	0.00798	0.00944	0.00883	0.01086	0.00789	0.00669	0.01593	0.15123	0.02478	0.48994	0.04589	0.15969	0.01287	0.00742	0.00209	0.00348	0.01116	0.00683	0.00678
13	0.01521	0.02078	0.25879	0.10413	0.07232	0.09037	0.04044	0.02061	0.06212	0.07566	0.01553	0.06652	0.01282	0.01123	0.06951	0.00280	0.04241	0.00642	0.00382	0.00852
14	0.01551	0.06961	0.17703	0.16068	0.24188	0.01505	0.07308	0.02049	0.03703	0.08092	0.01415	0.04135	0.01121	0.00670	0.00637	0.00201	0.00806	0.00607	0.00363	0.00917
15	0.01522	0.01799	0.07047	0.02806	0.10347	0.01618	0.60735	0.02060	0.01512	0.02073	0.01291	0.01710	0.00977	0.00551	0.00743	0.00215	0.01051	0.00730	0.00324	0.00891
16	0.00804	0.00616	0.00771	0.00869	0.00949	0.00583	0.00603	0.00930	0.01286	0.01669	0.04193	0.56837	0.20964	0.01897	0.00857	0.00252	0.03120	0.01675	0.00588	0.00536
17	0.01555	0.01555	0.12480	0.24112	0.11638	0.01338	0.12866	0.02032	0.03476	0.12800	0.03414	0.06905	0.01401	0.00756	0.00675	0.00212	0.00796	0.00707	0.00416	0.00865
18	0.01322	0.04748	0.20787	0.03175	0.17485	0.01196	0.01445	0.04580	0.01508	0.05474	0.06980	0.12674	0.13906	0.01027	0.00678	0.00209	0.00647	0.00884	0.00451	0.00825
19	0.02414	0.03079	0.01831	0.01665	0.01998	0.74698	0.01248	0.02580	0.01831	0.01581	0.00999	0.01165	0.00832	0.00666	0.00583	0.00166	0.01165	0.00416	0.00333	0.00749
20	0.01492	0.01541	0.11047	0.14457	0.13524	0.01317	0.17723	0.01991	0.04955	0.09822	0.04858	0.02436	0.10346	0.00786	0.00689	0.00209	0.00772	0.00745	0.00429	0.00860
21	0.01747	0.04793	0.29865	0.05132	0.12953	0.03205	0.13364	0.02261	0.01513	0.16760	0.01465	0.01632	0.01039	0.00635	0.00644	0.00201	0.00859	0.00573	0.00399	0.00962
22	0.03936	0.01469	0.01992	0.10198	0.02075	0.04726	0.03548	0.04450	0.01160	0.01726	0.00933	0.01444	0.00859	0.01008	0.01737	0.00262	0.56882	0.00561	0.00305	0.00730
23	0.00851	0.00610	0.00795	0.00922	0.00978	0.00582	0.00624	0.03594	0.01306	0.01742	0.03484	0.73980	0.04152	0.01976	0.00818	0.00260	0.00388	0.01789	0.00602	0.00547
24	0.01675	0.21854	0.37433	0.01546	0.02245	0.12839	0.01728	0.04099	0.01491	0.05053	0.01174	0.01329	0.00894	0.00624	0.00556	0.00180	0.00873	0.00450	0.03069	0.00890
25	0.02526	0.01698	0.01870	0.01433	0.01948	0.01837	0.01184	0.60361	0.02850	0.15083	0.01709	0.01654	0.01178	0.00779	0.00647	0.00195	0.00686	0.00592	0.00671	0.01099
26	0.00787	0.00562	0.00750	0.00900	0.00937	0.00525	0.00600	0.00900	0.01237	0.01649	0.03561	0.76871	0.04274	0.02024	0.00825	0.00262	0.00375	0.01837	0.00600	0.00525
27	0.01717	0.15154	0.01867	0.04437	0.01824	0.09736	0.01092	0.05587	0.44746	0.02360	0.02117	0.02044	0.02980	0.00797	0.00607	0.00198	0.00634	0.00628	0.00537	0.00939
28	0.01306	0.01255	0.01773	0.01552	0.01577	0.01722	0.01281	0.01467	0.01000	0.01543	0.01042	0.01661	0.01017	0.01947	0.18062	0.00449	0.59780	0.00593	0.00297	0.00678
29	0.01355	0.05090	0.10652	0.01214	0.04846	0.01066	0.01042	0.01749	0.03531	0.02108	0.04094	0.01514	0.01176	0.00550	0.00517	0.00124	0.00556	0.00444	0.00383	0.57992
30	0.81856	0.01250	0.00950	0.00850	0.01250	0.01449	0.00700	0.01899	0.01100	0.02899	0.00900	0.01050	0.00700	0.00600	0.00400	0.00200	0.00500	0.00350	0.00400	0.00700
31	0.02161	0.01525	0.01623	0.01278	0.01708	0.01673	0.01045	0.54668	0.02640	0.03679	0.01683	0.01754	0.01230	0.00770	0.00600	0.00184	0.00614	0.00587	0.19596	0.00982
32	0.01462	0.01525	0.05075	0.16163	0.36207	0.01485	0.19382	0.01902	0.01461	0.02025	0.03509	0.01946	0.01226	0.00646	0.00684	0.00207	0.00852	0.03005	0.00336	0.00901
33	0.01022	0.00713	0.00881	0.00822	0.01021	0.00641	0.00619	0.01313	0.03153	0.06495	0.46436	0.09426	0.19180	0.01359	0.00747	0.00206	0.00339	0.01182	0.00672	0.03772
34	0.07813	0.01485	0.01565	0.01463	0.05494	0.04823	0.01092	0.08492	0.48647	0.04972	0.02176	0.02086	0.01639	0.00832	0.00704	0.00214	0.04273	0.00657	0.00591	0.00979
35	0.00940	0.00626	0.00705	0.00705	0.00705	0.00626	0.00392	0.00940	0.00940	0.01253	0.02036	0.04228	0.02349	0.77292	0.03289	0.00626	0.00626	0.00940	0.00392	0.00392
36	0.01408	0.12259	0.20684	0.01359	0.03901	0.01344	0.03048	0.04476	0.03541	0.02112	0.04684	0.03683	0.01282	0.00636	0.00552	0.00153	0.00654	0.00514	0.00376	0.33334
37	0.01021	0.00699	0.00864	0.00805	0.01005	0.00621	0.00608	0.01278	0.01701	0.07273	0.46255	0.08049	0.22344	0.01370	0.00749	0.00206	0.00336	0.01188	0.00675	0.02953
38	0.05235	0.66596	0.07987	0.01164	0.01730	0.05063	0.01180	0.01964	0.01326	0.01618	0.00920	0.01064	0.00823	0.00563	0.00434	0.00146	0.00718	0.00357	0.00284	0.00829
39	0.01369	0.01339	0.04227	0.01626	0.02143	0.01143	0.26627	0.01815	0.04323	0.03620	0.08023	0.07290	0.01737	0.00723	0.00648	0.00174	0.00692	0.00726	0.02322	0.29435

[dist]
# distance from previous block
# <min> <max>
3	8

[block]
# block no. 1 follows, 34 sequences, length 146
# corresponding to MSA columns:
# 88-233
name=unknown_B
#
# <colnr> <probs for GDERKNQSTAVLIFYWHMCP>
#	G	D	E	R	K	N	Q	S	T	A	V	L	I	F	Y	W	H	M	C	P
0	0.05173	0.01802	0.20153	0.04797	0.23515	0.01338	0.01602	0.03663	0.07626	0.05635	0.06034	0.05432	0.01535	0.00739	0.00626	0.00194	0.00697	0.00638	0.00415	0.08386
1	0.01561	0.01275	0.01601	0.01177	0.01724	0.01102	0.05606	0.09266	0.04801	0.05744	0.01330	0.01482	0.01048	0.00565	0.00572	0.00130	0.02407	0.00463	0.00437	0.57709
2	0.01778	0.60217	0.02961	0.01167	0.01675	0.13232	0.01089	0.01981	0.01398	0.01564	0.01127	0.01255	0.03415	0.00605	0.00455	0.00143	0.00739	0.00394	0.00301	0.04502
3	0.01420	0.05922	0.06271	0.01080	0.01646	0.01097	0.00943	0.05548	0.04691	0.02194	0.01330	0.01660	0.01123	0.00587	0.00520	0.00126	0.00542	0.03589	0.00406	0.59306
4	0.04937	0.19677	0.05470	0.04919	0.02002	0.37159	0.01271	0.04277	0.01610	0.05492	0.01072	0.01252	0.00877	0.00681	0.00669	0.00177	0.06876	0.00437	0.00347	0.00799
5	0.04705	0.00823	0.03510	0.01012	0.01153	0.00756	0.00768	0.07315	0.01421	0.01966	0.03159	0.57111	0.03647	0.01773	0.00788	0.00255	0.00453	0.08196	0.00583	0.00607
6	0.01536	0.01471	0.02508	0.15974	0.61749	0.01519	0.01951	0.01927	0.01441	0.02034	0.01204	0.01620	0.00996	0.00587	0.00641	0.00196	0.00783	0.00575	0.00314	0.00972
7	0.00904	0.00660	0.00849	0.00802	0.00959	0.00605	0.00602	0.01199	0.01805	0.02534	0.68404	0.04921	0.10650	0.01342	0.00762	0.00204	0.00306	0.01182	0.00704	0.00605
8	0.00940	0.00626	0.00705	0.00705	0.00705	0.00626	0.00392	0.00940	0.00940	0.01253	0.02036	0.04228	0.02349	0.77292	0.03289	0.00626	0.00626	0.00940	0.00392	0.00392
9	0.00931	0.00631	0.00743	0.00749	0.00764	0.00641	0.00446	0.00961	0.00964	0.01298	0.02073	0.07385	0.02359	0.66066	0.10835	0.00654	0.00733	0.00954	0.00396	0.00418
10	0.00940	0.00626	0.00705	0.00705	0.00705	0.00626	0.00392	0.00940	0.00940	0.01253	0.02036	0.04228	0.02349	0.77292	0.03289	0.00626	0.00626	0.00940	0.00392	0.00392
11	0.01727	0.77681	0.03386	0.01106	0.01658	0.02557	0.01106	0.01935	0.01313	0.01520	0.00898	0.01036	0.00829	0.00553	0.00415	0.00138	0.00691	0.00345	0.00276	0.00829
12	0.00764	0.00655	0.00655	0.00655	0.00873	0.00545	0.00491	0.00927	0.01473	0.01745	0.06546	0.06218	0.73000	0.01636	0.00764	0.00218	0.00327	0.01364	0.00600	0.00545
13	0.01727	0.77681	0.03386	0.01106	0.01658	0.02557	0.01106	0.01935	0.01313	0.01520	0.00898	0.01036	0.00829	0.00553	0.00415	0.00138	0.00691	0.00345	0.00276	0.00829
14	0.02414	0.03079	0.01831	0.01665	0.01998	0.74698	0.01248	0.02580	0.01831	0.01581	0.00999	0.01165	0.00832	0.00666	0.00583	0.00166	0.01165	0.00416	0.00333	0.00749
15	0.01225	0.00641	0.00645	0.00638	0.00799	0.00652	0.00480	0.01602	0.04885	0.02424	0.02134	0.02409	0.01672	0.00759	0.00462	0.00154	0.00312	0.00609	0.76876	0.00623
16	0.00787	0.00562	0.00750	0.00900	0.00937	0.00525	0.00600	0.00900	0.01237	0.01649	0.03561	0.76871	0.04274	0.02024	0.00825	0.00262	0.00375	0.01837	0.00600	0.00525
17	0.00923	0.00692	0.01038	0.01038	0.01154	0.00808	0.00808	0.01154	0.01038	0.01500	0.01731	0.02538	0.01615	0.04846	0.74732	0.01038	0.01731	0.00692	0.00346	0.00577
18	0.01597	0.01496	0.04866	0.17683	0.48866	0.01477	0.01841	0.04199	0.01497	0.05654	0.01275	0.01635	0.01013	0.00605	0.00635	0.00194	0.00770	0.00569	0.00348	0.03778
19	0.01688	0.01466	0.02081	0.35151	0.12494	0.03450	0.05039	0.23450	0.01885	0.02488	0.01365	0.04068	0.01072	0.00717	0.00655	0.00206	0.00805	0.00623	0.00417	0.00879
20	0.02456	0.01810	0.01939	0.01487	0.02004	0.02004	0.01228	0.71107	0.03038	0.04072	0.01551	0.01551	0.01099	0.00776	0.00646	0.00194	0.00711	0.00582	0.00646	0.01099
21	0.01572	0.01313	0.01407	0.01273	0.01607	0.01494	0.00983	0.09327	0.55935	0.02684	0.02659	0.12618	0.02210	0.01026	0.00680	0.00223	0.00511	0.00870	0.00648	0.00961
22	0.01417	0.01371	0.02178	0.40844	0.32113	0.04518	0.01821	0.01813	0.01394	0.01845	0.01252	0.01852	0.01030	0.00660	0.00650	0.00207	0.00826	0.03058	0.00314	0.00838
23	0.00764	0.00655	0.00655	0.00655	0.00873	0.00545	0.00491	0.00927	0.01473	0.01745	0.06546	0.06218	0.73000	0.01636	0.00764	0.00218	0.00327	0.01364	0.00600	0.00545
24	0.01423	0.01440	0.02128	0.01780	0.01832	0.01951	0.07044	0.01597	0.01033	0.01597	0.00885	0.01440	0.00859	0.01083	0.02010	0.00277	0.70032	0.00581	0.00286	0.00720
25	0.01706	0.66525	0.08847	0.01204	0.01761	0.04983	0.01223	0.01953	0.01324	0.01565	0.00921	0.01080	0.00829	0.00582	0.00496	0.00150	0.03375	0.00366	0.00278	0.00832
26	0.00831	0.00632	0.00911	0.00991	0.01071	0.00589	0.04214	0.00974	0.01269	0.01683	0.03568	0.68002	0.07006	0.01925	0.00821	0.00259	0.00416	0.03707	0.00586	0.00546
27	0.01041	0.00744	0.01041	0.01190	0.01339	0.00744	0.01041	0.01339	0.01487	0.01934	0.03421	0.07288	0.03719	0.01785	0.00892	0.00297	0.00595	0.68913	0.00595	0.00595
28	0.01437	0.01834	0.12271	0.02411	0.03032	0.01544	0.53450	0.01968	0.01481	0.02051	0.04864	0.01871	0.01237	0.00793	0.03888	0.00252	0.03691	0.00737	0.00338	0.00851
29	0.01171	0.04595	0.09389	0.07846	0.03754	0.01161	0.18416	0.01560	0.01542	0.02089	0.23048	0.03344	0.15088	0.00997	0.00760	0.00210	0.02914	0.00913	0.00474	0.00730
30	0.02314	0.01617	0.01788	0.01401	0.01868	0.01767	0.01148	0.57396	0.02719	0.09702	0.01733	0.04830	0.01311	0.01121	0.05949	0.00258	0.00756	0.00648	0.00636	0.01038
31	0.00764	0.00655	0.00655	0.00655	0.00873	0.00545	0.00491	0.00927	0.01473	0.01745	0.06546	0.06218	0.73000	0.01636	0.00764	0.00218	0.00327	0.01364	0.00600	0.00545
32	0.01124	0.01100	0.04170	0.04155	0.03400	0.01173	0.08890	0.01366	0.01306	0.01847	0.13445	0.27911	0.02886	0.01352	0.01161	0.00248	0.22217	0.01118	0.00466	0.00664
33	0.01795	0.16055	0.09120	0.18128	0.02751	0.24273	0.11429	0.05672	0.01592	0.01827	0.01101	0.01386	0.00872	0.00624	0.00598	0.00184	0.00957	0.00502	0.00322	0.00811
34	0.00925	0.00685	0.01000	0.01000	0.01102	0.00787	0.00760	0.01129	0.01027	0.01471	0.01766	0.02733	0.01700	0.13206	0.66487	0.00991	0.01603	0.00721	0.00351	0.00556
35	0.00929	0.00625	0.00721	0.00740	0.00749	0.00621	0.00434	0.00950	0.00987	0.01314	0.02227	0.11048	0.02577	0.67591	0.02974	0.00581	0.00602	0.03499	0.00418	0.00411
36	0.01490	0.01691	0.08975	0.05426	0.33501	0.01503	0.27462	0.01959	0.01478	0.02061	0.01416	0.02085	0.01197	0.00665	0.00703	0.00212	0.00892	0.06027	0.00339	0.00918
37	0.01920	0.02076	0.01731	0.04203	0.04387	0.33320	0.01228	0.08936	0.11397	0.02002	0.01475	0.01960	0.01276	0.03363	0.03513	0.00247	0.11029	0.04724	0.00417	0.00797
38	0.01410	0.01751	0.15866	0.01972	0.09085	0.01524	0.15479	0.04146	0.10979	0.02110	0.06305	0.04563	0.01559	0.01045	0.04659	0.00266	0.15325	0.00704	0.00399	0.00853
39	0.00792	0.00564	0.00748	0.00894	0.00930	0.00528	0.00593	0.00901	0.01228	0.01637	0.03514	0.74599	0.04213	0.04378	0.00902	0.00274	0.00383	0.01809	0.00593	0.00521
40	0.13672	0.08930	0.08324	0.04207	0.11908	0.20656	0.04649	0.09775	0.01659	0.04451	0.01249	0.03560	0.01019	0.00680	0.00575	0.00186	0.00824	0.00520	0.02304	0.00850
41	0.00807	0.00585	0.00764	0.00882	0.00948	0.00542	0.00607	0.00949	0.01324	0.01763	0.10920	0.61908	0.09581	0.01915	0.00816	0.00254	0.00371	0.03915	0.00611	0.00537
42	0.03974	0.37482	0.04203	0.01363	0.03617	0.08677	0.01192	0.24402	0.01942	0.05808	0.01210	0.01291	0.00954	0.00650	0.00525	0.00166	0.00737	0.00451	0.00430	0.00927
43	0.01586	0.29355	0.10587	0.04540	0.04428	0.06349	0.01320	0.03551	0.01343	0.01782	0.01007	0.01266	0.00869	0.00670	0.00796	0.00173	0.14616	0.00435	0.00310	0.15016
44	0.01537	0.15988	0.45454	0.01642	0.04118	0.04890	0.01873	0.02084	0.01439	0.07758	0.03816	0.01704	0.01178	0.00686	0.00596	0.00194	0.00845	0.02938	0.00347	0.00912
45	0.01582	0.21294	0.32589	0.01569	0.02236	0.03663	0.05121	0.02305	0.13248	0.05668	0.01404	0.01516	0.01064	0.00668	0.00633	0.00193	0.03440	0.00512	0.00370	0.00924
46	0.02899	0.01100	0.01499	0.01150	0.01649	0.00950	0.00950	0.03149	0.01849	0.73709	0.02549	0.02199	0.01599	0.00800	0.00650	0.00200	0.00550	0.00650	0.00800	0.01100
47	0.01459	0.01627	0.12118	0.17743	0.02649	0.03626	0.13652	0.04748	0.01353	0.04388	0.01232	0.01670	0.00984	0.00974	0.03401	0.04951	0.18029	0.00594	0.04030	0.00771
48	0.01384	0.05112	0.22460	0.09692	0.12018	0.04913	0.08025	0.03375	0.04473	0.02053	0.09706	0.02110	0.03904	0.00963	0.04396	0.00245	0.03296	0.00654	0.00378	0.00842
49	0.00797	0.00579	0.00755	0.00892	0.00950	0.00537	0.00611	0.00922	0.01269	0.01671	0.03812	0.67574	0.10181	0.01980	0.00823	0.00260	0.00381	0.04878	0.00600	0.00530
50	0.01962	0.02343	0.01929	0.17188	0.02490	0.44483	0.03099	0.02189	0.01559	0.01603	0.01010	0.01341	0.00845	0.00743	0.00877	0.00199	0.14604	0.00485	0.00314	0.00738
51	0.01713	0.01902	0.07675	0.14224	0.09637	0.20234	0.06936	0.05167	0.01528	0.04875	0.01315	0.04214	0.01098	0.00968	0.04605	0.00248	0.09571	0.00595	0.02692	0.00802
52	0.08054	0.01609	0.01570	0.07449	0.04258	0.11374	0.01131	0.06284	0.45719	0.02530	0.02057	0.02013	0.01556	0.00793	0.00625	0.00208	0.00644	0.00634	0.00552	0.00940
53	0.00923	0.00692	0.01038	0.01038	0.01154	0.00808	0.00808	0.01154	0.01038	0.01500	0.01731	0.02538	0.01615	0.04846	0.74732	0.01038	0.01731	0.00692	0.00346	0.00577
54	0.00923	0.00692	0.01038	0.01038	0.01154	0.00808	0.00808	0.01154	0.01038	0.01500	0.01731	0.02538	0.01615	0.04846	0.74732	0.01038	0.01731	0.00692	0.00346	0.00577
55	0.01439	0.01371	0.02333	0.34373	0.44109	0.01493	0.01903	0.01842	0.01395	0.01916	0.01187	0.01651	0.00955	0.00605	0.00642	0.00202	0.00807	0.00575	0.00306	0.00894
56	0.01468	0.06920	0.39043	0.02048	0.05309	0.04672	0.19965	0.02200	0.08237	0.02068	0.01320	0.01545	0.00980	0.00618	0.00645	0.00204	0.00934	0.00570	0.00328	0.00926
57	0.00923	0.00692	0.01038	0.01038	0.01154	0.00808	0.00808	0.01154	0.01038	0.01500	0.01731	0.02538	0.01615	0.04846	0.74732	0.01038	0.01731	0.00692	0.00346	0.00577
58	0.81856	0.01250	0.00950	0.00850	0.01250	0.01449	0.00700	0.01899	0.01100	0.02899	0.00900	0.01050	0.00700	0.00600	0.00400	0.00200	0.00500	0.00350	0.00400	0.00700
59	0.00787	0.00562	0.00750	0.00900	0.00937	0.00525	0.00600	0.00900	0.01237	0.01649	0.03561	0.76871	0.04274	0.02024	0.00825	0.00262	0.00375	0.01837	0.00600	0.00525
60	0.02794	0.01073	0.01462	0.01137	0.01614	0.00928	0.00932	0.03037	0.01819	0.70114	0.02600	0.05925	0.01733	0.00861	0.00659	0.00203	0.00541	0.00709	0.00790	0.01071
61	0.00770	0.00655	0.00663	0.00661	0.00877	0.00548	0.00496	0.00940	0.01488	0.01781	0.09363	0.06159	0.70160	0.01623	0.00764	0.00218	0.00326	0.01355	0.00605	0.00548
62	0.01314	0.01226	0.02038	0.62937	0.14433	0.01468	0.01804	0.03860	0.01373	0.01793	0.01171	0.01699	0.00892	0.00640	0.00645	0.00211	0.00843	0.00575	0.00303	0.00774
63	0.81856	0.01250	0.00950	0.00850	0.01250	0.01449	0.00700	0.01899	0.01100	0.02899	0.00900	0.01050	0.00700	0.00600	0.00400	0.00200	0.00500	0.00350	0.00400	0.00700
64	0.00787	0.00562	0.00750	0.00900	0.00937	0.00525	0.00600	0.00900	0.01237	0.01649	0.03561	0.76871	0.04274	0.02024	0.00825	0.00262	0.00375	0.01837	0.00600	0.00525
65	0.01065	0.00740	0.00981	0.00965	0.03377	0.00697	0.00704	0.01423	0.04266	0.06100	0.61679	0.04611	0.05463	0.01275	0.00754	0.00207	0.00352	0.03983	0.00696	0.00661
66	0.01235	0.08349	0.01639	0.01839	0.19121	0.01119	0.01228	0.01577	0.03913	0.01931	0.02621	0.13268	0.02778	0.01363	0.00768	0.00249	0.00618	0.35155	0.00499	0.00730
67	0.01198	0.01042	0.01396	0.01247	0.01251	0.01345	0.00954	0.01268	0.00965	0.01415	0.01355	0.02576	0.01473	0.31007	0.05190	0.04162	0.40552	0.00716	0.00327	0.00560
68	0.01518	0.01591	0.01928	0.01669	0.01714	0.10764	0.01372	0.01665	0.01093	0.01556	0.00897	0.01423	0.00873	0.01205	0.04482	0.00295	0.64403	0.00552	0.00291	0.00707
69	0.33360	0.15285	0.11350	0.01645	0.10116	0.07316	0.08654	0.02005	0.01316	0.02264	0.01020	0.01234	0.00815	0.00590	0.00510	0.00188	0.00737	0.00441	0.00339	0.00815
70	0.00812	0.00656	0.00722	0.00705	0.00903	0.00566	0.00529	0.01021	0.01587	0.02018	0.27902	0.05770	0.51474	0.01535	0.00763	0.00213	0.00320	0.01301	0.00636	0.00566
71	0.03977	0.38579	0.07899	0.01445	0.03558	0.31334	0.01268	0.02202	0.01523	0.01632	0.00965	0.01126	0.00831	0.00604	0.00502	0.00157	0.00898	0.00389	0.00303	0.00808
72	0.05586	0.01102	0.01449	0.01122	0.01600	0.00977	0.00922	0.05046	0.01840	0.62093	0.06723	0.02268	0.01804	0.00812	0.00641	0.00196	0.00535	0.00659	0.00760	0.03864
73	0.00880	0.00642	0.00847	0.00973	0.01075	0.00609	0.00747	0.01071	0.01374	0.01793	0.06035	0.41077	0.12315	0.01870	0.00840	0.00268	0.00446	0.25981	0.00602	0.00555
74	0.01353	0.10733	0.62615	0.01821	0.02717	0.01615	0.06384	0.02036	0.01369	0.01995	0.01142	0.01354	0.00829	0.00604	0.00603	0.00199	0.00936	0.00481	0.00276	0.00937
75	0.00923	0.00692	0.01038	0.01038	0.01154	0.00808	0.00808	0.01154	0.01038	0.01500	0.01731	0.02538	0.01615	0.04846	0.74732	0.01038	0.01731	0.00692	0.00346	0.00577
76	0.02414	0.03079	0.01831	0.01665	0.01998	0.74698	0.01248	0.02580	0.01831	0.01581	0.00999	0.01165	0.00832	0.00666	0.00583	0.00166	0.01165	0.00416	0.00333	0.00749
77	0.01499	0.07371	0.06738	0.28623	0.21212	0.01593	0.07697	0.07815	0.04003	0.02075	0.01345	0.01866	0.01090	0.00678	0.00646	0.00205	0.00813	0.03506	0.00354	0.00870
78	0.00938	0.00668	0.00911	0.01047	0.01148	0.00653	0.00833	0.01152	0.01377	0.01814	0.05421	0.32951	0.03927	0.05542	0.00980	0.00298	0.00506	0.38684	0.00590	0.00559
79	0.00914	0.00660	0.00864	0.00813	0.00965	0.00610	0.00610	0.01219	0.01829	0.02591	0.72921	0.04827	0.06097	0.01321	0.00762	0.00203	0.00305	0.01169	0.00711	0.00610
80	0.01727	0.77681	0.03386	0.01106	0.01658	0.02557	0.01106	0.01935	0.01313	0.01520	0.00898	0.01036	0.00829	0.00553	0.00415	0.00138	0.00691	0.00345	0.00276	0.00829
81	0.01712	0.75072	0.05862	0.01131	0.01698	0.02520	0.01151	0.01939	0.01315	0.01539	0.00907	0.01048	0.00829	0.00555	0.00422	0.00141	0.00700	0.00350	0.00276	0.00834
82	0.02656	0.01490	0.01741	0.01335	0.01844	0.01529	0.01103	0.40494	0.02503	0.35442	0.02001	0.01843	0.01324	0.00786	0.00648	0.00197	0.00638	0.00612	0.00715	0.01099
83	0.00787	0.00562	0.00750	0.00900	0.00937	0.00525	0.00600	0.00900	0.01237	0.01649	0.03561	0.76871	0.04274	0.02024	0.00825	0.00262	0.00375	0.01837	0.00600	0.00525
84	0.01340	0.01148	0.01340	0.00957	0.01531	0.00861	0.00766	0.01627	0.01340	0.02105	0.01148	0.01340	0.00957	0.00479	0.00479	0.00096	0.00479	0.00383	0.00383	0.81242
85	0.00787	0.00562	0.00750	0.00900	0.00937	0.00525	0.00600	0.00900	0.01237	0.01649	0.03561	0.76871	0.04274	0.02024	0.00825	0.00262	0.00375	0.01837	0.00600	0.00525
86	0.01514	0.01710	0.03631	0.02622	0.03211	0.01668	0.64035	0.02019	0.01472	0.02019	0.01262	0.01710	0.00967	0.00603	0.00897	0.00224	0.08516	0.00743	0.00322	0.00855
87	0.01803	0.50292	0.02843	0.05008	0.01870	0.16826	0.01204	0.02006	0.01378	0.01543	0.00925	0.01139	0.00834	0.00646	0.00654	0.00164	0.09386	0.00396	0.00289	0.00794
88	0.00771	0.00655	0.00665	0.00662	0.00877	0.00549	0.00497	0.00942	0.01491	0.01788	0.09857	0.06149	0.69661	0.01621	0.00764	0.00217	0.00326	0.01354	0.00606	0.00549
89	0.00786	0.00566	0.00746	0.00889	0.00934	0.00526	0.00595	0.00901	0.01247	0.01653	0.03686	0.73913	0.07151	0.02008	0.00822	0.00261	0.00373	0.01817	0.00600	0.00526
90	0.01615	0.01603	0.04794	0.10073	0.50029	0.01576	0.10881	0.07566	0.01586	0.02221	0.01247	0.01618	0.01003	0.00595	0.00656	0.00198	0.00819	0.00597	0.00343	0.00980
91	0.01340	0.01148	0.01340	0.00957	0.01531	0.00861	0.00766	0.01627	0.01340	0.02105	0.01148	0.01340	0.00957	0.00479	0.00479	0.00096	0.00479	0.00383	0.00383	0.81242
92	0.01849	0.64490	0.03111	0.01204	0.01718	0.15313	0.01131	0.02049	0.01405	0.01531	0.00916	0.01059	0.00830	0.00573	0.00444	0.00143	0.00775	0.00358	0.00286	0.00815
93	0.00947	0.00738	0.00909	0.00894	0.01097	0.00627	0.00640	0.01113	0.01284	0.01778	0.03121	0.45809	0.09535	0.03881	0.00802	0.00225	0.00412	0.03015	0.00534	0.22639
94	0.04021	0.04164	0.21768	0.02082	0.19961	0.01365	0.04546	0.03804	0.04001	0.13841	0.04065	0.01721	0.01256	0.00653	0.00612	0.00187	0.00727	0.00560	0.00427	0.10239
95	0.00858	0.00676	0.01045	0.01075	0.01172	0.00632	0.07370	0.01012	0.01265	0.01690	0.03344	0.69637	0.03956	0.01882	0.00819	0.00258	0.00444	0.01733	0.00574	0.00558
96	0.01220	0.01148	0.01938	0.75739	0.04450	0.01436	0.01794	0.01651	0.01292	0.01651	0.01148	0.01723	0.00861	0.00646	0.00646	0.00215	0.00861	0.00574	0.00287	0.00718
97	0.01795	0.06152	0.22767	0.04371	0.13176	0.14889	0.12584	0.08894	0.01673	0.05809	0.01258	0.01478	0.00946	0.00630	0.00631	0.00194	0.00926	0.00541	0.00363	0.00923
98	0.01024	0.00763	0.00990	0.01070	0.01236	0.00761	0.00888	0.01425	0.07524	0.02058	0.14160	0.11751	0.10643	0.01642	0.00835	0.00266	0.00501	0.41220	0.00619	0.00623
99	0.00787	0.00562	0.00750	0.00900	0.00937	0.00525	0.00600	0.00900	0.01237	0.01649	0.03561	0.76871	0.04274	0.02024	0.00825	0.00262	0.00375	0.01837	0.00600	0.00525
100	0.01054	0.01078	0.05238	0.01497	0.05809	0.00916	0.18179	0.01343	0.01399	0.01859	0.03509	0.27397	0.21987	0.01341	0.00755	0.00227	0.00588	0.01246	0.03907	0.00670
101	0.01518	0.08164	0.09670	0.33777	0.19349	0.08027	0.04947	0.01929	0.01414	0.03563	0.01172	0.01563	0.00912	0.00620	0.00621	0.00198	0.00865	0.00542	0.00311	0.00840
102	0.00785	0.00571	0.00741	0.00876	0.00931	0.00527	0.00589	0.00902	0.01260	0.01659	0.03849	0.70068	0.10891	0.01987	0.00819	0.00258	0.00370	0.01791	0.00600	0.00527
103	0.01295	0.01225	0.02073	0.61580	0.18025	0.01455	0.01832	0.01716	0.01327	0.01742	0.01162	0.01698	0.00893	0.00632	0.00645	0.00211	0.00843	0.00575	0.00294	0.00778
104	0.04668	0.06645	0.13930	0.04058	0.12481	0.09157	0.16462	0.12826	0.03429	0.08146	0.01365	0.01558	0.01015	0.00642	0.00636	0.00196	0.00863	0.00572	0.00412	0.00938
105	0.02313	0.01727	0.01920	0.01704	0.09615	0.04379	0.01260	0.52525	0.05168	0.07626	0.01610	0.01641	0.01161	0.00754	0.00637	0.00192	0.00702	0.00585	0.03421	0.01058
106	0.58020	0.01419	0.01426	0.01438	0.10941	0.05177	0.05053	0.03777	0.01284	0.04913	0.01038	0.01217	0.00804	0.00607	0.00476	0.00198	0.00611	0.00423	0.00400	0.00778
107	0.01608	0.01417	0.02305	0.11975	0.46798	0.01467	0.04146	0.04306	0.06896	0.05597	0.01437	0.01763	0.01143	0.00761	0.02926	0.00223	0.00773	0.00602	0.02895	0.00960
108	0.00893	0.00650	0.00770	0.00752	0.00869	0.00604	0.00523	0.01067	0.01453	0.01955	0.33727	0.04990	0.19347	0.26237	0.01591	0.00347	0.00422	0.02699	0.00580	0.00524
109	0.01737	0.71099	0.06562	0.01163	0.01725	0.05570	0.01171	0.01967	0.01337	0.01547	0.00915	0.01057	0.00829	0.00560	0.00431	0.00142	0.00723	0.00355	0.00279	0.00832
110	0.01599	0.01535	0.02623	0.03966	0.73262	0.01535	0.01983	0.01983	0.01471	0.02111	0.01215	0.01599	0.01023	0.00576	0.00640	0.00192	0.00768	0.00576	0.00320	0.01023
111	0.00877	0.00637	0.00843	0.00981	0.01056	0.00618	0.00714	0.01103	0.04299	0.01756	0.03491	0.58555	0.04055	0.01923	0.00832	0.00268	0.00429	0.16399	0.00601	0.00561
112	0.01122	0.00561	0.00842	0.00842	0.00842	0.00561	0.00561	0.00842	0.00842	0.01122	0.01122	0.01964	0.01122	0.02245	0.02525	0.81201	0.00561	0.00561	0.00281	0.00281
113	0.00787	0.00562	0.00750	0.00900	0.00937	0.00525	0.00600	0.00900	0.01237	0.01649	0.03561	0.76871	0.04274	0.02024	0.00825	0.00262	0.00375	0.01837	0.00600	0.00525
114	0.00940	0.00626	0.00705	0.00705	0.00705	0.00626	0.00392	0.00940	0.00940	0.01253	0.02036	0.04228	0.02349	0.77292	0.03289	0.00626	0.00626	0.00940	0.00392	0.00392
115	0.01607	0.01388	0.01461	0.01315	0.01680	0.01607	0.01023	0.03433	0.72094	0.02703	0.02630	0.02411	0.01972	0.00877	0.00657	0.00219	0.00511	0.00731	0.00657	0.01023
116	0.02414	0.03079	0.01831	0.01665	0.01998	0.74698	0.01248	0.02580	0.01831	0.01581	0.00999	0.01165	0.00832	0.00666	0.00583	0.00166	0.01165	0.00416	0.00333	0.00749
117	0.02899	0.01100	0.01499	0.01150	0.01649	0.00950	0.00950	0.03149	0.01849	0.73709	0.02549	0.02199	0.01599	0.00800	0.00650	0.00200	0.00550	0.00650	0.00800	0.01100
118	0.00923	0.00692	0.01038	0.01038	0.01154	0.00808	0.00808	0.01154	0.01038	0.01500	0.01731	0.02538	0.01615	0.04846	0.74732	0.01038	0.01731	0.00692	0.00346	0.00577
119	0.01582	0.01517	0.02591	0.07264	0.70100	0.01531	0.01974	0.01968	0.01463	0.02090	0.01212	0.01605	0.01016	0.00579	0.00640	0.00193	0.00772	0.00576	0.00318	0.01009
120	0.02361	0.02925	0.01810	0.01635	0.01976	0.67447	0.01233	0.04867	0.06567	0.01737	0.01126	0.01261	0.00917	0.00683	0.00590	0.00171	0.01107	0.00443	0.00365	0.00779
121	0.01414	0.01414	0.01979	0.01696	0.01696	0.01979	0.01414	0.01555	0.00990	0.01555	0.00848	0.01414	0.00848	0.01131	0.02120	0.00283	0.76110	0.00565	0.00283	0.00707
122	0.47503	0.01184	0.01189	0.00980	0.01424	0.01232	0.00808	0.02443	0.01426	0.33708	0.01617	0.01550	0.01091	0.00687	0.00509	0.00200	0.00522	0.00480	0.00574	0.00874
123	0.00809	0.00606	0.00756	0.00852	0.00952	0.00552	0.00605	0.00963	0.01360	0.01766	0.09629	0.48536	0.21669	0.01855	0.00809	0.00249	0.00373	0.06507	0.00608	0.00542
124	0.01220	0.01148	0.01938	0.75739	0.04450	0.01436	0.01794	0.01651	0.01292	0.01651	0.01148	0.01723	0.00861	0.00646	0.00646	0.00215	0.00861	0.00574	0.00287	0.00718
125	0.01165	0.00610	0.00638	0.00631	0.00782	0.00603	0.00473	0.01467	0.01419	0.02434	0.11694	0.02736	0.02257	0.00830	0.00494	0.00158	0.00302	0.00679	0.70026	0.00603
126	0.00879	0.00655	0.00817	0.00785	0.00945	0.00593	0.00585	0.01146	0.01731	0.02379	0.56488	0.08365	0.19415	0.01416	0.00765	0.00209	0.00312	0.01238	0.00684	0.00593
127	0.01308	0.01210	0.01994	0.66464	0.09959	0.01470	0.01784	0.04869	0.01387	0.01800	0.01172	0.01705	0.00885	0.00646	0.00645	0.00212	0.00847	0.00575	0.00306	0.00760
128	0.00785	0.00570	0.00742	0.00879	0.00932	0.00527	0.00590	0.00902	0.01257	0.01658	0.03819	0.70771	0.10207	0.01991	0.00819	0.00259	0.00371	0.01796	0.00600	0.00527
129	0.00795	0.00568	0.00759	0.00909	0.00950	0.00532	0.00614	0.00914	0.01245	0.01659	0.03557	0.74606	0.04255	0.02017	0.00827	0.00264	0.00382	0.04019	0.00600	0.00527
130	0.81856	0.01250	0.00950	0.00850	0.01250	0.01449	0.00700	0.01899	0.01100	0.02899	0.00900	0.01050	0.00700	0.00600	0.00400	0.00200	0.00500	0.00350	0.00400	0.00700
131	0.00791	0.00644	0.00700	0.00711	0.00896	0.00553	0.00524	0.00971	0.01501	0.01870	0.16906	0.14842	0.53572	0.01634	0.00771	0.00221	0.00330	0.01391	0.00618	0.00553
132	0.12788	0.01118	0.01431	0.01112	0.01599	0.01012	0.00918	0.02992	0.01755	0.64840	0.02343	0.02055	0.01487	0.00775	0.00618	0.00200	0.00544	0.00612	0.00750	0.01050
133	0.01727	0.77681	0.03386	0.01106	0.01658	0.02557	0.01106	0.01935	0.01313	0.01520	0.00898	0.01036	0.00829	0.00553	0.00415	0.00138	0.00691	0.00345	0.00276	0.00829
134	0.00807	0.00583	0.00769	0.00910	0.00967	0.00544	0.00631	0.00938	0.01272	0.01679	0.03720	0.66963	0.08157	0.01982	0.00827	0.00263	0.00391	0.07465	0.00599	0.00532
135	0.00940	0.00626	0.00705	0.00705	0.00705	0.00626	0.00392	0.00940	0.00940	0.01253	0.02036	0.04228	0.02349	0.77292	0.03289	0.00626	0.00626	0.00940	0.00392	0.00392
136	0.01727	0.77681	0.03386	0.01106	0.01658	0.02557	0.01106	0.01935	0.01313	0.01520	0.00898	0.01036	0.00829	0.00553	0.00415	0.00138	0.00691	0.00345	0.00276	0.00829
137	0.81856	0.01250	0.00950	0.00850	0.01250	0.01449	0.00700	0.01899	0.01100	0.02899	0.00900	0.01050	0.00700	0.00600	0.00400	0.00200	0.00500	0.00350	0.00400	0.00700
138	0.00777	0.00639	0.00685	0.00719	0.00900	0.00548	0.00529	0.00935	0.01427	0.01732	0.05861	0.20176	0.57317	0.01717	0.00780	0.00229	0.00345	0.03540	0.00600	0.00543
139	0.01607	0.01388	0.01461	0.01315	0.01680	0.01607	0.01023	0.03433	0.72094	0.02703	0.02630	0.02411	0.01972	0.00877	0.00657	0.00219	0.00511	0.00731	0.00657	0.01023
140	0.00923	0.00692	0.01038	0.01038	0.01154	0.00808	0.00808	0.01154	0.01038	0.01500	0.01731	0.02538	0.01615	0.04846	0.74732	0.01038	0.01731	0.00692	0.00346	0.00577
141	0.01204	0.00602	0.00602	0.00602	0.00753	0.00602	0.00452	0.01506	0.01355	0.02409	0.02108	0.02409	0.01656	0.00753	0.00452	0.00151	0.00301	0.00602	0.80879	0.00602
142	0.01756	0.74558	0.03321	0.01129	0.01673	0.05577	0.01112	0.01962	0.01335	0.01523	0.00902	0.01042	0.00829	0.00558	0.00422	0.00139	0.00711	0.00348	0.00279	0.00826
143	0.00923	0.00692	0.01038	0.01038	0.01154	0.00808	0.00808	0.01154	0.01038	0.01500	0.01731	0.02538	0.01615	0.04846	0.74732	0.01038	0.01731	0.00692	0.00346	0.00577
144	0.02437	0.01843	0.04846	0.05071	0.02079	0.10502	0.01247	0.41981	0.02482	0.18508	0.01663	0.01644	0.01151	0.00754	0.00638	0.00193	0.00749	0.00572	0.00608	0.01032
145	0.01466	0.01731	0.08445	0.15226	0.10016	0.04618	0.36402	0.01938	0.01457	0.01966	0.04255	0.01781	0.01154	0.00648	0.00803	0.00215	0.06032	0.00679	0.00329	0.00839

[dist]
# distance from previous block
# <min> <max>
1	3

[block]
# block no. 2 follows, 34 sequences, length 44
# corresponding to MSA columns:
# 237-280
name=unknown_C
#
# <colnr> <probs for GDERKNQSTAVLIFYWHMCP>
#	G	D	E	R	K	N	Q	S	T	A	V	L	I	F	Y	W	H	M	C	P
0	0.01959	0.18626	0.05313	0.01376	0.01837	0.13988	0.01175	0.15287	0.26286	0.05216	0.01711	0.01688	0.01305	0.00737	0.00587	0.00187	0.00718	0.00552	0.00506	0.00949
1	0.00789	0.00578	0.00734	0.00857	0.00919	0.00532	0.00576	0.00905	0.01260	0.01649	0.03936	0.63954	0.14144	0.04762	0.00907	0.00270	0.00377	0.01735	0.00592	0.00523
2	0.00830	0.00657	0.00746	0.00724	0.00913	0.00573	0.00543	0.01055	0.01628	0.02115	0.35530	0.05611	0.43785	0.01499	0.00763	0.00212	0.00317	0.01278	0.00649	0.00573
3	0.01204	0.00602	0.00602	0.00602	0.00753	0.00602	0.00452	0.01506	0.01355	0.02409	0.02108	0.02409	0.01656	0.00753	0.00452	0.00151	0.00301	0.00602	0.80879	0.00602
4	0.01599	0.01535	0.02623	0.03966	0.73262	0.01535	0.01983	0.01983	0.01471	0.02111	0.01215	0.01599	0.01023	0.00576	0.00640	0.00192	0.00768	0.00576	0.00320	0.01023
5	0.01340	0.01148	0.01340	0.00957	0.01531	0.00861	0.00766	0.01627	0.01340	0.02105	0.01148	0.01340	0.00957	0.00479	0.00479	0.00096	0.00479	0.00383	0.00383	0.81242
6	0.01817	0.54215	0.02926	0.01275	0.01726	0.12435	0.01170	0.05191	0.01424	0.01652	0.00936	0.01126	0.00845	0.00652	0.00664	0.00163	0.10273	0.00394	0.00302	0.00815
7	0.01196	0.01020	0.02831	0.00961	0.01342	0.00847	0.00773	0.04207	0.05576	0.02302	0.22693	0.06493	0.07819	0.00961	0.00632	0.00164	0.00439	0.03277	0.00535	0.35932
8	0.01451	0.01412	0.05519	0.24076	0.24981	0.03104	0.09412	0.01873	0.02902	0.05735	0.03062	0.08724	0.01480	0.00794	0.00680	0.00212	0.00783	0.02570	0.00383	0.00846
9	0.02899	0.01100	0.01499	0.01150	0.01649	0.00950	0.00950	0.03149	0.01849	0.73709	0.02549	0.02199	0.01599	0.00800	0.00650	0.00200	0.00550	0.00650	0.00800	0.01100
10	0.00939	0.00629	0.00716	0.00716	0.00719	0.00632	0.00405	0.00947	0.00943	0.01261	0.02026	0.04173	0.02325	0.74938	0.05610	0.00640	0.00662	0.00932	0.00390	0.00398
11	0.01339	0.13546	0.60754	0.01702	0.02562	0.01615	0.02136	0.01989	0.01342	0.01948	0.01150	0.01373	0.00857	0.00802	0.04031	0.00234	0.00954	0.00469	0.00277	0.00920
12	0.01473	0.01405	0.02376	0.21720	0.53326	0.01472	0.01878	0.01860	0.01427	0.01982	0.01404	0.01808	0.03759	0.00634	0.00646	0.00199	0.00774	0.00606	0.00322	0.00929
13	0.02735	0.01063	0.01447	0.01122	0.01593	0.00922	0.00922	0.02990	0.01848	0.67839	0.08358	0.02416	0.01971	0.00843	0.00659	0.00200	0.00530	0.00693	0.00792	0.01059
14	0.01461	0.01353	0.02266	0.10162	0.53526	0.01379	0.01791	0.01833	0.01457	0.02035	0.01617	0.02663	0.01507	0.00806	0.00687	0.00214	0.00744	0.13216	0.00368	0.00916
15	0.01161	0.00920	0.01382	0.09832	0.18186	0.00926	0.01087	0.01453	0.03635	0.05216	0.07587	0.34747	0.06920	0.01368	0.00743	0.00231	0.00530	0.02848	0.00519	0.00713
16	0.01441	0.02235	0.26438	0.02352	0.03050	0.01619	0.42922	0.02020	0.01429	0.02020	0.01221	0.01593	0.00917	0.00616	0.00826	0.00219	0.07238	0.00654	0.00306	0.00885
17	0.02346	0.01737	0.01857	0.01444	0.01937	0.01927	0.01187	0.63312	0.08685	0.03906	0.01658	0.01649	0.01189	0.00783	0.00641	0.00195	0.00682	0.00595	0.03194	0.01077
18	0.81856	0.01250	0.00950	0.00850	0.01250	0.01449	0.00700	0.01899	0.01100	0.02899	0.00900	0.01050	0.00700	0.00600	0.00400	0.00200	0.00500	0.00350	0.00400	0.00700
19	0.00848	0.00608	0.00795	0.00910	0.00972	0.00576	0.00620	0.03040	0.01340	0.01800	0.09226	0.68656	0.04328	0.01929	0.00814	0.00255	0.00379	0.01744	0.00610	0.00549
20	0.57611	0.04057	0.01235	0.01002	0.01386	0.01503	0.00831	0.03956	0.04843	0.10339	0.01178	0.01285	0.00889	0.00682	0.00589	0.00205	0.06760	0.00425	0.00448	0.00775
21	0.01999	0.28578	0.04386	0.03795	0.03877	0.10707	0.08534	0.22122	0.03911	0.04423	0.01259	0.01389	0.00983	0.00651	0.00569	0.00175	0.00799	0.00501	0.00422	0.00920
22	0.00934	0.00678	0.00987	0.00987	0.01082	0.00773	0.00743	0.01112	0.01017	0.01451	0.01742	0.02728	0.01687	0.13991	0.62333	0.04610	0.01537	0.00718	0.00349	0.00540
23	0.01840	0.04027	0.23023	0.06954	0.21510	0.01592	0.01770	0.18613	0.01841	0.10534	0.01416	0.01580	0.01031	0.00664	0.00629	0.00197	0.00788	0.00551	0.00435	0.01006
24	0.02315	0.05690	0.02051	0.01732	0.02099	0.66036	0.06994	0.02514	0.01787	0.01619	0.01021	0.01208	0.00844	0.00652	0.00591	0.00170	0.01142	0.00442	0.00330	0.00762
25	0.05545	0.01138	0.01435	0.01124	0.01567	0.01063	0.00911	0.11557	0.01880	0.53435	0.02301	0.02249	0.01566	0.07102	0.00850	0.00232	0.00565	0.00652	0.03820	0.01007
26	0.01065	0.00683	0.01005	0.00982	0.01026	0.00774	0.00719	0.01022	0.00932	0.01305	0.01361	0.02213	0.01328	0.05709	0.29807	0.41463	0.07242	0.00624	0.00309	0.00432
27	0.00939	0.00629	0.00716	0.00716	0.00719	0.00632	0.00405	0.00947	0.00943	0.01261	0.02026	0.04173	0.02325	0.74936	0.05612	0.00640	0.00662	0.00932	0.00390	0.00398
28	0.00835	0.00657	0.00753	0.00729	0.00917	0.00576	0.00547	0.01065	0.01641	0.02145	0.37927	0.05560	0.41368	0.01487	0.00763	0.00211	0.00317	0.01271	0.00653	0.00576
29	0.01727	0.77681	0.03386	0.01106	0.01658	0.02557	0.01106	0.01935	0.01313	0.01520	0.00898	0.01036	0.00829	0.00553	0.00415	0.00138	0.00691	0.00345	0.00276	0.00829
30	0.01727	0.77681	0.03386	0.01106	0.01658	0.02557	0.01106	0.01935	0.01313	0.01520	0.00898	0.01036	0.00829	0.00553	0.00415	0.00138	0.00691	0.00345	0.00276	0.00829
31	0.06046	0.01785	0.01894	0.01458	0.01970	0.01979	0.01204	0.67978	0.02950	0.04019	0.01522	0.01529	0.01081	0.00768	0.00635	0.00194	0.00701	0.00571	0.00635	0.01081
32	0.76713	0.01240	0.00985	0.00869	0.01276	0.01417	0.00716	0.01981	0.01148	0.07511	0.01007	0.01125	0.00758	0.00613	0.00416	0.00200	0.00503	0.00369	0.00426	0.00726
33	0.04617	0.02087	0.01812	0.01756	0.10844	0.28612	0.01233	0.25907	0.02136	0.04388	0.01760	0.03542	0.06872	0.00804	0.00628	0.00187	0.00837	0.00607	0.00481	0.00890
34	0.02414	0.03079	0.01831	0.01665	0.01998	0.74698	0.01248	0.02580	0.01831	0.01581	0.00999	0.01165	0.00832	0.00666	0.00583	0.00166	0.01165	0.00416	0.00333	0.00749
35	0.00789	0.00656	0.00689	0.00681	0.00888	0.00556	0.00510	0.00975	0.01531	0.01885	0.17489	0.05989	0.61969	0.01584	0.00763	0.00216	0.00324	0.01331	0.00618	0.00556
36	0.03473	0.01869	0.16046	0.14959	0.18659	0.03978	0.08028	0.07987	0.01510	0.04722	0.01213	0.01553	0.00941	0.00700	0.00850	0.00213	0.11491	0.00565	0.00349	0.00892
37	0.01628	0.01373	0.01950	0.05986	0.07021	0.01475	0.13471	0.02809	0.39835	0.08192	0.04845	0.02448	0.01855	0.00827	0.00686	0.00218	0.00650	0.03213	0.00566	0.00954
38	0.67684	0.01280	0.01084	0.00931	0.01350	0.01445	0.00767	0.07619	0.01330	0.09945	0.01114	0.01203	0.00820	0.00634	0.00444	0.00199	0.00522	0.00398	0.00459	0.00771
39	0.00783	0.00606	0.00714	0.00791	0.00911	0.00538	0.00554	0.00927	0.01366	0.01735	0.08098	0.43207	0.33813	0.01825	0.00796	0.00241	0.00351	0.01603	0.00605	0.00538
40	0.01881	0.02084	0.19740	0.02399	0.23807	0.05157	0.07463	0.17557	0.01854	0.09710	0.01408	0.01582	0.01036	0.00654	0.00643	0.00197	0.00825	0.00568	0.00431	0.01005
41	0.00795	0.00576	0.00751	0.00877	0.00935	0.00532	0.00593	0.00924	0.01296	0.01723	0.08722	0.66842	0.09153	0.01947	0.00816	0.00255	0.00367	0.01756	0.00608	0.00532
42	0.81856	0.01250	0.00950	0.00850	0.01250	0.01449	0.00700	0.01899	0.01100	0.02899	0.00900	0.01050	0.00700	0.00600	0.00400	0.00200	0.00500	0.00350	0.00400	0.00700
43	0.00973	0.00709	0.00931	0.01042	0.01182	0.00689	0.00867	0.01211	0.01421	0.01824	0.03812	0.10295	0.15017	0.08898	0.01094	0.00314	0.00543	0.48037	0.00577	0.00564

[dist]
# distance from previous block
# <min> <max>
0	1

[block]
# block no. 3 follows, 34 sequences, length 9
# corresponding to MSA columns:
# 282-290
name=unknown_D
#
# <colnr> <probs for GDERKNQSTAVLIFYWHMCP>
#	G	D	E	R	K	N	Q	S	T	A	V	L	I	F	Y	W	H	M	C	P
0	0.01576	0.01571	0.02437	0.15419	0.44757	0.06342	0.06442	0.02035	0.05523	0.02003	0.01260	0.01639	0.01027	0.00636	0.00720	0.00202	0.04562	0.00586	0.00333	0.00929
1	0.01444	0.00776	0.00835	0.00756	0.00972	0.00783	0.00586	0.09312	0.01613	0.07769	0.07423	0.02481	0.01925	0.00802	0.00511	0.00163	0.00365	0.00646	0.60145	0.00694
2	0.01100	0.00745	0.00846	0.00784	0.01028	0.00661	0.00601	0.01388	0.05003	0.10733	0.21794	0.05213	0.44861	0.01423	0.00744	0.00212	0.00358	0.01200	0.00654	0.00651
3	0.01435	0.01478	0.02335	0.01896	0.02023	0.01912	0.14906	0.01655	0.01093	0.01655	0.00937	0.01478	0.00874	0.01017	0.01857	0.00270	0.61546	0.00604	0.00291	0.00739
4	0.00850	0.00611	0.00806	0.00857	0.00951	0.00567	0.00605	0.01058	0.01530	0.02116	0.37940	0.41161	0.05177	0.01676	0.00794	0.00233	0.00340	0.01506	0.00655	0.00567
5	0.01061	0.00695	0.00896	0.00825	0.01012	0.00631	0.00626	0.01348	0.01798	0.08263	0.61097	0.04743	0.11915	0.01308	0.00753	0.00204	0.00327	0.01145	0.00708	0.00643
6	0.01296	0.03342	0.73944	0.01842	0.02797	0.01501	0.02387	0.02046	0.01364	0.02046	0.01160	0.01364	0.00818	0.00614	0.00614	0.00205	0.00955	0.00477	0.00273	0.00955
7	0.01670	0.27793	0.14473	0.08421	0.02107	0.13961	0.01363	0.02067	0.04998	0.04915	0.04963	0.01725	0.04277	0.00727	0.00626	0.00181	0.04019	0.00528	0.00364	0.00820
