[name]
unknown

[dist]
# distance from previous block
# <min> <max>
0	38

[block]
# block no. 0 follows, 33 sequences, length 80
# corresponding to MSA columns:
# 38-117
name=unknown_A
#
# <colnr> <probs for GDERKNQSTAVLIFYWHMCP>
#	G	D	E	R	K	N	Q	S	T	A	V	L	I	F	Y	W	H	M	C	P
0	0.01239	0.00940	0.01325	0.01336	0.01560	0.00960	0.05157	0.07445	0.04764	0.02200	0.03159	0.06371	0.03316	0.01615	0.00869	0.00286	0.00642	0.55532	0.00597	0.00686
1	0.02532	0.01719	0.01889	0.01457	0.01975	0.01867	0.01201	0.57834	0.05801	0.14245	0.01776	0.01715	0.01232	0.00798	0.00660	0.00200	0.00692	0.00609	0.00682	0.01116
2	0.01597	0.01304	0.01409	0.01267	0.01618	0.01478	0.00986	0.03175	0.59244	0.05758	0.07500	0.02738	0.04444	0.01081	0.03164	0.00249	0.00545	0.00790	0.00667	0.00987
3	0.00940	0.00705	0.01058	0.01058	0.01176	0.00823	0.00823	0.01176	0.01058	0.01528	0.01763	0.02586	0.01646	0.04937	0.74255	0.01058	0.01763	0.00705	0.00353	0.00588
4	0.01760	0.77260	0.03450	0.01126	0.01690	0.02605	0.01126	0.01971	0.01338	0.01549	0.00915	0.01056	0.00845	0.00563	0.00422	0.00141	0.00704	0.00352	0.00282	0.00845
5	0.01466	0.05453	0.32635	0.02338	0.03126	0.01646	0.39520	0.02093	0.01477	0.02077	0.01253	0.01588	0.00925	0.00584	0.00700	0.00213	0.01037	0.00640	0.00308	0.00921
6	0.00853	0.00670	0.00770	0.00745	0.00935	0.00587	0.00559	0.01089	0.01676	0.02196	0.38535	0.05648	0.40364	0.01511	0.00777	0.00215	0.00322	0.01293	0.00666	0.00587
7	0.01320	0.03405	0.73453	0.01876	0.02849	0.01529	0.02432	0.02085	0.01390	0.02085	0.01181	0.01390	0.00834	0.00625	0.00625	0.00208	0.00973	0.00486	0.00278	0.00973
8	0.00778	0.00667	0.00667	0.00667	0.00889	0.00556	0.00500	0.00945	0.01501	0.01778	0.06669	0.06336	0.72490	0.01667	0.00778	0.00222	0.00333	0.01389	0.00611	0.00556
9	0.01340	0.06684	0.70345	0.01843	0.02798	0.01577	0.02374	0.02080	0.01388	0.02061	0.01170	0.01375	0.00834	0.00623	0.00616	0.00205	0.00961	0.00480	0.00278	0.00967
10	0.01760	0.77260	0.03450	0.01126	0.01690	0.02605	0.01126	0.01971	0.01338	0.01549	0.00915	0.01056	0.00845	0.00563	0.00422	0.00141	0.00704	0.00352	0.00282	0.00845
11	0.01054	0.00753	0.01053	0.01204	0.01353	0.00752	0.01048	0.01352	0.01508	0.01962	0.03490	0.09331	0.03804	0.01825	0.00907	0.00302	0.00600	0.66492	0.00606	0.00604
12	0.01576	0.01347	0.01440	0.01311	0.01662	0.01547	0.01025	0.03288	0.64862	0.02708	0.05773	0.02823	0.02286	0.00961	0.00687	0.00227	0.00516	0.04291	0.00669	0.01001
13	0.00957	0.00638	0.00718	0.00718	0.00718	0.00638	0.00399	0.00957	0.00957	0.01276	0.02074	0.04308	0.02393	0.76864	0.03351	0.00638	0.00638	0.00957	0.00399	0.00399
14	0.01574	0.42965	0.11543	0.01386	0.01814	0.02218	0.01358	0.01830	0.01245	0.01630	0.01041	0.04209	0.00989	0.00803	0.00972	0.00197	0.22623	0.00495	0.00296	0.00812
15	0.01437	0.01180	0.01372	0.01011	0.01559	0.00948	0.00807	0.03915	0.05527	0.04141	0.04758	0.01630	0.01310	0.00571	0.00522	0.00116	0.00490	0.00463	0.00442	0.67802
16	0.01562	0.35688	0.36022	0.01514	0.02244	0.02035	0.01747	0.04014	0.03772	0.01915	0.01117	0.01286	0.00887	0.00628	0.00586	0.00181	0.03141	0.00442	0.00304	0.00915
17	0.01696	0.01510	0.01474	0.01332	0.01669	0.08759	0.01025	0.11051	0.45728	0.02644	0.02526	0.13468	0.02143	0.01037	0.00687	0.00222	0.00591	0.00866	0.00627	0.00946
18	0.01515	0.01895	0.10258	0.06612	0.03445	0.01641	0.60335	0.02083	0.01526	0.02083	0.01309	0.01739	0.00977	0.00567	0.00756	0.00221	0.01085	0.00739	0.00326	0.00887
19	0.00919	0.00700	0.00867	0.00961	0.01103	0.00667	0.00742	0.01197	0.05085	0.01853	0.04369	0.32054	0.22755	0.01818	0.00836	0.00264	0.00445	0.22165	0.00613	0.00589
20	0.00957	0.00638	0.00718	0.00718	0.00718	0.00638	0.00399	0.00957	0.00957	0.01276	0.02074	0.04308	0.02393	0.76864	0.03351	0.00638	0.00638	0.00957	0.00399	0.00399
21	0.01787	0.01488	0.01573	0.01370	0.01769	0.01707	0.01078	0.15067	0.59756	0.02995	0.02490	0.02305	0.01856	0.00875	0.00668	0.00219	0.00556	0.00718	0.00668	0.01055
22	0.00940	0.00705	0.01058	0.01058	0.01176	0.00823	0.00823	0.01176	0.01058	0.01528	0.01763	0.02586	0.01646	0.04937	0.74255	0.01058	0.01763	0.00705	0.00353	0.00588
23	0.01365	0.01170	0.01365	0.00975	0.01560	0.00878	0.00780	0.01658	0.01365	0.02145	0.01170	0.01365	0.00975	0.00488	0.00488	0.00098	0.00488	0.00390	0.00390	0.80888
24	0.01227	0.00614	0.00614	0.00614	0.00767	0.00614	0.00460	0.01534	0.01381	0.02454	0.02148	0.02454	0.01687	0.00767	0.00460	0.00153	0.00307	0.00614	0.80518	0.00614
25	0.01365	0.01170	0.01365	0.00975	0.01560	0.00878	0.00780	0.01658	0.01365	0.02145	0.01170	0.01365	0.00975	0.00488	0.00488	0.00098	0.00488	0.00390	0.00390	0.80888
26	0.01227	0.00614	0.00614	0.00614	0.00767	0.00614	0.00460	0.01534	0.01381	0.02454	0.02148	0.02454	0.01687	0.00767	0.00460	0.00153	0.00307	0.00614	0.80518	0.00614
27	0.81514	0.01273	0.00968	0.00866	0.01273	0.01477	0.00713	0.01935	0.01120	0.02954	0.00917	0.01069	0.00713	0.00611	0.00407	0.00204	0.00509	0.00356	0.00407	0.00713
28	0.01760	0.77260	0.03450	0.01126	0.01690	0.02605	0.01126	0.01971	0.01338	0.01549	0.00915	0.01056	0.00845	0.00563	0.00422	0.00141	0.00704	0.00352	0.00282	0.00845
29	0.01292	0.01220	0.02062	0.66321	0.13115	0.01475	0.01852	0.01725	0.01339	0.01741	0.01179	0.01739	0.00898	0.00649	0.00657	0.00216	0.00866	0.00585	0.00297	0.00770
30	0.00957	0.00638	0.00718	0.00718	0.00718	0.00638	0.00399	0.00957	0.00957	0.01276	0.02074	0.04308	0.02393	0.76864	0.03351	0.00638	0.00638	0.00957	0.00399	0.00399
31	0.01476	0.02316	0.26954	0.02477	0.03245	0.01620	0.47839	0.02101	0.01499	0.02101	0.01282	0.01648	0.00944	0.00578	0.00727	0.00218	0.01064	0.00681	0.00315	0.00916
32	0.00799	0.00665	0.00698	0.00696	0.00904	0.00564	0.00520	0.00984	0.01542	0.01890	0.15343	0.08218	0.61641	0.01636	0.00780	0.00222	0.00332	0.01377	0.00626	0.00564
33	0.01254	0.05398	0.01272	0.01085	0.01279	0.01083	0.00832	0.13298	0.03869	0.02037	0.02171	0.19421	0.02214	0.10278	0.30739	0.00603	0.01050	0.00959	0.00476	0.00680
34	0.00785	0.00641	0.00694	0.00737	0.00908	0.00550	0.00531	0.00937	0.01433	0.01751	0.05815	0.26024	0.53353	0.01778	0.00796	0.00235	0.00347	0.01525	0.00611	0.00550
35	0.01762	0.65935	0.05997	0.01164	0.01716	0.02370	0.01166	0.02003	0.01378	0.05249	0.01163	0.01505	0.01058	0.00652	0.00471	0.00156	0.00702	0.04376	0.00328	0.00850
36	0.01760	0.77260	0.03450	0.01126	0.01690	0.02605	0.01126	0.01971	0.01338	0.01549	0.00915	0.01056	0.00845	0.00563	0.00422	0.00141	0.00704	0.00352	0.00282	0.00845
37	0.01001	0.00715	0.00992	0.01144	0.01269	0.00706	0.00956	0.01260	0.01456	0.01903	0.03519	0.23462	0.03920	0.01875	0.00893	0.00295	0.00554	0.52883	0.00607	0.00590
38	0.00953	0.00650	0.00818	0.00832	0.00887	0.00676	0.00554	0.01065	0.01088	0.01531	0.05286	0.11654	0.02522	0.40093	0.22515	0.00662	0.00886	0.00975	0.05861	0.00491
39	0.01717	0.70073	0.10262	0.01199	0.01803	0.02500	0.01254	0.01982	0.01343	0.01601	0.00941	0.01089	0.00844	0.00569	0.00442	0.00147	0.00730	0.00365	0.00281	0.00857
40	0.81514	0.01273	0.00968	0.00866	0.01273	0.01477	0.00713	0.01935	0.01120	0.02954	0.00917	0.01069	0.00713	0.00611	0.00407	0.00204	0.00509	0.00356	0.00407	0.00713
41	0.01311	0.05600	0.68197	0.01802	0.02730	0.01522	0.02310	0.02033	0.01393	0.02055	0.01404	0.01588	0.03852	0.00667	0.00626	0.00207	0.00938	0.00520	0.00292	0.00951
42	0.01932	0.20967	0.14124	0.01991	0.15656	0.23394	0.01543	0.02331	0.04638	0.05820	0.01223	0.01387	0.00977	0.00641	0.00575	0.00178	0.00891	0.00475	0.00353	0.00904
43	0.00889	0.00698	0.00782	0.03983	0.01090	0.00615	0.00594	0.01082	0.01526	0.04268	0.12902	0.10729	0.55344	0.01589	0.00773	0.00223	0.00366	0.01343	0.00616	0.00588
44	0.02954	0.01120	0.01528	0.01171	0.01681	0.00968	0.00968	0.03208	0.01884	0.73213	0.02597	0.02241	0.01630	0.00815	0.00662	0.00204	0.00560	0.00662	0.00815	0.01120
45	0.00932	0.00673	0.00880	0.00828	0.00984	0.00621	0.00621	0.01242	0.01863	0.02640	0.72410	0.04918	0.06212	0.01346	0.00776	0.00207	0.00311	0.01191	0.00725	0.00621
46	0.01227	0.00614	0.00614	0.00614	0.00767	0.00614	0.00460	0.01534	0.01381	0.02454	0.02148	0.02454	0.01687	0.00767	0.00460	0.00153	0.00307	0.00614	0.80518	0.00614
47	0.01365	0.01170	0.01365	0.00975	0.01560	0.00878	0.00780	0.01658	0.01365	0.02145	0.01170	0.01365	0.00975	0.00488	0.00488	0.00098	0.00488	0.00390	0.00390	0.80888
48	0.02503	0.01844	0.01976	0.01515	0.02042	0.02042	0.01251	0.70562	0.03095	0.04149	0.01581	0.01581	0.01120	0.00790	0.00659	0.00198	0.00724	0.00593	0.00659	0.01120
49	0.01227	0.00614	0.00614	0.00614	0.00767	0.00614	0.00460	0.01534	0.01381	0.02454	0.02148	0.02454	0.01687	0.00767	0.00460	0.00153	0.00307	0.00614	0.80518	0.00614
50	0.02503	0.01844	0.01976	0.01515	0.02042	0.02042	0.01251	0.70562	0.03095	0.04149	0.01581	0.01581	0.01120	0.00790	0.00659	0.00198	0.00724	0.00593	0.00659	0.01120
51	0.00802	0.00573	0.00764	0.00917	0.00955	0.00535	0.00611	0.00917	0.01260	0.01681	0.03628	0.76434	0.04354	0.02062	0.00840	0.00267	0.00382	0.01872	0.00611	0.00535
52	0.01072	0.00874	0.04228	0.01241	0.01429	0.00791	0.01121	0.01395	0.01510	0.01975	0.03385	0.07162	0.03659	0.01766	0.00897	0.00299	0.00622	0.65358	0.00592	0.00622
53	0.00778	0.00667	0.00667	0.00667	0.00889	0.00556	0.00500	0.00945	0.01501	0.01778	0.06669	0.06336	0.72490	0.01667	0.00778	0.00222	0.00333	0.01389	0.00611	0.00556
54	0.01601	0.33413	0.16670	0.02008	0.07306	0.02023	0.24234	0.02041	0.01430	0.01875	0.01124	0.01395	0.00907	0.00574	0.00593	0.00184	0.00893	0.00533	0.00301	0.00896
55	0.00932	0.00673	0.00880	0.00828	0.00984	0.00621	0.00621	0.01242	0.01863	0.02640	0.72410	0.04918	0.06212	0.01346	0.00776	0.00207	0.00311	0.01191	0.00725	0.00621
56	0.00815	0.00668	0.00719	0.00706	0.00912	0.00572	0.00530	0.01017	0.01589	0.01988	0.22644	0.05991	0.56385	0.01589	0.00778	0.00219	0.00328	0.01341	0.00639	0.00572
57	0.00956	0.00643	0.00741	0.00741	0.00749	0.00651	0.00428	0.00972	0.00964	0.01294	0.02053	0.04191	0.02343	0.71983	0.08162	0.00667	0.00715	0.00940	0.00396	0.00412
58	0.01392	0.15439	0.62046	0.01754	0.02660	0.01704	0.02220	0.02066	0.01381	0.01998	0.01138	0.01336	0.00836	0.00615	0.00592	0.00197	0.00929	0.00465	0.00279	0.00952
59	0.01429	0.01364	0.02308	0.10765	0.29610	0.01309	0.13277	0.01810	0.01458	0.02079	0.04391	0.06825	0.01444	0.00699	0.00656	0.00186	0.00737	0.00688	0.00374	0.18592
60	0.01346	0.05594	0.66479	0.01879	0.02795	0.01584	0.04673	0.02065	0.01381	0.02052	0.01168	0.01394	0.00841	0.00639	0.00676	0.00210	0.03492	0.00495	0.00280	0.00957
61	0.01760	0.77260	0.03450	0.01126	0.01690	0.02605	0.01126	0.01971	0.01338	0.01549	0.00915	0.01056	0.00845	0.00563	0.00422	0.00141	0.00704	0.00352	0.00282	0.00845
62	0.00802	0.00573	0.00764	0.00917	0.00955	0.00535	0.00611	0.00917	0.01260	0.01681	0.03628	0.76434	0.04354	0.02062	0.00840	0.00267	0.00382	0.01872	0.00611	0.00535
63	0.01714	0.03467	0.11992	0.03663	0.02305	0.01306	0.21361	0.02301	0.09078	0.18004	0.08503	0.02658	0.06828	0.00850	0.00711	0.00215	0.00748	0.02860	0.00529	0.00907
64	0.01320	0.03405	0.73453	0.01876	0.02849	0.01529	0.02432	0.02085	0.01390	0.02085	0.01181	0.01390	0.00834	0.00625	0.00625	0.00208	0.00973	0.00486	0.00278	0.00973
65	0.00944	0.00691	0.00987	0.00987	0.01079	0.00784	0.00734	0.01130	0.01037	0.01475	0.01829	0.02948	0.01803	0.20047	0.59360	0.00970	0.01527	0.00758	0.00362	0.00548
66	0.00969	0.00731	0.01048	0.01049	0.01170	0.00839	0.00803	0.01269	0.04660	0.01589	0.01934	0.07004	0.01857	0.07756	0.63032	0.00950	0.01569	0.00787	0.00386	0.00599
67	0.01481	0.07293	0.48535	0.02082	0.11785	0.01555	0.05843	0.02143	0.03354	0.05722	0.03296	0.01593	0.01094	0.00650	0.00632	0.00204	0.00887	0.00543	0.00338	0.00969
68	0.01358	0.02939	0.56689	0.01975	0.05539	0.01509	0.08142	0.02131	0.05547	0.02123	0.01402	0.01803	0.01076	0.00694	0.00657	0.00215	0.00932	0.03989	0.00324	0.00954
69	0.02927	0.01163	0.01554	0.01192	0.01702	0.01031	0.00984	0.07174	0.01956	0.69147	0.02537	0.02202	0.01600	0.00813	0.00662	0.00203	0.00570	0.00658	0.00806	0.01120
70	0.73012	0.05372	0.01147	0.00925	0.01337	0.05500	0.00765	0.01975	0.01172	0.02807	0.00922	0.01075	0.00727	0.00612	0.00418	0.00199	0.00556	0.00360	0.00397	0.00723
71	0.01359	0.01043	0.01224	0.01222	0.05523	0.01066	0.00886	0.13591	0.12359	0.04537	0.09128	0.15190	0.22269	0.01357	0.00750	0.00228	0.00490	0.06374	0.00626	0.00778
72	0.01600	0.05884	0.19570	0.02333	0.10069	0.01565	0.32270	0.02165	0.03408	0.06862	0.01375	0.01653	0.01025	0.00597	0.00679	0.00202	0.00925	0.00631	0.00362	0.06825
73	0.01511	0.01197	0.01393	0.01038	0.01572	0.00983	0.00826	0.09233	0.01568	0.05158	0.01458	0.07119	0.01273	0.00653	0.00540	0.00126	0.00508	0.00536	0.00453	0.62854
74	0.01365	0.01172	0.01427	0.01168	0.05742	0.00912	0.00867	0.01664	0.01381	0.02137	0.01292	0.01690	0.01123	0.00561	0.00519	0.00114	0.00511	0.03865	0.00397	0.72094
75	0.06034	0.02365	0.37868	0.01673	0.02384	0.01425	0.08827	0.06259	0.06325	0.10747	0.08206	0.01929	0.01542	0.00736	0.00653	0.00209	0.00805	0.00620	0.00445	0.00947
76	0.04748	0.01245	0.04606	0.01135	0.03598	0.00947	0.02772	0.01708	0.01434	0.04184	0.09032	0.01787	0.01554	0.00607	0.00539	0.00128	0.00518	0.00504	0.00431	0.58524
77	0.05053	0.00711	0.00787	0.00786	0.00992	0.00636	0.00589	0.01170	0.01503	0.06133	0.13240	0.18529	0.42478	0.01602	0.00767	0.00229	0.00369	0.03199	0.00626	0.00602
78	0.02324	0.01076	0.01387	0.01101	0.01532	0.00971	0.00892	0.07357	0.03777	0.46324	0.15499	0.02857	0.06026	0.00940	0.00680	0.00200	0.00509	0.00780	0.00752	0.05016
79	0.01447	0.00855	0.01064	0.00940	0.01209	0.00802	0.00729	0.01895	0.09476	0.18559	0.39758	0.04236	0.13922	0.01220	0.00739	0.00210	0.00394	0.01049	0.00723	0.00772

[dist]
# distance from previous block
# <min> <max>
0	2

# created by:
# /home/berkeley/.conda/envs/busco_data_prod/bin/msa2prfl.pl pipeline/OGs_align_augustus/4893/9560.fs
