[name]
unknown

[dist]
# distance from previous block
# <min> <max>
9	43

[block]
# block no. 0 follows, 34 sequences, length 9
# corresponding to MSA columns:
# 46-54
name=unknown_A
#
# <colnr> <probs for GDERKNQSTAVLIFYWHMCP>
#	G	D	E	R	K	N	Q	S	T	A	V	L	I	F	Y	W	H	M	C	P
0	0.01478	0.01189	0.01683	0.21708	0.06844	0.01296	0.05406	0.06342	0.13742	0.07105	0.02070	0.02414	0.06875	0.07114	0.00913	0.00239	0.03220	0.00700	0.04421	0.05240
1	0.18307	0.00979	0.01178	0.09491	0.06374	0.01022	0.00880	0.04366	0.01371	0.08115	0.04138	0.17612	0.01984	0.05997	0.00775	0.00230	0.00521	0.00832	0.10385	0.05441
2	0.04553	0.01101	0.01404	0.01265	0.02924	0.01183	0.06839	0.09681	0.18091	0.02318	0.06298	0.13679	0.02370	0.12979	0.01142	0.00285	0.03128	0.04036	0.05971	0.00752
3	0.01396	0.00968	0.01162	0.02504	0.01341	0.01016	0.00815	0.10971	0.11609	0.09391	0.09836	0.19234	0.09708	0.07428	0.07420	0.00326	0.02484	0.01055	0.00593	0.00743
4	0.01533	0.01297	0.02042	0.49197	0.16967	0.01494	0.01715	0.09990	0.01564	0.06141	0.01289	0.01706	0.00962	0.00657	0.00645	0.00208	0.00808	0.00580	0.00365	0.00842
5	0.01065	0.00801	0.01048	0.12035	0.01551	0.00842	0.00825	0.07548	0.01469	0.01997	0.08756	0.28972	0.11199	0.04009	0.07964	0.00316	0.00599	0.01183	0.07198	0.00623
6	0.01202	0.01001	0.03002	0.01183	0.03390	0.02689	0.00892	0.09253	0.07183	0.01914	0.01968	0.10536	0.01893	0.10793	0.39296	0.00684	0.01196	0.00817	0.00435	0.00675
7	0.04538	0.01473	0.01765	0.05043	0.10283	0.01602	0.01200	0.40841	0.02279	0.07046	0.01664	0.05353	0.01356	0.05412	0.06913	0.00292	0.00773	0.00665	0.00551	0.00950
8	0.01688	0.01461	0.01681	0.01472	0.04133	0.07153	0.06480	0.16417	0.22657	0.04698	0.07828	0.07389	0.07857	0.00988	0.00766	0.00213	0.04842	0.00820	0.00572	0.00886

[dist]
# distance from previous block
# <min> <max>
1	4

[block]
# block no. 1 follows, 34 sequences, length 13
# corresponding to MSA columns:
# 59-71
name=unknown_B
#
# <colnr> <probs for GDERKNQSTAVLIFYWHMCP>
#	G	D	E	R	K	N	Q	S	T	A	V	L	I	F	Y	W	H	M	C	P
0	0.07687	0.04874	0.04840	0.02858	0.09192	0.01330	0.01088	0.18882	0.01831	0.09447	0.06247	0.05786	0.03083	0.00787	0.00594	0.00178	0.00584	0.00639	0.04567	0.15507
1	0.04280	0.05397	0.02414	0.04941	0.34423	0.05978	0.10438	0.04250	0.01551	0.09809	0.01333	0.01585	0.01038	0.00599	0.00618	0.00183	0.00768	0.00559	0.00389	0.09447
2	0.01804	0.01472	0.01893	0.04023	0.02000	0.01613	0.09914	0.26211	0.18913	0.04745	0.01999	0.03855	0.04381	0.04369	0.00904	0.00230	0.06574	0.00711	0.00548	0.03842
3	0.00814	0.00625	0.00745	0.00782	0.00921	0.00556	0.00561	0.00999	0.01491	0.01948	0.23975	0.30022	0.30871	0.01682	0.00784	0.00229	0.00337	0.01471	0.00631	0.00556
4	0.01585	0.06108	0.23059	0.01981	0.15752	0.08078	0.03893	0.09784	0.06512	0.02233	0.06646	0.01901	0.01454	0.04616	0.00826	0.02897	0.00793	0.00600	0.00397	0.00885
5	0.00809	0.00656	0.00718	0.00702	0.00901	0.00565	0.00527	0.01015	0.01580	0.02001	0.26594	0.05798	0.52791	0.01541	0.00763	0.00214	0.00320	0.01305	0.00634	0.00565
6	0.05488	0.08567	0.01853	0.01499	0.01850	0.51072	0.03432	0.04634	0.01735	0.03842	0.01232	0.04119	0.01047	0.00714	0.00572	0.00172	0.00975	0.00497	0.05941	0.00761
7	0.64753	0.04790	0.03292	0.01074	0.04958	0.04838	0.00846	0.01924	0.01180	0.02691	0.00980	0.01150	0.00773	0.00607	0.00429	0.00193	0.00557	0.00379	0.03859	0.00727
8	0.01468	0.01354	0.02101	0.08161	0.38867	0.03517	0.05536	0.01942	0.07222	0.04048	0.11163	0.02489	0.07715	0.00797	0.00673	0.00200	0.00682	0.00739	0.00433	0.00892
9	0.01689	0.08869	0.12156	0.04658	0.17704	0.05510	0.01478	0.09697	0.18478	0.04124	0.03233	0.01794	0.01341	0.00725	0.00660	0.00197	0.03052	0.00586	0.03104	0.00947
10	0.00925	0.00683	0.00991	0.00991	0.01089	0.00782	0.00748	0.01123	0.01024	0.01465	0.01774	0.02781	0.01720	0.15227	0.64494	0.00979	0.01572	0.00728	0.00353	0.00550
11	0.04229	0.11470	0.18240	0.01977	0.17639	0.03946	0.05890	0.02027	0.03074	0.06897	0.05421	0.01658	0.01278	0.00634	0.00587	0.00176	0.00733	0.00537	0.00380	0.13209
12	0.01634	0.01243	0.01402	0.04523	0.01690	0.01358	0.00978	0.07444	0.42485	0.09428	0.12101	0.02727	0.04993	0.00924	0.00666	0.00208	0.00508	0.00774	0.00648	0.04267

[dist]
# distance from previous block
# <min> <max>
0	1

[block]
# block no. 2 follows, 34 sequences, length 41
# corresponding to MSA columns:
# 73-113
name=unknown_C
#
# <colnr> <probs for GDERKNQSTAVLIFYWHMCP>
#	G	D	E	R	K	N	Q	S	T	A	V	L	I	F	Y	W	H	M	C	P
0	0.04115	0.11373	0.10377	0.01315	0.01904	0.03592	0.04170	0.18733	0.01802	0.07499	0.01309	0.01419	0.00994	0.00610	0.00552	0.00155	0.00669	0.00472	0.00446	0.28493
1	0.01809	0.14908	0.17131	0.01866	0.11809	0.14018	0.02942	0.13823	0.06016	0.02270	0.03572	0.01525	0.01144	0.00692	0.00654	0.00188	0.03803	0.00523	0.00392	0.00915
2	0.01086	0.03034	0.01248	0.01277	0.08353	0.00929	0.02935	0.01254	0.02600	0.01578	0.02495	0.03703	0.12262	0.24060	0.12664	0.07167	0.05569	0.06803	0.00410	0.00574
3	0.01595	0.01365	0.01436	0.01294	0.01653	0.01578	0.01006	0.03377	0.70033	0.02694	0.02615	0.02411	0.01963	0.00873	0.00651	0.00217	0.00505	0.00727	0.02996	0.01010
4	0.02414	0.03079	0.01831	0.01665	0.01998	0.74698	0.01248	0.02580	0.01831	0.01581	0.00999	0.01165	0.00832	0.00666	0.00583	0.00166	0.01165	0.00416	0.00333	0.00749
5	0.00899	0.00660	0.00842	0.00797	0.00956	0.00603	0.00598	0.01189	0.01793	0.02505	0.66130	0.04969	0.12942	0.01353	0.00762	0.00205	0.00307	0.01188	0.00700	0.00603
6	0.01715	0.01442	0.01522	0.01337	0.01721	0.01657	0.01049	0.12028	0.63325	0.02877	0.02493	0.02302	0.01861	0.00864	0.00656	0.00216	0.00537	0.00712	0.00656	0.01032
7	0.06423	0.12026	0.07350	0.01330	0.03994	0.01410	0.06235	0.11076	0.01569	0.02329	0.01168	0.01348	0.00936	0.00554	0.00524	0.00141	0.00630	0.00443	0.00390	0.40123
8	0.02186	0.01752	0.01842	0.01527	0.04073	0.05920	0.01203	0.47161	0.15823	0.03446	0.01672	0.01680	0.01232	0.00784	0.00693	0.00197	0.03500	0.00592	0.00597	0.04118
9	0.00804	0.00680	0.00699	0.00696	0.00915	0.00587	0.00528	0.01028	0.03704	0.01811	0.08727	0.06079	0.66365	0.01605	0.00764	0.00220	0.00340	0.03277	0.00606	0.00564
10	0.00791	0.00606	0.00725	0.00801	0.00916	0.00541	0.00560	0.00940	0.01381	0.01775	0.11268	0.43866	0.29880	0.01814	0.00796	0.00240	0.00351	0.01598	0.00610	0.00541
11	0.05143	0.10150	0.07113	0.01708	0.07627	0.24068	0.02876	0.25097	0.02083	0.06292	0.01283	0.01390	0.00973	0.00681	0.00594	0.00181	0.00861	0.00498	0.00452	0.00928
12	0.00899	0.00714	0.00969	0.01042	0.01073	0.00784	0.00745	0.01017	0.01193	0.01633	0.03077	0.63409	0.03662	0.01865	0.01056	0.00266	0.13886	0.01610	0.00543	0.00557
13	0.01618	0.01323	0.01428	0.01256	0.01604	0.01490	0.00982	0.14140	0.48114	0.02876	0.12759	0.05110	0.02509	0.00963	0.00677	0.00214	0.00509	0.00807	0.00662	0.00958
14	0.14697	0.34368	0.05431	0.01260	0.01732	0.17111	0.01132	0.05694	0.04125	0.05073	0.01098	0.01219	0.00899	0.00639	0.00542	0.00170	0.03207	0.00413	0.00364	0.00826
15	0.01266	0.01309	0.05878	0.63818	0.11989	0.01450	0.01847	0.01709	0.01316	0.01723	0.01156	0.01690	0.00877	0.00636	0.00644	0.00212	0.00856	0.00569	0.00290	0.00764
16	0.06709	0.01757	0.01827	0.01428	0.01921	0.09969	0.03458	0.41313	0.02449	0.17336	0.01628	0.01607	0.01137	0.00740	0.00624	0.00189	0.00723	0.00563	0.00607	0.04015
17	0.00824	0.00611	0.00863	0.00951	0.01021	0.00570	0.02930	0.00971	0.01306	0.01758	0.10464	0.67134	0.04348	0.01905	0.00816	0.00255	0.00391	0.01734	0.00602	0.00545
18	0.01344	0.01307	0.01829	0.01587	0.01599	0.01803	0.01308	0.01488	0.00992	0.01536	0.00988	0.01649	0.00990	0.04799	0.09475	0.00374	0.65362	0.00594	0.00294	0.00680
19	0.00869	0.00670	0.00983	0.01152	0.05450	0.00631	0.03303	0.01022	0.01285	0.01730	0.06074	0.66626	0.04024	0.01853	0.00809	0.00254	0.00423	0.01693	0.00577	0.00572
20	0.01754	0.01927	0.04881	0.06962	0.39839	0.17032	0.08857	0.04330	0.01571	0.02010	0.01170	0.01512	0.00959	0.00625	0.00698	0.00195	0.03870	0.00558	0.00329	0.00921
21	0.01570	0.08399	0.26236	0.01814	0.13232	0.06795	0.01588	0.04276	0.01477	0.04648	0.01195	0.01389	0.00929	0.00581	0.00563	0.00163	0.00762	0.00460	0.00347	0.23576
22	0.02312	0.01894	0.01838	0.03618	0.01983	0.18578	0.03284	0.32461	0.04525	0.13256	0.01570	0.01623	0.01137	0.00764	0.00707	0.00194	0.04831	0.00563	0.03906	0.00956
23	0.01414	0.01414	0.01979	0.01696	0.01696	0.01979	0.01414	0.01555	0.00990	0.01555	0.00848	0.01414	0.00848	0.01131	0.02120	0.00283	0.76110	0.00565	0.00283	0.00707
24	0.01340	0.01148	0.01340	0.00957	0.01531	0.00861	0.00766	0.01627	0.01340	0.02105	0.01148	0.01340	0.00957	0.00479	0.00479	0.00096	0.00479	0.00383	0.00383	0.81242
25	0.00835	0.00657	0.00753	0.00729	0.00916	0.00576	0.00547	0.01065	0.01641	0.02145	0.37918	0.05560	0.41377	0.01487	0.00763	0.00211	0.00317	0.01271	0.00653	0.00576
26	0.69601	0.01482	0.01090	0.00968	0.01365	0.09879	0.00784	0.04711	0.01260	0.02794	0.00937	0.01083	0.00731	0.00614	0.00431	0.00196	0.00585	0.00367	0.00402	0.00721
27	0.00814	0.00694	0.00705	0.00695	0.00919	0.00605	0.00523	0.01072	0.05274	0.01825	0.08558	0.05967	0.66948	0.01585	0.00758	0.00218	0.00336	0.01323	0.00607	0.00573
28	0.00787	0.00562	0.00750	0.00900	0.00937	0.00525	0.00600	0.00900	0.01237	0.01649	0.03561	0.76871	0.04274	0.02024	0.00825	0.00262	0.00375	0.01837	0.00600	0.00525
29	0.01220	0.01148	0.01938	0.75739	0.04450	0.01436	0.01794	0.01651	0.01292	0.01651	0.01148	0.01723	0.00861	0.00646	0.00646	0.00215	0.00861	0.00574	0.00287	0.00718
30	0.01732	0.22670	0.18164	0.02042	0.18327	0.10059	0.01615	0.08297	0.05807	0.02076	0.01200	0.01388	0.00965	0.00636	0.00601	0.00181	0.02485	0.00484	0.00348	0.00925
31	0.01240	0.00840	0.01301	0.01187	0.01417	0.00776	0.09649	0.01484	0.01488	0.12211	0.10367	0.30229	0.10125	0.01510	0.00792	0.00244	0.00518	0.13343	0.00604	0.00674
32	0.00764	0.00655	0.00655	0.00655	0.00873	0.00545	0.00491	0.00927	0.01473	0.01745	0.06546	0.06218	0.73000	0.01636	0.00764	0.00218	0.00327	0.01364	0.00600	0.00545
33	0.01296	0.03342	0.73944	0.01842	0.02797	0.01501	0.02387	0.02046	0.01364	0.02046	0.01160	0.01364	0.00818	0.00614	0.00614	0.00205	0.00955	0.00477	0.00273	0.00955
34	0.04407	0.16620	0.07038	0.07366	0.24367	0.10957	0.05812	0.04220	0.06729	0.02001	0.01215	0.01471	0.00990	0.00638	0.00643	0.00188	0.03579	0.00520	0.00345	0.00896
35	0.01549	0.01476	0.02470	0.13328	0.60308	0.01526	0.01906	0.02017	0.05237	0.02082	0.01282	0.01659	0.01053	0.00601	0.00641	0.00196	0.00766	0.00584	0.00334	0.00983
36	0.00812	0.00579	0.00770	0.00915	0.00959	0.00545	0.00626	0.00935	0.01245	0.01657	0.03494	0.68867	0.04160	0.04771	0.00920	0.00278	0.00401	0.06946	0.00592	0.00525
37	0.02415	0.03034	0.01835	0.01658	0.01998	0.72075	0.01248	0.05053	0.01875	0.01671	0.01019	0.01179	0.00842	0.00670	0.00585	0.00167	0.01149	0.00422	0.00344	0.00762
38	0.04839	0.06655	0.04703	0.01419	0.01939	0.01939	0.01216	0.58780	0.02734	0.03693	0.01690	0.01697	0.04168	0.00787	0.00627	0.00192	0.00696	0.00589	0.00598	0.01039
39	0.03924	0.00992	0.01104	0.01010	0.01282	0.01034	0.00772	0.02086	0.29212	0.02461	0.26516	0.08363	0.10885	0.01144	0.00694	0.00207	0.00411	0.00980	0.00638	0.06287
40	0.01824	0.52890	0.02918	0.01308	0.04139	0.02317	0.01167	0.14829	0.01620	0.02041	0.01037	0.01189	0.00892	0.00632	0.00585	0.00159	0.05857	0.00414	0.00351	0.03832

[dist]
# distance from previous block
# <min> <max>
0	2

[block]
# block no. 3 follows, 34 sequences, length 61
# corresponding to MSA columns:
# 116-176
name=unknown_D
#
# <colnr> <probs for GDERKNQSTAVLIFYWHMCP>
#	G	D	E	R	K	N	Q	S	T	A	V	L	I	F	Y	W	H	M	C	P
0	0.02455	0.01389	0.01603	0.01272	0.01723	0.05021	0.01035	0.18441	0.09073	0.38975	0.04741	0.02055	0.01597	0.00816	0.00704	0.00198	0.03655	0.00637	0.00688	0.03923
1	0.00934	0.00648	0.00816	0.00816	0.00855	0.00687	0.00531	0.01011	0.00973	0.01336	0.01934	0.03663	0.02103	0.53041	0.27204	0.00764	0.00996	0.00857	0.00376	0.00454
2	0.01616	0.04391	0.09419	0.04078	0.26784	0.03432	0.07014	0.06368	0.13079	0.05153	0.01715	0.04735	0.01416	0.00757	0.00648	0.00203	0.00724	0.03177	0.04354	0.00936
3	0.01352	0.01023	0.01133	0.01024	0.01320	0.01063	0.00791	0.04624	0.28942	0.07099	0.12291	0.07343	0.19546	0.01243	0.02498	0.00230	0.00466	0.00965	0.03259	0.03788
4	0.00944	0.00703	0.00997	0.00987	0.01073	0.00808	0.00736	0.01120	0.01015	0.01447	0.01768	0.02874	0.01751	0.20783	0.56361	0.00921	0.04075	0.00743	0.00354	0.00540
5	0.02411	0.05204	0.01865	0.01629	0.01975	0.69901	0.01233	0.02582	0.01816	0.04194	0.01052	0.01199	0.00860	0.00667	0.00580	0.00167	0.01129	0.00423	0.00348	0.00764
6	0.01939	0.16979	0.15368	0.01703	0.04655	0.31831	0.04905	0.06071	0.04241	0.01874	0.01116	0.01298	0.00901	0.00658	0.00636	0.00180	0.03998	0.00463	0.00338	0.00845
7	0.00939	0.00629	0.00717	0.00717	0.00721	0.00633	0.00407	0.00948	0.00943	0.01262	0.02025	0.04166	0.02322	0.74623	0.05921	0.00642	0.00667	0.00931	0.00390	0.00398
8	0.01616	0.01664	0.08405	0.13940	0.44356	0.01578	0.04122	0.10090	0.03842	0.02285	0.01288	0.01622	0.01020	0.00621	0.00644	0.00198	0.00793	0.00579	0.00360	0.00977
9	0.01340	0.01148	0.01340	0.00957	0.01531	0.00861	0.00766	0.01627	0.01340	0.02105	0.01148	0.01340	0.00957	0.00479	0.00479	0.00096	0.00479	0.00383	0.00383	0.81242
10	0.01095	0.00704	0.00901	0.00826	0.01022	0.00636	0.00628	0.01376	0.01784	0.09673	0.57085	0.04744	0.14429	0.01310	0.00751	0.00205	0.00333	0.01142	0.00706	0.00651
11	0.00914	0.00660	0.00864	0.00813	0.00965	0.00610	0.00610	0.01219	0.01829	0.02591	0.72921	0.04827	0.06097	0.01321	0.00762	0.00203	0.00305	0.01169	0.00711	0.00610
12	0.01907	0.01537	0.01630	0.01376	0.01794	0.01747	0.01095	0.27336	0.47704	0.03187	0.02249	0.02107	0.01664	0.00841	0.00654	0.00210	0.00582	0.00678	0.00654	0.01050
13	0.01230	0.01021	0.01294	0.04863	0.08952	0.01081	0.00946	0.02059	0.25523	0.02506	0.36048	0.03569	0.06106	0.01071	0.00708	0.00208	0.00450	0.00936	0.00628	0.00796
14	0.01177	0.01254	0.14606	0.01188	0.01435	0.00989	0.01085	0.01401	0.01144	0.05091	0.01765	0.03016	0.01725	0.17177	0.19141	0.09693	0.08470	0.08645	0.00379	0.00617
15	0.01381	0.11481	0.54765	0.01899	0.02761	0.01641	0.13198	0.02037	0.01384	0.01991	0.01154	0.01388	0.00846	0.00596	0.00615	0.00199	0.00947	0.00508	0.00282	0.00927
16	0.02414	0.03079	0.01831	0.01665	0.01998	0.74698	0.01248	0.02580	0.01831	0.01581	0.00999	0.01165	0.00832	0.00666	0.00583	0.00166	0.01165	0.00416	0.00333	0.00749
17	0.00940	0.00626	0.00705	0.00705	0.00705	0.00626	0.00392	0.00940	0.00940	0.01253	0.02036	0.04228	0.02349	0.77292	0.03289	0.00626	0.00626	0.00940	0.00392	0.00392
18	0.01727	0.77681	0.03386	0.01106	0.01658	0.02557	0.01106	0.01935	0.01313	0.01520	0.00898	0.01036	0.00829	0.00553	0.00415	0.00138	0.00691	0.00345	0.00276	0.00829
19	0.02371	0.01747	0.01880	0.01450	0.01947	0.01927	0.01194	0.67265	0.02971	0.03991	0.05475	0.01731	0.01374	0.00806	0.00653	0.00194	0.00689	0.00614	0.00650	0.01072
20	0.00787	0.00562	0.00750	0.00900	0.00937	0.00525	0.00600	0.00900	0.01237	0.01649	0.03561	0.76871	0.04274	0.02024	0.00825	0.00262	0.00375	0.01837	0.00600	0.00525
21	0.77451	0.05451	0.01084	0.00864	0.01272	0.01510	0.00722	0.01901	0.01111	0.02823	0.00900	0.01049	0.00707	0.00597	0.00401	0.00197	0.00510	0.00350	0.00393	0.00707
22	0.00930	0.00628	0.00702	0.00702	0.00714	0.00622	0.00397	0.00939	0.00969	0.01280	0.02284	0.04338	0.06233	0.73133	0.03150	0.00604	0.00610	0.00963	0.00403	0.00400
23	0.01352	0.01143	0.01332	0.00973	0.01518	0.00886	0.00774	0.04109	0.01396	0.02154	0.01285	0.05178	0.01130	0.00568	0.00502	0.00108	0.00482	0.00464	0.00403	0.74244
24	0.01697	0.03484	0.11538	0.01937	0.19855	0.01218	0.03134	0.05866	0.01617	0.15950	0.07296	0.04389	0.04227	0.00798	0.00641	0.00189	0.00646	0.03037	0.00489	0.11990
25	0.01788	0.67844	0.03169	0.01166	0.01691	0.09381	0.01116	0.02050	0.03909	0.01569	0.00970	0.01098	0.00871	0.00575	0.00439	0.00144	0.00730	0.00366	0.00295	0.00829
26	0.01414	0.01414	0.01979	0.01696	0.01696	0.01979	0.01414	0.01555	0.00990	0.01555	0.00848	0.01414	0.00848	0.01131	0.02120	0.00283	0.76110	0.00565	0.00283	0.00707
27	0.01340	0.01148	0.01340	0.00957	0.01531	0.00861	0.00766	0.01627	0.01340	0.02105	0.01148	0.01340	0.00957	0.00479	0.00479	0.00096	0.00479	0.00383	0.00383	0.81242
28	0.81856	0.01250	0.00950	0.00850	0.01250	0.01449	0.00700	0.01899	0.01100	0.02899	0.00900	0.01050	0.00700	0.00600	0.00400	0.00200	0.00500	0.00350	0.00400	0.00700
29	0.01220	0.01148	0.01938	0.75739	0.04450	0.01436	0.01794	0.01651	0.01292	0.01651	0.01148	0.01723	0.00861	0.00646	0.00646	0.00215	0.00861	0.00574	0.00287	0.00718
30	0.02479	0.01774	0.01917	0.01470	0.01986	0.01950	0.01214	0.67661	0.02978	0.07603	0.01602	0.01584	0.01124	0.00777	0.00647	0.00194	0.00703	0.00585	0.00654	0.01099
31	0.01553	0.01476	0.02486	0.07401	0.64968	0.01495	0.01893	0.01974	0.03341	0.02123	0.04146	0.01757	0.01245	0.00617	0.00645	0.00194	0.00747	0.00604	0.00343	0.00991
32	0.02413	0.01788	0.01915	0.01478	0.01987	0.01984	0.01218	0.67676	0.06540	0.04003	0.01606	0.01595	0.01143	0.00781	0.00647	0.00195	0.00701	0.00589	0.00647	0.01095
33	0.01727	0.77681	0.03386	0.01106	0.01658	0.02557	0.01106	0.01935	0.01313	0.01520	0.00898	0.01036	0.00829	0.00553	0.00415	0.00138	0.00691	0.00345	0.00276	0.00829
34	0.01607	0.01388	0.01461	0.01315	0.01680	0.01607	0.01023	0.03433	0.72094	0.02703	0.02630	0.02411	0.01972	0.00877	0.00657	0.00219	0.00511	0.00731	0.00657	0.01023
35	0.00923	0.00692	0.01038	0.01038	0.01154	0.00808	0.00808	0.01154	0.01038	0.01500	0.01731	0.02538	0.01615	0.04846	0.74732	0.01038	0.01731	0.00692	0.00346	0.00577
36	0.00923	0.00692	0.01038	0.01038	0.01154	0.00808	0.00808	0.01154	0.01038	0.01500	0.01731	0.02538	0.01615	0.04846	0.74732	0.01038	0.01731	0.00692	0.00346	0.00577
37	0.00813	0.00652	0.00726	0.00718	0.00906	0.00565	0.00534	0.01019	0.01574	0.02009	0.27480	0.09473	0.48146	0.01556	0.00766	0.00216	0.00323	0.01326	0.00635	0.00565
38	0.02414	0.03079	0.01831	0.01665	0.01998	0.74698	0.01248	0.02580	0.01831	0.01581	0.00999	0.01165	0.00832	0.00666	0.00583	0.00166	0.01165	0.00416	0.00333	0.00749
39	0.09412	0.27217	0.14501	0.01937	0.17562	0.03770	0.04066	0.08464	0.01511	0.02131	0.01114	0.01336	0.00911	0.00718	0.02654	0.00202	0.00792	0.00468	0.00337	0.00898
40	0.01637	0.16548	0.16476	0.02231	0.23646	0.05583	0.03658	0.05543	0.12307	0.02148	0.01391	0.01570	0.01100	0.00643	0.00590	0.00187	0.00766	0.00534	0.02496	0.00946
41	0.01350	0.01265	0.01683	0.01464	0.01608	0.03673	0.05228	0.01857	0.15204	0.01778	0.01512	0.02090	0.01361	0.08288	0.16320	0.00443	0.33103	0.00663	0.00383	0.00728
42	0.00787	0.00562	0.00750	0.00900	0.00937	0.00525	0.00600	0.00900	0.01237	0.01649	0.03561	0.76871	0.04274	0.02024	0.00825	0.00262	0.00375	0.01837	0.00600	0.00525
43	0.00807	0.00570	0.00744	0.00875	0.00907	0.00538	0.00573	0.00905	0.01199	0.01599	0.03366	0.67587	0.04028	0.11644	0.01140	0.00309	0.00407	0.01722	0.00573	0.00508
44	0.01220	0.01148	0.01938	0.75739	0.04450	0.01436	0.01794	0.01651	0.01292	0.01651	0.01148	0.01723	0.00861	0.00646	0.00646	0.00215	0.00861	0.00574	0.00287	0.00718
45	0.01607	0.01388	0.01461	0.01315	0.01680	0.01607	0.01023	0.03433	0.72094	0.02703	0.02630	0.02411	0.01972	0.00877	0.00657	0.00219	0.00511	0.00731	0.00657	0.01023
46	0.01414	0.01414	0.01979	0.01696	0.01696	0.01979	0.01414	0.01555	0.00990	0.01555	0.00848	0.01414	0.00848	0.01131	0.02120	0.00283	0.76110	0.00565	0.00283	0.00707
47	0.01607	0.01388	0.01461	0.01315	0.01680	0.01607	0.01023	0.03433	0.72094	0.02703	0.02630	0.02411	0.01972	0.00877	0.00657	0.00219	0.00511	0.00731	0.00657	0.01023
48	0.02456	0.01810	0.01939	0.01487	0.02004	0.02004	0.01228	0.71107	0.03038	0.04072	0.01551	0.01551	0.01099	0.00776	0.00646	0.00194	0.00711	0.00582	0.00646	0.01099
49	0.02899	0.01100	0.01499	0.01150	0.01649	0.00950	0.00950	0.03149	0.01849	0.73709	0.02549	0.02199	0.01599	0.00800	0.00650	0.00200	0.00550	0.00650	0.00800	0.01100
50	0.01414	0.01414	0.01979	0.01696	0.01696	0.01979	0.01414	0.01555	0.00990	0.01555	0.00848	0.01414	0.00848	0.01131	0.02120	0.00283	0.76110	0.00565	0.00283	0.00707
51	0.01296	0.03342	0.73944	0.01842	0.02797	0.01501	0.02387	0.02046	0.01364	0.02046	0.01160	0.01364	0.00818	0.00614	0.00614	0.00205	0.00955	0.00477	0.00273	0.00955
52	0.00971	0.00756	0.01066	0.01173	0.03825	0.00731	0.03655	0.01253	0.03917	0.01871	0.06234	0.31662	0.12155	0.01710	0.00825	0.00262	0.00495	0.26252	0.00583	0.00606
53	0.01371	0.03045	0.63237	0.01862	0.04595	0.01455	0.04784	0.02063	0.01389	0.04546	0.01214	0.01412	0.00864	0.00610	0.00614	0.00199	0.00917	0.00492	0.00300	0.05030
54	0.01204	0.00602	0.00602	0.00602	0.00753	0.00602	0.00452	0.01506	0.01355	0.02409	0.02108	0.02409	0.01656	0.00753	0.00452	0.00151	0.00301	0.00602	0.80879	0.00602
55	0.00939	0.00630	0.00724	0.00724	0.00731	0.00637	0.00416	0.00952	0.00945	0.01267	0.02018	0.04131	0.02307	0.73112	0.07411	0.00650	0.00690	0.00925	0.00389	0.00402
56	0.19755	0.01671	0.03933	0.02077	0.13913	0.07359	0.18394	0.08851	0.01561	0.07350	0.01240	0.01491	0.00951	0.00670	0.00754	0.00208	0.07988	0.00561	0.00401	0.00873
57	0.01872	0.13809	0.02391	0.11170	0.17502	0.26474	0.06347	0.04963	0.03612	0.01859	0.01133	0.01406	0.00930	0.00644	0.00644	0.00183	0.03376	0.00503	0.00336	0.00845
58	0.00868	0.00665	0.00730	0.00744	0.00943	0.00573	0.00561	0.01042	0.01469	0.04424	0.07902	0.15059	0.54999	0.01655	0.00776	0.00228	0.00358	0.05826	0.00611	0.00569
59	0.01585	0.05632	0.02466	0.09654	0.33963	0.07978	0.11917	0.01932	0.01456	0.03752	0.01395	0.07639	0.01243	0.00724	0.00705	0.00199	0.03486	0.00675	0.00352	0.03249
60	0.18549	0.04666	0.04720	0.03751	0.05850	0.20621	0.05635	0.15376	0.04372	0.02456	0.01342	0.05536	0.01126	0.00833	0.02306	0.00213	0.00824	0.00566	0.00427	0.00833

[dist]
# distance from previous block
# <min> <max>
1	16

[block]
# block no. 4 follows, 34 sequences, length 38
# corresponding to MSA columns:
# 193-230
name=unknown_E
#
# <colnr> <probs for GDERKNQSTAVLIFYWHMCP>
#	G	D	E	R	K	N	Q	S	T	A	V	L	I	F	Y	W	H	M	C	P
0	0.10183	0.14924	0.12520	0.05071	0.09303	0.15373	0.03366	0.07488	0.05618	0.02144	0.03413	0.01712	0.04856	0.00708	0.00577	0.00186	0.00787	0.00541	0.00385	0.00846
1	0.01617	0.01637	0.05113	0.08938	0.48427	0.06520	0.03785	0.05099	0.01499	0.02049	0.01194	0.01588	0.00992	0.00714	0.00798	0.05004	0.03211	0.00565	0.00328	0.00923
2	0.01610	0.04115	0.04582	0.08412	0.07630	0.01404	0.04060	0.15123	0.08711	0.02459	0.01368	0.01551	0.01070	0.00626	0.00614	0.00161	0.02630	0.00511	0.00434	0.32927
3	0.76383	0.01239	0.00988	0.00870	0.01277	0.01415	0.00717	0.01986	0.01152	0.07807	0.01014	0.01129	0.00762	0.00614	0.00417	0.00200	0.00503	0.00371	0.00428	0.00727
4	0.00939	0.00629	0.00720	0.00720	0.00725	0.00635	0.00411	0.00949	0.00944	0.01264	0.02022	0.04151	0.02315	0.73962	0.06573	0.00645	0.00677	0.00928	0.00389	0.00400
5	0.00787	0.00562	0.00750	0.00900	0.00937	0.00525	0.00600	0.00900	0.01237	0.01649	0.03561	0.76871	0.04274	0.02024	0.00825	0.00262	0.00375	0.01837	0.00600	0.00525
6	0.00765	0.00651	0.00658	0.00665	0.00875	0.00545	0.00495	0.00926	0.01463	0.01742	0.06422	0.09139	0.70159	0.01652	0.00766	0.00220	0.00329	0.01383	0.00600	0.00545
7	0.02383	0.01773	0.01898	0.01472	0.01976	0.01969	0.01210	0.65241	0.09024	0.03953	0.01645	0.01626	0.01175	0.00784	0.00647	0.00196	0.00694	0.00595	0.00647	0.01092
8	0.02899	0.01100	0.01499	0.01150	0.01649	0.00950	0.00950	0.03149	0.01849	0.73709	0.02549	0.02199	0.01599	0.00800	0.00650	0.00200	0.00550	0.00650	0.00800	0.01100
9	0.01727	0.77681	0.03386	0.01106	0.01658	0.02557	0.01106	0.01935	0.01313	0.01520	0.00898	0.01036	0.00829	0.00553	0.00415	0.00138	0.00691	0.00345	0.00276	0.00829
10	0.00914	0.00660	0.00864	0.00813	0.00965	0.00610	0.00610	0.01219	0.01829	0.02591	0.72921	0.04827	0.06097	0.01321	0.00762	0.00203	0.00305	0.01169	0.00711	0.00610
11	0.00923	0.00692	0.01038	0.01038	0.01154	0.00808	0.00808	0.01154	0.01038	0.01500	0.01731	0.02538	0.01615	0.04846	0.74732	0.01038	0.01731	0.00692	0.00346	0.00577
12	0.01220	0.01148	0.01938	0.75739	0.04450	0.01436	0.01794	0.01651	0.01292	0.01651	0.01148	0.01723	0.00861	0.00646	0.00646	0.00215	0.00861	0.00574	0.00287	0.00718
13	0.01220	0.01148	0.01938	0.75739	0.04450	0.01436	0.01794	0.01651	0.01292	0.01651	0.01148	0.01723	0.00861	0.00646	0.00646	0.00215	0.00861	0.00574	0.00287	0.00718
14	0.01727	0.77681	0.03386	0.01106	0.01658	0.02557	0.01106	0.01935	0.01313	0.01520	0.00898	0.01036	0.00829	0.00553	0.00415	0.00138	0.00691	0.00345	0.00276	0.00829
15	0.01296	0.03342	0.73944	0.01842	0.02797	0.01501	0.02387	0.02046	0.01364	0.02046	0.01160	0.01364	0.00818	0.00614	0.00614	0.00205	0.00955	0.00477	0.00273	0.00955
16	0.00764	0.00655	0.00655	0.00655	0.00873	0.00545	0.00491	0.00927	0.01473	0.01745	0.06546	0.06218	0.73000	0.01636	0.00764	0.00218	0.00327	0.01364	0.00600	0.00545
17	0.01727	0.77681	0.03386	0.01106	0.01658	0.02557	0.01106	0.01935	0.01313	0.01520	0.00898	0.01036	0.00829	0.00553	0.00415	0.00138	0.00691	0.00345	0.00276	0.00829
18	0.01319	0.01249	0.02116	0.57038	0.22380	0.01462	0.01844	0.01737	0.01339	0.01771	0.01166	0.01690	0.00904	0.00628	0.00644	0.00209	0.00837	0.00575	0.00296	0.00797
19	0.01646	0.01469	0.01479	0.01332	0.01695	0.05106	0.01034	0.03393	0.68731	0.02649	0.02552	0.02351	0.01918	0.00867	0.00654	0.00217	0.00543	0.00715	0.00642	0.01010
20	0.01414	0.01414	0.01979	0.01696	0.01696	0.01979	0.01414	0.01555	0.00990	0.01555	0.00848	0.01414	0.00848	0.01131	0.02120	0.00283	0.76110	0.00565	0.00283	0.00707
21	0.00923	0.00692	0.01038	0.01038	0.01154	0.00808	0.00808	0.01154	0.01038	0.01500	0.01731	0.02538	0.01615	0.04846	0.74732	0.01038	0.01731	0.00692	0.00346	0.00577
22	0.01340	0.01148	0.01340	0.00957	0.01531	0.00861	0.00766	0.01627	0.01340	0.02105	0.01148	0.01340	0.00957	0.00479	0.00479	0.00096	0.00479	0.00383	0.00383	0.81242
23	0.05804	0.00770	0.00979	0.00874	0.01100	0.00716	0.00674	0.01594	0.01792	0.15000	0.56616	0.04157	0.05010	0.01190	0.00722	0.00202	0.00358	0.01032	0.00709	0.00700
24	0.00931	0.00623	0.00707	0.00716	0.00719	0.00620	0.00404	0.00937	0.00957	0.01276	0.02126	0.08540	0.02463	0.72825	0.03142	0.00605	0.00611	0.00993	0.00404	0.00399
25	0.01368	0.01347	0.01892	0.01635	0.01646	0.01870	0.01357	0.01518	0.00994	0.01550	0.00930	0.01518	0.00919	0.01476	0.08871	0.00353	0.69195	0.00577	0.00289	0.00695
26	0.01525	0.01743	0.03813	0.02723	0.03377	0.01634	0.70915	0.02070	0.01525	0.02070	0.01307	0.01743	0.00980	0.00545	0.00763	0.00218	0.01089	0.00763	0.00327	0.00871
27	0.01041	0.00744	0.01041	0.01190	0.01339	0.00744	0.01041	0.01339	0.01487	0.01934	0.03421	0.07288	0.03719	0.01785	0.00892	0.00297	0.00595	0.68913	0.00595	0.00595
28	0.01296	0.03342	0.73944	0.01842	0.02797	0.01501	0.02387	0.02046	0.01364	0.02046	0.01160	0.01364	0.00818	0.00614	0.00614	0.00205	0.00955	0.00477	0.00273	0.00955
29	0.81856	0.01250	0.00950	0.00850	0.01250	0.01449	0.00700	0.01899	0.01100	0.02899	0.00900	0.01050	0.00700	0.00600	0.00400	0.00200	0.00500	0.00350	0.00400	0.00700
30	0.06321	0.01036	0.01295	0.01031	0.01447	0.00957	0.00841	0.06748	0.01771	0.49923	0.02309	0.02153	0.01539	0.00778	0.00592	0.00188	0.00500	0.00620	0.18982	0.00967
31	0.01296	0.01188	0.01814	0.52835	0.03555	0.01486	0.01578	0.01875	0.10899	0.01819	0.01359	0.01811	0.01049	0.00743	0.00821	0.00221	0.10109	0.00596	0.04195	0.00752
32	0.00963	0.00668	0.00843	0.00852	0.01010	0.00608	0.00642	0.01194	0.01594	0.05549	0.33653	0.20380	0.19606	0.01559	0.00784	0.00228	0.00366	0.08243	0.00656	0.00600
33	0.01122	0.00561	0.00842	0.00842	0.00842	0.00561	0.00561	0.00842	0.00842	0.01122	0.01122	0.01964	0.01122	0.02245	0.02525	0.81201	0.00561	0.00561	0.00281	0.00281
34	0.04649	0.04225	0.06623	0.05093	0.46791	0.05825	0.04610	0.02059	0.05665	0.02114	0.03169	0.01824	0.01239	0.00656	0.00635	0.00196	0.00773	0.02548	0.00357	0.00947
35	0.03609	0.01230	0.01909	0.65566	0.04069	0.03686	0.01717	0.01679	0.01279	0.01677	0.01113	0.01662	0.00855	0.00683	0.00752	0.00219	0.06723	0.00562	0.00291	0.00717
36	0.08507	0.14776	0.10490	0.05796	0.02082	0.10729	0.03067	0.17958	0.09538	0.04388	0.01364	0.01467	0.01038	0.00671	0.00569	0.00182	0.00753	0.00501	0.00441	0.05681
37	0.01609	0.07483	0.05504	0.12242	0.11481	0.05118	0.07511	0.14611	0.03613	0.02285	0.01594	0.05590	0.03706	0.02786	0.00694	0.00196	0.00735	0.00641	0.00415	0.12186

[dist]
# distance from previous block
# <min> <max>
1	15

[block]
# block no. 5 follows, 34 sequences, length 16
# corresponding to MSA columns:
# 246-261
name=unknown_F
#
# <colnr> <probs for GDERKNQSTAVLIFYWHMCP>
#	G	D	E	R	K	N	Q	S	T	A	V	L	I	F	Y	W	H	M	C	P
0	0.01733	0.11088	0.09705	0.01789	0.09733	0.03128	0.10697	0.08245	0.10051	0.11306	0.06232	0.05995	0.01653	0.00813	0.00727	0.00203	0.04818	0.00693	0.00479	0.00911
1	0.01566	0.01737	0.07402	0.07222	0.24638	0.05403	0.25697	0.05799	0.01539	0.02090	0.01357	0.05788	0.01151	0.00698	0.00769	0.00211	0.04995	0.00695	0.00350	0.00893
2	0.00818	0.00622	0.00761	0.00859	0.00976	0.00565	0.00629	0.00976	0.01356	0.01726	0.04566	0.42039	0.27813	0.01855	0.00814	0.00253	0.00392	0.11840	0.00599	0.00543
3	0.01370	0.01548	0.09993	0.39914	0.26113	0.01488	0.06706	0.01828	0.01373	0.01869	0.01182	0.01646	0.00917	0.00613	0.00649	0.00207	0.00857	0.00577	0.00299	0.00851
4	0.04613	0.08484	0.19404	0.06060	0.15054	0.03300	0.04387	0.06313	0.05305	0.15929	0.01536	0.01717	0.01139	0.03141	0.00699	0.00209	0.00761	0.00562	0.00438	0.00947
5	0.01746	0.62178	0.11266	0.01225	0.01820	0.02385	0.01263	0.08383	0.01479	0.01817	0.00989	0.01122	0.00853	0.00580	0.00459	0.00151	0.00723	0.00382	0.00310	0.00869
6	0.00786	0.00606	0.00718	0.00794	0.00913	0.00539	0.00556	0.00931	0.01370	0.01747	0.09095	0.43570	0.32419	0.01822	0.00796	0.00241	0.00351	0.01602	0.00607	0.00539
7	0.01864	0.04393	0.09776	0.10184	0.22790	0.04339	0.03759	0.06289	0.01635	0.19248	0.03911	0.04449	0.01398	0.00733	0.00640	0.00198	0.00728	0.00638	0.02085	0.00943
8	0.01483	0.01615	0.08172	0.07780	0.27529	0.08178	0.05907	0.05489	0.03874	0.02128	0.08002	0.05789	0.07378	0.00862	0.00678	0.00205	0.00739	0.02919	0.00420	0.00854
9	0.00828	0.00593	0.00790	0.00898	0.00965	0.00555	0.00626	0.00991	0.01375	0.01862	0.18061	0.57922	0.04624	0.01864	0.00815	0.00252	0.00372	0.05437	0.00623	0.00546
10	0.03693	0.02839	0.53178	0.02052	0.05290	0.01544	0.15479	0.02026	0.01377	0.02060	0.01171	0.01438	0.00854	0.00618	0.00693	0.00209	0.03729	0.00535	0.00289	0.00925
11	0.01732	0.12671	0.12456	0.02422	0.23957	0.09878	0.11978	0.10450	0.01665	0.02177	0.01276	0.04081	0.01063	0.00658	0.00624	0.00190	0.00854	0.00585	0.00359	0.00925
12	0.01604	0.01470	0.02763	0.02227	0.08101	0.01452	0.38217	0.02151	0.08292	0.10098	0.01873	0.07808	0.03646	0.00799	0.00834	0.00222	0.06310	0.00820	0.00438	0.00874
13	0.00787	0.00562	0.00750	0.00900	0.00937	0.00525	0.00600	0.00900	0.01237	0.01649	0.03561	0.76871	0.04274	0.02024	0.00825	0.00262	0.00375	0.01837	0.00600	0.00525
14	0.01876	0.07158	0.09087	0.10003	0.10102	0.13103	0.06100	0.06430	0.01627	0.15090	0.03462	0.06079	0.01366	0.00786	0.00717	0.00201	0.04855	0.00640	0.00444	0.00876
15	0.01696	0.12524	0.18082	0.06056	0.17642	0.10105	0.13938	0.02126	0.01482	0.06743	0.01229	0.01489	0.00949	0.00618	0.00655	0.00193	0.02689	0.00542	0.00336	0.00905

[dist]
# distance from previous block
# <min> <max>
12	17

[block]
# block no. 6 follows, 34 sequences, length 38
# corresponding to MSA columns:
# 281-318
name=unknown_G
#
# <colnr> <probs for GDERKNQSTAVLIFYWHMCP>
#	G	D	E	R	K	N	Q	S	T	A	V	L	I	F	Y	W	H	M	C	P
0	0.01048	0.00840	0.01097	0.03478	0.06495	0.00753	0.00777	0.02612	0.01310	0.01831	0.02661	0.40104	0.05656	0.06167	0.00863	0.00232	0.00467	0.01220	0.00500	0.21888
1	0.01474	0.18188	0.45686	0.01570	0.02357	0.04927	0.01851	0.04073	0.01422	0.01986	0.01110	0.01291	0.00846	0.00593	0.00557	0.00176	0.00847	0.00440	0.00300	0.10307
2	0.35176	0.15412	0.12309	0.01176	0.01677	0.03077	0.02591	0.03752	0.09581	0.03912	0.03478	0.01454	0.01114	0.00742	0.01996	0.00208	0.00653	0.00467	0.00409	0.00816
3	0.02286	0.03030	0.10266	0.01674	0.02091	0.61565	0.01380	0.06834	0.01852	0.01793	0.01052	0.01213	0.00847	0.00667	0.00590	0.00173	0.01112	0.00434	0.00346	0.00795
4	0.01458	0.01189	0.01369	0.01030	0.01563	0.00999	0.00820	0.02020	0.14088	0.05412	0.01477	0.01571	0.01168	0.00564	0.00518	0.00123	0.00488	0.00457	0.00451	0.63234
5	0.01584	0.01448	0.02454	0.16760	0.57981	0.01494	0.01907	0.01971	0.01454	0.04933	0.01257	0.01646	0.01018	0.00597	0.00641	0.00196	0.00776	0.00578	0.00333	0.00972
6	0.01525	0.01743	0.03813	0.02723	0.03377	0.01634	0.70915	0.02070	0.01525	0.02070	0.01307	0.01743	0.00980	0.00545	0.00763	0.00218	0.01089	0.00763	0.00327	0.00871
7	0.01701	0.30777	0.21893	0.01435	0.02059	0.07062	0.05203	0.05376	0.01495	0.06982	0.01282	0.04687	0.01064	0.00666	0.00550	0.00172	0.00781	0.00511	0.00358	0.05943
8	0.00938	0.00711	0.01056	0.01048	0.01157	0.00836	0.00814	0.01160	0.01034	0.01495	0.01714	0.02551	0.01613	0.06684	0.70734	0.01006	0.03833	0.00695	0.00346	0.00576
9	0.01041	0.00744	0.01041	0.01190	0.01339	0.00744	0.01041	0.01339	0.01487	0.01934	0.03421	0.07288	0.03719	0.01785	0.00892	0.00297	0.00595	0.68913	0.00595	0.00595
10	0.01854	0.01511	0.01600	0.01365	0.01774	0.01722	0.01082	0.23091	0.52035	0.03101	0.02317	0.02161	0.01719	0.00847	0.00654	0.00212	0.00569	0.00687	0.00654	0.01045
11	0.01673	0.47183	0.14149	0.01280	0.01820	0.06645	0.01304	0.01969	0.01382	0.05128	0.01288	0.03341	0.01176	0.00732	0.00568	0.00174	0.03031	0.05992	0.00338	0.00828
12	0.01156	0.01414	0.14392	0.01520	0.06238	0.03200	0.10952	0.01483	0.01391	0.03458	0.04290	0.30940	0.10482	0.01271	0.00731	0.00223	0.00630	0.01156	0.00474	0.04600
13	0.01296	0.03342	0.73944	0.01842	0.02797	0.01501	0.02387	0.02046	0.01364	0.02046	0.01160	0.01364	0.00818	0.00614	0.00614	0.00205	0.00955	0.00477	0.00273	0.00955
14	0.01122	0.00773	0.00976	0.00899	0.01092	0.00756	0.00681	0.01588	0.09982	0.06998	0.55156	0.04265	0.05031	0.03690	0.03901	0.00253	0.00414	0.01058	0.00686	0.00681
15	0.01634	0.41211	0.13098	0.01575	0.10154	0.06459	0.01355	0.05459	0.01478	0.01857	0.04399	0.06130	0.01317	0.00710	0.00533	0.00169	0.00731	0.00539	0.00343	0.00850
16	0.00787	0.00562	0.00750	0.00900	0.00937	0.00525	0.00600	0.00900	0.01237	0.01649	0.03561	0.76871	0.04274	0.02024	0.00825	0.00262	0.00375	0.01837	0.00600	0.00525
17	0.01199	0.00645	0.00666	0.00655	0.00816	0.00651	0.00493	0.01574	0.04809	0.02439	0.08201	0.02616	0.02052	0.00807	0.00488	0.00158	0.00312	0.00657	0.70139	0.00623
18	0.02139	0.01987	0.14881	0.01548	0.02127	0.01777	0.04091	0.48250	0.04007	0.06582	0.04981	0.01729	0.01325	0.00767	0.00651	0.00198	0.00739	0.00604	0.00577	0.01039
19	0.01560	0.01402	0.02701	0.18839	0.09696	0.01400	0.33065	0.02002	0.01500	0.09933	0.01648	0.02424	0.01347	0.00744	0.00728	0.00222	0.00891	0.08655	0.00401	0.00844
20	0.01414	0.01414	0.01979	0.01696	0.01696	0.01979	0.01414	0.01555	0.00990	0.01555	0.00848	0.01414	0.00848	0.01131	0.02120	0.00283	0.76110	0.00565	0.00283	0.00707
21	0.00787	0.00562	0.00750	0.00900	0.00937	0.00525	0.00600	0.00900	0.01237	0.01649	0.03561	0.76871	0.04274	0.02024	0.00825	0.00262	0.00375	0.01837	0.00600	0.00525
22	0.01599	0.01535	0.02623	0.03966	0.73262	0.01535	0.01983	0.01983	0.01471	0.02111	0.01215	0.01599	0.01023	0.00576	0.00640	0.00192	0.00768	0.00576	0.00320	0.01023
23	0.01265	0.01176	0.01882	0.67042	0.04126	0.01456	0.01704	0.01859	0.09566	0.01774	0.01322	0.01803	0.00991	0.00673	0.00647	0.00216	0.00820	0.00592	0.00330	0.00753
24	0.02312	0.01738	0.01858	0.01457	0.01949	0.01936	0.01193	0.59584	0.14796	0.03839	0.01735	0.01698	0.01248	0.00793	0.00648	0.00198	0.00677	0.00607	0.00648	0.01086
25	0.00801	0.00620	0.00731	0.00779	0.00915	0.00549	0.00555	0.00971	0.01448	0.01866	0.17809	0.33414	0.33769	0.01728	0.00787	0.00233	0.00342	0.01511	0.00621	0.00549
26	0.01296	0.03342	0.73944	0.01842	0.02797	0.01501	0.02387	0.02046	0.01364	0.02046	0.01160	0.01364	0.00818	0.00614	0.00614	0.00205	0.00955	0.00477	0.00273	0.00955
27	0.00784	0.00576	0.00736	0.00863	0.00928	0.00528	0.00584	0.00904	0.01272	0.01664	0.04004	0.66396	0.14463	0.01967	0.00816	0.00256	0.00368	0.01767	0.00600	0.00528
28	0.00904	0.00681	0.00841	0.00823	0.00980	0.00635	0.00608	0.01231	0.05074	0.02319	0.48381	0.15271	0.16933	0.01454	0.00766	0.00215	0.00329	0.01276	0.00674	0.00607
29	0.00899	0.00666	0.00842	0.00815	0.00978	0.00609	0.00622	0.01180	0.01744	0.02401	0.56688	0.05242	0.17070	0.01408	0.00772	0.00213	0.00330	0.06242	0.00684	0.00598
30	0.02228	0.01326	0.01591	0.01368	0.04652	0.01360	0.01048	0.30511	0.05424	0.26137	0.02270	0.15240	0.01865	0.01003	0.00680	0.00209	0.00592	0.00834	0.00675	0.00990
31	0.01361	0.05220	0.55947	0.02019	0.02894	0.01563	0.17857	0.02048	0.01399	0.02036	0.01185	0.01440	0.00855	0.00596	0.00642	0.00206	0.00977	0.00538	0.00285	0.00932
32	0.00976	0.00667	0.00868	0.00831	0.00987	0.00611	0.00618	0.01251	0.01746	0.05409	0.59191	0.13193	0.08410	0.01394	0.00765	0.00211	0.00324	0.01233	0.00697	0.00618
33	0.00971	0.00624	0.00693	0.00693	0.00710	0.00624	0.00399	0.01006	0.00988	0.01388	0.02044	0.04016	0.02268	0.68347	0.02957	0.00571	0.00588	0.00900	0.09798	0.00416
34	0.02033	0.02459	0.09167	0.10498	0.06779	0.38877	0.04655	0.06635	0.01710	0.04851	0.01150	0.01386	0.00903	0.00688	0.00706	0.00190	0.05638	0.00496	0.00357	0.00822
35	0.01401	0.01355	0.02399	0.20999	0.38403	0.01406	0.11214	0.01787	0.01407	0.01939	0.01486	0.10446	0.01358	0.00758	0.00680	0.00209	0.00789	0.00748	0.00345	0.00870
36	0.01621	0.01513	0.02574	0.06028	0.69387	0.01517	0.01951	0.02003	0.01476	0.03926	0.01247	0.01618	0.01033	0.00584	0.00640	0.00193	0.00765	0.00578	0.00331	0.01016
37	0.00973	0.00901	0.00840	0.00878	0.01034	0.09206	0.00628	0.01122	0.01436	0.01726	0.07665	0.33928	0.33987	0.01665	0.00767	0.00229	0.00443	0.01434	0.00574	0.00564

[dist]
# distance from previous block
# <min> <max>
0	17

[block]
# block no. 7 follows, 34 sequences, length 119
# corresponding to MSA columns:
# 336-454
name=unknown_H
#
# <colnr> <probs for GDERKNQSTAVLIFYWHMCP>
#	G	D	E	R	K	N	Q	S	T	A	V	L	I	F	Y	W	H	M	C	P
0	0.13506	0.03397	0.05329	0.01154	0.04221	0.03008	0.00941	0.01835	0.03700	0.04763	0.01330	0.01693	0.01118	0.00612	0.00516	0.00143	0.00552	0.04236	0.00409	0.47536
1	0.01850	0.04483	0.11275	0.02345	0.25225	0.10015	0.04145	0.12623	0.13373	0.06019	0.01526	0.01663	0.01164	0.00679	0.00631	0.00195	0.00785	0.00574	0.00442	0.00986
2	0.01389	0.07001	0.50779	0.01776	0.02566	0.03343	0.08962	0.04336	0.03620	0.02138	0.06894	0.01691	0.01298	0.00674	0.00631	0.00201	0.00886	0.00563	0.00339	0.00914
3	0.00794	0.00568	0.00756	0.00895	0.00939	0.00530	0.00600	0.00918	0.01270	0.01702	0.07432	0.72850	0.04375	0.01985	0.00821	0.00259	0.00371	0.01800	0.00606	0.00530
4	0.01592	0.01605	0.02781	0.07461	0.54279	0.03980	0.14741	0.02001	0.01484	0.02061	0.01222	0.01618	0.01001	0.00577	0.00661	0.00197	0.00845	0.00605	0.00320	0.00970
5	0.01010	0.00677	0.00891	0.00853	0.01012	0.00641	0.00651	0.01301	0.01705	0.05124	0.54651	0.06923	0.05140	0.01574	0.06164	0.00268	0.00437	0.04883	0.05471	0.00622
6	0.01220	0.01148	0.01938	0.75739	0.04450	0.01436	0.01794	0.01651	0.01292	0.01651	0.01148	0.01723	0.00861	0.00646	0.00646	0.00215	0.00861	0.00574	0.00287	0.00718
7	0.01122	0.00561	0.00842	0.00842	0.00842	0.00561	0.00561	0.00842	0.00842	0.01122	0.01122	0.01964	0.01122	0.02245	0.02525	0.81201	0.00561	0.00561	0.00281	0.00281
8	0.00836	0.00696	0.00735	0.00718	0.00933	0.00616	0.00541	0.01116	0.05474	0.01942	0.17522	0.05771	0.57752	0.01541	0.00757	0.00216	0.00334	0.01295	0.00622	0.00583
9	0.01773	0.01894	0.02424	0.05869	0.43788	0.18936	0.06976	0.02213	0.06112	0.02003	0.01260	0.01564	0.01030	0.00617	0.00637	0.00190	0.00874	0.00562	0.00344	0.00935
10	0.02741	0.01135	0.01495	0.01170	0.01653	0.01030	0.00959	0.03184	0.10448	0.65018	0.02559	0.02225	0.01645	0.00809	0.00651	0.00202	0.00545	0.00660	0.00782	0.01090
11	0.01035	0.00791	0.01106	0.01078	0.01229	0.00919	0.00841	0.03682	0.07441	0.01693	0.01805	0.02494	0.01630	0.04357	0.65664	0.00937	0.01588	0.00692	0.00384	0.00634
12	0.00940	0.00626	0.00705	0.00705	0.00705	0.00626	0.00392	0.00940	0.00940	0.01253	0.02036	0.04228	0.02349	0.77292	0.03289	0.00626	0.00626	0.00940	0.00392	0.00392
13	0.01340	0.01148	0.01340	0.00957	0.01531	0.00861	0.00766	0.01627	0.01340	0.02105	0.01148	0.01340	0.00957	0.00479	0.00479	0.00096	0.00479	0.00383	0.00383	0.81242
14	0.01122	0.00561	0.00842	0.00842	0.00842	0.00561	0.00561	0.00842	0.00842	0.01122	0.01122	0.01964	0.01122	0.02245	0.02525	0.81201	0.00561	0.00561	0.00281	0.00281
15	0.01607	0.01388	0.01461	0.01315	0.01680	0.01607	0.01023	0.03433	0.72094	0.02703	0.02630	0.02411	0.01972	0.00877	0.00657	0.00219	0.00511	0.00731	0.00657	0.01023
16	0.02702	0.01162	0.01625	0.01253	0.01749	0.01049	0.04861	0.03115	0.08399	0.63073	0.02487	0.02194	0.01600	0.00793	0.00657	0.00203	0.00576	0.00664	0.00760	0.01080
