[name]
unknown

[dist]
# distance from previous block
# <min> <max>
0	6

[block]
# block no. 0 follows, 34 sequences, length 19
# corresponding to MSA columns:
# 6-24
name=unknown_A
#
# <colnr> <probs for GDERKNQSTAVLIFYWHMCP>
#	G	D	E	R	K	N	Q	S	T	A	V	L	I	F	Y	W	H	M	C	P
0	0.04972	0.01356	0.02247	0.29221	0.42953	0.01466	0.01824	0.01837	0.01392	0.01975	0.01260	0.01832	0.01053	0.00647	0.00641	0.00205	0.00783	0.03130	0.00322	0.00885
1	0.17860	0.20875	0.02306	0.08946	0.02172	0.11684	0.10181	0.10654	0.05745	0.02274	0.01173	0.01362	0.00927	0.00632	0.00546	0.00184	0.00777	0.00485	0.00385	0.00831
2	0.08234	0.01169	0.01608	0.20864	0.05861	0.01213	0.01204	0.02589	0.09895	0.35766	0.03707	0.02045	0.01462	0.00755	0.00633	0.00206	0.00628	0.00625	0.00592	0.00944
3	0.00814	0.00603	0.00720	0.00794	0.00878	0.00553	0.00532	0.00927	0.01268	0.01638	0.06731	0.41510	0.22557	0.15900	0.01264	0.00316	0.00406	0.01517	0.00565	0.00509
4	0.01791	0.08194	0.02076	0.01780	0.10364	0.12562	0.07475	0.19407	0.03666	0.02307	0.01392	0.01818	0.01185	0.07015	0.10713	0.00338	0.06063	0.00597	0.00417	0.00843
5	0.01624	0.05246	0.02224	0.24832	0.30604	0.04900	0.01669	0.09756	0.08742	0.02198	0.01350	0.01666	0.01061	0.00653	0.00631	0.00198	0.00778	0.00573	0.00379	0.00918
6	0.00874	0.00596	0.00786	0.00883	0.00949	0.00562	0.00620	0.00952	0.01237	0.01627	0.06091	0.45059	0.11060	0.04674	0.01180	0.13073	0.00428	0.08309	0.00546	0.00494
7	0.11511	0.01440	0.02133	0.13905	0.36912	0.01600	0.01629	0.07017	0.04627	0.02243	0.01211	0.01561	0.00986	0.00684	0.00789	0.00209	0.09728	0.00554	0.00359	0.00905
8	0.07474	0.04295	0.02163	0.31846	0.22986	0.01564	0.05311	0.05420	0.08751	0.02119	0.01321	0.01675	0.01027	0.00644	0.00624	0.00204	0.00770	0.00576	0.00363	0.00865
9	0.15515	0.01503	0.01619	0.04855	0.01882	0.01659	0.01088	0.33425	0.16122	0.13171	0.01775	0.01736	0.01263	0.00763	0.00608	0.00202	0.00621	0.00582	0.00612	0.00999
10	0.01055	0.00724	0.01098	0.01028	0.01151	0.00682	0.07675	0.01112	0.01177	0.04684	0.02763	0.30466	0.09338	0.13210	0.01582	0.19549	0.00533	0.01192	0.00474	0.00509
11	0.13567	0.09252	0.01853	0.01333	0.01800	0.01812	0.03273	0.30536	0.21116	0.06468	0.01722	0.01695	0.01270	0.00749	0.00594	0.00197	0.00629	0.00574	0.00574	0.00986
12	0.13445	0.01530	0.01834	0.01469	0.01891	0.09146	0.12797	0.11369	0.09654	0.09392	0.03698	0.05420	0.01437	0.00919	0.03236	0.00227	0.03639	0.00649	0.00492	0.07756
13	0.08453	0.01896	0.13714	0.01377	0.01887	0.08957	0.01254	0.18808	0.16338	0.05501	0.04571	0.01921	0.01457	0.00768	0.00612	0.00193	0.00692	0.02549	0.00516	0.08536
14	0.04559	0.12033	0.27409	0.01405	0.01970	0.08329	0.03391	0.04658	0.05980	0.04593	0.03682	0.05209	0.08577	0.04585	0.00745	0.00217	0.00755	0.00669	0.00406	0.00827
15	0.01585	0.13763	0.09378	0.07170	0.01945	0.01430	0.04207	0.11898	0.04780	0.07897	0.04379	0.07683	0.04297	0.03952	0.03497	0.00234	0.00694	0.00693	0.00463	0.10053
16	0.01823	0.13777	0.07346	0.06983	0.02128	0.06540	0.05071	0.23923	0.09723	0.02602	0.01528	0.05539	0.01246	0.00749	0.00605	0.00184	0.00726	0.00600	0.00470	0.08437
17	0.01857	0.15448	0.02154	0.04830	0.04108	0.08432	0.07734	0.21026	0.11273	0.04179	0.01761	0.05066	0.03385	0.00784	0.00611	0.00189	0.00715	0.00640	0.04910	0.00898
18	0.03071	0.10429	0.07174	0.11889	0.02152	0.03769	0.01267	0.20861	0.09219	0.05222	0.01853	0.06333	0.04308	0.00880	0.00711	0.00205	0.04701	0.03013	0.00488	0.02455

[dist]
# distance from previous block
# <min> <max>
3	40

[block]
# block no. 1 follows, 34 sequences, length 73
# corresponding to MSA columns:
# 65-137
name=unknown_B
#
# <colnr> <probs for GDERKNQSTAVLIFYWHMCP>
#	G	D	E	R	K	N	Q	S	T	A	V	L	I	F	Y	W	H	M	C	P
0	0.09471	0.05277	0.11594	0.01483	0.04984	0.06048	0.05006	0.04562	0.12545	0.08283	0.03242	0.01848	0.01327	0.03119	0.05694	0.04353	0.06086	0.00583	0.00437	0.04059
1	0.09683	0.13260	0.08481	0.08310	0.01865	0.10557	0.01135	0.05566	0.07883	0.03868	0.01727	0.04629	0.03950	0.04138	0.05751	0.00266	0.00772	0.02242	0.05148	0.00771
2	0.07208	0.04009	0.01524	0.05379	0.01702	0.08964	0.03520	0.05408	0.11019	0.08232	0.04316	0.12287	0.01841	0.05418	0.02866	0.00249	0.06194	0.00768	0.00487	0.08608
3	0.01535	0.18096	0.01674	0.03672	0.01487	0.07671	0.00886	0.04563	0.05588	0.08632	0.02375	0.04688	0.11719	0.11646	0.06189	0.00303	0.00704	0.02647	0.00459	0.05466
4	0.04575	0.12138	0.26887	0.01437	0.04352	0.05451	0.03737	0.03692	0.01422	0.01982	0.08426	0.02306	0.05787	0.08638	0.04374	0.00274	0.00793	0.00645	0.02301	0.00780
5	0.01550	0.33132	0.26252	0.01441	0.02091	0.03944	0.04784	0.04387	0.04238	0.01884	0.01166	0.01397	0.00957	0.02690	0.02695	0.00205	0.00819	0.00462	0.00318	0.05588
6	0.01519	0.37981	0.31188	0.01421	0.02085	0.05297	0.01601	0.01942	0.01364	0.01758	0.01230	0.04158	0.01095	0.00697	0.00541	0.00179	0.00802	0.03983	0.00305	0.00853
7	0.07824	0.36048	0.17959	0.01281	0.01854	0.01926	0.02966	0.07198	0.05470	0.02085	0.01269	0.03168	0.01052	0.00655	0.00509	0.00172	0.00697	0.00480	0.06534	0.00854
8	0.07245	0.02870	0.03629	0.01322	0.05772	0.03800	0.01023	0.17217	0.05298	0.09366	0.04478	0.02506	0.05493	0.03286	0.09256	0.00300	0.00737	0.04908	0.02451	0.09045
9	0.00870	0.00621	0.00835	0.05139	0.01147	0.00596	0.00664	0.01005	0.01238	0.01695	0.03160	0.62681	0.03687	0.01817	0.00836	0.02965	0.00409	0.01591	0.05274	0.03770
10	0.01235	0.01038	0.01228	0.00946	0.01419	0.00798	0.00734	0.01489	0.01320	0.02019	0.01605	0.15635	0.01585	0.00771	0.00544	0.00127	0.00459	0.00658	0.00424	0.65966
11	0.01465	0.01402	0.06024	0.01329	0.04057	0.01136	0.06622	0.07629	0.07318	0.02306	0.01398	0.01694	0.01143	0.00598	0.00558	0.00140	0.00592	0.02844	0.00422	0.51323
12	0.00878	0.00654	0.00816	0.00787	0.00945	0.00592	0.00586	0.01144	0.01725	0.02371	0.55909	0.09198	0.19164	0.01423	0.00766	0.00210	0.00313	0.01245	0.00683	0.00592
13	0.01574	0.10331	0.03956	0.08722	0.18338	0.06051	0.05454	0.06448	0.16794	0.02147	0.01923	0.02092	0.06883	0.00930	0.03638	0.00232	0.02523	0.00648	0.00427	0.00887
14	0.00787	0.00562	0.00750	0.00900	0.00937	0.00525	0.00600	0.00900	0.01237	0.01649	0.03561	0.76871	0.04274	0.02024	0.00825	0.00262	0.00375	0.01837	0.00600	0.00525
15	0.01619	0.01794	0.05592	0.03391	0.04088	0.24661	0.01141	0.01987	0.07372	0.03670	0.04703	0.06590	0.10108	0.01023	0.00847	0.00210	0.10566	0.04726	0.05175	0.00736
16	0.81856	0.01250	0.00950	0.00850	0.01250	0.01449	0.00700	0.01899	0.01100	0.02899	0.00900	0.01050	0.00700	0.00600	0.00400	0.00200	0.00500	0.00350	0.00400	0.00700
17	0.00923	0.00688	0.01016	0.01014	0.01126	0.00791	0.00781	0.01147	0.01066	0.01532	0.04600	0.02708	0.01829	0.08044	0.68471	0.00986	0.01623	0.00723	0.00363	0.00570
18	0.01648	0.01300	0.01440	0.01411	0.07650	0.05555	0.00990	0.27042	0.03870	0.04503	0.02651	0.24470	0.09164	0.04238	0.00811	0.00233	0.00592	0.01040	0.00576	0.00817
19	0.03943	0.06445	0.09367	0.01136	0.01652	0.03838	0.01014	0.07047	0.04003	0.07470	0.07627	0.06156	0.01651	0.00731	0.00567	0.00154	0.00573	0.00590	0.00463	0.35572
20	0.04287	0.01688	0.01852	0.06115	0.11535	0.07688	0.01285	0.30033	0.21282	0.04973	0.01739	0.01773	0.01293	0.00756	0.00636	0.00200	0.00700	0.00603	0.00556	0.01006
21	0.01607	0.01388	0.01461	0.01315	0.01680	0.01607	0.01023	0.03433	0.72094	0.02703	0.02630	0.02411	0.01972	0.00877	0.00657	0.00219	0.00511	0.00731	0.00657	0.01023
22	0.01533	0.01468	0.02504	0.16447	0.61295	0.01518	0.01950	0.01925	0.01440	0.02031	0.01204	0.01621	0.00995	0.00588	0.00641	0.00196	0.00784	0.00575	0.00314	0.00970
23	0.02172	0.12703	0.02055	0.03740	0.05386	0.47825	0.01258	0.08217	0.01782	0.01840	0.01078	0.01269	0.00893	0.00677	0.00627	0.00172	0.04012	0.00445	0.03053	0.00795
24	0.01310	0.01240	0.02100	0.58744	0.20744	0.01459	0.01839	0.01730	0.01334	0.01760	0.01164	0.01693	0.00900	0.00629	0.00644	0.00210	0.00839	0.00575	0.00295	0.00790
25	0.00787	0.00562	0.00750	0.00900	0.00937	0.00525	0.00600	0.00900	0.01237	0.01649	0.03561	0.76871	0.04274	0.02024	0.00825	0.00262	0.00375	0.01837	0.00600	0.00525
26	0.00800	0.00579	0.00760	0.00900	0.00956	0.00539	0.00618	0.00927	0.01268	0.01673	0.03761	0.67875	0.09020	0.01983	0.00824	0.00261	0.00384	0.05740	0.00600	0.00530
27	0.01708	0.05865	0.01667	0.03957	0.01816	0.07571	0.01112	0.09274	0.46660	0.02541	0.02197	0.02309	0.01722	0.00879	0.00720	0.00215	0.04386	0.03876	0.00574	0.00950
28	0.01508	0.01287	0.04062	0.01449	0.10841	0.01101	0.01031	0.05171	0.10786	0.06504	0.05981	0.04000	0.01555	0.00678	0.00573	0.00150	0.00538	0.00573	0.00470	0.41741
29	0.04250	0.24766	0.50976	0.01594	0.02413	0.01804	0.01957	0.02009	0.01340	0.01924	0.01075	0.01258	0.00817	0.00596	0.00549	0.00185	0.00863	0.00435	0.00278	0.00910
30	0.00957	0.00706	0.00930	0.01048	0.01200	0.00679	0.00880	0.01207	0.01458	0.01865	0.04086	0.14368	0.18198	0.01779	0.00859	0.00277	0.00516	0.47813	0.00597	0.00577
31	0.06034	0.00669	0.00674	0.00648	0.00833	0.00672	0.00495	0.01622	0.01368	0.06493	0.02062	0.02317	0.01597	0.00746	0.00460	0.00156	0.00327	0.00590	0.71602	0.00636
32	0.01770	0.55246	0.11971	0.01326	0.01919	0.06380	0.05360	0.02065	0.01393	0.05870	0.01058	0.01194	0.00882	0.00581	0.00483	0.00156	0.00766	0.00408	0.00313	0.00859
33	0.01318	0.05624	0.69279	0.01849	0.02781	0.01538	0.04738	0.02044	0.01368	0.02031	0.01156	0.01367	0.00824	0.00610	0.00613	0.00203	0.00951	0.00483	0.00275	0.00948
34	0.00782	0.00611	0.00709	0.00777	0.00907	0.00539	0.00548	0.00928	0.01378	0.01739	0.08201	0.39399	0.37577	0.01804	0.00792	0.00238	0.00349	0.01577	0.00605	0.00539
35	0.01220	0.01148	0.01938	0.75739	0.04450	0.01436	0.01794	0.01651	0.01292	0.01651	0.01148	0.01723	0.00861	0.00646	0.00646	0.00215	0.00861	0.00574	0.00287	0.00718
36	0.01937	0.01648	0.01715	0.01437	0.01853	0.13818	0.05993	0.12904	0.24000	0.10754	0.02036	0.02366	0.01612	0.00844	0.00656	0.00201	0.00702	0.07029	0.00564	0.07931
37	0.00787	0.00562	0.00750	0.00900	0.00937	0.00525	0.00600	0.00900	0.01237	0.01649	0.03561	0.76871	0.04274	0.02024	0.00825	0.00262	0.00375	0.01837	0.00600	0.00525
38	0.01015	0.00726	0.00997	0.01132	0.01269	0.00721	0.00967	0.01283	0.01443	0.01875	0.03438	0.10285	0.05690	0.06223	0.01026	0.00313	0.00579	0.59857	0.00583	0.00578
39	0.01340	0.01148	0.01340	0.00957	0.01531	0.00861	0.00766	0.01627	0.01340	0.02105	0.01148	0.01340	0.00957	0.00479	0.00479	0.00096	0.00479	0.00383	0.00383	0.81242
40	0.01654	0.01324	0.01502	0.06898	0.01874	0.01476	0.01084	0.12504	0.42065	0.05178	0.02376	0.04511	0.01917	0.00934	0.00671	0.00216	0.00570	0.07111	0.00610	0.05523
41	0.01220	0.01148	0.01938	0.75739	0.04450	0.01436	0.01794	0.01651	0.01292	0.01651	0.01148	0.01723	0.00861	0.00646	0.00646	0.00215	0.00861	0.00574	0.00287	0.00718
42	0.00792	0.00656	0.00694	0.00685	0.00890	0.00558	0.00513	0.00983	0.01540	0.01906	0.19168	0.05954	0.60277	0.01576	0.00763	0.00215	0.00323	0.01327	0.00621	0.00558
43	0.01525	0.01743	0.03813	0.02723	0.03377	0.01634	0.70915	0.02070	0.01525	0.02070	0.01307	0.01743	0.00980	0.00545	0.00763	0.00218	0.01089	0.00763	0.00327	0.00871
44	0.00787	0.00562	0.00750	0.00900	0.00937	0.00525	0.00600	0.00900	0.01237	0.01649	0.03561	0.76871	0.04274	0.02024	0.00825	0.00262	0.00375	0.01837	0.00600	0.00525
45	0.00923	0.00692	0.01038	0.01038	0.01154	0.00808	0.00808	0.01154	0.01038	0.01500	0.01731	0.02538	0.01615	0.04846	0.74732	0.01038	0.01731	0.00692	0.00346	0.00577
46	0.01710	0.01542	0.01514	0.01322	0.01716	0.08017	0.01031	0.07843	0.54004	0.02638	0.02262	0.02134	0.01709	0.00811	0.00632	0.00200	0.00580	0.00657	0.00600	0.09077
47	0.01521	0.37349	0.29716	0.05900	0.08095	0.01991	0.03463	0.01968	0.01349	0.01787	0.01047	0.01262	0.00847	0.00583	0.00530	0.00174	0.00816	0.00437	0.00280	0.00887
48	0.01122	0.00561	0.00842	0.00842	0.00842	0.00561	0.00561	0.00842	0.00842	0.01122	0.01122	0.01964	0.01122	0.02245	0.02525	0.81201	0.00561	0.00561	0.00281	0.00281
49	0.06205	0.01712	0.04306	0.06291	0.06606	0.14246	0.04556	0.02351	0.21193	0.02092	0.01526	0.01733	0.01217	0.00815	0.00943	0.00216	0.17425	0.00583	0.05151	0.00834
50	0.00787	0.00562	0.00750	0.00900	0.00937	0.00525	0.00600	0.00900	0.01237	0.01649	0.03561	0.76871	0.04274	0.02024	0.00825	0.00262	0.00375	0.01837	0.00600	0.00525
51	0.00806	0.00583	0.00764	0.00886	0.00949	0.00541	0.00608	0.00946	0.01316	0.01755	0.10459	0.63549	0.08466	0.01926	0.00817	0.00255	0.00372	0.03854	0.00610	0.00536
52	0.00923	0.00692	0.01038	0.01038	0.01154	0.00808	0.00808	0.01154	0.01038	0.01500	0.01731	0.02538	0.01615	0.04846	0.74732	0.01038	0.01731	0.00692	0.00346	0.00577
53	0.02456	0.01810	0.01939	0.01487	0.02004	0.02004	0.01228	0.71107	0.03038	0.04072	0.01551	0.01551	0.01099	0.00776	0.00646	0.00194	0.00711	0.00582	0.00646	0.01099
54	0.00787	0.00562	0.00750	0.00900	0.00937	0.00525	0.00600	0.00900	0.01237	0.01649	0.03561	0.76871	0.04274	0.02024	0.00825	0.00262	0.00375	0.01837	0.00600	0.00525
55	0.01324	0.03147	0.65386	0.01949	0.02867	0.01517	0.10750	0.02049	0.01384	0.02049	0.01178	0.01410	0.00838	0.00605	0.00632	0.00206	0.00971	0.00512	0.00279	0.00945
56	0.01525	0.01743	0.03813	0.02723	0.03377	0.01634	0.70915	0.02070	0.01525	0.02070	0.01307	0.01743	0.00980	0.00545	0.00763	0.00218	0.01089	0.00763	0.00327	0.00871
57	0.01414	0.01414	0.01979	0.01696	0.01696	0.01979	0.01414	0.01555	0.00990	0.01555	0.00848	0.01414	0.00848	0.01131	0.02120	0.00283	0.76110	0.00565	0.00283	0.00707
58	0.81856	0.01250	0.00950	0.00850	0.01250	0.01449	0.00700	0.01899	0.01100	0.02899	0.00900	0.01050	0.00700	0.00600	0.00400	0.00200	0.00500	0.00350	0.00400	0.00700
59	0.02792	0.01271	0.01606	0.01231	0.01735	0.01204	0.01017	0.19539	0.02136	0.56914	0.02308	0.02043	0.01479	0.00794	0.00649	0.00198	0.00589	0.00633	0.00763	0.01099
60	0.02456	0.01810	0.01939	0.01487	0.02004	0.02004	0.01228	0.71107	0.03038	0.04072	0.01551	0.01551	0.01099	0.00776	0.00646	0.00194	0.00711	0.00582	0.00646	0.01099
61	0.00787	0.00562	0.00750	0.00900	0.00937	0.00525	0.00600	0.00900	0.01237	0.01649	0.03561	0.76871	0.04274	0.02024	0.00825	0.00262	0.00375	0.01837	0.00600	0.00525
62	0.01423	0.01439	0.02242	0.08444	0.07041	0.01859	0.09904	0.01655	0.01114	0.01664	0.00955	0.01493	0.00877	0.00980	0.01726	0.00263	0.55292	0.00591	0.00291	0.00749
63	0.02456	0.01810	0.01939	0.01487	0.02004	0.02004	0.01228	0.71107	0.03038	0.04072	0.01551	0.01551	0.01099	0.00776	0.00646	0.00194	0.00711	0.00582	0.00646	0.01099
64	0.00787	0.00562	0.00750	0.00900	0.00937	0.00525	0.00600	0.00900	0.01237	0.01649	0.03561	0.76871	0.04274	0.02024	0.00825	0.00262	0.00375	0.01837	0.00600	0.00525
65	0.00924	0.00688	0.01015	0.01015	0.01123	0.00795	0.00779	0.01139	0.01032	0.01483	0.01752	0.02655	0.01666	0.09841	0.69805	0.01010	0.01655	0.00709	0.00349	0.00564
66	0.12039	0.30764	0.12026	0.01402	0.04297	0.03994	0.01300	0.11024	0.01533	0.06232	0.01121	0.01279	0.00899	0.00676	0.00680	0.00184	0.08858	0.00446	0.00373	0.00871
67	0.01996	0.02307	0.01861	0.10306	0.07742	0.43177	0.01347	0.04367	0.01626	0.01752	0.01091	0.01383	0.00908	0.00734	0.00819	0.00191	0.12234	0.00485	0.04910	0.00763
68	0.00906	0.00696	0.00835	0.00817	0.00987	0.00650	0.00606	0.01253	0.06503	0.02253	0.41542	0.14410	0.23212	0.01465	0.00763	0.00216	0.00334	0.01277	0.00664	0.00610
69	0.02058	0.01408	0.06153	0.11851	0.18746	0.01301	0.03820	0.06712	0.06117	0.29715	0.04236	0.01993	0.01444	0.00728	0.00653	0.00202	0.00684	0.00635	0.00552	0.00993
70	0.01369	0.05554	0.03552	0.01181	0.05736	0.01043	0.00905	0.04154	0.01369	0.02061	0.01235	0.01564	0.01066	0.04352	0.05862	0.00201	0.00625	0.00449	0.00377	0.57345
71	0.01700	0.31340	0.18791	0.03791	0.07558	0.01934	0.08294	0.07214	0.05667	0.06103	0.01271	0.01425	0.00988	0.00619	0.00561	0.00179	0.00782	0.00497	0.00363	0.00919
72	0.05049	0.13692	0.08556	0.09321	0.04895	0.05587	0.07669	0.20860	0.08727	0.04563	0.01589	0.01714	0.03553	0.00712	0.00610	0.00193	0.00759	0.00577	0.00455	0.00920

[dist]
# distance from previous block
# <min> <max>
2	5

[block]
# block no. 2 follows, 34 sequences, length 31
# corresponding to MSA columns:
# 143-173
name=unknown_C
#
# <colnr> <probs for GDERKNQSTAVLIFYWHMCP>
#	G	D	E	R	K	N	Q	S	T	A	V	L	I	F	Y	W	H	M	C	P
0	0.12691	0.01604	0.01496	0.01386	0.07821	0.16291	0.00980	0.07057	0.04037	0.02201	0.01248	0.01573	0.01062	0.06203	0.02254	0.00202	0.00703	0.00476	0.00399	0.30315
1	0.07083	0.01173	0.01713	0.19437	0.16147	0.01228	0.01354	0.06157	0.01586	0.19928	0.01962	0.05135	0.01651	0.00904	0.00675	0.00219	0.00674	0.11597	0.00509	0.00867
2	0.01220	0.01148	0.01938	0.75739	0.04450	0.01436	0.01794	0.01651	0.01292	0.01651	0.01148	0.01723	0.00861	0.00646	0.00646	0.00215	0.00861	0.00574	0.00287	0.00718
3	0.00930	0.00652	0.00794	0.00758	0.00921	0.00598	0.00569	0.01211	0.01706	0.02428	0.52398	0.04721	0.16375	0.01294	0.00720	0.00198	0.00308	0.01123	0.11698	0.00598
4	0.81856	0.01250	0.00950	0.00850	0.01250	0.01449	0.00700	0.01899	0.01100	0.02899	0.00900	0.01050	0.00700	0.00600	0.00400	0.00200	0.00500	0.00350	0.00400	0.00700
5	0.00923	0.00692	0.01038	0.01038	0.01154	0.00808	0.00808	0.01154	0.01038	0.01500	0.01731	0.02538	0.01615	0.04846	0.74732	0.01038	0.01731	0.00692	0.00346	0.00577
6	0.00878	0.00645	0.00822	0.00807	0.00950	0.00590	0.00594	0.01138	0.01700	0.02353	0.54881	0.15560	0.13757	0.01461	0.00771	0.00214	0.00318	0.01290	0.00682	0.00590
7	0.00780	0.00591	0.00720	0.00823	0.00917	0.00531	0.00566	0.00908	0.01311	0.01680	0.04500	0.54637	0.25901	0.01902	0.00805	0.00248	0.00360	0.01688	0.00600	0.00531
8	0.00874	0.00647	0.00816	0.00798	0.00947	0.00589	0.00589	0.01132	0.01697	0.02337	0.53547	0.14092	0.16622	0.01460	0.00770	0.00213	0.00317	0.01284	0.00679	0.00589
9	0.00794	0.00658	0.00697	0.00695	0.00901	0.00561	0.00526	0.00982	0.01523	0.01871	0.15766	0.06059	0.61268	0.01597	0.00768	0.00219	0.00333	0.03610	0.00615	0.00556
10	0.01410	0.01681	0.13398	0.29984	0.33767	0.01498	0.05272	0.01875	0.01391	0.01930	0.01187	0.01615	0.00930	0.00606	0.00644	0.00204	0.00846	0.00569	0.00301	0.00893
11	0.01727	0.77681	0.03386	0.01106	0.01658	0.02557	0.01106	0.01935	0.01313	0.01520	0.00898	0.01036	0.00829	0.00553	0.00415	0.00138	0.00691	0.00345	0.00276	0.00829
12	0.01430	0.01288	0.01990	0.58949	0.11247	0.03877	0.01733	0.05753	0.01448	0.04408	0.01224	0.01699	0.00917	0.00652	0.00643	0.00210	0.00842	0.00572	0.00331	0.00786
13	0.01348	0.01260	0.02116	0.16030	0.40641	0.01319	0.03944	0.01679	0.01374	0.01909	0.01697	0.17768	0.01684	0.00917	0.00735	0.00215	0.03292	0.00852	0.00373	0.00846
14	0.32284	0.03656	0.01874	0.01516	0.01904	0.24591	0.12500	0.03812	0.01441	0.02219	0.01009	0.01247	0.00814	0.00665	0.00687	0.00199	0.08003	0.00465	0.00359	0.00757
15	0.70957	0.01326	0.01085	0.00937	0.01353	0.01526	0.00772	0.11400	0.01366	0.03060	0.00989	0.01118	0.00755	0.00624	0.00434	0.00199	0.00529	0.00382	0.00434	0.00755
16	0.00794	0.00640	0.00708	0.00725	0.00900	0.00553	0.00531	0.00973	0.01494	0.01876	0.17588	0.18290	0.49367	0.01649	0.00774	0.00223	0.00332	0.01412	0.00619	0.00553
17	0.00940	0.00626	0.00705	0.00705	0.00705	0.00626	0.00392	0.00940	0.00940	0.01253	0.02036	0.04228	0.02349	0.77292	0.03289	0.00626	0.00626	0.00940	0.00392	0.00392
18	0.81856	0.01250	0.00950	0.00850	0.01250	0.01449	0.00700	0.01899	0.01100	0.02899	0.00900	0.01050	0.00700	0.00600	0.00400	0.00200	0.00500	0.00350	0.00400	0.00700
19	0.31221	0.01153	0.01302	0.01042	0.01506	0.01129	0.00860	0.02701	0.01580	0.48310	0.01957	0.01787	0.01277	0.00728	0.00560	0.00200	0.00532	0.00542	0.00656	0.00956
20	0.01017	0.00788	0.01096	0.01076	0.01226	0.00917	0.00837	0.01467	0.10793	0.01665	0.01854	0.02521	0.01664	0.04301	0.64563	0.00926	0.01563	0.00698	0.00389	0.00638
21	0.02097	0.01167	0.01337	0.01088	0.01466	0.01194	0.00878	0.22142	0.07989	0.24310	0.04413	0.02178	0.01649	0.00802	0.00594	0.00185	0.00511	0.00640	0.24429	0.00930
22	0.02225	0.02759	0.01723	0.01599	0.01907	0.64546	0.01220	0.02410	0.01784	0.01630	0.01331	0.02006	0.01229	0.00819	0.00625	0.00184	0.01087	0.09819	0.00369	0.00728
23	0.01449	0.03306	0.64045	0.01817	0.02687	0.11549	0.02231	0.02120	0.01428	0.01982	0.01137	0.01337	0.00820	0.00621	0.00610	0.00199	0.00984	0.00469	0.00281	0.00927
24	0.01386	0.01047	0.01263	0.00989	0.01436	0.00861	0.00777	0.01672	0.03054	0.08645	0.01828	0.12009	0.03841	0.00918	0.02845	0.00169	0.02647	0.00662	0.00461	0.53489
25	0.12084	0.00734	0.00791	0.00760	0.00850	0.00743	0.00480	0.01101	0.00986	0.01530	0.01789	0.05884	0.01984	0.52164	0.02565	0.08545	0.00585	0.00819	0.00388	0.05218
26	0.01444	0.01393	0.04456	0.20551	0.02447	0.01676	0.03070	0.11093	0.01398	0.01964	0.01309	0.08919	0.01224	0.01014	0.01328	0.00247	0.34647	0.00696	0.00366	0.00758
27	0.01331	0.01160	0.01433	0.01045	0.01586	0.00916	0.03373	0.01617	0.01332	0.02071	0.01223	0.03826	0.01063	0.00553	0.00555	0.00112	0.03036	0.00450	0.00384	0.72933
28	0.01808	0.01756	0.01709	0.11659	0.02167	0.16617	0.01236	0.11338	0.32917	0.02397	0.01797	0.01864	0.01376	0.00812	0.00771	0.00210	0.07544	0.00611	0.00505	0.00906
29	0.01614	0.19649	0.44124	0.01633	0.02388	0.11812	0.01878	0.06240	0.01517	0.01988	0.01103	0.01276	0.00840	0.00617	0.00567	0.00184	0.00911	0.00446	0.00304	0.00907
30	0.04806	0.06140	0.01806	0.01441	0.03289	0.08430	0.01158	0.22677	0.01833	0.06358	0.01963	0.02103	0.10865	0.00965	0.01068	0.00218	0.22913	0.00650	0.00474	0.00843

[dist]
# distance from previous block
# <min> <max>
0	1

[block]
# block no. 3 follows, 34 sequences, length 18
# corresponding to MSA columns:
# 175-192
name=unknown_D
#
# <colnr> <probs for GDERKNQSTAVLIFYWHMCP>
#	G	D	E	R	K	N	Q	S	T	A	V	L	I	F	Y	W	H	M	C	P
0	0.01514	0.01228	0.02127	0.53319	0.06727	0.01393	0.09959	0.01930	0.01408	0.12101	0.01372	0.01789	0.00989	0.00653	0.00660	0.00212	0.00840	0.00608	0.00367	0.00804
1	0.00966	0.00758	0.01168	0.11800	0.01629	0.00898	0.00950	0.01225	0.01075	0.01522	0.01647	0.02421	0.01507	0.04241	0.64058	0.00920	0.01605	0.00675	0.00338	0.00597
2	0.04449	0.01070	0.01277	0.01161	0.01412	0.01223	0.00910	0.13653	0.18611	0.02274	0.01899	0.02351	0.01609	0.05984	0.38373	0.00647	0.01169	0.00680	0.00477	0.00771
3	0.81856	0.01250	0.00950	0.00850	0.01250	0.01449	0.00700	0.01899	0.01100	0.02899	0.00900	0.01050	0.00700	0.00600	0.00400	0.00200	0.00500	0.00350	0.00400	0.00700
4	0.02253	0.03117	0.12220	0.01690	0.02113	0.64153	0.01413	0.02503	0.01764	0.01648	0.01022	0.01194	0.00830	0.00658	0.00587	0.00172	0.01135	0.00425	0.00324	0.00779
5	0.70239	0.01235	0.01092	0.11639	0.01711	0.01447	0.00857	0.01864	0.01127	0.02719	0.00936	0.01147	0.00723	0.00606	0.00435	0.00202	0.00552	0.00382	0.00384	0.00702
6	0.01296	0.03342	0.73944	0.01842	0.02797	0.01501	0.02387	0.02046	0.01364	0.02046	0.01160	0.01364	0.00818	0.00614	0.00614	0.00205	0.00955	0.00477	0.00273	0.00955
7	0.01204	0.00602	0.00602	0.00602	0.00753	0.00602	0.00452	0.01506	0.01355	0.02409	0.02108	0.02409	0.01656	0.00753	0.00452	0.00151	0.00301	0.00602	0.80879	0.00602
8	0.00938	0.00630	0.00724	0.00722	0.00733	0.00632	0.00417	0.00961	0.00986	0.01327	0.05473	0.04198	0.02506	0.71060	0.05667	0.00620	0.00649	0.00942	0.00405	0.00409
9	0.00787	0.00562	0.00750	0.00900	0.00937	0.00525	0.00600	0.00900	0.01237	0.01649	0.03561	0.76871	0.04274	0.02024	0.00825	0.00262	0.00375	0.01837	0.00600	0.00525
10	0.01122	0.00561	0.00842	0.00842	0.00842	0.00561	0.00561	0.00842	0.00842	0.01122	0.01122	0.01964	0.01122	0.02245	0.02525	0.81201	0.00561	0.00561	0.00281	0.00281
11	0.01755	0.01562	0.02418	0.11661	0.46343	0.01637	0.03880	0.18262	0.01822	0.02519	0.01290	0.01607	0.01021	0.00630	0.00646	0.00196	0.00775	0.00583	0.00393	0.01001
12	0.01082	0.00685	0.00927	0.00988	0.01125	0.00645	0.00762	0.01302	0.01492	0.08558	0.18226	0.34512	0.04256	0.01692	0.00815	0.00254	0.00440	0.20982	0.00641	0.00616
13	0.01545	0.27579	0.32668	0.01708	0.02402	0.06303	0.11720	0.02021	0.01380	0.01824	0.01070	0.01301	0.00848	0.00612	0.00641	0.00186	0.04556	0.00475	0.00286	0.00877
14	0.01450	0.01350	0.02244	0.22985	0.45742	0.01430	0.01781	0.04014	0.01452	0.02007	0.01424	0.08552	0.01281	0.00734	0.00659	0.00205	0.00755	0.00691	0.00347	0.00897
15	0.01047	0.00749	0.00994	0.00909	0.01063	0.00750	0.00698	0.01335	0.01753	0.05615	0.63208	0.04397	0.05417	0.01281	0.00882	0.00210	0.07286	0.01090	0.00676	0.00640
16	0.01539	0.01251	0.01842	0.05501	0.02045	0.01044	0.13636	0.01877	0.01427	0.09993	0.01332	0.01530	0.01027	0.00536	0.00559	0.00136	0.00619	0.00492	0.00413	0.53199
17	0.06283	0.25216	0.02104	0.02977	0.01742	0.17461	0.01080	0.08283	0.03116	0.02020	0.02961	0.01873	0.01279	0.00744	0.00585	0.00170	0.02595	0.06731	0.00393	0.12386

[dist]
# distance from previous block
# <min> <max>
0	60

[block]
# block no. 4 follows, 34 sequences, length 74
# corresponding to MSA columns:
# 253-326
name=unknown_E
#
# <colnr> <probs for GDERKNQSTAVLIFYWHMCP>
#	G	D	E	R	K	N	Q	S	T	A	V	L	I	F	Y	W	H	M	C	P
0	0.01073	0.00561	0.00828	0.00850	0.00856	0.00556	0.00567	0.00850	0.00900	0.01200	0.01481	0.12971	0.01585	0.02212	0.02275	0.69308	0.00534	0.00749	0.00327	0.00316
1	0.04056	0.01479	0.02807	0.29943	0.08798	0.01570	0.33029	0.03904	0.01444	0.01983	0.01218	0.01684	0.00928	0.00616	0.00746	0.00216	0.03785	0.00652	0.00322	0.00820
2	0.00910	0.00614	0.00713	0.00742	0.00749	0.00607	0.00431	0.00932	0.00997	0.01329	0.02328	0.18158	0.02718	0.62859	0.02816	0.00557	0.00578	0.01112	0.00431	0.00417
3	0.01387	0.01202	0.01840	0.42516	0.11014	0.01379	0.03375	0.09598	0.03661	0.02135	0.05598	0.02100	0.03864	0.00739	0.00645	0.00205	0.00736	0.00649	0.06571	0.00787
4	0.71007	0.01213	0.01002	0.00879	0.01280	0.01369	0.00722	0.02001	0.01201	0.10036	0.03628	0.01300	0.00983	0.00646	0.00438	0.00200	0.00498	0.00409	0.00451	0.00737
5	0.00927	0.00675	0.00953	0.00953	0.01038	0.00761	0.00701	0.01099	0.01013	0.01436	0.01809	0.02972	0.01804	0.23448	0.56387	0.00933	0.01447	0.00756	0.00358	0.00529
6	0.01361	0.01167	0.01349	0.00985	0.01543	0.00920	0.00786	0.01770	0.06924	0.02153	0.01265	0.01424	0.01037	0.00510	0.00493	0.00105	0.00481	0.00410	0.00404	0.74911
7	0.00989	0.00731	0.01006	0.00991	0.01089	0.00823	0.00743	0.03003	0.01119	0.01574	0.04545	0.03201	0.02026	0.21677	0.46864	0.00825	0.03720	0.04132	0.00389	0.00553
8	0.01607	0.01388	0.01461	0.01315	0.01680	0.01607	0.01023	0.03433	0.72094	0.02703	0.02630	0.02411	0.01972	0.00877	0.00657	0.00219	0.00511	0.00731	0.00657	0.01023
9	0.81856	0.01250	0.00950	0.00850	0.01250	0.01449	0.00700	0.01899	0.01100	0.02899	0.00900	0.01050	0.00700	0.00600	0.00400	0.00200	0.00500	0.00350	0.00400	0.00700
10	0.00943	0.00818	0.05534	0.00898	0.01091	0.00641	0.00721	0.01177	0.01509	0.04787	0.25155	0.29525	0.19666	0.01579	0.00774	0.00229	0.00394	0.03332	0.00620	0.00607
11	0.02414	0.03079	0.01831	0.01665	0.01998	0.74698	0.01248	0.02580	0.01831	0.01581	0.00999	0.01165	0.00832	0.00666	0.00583	0.00166	0.01165	0.00416	0.00333	0.00749
12	0.01329	0.06022	0.63255	0.01830	0.02685	0.01584	0.04493	0.02004	0.01338	0.01988	0.01130	0.01368	0.00827	0.00650	0.00730	0.00209	0.06868	0.00489	0.00276	0.00928
13	0.00938	0.00632	0.00731	0.00731	0.00739	0.00640	0.00424	0.00956	0.00947	0.01272	0.02012	0.04098	0.02292	0.71688	0.08815	0.00658	0.00712	0.00920	0.00388	0.00406
14	0.02162	0.00986	0.01259	0.01031	0.01396	0.00912	0.00832	0.08010	0.01832	0.41073	0.14043	0.02863	0.02412	0.02967	0.00719	0.00208	0.00490	0.03379	0.12520	0.00907
15	0.00823	0.00671	0.00737	0.00760	0.00962	0.00585	0.00597	0.01020	0.01498	0.01834	0.10262	0.06320	0.56302	0.01643	0.00787	0.00231	0.00374	0.13430	0.00606	0.00558
16	0.00962	0.00749	0.01113	0.01090	0.01197	0.00900	0.00855	0.01185	0.01035	0.01504	0.01661	0.02450	0.01555	0.04553	0.69013	0.00979	0.07588	0.00682	0.00341	0.00587
17	0.01425	0.00815	0.00838	0.00758	0.00973	0.00849	0.00589	0.13773	0.01652	0.02702	0.02010	0.02258	0.01558	0.00757	0.00486	0.00158	0.00373	0.00599	0.66738	0.00690
18	0.01595	0.01440	0.01805	0.01521	0.01929	0.01611	0.11254	0.03234	0.61764	0.02610	0.02436	0.02313	0.01827	0.00828	0.00673	0.00219	0.00596	0.00735	0.00609	0.01001
19	0.05530	0.01811	0.01879	0.01456	0.01960	0.04878	0.01197	0.62905	0.02866	0.06762	0.01545	0.01543	0.01093	0.00765	0.00634	0.00193	0.00715	0.00569	0.00630	0.01069
20	0.08897	0.03978	0.15327	0.04272	0.22371	0.06668	0.06341	0.02096	0.06142	0.04834	0.01354	0.01762	0.01107	0.00725	0.00776	0.00210	0.08575	0.03306	0.00366	0.00891
21	0.00938	0.00632	0.00731	0.00731	0.00740	0.00641	0.00424	0.00956	0.00947	0.01272	0.02012	0.04095	0.02291	0.71587	0.08915	0.00659	0.00713	0.00920	0.00388	0.00406
22	0.00802	0.00574	0.00740	0.00865	0.00909	0.00537	0.00572	0.00905	0.01220	0.01614	0.03579	0.65230	0.08101	0.09774	0.01076	0.00297	0.00398	0.01716	0.00578	0.00512
23	0.02456	0.01810	0.01939	0.01487	0.02004	0.02004	0.01228	0.71107	0.03038	0.04072	0.01551	0.01551	0.01099	0.00776	0.00646	0.00194	0.00711	0.00582	0.00646	0.01099
24	0.01019	0.00728	0.01015	0.01164	0.01303	0.00724	0.01002	0.01300	0.01465	0.01909	0.03433	0.13425	0.03768	0.01806	0.00886	0.00294	0.00576	0.62997	0.00595	0.00589
25	0.81856	0.01250	0.00950	0.00850	0.01250	0.01449	0.00700	0.01899	0.01100	0.02899	0.00900	0.01050	0.00700	0.00600	0.00400	0.00200	0.00500	0.00350	0.00400	0.00700
26	0.02899	0.01100	0.01499	0.01150	0.01649	0.00950	0.00950	0.03149	0.01849	0.73709	0.02549	0.02199	0.01599	0.00800	0.00650	0.00200	0.00550	0.00650	0.00800	0.01100
27	0.81856	0.01250	0.00950	0.00850	0.01250	0.01449	0.00700	0.01899	0.01100	0.02899	0.00900	0.01050	0.00700	0.00600	0.00400	0.00200	0.00500	0.00350	0.00400	0.00700
28	0.01835	0.54803	0.09733	0.01281	0.01838	0.12758	0.01256	0.06743	0.01509	0.01752	0.00982	0.01121	0.00847	0.00590	0.00473	0.00152	0.00785	0.00384	0.00309	0.00848
29	0.81856	0.01250	0.00950	0.00850	0.01250	0.01449	0.00700	0.01899	0.01100	0.02899	0.00900	0.01050	0.00700	0.00600	0.00400	0.00200	0.00500	0.00350	0.00400	0.00700
30	0.01384	0.01380	0.02004	0.06169	0.01900	0.01882	0.04084	0.01557	0.01037	0.01584	0.00980	0.04113	0.00975	0.01111	0.01933	0.00275	0.66009	0.00619	0.00296	0.00707
31	0.00923	0.00692	0.01038	0.01038	0.01154	0.00808	0.00808	0.01154	0.01038	0.01500	0.01731	0.02538	0.01615	0.04846	0.74732	0.01038	0.01731	0.00692	0.00346	0.00577
32	0.81856	0.01250	0.00950	0.00850	0.01250	0.01449	0.00700	0.01899	0.01100	0.02899	0.00900	0.01050	0.00700	0.00600	0.00400	0.00200	0.00500	0.00350	0.00400	0.00700
33	0.00792	0.00567	0.00745	0.00885	0.00926	0.00529	0.00589	0.00902	0.01233	0.01637	0.03591	0.72056	0.06214	0.04858	0.00916	0.00275	0.00383	0.01789	0.00592	0.00520
34	0.01084	0.00561	0.00831	0.00848	0.00853	0.00557	0.00566	0.00848	0.00887	0.01182	0.01400	0.10492	0.01481	0.02220	0.02332	0.71986	0.00540	0.00706	0.00317	0.00308
35	0.01078	0.00613	0.00637	0.00644	0.00800	0.00587	0.00478	0.01342	0.01397	0.02246	0.07143	0.08124	0.15372	0.01033	0.00552	0.00174	0.00311	0.00858	0.56026	0.00587
36	0.01727	0.77681	0.03386	0.01106	0.01658	0.02557	0.01106	0.01935	0.01313	0.01520	0.00898	0.01036	0.00829	0.00553	0.00415	0.00138	0.00691	0.00345	0.00276	0.00829
37	0.06498	0.53950	0.13598	0.01337	0.01946	0.02246	0.06771	0.03985	0.01375	0.01799	0.00988	0.01156	0.00840	0.00570	0.00477	0.00160	0.00750	0.00405	0.00298	0.00851
38	0.52884	0.01407	0.01255	0.03858	0.01577	0.04891	0.00883	0.13587	0.01549	0.11066	0.01210	0.01295	0.00881	0.00657	0.00487	0.00198	0.00585	0.00434	0.00479	0.00815
39	0.00787	0.00562	0.00750	0.00900	0.00937	0.00525	0.00600	0.00900	0.01237	0.01649	0.03561	0.76871	0.04274	0.02024	0.00825	0.00262	0.00375	0.01837	0.00600	0.00525
40	0.00894	0.00838	0.06553	0.00942	0.01102	0.00656	0.00758	0.01106	0.01375	0.01849	0.15969	0.33749	0.11780	0.10237	0.01077	0.00288	0.00457	0.09232	0.00570	0.00569
41	0.01612	0.01711	0.02005	0.12491	0.08710	0.15753	0.03051	0.01964	0.06850	0.01727	0.01104	0.01513	0.00955	0.00888	0.01333	0.00236	0.36438	0.00557	0.00327	0.00774
42	0.81856	0.01250	0.00950	0.00850	0.01250	0.01449	0.00700	0.01899	0.01100	0.02899	0.00900	0.01050	0.00700	0.00600	0.00400	0.00200	0.00500	0.00350	0.00400	0.00700
43	0.00977	0.00707	0.00907	0.00840	0.01007	0.00666	0.00635	0.04044	0.01878	0.02651	0.70036	0.04694	0.05895	0.01299	0.00757	0.00203	0.00321	0.01145	0.00709	0.00629
44	0.02230	0.01697	0.01812	0.01441	0.01917	0.01898	0.01173	0.53064	0.21450	0.03707	0.01839	0.01780	0.01332	0.00803	0.00649	0.00201	0.00658	0.00621	0.00649	0.01079
45	0.07276	0.09435	0.09538	0.01399	0.01782	0.33923	0.01196	0.05675	0.01566	0.01843	0.01218	0.01553	0.01040	0.03641	0.13810	0.00340	0.01091	0.00490	0.02436	0.00749
46	0.01363	0.01172	0.01446	0.11586	0.01962	0.00983	0.00928	0.04098	0.01393	0.02111	0.01163	0.01402	0.00948	0.00513	0.00508	0.00116	0.00541	0.00417	0.00379	0.66971
47	0.01952	0.01363	0.01443	0.01172	0.01551	0.01494	0.00947	0.41104	0.09197	0.03379	0.01844	0.01923	0.01371	0.00778	0.00582	0.00182	0.00554	0.00603	0.27636	0.00924
48	0.01090	0.06327	0.01578	0.01283	0.01526	0.00948	0.13176	0.03162	0.01371	0.01836	0.02742	0.44885	0.03085	0.01498	0.00762	0.00236	0.00559	0.07303	0.00515	0.06120
49	0.01607	0.01388	0.01461	0.01315	0.01680	0.01607	0.01023	0.03433	0.72094	0.02703	0.02630	0.02411	0.01972	0.00877	0.00657	0.00219	0.00511	0.00731	0.00657	0.01023
50	0.00932	0.00656	0.00855	0.00855	0.00907	0.00708	0.00579	0.01036	0.00984	0.01364	0.01898	0.03467	0.02019	0.44672	0.35458	0.00812	0.01124	0.00828	0.00371	0.00475
51	0.81856	0.01250	0.00950	0.00850	0.01250	0.01449	0.00700	0.01899	0.01100	0.02899	0.00900	0.01050	0.00700	0.00600	0.00400	0.00200	0.00500	0.00350	0.00400	0.00700
52	0.02414	0.03079	0.01831	0.01665	0.01998	0.74698	0.01248	0.02580	0.01831	0.01581	0.00999	0.01165	0.00832	0.00666	0.00583	0.00166	0.01165	0.00416	0.00333	0.00749
53	0.01618	0.51695	0.26156	0.01345	0.02026	0.02174	0.01516	0.02002	0.01343	0.03525	0.01025	0.01172	0.00845	0.00579	0.00485	0.00161	0.00773	0.00396	0.00289	0.00877
54	0.01198	0.00839	0.01000	0.00884	0.01147	0.00783	0.00679	0.01673	0.10543	0.07275	0.37374	0.03858	0.11482	0.01111	0.00681	0.00189	0.00372	0.00954	0.06970	0.10989
55	0.00787	0.00562	0.00750	0.00900	0.00937	0.00525	0.00600	0.00900	0.01237	0.01649	0.03561	0.76871	0.04274	0.02024	0.00825	0.00262	0.00375	0.01837	0.00600	0.00525
56	0.02456	0.01810	0.01939	0.01487	0.02004	0.02004	0.01228	0.71107	0.03038	0.04072	0.01551	0.01551	0.01099	0.00776	0.00646	0.00194	0.00711	0.00582	0.00646	0.01099
57	0.01427	0.01274	0.02188	0.49764	0.20826	0.01443	0.05877	0.01843	0.01381	0.05981	0.01256	0.01722	0.00950	0.00632	0.00652	0.00209	0.00834	0.00590	0.00327	0.00823
58	0.01296	0.03342	0.73944	0.01842	0.02797	0.01501	0.02387	0.02046	0.01364	0.02046	0.01160	0.01364	0.00818	0.00614	0.00614	0.00205	0.00955	0.00477	0.00273	0.00955
59	0.81856	0.01250	0.00950	0.00850	0.01250	0.01449	0.00700	0.01899	0.01100	0.02899	0.00900	0.01050	0.00700	0.00600	0.00400	0.00200	0.00500	0.00350	0.00400	0.00700
60	0.01906	0.06572	0.12849	0.10536	0.10214	0.19501	0.01505	0.11245	0.01721	0.07757	0.01258	0.01455	0.00959	0.00669	0.00657	0.00185	0.03757	0.00501	0.00393	0.06358
61	0.01573	0.01509	0.02576	0.08848	0.68581	0.01528	0.01970	0.01960	0.01459	0.02080	0.01211	0.01608	0.01012	0.00580	0.00640	0.00193	0.00774	0.00576	0.00318	0.01003
62	0.00940	0.00626	0.00705	0.00705	0.00705	0.00626	0.00392	0.00940	0.00940	0.01253	0.02036	0.04228	0.02349	0.77292	0.03289	0.00626	0.00626	0.00940	0.00392	0.00392
63	0.01576	0.01468	0.01938	0.01640	0.01739	0.01957	0.01360	0.11612	0.06153	0.01993	0.01071	0.01502	0.00961	0.01063	0.01810	0.00266	0.60169	0.00579	0.00360	0.00784
64	0.00772	0.00655	0.00666	0.00664	0.00878	0.00549	0.00498	0.00944	0.01493	0.01794	0.10318	0.06139	0.69197	0.01618	0.00764	0.00217	0.00326	0.01353	0.00606	0.00549
65	0.00943	0.00713	0.00874	0.00853	0.01023	0.00677	0.00650	0.01307	0.06422	0.02300	0.44414	0.07222	0.17681	0.04286	0.00866	0.00234	0.00366	0.07896	0.00660	0.00614
66	0.45147	0.01449	0.01250	0.01059	0.01482	0.11235	0.00856	0.02402	0.01445	0.25964	0.01455	0.01443	0.01013	0.00674	0.00507	0.00195	0.00607	0.00457	0.00522	0.00838
67	0.00796	0.00569	0.00757	0.00894	0.00939	0.00531	0.00600	0.00921	0.01277	0.01713	0.08215	0.72036	0.04396	0.01977	0.00821	0.00258	0.00370	0.01792	0.00607	0.00531
68	0.01296	0.03342	0.73944	0.01842	0.02797	0.01501	0.02387	0.02046	0.01364	0.02046	0.01160	0.01364	0.00818	0.00614	0.00614	0.00205	0.00955	0.00477	0.00273	0.00955
69	0.00903	0.00662	0.00850	0.00821	0.00977	0.00609	0.00622	0.01189	0.01758	0.02445	0.60554	0.07181	0.12396	0.01398	0.00771	0.00212	0.00325	0.05036	0.00691	0.00600
70	0.01122	0.00561	0.00842	0.00842	0.00842	0.00561	0.00561	0.00842	0.00842	0.01122	0.01122	0.01964	0.01122	0.02245	0.02525	0.81201	0.00561	0.00561	0.00281	0.00281
71	0.01266	0.01205	0.02068	0.66482	0.10813	0.01452	0.04256	0.01697	0.01317	0.01708	0.01160	0.01712	0.00881	0.00636	0.00650	0.00213	0.00861	0.00581	0.00292	0.00752
72	0.00968	0.00674	0.00870	0.00813	0.00981	0.00616	0.00612	0.01262	0.01804	0.04847	0.65940	0.04839	0.10677	0.01326	0.00759	0.00204	0.00314	0.01165	0.00706	0.00621
73	0.81856	0.01250	0.00950	0.00850	0.01250	0.01449	0.00700	0.01899	0.01100	0.02899	0.00900	0.01050	0.00700	0.00600	0.00400	0.00200	0.00500	0.00350	0.00400	0.00700

[dist]
# distance from previous block
# <min> <max>
0	11

# created by:
# /home/berkeley/.conda/envs/busco_data_prod/bin/msa2prfl.pl pipeline/OGs_align_augustus/4893/9741.fs
