[name]
unknown

[dist]
# distance from previous block
# <min> <max>
34	145

[block]
# block no. 0 follows, 34 sequences, length 19
# corresponding to MSA columns:
# 213-231
name=unknown_A
#
# <colnr> <probs for GDERKNQSTAVLIFYWHMCP>
#	G	D	E	R	K	N	Q	S	T	A	V	L	I	F	Y	W	H	M	C	P
0	0.01729	0.03704	0.04056	0.11587	0.27914	0.01419	0.01474	0.12138	0.03625	0.10113	0.01598	0.07253	0.01327	0.00746	0.00634	0.00191	0.00686	0.00654	0.00450	0.08703
1	0.06209	0.22105	0.13925	0.05117	0.03803	0.12019	0.12473	0.05151	0.01493	0.01951	0.01301	0.06976	0.01143	0.00710	0.00583	0.00186	0.00829	0.00589	0.02618	0.00820
2	0.02342	0.01729	0.01833	0.01406	0.01922	0.04411	0.01154	0.55722	0.02708	0.08066	0.01543	0.01551	0.01103	0.00736	0.00623	0.00181	0.00688	0.00555	0.00612	0.11116
3	0.00972	0.00727	0.00853	0.00868	0.01042	0.00689	0.00641	0.01336	0.09246	0.04357	0.16412	0.26954	0.27460	0.01595	0.00772	0.00232	0.00377	0.04213	0.00632	0.00623
4	0.00996	0.00760	0.01017	0.00997	0.01134	0.00853	0.00754	0.01383	0.09271	0.01688	0.06528	0.03050	0.05442	0.12922	0.49289	0.00802	0.01299	0.00789	0.00422	0.00606
5	0.05608	0.01523	0.01670	0.01336	0.01772	0.01648	0.01081	0.50624	0.02560	0.10487	0.01933	0.13259	0.01623	0.00964	0.00664	0.00205	0.00634	0.00773	0.00644	0.00993
6	0.04574	0.01273	0.02111	0.50448	0.25688	0.01467	0.01809	0.01764	0.01340	0.01844	0.01159	0.01657	0.00905	0.00622	0.00634	0.00207	0.00818	0.00566	0.00302	0.00812
7	0.01680	0.01306	0.01420	0.01262	0.01624	0.01469	0.00985	0.03241	0.60075	0.09554	0.07857	0.02570	0.02244	0.00902	0.00665	0.00216	0.00500	0.00755	0.00675	0.00999
8	0.01599	0.01535	0.02623	0.03966	0.73262	0.01535	0.01983	0.01983	0.01471	0.02111	0.01215	0.01599	0.01023	0.00576	0.00640	0.00192	0.00768	0.00576	0.00320	0.01023
9	0.02712	0.01327	0.01631	0.01258	0.01758	0.01296	0.01037	0.23744	0.05095	0.49701	0.02250	0.02012	0.01463	0.00796	0.00649	0.00199	0.00597	0.00632	0.00747	0.01096
10	0.00981	0.00626	0.00812	0.00864	0.00973	0.00579	0.00610	0.01167	0.01441	0.06427	0.21072	0.46357	0.06367	0.01664	0.00768	0.00234	0.00361	0.01488	0.06620	0.00588
11	0.00787	0.00562	0.00750	0.00900	0.00937	0.00525	0.00600	0.00900	0.01237	0.01649	0.03561	0.76871	0.04274	0.02024	0.00825	0.00262	0.00375	0.01837	0.00600	0.00525
12	0.01525	0.01743	0.03813	0.02723	0.03377	0.01634	0.70915	0.02070	0.01525	0.02070	0.01307	0.01743	0.00980	0.00545	0.00763	0.00218	0.01089	0.00763	0.00327	0.00871
13	0.01299	0.01264	0.02245	0.58984	0.11619	0.01471	0.10465	0.01739	0.01340	0.01752	0.01175	0.01712	0.00893	0.00626	0.00660	0.00213	0.00880	0.00598	0.00296	0.00769
14	0.02227	0.01589	0.01694	0.01325	0.01775	0.01747	0.01086	0.58353	0.02730	0.03767	0.01653	0.01708	0.01201	0.00771	0.00611	0.00186	0.00636	0.00585	0.15349	0.01008
15	0.02424	0.01628	0.01790	0.01389	0.01879	0.01763	0.01142	0.54188	0.06524	0.14487	0.01785	0.01732	0.01246	0.00784	0.00639	0.00194	0.00658	0.00601	0.04072	0.01074
16	0.22318	0.09806	0.09490	0.04492	0.10312	0.01398	0.01149	0.06938	0.01480	0.05972	0.09090	0.07401	0.03713	0.03049	0.00658	0.00211	0.00605	0.00671	0.00449	0.00796
17	0.01068	0.00772	0.00933	0.00946	0.01111	0.00760	0.00694	0.03969	0.10513	0.04988	0.16138	0.36705	0.13277	0.01596	0.00773	0.00237	0.00401	0.03832	0.00637	0.00653
18	0.01550	0.05860	0.06076	0.01283	0.01614	0.11710	0.06162	0.09670	0.09566	0.04220	0.11218	0.06931	0.05108	0.12570	0.01118	0.02613	0.00686	0.00804	0.00494	0.00749

[dist]
# distance from previous block
# <min> <max>
1	4

[block]
# block no. 1 follows, 34 sequences, length 27
# corresponding to MSA columns:
# 236-262
name=unknown_B
#
# <colnr> <probs for GDERKNQSTAVLIFYWHMCP>
#	G	D	E	R	K	N	Q	S	T	A	V	L	I	F	Y	W	H	M	C	P
0	0.01713	0.09373	0.18989	0.01585	0.04142	0.11371	0.07554	0.06960	0.07364	0.08282	0.03807	0.05265	0.01427	0.04228	0.00742	0.00210	0.00789	0.00628	0.00431	0.05140
1	0.04305	0.24473	0.09751	0.01686	0.04270	0.05162	0.15753	0.09173	0.05946	0.04469	0.01454	0.01624	0.03608	0.00687	0.00674	0.00190	0.04950	0.00562	0.00385	0.00880
2	0.56375	0.01262	0.01119	0.00945	0.01378	0.01373	0.00771	0.05152	0.06406	0.06902	0.01185	0.01279	0.00899	0.00622	0.00455	0.00186	0.00510	0.00410	0.00450	0.12322
3	0.01705	0.00975	0.01170	0.01002	0.01235	0.01019	0.00771	0.16787	0.01654	0.13431	0.04332	0.02236	0.01566	0.05791	0.01273	0.19262	0.04035	0.00635	0.20416	0.00705
4	0.00787	0.00562	0.00750	0.00900	0.00937	0.00525	0.00600	0.00900	0.01237	0.01649	0.03561	0.76871	0.04274	0.02024	0.00825	0.00262	0.00375	0.01837	0.00600	0.00525
5	0.01411	0.01043	0.01250	0.00970	0.01424	0.00851	0.00764	0.01772	0.05442	0.09454	0.12899	0.06825	0.02104	0.00765	0.00573	0.00141	0.00454	0.00646	0.00506	0.50707
6	0.01825	0.01380	0.01498	0.01306	0.01698	0.01552	0.01027	0.07936	0.58714	0.11639	0.02547	0.02327	0.01867	0.00860	0.00656	0.00215	0.00530	0.00710	0.00674	0.01037
7	0.01220	0.01148	0.01938	0.75739	0.04450	0.01436	0.01794	0.01651	0.01292	0.01651	0.01148	0.01723	0.00861	0.00646	0.00646	0.00215	0.00861	0.00574	0.00287	0.00718
8	0.04052	0.06267	0.18278	0.09358	0.21374	0.05960	0.12063	0.02189	0.10237	0.02081	0.01346	0.01607	0.01042	0.00628	0.00632	0.00200	0.00845	0.00571	0.00350	0.00919
9	0.01918	0.01480	0.08443	0.01641	0.10197	0.01338	0.03707	0.16533	0.07982	0.19893	0.08056	0.04242	0.05137	0.00997	0.02981	0.00231	0.02963	0.00728	0.00582	0.00952
10	0.01457	0.02169	0.23098	0.02432	0.03139	0.01613	0.48758	0.02039	0.01456	0.02039	0.01245	0.01623	0.00930	0.00591	0.00785	0.00217	0.04538	0.00675	0.00310	0.00887
11	0.01001	0.00760	0.01066	0.01033	0.01118	0.00902	0.00787	0.01188	0.01036	0.01523	0.01702	0.02678	0.01649	0.16136	0.49698	0.00825	0.10175	0.00713	0.05448	0.00563
12	0.04188	0.19277	0.16891	0.11243	0.02279	0.01740	0.01426	0.16104	0.05925	0.08086	0.01510	0.05927	0.01214	0.00750	0.00590	0.00192	0.00725	0.00586	0.00440	0.00906
13	0.04284	0.13877	0.17911	0.05897	0.06137	0.01685	0.19585	0.04207	0.06925	0.08802	0.01396	0.01598	0.01042	0.00645	0.00673	0.00200	0.03261	0.00578	0.00385	0.00911
14	0.00790	0.00649	0.00695	0.00698	0.00892	0.00554	0.00518	0.00972	0.01512	0.01874	0.17011	0.11284	0.57080	0.01615	0.00768	0.00219	0.00327	0.01368	0.00618	0.00554
15	0.01238	0.00968	0.03502	0.03227	0.01435	0.00915	0.00961	0.11725	0.01709	0.04364	0.08219	0.14483	0.14002	0.01510	0.00795	0.00251	0.00541	0.28871	0.00599	0.00685
16	0.01749	0.13588	0.20975	0.06002	0.07259	0.10612	0.09024	0.09584	0.01630	0.06044	0.01299	0.01627	0.01024	0.00690	0.00677	0.00196	0.04033	0.02723	0.00371	0.00895
17	0.00940	0.00626	0.00705	0.00705	0.00705	0.00626	0.00392	0.00940	0.00940	0.01253	0.02036	0.04228	0.02349	0.77292	0.03289	0.00626	0.00626	0.00940	0.00392	0.00392
18	0.00793	0.00568	0.00744	0.00883	0.00925	0.00530	0.00587	0.00902	0.01233	0.01636	0.03603	0.71312	0.06633	0.05171	0.00926	0.00276	0.00384	0.01782	0.00591	0.00520
19	0.03931	0.24486	0.02401	0.06508	0.08320	0.16931	0.06252	0.04396	0.04757	0.06745	0.03016	0.01518	0.01125	0.00673	0.00625	0.00179	0.03959	0.00509	0.02829	0.00840
20	0.05307	0.09158	0.14574	0.15285	0.09681	0.16448	0.05374	0.06250	0.08075	0.02057	0.01261	0.01496	0.00977	0.00650	0.00602	0.00193	0.00869	0.00520	0.00359	0.00864
21	0.04633	0.01957	0.01735	0.01444	0.01864	0.21874	0.01147	0.26633	0.14202	0.13359	0.01692	0.01669	0.01230	0.00771	0.00664	0.00194	0.02833	0.00564	0.00567	0.00967
22	0.00812	0.00654	0.00727	0.00736	0.00923	0.00569	0.00555	0.01009	0.01529	0.01924	0.19877	0.11336	0.50000	0.01609	0.00775	0.00223	0.00342	0.05216	0.00623	0.00560
23	0.20173	0.01465	0.05379	0.03234	0.03236	0.01467	0.04306	0.27313	0.01978	0.07381	0.04511	0.06644	0.06032	0.00896	0.00625	0.00208	0.00625	0.03111	0.00544	0.00873
24	0.08132	0.07548	0.14887	0.01523	0.02084	0.08984	0.05560	0.28253	0.02078	0.09219	0.01488	0.01731	0.01128	0.00740	0.00617	0.00196	0.00786	0.03598	0.00495	0.00952
25	0.16165	0.06352	0.05994	0.12425	0.05320	0.06316	0.01385	0.03804	0.01229	0.01940	0.00969	0.01363	0.00834	0.00833	0.01193	0.00230	0.32070	0.00500	0.00319	0.00757
26	0.05907	0.05053	0.09365	0.07360	0.21378	0.04969	0.03991	0.01956	0.07374	0.02054	0.08305	0.01866	0.01503	0.00793	0.00913	0.00213	0.15163	0.00612	0.00376	0.00849

[dist]
# distance from previous block
# <min> <max>
0	2

[block]
# block no. 2 follows, 34 sequences, length 30
# corresponding to MSA columns:
# 265-294
name=unknown_C
#
# <colnr> <probs for GDERKNQSTAVLIFYWHMCP>
#	G	D	E	R	K	N	Q	S	T	A	V	L	I	F	Y	W	H	M	C	P
0	0.23280	0.04035	0.05867	0.01328	0.01840	0.01845	0.01152	0.46821	0.02379	0.03570	0.01337	0.01393	0.00969	0.00713	0.00573	0.00194	0.00669	0.00508	0.00549	0.00977
1	0.04810	0.28598	0.02354	0.01419	0.01857	0.37080	0.01178	0.12031	0.01799	0.01956	0.01039	0.01172	0.00865	0.00640	0.00528	0.00162	0.00915	0.00413	0.00360	0.00825
2	0.02456	0.01810	0.01939	0.01487	0.02004	0.02004	0.01228	0.71107	0.03038	0.04072	0.01551	0.01551	0.01099	0.00776	0.00646	0.00194	0.00711	0.00582	0.00646	0.01099
3	0.00787	0.00562	0.00750	0.00900	0.00937	0.00525	0.00600	0.00900	0.01237	0.01649	0.03561	0.76871	0.04274	0.02024	0.00825	0.00262	0.00375	0.01837	0.00600	0.00525
4	0.00923	0.00692	0.01038	0.01038	0.01154	0.00808	0.00808	0.01154	0.01038	0.01500	0.01731	0.02538	0.01615	0.04846	0.74732	0.01038	0.01731	0.00692	0.00346	0.00577
5	0.00790	0.00647	0.00697	0.00702	0.00893	0.00554	0.00520	0.00972	0.01509	0.01872	0.16905	0.12328	0.56128	0.01621	0.00769	0.00220	0.00328	0.01375	0.00618	0.00554
6	0.01607	0.01388	0.01461	0.01315	0.01680	0.01607	0.01023	0.03433	0.72094	0.02703	0.02630	0.02411	0.01972	0.00877	0.00657	0.00219	0.00511	0.00731	0.00657	0.01023
7	0.81856	0.01250	0.00950	0.00850	0.01250	0.01449	0.00700	0.01899	0.01100	0.02899	0.00900	0.01050	0.00700	0.00600	0.00400	0.00200	0.00500	0.00350	0.00400	0.00700
8	0.01340	0.01148	0.01340	0.00957	0.01531	0.00861	0.00766	0.01627	0.01340	0.02105	0.01148	0.01340	0.00957	0.00479	0.00479	0.00096	0.00479	0.00383	0.00383	0.81242
9	0.01340	0.01148	0.01340	0.00957	0.01531	0.00861	0.00766	0.01627	0.01340	0.02105	0.01148	0.01340	0.00957	0.00479	0.00479	0.00096	0.00479	0.00383	0.00383	0.81242
10	0.81856	0.01250	0.00950	0.00850	0.01250	0.01449	0.00700	0.01899	0.01100	0.02899	0.00900	0.01050	0.00700	0.00600	0.00400	0.00200	0.00500	0.00350	0.00400	0.00700
11	0.01607	0.01388	0.01461	0.01315	0.01680	0.01607	0.01023	0.03433	0.72094	0.02703	0.02630	0.02411	0.01972	0.00877	0.00657	0.00219	0.00511	0.00731	0.00657	0.01023
12	0.81856	0.01250	0.00950	0.00850	0.01250	0.01449	0.00700	0.01899	0.01100	0.02899	0.00900	0.01050	0.00700	0.00600	0.00400	0.00200	0.00500	0.00350	0.00400	0.00700
13	0.01599	0.01535	0.02623	0.03966	0.73262	0.01535	0.01983	0.01983	0.01471	0.02111	0.01215	0.01599	0.01023	0.00576	0.00640	0.00192	0.00768	0.00576	0.00320	0.01023
14	0.01607	0.01388	0.01461	0.01315	0.01680	0.01607	0.01023	0.03433	0.72094	0.02703	0.02630	0.02411	0.01972	0.00877	0.00657	0.00219	0.00511	0.00731	0.00657	0.01023
15	0.02899	0.01100	0.01499	0.01150	0.01649	0.00950	0.00950	0.03149	0.01849	0.73709	0.02549	0.02199	0.01599	0.00800	0.00650	0.00200	0.00550	0.00650	0.00800	0.01100
16	0.01525	0.01743	0.03813	0.02723	0.03377	0.01634	0.70915	0.02070	0.01525	0.02070	0.01307	0.01743	0.00980	0.00545	0.00763	0.00218	0.01089	0.00763	0.00327	0.00871
17	0.00830	0.00604	0.00782	0.00849	0.00942	0.00556	0.00594	0.01014	0.01464	0.01987	0.28120	0.45914	0.10455	0.01746	0.00798	0.00238	0.00346	0.01564	0.00639	0.00556
18	0.01695	0.42777	0.24041	0.01441	0.02093	0.09355	0.03484	0.05104	0.01462	0.01811	0.01026	0.01189	0.00843	0.00592	0.00510	0.00165	0.00828	0.00414	0.00299	0.00872
19	0.01719	0.01111	0.01407	0.01229	0.01540	0.01126	0.04019	0.21274	0.04117	0.15212	0.02759	0.26688	0.04674	0.01315	0.00741	0.00231	0.00560	0.08814	0.00638	0.00828
20	0.00897	0.00670	0.00723	0.00719	0.00929	0.00569	0.00535	0.01065	0.01479	0.05992	0.08250	0.14407	0.58247	0.01623	0.00764	0.00222	0.00345	0.01372	0.00616	0.00578
21	0.00871	0.00707	0.00942	0.00916	0.01093	0.00638	0.04923	0.01075	0.01460	0.01879	0.15803	0.23082	0.32506	0.04079	0.00871	0.00247	0.00416	0.07327	0.00594	0.00570
22	0.01429	0.01368	0.02111	0.50386	0.22069	0.04899	0.01793	0.04861	0.01441	0.01874	0.01177	0.01657	0.00913	0.00634	0.00641	0.00206	0.00845	0.00568	0.00314	0.00815
23	0.01685	0.18822	0.12115	0.03732	0.08222	0.13613	0.14039	0.04008	0.05832	0.01897	0.01203	0.01467	0.00977	0.00786	0.03029	0.00218	0.06633	0.00532	0.00334	0.00856
24	0.04067	0.01596	0.02238	0.15923	0.34957	0.09040	0.04884	0.05850	0.03857	0.02102	0.01250	0.01608	0.01010	0.00658	0.00719	0.00200	0.05449	0.00567	0.03133	0.00894
25	0.00930	0.00622	0.00707	0.00717	0.00719	0.00620	0.00404	0.00937	0.00958	0.01277	0.02130	0.08707	0.02468	0.72652	0.03137	0.00604	0.00611	0.00995	0.00404	0.00400
26	0.01224	0.01131	0.01832	0.01602	0.04544	0.01198	0.16657	0.04768	0.03473	0.01955	0.05956	0.28411	0.05764	0.01283	0.01013	0.00239	0.14512	0.01125	0.00473	0.02839
27	0.01563	0.04454	0.07908	0.01253	0.03857	0.01255	0.01055	0.08464	0.15088	0.04694	0.01508	0.01590	0.01170	0.00610	0.00548	0.00146	0.00567	0.00489	0.00458	0.43321
28	0.00903	0.03841	0.05379	0.00880	0.01094	0.00735	0.00710	0.01186	0.04724	0.01892	0.14518	0.28610	0.30008	0.01577	0.00756	0.00227	0.00401	0.01367	0.00586	0.00607
29	0.01257	0.05174	0.01251	0.00970	0.01279	0.00894	0.03810	0.03514	0.04876	0.07587	0.21870	0.09875	0.15733	0.01122	0.00669	0.00189	0.00437	0.00967	0.05535	0.12991

[dist]
# distance from previous block
# <min> <max>
2	22

[block]
# block no. 3 follows, 34 sequences, length 9
# corresponding to MSA columns:
# 317-325
name=unknown_D
#
# <colnr> <probs for GDERKNQSTAVLIFYWHMCP>
#	G	D	E	R	K	N	Q	S	T	A	V	L	I	F	Y	W	H	M	C	P
0	0.12861	0.30036	0.08472	0.01255	0.01730	0.08335	0.02948	0.05574	0.05529	0.05687	0.01530	0.04298	0.04600	0.00748	0.00595	0.00182	0.03858	0.00538	0.00395	0.00825
1	0.00785	0.00572	0.00739	0.00873	0.00930	0.00527	0.00588	0.00903	0.01263	0.01660	0.03890	0.69093	0.11839	0.01982	0.00818	0.00258	0.00370	0.01785	0.00600	0.00527
2	0.01619	0.01363	0.03924	0.04096	0.12657	0.04199	0.08486	0.08740	0.10854	0.10225	0.09681	0.14256	0.02261	0.00997	0.00751	0.00215	0.03398	0.00882	0.00533	0.00864
3	0.02414	0.03079	0.01831	0.01665	0.01998	0.74698	0.01248	0.02580	0.01831	0.01581	0.00999	0.01165	0.00832	0.00666	0.00583	0.00166	0.01165	0.00416	0.00333	0.00749
4	0.01445	0.01209	0.01402	0.01252	0.01534	0.06900	0.06475	0.04569	0.23585	0.07140	0.09479	0.22933	0.06886	0.01223	0.00721	0.00223	0.00552	0.01077	0.00601	0.00795
5	0.01964	0.01547	0.01709	0.06517	0.01941	0.07379	0.01187	0.35107	0.02156	0.06918	0.01692	0.06429	0.01434	0.01304	0.07730	0.00291	0.09117	0.04152	0.00532	0.00893
6	0.01146	0.09276	0.01378	0.01184	0.05337	0.01096	0.00846	0.01385	0.05944	0.01543	0.01685	0.05465	0.01667	0.17022	0.28725	0.09089	0.05523	0.00721	0.00366	0.00601
7	0.00932	0.00657	0.00862	0.00862	0.00916	0.00712	0.00587	0.01040	0.00986	0.01369	0.01892	0.03434	0.02004	0.43238	0.36871	0.00820	0.01145	0.00823	0.00370	0.00479
8	0.03949	0.02254	0.29695	0.07074	0.07605	0.05739	0.13995	0.02222	0.05498	0.09928	0.01394	0.01606	0.01015	0.00665	0.00716	0.00209	0.04575	0.00572	0.00374	0.00917

[dist]
# distance from previous block
# <min> <max>
0	1

[block]
# block no. 4 follows, 34 sequences, length 6
# corresponding to MSA columns:
# 327-332
name=unknown_E
#
# <colnr> <probs for GDERKNQSTAVLIFYWHMCP>
#	G	D	E	R	K	N	Q	S	T	A	V	L	I	F	Y	W	H	M	C	P
0	0.01467	0.01186	0.01249	0.01127	0.01428	0.05831	0.00855	0.07938	0.22077	0.06206	0.07093	0.23034	0.04973	0.01170	0.00684	0.00207	0.00511	0.01004	0.00593	0.11367
1	0.04954	0.08266	0.01883	0.01424	0.06361	0.01354	0.07898	0.15774	0.01786	0.08861	0.06589	0.02123	0.07486	0.00746	0.00600	0.00169	0.00607	0.00628	0.00495	0.21995
2	0.05930	0.22096	0.08768	0.01512	0.07202	0.13802	0.01257	0.14922	0.01731	0.02267	0.01126	0.01277	0.00908	0.00610	0.00530	0.00159	0.00757	0.00437	0.00382	0.14326
3	0.33224	0.13986	0.01517	0.01060	0.01431	0.14368	0.00863	0.02007	0.06202	0.02252	0.01354	0.07702	0.01211	0.00748	0.00495	0.00182	0.00624	0.00532	0.05772	0.04467
4	0.01586	0.06454	0.09060	0.11647	0.17616	0.10035	0.09735	0.06652	0.07475	0.02132	0.05995	0.02039	0.05275	0.00736	0.00648	0.00197	0.00800	0.00648	0.00400	0.00869
5	0.01022	0.01044	0.07136	0.01002	0.01208	0.05524	0.00828	0.01272	0.01369	0.01835	0.19881	0.08292	0.11750	0.09947	0.24432	0.00513	0.00907	0.00955	0.00481	0.00603

[dist]
# distance from previous block
# <min> <max>
0	2

[block]
# block no. 5 follows, 34 sequences, length 29
# corresponding to MSA columns:
# 335-363
name=unknown_F
#
# <colnr> <probs for GDERKNQSTAVLIFYWHMCP>
#	G	D	E	R	K	N	Q	S	T	A	V	L	I	F	Y	W	H	M	C	P
0	0.01489	0.02209	0.27425	0.05877	0.14261	0.01542	0.31181	0.02064	0.01461	0.04355	0.01275	0.01604	0.00946	0.00586	0.00683	0.00209	0.00965	0.00623	0.00321	0.00924
1	0.02050	0.01639	0.01922	0.05174	0.10185	0.05626	0.03603	0.35889	0.06782	0.06388	0.01532	0.01646	0.01142	0.00850	0.03241	0.00214	0.00751	0.00572	0.00531	0.10262
2	0.00905	0.00660	0.00850	0.00803	0.00959	0.00606	0.00602	0.01200	0.01806	0.02536	0.68618	0.04917	0.10433	0.01341	0.00762	0.00204	0.00306	0.01181	0.00704	0.00606
3	0.02709	0.01257	0.01526	0.01193	0.01665	0.05066	0.00975	0.10174	0.01973	0.58234	0.06506	0.02229	0.01770	0.00821	0.00652	0.00198	0.00586	0.00660	0.00753	0.01052
4	0.01063	0.00740	0.00925	0.00898	0.01090	0.00699	0.00699	0.01429	0.06223	0.06506	0.39573	0.08442	0.16470	0.01416	0.00771	0.00223	0.00382	0.11132	0.00672	0.00648
5	0.01726	0.01127	0.01297	0.01104	0.01450	0.01162	0.00873	0.13008	0.21388	0.17073	0.19955	0.03297	0.11658	0.01048	0.00693	0.00207	0.00477	0.00877	0.00690	0.00890
6	0.02101	0.01716	0.01888	0.01780	0.11783	0.06087	0.01268	0.40931	0.16834	0.03316	0.04450	0.01838	0.01444	0.00783	0.00648	0.00198	0.00689	0.00624	0.00587	0.01033
7	0.00782	0.00641	0.00690	0.00709	0.00892	0.00549	0.00520	0.00952	0.01471	0.01815	0.12691	0.17151	0.55565	0.01666	0.00773	0.00224	0.00332	0.01418	0.00611	0.00549
8	0.02414	0.03079	0.01831	0.01665	0.01998	0.74698	0.01248	0.02580	0.01831	0.01581	0.00999	0.01165	0.00832	0.00666	0.00583	0.00166	0.01165	0.00416	0.00333	0.00749
9	0.01204	0.00602	0.00602	0.00602	0.00753	0.00602	0.00452	0.01506	0.01355	0.02409	0.02108	0.02409	0.01656	0.00753	0.00452	0.00151	0.00301	0.00602	0.80879	0.00602
10	0.00764	0.00655	0.00655	0.00655	0.00873	0.00545	0.00491	0.00927	0.01473	0.01745	0.06546	0.06218	0.73000	0.01636	0.00764	0.00218	0.00327	0.01364	0.00600	0.00545
11	0.02761	0.01210	0.01555	0.01204	0.01698	0.01128	0.00991	0.12070	0.06328	0.60216	0.02423	0.02127	0.01557	0.00801	0.00650	0.00200	0.00569	0.00646	0.00771	0.01095
12	0.00793	0.00593	0.00729	0.00825	0.00914	0.00538	0.00565	0.00925	0.01318	0.01709	0.07864	0.52314	0.22073	0.04542	0.00893	0.00261	0.00368	0.01648	0.00598	0.00530
13	0.05682	0.01932	0.01833	0.13310	0.08398	0.23719	0.01317	0.17404	0.08463	0.09539	0.01463	0.01587	0.01088	0.00709	0.00617	0.00192	0.00833	0.00540	0.00472	0.00902
14	0.01660	0.25201	0.16694	0.12973	0.12776	0.12949	0.01623	0.03652	0.01454	0.01801	0.01063	0.01328	0.00868	0.00621	0.00600	0.00180	0.02939	0.00462	0.00301	0.00856
15	0.01552	0.01226	0.04166	0.01018	0.01596	0.00898	0.00853	0.01851	0.01411	0.11902	0.01341	0.01458	0.01040	0.00528	0.00507	0.00114	0.00507	0.00423	0.00436	0.67174
16	0.01949	0.02425	0.31537	0.01627	0.02318	0.01783	0.01698	0.40335	0.04766	0.03191	0.01428	0.01504	0.01014	0.00713	0.00633	0.00199	0.00804	0.00544	0.00493	0.01037
17	0.01955	0.01468	0.01740	0.01401	0.01799	0.01627	0.04885	0.35476	0.14973	0.06381	0.05602	0.02027	0.01592	0.01071	0.05102	0.00253	0.05225	0.00660	0.05802	0.00960
18	0.00778	0.00649	0.00679	0.00685	0.00885	0.00549	0.00509	0.00950	0.01487	0.01811	0.11978	0.11039	0.62510	0.01637	0.00768	0.00220	0.00329	0.01380	0.00609	0.00549
19	0.00968	0.00616	0.00726	0.00726	0.00726	0.00616	0.00418	0.00924	0.00924	0.01232	0.01893	0.03874	0.02157	0.65533	0.03169	0.13252	0.00616	0.00880	0.00374	0.00374
20	0.02085	0.02008	0.02356	0.01852	0.02309	0.22492	0.21338	0.13256	0.08489	0.10573	0.01499	0.01644	0.01114	0.00711	0.00750	0.00201	0.05350	0.00608	0.00462	0.00903
21	0.01528	0.01480	0.02573	0.16494	0.57063	0.01524	0.06012	0.01930	0.01443	0.02028	0.01209	0.01629	0.00992	0.00586	0.00648	0.00198	0.00803	0.00586	0.00315	0.00961
22	0.00766	0.00645	0.00664	0.00680	0.00879	0.00543	0.00502	0.00924	0.01448	0.01736	0.06235	0.13561	0.65857	0.01677	0.00770	0.00223	0.00332	0.01413	0.00600	0.00543
23	0.01046	0.00854	0.01177	0.01112	0.01182	0.01040	0.00858	0.01214	0.01079	0.01564	0.04346	0.07538	0.04649	0.14093	0.32771	0.00643	0.20477	0.00811	0.02968	0.00580
24	0.01546	0.14167	0.22732	0.04595	0.02134	0.11185	0.03731	0.05860	0.07010	0.01967	0.01542	0.08835	0.01388	0.00940	0.02314	0.00222	0.05506	0.03116	0.00380	0.00831
25	0.02123	0.02042	0.14748	0.01731	0.02345	0.01823	0.12340	0.45975	0.02469	0.05759	0.01479	0.01571	0.01048	0.00712	0.00659	0.00200	0.00807	0.00594	0.00536	0.01038
26	0.00946	0.00662	0.00763	0.00783	0.00835	0.00649	0.00490	0.03839	0.01155	0.01520	0.02846	0.23233	0.09582	0.47245	0.02295	0.00474	0.00536	0.01199	0.00476	0.00470
27	0.04611	0.01324	0.01624	0.01387	0.04151	0.06638	0.07642	0.14646	0.04656	0.14564	0.18725	0.04787	0.02485	0.00918	0.00714	0.00201	0.03154	0.00774	0.06149	0.00850
28	0.01890	0.12851	0.05730	0.02106	0.22328	0.13340	0.01411	0.14798	0.05672	0.05575	0.04062	0.01804	0.04210	0.00722	0.00609	0.00184	0.00760	0.00578	0.00439	0.00931

[dist]
# distance from previous block
# <min> <max>
2	10

[block]
# block no. 6 follows, 34 sequences, length 18
# corresponding to MSA columns:
# 374-391
name=unknown_G
#
# <colnr> <probs for GDERKNQSTAVLIFYWHMCP>
#	G	D	E	R	K	N	Q	S	T	A	V	L	I	F	Y	W	H	M	C	P
0	0.11497	0.05343	0.01683	0.04514	0.06333	0.10258	0.01114	0.11955	0.15237	0.09123	0.03544	0.01767	0.01344	0.00765	0.00700	0.00197	0.06366	0.00566	0.04204	0.03490
1	0.10577	0.08239	0.04111	0.14290	0.15305	0.01450	0.03558	0.04188	0.07211	0.06439	0.03397	0.07608	0.01523	0.00993	0.03733	0.00243	0.03159	0.02724	0.00425	0.00828
2	0.05831	0.01366	0.04187	0.01403	0.01884	0.01267	0.11991	0.13722	0.07259	0.16623	0.04616	0.02388	0.03906	0.03259	0.00733	0.00207	0.00647	0.04418	0.00550	0.13744
3	0.01158	0.00756	0.00913	0.00830	0.01040	0.00710	0.00636	0.05750	0.01797	0.07461	0.44992	0.04389	0.15663	0.01237	0.00712	0.00199	0.00351	0.01063	0.09681	0.00663
4	0.01615	0.10046	0.02338	0.25175	0.29478	0.05323	0.01671	0.08553	0.03840	0.02069	0.01216	0.01569	0.00976	0.00643	0.00655	0.00195	0.02851	0.00547	0.00347	0.00893
5	0.01982	0.01804	0.01657	0.01424	0.01825	0.14724	0.01119	0.21707	0.40787	0.02876	0.02046	0.01955	0.01532	0.00812	0.00641	0.00203	0.00682	0.00634	0.00597	0.00995
6	0.01359	0.00821	0.01098	0.01108	0.01332	0.00789	0.00939	0.03914	0.01645	0.13897	0.13020	0.05854	0.07866	0.01516	0.00818	0.00260	0.00535	0.41888	0.00647	0.00694
7	0.05640	0.18993	0.07239	0.01875	0.14387	0.01737	0.07855	0.11460	0.03680	0.03957	0.01505	0.10395	0.01371	0.00826	0.00718	0.00200	0.06203	0.00679	0.00409	0.00874
8	0.05738	0.35568	0.04563	0.01496	0.01967	0.05784	0.11556	0.06311	0.05906	0.03685	0.01154	0.01353	0.00955	0.00677	0.00739	0.00185	0.10673	0.00490	0.00353	0.00847
9	0.00787	0.00562	0.00750	0.00900	0.00937	0.00525	0.00600	0.00900	0.01237	0.01649	0.03561	0.76871	0.04274	0.02024	0.00825	0.00262	0.00375	0.01837	0.00600	0.00525
10	0.01569	0.01803	0.07903	0.02872	0.17951	0.01622	0.48905	0.05231	0.01573	0.02169	0.01290	0.01680	0.00985	0.00566	0.00722	0.00210	0.00996	0.00697	0.00337	0.00919
11	0.03434	0.04378	0.15491	0.11839	0.08703	0.04640	0.13176	0.10047	0.15634	0.03963	0.01534	0.01717	0.01145	0.00678	0.00646	0.00205	0.00814	0.00603	0.00423	0.00930
12	0.00939	0.00630	0.00724	0.00724	0.00730	0.00637	0.00415	0.00952	0.00945	0.01267	0.02019	0.04133	0.02308	0.73193	0.07331	0.00650	0.00689	0.00926	0.00389	0.00402
13	0.00978	0.00656	0.00830	0.00926	0.01036	0.00639	0.00721	0.01189	0.01341	0.01859	0.03284	0.23009	0.08042	0.10010	0.01055	0.00294	0.00475	0.28463	0.14639	0.00553
14	0.01370	0.02334	0.37519	0.10751	0.20195	0.01466	0.05239	0.02001	0.04320	0.02038	0.01378	0.01887	0.01107	0.00688	0.00650	0.00210	0.00864	0.04739	0.00324	0.00922
15	0.01823	0.01464	0.01812	0.08148	0.10097	0.04266	0.04641	0.28862	0.04985	0.04987	0.01859	0.10133	0.03268	0.00868	0.00652	0.00196	0.00673	0.00736	0.03509	0.07020
16	0.01166	0.01013	0.01514	0.01678	0.13872	0.01208	0.01118	0.01375	0.01091	0.01593	0.01454	0.02284	0.01403	0.11425	0.35391	0.00654	0.20095	0.00668	0.00331	0.00667
17	0.01775	0.05747	0.03554	0.05008	0.03210	0.01460	0.01108	0.20310	0.03922	0.07241	0.01349	0.01500	0.01042	0.00674	0.00717	0.00164	0.08232	0.00496	0.00464	0.32027

[dist]
# distance from previous block
# <min> <max>
0	1

[block]
# block no. 7 follows, 34 sequences, length 19
# corresponding to MSA columns:
# 393-411
name=unknown_H
#
# <colnr> <probs for GDERKNQSTAVLIFYWHMCP>
#	G	D	E	R	K	N	Q	S	T	A	V	L	I	F	Y	W	H	M	C	P
0	0.01825	0.15762	0.11087	0.05279	0.13015	0.15528	0.05603	0.10934	0.10777	0.02196	0.01337	0.01500	0.01049	0.00658	0.00596	0.00185	0.00835	0.00524	0.00392	0.00915
1	0.01495	0.01279	0.01388	0.03479	0.01669	0.01462	0.00996	0.03057	0.59929	0.02603	0.07930	0.02864	0.04984	0.00959	0.00676	0.00220	0.00502	0.02909	0.00646	0.00952
2	0.05888	0.01368	0.01540	0.01321	0.01681	0.01561	0.01055	0.08462	0.42741	0.14919	0.02238	0.02123	0.01645	0.00871	0.00812	0.00220	0.09276	0.00667	0.00625	0.00989
3	0.00940	0.00626	0.00705	0.00705	0.00705	0.00626	0.00392	0.00940	0.00940	0.01253	0.02036	0.04228	0.02349	0.77292	0.03289	0.00626	0.00626	0.00940	0.00392	0.00392
4	0.00873	0.00647	0.00781	0.00782	0.00939	0.00585	0.00584	0.01110	0.01607	0.02179	0.37556	0.14547	0.25511	0.01497	0.00761	0.00217	0.00333	0.04199	0.04713	0.00579
5	0.00906	0.00661	0.00838	0.00805	0.00954	0.00610	0.00601	0.01174	0.01713	0.02376	0.57633	0.05046	0.12935	0.06716	0.00946	0.00239	0.00343	0.04246	0.00672	0.00587
6	0.00851	0.00655	0.00761	0.00736	0.00905	0.00583	0.00541	0.01071	0.01605	0.02120	0.38641	0.05380	0.34678	0.07490	0.00963	0.00243	0.00340	0.01235	0.00638	0.00565
7	0.00787	0.00562	0.00750	0.00900	0.00937	0.00525	0.00600	0.00900	0.01237	0.01649	0.03561	0.76871	0.04274	0.02024	0.00825	0.00262	0.00375	0.01837	0.00600	0.00525
8	0.01727	0.77681	0.03386	0.01106	0.01658	0.02557	0.01106	0.01935	0.01313	0.01520	0.00898	0.01036	0.00829	0.00553	0.00415	0.00138	0.00691	0.00345	0.00276	0.00829
9	0.01296	0.03342	0.73944	0.01842	0.02797	0.01501	0.02387	0.02046	0.01364	0.02046	0.01160	0.01364	0.00818	0.00614	0.00614	0.00205	0.00955	0.00477	0.00273	0.00955
10	0.00972	0.00703	0.00956	0.01093	0.01227	0.00687	0.00915	0.01224	0.01440	0.01866	0.03705	0.19946	0.09547	0.01816	0.00869	0.00285	0.00533	0.51042	0.00596	0.00578
11	0.01727	0.77681	0.03386	0.01106	0.01658	0.02557	0.01106	0.01935	0.01313	0.01520	0.00898	0.01036	0.00829	0.00553	0.00415	0.00138	0.00691	0.00345	0.00276	0.00829
12	0.01622	0.01615	0.02484	0.11776	0.59939	0.07334	0.01904	0.01993	0.01480	0.02018	0.01191	0.01578	0.00990	0.00591	0.00636	0.00192	0.00810	0.00563	0.00317	0.00968
13	0.00787	0.00562	0.00750	0.00900	0.00937	0.00525	0.00600	0.00900	0.01237	0.01649	0.03561	0.76871	0.04274	0.02024	0.00825	0.00262	0.00375	0.01837	0.00600	0.00525
14	0.01022	0.00711	0.00886	0.00880	0.01040	0.00674	0.00644	0.01368	0.07184	0.06132	0.34115	0.27153	0.12688	0.01513	0.00767	0.00225	0.00359	0.01336	0.00664	0.00636
15	0.04875	0.01696	0.01809	0.09691	0.07057	0.15691	0.01323	0.06004	0.15557	0.02029	0.01366	0.01647	0.01121	0.00999	0.03867	0.00254	0.23228	0.00569	0.00397	0.00818
16	0.08874	0.01579	0.01765	0.01429	0.01872	0.05633	0.05995	0.34405	0.09244	0.07827	0.01850	0.04069	0.01503	0.00875	0.00656	0.00207	0.00687	0.07585	0.00583	0.03362
17	0.05384	0.02149	0.01765	0.03548	0.04377	0.30664	0.01203	0.20425	0.16228	0.05626	0.01544	0.01585	0.01166	0.00736	0.00613	0.00189	0.00842	0.00539	0.00500	0.00916
18	0.05079	0.01159	0.01503	0.01296	0.01612	0.01220	0.09059	0.11321	0.21122	0.04852	0.04908	0.22257	0.07584	0.01277	0.02483	0.00245	0.00580	0.01046	0.00585	0.00813

[dist]
# distance from previous block
# <min> <max>
0	6

[block]
# block no. 8 follows, 34 sequences, length 74
# corresponding to MSA columns:
# 418-491
name=unknown_I
#
# <colnr> <probs for GDERKNQSTAVLIFYWHMCP>
#	G	D	E	R	K	N	Q	S	T	A	V	L	I	F	Y	W	H	M	C	P
0	0.02016	0.05663	0.08843	0.01721	0.02209	0.27336	0.14332	0.13060	0.04162	0.06730	0.06490	0.01715	0.01365	0.00713	0.00641	0.00189	0.00918	0.00588	0.00440	0.00870
1	0.05120	0.47140	0.11482	0.01248	0.01761	0.06528	0.01233	0.05600	0.01400	0.01781	0.01106	0.03993	0.01017	0.03421	0.00669	0.00183	0.04717	0.00466	0.00321	0.00815
2	0.01827	0.01323	0.01466	0.01255	0.01635	0.01453	0.00992	0.14228	0.42093	0.12347	0.11761	0.02562	0.02326	0.00909	0.00668	0.00210	0.00522	0.00753	0.00682	0.00991
3	0.01917	0.02091	0.03986	0.01677	0.02051	0.27446	0.12075	0.14181	0.07002	0.02175	0.01604	0.01880	0.04947	0.04832	0.00948	0.00224	0.09103	0.00619	0.00421	0.00820
4	0.02591	0.01392	0.01704	0.01396	0.04847	0.01393	0.01095	0.30763	0.02317	0.39649	0.04621	0.02004	0.01532	0.00799	0.00652	0.00197	0.00616	0.00638	0.00713	0.01078
5	0.01505	0.01288	0.01409	0.04606	0.01717	0.01477	0.01007	0.03082	0.60302	0.02642	0.11168	0.02675	0.02427	0.00921	0.00670	0.00217	0.00502	0.00777	0.00647	0.00958
6	0.01461	0.01394	0.02373	0.30174	0.48135	0.01499	0.01914	0.01862	0.01406	0.01943	0.01191	0.01644	0.00964	0.00601	0.00642	0.00200	0.00802	0.00575	0.00308	0.00912
7	0.01106	0.00964	0.01103	0.01084	0.03646	0.01026	0.00806	0.01742	0.20863	0.02047	0.07957	0.06578	0.36327	0.01339	0.00875	0.00227	0.08173	0.02845	0.00579	0.00713
8	0.00766	0.00644	0.00665	0.00681	0.00880	0.00543	0.00503	0.00924	0.01447	0.01735	0.06220	0.13928	0.65500	0.01679	0.00770	0.00223	0.00332	0.01415	0.00600	0.00543
9	0.00900	0.00616	0.00737	0.00766	0.00796	0.00600	0.00471	0.00969	0.01132	0.01531	0.12134	0.21565	0.03321	0.48980	0.02356	0.00482	0.00523	0.01184	0.00485	0.00453
10	0.01457	0.23524	0.51934	0.01635	0.02456	0.04676	0.01994	0.02037	0.01369	0.01885	0.01082	0.01267	0.00822	0.00599	0.00559	0.00185	0.00892	0.00439	0.00276	0.00913
11	0.00787	0.00562	0.00750	0.00900	0.00937	0.00525	0.00600	0.00900	0.01237	0.01649	0.03561	0.76871	0.04274	0.02024	0.00825	0.00262	0.00375	0.01837	0.00600	0.00525
12	0.00940	0.00626	0.00705	0.00705	0.00705	0.00626	0.00392	0.00940	0.00940	0.01253	0.02036	0.04228	0.02349	0.77292	0.03289	0.00626	0.00626	0.00940	0.00392	0.00392
13	0.00799	0.00575	0.00760	0.00904	0.00955	0.00536	0.00617	0.00923	0.01259	0.01667	0.03672	0.70631	0.06958	0.01997	0.00826	0.00262	0.00384	0.05146	0.00600	0.00529
14	0.00808	0.00577	0.00774	0.00923	0.00970	0.00543	0.00636	0.00936	0.01258	0.01673	0.03550	0.71177	0.04228	0.02005	0.00830	0.00265	0.00393	0.07326	0.00599	0.00531
15	0.02873	0.01142	0.01526	0.01170	0.01670	0.01012	0.00966	0.07173	0.01920	0.69586	0.02490	0.02161	0.01570	0.00798	0.00650	0.00200	0.00559	0.00646	0.00791	0.01100
16	0.01525	0.01460	0.02489	0.17945	0.59859	0.01516	0.01946	0.01918	0.01436	0.02021	0.01202	0.01623	0.00992	0.00589	0.00641	0.00196	0.00786	0.00575	0.00313	0.00964
17	0.00936	0.00995	0.09417	0.03900	0.01458	0.00760	0.04617	0.01187	0.01327	0.01787	0.05501	0.48157	0.05785	0.01667	0.00795	0.00253	0.00521	0.09787	0.00539	0.00612
18	0.01335	0.01148	0.01362	0.03726	0.01639	0.00883	0.00804	0.01628	0.01338	0.02089	0.01148	0.01354	0.00953	0.00485	0.00485	0.00100	0.00493	0.00390	0.00379	0.78261
19	0.07740	0.08967	0.03878	0.01512	0.04699	0.03607	0.03105	0.31336	0.15675	0.02973	0.01567	0.01685	0.01207	0.02778	0.00787	0.00212	0.06212	0.00577	0.00523	0.00961
20	0.00969	0.00719	0.00833	0.00811	0.01006	0.00662	0.00604	0.01303	0.07005	0.05038	0.27448	0.14940	0.33283	0.01493	0.00759	0.00219	0.00350	0.01286	0.00649	0.00623
21	0.01928	0.02111	0.01946	0.28222	0.08644	0.33770	0.01500	0.10590	0.01758	0.01954	0.01137	0.01446	0.00891	0.00665	0.00618	0.00189	0.00969	0.00506	0.00354	0.00803
22	0.00916	0.00622	0.00729	0.00744	0.00766	0.00611	0.00445	0.00966	0.01083	0.01461	0.10403	0.14210	0.03043	0.58277	0.02662	0.00528	0.00555	0.01088	0.00457	0.00435
23	0.01207	0.00894	0.01037	0.00988	0.01213	0.00916	0.00742	0.01924	0.23672	0.06716	0.22539	0.19624	0.13250	0.01344	0.00736	0.00223	0.00403	0.01170	0.00661	0.00742
24	0.00806	0.00580	0.00766	0.00894	0.00952	0.00540	0.00613	0.00942	0.01301	0.01737	0.09136	0.66121	0.06886	0.01946	0.00820	0.00257	0.00376	0.04185	0.00608	0.00535
25	0.00792	0.00647	0.00700	0.00705	0.00895	0.00555	0.00522	0.00976	0.01513	0.01885	0.17924	0.12526	0.54877	0.01617	0.00769	0.00220	0.00328	0.01373	0.00620	0.00555
26	0.81856	0.01250	0.00950	0.00850	0.01250	0.01449	0.00700	0.01899	0.01100	0.02899	0.00900	0.01050	0.00700	0.00600	0.00400	0.00200	0.00500	0.00350	0.00400	0.00700
27	0.00806	0.00666	0.00713	0.00728	0.00935	0.00573	0.00565	0.00993	0.01493	0.01813	0.09671	0.06276	0.60982	0.01638	0.00779	0.00227	0.00359	0.09623	0.00605	0.00555
28	0.02876	0.01137	0.01523	0.01167	0.01668	0.01005	0.00964	0.06740	0.01912	0.70029	0.02496	0.02165	0.01573	0.00798	0.00650	0.00200	0.00558	0.00646	0.00792	0.01100
29	0.02414	0.03079	0.01831	0.01665	0.01998	0.74698	0.01248	0.02580	0.01831	0.01581	0.00999	0.01165	0.00832	0.00666	0.00583	0.00166	0.01165	0.00416	0.00333	0.00749
30	0.02456	0.01810	0.01939	0.01487	0.02004	0.02004	0.01228	0.71107	0.03038	0.04072	0.01551	0.01551	0.01099	0.00776	0.00646	0.00194	0.00711	0.00582	0.00646	0.01099
31	0.00796	0.00581	0.00752	0.00885	0.00948	0.00537	0.00607	0.00923	0.01275	0.01673	0.03898	0.65604	0.12159	0.01969	0.00821	0.00259	0.00379	0.04804	0.00600	0.00530
32	0.01727	0.77681	0.03386	0.01106	0.01658	0.02557	0.01106	0.01935	0.01313	0.01520	0.00898	0.01036	0.00829	0.00553	0.00415	0.00138	0.00691	0.00345	0.00276	0.00829
33	0.00970	0.00701	0.00954	0.01092	0.01224	0.00685	0.00912	0.01220	0.01436	0.01863	0.03678	0.21252	0.08897	0.01822	0.00869	0.00285	0.00531	0.50437	0.00596	0.00577
34	0.01597	0.01532	0.02577	0.03705	0.64760	0.01545	0.04656	0.02102	0.07110	0.02157	0.01332	0.01670	0.01097	0.00598	0.00646	0.00195	0.00760	0.00596	0.00347	0.01017
35	0.01712	0.75002	0.05929	0.01132	0.01699	0.02519	0.01152	0.01939	0.01315	0.01539	0.00908	0.01048	0.00829	0.00555	0.00422	0.00141	0.00701	0.00350	0.00276	0.00834
36	0.01250	0.01179	0.01992	0.70045	0.09909	0.01443	0.01809	0.01677	0.01306	0.01687	0.01154	0.01713	0.00874	0.00640	0.00645	0.00213	0.00854	0.00574	0.00290	0.00742
37	0.00927	0.00624	0.00719	0.00727	0.00741	0.00618	0.00423	0.00957	0.01026	0.01378	0.07260	0.09594	0.02760	0.66298	0.02926	0.00569	0.00585	0.01022	0.00430	0.00417
38	0.00787	0.00562	0.00750	0.00900	0.00937	0.00525	0.00600	0.00900	0.01237	0.01649	0.03561	0.76871	0.04274	0.02024	0.00825	0.00262	0.00375	0.01837	0.00600	0.00525
39	0.02344	0.02014	0.01806	0.01481	0.01927	0.20218	0.01181	0.38420	0.13438	0.08163	0.01651	0.01634	0.01203	0.00765	0.00632	0.00191	0.00783	0.00568	0.00580	0.00999
40	0.04686	0.01153	0.01896	0.72520	0.04313	0.01436	0.01747	0.01662	0.01284	0.01705	0.01138	0.01694	0.00854	0.00644	0.00635	0.00215	0.00846	0.00565	0.00292	0.00717
41	0.00787	0.00562	0.00750	0.00900	0.00937	0.00525	0.00600	0.00900	0.01237	0.01649	0.03561	0.76871	0.04274	0.02024	0.00825	0.00262	0.00375	0.01837	0.00600	0.00525
42	0.02253	0.02696	0.01710	0.01569	0.01885	0.61621	0.01184	0.02492	0.04588	0.04491	0.01370	0.05532	0.01220	0.00802	0.00615	0.00181	0.01047	0.03599	0.00390	0.00755
43	0.00854	0.00612	0.00797	0.00923	0.00980	0.00584	0.00625	0.03701	0.01309	0.01746	0.03481	0.73866	0.04147	0.01974	0.00818	0.00260	0.00388	0.01787	0.00602	0.00548
44	0.01608	0.03543	0.05145	0.36671	0.09006	0.06558	0.12181	0.05622	0.01513	0.07974	0.01293	0.01668	0.00962	0.00656	0.00692	0.00207	0.02920	0.00589	0.00360	0.00832
45	0.03715	0.01624	0.02867	0.11165	0.13510	0.03751	0.35291	0.07901	0.05335	0.02238	0.01337	0.01681	0.01022	0.00600	0.00685	0.00203	0.00906	0.00654	0.00371	0.05142
46	0.07680	0.45229	0.28474	0.01350	0.02035	0.02094	0.01534	0.01972	0.01315	0.01814	0.00992	0.01155	0.00815	0.00578	0.00485	0.00167	0.00771	0.00393	0.00285	0.00864
47	0.00808	0.00571	0.00744	0.00873	0.00905	0.00539	0.00571	0.00905	0.01196	0.01595	0.03352	0.66893	0.04009	0.12362	0.01163	0.00312	0.00409	0.01714	0.00571	0.00507
48	0.00816	0.00583	0.00780	0.00915	0.00969	0.00548	0.00634	0.00957	0.01300	0.01741	0.08761	0.66251	0.04369	0.01954	0.00825	0.00261	0.00386	0.06807	0.00608	0.00536
49	0.01340	0.01148	0.01340	0.00957	0.01531	0.00861	0.00766	0.01627	0.01340	0.02105	0.01148	0.01340	0.00957	0.00479	0.00479	0.00096	0.00479	0.00383	0.00383	0.81242
50	0.01491	0.03891	0.13283	0.11029	0.33898	0.01590	0.18062	0.01956	0.01422	0.02000	0.01196	0.01588	0.00952	0.00606	0.00726	0.00205	0.04273	0.00598	0.00308	0.00925
51	0.01420	0.01204	0.01293	0.01175	0.01492	0.01350	0.00908	0.02850	0.54326	0.02603	0.14765	0.03138	0.08667	0.01015	0.00684	0.00216	0.00461	0.00858	0.00662	0.00913
52	0.00811	0.00642	0.00730	0.00738	0.00909	0.00561	0.00542	0.01007	0.01538	0.01974	0.25163	0.16889	0.42994	0.01606	0.00773	0.00221	0.00328	0.01382	0.00632	0.00561
53	0.01392	0.01314	0.01261	0.01145	0.01343	0.14988	0.00879	0.08632	0.01770	0.02276	0.31900	0.11395	0.07924	0.01215	0.00879	0.00212	0.09244	0.00981	0.00564	0.00684
54	0.00940	0.00626	0.00705	0.00705	0.00705	0.00626	0.00392	0.00940	0.00940	0.01253	0.02036	0.04228	0.02349	0.77292	0.03289	0.00626	0.00626	0.00940	0.00392	0.00392
55	0.01891	0.04271	0.02346	0.05024	0.04661	0.06996	0.19079	0.05277	0.01525	0.18553	0.01477	0.01733	0.01113	0.00989	0.04913	0.00263	0.17957	0.00625	0.00439	0.00870
56	0.01340	0.01148	0.01340	0.00957	0.01531	0.00861	0.00766	0.01627	0.01340	0.02105	0.01148	0.01340	0.00957	0.00479	0.00479	0.00096	0.00479	0.00383	0.00383	0.81242
57	0.00923	0.00692	0.01038	0.01038	0.01154	0.00808	0.00808	0.01154	0.01038	0.01500	0.01731	0.02538	0.01615	0.04846	0.74732	0.01038	0.01731	0.00692	0.00346	0.00577
58	0.02014	0.01836	0.01674	0.01433	0.01837	0.15659	0.01127	0.23434	0.38124	0.02897	0.01998	0.01917	0.01495	0.00806	0.00640	0.00202	0.00695	0.00626	0.00592	0.00993
59	0.02645	0.01357	0.01647	0.01259	0.01769	0.01322	0.01038	0.27414	0.02244	0.44388	0.02106	0.01915	0.01381	0.00772	0.00638	0.00191	0.00603	0.00609	0.00719	0.05981
60	0.01472	0.33687	0.45143	0.01541	0.02332	0.01932	0.01864	0.02001	0.01343	0.01832	0.01053	0.01230	0.00823	0.00589	0.00533	0.00178	0.00847	0.00424	0.00274	0.00904
61	0.01408	0.02557	0.39533	0.02274	0.03081	0.01566	0.36011	0.02058	0.01443	0.02058	0.01232	0.01550	0.00898	0.00580	0.00687	0.00211	0.01021	0.00617	0.00299	0.00914
62	0.01028	0.00734	0.01026	0.01175	0.01317	0.00732	0.01018	0.01315	0.01474	0.01919	0.03428	0.10966	0.03748	0.01798	0.00889	0.00296	0.00583	0.65368	0.00595	0.00591
63	0.01056	0.00745	0.00920	0.00884	0.00966	0.00800	0.00604	0.06658	0.01143	0.01566	0.01891	0.03424	0.01993	0.45901	0.27964	0.00735	0.01018	0.00825	0.00396	0.00513
64	0.01423	0.12914	0.51226	0.01880	0.02715	0.03837	0.13166	0.02051	0.01397	0.01967	0.01144	0.01376	0.00846	0.00596	0.00610	0.00197	0.00948	0.00504	0.00284	0.00919
65	0.00764	0.00655	0.00655	0.00655	0.00873	0.00545	0.00491	0.00927	0.01473	0.01745	0.06546	0.06218	0.73000	0.01636	0.00764	0.00218	0.00327	0.01364	0.00600	0.00545
66	0.00858	0.00658	0.00785	0.00753	0.00931	0.00586	0.00565	0.01110	0.01695	0.02273	0.47979	0.05350	0.31237	0.01439	0.00763	0.00209	0.00313	0.01242	0.00669	0.00586
67	0.01257	0.01071	0.01279	0.04104	0.07171	0.06229	0.01098	0.03992	0.08065	0.02030	0.03162	0.07201	0.09699	0.01442	0.00797	0.00257	0.00624	0.39276	0.00551	0.00694
68	0.04131	0.09047	0.06266	0.01842	0.05584	0.22501	0.14270	0.14102	0.01773	0.02213	0.01184	0.01426	0.00942	0.00693	0.00760	0.00193	0.08421	0.00534	0.03266	0.00853
69	0.01410	0.01342	0.02281	0.39801	0.38906	0.01485	0.01889	0.01817	0.01382	0.01881	0.01182	0.01661	0.00943	0.00611	0.00643	0.00204	0.00814	0.00575	0.00303	0.00871
70	0.00801	0.00593	0.00752	0.00866	0.00948	0.00544	0.00603	0.00940	0.01317	0.01718	0.06687	0.57112	0.17314	0.01912	0.00814	0.00254	0.00375	0.05312	0.00604	0.00536
71	0.04091	0.03848	0.02266	0.02386	0.26083	0.11673	0.05121	0.31349	0.02173	0.02872	0.01317	0.01499	0.01014	0.00671	0.00629	0.00189	0.00806	0.00555	0.00461	0.00997
72	0.03610	0.01228	0.01412	0.05800	0.04105	0.01332	0.01009	0.20178	0.19744	0.05271	0.05760	0.09943	0.10501	0.01072	0.00685	0.00215	0.00549	0.03932	0.02788	0.00866
73	0.00884	0.00645	0.00798	0.00830	0.00937	0.00604	0.00579	0.02763	0.01471	0.01980	0.26053	0.33574	0.14182	0.10376	0.01075	0.00277	0.00383	0.01421	0.00613	0.00554

[dist]
# distance from previous block
# <min> <max>
1	9

[block]
