[name]
unknown

[dist]
# distance from previous block
# <min> <max>
0	31

[block]
# block no. 0 follows, 34 sequences, length 44
# corresponding to MSA columns:
# 31-74
name=unknown_A
#
# <colnr> <probs for GDERKNQSTAVLIFYWHMCP>
#	G	D	E	R	K	N	Q	S	T	A	V	L	I	F	Y	W	H	M	C	P
0	0.01025	0.00674	0.00915	0.01034	0.01150	0.00651	0.00816	0.01239	0.01388	0.05265	0.03383	0.37582	0.03771	0.01798	0.00831	0.00271	0.00483	0.32978	0.04158	0.00588
1	0.03530	0.04512	0.42789	0.01879	0.05663	0.01449	0.12037	0.04749	0.01450	0.02121	0.01422	0.05730	0.01190	0.00731	0.00645	0.00206	0.00866	0.03865	0.00340	0.04826
2	0.01411	0.04145	0.28525	0.04267	0.03620	0.06243	0.01589	0.06288	0.01383	0.01943	0.01420	0.08583	0.01304	0.05922	0.01121	0.00247	0.16888	0.00662	0.03643	0.00796
3	0.00804	0.00656	0.00711	0.00697	0.00898	0.00563	0.00523	0.01006	0.01568	0.01972	0.24337	0.05845	0.55067	0.01552	0.00763	0.00214	0.00321	0.01311	0.00630	0.00563
4	0.01340	0.01148	0.01340	0.00957	0.01531	0.00861	0.00766	0.01627	0.01340	0.02105	0.01148	0.01340	0.00957	0.00479	0.00479	0.00096	0.00479	0.00383	0.00383	0.81242
5	0.01498	0.01126	0.01268	0.01117	0.01426	0.01210	0.00871	0.09512	0.32790	0.07306	0.26996	0.03327	0.06699	0.01051	0.00697	0.00210	0.00454	0.00892	0.00681	0.00870
6	0.00820	0.00589	0.00760	0.00856	0.00919	0.00549	0.00579	0.00958	0.01324	0.01780	0.15306	0.55080	0.07824	0.08220	0.01018	0.00281	0.00382	0.01625	0.00601	0.00529
7	0.01219	0.01032	0.01474	0.15453	0.01936	0.01287	0.01138	0.06303	0.01216	0.01727	0.01418	0.02154	0.01299	0.08112	0.30210	0.00582	0.19942	0.00647	0.02193	0.00660
8	0.01293	0.01097	0.01289	0.00947	0.01476	0.00833	0.00750	0.01573	0.01358	0.02107	0.04714	0.05109	0.01362	0.00593	0.00509	0.00109	0.00465	0.00490	0.00409	0.73516
9	0.01808	0.01488	0.01574	0.01356	0.01757	0.01701	0.01071	0.19453	0.55747	0.03027	0.02375	0.02207	0.01766	0.00853	0.00655	0.00213	0.00559	0.00695	0.00655	0.01041
10	0.03180	0.07389	0.36056	0.01722	0.07223	0.01428	0.05033	0.07087	0.03275	0.05264	0.03134	0.11767	0.02955	0.00855	0.00644	0.00207	0.00770	0.00722	0.00401	0.00887
11	0.01524	0.12185	0.43478	0.04880	0.05345	0.01707	0.09035	0.10472	0.01580	0.02217	0.01191	0.01408	0.00880	0.00619	0.00610	0.00196	0.00895	0.00510	0.00327	0.00941
12	0.01320	0.03172	0.66481	0.01935	0.02858	0.01515	0.09680	0.02049	0.01381	0.02049	0.01175	0.01404	0.00836	0.00607	0.00630	0.00206	0.00969	0.00508	0.00279	0.00946
13	0.00938	0.00634	0.00748	0.00779	0.00799	0.00631	0.00486	0.00982	0.01030	0.01367	0.02333	0.11091	0.02681	0.61779	0.02790	0.00556	0.00600	0.08915	0.00434	0.00427
14	0.01843	0.05965	0.19164	0.10873	0.10813	0.06635	0.04966	0.06892	0.01621	0.18020	0.01621	0.05965	0.01249	0.00744	0.00638	0.00200	0.00789	0.00627	0.00449	0.00926
15	0.01996	0.42576	0.02664	0.01370	0.01801	0.32540	0.01181	0.02183	0.01511	0.01547	0.00937	0.01110	0.00831	0.00631	0.00575	0.00158	0.04910	0.00387	0.00300	0.00789
16	0.01304	0.01111	0.01291	0.00937	0.01476	0.00841	0.00742	0.01576	0.01330	0.02060	0.01377	0.01626	0.03620	0.03422	0.00595	0.00120	0.00479	0.00439	0.00391	0.75264
17	0.00767	0.00641	0.00669	0.00691	0.00882	0.00542	0.00507	0.00923	0.01438	0.01731	0.06102	0.16716	0.62788	0.01694	0.00773	0.00225	0.00334	0.01434	0.00600	0.00542
18	0.20846	0.24511	0.17885	0.03301	0.01920	0.04474	0.01320	0.07026	0.01417	0.03924	0.01061	0.01229	0.00841	0.00630	0.00571	0.00181	0.04212	0.00420	0.00351	0.03878
19	0.00927	0.00676	0.00954	0.00954	0.01040	0.00762	0.00702	0.01099	0.01013	0.01437	0.01808	0.02967	0.01801	0.23223	0.56609	0.00934	0.01451	0.00755	0.00358	0.00530
20	0.00789	0.00572	0.00741	0.00874	0.00926	0.00529	0.00585	0.00903	0.01249	0.01647	0.03768	0.69132	0.09900	0.03964	0.00884	0.00268	0.00378	0.01774	0.00594	0.00523
21	0.02475	0.01838	0.01914	0.01480	0.01987	0.05435	0.01216	0.64676	0.02925	0.07182	0.01571	0.01563	0.01109	0.00772	0.00643	0.00193	0.00725	0.00577	0.00638	0.01082
22	0.01699	0.02064	0.13384	0.05362	0.09229	0.09096	0.32620	0.10995	0.04912	0.02288	0.01331	0.01620	0.01001	0.00619	0.00687	0.00205	0.00964	0.00636	0.00373	0.00915
23	0.01574	0.04869	0.01689	0.04475	0.01839	0.05328	0.05714	0.05730	0.01503	0.06613	0.01310	0.03311	0.01072	0.00580	0.00537	0.00132	0.00602	0.00482	0.00413	0.52227
24	0.01800	0.05328	0.06200	0.12240	0.19157	0.06543	0.01505	0.08703	0.03301	0.11886	0.03310	0.01697	0.01186	0.00749	0.00843	0.00205	0.11773	0.00573	0.00423	0.02577
25	0.00894	0.00667	0.00781	0.00762	0.00950	0.00588	0.00575	0.01120	0.01619	0.04048	0.33624	0.08950	0.37937	0.01507	0.00767	0.00216	0.00335	0.03422	0.00651	0.00588
26	0.01449	0.01387	0.02581	0.23224	0.23226	0.01424	0.22778	0.01873	0.01457	0.04674	0.04642	0.05526	0.01376	0.00699	0.00694	0.00211	0.00843	0.00724	0.00362	0.00852
27	0.01255	0.04304	0.02103	0.53431	0.09060	0.01419	0.07927	0.01653	0.01322	0.01718	0.01392	0.08974	0.01214	0.00761	0.00664	0.00215	0.00821	0.00704	0.00323	0.00740
28	0.00932	0.00649	0.00870	0.01034	0.04329	0.00601	0.00681	0.01075	0.01311	0.05212	0.03738	0.59831	0.11786	0.01847	0.00802	0.00252	0.00402	0.03470	0.00596	0.00580
29	0.81856	0.01250	0.00950	0.00850	0.01250	0.01449	0.00700	0.01899	0.01100	0.02899	0.00900	0.01050	0.00700	0.00600	0.00400	0.00200	0.00500	0.00350	0.00400	0.00700
30	0.01424	0.01343	0.01638	0.03705	0.12543	0.08918	0.01212	0.01713	0.04809	0.04512	0.04171	0.09131	0.11958	0.01152	0.01154	0.00236	0.24468	0.04736	0.00434	0.00742
31	0.01316	0.01373	0.04892	0.19672	0.20754	0.05172	0.07909	0.01705	0.02931	0.01939	0.08547	0.04362	0.12898	0.00885	0.00723	0.00209	0.02733	0.00790	0.00403	0.00787
32	0.00925	0.00686	0.01004	0.01004	0.01108	0.00789	0.00765	0.01132	0.01028	0.01475	0.01762	0.02711	0.01690	0.12251	0.67429	0.00996	0.01618	0.00718	0.00351	0.00558
33	0.81856	0.01250	0.00950	0.00850	0.01250	0.01449	0.00700	0.01899	0.01100	0.02899	0.00900	0.01050	0.00700	0.00600	0.00400	0.00200	0.00500	0.00350	0.00400	0.00700
34	0.01007	0.00724	0.00999	0.01142	0.01284	0.00716	0.00979	0.01283	0.01464	0.01901	0.03561	0.13478	0.06602	0.01800	0.00881	0.00291	0.00564	0.60141	0.00596	0.00587
35	0.00836	0.00645	0.00763	0.00760	0.00924	0.00572	0.00560	0.01058	0.01606	0.02123	0.36759	0.14796	0.33186	0.01542	0.00771	0.00217	0.00323	0.01335	0.00651	0.00572
36	0.01581	0.01517	0.02590	0.07402	0.69968	0.01530	0.01974	0.01967	0.01463	0.02089	0.01212	0.01605	0.01016	0.00579	0.00640	0.00193	0.00772	0.00576	0.00318	0.01009
37	0.00803	0.00604	0.00747	0.00844	0.00944	0.00548	0.00596	0.00952	0.01352	0.01751	0.08740	0.49311	0.22968	0.01862	0.00808	0.00249	0.00370	0.05407	0.00607	0.00540
38	0.00985	0.00716	0.00900	0.00913	0.04103	0.00644	0.00646	0.01244	0.01697	0.05518	0.44827	0.05024	0.27637	0.01369	0.00752	0.00207	0.00343	0.01183	0.00662	0.00629
39	0.01391	0.01186	0.01365	0.01002	0.01556	0.00956	0.00800	0.03491	0.07720	0.02207	0.01291	0.01441	0.01051	0.00521	0.00499	0.00109	0.00487	0.00419	0.00414	0.72092
40	0.01343	0.01161	0.01371	0.00993	0.01539	0.00915	0.00797	0.01623	0.01323	0.02079	0.01134	0.01343	0.00952	0.00510	0.00557	0.00105	0.04115	0.00392	0.00378	0.77370
41	0.03462	0.05268	0.18525	0.03535	0.12019	0.04128	0.14943	0.05707	0.01578	0.12640	0.01611	0.01777	0.03648	0.00662	0.00632	0.00192	0.00800	0.00596	0.02106	0.06171
42	0.33212	0.12808	0.04816	0.01166	0.01617	0.10321	0.01008	0.16025	0.04861	0.02672	0.01434	0.01514	0.04734	0.00705	0.00514	0.00188	0.00660	0.00481	0.00441	0.00823
43	0.00938	0.00628	0.00713	0.00710	0.00719	0.00626	0.00403	0.00955	0.00987	0.01324	0.05816	0.04260	0.02549	0.73241	0.03154	0.00604	0.00609	0.00952	0.00409	0.00403

[dist]
# distance from previous block
# <min> <max>
0	1

[block]
# block no. 1 follows, 34 sequences, length 47
# corresponding to MSA columns:
# 76-122
name=unknown_B
#
# <colnr> <probs for GDERKNQSTAVLIFYWHMCP>
#	G	D	E	R	K	N	Q	S	T	A	V	L	I	F	Y	W	H	M	C	P
0	0.01304	0.03605	0.01372	0.00971	0.01492	0.00911	0.00782	0.01582	0.01304	0.02016	0.01208	0.01469	0.01029	0.00987	0.09081	0.00206	0.00631	0.00417	0.00375	0.69258
1	0.01431	0.01424	0.07476	0.01242	0.05182	0.03425	0.01012	0.01749	0.01362	0.04030	0.01172	0.01376	0.00957	0.00541	0.00585	0.00124	0.04197	0.00417	0.00376	0.61924
2	0.00968	0.00701	0.00909	0.05418	0.01200	0.00709	0.00709	0.04918	0.01302	0.01728	0.02950	0.44401	0.03403	0.18559	0.01359	0.00340	0.00503	0.08838	0.00537	0.00547
3	0.04396	0.01611	0.01770	0.01518	0.05790	0.05261	0.01168	0.38892	0.07644	0.12761	0.04136	0.01806	0.01379	0.00804	0.00723	0.00200	0.05197	0.00607	0.03332	0.01004
4	0.00789	0.00637	0.00713	0.00742	0.00910	0.00561	0.00542	0.00956	0.01421	0.01771	0.10370	0.21124	0.49104	0.01890	0.05222	0.00276	0.00420	0.01411	0.00593	0.00548
5	0.01901	0.50890	0.02836	0.05757	0.01927	0.23949	0.01189	0.02110	0.01466	0.01546	0.00943	0.01116	0.00832	0.00592	0.00478	0.00151	0.00842	0.00380	0.00294	0.00799
6	0.01445	0.08295	0.16031	0.06301	0.23480	0.05838	0.05278	0.01929	0.05360	0.02003	0.06834	0.04558	0.01679	0.03447	0.00742	0.00217	0.00767	0.04557	0.00381	0.00859
7	0.01732	0.16997	0.27247	0.01800	0.09948	0.07567	0.03076	0.10375	0.04708	0.05431	0.01278	0.01423	0.00972	0.00634	0.00580	0.00182	0.00816	0.00491	0.00374	0.04368
8	0.03681	0.03696	0.01836	0.06541	0.08649	0.21834	0.03142	0.15493	0.10245	0.06360	0.03450	0.01911	0.04868	0.00781	0.00666	0.00193	0.02830	0.00604	0.02341	0.00878
9	0.00928	0.00630	0.00711	0.00708	0.00729	0.00621	0.00410	0.00954	0.01021	0.01357	0.06261	0.04381	0.06804	0.68508	0.02996	0.00578	0.00591	0.00978	0.00422	0.00413
10	0.01644	0.01618	0.05267	0.17495	0.36327	0.04931	0.01724	0.09768	0.10546	0.02283	0.01406	0.01691	0.01102	0.00656	0.00640	0.00200	0.00774	0.00584	0.00391	0.00955
11	0.00940	0.00626	0.00705	0.00705	0.00705	0.00626	0.00392	0.00940	0.00940	0.01253	0.02036	0.04228	0.02349	0.77292	0.03289	0.00626	0.00626	0.00940	0.00392	0.00392
12	0.01637	0.05525	0.04435	0.11319	0.17415	0.17681	0.08346	0.01950	0.01448	0.01836	0.01321	0.01656	0.03198	0.00712	0.00805	0.00195	0.10562	0.00561	0.05164	0.04236
13	0.01218	0.00821	0.01010	0.00865	0.01148	0.00721	0.00668	0.01555	0.03862	0.08648	0.40522	0.03633	0.06958	0.01047	0.00663	0.00177	0.00371	0.00903	0.07201	0.18010
14	0.01220	0.01148	0.01938	0.75739	0.04450	0.01436	0.01794	0.01651	0.01292	0.01651	0.01148	0.01723	0.00861	0.00646	0.00646	0.00215	0.00861	0.00574	0.00287	0.00718
15	0.00853	0.00636	0.00831	0.00956	0.03459	0.00591	0.00644	0.00999	0.01348	0.01779	0.12390	0.43467	0.18128	0.01901	0.03195	0.03932	0.00427	0.03335	0.00581	0.00549
16	0.01525	0.01743	0.03813	0.02723	0.03377	0.01634	0.70915	0.02070	0.01525	0.02070	0.01307	0.01743	0.00980	0.00545	0.00763	0.00218	0.01089	0.00763	0.00327	0.00871
17	0.01821	0.02042	0.01874	0.07559	0.09990	0.32345	0.03731	0.02280	0.11204	0.01864	0.05219	0.01740	0.01343	0.00963	0.04232	0.00238	0.09797	0.00573	0.00387	0.00798
18	0.00787	0.00562	0.00750	0.00900	0.00937	0.00525	0.00600	0.00900	0.01237	0.01649	0.03561	0.76871	0.04274	0.02024	0.00825	0.00262	0.00375	0.01837	0.00600	0.00525
19	0.02120	0.02058	0.08873	0.01460	0.01921	0.19635	0.01255	0.30973	0.02197	0.07193	0.01598	0.02069	0.01306	0.04557	0.00770	0.00214	0.00814	0.06134	0.00513	0.04338
20	0.01426	0.02648	0.42542	0.01870	0.02574	0.08741	0.13801	0.02044	0.03636	0.01989	0.03672	0.01632	0.01112	0.00916	0.05161	0.00257	0.04212	0.00568	0.00320	0.00877
21	0.00787	0.00562	0.00750	0.00900	0.00937	0.00525	0.00600	0.00900	0.01237	0.01649	0.03561	0.76871	0.04274	0.02024	0.00825	0.00262	0.00375	0.01837	0.00600	0.00525
22	0.10768	0.27582	0.02522	0.01525	0.01987	0.30530	0.10464	0.04358	0.01575	0.01848	0.01013	0.01199	0.00845	0.00608	0.00533	0.00168	0.00910	0.00437	0.00330	0.00798
23	0.00778	0.00600	0.00711	0.00799	0.00911	0.00533	0.00555	0.00911	0.01334	0.01689	0.04787	0.47850	0.32503	0.01865	0.00800	0.00244	0.00355	0.01642	0.00600	0.00533
24	0.01123	0.01045	0.07087	0.02759	0.02812	0.00886	0.03868	0.07450	0.04448	0.03573	0.11639	0.39236	0.08502	0.01492	0.00759	0.00234	0.00498	0.01332	0.00574	0.00683
25	0.02414	0.03079	0.01831	0.01665	0.01998	0.74698	0.01248	0.02580	0.01831	0.01581	0.00999	0.01165	0.00832	0.00666	0.00583	0.00166	0.01165	0.00416	0.00333	0.00749
26	0.01220	0.01148	0.01938	0.75739	0.04450	0.01436	0.01794	0.01651	0.01292	0.01651	0.01148	0.01723	0.00861	0.00646	0.00646	0.00215	0.00861	0.00574	0.00287	0.00718
27	0.14513	0.01575	0.01426	0.01184	0.01573	0.13176	0.00947	0.25405	0.02026	0.12598	0.01615	0.01681	0.01180	0.00729	0.00557	0.00182	0.00643	0.00533	0.17579	0.00876
28	0.01220	0.01148	0.01938	0.75739	0.04450	0.01436	0.01794	0.01651	0.01292	0.01651	0.01148	0.01723	0.00861	0.00646	0.00646	0.00215	0.00861	0.00574	0.00287	0.00718
29	0.00856	0.00628	0.00914	0.00998	0.01069	0.00591	0.03851	0.00977	0.01244	0.01657	0.03313	0.64914	0.03912	0.01954	0.00921	0.04778	0.00432	0.05892	0.00569	0.00531
30	0.01061	0.00730	0.00836	0.00820	0.00877	0.00742	0.00521	0.07164	0.01186	0.01581	0.02236	0.12467	0.02526	0.58191	0.02655	0.00530	0.00604	0.04345	0.00448	0.00479
31	0.00929	0.00624	0.00717	0.00734	0.00741	0.00621	0.00427	0.00947	0.00980	0.01305	0.02205	0.10649	0.02553	0.68759	0.03011	0.00586	0.00604	0.02784	0.00415	0.00408
32	0.01061	0.00697	0.00918	0.00982	0.01119	0.00668	0.00783	0.01228	0.01371	0.05270	0.05863	0.12201	0.14234	0.08783	0.01250	0.09111	0.00520	0.32832	0.00557	0.00553
33	0.01599	0.01599	0.02370	0.13249	0.53483	0.08872	0.01820	0.01964	0.01500	0.02018	0.04474	0.01720	0.01215	0.00628	0.00640	0.00193	0.00799	0.00587	0.00335	0.00936
34	0.01565	0.01803	0.03723	0.02675	0.03314	0.04941	0.67762	0.02093	0.01539	0.02048	0.01293	0.01717	0.00974	0.00550	0.00754	0.00216	0.01093	0.00747	0.00327	0.00866
35	0.00797	0.00568	0.00747	0.00883	0.00930	0.00527	0.00592	0.00899	0.01238	0.01637	0.03654	0.70162	0.08218	0.02009	0.00879	0.03008	0.00378	0.01766	0.00589	0.00518
36	0.02231	0.08219	0.01886	0.01628	0.04343	0.59462	0.01209	0.02492	0.04978	0.01693	0.01136	0.01297	0.00937	0.00669	0.00569	0.00167	0.01039	0.00441	0.04837	0.00769
37	0.02296	0.02884	0.01757	0.01599	0.01928	0.67753	0.01201	0.02538	0.04993	0.01640	0.01345	0.01469	0.04424	0.00723	0.00595	0.00171	0.01095	0.00477	0.00361	0.00751
38	0.00916	0.00642	0.00809	0.00822	0.00868	0.00671	0.00540	0.01002	0.01013	0.01378	0.02222	0.09720	0.04713	0.46239	0.24981	0.00709	0.00935	0.00952	0.00402	0.00465
39	0.01696	0.01860	0.01689	0.01779	0.11137	0.29905	0.01234	0.03261	0.01499	0.01727	0.01597	0.10931	0.01597	0.01389	0.08042	0.00295	0.12733	0.06515	0.00385	0.00729
40	0.01302	0.01079	0.01684	0.36636	0.12539	0.01211	0.01451	0.01740	0.05632	0.05840	0.02112	0.09755	0.05014	0.00990	0.00702	0.00227	0.00704	0.10196	0.00428	0.00756
41	0.03780	0.01325	0.01492	0.08267	0.03742	0.07314	0.01056	0.18263	0.03608	0.15560	0.10213	0.08526	0.03836	0.04249	0.00824	0.00228	0.02381	0.03913	0.00581	0.00844
42	0.10586	0.01568	0.07386	0.06524	0.18891	0.08273	0.04216	0.05593	0.05247	0.02193	0.04792	0.06139	0.07059	0.00908	0.00690	0.00212	0.02519	0.05955	0.00431	0.00816
43	0.31892	0.01342	0.01720	0.11345	0.20168	0.01469	0.03664	0.07241	0.01386	0.02445	0.01140	0.01511	0.00937	0.04141	0.00715	0.00217	0.03027	0.00504	0.00377	0.04759
44	0.11634	0.21044	0.02321	0.11802	0.08403	0.01749	0.08672	0.04064	0.04391	0.04429	0.01531	0.01863	0.05016	0.00750	0.00720	0.00199	0.07818	0.02407	0.00375	0.00811
45	0.06112	0.07495	0.01986	0.07086	0.17889	0.01429	0.04660	0.12275	0.03563	0.06647	0.01561	0.06959	0.01346	0.00751	0.00608	0.00183	0.00655	0.02746	0.00445	0.15604
46	0.09662	0.01473	0.01767	0.12934	0.13293	0.08650	0.03123	0.10120	0.04597	0.10881	0.01545	0.06095	0.01250	0.00734	0.00608	0.00188	0.00699	0.00609	0.00459	0.11312

[dist]
# distance from previous block
# <min> <max>
10	24

[block]
# block no. 2 follows, 34 sequences, length 20
# corresponding to MSA columns:
# 150-169
name=unknown_C
#
# <colnr> <probs for GDERKNQSTAVLIFYWHMCP>
#	G	D	E	R	K	N	Q	S	T	A	V	L	I	F	Y	W	H	M	C	P
0	0.12319	0.06813	0.07657	0.01725	0.12321	0.09838	0.03580	0.06232	0.12085	0.05251	0.01650	0.03669	0.03861	0.00756	0.00669	0.00195	0.04619	0.00587	0.00435	0.05737
1	0.06961	0.06059	0.11119	0.04970	0.17088	0.01411	0.13752	0.03752	0.06085	0.05843	0.06233	0.04998	0.07323	0.00800	0.00655	0.00204	0.00721	0.00729	0.00429	0.00866
2	0.03005	0.01400	0.04184	0.19099	0.34894	0.01382	0.04363	0.01896	0.05196	0.02032	0.01361	0.04770	0.01151	0.00655	0.00627	0.00190	0.00731	0.00610	0.00352	0.12103
3	0.00823	0.00633	0.00753	0.00773	0.00922	0.00563	0.00561	0.01024	0.01541	0.02023	0.29466	0.23475	0.31873	0.01621	0.00778	0.00224	0.00331	0.01413	0.00640	0.00563
4	0.00962	0.00739	0.01068	0.01047	0.01139	0.00874	0.00802	0.01157	0.01022	0.01473	0.01702	0.02665	0.01649	0.13635	0.60275	0.00929	0.07238	0.00714	0.00347	0.00564
5	0.00862	0.00610	0.00775	0.00840	0.00885	0.00607	0.00553	0.00956	0.01111	0.01489	0.02869	0.35789	0.06442	0.29315	0.13421	0.00513	0.00677	0.01313	0.00485	0.00486
6	0.00952	0.00735	0.01094	0.01077	0.01186	0.00877	0.00843	0.01177	0.01036	0.01503	0.01679	0.02472	0.01570	0.04627	0.70457	0.00994	0.06110	0.00685	0.00342	0.00585
7	0.01764	0.73665	0.03302	0.01136	0.01677	0.06440	0.01113	0.01970	0.01341	0.01523	0.00904	0.01043	0.00829	0.00559	0.00424	0.00140	0.00717	0.00349	0.00279	0.00825
8	0.00802	0.00595	0.00748	0.00838	0.00929	0.00542	0.00580	0.00953	0.01373	0.01810	0.14599	0.51991	0.18195	0.01841	0.00803	0.00245	0.00355	0.01642	0.00617	0.00542
9	0.00929	0.00640	0.00791	0.00797	0.00828	0.00668	0.00506	0.00992	0.00977	0.01332	0.02022	0.06838	0.02244	0.55794	0.21283	0.00716	0.00896	0.00914	0.00389	0.00444
10	0.01121	0.00848	0.01029	0.01110	0.08251	0.00781	0.00743	0.06217	0.01645	0.06478	0.14615	0.08698	0.43244	0.01394	0.00739	0.00213	0.00412	0.01183	0.00603	0.00675
11	0.01923	0.02016	0.24599	0.01659	0.07658	0.05222	0.01532	0.09405	0.05628	0.20780	0.01732	0.01876	0.01253	0.00756	0.00704	0.00203	0.04607	0.02253	0.05230	0.00963
12	0.00851	0.00664	0.00775	0.00779	0.00945	0.00600	0.00572	0.01111	0.03883	0.02066	0.29931	0.18769	0.33577	0.01569	0.00771	0.00221	0.00334	0.01360	0.00642	0.00581
13	0.00921	0.00687	0.00826	0.00849	0.01010	0.00643	0.00629	0.01196	0.05118	0.03801	0.17258	0.25028	0.28309	0.01821	0.05133	0.00280	0.00448	0.04835	0.00614	0.00595
14	0.09358	0.01590	0.08060	0.18287	0.39333	0.01513	0.08762	0.01919	0.01394	0.02083	0.01175	0.01567	0.00938	0.00593	0.00628	0.00201	0.00808	0.00564	0.00318	0.00908
15	0.05856	0.08616	0.01445	0.04933	0.01452	0.04660	0.03606	0.03255	0.03560	0.01687	0.01756	0.10286	0.01785	0.19301	0.20284	0.00517	0.05199	0.00790	0.00390	0.00624
16	0.07585	0.01219	0.01282	0.03388	0.07428	0.10247	0.00900	0.06065	0.03691	0.05294	0.01809	0.09327	0.01774	0.21660	0.11157	0.00426	0.02765	0.00776	0.02535	0.00673
17	0.08057	0.05067	0.06096	0.04991	0.04867	0.32933	0.05287	0.11495	0.01791	0.02157	0.04071	0.05052	0.01251	0.00741	0.00604	0.00184	0.00895	0.00564	0.00401	0.03496
18	0.05957	0.01596	0.10766	0.03367	0.10834	0.06325	0.04111	0.06466	0.09775	0.07877	0.05497	0.09926	0.05139	0.00884	0.00643	0.00198	0.00656	0.00752	0.00485	0.08745
19	0.04176	0.10899	0.09019	0.01451	0.06357	0.06968	0.01189	0.10559	0.05727	0.03987	0.01911	0.11784	0.04969	0.01112	0.03668	0.00234	0.06736	0.02510	0.00446	0.06297

[dist]
# distance from previous block
# <min> <max>
3	52

[block]
# block no. 3 follows, 34 sequences, length 14
# corresponding to MSA columns:
# 228-241
name=unknown_D
#
# <colnr> <probs for GDERKNQSTAVLIFYWHMCP>
#	G	D	E	R	K	N	Q	S	T	A	V	L	I	F	Y	W	H	M	C	P
0	0.01559	0.21747	0.10337	0.01587	0.05974	0.03605	0.09176	0.11715	0.01626	0.02129	0.04492	0.07062	0.06803	0.00890	0.00723	0.00199	0.05575	0.03559	0.00414	0.00829
1	0.00987	0.00846	0.00881	0.00871	0.01058	0.05153	0.00654	0.01309	0.06228	0.02079	0.27592	0.13898	0.29497	0.01477	0.00759	0.00220	0.00403	0.04853	0.00624	0.00611
2	0.01126	0.01055	0.05213	0.07895	0.07770	0.03175	0.01074	0.03563	0.01429	0.01915	0.05994	0.26503	0.04765	0.01565	0.04290	0.00274	0.00632	0.15695	0.00502	0.05563
3	0.09194	0.09828	0.15384	0.06016	0.10504	0.09173	0.01412	0.13706	0.01704	0.04213	0.05067	0.06545	0.01420	0.00773	0.00599	0.00193	0.00742	0.00612	0.02049	0.00866
4	0.01892	0.43739	0.05221	0.01319	0.01785	0.19852	0.01190	0.08168	0.01576	0.01787	0.01093	0.04148	0.00991	0.00686	0.00576	0.00164	0.04200	0.00457	0.00336	0.00821
5	0.05323	0.01612	0.02034	0.02197	0.23037	0.08168	0.06437	0.16423	0.11079	0.05839	0.03566	0.02059	0.03439	0.00759	0.00647	0.00198	0.00722	0.02786	0.00487	0.03188
6	0.06529	0.01453	0.03893	0.10532	0.19754	0.04927	0.01331	0.14909	0.01768	0.09974	0.03779	0.02166	0.08417	0.00886	0.02604	0.00216	0.00708	0.00648	0.00474	0.05030
7	0.00931	0.00606	0.00765	0.00857	0.00952	0.00556	0.00592	0.01073	0.01309	0.05561	0.03765	0.57806	0.12611	0.01805	0.00777	0.00244	0.00372	0.01612	0.07240	0.00564
8	0.01122	0.00561	0.00842	0.00842	0.00842	0.00561	0.00561	0.00842	0.00842	0.01122	0.01122	0.01964	0.01122	0.02245	0.02525	0.81201	0.00561	0.00561	0.00281	0.00281
9	0.01474	0.10575	0.06836	0.27300	0.26855	0.01619	0.07458	0.04340	0.01431	0.01924	0.01196	0.01648	0.00972	0.02889	0.00703	0.00209	0.00822	0.00568	0.00315	0.00865
10	0.01730	0.11178	0.11530	0.05356	0.06673	0.03002	0.05356	0.12107	0.06491	0.10272	0.01750	0.01916	0.05064	0.01053	0.05650	0.00259	0.08666	0.00611	0.00445	0.00892
11	0.00820	0.00612	0.00752	0.00810	0.00917	0.00556	0.00565	0.00986	0.01422	0.01880	0.20967	0.38717	0.21156	0.05631	0.00922	0.00256	0.00359	0.01515	0.00616	0.00543
12	0.05533	0.01726	0.06440	0.01391	0.01869	0.04318	0.01190	0.44094	0.07329	0.08598	0.01797	0.05669	0.01403	0.00855	0.00644	0.00201	0.00678	0.02573	0.02693	0.00998
13	0.01539	0.04414	0.02282	0.13763	0.28387	0.01495	0.10295	0.10229	0.05492	0.02243	0.01713	0.07396	0.03865	0.00772	0.00661	0.00203	0.00740	0.00721	0.02897	0.00892

[dist]
# distance from previous block
# <min> <max>
3	10

[block]
# block no. 4 follows, 34 sequences, length 21
# corresponding to MSA columns:
# 252-272
name=unknown_E
#
# <colnr> <probs for GDERKNQSTAVLIFYWHMCP>
#	G	D	E	R	K	N	Q	S	T	A	V	L	I	F	Y	W	H	M	C	P
0	0.08269	0.11230	0.20797	0.06042	0.06271	0.01554	0.05393	0.08980	0.07009	0.06746	0.05062	0.03269	0.01375	0.00840	0.02773	0.00221	0.00758	0.00590	0.01932	0.00888
1	0.01495	0.12798	0.21572	0.01558	0.05525	0.05170	0.05063	0.06875	0.05911	0.04532	0.05301	0.12360	0.01783	0.04425	0.00797	0.00223	0.02600	0.00754	0.00424	0.00835
2	0.00938	0.00653	0.00832	0.00913	0.01011	0.00620	0.00635	0.02839	0.03662	0.04316	0.09681	0.59263	0.08532	0.01828	0.00800	0.00249	0.00385	0.01641	0.00619	0.00584
3	0.01364	0.01303	0.04244	0.09480	0.28965	0.01286	0.10854	0.01719	0.01420	0.04062	0.08396	0.10436	0.01898	0.01176	0.06476	0.00277	0.04609	0.00806	0.00399	0.00828
4	0.05706	0.06582	0.06043	0.06729	0.06444	0.11669	0.04366	0.15900	0.05827	0.02316	0.01366	0.04137	0.01142	0.01028	0.05471	0.00252	0.09116	0.00581	0.00414	0.04911
5	0.00972	0.00706	0.00824	0.00784	0.00990	0.00638	0.00593	0.01256	0.04181	0.05957	0.31402	0.07276	0.36800	0.01550	0.02967	0.00237	0.00381	0.01221	0.00648	0.00618
6	0.00938	0.00631	0.00730	0.00730	0.00739	0.00640	0.00424	0.00956	0.00947	0.01272	0.02012	0.04098	0.02293	0.71707	0.08797	0.00658	0.00712	0.00921	0.00388	0.00406
7	0.04156	0.04561	0.19723	0.03823	0.16107	0.08796	0.03282	0.03682	0.07459	0.02081	0.05776	0.11631	0.01732	0.00880	0.00700	0.00208	0.03408	0.00738	0.00405	0.00850
8	0.06823	0.10205	0.07765	0.02066	0.18816	0.07425	0.07727	0.07669	0.09037	0.09084	0.01591	0.04205	0.01293	0.00734	0.00621	0.00197	0.00748	0.02629	0.00442	0.00925
9	0.01268	0.01158	0.01423	0.03015	0.06156	0.07915	0.01049	0.04648	0.01280	0.01739	0.05463	0.02339	0.03381	0.04765	0.36911	0.00630	0.15141	0.00677	0.00372	0.00670
10	0.00774	0.00615	0.00695	0.00759	0.00900	0.00537	0.00537	0.00916	0.01372	0.01705	0.05275	0.36290	0.43748	0.01801	0.00790	0.00237	0.00348	0.01565	0.00600	0.00537
11	0.02192	0.01575	0.05981	0.04971	0.06493	0.05118	0.03152	0.27047	0.02111	0.22940	0.01916	0.08005	0.01490	0.03088	0.00737	0.00215	0.00693	0.00705	0.00595	0.00976
12	0.06501	0.14703	0.04604	0.03459	0.10044	0.09099	0.01227	0.17338	0.01747	0.02397	0.01159	0.01344	0.00934	0.00636	0.00620	0.00165	0.04433	0.00462	0.00401	0.18727
13	0.00925	0.00683	0.00993	0.00993	0.01093	0.00783	0.00751	0.01125	0.01025	0.01466	0.01772	0.02767	0.01715	0.14668	0.65046	0.00983	0.01581	0.00726	0.00352	0.00552
14	0.00933	0.00683	0.00994	0.00994	0.01099	0.00784	0.00758	0.01144	0.01038	0.01503	0.01771	0.02696	0.01687	0.11651	0.65746	0.00973	0.01584	0.00713	0.02689	0.00560
15	0.01699	0.12579	0.09354	0.10524	0.06491	0.17133	0.09825	0.07088	0.01651	0.04178	0.06313	0.02025	0.06895	0.00754	0.00628	0.00189	0.00835	0.00626	0.00395	0.00819
16	0.00987	0.00850	0.04565	0.00982	0.01079	0.00852	0.00749	0.01134	0.01007	0.01422	0.01769	0.03139	0.01840	0.36283	0.33983	0.00757	0.06940	0.00781	0.00358	0.00524
17	0.00811	0.00601	0.00775	0.00875	0.00961	0.00565	0.00615	0.00961	0.01304	0.01719	0.07967	0.51751	0.15885	0.02147	0.07070	0.00318	0.00485	0.04062	0.00585	0.00540
18	0.01443	0.01154	0.01834	0.01504	0.01796	0.01262	0.15306	0.03971	0.08400	0.09418	0.01868	0.02259	0.03911	0.02231	0.26530	0.00507	0.12002	0.00705	0.03127	0.00771
19	0.07863	0.03796	0.02035	0.23124	0.17304	0.08761	0.04971	0.11832	0.03419	0.03897	0.01404	0.06190	0.01173	0.00735	0.00630	0.00202	0.00783	0.00629	0.00401	0.00853
20	0.01343	0.01564	0.09369	0.02207	0.13959	0.04953	0.26692	0.01728	0.01423	0.01912	0.01912	0.18603	0.01908	0.04503	0.00857	0.00243	0.00821	0.04822	0.00399	0.00784

[dist]
# distance from previous block
# <min> <max>
0	18

[block]
# block no. 5 follows, 34 sequences, length 20
# corresponding to MSA columns:
# 291-310
name=unknown_F
#
# <colnr> <probs for GDERKNQSTAVLIFYWHMCP>
#	G	D	E	R	K	N	Q	S	T	A	V	L	I	F	Y	W	H	M	C	P
0	0.04009	0.07975	0.04494	0.10690	0.11537	0.07087	0.09761	0.07573	0.13834	0.07919	0.01536	0.01692	0.01163	0.00664	0.00616	0.00190	0.00750	0.00575	0.00441	0.07493
1	0.01199	0.03272	0.01047	0.00970	0.01162	0.00807	0.00730	0.07696	0.01512	0.07917	0.05162	0.39417	0.10956	0.01721	0.04026	0.00268	0.00499	0.05479	0.02668	0.03492
2	0.00921	0.00675	0.00819	0.00856	0.00985	0.00637	0.00612	0.03503	0.01425	0.01942	0.12219	0.41973	0.17114	0.01649	0.00783	0.00230	0.01857	0.01448	0.07167	0.03184
3	0.01219	0.07112	0.01302	0.01061	0.01249	0.02407	0.00848	0.01431	0.01198	0.08215	0.03887	0.02687	0.07100	0.06019	0.45671	0.00724	0.06091	0.00719	0.00409	0.00649
4	0.01690	0.03928	0.05971	0.06620	0.09541	0.14594	0.11896	0.03934	0.08224	0.05392	0.01386	0.01696	0.01110	0.02762	0.00865	0.07677	0.00807	0.00566	0.00387	0.10954
5	0.01484	0.31901	0.27323	0.01851	0.14475	0.01858	0.01673	0.01911	0.01333	0.01802	0.01118	0.01383	0.00930	0.00965	0.07217	0.00252	0.00889	0.00462	0.00289	0.00884
6	0.01674	0.10479	0.30234	0.01780	0.05761	0.10409	0.09419	0.02269	0.07275	0.08894	0.01624	0.01740	0.04215	0.00689	0.00620	0.00195	0.00855	0.00569	0.00386	0.00912
7	0.01273	0.10376	0.03298	0.01117	0.01361	0.07159	0.00913	0.06569	0.03731	0.01764	0.01960	0.05670	0.05929	0.06203	0.39017	0.00645	0.01230	0.00717	0.00396	0.00673
8	0.01365	0.01171	0.01351	0.00990	0.01545	0.00930	0.00789	0.01794	0.07876	0.02161	0.01285	0.01439	0.01051	0.00515	0.00495	0.00107	0.00482	0.00415	0.00408	0.73832
9	0.01496	0.01545	0.08801	0.06664	0.41121	0.01448	0.01696	0.06014	0.01487	0.02117	0.07052	0.01855	0.01407	0.00829	0.00920	0.06153	0.07533	0.00613	0.00360	0.00889
10	0.02364	0.01721	0.01841	0.01422	0.01912	0.01901	0.01171	0.65996	0.02914	0.03950	0.01592	0.01614	0.01140	0.00774	0.00632	0.00191	0.00681	0.00583	0.06539	0.01062
11	0.00969	0.00690	0.01012	0.01026	0.01154	0.00634	0.05775	0.01126	0.01317	0.06103	0.03609	0.60253	0.10216	0.01805	0.00804	0.00251	0.00434	0.01642	0.00592	0.00587
12	0.00784	0.00575	0.00736	0.00865	0.00928	0.00528	0.00584	0.00904	0.01271	0.01663	0.03987	0.66784	0.14085	0.01969	0.00816	0.00256	0.00368	0.01769	0.00600	0.00528
13	0.01880	0.08335	0.14230	0.07072	0.02316	0.12613	0.05723	0.22178	0.08420	0.02512	0.01345	0.01513	0.01025	0.00730	0.00746	0.00200	0.07268	0.00543	0.00431	0.00918
14	0.05129	0.46417	0.14605	0.01283	0.01814	0.02118	0.01316	0.01976	0.05632	0.01769	0.01196	0.01584	0.01068	0.00706	0.00630	0.00178	0.06878	0.04545	0.00324	0.00832
15	0.01854	0.28257	0.09105	0.01314	0.01832	0.16072	0.01203	0.11589	0.01660	0.04098	0.01165	0.01330	0.00953	0.00867	0.04997	0.00208	0.00841	0.00439	0.00372	0.11844
16	0.01609	0.22575	0.32579	0.01467	0.02144	0.03972	0.01619	0.13826	0.03711	0.02234	0.01636	0.01730	0.06807	0.00718	0.00579	0.00186	0.00785	0.00538	0.00378	0.00908
17	0.01766	0.30108	0.09684	0.01286	0.03115	0.01852	0.01182	0.19081	0.03830	0.04816	0.03774	0.06174	0.01406	0.00773	0.00580	0.00177	0.01903	0.00586	0.07023	0.00881
18	0.01952	0.26284	0.09267	0.01408	0.01944	0.05246	0.04329	0.25296	0.08520	0.04881	0.01418	0.01551	0.01108	0.03276	0.00662	0.00194	0.00738	0.00525	0.00461	0.00942
19	0.04235	0.21726	0.19203	0.01352	0.01921	0.01789	0.01352	0.22858	0.01835	0.04975	0.01438	0.05793	0.01217	0.05215	0.00732	0.00210	0.00723	0.00579	0.00437	0.02411

[dist]
# distance from previous block
# <min> <max>
1	47

[block]
# block no. 6 follows, 34 sequences, length 16
# corresponding to MSA columns:
# 360-375
name=unknown_G
#
# <colnr> <probs for GDERKNQSTAVLIFYWHMCP>
#	G	D	E	R	K	N	Q	S	T	A	V	L	I	F	Y	W	H	M	C	P
0	0.01737	0.23511	0.18359	0.01405	0.01998	0.01830	0.03731	0.22257	0.01820	0.02447	0.01308	0.03213	0.01077	0.03586	0.02622	0.00213	0.00771	0.00527	0.00408	0.07180
1	0.01613	0.27647	0.39803	0.01545	0.02301	0.01925	0.01790	0.12418	0.01600	0.02178	0.01132	0.01284	0.00864	0.00618	0.00553	0.00181	0.00831	0.00450	0.00330	0.00935
2	0.07565	0.23282	0.21651	0.01427	0.02014	0.05208	0.04720	0.12803	0.05103	0.02229	0.01270	0.01563	0.01042	0.06613	0.00764	0.00217	0.00778	0.00507	0.00375	0.00869
3	0.08090	0.26410	0.24886	0.01337	0.01944	0.05245	0.01422	0.05296	0.01404	0.01978	0.01211	0.04804	0.01046	0.00915	0.05032	0.00225	0.00814	0.00496	0.00334	0.07110
4	0.01534	0.26155	0.18675	0.01315	0.01804	0.11136	0.01298	0.04263	0.04964	0.01852	0.05164	0.12349	0.01671	0.00928	0.00669	0.03640	0.00734	0.00678	0.00384	0.00788
5	0.01619	0.18667	0.34471	0.01581	0.02242	0.07392	0.04421	0.02159	0.04802	0.07742	0.01292	0.01467	0.00985	0.00843	0.03965	0.00229	0.04386	0.00496	0.00346	0.00895
6	0.01568	0.26040	0.32426	0.01656	0.07696	0.05274	0.01674	0.02054	0.03866	0.04313	0.01172	0.01361	0.00923	0.00675	0.00632	0.03631	0.00807	0.00456	0.00316	0.03459
7	0.21375	0.05526	0.16095	0.01577	0.12056	0.01333	0.01283	0.02030	0.04889	0.10302	0.07189	0.01784	0.01434	0.00858	0.02518	0.03401	0.00663	0.00546	0.00433	0.04709
8	0.01204	0.00602	0.00602	0.00602	0.00753	0.00602	0.00452	0.01506	0.01355	0.02409	0.02108	0.02409	0.01656	0.00753	0.00452	0.00151	0.00301	0.00602	0.80879	0.00602
9	0.01269	0.00906	0.01098	0.00952	0.01223	0.00854	0.00726	0.04740	0.04840	0.07583	0.18581	0.11484	0.08667	0.07175	0.03474	0.00251	0.03705	0.00922	0.03128	0.18423
10	0.00825	0.00647	0.00756	0.00768	0.00934	0.00578	0.00570	0.01029	0.01522	0.01968	0.24805	0.15820	0.38817	0.01750	0.04084	0.00259	0.00398	0.03284	0.00620	0.00564
11	0.01204	0.00602	0.00602	0.00602	0.00753	0.00602	0.00452	0.01506	0.01355	0.02409	0.02108	0.02409	0.01656	0.00753	0.00452	0.00151	0.00301	0.00602	0.80879	0.00602
12	0.07523	0.06735	0.02148	0.06692	0.10828	0.03739	0.09266	0.09984	0.01462	0.02112	0.02880	0.05208	0.01224	0.01053	0.04594	0.00263	0.22475	0.00637	0.00374	0.00804
13	0.01432	0.01386	0.05501	0.19459	0.29079	0.01407	0.04059	0.01863	0.04897	0.05130	0.01825	0.05654	0.06801	0.00822	0.00801	0.00214	0.07721	0.00709	0.00380	0.00857
14	0.01469	0.07490	0.01726	0.05303	0.07311	0.11395	0.04539	0.04497	0.11540	0.01935	0.02155	0.08537	0.07621	0.04533	0.06892	0.00290	0.04362	0.03330	0.00441	0.04635
15	0.01841	0.10425	0.05560	0.01511	0.04161	0.17033	0.06584	0.15730	0.08544	0.04355	0.08097	0.02124	0.06511	0.00801	0.00627	0.00185	0.00753	0.00643	0.00482	0.04031

[dist]
# distance from previous block
# <min> <max>
0	10

[block]
# block no. 7 follows, 34 sequences, length 20
# corresponding to MSA columns:
# 386-405
name=unknown_H
#
# <colnr> <probs for GDERKNQSTAVLIFYWHMCP>
#	G	D	E	R	K	N	Q	S	T	A	V	L	I	F	Y	W	H	M	C	P
0	0.03402	0.11029	0.04864	0.12882	0.21767	0.04171	0.01433	0.08418	0.04405	0.04317	0.01588	0.01823	0.04977	0.00713	0.00665	0.00189	0.04204	0.00576	0.03842	0.04733
1	0.01091	0.00870	0.01088	0.05473	0.01393	0.00930	0.00850	0.05262	0.10930	0.02045	0.09594	0.25712	0.13821	0.01646	0.04042	0.00277	0.04453	0.09286	0.00573	0.00665
2	0.01107	0.00986	0.04343	0.01189	0.05065	0.00842	0.07372	0.04707	0.01574	0.04927	0.14238	0.10838	0.33199	0.04515	0.00853	0.00234	0.00495	0.02284	0.00563	0.00670
3	0.01149	0.08313	0.07924	0.01203	0.04362	0.01093	0.00966	0.01700	0.14894	0.01981	0.09607	0.24520	0.06764	0.04743	0.04441	0.00281	0.00578	0.04235	0.00528	0.00718
4	0.01204	0.00602	0.00602	0.00602	0.00753	0.00602	0.00452	0.01506	0.01355	0.02409	0.02108	0.02409	0.01656	0.00753	0.00452	0.00151	0.00301	0.00602	0.80879	0.00602
5	0.01805	0.32645	0.12314	0.01655	0.09578	0.15170	0.01395	0.07916	0.05444	0.01944	0.01165	0.01337	0.00962	0.00773	0.03172	0.00199	0.00850	0.00454	0.00345	0.00877
6	0.01987	0.01568	0.05551	0.01320	0.01748	0.01600	0.01106	0.43442	0.09946	0.04699	0.01921	0.08920	0.01582	0.03881	0.00749	0.00217	0.00630	0.00727	0.07446	0.00959
7	0.01204	0.00602	0.00602	0.00602	0.00753	0.00602	0.00452	0.01506	0.01355	0.02409	0.02108	0.02409	0.01656	0.00753	0.00452	0.00151	0.00301	0.00602	0.80879	0.00602
8	0.08505	0.26967	0.09177	0.07932	0.07383	0.08278	0.01359	0.09082	0.01491	0.02015	0.01076	0.01335	0.00899	0.00846	0.03885	0.00221	0.07915	0.00462	0.00338	0.00834
9	0.01775	0.01874	0.02226	0.10225	0.34713	0.21287	0.04984	0.05638	0.01597	0.01960	0.01230	0.01685	0.01051	0.06049	0.00819	0.00220	0.00888	0.00568	0.00342	0.00870
10	0.01393	0.01042	0.01322	0.01321	0.10116	0.00972	0.00870	0.04690	0.08017	0.05924	0.01894	0.04313	0.04969	0.11490	0.03587	0.07901	0.00584	0.00661	0.03538	0.25396
11	0.00937	0.00635	0.00749	0.00749	0.00765	0.00651	0.00447	0.00968	0.00953	0.01286	0.01995	0.04003	0.02251	0.67638	0.12809	0.00681	0.00774	0.00907	0.00385	0.00416
12	0.01394	0.01337	0.01849	0.01593	0.01607	0.01849	0.01323	0.01550	0.01024	0.01635	0.00967	0.01507	0.00924	0.01095	0.01963	0.00270	0.68967	0.00569	0.07877	0.00697
13	0.01371	0.04374	0.05349	0.06100	0.08922	0.08616	0.13615	0.04910	0.04288	0.01970	0.05099	0.11427	0.14268	0.04303	0.00814	0.00229	0.00716	0.02428	0.00449	0.00751
14	0.04459	0.04162	0.03642	0.08146	0.07792	0.08039	0.03821	0.16284	0.01722	0.11401	0.01597	0.02069	0.01312	0.11250	0.09396	0.00345	0.00859	0.00622	0.02255	0.00828
15	0.01204	0.00602	0.00602	0.00602	0.00753	0.00602	0.00452	0.01506	0.01355	0.02409	0.02108	0.02409	0.01656	0.00753	0.00452	0.00151	0.00301	0.00602	0.80879	0.00602
16	0.00900	0.00905	0.07679	0.00929	0.01127	0.00693	0.00756	0.01195	0.04689	0.01920	0.17299	0.33649	0.18896	0.05229	0.00890	0.00251	0.00424	0.01383	0.00583	0.00603
17	0.07552	0.11763	0.07032	0.05081	0.06702	0.12094	0.08306	0.10272	0.07555	0.08086	0.01382	0.01515	0.01050	0.00647	0.00584	0.00180	0.00772	0.00520	0.00429	0.08475
18	0.01527	0.01407	0.03924	0.01572	0.12162	0.08726	0.01087	0.04818	0.05772	0.06335	0.04671	0.12590	0.05062	0.00913	0.00705	0.00182	0.04532	0.00755	0.00466	0.22794
19	0.01784	0.01505	0.01584	0.01438	0.07987	0.09960	0.01036	0.10524	0.14727	0.08847	0.01866	0.01897	0.04960	0.00708	0.00589	0.00163	0.00618	0.00567	0.00503	0.28738

[dist]
# distance from previous block
# <min> <max>
0	19

[block]
# block no. 8 follows, 34 sequences, length 35
# corresponding to MSA columns:
# 425-459
name=unknown_I
#
# <colnr> <probs for GDERKNQSTAVLIFYWHMCP>
#	G	D	E	R	K	N	Q	S	T	A	V	L	I	F	Y	W	H	M	C	P
0	0.01694	0.18372	0.15613	0.04773	0.08619	0.16525	0.01427	0.04689	0.09372	0.01965	0.01513	0.01647	0.04488	0.00685	0.00573	0.00177	0.00800	0.00518	0.00370	0.06180
1	0.05046	0.00720	0.00951	0.00910	0.00983	0.00755	0.00636	0.05087	0.05687	0.01480	0.01236	0.01927	0.01157	0.01992	0.02194	0.67384	0.00564	0.00564	0.00332	0.00396
2	0.01042	0.00746	0.00889	0.00843	0.01035	0.00707	0.00651	0.01242	0.01516	0.07594	0.20019	0.05230	0.37781	0.06376	0.01017	0.00250	0.05387	0.06462	0.00606	0.00608
3	0.01204	0.00602	0.00602	0.00602	0.00753	0.00602	0.00452	0.01506	0.01355	0.02409	0.02108	0.02409	0.01656	0.00753	0.00452	0.00151	0.00301	0.00602	0.80879	0.00602
4	0.04738	0.05938	0.02058	0.05683	0.08549	0.46919	0.04620	0.05616	0.01711	0.01814	0.01049	0.01286	0.00867	0.00680	0.00691	0.00183	0.05997	0.00467	0.00340	0.00794
5	0.02164	0.02672	0.06551	0.01613	0.01985	0.50428	0.01295	0.06551	0.12902	0.01930	0.01290	0.01410	0.01027	0.00726	0.00679	0.00185	0.04887	0.00487	0.00395	0.00824
6	0.01204	0.00602	0.00602	0.00602	0.00753	0.00602	0.00452	0.01506	0.01355	0.02409	0.02108	0.02409	0.01656	0.00753	0.00452	0.00151	0.00301	0.00602	0.80879	0.00602
7	0.00795	0.00660	0.00699	0.00701	0.00908	0.00563	0.00534	0.00982	0.01513	0.01850	0.13780	0.06121	0.61814	0.01609	0.00770	0.00221	0.00339	0.04973	0.00612	0.00555
8	0.00853	0.00647	0.00774	0.00782	0.00930	0.00584	0.00574	0.01061	0.01545	0.02043	0.31989	0.15173	0.28597	0.06887	0.00955	0.00251	0.00360	0.04804	0.00629	0.00560
9	0.81856	0.01250	0.00950	0.00850	0.01250	0.01449	0.00700	0.01899	0.01100	0.02899	0.00900	0.01050	0.00700	0.00600	0.00400	0.00200	0.00500	0.00350	0.00400	0.00700
10	0.02349	0.02943	0.01801	0.01636	0.01972	0.68810	0.01230	0.02649	0.07492	0.01672	0.01130	0.01266	0.00924	0.00683	0.00589	0.00171	0.01113	0.00441	0.00359	0.00771
11	0.81856	0.01250	0.00950	0.00850	0.01250	0.01449	0.00700	0.01899	0.01100	0.02899	0.00900	0.01050	0.00700	0.00600	0.00400	0.00200	0.00500	0.00350	0.00400	0.00700
12	0.00925	0.00675	0.00950	0.00944	0.01040	0.00747	0.00700	0.01118	0.01113	0.01581	0.10323	0.03155	0.02301	0.19099	0.51396	0.00855	0.01336	0.00799	0.00399	0.00543
13	0.00923	0.00692	0.01038	0.01038	0.01154	0.00808	0.00808	0.01154	0.01038	0.01500	0.01731	0.02538	0.01615	0.04846	0.74732	0.01038	0.01731	0.00692	0.00346	0.00577
14	0.81856	0.01250	0.00950	0.00850	0.01250	0.01449	0.00700	0.01899	0.01100	0.02899	0.00900	0.01050	0.00700	0.00600	0.00400	0.00200	0.00500	0.00350	0.00400	0.00700
15	0.00940	0.00626	0.00705	0.00705	0.00705	0.00626	0.00392	0.00940	0.00940	0.01253	0.02036	0.04228	0.02349	0.77292	0.03289	0.00626	0.00626	0.00940	0.00392	0.00392
16	0.01577	0.01402	0.02232	0.19288	0.35401	0.01518	0.04602	0.02194	0.12974	0.06174	0.01493	0.01790	0.01164	0.00681	0.00726	0.00208	0.04633	0.00612	0.00394	0.00936
17	0.01235	0.02133	0.36121	0.01635	0.02225	0.01276	0.08454	0.01842	0.05210	0.02037	0.05336	0.03122	0.04423	0.01099	0.03090	0.00257	0.03831	0.15449	0.00404	0.00819
18	0.04925	0.19229	0.38459	0.05515	0.02398	0.01750	0.01765	0.10206	0.01536	0.02190	0.01136	0.01319	0.00860	0.00613	0.00558	0.00183	0.00815	0.00455	0.00331	0.05757
19	0.01873	0.14016	0.05665	0.04036	0.15526	0.07301	0.01376	0.19829	0.19100	0.02600	0.01574	0.01654	0.01214	0.00707	0.00604	0.00190	0.00720	0.00561	0.00476	0.00978
20	0.01571	0.01788	0.10693	0.10721	0.14559	0.06506	0.09177	0.08760	0.01478	0.02031	0.01201	0.03974	0.01026	0.00818	0.01081	0.00226	0.22587	0.00613	0.00343	0.00845
21	0.01230	0.16042	0.07722	0.03504	0.04030	0.01267	0.10014	0.01487	0.01273	0.01716	0.05769	0.13574	0.01971	0.10973	0.08423	0.04014	0.00779	0.00820	0.00386	0.05007
22	0.00926	0.00679	0.00973	0.00971	0.01067	0.00768	0.00727	0.01119	0.01053	0.01500	0.04621	0.02926	0.01923	0.17427	0.59239	0.00933	0.01480	0.00755	0.00369	0.00546
23	0.01930	0.01561	0.01685	0.01507	0.05626	0.03663	0.01147	0.32142	0.30478	0.03151	0.02250	0.02356	0.04594	0.00886	0.00665	0.00209	0.00625	0.03899	0.00620	0.01008
24	0.00895	0.00724	0.01024	0.13959	0.04822	0.00732	0.00851	0.01084	0.01297	0.01687	0.03546	0.48381	0.15259	0.01654	0.00775	0.00244	0.00469	0.01480	0.00533	0.00584
25	0.01690	0.08528	0.05922	0.01988	0.15410	0.04775	0.13244	0.10765	0.01674	0.07463	0.03505	0.09510	0.01500	0.00776	0.00641	0.00188	0.00732	0.00706	0.00439	0.10545
26	0.05297	0.09679	0.34964	0.01793	0.02507	0.08547	0.12841	0.11015	0.03412	0.02273	0.01219	0.01411	0.00906	0.00629	0.00612	0.00196	0.00908	0.00519	0.00351	0.00919
27	0.00940	0.00626	0.00705	0.00705	0.00705	0.00626	0.00392	0.00940	0.00940	0.01253	0.02036	0.04228	0.02349	0.77292	0.03289	0.00626	0.00626	0.00940	0.00392	0.00392
28	0.01459	0.01593	0.08207	0.11081	0.25178	0.01451	0.22008	0.06404	0.01550	0.02118	0.01792	0.05878	0.06798	0.00749	0.00694	0.00209	0.00829	0.00750	0.00372	0.00880
