[name]
unknown

[dist]
# distance from previous block
# <min> <max>
0	49

[block]
# block no. 0 follows, 32 sequences, length 56
# corresponding to MSA columns:
# 49-104
name=unknown_A
#
# <colnr> <probs for GDERKNQSTAVLIFYWHMCP>
#	G	D	E	R	K	N	Q	S	T	A	V	L	I	F	Y	W	H	M	C	P
0	0.02184	0.01530	0.01727	0.01434	0.01867	0.01655	0.01197	0.45306	0.05167	0.08784	0.02217	0.03188	0.01896	0.01074	0.00736	0.00230	0.00688	0.17441	0.00670	0.01007
1	0.02813	0.01138	0.01517	0.01172	0.01680	0.00989	0.00963	0.03124	0.04102	0.64616	0.02725	0.02393	0.04085	0.00847	0.00671	0.00204	0.00558	0.00690	0.00798	0.04915
2	0.00796	0.00670	0.00690	0.00706	0.00913	0.00564	0.00522	0.00960	0.01504	0.01802	0.06475	0.13687	0.64939	0.01741	0.00800	0.00231	0.00345	0.01467	0.00623	0.00564
3	0.02766	0.01201	0.01555	0.01222	0.01714	0.01112	0.00999	0.06233	0.10710	0.58948	0.04449	0.02354	0.01811	0.00854	0.00679	0.00210	0.00567	0.00697	0.00802	0.01118
4	0.01464	0.01190	0.01399	0.01003	0.01596	0.00899	0.00804	0.01760	0.01415	0.05334	0.01258	0.01431	0.01024	0.00512	0.00505	0.00104	0.00500	0.00410	0.00417	0.76977
5	0.00793	0.00680	0.00680	0.00680	0.00906	0.00566	0.00510	0.00963	0.01529	0.01813	0.06797	0.06457	0.71961	0.01699	0.00793	0.00227	0.00340	0.01416	0.00623	0.00566
6	0.01663	0.01466	0.01680	0.01463	0.01862	0.01671	0.05645	0.03471	0.66391	0.02763	0.02639	0.02457	0.01980	0.00887	0.00690	0.00227	0.00571	0.00761	0.00660	0.01052
7	0.81159	0.01298	0.00986	0.00882	0.01298	0.01505	0.00727	0.01972	0.01142	0.03010	0.00934	0.01090	0.00727	0.00623	0.00415	0.00208	0.00519	0.00363	0.00415	0.00727
8	0.01715	0.01464	0.01543	0.01375	0.01763	0.01691	0.01073	0.07065	0.67446	0.02882	0.02672	0.02456	0.02000	0.00905	0.00682	0.00226	0.00542	0.00750	0.00682	0.01066
9	0.00811	0.00607	0.00754	0.00872	0.00957	0.00550	0.00595	0.00941	0.01345	0.01737	0.04460	0.58899	0.21028	0.02003	0.00841	0.00261	0.00377	0.01787	0.00623	0.00550
10	0.01525	0.01455	0.02478	0.28565	0.48850	0.01558	0.01992	0.01940	0.01463	0.02027	0.01238	0.01705	0.01005	0.00623	0.00667	0.00208	0.00831	0.00597	0.00320	0.00953
11	0.01590	0.01522	0.02595	0.16873	0.60034	0.01576	0.02024	0.01997	0.01494	0.02106	0.01250	0.01684	0.01032	0.00611	0.00665	0.00204	0.00815	0.00598	0.00326	0.01006
12	0.01316	0.01243	0.02101	0.65997	0.13047	0.01504	0.01888	0.01757	0.01365	0.01774	0.01201	0.01773	0.00915	0.00662	0.00670	0.00221	0.00882	0.00596	0.00302	0.00785
13	0.00961	0.00710	0.00773	0.00741	0.00974	0.00605	0.00562	0.01162	0.01619	0.06475	0.17840	0.05941	0.56087	0.01587	0.00785	0.00223	0.00351	0.01334	0.00656	0.00615
14	0.00969	0.00694	0.00796	0.00818	0.01001	0.00612	0.00607	0.01139	0.01480	0.05929	0.07392	0.20106	0.41721	0.06613	0.00982	0.00269	0.00407	0.07247	0.00624	0.00592
15	0.01995	0.01058	0.01377	0.01304	0.05214	0.01017	0.00973	0.04576	0.10775	0.31987	0.02985	0.13587	0.05693	0.04792	0.00869	0.00254	0.00556	0.09380	0.00694	0.00915
16	0.01794	0.76823	0.03516	0.01148	0.01722	0.02655	0.01148	0.02009	0.01363	0.01579	0.00933	0.01076	0.00861	0.00574	0.00431	0.00144	0.00718	0.00359	0.00287	0.00861
17	0.00810	0.00674	0.00709	0.00725	0.00930	0.00573	0.00541	0.00984	0.01523	0.01845	0.09072	0.12769	0.61252	0.01727	0.00802	0.00232	0.00351	0.03285	0.00628	0.00569
18	0.01565	0.01048	0.01220	0.01089	0.01370	0.01087	0.00828	0.05544	0.24248	0.13299	0.21536	0.08117	0.05743	0.09033	0.01012	0.00266	0.00486	0.00980	0.00685	0.00843
19	0.00886	0.00729	0.00787	0.00788	0.00994	0.00660	0.00584	0.01205	0.07037	0.01994	0.14674	0.14745	0.49238	0.01645	0.00792	0.00230	0.00358	0.01400	0.00643	0.00612
20	0.81159	0.01298	0.00986	0.00882	0.01298	0.01505	0.00727	0.01972	0.01142	0.03010	0.00934	0.01090	0.00727	0.00623	0.00415	0.00208	0.00519	0.00363	0.00415	0.00727
21	0.00975	0.00654	0.00752	0.00767	0.00777	0.00653	0.00451	0.00996	0.01019	0.01355	0.02256	0.07550	0.02598	0.69385	0.03177	0.00617	0.00638	0.04530	0.00427	0.00423
22	0.09985	0.01480	0.01663	0.01323	0.01814	0.01558	0.01081	0.27583	0.14695	0.28556	0.02122	0.01965	0.01452	0.00816	0.00650	0.00209	0.00620	0.00635	0.00707	0.01088
23	0.00808	0.00621	0.00740	0.00835	0.00947	0.00553	0.00579	0.00945	0.01380	0.01752	0.04905	0.48898	0.30742	0.01945	0.00832	0.00255	0.00370	0.01716	0.00623	0.00553
24	0.81159	0.01298	0.00986	0.00882	0.01298	0.01505	0.00727	0.01972	0.01142	0.03010	0.00934	0.01090	0.00727	0.00623	0.00415	0.00208	0.00519	0.00363	0.00415	0.00727
25	0.70777	0.01316	0.01056	0.00945	0.01356	0.01527	0.00770	0.02180	0.10268	0.02984	0.01169	0.01275	0.00899	0.00660	0.00450	0.00210	0.00521	0.00415	0.00450	0.00770
26	0.01822	0.00877	0.01167	0.00992	0.01303	0.00778	0.00780	0.02100	0.01868	0.32648	0.36861	0.07061	0.06538	0.01184	0.00744	0.00213	0.00430	0.01020	0.00769	0.00845
27	0.01106	0.00752	0.01034	0.01162	0.01314	0.00735	0.00978	0.01375	0.01515	0.04905	0.03660	0.19032	0.06386	0.01848	0.00899	0.00295	0.00566	0.51184	0.00628	0.00625
28	0.36230	0.01208	0.01314	0.01061	0.01536	0.01207	0.00876	0.02718	0.01590	0.43075	0.01919	0.01776	0.01264	0.00742	0.00564	0.00208	0.00549	0.00542	0.00654	0.00965
29	0.06801	0.01802	0.01924	0.01487	0.02013	0.01987	0.01227	0.61493	0.04656	0.07402	0.01651	0.01637	0.01166	0.00799	0.00658	0.00203	0.00713	0.00598	0.00665	0.01117
30	0.01291	0.00779	0.01144	0.01087	0.01264	0.00850	0.00850	0.01509	0.01201	0.12726	0.01901	0.02552	0.01651	0.04244	0.58904	0.04695	0.01547	0.00706	0.00430	0.00670
31	0.01139	0.00600	0.00901	0.00901	0.00916	0.00616	0.00616	0.00916	0.00901	0.01216	0.01247	0.02117	0.01232	0.02681	0.11836	0.70194	0.00740	0.00600	0.00300	0.00331
32	0.01166	0.00583	0.00874	0.00874	0.00874	0.00583	0.00583	0.00874	0.00874	0.01166	0.01166	0.02040	0.01166	0.02331	0.02622	0.80478	0.00583	0.00583	0.00291	0.00291
33	0.01166	0.00583	0.00874	0.00874	0.00874	0.00583	0.00583	0.00874	0.00874	0.01166	0.01166	0.02040	0.01166	0.02331	0.02622	0.80478	0.00583	0.00583	0.00291	0.00291
34	0.81159	0.01298	0.00986	0.00882	0.01298	0.01505	0.00727	0.01972	0.01142	0.03010	0.00934	0.01090	0.00727	0.00623	0.00415	0.00208	0.00519	0.00363	0.00415	0.00727
35	0.00973	0.00661	0.00786	0.00786	0.00805	0.00680	0.00474	0.01010	0.00992	0.01341	0.02065	0.04117	0.02321	0.65284	0.14387	0.00717	0.00829	0.00936	0.00399	0.00437
36	0.01468	0.01468	0.02055	0.01762	0.01762	0.02055	0.01468	0.01615	0.01028	0.01615	0.00881	0.01468	0.00881	0.01174	0.02202	0.00294	0.75191	0.00587	0.00294	0.00734
37	0.01528	0.01427	0.02278	0.05632	0.51187	0.03433	0.01777	0.01901	0.01553	0.02150	0.05066	0.02935	0.01836	0.00879	0.00719	0.00221	0.00755	0.13380	0.00405	0.00939
38	0.18077	0.12964	0.02035	0.04252	0.12025	0.19189	0.03719	0.02089	0.01508	0.02138	0.04235	0.01469	0.01134	0.00644	0.00551	0.00174	0.00781	0.00480	0.00372	0.12165
39	0.01115	0.00965	0.01419	0.01905	0.24637	0.00916	0.01070	0.01377	0.01546	0.02078	0.16194	0.18957	0.22485	0.01357	0.00763	0.00224	0.00498	0.01209	0.00547	0.00739
40	0.00831	0.00681	0.00732	0.00719	0.00929	0.00582	0.00539	0.01036	0.01618	0.02024	0.22439	0.06110	0.56188	0.01621	0.00793	0.00223	0.00334	0.01367	0.00651	0.00582
41	0.16324	0.04755	0.01693	0.01450	0.01820	0.46602	0.01112	0.02525	0.01710	0.10430	0.01261	0.01465	0.01010	0.04273	0.00708	0.00205	0.00970	0.00473	0.00417	0.00798
42	0.01763	0.01526	0.02569	0.08298	0.61309	0.01530	0.01946	0.02152	0.01553	0.08823	0.01389	0.01728	0.01109	0.00624	0.00666	0.00202	0.00782	0.00605	0.00377	0.01050
43	0.01267	0.01193	0.02013	0.74806	0.04621	0.01491	0.01863	0.01714	0.01342	0.01714	0.01193	0.01789	0.00894	0.00671	0.00671	0.00224	0.00894	0.00596	0.00298	0.00745
44	0.01346	0.03471	0.72942	0.01912	0.02904	0.01558	0.02479	0.02125	0.01417	0.02125	0.01204	0.01417	0.00850	0.00637	0.00637	0.00212	0.00992	0.00496	0.00283	0.00992
45	0.02400	0.17336	0.02267	0.01702	0.10761	0.10087	0.04449	0.02743	0.04722	0.34121	0.01865	0.01812	0.01310	0.00722	0.00620	0.00191	0.00731	0.00579	0.00567	0.01015
46	0.01021	0.00772	0.01041	0.01009	0.01066	0.00894	0.00728	0.01151	0.01030	0.01457	0.01829	0.03237	0.01907	0.34260	0.36713	0.00815	0.09352	0.00811	0.00372	0.00534
47	0.00959	0.00719	0.01078	0.01078	0.01198	0.00839	0.00839	0.01198	0.01078	0.01558	0.01797	0.02636	0.01677	0.05032	0.73760	0.01078	0.01797	0.00719	0.00359	0.00599
48	0.02651	0.01437	0.06940	0.01374	0.01903	0.01242	0.03635	0.09290	0.05584	0.51565	0.02319	0.02114	0.01513	0.00825	0.00749	0.00213	0.04163	0.00660	0.00725	0.01099
49	0.01612	0.07959	0.18069	0.03048	0.34062	0.03868	0.17551	0.02109	0.01515	0.02104	0.01239	0.01583	0.00985	0.00600	0.00668	0.00203	0.00921	0.00597	0.00320	0.00987
50	0.00818	0.00584	0.00779	0.00934	0.00973	0.00545	0.00623	0.00934	0.01285	0.01713	0.03698	0.75981	0.04438	0.02102	0.00856	0.00273	0.00389	0.01908	0.00623	0.00545
51	0.03010	0.01142	0.01557	0.01194	0.01713	0.00986	0.00986	0.03270	0.01920	0.72698	0.02647	0.02284	0.01661	0.00830	0.00675	0.00208	0.00571	0.00675	0.00830	0.01142
52	0.01758	0.02547	0.43019	0.01860	0.05874	0.01404	0.06716	0.02397	0.03966	0.18586	0.01697	0.04390	0.01232	0.00738	0.00668	0.00214	0.00856	0.00623	0.00443	0.01010
53	0.01590	0.01863	0.17030	0.11514	0.11186	0.01462	0.24009	0.04254	0.01564	0.08603	0.01655	0.09170	0.01379	0.00783	0.00722	0.00222	0.00895	0.00779	0.00406	0.00915
54	0.01661	0.01594	0.02724	0.04119	0.72233	0.01594	0.02059	0.02059	0.01528	0.02192	0.01262	0.01661	0.01063	0.00598	0.00664	0.00199	0.00797	0.00598	0.00332	0.01063
55	0.02175	0.01688	0.09980	0.09918	0.24901	0.06050	0.01610	0.02551	0.01676	0.30054	0.01783	0.01864	0.01246	0.00708	0.00662	0.00205	0.00766	0.00606	0.00522	0.01035

[dist]
# distance from previous block
# <min> <max>
0	13

# created by:
# /home/berkeley/.conda/envs/busco_data_prod/bin/msa2prfl.pl pipeline/OGs_align_augustus/4893/9952.fs
