[name]
unknown

[dist]
# distance from previous block
# <min> <max>
0	27

[block]
# block no. 0 follows, 31 sequences, length 11
# corresponding to MSA columns:
# 27-37
name=unknown_A
#
# <colnr> <probs for GDERKNQSTAVLIFYWHMCP>
#	G	D	E	R	K	N	Q	S	T	A	V	L	I	F	Y	W	H	M	C	P
0	0.01102	0.00787	0.01102	0.01260	0.01417	0.00787	0.01102	0.01417	0.01575	0.02047	0.03622	0.07717	0.03937	0.01890	0.00945	0.00315	0.00630	0.67084	0.00630	0.00630
1	0.75483	0.01312	0.01045	0.00921	0.01352	0.01499	0.00759	0.02101	0.01218	0.07786	0.01072	0.01194	0.00806	0.00650	0.00441	0.00212	0.00533	0.00392	0.00452	0.00770
2	0.01156	0.00603	0.00899	0.00907	0.00917	0.00608	0.00612	0.00915	0.00926	0.01243	0.01366	0.06040	0.01399	0.02534	0.06922	0.70969	0.00660	0.00675	0.00319	0.00330
3	0.00984	0.00659	0.00749	0.00760	0.00763	0.00656	0.00429	0.00992	0.01016	0.01355	0.02265	0.09275	0.02625	0.70970	0.03306	0.00637	0.00645	0.01059	0.00429	0.00424
4	0.01188	0.00594	0.00891	0.00891	0.00891	0.00594	0.00594	0.00891	0.00891	0.01188	0.01188	0.02080	0.01188	0.02377	0.02674	0.80095	0.00594	0.00594	0.00297	0.00297
5	0.02969	0.01221	0.01610	0.01246	0.01768	0.01103	0.01025	0.06837	0.05799	0.64764	0.02648	0.02305	0.01687	0.00850	0.00688	0.00212	0.00589	0.00689	0.00830	0.01160
6	0.01838	0.47321	0.09299	0.01312	0.01904	0.02316	0.01280	0.09893	0.11369	0.02171	0.01326	0.01411	0.01087	0.00663	0.00525	0.00170	0.00722	0.00466	0.00399	0.04527
7	0.01889	0.01526	0.02032	0.03973	0.14060	0.03787	0.07352	0.13089	0.12011	0.09696	0.01804	0.05148	0.01431	0.00763	0.00663	0.00192	0.00700	0.00670	0.00527	0.18690
8	0.04552	0.01436	0.03528	0.08038	0.07730	0.05819	0.05336	0.08473	0.07280	0.08500	0.12962	0.04270	0.06419	0.00903	0.00685	0.00200	0.00659	0.00772	0.00544	0.11894
9	0.05963	0.02013	0.07988	0.01840	0.08161	0.18048	0.09695	0.10966	0.05422	0.06911	0.09934	0.02255	0.03550	0.03315	0.00779	0.00222	0.00843	0.00697	0.00498	0.00901
10	0.04773	0.03566	0.01851	0.07633	0.08078	0.10180	0.03298	0.09113	0.27565	0.07789	0.07344	0.02245	0.01870	0.00844	0.00678	0.00214	0.00707	0.00696	0.00576	0.00979

[dist]
# distance from previous block
# <min> <max>
16	49

[block]
# block no. 1 follows, 31 sequences, length 8
# corresponding to MSA columns:
# 95-102
name=unknown_B
#
# <colnr> <probs for GDERKNQSTAVLIFYWHMCP>
#	G	D	E	R	K	N	Q	S	T	A	V	L	I	F	Y	W	H	M	C	P
0	0.14349	0.06212	0.04441	0.01403	0.01930	0.01902	0.01197	0.45282	0.02546	0.05907	0.01596	0.04817	0.01233	0.00822	0.00631	0.00203	0.00697	0.00614	0.00601	0.03616
1	0.19067	0.01629	0.12527	0.04014	0.01912	0.01416	0.01228	0.05563	0.18994	0.15439	0.02118	0.07585	0.01689	0.00914	0.00648	0.00226	0.00635	0.02867	0.00579	0.00949
2	0.01355	0.00793	0.00808	0.00779	0.00981	0.00837	0.00591	0.01976	0.14356	0.02609	0.02335	0.02551	0.01816	0.00822	0.00519	0.00173	0.00361	0.00663	0.64953	0.00721
3	0.01419	0.01216	0.01419	0.01013	0.01621	0.00912	0.00811	0.01723	0.01419	0.02229	0.01216	0.01419	0.01013	0.00507	0.00507	0.00101	0.00507	0.00405	0.00405	0.80139
4	0.00973	0.00693	0.00883	0.00839	0.00970	0.00649	0.00602	0.01236	0.01760	0.02478	0.58378	0.04992	0.05712	0.15357	0.01308	0.00299	0.00387	0.01192	0.00690	0.00602
5	0.01082	0.01267	0.14362	0.01278	0.01591	0.00882	0.01237	0.01445	0.01517	0.02008	0.03624	0.14533	0.12250	0.01668	0.00863	0.00281	0.00636	0.38222	0.00567	0.00686
6	0.01998	0.01919	0.02190	0.06080	0.02237	0.18018	0.07950	0.08521	0.01619	0.09037	0.01251	0.01587	0.01013	0.00925	0.01342	0.00243	0.32210	0.00594	0.00407	0.00857
7	0.15903	0.15644	0.04288	0.03970	0.05491	0.06472	0.04087	0.02068	0.04555	0.09167	0.02400	0.02449	0.14219	0.00877	0.00646	0.00200	0.02474	0.00677	0.00468	0.03943

[dist]
# distance from previous block
# <min> <max>
2	16

[block]
# block no. 2 follows, 31 sequences, length 12
# corresponding to MSA columns:
# 119-130
name=unknown_C
#
# <colnr> <probs for GDERKNQSTAVLIFYWHMCP>
#	G	D	E	R	K	N	Q	S	T	A	V	L	I	F	Y	W	H	M	C	P
0	0.31597	0.05859	0.06005	0.09883	0.02214	0.03653	0.08328	0.07358	0.01548	0.10233	0.01377	0.03410	0.01058	0.00706	0.00579	0.00208	0.00719	0.00550	0.00455	0.04258
1	0.00860	0.00646	0.00792	0.00890	0.00997	0.00588	0.00630	0.01013	0.01413	0.01819	0.07130	0.44541	0.23755	0.05134	0.00969	0.00281	0.00410	0.06936	0.00630	0.00565
2	0.02499	0.08925	0.02066	0.01717	0.02087	0.67748	0.01310	0.02679	0.01896	0.01669	0.01049	0.01223	0.00881	0.00696	0.00603	0.00174	0.01195	0.00435	0.00348	0.00800
3	0.01374	0.01169	0.01371	0.01009	0.01573	0.00885	0.00797	0.01664	0.01410	0.02192	0.01411	0.07068	0.01281	0.00631	0.00535	0.00115	0.00498	0.00523	0.00423	0.74070
4	0.00847	0.00601	0.00790	0.00935	0.00971	0.00565	0.00616	0.00956	0.01283	0.01710	0.03632	0.69424	0.04350	0.08468	0.01097	0.00311	0.00420	0.01864	0.00616	0.00544
5	0.02556	0.03261	0.01939	0.01763	0.02115	0.73210	0.01322	0.02732	0.01939	0.01674	0.01058	0.01234	0.00881	0.00705	0.00617	0.00176	0.01234	0.00441	0.00353	0.00793
6	0.02046	0.02428	0.01841	0.01663	0.01894	0.44415	0.01289	0.02227	0.01589	0.01654	0.01144	0.01532	0.01019	0.01539	0.12746	0.00355	0.18998	0.00526	0.00342	0.00753
7	0.00964	0.00720	0.00922	0.01028	0.01182	0.00678	0.00832	0.01201	0.01533	0.01964	0.07472	0.20898	0.22322	0.01877	0.00888	0.00281	0.00494	0.33504	0.00638	0.00602
8	0.01419	0.01216	0.01419	0.01013	0.01621	0.00912	0.00811	0.01723	0.01419	0.02229	0.01216	0.01419	0.01013	0.00507	0.00507	0.00101	0.00507	0.00405	0.00405	0.80139
9	0.01789	0.08087	0.11619	0.04529	0.12890	0.05924	0.01407	0.04994	0.01612	0.14105	0.06702	0.04791	0.03452	0.06564	0.02766	0.00268	0.06409	0.00719	0.00480	0.00895
10	0.03928	0.15604	0.01649	0.01130	0.01410	0.09672	0.00891	0.06798	0.01561	0.07295	0.02522	0.17625	0.08111	0.13409	0.01175	0.00289	0.02477	0.03220	0.00506	0.00729
11	0.01357	0.00923	0.01089	0.01042	0.01264	0.00909	0.00774	0.13110	0.03952	0.08222	0.07124	0.37670	0.16545	0.01653	0.00804	0.00246	0.00465	0.01442	0.00669	0.00737

[dist]
# distance from previous block
# <min> <max>
2	4

[block]
# block no. 3 follows, 31 sequences, length 23
# corresponding to MSA columns:
# 135-157
name=unknown_D
#
# <colnr> <probs for GDERKNQSTAVLIFYWHMCP>
#	G	D	E	R	K	N	Q	S	T	A	V	L	I	F	Y	W	H	M	C	P
0	0.01567	0.01576	0.06120	0.25487	0.41120	0.01575	0.01963	0.05210	0.01589	0.02202	0.04134	0.01857	0.01242	0.00677	0.00684	0.00212	0.00831	0.00629	0.00359	0.00966
1	0.01560	0.04874	0.03471	0.02498	0.03017	0.01780	0.49590	0.02014	0.01479	0.02038	0.01398	0.05637	0.01188	0.00780	0.01074	0.00243	0.15332	0.00808	0.00350	0.00868
2	0.01713	0.06688	0.06409	0.01297	0.01864	0.01370	0.03299	0.09190	0.05415	0.07322	0.01417	0.01568	0.01110	0.00654	0.00688	0.00156	0.05957	0.00499	0.00457	0.42926
3	0.55340	0.03255	0.04923	0.01167	0.01602	0.01551	0.05621	0.02075	0.03581	0.05692	0.01187	0.01461	0.00949	0.04289	0.00728	0.00239	0.04649	0.00477	0.00428	0.00785
4	0.01615	0.01845	0.04037	0.02884	0.03576	0.01730	0.69204	0.02191	0.01615	0.02191	0.01384	0.01845	0.01038	0.00577	0.00807	0.00231	0.01153	0.00807	0.00346	0.00923
5	0.01849	0.01672	0.02445	0.08107	0.49199	0.06940	0.01831	0.05781	0.03927	0.07114	0.01595	0.01880	0.03196	0.00692	0.00679	0.00205	0.00809	0.00632	0.00411	0.01035
6	0.00907	0.00674	0.00857	0.00981	0.01076	0.00643	0.00702	0.01145	0.04712	0.01851	0.04089	0.54909	0.12489	0.02002	0.00866	0.00275	0.00428	0.10162	0.00637	0.00593
7	0.01771	0.46504	0.17420	0.01430	0.02075	0.06451	0.04808	0.02124	0.01477	0.04762	0.01399	0.01531	0.04323	0.00672	0.00540	0.00174	0.00815	0.00487	0.00338	0.00900
8	0.00834	0.00595	0.00794	0.00953	0.00992	0.00556	0.00635	0.00953	0.01310	0.01746	0.03771	0.75510	0.04525	0.02143	0.00873	0.00278	0.00397	0.01945	0.00635	0.00556
9	0.01522	0.01289	0.01471	0.01097	0.01670	0.01088	0.00875	0.05611	0.11277	0.02430	0.01461	0.01591	0.01173	0.00583	0.00543	0.00125	0.00525	0.00469	0.00461	0.64739
10	0.01642	0.01511	0.04703	0.01984	0.16622	0.01555	0.02965	0.02962	0.42633	0.04479	0.07378	0.02601	0.04116	0.00895	0.00704	0.00223	0.00613	0.00779	0.00601	0.01032
11	0.01679	0.31026	0.34069	0.01625	0.02379	0.05664	0.04545	0.05729	0.01550	0.02056	0.01170	0.01359	0.00919	0.00638	0.00571	0.00186	0.00889	0.00471	0.02530	0.00943
12	0.05561	0.01243	0.02033	0.66824	0.07936	0.01526	0.01848	0.01780	0.01367	0.01843	0.01206	0.01779	0.00912	0.00678	0.00670	0.00226	0.00886	0.00595	0.00312	0.00775
13	0.01789	0.01487	0.01589	0.01409	0.01803	0.01699	0.01115	0.12927	0.56037	0.03014	0.02678	0.02779	0.02083	0.00979	0.00712	0.00234	0.00578	0.05335	0.00690	0.01063
14	0.01011	0.00806	0.00920	0.00880	0.01096	0.00772	0.00663	0.01507	0.11837	0.02388	0.34624	0.08166	0.29808	0.01484	0.00794	0.00226	0.00367	0.01275	0.00696	0.00681
15	0.02601	0.01916	0.02053	0.01574	0.02122	0.02122	0.01300	0.69408	0.03217	0.04312	0.01643	0.01643	0.01163	0.00821	0.00684	0.00205	0.00753	0.00616	0.00684	0.01163
16	0.02381	0.01807	0.01929	0.01530	0.02038	0.02019	0.01247	0.53336	0.19646	0.03957	0.01922	0.01865	0.01389	0.00847	0.00687	0.00212	0.00701	0.00654	0.00687	0.01144
17	0.00809	0.00693	0.00693	0.00693	0.00924	0.00578	0.00520	0.00982	0.01559	0.01848	0.06931	0.06584	0.71411	0.01733	0.00809	0.00231	0.00347	0.01444	0.00635	0.00578
18	0.01419	0.01216	0.01419	0.01013	0.01621	0.00912	0.00811	0.01723	0.01419	0.02229	0.01216	0.01419	0.01013	0.00507	0.00507	0.00101	0.00507	0.00405	0.00405	0.80139
19	0.01615	0.01546	0.02636	0.17859	0.58640	0.01605	0.02061	0.02031	0.01521	0.02140	0.01273	0.01719	0.01050	0.00624	0.00679	0.00208	0.00832	0.00609	0.00332	0.01021
20	0.70870	0.01398	0.01138	0.00985	0.01424	0.01609	0.00812	0.10561	0.01425	0.03227	0.01040	0.01179	0.00795	0.00659	0.00456	0.00211	0.00558	0.00402	0.00456	0.00795
21	0.02164	0.06813	0.06221	0.01664	0.06594	0.10798	0.01324	0.30037	0.10707	0.04715	0.01587	0.01647	0.01194	0.00741	0.00637	0.00189	0.00770	0.00565	0.00541	0.11093
22	0.01771	0.26775	0.14010	0.03940	0.06873	0.07887	0.01438	0.05616	0.13473	0.03748	0.03275	0.03367	0.01378	0.00749	0.00595	0.00191	0.00767	0.00574	0.02633	0.00939

[dist]
# distance from previous block
# <min> <max>
0	5

[block]
# block no. 4 follows, 31 sequences, length 24
# corresponding to MSA columns:
# 163-186
name=unknown_E
#
# <colnr> <probs for GDERKNQSTAVLIFYWHMCP>
#	G	D	E	R	K	N	Q	S	T	A	V	L	I	F	Y	W	H	M	C	P
0	0.07644	0.10964	0.17667	0.01810	0.08482	0.19657	0.03530	0.06583	0.03649	0.04099	0.03322	0.01536	0.01138	0.00685	0.00607	0.00188	0.00888	0.00516	0.00395	0.06640
1	0.08773	0.04816	0.44462	0.01850	0.04712	0.01628	0.05773	0.06780	0.06204	0.04454	0.01449	0.01727	0.01086	0.00713	0.00648	0.00218	0.00889	0.02444	0.00386	0.00989
2	0.01400	0.01325	0.01373	0.01564	0.12398	0.14183	0.00942	0.01534	0.01283	0.01591	0.01800	0.05816	0.01907	0.36973	0.10255	0.00524	0.03286	0.00825	0.00390	0.00629
3	0.01188	0.00594	0.00891	0.00891	0.00891	0.00594	0.00594	0.00891	0.00891	0.01188	0.01188	0.02080	0.01188	0.02377	0.02674	0.80095	0.00594	0.00594	0.00297	0.00297
4	0.01372	0.03539	0.72412	0.01950	0.02961	0.01589	0.02528	0.02167	0.01444	0.02167	0.01228	0.01444	0.00867	0.00650	0.00650	0.00217	0.01011	0.00506	0.00289	0.01011
5	0.00979	0.00728	0.01074	0.01074	0.01187	0.00841	0.00823	0.01205	0.01092	0.01569	0.01856	0.02817	0.01766	0.10241	0.68212	0.01068	0.01748	0.00752	0.00370	0.00597
6	0.01419	0.01216	0.01419	0.01013	0.01621	0.00912	0.00811	0.01723	0.01419	0.02229	0.01216	0.01419	0.01013	0.00507	0.00507	0.00101	0.00507	0.00405	0.00405	0.80139
7	0.02601	0.01916	0.02053	0.01574	0.02122	0.02122	0.01300	0.69408	0.03217	0.04312	0.01643	0.01643	0.01163	0.00821	0.00684	0.00205	0.00753	0.00616	0.00684	0.01163
8	0.01631	0.01209	0.01440	0.01040	0.01637	0.00924	0.00836	0.01930	0.01488	0.11222	0.01407	0.01536	0.01101	0.00550	0.00530	0.00116	0.00516	0.00442	0.00462	0.69984
9	0.01615	0.01845	0.04037	0.02884	0.03576	0.01730	0.69204	0.02191	0.01615	0.02191	0.01384	0.01845	0.01038	0.00577	0.00807	0.00231	0.01153	0.00807	0.00346	0.00923
10	0.01620	0.01830	0.03946	0.02978	0.08490	0.01723	0.64362	0.02185	0.01611	0.02195	0.01377	0.01834	0.01041	0.00579	0.00798	0.00229	0.01129	0.00793	0.00345	0.00934
11	0.01102	0.00787	0.01102	0.01260	0.01417	0.00787	0.01102	0.01417	0.01575	0.02047	0.03622	0.07717	0.03937	0.01890	0.00945	0.00315	0.00630	0.67084	0.00630	0.00630
12	0.00977	0.00733	0.01100	0.01100	0.01222	0.00855	0.00855	0.01222	0.01100	0.01588	0.01833	0.02688	0.01710	0.05131	0.73245	0.01100	0.01833	0.00733	0.00367	0.00611
13	0.02556	0.03261	0.01939	0.01763	0.02115	0.73210	0.01322	0.02732	0.01939	0.01674	0.01058	0.01234	0.00881	0.00705	0.00617	0.00176	0.01234	0.00441	0.00353	0.00793
14	0.03070	0.01164	0.01588	0.01217	0.01746	0.01006	0.01006	0.03334	0.01958	0.72163	0.02699	0.02329	0.01694	0.00847	0.00688	0.00212	0.00582	0.00688	0.00847	0.01164
15	0.01102	0.00787	0.01102	0.01260	0.01417	0.00787	0.01102	0.01417	0.01575	0.02047	0.03622	0.07717	0.03937	0.01890	0.00945	0.00315	0.00630	0.67084	0.00630	0.00630
16	0.00927	0.00684	0.00869	0.00872	0.01022	0.00626	0.00648	0.01189	0.01748	0.02393	0.46000	0.18238	0.15744	0.01609	0.00826	0.00234	0.00355	0.04691	0.00708	0.00618
17	0.01323	0.01248	0.02108	0.68895	0.09887	0.01528	0.01915	0.01775	0.01383	0.01786	0.01221	0.01814	0.00925	0.00678	0.00683	0.00226	0.00904	0.00608	0.00307	0.00785
18	0.01693	0.01626	0.02777	0.04199	0.71689	0.01626	0.02100	0.02100	0.01558	0.02235	0.01287	0.01693	0.01084	0.00610	0.00677	0.00203	0.00813	0.00610	0.00339	0.01084
19	0.80789	0.01323	0.01006	0.00900	0.01323	0.01535	0.00741	0.02011	0.01164	0.03070	0.00953	0.01111	0.00741	0.00635	0.00423	0.00212	0.00529	0.00370	0.00423	0.00741
20	0.01693	0.01626	0.02777	0.04199	0.71689	0.01626	0.02100	0.02100	0.01558	0.02235	0.01287	0.01693	0.01084	0.00610	0.00677	0.00203	0.00813	0.00610	0.00339	0.01084
21	0.00816	0.00693	0.00703	0.00700	0.00928	0.00581	0.00525	0.00995	0.01576	0.01887	0.09738	0.06520	0.68579	0.01718	0.00808	0.00230	0.00345	0.01435	0.00640	0.00581
22	0.09207	0.55572	0.03044	0.01246	0.01785	0.11630	0.01159	0.06219	0.01551	0.01916	0.01007	0.01149	0.00883	0.00620	0.00475	0.00160	0.00779	0.00391	0.00336	0.00872
23	0.07886	0.05897	0.01769	0.01227	0.01793	0.03669	0.05759	0.09151	0.01643	0.02482	0.03872	0.01563	0.01202	0.00601	0.00552	0.00140	0.00612	0.00484	0.00437	0.49261

[dist]
# distance from previous block
# <min> <max>
4	7

[block]
# block no. 5 follows, 31 sequences, length 86
# corresponding to MSA columns:
# 194-279
name=unknown_F
#
# <colnr> <probs for GDERKNQSTAVLIFYWHMCP>
#	G	D	E	R	K	N	Q	S	T	A	V	L	I	F	Y	W	H	M	C	P
0	0.05083	0.03310	0.64511	0.02049	0.07409	0.01589	0.02417	0.02155	0.01439	0.02213	0.01219	0.01445	0.00875	0.00647	0.00641	0.00216	0.00976	0.00506	0.00298	0.01003
1	0.01762	0.68298	0.08000	0.01209	0.01803	0.02544	0.01237	0.02024	0.01417	0.01695	0.04017	0.01294	0.01119	0.00625	0.00469	0.00154	0.00732	0.00413	0.00312	0.00877
2	0.02860	0.01211	0.01581	0.01244	0.01751	0.01112	0.01017	0.03380	0.12442	0.61555	0.02712	0.02363	0.01754	0.00859	0.00689	0.00215	0.00576	0.00701	0.00824	0.01152
3	0.00955	0.00699	0.00896	0.00847	0.01014	0.00640	0.00635	0.01265	0.01905	0.02668	0.65913	0.05234	0.11917	0.01427	0.00807	0.00217	0.00325	0.01255	0.00743	0.00640
4	0.01335	0.03351	0.67691	0.01867	0.02827	0.01522	0.02396	0.02089	0.01452	0.02146	0.01603	0.01783	0.05510	0.00721	0.00660	0.00218	0.00967	0.00567	0.00312	0.00983
5	0.02644	0.01847	0.02010	0.01541	0.02087	0.02019	0.01273	0.63339	0.03101	0.10544	0.01740	0.01706	0.01212	0.00824	0.00685	0.00206	0.00737	0.00623	0.00699	0.01164
6	0.01102	0.00787	0.01102	0.01260	0.01417	0.00787	0.01102	0.01417	0.01575	0.02047	0.03622	0.07717	0.03937	0.01890	0.00945	0.00315	0.00630	0.67084	0.00630	0.00630
7	0.00968	0.00699	0.00914	0.00861	0.01022	0.00646	0.00646	0.01291	0.01937	0.02743	0.71328	0.05110	0.06455	0.01399	0.00807	0.00215	0.00323	0.01237	0.00753	0.00646
8	0.01378	0.06209	0.05041	0.01501	0.01820	0.03699	0.18991	0.01632	0.01297	0.04876	0.01773	0.02966	0.01726	0.31898	0.11800	0.00517	0.00990	0.00813	0.00394	0.00680
9	0.00954	0.00699	0.00895	0.00846	0.01014	0.00640	0.00635	0.01264	0.01904	0.02665	0.65710	0.05239	0.12122	0.01428	0.00807	0.00217	0.00325	0.01255	0.00743	0.00640
10	0.01497	0.01497	0.02095	0.01796	0.01796	0.02095	0.01497	0.01646	0.01048	0.01646	0.00898	0.01497	0.00898	0.01197	0.02245	0.00299	0.74704	0.00599	0.00299	0.00748
11	0.02556	0.03261	0.01939	0.01763	0.02115	0.73210	0.01322	0.02732	0.01939	0.01674	0.01058	0.01234	0.00881	0.00705	0.00617	0.00176	0.01234	0.00441	0.00353	0.00793
12	0.00986	0.00671	0.00801	0.00807	0.00827	0.00688	0.00489	0.01027	0.01023	0.01382	0.02170	0.06956	0.02450	0.62521	0.13805	0.00714	0.00828	0.00993	0.00416	0.00449
13	0.00834	0.00595	0.00794	0.00953	0.00992	0.00556	0.00635	0.00953	0.01310	0.01746	0.03771	0.75510	0.04525	0.02143	0.00873	0.00278	0.00397	0.01945	0.00635	0.00556
14	0.02556	0.03261	0.01939	0.01763	0.02115	0.73210	0.01322	0.02732	0.01939	0.01674	0.01058	0.01234	0.00881	0.00705	0.00617	0.00176	0.01234	0.00441	0.00353	0.00793
15	0.01372	0.03539	0.72412	0.01950	0.02961	0.01589	0.02528	0.02167	0.01444	0.02167	0.01228	0.01444	0.00867	0.00650	0.00650	0.00217	0.01011	0.00506	0.00289	0.01011
16	0.67033	0.01427	0.01190	0.01018	0.01464	0.01638	0.00839	0.13868	0.01525	0.03288	0.01074	0.01205	0.00815	0.00668	0.00469	0.00211	0.00569	0.00414	0.00469	0.00815
17	0.01378	0.00736	0.00747	0.00710	0.00899	0.00752	0.00542	0.06828	0.01572	0.02687	0.02186	0.02481	0.01708	0.00799	0.00494	0.00163	0.00352	0.00636	0.73652	0.00678
18	0.01188	0.00594	0.00891	0.00891	0.00891	0.00594	0.00594	0.00891	0.00891	0.01188	0.01188	0.02080	0.01188	0.02377	0.02674	0.80095	0.00594	0.00594	0.00297	0.00297
19	0.04630	0.07019	0.16713	0.02286	0.02950	0.04917	0.39972	0.02097	0.01513	0.02093	0.01349	0.01821	0.01072	0.04298	0.03990	0.00277	0.01084	0.00692	0.00339	0.00887
20	0.01381	0.03480	0.70027	0.01983	0.02982	0.01594	0.04853	0.02167	0.01450	0.02167	0.01233	0.01458	0.00873	0.00647	0.00655	0.00217	0.01016	0.00516	0.00291	0.01008
21	0.00874	0.00696	0.00784	0.00762	0.00965	0.00606	0.00572	0.01109	0.01715	0.02218	0.33503	0.05976	0.44608	0.01595	0.00808	0.00224	0.00337	0.01359	0.00684	0.00606
22	0.00834	0.00595	0.00794	0.00953	0.00992	0.00556	0.00635	0.00953	0.01310	0.01746	0.03771	0.75510	0.04525	0.02143	0.00873	0.00278	0.00397	0.01945	0.00635	0.00556
23	0.01579	0.26205	0.24633	0.11750	0.15014	0.01954	0.05821	0.02063	0.01447	0.01946	0.01157	0.01451	0.00925	0.00622	0.00601	0.00194	0.00881	0.00510	0.00304	0.00943
24	0.01188	0.00594	0.00891	0.00891	0.00891	0.00594	0.00594	0.00891	0.00891	0.01188	0.01188	0.02080	0.01188	0.02377	0.02674	0.80095	0.00594	0.00594	0.00297	0.00297
25	0.01372	0.03539	0.72412	0.01950	0.02961	0.01589	0.02528	0.02167	0.01444	0.02167	0.01228	0.01444	0.00867	0.00650	0.00650	0.00217	0.01011	0.00506	0.00289	0.01011
26	0.01697	0.01677	0.02758	0.11602	0.47499	0.04584	0.10111	0.04424	0.01594	0.02198	0.01276	0.01697	0.01045	0.00652	0.00763	0.00213	0.04234	0.00626	0.00346	0.01004
27	0.01474	0.04805	0.04911	0.09060	0.15221	0.01219	0.01255	0.01830	0.01440	0.02151	0.01218	0.01498	0.01004	0.00554	0.00560	0.00140	0.00637	0.00467	0.00372	0.50183
28	0.01128	0.00955	0.01389	0.01302	0.01388	0.01215	0.01041	0.01345	0.01084	0.01605	0.01561	0.02342	0.01475	0.03989	0.52640	0.00867	0.22981	0.00694	0.00347	0.00651
29	0.01654	0.01390	0.01475	0.01311	0.01684	0.01570	0.01023	0.09140	0.53771	0.02894	0.07559	0.02999	0.08481	0.01021	0.00712	0.00228	0.00529	0.00850	0.00693	0.01016
30	0.01559	0.25192	0.39428	0.01988	0.08289	0.01943	0.08434	0.02128	0.01454	0.02007	0.01164	0.01398	0.00904	0.00620	0.00604	0.00196	0.00924	0.00501	0.00300	0.00968
31	0.01718	0.05744	0.17197	0.05281	0.15439	0.01525	0.17945	0.04527	0.01674	0.10869	0.07955	0.02192	0.01652	0.00753	0.00711	0.00216	0.00856	0.02335	0.00446	0.00967
32	0.02113	0.01621	0.01695	0.01426	0.01862	0.04487	0.01131	0.23339	0.39086	0.09703	0.02347	0.02262	0.01737	0.03067	0.00770	0.00232	0.00639	0.00712	0.00685	0.01084
33	0.04242	0.01951	0.02339	0.02221	0.12957	0.19886	0.12101	0.02213	0.01538	0.08178	0.01349	0.04440	0.01151	0.00872	0.01116	0.00231	0.21308	0.00646	0.00392	0.00869
34	0.01254	0.01066	0.04457	0.03260	0.01502	0.00991	0.03190	0.05368	0.10968	0.04725	0.33007	0.06286	0.11217	0.01525	0.05547	0.00283	0.00574	0.03365	0.00651	0.00765
35	0.01544	0.02184	0.28369	0.02024	0.07083	0.01470	0.14811	0.04065	0.04648	0.06723	0.01601	0.02057	0.01266	0.01313	0.10280	0.00337	0.03360	0.03192	0.00396	0.03275
36	0.01419	0.01216	0.01419	0.01013	0.01621	0.00912	0.00811	0.01723	0.01419	0.02229	0.01216	0.01419	0.01013	0.00507	0.00507	0.00101	0.00507	0.00405	0.00405	0.80139
37	0.01681	0.01602	0.02673	0.06217	0.64983	0.01627	0.02026	0.02190	0.06087	0.02261	0.01383	0.01754	0.01144	0.00633	0.00679	0.00206	0.00798	0.00620	0.00361	0.01073
38	0.00834	0.00595	0.00794	0.00953	0.00992	0.00556	0.00635	0.00953	0.01310	0.01746	0.03771	0.75510	0.04525	0.02143	0.00873	0.00278	0.00397	0.01945	0.00635	0.00556
39	0.00845	0.00595	0.00797	0.00951	0.00989	0.00557	0.00634	0.00951	0.01296	0.01728	0.03684	0.73045	0.04413	0.02151	0.00934	0.02957	0.00404	0.01900	0.00624	0.00547
40	0.01627	0.01622	0.02958	0.12528	0.48888	0.01635	0.16435	0.02076	0.01547	0.02166	0.01299	0.01742	0.01053	0.00612	0.00706	0.00212	0.00898	0.00652	0.00336	0.01009
41	0.00995	0.00663	0.00746	0.00746	0.00746	0.00663	0.00415	0.00995	0.00995	0.01327	0.02156	0.04477	0.02487	0.75957	0.03482	0.00663	0.00663	0.00995	0.00415	0.00415
42	0.01223	0.00968	0.01258	0.01282	0.01518	0.01004	0.03356	0.01899	0.17203	0.02215	0.03724	0.06219	0.10924	0.01609	0.00869	0.00284	0.00596	0.42477	0.00636	0.00737
43	0.80789	0.01323	0.01006	0.00900	0.01323	0.01535	0.00741	0.02011	0.01164	0.03070	0.00953	0.01111	0.00741	0.00635	0.00423	0.00212	0.00529	0.00370	0.00423	0.00741
44	0.01622	0.01552	0.02648	0.16709	0.59738	0.01607	0.02064	0.02037	0.01524	0.02148	0.01274	0.01717	0.01053	0.00623	0.00678	0.00208	0.00830	0.00609	0.00332	0.01026
45	0.01419	0.01216	0.01419	0.01013	0.01621	0.00912	0.00811	0.01723	0.01419	0.02229	0.01216	0.01419	0.01013	0.00507	0.00507	0.00101	0.00507	0.00405	0.00405	0.80139
46	0.26741	0.28032	0.02217	0.01230	0.01690	0.06580	0.01074	0.10174	0.07502	0.02503	0.01195	0.01326	0.00975	0.00706	0.00614	0.00193	0.05504	0.00452	0.00419	0.00873
47	0.01515	0.01917	0.13979	0.02302	0.07835	0.04399	0.33856	0.04588	0.01709	0.02326	0.13074	0.02493	0.05170	0.00794	0.00760	0.00221	0.00920	0.00823	0.00430	0.00891
48	0.00872	0.00627	0.00853	0.00987	0.01048	0.00609	0.00692	0.01025	0.01321	0.01777	0.05508	0.60468	0.04213	0.02455	0.09355	0.00375	0.00578	0.06061	0.00607	0.00570
49	0.02422	0.01827	0.01953	0.01538	0.02053	0.02038	0.01257	0.56327	0.16589	0.04023	0.01870	0.01824	0.01347	0.00843	0.00687	0.00211	0.00711	0.00647	0.00687	0.01147
50	0.01419	0.01216	0.01419	0.01013	0.01621	0.00912	0.00811	0.01723	0.01419	0.02229	0.01216	0.01419	0.01013	0.00507	0.00507	0.00101	0.00507	0.00405	0.00405	0.80139
51	0.01307	0.01232	0.02080	0.71612	0.07292	0.01524	0.01908	0.01762	0.01375	0.01767	0.01219	0.01819	0.00919	0.00681	0.00684	0.00227	0.00908	0.00608	0.00305	0.00772
52	0.03070	0.01164	0.01588	0.01217	0.01746	0.01006	0.01006	0.03334	0.01958	0.72163	0.02699	0.02329	0.01694	0.00847	0.00688	0.00212	0.00582	0.00688	0.00847	0.01164
53	0.01332	0.01257	0.02124	0.67305	0.11405	0.01531	0.01920	0.01783	0.01387	0.01797	0.01223	0.01811	0.00929	0.00677	0.00683	0.00226	0.00902	0.00608	0.00307	0.00792
54	0.01243	0.00673	0.00917	0.00913	0.00994	0.00663	0.00649	0.01194	0.01139	0.06142	0.02115	0.06327	0.05096	0.10854	0.06454	0.40094	0.00638	0.06487	0.06941	0.00468
55	0.01227	0.01081	0.01256	0.01205	0.01326	0.06696	0.00932	0.01486	0.04446	0.01687	0.02276	0.03574	0.06534	0.16699	0.25936	0.00622	0.13166	0.08791	0.00428	0.00633
56	0.06304	0.01684	0.02056	0.01728	0.01944	0.13076	0.09332	0.03863	0.01364	0.04082	0.01216	0.01700	0.01069	0.01638	0.13290	0.00393	0.33512	0.00610	0.00360	0.00778
57	0.01005	0.00709	0.00911	0.00948	0.01065	0.00709	0.00681	0.01212	0.03649	0.03805	0.05394	0.26405	0.14103	0.12184	0.18744	0.03193	0.00792	0.03363	0.00542	0.00587
58	0.00924	0.00625	0.00807	0.00938	0.01004	0.00596	0.00657	0.01083	0.01339	0.01856	0.03491	0.55824	0.04027	0.05526	0.00960	0.00286	0.00426	0.08895	0.10170	0.00567
59	0.43908	0.01582	0.01487	0.01208	0.01689	0.01780	0.00997	0.31956	0.02097	0.05562	0.01308	0.01381	0.00955	0.00724	0.00547	0.00209	0.00630	0.00488	0.00551	0.00940
60	0.01461	0.01326	0.01685	0.03979	0.15017	0.06806	0.03234	0.04041	0.16255	0.02157	0.02248	0.11563	0.02110	0.01958	0.16029	0.00418	0.00945	0.07432	0.00496	0.00841
61	0.00845	0.00643	0.00778	0.00853	0.00974	0.00576	0.00598	0.01012	0.01485	0.01927	0.14746	0.42292	0.27006	0.01898	0.00842	0.00253	0.00369	0.01675	0.00652	0.00576
62	0.01078	0.00682	0.00788	0.00781	0.00808	0.00672	0.00456	0.01098	0.01059	0.04570	0.02287	0.09055	0.02585	0.67688	0.03184	0.00617	0.00642	0.01044	0.00449	0.00458
63	0.01419	0.01216	0.01419	0.01013	0.01621	0.00912	0.00811	0.01723	0.01419	0.02229	0.01216	0.01419	0.01013	0.00507	0.00507	0.00101	0.00507	0.00405	0.00405	0.80139
64	0.08144	0.02086	0.04499	0.01824	0.08363	0.14051	0.03316	0.37539	0.06007	0.05280	0.01527	0.01603	0.01126	0.00762	0.00656	0.00203	0.00829	0.00579	0.00559	0.01046
65	0.01428	0.01323	0.02078	0.09078	0.16593	0.01542	0.07228	0.01880	0.08496	0.01917	0.01452	0.01980	0.01254	0.01803	0.15902	0.04518	0.19678	0.00665	0.00367	0.00818
66	0.00992	0.00675	0.00808	0.00808	0.00829	0.00697	0.00492	0.01035	0.01013	0.01372	0.02099	0.04164	0.02351	0.63553	0.15699	0.00740	0.00868	0.00949	0.00406	0.00449
67	0.02414	0.03993	0.04276	0.01644	0.02188	0.01949	0.07528	0.49400	0.02731	0.09536	0.01667	0.01719	0.01187	0.00802	0.00736	0.00209	0.03354	0.00629	0.02941	0.01099
68	0.18566	0.01698	0.02036	0.21283	0.06478	0.09165	0.07940	0.17904	0.01871	0.04899	0.01311	0.01581	0.00978	0.00699	0.00634	0.00212	0.00835	0.00564	0.00446	0.00900
69	0.01438	0.08555	0.65628	0.01891	0.02853	0.03735	0.02399	0.02175	0.01455	0.02114	0.01204	0.01414	0.00868	0.00647	0.00634	0.00211	0.00998	0.00494	0.00291	0.00996
70	0.01010	0.00735	0.00954	0.00996	0.01136	0.00672	0.00700	0.01162	0.01337	0.03894	0.03258	0.59698	0.03791	0.01825	0.00855	0.00250	0.02754	0.01630	0.00596	0.12747
71	0.01419	0.01216	0.01419	0.01013	0.01621	0.00912	0.00811	0.01723	0.01419	0.02229	0.01216	0.01419	0.01013	0.00507	0.00507	0.00101	0.00507	0.00405	0.00405	0.80139
72	0.00995	0.00663	0.00746	0.00746	0.00746	0.00663	0.00415	0.00995	0.00995	0.01327	0.02156	0.04477	0.02487	0.75957	0.03482	0.00663	0.00663	0.00995	0.00415	0.00415
73	0.01829	0.76368	0.03585	0.01171	0.01756	0.02707	0.01171	0.02049	0.01390	0.01610	0.00951	0.01097	0.00878	0.00585	0.00439	0.00146	0.00732	0.00366	0.00293	0.00878
74	0.01292	0.01216	0.02052	0.74312	0.04712	0.01520	0.01900	0.01748	0.01368	0.01748	0.01216	0.01824	0.00912	0.00684	0.00684	0.00228	0.00912	0.00608	0.00304	0.00760
75	0.01497	0.01497	0.02095	0.01796	0.01796	0.02095	0.01497	0.01646	0.01048	0.01646	0.00898	0.01497	0.00898	0.01197	0.02245	0.00299	0.74704	0.00599	0.00299	0.00748
76	0.01829	0.76368	0.03585	0.01171	0.01756	0.02707	0.01171	0.02049	0.01390	0.01610	0.00951	0.01097	0.00878	0.00585	0.00439	0.00146	0.00732	0.00366	0.00293	0.00878
77	0.01188	0.00594	0.00891	0.00891	0.00891	0.00594	0.00594	0.00891	0.00891	0.01188	0.01188	0.02080	0.01188	0.02377	0.02674	0.80095	0.00594	0.00594	0.00297	0.00297
78	0.01082	0.00864	0.00966	0.00926	0.01136	0.00864	0.00683	0.01682	0.17473	0.02278	0.23770	0.09855	0.24851	0.09236	0.01066	0.00275	0.00421	0.01218	0.00660	0.00695
79	0.00952	0.00699	0.00892	0.00843	0.01012	0.00638	0.00633	0.01259	0.01898	0.02651	0.64666	0.05263	0.13174	0.01433	0.00807	0.00217	0.00325	0.01259	0.00741	0.00638
80	0.00834	0.00595	0.00794	0.00953	0.00992	0.00556	0.00635	0.00953	0.01310	0.01746	0.03771	0.75510	0.04525	0.02143	0.00873	0.00278	0.00397	0.01945	0.00635	0.00556
81	0.01292	0.01216	0.02052	0.74312	0.04712	0.01520	0.01900	0.01748	0.01368	0.01748	0.01216	0.01824	0.00912	0.00684	0.00684	0.00228	0.00912	0.00608	0.00304	0.00760
82	0.27906	0.01310	0.01492	0.01394	0.09361	0.01258	0.00990	0.04570	0.01529	0.17531	0.01469	0.01551	0.01082	0.00644	0.00543	0.00176	0.00573	0.00484	0.00508	0.25629
83	0.01807	0.53895	0.14272	0.01357	0.01978	0.08202	0.01393	0.02227	0.05990	0.01786	0.01125	0.01260	0.00956	0.00628	0.00504	0.00166	0.00804	0.00421	0.00323	0.00906
84	0.01480	0.06204	0.01721	0.10033	0.05274	0.01175	0.01041	0.03902	0.01474	0.02196	0.01215	0.01466	0.01000	0.00548	0.00537	0.00128	0.00592	0.00443	0.00391	0.59178
85	0.01799	0.05115	0.04333	0.01870	0.13143	0.09762	0.01349	0.08075	0.13794	0.06565	0.02086	0.03020	0.01846	0.00996	0.00779	0.00225	0.04094	0.14483	0.00523	0.06144

[dist]
# distance from previous block
# <min> <max>
0	21

[block]
# block no. 6 follows, 31 sequences, length 16
# corresponding to MSA columns:
# 301-316
name=unknown_G
#
# <colnr> <probs for GDERKNQSTAVLIFYWHMCP>
#	G	D	E	R	K	N	Q	S	T	A	V	L	I	F	Y	W	H	M	C	P
0	0.01578	0.01454	0.02338	0.35552	0.33044	0.01617	0.01903	0.06886	0.04893	0.02195	0.01352	0.01790	0.01060	0.00674	0.00682	0.00216	0.00840	0.00617	0.00365	0.00943
1	0.01600	0.01914	0.14907	0.08224	0.45157	0.01589	0.06429	0.04224	0.01600	0.02278	0.04545	0.01826	0.01283	0.00663	0.00688	0.00210	0.00852	0.00633	0.00358	0.01021
2	0.00930	0.00698	0.00861	0.00820	0.00998	0.00629	0.00615	0.01216	0.01846	0.02527	0.55778	0.05466	0.22140	0.01479	0.00807	0.00219	0.00329	0.01287	0.00725	0.00629
3	0.01292	0.01216	0.02052	0.74312	0.04712	0.01520	0.01900	0.01748	0.01368	0.01748	0.01216	0.01824	0.00912	0.00684	0.00684	0.00228	0.00912	0.00608	0.00304	0.00760
4	0.00977	0.00733	0.01100	0.01100	0.01222	0.00855	0.00855	0.01222	0.01100	0.01588	0.01833	0.02688	0.01710	0.05131	0.73245	0.01100	0.01833	0.00733	0.00367	0.00611
5	0.00951	0.00699	0.00891	0.00843	0.01012	0.00638	0.00632	0.01258	0.01896	0.02648	0.64439	0.05268	0.13404	0.01434	0.00807	0.00217	0.00325	0.01259	0.00741	0.00638
6	0.00819	0.00651	0.00737	0.00805	0.00954	0.00568	0.00570	0.00969	0.01451	0.01804	0.05563	0.36407	0.42470	0.01910	0.00837	0.00251	0.00368	0.01661	0.00635	0.00568
7	0.01829	0.76368	0.03585	0.01171	0.01756	0.02707	0.01171	0.02049	0.01390	0.01610	0.00951	0.01097	0.00878	0.00585	0.00439	0.00146	0.00732	0.00366	0.00293	0.00878
8	0.00994	0.00667	0.00765	0.00765	0.00772	0.00674	0.00438	0.01007	0.01001	0.01341	0.02138	0.04381	0.02445	0.72145	0.07236	0.00687	0.00726	0.00981	0.00412	0.00425
9	0.00977	0.00733	0.01100	0.01100	0.01222	0.00855	0.00855	0.01222	0.01100	0.01588	0.01833	0.02688	0.01710	0.05131	0.73245	0.01100	0.01833	0.00733	0.00367	0.00611
10	0.75059	0.01311	0.01048	0.00923	0.01354	0.01496	0.00760	0.02109	0.01223	0.08164	0.01081	0.01201	0.00811	0.00651	0.00443	0.00212	0.00533	0.00394	0.00455	0.00772
11	0.75530	0.01312	0.01045	0.00921	0.01352	0.01499	0.00759	0.02101	0.01218	0.07745	0.01071	0.01194	0.00805	0.00649	0.00441	0.00212	0.00533	0.00392	0.00452	0.00770
12	0.01609	0.01210	0.01438	0.01037	0.01636	0.00923	0.00833	0.01908	0.01481	0.10291	0.01387	0.01524	0.01092	0.00546	0.00528	0.00114	0.00515	0.00438	0.00456	0.71035
13	0.01829	0.76368	0.03585	0.01171	0.01756	0.02707	0.01171	0.02049	0.01390	0.01610	0.00951	0.01097	0.00878	0.00585	0.00439	0.00146	0.00732	0.00366	0.00293	0.00878
14	0.01829	0.76368	0.03585	0.01171	0.01756	0.02707	0.01171	0.02049	0.01390	0.01610	0.00951	0.01097	0.00878	0.00585	0.00439	0.00146	0.00732	0.00366	0.00293	0.00878
15	0.01536	0.07671	0.54460	0.01902	0.05911	0.01622	0.02200	0.05389	0.01547	0.04678	0.01284	0.01473	0.00930	0.00650	0.00632	0.00203	0.00925	0.00507	0.00337	0.06142

[dist]
# distance from previous block
# <min> <max>
0	1

[block]
# block no. 7 follows, 31 sequences, length 36
# corresponding to MSA columns:
# 318-353
name=unknown_H
#
# <colnr> <probs for GDERKNQSTAVLIFYWHMCP>
#	G	D	E	R	K	N	Q	S	T	A	V	L	I	F	Y	W	H	M	C	P
0	0.02049	0.19492	0.18709	0.01662	0.02208	0.35691	0.01566	0.02443	0.04170	0.01817	0.01131	0.01310	0.00922	0.00691	0.00645	0.00185	0.03644	0.00457	0.00335	0.00872
1	0.80789	0.01323	0.01006	0.00900	0.01323	0.01535	0.00741	0.02011	0.01164	0.03070	0.00953	0.01111	0.00741	0.00635	0.00423	0.00212	0.00529	0.00370	0.00423	0.00741
2	0.00959	0.00679	0.00909	0.01047	0.01128	0.00660	0.00791	0.01140	0.01374	0.01812	0.03512	0.40150	0.04042	0.11226	0.01226	0.00340	0.00521	0.27313	0.00606	0.00567
3	0.01419	0.01216	0.01419	0.01013	0.01621	0.00912	0.00811	0.01723	0.01419	0.02229	0.01216	0.01419	0.01013	0.00507	0.00507	0.00101	0.00507	0.00405	0.00405	0.80139
4	0.01738	0.01488	0.01567	0.01400	0.01793	0.01719	0.01092	0.06290	0.67739	0.02920	0.02738	0.02516	0.02051	0.00924	0.00696	0.00231	0.00550	0.00767	0.00696	0.01086
5	0.00995	0.00663	0.00746	0.00746	0.00746	0.00663	0.00415	0.00995	0.00995	0.01327	0.02156	0.04477	0.02487	0.75957	0.03482	0.00663	0.00663	0.00995	0.00415	0.00415
6	0.02290	0.02601	0.01997	0.01742	0.02034	0.44014	0.01364	0.12657	0.01905	0.02071	0.01106	0.01364	0.00929	0.00850	0.01047	0.00212	0.20083	0.00508	0.00390	0.00838
7	0.00877	0.00637	0.00828	0.00905	0.00998	0.00587	0.00631	0.01069	0.01537	0.02089	0.26768	0.47348	0.09453	0.01866	0.00847	0.00254	0.00369	0.01674	0.00675	0.00587
8	0.01829	0.76368	0.03585	0.01171	0.01756	0.02707	0.01171	0.02049	0.01390	0.01610	0.00951	0.01097	0.00878	0.00585	0.00439	0.00146	0.00732	0.00366	0.00293	0.00878
9	0.00959	0.00699	0.00902	0.00851	0.01016	0.00642	0.00638	0.01273	0.01915	0.02691	0.67588	0.05196	0.10228	0.01418	0.00807	0.00216	0.00324	0.01249	0.00746	0.00642
10	0.01292	0.01216	0.02052	0.74312	0.04712	0.01520	0.01900	0.01748	0.01368	0.01748	0.01216	0.01824	0.00912	0.00684	0.00684	0.00228	0.00912	0.00608	0.00304	0.00760
11	0.01419	0.01216	0.01419	0.01013	0.01621	0.00912	0.00811	0.01723	0.01419	0.02229	0.01216	0.01419	0.01013	0.00507	0.00507	0.00101	0.00507	0.00405	0.00405	0.80139
12	0.13027	0.01185	0.01513	0.01177	0.01692	0.01073	0.00972	0.03165	0.01856	0.63310	0.02475	0.02173	0.01571	0.00820	0.00654	0.00212	0.00575	0.00647	0.00793	0.01110
13	0.00834	0.00595	0.00794	0.00953	0.00992	0.00556	0.00635	0.00953	0.01310	0.01746	0.03771	0.75510	0.04525	0.02143	0.00873	0.00278	0.00397	0.01945	0.00635	0.00556
14	0.01770	0.71166	0.03401	0.01149	0.01705	0.02565	0.01135	0.01996	0.01428	0.01688	0.05790	0.01373	0.01261	0.00641	0.00464	0.00151	0.00704	0.00426	0.00324	0.00862
15	0.02517	0.07936	0.02082	0.01673	0.02092	0.49815	0.01306	0.20082	0.02234	0.02358	0.01203	0.01331	0.00955	0.00727	0.00622	0.00182	0.01074	0.00481	0.00435	0.00896
16	0.00997	0.00702	0.00856	0.00890	0.00962	0.00690	0.00593	0.03798	0.01350	0.01814	0.11382	0.28794	0.06203	0.31210	0.04311	0.00446	0.00561	0.03344	0.00555	0.00540
17	0.10436	0.12982	0.08740	0.01360	0.01853	0.01833	0.01209	0.12037	0.33260	0.02822	0.05190	0.02061	0.01715	0.00824	0.00627	0.00211	0.00634	0.00642	0.00567	0.00998
18	0.02561	0.03088	0.01953	0.01738	0.02116	0.64069	0.01319	0.11305	0.02103	0.02013	0.01133	0.01286	0.00918	0.00720	0.00626	0.00180	0.01172	0.00463	0.00395	0.00841
19	0.02757	0.01162	0.01525	0.01195	0.01677	0.01053	0.00978	0.06953	0.04473	0.57586	0.08374	0.02537	0.02078	0.00893	0.00691	0.00211	0.00560	0.00731	0.03467	0.01100
20	0.01558	0.01459	0.02462	0.23878	0.49084	0.01545	0.01960	0.01974	0.01498	0.02113	0.01315	0.01774	0.01069	0.00640	0.00669	0.00208	0.00816	0.00611	0.04397	0.00969
21	0.01829	0.76368	0.03585	0.01171	0.01756	0.02707	0.01171	0.02049	0.01390	0.01610	0.00951	0.01097	0.00878	0.00585	0.00439	0.00146	0.00732	0.00366	0.00293	0.00878
22	0.01292	0.01216	0.02052	0.74312	0.04712	0.01520	0.01900	0.01748	0.01368	0.01748	0.01216	0.01824	0.00912	0.00684	0.00684	0.00228	0.00912	0.00608	0.00304	0.00760
23	0.01007	0.00684	0.00819	0.00860	0.00893	0.00682	0.00563	0.01076	0.01128	0.01493	0.02539	0.09242	0.02892	0.57046	0.02830	0.00572	0.00641	0.14099	0.00470	0.00465
24	0.01697	0.05269	0.09870	0.06639	0.02037	0.13481	0.03064	0.02406	0.17247	0.08152	0.11107	0.02676	0.07199	0.01164	0.04771	0.00261	0.00798	0.00756	0.00532	0.00876
25	0.01477	0.01356	0.02145	0.38642	0.05809	0.01723	0.04170	0.01812	0.01291	0.05022	0.01175	0.01721	0.00954	0.00877	0.01274	0.00253	0.28560	0.00616	0.00330	0.00792
26	0.01070	0.00717	0.01059	0.01012	0.01084	0.00741	0.04130	0.01083	0.01046	0.01431	0.01849	0.08329	0.01951	0.24688	0.21974	0.25163	0.00967	0.00860	0.00378	0.00468
27	0.01353	0.01111	0.01271	0.01216	0.01480	0.01236	0.00940	0.02499	0.38385	0.02461	0.10375	0.12188	0.04855	0.01746	0.09644	0.00349	0.00661	0.06724	0.00647	0.00861
28	0.01778	0.10862	0.08894	0.07834	0.24634	0.01754	0.09839	0.10353	0.03593	0.05891	0.01508	0.05108	0.01244	0.00747	0.00718	0.00210	0.02963	0.00665	0.00417	0.00989
29	0.01550	0.05878	0.06804	0.15976	0.02407	0.03991	0.01232	0.07170	0.01570	0.02235	0.01229	0.01495	0.00981	0.00590	0.00567	0.00149	0.00684	0.00469	0.00390	0.44631
30	0.00947	0.00759	0.00850	0.00865	0.01065	0.00704	0.00660	0.01280	0.06927	0.02018	0.12690	0.11071	0.41419	0.05487	0.00960	0.00266	0.00418	0.10354	0.00641	0.00622
31	0.01107	0.00936	0.01068	0.06343	0.03987	0.06635	0.00840	0.01241	0.01386	0.01723	0.03525	0.29413	0.16822	0.05423	0.01159	0.09377	0.00564	0.07339	0.00527	0.00584
32	0.01905	0.31795	0.12139	0.03668	0.02328	0.04852	0.10365	0.16173	0.06334	0.02408	0.01319	0.01475	0.01037	0.00671	0.00596	0.00188	0.00840	0.00530	0.00409	0.00967
33	0.13514	0.04102	0.22736	0.07039	0.35338	0.01624	0.01983	0.02084	0.01450	0.02296	0.01206	0.01525	0.00953	0.00629	0.00625	0.00208	0.00831	0.00537	0.00334	0.00987
34	0.01056	0.00822	0.01167	0.04813	0.01427	0.00877	0.00870	0.01303	0.01162	0.01684	0.01789	0.04922	0.01700	0.08093	0.52274	0.00853	0.01473	0.00731	0.00381	0.12605
35	0.01423	0.01028	0.01096	0.00971	0.01143	0.03644	0.00663	0.13065	0.01527	0.04400	0.05252	0.05584	0.02321	0.47448	0.02417	0.00484	0.00665	0.00899	0.00495	0.05474

[dist]
# distance from previous block
# <min> <max>
0	21

# created by:
# /home/berkeley/.conda/envs/busco_data_prod/bin/msa2prfl.pl pipeline/OGs_align_augustus/4893/9995.fs
